testCase Num: 39
regaular Num: 39
identify Num: 0
1 2 1 2 0 0 1 3 0 1 
2 2 1 0 3 3 0 2 3 2 
0 0 0 0 1 1 0 3 0 0 
1 0 0 0 0 1 0 0 1 0 
1 0 2 0 1 3 0 0 2 3 
0 1 0 3 0 1 1 3 0 3 
3 0 3 0 1 2 2 3 1 2 
0 1 1 3 0 2 2 3 3 3 
2 0 3 1 0 1 1 0 3 3 
2 2 2 2 2 2 1 2 1 0 
2 2 0 3 1 1 2 0 2 2 
1 0 0 0 3 0 3 0 0 0 
3 1 2 3 2 3 2 0 0 0 
3 0 2 2 1 3 3 0 3 1 
1 0 0 0 0 2 0 0 2 0 
1 0 3 3 3 0 2 1 1 0 
1 3 0 2 3 2 0 0 1 3 
0 3 2 1 3 1 2 2 2 1 
3 0 1 2 2 1 0 3 2 0 
3 0 3 0 0 0 0 2 0 1 
0 1 1 1 1 2 0 1 1 1 
0 3 2 0 0 1 1 1 2 1 
3 3 3 1 3 3 1 3 0 2 
0 0 0 0 0 0 0 0 0 0 
0 3 1 3 2 1 3 0 3 1 
1 1 3 0 2 0 3 2 2 3 
0 2 3 2 0 3 3 1 1 2 
2 1 0 2 3 3 1 1 3 2 
0 0 0 2 0 0 2 0 0 0 
1 0 0 1 0 0 0 0 0 0 
3 2 0 1 2 2 3 1 0 3 
1 0 2 3 2 0 0 0 3 2 
1 0 1 0 0 2 2 0 3 3 
1 3 2 0 0 1 1 1 2 0 
1 1 1 1 1 1 0 1 1 1 
0 0 0 0 3 0 3 0 0 0 
2 3 2 1 1 0 3 3 3 0 
2 0 0 3 1 2 1 2 0 1 
0 0 0 0 0 2 0 0 2 0 
MFS
[ - , 1 , - , - , - , - , 3 , - , - , - ]
[ 0 , 0 , - , 3 , - , - , - , - , - , - ]
[ - , 1 , - , - , - , - , 1 , - , - , - ]
[ - , 1 , - , - , - , - , 0 , - , - , - ]
[ 0 , - , - , 0 , - , - , - , - , - , - ]
[ 3 , - , - , 3 , - , - , - , - , - , - ]
[ 0 , 3 , - , 0 , - , - , - , - , - , - ]
[ 0 , 0 , - , 1 , - , - , - , - , - , - ]
[ 0 , 0 , - , 0 , - , - , - , - , - , - ]
precise
0.1111111111111111
recall
0.5
F-measure
0.1818181818181818
multi
0
time
all 156 iden 0 gen 140
t-cover
676
all-cover
720
coveredNum
(1 : 290)  (2 : 267)  (3 : 99)  (4 : 33)  (5 : 12)  (6 : 10)  (7 : 6)  (8 : 2)  (10 : 1)  
real Identify
([ 0 , - , - , 0 , - , - , - , - , - , - ] : 1)  
testCase Num: 38
regaular Num: 38
identify Num: 0
3 1 2 1 1 0 0 2 3 3 
3 2 3 2 3 3 1 2 2 0 
1 1 2 0 2 3 1 0 0 3 
1 2 2 0 0 1 3 0 0 3 
1 3 2 2 2 2 0 3 1 0 
0 3 1 1 0 3 1 2 1 2 
0 0 3 1 2 0 0 0 0 0 
0 1 1 2 2 3 3 3 3 1 
3 2 0 2 0 2 2 2 0 1 
2 0 0 0 0 0 0 0 0 1 
0 2 1 1 3 2 3 1 0 2 
0 2 1 0 0 2 2 0 0 3 
0 3 0 0 0 0 0 0 3 0 
1 2 3 0 1 0 3 2 1 2 
3 0 0 3 0 0 0 1 0 0 
2 2 1 3 2 0 0 2 2 0 
0 0 0 0 0 0 0 0 0 0 
3 0 0 1 2 1 3 3 2 2 
2 3 3 3 0 1 3 3 0 3 
2 0 0 2 1 3 2 0 1 3 
0 0 2 3 3 1 0 2 2 1 
1 1 0 3 3 0 2 3 1 3 
2 0 0 2 3 0 0 1 3 2 
1 0 1 0 0 2 0 0 0 3 
1 3 0 0 0 0 3 0 3 0 
1 2 0 3 0 2 1 0 3 2 
0 2 2 0 0 1 3 0 2 0 
1 0 1 1 1 1 1 1 1 1 
0 3 0 3 1 3 0 1 2 3 
2 1 3 1 0 1 2 1 3 0 
2 2 0 0 1 0 1 3 3 0 
3 3 1 0 3 0 2 0 1 1 
0 0 3 0 2 0 0 0 0 0 
1 0 0 0 0 0 0 0 2 0 
0 0 0 1 0 0 2 0 0 0 
0 0 0 2 0 1 0 0 0 0 
0 0 3 1 1 2 0 0 0 1 
2 1 2 0 2 2 2 1 2 2 
MFS
[ 0 , - , - , 0 , - , - , - , - , - , - ]
[ - , 1 , - , 1 , - , - , - , - , - , - ]
[ - , - , 1 , 2 , - , - , - , - , - , - ]
[ 2 , 1 , - , - , - , - , - , - , - , - ]
[ 0 , 1 , - , 2 , - , - , - , - , - , - ]
[ 2 , - , 2 , 0 , - , - , - , - , - , - ]
precise
0.16666666666666666
recall
0.5
F-measure
0.25
multi
0
time
all 172 iden 0 gen 172
t-cover
680
all-cover
720
coveredNum
(1 : 287)  (2 : 247)  (3 : 123)  (4 : 26)  (5 : 12)  (6 : 12)  (7 : 5)  (8 : 7)  (9 : 1)  
real Identify
([ 0 , - , - , 0 , - , - , - , - , - , - ] : 1)  
testCase Num: 45
regaular Num: 45
identify Num: 0
3 0 0 1 0 0 0 0 0 2 
2 0 3 3 0 1 3 2 3 1 
1 3 3 0 1 3 2 0 3 2 
3 0 2 2 0 3 0 1 3 0 
0 0 1 2 3 2 3 2 1 2 
0 3 1 2 3 1 0 3 2 0 
2 3 0 2 0 2 2 1 1 3 
3 2 0 1 2 2 2 0 3 1 
0 3 0 3 2 0 0 0 0 1 
2 0 0 0 0 2 1 0 0 0 
0 0 3 0 2 2 0 1 2 2 
3 1 1 3 0 0 1 0 1 2 
1 1 3 2 2 0 1 3 0 0 
0 0 3 0 2 2 2 1 2 3 
1 0 1 3 3 2 2 3 0 2 
1 2 0 1 0 0 3 3 2 2 
2 1 2 0 3 3 1 3 1 0 
3 0 2 2 1 0 1 1 0 1 
0 0 0 0 0 2 1 0 0 0 
0 0 0 0 3 0 2 1 0 0 
2 2 2 2 2 1 1 0 2 2 
0 2 0 3 3 0 2 2 2 1 
0 1 2 1 1 2 2 2 3 0 
0 0 0 0 0 0 0 0 0 0 
0 0 0 0 3 0 0 1 0 0 
0 3 2 3 1 1 3 0 0 3 
0 1 0 0 0 0 0 0 2 3 
3 1 1 3 0 0 1 0 1 1 
1 0 3 0 2 2 0 1 2 3 
1 2 1 0 2 3 0 2 0 3 
1 1 3 2 0 1 0 1 0 2 
3 3 3 1 3 0 1 2 3 3 
1 0 2 0 0 0 0 0 0 0 
1 0 3 0 0 0 0 3 0 0 
3 0 0 0 3 1 2 0 1 0 
2 0 1 1 1 0 0 3 0 3 
1 1 1 0 2 2 0 3 3 3 
0 2 3 3 2 3 3 1 1 0 
0 0 0 1 0 3 0 0 0 0 
1 1 1 1 1 1 0 1 1 1 
0 0 0 1 3 0 0 1 0 0 
3 1 0 0 1 3 3 3 2 1 
0 0 1 0 0 0 0 3 3 0 
0 2 0 0 1 0 0 0 0 0 
1 2 1 1 1 1 0 1 1 1 
MFS
[ 3 , - , - , 0 , - , - , 0 , - , - , - ]
[ 1 , - , - , - , - , - , 1 , - , - , - ]
[ 0 , - , - , - , - , - , 1 , - , - , - ]
[ 1 , - , - , 2 , 0 , - , - , - , - , - ]
[ 1 , - , - , 2 , - , - , - , - , - , - ]
[ 0 , - , - , 0 , - , - , - , - , - , - ]
[ - , 1 , - , 1 , - , - , 0 , - , - , - ]
[ 0 , - , - , 0 , - , - , 0 , - , - , - ]
[ 0 , 1 , - , 1 , - , - , - , - , - , - ]
[ 3 , - , 1 , - , - , - , - , - , - , 2 ]
[ 2 , - , - , 0 , - , - , 0 , - , - , - ]
precise
0.09090909090909091
recall
0.5
F-measure
0.15384615384615385
multi
1
time
all 218 iden 0 gen 202
t-cover
698
all-cover
720
coveredNum
(1 : 274)  (2 : 263)  (3 : 105)  (4 : 44)  (5 : 19)  (6 : 8)  (7 : 4)  (8 : 1)  (9 : 2)  
real Identify
([ 0 , - , - , 0 , - , - , - , - , - , - ] : 1)  
testCase Num: 40
regaular Num: 40
identify Num: 0
1 3 1 2 0 2 3 2 3 0 
0 3 0 2 2 0 1 2 2 1 
1 3 3 0 0 3 0 1 2 2 
0 1 0 0 0 1 3 0 3 1 
1 0 2 3 3 3 0 3 3 1 
2 1 0 0 1 2 3 3 2 2 
0 2 0 0 0 0 0 1 1 0 
3 0 0 1 0 1 2 3 3 1 
2 0 3 0 3 2 1 2 0 3 
3 1 3 2 1 3 2 2 0 0 
3 3 1 3 3 1 2 0 2 3 
0 2 0 1 0 0 0 2 2 0 
3 2 0 0 0 3 1 1 1 3 
2 0 1 3 0 0 1 0 3 2 
0 0 0 3 0 0 0 2 0 0 
1 0 0 0 0 0 3 0 0 1 
3 0 2 2 3 0 3 2 1 3 
0 1 0 0 0 0 3 1 3 1 
0 3 0 2 0 0 0 3 1 0 
0 0 0 2 0 1 3 0 0 0 
2 0 0 0 0 3 0 0 0 0 
1 2 3 0 1 1 2 0 3 1 
0 0 0 0 0 0 0 0 0 0 
2 2 2 2 2 1 0 2 1 2 
3 1 1 0 2 3 3 0 0 2 
2 3 2 1 3 1 1 1 0 0 
1 1 0 3 3 1 1 3 0 3 
0 2 0 0 0 0 0 0 0 0 
1 1 1 0 0 0 1 0 3 0 
1 2 1 3 2 2 3 3 0 0 
0 0 3 1 2 2 3 1 3 3 
0 0 0 2 0 0 0 0 0 0 
0 0 0 0 0 1 3 0 0 1 
1 1 1 1 1 0 1 1 1 1 
0 0 1 3 1 1 0 1 2 0 
2 0 2 2 2 2 2 1 0 1 
0 1 2 1 0 3 0 0 2 2 
0 1 0 0 0 0 0 0 3 0 
0 2 3 3 3 0 2 3 1 2 
3 3 2 0 1 2 0 0 1 3 
MFS
[ 0 , 2 , - , - , - , - , - , - , 0 , - ]
[ 0 , - , - , 3 , - , - , - , 0 , - , - ]
[ 3 , 1 , - , - , - , - , - , 0 , - , - ]
[ - , 1 , 0 , - , - , - , 1 , - , - , - ]
[ 0 , - , - , 1 , - , - , - , 0 , - , - ]
[ 0 , 0 , - , 0 , - , - , - , - , - , - ]
[ 0 , - , - , 0 , - , - , - , 0 , - , - ]
[ 0 , 1 , - , 1 , - , - , - , - , - , - ]
[ 3 , 1 , 1 , - , - , - , - , - , - , - ]
[ - , 1 , - , - , - , - , 2 , - , - , - ]
[ - , 1 , - , - , - , - , 0 , - , - , - ]
[ - , 1 , 2 , - , - , - , - , - , - , - ]
[ 0 , - , - , 0 , - , - , - , - , - , - ]
[ - , 1 , 0 , - , - , - , - , - , - , - ]
[ - , - , - , - , - , 3 , - , 2 , - , - ]
[ 1 , - , - , - , - , - , - , - , - , 3 ]
precise
0.0625
recall
0.5
F-measure
0.1111111111111111
multi
3
time
all 266 iden 16 gen 250
t-cover
678
all-cover
720
coveredNum
(1 : 286)  (2 : 239)  (3 : 119)  (4 : 45)  (5 : 12)  (6 : 11)  (7 : 6)  (8 : 1)  (9 : 1)  
real Identify
([ 0 , - , - , 0 , - , - , - , - , - , - ] : 1)  
testCase Num: 42
regaular Num: 42
identify Num: 0
0 0 3 1 3 1 2 2 1 0 
0 0 1 0 3 2 0 0 0 0 
0 0 2 3 0 3 1 3 3 1 
0 0 0 0 3 2 0 0 0 0 
1 1 1 1 0 1 1 1 1 1 
1 2 2 0 2 2 0 0 1 0 
0 1 0 2 2 3 2 1 2 2 
0 0 0 0 0 0 1 3 0 2 
3 2 2 3 0 1 0 1 3 2 
3 1 1 3 3 0 3 1 2 3 
0 0 1 1 0 0 0 0 0 3 
3 0 2 2 2 2 3 3 1 3 
3 3 2 1 1 3 1 0 2 0 
0 0 1 1 0 0 0 3 0 2 
2 1 1 1 2 0 0 3 3 0 
0 0 3 2 1 1 0 3 2 1 
0 0 0 3 0 0 2 0 0 0 
3 0 0 0 0 3 3 2 0 0 
0 3 0 3 1 2 3 1 1 0 
1 1 3 1 1 2 3 0 3 3 
3 1 2 0 3 0 2 2 0 1 
3 0 3 0 0 0 0 0 0 0 
1 0 0 0 0 2 1 0 3 0 
1 0 1 0 3 2 0 0 0 0 
1 0 1 2 3 3 3 0 0 2 
2 0 3 0 0 3 1 1 1 2 
0 0 0 0 0 2 2 0 3 3 
2 0 2 0 0 3 0 0 0 0 
0 0 0 0 0 0 0 0 0 0 
1 3 0 0 0 1 2 3 2 3 
0 1 0 2 2 3 2 1 3 2 
0 0 0 0 0 0 0 3 0 2 
2 2 0 1 3 3 1 3 0 3 
1 3 3 3 3 0 0 2 3 3 
0 3 1 1 1 0 0 1 0 2 
2 2 1 0 1 2 2 2 2 2 
2 2 3 3 2 1 3 0 0 1 
2 3 0 2 2 2 1 2 0 1 
0 0 1 2 0 0 2 0 3 0 
0 0 0 0 2 0 0 0 2 0 
0 2 1 2 0 0 1 2 1 0 
0 0 0 0 0 2 1 0 3 3 
MFS
[ - , - , - , 1 , - , - , 3 , - , - , - ]
[ - , - , 0 , - , - , - , 0 , - , - , - ]
[ - , 1 , 2 , - , - , - , - , - , - , - ]
[ 0 , - , - , 0 , - , - , - , - , - , - ]
[ - , - , 0 , - , - , - , 2 , - , 3 , - ]
[ - , - , - , 3 , - , - , - , - , 2 , - ]
precise
0.16666666666666666
recall
0.5
F-measure
0.25
multi
0
time
all 281 iden 0 gen 281
t-cover
681
all-cover
720
coveredNum
(1 : 293)  (2 : 235)  (3 : 120)  (4 : 33)  (5 : 18)  (6 : 12)  (7 : 4)  (8 : 4)  (10 : 1)  
real Identify
([ 0 , - , - , 0 , - , - , - , - , - , - ] : 1)  
testCase Num: 41
regaular Num: 41
identify Num: 0
2 1 3 0 3 0 2 3 0 1 
2 0 2 1 3 0 1 2 2 0 
1 1 3 0 3 3 0 1 2 2 
0 1 2 0 1 3 2 3 1 0 
1 1 2 1 0 0 0 0 0 0 
2 2 2 2 0 2 2 1 1 2 
1 2 1 0 2 3 3 2 0 2 
3 3 3 3 1 2 3 2 2 0 
3 2 0 1 0 0 0 1 0 0 
1 0 1 1 0 0 0 0 0 0 
2 3 0 1 0 3 3 0 1 1 
1 2 0 0 0 0 0 0 0 1 
0 0 0 2 0 3 0 0 0 0 
0 0 3 2 2 2 0 2 1 1 
0 0 0 0 0 0 3 0 3 0 
0 2 1 2 0 0 3 3 2 2 
3 2 0 1 1 2 1 3 0 2 
0 0 0 1 2 1 2 2 3 0 
3 3 2 0 2 1 2 0 2 1 
0 1 0 2 3 1 3 1 2 3 
0 0 0 0 0 0 0 0 0 0 
2 0 0 0 2 0 0 0 0 0 
2 2 3 3 3 1 0 0 3 2 
1 1 1 1 1 1 1 0 1 1 
0 0 2 1 1 3 2 3 1 0 
1 1 0 3 2 0 0 0 0 0 
0 2 0 0 0 0 0 0 0 1 
1 3 1 3 0 0 2 3 1 3 
0 0 0 0 0 1 0 3 0 0 
0 1 2 1 1 3 2 3 1 0 
1 0 2 3 0 1 3 1 0 2 
0 3 0 3 2 3 1 1 3 1 
1 0 1 2 1 0 0 1 3 0 
1 3 0 0 0 2 0 0 0 0 
3 3 1 2 3 2 0 0 1 2 
1 1 1 0 1 1 1 3 1 1 
1 0 0 0 0 0 3 0 3 0 
0 0 3 1 0 0 0 0 0 0 
3 0 2 1 2 3 0 3 3 3 
3 1 3 0 0 2 1 2 3 3 
2 2 1 2 1 0 1 0 0 3 
MFS
[ 3 , 1 , - , 0 , - , - , - , - , - , - ]
[ 0 , - , - , 0 , - , - , - , - , - , - ]
[ 1 , 1 , - , - , - , - , - , 2 , - , - ]
[ 2 , 1 , - , 0 , - , - , - , - , - , - ]
[ 1 , - , - , 0 , 3 , - , - , - , - , - ]
[ 0 , 1 , - , 2 , - , - , - , - , - , - ]
[ 0 , 1 , - , 1 , - , - , - , - , - , - ]
[ 1 , - , - , 0 , 1 , - , - , - , - , - ]
[ 1 , 1 , - , - , - , - , - , 0 , - , - ]
[ 1 , - , - , 0 , - , - , - , - , 2 , - ]
precise
0.1
recall
0.5
F-measure
0.16666666666666669
multi
1
time
all 203 iden 0 gen 187
t-cover
691
all-cover
720
coveredNum
(1 : 293)  (2 : 247)  (3 : 102)  (4 : 31)  (5 : 15)  (6 : 7)  (7 : 11)  (8 : 7)  (9 : 6)  (10 : 1)  
real Identify
([ 0 , - , - , 0 , - , - , - , - , - , - ] : 1)  
testCase Num: 39
regaular Num: 39
identify Num: 0
2 0 2 2 1 3 2 1 0 3 
2 0 0 0 0 1 0 2 0 2 
0 0 0 0 0 0 0 3 3 0 
0 1 2 3 3 3 0 0 2 1 
2 2 3 0 3 0 2 1 0 2 
0 1 0 0 0 0 0 3 3 0 
3 0 1 1 2 3 3 3 0 1 
3 3 3 2 0 2 2 2 3 1 
3 1 2 0 0 1 1 0 3 1 
1 1 2 2 0 3 1 2 1 3 
1 0 3 3 1 2 3 0 1 0 
2 1 2 0 2 0 3 2 3 0 
1 2 0 0 0 0 0 0 0 0 
0 3 1 2 1 0 3 0 1 2 
0 0 1 3 0 0 2 0 0 0 
1 0 0 0 0 0 0 3 3 0 
1 1 3 2 2 0 0 1 3 3 
3 2 0 3 3 0 3 3 1 3 
0 1 1 0 0 0 2 0 0 0 
3 1 2 0 0 0 1 0 3 1 
3 2 1 2 0 1 3 1 2 0 
0 0 1 0 0 0 2 0 0 0 
0 0 0 0 0 0 0 0 0 0 
0 0 1 3 3 1 1 2 3 2 
0 1 0 0 0 0 0 0 0 0 
0 3 2 1 3 1 2 3 0 0 
3 2 0 1 1 3 0 2 3 2 
0 2 0 0 0 0 0 0 0 0 
0 3 3 1 2 1 2 0 1 3 
1 0 0 1 0 0 2 2 2 3 
0 1 0 0 2 0 0 0 0 0 
1 1 0 2 3 2 2 3 0 2 
2 2 2 1 2 2 1 0 2 2 
1 1 1 1 1 1 0 1 1 1 
2 3 1 0 0 2 0 3 1 3 
1 3 3 0 1 3 1 3 2 0 
0 2 0 0 1 0 0 0 0 1 
2 3 0 3 2 0 1 1 0 1 
0 2 0 3 0 2 2 1 0 1 
MFS
[ 0 , - , - , 2 , - , - , - , - , - , 0 ]
[ 0 , - , - , 0 , - , - , - , - , - , 0 ]
[ 0 , 0 , - , 1 , - , - , - , - , - , - ]
[ 1 , 1 , - , - , 2 , - , - , - , - , - ]
[ 0 , 0 , - , 0 , - , - , - , - , - , - ]
[ 0 , - , - , 0 , 0 , - , - , - , - , - ]
[ 0 , - , - , 1 , 0 , - , - , - , - , - ]
[ 2 , - , - , - , - , - , - , - , - , 0 ]
[ - , 1 , - , - , 3 , - , - , - , - , - ]
[ 0 , - , - , 2 , 0 , - , - , - , - , - ]
[ 3 , - , - , 0 , - , 1 , - , - , - , - ]
[ 0 , 0 , - , 2 , - , - , - , - , - , - ]
[ - , 1 , - , - , 1 , - , - , - , - , - ]
[ - , 1 , - , - , 0 , - , - , - , - , - ]
[ 0 , - , - , 0 , - , - , - , - , - , - ]
[ 1 , - , 2 , - , 0 , - , - , - , - , - ]
precise
0.0625
recall
0.5
F-measure
0.1111111111111111
multi
4
time
all 203 iden 0 gen 203
t-cover
696
all-cover
720
coveredNum
(1 : 321)  (2 : 257)  (3 : 105)  (4 : 30)  (5 : 6)  (6 : 1)  
real Identify
([ 0 , - , - , 0 , - , - , - , - , - , - ] : 1)  
testCase Num: 38
regaular Num: 38
identify Num: 0
1 0 2 2 2 2 0 0 3 3 
3 3 1 1 2 2 3 0 2 0 
2 1 2 2 2 1 2 2 2 1 
1 0 0 0 2 1 0 0 0 2 
1 3 0 2 1 3 2 0 3 2 
2 2 1 1 3 3 0 2 0 3 
0 0 0 2 2 0 0 0 1 0 
2 0 3 0 3 2 2 0 1 1 
2 0 0 0 3 0 0 3 0 0 
1 2 0 0 3 0 1 1 2 3 
1 1 0 1 3 0 0 0 0 0 
0 2 1 2 1 0 0 0 2 2 
2 1 2 0 2 1 2 2 2 2 
0 1 1 1 0 2 2 3 1 2 
2 2 2 3 0 2 1 0 1 0 
3 1 0 0 0 3 3 2 2 1 
0 2 0 3 2 1 0 3 0 1 
0 3 2 3 3 2 3 1 0 1 
0 1 3 0 3 2 2 0 1 1 
0 0 0 0 0 0 0 0 0 0 
1 1 3 2 1 1 1 0 0 2 
3 3 2 0 1 0 0 3 1 3 
0 2 0 0 2 1 0 1 0 2 
1 1 1 3 0 0 0 3 3 3 
3 0 3 3 3 0 2 1 0 2 
2 1 3 2 2 0 0 1 3 1 
1 0 1 1 1 1 1 1 1 1 
0 1 0 2 3 0 0 1 3 1 
2 0 1 0 1 0 3 2 3 2 
1 0 2 0 0 0 0 0 0 2 
0 0 3 1 0 0 0 0 0 0 
0 3 3 2 3 1 1 2 3 0 
3 0 3 3 2 3 1 3 2 0 
1 1 0 3 1 2 3 2 1 0 
2 3 0 1 0 0 2 1 3 0 
0 2 2 1 1 3 2 1 1 3 
3 2 3 2 0 1 3 3 3 3 
0 1 0 2 2 0 0 1 3 1 
MFS
[ 1 , - , 3 , - , - , - , - , - , - , - ]
[ - , 1 , - , 3 , - , - , - , - , - , - ]
[ - , 1 , - , 2 , 3 , - , - , - , - , - ]
[ - , 2 , 0 , - , - , - , - , - , - , 2 ]
[ 0 , - , - , 0 , - , - , - , - , - , - ]
[ - , 1 , - , 1 , - , - , - , - , - , - ]
[ - , 1 , - , 0 , - , - , - , - , - , - ]
[ - , - , - , 2 , - , - , - , - , 0 , - ]
[ 0 , 0 , - , 0 , - , - , - , - , - , - ]
[ 0 , 1 , - , 1 , - , - , - , - , - , - ]
precise
0.1
recall
0.5
F-measure
0.16666666666666669
multi
1
time
all 219 iden 0 gen 219
t-cover
708
all-cover
720
coveredNum
(1 : 290)  (2 : 263)  (3 : 112)  (4 : 38)  (5 : 11)  (6 : 5)  (8 : 1)  
real Identify
([ 0 , - , - , 0 , - , - , - , - , - , - ] : 1)  
testCase Num: 46
regaular Num: 46
identify Num: 0
2 1 2 2 0 2 1 2 2 2 
2 2 3 3 3 1 0 0 0 0 
0 1 2 3 2 0 2 1 0 1 
0 0 2 1 0 0 1 3 1 2 
1 1 3 2 1 0 1 0 3 3 
0 1 0 0 0 3 0 0 0 0 
0 3 3 1 2 1 3 0 2 2 
0 0 0 0 0 3 0 0 0 3 
3 0 0 0 1 0 0 0 0 0 
2 2 3 0 0 3 3 1 3 1 
1 1 0 3 2 3 0 0 0 1 
0 0 3 3 3 2 0 2 1 3 
1 0 0 0 0 0 2 0 3 0 
3 3 0 2 3 2 2 0 0 1 
1 3 2 3 0 3 0 0 1 0 
0 3 0 1 0 0 0 2 0 0 
1 1 1 3 2 3 0 0 0 1 
3 2 3 2 2 3 2 3 1 0 
2 3 0 0 1 0 1 1 1 1 
2 0 0 2 2 1 0 2 1 0 
3 2 2 3 3 0 0 3 2 3 
0 1 0 2 1 2 3 1 3 0 
1 0 1 0 1 0 0 0 0 0 
1 0 2 0 1 0 2 3 2 1 
0 0 0 0 0 0 3 0 1 0 
0 2 0 0 0 2 1 3 2 2 
0 0 0 0 0 0 0 0 0 0 
3 0 2 0 2 1 1 1 3 3 
0 0 0 0 3 0 0 1 2 0 
1 0 2 1 2 2 3 2 0 1 
0 2 0 1 0 2 0 3 0 0 
0 2 1 1 3 3 1 0 2 0 
0 0 1 3 0 1 2 1 0 1 
2 1 0 1 0 1 2 3 0 3 
0 3 0 0 0 0 0 2 0 0 
1 2 0 3 1 3 1 2 0 2 
1 0 0 1 1 1 0 1 2 0 
3 1 1 1 2 0 0 2 3 2 
1 0 0 0 0 3 0 0 0 3 
3 0 1 2 0 0 3 1 0 2 
1 1 1 0 3 2 2 2 1 2 
2 3 1 3 3 0 3 3 3 3 
0 0 0 1 0 0 3 0 1 0 
1 1 1 1 1 1 0 1 1 1 
0 0 0 0 0 0 2 0 3 0 
0 0 0 1 3 0 0 1 0 0 
MFS
[ - , - , 0 , 1 , - , - , - , - , - , 3 ]
[ 1 , - , 1 , - , 2 , - , - , - , - , - ]
[ 3 , 1 , - , - , - , - , - , - , - , - ]
[ 2 , 0 , - , - , 0 , - , - , - , - , - ]
[ 2 , 1 , - , - , 0 , - , - , - , - , - ]
[ 0 , - , - , 0 , 3 , - , - , - , - , - ]
[ 2 , 3 , - , - , 0 , - , - , - , - , - ]
[ 0 , - , - , 0 , 0 , - , - , - , - , - ]
[ 0 , - , - , 2 , 0 , - , - , - , - , - ]
[ 0 , 1 , - , 3 , - , - , - , - , - , - ]
[ 2 , - , - , 1 , - , - , - , - , - , - ]
[ 2 , - , 2 , - , - , - , - , - , - , - ]
[ 0 , - , - , 0 , - , - , - , - , - , - ]
[ - , 1 , 0 , 3 , - , - , - , - , - , - ]
[ - , - , 3 , - , 1 , - , - , - , - , - ]
[ 0 , - , 0 , 0 , - , - , - , - , - , - ]
precise
0.0625
recall
0.5
F-measure
0.1111111111111111
multi
1
time
all 296 iden 15 gen 266
t-cover
720
all-cover
720
coveredNum
(1 : 261)  (2 : 242)  (3 : 133)  (4 : 34)  (5 : 23)  (6 : 15)  (7 : 7)  (8 : 3)  (9 : 2)  
real Identify
([ 0 , - , - , 0 , - , - , - , - , - , - ] : 1)  
testCase Num: 55
regaular Num: 55
identify Num: 0
2 0 0 2 3 0 1 1 3 3 
0 1 2 1 1 2 1 0 3 0 
2 3 0 0 1 3 0 1 2 1 
3 1 2 1 1 2 1 0 3 3 
0 3 0 0 2 3 2 3 2 1 
0 0 0 0 2 0 0 0 3 0 
0 0 2 1 3 3 1 2 2 2 
1 1 1 0 2 1 3 1 0 1 
0 1 3 1 2 1 3 1 0 1 
1 0 3 2 2 0 1 2 0 1 
3 2 1 0 3 2 0 2 1 1 
1 0 3 0 1 2 0 3 1 2 
3 1 3 1 2 3 2 3 0 1 
0 0 0 0 0 0 0 0 0 0 
3 1 1 0 3 2 2 0 1 3 
1 1 0 0 2 0 0 0 3 2 
0 3 2 0 2 1 3 1 1 3 
2 3 1 3 3 0 1 0 0 0 
3 0 0 1 0 3 0 0 0 0 
0 2 0 0 0 0 3 0 0 0 
1 1 2 0 3 0 0 0 0 0 
2 1 1 0 1 0 2 0 2 0 
0 0 0 0 0 0 2 0 3 0 
0 3 0 1 2 0 0 0 0 3 
3 1 2 0 1 1 1 0 3 0 
3 1 3 3 3 3 2 1 0 3 
0 0 3 3 0 3 0 0 0 0 
0 0 3 0 1 2 2 3 1 1 
2 3 0 1 1 1 2 2 0 3 
0 2 0 1 0 2 3 0 0 0 
1 2 0 0 0 2 1 1 0 3 
0 0 2 1 0 0 3 0 0 1 
1 3 3 0 3 3 3 0 2 3 
3 1 3 1 2 1 2 1 1 3 
1 0 0 0 0 1 0 0 0 0 
0 0 3 0 0 0 0 0 0 2 
3 0 2 3 0 1 1 0 1 2 
3 0 3 1 2 3 2 3 0 1 
0 0 0 1 0 0 1 3 0 0 
0 1 2 0 1 2 1 0 3 0 
1 1 1 1 1 1 1 0 1 1 
3 0 1 1 0 1 2 1 2 0 
1 3 2 3 0 0 2 1 1 3 
2 2 3 1 0 1 0 3 3 0 
2 2 2 2 2 2 2 0 2 2 
1 3 0 3 0 2 3 2 3 1 
3 3 1 2 1 0 3 3 0 2 
1 1 2 3 2 0 0 3 2 0 
2 1 0 2 0 3 3 2 1 0 
3 1 0 0 2 3 1 3 3 2 
0 2 1 3 1 3 0 1 3 2 
3 1 0 0 3 0 0 0 3 2 
0 0 0 1 3 0 2 0 0 0 
1 2 1 1 2 0 2 0 1 2 
0 0 1 2 3 1 0 3 0 3 
MFS
[ 3 , - , - , 3 , - , - , - , - , 0 , - ]
[ 3 , - , - , 0 , 2 , - , - , - , - , - ]
[ 3 , - , 0 , 0 , - , - , 1 , - , - , - ]
[ 0 , - , - , 1 , - , - , - , - , 3 , - ]
[ 2 , 1 , - , 0 , - , - , - , - , - , - ]
[ 3 , - , - , 0 , - , - , - , 0 , - , - ]
[ 1 , - , - , 0 , - , 0 , - , - , - , - ]
[ 3 , - , - , 0 , - , - , - , - , 3 , - ]
[ 2 , - , - , - , - , - , - , - , 1 , - ]
[ 3 , - , - , 0 , - , - , - , - , 2 , - ]
[ 3 , - , - , 0 , - , - , 2 , - , - , - ]
[ - , 1 , - , 3 , - , - , - , - , - , - ]
[ - , 1 , - , 2 , - , - , - , - , - , - ]
[ 0 , - , - , 0 , - , - , - , - , - , - ]
[ - , 2 , - , 1 , - , - , - , 1 , - , - ]
[ - , 1 , - , 1 , - , - , - , 1 , - , - ]
[ - , - , - , - , - , - , 2 , - , 3 , - ]
[ - , 3 , - , 1 , - , - , - , 1 , - , - ]
[ 0 , - , - , - , - , - , - , - , 1 , - ]
[ 0 , - , - , 0 , - , - , - , - , 0 , - ]
[ 2 , - , - , 0 , - , - , - , - , 0 , - ]
[ 3 , - , - , 3 , 3 , - , - , - , - , - ]
[ 3 , - , - , 0 , - , - , - , - , 0 , - ]
[ 1 , 1 , - , - , - , - , - , - , 1 , - ]
[ 3 , - , - , 0 , - , - , - , 1 , - , - ]
[ - , 3 , - , 1 , - , - , - , - , 1 , - ]
[ - , 0 , - , 1 , - , - , - , - , 1 , - ]
[ - , 1 , - , 1 , - , - , - , - , 1 , - ]
[ 1 , - , 1 , 0 , - , - , - , - , - , - ]
precise
0.034482758620689655
recall
0.5
F-measure
0.06451612903225806
multi
1
time
all 485 iden 0 gen 423
t-cover
712
all-cover
720
coveredNum
(1 : 259)  (2 : 227)  (3 : 133)  (4 : 55)  (5 : 14)  (6 : 16)  (7 : 6)  (8 : 7)  (9 : 3)  
real Identify
([ 0 , - , - , 0 , - , - , - , - , - , - ] : 1)  
