testCase Num: 48
regaular Num: 48
identify Num: 0
2 3 1 2 2 3 0 3 3 0 
3 0 0 1 2 1 2 1 0 2 
0 0 1 1 3 0 0 3 0 3 
1 1 1 1 0 1 1 1 1 1 
2 0 0 1 0 3 0 0 0 0 
0 2 3 1 3 0 1 0 2 0 
0 0 0 2 0 2 3 1 1 1 
2 3 3 3 0 3 1 2 0 3 
0 3 0 0 0 2 0 0 0 0 
2 0 0 2 1 2 1 1 0 0 
1 3 2 0 2 3 2 0 2 1 
3 2 0 0 0 3 0 0 0 0 
1 1 0 2 0 2 0 1 1 1 
0 0 0 3 1 1 1 3 2 1 
1 2 0 0 2 1 3 2 0 0 
2 2 2 1 1 2 0 2 2 2 
1 0 3 0 0 2 1 3 3 2 
0 0 0 0 2 0 1 0 0 0 
1 0 0 2 0 0 0 0 0 0 
1 1 2 2 3 2 3 3 0 1 
1 1 2 3 3 0 3 1 2 0 
3 1 1 3 1 2 2 0 3 0 
2 1 3 1 1 3 3 0 1 2 
0 0 0 0 1 3 3 0 1 3 
0 0 0 0 0 0 0 0 0 0 
2 1 1 2 2 1 1 1 2 2 
1 0 2 3 2 2 0 1 1 3 
0 3 0 2 3 3 3 1 3 2 
3 0 2 2 0 1 3 0 2 3 
0 0 0 2 0 0 0 2 0 0 
0 1 2 2 3 0 3 3 0 0 
2 2 1 3 0 0 2 2 0 1 
1 0 1 1 3 2 3 0 1 0 
0 1 0 2 0 0 0 0 0 3 
1 2 3 0 1 0 0 1 3 3 
0 0 0 3 0 0 3 0 0 0 
0 1 0 3 2 2 0 2 1 3 
0 1 3 2 1 3 3 2 1 1 
0 0 2 0 0 0 0 0 3 0 
0 0 2 0 3 0 3 3 0 0 
2 0 1 0 3 1 3 2 1 0 
0 1 2 0 0 0 0 0 3 0 
0 0 3 0 0 0 3 0 0 0 
3 3 3 1 3 1 0 2 3 1 
0 0 1 3 3 3 2 0 2 2 
3 2 3 2 2 0 2 3 1 3 
3 3 2 0 1 0 1 0 1 2 
0 0 1 0 0 0 1 1 2 0 
MFS
[ - , 1 , - , - , - , - , - , - , - , - ]
[ - , 1 , - , - , - , - , 2 , - , - , - ]
[ - , 1 , - , - , - , - , 1 , - , - , - ]
[ - , 1 , - , 3 , - , - , - , - , - , - ]
[ - , 1 , - , - , - , - , 0 , - , - , - ]
[ 1 , 1 , - , 3 , - , - , 3 , - , - , - ]
[ 3 , 1 , - , - , - , - , 3 , - , - , - ]
[ - , 1 , - , 1 , - , - , - , - , - , - ]
[ - , 1 , - , 0 , - , - , - , - , - , - ]
[ 0 , 1 , - , - , - , - , 3 , - , - , - ]
precise
0.1
recall
0.5
F-measure
0.16666666666666669
multi
1
time
all 204 iden 0 gen 204
t-cover
711
all-cover
720
coveredNum
(1 : 285)  (2 : 234)  (3 : 100)  (4 : 39)  (5 : 17)  (6 : 6)  (7 : 5)  (8 : 11)  (9 : 6)  (10 : 8)  (11 : 5)  (12 : 2)  (13 : 2)  
real Identify
([ - , 1 , - , - , - , - , - , - , - , - ] : 1)  
testCase Num: 44
regaular Num: 44
identify Num: 0
2 0 1 0 3 0 3 0 1 0 
0 0 0 1 0 0 0 0 0 3 
3 1 2 1 0 1 2 3 3 0 
0 1 0 1 1 3 2 2 2 1 
2 0 1 2 0 3 0 0 3 1 
2 2 3 1 2 0 0 2 3 1 
0 0 1 3 2 3 0 3 1 0 
0 0 3 0 0 3 0 0 0 0 
1 2 0 0 2 1 3 2 2 1 
0 2 2 2 0 2 1 2 1 2 
2 2 3 3 1 1 2 3 0 0 
0 1 1 2 2 0 0 1 0 3 
1 0 2 3 3 2 0 3 2 3 
0 2 0 3 0 0 0 0 0 0 
3 3 1 3 0 0 0 1 2 1 
0 0 0 0 0 0 2 0 0 1 
3 2 1 2 3 3 2 2 0 3 
0 0 1 2 1 2 1 0 3 0 
3 0 3 0 1 1 0 1 1 2 
0 0 0 0 0 0 0 0 0 0 
3 0 0 1 1 3 1 3 2 2 
0 3 3 0 3 1 1 2 2 0 
0 0 2 0 1 3 0 0 0 0 
0 0 0 0 0 0 0 1 0 3 
1 0 1 1 1 1 1 1 1 1 
3 1 0 3 2 3 1 3 1 0 
0 2 0 0 0 0 0 1 0 0 
0 0 0 2 0 0 0 3 0 1 
1 1 2 1 3 0 2 0 1 2 
0 3 0 0 0 0 2 0 0 0 
1 1 3 2 0 1 3 0 2 3 
0 0 0 0 1 2 2 3 3 3 
2 0 2 2 2 2 2 1 2 0 
3 3 2 1 3 2 3 0 0 1 
2 0 0 0 0 0 0 0 0 2 
0 0 0 0 1 0 0 2 0 0 
2 3 0 2 2 0 1 0 1 3 
1 0 0 3 2 3 1 2 0 2 
1 0 3 2 0 1 3 0 2 3 
0 3 1 3 1 0 3 3 3 2 
3 0 0 0 2 0 0 0 0 0 
2 1 2 0 2 2 2 1 2 2 
1 3 0 0 3 3 3 1 3 0 
0 0 3 0 0 2 0 0 0 0 
MFS
[ - , 1 , - , - , - , - , - , - , - , - ]
[ - , 1 , - , - , - , - , 3 , - , - , - ]
[ - , 1 , - , - , - , - , 2 , - , - , - ]
[ - , 1 , - , - , - , - , 1 , - , - , - ]
precise
0.25
recall
0.5
F-measure
0.3333333333333333
multi
0
time
all 172 iden 0 gen 172
t-cover
709
all-cover
720
coveredNum
(1 : 274)  (2 : 222)  (3 : 130)  (4 : 41)  (5 : 6)  (6 : 1)  (7 : 4)  (8 : 2)  (9 : 9)  (10 : 9)  (11 : 13)  (12 : 8)  (14 : 1)  
real Identify
([ - , 1 , - , - , - , - , - , - , - , - ] : 1)  
testCase Num: 55
regaular Num: 55
identify Num: 0
0 1 3 2 3 1 0 3 2 2 
0 0 2 0 1 0 0 0 2 0 
1 3 0 0 0 1 3 3 2 1 
0 2 2 1 2 3 3 0 0 1 
0 2 0 0 0 0 0 0 1 0 
1 1 3 1 3 2 1 0 2 0 
1 1 0 1 3 2 1 0 2 0 
2 0 0 0 0 0 3 0 3 2 
2 0 0 0 0 2 0 0 0 0 
1 0 2 3 3 1 2 0 3 3 
3 2 0 2 1 3 0 3 3 0 
0 3 2 0 1 3 2 1 1 2 
1 0 0 0 0 0 1 0 0 0 
3 2 3 0 3 2 2 2 3 1 
1 1 3 0 2 3 1 1 3 0 
1 1 2 3 3 0 2 0 1 3 
3 1 2 0 3 0 3 2 1 3 
0 0 0 0 0 0 0 0 0 0 
1 1 3 0 3 3 3 0 0 3 
3 0 2 0 0 0 0 0 0 0 
3 1 2 3 0 0 3 2 1 0 
2 0 0 1 3 0 1 1 1 1 
3 3 1 1 0 0 1 0 3 2 
2 2 1 0 0 3 0 2 2 3 
0 0 0 2 0 0 2 0 0 0 
1 1 0 1 3 2 1 0 2 3 
0 0 0 3 0 0 0 0 1 0 
1 0 1 0 1 3 1 0 1 1 
3 0 0 3 0 3 2 1 2 1 
0 1 1 3 3 0 2 3 1 2 
2 0 3 1 1 1 2 1 0 0 
1 2 3 2 0 0 3 1 2 3 
3 0 1 2 1 2 3 1 0 3 
3 0 3 2 2 1 0 0 1 0 
0 0 2 1 0 2 0 3 3 3 
1 1 3 0 3 3 2 0 0 3 
0 0 0 1 0 0 0 2 0 0 
0 3 0 2 1 0 0 0 0 3 
0 0 3 0 0 3 0 0 0 0 
2 1 1 2 3 1 0 1 3 1 
0 1 0 0 3 3 0 0 0 0 
1 3 3 3 2 2 0 2 0 2 
0 1 0 3 2 2 1 3 1 3 
0 1 1 2 2 0 2 3 0 1 
0 0 0 0 0 0 3 2 1 3 
2 0 2 2 2 1 1 2 2 2 
0 2 0 3 1 1 1 2 0 2 
2 1 3 1 1 2 2 0 2 0 
0 0 3 0 2 0 1 3 3 3 
0 0 1 0 2 0 0 0 0 0 
1 1 1 1 1 1 0 1 1 1 
0 0 0 0 2 2 2 1 1 0 
2 3 1 3 3 3 3 3 0 0 
1 1 2 3 3 0 3 0 1 2 
0 0 1 0 3 0 2 3 1 2 
MFS
[ - , 1 , 2 , - , - , - , - , - , - , 1 ]
[ - , 1 , 2 , - , - , - , - , - , - , 3 ]
[ 1 , 1 , - , - , - , - , - , 2 , - , - ]
[ 3 , 1 , - , - , - , - , - , - , - , 3 ]
[ 1 , 1 , - , - , - , - , - , 3 , - , - ]
[ 3 , 1 , - , - , - , - , - , - , - , - ]
[ 2 , 1 , - , - , 1 , - , - , - , - , - ]
[ 1 , 1 , - , - , - , - , - , 1 , - , - ]
[ - , 1 , 2 , - , - , - , - , - , - , 0 ]
[ - , 1 , - , - , - , - , - , - , - , 0 ]
[ - , 1 , - , - , 3 , - , - , - , - , - ]
[ - , 1 , - , - , 2 , - , - , - , - , - ]
[ - , 1 , - , - , 1 , - , - , - , - , - ]
[ 0 , 1 , - , - , - , - , - , - , - , - ]
[ - , 1 , 3 , - , - , - , - , - , - , - ]
[ - , 1 , - , - , 0 , - , - , - , - , - ]
[ 2 , 1 , - , - , - , - , - , - , - , - ]
[ - , 1 , 0 , - , 2 , - , - , - , - , - ]
[ - , 1 , 1 , - , - , - , - , - , - , - ]
[ 1 , 1 , 0 , - , 3 , - , - , - , - , 0 ]
[ - , 1 , - , - , - , - , - , - , - , 2 ]
[ - , 1 , - , - , - , - , - , - , - , 1 ]
precise
0.0
recall
0.0
F-measure
0.0
multi
1
time
all 281 iden 0 gen 265
t-cover
690
all-cover
720
coveredNum
(1 : 255)  (2 : 235)  (3 : 142)  (4 : 31)  (5 : 8)  (6 : 4)  (7 : 5)  (8 : 6)  (9 : 11)  (10 : 10)  (11 : 7)  (12 : 2)  (13 : 4)  
real Identify

testCase Num: 39
regaular Num: 39
identify Num: 0
3 1 1 0 1 0 3 0 3 2 
0 0 0 0 0 0 0 3 3 0 
3 2 1 2 0 1 2 3 0 3 
1 0 3 0 0 3 3 2 1 1 
2 0 0 0 1 0 2 2 0 3 
1 0 0 0 2 0 0 0 0 0 
1 3 1 0 3 2 2 1 0 0 
0 3 2 1 1 2 0 3 2 2 
0 0 1 0 0 3 0 0 0 0 
2 2 0 3 0 0 2 0 3 2 
3 0 2 1 3 0 2 2 3 1 
0 3 3 2 3 1 2 0 1 2 
0 1 3 0 0 3 3 2 1 1 
1 2 2 0 1 3 1 0 3 3 
3 2 3 1 0 2 3 1 3 0 
2 3 0 1 2 3 0 0 3 0 
0 2 1 2 2 0 2 0 2 0 
0 0 0 0 0 0 0 0 0 0 
0 2 0 2 3 1 0 2 3 1 
3 0 0 0 0 0 0 0 0 2 
0 3 2 3 0 2 3 1 0 3 
1 0 3 1 1 0 1 3 0 3 
2 0 2 2 2 2 1 2 0 2 
3 3 0 0 2 0 0 0 0 1 
2 0 0 0 3 0 3 0 0 0 
2 1 2 2 2 2 1 2 0 2 
1 3 1 3 0 0 1 2 2 0 
0 0 0 3 3 2 1 0 1 1 
1 0 0 2 1 3 3 1 0 2 
0 0 0 0 1 0 0 1 0 1 
2 0 1 0 2 1 3 3 2 1 
1 0 1 1 1 1 0 1 1 2 
1 1 1 1 1 1 0 1 1 1 
3 1 2 3 1 1 1 3 1 0 
3 0 0 3 3 3 2 3 2 3 
3 1 0 3 3 3 2 3 2 3 
2 2 3 3 2 0 0 1 1 3 
0 0 3 0 0 0 1 1 2 0 
0 0 1 0 0 0 0 0 3 0 
MFS
[ - , 1 , - , - , - , - , - , - , - , - ]
precise
1.0
recall
0.5
F-measure
0.6666666666666666
multi
1
time
all 188 iden 16 gen 171
t-cover
707
all-cover
720
coveredNum
(1 : 322)  (2 : 191)  (3 : 122)  (4 : 38)  (5 : 10)  (6 : 8)  (7 : 10)  (8 : 12)  (9 : 2)  (10 : 3)  (11 : 1)  (12 : 1)  
real Identify
([ - , 1 , - , - , - , - , - , - , - , - ] : 1)  
testCase Num: 38
regaular Num: 38
identify Num: 0
3 0 3 0 0 2 1 2 1 3 
2 3 0 2 1 0 3 1 2 3 
2 1 2 0 0 0 3 1 3 2 
0 0 3 2 2 2 0 0 2 1 
1 3 2 3 0 2 3 3 0 1 
3 2 2 2 2 1 0 3 3 3 
2 0 2 0 0 0 3 1 3 2 
0 1 1 2 0 2 2 0 2 1 
0 0 2 3 1 3 2 0 0 3 
3 3 1 0 0 3 0 2 2 2 
1 0 1 1 0 0 2 3 1 2 
1 0 3 0 0 2 0 3 2 0 
0 0 0 0 1 0 0 3 3 1 
2 0 2 1 3 3 1 3 2 0 
1 1 0 1 1 1 1 1 1 1 
0 2 3 2 0 0 1 1 0 2 
0 3 0 1 0 0 0 2 0 3 
0 2 3 3 1 1 0 2 1 0 
0 0 0 0 0 0 0 0 0 0 
3 0 0 3 0 1 0 0 2 0 
2 2 0 1 3 2 0 1 3 1 
0 0 1 0 0 0 0 0 0 1 
1 1 3 0 2 2 0 3 2 0 
0 1 0 0 0 0 0 2 0 0 
2 0 1 2 2 1 3 2 0 0 
0 3 3 2 3 3 3 0 1 2 
3 1 1 3 3 0 2 1 0 3 
1 2 0 2 0 1 2 0 0 3 
2 3 0 3 2 1 1 0 3 2 
3 2 0 1 1 3 3 0 0 1 
3 0 1 3 3 0 2 1 0 3 
0 0 3 1 2 0 2 2 3 1 
2 2 1 0 1 2 2 2 2 2 
1 0 1 3 2 3 0 1 3 0 
2 0 3 0 2 0 0 1 1 0 
1 1 1 0 2 3 0 1 3 0 
1 3 2 0 3 1 2 2 1 0 
0 0 1 0 0 0 1 0 0 0 
MFS
[ - , 1 , - , - , - , - , - , - , - , - ]
[ 1 , 1 , - , - , - , - , - , - , - , - ]
[ 3 , 1 , - , - , - , - , - , - , - , - ]
[ 0 , 1 , 1 , - , - , - , - , - , - , - ]
precise
0.25
recall
0.5
F-measure
0.3333333333333333
multi
1
time
all 188 iden 0 gen 173
t-cover
720
all-cover
720
coveredNum
(1 : 302)  (2 : 228)  (3 : 121)  (4 : 37)  (5 : 10)  (6 : 12)  (7 : 5)  (8 : 4)  (9 : 1)  
real Identify
([ - , 1 , - , - , - , - , - , - , - , - ] : 1)  
testCase Num: 43
regaular Num: 43
identify Num: 0
0 2 3 1 2 3 0 3 1 3 
3 0 3 0 2 1 1 2 2 0 
2 2 2 2 1 2 2 1 2 0 
1 2 3 3 1 2 1 0 3 1 
1 0 2 2 0 3 0 2 0 3 
1 1 1 1 0 1 1 1 1 1 
0 0 1 2 1 2 1 3 2 3 
2 3 2 1 0 1 3 3 3 0 
0 0 0 3 1 0 3 0 0 3 
1 0 0 2 3 0 3 3 2 1 
1 0 0 0 0 0 0 0 0 2 
2 0 1 1 1 2 2 1 0 3 
2 0 3 0 0 0 0 0 0 0 
0 3 0 0 0 0 1 0 0 0 
3 0 0 3 0 2 2 2 1 2 
3 1 3 3 3 2 3 1 1 0 
2 0 2 3 3 3 1 1 1 2 
3 3 1 0 1 3 3 2 3 2 
0 0 3 1 3 0 0 2 3 2 
0 0 0 3 0 0 2 0 0 0 
0 2 0 0 3 0 0 0 0 0 
0 0 2 1 0 0 1 0 2 1 
1 0 0 0 0 1 0 0 0 0 
0 1 0 0 0 0 2 0 0 0 
3 3 2 0 3 2 0 0 1 1 
0 1 2 0 1 2 0 3 0 1 
1 3 0 0 2 0 2 1 3 3 
2 0 2 0 2 0 0 3 0 2 
0 0 0 0 0 0 0 0 0 0 
3 2 1 2 2 0 3 0 1 2 
3 0 3 0 0 2 3 1 0 1 
0 0 0 0 2 2 0 0 0 0 
2 1 0 1 3 3 1 0 2 3 
0 3 1 3 3 1 0 1 2 2 
3 2 1 3 2 3 2 3 0 1 
0 0 0 2 0 0 0 0 3 0 
2 1 2 3 2 0 1 2 0 2 
3 3 3 2 3 1 2 0 0 3 
0 1 3 2 0 0 1 3 3 2 
1 0 0 1 0 3 0 0 1 0 
1 2 1 0 0 3 0 1 2 0 
2 2 0 0 1 1 0 2 1 1 
3 0 0 1 0 0 0 0 0 0 
MFS
[ - , 1 , - , - , - , - , - , - , - , - ]
[ - , 1 , - , - , - , - , - , - , 1 , - ]
[ - , 1 , - , - , - , - , - , - , 0 , - ]
[ - , 1 , - , - , - , - , - , - , 2 , - ]
precise
0.25
recall
0.5
F-measure
0.3333333333333333
multi
2
time
all 172 iden 0 gen 172
t-cover
720
all-cover
720
coveredNum
(1 : 281)  (2 : 246)  (3 : 112)  (4 : 30)  (5 : 8)  (6 : 2)  (7 : 5)  (8 : 10)  (9 : 11)  (10 : 6)  (11 : 7)  (12 : 2)  
real Identify
([ - , 1 , - , - , - , - , - , - , - , - ] : 1)  
testCase Num: 65
regaular Num: 65
identify Num: 0
0 0 0 0 0 0 0 3 3 0 
0 0 0 0 0 0 0 0 1 1 
1 0 0 0 2 3 2 0 3 1 
0 1 0 2 1 0 1 1 1 3 
0 1 1 0 1 0 0 0 0 0 
0 0 3 3 0 3 2 2 0 3 
0 1 0 2 1 0 1 1 1 1 
0 0 1 2 2 1 0 1 3 3 
1 0 3 1 2 0 3 1 2 0 
1 1 0 0 3 2 0 2 3 2 
0 3 0 2 3 1 2 0 2 3 
3 1 0 2 0 0 0 2 1 1 
1 0 0 2 3 2 3 3 0 0 
0 1 3 2 1 0 2 2 1 1 
0 1 0 3 1 3 1 2 1 3 
0 0 3 0 3 0 0 0 0 2 
0 0 0 0 0 0 0 0 0 0 
0 1 1 0 1 0 2 0 1 2 
3 3 1 1 0 1 2 1 0 2 
3 3 2 3 3 0 3 1 3 1 
1 3 2 0 1 0 0 0 0 3 
1 1 2 2 0 1 3 3 2 0 
2 1 0 0 1 0 0 1 0 0 
3 3 0 0 2 2 1 3 1 3 
1 1 3 0 1 2 1 0 3 2 
2 2 3 0 1 3 0 1 2 1 
3 0 0 0 0 0 0 2 3 0 
0 1 1 0 1 0 2 0 0 0 
0 0 2 2 1 2 1 2 0 1 
0 0 0 1 0 0 0 0 0 1 
3 3 3 2 1 3 1 0 3 0 
2 3 1 0 1 1 3 2 0 2 
2 1 0 0 0 0 0 0 0 0 
0 0 3 1 3 3 3 3 1 2 
0 0 0 0 2 0 0 2 0 0 
0 0 2 0 0 3 0 0 0 0 
0 0 0 2 0 0 0 0 1 0 
2 2 0 1 0 1 3 0 3 3 
3 0 0 3 0 2 1 1 2 2 
0 0 1 0 0 3 0 0 0 0 
0 0 0 0 0 1 1 0 0 0 
1 1 1 2 1 0 0 2 1 1 
1 0 1 0 0 0 0 2 1 0 
3 2 0 0 0 0 0 0 0 0 
0 1 0 0 1 0 2 1 1 3 
2 0 0 3 1 0 2 3 1 0 
0 1 3 3 1 3 2 2 0 3 
0 0 0 2 0 1 3 2 0 1 
0 0 0 1 0 2 0 0 0 0 
0 1 1 0 1 0 2 1 1 0 
0 0 3 0 0 0 0 0 0 3 
0 1 0 2 1 0 0 1 1 1 
1 1 1 1 1 1 1 0 1 1 
0 1 1 2 1 0 2 1 1 2 
0 2 1 3 2 2 0 3 0 1 
2 2 2 2 2 2 2 0 2 2 
0 1 2 1 1 1 3 3 2 0 
0 1 3 0 2 2 3 2 0 0 
1 1 3 3 0 3 2 2 0 3 
1 2 3 3 0 1 0 0 1 0 
3 1 3 3 1 3 2 2 3 3 
1 1 2 1 2 0 0 1 1 0 
0 0 2 0 0 0 0 1 1 0 
0 1 3 3 1 3 2 2 1 3 
2 2 1 1 3 0 1 2 2 0 
MFS
[ - , 1 , - , - , - , - , - , 1 , 1 , - ]
[ - , 1 , 0 , - , - , - , - , - , - , 2 ]
[ 0 , 1 , - , - , - , - , - , 3 , - , - ]
[ - , 1 , - , 2 , - , 0 , - , - , - , 3 ]
[ - , 1 , 1 , - , - , - , 3 , - , - , - ]
[ - , 1 , 0 , - , - , 2 , - , - , - , - ]
[ - , 1 , 1 , - , - , - , 1 , - , - , - ]
[ - , 1 , 3 , - , - , - , 3 , - , - , - ]
[ - , 1 , - , - , - , - , 2 , 0 , - , - ]
[ - , 1 , - , - , - , - , - , - , 0 , 3 ]
[ - , 1 , - , - , - , - , - , - , - , 0 ]
[ - , 1 , - , - , - , - , - , 2 , - , - ]
[ - , 1 , - , - , - , - , - , - , 0 , - ]
[ - , 1 , - , - , 3 , - , - , - , - , - ]
[ - , 1 , - , - , - , - , 1 , - , - , - ]
[ - , 1 , - , - , 2 , - , - , - , - , - ]
[ 3 , 1 , - , - , 1 , - , - , - , - , - ]
[ - , 1 , - , - , - , - , 0 , - , - , - ]
[ 1 , 1 , - , - , - , - , - , 0 , 1 , - ]
[ - , 1 , - , - , - , 1 , - , - , - , - ]
[ - , 1 , - , - , 0 , - , - , - , - , - ]
[ - , 1 , - , - , - , - , 2 , 2 , 0 , - ]
[ - , 1 , - , - , - , - , 2 , 2 , 2 , - ]
[ - , 1 , - , - , - , - , 2 , 2 , 3 , - ]
[ - , 1 , - , - , - , 3 , - , - , 0 , - ]
[ - , 1 , - , 2 , - , - , 2 , 2 , 1 , - ]
[ - , 1 , - , - , - , - , - , 0 , 3 , - ]
[ - , 1 , - , - , - , 0 , - , - , - , 2 ]
[ - , 1 , - , - , - , - , - , - , 3 , - ]
[ - , 1 , - , - , - , 0 , - , - , - , 0 ]
[ - , 1 , - , - , - , 3 , - , - , 2 , - ]
[ - , 1 , - , - , - , 1 , - , - , 1 , - ]
[ - , 1 , - , - , - , - , - , - , 2 , - ]
[ - , 1 , - , - , - , - , - , - , - , 1 ]
[ - , 1 , - , - , - , - , - , 0 , 2 , - ]
[ - , 1 , - , - , - , 0 , - , - , - , 1 ]
[ - , 1 , - , - , - , 3 , - , - , 3 , - ]
[ - , 1 , - , - , - , - , - , 0 , 0 , - ]
[ 0 , 1 , - , - , - , 0 , 0 , - , 1 , - ]
[ 3 , 1 , - , - , - , 0 , - , - , 1 , - ]
[ - , 1 , 0 , - , - , - , 3 , - , - , - ]
[ - , 1 , 2 , - , - , - , 3 , - , - , - ]
[ 2 , 1 , - , - , 1 , - , - , - , - , - ]
[ 1 , 1 , - , - , 1 , - , - , - , - , - ]
[ - , 1 , - , - , - , - , 2 , - , 3 , - ]
[ - , 1 , - , - , - , - , 2 , 3 , - , - ]
[ - , 1 , - , - , - , - , - , 1 , 2 , - ]
[ - , 1 , - , - , - , - , - , 1 , 3 , - ]
precise
0.0
recall
0.0
F-measure
0.0
multi
6
time
all 437 iden 0 gen 421
t-cover
673
all-cover
720
coveredNum
(1 : 284)  (2 : 198)  (3 : 117)  (4 : 60)  (5 : 14)  (6 : 2)  (7 : 1)  (8 : 3)  (9 : 5)  (10 : 9)  (11 : 8)  (12 : 5)  (13 : 6)  (14 : 5)  (15 : 1)  (16 : 1)  (18 : 1)  
real Identify

testCase Num: 44
regaular Num: 44
identify Num: 0
0 0 1 3 2 0 1 2 3 1 
0 1 3 3 0 0 3 2 2 1 
2 2 1 1 1 0 2 1 2 2 
1 1 1 0 2 0 1 2 3 3 
3 0 3 1 2 1 1 0 1 0 
0 3 1 2 1 2 1 0 2 3 
2 0 3 3 1 3 0 3 3 3 
0 2 3 2 0 1 1 0 1 3 
2 1 2 2 3 1 3 1 0 3 
1 2 2 3 3 1 2 0 3 0 
0 0 0 0 0 3 2 0 0 0 
1 0 0 2 2 1 0 2 2 0 
1 3 3 0 2 1 2 3 0 2 
0 0 0 3 0 0 0 0 0 2 
3 0 0 0 0 3 1 0 0 0 
2 2 2 0 2 2 2 2 1 1 
3 1 3 1 2 1 0 0 1 0 
2 0 3 1 3 3 3 2 0 1 
0 0 2 0 0 0 0 1 0 0 
2 0 0 0 0 1 3 0 0 0 
0 0 0 1 0 2 0 0 0 0 
0 0 0 0 0 0 0 0 0 0 
0 1 0 0 0 0 0 3 0 0 
3 0 1 0 3 2 0 1 3 1 
3 0 1 0 0 0 2 3 2 1 
3 3 2 2 3 0 1 3 2 2 
1 1 2 1 0 2 3 0 3 2 
3 2 0 3 1 2 3 3 0 0 
0 0 3 3 0 0 0 0 2 0 
0 0 3 3 3 0 1 1 1 0 
0 3 0 0 0 0 0 2 0 0 
3 0 2 1 2 0 3 2 0 3 
0 0 0 2 0 0 2 0 0 0 
3 1 0 1 3 3 2 2 0 3 
0 3 1 3 2 3 3 1 1 0 
1 2 0 0 1 3 0 2 1 2 
1 0 0 0 3 0 2 1 0 3 
1 0 0 2 0 2 3 1 3 2 
0 3 0 1 0 0 0 1 3 0 
1 1 1 1 1 1 1 1 0 1 
2 3 0 2 0 3 1 0 3 1 
2 0 2 0 0 3 3 0 2 0 
0 0 2 1 1 0 0 3 1 2 
0 0 3 0 0 2 0 0 0 0 
MFS
[ - , 1 , - , - , - , - , - , - , - , - ]
precise
1.0
recall
0.5
F-measure
0.6666666666666666
multi
1
time
all 188 iden 0 gen 188
t-cover
710
all-cover
720
coveredNum
(1 : 296)  (2 : 208)  (3 : 113)  (4 : 47)  (5 : 14)  (6 : 5)  (7 : 6)  (8 : 7)  (9 : 4)  (10 : 8)  (11 : 7)  (12 : 3)  (13 : 2)  
real Identify
([ - , 1 , - , - , - , - , - , - , - , - ] : 1)  
testCase Num: 57
regaular Num: 57
identify Num: 0
1 3 1 2 0 0 1 2 0 3 
0 1 3 1 1 2 2 2 0 2 
3 0 1 0 0 0 0 0 1 0 
0 0 0 1 0 0 0 1 0 0 
1 1 1 3 1 1 2 1 1 1 
3 2 1 3 3 2 2 0 2 3 
1 0 1 0 0 0 0 1 0 1 
0 0 0 0 1 2 0 0 3 0 
2 2 1 0 2 3 2 2 1 0 
3 1 2 2 0 2 2 0 0 2 
0 0 0 0 0 1 0 0 1 1 
0 0 0 1 2 0 0 0 0 0 
0 0 2 2 0 2 0 0 0 0 
0 1 0 1 3 3 0 2 3 3 
0 0 2 0 2 0 1 0 0 2 
2 0 0 0 0 2 0 0 0 0 
0 1 2 2 0 2 2 0 0 3 
0 1 0 1 2 0 2 2 3 3 
3 0 2 0 1 1 3 1 0 3 
0 1 0 0 3 0 2 0 0 0 
3 3 3 0 0 3 1 3 3 1 
0 2 0 2 1 1 2 3 0 1 
0 1 3 1 1 2 2 2 1 2 
0 0 0 0 0 0 0 0 0 0 
0 0 0 0 1 3 0 0 0 0 
2 2 2 1 0 0 3 3 1 3 
2 1 2 2 2 2 1 2 0 2 
0 3 2 3 2 2 0 3 2 1 
0 2 0 3 0 3 1 1 2 2 
0 0 0 3 0 0 0 0 1 0 
0 1 0 3 0 2 2 0 0 0 
2 0 1 3 1 1 1 0 3 2 
0 0 0 3 0 0 3 2 0 0 
2 1 0 0 0 0 0 3 2 0 
1 2 3 3 1 0 0 3 3 2 
0 3 3 2 1 1 3 2 2 0 
0 0 3 1 1 2 2 2 0 2 
3 1 0 2 2 3 3 0 3 1 
2 3 0 0 0 0 0 0 0 0 
1 0 2 3 2 3 2 1 3 0 
0 0 0 2 0 0 0 0 1 0 
0 0 0 1 3 3 0 0 3 3 
3 0 0 2 0 0 2 0 0 2 
0 0 1 1 3 2 1 3 1 0 
0 0 3 0 2 1 0 0 0 3 
3 1 3 3 0 2 3 2 0 0 
0 0 0 0 1 0 0 0 1 0 
3 1 3 1 2 0 2 0 1 2 
3 0 2 1 3 1 0 2 0 1 
1 3 2 1 0 1 2 0 2 0 
1 3 0 0 3 2 3 1 1 2 
1 1 1 1 1 1 0 1 1 1 
2 0 3 2 3 0 0 1 2 1 
0 0 3 0 0 0 0 0 1 0 
1 1 1 2 3 2 2 1 0 1 
0 0 0 0 0 0 0 2 3 0 
0 0 1 0 0 0 3 0 0 0 
MFS
[ - , 1 , - , - , - , 0 , 2 , - , - , - ]
[ - , 1 , - , - , - , - , - , - , - , - ]
[ - , 1 , 2 , - , - , - , - , - , - , 1 ]
[ - , 1 , - , - , - , 1 , 2 , - , - , - ]
[ - , 1 , 2 , - , - , - , - , - , - , 2 ]
[ 3 , 1 , - , - , - , 2 , 2 , - , - , - ]
[ - , 1 , 2 , - , - , - , - , - , - , 0 ]
[ - , 1 , - , - , - , - , 3 , - , - , - ]
[ - , 1 , - , - , - , - , 1 , - , - , - ]
[ - , 1 , - , - , - , - , 0 , - , - , - ]
[ - , 1 , 3 , - , - , - , - , - , - , - ]
[ - , 1 , 1 , - , - , - , - , - , - , - ]
[ - , 1 , 0 , - , - , - , - , - , - , - ]
[ - , 1 , - , - , - , 3 , 2 , - , - , - ]
precise
0.07142857142857142
recall
0.5
F-measure
0.125
multi
1
time
all 265 iden 0 gen 235
t-cover
711
all-cover
720
coveredNum
(1 : 283)  (2 : 197)  (3 : 117)  (4 : 57)  (5 : 10)  (6 : 9)  (7 : 2)  (9 : 3)  (10 : 7)  (11 : 6)  (12 : 4)  (13 : 5)  (14 : 9)  (15 : 7)  (17 : 1)  (18 : 1)  (19 : 2)  
real Identify
([ - , 1 , - , - , - , - , - , - , - , - ] : 1)  
testCase Num: 44
regaular Num: 44
identify Num: 0
0 2 1 3 2 2 1 0 0 1 
2 0 3 1 0 0 3 1 0 3 
1 2 0 3 0 0 1 2 3 2 
3 0 1 0 0 3 0 0 0 2 
1 2 0 0 2 3 3 2 0 1 
2 2 2 0 2 1 2 1 2 2 
0 0 0 1 2 2 0 0 0 0 
1 3 3 1 3 1 0 3 0 2 
3 0 0 3 0 0 0 0 0 0 
1 0 0 2 0 0 0 0 0 0 
2 0 1 3 1 3 3 3 3 0 
0 1 0 2 1 1 3 0 1 2 
0 2 0 0 3 0 0 0 0 0 
1 0 3 0 1 2 2 0 3 1 
3 3 0 1 1 0 2 0 0 1 
0 3 0 0 2 0 0 0 0 0 
2 0 0 2 1 1 3 0 1 2 
1 1 0 1 2 2 0 2 3 0 
3 1 1 2 0 3 0 1 0 2 
0 0 2 0 0 0 0 0 0 0 
0 0 1 0 0 0 0 0 2 0 
0 1 3 3 0 3 2 2 1 3 
3 3 3 0 0 1 1 1 2 0 
0 0 0 0 0 0 0 0 0 0 
1 0 1 2 0 3 2 1 1 1 
3 0 2 2 0 1 1 2 2 1 
0 0 0 0 0 0 0 3 0 1 
2 3 1 0 3 3 1 2 1 1 
3 3 0 2 3 2 3 1 3 3 
0 0 0 2 0 2 1 3 2 3 
0 0 1 3 2 1 0 1 3 3 
2 0 2 0 0 2 0 2 1 3 
2 1 0 0 0 2 1 3 2 3 
1 1 1 1 1 0 1 1 1 1 
0 0 0 0 1 0 0 2 0 0 
0 0 3 1 1 3 1 2 3 0 
0 0 0 0 1 0 0 1 0 0 
1 2 2 1 1 3 0 0 2 3 
0 0 2 0 0 0 0 0 3 0 
0 0 1 1 3 2 2 0 1 2 
0 0 3 3 0 0 2 2 1 3 
3 2 3 2 2 0 2 3 1 0 
0 3 2 3 3 0 3 3 2 0 
2 1 2 2 3 2 0 0 1 1 
MFS
[ - , 1 , - , - , - , - , - , - , - , - ]
precise
1.0
recall
0.5
F-measure
0.6666666666666666
multi
0
time
all 203 iden 0 gen 187
t-cover
720
all-cover
720
coveredNum
(1 : 301)  (2 : 216)  (3 : 109)  (4 : 41)  (5 : 6)  (6 : 3)  (7 : 5)  (8 : 5)  (9 : 12)  (10 : 5)  (11 : 12)  (12 : 2)  (13 : 2)  (14 : 1)  
real Identify
([ - , 1 , - , - , - , - , - , - , - , - ] : 1)  
