testCase Num: 32
regaular Num: 32
identify Num: 0
0 2 3 1 1 1 3 0 3 0 
3 0 1 3 3 1 0 2 1 0 
0 3 0 0 2 3 3 1 1 3 
1 1 1 0 1 1 1 1 1 1 
3 0 3 2 3 3 3 3 2 1 
0 1 3 3 2 3 0 0 1 2 
2 3 3 0 0 3 1 2 0 0 
2 2 1 1 0 3 2 0 2 1 
3 3 2 3 1 2 2 0 0 1 
1 0 3 1 1 0 0 1 3 3 
0 0 0 0 1 0 0 0 1 2 
1 3 3 1 3 1 2 0 3 0 
3 2 2 3 0 0 1 1 3 3 
0 0 0 0 3 0 0 0 0 2 
0 0 0 0 0 0 0 0 0 0 
2 0 1 0 3 1 1 3 0 3 
0 0 0 0 0 2 0 0 3 0 
1 0 0 3 0 3 0 0 2 0 
0 3 1 2 1 2 0 2 2 3 
0 2 2 0 3 2 0 3 1 1 
3 3 1 0 2 0 3 3 3 2 
0 0 2 2 1 3 1 0 3 3 
1 1 2 2 0 1 3 1 2 0 
2 1 0 2 2 0 0 2 3 1 
1 0 3 1 0 2 1 3 2 2 
0 0 0 0 2 0 2 3 2 0 
3 1 0 1 3 0 2 1 0 3 
2 0 2 1 2 2 2 2 1 2 
1 2 0 2 2 1 1 2 0 2 
0 0 0 0 0 0 3 2 0 0 
2 1 0 3 1 2 3 3 0 0 
2 0 0 2 0 2 2 1 1 2 
MFS
precise
0.0
recall
0.0
F-measure
0.0
multi
0
time
all 157 iden 0 gen 157
t-cover
720
all-cover
720
coveredNum
(1 : 298)  (2 : 248)  (3 : 112)  (4 : 32)  (5 : 10)  (6 : 10)  (7 : 8)  (8 : 2)  
real Identify

testCase Num: 34
regaular Num: 34
identify Num: 0
1 0 3 0 3 1 1 2 2 0 
0 1 1 3 2 2 3 2 0 3 
3 0 0 0 0 0 3 0 0 1 
1 1 3 2 0 2 3 0 3 0 
1 3 2 1 0 3 2 0 3 3 
2 2 2 2 0 2 1 2 2 1 
3 1 1 0 2 3 1 0 3 1 
2 0 3 0 0 0 0 0 0 0 
0 2 2 0 1 1 1 1 1 3 
3 0 2 1 0 3 1 3 0 2 
3 0 3 3 2 3 2 1 2 2 
2 3 0 2 2 2 0 1 0 1 
0 1 2 0 0 0 0 0 0 0 
0 2 1 0 3 2 0 1 3 0 
3 2 3 1 3 1 0 3 0 3 
0 0 2 3 3 3 0 2 3 1 
0 0 0 0 0 0 0 0 2 3 
0 0 0 0 0 0 0 0 0 0 
0 3 3 1 2 0 2 3 1 1 
2 1 0 0 0 0 2 1 3 0 
0 0 0 2 2 1 0 0 0 0 
0 3 1 3 0 0 0 0 2 2 
1 0 0 3 1 2 1 3 1 2 
2 0 1 3 0 1 2 0 1 0 
0 0 0 0 1 0 0 0 3 0 
1 2 2 3 2 0 3 1 0 0 
3 3 3 2 1 0 1 2 1 0 
0 0 0 2 0 3 0 3 1 0 
2 3 0 0 3 1 3 3 3 2 
0 1 1 2 3 0 2 3 2 2 
1 1 1 1 1 1 0 1 1 1 
2 0 0 2 3 0 3 0 1 3 
2 2 0 1 1 3 3 0 2 0 
3 2 0 1 1 2 2 2 0 2 
MFS
[ - , 1 , 0 , - , - , - , - , - , - , - ]
precise
0.0
recall
0.0
F-measure
0.0
multi
1
time
all 171 iden 0 gen 171
t-cover
683
all-cover
720
coveredNum
(1 : 263)  (2 : 278)  (3 : 111)  (4 : 23)  (5 : 11)  (6 : 15)  (7 : 13)  (8 : 4)  (9 : 2)  
real Identify

testCase Num: 32
regaular Num: 32
identify Num: 0
2 0 0 3 0 0 1 3 0 2 
3 3 0 2 2 1 2 3 3 2 
1 1 0 0 0 0 0 0 0 0 
0 1 0 0 3 1 3 0 1 1 
2 0 1 0 2 1 2 2 0 3 
0 0 0 2 3 0 0 0 0 0 
1 3 0 0 0 0 0 0 0 0 
3 0 3 0 0 3 0 3 3 0 
3 3 2 0 0 3 3 1 1 3 
1 2 2 2 2 1 0 0 0 3 
2 2 2 0 2 2 1 2 2 1 
1 1 2 0 1 0 3 3 3 2 
2 0 1 2 0 2 3 3 1 1 
2 0 2 1 3 2 2 1 3 0 
1 2 0 1 0 3 1 2 3 1 
0 0 0 0 0 0 0 0 0 0 
0 1 0 2 1 2 0 2 2 3 
1 0 1 3 0 2 2 0 2 0 
2 3 0 0 0 0 0 2 1 2 
1 1 1 1 1 1 1 1 1 0 
0 0 0 0 0 0 0 3 0 3 
0 2 2 3 2 0 2 1 1 2 
3 1 0 1 2 0 3 1 0 3 
2 1 3 3 1 3 2 0 0 1 
3 3 3 1 3 2 1 0 0 2 
3 2 3 3 0 1 3 2 2 0 
0 3 3 2 2 3 0 1 1 0 
3 3 1 3 1 0 0 1 2 1 
1 0 3 3 3 0 3 2 3 3 
0 0 1 2 1 0 1 0 3 3 
0 2 1 1 3 3 0 3 2 2 
0 2 0 0 1 0 0 0 0 0 
MFS
[ - , 1 , - , - , - , - , 2 , - , - , - ]
[ 0 , - , - , - , - , 2 , - , - , - , - ]
[ - , 1 , - , - , - , - , 1 , - , - , - ]
[ 1 , 1 , - , - , - , - , 0 , - , - , - ]
precise
0.0
recall
0.0
F-measure
0.0
multi
1
time
all 188 iden 0 gen 172
t-cover
720
all-cover
720
coveredNum
(1 : 314)  (2 : 241)  (3 : 98)  (4 : 32)  (5 : 9)  (6 : 12)  (7 : 8)  (8 : 5)  (9 : 1)  
real Identify

testCase Num: 34
regaular Num: 34
identify Num: 0
3 2 1 0 1 0 2 1 0 3 
1 2 2 1 0 3 0 2 3 0 
0 0 0 0 3 0 0 0 3 0 
2 1 0 0 0 3 0 3 3 2 
0 0 0 2 1 0 0 3 0 0 
1 0 1 3 3 3 2 0 1 2 
0 2 0 0 1 3 3 0 2 2 
3 1 3 3 3 2 0 2 2 2 
0 3 3 1 1 0 2 3 2 0 
0 2 3 0 0 0 0 0 0 0 
1 3 3 0 2 3 3 3 0 3 
0 0 2 3 1 1 2 2 3 3 
2 0 0 1 2 0 1 0 0 3 
0 0 0 0 0 0 2 0 0 1 
0 0 2 0 0 0 0 0 2 0 
0 0 0 0 0 0 0 0 0 0 
2 3 1 0 1 1 0 2 0 2 
3 3 0 2 0 3 1 1 3 1 
0 1 1 2 2 0 3 2 3 1 
0 3 3 3 0 2 0 0 3 1 
0 2 2 0 3 2 1 3 0 1 
1 1 1 1 1 1 1 0 1 1 
0 1 0 0 0 0 0 1 0 0 
2 2 2 2 2 0 2 1 1 2 
0 3 3 2 3 1 0 1 1 3 
3 2 0 3 0 1 3 3 1 0 
3 1 2 1 2 2 0 0 0 0 
0 0 1 1 0 0 1 3 0 2 
2 0 1 1 3 2 3 1 2 0 
1 3 2 3 0 0 3 1 0 0 
0 0 0 0 1 2 0 2 1 0 
3 0 0 2 3 0 1 2 0 0 
2 0 3 3 2 1 1 0 2 1 
1 1 0 2 0 2 2 0 2 3 
MFS
[ 2 , 1 , - , - , - , - , - , - , - , - ]
[ 3 , - , 2 , - , - , - , - , - , - , - ]
precise
0.0
recall
0.0
F-measure
0.0
multi
1
time
all 172 iden 0 gen 172
t-cover
699
all-cover
720
coveredNum
(1 : 289)  (2 : 255)  (3 : 104)  (4 : 27)  (5 : 5)  (6 : 13)  (7 : 16)  (8 : 5)  (9 : 4)  (10 : 2)  
real Identify

testCase Num: 35
regaular Num: 35
identify Num: 0
2 1 0 1 3 0 1 3 2 0 
2 0 2 3 2 1 1 2 0 1 
0 0 0 0 0 0 1 3 2 0 
2 3 3 3 3 3 0 3 3 1 
1 2 0 3 1 3 2 2 2 0 
0 3 2 3 0 2 2 0 2 3 
1 2 2 1 2 0 0 3 1 0 
2 1 0 0 0 0 0 0 0 0 
3 2 2 2 3 0 3 2 1 3 
3 0 3 0 1 0 0 1 2 1 
0 2 3 2 0 1 1 3 1 2 
0 0 0 0 0 1 2 0 0 0 
1 0 0 3 3 2 1 1 3 2 
1 3 1 2 1 0 0 1 3 0 
3 3 0 0 2 1 1 1 3 3 
3 1 3 1 3 2 0 2 2 0 
1 0 3 0 1 2 3 3 0 3 
0 0 0 0 0 0 0 0 0 0 
0 1 0 2 2 3 1 0 0 1 
2 3 0 1 0 0 0 1 0 0 
1 1 1 1 1 1 1 0 1 1 
0 3 2 0 1 0 0 2 1 2 
0 3 1 0 3 1 3 0 2 0 
2 0 3 1 2 3 2 0 3 3 
0 0 0 0 0 3 0 0 1 0 
3 1 3 1 2 2 0 2 0 0 
3 2 1 0 3 3 2 0 0 2 
2 0 0 0 1 0 0 0 0 0 
0 0 0 3 0 0 3 0 0 0 
2 0 1 2 2 2 2 1 2 2 
0 2 0 0 0 0 0 0 3 0 
3 1 1 3 0 0 2 3 1 1 
0 1 2 1 0 3 3 1 3 2 
2 2 0 0 2 2 3 1 1 1 
1 1 1 0 0 1 0 2 3 3 
MFS
[ - , 1 , 3 , - , 2 , - , - , - , - , - ]
precise
0.0
recall
0.0
F-measure
0.0
multi
0
time
all 172 iden 0 gen 156
t-cover
711
all-cover
720
coveredNum
(1 : 304)  (2 : 255)  (3 : 94)  (4 : 26)  (5 : 8)  (6 : 7)  (7 : 12)  (8 : 8)  (9 : 5)  (10 : 1)  
real Identify

testCase Num: 36
regaular Num: 36
identify Num: 0
2 0 0 0 0 1 0 3 0 0 
3 3 2 2 3 3 0 3 1 1 
0 1 0 2 0 1 0 1 0 0 
3 1 1 2 2 2 2 0 0 2 
1 2 1 2 2 0 0 3 2 0 
0 0 0 0 1 0 2 0 0 0 
0 1 0 2 1 1 0 2 2 2 
3 2 3 0 3 0 0 0 0 1 
1 0 0 3 3 1 3 1 0 1 
2 2 2 0 1 2 1 3 0 3 
0 0 1 3 0 0 0 0 0 0 
2 3 3 2 1 0 0 1 2 0 
0 1 3 1 0 3 3 0 0 3 
0 2 3 3 0 2 0 1 1 3 
3 0 2 1 1 3 1 0 0 1 
0 0 2 0 0 0 0 0 0 1 
2 3 1 0 0 2 3 0 1 0 
2 3 3 3 3 3 2 2 0 0 
0 0 0 0 0 0 0 0 0 0 
0 0 0 0 0 0 0 0 2 2 
1 1 1 1 1 1 1 1 1 0 
1 3 3 3 2 1 1 0 2 3 
2 2 0 1 2 2 2 2 2 1 
0 0 0 0 2 0 2 3 1 3 
0 1 1 0 3 3 3 2 2 3 
3 0 2 2 0 0 1 2 2 0 
3 2 2 2 2 3 3 1 3 3 
0 0 0 0 1 0 0 2 0 0 
1 0 0 0 0 3 0 0 0 0 
1 2 2 0 0 1 2 1 3 2 
3 1 2 3 0 1 0 2 3 0 
1 0 1 0 3 2 0 2 3 0 
2 0 3 3 1 0 3 3 3 2 
3 0 0 0 0 0 0 2 1 2 
0 3 0 1 3 3 1 0 3 2 
2 1 1 1 0 0 0 3 3 1 
MFS
[ - , 1 , - , - , - , - , - , 0 , - , - ]
[ - , - , 1 , - , - , - , 2 , - , - , - ]
precise
0.0
recall
0.0
F-measure
0.0
multi
1
time
all 157 iden 0 gen 157
t-cover
715
all-cover
720
coveredNum
(1 : 308)  (2 : 210)  (3 : 122)  (4 : 32)  (5 : 6)  (6 : 6)  (7 : 17)  (8 : 9)  (9 : 5)  (10 : 4)  (11 : 1)  
real Identify

testCase Num: 32
regaular Num: 32
identify Num: 0
3 0 0 0 0 3 0 1 0 1 
2 3 2 1 0 0 1 2 0 1 
0 0 1 1 0 1 2 0 3 2 
3 1 3 2 0 2 1 2 1 3 
0 2 1 0 1 3 1 2 0 3 
1 0 2 2 1 0 1 0 1 2 
1 2 2 3 0 3 3 1 0 2 
0 0 3 3 2 3 2 1 2 1 
3 3 1 2 3 2 2 3 0 2 
0 1 2 0 3 0 3 3 1 1 
0 0 2 0 0 0 0 0 2 3 
1 0 0 3 0 2 0 0 0 2 
0 0 0 0 0 0 0 0 0 0 
1 2 0 1 3 3 1 3 3 0 
1 3 0 0 2 0 2 1 1 3 
2 1 0 2 1 3 2 1 1 0 
3 2 2 2 2 2 0 0 3 1 
0 3 1 2 0 1 3 3 2 0 
1 2 2 3 0 0 2 2 1 0 
2 2 2 0 2 1 1 2 2 2 
3 0 0 1 1 2 3 2 2 0 
2 0 3 1 3 1 0 3 0 3 
3 1 1 3 3 0 0 2 2 2 
0 2 3 0 0 0 0 0 0 2 
3 1 0 3 2 1 1 3 0 0 
2 3 3 3 1 0 3 0 3 3 
0 0 0 0 1 0 0 3 0 0 
1 1 1 1 1 1 0 1 1 1 
0 1 2 0 3 2 1 1 3 0 
1 3 3 0 3 3 0 0 2 0 
2 1 1 1 2 2 3 0 0 0 
0 0 0 0 0 0 0 2 3 0 
MFS
[ - , - , - , - , - , - , 1 , 1 , - , - ]
[ 3 , - , - , - , - , - , 1 , 3 , - , - ]
precise
0.0
recall
0.0
F-measure
0.0
multi
2
time
all 156 iden 0 gen 156
t-cover
674
all-cover
720
coveredNum
(1 : 281)  (2 : 273)  (3 : 104)  (4 : 31)  (5 : 15)  (6 : 11)  (7 : 4)  (8 : 1)  
real Identify

testCase Num: 35
regaular Num: 35
identify Num: 0
0 0 0 1 0 2 3 2 0 3 
0 0 3 0 2 1 0 2 3 3 
0 3 2 1 2 2 2 0 3 1 
0 1 1 3 2 0 3 1 1 3 
2 0 1 3 0 1 3 2 3 0 
3 0 1 3 3 0 1 0 2 2 
1 3 0 3 1 3 0 2 2 0 
0 2 0 2 2 3 1 3 3 0 
1 1 0 0 0 2 2 0 1 3 
2 3 1 0 3 3 3 3 0 3 
2 2 0 3 1 1 2 3 2 1 
0 0 1 2 0 0 2 0 0 0 
3 0 0 0 2 0 3 0 0 0 
3 1 0 1 3 1 0 3 0 1 
2 3 3 1 0 0 1 1 1 0 
1 1 2 3 3 0 0 0 3 0 
3 3 0 0 0 1 0 0 1 2 
0 1 3 1 0 3 3 0 0 1 
2 2 3 2 1 2 1 0 0 3 
3 1 0 0 1 3 1 1 3 2 
0 0 2 0 3 2 1 2 2 2 
0 0 0 0 0 0 0 0 2 3 
0 0 0 0 0 0 0 0 0 0 
1 2 3 1 0 0 3 3 2 2 
3 2 3 3 3 2 2 2 1 0 
1 3 2 2 3 0 2 1 0 2 
1 0 0 3 2 0 0 0 0 0 
1 0 1 1 1 1 1 1 1 1 
0 2 2 2 1 0 3 2 0 1 
1 2 1 0 0 2 0 1 2 1 
3 0 2 2 0 3 2 3 1 3 
0 0 0 0 0 2 0 3 0 0 
0 1 3 1 0 3 0 0 0 1 
3 1 3 1 2 3 3 0 0 1 
2 1 2 2 2 1 0 2 2 2 
MFS
[ - , 1 , - , - , - , - , - , 2 , - , - ]
[ - , 1 , - , - , 1 , - , - , - , - , - ]
[ 3 , 1 , - , - , - , - , - , 0 , - , - ]
[ 1 , - , - , - , - , - , - , - , 3 , - ]
[ 1 , 1 , 0 , - , - , - , - , 0 , - , - ]
[ 3 , - , - , - , - , - , - , - , 3 , - ]
precise
0.0
recall
0.0
F-measure
0.0
multi
0
time
all 157 iden 0 gen 157
t-cover
720
all-cover
720
coveredNum
(1 : 277)  (2 : 262)  (3 : 110)  (4 : 31)  (5 : 15)  (6 : 20)  (7 : 5)  
real Identify

testCase Num: 33
regaular Num: 33
identify Num: 0
0 1 2 3 0 3 2 0 0 1 
2 0 2 2 0 0 1 3 1 2 
0 3 3 3 3 0 2 2 1 1 
3 2 3 1 2 3 0 1 1 2 
2 0 1 1 0 0 0 0 1 0 
1 3 0 2 0 2 0 0 0 1 
2 0 0 0 3 0 0 0 0 0 
2 2 2 0 2 1 2 1 2 2 
0 0 0 0 1 0 2 0 0 0 
1 0 0 1 3 2 2 1 0 3 
3 0 3 3 1 0 1 1 3 0 
3 0 1 0 3 3 3 3 2 1 
3 2 0 0 3 2 2 0 3 0 
0 2 0 1 0 1 3 1 1 1 
2 2 0 2 1 3 1 2 0 3 
3 0 2 0 3 2 1 2 2 2 
0 0 0 0 0 0 0 0 0 0 
1 2 1 1 0 0 3 2 2 0 
0 0 1 2 2 1 2 3 0 3 
1 1 1 1 1 1 1 0 1 1 
2 0 0 3 0 0 0 0 0 0 
2 3 2 0 1 2 3 0 2 3 
0 2 1 3 1 2 0 3 3 2 
0 3 0 3 0 0 0 3 2 3 
2 1 0 0 2 1 0 2 3 1 
2 1 3 2 3 1 0 0 2 0 
0 3 1 0 2 2 1 1 1 3 
3 1 3 2 0 2 3 1 3 3 
1 3 2 1 2 3 0 3 3 0 
3 3 0 3 2 1 3 0 0 2 
1 1 3 0 2 0 0 3 0 2 
0 1 3 2 3 1 0 0 2 0 
1 0 0 3 0 0 0 0 0 0 
MFS
[ 2 , - , 3 , - , - , - , - , - , - , - ]
[ - , - , 3 , - , - , 2 , - , - , - , - ]
[ 0 , - , 3 , - , - , 1 , - , - , - , - ]
precise
0.0
recall
0.0
F-measure
0.0
multi
0
time
all 157 iden 0 gen 157
t-cover
705
all-cover
720
coveredNum
(1 : 320)  (2 : 224)  (3 : 106)  (4 : 38)  (5 : 9)  (6 : 10)  (7 : 7)  (8 : 5)  (9 : 1)  
real Identify

testCase Num: 31
regaular Num: 31
identify Num: 0
0 2 1 3 0 3 2 1 0 3 
0 3 2 0 3 1 3 0 1 2 
1 1 1 1 0 1 1 1 1 1 
0 3 3 0 2 3 1 2 3 1 
0 3 1 0 2 0 2 0 1 0 
3 0 0 0 0 0 0 0 3 0 
3 0 0 0 1 0 3 0 1 0 
3 0 1 2 2 0 3 1 2 2 
2 3 0 3 2 2 0 3 1 3 
1 1 1 3 2 0 3 2 3 0 
1 2 0 0 0 2 1 3 2 2 
3 3 2 0 0 2 1 1 2 0 
3 2 3 3 1 1 3 0 2 3 
0 1 3 1 0 3 3 3 0 2 
1 2 2 1 3 0 2 3 3 0 
0 0 1 0 0 0 0 3 0 0 
0 0 0 0 0 0 0 0 0 0 
1 3 3 1 3 0 1 2 0 3 
1 0 3 2 1 3 1 0 1 0 
2 1 2 3 3 3 1 0 3 2 
2 2 1 2 3 0 0 2 1 1 
0 3 3 2 1 2 0 3 2 2 
2 1 3 0 1 0 2 1 2 3 
1 0 2 2 3 2 0 1 3 3 
3 1 0 1 3 3 0 2 2 1 
0 0 0 0 0 1 2 2 0 0 
3 0 2 3 2 1 2 3 0 1 
2 0 1 1 1 2 3 0 3 1 
0 2 0 1 2 0 0 0 0 0 
2 3 0 2 0 1 0 1 3 0 
2 1 2 2 1 2 2 2 0 2 
MFS
[ - , - , - , 0 , - , - , - , - , - , 3 ]
precise
0.0
recall
0.0
F-measure
0.0
multi
0
time
all 172 iden 0 gen 172
t-cover
704
all-cover
720
coveredNum
(1 : 297)  (2 : 260)  (3 : 112)  (4 : 27)  (5 : 13)  (6 : 9)  (7 : 1)  (8 : 1)  
real Identify

