testCase Num: 48
regaular Num: 48
identify Num: 0
0 1 2 3 0 3 1 0 3 3 
0 3 1 1 2 0 3 2 1 2 
2 3 0 0 2 1 3 3 3 1 
2 0 2 1 1 3 0 0 1 1 
1 2 3 2 2 1 0 0 1 0 
0 1 0 2 1 0 2 3 2 1 
2 0 0 0 0 0 0 0 2 0 
3 0 1 0 2 1 0 1 3 3 
1 2 3 3 3 1 2 0 3 1 
0 3 1 0 3 0 0 2 1 2 
0 0 0 0 0 3 2 0 0 0 
2 2 2 2 2 2 2 2 0 2 
2 0 1 2 3 3 3 1 3 0 
0 0 1 3 0 2 2 1 1 1 
3 2 3 0 3 3 1 3 1 3 
1 1 1 0 3 0 0 0 3 2 
3 0 3 2 0 2 3 2 0 1 
1 2 2 0 1 2 3 1 2 2 
0 0 0 3 0 0 0 1 0 0 
0 1 0 1 3 3 2 0 1 3 
1 2 1 1 0 0 1 3 0 0 
0 0 3 1 0 1 2 3 2 2 
2 3 3 2 0 3 1 1 0 3 
2 1 3 3 1 0 3 0 0 3 
0 1 0 0 3 0 0 0 0 0 
0 0 0 1 3 0 0 1 3 2 
3 1 0 2 1 0 0 1 3 2 
0 0 0 0 0 0 0 0 0 0 
0 0 2 3 0 1 0 3 0 0 
0 0 2 0 0 0 0 3 0 0 
0 0 0 0 0 2 0 0 3 0 
3 0 0 0 0 0 0 0 0 1 
3 2 0 1 0 2 1 0 1 2 
0 0 0 0 0 1 0 0 0 3 
3 3 1 3 1 2 2 0 2 0 
3 0 0 3 3 2 0 3 0 3 
1 1 2 0 0 2 0 2 3 0 
0 0 0 1 3 3 2 0 0 3 
0 0 0 0 1 0 0 2 0 0 
1 0 0 3 2 3 1 2 2 2 
0 2 1 0 2 0 2 1 1 3 
0 2 2 1 1 1 1 2 3 1 
1 0 0 0 0 0 2 0 0 0 
1 1 1 1 1 1 1 1 0 1 
0 1 3 3 0 2 3 2 1 1 
3 1 2 1 2 1 3 2 3 0 
3 1 1 1 2 1 1 1 3 3 
1 3 2 1 3 0 0 2 2 3 
MFS
[ - , 1 , - , - , - , - , - , - , - , - ]
[ 0 , 3 , - , 0 , - , - , - , - , - , - ]
[ 0 , 2 , - , 3 , - , - , - , - , - , - ]
[ 0 , 2 , 1 , - , - , - , - , - , - , - ]
[ 0 , 3 , - , 3 , - , - , - , - , - , - ]
[ 0 , 0 , - , 0 , - , - , - , - , - , - ]
[ 0 , - , - , 2 , - , - , - , - , - , - ]
[ 0 , 1 , - , 3 , - , - , - , - , - , - ]
[ 0 , - , - , 0 , - , - , - , - , - , - ]
[ - , 1 , - , 1 , - , - , - , - , - , - ]
[ 2 , 1 , - , - , - , - , - , - , - , - ]
[ - , 1 , - , 0 , - , - , - , - , - , - ]
[ 3 , - , 2 , - , - , - , - , - , - , - ]
[ - , 1 , - , 3 , - , - , - , 3 , - , - ]
[ - , 1 , - , 3 , - , - , - , 0 , - , - ]
[ - , 1 , - , 3 , - , - , - , 1 , - , - ]
precise
0.125
recall
1.0
F-measure
0.2222222222222222
multi
1
time
all 185 iden 15 gen 170
t-cover
710
all-cover
720
coveredNum
(1 : 309)  (2 : 232)  (3 : 120)  (4 : 36)  (5 : 15)  (6 : 3)  (7 : 2)  (8 : 3)  
real Identify
([ - , 1 , - , - , - , - , - , - , - , - ] : 1)  ([ 0 , - , - , 0 , - , - , - , - , - , - ] : 1)  
testCase Num: 49
regaular Num: 49
identify Num: 0
3 0 0 0 1 3 2 1 3 2 
1 2 2 0 3 3 3 1 3 1 
0 1 0 1 1 1 0 0 1 0 
2 0 0 0 0 2 3 0 0 1 
2 0 1 0 3 2 0 3 1 1 
2 0 0 3 3 1 3 2 0 3 
1 1 0 1 1 1 1 1 1 1 
0 3 1 3 2 1 1 3 3 0 
1 2 3 0 1 1 0 2 3 3 
0 0 2 0 3 0 0 0 0 0 
2 0 1 1 2 2 2 2 2 2 
0 0 0 0 0 0 0 0 0 0 
1 1 1 3 0 0 0 1 3 3 
1 3 3 1 3 2 2 1 0 0 
0 1 0 1 0 2 0 0 0 0 
3 1 3 1 2 2 2 2 2 0 
0 0 0 1 0 0 2 2 1 1 
3 3 3 3 0 3 0 2 1 1 
0 0 2 3 0 2 0 1 2 0 
2 0 3 0 1 0 0 3 0 0 
0 1 3 0 3 0 1 0 2 2 
2 1 2 3 0 2 2 0 2 0 
1 1 2 0 2 1 1 1 1 1 
3 2 0 1 2 0 0 3 2 1 
2 2 2 2 1 0 2 0 3 1 
3 1 1 2 3 3 3 3 0 3 
0 1 3 1 1 2 2 2 2 0 
1 3 3 0 3 0 1 0 2 2 
3 2 2 2 1 2 1 2 0 0 
0 2 0 1 3 2 2 3 3 3 
0 0 2 1 0 0 1 0 1 3 
0 3 0 0 0 0 3 2 0 1 
0 1 3 1 1 1 2 2 2 0 
0 1 3 1 0 0 2 2 0 1 
0 2 0 0 0 3 0 0 0 0 
1 0 3 2 2 3 3 0 1 0 
0 0 1 1 0 1 0 0 0 0 
0 0 0 0 0 0 3 0 3 0 
2 3 0 2 0 3 1 1 2 0 
3 2 1 3 1 1 2 0 1 2 
0 1 0 0 0 0 0 2 0 0 
1 1 3 0 0 2 3 0 2 0 
0 3 0 0 0 0 0 0 0 2 
0 2 2 0 2 2 3 1 1 3 
0 0 0 1 2 0 0 0 0 3 
0 0 3 1 0 0 0 0 0 0 
1 2 2 2 0 1 0 3 2 2 
0 3 2 1 1 3 3 0 2 3 
0 1 0 2 2 0 3 0 0 2 
MFS
[ - , 0 , 0 , - , - , - , - , - , - , 0 ]
[ 1 , 1 , - , 1 , - , - , - , - , - , - ]
[ 1 , 1 , - , - , - , 2 , - , - , - , - ]
[ - , 1 , - , - , - , 3 , - , - , - , - ]
[ - , 1 , - , - , - , - , 2 , - , - , - ]
[ - , 1 , - , - , 3 , - , - , - , - , - ]
[ - , 1 , - , - , - , - , 1 , - , - , - ]
[ 0 , - , - , 2 , - , - , - , - , - , - ]
[ - , 1 , - , 3 , - , - , - , - , - , - ]
[ - , 1 , - , - , - , 1 , - , - , - , - ]
[ - , 1 , - , - , - , - , 0 , - , - , - ]
[ - , 1 , - , 2 , - , - , - , - , - , - ]
[ - , 1 , - , - , - , 0 , - , - , - , - ]
[ - , 1 , - , - , 1 , - , - , - , - , - ]
[ 0 , - , - , 0 , - , - , - , - , - , - ]
[ - , 1 , - , - , 0 , - , - , - , - , - ]
[ 2 , 1 , - , - , - , - , - , - , - , - ]
[ - , 1 , - , 0 , - , - , - , - , - , - ]
[ - , 0 , 2 , 0 , - , - , - , - , - , 0 ]
[ - , 1 , - , 2 , - , - , 3 , - , - , - ]
[ 0 , 2 , - , 3 , - , - , - , - , - , - ]
[ 0 , 0 , - , 0 , - , - , - , - , - , - ]
[ 0 , 2 , - , 2 , - , - , - , - , - , - ]
[ 3 , 3 , 0 , - , - , - , - , - , - , - ]
[ 0 , 1 , - , - , 2 , - , - , - , - , - ]
[ 0 , 3 , 0 , - , - , - , - , - , - , - ]
[ 0 , 2 , - , 0 , - , - , - , - , - , - ]
[ 1 , 3 , 0 , - , - , - , - , - , - , - ]
[ 1 , - , 1 , - , - , - , - , - , - , - ]
[ 1 , - , 0 , - , - , - , - , - , - , - ]
[ - , 1 , - , 3 , - , - , 3 , - , - , - ]
[ - , 1 , - , 1 , - , - , 3 , - , - , - ]
precise
0.03125
recall
0.5
F-measure
0.058823529411764705
multi
2
time
all 216 iden 15 gen 183
t-cover
664
all-cover
720
coveredNum
(1 : 294)  (2 : 255)  (3 : 114)  (4 : 36)  (5 : 11)  (6 : 9)  (7 : 1)  
real Identify
([ 0 , - , - , 0 , - , - , - , - , - , - ] : 1)  
testCase Num: 46
regaular Num: 46
identify Num: 0
0 2 3 3 1 1 2 3 0 1 
0 3 0 1 2 3 1 2 0 2 
2 0 1 0 3 3 0 1 3 1 
0 0 0 1 3 2 2 1 1 3 
1 1 1 1 0 1 1 1 1 1 
1 2 3 1 3 0 3 0 3 2 
2 1 2 3 2 0 3 1 0 2 
0 0 0 1 0 0 0 0 0 0 
1 0 0 0 0 1 1 0 0 0 
0 2 0 0 3 0 3 3 0 2 
3 2 1 0 2 0 1 0 0 0 
1 0 0 0 0 0 0 1 0 0 
0 1 1 2 1 3 3 1 3 0 
3 0 0 3 0 0 3 0 0 0 
2 3 3 0 0 1 0 0 3 3 
2 0 2 1 0 1 3 2 1 3 
2 1 0 0 3 2 3 3 1 3 
1 0 0 0 3 0 3 3 0 2 
2 2 3 2 0 3 1 0 2 3 
0 2 1 0 0 1 1 0 0 0 
3 3 2 0 1 0 2 0 1 1 
0 2 0 0 3 1 3 3 0 2 
0 0 0 0 3 0 2 0 0 0 
0 3 1 3 0 2 3 0 2 1 
3 0 0 1 0 0 0 2 3 0 
1 0 0 0 2 1 3 2 2 1 
0 0 0 0 0 0 0 0 0 0 
1 0 1 1 1 2 1 3 1 1 
0 0 0 0 0 0 0 3 0 2 
3 0 3 0 3 2 1 1 0 0 
0 0 0 0 0 0 0 1 0 3 
3 0 2 3 2 3 1 3 3 3 
0 1 3 0 0 0 0 0 0 3 
0 0 0 0 1 0 1 0 0 0 
3 2 0 0 0 1 2 1 3 2 
0 0 0 2 0 0 0 3 0 1 
2 0 2 3 2 0 0 1 0 0 
1 2 3 3 2 2 0 2 1 0 
1 3 1 2 1 0 0 3 0 3 
2 0 1 2 1 2 2 2 2 2 
2 1 0 1 1 0 0 3 2 0 
1 0 2 2 2 3 2 0 1 0 
1 0 2 0 0 2 0 0 3 0 
3 1 2 1 0 2 2 2 3 3 
3 3 2 2 3 1 0 1 2 0 
0 2 2 3 3 0 0 2 1 2 
MFS
[ - , 1 , - , - , - , - , - , - , - , - ]
[ 2 , 3 , - , - , - , 0 , - , - , - , - ]
[ - , 1 , 1 , 1 , - , - , - , - , - , - ]
[ 0 , 0 , - , 0 , - , - , - , - , - , - ]
[ 2 , 2 , - , 0 , - , - , - , - , - , - ]
[ 0 , - , - , 0 , - , 0 , - , - , - , - ]
[ 2 , 1 , - , - , - , 0 , - , - , - , - ]
[ 1 , 2 , - , 0 , - , - , - , - , - , - ]
[ 2 , 2 , - , - , - , 0 , - , - , - , - ]
[ 0 , 2 , - , 0 , - , - , - , - , - , - ]
[ 0 , 0 , - , 3 , - , - , - , - , - , - ]
[ 2 , - , - , 0 , - , - , 3 , - , - , - ]
[ - , - , 1 , - , - , 1 , - , - , - , - ]
[ - , 1 , - , 2 , - , - , - , - , - , - ]
[ 0 , - , - , 0 , - , - , - , - , - , - ]
[ - , 1 , - , 1 , - , - , - , - , - , - ]
[ - , 1 , - , 0 , - , - , - , - , - , - ]
precise
0.11764705882352941
recall
1.0
F-measure
0.21052631578947367
multi
1
time
all 153 iden 1 gen 136
t-cover
702
all-cover
720
coveredNum
(1 : 291)  (2 : 243)  (3 : 102)  (4 : 43)  (5 : 20)  (6 : 4)  (7 : 10)  (8 : 5)  (9 : 2)  
real Identify
([ - , 1 , - , - , - , - , - , - , - , - ] : 1)  ([ 0 , - , - , 0 , - , - , - , - , - , - ] : 1)  
testCase Num: 53
regaular Num: 53
identify Num: 0
0 2 2 0 2 3 1 3 3 0 
1 1 3 0 2 2 3 0 2 3 
2 1 3 2 0 1 2 2 3 1 
3 2 0 2 2 1 0 0 1 2 
2 2 3 3 3 2 0 1 0 1 
0 1 2 1 0 0 0 0 0 0 
3 0 0 3 0 0 0 0 0 0 
2 0 2 3 1 1 2 0 3 3 
0 0 0 0 0 1 2 3 1 0 
1 3 3 2 0 1 1 1 2 0 
1 1 0 1 1 1 1 1 1 1 
0 0 0 1 0 0 0 0 3 0 
0 0 0 1 3 0 3 0 0 0 
0 0 0 0 0 0 0 0 0 0 
0 0 0 0 0 0 0 2 0 3 
0 1 1 1 2 1 0 3 3 0 
1 1 3 3 3 0 1 3 0 2 
3 3 2 1 1 0 0 3 2 1 
2 3 1 0 0 3 1 0 1 3 
0 1 0 1 1 3 2 1 1 0 
1 2 1 1 2 3 3 0 3 1 
0 3 3 0 0 0 0 0 0 0 
3 2 3 0 1 1 1 2 3 0 
1 0 3 0 0 3 2 2 0 3 
0 2 2 1 3 3 2 0 0 2 
1 0 1 0 1 2 0 0 0 2 
1 0 0 3 0 0 0 2 2 0 
2 0 0 2 0 0 0 0 0 0 
0 3 1 2 1 1 3 2 0 0 
2 1 0 3 1 3 1 2 2 0 
2 1 3 2 0 1 0 2 3 1 
0 1 0 3 0 3 0 2 2 1 
0 3 1 3 2 0 0 1 0 3 
0 0 1 0 1 2 0 0 0 2 
1 2 0 0 0 0 0 0 0 0 
0 0 0 1 0 1 1 0 1 1 
3 0 1 0 3 1 2 3 2 1 
1 3 2 0 0 2 2 1 3 2 
0 0 0 1 2 3 1 3 1 0 
2 1 3 0 2 2 3 0 2 3 
0 0 3 1 3 2 1 2 1 0 
0 1 3 2 0 3 2 1 2 0 
1 1 1 2 0 3 0 2 3 1 
2 1 3 3 0 1 2 2 3 1 
2 2 0 1 0 0 3 3 3 3 
0 2 0 2 0 3 0 2 2 1 
2 1 0 2 0 3 1 3 1 1 
3 1 2 1 3 3 3 0 0 1 
2 2 1 1 2 0 2 2 2 2 
3 3 0 2 3 2 2 3 3 3 
0 0 0 0 2 0 2 0 0 1 
3 0 2 3 0 3 3 1 1 2 
1 0 2 2 2 0 1 2 1 0 
MFS
[ 1 , 3 , - , - , - , - , - , - , - , 1 ]
[ - , 1 , 3 , - , 3 , - , - , - , - , - ]
[ 3 , 1 , - , - , - , - , - , - , - , - ]
[ 0 , - , - , 2 , - , - , - , 1 , - , - ]
[ - , 1 , 3 , - , 1 , - , - , - , - , - ]
[ - , 1 , 3 , - , 2 , - , - , - , - , - ]
[ 0 , 1 , - , 2 , - , - , - , - , - , - ]
[ 1 , 1 , - , - , - , - , - , - , - , 1 ]
[ 2 , 1 , - , 0 , - , - , - , - , - , - ]
[ - , 1 , - , - , 1 , 0 , - , - , - , - ]
[ 2 , 1 , 2 , - , - , - , - , - , - , - ]
[ - , 1 , - , - , - , - , 3 , - , - , - ]
[ 0 , 0 , - , 3 , - , - , - , - , - , - ]
[ 2 , 1 , 0 , - , - , - , - , - , - , - ]
[ - , 1 , - , - , - , - , 1 , - , - , - ]
[ 1 , 1 , 1 , - , - , - , - , - , - , - ]
[ - , 1 , - , - , 3 , - , - , - , - , - ]
[ 0 , 0 , - , 2 , - , - , - , - , - , - ]
[ 2 , 1 , 1 , - , - , - , - , - , - , - ]
[ 2 , 0 , - , 0 , - , - , - , - , - , - ]
[ - , 1 , - , - , - , - , 0 , - , - , - ]
[ 0 , 1 , - , - , - , - , - , - , - , - ]
[ 0 , - , - , 0 , - , - , - , - , - , - ]
[ - , 1 , - , - , 0 , - , - , - , - , - ]
[ - , 1 , 0 , - , - , - , - , - , - , - ]
[ 2 , 1 , 3 , 2 , 0 , - , 2 , - , - , - ]
[ - , 1 , 0 , - , - , - , 2 , - , - , - ]
[ 1 , 1 , - , - , 2 , - , - , - , - , - ]
[ 0 , 0 , - , 0 , - , - , - , - , - , - ]
[ 0 , 3 , 3 , - , - , - , - , - , - , - ]
[ 0 , - , - , 1 , - , - , - , 1 , - , - ]
[ 0 , 2 , - , - , - , - , - , 3 , - , - ]
[ 1 , 0 , - , - , - , - , - , - , - , 1 ]
[ 2 , 1 , - , 2 , - , - , - , - , - , - ]
[ - , 1 , - , - , 1 , 3 , - , - , - , - ]
[ 0 , 1 , - , 3 , - , - , - , - , - , - ]
[ 2 , 1 , - , 1 , - , - , - , - , - , - ]
[ - , 1 , - , - , 1 , 2 , - , - , - , - ]
[ 1 , 1 , - , - , - , - , - , - , - , - ]
precise
0.02564102564102564
recall
0.5
F-measure
0.048780487804878044
multi
0
time
all 215 iden 0 gen 200
t-cover
663
all-cover
720
coveredNum
(1 : 285)  (2 : 248)  (3 : 112)  (4 : 35)  (5 : 16)  (6 : 12)  (7 : 9)  (8 : 3)  
real Identify
([ 0 , - , - , 0 , - , - , - , - , - , - ] : 1)  
testCase Num: 77
regaular Num: 77
identify Num: 0
0 0 0 2 2 3 3 0 1 3 
3 1 3 3 0 3 2 2 2 3 
3 1 2 3 0 3 0 1 2 3 
3 1 2 1 0 1 3 0 0 3 
1 3 0 0 1 0 0 2 1 2 
3 3 2 3 0 3 1 0 1 1 
2 0 3 0 0 0 0 0 0 1 
0 1 3 3 0 1 2 3 3 1 
0 3 0 0 0 0 0 0 3 2 
0 0 0 2 0 0 0 0 3 1 
0 0 0 2 1 3 1 0 2 2 
0 2 3 1 1 0 3 1 1 1 
0 0 0 2 2 0 0 0 0 2 
0 1 2 3 3 0 2 3 0 2 
3 0 1 1 1 1 0 0 0 0 
2 1 0 2 3 0 1 3 2 1 
0 1 2 3 0 0 3 3 3 1 
2 0 2 1 2 2 2 2 2 1 
1 3 0 1 0 0 2 2 3 0 
0 0 0 0 0 0 0 0 0 0 
3 0 2 0 0 0 0 1 2 3 
1 1 1 1 1 1 1 1 1 0 
0 1 3 3 2 0 2 2 1 3 
0 2 0 0 0 0 0 0 0 3 
0 2 2 0 0 0 0 0 0 0 
0 0 0 0 1 2 1 0 3 2 
2 3 0 0 0 1 3 0 3 2 
0 3 2 0 0 0 3 0 2 0 
0 3 0 1 1 0 0 3 0 0 
0 3 0 3 1 0 0 2 0 0 
0 1 3 3 2 3 2 1 2 3 
0 0 0 2 0 0 3 0 2 0 
2 1 2 2 0 0 3 3 3 1 
2 0 1 0 0 0 0 0 0 3 
1 2 3 1 0 2 1 0 2 2 
2 1 2 3 2 1 2 1 3 1 
0 0 2 2 2 0 1 1 0 2 
2 2 1 0 3 3 2 0 1 0 
0 1 2 0 2 1 1 2 0 2 
1 0 3 1 3 3 3 2 0 0 
3 1 2 0 2 1 1 2 0 2 
0 1 3 3 3 0 2 2 1 2 
2 1 2 3 2 1 1 1 0 2 
0 1 3 3 2 0 2 2 0 3 
0 1 3 3 3 0 2 0 1 2 
3 0 3 2 1 1 2 1 3 3 
1 3 3 0 2 3 0 3 3 3 
0 1 0 0 0 3 0 0 2 0 
2 0 0 2 3 1 1 3 1 1 
0 2 3 0 1 1 3 1 2 1 
0 3 0 0 0 0 1 1 0 0 
2 0 2 0 0 0 3 3 3 0 
0 0 1 0 2 0 1 1 0 0 
0 1 3 3 2 3 2 1 3 3 
0 1 2 0 0 3 0 0 2 0 
0 0 0 2 3 0 0 0 0 0 
0 1 3 3 2 1 2 3 2 3 
1 3 0 0 0 0 2 0 0 2 
0 1 3 3 3 0 2 2 0 2 
0 2 1 0 1 0 3 1 2 1 
0 2 2 0 1 0 3 1 2 1 
0 0 2 0 1 0 0 3 3 1 
2 1 0 2 0 1 3 0 3 3 
0 2 1 3 0 1 0 3 2 0 
3 1 0 1 2 2 0 3 1 0 
0 0 0 2 0 0 0 0 0 0 
3 2 1 2 3 2 3 3 0 2 
3 3 0 0 2 2 1 2 1 0 
1 3 2 2 3 1 0 2 2 0 
0 1 3 3 2 3 2 2 2 3 
0 0 0 0 1 0 0 2 0 0 
1 0 1 3 2 1 2 3 0 1 
0 0 0 0 2 0 0 1 0 0 
1 1 3 1 1 2 0 1 1 0 
2 3 0 3 1 3 0 1 0 2 
0 2 1 1 2 0 1 2 3 3 
0 3 1 3 3 2 3 1 3 3 
MFS
[ - , 1 , - , - , - , - , - , 3 , 2 , - ]
[ - , 1 , - , - , - , - , - , 0 , - , 1 ]
[ 3 , 1 , - , - , - , - , - , 3 , - , 1 ]
[ 0 , 3 , - , - , - , - , - , - , - , 2 ]
[ - , 2 , 0 , - , - , - , - , - , - , - ]
[ - , 1 , - , - , 3 , - , - , - , - , 1 ]
[ 1 , 1 , - , - , - , - , - , - , - , 2 ]
[ - , 1 , - , - , 3 , - , - , - , - , 3 ]
[ - , 1 , - , - , - , - , - , - , 0 , 3 ]
[ - , 1 , - , - , - , - , 3 , - , - , - ]
[ 1 , 1 , 3 , - , - , - , - , - , - , - ]
[ 2 , 1 , - , - , - , - , - , - , 2 , 3 ]
[ 0 , 0 , - , 3 , - , - , - , - , - , - ]
[ - , 1 , - , - , - , - , 1 , - , - , - ]
[ 1 , 1 , - , - , 2 , - , - , - , 0 , - ]
[ - , 1 , - , - , - , - , 0 , - , - , - ]
[ - , 1 , 2 , - , - , - , - , - , - , - ]
[ - , 1 , 1 , - , - , - , - , - , - , - ]
[ - , - , 2 , - , 1 , - , - , - , - , - ]
[ 3 , 1 , 3 , - , - , - , - , - , - , - ]
[ - , 1 , 0 , - , - , - , - , - , - , - ]
[ 0 , 1 , - , - , - , - , - , - , 0 , 2 ]
[ - , 1 , - , - , - , 3 , - , - , 1 , - ]
[ - , 2 , - , 1 , - , 1 , - , - , - , - ]
[ 0 , 1 , - , - , - , - , - , 3 , - , 1 ]
[ 0 , 1 , 3 , - , - , - , - , 0 , - , - ]
[ - , 1 , - , - , - , - , - , - , 3 , - ]
[ - , 1 , - , - , - , - , - , 3 , - , 3 ]
[ 0 , 1 , - , - , - , - , - , 0 , 1 , 2 ]
[ - , 1 , - , 2 , 3 , - , - , - , - , - ]
[ - , 1 , - , - , 0 , - , - , - , - , 3 ]
[ 0 , 0 , - , 1 , - , - , - , - , - , - ]
[ 3 , 2 , - , 0 , - , - , - , - , - , - ]
[ 0 , 0 , - , 0 , - , - , - , - , - , - ]
[ 1 , 2 , - , 0 , - , - , - , - , - , - ]
[ - , 1 , - , - , - , 0 , - , 0 , 1 , - ]
[ 2 , 1 , - , - , 2 , - , - , - , 0 , - ]
[ 1 , 1 , - , - , - , - , - , - , 2 , 3 ]
[ 3 , 1 , - , 0 , - , - , - , - , - , - ]
[ - , 1 , - , 3 , 2 , 3 , - , - , - , - ]
[ - , 0 , 0 , 3 , - , - , - , - , - , - ]
[ - , 2 , 2 , - , - , - , - , - , - , - ]
[ 2 , 1 , 0 , - , - , - , - , 3 , - , 1 ]
[ - , 1 , - , 3 , 0 , - , - , - , - , - ]
[ - , 1 , - , 3 , 1 , - , - , - , - , - ]
[ - , 1 , - , 3 , 3 , - , - , - , - , - ]
[ 3 , 1 , - , - , - , 3 , - , 2 , - , 3 ]
[ - , 1 , - , - , - , 2 , - , - , 1 , - ]
[ - , 1 , - , - , - , - , - , 1 , 2 , - ]
[ - , 1 , - , - , - , 1 , - , 2 , - , 3 ]
[ 3 , - , 2 , - , 2 , - , - , - , - , - ]
[ - , 1 , - , - , - , - , - , 2 , - , 1 ]
[ 0 , 3 , - , 0 , - , - , - , - , - , - ]
[ - , 2 , 1 , - , 1 , - , - , - , - , - ]
[ - , 1 , - , - , 1 , - , - , - , - , 3 ]
[ - , 0 , 0 , 1 , - , - , - , - , - , - ]
[ - , 0 , 0 , 0 , - , - , - , - , - , - ]
[ 0 , 1 , - , - , - , - , - , - , - , 2 ]
[ 0 , 1 , - , - , - , - , - , - , - , 1 ]
[ 2 , 1 , - , - , - , - , - , - , - , 2 ]
[ - , 1 , - , - , - , - , - , - , - , 0 ]
[ 2 , 1 , 3 , - , - , - , - , - , - , - ]
[ 0 , 1 , - , - , - , - , - , - , 2 , 2 ]
[ - , 1 , - , - , - , - , - , - , 3 , 3 ]
[ - , 1 , - , 2 , - , - , - , - , - , - ]
[ - , 1 , - , 1 , - , - , - , - , - , - ]
[ 0 , - , - , 0 , - , - , - , - , - , - ]
[ - , 1 , - , 3 , 2 , 1 , 1 , - , - , - ]
[ - , 1 , - , 0 , - , - , - , - , - , - ]
[ 0 , 1 , - , - , - , - , - , - , 2 , 3 ]
[ - , 1 , - , 1 , - , 1 , - , - , - , - ]
[ - , 1 , - , 3 , - , - , - , 0 , - , - ]
[ - , 1 , - , - , - , - , - , - , - , 2 ]
[ - , 1 , - , - , - , - , - , 0 , 2 , - ]
[ - , 1 , - , - , - , - , - , 1 , - , 3 ]
[ 3 , 1 , 2 , - , - , - , - , - , 2 , 3 ]
[ - , 3 , - , 1 , - , 1 , - , - , - , - ]
[ 1 , 0 , - , 0 , - , - , - , - , - , - ]
[ - , 1 , - , - , 2 , - , - , - , - , 1 ]
[ 0 , 2 , - , 0 , - , - , - , - , - , - ]
[ 0 , 1 , - , - , - , - , - , - , 3 , 2 ]
[ - , 1 , - , - , - , 2 , - , 2 , - , 3 ]
[ 0 , 1 , - , - , 2 , - , - , - , 0 , - ]
[ - , 1 , - , - , - , - , - , 0 , - , 3 ]
[ - , 1 , - , - , - , 0 , - , 2 , - , 3 ]
[ 1 , 1 , - , - , - , - , - , 3 , - , 1 ]
precise
0.011627906976744186
recall
0.5
F-measure
0.022727272727272724
multi
3
time
all 485 iden 1 gen 450
t-cover
715
all-cover
720
coveredNum
(1 : 238)  (2 : 246)  (3 : 120)  (4 : 52)  (5 : 21)  (6 : 12)  (7 : 9)  (8 : 9)  (9 : 7)  (10 : 6)  
real Identify
([ 0 , - , - , 0 , - , - , - , - , - , - ] : 1)  
testCase Num: 55
regaular Num: 55
identify Num: 0
3 0 2 2 3 1 0 0 2 2 
0 0 0 0 0 2 1 0 3 0 
2 3 0 2 2 1 1 2 3 0 
1 2 0 2 1 3 3 3 0 1 
2 1 1 0 0 3 1 3 2 2 
2 1 0 0 1 2 1 1 2 2 
2 0 0 0 0 0 0 0 0 0 
3 1 1 1 2 0 0 1 0 1 
0 3 0 2 1 0 2 1 2 3 
0 0 1 3 0 0 0 0 0 0 
2 1 0 0 1 0 0 0 3 0 
2 2 3 3 1 0 0 1 3 0 
2 3 2 0 1 1 3 0 3 3 
0 0 0 0 0 0 0 0 0 0 
3 0 0 1 1 0 0 0 0 0 
0 0 0 0 0 3 1 1 2 2 
0 2 1 1 3 0 3 3 3 2 
1 1 1 0 3 2 2 1 1 3 
0 0 0 1 0 3 0 1 0 0 
1 1 2 0 2 1 2 0 0 3 
3 0 3 3 2 3 3 2 2 3 
0 0 2 1 3 2 1 2 0 0 
3 2 3 1 0 1 1 0 0 3 
0 3 1 0 1 0 2 1 2 3 
0 3 3 2 2 0 0 0 1 2 
0 1 3 0 3 1 1 3 3 1 
2 1 1 2 3 3 3 0 1 0 
0 0 0 1 3 1 0 1 0 3 
0 0 1 1 0 3 1 3 0 0 
0 1 2 3 0 0 1 2 1 1 
1 1 0 2 3 0 0 1 0 3 
2 1 3 0 3 3 3 3 1 0 
3 3 2 1 0 3 2 3 3 0 
2 0 0 1 2 2 2 3 2 1 
0 2 0 0 1 0 2 2 1 0 
0 2 0 1 0 3 0 0 1 0 
0 0 0 0 3 0 0 2 0 0 
3 0 0 1 0 0 0 3 1 3 
2 1 2 2 0 2 2 1 2 2 
0 1 1 1 2 1 0 0 3 3 
0 2 0 1 1 0 2 2 0 0 
2 1 0 0 0 0 0 0 3 2 
1 3 3 3 3 2 2 0 0 1 
1 0 1 1 1 1 1 1 1 1 
1 0 0 3 3 1 2 3 3 2 
1 2 2 0 2 3 0 2 0 2 
1 0 2 0 2 0 3 1 0 1 
1 0 2 0 0 0 0 0 0 2 
0 0 0 0 1 0 0 0 0 2 
3 1 0 0 1 2 0 3 1 3 
3 3 1 2 0 2 0 1 3 1 
1 2 1 1 0 2 3 2 2 0 
3 1 0 1 1 2 0 1 0 2 
0 0 0 0 0 0 3 1 0 0 
2 0 1 1 2 2 2 0 1 3 
MFS
[ 2 , - , 1 , 2 , - , - , - , - , - , - ]
[ 0 , 3 , - , 0 , - , - , - , - , - , - ]
[ - , - , 3 , 0 , - , - , - , - , - , - ]
[ 2 , - , - , 0 , 3 , - , - , - , - , - ]
[ - , 1 , - , - , 3 , 3 , - , - , - , - ]
[ 1 , 1 , - , 0 , - , - , - , - , - , - ]
[ 3 , 0 , - , 0 , - , - , - , - , - , - ]
[ - , 1 , - , - , - , 2 , - , - , - , - ]
[ - , 1 , - , 3 , - , - , - , - , - , - ]
[ - , 1 , - , - , - , 1 , - , - , - , - ]
[ - , 1 , - , - , 2 , 3 , - , - , - , - ]
[ - , 1 , - , 2 , - , - , - , - , - , - ]
[ - , 1 , - , - , - , 0 , - , - , - , - ]
[ 0 , - , - , 0 , - , - , - , - , - , - ]
[ - , 1 , - , 1 , - , - , - , - , - , - ]
[ 0 , - , 0 , 0 , - , - , - , - , - , - ]
[ 1 , - , 0 , 0 , - , - , - , - , - , - ]
[ 3 , - , 0 , 0 , - , - , - , - , - , - ]
[ 2 , 1 , - , 0 , 0 , - , - , - , - , - ]
[ 2 , 3 , - , 0 , 0 , - , - , - , - , - ]
[ 2 , 2 , - , 0 , 0 , - , - , - , - , - ]
[ 0 , 0 , - , 0 , - , - , - , - , - , - ]
[ 0 , 2 , - , 0 , - , - , - , - , - , - ]
[ - , 1 , - , - , 1 , 3 , - , - , - , - ]
[ 1 , 1 , - , 2 , - , - , - , - , - , - ]
[ 3 , - , - , 0 , - , - , - , - , - , - ]
[ - , - , 1 , 0 , - , - , - , - , - , - ]
precise
0.037037037037037035
recall
0.5
F-measure
0.06896551724137931
multi
1
time
all 216 iden 0 gen 200
t-cover
700
all-cover
720
coveredNum
(1 : 270)  (2 : 234)  (3 : 118)  (4 : 50)  (5 : 18)  (6 : 14)  (7 : 12)  (8 : 2)  (9 : 2)  
real Identify
([ 0 , - , - , 0 , - , - , - , - , - , - ] : 1)  
testCase Num: 58
regaular Num: 58
identify Num: 0
0 3 2 3 1 1 2 0 2 2 
0 2 0 1 2 0 3 2 3 1 
0 2 0 1 1 0 1 2 0 0 
1 1 0 3 2 0 0 0 1 0 
0 2 3 1 3 2 0 2 1 2 
0 3 0 0 0 0 3 0 3 0 
3 0 3 3 1 0 2 2 0 0 
3 0 2 2 0 2 0 0 1 0 
1 0 3 0 0 0 0 0 3 0 
1 3 2 0 3 0 0 2 2 3 
2 0 0 2 3 0 3 1 2 2 
1 0 0 0 0 1 0 3 0 0 
1 1 3 0 2 1 3 0 2 0 
0 0 0 0 0 0 0 0 0 0 
0 0 0 0 0 0 0 2 0 1 
0 0 0 0 2 1 3 3 1 0 
1 0 0 0 2 0 0 0 1 0 
2 0 2 3 0 3 3 0 1 1 
1 0 2 1 0 0 3 0 0 0 
1 1 0 0 3 0 0 0 0 0 
0 0 1 0 3 3 2 0 0 0 
0 2 1 3 2 1 0 1 3 3 
0 2 3 0 0 0 0 0 3 0 
1 1 1 1 1 0 1 1 1 1 
1 3 0 0 3 1 2 1 3 1 
2 1 3 1 2 0 3 2 3 0 
2 2 1 2 2 1 2 2 0 2 
0 3 0 1 2 3 1 3 0 1 
3 2 3 2 2 2 0 1 2 1 
0 1 1 3 0 1 0 1 3 3 
3 0 1 0 3 3 0 3 0 2 
3 0 0 0 0 0 0 0 3 0 
1 1 0 1 1 2 2 1 1 0 
1 0 0 0 0 1 0 0 1 0 
2 2 0 0 1 2 3 3 0 3 
1 3 3 2 0 0 2 3 1 3 
0 3 3 0 0 0 1 2 3 1 
1 0 1 2 3 2 1 0 3 2 
0 0 3 0 0 3 0 0 0 0 
0 1 2 1 3 2 2 0 0 0 
0 3 1 0 0 0 1 1 0 2 
0 1 2 2 1 3 0 3 3 3 
0 2 0 0 0 0 3 2 3 0 
2 3 0 3 0 0 1 0 0 0 
1 0 0 0 0 0 3 0 0 0 
2 0 3 0 0 3 2 2 2 0 
1 1 1 0 0 1 1 1 1 2 
0 0 0 0 0 0 0 3 0 2 
3 3 1 3 3 2 3 3 2 0 
3 0 3 1 2 1 1 0 2 3 
1 1 1 1 1 0 1 2 0 1 
0 2 0 0 2 0 3 2 1 0 
1 0 1 0 0 0 1 1 0 2 
3 1 0 0 0 3 1 2 2 2 
0 3 0 1 0 2 2 0 0 0 
1 0 1 1 1 0 1 1 1 1 
2 2 0 1 0 0 0 0 3 0 
1 2 2 3 2 3 1 1 0 0 
MFS
[ 1 , 1 , 1 , 0 , - , - , - , - , - , - ]
[ 1 , 1 , 1 , 2 , - , - , - , - , - , - ]
[ 1 , 1 , 1 , 3 , - , - , - , - , - , - ]
[ 1 , 1 , 1 , 1 , - , - , - , 2 , - , - ]
[ 0 , 2 , - , - , 0 , - , - , - , - , - ]
[ 0 , 3 , - , 0 , - , - , - , - , - , - ]
[ 3 , 1 , - , - , - , - , - , - , - , - ]
[ 3 , 2 , - , - , 0 , - , - , - , - , - ]
[ 0 , 1 , - , 1 , - , - , - , - , - , - ]
[ 3 , 3 , - , 0 , - , - , - , - , - , - ]
[ 2 , 3 , - , 0 , - , - , - , - , - , - ]
[ 1 , 2 , - , - , 0 , - , - , - , - , - ]
[ 0 , - , - , 2 , - , - , - , - , - , - ]
[ 1 , 1 , 2 , - , - , - , - , - , - , - ]
[ 0 , 1 , - , - , - , - , - , - , - , - ]
[ - , 1 , - , 2 , - , - , - , - , - , - ]
[ 0 , - , - , 0 , - , - , - , - , - , - ]
[ - , 1 , - , 1 , - , - , - , - , - , - ]
[ 2 , 1 , - , - , - , - , - , - , - , - ]
[ - , 1 , - , 0 , - , - , - , - , - , - ]
[ 0 , 0 , - , - , - , - , - , - , - , - ]
[ 0 , 1 , - , - , - , - , 3 , - , - , - ]
[ 3 , 2 , - , 0 , - , - , - , - , - , - ]
[ 1 , 1 , 0 , - , - , - , - , - , - , - ]
[ 0 , 1 , - , - , - , - , 0 , - , - , - ]
[ 1 , 2 , - , 0 , - , - , - , - , - , - ]
[ 0 , 1 , - , - , - , - , 1 , - , - , - ]
[ 0 , 2 , - , 0 , - , - , - , - , - , - ]
[ 0 , 1 , - , 3 , - , - , - , - , - , - ]
[ 1 , 1 , - , - , - , - , - , - , - , - ]
precise
0.03333333333333333
recall
0.5
F-measure
0.0625
multi
0
time
all 231 iden 0 gen 199
t-cover
691
all-cover
720
coveredNum
(1 : 286)  (2 : 203)  (3 : 131)  (4 : 49)  (5 : 14)  (6 : 8)  (7 : 11)  (8 : 6)  (9 : 6)  (10 : 4)  (11 : 2)  
real Identify
([ 0 , - , - , 0 , - , - , - , - , - , - ] : 1)  
testCase Num: 44
regaular Num: 44
identify Num: 0
0 0 2 1 2 3 2 2 3 1 
3 0 2 3 0 1 0 0 1 2 
2 1 1 0 0 0 2 0 2 1 
3 0 0 0 0 0 1 0 0 0 
3 2 3 3 3 2 2 0 2 1 
0 3 3 2 1 1 1 0 2 3 
1 2 3 1 0 2 3 1 0 0 
0 0 2 0 1 0 0 0 0 0 
1 0 0 0 0 2 1 2 2 2 
2 2 3 0 1 0 0 1 3 2 
0 1 2 0 3 1 3 3 1 3 
0 2 1 3 2 0 1 3 1 2 
3 1 0 0 1 2 0 3 0 1 
1 0 2 0 0 0 1 0 0 0 
0 3 0 1 0 0 0 0 0 1 
3 3 1 1 3 0 0 2 0 3 
1 1 0 3 2 3 0 1 2 3 
1 3 1 0 0 2 2 2 3 3 
2 2 0 0 3 3 1 0 3 3 
3 3 2 0 2 1 2 1 0 0 
0 2 2 2 3 1 0 1 3 0 
1 0 0 0 0 1 0 3 0 1 
0 0 0 0 0 0 0 0 0 0 
0 0 2 1 0 2 0 0 0 3 
3 3 1 2 0 3 3 3 3 0 
3 0 2 1 1 2 3 3 0 2 
0 2 0 0 0 0 0 2 2 0 
1 0 0 2 3 0 2 3 2 2 
0 0 0 0 0 3 0 0 1 0 
0 2 0 2 0 3 0 0 0 2 
1 0 1 1 1 1 1 1 1 1 
0 3 0 0 0 0 0 0 0 2 
0 1 3 1 1 3 3 3 0 2 
0 2 3 0 1 3 3 3 1 3 
0 0 0 1 3 1 3 0 1 0 
2 1 2 2 2 2 1 2 0 2 
0 0 3 1 1 3 0 3 1 3 
1 0 0 0 0 0 3 0 1 0 
2 3 0 3 1 1 2 2 1 0 
2 0 0 0 0 0 0 3 0 0 
2 0 3 2 2 2 3 2 1 1 
0 0 0 3 2 2 3 0 0 3 
0 1 0 3 0 0 0 0 3 0 
2 1 2 1 0 0 3 0 2 0 
MFS
[ - , 1 , - , - , - , - , - , - , - , - ]
[ - , 3 , - , - , - , - , - , - , - , 2 ]
[ - , 2 , - , - , - , - , - , 2 , - , - ]
[ - , 1 , - , - , - , 2 , - , - , - , - ]
[ 0 , 0 , - , 2 , - , - , - , - , - , - ]
[ 0 , - , - , 3 , 0 , - , - , - , - , - ]
[ - , 1 , - , - , - , 1 , - , - , - , - ]
[ - , 1 , - , - , - , 0 , - , - , - , - ]
[ 0 , - , - , 0 , - , - , - , - , - , - ]
[ - , 2 , 3 , - , - , - , - , 3 , - , - ]
[ 0 , 0 , - , 0 , - , - , - , - , - , - ]
[ 2 , - , - , - , - , - , - , - , 2 , - ]
precise
0.16666666666666666
recall
1.0
F-measure
0.2857142857142857
multi
1
time
all 154 iden 0 gen 154
t-cover
714
all-cover
720
coveredNum
(1 : 288)  (2 : 228)  (3 : 120)  (4 : 33)  (5 : 21)  (6 : 16)  (7 : 5)  (8 : 8)  (10 : 1)  
real Identify
([ - , 1 , - , - , - , - , - , - , - , - ] : 1)  ([ 0 , - , - , 0 , - , - , - , - , - , - ] : 1)  
testCase Num: 50
regaular Num: 50
identify Num: 0
3 2 0 3 3 1 0 3 1 2 
1 3 2 1 0 0 0 2 2 2 
1 0 3 0 3 1 3 3 2 3 
2 0 0 0 0 0 0 0 0 0 
2 1 0 1 1 2 0 2 0 1 
2 2 2 2 2 2 1 0 2 1 
1 1 3 0 2 1 3 0 2 3 
3 0 2 2 1 1 2 3 0 3 
2 2 3 2 0 3 0 1 1 3 
0 2 0 0 0 1 3 0 0 0 
0 0 0 0 0 0 1 0 3 0 
1 2 0 1 3 3 3 0 3 1 
0 0 0 0 0 0 0 0 0 0 
0 0 2 0 0 0 0 0 0 3 
1 0 0 0 0 2 0 0 0 1 
1 1 1 1 1 1 1 1 1 0 
0 1 0 0 0 1 3 0 2 2 
2 0 0 1 1 2 3 2 0 2 
0 0 2 1 3 1 2 0 2 0 
0 0 0 3 0 3 0 0 0 0 
0 0 0 0 0 2 0 0 0 2 
0 0 2 3 1 1 3 2 1 1 
3 3 0 3 0 2 1 0 1 3 
3 0 1 1 1 3 0 2 2 3 
1 0 0 0 0 1 3 0 0 0 
0 0 0 0 2 0 0 2 0 0 
2 0 3 0 3 0 0 0 0 0 
2 1 1 3 0 0 2 3 3 3 
1 2 3 0 0 2 1 3 0 1 
3 1 2 2 1 1 2 3 0 2 
0 2 2 0 0 3 0 0 0 0 
1 2 3 3 3 0 1 2 0 0 
0 0 0 0 0 0 2 0 2 0 
3 0 0 3 2 0 3 1 2 0 
2 3 2 0 2 1 0 1 3 2 
0 0 0 2 0 0 0 0 0 2 
0 2 0 0 2 2 0 2 0 1 
1 0 1 1 1 1 1 1 1 0 
1 0 1 0 2 0 2 1 1 1 
1 0 0 2 3 2 2 2 3 0 
0 0 0 1 2 0 0 2 0 0 
0 0 2 1 0 3 0 0 0 0 
0 3 0 2 0 0 0 3 0 0 
3 3 3 0 1 3 2 2 3 1 
0 0 0 1 2 0 0 0 0 3 
0 2 1 1 1 0 2 0 3 2 
0 0 0 1 0 0 1 0 3 0 
0 3 1 2 3 2 3 1 0 3 
0 0 3 1 2 3 1 3 0 2 
2 1 2 0 3 3 3 3 2 0 
MFS
[ - , 1 , - , - , - , - , - , - , - , - ]
[ 0 , 2 , - , 3 , - , - , - , - , - , - ]
[ 0 , 0 , - , 0 , - , - , - , - , - , - ]
[ 1 , 1 , - , 0 , - , - , - , - , - , - ]
[ 0 , 2 , - , 2 , - , - , - , - , - , - ]
[ 0 , 2 , - , 0 , - , - , - , - , - , - ]
[ 3 , 0 , - , 0 , - , - , - , - , - , - ]
[ 2 , - , - , 0 , - , - , 3 , - , - , - ]
[ - , 1 , - , - , - , 2 , - , - , - , - ]
[ - , 1 , - , - , - , 1 , - , - , - , - ]
[ - , 1 , - , 2 , - , - , - , - , - , - ]
[ - , - , 1 , 3 , - , - , - , - , - , - ]
[ - , 1 , - , - , - , 0 , - , - , - , - ]
[ 0 , - , - , 0 , - , - , - , - , - , - ]
precise
0.14285714285714285
recall
1.0
F-measure
0.25
multi
1
time
all 184 iden 0 gen 168
t-cover
708
all-cover
720
coveredNum
(1 : 298)  (2 : 211)  (3 : 122)  (4 : 36)  (5 : 12)  (6 : 12)  (7 : 9)  (8 : 10)  (9 : 6)  (10 : 1)  (11 : 2)  (12 : 1)  
real Identify
([ - , 1 , - , - , - , - , - , - , - , - ] : 1)  ([ 0 , - , - , 0 , - , - , - , - , - , - ] : 1)  
testCase Num: 53
regaular Num: 53
identify Num: 0
0 0 0 0 0 0 0 0 1 2 
0 1 0 2 1 0 0 3 0 0 
0 0 0 1 0 0 0 3 0 0 
3 1 1 3 0 1 3 3 0 2 
1 1 3 0 3 3 3 1 1 0 
0 1 1 2 0 1 0 3 0 0 
3 1 0 0 2 2 1 2 2 3 
0 0 0 1 0 0 2 0 0 2 
1 0 1 0 1 1 2 1 0 1 
2 2 1 2 2 2 0 1 2 2 
0 3 1 0 1 1 2 2 2 0 
0 1 1 2 1 1 0 3 0 0 
0 3 0 2 3 2 3 3 1 0 
0 0 0 1 0 0 3 0 2 0 
2 3 3 1 0 3 1 2 1 1 
1 1 0 1 1 1 1 1 1 1 
2 1 3 0 3 3 3 2 1 0 
0 1 2 1 0 3 0 2 1 0 
3 3 2 2 3 3 1 0 3 3 
0 1 2 1 0 1 3 1 1 2 
3 3 2 1 0 1 2 3 2 0 
1 0 0 0 2 3 0 0 0 0 
0 0 0 0 0 0 0 0 0 0 
0 0 0 0 3 0 0 1 0 0 
3 3 3 1 2 0 1 1 0 0 
0 0 1 2 0 0 0 0 0 0 
3 0 1 3 1 3 0 0 1 1 
1 0 2 0 0 0 0 1 0 0 
1 2 2 0 2 1 3 0 3 1 
0 0 0 0 2 3 0 1 0 0 
1 0 0 0 0 1 0 0 1 2 
1 0 3 3 0 2 2 2 3 1 
3 2 3 0 1 0 2 1 0 3 
0 0 0 1 1 3 0 1 0 0 
0 1 2 1 1 0 0 2 3 2 
2 0 2 1 1 2 3 0 0 3 
0 1 1 1 3 0 2 2 3 2 
1 2 2 2 0 1 1 2 0 0 
0 1 2 1 0 0 0 0 3 0 
0 1 1 2 1 1 0 3 2 0 
0 0 3 2 1 0 1 3 2 1 
0 0 3 3 3 1 0 0 2 2 
0 0 2 0 1 0 3 1 2 2 
2 3 0 3 0 1 0 1 3 3 
1 2 0 1 3 3 0 3 2 2 
0 3 0 0 0 0 0 0 0 1 
0 2 2 3 2 0 2 3 1 3 
2 1 0 2 3 3 2 0 0 1 
2 0 0 3 2 0 1 3 3 0 
1 3 1 0 1 0 1 3 3 2 
1 0 1 0 0 0 0 0 2 3 
0 1 1 2 1 3 0 2 0 0 
3 3 1 3 3 0 3 2 0 2 
MFS
[ - , 1 , - , - , - , - , - , 1 , 0 , - ]
[ - , 1 , - , - , - , - , - , 3 , 0 , - ]
[ - , - , 0 , 2 , - , - , 0 , - , - , - ]
[ - , 1 , 1 , - , - , - , - , - , 3 , - ]
[ - , 1 , 3 , - , 3 , - , - , - , - , - ]
[ 0 , 3 , - , 0 , - , - , - , - , - , - ]
[ 1 , 1 , - , 0 , - , - , - , - , - , - ]
[ 0 , 3 , - , 3 , - , - , - , - , - , - ]
[ 0 , 3 , - , 1 , - , - , - , - , - , - ]
[ - , 1 , - , - , - , - , - , - , 1 , - ]
[ - , 1 , - , 3 , - , - , - , - , - , - ]
[ - , 1 , - , - , 2 , - , - , - , - , - ]
[ 0 , - , - , 0 , - , - , - , - , - , - ]
[ - , 1 , - , - , 0 , - , - , - , - , - ]
[ 2 , - , - , 0 , - , - , - , - , - , - ]
[ - , 1 , - , - , - , - , - , - , - , - ]
[ - , 1 , - , - , - , - , - , 0 , 0 , - ]
[ - , 1 , 0 , - , 1 , - , - , - , - , - ]
[ - , 1 , 2 , - , 3 , - , - , - , - , - ]
[ 0 , 0 , - , 0 , - , - , - , - , - , - ]
[ 3 , 1 , - , 0 , - , - , - , - , - , - ]
[ - , - , - , 2 , - , - , 2 , - , - , - ]
[ - , 1 , 0 , 1 , - , - , - , - , - , - ]
[ - , - , 1 , 1 , - , - , - , - , - , - ]
[ - , 1 , 1 , - , 3 , - , - , - , - , - ]
precise
0.08
recall
1.0
F-measure
0.14814814814814814
multi
0
time
all 248 iden 0 gen 232
t-cover
700
all-cover
720
coveredNum
(1 : 273)  (2 : 247)  (3 : 115)  (4 : 39)  (5 : 26)  (6 : 8)  (7 : 6)  (8 : 4)  (9 : 2)  
real Identify
([ - , 1 , - , - , - , - , - , - , - , - ] : 1)  ([ 0 , - , - , 0 , - , - , - , - , - , - ] : 1)  
