testCase Num: 37
regaular Num: 37
identify Num: 0
3 1 1 2 3 1 0 1 2 0 
0 1 1 0 1 3 3 3 0 2 
3 0 0 0 3 2 1 0 1 1 
0 2 3 0 3 1 1 2 3 3 
1 1 1 0 1 0 3 3 0 2 
1 0 0 1 3 3 2 0 3 2 
0 3 0 0 0 0 0 2 3 1 
1 1 0 0 0 0 2 0 0 3 
2 2 0 2 2 2 2 2 2 2 
2 3 2 0 0 1 1 0 1 2 
0 1 0 3 0 2 1 3 2 1 
0 1 0 0 0 3 2 2 0 0 
1 1 0 1 1 1 1 1 1 1 
1 3 2 1 3 0 3 3 2 0 
0 1 3 3 0 2 1 3 2 1 
1 2 0 0 3 3 1 2 0 0 
1 2 0 2 0 0 3 1 3 3 
0 0 0 0 0 0 0 0 0 0 
1 3 3 0 2 2 0 1 0 2 
2 2 3 1 1 3 0 0 2 3 
1 2 1 3 0 2 3 2 1 0 
0 1 3 3 3 1 1 2 3 3 
0 0 0 1 0 0 3 0 0 2 
2 0 0 3 3 1 3 1 0 1 
0 2 0 1 2 1 0 3 1 0 
3 0 3 3 0 0 0 0 0 2 
3 3 1 3 0 3 2 1 3 3 
2 1 1 3 2 0 1 0 3 0 
0 1 2 2 2 3 1 1 0 3 
3 2 2 1 0 0 2 2 0 1 
1 0 0 0 0 3 0 3 0 0 
1 3 0 0 0 0 0 2 3 1 
0 3 0 2 1 0 2 3 1 3 
3 0 3 2 2 3 3 0 1 1 
2 0 2 3 1 2 0 3 3 3 
3 0 3 0 1 1 2 3 2 0 
0 0 1 1 1 2 0 2 0 1 
MFS
[ 0 , - , - , 0 , - , - , - , - , - , - ]
precise
1.0
recall
0.5
F-measure
0.6666666666666666
multi
2
time
all 172 iden 0 gen 157
t-cover
720
all-cover
720
coveredNum
(1 : 288)  (2 : 256)  (3 : 131)  (4 : 27)  (5 : 14)  (6 : 3)  (7 : 1)  
real Identify
([ 0 , - , - , 0 , - , - , - , - , - , - ] : 1)  
testCase Num: 43
regaular Num: 43
identify Num: 0
0 0 0 1 1 0 0 0 3 0 
1 1 0 0 3 1 0 2 1 0 
0 1 2 0 0 2 1 2 1 1 
0 3 1 0 2 3 2 1 2 3 
0 2 3 0 3 1 3 3 3 2 
1 1 1 0 2 3 0 3 3 3 
1 0 0 0 0 0 0 2 0 1 
2 0 2 3 3 3 0 0 3 1 
0 3 2 1 1 2 0 1 0 0 
3 3 0 3 0 1 1 1 0 2 
3 3 2 0 1 3 3 3 0 0 
1 3 3 2 0 3 1 2 3 0 
3 2 1 2 1 3 0 0 1 2 
0 0 0 2 2 0 0 3 0 0 
0 0 1 0 0 0 3 0 3 0 
1 1 0 1 3 3 0 3 2 3 
0 2 3 1 3 1 3 0 3 2 
3 0 3 0 2 0 1 0 2 1 
0 0 0 0 0 0 2 0 0 1 
0 0 0 0 3 0 0 2 0 0 
0 0 0 0 0 0 0 0 0 0 
0 0 0 0 0 0 2 0 0 2 
1 3 1 0 3 1 2 3 2 2 
1 3 0 3 2 1 2 0 1 3 
1 0 0 1 2 0 3 2 3 2 
1 2 0 3 2 2 3 3 0 1 
0 0 0 0 1 0 0 0 3 0 
1 0 1 1 1 1 1 1 1 1 
2 3 3 2 3 0 3 1 1 1 
1 2 2 0 0 0 3 1 3 3 
0 1 2 1 0 2 1 0 1 0 
2 0 1 0 3 2 1 3 0 2 
1 0 3 0 0 0 0 3 0 0 
0 0 0 1 2 0 0 1 0 0 
2 0 0 2 1 2 2 2 0 3 
1 0 0 0 0 3 0 0 0 0 
3 1 1 3 1 0 3 2 2 0 
2 2 2 1 0 0 2 3 1 0 
0 1 1 1 0 3 2 1 2 1 
0 2 0 2 0 2 1 2 2 3 
0 1 3 3 1 1 0 1 0 0 
3 1 3 1 3 2 2 0 3 3 
2 1 2 2 2 1 0 2 2 2 
MFS
[ 0 , - , - , 3 , - , - , - , - , - , - ]
[ 0 , - , - , 0 , - , - , - , - , - , - ]
[ 2 , 1 , - , - , - , - , - , - , - , - ]
[ 1 , - , - , 0 , - , - , - , - , 1 , - ]
[ 1 , - , - , 1 , - , - , - , 3 , - , - ]
precise
0.2
recall
0.5
F-measure
0.28571428571428575
multi
1
time
all 219 iden 16 gen 203
t-cover
714
all-cover
720
coveredNum
(1 : 268)  (2 : 269)  (3 : 108)  (4 : 43)  (5 : 18)  (6 : 5)  (7 : 8)  (8 : 1)  
real Identify
([ 0 , - , - , 0 , - , - , - , - , - , - ] : 1)  
testCase Num: 38
regaular Num: 38
identify Num: 0
2 2 0 2 1 0 2 1 3 2 
0 3 2 0 1 2 3 1 2 3 
2 2 0 1 3 0 0 3 1 3 
1 1 1 1 0 3 1 2 2 0 
0 1 2 2 0 3 3 3 0 2 
2 0 2 3 1 3 0 2 3 0 
0 0 3 1 0 0 0 0 0 2 
1 0 0 0 2 0 0 1 0 0 
2 1 3 0 2 3 0 0 0 3 
1 1 0 3 2 0 3 0 3 1 
0 0 2 1 1 1 2 0 2 1 
2 0 0 0 1 0 3 0 0 1 
0 2 3 3 3 1 3 2 3 0 
3 1 3 1 0 2 2 1 0 0 
0 0 0 3 0 0 0 3 0 0 
0 0 1 2 2 1 1 0 1 0 
3 0 2 0 0 0 3 2 1 2 
0 0 3 0 0 0 0 0 0 2 
0 0 0 1 1 2 3 0 0 3 
1 0 0 0 0 1 0 3 0 0 
3 0 3 2 1 0 1 3 2 1 
1 2 2 0 3 3 1 2 0 1 
0 1 0 2 3 3 0 1 0 0 
0 0 0 0 0 0 0 0 0 0 
1 3 3 2 0 2 0 2 1 1 
1 3 2 0 1 1 3 1 2 3 
2 3 1 3 0 1 1 1 0 3 
3 3 0 2 2 3 2 2 1 3 
3 3 0 3 3 1 0 0 2 2 
0 0 0 0 0 1 0 3 0 0 
3 2 1 1 0 0 3 2 3 3 
1 0 3 0 0 0 0 0 0 0 
2 2 2 1 2 2 1 0 2 2 
0 0 0 0 2 0 0 1 0 0 
1 1 1 1 1 1 0 1 1 1 
1 0 1 0 3 2 2 3 3 2 
0 3 0 1 2 0 1 3 3 0 
1 0 0 3 0 2 2 1 1 3 
MFS
[ 0 , - , - , 0 , - , - , - , - , - , - ]
[ 2 , 1 , - , 0 , - , - , - , - , - , - ]
precise
0.5
recall
0.5
F-measure
0.5
multi
0
time
all 203 iden 15 gen 188
t-cover
715
all-cover
720
coveredNum
(1 : 286)  (2 : 223)  (3 : 143)  (4 : 37)  (5 : 14)  (6 : 12)  (7 : 5)  
real Identify
([ 0 , - , - , 0 , - , - , - , - , - , - ] : 1)  
testCase Num: 41
regaular Num: 41
identify Num: 0
0 0 0 0 0 0 0 0 1 2 
1 2 1 2 1 3 0 0 3 3 
3 0 0 0 0 0 3 1 0 0 
0 0 0 1 0 0 0 1 0 0 
1 0 0 1 1 0 0 3 0 1 
1 3 0 1 2 0 2 1 1 3 
2 3 0 2 0 0 0 1 0 2 
1 1 1 0 1 1 1 1 1 1 
0 2 0 0 2 2 3 2 3 1 
0 2 0 1 3 0 0 0 0 0 
0 3 3 0 1 3 3 1 0 2 
1 0 0 3 2 3 2 1 0 0 
0 2 2 0 3 0 2 0 2 0 
3 3 3 0 0 2 1 2 2 1 
0 1 2 0 1 1 0 0 3 0 
0 2 3 1 1 2 3 0 2 1 
0 3 2 2 0 2 1 3 1 0 
0 0 0 0 0 0 0 0 0 0 
0 1 0 3 3 1 0 2 0 3 
1 2 2 1 0 3 3 2 1 0 
1 2 0 0 2 2 3 0 3 1 
2 1 2 1 2 2 2 2 0 2 
1 3 0 0 0 3 3 0 0 2 
1 0 1 0 0 2 0 0 0 0 
0 0 0 0 0 3 1 0 0 0 
1 1 2 0 1 1 0 2 3 0 
2 0 1 2 1 0 2 2 2 1 
2 0 1 3 0 1 3 0 2 0 
1 0 3 2 2 1 0 0 2 2 
3 3 2 3 1 2 0 0 1 1 
2 2 3 3 0 0 1 1 3 3 
3 1 3 1 0 0 2 0 2 0 
1 0 2 0 3 2 1 1 2 3 
3 2 1 3 2 1 1 3 0 2 
1 2 2 0 1 0 2 0 1 2 
3 1 0 2 3 3 3 3 2 3 
3 0 0 1 3 0 1 0 3 2 
0 3 1 1 3 1 2 3 3 0 
2 0 3 0 3 3 0 3 1 1 
0 0 1 0 0 2 0 0 0 0 
0 0 3 1 2 3 1 0 0 2 
MFS
[ 0 , - , - , 0 , - , - , - , - , - , - ]
precise
1.0
recall
0.5
F-measure
0.6666666666666666
multi
1
time
all 203 iden 0 gen 203
t-cover
720
all-cover
720
coveredNum
(1 : 276)  (2 : 253)  (3 : 107)  (4 : 50)  (5 : 26)  (6 : 4)  (7 : 3)  (8 : 1)  
real Identify
([ 0 , - , - , 0 , - , - , - , - , - , - ] : 1)  
testCase Num: 35
regaular Num: 35
identify Num: 0
1 2 3 0 0 3 1 1 3 3 
0 2 3 3 1 1 0 1 2 2 
2 1 0 0 0 3 0 0 1 2 
3 3 0 1 3 1 1 1 2 0 
0 3 2 1 3 0 2 2 1 1 
2 0 0 0 0 0 0 1 0 0 
3 3 1 1 0 2 3 0 0 2 
3 0 2 0 1 0 0 0 0 0 
2 2 2 1 2 0 1 2 2 2 
0 2 1 3 1 0 1 3 0 2 
0 0 3 0 2 0 0 0 1 0 
3 1 3 1 0 0 2 2 3 0 
2 0 0 0 1 2 3 2 3 3 
1 3 3 0 2 0 0 0 1 0 
0 1 2 3 0 2 3 3 2 1 
2 0 3 1 3 3 3 0 0 1 
0 0 0 0 0 0 0 0 0 0 
3 2 0 0 2 1 3 3 1 1 
1 3 2 2 1 0 3 1 0 0 
0 0 0 1 0 0 0 3 3 3 
0 1 1 2 3 1 1 2 0 3 
0 2 0 0 0 0 2 0 0 0 
0 0 0 2 0 0 0 0 2 0 
0 3 2 1 2 3 0 0 2 3 
0 3 2 0 3 0 2 2 1 1 
2 0 2 2 0 1 1 3 3 1 
1 2 0 0 3 0 2 0 0 0 
1 0 1 0 2 2 2 1 2 2 
2 3 1 3 2 1 2 0 3 0 
1 1 1 2 2 3 2 3 0 0 
3 0 0 3 1 3 2 2 1 3 
3 3 3 2 3 2 0 3 3 2 
1 1 1 1 1 1 0 1 1 1 
1 2 0 2 3 2 1 0 1 0 
1 0 0 3 3 0 0 2 0 3 
MFS
[ 0 , - , - , 0 , - , - , - , - , - , - ]
precise
1.0
recall
0.5
F-measure
0.6666666666666666
multi
0
time
all 219 iden 0 gen 203
t-cover
720
all-cover
720
coveredNum
(1 : 280)  (2 : 277)  (3 : 110)  (4 : 39)  (5 : 9)  (6 : 4)  (7 : 1)  
real Identify
([ 0 , - , - , 0 , - , - , - , - , - , - ] : 1)  
testCase Num: 36
regaular Num: 36
identify Num: 0
0 2 2 0 2 3 2 1 2 3 
1 0 2 2 0 3 1 3 1 2 
0 0 0 1 0 0 0 0 0 0 
0 3 3 1 0 3 0 0 0 1 
2 0 3 1 2 1 0 0 1 3 
0 1 3 0 3 1 3 3 1 2 
0 1 2 1 0 0 0 0 0 0 
0 0 1 3 0 0 0 0 0 3 
2 2 0 3 3 0 3 0 3 1 
1 3 3 0 0 2 2 1 3 3 
2 0 1 3 3 0 0 1 2 2 
0 2 1 1 2 2 2 0 0 2 
3 1 1 1 0 2 3 1 1 0 
2 2 2 2 1 2 2 2 1 0 
0 2 2 1 0 1 3 1 1 0 
3 0 3 2 1 0 3 2 0 3 
1 3 0 2 2 1 3 1 1 2 
3 3 1 0 1 0 0 2 3 2 
0 0 0 0 0 0 0 0 0 0 
2 2 0 3 0 2 0 3 1 1 
2 1 0 1 2 2 0 2 2 0 
2 3 1 0 1 3 1 3 0 0 
1 1 3 0 3 0 3 3 1 2 
1 2 0 0 2 3 2 0 2 3 
3 3 2 3 2 3 3 0 2 1 
0 1 0 3 1 0 2 0 2 3 
0 0 0 2 0 0 0 3 2 0 
0 0 0 1 0 3 0 1 0 0 
3 0 2 0 3 1 2 3 3 1 
0 0 1 2 3 2 1 0 3 0 
3 2 0 1 2 0 1 3 3 3 
1 1 1 1 1 1 1 1 0 1 
0 1 0 2 3 3 0 2 3 1 
1 2 3 3 0 1 1 2 2 0 
0 1 2 0 0 0 0 0 1 0 
1 3 2 1 3 0 0 0 0 3 
MFS
[ 0 , - , - , 0 , - , - , - , - , - , - ]
precise
1.0
recall
0.5
F-measure
0.6666666666666666
multi
2
time
all 182 iden 0 gen 182
t-cover
720
all-cover
720
coveredNum
(1 : 310)  (2 : 219)  (3 : 130)  (4 : 30)  (5 : 11)  (6 : 12)  (7 : 8)  
real Identify
([ 0 , - , - , 0 , - , - , - , - , - , - ] : 1)  
testCase Num: 35
regaular Num: 35
identify Num: 0
3 3 3 2 3 0 1 0 1 1 
0 3 2 0 2 0 3 2 0 1 
0 0 1 1 1 3 0 0 2 3 
3 0 0 0 0 0 0 0 3 0 
3 0 1 3 1 1 3 2 1 0 
1 0 1 0 0 0 0 0 0 2 
0 2 2 3 3 1 3 3 2 1 
1 0 2 0 2 0 3 2 1 1 
0 1 0 1 0 2 3 3 0 0 
1 1 3 0 0 2 1 2 2 3 
3 0 2 3 0 2 2 0 0 1 
0 3 1 1 3 2 0 2 3 1 
3 1 2 0 3 3 0 1 1 3 
2 2 2 2 1 2 0 2 1 2 
0 1 0 2 2 2 2 1 1 0 
2 3 0 3 0 3 3 1 3 3 
2 0 1 2 2 1 1 3 0 3 
1 3 2 0 0 0 0 0 0 0 
0 0 0 0 3 0 2 0 0 0 
0 1 3 3 1 1 0 0 3 2 
0 0 0 0 0 0 0 0 0 0 
3 0 3 1 2 3 2 3 2 2 
0 2 0 3 3 3 1 1 0 2 
1 2 1 0 2 0 2 0 3 3 
2 3 0 0 1 1 2 3 0 1 
1 1 1 0 0 2 3 3 1 2 
1 0 0 0 3 0 2 0 0 0 
0 3 0 1 0 0 0 3 1 0 
3 2 0 1 0 3 2 2 0 1 
1 3 0 3 2 0 0 0 2 2 
1 1 1 1 1 1 1 1 0 1 
2 2 3 2 1 0 3 1 2 0 
2 1 2 1 3 0 3 0 0 2 
1 0 2 2 3 3 1 3 3 0 
0 0 3 2 0 1 0 1 0 0 
MFS
[ 3 , 1 , - , 0 , - , - , - , - , - , - ]
[ 0 , - , - , 0 , - , - , - , - , - , - ]
[ 1 , - , - , 1 , - , - , - , - , - , - ]
[ 1 , - , 3 , 0 , - , - , - , - , - , - ]
precise
0.25
recall
0.5
F-measure
0.3333333333333333
multi
0
time
all 157 iden 0 gen 157
t-cover
720
all-cover
720
coveredNum
(1 : 293)  (2 : 259)  (3 : 115)  (4 : 33)  (5 : 14)  (6 : 5)  (8 : 1)  
real Identify
([ 0 , - , - , 0 , - , - , - , - , - , - ] : 1)  
testCase Num: 40
regaular Num: 40
identify Num: 0
2 1 3 3 1 0 0 2 2 3 
2 3 0 2 3 1 1 0 2 1 
1 0 0 1 2 0 0 2 3 2 
0 0 0 1 0 0 0 0 0 0 
1 1 0 0 3 3 1 3 3 0 
3 1 0 2 0 0 2 3 1 2 
0 2 1 2 2 3 0 1 0 1 
3 1 1 0 0 3 0 3 2 1 
0 0 0 1 0 3 0 0 1 0 
1 0 2 2 1 0 2 1 2 1 
2 0 0 2 0 1 2 0 3 0 
0 0 3 2 2 1 3 0 1 3 
0 3 0 3 0 2 2 1 1 3 
1 3 3 0 1 3 2 2 0 2 
1 3 3 3 0 3 3 0 0 0 
0 0 0 0 3 0 0 0 0 3 
0 2 3 1 1 2 1 3 0 2 
0 0 0 0 0 0 0 0 0 0 
3 0 1 3 0 1 1 2 3 0 
0 0 0 0 0 0 0 0 2 2 
0 1 2 1 3 3 3 0 2 0 
3 2 3 3 3 0 3 1 3 1 
2 0 1 1 0 3 3 3 2 3 
1 1 1 1 1 1 1 1 1 0 
0 0 1 1 0 2 0 0 0 0 
0 0 0 1 0 0 3 2 0 0 
3 0 0 0 1 0 1 0 0 0 
0 0 0 0 0 3 0 0 1 0 
2 2 2 2 2 2 2 2 2 0 
3 3 1 1 3 0 2 0 0 2 
2 2 2 0 0 1 3 1 1 2 
3 1 2 0 2 2 1 0 0 3 
1 0 0 0 0 0 0 0 2 2 
1 0 0 0 3 0 0 0 0 3 
0 0 3 1 3 2 0 2 1 1 
1 2 0 3 1 2 3 0 3 3 
2 0 0 0 0 1 0 0 0 0 
0 0 0 0 0 0 3 2 0 0 
0 3 2 3 2 1 0 3 3 2 
0 0 1 0 0 2 0 0 0 0 
MFS
[ 0 , - , - , 0 , - , - , - , - , - , - ]
[ 1 , 1 , - , 0 , - , - , - , - , - , - ]
precise
0.5
recall
0.5
F-measure
0.5
multi
0
time
all 187 iden 0 gen 187
t-cover
720
all-cover
720
coveredNum
(1 : 290)  (2 : 225)  (3 : 125)  (4 : 38)  (5 : 18)  (6 : 8)  (7 : 6)  (8 : 6)  (9 : 4)  
real Identify
([ 0 , - , - , 0 , - , - , - , - , - , - ] : 1)  
testCase Num: 44
regaular Num: 44
identify Num: 0
1 1 2 0 3 3 3 0 1 0 
0 0 0 1 0 0 0 2 0 3 
1 3 0 0 0 1 3 3 0 2 
1 1 1 1 0 1 1 1 1 1 
3 2 1 2 2 2 3 3 3 0 
3 0 3 2 0 3 3 2 0 1 
1 3 0 2 0 0 0 0 3 1 
0 0 0 1 3 1 3 0 2 3 
2 0 0 2 3 3 1 1 2 2 
3 3 2 3 3 3 0 1 0 3 
0 1 0 2 2 1 0 0 1 3 
3 0 2 1 0 1 2 0 3 2 
1 0 3 3 1 2 2 3 1 3 
2 2 1 3 0 0 3 0 2 3 
2 1 1 1 1 2 0 3 0 1 
0 0 1 3 3 2 1 2 0 2 
0 3 0 0 1 1 3 3 1 2 
2 3 3 0 2 2 1 0 2 1 
0 2 0 1 3 3 2 2 3 1 
0 0 3 0 3 0 0 0 0 0 
0 0 0 0 0 0 2 1 0 0 
3 1 0 0 0 2 1 3 2 0 
0 0 1 0 1 3 0 0 0 0 
3 0 0 0 0 0 0 0 0 0 
0 0 0 0 0 0 0 0 0 0 
2 1 2 2 1 0 2 2 2 2 
2 2 0 0 0 0 0 0 1 0 
3 2 2 0 1 2 1 1 3 3 
0 0 0 0 0 0 0 2 0 3 
0 0 0 1 0 0 0 0 1 2 
0 0 0 1 1 3 3 1 0 0 
1 0 0 0 0 0 1 3 0 0 
0 0 2 3 2 3 2 3 0 1 
3 3 1 0 0 0 2 2 1 0 
0 0 3 1 3 0 0 0 0 0 
3 1 0 1 0 0 0 0 2 0 
1 0 0 0 0 0 2 1 0 0 
1 2 3 1 2 1 0 2 0 2 
0 3 0 1 0 2 0 0 0 0 
2 3 0 3 1 1 0 0 3 0 
1 0 1 0 0 3 0 0 0 0 
0 1 3 3 2 0 1 1 3 0 
0 0 0 0 0 0 3 1 0 0 
1 3 0 1 3 0 0 3 2 0 
MFS
[ 3 , 1 , - , 0 , - , - , - , - , - , - ]
[ 0 , - , - , 0 , - , - , - , - , - , - ]
precise
0.5
recall
0.5
F-measure
0.5
multi
0
time
all 188 iden 0 gen 188
t-cover
720
all-cover
720
coveredNum
(1 : 265)  (2 : 259)  (3 : 106)  (4 : 33)  (5 : 19)  (6 : 9)  (7 : 8)  (8 : 11)  (9 : 5)  (10 : 5)  
real Identify
([ 0 , - , - , 0 , - , - , - , - , - , - ] : 1)  
testCase Num: 41
regaular Num: 41
identify Num: 0
0 0 0 0 0 0 0 0 1 2 
2 0 3 0 2 2 0 0 0 0 
0 0 0 1 0 0 0 1 2 0 
3 3 1 0 2 0 2 2 3 0 
2 1 2 0 2 1 2 2 2 2 
3 0 0 3 0 0 0 0 0 0 
3 1 3 0 1 1 3 1 0 2 
0 0 0 0 3 1 0 0 0 0 
0 0 0 1 0 3 3 0 0 0 
0 2 2 3 2 3 1 1 0 3 
1 0 0 0 3 3 2 3 1 1 
1 0 0 0 0 0 0 0 3 1 
2 3 3 1 3 2 0 1 1 0 
1 1 3 2 0 0 0 2 0 3 
0 0 2 0 1 3 2 0 0 0 
0 0 0 0 0 0 0 1 2 0 
0 2 3 1 0 1 2 2 0 1 
0 0 0 0 0 0 0 0 0 0 
0 0 0 1 0 0 0 0 1 2 
2 3 1 2 1 3 1 3 0 2 
2 0 2 1 0 0 3 1 3 3 
0 1 3 3 3 3 0 2 3 2 
3 1 2 2 2 2 0 0 1 1 
0 1 0 3 1 2 3 3 2 0 
2 2 0 3 2 1 3 2 1 1 
3 2 3 2 3 0 3 3 2 3 
1 3 1 3 0 2 3 0 3 2 
0 0 1 3 3 0 2 0 0 2 
3 0 3 1 0 3 1 0 2 2 
0 0 0 0 0 3 3 0 0 0 
0 0 0 1 3 1 0 0 0 0 
1 2 2 0 3 2 1 2 0 0 
3 0 0 2 1 1 1 2 3 0 
1 0 2 0 1 3 2 0 0 0 
1 1 1 1 1 0 1 1 1 1 
0 2 0 1 0 0 0 3 3 2 
1 0 0 0 0 0 0 0 0 0 
1 2 1 0 1 1 0 0 2 3 
1 3 2 1 2 1 0 3 2 1 
0 3 0 2 0 2 2 1 1 3 
0 0 0 0 0 0 0 0 3 1 
MFS
[ 0 , - , - , 0 , - , - , - , - , - , - ]
precise
1.0
recall
0.5
F-measure
0.6666666666666666
multi
0
time
all 171 iden 0 gen 171
t-cover
720
all-cover
720
coveredNum
(1 : 265)  (2 : 272)  (3 : 109)  (4 : 32)  (5 : 14)  (6 : 9)  (7 : 12)  (8 : 5)  (9 : 1)  (10 : 1)  
real Identify
([ 0 , - , - , 0 , - , - , - , - , - , - ] : 1)  
