testCase Num: 38
regaular Num: 38
identify Num: 0
2 3 0 2 1 0 1 3 2 1 
0 0 0 1 0 0 0 2 0 0 
0 0 1 3 2 3 2 3 3 1 
0 1 3 0 2 0 3 2 2 0 
3 3 1 3 0 1 1 2 2 0 
2 1 1 0 0 2 0 3 0 2 
3 2 0 1 0 0 0 1 3 1 
0 0 0 1 0 3 3 0 0 0 
0 2 1 2 3 1 2 0 3 0 
0 0 2 0 3 0 0 0 0 0 
0 1 2 2 1 2 1 1 3 0 
1 0 3 1 3 1 1 3 0 0 
0 1 0 3 0 0 0 0 0 0 
2 1 0 0 3 3 2 1 2 3 
2 0 3 3 1 0 3 1 0 2 
2 0 0 0 0 1 0 0 3 0 
1 2 2 2 0 0 3 3 1 3 
0 3 3 1 0 3 2 0 1 2 
0 1 3 1 2 0 3 2 2 0 
0 0 0 0 0 0 0 0 0 0 
0 2 3 3 0 0 0 0 0 1 
1 0 0 3 3 2 3 0 1 1 
3 2 2 0 1 3 2 2 0 1 
3 1 1 1 2 0 3 0 0 3 
1 3 2 2 2 2 2 1 0 0 
0 0 0 0 0 3 3 0 0 0 
1 3 0 0 2 1 3 2 3 2 
2 1 1 0 0 2 0 3 1 2 
1 0 3 0 0 0 0 0 0 0 
0 0 2 1 3 0 0 0 0 0 
2 2 2 1 2 2 1 0 2 2 
3 3 3 2 3 2 0 2 3 3 
2 0 2 2 2 3 0 2 1 0 
1 0 0 0 0 3 1 0 1 3 
3 0 0 2 3 0 2 3 1 2 
1 0 0 0 0 0 0 0 2 0 
1 1 1 1 1 1 0 1 1 1 
0 0 2 3 1 1 0 0 2 3 
MFS
[ 0 , - , - , 0 , - , - , - , - , - , - ]
[ 0 , 1 , - , 1 , - , - , - , - , - , - ]
precise
0.5
recall
0.5
F-measure
0.5
multi
1
time
all 171 iden 0 gen 171
t-cover
720
all-cover
720
coveredNum
(1 : 289)  (2 : 255)  (3 : 107)  (4 : 27)  (5 : 15)  (6 : 10)  (7 : 13)  (8 : 4)  
real Identify
([ 0 , - , - , 0 , - , - , - , - , - , - ] : 1)  
testCase Num: 40
regaular Num: 40
identify Num: 0
0 1 3 0 1 0 0 1 2 0 
0 0 0 3 0 1 3 1 2 1 
1 0 3 1 2 0 0 2 1 1 
0 0 0 0 0 0 0 0 1 3 
1 3 0 3 3 2 2 0 1 2 
3 0 0 0 0 3 0 2 0 0 
0 1 0 0 1 3 2 2 3 3 
0 3 1 1 2 3 3 0 2 3 
2 2 2 0 2 1 2 2 2 1 
1 0 2 2 1 2 0 3 2 0 
2 1 2 3 3 2 0 2 0 3 
0 2 0 2 1 0 3 2 1 2 
1 2 3 2 0 1 0 0 3 3 
3 2 2 3 1 0 1 1 0 3 
0 2 0 1 0 0 0 0 0 0 
0 1 2 1 1 3 2 0 3 0 
1 1 3 0 1 0 2 1 2 3 
1 0 0 0 0 0 0 0 3 2 
1 0 1 0 0 3 1 0 0 1 
0 3 3 0 3 1 1 3 0 2 
0 0 2 0 0 0 0 0 0 0 
0 0 0 0 0 0 0 0 0 0 
0 0 1 3 2 0 0 0 3 0 
0 0 0 0 3 0 0 0 2 0 
1 1 1 1 1 1 1 1 1 0 
2 3 2 1 0 0 1 2 3 2 
0 0 0 1 2 2 1 3 0 3 
1 0 0 0 0 0 0 0 1 3 
3 3 2 0 2 2 0 1 1 0 
1 2 1 0 3 2 3 2 0 0 
0 3 3 2 3 1 1 3 0 2 
2 3 2 2 1 3 3 0 0 1 
3 1 3 2 0 2 3 3 3 1 
1 0 0 0 3 0 0 0 2 0 
2 0 1 2 3 3 0 1 3 2 
3 1 0 2 2 1 1 0 2 2 
3 0 1 1 3 0 2 3 0 1 
3 1 3 0 0 2 3 3 3 1 
2 2 3 3 0 3 2 3 1 0 
2 0 0 2 0 0 2 1 0 0 
MFS
[ 3 , - , - , 0 , - , - , 3 , - , - , - ]
[ 0 , - , - , 0 , - , - , - , - , - , - ]
[ - , - , - , 1 , - , 1 , - , - , - , - ]
[ - , 1 , - , 1 , - , - , - , - , - , - ]
precise
0.25
recall
0.5
F-measure
0.3333333333333333
multi
2
time
all 219 iden 0 gen 219
t-cover
711
all-cover
720
coveredNum
(1 : 273)  (2 : 275)  (3 : 114)  (4 : 32)  (5 : 12)  (6 : 11)  (7 : 2)  (8 : 1)  
real Identify
([ 0 , - , - , 0 , - , - , - , - , - , - ] : 1)  
testCase Num: 40
regaular Num: 40
identify Num: 0
3 1 1 2 2 3 0 1 0 2 
3 0 3 2 2 0 2 2 3 1 
0 3 3 1 0 3 3 2 1 0 
2 1 0 1 2 2 1 0 0 3 
2 2 3 0 3 3 1 3 0 1 
2 0 1 1 3 1 0 3 1 3 
0 2 0 0 0 0 3 1 0 1 
1 2 0 3 3 3 2 2 3 3 
1 2 0 0 0 0 3 1 0 0 
0 1 1 0 2 2 2 3 1 1 
1 0 0 0 0 0 0 3 0 2 
0 1 1 2 2 3 2 3 0 2 
3 3 1 0 2 2 0 1 1 2 
2 3 2 3 0 2 2 1 0 1 
1 1 0 1 1 1 1 1 1 1 
0 3 0 0 2 0 0 0 0 0 
0 0 0 1 0 0 0 0 3 0 
3 3 0 3 3 2 3 3 2 2 
3 0 0 0 1 3 0 0 2 3 
1 0 2 0 2 3 3 1 3 3 
0 0 0 0 0 0 0 0 0 0 
1 3 3 0 1 1 2 1 3 2 
2 1 0 2 1 0 3 3 3 0 
1 3 1 2 0 0 1 0 3 3 
0 1 3 3 1 2 0 2 3 3 
0 0 0 2 3 2 0 0 1 0 
0 2 2 1 0 2 0 3 2 0 
3 1 0 3 0 0 1 0 1 0 
0 1 2 2 3 0 1 1 2 0 
3 1 0 0 0 1 3 1 0 1 
1 0 0 1 0 0 0 0 0 0 
3 0 2 0 0 1 1 2 0 2 
0 1 1 1 1 1 1 1 1 1 
0 3 3 0 1 1 0 1 3 2 
2 0 0 0 0 0 0 0 0 2 
3 2 2 1 1 0 2 0 1 2 
1 0 3 3 2 2 0 0 2 1 
1 0 1 3 1 1 3 0 0 0 
2 2 1 2 2 1 2 2 2 0 
1 0 0 3 0 0 1 0 1 0 
MFS
[ 3 , - , - , - , - , - , - , - , - , 0 ]
[ 0 , - , - , 0 , - , - , - , - , - , - ]
[ 1 , 1 , - , - , - , - , - , - , - , - ]
[ 0 , - , 2 , 2 , - , - , - , - , - , - ]
precise
0.25
recall
0.5
F-measure
0.3333333333333333
multi
1
time
all 266 iden 0 gen 266
t-cover
713
all-cover
720
coveredNum
(1 : 289)  (2 : 268)  (3 : 98)  (4 : 30)  (5 : 16)  (6 : 11)  (7 : 6)  (8 : 2)  
real Identify
([ 0 , - , - , 0 , - , - , - , - , - , - ] : 1)  
testCase Num: 39
regaular Num: 39
identify Num: 0
2 1 0 0 1 1 2 3 3 0 
3 1 3 3 2 2 3 0 0 3 
1 0 1 0 3 1 3 3 0 1 
1 1 1 1 0 1 1 1 1 1 
3 2 1 2 3 0 1 2 3 0 
1 0 0 0 2 0 0 0 0 0 
1 0 0 0 0 0 0 1 0 3 
2 3 3 3 3 0 3 3 1 0 
2 2 0 2 2 2 0 1 0 1 
0 2 3 3 3 1 0 0 1 2 
0 0 3 2 0 0 0 0 0 0 
0 3 2 3 2 0 2 1 3 1 
2 3 1 3 0 0 1 0 0 2 
1 0 2 0 0 0 1 0 0 0 
2 0 2 2 1 2 2 2 1 2 
0 1 0 0 3 0 0 0 0 0 
1 3 2 2 0 2 3 0 2 0 
3 1 3 0 0 0 2 0 2 1 
0 2 0 3 0 0 0 0 2 0 
0 0 0 0 0 0 0 0 0 0 
3 3 0 0 2 1 1 2 1 3 
0 1 2 2 0 1 3 2 2 3 
0 2 0 1 1 0 0 2 0 0 
1 2 0 0 3 3 3 1 2 2 
2 3 1 1 1 3 0 0 2 3 
1 0 3 3 1 3 1 2 0 1 
0 0 0 0 0 0 0 1 0 3 
3 0 3 1 1 0 3 1 3 0 
0 0 1 0 2 3 2 0 1 0 
0 0 1 1 2 2 1 3 2 2 
0 0 1 0 3 1 3 3 0 1 
1 1 0 0 3 0 0 0 0 0 
0 0 0 1 0 3 0 0 0 0 
3 1 2 2 0 3 0 3 3 2 
1 2 2 1 3 0 2 3 0 3 
1 0 2 0 3 2 0 0 3 3 
1 0 1 0 2 3 2 0 1 0 
3 1 3 3 2 2 3 3 0 3 
0 0 2 0 0 0 1 0 0 0 
MFS
[ 3 , - , - , - , - , - , - , 3 , - , - ]
[ 0 , - , - , 0 , - , - , - , - , - , - ]
precise
0.5
recall
0.5
F-measure
0.5
multi
1
time
all 203 iden 0 gen 187
t-cover
719
all-cover
720
coveredNum
(1 : 312)  (2 : 244)  (3 : 97)  (4 : 29)  (5 : 13)  (6 : 12)  (7 : 8)  (8 : 4)  (9 : 1)  
real Identify
([ 0 , - , - , 0 , - , - , - , - , - , - ] : 1)  
testCase Num: 36
regaular Num: 36
identify Num: 0
0 0 1 2 1 2 2 3 3 0 
0 3 3 0 0 1 2 0 0 2 
3 0 0 0 0 0 1 0 0 0 
1 0 1 0 2 1 0 0 0 3 
0 1 0 3 3 3 2 1 2 3 
2 3 3 2 1 0 1 2 0 3 
1 0 2 3 0 3 1 2 2 0 
1 1 1 0 1 1 1 1 1 1 
1 1 1 1 3 2 3 2 0 0 
3 1 1 2 0 0 2 1 2 1 
0 3 2 1 1 2 0 0 0 3 
2 3 0 3 0 2 3 1 1 1 
0 0 2 0 1 2 0 0 0 3 
0 0 3 1 0 0 2 0 1 2 
2 3 1 1 1 3 2 0 2 0 
1 0 0 0 0 0 0 1 3 0 
3 3 2 2 3 1 0 0 3 1 
3 2 1 3 1 3 0 0 0 2 
2 0 2 0 3 1 1 1 0 2 
1 3 0 0 0 1 0 0 0 2 
0 0 0 0 0 0 0 0 0 0 
0 0 0 2 2 3 1 0 0 1 
3 0 3 1 2 3 3 3 1 3 
0 1 2 2 2 0 3 0 1 2 
1 2 3 2 0 2 1 0 2 3 
3 2 0 0 1 2 3 0 1 0 
0 0 0 3 0 0 3 3 2 0 
0 2 3 1 2 1 0 1 2 0 
3 0 0 3 2 1 3 2 3 1 
2 2 2 0 2 2 2 2 2 2 
1 2 0 1 0 0 1 3 3 2 
1 3 2 1 2 1 2 3 0 1 
2 1 3 0 3 3 0 3 3 3 
0 2 3 3 3 0 0 2 1 1 
0 0 0 0 0 0 2 0 1 0 
0 0 0 0 0 0 0 1 3 0 
MFS
[ 0 , - , - , 0 , - , - , - , - , - , - ]
precise
1.0
recall
0.5
F-measure
0.6666666666666666
multi
0
time
all 219 iden 0 gen 219
t-cover
708
all-cover
720
coveredNum
(1 : 278)  (2 : 271)  (3 : 119)  (4 : 44)  (5 : 5)  (6 : 3)  
real Identify
([ 0 , - , - , 0 , - , - , - , - , - , - ] : 1)  
testCase Num: 42
regaular Num: 42
identify Num: 0
2 3 3 0 0 2 3 3 0 3 
0 0 2 3 0 3 3 0 1 0 
1 3 0 0 3 3 3 2 3 2 
1 3 1 0 2 0 0 0 0 1 
2 2 2 2 2 1 0 2 2 1 
3 0 3 3 2 2 2 3 1 2 
3 1 1 2 0 3 3 0 2 0 
3 2 0 0 0 0 2 2 1 3 
2 1 1 1 2 2 0 2 1 3 
0 1 0 0 1 1 2 3 2 1 
0 1 1 0 2 2 0 2 1 3 
1 1 0 1 1 0 1 2 1 1 
3 0 1 3 1 1 3 0 3 1 
0 0 0 3 3 0 0 3 0 0 
2 2 2 1 0 0 3 3 3 2 
0 1 2 1 2 1 3 1 0 2 
2 3 2 1 1 2 2 0 0 3 
0 3 0 0 2 1 3 0 1 0 
0 3 0 0 2 0 0 0 0 1 
0 3 1 2 3 0 1 0 2 2 
0 1 2 3 3 3 2 0 1 0 
0 1 0 1 3 1 0 3 0 0 
0 0 2 3 3 1 2 3 2 1 
2 0 1 0 0 3 0 1 0 0 
1 2 0 1 2 2 0 0 3 0 
0 0 0 0 0 0 0 0 0 0 
0 0 3 1 1 0 0 1 2 0 
1 2 1 2 1 3 2 3 0 0 
2 0 0 2 3 2 1 1 1 0 
0 0 0 1 0 2 0 2 2 1 
2 0 0 3 0 0 0 0 0 0 
1 0 3 0 1 1 0 0 1 2 
0 2 3 3 3 1 1 1 3 3 
0 2 3 0 1 1 0 0 1 2 
1 1 1 1 1 0 1 1 1 1 
0 0 0 0 1 0 0 2 0 0 
1 3 3 3 0 1 1 2 0 0 
3 3 3 1 3 3 0 1 0 1 
2 1 3 3 1 0 0 0 2 2 
0 1 3 2 2 0 2 1 3 3 
3 0 2 0 0 0 1 3 0 0 
1 0 2 0 2 3 1 1 2 3 
MFS
[ - , - , 0 , 1 , - , 0 , - , - , - , - ]
[ - , - , 0 , 2 , - , 0 , - , - , - , - ]
[ - , 1 , 1 , 0 , - , - , - , - , - , - ]
[ 0 , 1 , - , 2 , - , - , - , - , - , - ]
[ 0 , 0 , - , 0 , - , - , - , - , - , - ]
[ - , 3 , - , - , - , - , - , - , 1 , - ]
[ - , 1 , - , 3 , - , - , - , - , - , - ]
[ - , - , 0 , - , - , 1 , - , - , - , - ]
[ - , 1 , - , 2 , - , - , - , - , - , - ]
[ 0 , - , - , 0 , - , - , - , - , - , - ]
[ - , 1 , 1 , 2 , - , - , - , - , - , - ]
[ - , 1 , - , 0 , - , - , - , - , - , - ]
[ 2 , - , 3 , - , - , - , - , 0 , - , - ]
[ 3 , - , 3 , - , - , - , - , 0 , - , - ]
[ 1 , - , 0 , 0 , - , 0 , - , - , - , - ]
[ 0 , - , 3 , - , - , - , - , 0 , - , - ]
[ 2 , - , 0 , 0 , - , 0 , - , - , - , - ]
[ 1 , - , 0 , - , - , 0 , - , - , - , - ]
[ 0 , - , 0 , 0 , - , 0 , - , - , - , - ]
precise
0.05263157894736842
recall
0.5
F-measure
0.09523809523809525
multi
2
time
all 218 iden 0 gen 218
t-cover
715
all-cover
720
coveredNum
(1 : 271)  (2 : 263)  (3 : 123)  (4 : 47)  (5 : 8)  (6 : 6)  (7 : 2)  
real Identify
([ 0 , - , - , 0 , - , - , - , - , - , - ] : 1)  
testCase Num: 36
regaular Num: 36
identify Num: 0
3 3 0 3 0 3 1 2 1 3 
0 1 0 0 0 2 0 0 0 0 
0 1 3 0 2 3 2 3 2 0 
3 1 2 2 3 3 2 0 3 3 
2 2 2 2 0 1 3 1 2 0 
2 0 0 1 0 0 0 0 3 0 
1 0 0 3 3 1 0 0 2 2 
1 1 1 0 1 1 1 1 1 1 
0 2 0 2 1 2 2 1 1 3 
3 0 1 3 0 2 3 3 3 0 
1 0 3 2 1 0 1 2 3 0 
1 2 0 0 2 3 3 0 3 2 
2 2 3 1 0 1 1 3 0 2 
0 2 3 0 0 3 2 0 0 0 
2 0 1 1 2 2 2 2 2 2 
3 2 0 1 1 0 2 0 0 2 
1 0 3 0 2 3 2 3 0 0 
0 1 2 2 2 0 1 1 1 2 
3 1 2 0 0 0 2 2 2 1 
0 2 3 3 3 0 0 1 0 0 
1 3 1 1 0 0 2 0 1 0 
0 0 0 0 0 0 0 0 0 0 
2 1 0 3 1 0 3 3 2 3 
0 1 0 1 0 2 0 0 0 0 
0 2 1 2 3 3 0 2 0 1 
0 0 0 2 0 0 0 3 0 0 
0 2 3 1 3 0 3 3 1 1 
0 3 0 2 0 1 3 2 0 0 
0 0 0 1 0 3 0 0 2 0 
1 3 2 3 1 2 0 3 0 2 
0 3 0 3 2 1 2 1 3 1 
2 3 3 0 3 2 1 0 2 1 
2 0 2 1 1 3 0 1 1 1 
3 1 3 1 2 1 0 1 0 3 
0 2 0 0 2 3 2 3 2 0 
1 0 1 0 1 0 0 0 3 3 
MFS
[ - , 1 , - , 3 , - , - , - , - , - , - ]
[ 0 , - , - , 0 , - , - , - , - , - , - ]
[ - , 1 , - , 0 , - , - , - , - , - , - ]
[ 3 , - , - , 0 , - , - , - , - , - , - ]
[ 0 , 0 , - , 0 , - , - , - , - , - , - ]
[ 0 , 1 , - , 1 , - , - , - , - , - , - ]
precise
0.16666666666666666
recall
0.5
F-measure
0.25
multi
2
time
all 172 iden 0 gen 172
t-cover
690
all-cover
720
coveredNum
(1 : 291)  (2 : 269)  (3 : 102)  (4 : 38)  (5 : 13)  (6 : 6)  (8 : 1)  
real Identify
([ 0 , - , - , 0 , - , - , - , - , - , - ] : 1)  
testCase Num: 41
regaular Num: 41
identify Num: 0
0 0 3 0 2 3 2 2 2 1 
0 0 0 1 1 3 0 0 0 0 
2 3 0 0 2 2 1 1 3 3 
3 2 0 0 0 0 1 2 0 0 
3 1 1 0 2 1 0 0 1 2 
0 0 0 1 3 1 2 0 1 0 
0 0 1 1 0 0 0 0 2 2 
3 1 2 3 0 0 1 1 2 1 
2 3 3 2 1 1 0 0 2 0 
1 3 2 2 2 0 2 1 0 2 
0 1 2 1 1 1 3 2 0 3 
0 0 0 3 0 0 0 0 0 0 
0 2 3 0 0 0 1 1 3 0 
0 1 3 0 0 0 1 1 3 0 
2 3 3 1 0 3 3 1 1 2 
0 3 1 2 0 0 3 3 0 1 
1 0 0 3 2 2 3 2 2 0 
3 1 0 1 1 2 0 3 1 0 
0 0 1 0 1 3 0 0 0 0 
0 0 0 0 0 0 0 0 0 0 
2 1 1 2 0 2 2 2 2 2 
0 0 0 0 1 3 0 0 0 0 
0 1 1 0 2 1 2 0 2 2 
0 2 3 0 2 3 2 2 1 1 
0 2 0 3 1 1 2 3 3 2 
3 0 1 2 0 1 2 0 3 3 
2 1 1 0 0 2 2 0 0 0 
0 2 3 1 2 3 2 2 2 1 
0 2 3 1 0 0 1 1 3 0 
1 0 1 1 1 1 1 1 1 1 
0 2 2 2 3 2 1 0 1 0 
2 1 1 0 2 1 0 0 1 2 
3 0 1 2 2 2 0 2 0 2 
2 0 2 0 1 0 3 2 3 1 
2 0 1 3 3 3 1 3 0 2 
1 2 3 0 0 2 0 3 0 1 
1 1 0 2 3 3 3 0 3 1 
3 2 2 1 2 3 3 3 2 0 
2 2 1 1 3 0 0 1 3 0 
1 2 2 0 3 3 0 3 2 3 
3 3 3 3 3 0 0 2 1 3 
MFS
[ - , 0 , 3 , - , - , - , - , - , - , - ]
[ - , 1 , 3 , - , - , - , - , - , - , - ]
[ 3 , - , - , - , 1 , - , - , - , - , - ]
[ 0 , - , - , 0 , - , - , - , - , - , - ]
[ - , 1 , 0 , - , - , - , - , - , - , - ]
[ 1 , 1 , - , - , - , - , - , - , - , - ]
[ - , 0 , 0 , 0 , - , - , - , - , - , - ]
[ 2 , - , - , 2 , - , - , - , 2 , - , - ]
precise
0.125
recall
0.5
F-measure
0.2
multi
2
time
all 221 iden 0 gen 221
t-cover
711
all-cover
720
coveredNum
(1 : 275)  (2 : 282)  (3 : 111)  (4 : 39)  (5 : 8)  (6 : 5)  
real Identify
([ 0 , - , - , 0 , - , - , - , - , - , - ] : 1)  
testCase Num: 36
regaular Num: 36
identify Num: 0
1 3 3 0 3 0 0 0 1 2 
0 3 0 2 2 3 1 1 1 0 
2 2 3 3 1 0 2 2 0 3 
0 1 0 0 0 3 0 0 0 0 
1 1 1 0 1 1 1 1 1 1 
0 1 1 1 0 2 3 3 0 3 
1 2 2 3 0 0 0 3 2 1 
2 2 3 1 0 3 0 1 2 0 
0 2 1 2 1 0 2 0 3 2 
0 0 0 3 0 0 0 0 0 2 
1 0 0 0 0 0 3 0 0 0 
2 0 3 3 2 1 3 0 1 1 
2 0 0 0 1 2 2 1 2 3 
0 3 2 0 0 1 0 0 1 3 
1 1 0 0 0 3 0 0 1 0 
3 0 1 0 2 0 3 0 0 0 
0 0 0 0 3 0 2 3 0 0 
3 2 3 2 2 2 0 3 1 3 
0 0 0 0 0 0 0 0 0 0 
1 0 2 1 3 3 1 0 3 3 
0 3 2 1 0 1 0 0 0 3 
1 0 0 0 0 2 1 3 3 2 
1 1 0 0 2 1 0 2 3 2 
3 1 3 3 3 0 1 1 3 0 
0 3 3 0 3 0 0 1 1 2 
2 0 0 0 0 0 0 0 3 0 
2 3 1 3 1 3 0 3 2 0 
3 3 2 1 1 3 2 2 1 1 
3 2 2 0 0 3 3 1 0 2 
1 3 3 2 0 1 2 2 0 0 
0 0 3 1 3 0 2 3 0 0 
2 1 2 1 2 0 2 2 2 2 
3 2 0 1 3 1 1 3 2 2 
0 1 2 2 1 2 3 0 2 0 
2 0 1 2 3 2 1 2 0 1 
0 3 0 3 3 2 3 2 3 1 
MFS
[ 0 , - , - , 0 , - , - , - , - , - , - ]
precise
1.0
recall
0.5
F-measure
0.6666666666666666
multi
1
time
all 156 iden 0 gen 156
t-cover
708
all-cover
720
coveredNum
(1 : 292)  (2 : 261)  (3 : 112)  (4 : 35)  (5 : 14)  (6 : 6)  
real Identify
([ 0 , - , - , 0 , - , - , - , - , - , - ] : 1)  
testCase Num: 45
regaular Num: 45
identify Num: 0
2 3 2 3 2 0 0 1 1 1 
1 2 1 2 3 0 0 2 3 0 
1 1 1 1 0 1 1 1 1 1 
2 1 2 2 1 2 2 2 2 0 
3 2 0 2 1 2 1 1 0 1 
2 0 1 0 0 0 0 0 0 0 
1 0 0 0 1 3 0 0 0 0 
0 2 1 0 0 2 2 1 0 3 
1 0 0 0 1 1 1 3 2 1 
0 0 1 1 2 2 0 3 0 0 
1 0 1 3 1 2 3 0 3 3 
0 3 1 0 2 2 1 3 2 2 
1 0 0 0 0 0 3 0 2 0 
1 2 0 0 0 2 2 1 1 3 
1 0 3 0 0 0 1 0 0 0 
3 2 3 2 2 1 3 0 3 2 
0 0 0 3 1 0 1 1 3 0 
2 1 2 0 3 1 1 0 0 2 
0 0 2 2 0 3 1 3 1 3 
1 1 3 0 0 3 3 2 0 1 
0 0 0 0 0 0 0 0 0 0 
0 2 0 1 1 2 2 0 1 2 
2 0 3 1 3 2 0 0 1 0 
0 3 3 1 1 1 0 1 3 0 
0 0 3 0 0 0 0 2 0 1 
3 0 2 0 0 0 0 0 2 0 
0 1 1 3 3 1 3 1 1 2 
0 2 3 0 1 3 1 2 1 3 
2 1 0 1 2 0 3 2 0 3 
0 0 0 0 0 1 0 3 0 1 
3 3 3 3 0 1 2 2 0 3 
3 1 1 0 2 3 2 0 3 1 
2 2 2 1 0 3 3 3 3 0 
0 1 0 3 1 0 1 3 3 0 
1 0 0 1 0 0 0 0 0 0 
3 0 0 1 2 0 2 2 1 2 
0 0 0 0 3 1 3 1 2 1 
1 2 2 3 0 3 0 1 2 2 
0 0 0 0 1 0 0 0 0 2 
3 1 3 1 3 0 0 3 2 3 
0 0 0 1 3 0 0 0 0 1 
1 3 0 3 3 3 2 3 0 2 
1 3 3 0 2 0 3 0 1 0 
0 3 0 2 0 0 0 0 0 0 
0 3 1 1 2 2 1 2 2 1 
MFS
[ 0 , - , - , 0 , - , - , - , - , - , - ]
[ 2 , - , - , 2 , - , - , - , - , - , - ]
precise
0.5
recall
0.5
F-measure
0.5
multi
0
time
all 203 iden 16 gen 187
t-cover
720
all-cover
720
coveredNum
(1 : 261)  (2 : 252)  (3 : 130)  (4 : 30)  (5 : 12)  (6 : 18)  (7 : 8)  (8 : 4)  (9 : 5)  
real Identify
([ 0 , - , - , 0 , - , - , - , - , - , - ] : 1)  
