testCase Num: 42
regaular Num: 42
identify Num: 0
0 1 1 3 0 1 1 2 0 2 
1 1 0 0 2 3 1 0 2 2 
0 2 3 2 0 3 0 1 1 3 
0 2 0 3 1 2 0 3 2 1 
2 0 2 3 1 3 1 1 0 0 
0 0 0 0 2 0 0 0 0 3 
1 0 0 3 0 1 0 2 0 2 
1 0 1 1 1 3 2 1 2 1 
2 2 2 1 2 0 1 2 2 2 
0 0 0 1 3 3 0 2 3 1 
0 0 0 0 0 1 1 0 3 0 
2 0 0 2 3 1 3 1 2 3 
3 3 3 3 2 0 0 1 3 2 
0 3 2 2 3 2 0 0 2 2 
3 0 0 3 3 0 2 0 1 0 
3 0 2 0 3 1 1 3 1 0 
0 0 1 3 0 0 0 0 0 0 
0 1 2 0 3 0 3 3 1 3 
0 0 3 0 3 0 0 0 0 0 
2 2 1 0 1 1 3 3 3 2 
0 0 1 0 0 0 0 0 2 0 
2 1 2 2 1 0 2 0 0 1 
2 0 0 0 0 3 2 0 0 0 
0 0 0 0 0 0 0 0 0 0 
3 0 2 0 0 0 0 0 0 0 
3 0 3 2 1 2 1 0 3 1 
3 2 3 1 0 1 2 0 2 0 
3 0 1 1 1 0 1 2 1 3 
0 0 1 2 2 3 2 3 1 2 
0 0 0 0 0 0 0 3 0 3 
2 0 3 1 2 1 0 3 0 1 
0 0 2 2 0 0 3 0 0 1 
3 3 3 0 1 3 3 2 0 1 
1 2 1 0 3 2 2 2 0 3 
0 0 0 3 0 0 3 0 0 0 
3 1 3 2 3 2 1 3 3 0 
1 1 1 1 1 1 0 1 1 1 
1 3 2 3 0 1 2 0 3 3 
2 3 1 1 0 2 3 0 1 0 
1 3 0 1 0 0 1 3 1 1 
1 0 3 2 2 2 3 2 0 0 
0 0 0 0 0 2 2 1 0 0 
MFS
[ - , 1 , - , - , - , - , - , - , - , - ]
[ - , 1 , - , - , - , - , 2 , - , - , - ]
[ - , 1 , - , - , - , - , 1 , - , - , - ]
[ - , 1 , - , - , - , - , 0 , - , - , - ]
precise
0.25
recall
0.5
F-measure
0.3333333333333333
multi
1
time
all 188 iden 0 gen 188
t-cover
720
all-cover
720
coveredNum
(1 : 288)  (2 : 231)  (3 : 111)  (4 : 35)  (5 : 11)  (6 : 7)  (7 : 8)  (8 : 10)  (9 : 6)  (10 : 4)  (11 : 5)  (12 : 2)  (13 : 1)  (14 : 1)  
real Identify
([ - , 1 , - , - , - , - , - , - , - , - ] : 1)  
testCase Num: 42
regaular Num: 42
identify Num: 0
0 1 0 0 0 2 0 0 0 0 
2 0 0 2 0 0 0 2 0 0 
2 2 2 0 3 0 3 1 1 0 
3 2 2 1 0 2 0 3 1 1 
1 1 3 0 1 3 3 3 2 0 
3 3 1 0 2 2 1 2 3 0 
0 0 0 0 2 0 3 1 0 0 
1 0 1 1 1 3 1 1 2 3 
2 2 0 0 3 1 1 0 2 1 
3 0 0 0 0 1 0 0 0 0 
1 3 3 2 2 3 0 0 1 1 
0 0 0 1 0 0 0 0 3 0 
3 1 0 3 0 3 1 1 2 3 
1 3 0 3 0 1 3 3 3 3 
0 0 3 1 2 1 2 2 1 3 
2 0 3 2 0 2 1 1 3 0 
0 0 1 0 3 0 0 1 0 1 
0 0 0 0 0 0 1 0 1 0 
0 0 0 0 0 0 0 0 0 0 
3 0 0 2 1 2 3 0 1 2 
2 1 1 0 1 1 2 0 0 3 
0 0 0 0 1 3 2 2 0 0 
2 0 1 1 3 3 3 3 0 2 
0 1 0 1 3 1 1 1 3 0 
1 0 2 3 2 2 1 2 0 1 
2 3 3 3 3 0 0 1 3 2 
3 3 2 1 1 0 0 0 0 3 
0 0 0 0 2 0 1 3 0 2 
3 2 3 2 3 2 2 1 0 3 
0 0 1 0 0 1 0 0 0 0 
3 0 2 2 1 1 0 1 2 2 
2 0 3 0 1 0 2 3 0 3 
1 1 1 1 1 0 1 1 1 1 
0 0 3 1 0 2 3 2 2 1 
1 0 0 0 3 0 0 2 0 0 
0 3 1 2 0 0 2 3 2 2 
3 0 0 3 0 3 0 0 2 0 
2 0 0 1 2 0 0 3 2 0 
0 2 2 3 1 3 2 0 3 1 
0 2 1 3 0 0 0 0 1 0 
2 1 2 2 2 1 0 2 2 2 
1 2 0 0 2 0 2 2 0 2 
MFS
[ - , 1 , - , - , - , - , - , - , - , - ]
[ - , 1 , 3 , - , - , - , - , - , - , - ]
[ - , 1 , 1 , - , - , - , - , - , - , - ]
[ - , 1 , 0 , - , - , - , - , - , - , - ]
precise
0.25
recall
0.5
F-measure
0.3333333333333333
multi
1
time
all 218 iden 0 gen 218
t-cover
720
all-cover
720
coveredNum
(1 : 311)  (2 : 202)  (3 : 116)  (4 : 38)  (5 : 13)  (6 : 6)  (7 : 11)  (8 : 4)  (9 : 10)  (10 : 6)  (12 : 3)  
real Identify
([ - , 1 , - , - , - , - , - , - , - , - ] : 1)  
testCase Num: 42
regaular Num: 42
identify Num: 0
3 1 3 2 2 2 3 2 3 0 
2 2 3 2 2 3 0 0 1 1 
1 0 2 0 2 3 0 2 3 3 
0 0 0 0 0 0 0 0 1 2 
2 0 0 0 0 3 3 1 2 0 
3 0 0 1 1 0 0 1 1 1 
3 1 2 3 0 0 1 0 2 3 
0 2 1 2 3 0 2 2 2 1 
3 3 1 1 2 1 0 0 0 2 
1 1 1 0 1 1 1 1 1 1 
0 0 0 2 3 0 0 2 3 2 
3 3 2 3 3 3 0 3 0 1 
1 0 1 0 1 1 1 1 1 1 
0 0 3 0 0 0 3 0 3 0 
1 3 0 2 1 2 0 1 2 3 
0 0 0 3 0 0 0 0 2 0 
3 3 3 0 0 3 2 1 0 2 
3 2 0 0 0 0 0 0 0 0 
1 0 3 2 2 0 1 3 2 2 
1 0 2 1 3 1 3 1 0 0 
0 0 2 0 0 0 0 0 0 0 
0 0 2 0 3 0 1 0 1 3 
3 0 0 1 0 2 1 2 3 1 
0 0 0 0 0 0 0 0 0 0 
0 3 1 3 1 3 3 0 3 2 
0 0 1 3 1 2 2 3 1 0 
1 2 0 3 0 0 0 0 3 0 
2 3 1 1 0 0 3 2 1 3 
3 0 0 1 0 3 0 3 2 3 
2 2 2 1 1 2 2 0 2 2 
0 0 0 0 0 3 1 0 0 0 
3 0 2 2 2 2 3 2 0 0 
2 2 3 3 1 1 1 2 0 3 
2 2 0 0 0 1 3 3 3 1 
0 0 3 1 0 0 0 0 0 0 
0 2 0 3 2 1 2 1 3 3 
1 0 0 0 0 0 2 0 0 0 
0 1 0 1 3 3 1 2 3 2 
2 3 3 0 3 2 1 0 2 0 
0 0 0 2 0 1 0 0 2 0 
1 1 2 2 0 2 2 0 0 1 
2 1 2 1 3 0 0 3 1 3 
MFS
[ - , 1 , - , - , - , - , - , - , - , - ]
precise
1.0
recall
0.5
F-measure
0.6666666666666666
multi
0
time
all 188 iden 0 gen 173
t-cover
720
all-cover
720
coveredNum
(1 : 286)  (2 : 236)  (3 : 108)  (4 : 37)  (5 : 12)  (6 : 3)  (7 : 8)  (8 : 8)  (9 : 4)  (10 : 9)  (11 : 6)  (12 : 3)  
real Identify
([ - , 1 , - , - , - , - , - , - , - , - ] : 1)  
testCase Num: 40
regaular Num: 40
identify Num: 0
0 2 0 0 0 2 0 2 0 1 
0 2 0 2 3 3 2 1 1 1 
0 3 2 2 0 3 1 0 2 1 
1 0 3 3 3 2 1 0 0 2 
3 0 0 0 0 0 3 0 0 0 
2 1 2 2 1 2 2 0 2 2 
2 2 0 3 2 1 0 0 3 1 
2 0 0 0 1 3 2 0 0 0 
2 0 3 2 0 1 3 3 0 1 
1 1 0 0 0 0 0 0 0 0 
0 3 2 3 2 0 3 1 1 2 
0 2 1 1 0 0 2 1 0 0 
3 2 2 1 0 2 1 1 3 0 
3 0 0 0 3 1 0 0 0 1 
0 0 1 3 0 2 0 3 1 0 
3 3 0 1 1 3 0 3 0 2 
3 1 2 0 3 0 0 1 2 1 
3 1 3 2 0 1 3 3 0 1 
0 0 0 0 3 0 0 0 0 3 
1 2 1 0 3 3 3 3 2 0 
0 0 0 0 0 0 0 0 0 0 
2 0 1 0 2 0 1 3 3 3 
3 0 2 2 1 2 2 0 2 2 
1 3 1 2 0 2 0 2 1 3 
1 2 3 1 1 0 3 0 3 3 
0 0 0 3 1 0 0 0 2 0 
1 0 1 1 1 1 1 1 1 1 
2 3 2 0 3 1 3 2 3 2 
0 3 3 0 1 1 2 2 2 0 
2 0 3 0 0 0 0 1 1 0 
0 1 1 0 2 2 1 3 3 3 
1 0 0 1 3 0 1 2 0 1 
0 0 0 2 0 0 0 0 3 0 
2 1 1 3 0 3 2 3 1 0 
0 0 2 0 0 1 0 0 0 3 
3 0 3 3 2 3 2 2 3 3 
3 2 1 0 0 0 0 0 1 2 
1 0 2 2 2 0 2 3 0 0 
2 1 0 1 3 0 1 2 0 3 
2 0 0 1 2 2 3 1 2 3 
MFS
[ - , 1 , - , - , - , - , - , - , - , - ]
precise
1.0
recall
0.5
F-measure
0.6666666666666666
multi
1
time
all 203 iden 0 gen 203
t-cover
720
all-cover
720
coveredNum
(1 : 314)  (2 : 217)  (3 : 108)  (4 : 34)  (5 : 9)  (6 : 16)  (7 : 10)  (8 : 8)  (9 : 2)  (10 : 2)  
real Identify
([ - , 1 , - , - , - , - , - , - , - , - ] : 1)  
testCase Num: 45
regaular Num: 45
identify Num: 0
1 0 0 3 1 1 1 0 0 2 
3 2 1 1 2 0 2 0 0 1 
1 0 1 2 1 1 1 1 1 0 
1 2 2 3 0 2 0 0 3 0 
2 2 0 0 2 2 1 3 1 3 
2 0 0 0 1 0 0 2 0 3 
0 0 0 0 0 3 0 0 0 3 
0 0 1 1 2 0 0 1 0 0 
2 1 3 3 0 0 0 1 1 1 
3 3 2 3 2 3 1 2 2 0 
0 1 1 1 2 0 0 2 3 3 
2 2 2 2 0 1 2 2 2 1 
3 0 2 0 0 0 2 1 0 0 
0 1 1 2 0 3 1 3 3 2 
1 0 0 0 0 1 0 0 0 3 
1 2 3 2 3 0 2 3 0 0 
3 1 3 2 1 2 0 0 2 3 
2 1 2 3 1 0 3 2 0 0 
0 3 0 2 0 0 0 0 1 0 
0 0 0 0 0 0 0 0 0 0 
1 3 3 0 3 0 1 2 3 1 
3 0 3 2 1 2 0 1 2 3 
0 3 3 1 0 3 3 0 0 0 
0 0 2 0 0 0 0 3 0 0 
2 0 3 3 1 0 2 1 1 1 
0 0 2 0 1 0 3 0 0 0 
0 0 2 1 0 2 3 2 1 3 
1 1 1 1 1 1 1 1 1 0 
2 0 1 0 3 0 3 2 2 2 
2 0 0 0 0 0 0 0 3 0 
0 0 0 2 0 0 0 0 2 2 
3 0 0 0 3 1 0 0 1 0 
1 0 0 1 0 0 0 0 0 0 
0 3 0 1 1 1 0 3 2 1 
0 0 0 2 0 0 0 0 3 0 
2 3 2 1 3 3 0 0 1 2 
1 0 0 2 2 3 3 1 2 1 
3 1 0 0 3 1 2 2 1 0 
0 2 0 0 0 0 3 0 0 0 
0 0 1 1 0 3 1 3 3 3 
3 0 3 3 2 1 3 3 3 2 
3 2 0 0 1 3 2 1 3 2 
0 0 0 0 0 2 0 0 0 2 
0 3 1 3 3 2 2 1 0 3 
0 0 0 0 0 2 0 0 0 1 
MFS
[ - , 1 , - , - , - , - , - , - , - , - ]
precise
1.0
recall
0.5
F-measure
0.6666666666666666
multi
0
time
all 188 iden 0 gen 172
t-cover
720
all-cover
720
coveredNum
(1 : 299)  (2 : 215)  (3 : 103)  (4 : 47)  (5 : 8)  (6 : 3)  (7 : 3)  (8 : 3)  (9 : 12)  (10 : 9)  (11 : 5)  (12 : 6)  (13 : 6)  (14 : 1)  
real Identify
([ - , 1 , - , - , - , - , - , - , - , - ] : 1)  
testCase Num: 40
regaular Num: 40
identify Num: 0
1 2 3 0 2 0 0 3 2 3 
1 0 0 3 2 2 1 1 1 1 
0 0 0 0 0 0 3 3 0 0 
0 0 0 0 0 0 0 3 1 0 
0 0 2 1 0 2 0 2 1 1 
2 0 0 0 0 0 2 0 0 3 
3 1 0 2 1 1 3 3 2 0 
2 0 0 0 0 2 0 0 3 0 
3 3 1 2 2 1 0 0 1 1 
0 2 3 3 3 3 3 0 2 1 
1 0 1 2 3 2 3 1 0 3 
0 3 3 1 0 2 3 1 0 2 
0 0 2 0 1 1 1 1 2 2 
0 1 0 3 2 2 1 1 3 3 
1 0 0 1 1 0 2 2 3 0 
2 0 2 3 3 0 0 1 0 0 
3 3 2 0 1 2 2 3 2 3 
3 0 0 0 3 1 3 0 3 0 
2 2 1 1 0 2 1 0 2 0 
3 0 1 3 0 3 2 1 1 3 
2 2 0 2 2 1 2 2 1 2 
0 0 0 0 0 0 0 0 0 0 
3 0 3 1 2 1 1 2 0 3 
0 0 0 0 0 0 0 2 2 0 
3 1 3 2 3 0 2 0 3 2 
3 0 0 0 3 0 0 0 0 2 
2 1 2 0 2 3 3 1 3 0 
0 0 3 2 0 0 1 3 3 3 
0 0 3 0 0 3 2 0 0 0 
0 0 1 0 3 1 2 2 1 1 
2 3 3 3 1 0 3 2 1 0 
1 1 1 1 1 0 1 1 1 1 
0 1 2 2 0 2 0 2 1 1 
2 3 0 1 3 3 1 3 0 1 
3 2 0 0 0 0 0 1 3 1 
0 0 2 2 2 3 3 2 3 0 
0 1 0 2 0 3 1 2 0 0 
0 0 1 2 1 0 0 0 2 1 
1 3 1 3 0 1 0 3 3 2 
1 2 2 1 1 3 0 0 0 2 
MFS
[ - , 1 , - , - , - , - , - , - , - , - ]
precise
1.0
recall
0.5
F-measure
0.6666666666666666
multi
0
time
all 203 iden 0 gen 187
t-cover
720
all-cover
720
coveredNum
(1 : 315)  (2 : 223)  (3 : 97)  (4 : 39)  (5 : 16)  (6 : 6)  (7 : 10)  (8 : 7)  (9 : 1)  (10 : 4)  (11 : 2)  
real Identify
([ - , 1 , - , - , - , - , - , - , - , - ] : 1)  
testCase Num: 45
regaular Num: 45
identify Num: 0
0 0 3 1 1 2 2 0 2 2 
3 0 0 0 0 0 1 0 0 0 
0 0 0 2 1 0 0 0 0 0 
0 0 0 0 0 0 0 0 1 3 
3 0 3 3 2 0 2 3 2 1 
2 0 2 3 3 0 1 2 0 3 
2 3 1 1 2 0 2 0 3 1 
2 0 0 0 0 0 0 1 0 0 
1 0 2 2 2 3 2 2 1 3 
1 3 1 3 0 0 3 0 1 2 
2 1 0 3 1 3 2 3 1 0 
0 0 2 2 0 0 1 3 3 0 
0 0 0 0 0 3 0 0 0 1 
2 2 3 0 3 3 1 0 3 2 
0 3 3 2 3 1 2 1 1 0 
0 0 3 0 2 0 3 1 0 1 
0 0 1 0 3 0 0 0 0 0 
3 0 1 0 1 1 0 2 3 3 
0 0 0 0 0 0 0 0 0 0 
0 0 0 0 0 0 2 2 0 0 
3 1 0 2 2 0 1 1 3 0 
1 3 2 1 3 2 0 1 2 0 
0 0 0 3 0 1 0 0 0 0 
0 0 0 0 2 1 0 0 0 0 
1 0 1 1 1 1 1 1 1 1 
0 0 0 3 1 0 0 0 0 0 
3 2 2 0 0 1 2 0 1 1 
3 1 3 3 3 0 2 3 2 1 
2 0 2 1 1 2 0 3 1 0 
2 0 0 2 0 1 3 3 2 2 
2 1 2 2 2 2 0 2 1 2 
1 2 0 1 1 0 0 2 3 1 
2 1 3 0 2 1 3 1 0 1 
3 2 0 2 3 2 3 3 0 1 
0 0 1 2 0 0 0 0 0 0 
3 0 0 0 2 3 0 1 0 2 
0 0 3 1 0 3 0 2 2 3 
1 1 1 2 2 3 2 0 0 3 
1 0 3 0 0 0 0 0 0 0 
3 3 2 1 1 3 3 2 0 0 
0 2 1 3 2 3 0 3 2 0 
1 3 0 0 2 2 1 3 2 3 
0 1 2 1 0 3 1 3 3 1 
0 0 2 0 0 2 0 2 0 2 
0 2 1 3 0 2 3 1 3 3 
MFS
[ - , 1 , - , - , - , - , - , - , - , - ]
precise
1.0
recall
0.5
F-measure
0.6666666666666666
multi
0
time
all 187 iden 0 gen 187
t-cover
720
all-cover
720
coveredNum
(1 : 290)  (2 : 225)  (3 : 114)  (4 : 36)  (5 : 8)  (6 : 2)  (7 : 1)  (8 : 8)  (9 : 10)  (10 : 8)  (11 : 5)  (12 : 6)  (13 : 3)  (14 : 1)  (15 : 1)  (16 : 2)  
real Identify
([ - , 1 , - , - , - , - , - , - , - , - ] : 1)  
testCase Num: 40
regaular Num: 40
identify Num: 0
1 0 1 1 1 2 0 0 1 3 
1 0 1 2 3 3 2 2 0 3 
3 0 0 0 0 0 2 0 3 2 
0 1 2 3 3 3 0 3 2 1 
2 2 0 1 1 3 0 2 3 3 
2 1 3 2 0 2 3 3 0 1 
0 3 1 1 2 1 0 1 0 2 
2 2 1 0 1 0 3 2 2 2 
2 0 0 3 3 1 3 0 1 2 
0 0 2 1 1 3 1 1 1 0 
3 2 2 3 0 1 1 2 0 3 
0 3 0 0 0 0 3 1 2 3 
0 2 3 1 0 2 2 0 2 0 
0 0 3 0 0 3 0 0 0 0 
2 0 3 3 3 3 0 3 0 2 
3 0 0 1 2 2 2 1 3 1 
1 3 2 0 2 3 3 0 3 0 
1 0 3 3 0 2 1 1 3 2 
1 2 1 0 3 1 1 3 3 1 
3 0 0 0 0 0 0 0 0 0 
0 0 0 0 0 0 0 0 0 0 
0 0 0 0 3 0 0 1 0 0 
3 0 1 3 2 3 0 2 2 0 
1 1 1 1 1 1 1 0 1 1 
2 2 2 2 2 0 2 1 1 2 
1 3 0 2 2 0 1 3 2 3 
0 0 2 1 3 3 3 3 2 1 
0 0 0 2 0 0 3 0 0 0 
3 0 1 2 1 1 2 3 2 0 
0 0 3 2 2 1 0 0 3 1 
0 1 0 0 1 2 3 0 0 3 
1 0 0 0 0 0 0 0 0 0 
3 1 1 1 0 3 3 3 1 2 
3 3 3 0 3 2 3 2 1 3 
2 3 0 1 3 0 1 0 0 0 
3 1 0 0 3 0 2 1 3 1 
0 3 3 3 1 0 2 2 0 1 
2 0 1 2 0 2 0 3 1 1 
3 1 1 3 2 2 0 2 1 0 
0 0 2 0 0 2 0 0 0 0 
MFS
[ - , 1 , - , - , - , - , - , - , - , - ]
precise
1.0
recall
0.5
F-measure
0.6666666666666666
multi
1
time
all 188 iden 0 gen 173
t-cover
720
all-cover
720
coveredNum
(1 : 306)  (2 : 240)  (3 : 100)  (4 : 25)  (5 : 8)  (6 : 15)  (7 : 14)  (8 : 5)  (9 : 4)  (10 : 2)  (11 : 1)  
real Identify
([ - , 1 , - , - , - , - , - , - , - , - ] : 1)  
testCase Num: 41
regaular Num: 41
identify Num: 0
3 2 1 3 3 3 0 2 2 2 
1 3 0 2 3 0 2 0 1 2 
0 0 1 2 2 3 1 0 1 0 
0 1 2 3 3 3 3 1 1 1 
0 1 3 0 1 2 0 1 3 2 
3 0 0 1 2 3 2 3 3 1 
2 3 3 0 2 3 0 1 1 0 
1 0 3 0 0 2 0 3 3 2 
0 1 2 1 0 0 0 3 0 2 
2 3 3 1 0 0 3 2 3 3 
0 3 2 3 1 2 1 3 3 2 
0 0 1 3 0 0 0 0 0 0 
0 0 2 0 3 0 3 1 3 2 
1 2 0 3 2 1 3 2 0 1 
2 0 2 1 2 2 0 0 2 1 
3 0 2 0 1 3 1 1 1 3 
0 0 0 0 0 0 0 0 0 0 
1 0 2 2 0 1 0 3 2 3 
3 3 3 2 1 3 3 0 0 0 
0 0 3 2 3 1 2 2 3 1 
2 0 1 1 3 2 3 3 0 2 
1 0 1 1 1 1 1 1 1 1 
0 2 3 1 1 1 1 0 2 0 
3 0 0 0 2 1 2 0 0 2 
0 1 1 2 1 0 2 2 1 3 
0 2 1 0 2 0 1 0 3 3 
3 0 3 3 0 0 0 0 0 1 
2 3 1 0 0 1 1 2 2 1 
2 2 0 3 0 0 2 1 2 1 
0 0 0 3 0 0 0 0 1 0 
2 1 2 2 2 2 2 0 2 1 
0 0 0 2 0 0 0 0 3 0 
0 0 2 2 3 2 2 1 0 0 
1 0 0 0 0 3 0 0 0 0 
1 1 3 0 3 1 2 3 3 0 
0 0 0 0 0 0 3 0 2 0 
0 0 1 0 1 0 2 2 0 3 
3 2 2 0 0 2 3 2 1 0 
1 0 0 3 3 2 1 2 0 3 
2 2 0 2 1 0 0 3 1 0 
3 1 0 2 0 3 1 1 0 3 
MFS
[ - , 1 , - , - , - , - , - , - , - , - ]
precise
1.0
recall
0.5
F-measure
0.6666666666666666
multi
1
time
all 187 iden 0 gen 171
t-cover
720
all-cover
720
coveredNum
(1 : 288)  (2 : 230)  (3 : 112)  (4 : 42)  (5 : 20)  (6 : 6)  (7 : 6)  (8 : 10)  (9 : 4)  (10 : 2)  
real Identify
([ - , 1 , - , - , - , - , - , - , - , - ] : 1)  
testCase Num: 38
regaular Num: 38
identify Num: 0
3 2 2 3 3 0 3 2 2 1 
2 0 0 0 3 3 0 0 1 0 
2 0 3 1 0 0 3 3 2 2 
2 0 1 2 2 2 2 2 0 2 
0 2 2 3 0 1 2 1 1 2 
0 0 0 0 2 0 0 3 0 0 
2 1 1 2 2 2 2 2 0 2 
2 2 2 0 1 2 1 3 3 0 
0 0 0 1 3 1 0 1 3 0 
0 0 0 0 0 3 0 1 2 3 
3 3 0 1 3 2 1 1 0 3 
3 0 0 0 2 3 1 2 3 2 
0 0 0 2 0 0 1 0 0 0 
0 1 3 3 1 2 1 0 2 0 
2 0 0 2 1 2 2 0 1 3 
2 0 1 3 3 1 0 3 1 3 
3 3 3 2 3 1 0 0 1 2 
0 2 1 3 0 0 0 0 0 0 
1 2 2 1 3 3 2 0 0 0 
3 0 1 0 0 0 3 3 1 0 
1 3 3 3 0 3 2 3 3 3 
0 0 0 0 0 0 0 0 0 0 
0 1 2 1 2 3 0 1 2 3 
3 1 1 0 0 0 1 3 1 3 
1 0 1 1 1 1 1 1 1 1 
1 2 0 3 2 0 0 0 2 2 
0 0 2 2 0 2 3 1 0 3 
3 3 1 2 1 0 2 1 2 0 
0 2 3 1 1 1 0 2 0 3 
0 0 2 1 2 0 0 0 0 3 
0 0 0 0 1 0 0 0 0 2 
1 1 0 0 2 1 3 2 1 0 
1 2 0 2 0 2 0 3 0 1 
2 3 3 0 2 0 2 1 3 1 
0 1 0 1 3 1 0 3 3 1 
0 3 2 0 0 1 0 2 2 0 
1 0 0 0 2 1 3 2 1 3 
0 3 1 2 1 3 3 0 3 1 
MFS
[ - , 1 , - , - , - , - , - , - , - , - ]
[ - , 1 , - , - , 2 , - , - , - , - , - ]
[ - , 1 , - , - , 1 , - , - , - , - , - ]
[ - , 1 , - , - , 0 , - , - , - , - , - ]
precise
0.25
recall
0.5
F-measure
0.3333333333333333
multi
0
time
all 188 iden 0 gen 188
t-cover
712
all-cover
720
coveredNum
(1 : 296)  (2 : 240)  (3 : 104)  (4 : 34)  (5 : 13)  (6 : 18)  (7 : 8)  (8 : 5)  (9 : 1)  (10 : 1)  
real Identify
([ - , 1 , - , - , - , - , - , - , - , - ] : 1)  
