testCase Num: 31
regaular Num: 31
identify Num: 0
1 1 1 1 0 1 1 1 1 1 
0 0 3 0 1 0 0 0 0 0 
3 2 0 3 0 3 3 1 1 1 
2 3 1 3 1 0 1 0 1 2 
3 1 1 1 1 3 0 2 0 0 
2 0 3 2 3 3 0 1 1 3 
0 0 2 2 1 1 0 0 3 1 
3 2 0 2 3 0 1 2 3 3 
0 3 3 1 3 2 1 3 0 1 
1 2 3 0 3 1 0 0 2 0 
0 0 2 0 3 0 0 0 0 0 
1 0 2 0 1 0 3 1 3 1 
2 3 0 2 0 1 3 3 3 0 
0 1 1 2 3 3 2 0 2 3 
2 2 1 0 0 0 3 3 0 2 
3 3 2 0 2 3 1 3 2 2 
0 2 2 1 2 0 2 1 1 0 
0 0 0 0 0 0 0 0 0 0 
1 0 3 3 2 1 1 2 2 0 
0 1 3 3 3 0 3 2 3 2 
1 0 2 3 1 1 2 3 0 3 
2 1 0 1 2 0 0 3 1 1 
0 0 0 3 0 2 0 0 0 0 
1 3 0 2 2 2 0 1 0 2 
3 0 3 1 0 1 2 1 2 2 
3 0 1 1 2 2 3 0 3 3 
2 1 2 0 0 2 2 2 1 3 
1 0 0 0 0 3 0 0 0 0 
2 2 0 2 1 2 2 2 2 1 
0 0 0 0 0 0 3 0 2 0 
0 3 0 0 0 3 2 2 3 3 
MFS
precise
0.0
recall
0.0
F-measure
0.0
multi
0
time
all 766 iden 141 gen 625
t-cover
720
all-cover
720
coveredNum
(1 : 316)  (2 : 253)  (3 : 92)  (4 : 27)  (5 : 13)  (6 : 10)  (7 : 8)  (8 : 1)  
real Identify

testCase Num: 34
regaular Num: 34
identify Num: 0
2 3 0 0 1 3 2 1 0 2 
1 2 1 1 0 3 2 2 3 0 
0 2 0 0 0 0 1 0 0 2 
0 0 0 0 2 0 0 2 0 0 
0 3 0 0 0 0 1 0 0 0 
2 2 3 1 2 0 3 2 0 1 
2 1 2 0 1 2 1 0 3 3 
1 3 3 0 3 1 2 0 2 1 
3 2 1 0 0 3 0 3 2 3 
3 0 2 1 2 2 1 1 2 0 
3 2 2 3 3 3 3 0 0 2 
0 1 0 0 0 0 2 0 2 0 
0 3 1 2 1 3 2 0 1 0 
3 3 1 3 2 2 2 2 0 3 
0 0 0 0 0 0 0 0 0 0 
3 1 0 2 2 3 0 1 3 1 
1 1 0 3 1 1 3 3 3 2 
0 1 3 2 0 1 1 1 0 0 
0 0 0 2 0 0 0 0 0 3 
3 3 3 3 1 0 0 0 3 2 
2 2 2 2 1 1 0 2 2 2 
2 0 3 3 3 3 1 3 3 0 
3 0 1 0 2 1 3 0 1 2 
1 0 2 2 1 0 2 3 0 1 
0 3 2 1 0 2 3 3 1 2 
1 2 0 1 3 2 0 2 1 3 
0 0 0 3 0 0 0 0 1 0 
1 1 1 1 1 0 1 1 1 1 
0 0 0 3 0 2 1 2 3 1 
2 0 3 1 0 1 0 0 1 3 
1 0 0 0 2 0 0 3 0 0 
2 1 1 2 3 2 3 2 0 0 
0 2 0 3 3 0 3 1 2 3 
0 0 3 0 0 2 0 0 0 0 
MFS
precise
0.0
recall
0.0
F-measure
0.0
multi
1
time
all 235 iden 0 gen 235
t-cover
720
all-cover
720
coveredNum
(1 : 283)  (2 : 248)  (3 : 123)  (4 : 21)  (5 : 5)  (6 : 20)  (7 : 11)  (8 : 6)  (9 : 2)  (10 : 1)  
real Identify

testCase Num: 32
regaular Num: 32
identify Num: 0
0 0 0 0 0 0 1 0 0 2 
2 3 3 2 2 0 2 1 0 0 
3 0 0 3 3 3 2 1 0 0 
2 0 3 0 1 3 1 3 3 3 
0 3 3 1 1 2 1 2 1 0 
0 1 1 1 3 0 2 3 2 3 
3 0 3 3 0 2 0 2 1 3 
3 3 2 3 1 2 3 0 2 2 
2 0 0 2 0 1 0 3 2 1 
0 1 1 3 2 3 1 1 2 1 
1 2 3 2 0 3 3 1 2 0 
3 1 0 0 0 1 3 2 0 2 
1 2 0 0 3 2 3 3 3 0 
2 2 1 2 2 2 2 2 0 1 
0 0 0 0 3 1 0 0 0 0 
1 1 0 1 1 1 1 1 1 1 
1 3 0 0 2 2 2 1 0 3 
0 0 2 2 1 0 2 1 1 2 
1 0 0 3 3 0 3 2 0 2 
1 2 2 1 1 1 3 2 3 3 
0 0 0 0 0 0 0 0 0 0 
3 2 2 2 2 0 1 0 1 3 
0 0 0 0 0 0 0 2 2 0 
3 3 0 0 0 0 0 3 0 0 
2 0 1 1 2 1 3 3 1 2 
2 1 2 3 0 2 1 3 0 0 
1 1 1 1 1 3 0 0 0 2 
3 3 2 0 3 3 0 2 1 1 
0 0 1 0 0 0 3 0 2 1 
0 2 3 3 2 1 0 1 3 2 
3 3 1 1 0 1 2 0 3 0 
2 1 3 2 3 0 1 0 3 1 
MFS
precise
0.0
recall
0.0
F-measure
0.0
multi
0
time
all 203 iden 0 gen 203
t-cover
720
all-cover
720
coveredNum
(1 : 288)  (2 : 252)  (3 : 118)  (4 : 35)  (5 : 13)  (6 : 11)  (7 : 1)  (8 : 2)  
real Identify

testCase Num: 30
regaular Num: 30
identify Num: 0
0 2 0 2 1 2 0 0 1 3 
0 3 0 1 3 1 3 2 2 1 
1 1 2 2 3 3 0 0 2 2 
3 1 0 3 3 0 2 2 1 0 
0 0 0 0 2 0 0 3 0 0 
1 1 1 0 1 1 1 1 1 1 
1 0 0 3 1 2 2 3 3 2 
3 1 1 1 2 2 3 0 0 3 
0 3 2 3 2 0 1 1 3 3 
2 2 2 1 2 2 2 1 2 0 
1 1 3 1 2 3 0 1 3 0 
2 1 1 3 0 0 2 0 2 1 
2 3 3 3 3 0 0 3 1 3 
2 0 0 2 2 1 1 1 0 2 
3 2 3 2 0 3 1 2 3 2 
0 0 0 0 0 0 0 0 0 0 
0 2 3 0 1 0 3 3 0 2 
0 2 0 3 3 3 3 0 0 3 
3 2 2 3 0 1 0 3 0 1 
0 0 0 2 0 0 0 0 0 1 
2 0 0 1 1 0 0 2 0 0 
0 3 3 0 3 2 1 0 3 1 
3 3 0 2 0 0 0 1 0 2 
2 0 2 0 2 3 3 2 1 1 
2 0 1 2 3 1 3 1 3 0 
0 3 1 2 1 3 2 3 0 0 
0 1 2 1 1 0 1 3 2 0 
3 0 3 0 1 1 2 0 2 3 
1 2 1 1 0 0 3 2 1 2 
1 3 1 0 0 2 0 2 0 3 
MFS
precise
0.0
recall
0.0
F-measure
0.0
multi
0
time
all 234 iden 0 gen 234
t-cover
720
all-cover
720
coveredNum
(1 : 313)  (2 : 257)  (3 : 105)  (4 : 29)  (5 : 6)  (6 : 8)  (7 : 2)  
real Identify

testCase Num: 35
regaular Num: 35
identify Num: 0
1 0 0 2 3 3 3 3 1 3 
2 2 3 0 3 0 1 1 3 3 
0 0 0 0 0 0 1 3 0 2 
2 0 1 0 0 0 0 0 0 0 
2 1 0 3 0 2 2 1 2 0 
2 3 2 3 1 0 2 3 0 3 
0 2 1 1 2 1 0 3 2 3 
0 0 3 0 0 3 0 0 0 0 
3 3 3 1 0 2 3 3 3 0 
0 0 1 3 3 2 3 1 1 0 
1 2 1 2 0 1 2 2 1 0 
2 0 2 1 0 1 1 0 1 1 
1 2 3 2 1 2 0 0 2 3 
1 3 1 0 2 0 3 0 2 2 
0 0 0 0 0 0 0 0 0 0 
1 3 0 3 2 1 0 1 3 1 
0 1 0 0 0 0 0 0 0 3 
0 0 3 3 1 1 2 2 3 2 
0 0 0 0 0 0 0 3 0 1 
0 1 3 2 3 0 3 2 0 1 
2 2 0 1 0 3 3 2 0 2 
3 1 1 1 3 3 0 1 3 2 
2 1 2 2 2 2 0 2 1 2 
0 0 3 1 2 0 0 0 1 0 
3 0 0 3 0 0 1 2 2 3 
3 0 0 2 0 0 0 0 3 0 
0 0 0 1 0 0 2 0 0 0 
1 1 1 1 1 1 1 1 0 1 
3 2 2 3 3 3 2 0 2 1 
0 3 2 2 1 3 1 1 1 0 
0 3 0 0 3 1 0 2 0 0 
3 1 0 0 1 1 3 3 1 2 
3 0 0 0 2 2 1 2 0 1 
1 1 2 0 2 3 2 0 3 0 
0 0 2 0 0 0 3 0 0 0 
MFS
precise
0.0
recall
0.0
F-measure
0.0
multi
1
time
all 235 iden 16 gen 219
t-cover
720
all-cover
720
coveredNum
(1 : 247)  (2 : 302)  (3 : 109)  (4 : 18)  (5 : 1)  (6 : 13)  (7 : 9)  (8 : 11)  (9 : 9)  (10 : 1)  
real Identify

testCase Num: 34
regaular Num: 34
identify Num: 0
0 0 0 0 0 0 0 0 3 3 
0 2 2 2 1 1 1 0 2 0 
2 1 1 1 0 0 1 3 0 3 
1 0 0 0 0 2 0 2 1 0 
0 2 1 0 3 1 3 1 1 0 
1 0 2 1 3 3 3 0 2 2 
0 3 2 0 2 3 1 3 3 1 
3 3 1 3 1 2 0 1 0 1 
1 0 1 3 2 3 0 0 3 0 
2 1 1 2 2 0 2 2 2 2 
2 3 2 1 2 2 1 0 1 1 
0 0 3 0 0 3 0 0 1 0 
1 2 3 2 2 0 3 1 0 1 
3 1 2 0 0 3 3 1 2 1 
3 2 0 3 3 2 3 3 2 3 
0 0 0 0 2 1 2 1 0 3 
1 1 0 1 1 1 1 1 1 1 
3 1 2 3 2 0 2 0 1 0 
3 0 3 3 0 1 1 2 3 2 
0 1 3 1 1 2 2 3 3 0 
1 0 0 0 1 2 0 3 1 2 
0 0 0 0 0 0 0 0 0 0 
2 2 2 1 1 3 0 2 0 3 
1 3 3 2 0 2 2 0 1 3 
0 3 0 0 0 0 0 0 0 2 
2 3 3 0 3 1 0 2 2 0 
0 1 0 2 3 0 0 1 0 2 
0 3 0 3 1 0 3 2 3 1 
0 2 0 0 0 0 2 0 3 2 
2 0 0 3 0 0 3 0 0 0 
2 0 0 2 3 3 2 1 3 1 
3 0 0 2 0 1 0 3 0 0 
0 0 0 0 3 0 1 0 0 0 
3 0 0 1 0 0 0 0 0 0 
MFS
precise
0.0
recall
0.0
F-measure
0.0
multi
0
time
all 218 iden 0 gen 218
t-cover
720
all-cover
720
coveredNum
(1 : 284)  (2 : 256)  (3 : 112)  (4 : 22)  (5 : 12)  (6 : 8)  (7 : 10)  (8 : 13)  (9 : 2)  (10 : 1)  
real Identify

testCase Num: 35
regaular Num: 35
identify Num: 0
1 1 2 3 3 2 2 0 3 1 
3 2 1 0 1 2 3 2 0 0 
2 2 0 0 0 1 0 1 2 3 
0 2 3 1 1 1 1 0 3 0 
0 3 1 2 0 2 1 1 1 3 
2 2 2 2 2 2 1 0 1 2 
2 0 3 3 1 3 3 0 1 0 
0 0 1 0 3 0 0 0 0 0 
3 1 0 3 3 3 1 2 2 3 
2 1 1 0 2 0 1 2 3 3 
3 2 0 0 3 2 0 1 1 1 
0 0 0 0 0 0 0 0 0 0 
0 0 0 0 0 0 0 1 0 2 
0 1 2 2 0 1 3 2 2 1 
3 0 1 1 2 1 3 0 2 2 
2 0 0 3 0 0 1 3 1 1 
0 0 0 3 0 1 0 0 0 0 
1 3 3 0 2 1 2 3 2 0 
0 2 1 3 0 3 2 3 3 2 
0 0 0 2 0 0 2 0 0 0 
1 3 0 0 2 3 3 2 3 3 
0 3 2 3 2 3 0 1 0 1 
1 2 0 2 1 0 0 3 2 2 
2 1 2 2 3 3 0 3 0 0 
1 0 3 1 0 2 1 3 0 3 
3 0 0 2 0 0 3 3 0 0 
2 0 3 2 3 0 3 1 3 1 
3 3 2 1 1 0 2 0 3 3 
0 0 0 1 0 3 0 0 0 0 
2 3 0 1 3 1 2 2 0 2 
1 1 1 1 1 1 0 1 1 1 
3 1 3 0 0 0 0 2 1 2 
0 0 2 0 3 0 2 1 1 0 
0 0 0 0 0 2 0 0 2 0 
0 0 0 0 0 0 0 2 3 0 
MFS
precise
0.0
recall
0.0
F-measure
0.0
multi
0
time
all 219 iden 0 gen 203
t-cover
720
all-cover
720
coveredNum
(1 : 257)  (2 : 275)  (3 : 125)  (4 : 19)  (5 : 7)  (6 : 6)  (7 : 15)  (8 : 7)  (9 : 5)  (10 : 4)  
real Identify

testCase Num: 34
regaular Num: 34
identify Num: 0
3 3 1 1 0 1 3 0 0 3 
2 2 2 2 2 1 0 1 2 2 
0 0 0 0 0 0 1 0 0 3 
3 0 2 1 2 3 2 0 1 3 
1 0 3 2 0 2 3 1 1 2 
1 2 0 3 1 3 3 0 3 1 
0 1 3 2 1 0 0 1 0 3 
2 3 1 2 1 3 2 3 0 0 
2 2 1 0 1 2 3 0 3 1 
2 1 2 1 1 0 1 0 3 2 
3 1 0 0 1 2 2 0 1 0 
2 2 3 1 0 3 0 2 0 0 
3 1 3 0 3 3 1 0 2 2 
2 0 0 0 0 0 3 3 0 2 
2 3 0 3 3 0 0 2 1 3 
0 3 2 1 0 2 1 3 2 0 
0 0 0 3 0 0 0 1 0 0 
1 1 0 0 0 1 0 3 2 3 
0 0 1 3 1 1 1 2 2 2 
0 0 0 0 0 0 0 0 0 0 
0 3 0 0 2 3 2 1 3 2 
1 3 2 0 3 0 2 0 2 1 
0 0 0 2 0 0 0 2 0 0 
1 1 2 3 2 2 3 2 0 0 
3 0 1 2 3 1 0 1 3 0 
0 2 0 1 3 2 3 3 3 3 
0 0 0 2 0 0 0 0 0 0 
3 3 3 3 0 1 2 2 3 1 
1 1 1 1 1 0 1 1 1 1 
0 0 1 0 2 0 0 0 0 0 
0 2 3 3 2 1 2 3 1 0 
0 0 0 0 3 2 0 2 0 1 
0 0 0 0 0 0 3 0 2 0 
3 2 0 2 2 0 1 3 0 1 
MFS
precise
0.0
recall
0.0
F-measure
0.0
multi
0
time
all 172 iden 0 gen 172
t-cover
720
all-cover
720
coveredNum
(1 : 282)  (2 : 263)  (3 : 108)  (4 : 23)  (5 : 8)  (6 : 8)  (7 : 10)  (8 : 14)  (9 : 4)  
real Identify

testCase Num: 34
regaular Num: 34
identify Num: 0
2 1 0 0 2 2 3 1 3 3 
0 1 0 0 1 3 1 3 0 2 
1 1 1 1 0 1 1 1 1 1 
3 0 0 0 0 2 0 0 0 0 
1 0 0 3 0 3 3 2 2 2 
2 2 2 0 1 2 2 2 1 2 
0 0 2 3 3 2 0 3 1 1 
1 3 3 0 2 1 2 3 0 1 
3 0 1 0 3 1 0 2 2 2 
2 3 0 1 3 0 0 0 2 2 
0 3 3 1 1 1 3 2 0 1 
2 3 1 3 2 0 3 3 3 0 
0 0 0 0 0 0 2 0 2 0 
2 0 0 0 0 3 0 0 0 0 
3 3 0 2 0 3 3 1 1 0 
0 0 0 0 0 0 0 0 0 0 
1 3 2 2 3 2 1 0 0 3 
1 1 2 0 0 1 1 2 3 0 
3 2 2 1 2 0 1 1 2 0 
0 0 0 0 0 0 0 2 0 3 
0 0 1 3 1 2 1 1 2 0 
0 0 0 0 1 0 0 0 3 0 
3 2 0 1 3 3 2 0 3 1 
3 1 3 3 3 0 0 1 0 0 
1 1 3 2 1 0 2 0 1 0 
0 0 1 2 0 0 0 0 0 0 
3 1 3 2 1 3 0 3 2 3 
0 0 3 2 2 1 2 1 3 2 
2 0 3 2 2 0 1 2 2 1 
1 2 3 1 0 2 0 3 3 0 
2 2 1 3 0 1 2 0 0 3 
0 2 2 2 3 3 3 0 0 0 
2 0 0 0 0 1 0 0 0 0 
0 0 1 1 2 3 0 0 1 3 
MFS
precise
0.0
recall
0.0
F-measure
0.0
multi
1
time
all 156 iden 0 gen 156
t-cover
720
all-cover
720
coveredNum
(1 : 284)  (2 : 261)  (3 : 105)  (4 : 27)  (5 : 6)  (6 : 10)  (7 : 11)  (8 : 11)  (9 : 4)  (10 : 1)  
real Identify

testCase Num: 32
regaular Num: 32
identify Num: 0
3 0 0 3 1 2 2 2 2 1 
0 1 1 0 3 2 0 3 2 3 
1 1 2 3 1 1 1 0 0 3 
1 3 0 1 2 2 1 2 3 0 
2 0 2 1 0 3 1 3 1 0 
0 3 2 0 2 2 3 1 1 1 
1 1 1 0 0 0 2 0 1 3 
2 0 0 1 2 1 2 1 3 3 
0 1 3 3 2 3 3 2 0 3 
1 3 1 2 0 1 3 2 2 0 
3 0 0 0 0 1 0 0 0 0 
2 3 2 3 3 0 0 2 1 2 
0 1 0 2 1 3 2 3 1 0 
3 2 3 3 2 0 0 3 1 0 
3 0 1 1 3 0 3 0 0 1 
1 2 0 0 3 1 3 3 3 2 
0 0 0 0 0 0 0 0 0 0 
3 1 1 3 0 3 0 1 3 2 
2 1 0 2 0 0 3 3 0 1 
3 3 2 2 3 0 2 1 3 3 
0 3 3 2 3 1 1 3 0 0 
0 0 0 0 1 0 3 0 0 0 
0 2 0 0 0 0 0 0 0 3 
2 2 1 2 2 2 1 0 2 2 
1 0 3 2 1 0 1 1 2 2 
0 2 3 1 0 2 2 1 0 2 
3 2 2 0 1 3 1 2 2 1 
1 1 1 1 1 1 0 1 1 1 
0 0 0 1 0 0 0 0 2 0 
2 3 3 0 1 3 1 0 3 1 
0 0 0 0 0 0 0 0 3 0 
1 0 0 2 3 3 0 1 0 0 
MFS
precise
0.0
recall
0.0
F-measure
0.0
multi
1
time
all 156 iden 0 gen 156
t-cover
720
all-cover
720
coveredNum
(1 : 284)  (2 : 278)  (3 : 103)  (4 : 15)  (5 : 16)  (6 : 19)  (7 : 3)  (8 : 2)  
real Identify

