testCase Num: 55
regaular Num: 30
identify Num: 25
3 0 0 0 1 1 0 3 0 1 
1 1 0 3 2 2 0 0 2 1 
0 3 3 0 2 2 2 0 0 0 
1 0 0 0 1 3 0 0 0 0 
1 1 3 2 1 0 2 2 2 1 
0 1 1 1 0 0 0 0 0 0 
2 2 3 2 0 0 1 1 1 2 
0 1 1 1 0 0 0 0 0 1 
2 2 1 3 3 2 1 3 1 3 
3 2 1 0 2 2 2 2 2 2 
1 2 1 3 1 1 3 0 3 2 
1 0 0 0 0 0 2 0 1 0 
0 1 1 1 0 1 0 0 0 0 
2 3 0 1 1 2 3 2 3 1 
0 2 0 1 2 0 3 3 0 0 
3 1 3 0 0 2 3 0 0 3 
0 0 0 0 0 0 0 0 0 0 
0 1 1 1 1 0 0 0 0 0 
0 3 3 1 3 0 3 1 1 0 
0 3 3 0 2 0 0 0 0 0 
0 1 1 0 0 0 0 0 0 0 
0 3 3 3 0 0 0 0 0 0 
0 0 0 1 3 1 0 0 0 0 
0 1 1 1 0 0 1 0 0 0 
0 1 2 0 3 3 3 3 3 3 
0 3 3 0 0 0 0 0 0 0 
2 2 2 0 3 3 2 0 3 1 
3 1 0 2 3 3 0 3 3 2 
3 3 2 3 2 3 1 1 1 2 
0 3 3 0 2 2 2 2 0 0 
0 2 1 0 1 2 2 1 3 3 
1 0 2 1 3 3 3 3 2 3 
2 1 2 3 0 1 2 2 2 0 
0 3 3 0 2 2 2 2 2 0 
0 0 3 1 0 2 0 3 3 0 
0 1 1 1 0 0 0 1 0 0 
1 0 0 0 0 0 0 2 0 3 
1 0 0 0 1 1 1 1 1 1 
1 0 1 0 0 3 0 2 1 0 
0 0 0 1 0 0 1 0 2 0 
0 0 2 2 1 2 0 1 2 3 
0 1 0 0 0 0 0 0 0 0 
2 0 0 3 0 0 0 0 0 0 
2 0 3 2 2 1 2 1 3 3 
0 1 1 1 0 0 0 0 1 0 
0 3 0 0 0 0 0 0 0 0 
0 0 0 2 0 0 3 0 0 0 
0 0 3 1 3 3 2 2 0 2 
1 0 0 0 0 0 0 0 0 0 
0 3 3 0 2 2 0 0 0 0 
0 3 3 0 2 2 2 2 2 2 
0 3 1 2 0 0 0 0 0 0 
0 2 2 2 0 0 0 0 0 0 
3 0 1 1 0 0 1 2 3 0 
1 3 0 0 1 1 2 3 2 3 
MFS
[ 0 , - , - , 0 , - , - , - , - , - , - ]
precise
1.0
recall
0.5
F-measure
0.6666666666666666
multi
0
time
all 712 iden 411 gen 247
t-cover
720
all-cover
720
coveredNum
(1 : 241)  (2 : 238)  (3 : 100)  (4 : 48)  (5 : 20)  (6 : 10)  (7 : 1)  (8 : 3)  (9 : 10)  (10 : 2)  (11 : 1)  (12 : 1)  (13 : 4)  (14 : 11)  (15 : 6)  (16 : 1)  (17 : 1)  (18 : 4)  (19 : 7)  (20 : 6)  (21 : 2)  (22 : 2)  (23 : 1)  
real Identify
([ 0 , - , - , 0 , - , - , - , - , - , - ] : 1)  
wrong Checked
2
wrong identified
0
testCase Num: 43
regaular Num: 30
identify Num: 13
0 1 0 1 2 1 2 3 0 2 
2 2 1 1 0 2 3 3 1 1 
0 1 1 0 1 0 0 0 0 0 
2 3 0 3 0 1 0 2 0 3 
0 1 1 0 1 1 0 0 0 0 
0 1 1 0 1 1 1 1 1 1 
1 0 1 0 2 0 2 0 0 2 
1 1 2 0 0 0 1 0 2 0 
0 3 0 1 2 3 1 1 0 0 
0 1 1 1 0 0 0 0 0 0 
3 0 3 0 1 2 0 2 3 2 
0 2 3 3 0 3 1 0 1 2 
1 2 3 0 3 0 2 1 1 0 
3 1 0 1 3 3 0 2 1 1 
0 0 3 3 3 0 0 3 0 1 
0 1 1 0 1 1 1 0 0 0 
2 1 3 0 1 1 3 0 3 0 
1 1 0 3 1 2 3 1 2 3 
0 3 2 2 0 2 2 0 2 1 
2 0 1 2 1 1 1 1 1 1 
0 3 3 0 3 3 3 3 3 3 
1 2 2 1 1 1 2 1 0 2 
1 3 1 0 2 2 1 2 3 1 
0 0 0 0 0 0 0 0 0 0 
0 1 0 0 0 0 0 0 0 0 
0 0 2 2 2 0 3 2 1 3 
1 1 1 2 3 3 1 3 2 0 
0 1 1 0 0 0 0 0 0 0 
0 0 2 1 3 1 0 0 2 3 
3 2 2 3 2 1 2 2 2 0 
0 1 1 0 1 1 1 1 0 0 
2 3 3 1 2 0 0 1 2 2 
0 2 0 2 1 0 0 3 3 3 
3 0 1 3 0 0 1 1 3 3 
1 0 0 1 0 0 0 0 0 0 
1 0 3 0 0 0 0 0 0 3 
0 2 2 0 2 2 2 2 2 2 
1 0 0 0 0 0 0 0 0 0 
0 1 1 0 1 1 1 1 1 0 
3 3 3 2 3 2 3 3 0 2 
0 0 0 1 1 3 3 0 3 0 
3 3 0 0 1 2 0 0 1 0 
2 0 2 0 3 3 2 3 3 3 
MFS
[ 0 , - , - , 0 , - , - , - , - , - , - ]
precise
1.0
recall
0.5
F-measure
0.6666666666666666
multi
0
time
all 322 iden 138 gen 121
t-cover
720
all-cover
720
coveredNum
(1 : 283)  (2 : 272)  (3 : 99)  (4 : 32)  (5 : 19)  (6 : 11)  (7 : 4)  
real Identify
([ 0 , - , - , 0 , - , - , - , - , - , - ] : 1)  
wrong Checked
0
wrong identified
0
testCase Num: 52
regaular Num: 27
identify Num: 25
1 3 0 2 3 0 1 2 2 1 
0 0 0 1 0 2 0 0 3 0 
0 3 3 0 2 2 2 0 0 0 
3 2 3 0 2 3 3 0 3 1 
1 0 0 0 0 0 0 1 0 2 
0 2 1 0 1 3 2 1 3 2 
0 1 1 1 0 0 0 0 0 0 
2 3 1 2 1 3 3 2 1 0 
0 1 1 1 0 0 0 0 0 1 
1 0 2 1 3 2 3 2 2 3 
1 1 2 3 3 3 1 1 3 0 
2 0 0 1 2 1 0 2 2 3 
2 1 2 0 0 2 1 3 1 2 
1 2 2 0 1 0 1 3 3 1 
0 1 1 1 0 1 0 0 0 0 
0 2 1 3 0 0 0 0 0 0 
0 0 0 2 0 1 3 1 0 3 
2 2 3 3 1 2 2 1 2 1 
0 2 0 1 0 3 0 2 3 2 
0 0 0 0 0 0 0 0 0 0 
0 1 1 1 1 0 0 0 0 0 
0 3 3 0 2 0 0 0 0 0 
0 1 1 0 0 0 0 0 0 0 
0 3 3 3 0 0 0 0 0 0 
0 1 1 1 0 0 1 0 0 0 
0 1 2 0 3 3 3 3 3 3 
0 3 3 0 0 0 0 0 0 0 
3 0 1 0 0 3 2 0 2 0 
3 1 0 2 2 2 2 2 2 2 
0 3 3 0 2 2 2 2 0 0 
1 0 3 2 1 1 1 3 3 2 
3 1 0 1 1 3 0 0 0 3 
0 3 3 0 2 2 2 2 2 0 
3 3 1 0 3 2 0 0 0 2 
1 0 1 0 2 0 2 2 0 3 
2 3 1 0 3 3 2 3 3 3 
0 1 1 1 0 0 0 1 0 0 
1 0 0 0 1 1 1 1 1 1 
0 1 3 3 0 0 0 2 0 0 
3 3 2 3 2 1 1 1 1 3 
0 3 1 1 2 2 0 3 2 0 
0 1 0 0 0 0 0 0 0 0 
2 0 0 3 0 0 0 0 0 0 
0 1 1 1 0 0 0 0 1 0 
0 3 0 0 0 0 0 0 0 0 
3 1 0 3 3 0 3 3 0 2 
1 0 0 0 0 0 0 0 0 0 
0 3 3 0 2 2 0 0 0 0 
0 0 2 1 0 0 2 0 0 0 
0 3 3 0 2 2 2 2 2 2 
0 2 2 2 0 0 0 0 0 0 
0 2 3 1 3 1 2 0 1 3 
MFS
[ 0 , - , - , 0 , - , - , - , - , - , - ]
precise
1.0
recall
0.5
F-measure
0.6666666666666666
multi
0
time
all 648 iden 396 gen 216
t-cover
708
all-cover
720
coveredNum
(1 : 266)  (2 : 222)  (3 : 118)  (4 : 42)  (5 : 10)  (6 : 8)  (7 : 5)  (8 : 3)  (9 : 1)  (12 : 2)  (13 : 7)  (14 : 9)  (15 : 4)  (16 : 2)  (17 : 5)  (18 : 7)  (19 : 6)  (20 : 3)  
real Identify
([ 0 , - , - , 0 , - , - , - , - , - , - ] : 1)  
wrong Checked
2
wrong identified
0
testCase Num: 46
regaular Num: 33
identify Num: 13
0 0 2 2 1 2 3 3 0 2 
3 0 0 0 0 0 1 0 0 0 
1 1 1 0 1 2 2 3 2 1 
2 2 1 2 2 1 2 0 0 3 
2 3 1 0 0 0 1 1 1 2 
0 1 1 0 1 0 0 0 0 0 
3 3 3 2 0 3 2 3 1 0 
0 1 1 0 1 1 0 0 0 0 
0 1 0 3 2 3 3 1 0 1 
0 1 1 0 1 1 1 1 1 1 
1 0 0 0 0 0 0 1 0 0 
0 1 1 1 0 0 0 0 0 0 
0 0 1 1 0 0 3 0 0 0 
0 1 1 0 1 1 1 0 0 0 
0 3 2 1 0 0 0 0 0 0 
0 0 0 3 0 0 0 3 0 0 
1 0 1 3 2 3 1 2 1 3 
0 0 0 2 3 0 1 0 3 0 
0 2 0 1 3 1 0 3 2 3 
0 3 3 0 3 3 3 3 3 3 
0 0 0 1 1 0 0 0 0 3 
0 0 0 0 0 0 0 0 0 0 
0 0 0 1 0 2 2 2 0 3 
1 2 0 0 2 0 0 3 3 0 
0 1 0 0 0 0 0 0 0 0 
3 1 0 1 1 3 0 2 3 2 
0 1 1 0 0 0 0 0 0 0 
2 3 0 3 1 2 0 0 2 0 
3 2 2 0 3 3 3 0 1 1 
2 0 3 1 0 3 1 3 2 1 
2 1 0 2 1 1 1 1 1 1 
0 1 1 0 1 1 1 1 0 0 
0 2 3 2 1 0 0 2 1 1 
1 0 0 1 0 0 0 0 0 0 
0 1 3 1 0 0 0 0 0 0 
2 2 2 3 0 2 1 0 3 0 
0 2 2 0 2 2 2 2 2 2 
1 0 0 0 0 0 0 0 0 0 
0 1 1 0 1 1 1 1 1 0 
1 0 2 2 0 1 3 2 2 0 
3 2 2 3 2 0 2 1 2 2 
1 3 3 3 3 1 1 0 0 2 
3 0 1 0 3 1 2 1 3 0 
3 1 2 1 3 2 0 1 1 3 
2 3 3 0 3 0 3 2 3 3 
0 3 3 1 2 2 0 1 3 1 
MFS
[ 0 , - , - , 0 , - , - , - , - , - , - ]
precise
1.0
recall
0.5
F-measure
0.6666666666666666
multi
0
time
all 331 iden 131 gen 147
t-cover
720
all-cover
720
coveredNum
(1 : 288)  (2 : 254)  (3 : 109)  (4 : 20)  (5 : 7)  (6 : 11)  (7 : 4)  (8 : 10)  (9 : 9)  (10 : 6)  (11 : 1)  (12 : 1)  
real Identify
([ 0 , - , - , 0 , - , - , - , - , - , - ] : 1)  
wrong Checked
0
wrong identified
0
testCase Num: 56
regaular Num: 25
identify Num: 32
2 2 3 1 1 0 2 3 2 1 
0 2 1 1 0 1 3 2 2 2 
0 1 1 0 1 0 0 0 0 0 
0 0 0 1 0 0 0 1 0 0 
3 1 0 2 3 3 0 0 1 0 
0 1 1 0 1 1 0 0 0 0 
0 1 1 1 0 0 0 0 0 0 
1 1 0 2 3 2 0 0 1 3 
3 1 0 2 3 3 1 0 1 3 
3 1 0 2 3 2 0 0 1 1 
2 2 2 2 0 1 1 1 1 1 
0 3 3 0 3 3 3 3 3 3 
2 0 3 0 3 1 1 2 0 0 
0 0 0 0 0 0 0 0 0 0 
0 1 1 0 0 0 0 0 0 0 
3 1 0 2 3 2 0 0 1 3 
0 1 1 0 1 1 1 1 0 0 
0 3 0 3 3 1 3 3 3 1 
1 0 0 1 0 0 0 0 0 0 
3 2 2 0 3 0 2 1 3 2 
3 0 2 1 1 1 3 2 2 0 
3 1 0 2 3 2 3 0 1 3 
0 1 1 0 1 1 1 1 1 0 
3 1 0 2 3 3 0 0 1 3 
1 1 1 3 0 2 2 2 3 1 
3 1 0 1 3 2 0 0 1 3 
3 1 0 2 3 2 0 0 2 3 
0 1 1 0 1 1 1 1 1 1 
1 0 3 0 2 2 3 1 0 1 
0 0 1 3 1 0 1 1 3 0 
0 1 1 0 1 1 1 0 0 0 
1 3 1 1 2 3 1 3 1 2 
3 1 0 2 2 2 0 0 1 3 
3 1 0 2 3 1 0 0 1 3 
1 0 0 0 1 0 0 0 0 2 
0 1 0 0 0 0 0 0 0 0 
0 0 3 2 2 3 2 2 1 3 
2 3 0 2 1 0 0 2 0 2 
2 1 1 0 1 3 3 1 2 3 
3 1 1 2 3 2 0 0 1 3 
3 1 0 2 3 2 0 1 1 3 
0 1 2 3 1 2 0 0 1 3 
1 0 0 0 2 0 0 0 3 0 
3 2 0 2 3 2 0 0 1 3 
3 3 3 3 1 2 1 0 2 2 
3 1 0 2 3 3 0 3 1 3 
0 2 2 0 2 2 2 2 2 2 
2 2 2 3 2 2 0 3 0 0 
3 1 0 2 3 0 0 0 1 3 
1 0 0 0 0 0 0 0 0 0 
3 1 0 2 3 3 0 0 3 3 
1 2 2 3 0 3 0 3 0 1 
3 3 2 0 0 1 2 0 0 3 
2 1 3 1 0 0 0 0 3 2 
1 0 0 0 2 1 2 3 2 0 
1 3 0 0 2 0 3 1 1 0 
MFS
[ 0 , - , - , 0 , - , - , - , - , - , - ]
[ 3 , 1 , 0 , 2 , 3 , 2 , 0 , 0 , 1 , 3 ]
precise
0.5
recall
0.5
F-measure
0.5
multi
0
time
all 1254 iden 1007 gen 150
t-cover
717
all-cover
720
coveredNum
(1 : 217)  (2 : 146)  (3 : 53)  (4 : 11)  (5 : 11)  (6 : 6)  (7 : 1)  (8 : 2)  (910 : 1)  (911 : 1)  (912 : 2)  (913 : 1)  (914 : 3)  (20 : 2)  (916 : 1)  (149 : 3)  (917 : 1)  (21 : 4)  (22 : 3)  (150 : 2)  (27 : 1)  (28 : 7)  (29 : 17)  (30 : 29)  (31 : 37)  (32 : 53)  (33 : 32)  (34 : 11)  (35 : 6)  (36 : 6)  (37 : 5)  (61 : 2)  (62 : 1)  (63 : 1)  (64 : 2)  (853 : 1)  (855 : 3)  (856 : 1)  (864 : 1)  (747 : 5)  (748 : 1)  (749 : 1)  (750 : 2)  (881 : 2)  (882 : 2)  (883 : 3)  (884 : 3)  (885 : 2)  (886 : 6)  (120 : 1)  (121 : 3)  (891 : 1)  (893 : 1)  
real Identify
([ 0 , - , - , 0 , - , - , - , - , - , - ] : 1)  
wrong Checked
527
wrong identified
1
testCase Num: 50
regaular Num: 26
identify Num: 25
1 1 0 3 1 1 0 3 3 1 
0 0 0 3 0 1 1 2 2 0 
0 1 1 0 1 0 0 0 0 0 
2 2 1 3 0 2 0 2 0 3 
0 1 1 0 1 1 0 0 0 0 
2 1 0 0 2 3 2 2 2 3 
0 1 1 1 0 0 0 0 0 0 
1 2 0 3 1 1 0 2 3 1 
3 3 3 3 1 2 0 1 2 2 
3 1 0 3 1 1 0 2 3 1 
3 0 1 0 1 1 2 0 1 2 
2 2 2 2 0 1 1 1 1 1 
0 3 3 0 3 3 3 3 3 3 
0 0 0 0 0 0 0 0 0 0 
1 1 0 3 1 1 0 2 0 1 
2 3 3 0 0 0 1 3 0 0 
0 1 1 0 0 0 0 0 0 0 
1 1 0 3 1 1 3 2 3 1 
1 1 0 0 3 2 1 3 1 2 
0 1 1 0 1 1 1 1 0 0 
1 1 0 3 0 1 0 2 3 1 
0 0 0 2 0 0 2 0 0 0 
1 0 0 1 0 0 0 0 0 0 
0 2 1 1 1 3 1 0 2 1 
0 1 1 0 1 1 1 1 1 0 
0 0 1 3 3 3 3 3 3 1 
1 1 0 3 1 1 0 2 3 2 
1 1 0 3 1 1 0 2 3 1 
2 2 2 0 1 2 3 0 3 0 
1 1 3 3 1 1 0 2 3 1 
0 1 1 0 1 1 1 1 1 1 
0 2 0 1 3 2 2 1 3 2 
1 3 1 2 2 0 2 1 3 1 
2 0 2 3 2 0 2 0 1 2 
1 1 0 0 1 1 0 2 3 1 
0 1 1 0 1 1 1 0 0 0 
1 1 0 3 1 2 0 2 3 1 
1 0 0 0 2 3 0 1 0 3 
1 2 2 2 3 0 0 3 2 3 
0 0 3 2 2 2 3 1 2 0 
0 1 0 0 0 0 0 0 0 0 
0 3 2 1 3 1 3 2 1 3 
1 0 0 0 2 0 1 0 0 0 
0 2 2 0 2 2 2 2 2 2 
1 0 0 0 0 0 0 0 0 0 
3 2 3 1 2 1 2 3 0 0 
2 3 0 1 3 0 3 0 0 3 
3 1 2 2 0 3 3 1 0 2 
3 3 3 2 3 3 0 0 1 0 
3 0 3 2 1 0 1 2 3 3 
MFS
[ 0 , - , - , 0 , - , - , - , - , - , - ]
[ 1 , 1 , 0 , 3 , 1 , 1 , 0 , 2 , 3 , 1 ]
precise
0.5
recall
0.5
F-measure
0.5
multi
0
time
all 564 iden 348 gen 148
t-cover
720
all-cover
720
coveredNum
(1 : 268)  (2 : 171)  (3 : 67)  (4 : 17)  (5 : 6)  (6 : 6)  (7 : 5)  (25 : 1)  (26 : 1)  (27 : 5)  (28 : 2)  (29 : 9)  (30 : 27)  (31 : 58)  (32 : 22)  (33 : 6)  (34 : 2)  (35 : 2)  (694 : 1)  (695 : 12)  (696 : 11)  (697 : 8)  (698 : 1)  (699 : 4)  (700 : 5)  (701 : 2)  (703 : 1)  
real Identify
([ 0 , - , - , 0 , - , - , - , - , - , - ] : 1)  
wrong Checked
464
wrong identified
1
testCase Num: 44
regaular Num: 31
identify Num: 13
0 1 2 1 2 3 0 0 1 3 
0 0 0 1 0 0 0 1 0 3 
1 3 0 0 2 2 2 0 3 0 
0 1 1 0 1 0 0 0 0 0 
2 0 2 2 1 0 3 3 0 0 
0 1 1 0 1 1 0 0 0 0 
0 1 1 0 1 1 1 1 1 1 
0 1 1 1 0 0 0 0 0 0 
1 1 2 0 1 3 3 3 2 1 
2 1 3 3 0 0 1 2 1 0 
0 0 0 1 0 3 1 0 0 0 
3 2 0 1 3 0 3 2 0 2 
0 1 1 0 1 1 1 0 0 0 
3 1 0 2 2 2 1 2 2 2 
3 1 1 0 2 0 2 1 3 1 
2 3 2 0 1 2 0 2 3 3 
0 3 3 0 3 3 3 3 3 3 
2 2 1 0 1 1 1 1 1 1 
0 0 0 0 0 0 0 0 0 0 
1 3 3 2 3 2 0 1 1 0 
0 2 3 2 3 0 3 0 2 1 
3 0 1 3 1 2 1 1 0 1 
1 1 3 0 0 1 0 3 0 2 
0 1 0 0 0 0 0 0 0 0 
0 3 0 1 3 1 1 3 3 3 
0 1 1 0 0 0 0 0 0 0 
0 1 1 0 1 1 1 1 0 0 
3 2 2 3 2 3 0 3 0 0 
0 0 3 2 1 3 2 2 3 1 
2 0 0 1 1 2 2 3 1 2 
2 0 0 3 2 0 0 0 0 0 
1 0 0 1 0 0 0 0 0 0 
1 1 0 0 3 0 0 0 0 0 
0 2 2 0 2 2 2 2 2 2 
2 3 1 0 3 3 3 0 0 2 
2 3 2 3 3 0 2 3 2 3 
1 0 0 0 0 0 0 0 0 0 
0 1 1 0 1 1 1 1 1 0 
1 2 1 2 0 1 2 2 0 3 
1 0 1 0 3 0 0 3 2 0 
3 0 3 1 2 1 3 0 1 3 
0 2 2 3 0 2 3 1 3 2 
1 0 2 3 1 1 1 0 2 0 
3 3 0 1 0 3 0 1 2 1 
MFS
[ 0 , - , - , 0 , - , - , - , - , - , - ]
precise
1.0
recall
0.5
F-measure
0.6666666666666666
multi
0
time
all 352 iden 134 gen 149
t-cover
720
all-cover
720
coveredNum
(1 : 293)  (2 : 246)  (3 : 110)  (4 : 30)  (5 : 15)  (6 : 12)  (7 : 8)  (8 : 6)  
real Identify
([ 0 , - , - , 0 , - , - , - , - , - , - ] : 1)  
wrong Checked
0
wrong identified
0
testCase Num: 43
regaular Num: 30
identify Num: 13
3 3 3 1 1 1 3 0 3 2 
0 1 1 0 1 0 0 0 0 0 
3 3 2 2 0 1 0 1 0 0 
0 1 1 0 1 1 0 0 0 0 
1 0 0 0 0 0 0 3 0 1 
0 1 1 0 1 1 1 1 1 1 
0 1 1 1 0 0 0 0 0 0 
0 0 0 3 3 2 3 2 0 1 
0 1 2 3 2 3 3 3 2 0 
0 0 1 2 3 0 1 1 3 2 
0 0 0 3 0 0 0 0 0 0 
3 1 3 0 3 3 0 2 1 3 
1 2 0 0 1 1 0 3 3 3 
0 1 1 0 1 1 1 0 0 0 
2 3 1 3 0 2 1 3 3 3 
1 2 3 1 3 1 1 3 2 0 
1 3 1 1 0 2 3 2 1 2 
1 2 2 3 1 2 2 0 1 0 
0 3 3 0 3 3 3 3 3 3 
3 2 2 3 2 2 0 1 2 2 
0 0 0 0 0 0 0 0 0 0 
0 1 0 0 0 0 0 0 0 0 
0 1 3 2 1 2 0 0 0 1 
0 0 0 1 0 0 1 2 0 0 
0 1 1 0 0 0 0 0 0 0 
2 1 0 2 1 1 1 1 1 1 
0 1 1 0 1 1 1 1 0 0 
1 1 0 1 2 3 2 1 3 2 
1 2 1 2 0 3 3 2 2 1 
0 3 2 1 2 1 0 2 3 1 
2 0 2 1 2 3 1 0 2 3 
1 0 0 1 0 0 0 0 0 0 
2 3 2 0 3 3 2 2 3 0 
0 2 2 0 2 2 2 2 2 2 
2 0 0 0 3 2 0 0 0 0 
1 0 0 0 0 0 0 0 0 0 
0 1 1 0 1 1 1 1 1 0 
0 2 1 1 2 1 2 0 0 0 
2 2 2 0 2 0 3 1 0 3 
2 0 3 3 0 1 2 1 0 2 
0 0 3 2 2 0 2 3 1 3 
3 0 1 0 1 3 1 3 0 2 
3 3 0 0 1 0 2 2 2 1 
MFS
[ 0 , - , - , 0 , - , - , - , - , - , - ]
precise
1.0
recall
0.5
F-measure
0.6666666666666666
multi
0
time
all 385 iden 116 gen 201
t-cover
720
all-cover
720
coveredNum
(1 : 298)  (2 : 257)  (3 : 102)  (4 : 26)  (5 : 18)  (6 : 9)  (7 : 6)  (8 : 3)  (9 : 1)  
real Identify
([ 0 , - , - , 0 , - , - , - , - , - , - ] : 1)  
wrong Checked
0
wrong identified
0
testCase Num: 53
regaular Num: 29
identify Num: 25
1 3 1 3 1 3 0 1 0 3 
0 0 0 1 1 0 1 0 0 0 
0 1 1 0 1 0 0 0 0 0 
1 1 0 2 0 3 3 2 3 0 
0 1 1 0 1 1 0 0 0 0 
1 0 1 0 2 0 0 0 0 0 
0 3 3 2 2 0 0 3 1 0 
2 1 1 0 3 2 0 3 3 2 
0 1 1 1 0 0 0 0 0 0 
1 1 1 2 0 1 3 2 3 0 
1 1 0 2 0 1 3 2 3 0 
1 1 0 2 0 1 3 0 3 0 
0 2 1 2 0 2 0 1 2 0 
0 3 3 0 3 3 3 3 3 3 
0 0 0 0 0 0 0 0 0 0 
2 2 2 3 3 3 3 0 1 0 
0 0 3 1 1 2 3 2 2 2 
1 1 0 0 0 1 3 2 3 0 
1 2 0 0 0 1 0 0 0 0 
1 0 0 0 0 2 0 0 0 1 
0 1 1 0 0 0 0 0 0 0 
0 3 0 3 3 1 2 3 2 3 
0 1 1 0 1 1 1 1 0 0 
2 0 3 1 2 1 2 2 0 1 
1 1 0 2 0 1 3 2 3 2 
1 0 0 1 0 0 0 0 0 0 
0 1 1 0 1 1 1 1 1 0 
3 2 2 2 2 2 2 2 0 2 
3 1 2 0 1 1 0 0 2 1 
0 0 2 3 3 3 1 3 3 1 
3 1 0 2 0 1 3 2 3 0 
0 0 0 1 0 0 0 2 0 3 
3 0 0 0 0 3 0 3 2 2 
2 2 2 1 0 0 1 1 2 3 
2 3 0 2 1 0 1 0 0 3 
0 1 1 0 1 1 1 1 1 1 
1 1 0 2 0 1 2 2 3 0 
0 1 1 0 1 1 1 0 0 0 
1 1 0 2 3 1 3 2 3 0 
1 0 0 2 0 1 3 2 3 0 
2 0 1 2 1 1 1 1 1 1 
1 2 0 1 1 3 2 3 3 1 
1 1 3 0 2 3 3 1 3 3 
1 3 0 0 2 2 1 0 1 2 
3 3 3 3 0 0 1 2 3 1 
1 3 2 1 0 0 3 3 0 1 
0 1 0 0 0 0 0 0 0 0 
1 1 0 2 0 1 3 2 1 0 
1 1 0 3 2 2 1 1 2 2 
1 2 3 0 3 0 2 0 0 2 
0 2 2 0 2 2 2 2 2 2 
1 0 0 0 0 0 0 0 0 0 
3 0 1 1 3 2 2 1 1 3 
MFS
[ 0 , - , - , 0 , - , - , - , - , - , - ]
[ 1 , 1 , 0 , 2 , 0 , 1 , 3 , 2 , 3 , 0 ]
precise
0.5
recall
0.5
F-measure
0.5
multi
0
time
all 787 iden 549 gen 153
t-cover
720
all-cover
720
coveredNum
(1 : 239)  (2 : 180)  (3 : 78)  (4 : 13)  (5 : 8)  (6 : 8)  (7 : 9)  (8 : 3)  (9 : 2)  (1165 : 4)  (1166 : 1)  (1167 : 6)  (1168 : 6)  (1169 : 2)  (1170 : 11)  (1171 : 5)  (1172 : 5)  (1173 : 3)  (1174 : 2)  (36 : 3)  (37 : 7)  (38 : 10)  (39 : 17)  (40 : 18)  (41 : 23)  (42 : 35)  (43 : 9)  (44 : 5)  (45 : 2)  (46 : 5)  (47 : 1)  
real Identify
([ 0 , - , - , 0 , - , - , - , - , - , - ] : 1)  
wrong Checked
860
wrong identified
1
testCase Num: 45
regaular Num: 32
identify Num: 13
0 3 0 1 3 1 1 2 2 1 
0 0 0 1 0 0 0 1 0 2 
0 1 1 0 1 0 0 0 0 0 
0 1 1 0 1 1 0 0 0 0 
3 1 3 0 3 1 1 3 3 3 
1 0 0 0 2 0 0 0 0 0 
0 1 1 0 1 1 1 1 1 1 
3 2 3 1 2 2 0 3 1 0 
3 0 1 2 2 2 2 2 2 1 
2 0 3 0 0 0 0 0 0 0 
0 1 1 1 0 0 0 0 0 0 
1 3 1 0 1 0 3 3 2 2 
2 0 1 1 2 1 0 0 3 2 
2 2 2 2 1 1 1 1 1 0 
2 3 2 3 3 2 0 0 2 3 
1 1 0 2 1 0 2 1 1 3 
0 1 1 0 1 1 1 0 0 0 
0 0 0 1 0 0 3 0 0 0 
2 1 2 0 2 0 2 3 0 1 
0 2 0 2 2 2 1 1 0 3 
0 3 3 0 3 3 3 3 3 3 
1 2 3 0 0 3 3 1 2 1 
3 1 0 3 0 3 1 2 2 0 
0 2 1 1 3 1 2 0 0 0 
0 0 0 0 0 0 0 0 0 0 
0 1 0 0 0 0 0 0 0 0 
3 0 2 0 0 0 0 0 0 0 
0 1 1 0 0 0 0 0 0 0 
0 0 2 1 1 3 2 1 3 3 
0 1 1 0 1 1 1 1 0 0 
2 2 0 2 1 3 0 0 3 1 
0 0 3 2 0 0 1 3 2 0 
1 0 0 1 0 0 0 0 0 0 
3 2 3 3 1 0 2 2 0 2 
0 2 2 0 2 2 2 2 2 2 
0 0 0 3 3 0 0 1 1 1 
1 0 1 3 3 1 1 0 1 2 
1 0 0 0 0 0 0 0 0 0 
0 1 1 0 1 1 1 1 1 0 
1 0 0 0 1 2 0 2 0 0 
3 3 3 3 0 0 2 0 3 0 
1 1 2 2 0 2 3 2 3 2 
2 0 1 0 0 1 3 2 1 3 
3 3 1 2 3 3 3 1 0 0 
0 3 0 3 2 3 3 3 1 2 
MFS
[ 0 , - , - , 0 , - , - , - , - , - , - ]
precise
1.0
recall
0.5
F-measure
0.6666666666666666
multi
0
time
all 331 iden 146 gen 131
t-cover
720
all-cover
720
coveredNum
(1 : 289)  (2 : 260)  (3 : 95)  (4 : 27)  (5 : 18)  (6 : 7)  (7 : 6)  (8 : 9)  (9 : 7)  (10 : 2)  
real Identify
([ 0 , - , - , 0 , - , - , - , - , - , - ] : 1)  
wrong Checked
0
wrong identified
0
