testCase Num: 40
regaular Num: 30
identify Num: 10
3 3 2 2 2 2 2 1 0 2 
3 2 1 0 2 1 0 2 1 0 
3 3 1 0 1 2 1 0 2 1 
0 1 1 0 1 0 0 0 0 0 
0 2 2 3 1 1 2 3 0 2 
2 2 0 1 1 1 1 1 1 1 
0 1 1 0 1 1 0 0 0 0 
2 2 2 2 0 0 0 2 2 2 
0 1 1 0 1 1 1 1 1 1 
1 0 2 0 0 0 0 0 0 3 
0 1 1 1 0 0 0 0 0 0 
0 0 1 1 0 0 0 3 0 2 
0 1 0 3 2 3 2 2 3 1 
0 0 3 2 1 3 3 2 2 3 
1 1 3 0 0 2 2 0 0 2 
3 2 0 0 0 3 0 0 0 2 
0 1 1 0 1 1 1 0 0 0 
3 1 0 2 0 1 1 3 0 3 
2 0 1 1 2 0 2 0 1 3 
2 1 1 0 0 3 3 1 3 3 
1 3 0 3 3 1 2 0 2 3 
0 3 3 3 3 0 1 1 3 0 
0 0 0 0 0 0 0 0 0 0 
3 3 3 3 0 0 3 3 1 1 
3 0 2 1 3 1 3 0 3 2 
1 0 1 2 2 2 3 1 1 0 
0 1 0 0 0 0 0 0 0 0 
1 1 0 1 1 2 0 1 2 1 
0 1 1 0 0 0 0 0 0 0 
0 0 0 1 0 2 0 2 0 0 
2 3 3 1 1 3 0 2 0 0 
0 1 1 0 1 1 1 1 0 0 
0 0 2 3 2 3 1 3 1 1 
2 2 1 3 3 2 0 3 3 3 
1 2 3 0 2 1 2 3 2 0 
0 2 0 2 3 2 3 0 0 1 
1 0 0 0 0 0 0 0 0 0 
0 1 1 0 1 1 1 1 1 0 
1 0 2 2 1 0 0 0 3 0 
1 1 2 0 3 3 1 2 1 2 
MFS
[ 0 , - , - , 0 , - , - , - , - , - , - ]
precise
1.0
recall
0.5
F-measure
0.6666666666666666
multi
0
time
all 172 iden 16 gen 78
t-cover
707
all-cover
720
coveredNum
(1 : 292)  (2 : 266)  (3 : 109)  (4 : 31)  (5 : 15)  (6 : 4)  (7 : 2)  (8 : 1)  
real Identify
([ 0 , - , - , 0 , - , - , - , - , - , - ] : 1)  
testCase Num: 58
regaular Num: 28
identify Num: 30
0 0 2 2 3 1 2 0 0 1 
3 2 1 3 2 2 1 0 0 3 
0 1 1 0 1 0 0 0 0 0 
3 1 0 3 1 1 3 1 1 0 
0 0 3 1 2 0 0 0 0 0 
0 1 1 0 1 1 0 0 0 0 
0 1 1 1 0 0 0 0 0 0 
1 1 2 1 2 3 3 3 2 0 
3 1 0 0 3 1 3 2 1 0 
3 2 0 0 0 3 0 1 0 2 
1 1 0 1 1 3 1 3 2 0 
0 0 0 1 1 0 0 1 0 3 
0 2 0 3 0 0 0 0 0 1 
0 3 2 2 3 2 1 0 1 3 
2 2 3 1 3 0 1 0 1 2 
3 1 0 3 3 1 3 2 1 0 
3 1 1 3 3 1 3 2 1 0 
0 0 0 0 0 0 0 0 0 0 
2 0 1 0 2 2 2 1 3 1 
1 2 0 0 3 1 1 3 3 3 
0 0 3 3 3 3 2 3 1 3 
0 1 0 1 0 2 0 0 0 0 
0 1 1 0 0 0 0 0 0 0 
0 1 1 0 1 1 1 1 0 0 
3 2 2 0 1 1 2 2 2 2 
1 3 3 0 0 1 2 1 1 0 
0 1 1 0 1 1 1 1 1 0 
2 3 2 3 3 0 0 1 2 3 
1 1 3 1 1 2 3 3 2 0 
3 0 3 1 0 0 2 3 0 3 
1 1 2 2 1 3 3 3 2 0 
0 3 0 2 2 2 3 1 3 2 
1 2 1 2 1 3 3 3 2 0 
3 1 0 3 0 1 3 2 0 0 
1 1 2 1 1 3 3 3 3 0 
0 0 2 1 0 2 1 2 2 0 
1 3 0 0 0 3 0 0 0 0 
0 1 1 0 1 1 1 1 1 1 
1 0 0 0 0 0 0 2 0 0 
3 1 0 3 1 0 3 2 1 0 
0 1 1 0 1 1 1 0 0 0 
1 1 0 1 1 3 3 3 2 1 
1 1 3 1 1 3 3 0 2 0 
3 0 0 3 3 1 3 2 1 0 
0 1 0 0 0 0 0 0 0 0 
3 3 3 2 0 0 0 2 3 1 
2 1 1 2 1 3 3 3 2 0 
1 1 2 1 1 3 3 3 2 0 
3 1 0 3 0 1 3 2 1 3 
3 1 0 3 2 1 0 2 1 0 
0 3 1 1 1 0 0 3 0 2 
2 1 1 1 0 1 1 1 1 1 
1 1 0 3 3 1 3 2 1 0 
1 1 0 3 2 0 2 0 3 2 
3 1 0 3 2 1 3 2 1 0 
1 0 0 0 0 0 0 0 0 0 
2 0 0 0 1 3 0 2 0 2 
1 1 1 2 1 3 3 3 2 0 
MFS
[ 0 , - , - , 0 , - , - , - , - , - , - ]
[ 1 , 1 , - , - , 1 , 3 , 3 , 3 , 2 , 0 ]
[ 3 , 1 , 0 , 3 , - , 1 , 3 , 2 , 1 , 0 ]
precise
0.3333333333333333
recall
0.5
F-measure
0.4
multi
0
time
all 344 iden 48 gen 142
t-cover
705
all-cover
720
coveredNum
(1 : 260)  (2 : 213)  (3 : 102)  (4 : 32)  (5 : 34)  (6 : 34)  (7 : 28)  (8 : 7)  (9 : 4)  (10 : 3)  (11 : 2)  (12 : 1)  
real Identify
([ 0 , - , - , 0 , - , - , - , - , - , - ] : 1)  
testCase Num: 67
regaular Num: 27
identify Num: 40
0 1 2 1 2 3 3 3 0 2 
1 3 0 2 1 1 1 2 1 2 
0 0 0 1 0 0 0 1 0 2 
0 1 2 2 0 3 3 3 0 2 
0 2 0 0 3 2 3 1 1 3 
0 0 1 0 1 1 2 3 2 3 
1 1 2 0 2 2 1 0 0 2 
0 1 2 2 2 3 3 3 1 2 
0 0 1 1 1 3 2 2 2 3 
0 1 1 1 0 0 0 0 0 0 
0 1 1 1 0 0 0 0 0 1 
0 3 0 1 0 0 0 0 0 1 
1 1 3 0 3 2 3 1 1 3 
0 0 0 1 0 0 3 0 2 0 
0 1 1 1 0 1 0 0 0 0 
1 1 2 3 2 3 1 2 3 2 
2 3 0 2 0 3 2 0 3 3 
1 0 2 0 2 3 1 2 3 2 
0 0 0 0 0 0 0 0 0 0 
0 1 1 1 1 0 0 0 0 0 
2 0 1 0 1 1 2 3 2 1 
0 1 1 0 0 0 0 0 0 0 
0 1 2 2 2 3 3 0 0 2 
3 3 1 0 0 2 0 1 3 1 
1 1 2 0 2 2 1 2 3 2 
1 1 2 0 2 2 1 0 3 1 
0 1 1 1 0 0 1 0 0 0 
0 1 1 2 2 3 3 3 0 2 
2 2 2 2 2 2 2 1 2 0 
2 1 2 0 2 3 1 2 3 2 
0 0 0 3 0 0 0 1 3 1 
0 2 2 0 1 1 2 3 1 3 
3 1 0 2 3 0 2 0 1 0 
0 1 3 0 3 2 3 1 1 3 
0 2 0 3 3 2 3 1 1 3 
1 1 2 0 0 3 1 2 3 2 
2 1 2 2 2 3 3 3 0 2 
0 1 2 2 2 0 3 3 0 2 
0 0 1 0 1 3 2 1 1 3 
1 1 2 0 2 0 1 1 3 2 
3 2 2 3 1 1 1 3 3 0 
2 3 3 3 2 0 0 3 3 3 
0 3 3 2 3 0 0 2 2 0 
1 1 2 0 2 2 2 2 3 2 
3 2 3 3 0 3 2 0 2 2 
1 2 1 3 3 0 2 2 0 1 
3 0 2 1 3 3 3 2 3 1 
2 2 0 1 3 1 3 0 1 0 
1 0 2 0 0 0 0 0 0 3 
0 1 1 1 0 0 0 1 0 0 
0 1 2 2 2 3 0 3 0 2 
0 0 1 0 1 2 3 1 1 3 
1 1 2 0 2 3 1 2 3 2 
0 0 3 2 1 2 3 1 1 1 
3 0 3 1 2 1 1 1 0 3 
1 1 0 0 2 3 1 2 3 2 
0 1 0 0 0 0 0 0 0 0 
0 1 2 2 2 3 3 3 0 1 
0 1 1 1 0 0 0 0 1 0 
0 2 0 0 1 1 2 3 3 1 
0 1 2 2 2 3 3 3 0 2 
1 1 0 1 3 2 1 3 2 2 
0 3 2 2 2 3 3 3 0 2 
1 0 0 0 0 0 0 0 0 0 
1 2 0 0 0 3 0 1 0 0 
0 0 3 0 3 2 3 1 1 3 
0 2 0 0 2 3 3 1 1 3 
MFS
[ 0 , 1 , 2 , 2 , 2 , 3 , 3 , 3 , 0 , - ]
[ 0 , - , - , - , 0 , 0 , 0 , 0 , 0 , 0 ]
[ 0 , - , - , 0 , - , - , - , - , - , - ]
[ 1 , 1 , 2 , 0 , 2 , - , 1 , - , 3 , - ]
precise
0.25
recall
0.5
F-measure
0.3333333333333333
multi
1
time
all 359 iden 62 gen 156
t-cover
699
all-cover
720
coveredNum
(1 : 235)  (2 : 211)  (3 : 91)  (4 : 39)  (5 : 25)  (6 : 17)  (7 : 30)  (8 : 26)  (9 : 26)  (10 : 6)  (11 : 3)  (12 : 3)  (13 : 2)  (14 : 4)  (15 : 2)  
real Identify
([ 0 , - , - , 0 , - , - , - , - , - , - ] : 1)  
testCase Num: 51
regaular Num: 31
identify Num: 20
1 1 0 0 2 0 3 1 3 1 
3 0 2 0 1 0 3 0 1 1 
0 1 1 0 1 0 0 0 0 0 
0 0 1 1 1 3 0 0 0 0 
0 1 1 3 2 0 2 3 0 0 
2 3 3 3 3 0 1 3 3 1 
0 1 1 0 1 1 0 0 0 0 
1 3 1 0 0 1 3 3 2 3 
0 1 1 1 0 0 0 0 0 0 
1 2 3 1 1 2 1 0 3 3 
0 1 2 1 1 1 0 2 1 1 
2 2 2 3 3 2 3 0 2 0 
2 3 1 1 2 0 0 2 0 3 
0 2 0 1 0 0 0 3 0 0 
0 2 1 1 1 1 0 1 1 1 
0 0 0 0 0 0 0 0 0 0 
0 3 0 3 0 3 1 1 0 1 
0 1 2 1 2 1 0 1 1 1 
2 1 3 0 0 2 1 1 1 0 
0 1 1 0 0 0 0 0 0 0 
0 1 1 0 1 1 1 1 0 0 
0 1 0 1 1 1 1 1 1 1 
3 0 1 2 2 2 1 2 2 2 
0 0 0 1 0 1 1 0 0 0 
0 1 1 0 1 1 1 1 1 0 
0 0 3 1 0 3 0 3 2 1 
3 0 3 2 0 0 0 0 3 2 
3 0 3 0 3 1 2 2 3 0 
3 3 0 1 1 2 2 3 0 0 
2 0 0 0 0 0 2 0 0 0 
0 1 1 0 1 1 1 1 1 1 
3 2 0 2 0 0 2 1 2 1 
0 1 1 1 1 1 0 1 1 1 
0 3 1 3 3 1 0 0 3 0 
0 1 2 1 1 1 0 1 1 1 
0 1 2 1 1 1 0 1 1 2 
0 0 2 1 3 0 3 1 0 3 
0 1 1 0 1 1 1 0 0 0 
0 1 2 1 1 2 0 1 1 1 
3 1 0 3 3 3 2 0 1 3 
1 2 2 0 0 3 2 2 3 2 
2 1 1 1 1 1 0 1 1 1 
0 1 0 0 0 0 0 0 0 0 
1 3 2 2 3 0 1 3 1 2 
0 0 0 2 0 0 0 0 0 3 
2 0 0 3 1 1 3 2 0 2 
0 1 2 1 1 1 0 1 2 1 
1 0 0 0 0 0 0 0 0 0 
0 1 2 2 1 1 0 1 1 1 
2 2 3 2 2 3 3 0 0 0 
1 0 0 3 0 0 0 0 0 0 
MFS
[ 0 , - , - , 0 , - , - , - , - , - , - ]
[ - , 1 , - , 1 , 1 , 1 , 0 , 1 , 1 , 1 ]
precise
0.5
recall
0.5
F-measure
0.5
multi
0
time
all 344 iden 46 gen 157
t-cover
713
all-cover
720
coveredNum
(1 : 286)  (2 : 223)  (3 : 101)  (4 : 30)  (5 : 8)  (6 : 14)  (7 : 21)  (8 : 20)  (9 : 9)  (10 : 5)  (12 : 1)  (13 : 1)  (14 : 1)  
real Identify
([ 0 , - , - , 0 , - , - , - , - , - , - ] : 1)  
testCase Num: 40
regaular Num: 30
identify Num: 10
2 3 1 1 2 1 3 2 0 1 
3 1 0 0 1 3 1 1 0 3 
0 1 1 0 1 0 0 0 0 0 
2 2 2 0 2 2 0 3 0 2 
0 1 1 0 1 1 0 0 0 0 
3 0 3 1 3 1 0 0 1 2 
0 1 1 0 1 1 1 1 1 1 
0 1 1 1 0 0 0 0 0 0 
0 1 0 1 0 0 0 0 0 2 
2 2 2 2 1 1 1 0 1 1 
3 3 3 3 1 2 2 1 0 2 
0 2 0 3 2 1 1 2 1 0 
2 3 2 1 0 3 0 1 2 3 
1 3 0 0 0 0 0 3 0 0 
3 0 1 2 3 3 0 1 0 1 
2 3 1 3 0 0 2 2 1 0 
0 1 1 0 1 1 1 0 0 0 
1 2 0 3 2 3 2 0 0 3 
3 1 2 3 2 0 0 2 3 1 
0 0 0 2 2 3 3 2 2 2 
0 0 0 0 0 0 0 0 0 0 
0 0 2 1 1 2 3 1 0 0 
0 1 0 0 0 0 0 0 0 0 
0 1 1 0 0 0 0 0 0 0 
0 0 3 2 1 0 1 2 2 3 
3 0 0 0 0 0 0 0 2 0 
3 2 3 0 0 3 3 3 3 0 
0 1 1 0 1 1 1 1 0 0 
1 2 1 1 1 0 1 1 3 2 
1 1 3 0 2 1 2 1 2 1 
1 0 0 0 0 0 0 0 0 0 
0 1 1 0 1 1 1 1 1 0 
2 1 1 2 1 2 0 3 2 0 
1 3 1 0 3 2 1 2 1 3 
0 0 0 3 0 2 1 3 1 1 
0 3 2 2 0 2 2 0 3 2 
2 0 0 1 3 1 2 3 3 3 
2 0 3 0 0 1 0 0 0 0 
1 1 2 2 3 3 3 1 1 0 
0 2 3 3 3 0 3 0 2 3 
MFS
[ 0 , - , - , 0 , - , - , - , - , - , - ]
precise
1.0
recall
0.5
F-measure
0.6666666666666666
multi
0
time
all 172 iden 16 gen 78
t-cover
702
all-cover
720
coveredNum
(1 : 297)  (2 : 253)  (3 : 119)  (4 : 30)  (5 : 13)  (6 : 5)  (7 : 3)  
real Identify
([ 0 , - , - , 0 , - , - , - , - , - , - ] : 1)  
testCase Num: 50
regaular Num: 30
identify Num: 20
1 3 2 1 0 3 1 2 0 3 
0 1 1 0 1 0 0 0 0 0 
0 1 1 0 1 1 0 0 0 0 
1 0 1 2 1 0 0 2 1 1 
0 1 1 1 0 0 0 0 0 0 
3 3 0 3 0 1 0 3 1 0 
0 1 0 1 0 0 0 0 0 3 
0 0 0 3 0 0 0 2 0 0 
0 0 1 1 0 0 1 0 0 0 
2 0 0 2 0 2 0 1 0 1 
1 2 1 0 0 1 3 0 3 3 
2 1 0 0 3 1 2 2 3 0 
0 3 0 1 2 2 3 2 1 3 
0 0 0 0 0 0 0 0 0 0 
3 1 3 0 2 3 3 0 0 2 
2 1 2 0 1 1 1 1 1 1 
3 0 0 1 1 0 1 1 3 2 
0 1 1 0 0 0 0 0 0 0 
1 1 3 3 2 2 1 3 2 2 
0 1 1 0 1 1 1 1 0 0 
1 2 2 3 2 2 1 3 2 2 
1 1 2 3 2 2 1 0 2 2 
1 1 2 3 2 2 1 0 2 3 
0 1 1 0 1 1 1 1 1 0 
1 1 2 3 2 2 1 0 3 2 
1 0 2 0 2 1 2 1 0 1 
1 1 2 3 3 2 1 3 2 2 
0 1 2 3 2 2 1 3 2 2 
3 0 1 3 3 3 3 3 3 1 
1 1 2 2 2 2 1 3 2 2 
0 2 3 1 3 0 2 0 1 1 
0 1 1 0 1 1 1 1 1 1 
1 1 2 3 2 2 0 3 2 2 
2 3 0 0 0 3 0 0 1 2 
1 1 2 3 2 0 1 3 2 2 
2 0 1 1 2 1 3 1 2 2 
2 3 3 2 3 0 0 1 3 3 
0 1 1 0 1 1 1 0 0 0 
2 0 0 1 3 2 1 3 0 0 
3 2 2 0 0 0 0 0 0 0 
0 3 0 1 0 0 0 0 2 1 
3 3 1 0 1 2 2 3 2 3 
0 1 0 0 0 0 0 0 0 0 
1 1 2 3 2 2 1 3 2 2 
2 2 0 3 1 3 2 1 0 0 
0 0 3 2 1 1 3 0 3 0 
1 0 0 0 0 0 0 0 0 0 
0 0 2 3 0 0 3 1 0 3 
3 2 3 2 0 1 2 2 2 2 
0 0 2 2 2 3 0 0 2 0 
MFS
[ 0 , - , - , 0 , - , - , - , - , - , - ]
[ 1 , 1 , 2 , 3 , 2 , 2 , 1 , - , 2 , 2 ]
precise
0.5
recall
0.5
F-measure
0.5
multi
0
time
all 256 iden 15 gen 109
t-cover
708
all-cover
720
coveredNum
(1 : 272)  (2 : 239)  (3 : 96)  (4 : 24)  (5 : 22)  (6 : 24)  (7 : 27)  (8 : 10)  (9 : 6)  
real Identify
([ 0 , - , - , 0 , - , - , - , - , - , - ] : 1)  
testCase Num: 53
regaular Num: 33
identify Num: 20
0 1 1 1 2 3 1 1 2 0 
2 0 2 1 1 1 1 1 1 1 
0 1 1 0 1 0 0 0 0 0 
0 0 0 1 2 3 1 0 2 0 
0 0 0 1 0 2 0 1 1 2 
0 1 1 0 1 1 0 0 0 0 
0 0 1 2 3 2 2 1 2 3 
0 1 1 3 2 3 1 0 2 0 
0 1 1 1 0 0 0 0 0 0 
2 0 1 1 2 3 3 2 3 2 
3 1 1 2 1 1 0 0 3 1 
0 3 0 3 1 2 1 0 1 2 
0 1 1 1 0 3 1 0 2 0 
1 0 2 0 0 0 0 0 3 0 
0 0 0 0 0 0 0 0 0 0 
1 2 1 0 0 1 1 2 3 3 
0 1 1 1 2 3 1 0 1 0 
2 1 0 3 3 1 2 2 3 0 
0 1 1 0 0 0 0 0 0 0 
0 1 1 0 1 1 1 1 0 0 
0 3 0 1 1 0 0 2 2 1 
1 3 1 0 3 2 1 3 3 1 
0 1 1 0 1 1 1 1 1 0 
1 1 3 0 2 1 0 1 2 2 
3 2 2 2 2 2 2 2 0 2 
2 2 3 1 3 2 2 0 0 1 
0 3 3 1 1 1 2 3 0 0 
0 1 1 1 2 3 1 0 2 0 
3 0 0 0 3 0 2 3 1 2 
0 1 0 1 2 3 1 0 2 0 
3 3 3 3 1 3 3 0 2 3 
2 1 2 0 3 2 3 0 2 0 
3 1 0 1 2 3 1 0 2 0 
0 1 1 1 2 3 1 0 2 1 
3 3 3 2 0 0 1 2 1 0 
1 1 0 1 0 3 2 3 1 3 
1 2 2 0 1 3 3 1 0 0 
2 3 0 2 0 0 0 1 0 0 
0 0 0 1 0 1 3 0 0 0 
0 1 1 0 1 1 1 1 1 1 
1 0 0 0 3 3 0 0 0 0 
0 2 0 2 2 3 3 3 1 1 
0 1 1 0 1 1 1 0 0 0 
0 1 1 1 2 3 0 0 2 0 
3 0 0 0 0 0 0 1 0 0 
0 1 0 0 0 0 0 0 0 0 
0 0 3 3 0 0 3 1 3 1 
0 1 1 1 2 0 1 0 2 0 
2 2 2 3 0 0 0 3 2 3 
1 0 0 0 0 0 0 0 0 0 
0 3 2 3 2 1 1 0 0 3 
1 0 0 2 2 0 0 0 0 0 
1 0 0 3 0 0 0 0 0 0 
MFS
[ 0 , - , - , 0 , - , - , - , - , - , - ]
[ 0 , 1 , - , 1 , 2 , 3 , 1 , 0 , 2 , 0 ]
precise
0.5
recall
0.5
F-measure
0.5
multi
0
time
all 203 iden 30 gen 79
t-cover
710
all-cover
720
coveredNum
(1 : 246)  (2 : 247)  (3 : 103)  (4 : 31)  (5 : 16)  (6 : 9)  (7 : 14)  (8 : 22)  (9 : 18)  (10 : 11)  (11 : 1)  (12 : 1)  (15 : 1)  
real Identify
([ 0 , - , - , 0 , - , - , - , - , - , - ] : 1)  
testCase Num: 59
regaular Num: 29
identify Num: 30
0 0 0 1 0 0 2 2 0 0 
1 2 1 3 0 0 2 1 2 2 
0 0 1 3 2 3 2 1 3 3 
0 1 1 1 0 0 0 0 0 0 
0 1 0 2 1 1 3 2 1 2 
0 1 1 1 0 1 0 0 0 0 
1 2 3 0 3 1 1 3 1 2 
0 0 2 0 1 1 3 2 2 1 
0 0 3 1 1 0 0 3 0 3 
1 1 0 2 1 1 3 2 2 2 
0 1 0 3 1 1 3 2 2 2 
0 3 0 0 2 3 2 1 3 3 
0 1 0 2 3 1 3 2 2 2 
0 0 0 0 0 0 0 0 0 0 
0 1 1 1 1 0 0 0 0 0 
0 3 1 2 2 0 0 0 0 2 
2 0 2 0 1 1 1 2 1 0 
0 1 1 0 0 0 0 0 0 0 
3 1 0 0 2 3 2 1 3 3 
0 1 1 1 0 0 1 0 0 0 
0 1 0 2 1 1 1 2 2 2 
2 3 2 2 0 0 0 3 3 3 
0 1 2 1 3 2 2 1 1 0 
0 1 0 2 1 1 3 3 2 2 
0 1 1 2 1 1 3 2 2 2 
0 3 1 0 3 3 2 1 3 3 
0 2 0 2 1 1 3 2 2 2 
2 2 2 2 1 2 2 1 0 1 
0 0 1 0 3 2 3 1 3 3 
0 3 2 0 1 0 3 3 3 3 
0 0 0 1 0 0 2 3 0 0 
0 1 1 1 0 0 0 1 0 0 
2 1 3 2 0 3 0 2 3 0 
0 0 0 3 3 0 0 0 0 0 
1 2 1 0 3 0 0 2 2 3 
3 0 2 0 0 1 3 1 1 3 
0 0 0 1 0 3 1 0 2 0 
0 1 0 0 2 3 2 1 3 3 
3 0 3 2 3 0 1 1 3 1 
1 2 2 3 2 3 0 3 0 1 
2 0 2 1 3 3 3 0 2 2 
1 0 0 0 0 1 3 0 3 0 
3 2 1 1 1 2 0 0 3 2 
3 0 1 0 0 2 3 3 0 0 
2 3 1 0 1 3 0 1 1 1 
0 1 0 0 0 0 0 0 0 0 
2 2 0 3 2 0 1 0 1 0 
0 0 2 0 1 0 3 3 2 3 
0 0 1 0 2 3 2 1 3 3 
0 1 0 2 1 0 3 2 2 2 
0 1 1 1 0 0 0 0 1 0 
0 1 1 1 0 0 0 0 1 1 
0 3 3 1 2 1 2 0 1 3 
0 3 1 0 3 0 2 1 3 3 
0 1 0 2 1 1 3 2 2 2 
1 0 0 0 0 0 0 0 0 0 
3 3 3 3 2 2 3 2 2 0 
0 1 0 2 1 1 3 2 2 1 
1 3 0 1 3 2 1 2 0 3 
MFS
[ 0 , 1 , 0 , 2 , 1 , 1 , 3 , 2 , 2 , 2 ]
[ 0 , - , - , 0 , - , - , - , - , - , - ]
[ 0 , - , - , - , 0 , 0 , 0 , 0 , - , 0 ]
precise
0.3333333333333333
recall
0.5
F-measure
0.4
multi
1
time
all 438 iden 47 gen 251
t-cover
706
all-cover
720
coveredNum
(1 : 255)  (2 : 221)  (3 : 117)  (4 : 21)  (5 : 22)  (6 : 30)  (7 : 27)  (8 : 16)  (9 : 6)  (10 : 2)  (11 : 3)  
real Identify
([ 0 , - , - , 0 , - , - , - , - , - , - ] : 1)  
testCase Num: 58
regaular Num: 28
identify Num: 30
0 0 3 0 2 1 1 3 2 1 
0 0 0 1 0 2 0 0 3 2 
0 3 0 1 3 1 3 1 0 1 
2 2 2 2 2 0 1 2 1 1 
0 0 2 3 1 2 2 3 2 1 
2 1 0 2 3 3 0 3 1 3 
2 0 2 1 3 0 3 0 2 2 
2 0 3 0 0 0 0 0 0 0 
0 1 1 1 0 0 0 0 0 0 
1 1 0 0 0 0 0 1 2 3 
1 1 1 0 3 2 3 2 3 2 
2 1 0 2 2 3 0 3 0 3 
1 2 2 2 0 1 3 1 2 2 
1 0 0 0 3 3 1 3 0 0 
0 0 1 0 1 2 2 3 2 1 
3 3 0 1 2 2 2 3 2 2 
1 3 3 1 2 3 0 0 0 2 
0 3 3 2 2 0 2 2 2 0 
1 0 1 2 0 0 0 0 0 0 
0 1 1 1 0 1 0 0 0 0 
2 1 0 2 3 2 0 3 0 3 
1 0 0 0 0 1 0 3 0 0 
0 2 1 0 1 2 2 3 2 1 
0 0 0 0 0 0 0 0 0 0 
0 1 1 1 1 0 0 0 0 0 
3 2 3 3 0 0 3 3 3 0 
0 0 3 0 2 1 2 3 2 1 
0 1 1 0 0 0 0 0 0 0 
0 3 3 0 2 1 0 2 2 1 
0 0 2 0 1 2 2 3 2 1 
3 1 3 0 2 1 1 0 3 1 
2 1 0 2 3 3 2 3 0 3 
2 1 0 2 3 3 0 2 0 3 
2 3 1 1 0 3 1 2 0 0 
0 1 1 1 0 1 0 1 1 0 
0 1 1 1 0 1 1 0 0 0 
2 2 0 2 3 3 0 3 0 3 
3 0 2 0 2 2 2 1 1 0 
1 2 1 0 1 2 2 3 2 1 
3 1 0 2 3 3 0 3 0 3 
3 0 0 2 1 3 3 0 3 1 
0 0 3 0 2 2 2 3 2 1 
0 1 1 1 0 1 0 1 0 0 
2 1 0 3 3 3 0 3 0 3 
0 1 1 1 0 1 0 1 0 1 
1 0 0 0 1 0 0 2 0 0 
0 0 3 3 3 3 1 1 2 3 
0 1 0 0 0 0 0 0 0 0 
2 1 0 2 3 3 0 3 0 3 
2 1 0 2 3 3 0 3 0 2 
0 3 3 0 2 1 3 2 0 1 
1 0 0 0 0 0 0 0 0 0 
2 1 2 2 3 3 0 3 0 3 
0 3 3 0 2 1 3 2 0 0 
3 0 1 3 2 1 3 2 1 3 
2 3 2 0 1 1 2 1 3 3 
1 3 3 3 1 2 1 0 1 2 
0 2 0 1 0 1 2 0 3 3 
MFS
[ 2 , 1 , 0 , 2 , 3 , 3 , 0 , 3 , 0 , 3 ]
[ 0 , - , - , 0 , - , - , - , - , - , - ]
[ 0 , - , - , - , 0 , - , 0 , - , 0 , - ]
precise
0.3333333333333333
recall
0.5
F-measure
0.4
multi
0
time
all 281 iden 30 gen 126
t-cover
712
all-cover
720
coveredNum
(1 : 255)  (2 : 230)  (3 : 98)  (4 : 26)  (5 : 18)  (6 : 22)  (7 : 24)  (8 : 22)  (9 : 13)  (10 : 5)  (11 : 2)  (12 : 3)  (14 : 1)  (18 : 1)  
real Identify
([ 0 , - , - , 0 , - , - , - , - , - , - ] : 1)  
testCase Num: 51
regaular Num: 31
identify Num: 20
1 0 1 0 3 1 2 2 3 1 
0 1 1 0 1 0 0 0 0 0 
2 1 2 0 0 2 0 0 3 2 
0 1 1 0 1 1 0 0 0 0 
0 1 1 1 0 0 0 0 0 0 
3 3 1 3 0 1 3 1 0 2 
2 3 2 3 3 2 0 3 2 0 
2 1 2 0 1 0 0 0 3 2 
1 0 0 0 0 0 0 1 1 0 
1 2 1 0 1 3 3 3 1 2 
0 2 2 3 0 0 0 0 0 3 
1 1 3 1 1 1 0 3 0 3 
1 0 0 0 2 3 0 3 2 0 
2 1 2 0 0 0 2 0 3 3 
0 0 0 0 0 0 0 0 0 0 
2 1 2 0 0 0 2 0 3 2 
2 2 2 0 0 0 0 0 3 2 
2 1 1 0 0 0 0 0 3 2 
2 0 2 1 0 3 2 2 1 3 
0 1 1 0 0 0 0 0 0 0 
2 1 2 0 0 0 2 2 3 2 
1 3 0 0 0 1 0 0 2 1 
0 3 0 3 1 3 1 2 3 3 
0 1 1 0 1 1 1 1 0 0 
3 1 0 2 3 0 3 2 2 3 
0 1 1 0 1 1 1 1 1 0 
1 1 1 0 2 2 1 1 2 3 
2 1 2 1 0 0 0 0 3 2 
3 2 3 2 0 3 0 1 3 0 
2 1 2 0 0 0 2 0 2 2 
3 3 3 3 2 1 2 0 1 2 
0 1 1 0 1 1 1 1 1 1 
3 0 3 0 1 0 2 3 0 0 
1 1 2 0 0 0 0 0 3 2 
2 2 2 2 1 1 1 1 0 1 
2 2 0 2 2 2 2 2 0 0 
0 1 1 0 1 1 1 0 0 0 
1 0 0 3 0 0 3 0 0 0 
0 1 0 0 0 0 0 0 0 0 
2 1 2 0 0 0 0 0 3 2 
0 0 3 1 2 2 3 1 3 1 
3 1 2 3 0 0 1 3 3 1 
2 0 3 2 1 2 1 0 2 2 
3 3 0 1 0 2 1 0 1 1 
0 2 0 1 3 0 2 1 2 2 
1 3 2 2 2 0 0 2 1 1 
0 0 3 1 3 0 0 2 0 0 
1 0 0 0 0 0 0 0 0 0 
0 1 0 2 3 1 1 3 1 0 
2 0 1 2 0 0 0 0 0 0 
2 1 2 0 3 3 3 0 0 1 
MFS
[ 2 , 1 , 2 , 0 , 0 , 0 , - , 0 , 3 , 2 ]
[ 0 , - , - , 0 , - , - , - , - , - , - ]
precise
0.5
recall
0.5
F-measure
0.5
multi
0
time
all 281 iden 31 gen 141
t-cover
718
all-cover
720
coveredNum
(1 : 249)  (2 : 256)  (3 : 112)  (4 : 34)  (5 : 15)  (6 : 18)  (7 : 17)  (8 : 8)  (9 : 5)  (10 : 2)  (11 : 2)  (12 : 1)  (13 : 1)  
real Identify
([ 0 , - , - , 0 , - , - , - , - , - , - ] : 1)  
