testCase Num: 69
regaular Num: 17
identify Num: 52
2 1 1 1 2 1 2 1 1 0 
0 1 1 1 2 1 1 1 1 1 
1 1 1 3 1 2 3 0 1 0 
1 1 0 0 1 1 1 1 1 0 
2 1 1 1 1 0 3 1 1 0 
0 1 1 1 1 3 1 1 1 0 
1 1 1 0 1 3 2 3 2 0 
3 1 1 1 1 1 1 1 1 0 
1 1 0 1 1 3 1 0 0 3 
1 1 2 1 1 0 1 2 0 0 
3 0 2 0 3 3 2 2 3 2 
2 1 1 2 1 1 1 1 1 0 
1 1 3 1 1 3 0 1 1 0 
1 1 1 3 1 2 3 0 0 2 
2 1 1 1 2 2 1 1 1 0 
1 1 0 1 1 1 1 1 1 0 
0 1 1 1 3 1 1 1 1 3 
2 0 1 0 3 1 0 1 1 3 
0 3 2 2 0 2 0 2 2 1 
0 0 0 0 0 0 0 0 0 0 
2 2 0 3 2 3 0 0 3 1 
0 0 0 0 0 0 2 3 0 0 
3 1 1 1 1 2 0 1 1 0 
1 1 1 1 1 1 1 1 1 0 
2 1 1 1 2 1 1 2 1 0 
1 1 1 3 1 1 1 1 1 0 
1 1 1 3 1 0 3 1 1 0 
2 3 1 0 1 0 2 1 0 1 
0 2 0 2 3 0 3 0 2 2 
3 3 0 3 0 3 3 2 2 0 
0 0 2 3 2 1 3 2 2 3 
1 1 1 2 1 0 0 3 2 0 
1 1 3 1 1 0 1 0 3 0 
1 3 3 3 3 1 1 3 0 1 
0 1 1 1 1 0 2 1 1 0 
1 1 0 1 3 1 1 1 1 0 
2 2 2 0 0 0 0 3 0 2 
2 1 1 1 1 1 1 1 1 0 
3 3 0 2 0 3 2 0 3 3 
3 1 1 1 1 0 0 1 1 0 
2 1 1 1 2 1 1 1 2 0 
1 1 1 3 1 0 3 0 2 0 
0 0 2 2 3 2 0 0 0 3 
0 1 1 1 1 3 3 1 1 1 
0 1 1 1 1 3 3 1 1 0 
0 1 1 1 1 3 3 3 1 0 
1 1 1 3 0 1 1 1 1 0 
1 2 2 2 1 2 2 2 2 0 
2 0 3 3 0 0 2 2 0 1 
3 1 1 1 0 1 1 1 1 2 
1 1 1 3 1 0 1 1 1 0 
1 0 0 0 2 1 0 0 3 0 
2 3 0 1 2 1 1 1 1 2 
0 0 3 0 0 2 3 3 2 2 
0 1 1 1 0 1 1 1 1 3 
0 1 1 1 3 1 1 1 1 0 
1 1 2 1 1 1 1 1 1 0 
2 1 1 1 2 1 1 1 1 0 
1 1 0 1 1 2 1 3 3 0 
1 0 1 1 1 1 1 1 1 0 
2 1 1 1 0 1 1 1 1 1 
0 1 1 1 1 1 1 1 1 0 
0 1 1 1 1 3 3 1 3 0 
1 1 0 1 1 0 1 1 1 0 
1 1 0 1 1 3 1 0 1 0 
2 2 1 1 1 1 1 1 1 0 
2 1 2 1 1 1 1 1 1 0 
3 1 1 1 2 1 1 1 1 1 
3 2 3 2 2 0 3 3 0 3 
MFS
[ 1 , 1 , 1 , - , 1 , - , - , - , - , 0 ]
precise
0.0
recall
0.0
F-measure
0.0
multi
0
time
all 1329 iden 1141 gen 157
t-cover
686
all-cover
720
coveredNum
(1 : 151)  (2 : 147)  (3 : 119)  (4 : 97)  (5 : 44)  (6 : 28)  (7 : 21)  (8 : 14)  (9 : 8)  (10 : 9)  (11 : 4)  (12 : 5)  (13 : 3)  (14 : 7)  (15 : 5)  (16 : 6)  (17 : 4)  (21 : 2)  (23 : 1)  (24 : 1)  (25 : 2)  (27 : 2)  (28 : 3)  (30 : 2)  (35 : 2)  (36 : 1)  (37 : 1)  (38 : 2)  (39 : 1)  (40 : 1)  (41 : 2)  (43 : 1)  (44 : 2)  (45 : 2)  (46 : 1)  (48 : 2)  (49 : 2)  (50 : 3)  (51 : 2)  (52 : 2)  (53 : 1)  (54 : 3)  (56 : 3)  (59 : 1)  
real Identify

wrong Checked
9
wrong identified
1
testCase Num: 90
regaular Num: 18
identify Num: 73
3 0 1 2 3 1 1 0 3 0 
0 1 2 1 1 0 1 2 2 3 
0 1 2 0 3 2 0 2 2 3 
0 1 2 1 1 0 1 2 2 2 
0 0 2 0 0 0 1 3 0 0 
0 1 2 0 1 3 1 2 2 3 
1 1 0 0 2 3 3 1 0 2 
0 2 1 0 3 2 3 3 1 2 
0 3 2 0 1 2 1 2 2 3 
0 1 2 0 1 2 1 2 2 0 
2 1 0 0 0 3 3 1 0 2 
2 1 0 0 0 3 0 1 1 2 
3 1 2 0 1 2 1 2 2 3 
0 1 0 0 0 3 0 1 2 2 
0 1 2 1 0 2 1 2 2 3 
0 1 2 0 2 2 1 2 2 3 
0 3 1 1 0 0 0 2 0 0 
2 0 0 0 0 2 0 0 0 0 
3 2 0 2 0 0 0 1 1 0 
0 0 0 0 2 3 3 1 0 2 
0 1 2 0 1 2 2 2 2 3 
1 1 0 0 2 3 3 0 3 2 
0 1 2 0 1 2 1 2 1 3 
2 0 3 3 2 1 3 0 1 0 
0 1 2 1 1 2 1 2 2 3 
0 1 2 0 3 2 1 1 2 3 
2 1 0 0 3 3 2 0 0 2 
0 2 3 0 1 0 1 2 0 0 
0 0 0 0 0 0 0 0 0 0 
0 1 2 0 3 2 1 2 2 3 
1 1 0 0 2 0 3 1 0 2 
1 1 0 0 2 3 3 1 1 2 
0 1 2 0 0 2 1 2 2 3 
0 1 2 2 1 0 1 2 2 2 
0 1 0 0 0 3 0 1 3 2 
2 1 0 0 0 2 3 1 0 2 
2 1 0 0 1 3 0 1 2 0 
3 3 3 2 0 2 3 1 0 1 
0 1 2 0 1 2 1 1 2 3 
1 1 3 0 2 3 3 1 0 2 
0 1 3 0 1 2 1 2 2 3 
0 1 2 1 1 0 3 2 2 3 
1 1 0 0 2 3 3 1 2 2 
0 1 2 0 1 2 1 2 0 3 
1 0 0 0 2 3 3 1 0 2 
1 1 0 0 2 3 3 0 0 2 
1 1 0 0 2 3 3 2 0 2 
3 0 0 1 1 3 0 3 0 2 
2 2 2 1 0 3 2 0 3 1 
1 0 0 0 2 2 2 1 3 3 
0 1 2 2 1 3 1 0 2 3 
2 1 1 0 2 3 3 1 0 2 
0 0 1 3 0 0 0 1 0 1 
2 1 0 1 2 3 3 1 0 2 
0 1 2 0 1 2 1 2 3 3 
0 1 0 0 2 3 3 1 0 2 
1 1 0 0 2 3 3 1 3 0 
1 1 0 0 0 3 3 1 0 2 
1 1 0 0 2 3 3 1 3 2 
1 1 0 0 2 3 3 0 1 2 
0 1 2 3 1 1 1 2 2 1 
1 3 3 1 3 0 0 0 3 2 
0 1 2 0 3 2 1 2 2 1 
2 2 1 3 2 0 0 1 0 3 
3 1 3 3 2 0 2 3 3 3 
0 1 2 0 3 2 1 2 0 3 
1 0 2 1 2 2 3 0 0 0 
2 1 0 0 3 3 2 1 0 2 
2 0 2 2 2 1 1 2 2 2 
1 1 0 0 2 3 3 2 1 2 
1 1 0 0 2 3 0 1 0 2 
0 1 2 0 1 2 1 2 3 0 
0 1 2 3 1 2 1 2 2 3 
0 1 0 0 0 3 0 1 1 2 
0 1 2 0 3 1 1 2 2 3 
0 1 2 1 1 3 1 2 0 3 
2 1 0 0 2 3 3 1 0 2 
1 2 1 2 0 1 2 3 2 0 
1 1 0 3 2 3 3 1 0 2 
1 3 0 3 3 3 1 2 1 0 
1 1 1 1 1 1 0 1 1 1 
0 1 2 0 1 2 1 2 2 2 
2 3 0 0 2 1 2 3 0 1 
1 1 0 0 2 3 3 0 2 0 
0 1 2 0 1 2 1 2 2 1 
1 1 0 0 2 3 3 0 2 2 
0 1 2 0 1 2 1 2 2 3 
0 1 2 1 1 0 1 2 2 1 
0 1 2 1 1 0 1 2 2 0 
2 1 0 0 3 3 2 1 1 2 
MFS
[ 0 , 1 , 2 , 0 , 1 , 2 , 1 , 2 , - , 3 ]
[ 1 , 1 , 0 , 0 , 2 , 3 , 3 , - , - , 2 ]
[ 0 , 1 , 2 , 0 , 1 , 2 , 1 , 2 , 2 , - ]
precise
0.0
recall
0.0
F-measure
0.0
multi
1
time
all 781 iden 657 gen 93
t-cover
700
all-cover
720
coveredNum
(1 : 142)  (2 : 106)  (3 : 87)  (4 : 87)  (5 : 54)  (6 : 32)  (7 : 34)  (8 : 25)  (9 : 18)  (10 : 8)  (11 : 9)  (12 : 9)  (13 : 4)  (14 : 7)  (15 : 1)  (16 : 5)  (17 : 1)  (18 : 4)  (19 : 4)  (20 : 3)  (21 : 1)  (22 : 2)  (23 : 2)  (24 : 1)  (25 : 3)  (26 : 3)  (27 : 2)  (28 : 4)  (29 : 5)  (30 : 8)  (31 : 4)  (32 : 3)  (33 : 6)  (34 : 4)  (35 : 3)  (36 : 3)  (37 : 1)  (38 : 3)  (39 : 4)  (40 : 3)  (41 : 2)  (42 : 2)  (43 : 2)  (44 : 3)  (45 : 1)  (46 : 2)  (47 : 2)  (60 : 1)  
real Identify

wrong Checked
13
wrong identified
3
testCase Num: 83
regaular Num: 20
identify Num: 64
3 0 0 3 3 1 2 3 3 1 
0 1 1 0 2 3 3 0 1 0 
1 1 1 3 0 0 0 1 2 2 
0 1 2 0 2 3 3 0 1 3 
0 1 1 0 2 3 3 0 1 1 
0 1 1 0 2 3 3 0 1 2 
0 0 3 0 0 2 0 3 0 2 
1 1 1 3 0 0 0 0 0 2 
0 1 1 0 3 1 3 0 1 3 
3 1 3 1 2 2 0 2 3 0 
2 1 2 3 0 0 1 1 0 2 
0 1 1 0 2 2 3 0 1 3 
0 0 0 2 0 3 0 0 0 0 
2 3 1 1 3 3 0 1 0 0 
0 3 2 0 1 1 1 3 3 2 
0 1 1 0 0 3 0 0 0 3 
0 1 1 0 2 3 0 0 1 3 
0 1 1 0 2 3 2 1 1 3 
1 0 2 0 2 1 0 2 1 0 
0 0 0 0 1 1 1 0 0 0 
0 1 1 0 2 3 3 0 0 3 
2 3 2 3 2 0 3 3 1 0 
1 0 3 1 0 1 3 1 2 2 
0 1 1 0 2 3 0 2 1 3 
0 1 1 0 2 3 1 1 0 3 
0 1 0 3 0 0 0 1 0 2 
0 1 1 0 1 3 0 0 0 3 
0 0 0 0 0 0 0 0 0 0 
2 0 1 3 0 2 2 1 3 3 
1 1 2 3 0 0 0 1 1 0 
1 1 2 3 0 2 0 1 0 2 
1 1 2 3 0 0 0 1 1 2 
0 1 1 3 2 3 3 0 1 3 
0 1 1 0 3 3 2 0 2 2 
0 1 1 0 3 3 2 0 2 3 
0 1 1 0 3 3 2 0 1 3 
1 1 1 1 1 0 1 1 1 1 
0 1 1 0 0 3 1 0 0 3 
1 2 3 3 3 3 0 3 0 3 
0 1 1 0 2 3 1 1 1 3 
1 3 0 1 0 2 3 0 0 1 
1 0 0 3 0 0 0 1 0 2 
0 1 1 0 2 3 3 0 1 3 
0 1 1 0 2 3 3 2 1 1 
0 1 1 0 2 3 0 3 0 3 
0 1 1 0 2 3 3 2 1 3 
0 1 1 0 2 3 0 1 0 3 
1 1 2 3 0 0 0 1 0 2 
0 2 1 0 2 3 3 0 1 3 
1 1 0 3 0 0 0 1 0 2 
3 3 2 2 3 2 3 0 2 1 
0 2 2 1 0 0 0 3 2 0 
2 3 3 1 3 0 2 2 2 3 
0 1 3 2 0 2 1 2 1 3 
0 1 1 0 2 3 2 2 1 3 
0 1 1 0 2 3 2 0 1 3 
3 1 2 0 0 0 0 1 0 2 
1 1 2 3 1 0 0 1 0 2 
0 1 1 0 2 3 0 3 1 3 
0 1 1 0 2 3 0 1 1 3 
2 2 0 2 2 1 2 2 1 2 
2 2 3 1 1 2 3 0 1 1 
0 1 1 0 1 3 2 0 0 3 
0 1 1 0 1 3 3 0 1 3 
1 1 1 3 0 0 0 1 1 2 
3 0 0 3 1 3 1 2 2 3 
0 1 1 0 3 3 3 0 1 3 
2 1 1 0 2 3 3 0 1 3 
0 1 1 0 3 3 1 0 3 3 
0 1 1 0 3 3 2 1 1 3 
3 2 1 2 1 0 1 1 1 0 
0 1 1 0 2 3 1 0 1 3 
0 1 1 0 2 3 1 2 1 1 
0 1 1 0 2 3 0 1 2 3 
3 0 2 2 0 1 0 3 0 2 
0 1 1 0 2 3 0 2 0 3 
0 1 1 0 2 3 3 2 3 3 
0 1 1 0 2 3 3 1 1 3 
0 1 1 0 2 3 0 2 0 1 
0 1 1 0 2 3 0 3 2 3 
1 2 2 2 0 0 2 0 3 0 
0 1 1 0 2 3 3 3 1 3 
0 1 1 0 2 3 1 2 1 3 
MFS
[ 0 , 1 , 1 , 0 , 2 , 3 , 3 , 0 , 1 , - ]
[ - , 1 , - , 3 , 0 , 0 , 0 , 1 , - , 2 ]
precise
0.0
recall
0.0
F-measure
0.0
multi
1
time
all 1047 iden 937 gen 95
t-cover
707
all-cover
720
coveredNum
(1 : 147)  (2 : 91)  (3 : 50)  (4 : 46)  (5 : 52)  (6 : 50)  (7 : 53)  (8 : 33)  (9 : 30)  (10 : 15)  (11 : 16)  (12 : 12)  (13 : 12)  (14 : 7)  (15 : 6)  (16 : 8)  (17 : 7)  (18 : 3)  (19 : 2)  (20 : 4)  (21 : 5)  (22 : 2)  (23 : 7)  (24 : 4)  (25 : 1)  (26 : 6)  (27 : 1)  (29 : 1)  (30 : 1)  (31 : 2)  (33 : 1)  (48 : 1)  (50 : 1)  (52 : 2)  (53 : 1)  (54 : 2)  (55 : 1)  (64 : 1)  (68 : 1)  (70 : 1)  (72 : 1)  (74 : 4)  (76 : 1)  (77 : 1)  (79 : 2)  (80 : 3)  (81 : 2)  (85 : 1)  (87 : 2)  (88 : 2)  (98 : 1)  (101 : 1)  (102 : 1)  (103 : 1)  (104 : 2)  (106 : 1)  (107 : 1)  (108 : 1)  (111 : 1)  (112 : 3)  (113 : 1)  (117 : 1)  
real Identify

wrong Checked
27
wrong identified
2
testCase Num: 75
regaular Num: 20
identify Num: 56
0 1 0 3 3 3 2 0 0 2 
0 1 2 3 3 3 2 0 0 2 
1 1 3 2 3 2 0 1 0 0 
1 3 1 0 2 3 0 1 1 2 
0 2 0 0 1 3 0 2 3 1 
3 1 3 3 3 2 2 0 0 2 
3 1 3 3 3 2 2 0 0 1 
3 1 3 2 3 2 1 1 0 0 
3 1 3 2 3 2 1 1 0 2 
1 1 0 1 1 1 1 1 1 1 
3 1 3 3 3 1 2 0 0 2 
0 3 3 3 2 1 0 3 2 3 
3 1 3 3 3 1 2 0 0 0 
1 1 3 2 0 0 0 1 0 1 
3 2 2 2 0 3 3 1 3 3 
0 0 0 0 0 0 0 0 0 0 
0 0 0 0 0 2 3 1 2 1 
1 1 2 0 1 0 0 2 0 3 
2 3 3 1 0 1 2 2 3 2 
3 1 3 2 2 0 2 1 0 0 
3 1 3 2 2 0 0 2 0 0 
2 1 3 3 3 3 2 0 0 2 
0 1 2 3 3 1 2 0 0 2 
1 1 0 3 3 3 2 0 0 2 
0 0 0 3 1 0 0 1 0 0 
3 1 3 3 3 2 2 0 1 2 
1 2 3 3 3 3 2 0 0 2 
2 2 0 2 0 3 1 3 1 0 
3 1 3 0 3 3 2 0 0 2 
0 1 1 1 3 3 2 0 0 2 
1 1 3 2 0 2 0 1 0 0 
3 2 1 1 2 1 3 2 1 3 
3 0 0 0 0 3 0 0 2 0 
3 1 3 3 3 3 2 0 0 2 
3 0 3 3 3 3 2 0 0 2 
0 1 2 3 3 3 2 3 0 2 
3 1 3 3 0 3 2 0 0 2 
3 1 3 2 2 0 0 1 3 0 
1 1 3 2 3 2 2 1 0 0 
3 1 0 2 3 2 0 1 0 0 
3 1 3 2 2 2 0 1 0 0 
3 1 3 3 3 2 2 1 0 2 
0 1 3 2 3 2 0 1 0 0 
3 1 3 2 3 2 1 2 0 0 
0 0 1 0 0 1 0 3 1 1 
2 3 2 0 2 2 1 0 0 1 
3 3 3 1 1 0 3 3 1 0 
2 1 0 3 3 3 2 0 0 3 
2 1 3 2 0 1 0 1 0 1 
3 1 3 1 3 2 0 1 0 0 
1 0 0 2 2 2 1 3 3 3 
2 0 2 1 0 0 0 1 2 0 
1 1 3 2 3 2 3 1 2 0 
0 1 2 3 3 3 2 0 1 2 
3 1 3 2 2 0 0 1 0 1 
3 1 3 2 2 0 0 1 0 0 
3 1 3 3 3 2 3 0 0 2 
2 1 3 2 3 1 0 1 0 0 
3 3 3 2 3 2 0 1 0 0 
1 1 1 3 0 3 2 0 0 2 
3 1 3 3 3 0 2 0 0 3 
3 1 3 3 3 0 2 0 0 2 
3 1 3 3 3 0 2 0 0 1 
1 1 3 3 3 3 2 0 0 2 
3 1 3 3 3 0 2 0 0 0 
0 3 0 2 1 0 0 0 3 0 
3 1 3 2 3 2 0 1 0 0 
1 1 3 2 1 0 0 1 0 3 
2 0 1 2 1 2 2 2 2 2 
1 1 3 2 1 0 0 1 0 1 
2 1 0 3 3 3 3 0 0 2 
0 2 0 1 3 2 1 0 2 0 
0 0 0 0 2 0 2 0 0 0 
1 2 1 3 3 0 1 2 3 0 
3 1 0 3 3 3 2 0 0 2 
MFS
[ 3 , 1 , 3 , 3 , 3 , - , 2 , 0 , 0 , 2 ]
[ - , 1 , 3 , 2 , - , - , 0 , 1 , 0 , - ]
precise
0.0
recall
0.0
F-measure
0.0
multi
0
time
all 845 iden 673 gen 125
t-cover
712
all-cover
720
coveredNum
(1 : 185)  (2 : 148)  (3 : 119)  (4 : 73)  (5 : 49)  (6 : 19)  (7 : 14)  (8 : 11)  (9 : 12)  (10 : 9)  (11 : 9)  (12 : 8)  (13 : 5)  (14 : 6)  (15 : 7)  (16 : 5)  (17 : 1)  (18 : 7)  (19 : 1)  (20 : 1)  (21 : 1)  (22 : 1)  (23 : 3)  (24 : 2)  (25 : 1)  (26 : 4)  (27 : 2)  (28 : 4)  (29 : 1)  (30 : 6)  (31 : 1)  (34 : 2)  (37 : 1)  (40 : 1)  (41 : 1)  
real Identify

wrong Checked
7
wrong identified
2
testCase Num: 54
regaular Num: 28
identify Num: 27
1 2 3 2 0 0 0 2 1 2 
3 1 1 0 3 2 1 3 1 0 
1 2 2 3 1 2 3 0 3 0 
2 3 3 2 1 2 0 1 0 3 
3 3 2 2 0 1 3 3 3 3 
2 2 2 0 3 1 1 2 0 1 
3 1 3 0 3 2 3 0 2 0 
1 0 3 3 2 3 2 3 0 1 
3 1 3 0 3 2 0 0 3 0 
3 1 3 0 3 2 2 2 1 0 
1 1 0 1 1 1 1 1 1 1 
3 1 3 0 3 2 3 1 0 0 
0 3 0 0 2 0 0 0 0 0 
3 1 3 0 3 2 1 3 2 0 
2 3 0 3 0 3 1 0 3 2 
3 1 3 0 3 2 1 3 2 1 
3 1 3 0 3 0 1 3 1 0 
0 0 2 2 2 0 3 0 1 0 
0 2 0 0 1 3 0 2 0 3 
0 0 0 0 0 0 0 0 0 0 
0 3 1 3 3 0 1 2 1 3 
3 2 0 3 3 1 0 1 0 2 
3 3 0 1 3 0 3 2 3 1 
3 3 3 0 3 2 1 3 1 0 
0 1 2 3 0 2 2 1 2 1 
2 0 0 0 0 0 0 3 0 0 
3 1 3 0 3 2 2 0 0 3 
3 1 3 0 3 2 1 3 1 0 
3 1 3 0 3 2 2 2 0 0 
2 0 3 1 3 1 2 0 1 0 
0 0 0 1 1 0 0 0 1 2 
0 2 2 1 2 3 0 3 1 2 
2 2 1 1 0 2 2 2 2 2 
0 0 1 1 2 1 1 3 1 3 
1 0 1 1 3 0 0 0 0 0 
2 1 3 0 2 0 3 1 3 2 
3 1 3 0 3 2 3 0 0 0 
3 1 3 1 3 2 1 3 1 0 
3 1 3 0 3 2 2 3 1 0 
3 1 3 0 3 2 1 3 0 0 
3 1 3 0 3 2 1 3 0 1 
0 0 1 0 1 3 3 1 3 0 
3 1 3 0 3 2 1 3 0 2 
3 1 1 2 3 3 0 0 2 1 
3 1 3 0 1 2 1 3 1 0 
0 0 0 0 0 1 3 0 2 0 
3 0 0 2 2 2 1 2 2 0 
1 3 0 0 1 0 2 3 2 3 
0 0 0 2 0 0 2 0 3 0 
3 1 3 0 3 2 3 3 1 0 
3 1 3 0 3 2 1 0 1 0 
3 1 3 0 3 2 1 3 3 0 
0 1 3 0 3 2 1 3 1 0 
3 1 3 0 3 2 0 0 0 0 
MFS
[ 3 , 1 , 3 , 0 , 3 , 2 , 1 , 3 , - , 0 ]
precise
0.0
recall
0.0
F-measure
0.0
multi
0
time
all 140 iden 94 gen 46
t-cover
677
all-cover
720
coveredNum
(1 : 208)  (2 : 193)  (3 : 93)  (4 : 73)  (5 : 37)  (6 : 26)  (7 : 15)  (8 : 10)  (9 : 2)  (10 : 7)  (11 : 5)  (12 : 3)  (13 : 2)  (15 : 1)  (16 : 4)  (17 : 5)  (18 : 6)  (19 : 7)  (20 : 1)  (22 : 2)  (24 : 1)  (25 : 2)  (26 : 1)  (27 : 2)  (28 : 6)  (29 : 5)  (30 : 1)  (31 : 1)  (32 : 1)  
real Identify

wrong Checked
5
wrong identified
1
testCase Num: 66
regaular Num: 26
identify Num: 41
1 1 0 1 0 3 2 1 3 1 
1 1 0 1 2 0 2 1 3 1 
0 1 0 1 3 1 2 1 3 1 
1 1 1 3 0 3 0 3 3 0 
1 3 3 0 0 1 3 0 0 3 
2 0 0 0 0 0 0 0 0 0 
0 3 1 1 1 0 1 1 0 3 
0 1 0 0 3 3 2 1 3 1 
2 2 1 2 2 2 0 1 2 2 
3 1 0 1 0 3 0 1 3 0 
2 1 0 1 3 3 2 1 3 1 
0 1 0 1 3 0 2 1 3 2 
0 1 0 1 3 0 2 1 3 1 
1 1 0 2 3 3 2 1 3 1 
0 0 3 0 0 0 0 1 0 0 
3 1 0 1 2 3 0 1 0 1 
2 1 0 1 0 2 2 2 1 3 
1 0 1 0 2 1 2 1 1 0 
0 0 0 0 0 0 0 0 0 0 
0 1 2 2 2 0 3 0 3 3 
2 1 0 1 0 3 0 1 3 0 
2 2 1 0 0 3 3 0 1 2 
1 2 0 2 0 1 1 2 3 2 
1 1 0 1 2 3 0 2 3 1 
3 1 0 1 3 3 2 1 3 1 
0 0 0 1 3 3 2 1 3 1 
2 3 2 0 3 1 0 3 1 1 
3 3 2 0 1 3 2 2 3 2 
0 1 0 1 3 0 2 1 2 1 
1 1 0 1 0 3 0 1 3 3 
0 1 0 1 3 2 2 0 3 1 
1 1 0 1 0 3 0 1 3 2 
1 2 0 1 3 3 2 1 3 1 
1 1 0 1 0 3 0 1 3 1 
0 0 0 3 2 0 0 0 0 0 
0 2 1 3 3 2 2 2 0 1 
1 1 0 1 0 3 0 1 3 0 
1 1 0 1 3 3 2 1 3 1 
0 1 0 1 3 1 2 0 3 2 
2 0 3 3 1 2 0 0 3 2 
0 1 0 1 3 1 2 0 3 1 
0 1 0 1 3 1 0 1 3 1 
3 0 3 1 2 0 0 2 2 3 
3 3 0 3 0 1 3 1 2 1 
0 1 0 1 3 0 2 0 3 1 
1 0 2 1 3 2 3 2 0 0 
1 3 2 3 0 3 1 1 2 0 
0 1 0 1 0 3 2 1 3 1 
1 1 0 1 2 3 2 1 3 1 
1 1 0 1 1 3 0 1 3 0 
0 1 0 1 3 0 2 2 3 1 
3 1 3 0 3 2 1 0 2 0 
1 1 0 1 0 3 1 1 3 0 
0 1 0 1 3 1 2 0 2 1 
1 1 1 1 1 1 1 0 1 1 
3 1 1 1 3 3 2 1 3 1 
1 1 0 1 2 3 0 1 3 1 
0 1 0 1 3 3 2 1 3 1 
0 1 2 1 3 3 2 1 3 1 
3 2 2 2 1 3 2 0 1 0 
1 1 0 1 2 3 0 1 3 2 
0 2 0 1 1 3 3 3 2 2 
2 0 3 2 2 3 1 3 0 1 
0 1 0 1 3 2 2 1 3 1 
3 3 0 2 2 2 0 3 0 2 
0 2 3 3 3 0 2 3 1 3 
MFS
[ 0 , 1 , 0 , 1 , 3 , - , 2 , - , 3 , 1 ]
precise
0.0
recall
0.0
F-measure
0.0
multi
0
time
all 234 iden 171 gen 63
t-cover
694
all-cover
720
coveredNum
(1 : 192)  (2 : 175)  (3 : 87)  (4 : 66)  (5 : 47)  (6 : 35)  (7 : 14)  (8 : 12)  (9 : 8)  (10 : 5)  (11 : 6)  (12 : 6)  (13 : 5)  (14 : 3)  (15 : 3)  (16 : 3)  (17 : 1)  (18 : 4)  (19 : 1)  (20 : 4)  (23 : 1)  (26 : 5)  (27 : 1)  (28 : 2)  (29 : 3)  (30 : 3)  (31 : 1)  (32 : 1)  (33 : 1)  (34 : 2)  (35 : 1)  (36 : 2)  (37 : 1)  (39 : 1)  (40 : 2)  (41 : 3)  (42 : 3)  (44 : 2)  (45 : 1)  (46 : 1)  (47 : 1)  (48 : 3)  (51 : 2)  
real Identify

wrong Checked
9
wrong identified
1
testCase Num: 72
regaular Num: 19
identify Num: 54
0 1 3 0 2 3 3 3 3 2 
3 1 3 0 2 3 3 3 3 2 
2 2 0 1 0 0 1 2 2 1 
2 1 1 0 3 0 3 3 1 3 
0 1 2 0 0 2 3 3 1 1 
1 0 0 2 0 3 2 3 2 3 
0 0 0 0 2 1 0 0 3 0 
3 1 3 0 2 3 1 3 1 2 
3 1 3 0 2 3 3 2 1 2 
1 1 3 0 2 3 3 3 0 2 
3 0 3 0 2 3 3 3 1 2 
3 3 1 3 1 0 3 1 1 0 
0 1 0 0 3 1 3 2 1 2 
2 3 0 0 1 2 2 1 3 2 
3 1 3 1 0 0 1 1 0 3 
1 1 3 0 2 3 3 3 1 2 
0 1 3 1 2 0 1 1 0 3 
2 0 2 3 3 2 1 0 0 1 
0 1 3 1 0 1 2 1 0 3 
3 1 3 1 2 3 3 3 1 2 
0 0 1 0 0 0 0 0 2 0 
0 0 0 0 0 0 0 0 0 0 
3 3 1 2 0 1 2 0 1 3 
1 1 2 0 2 3 3 3 1 2 
1 1 3 1 0 1 1 0 0 3 
2 1 1 0 3 0 0 3 1 2 
1 1 3 0 2 2 3 3 1 2 
0 3 3 2 2 0 2 1 0 1 
0 1 0 1 0 0 1 1 0 3 
0 1 0 3 2 3 3 3 1 2 
1 1 1 0 3 0 3 3 3 2 
2 1 3 0 2 3 3 3 1 2 
0 0 3 1 3 0 2 2 0 0 
1 1 3 2 2 3 3 3 1 2 
2 1 0 0 3 1 3 3 1 2 
0 1 3 3 0 0 1 1 0 3 
1 1 3 0 2 3 3 3 0 0 
0 1 2 0 1 0 3 3 1 3 
0 1 3 1 0 1 1 0 0 3 
1 1 0 0 1 2 3 3 1 3 
0 1 3 1 0 1 1 0 0 0 
3 1 3 0 2 3 3 3 1 1 
2 1 2 2 1 2 2 2 2 0 
3 1 3 0 2 3 3 3 1 2 
1 1 3 0 2 3 2 3 1 2 
0 1 3 1 0 2 1 0 0 3 
0 1 2 0 3 1 3 3 1 0 
0 2 2 2 3 0 1 1 3 0 
2 1 3 0 2 3 3 3 0 2 
3 1 3 0 2 2 3 3 1 2 
0 1 1 0 3 3 3 3 1 2 
1 1 3 0 1 3 3 3 1 2 
1 1 3 0 2 3 3 0 1 2 
3 3 0 3 0 3 0 3 3 1 
0 1 3 0 2 3 3 3 2 2 
0 1 3 1 0 1 1 0 3 3 
3 3 2 1 3 1 0 0 2 0 
3 2 1 2 1 2 0 0 0 2 
1 0 1 1 1 1 1 1 1 1 
2 2 3 0 2 3 3 3 1 2 
1 2 1 3 1 1 2 2 0 3 
0 1 3 1 0 0 1 1 0 3 
3 1 3 0 0 3 3 3 1 2 
2 1 0 0 1 0 3 3 1 1 
3 2 3 3 2 3 0 1 2 2 
0 0 0 2 0 0 3 0 0 0 
3 1 0 0 2 3 3 3 1 2 
0 3 3 1 0 0 1 1 0 3 
1 3 0 1 0 2 0 2 3 3 
0 1 3 0 2 3 3 3 1 2 
0 1 1 0 2 3 3 3 1 2 
0 1 3 1 0 1 1 1 0 3 
MFS
[ - , 1 , - , 0 , - , - , 3 , 3 , 1 , - ]
[ - , 1 , 3 , 1 , 0 , - , 1 , - , 0 , 3 ]
[ 3 , 1 , 3 , 0 , 2 , 3 , 3 , 3 , 1 , 2 ]
[ - , 1 , 3 , 0 , 2 , 3 , 3 , 3 , - , 2 ]
precise
0.0
recall
0.0
F-measure
0.0
multi
0
time
all 907 iden 719 gen 157
t-cover
697
all-cover
720
coveredNum
(1 : 186)  (2 : 169)  (3 : 107)  (4 : 73)  (5 : 37)  (6 : 27)  (7 : 26)  (8 : 17)  (9 : 7)  (10 : 20)  (11 : 8)  (12 : 4)  (13 : 2)  (15 : 1)  (17 : 1)  (18 : 1)  (19 : 2)  (20 : 2)  (21 : 1)  (22 : 3)  (23 : 4)  (24 : 2)  (26 : 2)  (27 : 2)  (28 : 1)  (30 : 3)  (31 : 5)  (33 : 4)  (34 : 3)  
real Identify

wrong Checked
3
wrong identified
4
testCase Num: 42
regaular Num: 29
identify Num: 13
3 0 3 3 3 3 3 3 3 3 
3 2 1 2 2 0 2 3 1 0 
2 0 0 2 1 1 0 1 1 3 
1 0 0 0 1 2 2 0 2 3 
3 1 3 2 2 3 0 0 0 2 
0 1 0 1 3 1 3 1 2 0 
0 1 3 0 0 2 1 3 1 2 
0 3 0 1 0 1 2 2 3 3 
3 1 2 1 1 3 0 0 0 2 
1 1 1 1 2 3 0 0 0 2 
1 3 2 3 3 0 1 2 1 0 
1 3 1 3 0 0 3 0 1 2 
3 3 2 0 0 0 0 1 2 1 
0 2 2 2 0 2 3 1 3 1 
2 1 3 3 0 3 2 1 2 1 
3 1 1 1 2 3 0 0 0 2 
3 1 2 1 2 3 0 0 0 2 
3 1 0 1 2 3 0 1 0 2 
3 1 0 1 2 3 0 3 2 2 
0 0 0 0 0 0 0 0 0 0 
2 3 0 1 1 0 3 3 2 0 
3 0 0 0 0 0 0 2 0 0 
3 2 1 1 2 3 0 0 0 2 
0 3 1 0 2 3 3 2 2 1 
2 1 3 2 2 3 1 0 3 0 
0 0 0 0 0 3 0 0 1 0 
1 0 1 1 1 1 1 1 1 1 
3 2 0 3 1 2 1 0 2 1 
0 0 2 3 2 1 1 3 0 3 
0 3 3 0 0 0 0 0 0 0 
0 2 3 3 1 0 0 0 0 0 
2 2 1 0 3 1 2 0 0 3 
2 0 2 2 2 2 2 2 2 2 
1 3 0 2 3 2 0 3 0 1 
1 1 3 0 1 0 0 2 3 3 
1 2 1 1 0 2 3 2 0 0 
0 0 1 0 3 0 0 0 3 2 
3 1 0 1 2 3 1 0 0 2 
3 1 0 1 2 3 0 2 3 2 
3 1 3 1 2 1 0 0 0 2 
3 1 0 1 2 3 0 1 1 2 
3 1 0 1 2 3 0 2 1 1 
MFS
[ 3 , 1 , - , 1 , 2 , 3 , 0 , - , - , 2 ]
precise
0.0
recall
0.0
F-measure
0.0
multi
0
time
all 328 iden 156 gen 109
t-cover
704
all-cover
720
coveredNum
(1 : 272)  (2 : 256)  (3 : 96)  (4 : 50)  (5 : 30)  (6 : 10)  (7 : 3)  (8 : 1)  (9 : 1)  (10 : 1)  
real Identify

wrong Checked
0
wrong identified
1
testCase Num: 86
regaular Num: 20
identify Num: 66
0 1 1 3 0 1 0 2 3 2 
0 1 3 2 0 3 3 3 0 2 
1 1 2 3 1 1 0 3 3 2 
0 1 1 3 0 1 0 2 3 0 
0 1 3 1 2 3 3 3 0 2 
2 1 3 0 0 3 3 3 0 2 
3 1 2 3 0 1 1 3 2 3 
1 1 3 1 0 3 3 3 0 2 
2 1 3 0 0 2 1 0 0 2 
3 1 2 3 0 1 1 3 2 2 
3 1 3 1 0 3 3 3 3 0 
1 3 0 2 3 3 1 0 3 2 
2 1 3 1 3 3 3 3 0 2 
1 1 2 3 0 1 2 3 0 2 
3 1 3 1 0 3 3 2 0 2 
2 1 2 3 0 1 0 3 3 2 
0 2 3 1 0 3 3 3 0 2 
0 1 3 1 0 3 3 3 2 0 
1 2 2 0 2 0 2 0 3 3 
2 1 3 0 1 3 3 3 0 2 
0 0 0 0 0 0 3 2 1 0 
2 0 0 3 2 1 2 1 0 2 
0 1 3 2 0 1 0 3 3 2 
0 0 0 0 0 0 0 0 0 0 
0 1 1 3 0 1 0 1 2 2 
2 1 3 0 0 2 1 0 3 1 
2 1 3 1 1 3 0 3 2 2 
3 1 2 3 0 1 1 3 3 2 
1 1 1 1 1 1 1 1 1 0 
1 1 2 1 0 1 0 3 3 2 
3 2 2 0 3 1 3 1 0 3 
0 1 1 3 0 1 1 3 3 2 
1 0 2 3 0 1 0 3 3 2 
2 1 3 1 0 3 3 3 0 2 
2 1 1 1 0 3 3 3 0 2 
2 3 3 1 0 3 3 3 0 2 
2 2 2 2 2 2 0 2 1 1 
1 1 3 1 0 2 3 3 0 2 
0 3 0 1 2 2 0 2 3 0 
0 1 3 1 0 3 3 3 3 1 
2 1 3 0 0 2 1 3 0 2 
0 1 1 3 0 0 0 3 3 2 
0 1 1 3 0 1 0 3 3 2 
0 1 0 3 0 1 0 1 3 1 
2 1 3 0 0 2 1 0 2 2 
1 1 3 1 0 3 3 3 2 3 
3 3 3 3 1 0 2 3 2 1 
3 1 3 1 0 3 3 3 1 0 
2 1 3 1 3 3 2 3 0 2 
0 0 2 0 0 3 0 0 0 0 
0 1 2 3 0 1 0 3 3 2 
2 1 3 2 0 0 2 1 3 0 
2 1 3 1 3 3 2 3 1 2 
0 3 2 3 0 1 0 3 3 2 
3 1 1 1 0 3 3 3 0 2 
1 1 2 3 0 1 1 3 1 2 
0 1 1 3 1 1 0 3 3 2 
0 0 1 1 1 2 2 2 3 3 
1 0 0 0 3 2 0 1 2 1 
2 1 3 3 0 1 0 0 3 3 
0 1 3 1 0 3 3 3 0 2 
0 3 1 0 3 1 0 1 1 3 
1 0 2 3 3 0 1 2 2 0 
0 2 1 1 2 0 1 1 2 1 
3 1 2 3 0 1 1 2 3 2 
3 0 1 2 0 1 3 0 0 1 
1 1 2 3 0 0 0 3 3 2 
0 0 3 1 0 1 0 0 0 0 
1 1 0 3 0 1 0 3 3 2 
2 1 3 1 3 3 2 3 1 3 
2 1 3 3 0 0 1 2 1 3 
3 1 3 1 0 3 0 3 0 2 
1 3 1 1 2 3 3 3 0 2 
3 2 0 3 1 2 3 0 1 0 
1 1 2 3 0 1 1 3 0 2 
2 1 3 1 3 3 2 0 0 2 
1 1 2 3 0 1 0 3 3 2 
0 1 3 3 0 1 0 0 3 0 
0 1 3 1 0 3 3 3 1 2 
2 1 3 0 0 2 3 3 0 2 
0 1 3 1 0 3 3 3 1 0 
3 0 0 0 2 0 0 0 0 0 
1 3 2 2 1 2 1 3 2 2 
2 1 3 3 0 3 3 3 0 2 
2 1 3 1 3 0 3 3 0 2 
0 0 0 2 0 3 0 1 1 3 
MFS
[ 0 , 1 , - , 3 , 0 , 1 , 0 , - , 3 , - ]
[ - , 1 , 3 , 1 , 0 , 3 , 3 , 3 , - , - ]
[ 2 , 1 , 3 , - , 0 , - , - , - , - , - ]
precise
0.0
recall
0.0
F-measure
0.0
multi
0
time
all 703 iden 546 gen 141
t-cover
702
all-cover
720
coveredNum
(1 : 143)  (2 : 161)  (3 : 123)  (4 : 85)  (5 : 38)  (6 : 34)  (7 : 17)  (8 : 18)  (9 : 3)  (10 : 6)  (11 : 6)  (12 : 9)  (13 : 7)  (14 : 5)  (15 : 6)  (16 : 9)  (17 : 8)  (18 : 3)  (19 : 1)  (20 : 3)  (21 : 4)  (22 : 7)  (23 : 3)  (24 : 2)  (25 : 4)  (26 : 1)  (27 : 5)  (28 : 1)  (29 : 1)  (30 : 1)  (37 : 1)  (38 : 4)  (42 : 1)  
real Identify

wrong Checked
6
wrong identified
3
testCase Num: 71
regaular Num: 22
identify Num: 49
1 1 3 3 3 0 0 3 0 3 
3 1 2 2 3 3 1 0 2 0 
1 1 3 3 0 2 1 3 0 1 
1 1 3 3 0 2 1 3 0 0 
0 0 1 2 2 1 3 3 2 2 
1 3 2 2 1 1 0 0 0 3 
1 1 3 3 2 2 0 3 0 3 
1 1 0 3 2 2 0 3 0 3 
0 0 0 0 0 3 3 2 1 1 
1 1 3 3 2 0 0 3 3 3 
1 1 3 3 1 2 1 3 0 0 
1 1 3 3 2 1 1 3 0 3 
0 3 0 0 2 0 0 0 0 0 
1 1 3 3 3 2 0 3 0 3 
1 1 3 0 2 2 0 3 0 3 
1 1 3 3 2 1 0 3 3 1 
1 1 3 3 2 3 0 3 0 0 
1 1 3 3 2 3 0 3 0 3 
1 1 3 3 2 1 0 3 3 3 
1 1 3 3 3 2 2 3 0 0 
0 0 0 0 0 0 0 0 0 0 
1 1 3 3 0 2 0 0 0 3 
1 1 1 1 1 1 1 1 1 0 
1 1 3 3 0 2 0 2 0 3 
1 1 3 3 0 2 0 2 0 2 
2 2 2 1 2 0 2 2 2 1 
3 3 3 2 3 2 3 2 3 0 
1 1 3 3 2 0 0 3 2 3 
0 1 3 1 0 0 0 0 0 0 
1 1 3 3 1 2 0 3 0 3 
1 1 3 3 1 2 2 0 0 3 
0 2 0 2 3 2 2 1 1 3 
3 0 0 0 3 1 2 2 1 2 
3 0 2 1 3 2 3 0 0 1 
1 1 3 3 2 1 0 0 0 3 
1 1 3 3 2 3 0 3 1 3 
0 0 0 0 0 0 1 2 0 0 
1 1 3 3 3 2 1 3 0 0 
0 3 2 3 0 3 1 3 1 2 
1 1 3 3 0 2 3 3 0 2 
1 1 3 3 0 2 3 3 0 3 
1 2 3 3 2 2 0 3 0 3 
1 1 3 3 2 2 0 0 0 3 
1 1 3 3 2 2 0 0 0 2 
2 3 0 0 1 0 3 1 2 2 
2 2 1 2 0 0 1 0 1 1 
1 1 3 3 2 2 0 0 0 0 
1 1 3 3 2 0 0 3 1 3 
0 3 1 1 1 2 0 2 0 2 
3 0 1 3 0 0 0 1 0 0 
2 0 0 1 1 3 1 3 3 3 
3 2 1 0 2 3 0 1 3 3 
1 1 3 3 0 2 0 2 2 3 
1 1 3 3 0 2 2 3 2 3 
3 2 0 0 1 0 0 0 3 2 
1 1 3 3 0 2 0 1 0 3 
1 1 3 3 0 2 0 3 0 3 
1 1 3 3 2 2 0 0 1 3 
1 1 3 3 2 0 0 3 0 3 
1 1 3 3 2 0 0 3 0 2 
1 1 3 3 2 2 1 3 0 3 
1 1 3 3 2 0 0 3 0 0 
2 1 3 3 2 2 0 3 0 3 
2 0 3 0 3 1 1 0 3 0 
1 1 3 3 1 2 2 3 0 3 
1 1 3 3 1 2 0 0 0 3 
1 0 1 0 3 0 2 0 0 0 
1 1 3 3 1 2 2 3 0 1 
1 1 3 3 2 1 0 3 0 3 
0 3 2 0 0 3 2 1 3 1 
3 2 0 1 0 1 3 3 0 0 
MFS
[ 1 , 1 , 3 , 3 , - , 2 , 0 , - , 0 , 3 ]
precise
0.0
recall
0.0
F-measure
0.0
multi
0
time
all 1188 iden 984 gen 172
t-cover
682
all-cover
720
coveredNum
(1 : 158)  (2 : 128)  (66 : 2)  (3 : 88)  (4 : 62)  (68 : 1)  (5 : 61)  (69 : 1)  (6 : 44)  (7 : 35)  (8 : 19)  (9 : 16)  (73 : 1)  (10 : 15)  (75 : 2)  (11 : 10)  (76 : 2)  (12 : 3)  (77 : 1)  (13 : 13)  (14 : 2)  (15 : 1)  (17 : 6)  (18 : 4)  (19 : 5)  (21 : 1)  (22 : 2)  (23 : 2)  (24 : 1)  (29 : 1)  (30 : 2)  (32 : 2)  (33 : 1)  (35 : 1)  (38 : 1)  (42 : 2)  (43 : 1)  (48 : 1)  (50 : 1)  (53 : 1)  (54 : 5)  (56 : 2)  (57 : 1)  (58 : 5)  (59 : 2)  (60 : 3)  (61 : 2)  
real Identify

wrong Checked
14
wrong identified
1
