testCase Num: 79
regaular Num: 20
identify Num: 59
1 1 1 2 2 2 0 2 1 1 
2 1 0 2 1 0 3 2 0 0 
2 1 3 2 1 3 0 0 2 3 
2 1 0 2 1 3 2 2 0 0 
2 0 0 1 3 2 2 0 2 3 
3 1 3 0 2 2 1 3 0 3 
1 1 1 0 1 1 1 1 1 1 
2 1 2 1 1 2 0 0 1 0 
2 1 2 1 1 2 3 2 0 0 
3 0 2 3 3 0 0 1 1 1 
3 3 0 0 2 0 3 1 2 0 
3 0 1 3 1 3 3 3 3 3 
3 2 3 1 0 0 2 2 0 3 
2 1 2 0 1 2 1 1 3 3 
2 1 2 1 1 2 0 2 0 0 
2 1 3 2 1 3 2 1 3 1 
2 1 0 2 1 2 3 2 0 0 
2 1 2 0 1 2 1 1 3 0 
2 1 1 2 1 2 3 2 0 0 
1 1 0 1 1 1 1 1 1 1 
1 1 1 1 1 1 1 1 1 1 
1 1 1 2 2 0 2 1 1 1 
0 0 0 3 0 3 1 2 2 2 
3 1 3 0 2 3 1 3 0 2 
2 0 0 0 2 3 0 2 3 0 
2 1 1 2 1 0 2 3 0 0 
3 2 3 2 2 2 1 3 0 2 
0 0 0 0 0 0 3 0 1 0 
2 1 2 3 1 2 2 1 2 1 
0 0 0 0 0 0 0 0 0 0 
2 3 2 2 1 2 3 2 0 0 
3 1 3 0 0 2 1 3 0 2 
1 1 1 2 0 1 1 1 1 1 
2 1 2 0 1 2 0 3 2 1 
2 1 2 1 1 2 0 0 0 0 
2 1 2 1 1 2 1 0 1 2 
2 1 2 0 1 2 3 2 0 0 
2 1 2 0 1 2 1 1 0 0 
3 1 3 0 2 2 1 3 0 2 
3 1 3 0 2 2 1 3 0 1 
1 1 1 0 2 2 2 2 1 2 
3 1 3 0 2 2 1 3 0 0 
1 1 1 2 0 2 1 1 1 1 
2 1 0 2 1 0 2 3 3 2 
2 1 0 2 3 2 3 2 0 0 
2 1 0 3 1 2 3 2 0 0 
0 3 2 1 3 1 0 3 3 2 
2 1 0 1 1 1 1 1 1 1 
1 2 1 0 3 3 3 0 3 2 
1 1 2 3 3 0 3 3 1 3 
2 1 2 0 1 1 3 2 0 0 
2 1 0 2 1 0 2 3 3 0 
0 2 2 3 2 2 3 2 0 0 
0 1 2 2 1 2 3 2 0 0 
1 0 0 3 0 1 0 0 0 0 
1 0 3 2 2 1 3 2 0 0 
3 1 0 2 2 2 1 3 0 2 
3 0 0 0 0 1 0 0 0 0 
3 1 3 0 2 2 1 3 3 2 
3 1 3 2 2 2 1 3 0 2 
2 1 1 2 1 0 1 3 1 1 
2 1 2 3 1 2 0 1 2 2 
1 1 1 2 2 2 2 0 2 1 
1 2 0 1 1 1 1 1 1 1 
2 3 3 3 3 3 1 0 1 0 
0 1 3 2 2 2 1 3 0 2 
1 3 2 1 0 3 0 3 0 3 
2 1 2 1 0 2 3 2 0 0 
2 1 3 2 1 0 0 1 2 2 
2 2 0 1 1 1 1 1 2 1 
2 1 2 2 1 2 3 2 0 0 
1 1 3 3 2 3 3 0 1 0 
3 1 3 0 2 2 0 3 0 2 
0 3 1 1 2 1 2 0 1 3 
0 3 3 0 0 0 3 1 0 1 
2 1 2 0 1 2 1 2 0 0 
2 1 2 0 1 2 0 0 3 1 
3 1 3 0 2 2 1 0 0 2 
1 2 0 2 0 0 0 1 3 2 
MFS
[ 3 , 1 , 3 , - , 2 , 2 , 1 , 3 , 0 , - ]
[ 2 , 1 , 2 , - , 1 , 2 , - , - , - , - ]
[ 1 , 1 , - , - , - , - , - , - , 1 , - ]
precise
0.0
recall
0.0
F-measure
0.0
multi
0
time
all 1031 iden 718 gen 187
t-cover
693
all-cover
720
coveredNum
(1 : 165)  (2 : 162)  (3 : 139)  (4 : 62)  (5 : 68)  (6 : 28)  (7 : 23)  (8 : 13)  (9 : 9)  (10 : 3)  (11 : 5)  (12 : 3)  (13 : 7)  (14 : 3)  (15 : 1)  (16 : 2)  (17 : 4)  (18 : 2)  (19 : 3)  (20 : 2)  (21 : 6)  (22 : 2)  (23 : 3)  (25 : 1)  (26 : 2)  (27 : 2)  
real Identify

wrong Checked
5
wrong identified
3
testCase Num: 87
regaular Num: 21
identify Num: 66
3 3 3 3 3 2 3 0 1 1 
2 0 0 1 3 3 0 0 0 3 
3 2 0 1 1 0 1 3 2 1 
2 1 0 0 3 1 0 0 0 3 
1 0 3 1 1 2 0 2 1 3 
0 1 3 2 3 0 2 2 2 2 
0 1 3 2 3 0 2 2 2 3 
1 1 1 2 1 2 2 1 0 1 
3 3 0 1 0 2 3 2 0 0 
1 1 0 1 2 3 0 2 0 0 
3 1 0 2 3 3 0 0 0 3 
1 1 0 1 0 3 0 3 0 2 
0 0 2 3 0 0 0 0 0 0 
0 0 0 1 0 0 0 0 3 1 
3 1 2 2 0 3 2 3 2 2 
0 1 0 2 0 3 2 3 2 2 
1 1 0 1 0 3 0 1 0 0 
2 1 0 0 3 1 3 0 0 3 
1 2 3 0 3 1 1 0 3 0 
3 1 0 2 0 3 2 3 2 2 
3 1 0 1 1 0 0 0 0 3 
0 3 2 0 1 2 1 2 3 2 
0 0 0 0 0 0 0 0 0 0 
2 1 1 1 1 1 1 1 0 1 
2 1 0 2 3 0 0 0 1 3 
1 1 1 2 1 2 1 2 0 1 
0 1 2 2 3 0 3 3 2 2 
0 0 2 2 0 0 0 0 2 3 
0 1 0 1 3 3 0 0 0 3 
1 1 1 2 2 1 1 1 0 1 
3 1 0 0 2 3 2 3 2 2 
1 1 0 0 3 2 0 0 3 3 
3 1 0 1 0 3 0 2 2 3 
1 1 1 1 1 1 1 1 0 1 
1 1 1 3 1 0 1 1 2 2 
0 1 1 2 2 2 2 0 2 2 
3 1 0 1 0 3 0 3 0 3 
2 3 1 3 2 0 0 1 3 3 
0 2 2 2 1 1 0 3 1 2 
2 2 0 0 0 0 3 0 1 0 
0 1 1 3 0 3 2 3 2 2 
3 2 0 3 0 3 1 3 3 3 
2 1 0 1 3 3 0 0 0 3 
2 1 0 0 3 1 0 1 0 3 
1 1 0 1 0 3 3 0 0 3 
1 3 0 2 0 3 2 3 2 2 
2 1 2 2 1 2 2 0 2 2 
3 1 0 0 2 3 3 1 1 2 
0 1 3 2 3 0 2 3 2 2 
2 1 3 1 3 3 0 0 0 3 
1 1 1 0 1 3 1 1 3 3 
3 0 1 3 1 1 3 2 3 0 
0 0 0 0 0 3 0 2 0 0 
1 1 1 2 1 2 1 1 1 0 
3 1 0 0 0 3 2 3 2 2 
3 0 0 2 0 3 2 3 2 2 
2 0 3 0 2 0 1 0 1 0 
0 0 3 1 0 3 1 1 0 1 
0 3 1 0 3 1 2 0 1 3 
0 1 3 2 3 3 2 3 2 2 
3 1 0 0 1 3 3 1 1 0 
2 2 2 1 2 1 2 2 0 1 
1 1 1 2 1 1 1 1 0 1 
1 1 0 3 3 0 0 0 1 3 
2 1 0 0 3 3 0 0 0 3 
0 1 3 2 0 3 2 3 2 2 
3 1 0 0 2 1 2 3 2 2 
0 1 3 2 1 1 2 1 2 2 
2 1 0 0 0 3 0 0 0 3 
3 1 0 0 2 3 3 3 2 2 
0 1 3 2 3 0 2 2 3 2 
3 1 0 0 2 3 3 1 2 2 
0 2 0 1 0 2 2 1 0 2 
1 1 1 2 1 2 1 1 0 1 
2 0 2 2 0 1 2 3 2 0 
1 1 1 2 1 0 1 1 1 1 
3 1 0 1 3 3 0 0 0 3 
3 1 0 1 3 3 0 2 0 2 
3 1 0 2 3 0 0 0 1 3 
2 1 0 2 0 3 2 3 2 2 
3 1 0 0 3 3 1 0 3 2 
3 1 0 1 0 3 0 0 0 3 
0 0 0 0 0 2 0 3 0 0 
2 1 0 0 3 1 0 0 2 1 
1 1 2 1 1 1 1 1 0 1 
2 1 0 0 3 1 0 0 2 3 
1 2 1 1 1 1 1 1 0 1 
MFS
[ 3 , 1 , 0 , - , - , 3 , - , - , - , 2 ]
[ 1 , 1 , 1 , - , 1 , - , 1 , 1 , - , - ]
[ - , 1 , 0 , - , 3 , - , 0 , 0 , - , 3 ]
precise
0.0
recall
0.0
F-measure
0.0
multi
0
time
all 1141 iden 766 gen 218
t-cover
695
all-cover
720
coveredNum
(1 : 163)  (2 : 181)  (3 : 121)  (4 : 62)  (5 : 40)  (6 : 32)  (7 : 30)  (8 : 25)  (9 : 12)  (10 : 18)  (11 : 6)  (12 : 8)  (13 : 10)  (14 : 4)  (15 : 4)  (16 : 2)  (17 : 2)  
real Identify

wrong Checked
4
wrong identified
3
testCase Num: 102
regaular Num: 26
identify Num: 76
0 0 0 1 1 0 2 3 3 1 
1 2 0 1 0 0 2 0 2 0 
1 1 1 1 0 1 1 1 1 1 
0 1 0 2 0 2 2 2 0 0 
0 0 3 2 0 0 0 0 0 0 
0 1 3 2 0 2 2 2 0 0 
0 1 1 1 1 1 0 0 2 0 
0 1 2 2 0 2 2 2 0 0 
0 1 1 2 1 1 0 1 0 1 
0 1 1 1 0 0 1 0 2 0 
0 1 1 2 0 2 2 2 0 0 
2 1 0 0 0 2 2 2 0 0 
0 0 3 1 3 0 1 3 0 2 
3 1 0 2 3 3 2 1 0 2 
1 3 2 2 1 2 3 1 1 0 
3 1 0 2 3 3 3 2 1 0 
0 2 3 3 2 1 3 2 1 0 
1 0 3 3 2 3 3 2 1 0 
0 1 1 1 1 1 0 0 0 0 
0 1 1 1 1 1 0 1 2 0 
0 1 3 3 2 3 3 2 1 0 
0 1 1 2 0 0 0 0 2 0 
1 0 0 0 1 1 1 0 0 0 
0 1 0 0 0 1 2 2 0 0 
0 1 0 0 0 1 2 2 0 1 
0 1 1 1 2 1 0 0 2 1 
2 2 2 2 1 0 1 2 2 2 
2 1 0 3 2 3 3 2 1 0 
0 1 0 0 0 2 2 2 0 0 
0 1 0 0 0 2 2 2 0 1 
3 1 0 2 3 3 2 2 1 0 
2 0 3 3 0 0 1 1 0 2 
0 1 0 1 0 0 2 2 0 0 
0 1 1 1 0 0 0 1 0 0 
0 1 0 1 0 0 2 2 0 1 
0 1 3 0 0 0 0 0 2 0 
1 3 2 1 2 0 3 0 1 2 
1 0 0 0 0 0 1 0 2 0 
0 1 2 0 0 0 0 0 2 0 
0 1 1 1 0 1 0 0 2 0 
0 1 1 1 3 1 0 0 2 1 
0 1 0 1 0 2 2 2 0 0 
0 1 1 1 1 1 0 1 0 1 
0 1 1 1 1 1 0 1 0 0 
2 3 2 2 0 2 2 2 0 0 
0 1 1 1 1 1 0 2 2 0 
1 1 0 0 0 0 0 0 2 0 
2 1 1 2 3 3 2 0 3 0 
0 3 1 0 2 2 1 1 3 2 
0 2 2 0 0 3 3 1 2 1 
1 1 2 2 0 2 2 2 0 0 
3 2 0 3 1 3 1 0 2 0 
2 1 3 3 2 3 3 2 1 0 
3 1 0 2 2 3 3 2 1 0 
0 1 1 1 2 1 0 1 0 1 
2 3 3 0 3 1 2 0 3 3 
0 1 1 1 2 0 0 0 2 0 
0 1 1 1 0 0 0 1 2 0 
3 1 2 2 0 2 2 2 0 0 
0 1 1 1 0 0 0 1 2 1 
0 1 0 1 2 2 2 2 0 0 
0 1 1 2 1 1 0 0 2 0 
0 1 1 2 1 1 0 0 2 1 
3 3 2 3 0 2 2 3 3 3 
0 1 0 1 0 1 2 1 0 0 
1 2 1 0 1 1 3 3 0 3 
0 1 0 1 0 1 2 2 2 0 
0 1 0 1 0 1 0 2 0 0 
0 0 0 0 0 0 0 0 2 0 
0 1 1 1 1 0 0 0 2 0 
0 1 2 1 1 0 0 0 2 0 
0 0 0 0 0 0 0 0 0 0 
0 1 0 0 0 0 2 2 0 1 
0 1 0 0 0 0 2 2 0 2 
0 1 0 0 0 0 2 2 0 0 
0 1 1 1 1 1 1 0 2 0 
0 1 2 1 0 0 0 0 2 0 
2 3 0 1 2 3 0 2 0 3 
0 1 2 1 1 1 0 1 0 1 
3 1 0 2 3 2 3 2 1 0 
3 3 3 1 1 2 0 0 2 1 
1 2 0 3 3 2 0 2 3 1 
0 0 0 0 0 0 1 0 0 3 
2 1 0 2 3 3 2 3 1 0 
1 1 2 0 1 3 0 1 2 3 
1 0 0 0 0 0 1 1 0 0 
3 1 1 0 1 0 0 2 1 3 
0 1 1 0 0 0 0 0 2 0 
0 0 0 0 0 0 3 0 3 0 
0 1 0 1 0 1 2 2 0 0 
0 1 0 0 0 0 0 0 2 0 
1 0 2 2 2 2 0 3 2 1 
3 0 1 3 0 1 0 0 2 2 
2 1 2 2 0 2 2 2 0 0 
0 1 1 0 0 0 2 2 0 1 
0 1 1 0 0 0 2 2 0 0 
0 1 1 1 1 1 0 0 2 1 
0 1 1 2 0 0 0 1 2 1 
0 1 1 1 0 0 0 0 2 0 
3 1 0 1 1 3 1 0 3 1 
2 1 0 0 0 0 2 2 0 1 
0 0 2 2 3 1 0 1 2 3 
MFS
[ - , 1 , - , - , - , 3 , - , - , - , - ]
[ - , 1 , - , - , 0 , - , 2 , 2 , 0 , 0 ]
[ 0 , 1 , - , - , - , - , 0 , 0 , 2 , - ]
[ - , 1 , - , - , 0 , - , 2 , 2 , 0 , - ]
precise
0.0
recall
0.0
F-measure
0.0
multi
1
time
all 844 iden 578 gen 203
t-cover
696
all-cover
720
coveredNum
(1 : 190)  (2 : 139)  (3 : 85)  (4 : 59)  (5 : 33)  (6 : 34)  (7 : 27)  (8 : 16)  (9 : 21)  (10 : 6)  (11 : 13)  (12 : 12)  (13 : 6)  (14 : 10)  (15 : 8)  (16 : 13)  (17 : 8)  (18 : 7)  (19 : 7)  (20 : 6)  (21 : 4)  (22 : 4)  (23 : 3)  (24 : 1)  (25 : 2)  (26 : 1)  (27 : 1)  (28 : 1)  (30 : 1)  (32 : 1)  (35 : 1)  
real Identify

wrong Checked
9
wrong identified
4
testCase Num: 75
regaular Num: 25
identify Num: 50
0 1 1 0 0 2 1 2 1 1 
3 3 2 1 0 1 2 3 1 2 
3 0 1 3 2 0 1 2 3 0 
3 0 0 0 0 0 1 2 2 2 
1 1 0 0 1 0 1 1 0 1 
1 2 0 0 2 3 0 0 1 1 
1 1 1 0 1 0 1 1 0 2 
1 1 0 0 1 0 1 1 0 2 
2 1 1 1 0 3 0 0 0 0 
1 1 1 2 0 1 1 1 2 2 
2 1 0 1 0 3 0 0 0 0 
0 1 3 2 3 2 3 1 2 2 
2 1 2 2 2 0 2 1 2 2 
3 0 2 0 1 2 3 2 2 3 
3 1 3 2 3 2 0 1 3 3 
2 2 0 1 2 2 3 0 3 0 
1 1 1 2 3 1 2 1 2 2 
1 0 0 1 0 3 0 0 0 0 
1 1 1 0 1 0 1 1 1 0 
1 1 0 0 1 0 1 1 1 0 
1 3 3 1 0 2 0 2 2 1 
3 1 2 2 2 0 2 1 2 2 
1 1 3 2 3 2 3 0 2 2 
0 0 0 0 0 0 0 0 0 0 
2 1 3 0 3 0 3 1 0 0 
2 0 0 0 2 1 2 3 0 3 
0 1 0 1 0 3 0 0 0 0 
1 1 1 2 3 1 2 0 1 2 
0 1 3 2 1 3 2 3 2 0 
1 1 1 0 0 3 0 0 0 0 
1 1 1 0 1 0 1 0 0 0 
1 1 2 0 1 0 1 1 0 1 
3 1 3 3 2 0 2 1 2 2 
1 1 1 2 2 0 2 1 2 2 
0 0 0 0 0 0 2 0 3 0 
1 1 0 0 1 0 1 1 0 0 
0 3 0 2 0 0 0 0 0 0 
3 1 3 2 3 0 2 1 2 2 
1 1 0 0 1 3 0 0 0 0 
1 1 1 2 1 0 2 1 2 2 
1 1 1 0 1 3 0 0 0 0 
0 0 1 1 0 3 0 0 1 0 
3 1 3 2 3 2 3 1 0 2 
0 0 0 1 0 3 0 0 1 0 
2 1 0 0 1 0 1 1 0 1 
2 3 2 0 2 0 1 1 1 2 
0 1 0 2 1 3 0 1 3 2 
1 1 1 2 3 1 2 0 2 3 
1 1 1 2 3 1 2 0 2 2 
0 2 3 0 2 1 3 0 1 3 
1 1 0 1 0 3 0 0 0 0 
1 1 1 0 1 0 0 0 0 0 
1 1 1 0 1 0 2 1 0 1 
1 1 0 0 1 0 0 0 0 0 
1 3 1 3 0 3 3 3 0 3 
0 1 3 2 3 3 1 1 1 2 
2 2 2 3 2 0 2 2 2 1 
3 2 2 2 2 0 2 1 2 2 
1 1 1 1 0 3 0 0 0 0 
3 1 3 2 2 0 2 1 2 2 
1 0 1 1 1 1 1 1 1 1 
1 1 0 2 0 1 3 1 3 2 
0 3 0 3 3 1 1 2 1 0 
2 2 1 0 0 1 0 3 3 1 
3 0 3 2 3 3 1 0 1 1 
2 2 2 2 1 3 3 2 0 1 
3 1 3 2 0 2 2 1 2 2 
0 2 2 1 3 0 1 3 0 3 
1 1 2 2 2 0 2 1 2 2 
0 0 0 3 0 2 0 3 0 0 
1 1 1 0 1 0 1 1 0 1 
1 1 0 0 0 3 0 0 0 0 
1 1 0 0 1 0 1 0 0 0 
1 1 1 0 1 0 1 1 0 0 
1 3 2 3 1 0 0 0 3 0 
MFS
[ - , 1 , - , - , - , - , - , - , 0 , - ]
[ - , 1 , 0 , - , - , - , - , - , 0 , - ]
[ - , 1 , - , 2 , - , - , - , 1 , - , 2 ]
precise
0.0
recall
0.0
F-measure
0.0
multi
0
time
all 1203 iden 891 gen 234
t-cover
683
all-cover
720
coveredNum
(1 : 218)  (2 : 179)  (3 : 93)  (4 : 53)  (5 : 33)  (6 : 25)  (7 : 20)  (8 : 20)  (9 : 22)  (10 : 9)  (11 : 14)  (12 : 11)  (13 : 4)  (14 : 5)  (15 : 6)  (16 : 2)  (17 : 2)  (18 : 2)  (19 : 1)  (21 : 1)  
real Identify

wrong Checked
3
wrong identified
3
testCase Num: 73
regaular Num: 25
identify Num: 48
2 2 3 0 0 0 1 2 1 3 
3 1 0 2 2 0 2 3 3 0 
3 3 0 3 3 1 1 2 2 2 
2 0 3 0 0 0 0 3 2 2 
1 2 2 2 2 2 0 1 1 2 
3 1 0 2 2 2 1 3 3 0 
3 0 1 1 0 3 3 0 3 2 
3 1 0 1 2 2 0 2 2 3 
0 1 1 1 1 1 3 3 3 1 
3 1 0 1 2 2 0 2 3 0 
0 1 1 1 1 1 1 2 2 2 
3 2 0 0 2 2 1 3 3 0 
3 1 0 0 2 0 0 3 3 0 
2 3 2 0 1 3 3 1 2 0 
3 1 0 3 2 2 1 3 3 0 
0 3 1 0 2 0 0 2 0 1 
0 3 3 2 1 3 2 3 3 3 
1 1 2 3 3 0 3 3 0 1 
3 1 3 0 0 2 1 1 0 1 
0 0 0 0 0 0 0 0 0 0 
0 0 2 0 0 0 0 2 0 0 
2 2 1 1 1 1 0 1 1 1 
3 1 0 0 2 1 2 1 0 0 
2 2 3 2 3 1 2 0 0 2 
2 0 0 0 3 0 0 0 3 0 
0 1 0 0 2 2 1 3 3 0 
3 1 0 1 2 2 0 2 2 0 
0 0 2 1 3 3 0 1 0 3 
0 1 1 1 1 1 1 2 1 1 
3 0 2 2 1 0 2 0 0 1 
3 1 0 2 2 3 2 2 0 0 
0 0 1 0 3 2 1 3 1 0 
3 1 0 0 2 1 0 0 3 1 
3 1 0 2 2 0 2 2 3 0 
3 1 0 2 2 0 2 2 3 1 
2 1 1 2 1 1 0 1 1 1 
2 1 1 1 2 1 0 1 1 1 
3 1 0 3 2 3 0 0 3 1 
3 1 0 0 2 3 1 3 3 0 
3 1 0 2 0 2 1 3 3 0 
3 1 0 2 2 2 3 0 1 3 
3 1 0 2 2 2 0 0 2 1 
1 0 0 0 0 0 0 2 0 0 
0 0 0 0 0 1 1 0 0 2 
3 1 0 1 2 2 2 1 0 2 
1 3 3 1 1 2 1 3 0 0 
3 1 0 1 2 2 0 3 3 0 
3 1 0 0 2 0 0 0 3 1 
0 2 0 0 0 3 0 0 0 0 
3 1 0 0 2 0 2 1 3 0 
3 1 0 0 2 2 1 3 3 0 
3 1 1 0 2 2 1 3 3 0 
3 1 1 1 1 1 2 0 2 1 
3 1 0 0 2 0 2 1 3 2 
2 1 2 1 1 1 0 1 1 1 
2 1 1 1 1 1 0 1 1 1 
2 1 1 1 1 1 1 2 0 1 
3 1 0 2 2 0 1 3 3 0 
1 0 2 0 0 1 1 3 3 0 
3 1 0 1 2 0 2 0 3 1 
3 1 0 0 1 2 1 3 3 0 
3 1 0 1 2 2 1 3 3 0 
2 1 1 1 1 2 0 1 1 1 
0 1 1 1 1 1 1 1 1 1 
3 1 0 3 2 1 3 1 3 3 
1 3 1 2 0 3 2 0 1 3 
1 1 1 1 1 1 0 1 1 1 
3 1 0 2 2 1 0 0 3 1 
1 0 3 3 2 2 2 0 2 0 
2 0 0 3 1 0 3 2 1 2 
0 0 3 0 0 0 3 0 0 0 
3 1 0 1 2 1 1 3 3 0 
0 2 1 3 0 0 3 1 2 1 
MFS
[ - , 1 , 1 , 1 , 1 , 1 , - , - , - , 1 ]
[ 3 , 1 , 0 , 0 , 2 , - , - , - , 3 , - ]
precise
0.0
recall
0.0
F-measure
0.0
multi
0
time
all 953 iden 609 gen 234
t-cover
681
all-cover
720
coveredNum
(1 : 182)  (2 : 172)  (3 : 101)  (4 : 82)  (5 : 53)  (6 : 23)  (7 : 23)  (8 : 9)  (9 : 19)  (10 : 9)  (11 : 11)  (12 : 9)  (13 : 4)  (15 : 3)  (16 : 2)  (17 : 5)  (19 : 2)  (20 : 4)  (22 : 1)  (24 : 2)  (26 : 3)  (27 : 1)  
real Identify

wrong Checked
5
wrong identified
2
testCase Num: 69
regaular Num: 23
identify Num: 46
0 2 3 0 0 1 3 2 1 0 
0 1 0 2 1 0 3 2 1 2 
0 1 0 3 2 3 3 2 0 3 
1 0 2 3 0 1 3 2 1 2 
0 1 1 0 2 2 3 3 2 2 
0 1 0 2 1 1 3 2 1 2 
0 1 0 3 0 0 3 2 1 1 
0 1 0 3 0 0 3 2 1 0 
0 1 2 3 0 0 3 2 1 0 
1 0 3 1 1 2 0 2 2 0 
0 1 1 0 1 0 2 2 1 2 
0 1 0 3 0 0 3 2 1 3 
1 3 3 1 0 0 2 1 3 0 
2 1 2 3 1 0 0 2 1 2 
0 1 2 3 3 3 3 2 0 3 
0 0 0 0 0 0 0 0 0 0 
0 1 0 3 0 1 3 2 1 2 
0 1 0 3 3 3 3 2 0 3 
0 1 0 3 0 1 3 2 1 0 
0 1 0 3 2 0 3 2 0 3 
0 1 2 3 0 1 3 2 1 2 
0 1 0 2 1 0 3 3 2 1 
0 1 0 2 1 0 3 3 2 2 
0 1 0 3 0 3 3 2 0 3 
3 1 2 3 3 2 1 0 2 2 
1 0 1 0 3 3 0 3 0 3 
3 2 3 2 1 3 0 1 0 3 
0 1 0 3 0 2 3 2 1 0 
0 1 2 0 3 3 3 2 0 3 
2 0 0 0 0 0 0 3 0 0 
1 1 1 1 1 1 1 1 0 1 
2 1 2 3 1 0 3 2 1 2 
3 1 2 3 2 0 1 0 1 2 
1 1 2 3 2 1 3 2 1 2 
2 0 3 0 3 1 1 3 3 1 
3 1 2 2 0 1 3 2 1 2 
2 1 2 3 2 0 0 1 3 2 
3 3 2 3 0 1 0 2 1 1 
1 1 1 3 3 3 3 2 0 3 
3 0 3 0 3 2 3 1 3 2 
2 1 2 3 2 0 0 1 3 0 
0 1 1 2 1 0 3 3 1 2 
0 0 0 0 0 3 0 0 0 1 
1 1 2 3 0 1 3 2 1 2 
1 1 3 3 0 1 3 2 1 2 
2 0 1 0 2 1 2 0 2 3 
1 2 2 1 3 0 0 3 1 3 
0 1 0 1 0 1 3 2 1 2 
0 0 1 3 3 3 3 2 0 3 
1 1 2 3 3 2 2 3 0 2 
0 1 0 2 3 3 3 1 3 2 
0 1 0 3 2 0 3 2 2 0 
3 3 2 3 1 3 2 3 2 0 
3 2 0 1 1 0 1 0 3 1 
2 3 3 1 2 3 3 0 0 2 
0 1 0 3 2 0 3 2 2 3 
0 1 0 3 2 0 1 2 0 3 
3 1 2 3 0 1 3 2 1 2 
0 1 1 3 3 3 3 2 0 3 
0 1 0 3 2 0 3 3 0 3 
3 2 1 1 0 2 0 1 2 0 
0 2 2 3 0 1 3 2 1 2 
0 3 0 0 3 2 0 1 1 3 
0 3 1 2 0 3 1 2 3 3 
0 0 2 2 0 0 0 0 0 0 
2 2 0 2 2 2 2 2 1 1 
3 0 0 0 2 0 0 0 0 0 
1 0 0 2 3 3 1 0 1 0 
0 1 0 3 0 0 3 2 0 3 
MFS
[ 0 , 1 , - , - , - , - , 3 , - , - , 2 ]
[ 0 , 1 , - , 3 , - , - , 3 , 2 , - , - ]
precise
0.0
recall
0.0
F-measure
0.0
multi
0
time
all 516 iden 328 gen 157
t-cover
668
all-cover
720
coveredNum
(1 : 198)  (2 : 197)  (3 : 90)  (4 : 66)  (5 : 43)  (6 : 33)  (7 : 18)  (8 : 10)  (9 : 17)  (10 : 13)  (11 : 7)  (12 : 9)  (13 : 5)  (14 : 4)  (15 : 1)  (17 : 1)  (18 : 3)  (19 : 3)  (20 : 1)  (23 : 1)  
real Identify

wrong Checked
3
wrong identified
2
testCase Num: 86
regaular Num: 19
identify Num: 67
0 1 0 2 2 3 0 0 0 3 
1 1 3 1 0 0 3 1 3 0 
1 1 3 1 0 0 1 1 1 0 
0 1 1 0 2 1 3 1 2 0 
1 1 3 1 0 0 1 1 1 2 
2 2 0 1 1 1 1 1 1 1 
3 0 0 2 3 1 2 0 0 0 
2 1 1 2 2 0 1 1 1 1 
1 1 3 1 2 3 0 0 0 3 
0 0 0 0 0 1 3 0 1 2 
1 0 3 2 2 1 0 3 0 2 
3 1 0 1 1 1 1 1 1 1 
1 1 3 1 1 3 0 2 3 3 
1 1 3 1 1 3 0 1 1 1 
1 1 0 1 1 1 1 1 1 1 
0 1 0 2 3 3 0 0 0 3 
3 1 3 0 3 0 1 3 1 1 
2 3 2 2 0 3 3 2 0 2 
1 1 3 1 2 2 1 0 0 3 
0 1 3 1 2 3 0 0 0 3 
1 1 3 1 2 2 1 0 0 2 
0 0 0 0 0 0 0 0 0 0 
1 3 0 1 1 1 1 1 1 1 
1 1 3 1 1 1 1 1 1 1 
1 1 3 1 2 2 1 0 0 0 
1 2 3 1 0 3 0 0 0 3 
1 1 3 1 0 0 2 1 1 2 
1 1 3 3 1 1 1 1 1 1 
0 1 2 0 2 0 2 0 0 3 
3 1 3 3 2 3 0 0 0 3 
3 1 3 1 2 0 3 0 0 1 
0 1 2 0 2 0 2 1 2 3 
1 1 3 1 2 1 2 2 0 3 
2 0 0 0 0 2 0 3 3 1 
0 0 1 3 1 3 0 1 1 3 
0 1 2 3 3 2 1 3 1 1 
1 1 2 1 1 2 0 0 3 1 
3 1 2 2 2 3 1 0 1 1 
3 1 3 1 1 2 2 2 0 3 
0 3 0 3 2 3 0 0 0 3 
2 1 0 1 1 1 1 1 1 1 
3 2 1 0 3 2 0 1 0 2 
1 1 3 1 2 2 3 0 1 3 
3 2 3 0 2 3 3 3 3 0 
3 1 3 1 1 3 0 0 0 3 
2 1 1 2 2 2 1 2 1 0 
0 1 2 0 2 0 2 2 1 2 
2 1 1 2 2 0 1 2 1 1 
1 1 1 1 1 0 3 3 2 1 
2 1 1 2 0 1 1 1 1 1 
1 1 3 1 1 3 0 2 1 1 
1 1 3 1 1 2 3 2 1 0 
1 3 1 0 0 0 0 2 2 0 
1 1 3 1 1 3 3 2 0 1 
0 1 1 2 2 2 1 2 2 1 
1 2 0 1 1 1 2 1 2 2 
2 3 3 3 3 3 2 0 2 0 
3 1 3 1 2 1 3 0 0 1 
3 1 3 1 2 3 0 0 0 3 
3 1 0 1 2 3 0 0 0 3 
0 1 2 2 2 0 2 1 0 3 
0 2 2 2 1 1 1 0 3 0 
2 1 1 0 1 1 1 1 1 1 
3 1 3 1 1 2 3 0 0 3 
0 2 3 1 2 3 0 0 0 3 
3 0 2 1 1 0 0 2 2 3 
1 1 3 1 0 0 1 1 2 0 
0 1 2 1 2 3 0 0 0 3 
1 1 3 1 0 3 0 0 0 3 
0 1 0 0 2 2 1 3 1 0 
2 1 1 2 2 0 2 1 1 1 
3 3 0 3 0 1 1 1 1 3 
0 1 1 1 1 1 1 1 1 1 
0 1 0 2 2 2 0 0 0 3 
1 0 2 0 0 0 0 0 0 0 
1 0 1 1 3 2 3 0 3 3 
2 1 3 1 2 3 0 0 0 3 
1 1 3 1 0 1 1 1 1 1 
1 1 3 1 1 3 1 1 1 1 
1 2 0 3 3 0 3 2 3 2 
2 3 1 0 0 2 2 3 3 3 
2 3 3 1 2 3 0 0 0 3 
3 1 3 1 1 2 0 0 0 3 
3 1 3 1 1 0 3 3 2 3 
0 0 0 0 0 0 1 0 0 0 
1 1 3 1 2 2 0 0 0 3 
MFS
[ - , 1 , - , - , - , - , 1 , - , 1 , 1 ]
[ 1 , 1 , - , 1 , 1 , - , - , - , - , 1 ]
[ - , 1 , 3 , 1 , - , - , - , - , - , - ]
[ 0 , 1 , - , - , 2 , - , - , - , - , - ]
precise
0.0
recall
0.0
F-measure
0.0
multi
0
time
all 1047 iden 781 gen 188
t-cover
697
all-cover
720
coveredNum
(1 : 171)  (2 : 150)  (3 : 108)  (4 : 65)  (5 : 65)  (6 : 34)  (7 : 26)  (8 : 13)  (9 : 14)  (10 : 15)  (11 : 10)  (12 : 6)  (13 : 3)  (14 : 3)  (15 : 2)  (16 : 2)  (17 : 2)  (18 : 1)  (19 : 3)  (20 : 3)  (21 : 3)  (22 : 1)  (23 : 3)  (24 : 6)  (25 : 1)  (26 : 3)  (27 : 3)  (28 : 1)  (29 : 2)  (32 : 1)  
real Identify

wrong Checked
5
wrong identified
4
testCase Num: 90
regaular Num: 24
identify Num: 66
3 3 3 1 3 3 1 0 1 1 
3 0 2 0 1 0 3 1 3 1 
1 1 2 2 1 1 0 1 2 2 
1 1 1 1 0 1 1 1 1 1 
1 1 2 1 0 1 1 1 1 1 
2 3 2 3 0 3 0 1 1 3 
0 1 0 1 1 3 2 0 0 1 
1 0 0 0 0 0 0 3 0 0 
1 1 2 0 1 1 2 1 2 1 
0 0 3 3 1 2 2 0 0 1 
0 2 2 3 1 0 3 3 3 0 
2 2 2 2 3 0 0 3 2 2 
1 3 3 3 0 2 2 2 3 0 
0 1 0 0 1 1 0 0 0 1 
3 1 1 1 3 1 1 0 0 2 
3 1 1 0 0 1 1 1 3 2 
3 1 1 0 0 1 1 2 0 2 
0 2 3 0 3 0 2 2 2 3 
1 1 2 0 2 1 2 1 3 0 
0 1 1 1 2 0 1 3 0 1 
2 0 0 0 2 3 2 3 3 2 
3 1 1 0 1 1 1 1 0 2 
0 1 0 0 1 0 1 0 0 1 
0 0 3 2 0 1 0 3 1 2 
3 1 1 0 1 1 0 0 1 2 
0 0 0 0 0 0 1 0 3 0 
1 1 1 0 0 1 3 3 1 1 
1 1 1 0 3 1 1 1 1 1 
2 1 3 2 3 1 3 0 3 0 
0 0 0 0 0 0 0 0 0 0 
0 1 0 0 1 3 0 1 0 1 
0 0 0 0 0 2 3 0 0 0 
1 1 2 2 1 1 0 2 1 1 
1 1 1 0 0 1 3 1 3 1 
0 1 0 0 1 3 0 0 2 1 
0 3 2 0 2 0 0 0 2 0 
3 1 1 0 3 1 1 0 0 2 
3 1 2 0 0 1 0 0 1 2 
1 0 1 1 1 3 3 0 2 3 
3 1 1 0 0 1 1 0 0 2 
3 1 1 0 0 1 0 1 0 2 
1 1 1 3 0 1 3 1 2 2 
3 0 0 3 3 2 1 1 2 0 
1 1 3 3 1 2 2 0 0 1 
3 1 1 0 1 1 0 0 0 2 
0 1 0 0 1 0 0 0 0 1 
1 1 0 2 1 1 1 1 1 1 
3 1 1 0 0 0 1 0 0 2 
1 2 0 1 2 0 0 0 3 0 
0 1 0 1 1 2 2 0 0 1 
0 1 0 0 1 3 1 0 0 3 
2 2 1 1 0 2 1 2 1 1 
1 1 1 0 0 1 2 1 3 0 
0 1 0 0 1 0 2 0 0 1 
0 1 0 2 1 0 0 0 0 1 
0 1 1 3 1 2 2 0 0 1 
1 2 1 1 0 1 1 1 1 1 
0 1 3 3 1 2 2 0 0 1 
0 1 0 3 1 2 2 0 0 1 
3 1 1 0 0 1 1 1 0 2 
0 1 0 0 3 1 1 0 0 2 
0 1 0 0 1 2 2 0 0 1 
3 1 1 0 1 1 1 0 0 2 
0 0 0 1 3 0 1 2 0 0 
3 3 1 2 2 2 0 3 3 3 
3 2 1 2 0 3 2 2 0 0 
0 0 0 1 3 0 2 0 1 0 
1 1 0 2 1 1 2 1 1 1 
1 1 3 3 2 1 3 1 0 3 
1 1 1 0 0 1 1 1 1 1 
0 1 0 0 1 3 0 0 0 1 
1 1 1 0 0 1 3 1 1 1 
0 1 0 1 1 0 0 0 0 1 
0 1 0 1 3 2 2 0 0 1 
3 3 0 0 3 1 1 0 0 2 
3 1 2 0 3 1 1 0 0 2 
3 1 1 0 0 1 0 0 1 0 
1 1 2 2 0 1 1 1 1 1 
2 1 1 1 0 1 1 1 1 1 
3 1 1 0 0 1 0 0 1 2 
1 1 0 3 3 1 0 1 3 2 
3 1 1 0 0 1 1 1 0 0 
3 1 1 0 0 1 0 0 0 2 
3 1 0 0 3 1 1 0 0 2 
2 3 2 0 1 2 2 0 0 2 
1 1 3 1 0 1 1 1 1 1 
1 1 1 0 0 3 1 1 1 1 
0 1 1 0 1 0 0 0 0 1 
1 1 2 0 1 2 1 1 1 1 
0 3 0 1 2 0 3 2 1 2 
MFS
[ 3 , 1 , - , 0 , - , 1 , - , 0 , - , 2 ]
[ 3 , 1 , - , 0 , - , 1 , 1 , - , 0 , 2 ]
[ 1 , 1 , - , - , - , 1 , - , 1 , - , - ]
[ 0 , 1 , - , - , 1 , - , - , 0 , 0 , 1 ]
precise
0.0
recall
0.0
F-measure
0.0
multi
0
time
all 907 iden 626 gen 203
t-cover
703
all-cover
720
coveredNum
(1 : 174)  (2 : 147)  (3 : 118)  (4 : 67)  (5 : 40)  (6 : 34)  (7 : 24)  (8 : 16)  (9 : 23)  (10 : 11)  (11 : 13)  (12 : 14)  (13 : 14)  (14 : 3)  (15 : 11)  (16 : 3)  (17 : 2)  (18 : 1)  (19 : 1)  (20 : 1)  (21 : 1)  (23 : 1)  (25 : 1)  
real Identify

wrong Checked
5
wrong identified
4
testCase Num: 107
regaular Num: 20
identify Num: 87
2 1 0 3 3 2 1 0 1 3 
2 1 0 0 0 0 1 1 1 1 
2 1 0 3 3 0 0 3 1 1 
2 1 0 2 2 0 0 2 1 3 
2 1 0 3 3 0 0 3 1 3 
2 1 0 2 0 1 2 0 3 0 
1 1 0 0 0 0 0 0 0 0 
0 1 0 0 0 1 1 0 0 0 
2 1 1 3 3 2 0 2 1 3 
1 1 0 0 0 1 1 1 3 0 
2 1 0 3 3 2 1 0 0 3 
2 1 0 3 3 2 1 0 0 0 
2 1 3 0 0 0 1 0 0 0 
2 2 2 0 2 1 1 2 2 2 
2 1 0 3 3 0 0 3 2 3 
1 0 3 1 1 1 0 0 0 0 
2 3 3 1 3 3 3 0 3 0 
1 1 0 0 0 0 0 1 1 1 
2 1 0 2 2 0 1 0 1 3 
1 1 0 0 0 0 0 1 1 0 
2 1 0 3 2 3 1 3 1 3 
2 1 0 2 3 2 0 2 1 3 
1 2 1 0 0 3 2 0 0 1 
1 1 0 0 0 1 1 0 0 0 
2 1 0 1 0 0 1 0 2 1 
2 1 0 1 0 1 3 0 0 2 
1 1 1 0 0 0 1 0 0 0 
1 3 1 2 2 2 3 2 2 3 
1 1 0 0 0 0 1 0 0 0 
0 2 0 1 0 0 0 0 0 0 
2 1 0 3 2 2 0 2 1 3 
2 1 0 3 0 1 2 0 1 3 
3 1 0 0 0 0 1 1 1 1 
2 1 0 3 3 2 1 1 0 3 
0 1 0 0 1 0 1 0 0 0 
0 1 0 1 0 0 1 0 0 0 
2 1 0 2 2 2 0 2 1 3 
2 1 0 0 3 2 0 2 1 3 
0 1 3 0 0 0 1 0 0 0 
2 1 0 3 3 3 0 2 1 3 
3 3 3 0 3 2 0 2 0 1 
2 1 0 3 3 2 1 2 1 3 
2 1 0 0 0 3 1 1 2 0 
0 1 0 0 0 0 1 0 0 0 
0 1 0 0 0 0 1 1 2 1 
0 3 2 1 1 0 0 2 1 0 
2 1 0 3 1 3 3 3 0 3 
0 2 3 2 1 0 0 0 0 1 
1 1 0 0 0 0 2 1 1 1 
2 1 0 3 3 1 0 3 1 2 
0 1 0 3 3 2 0 2 1 3 
1 0 0 0 0 3 0 2 3 0 
1 0 3 0 0 0 1 0 0 0 
0 0 3 1 2 1 3 3 2 1 
0 1 2 2 3 3 2 1 0 2 
1 1 0 0 0 1 0 0 0 0 
1 1 0 0 0 1 1 2 1 0 
0 0 0 0 0 0 0 0 0 0 
1 1 1 0 0 1 1 1 1 0 
2 0 0 3 3 2 0 2 1 3 
0 1 0 0 0 0 1 1 1 0 
0 1 0 0 0 0 1 1 1 1 
2 1 0 3 1 3 3 3 1 0 
2 1 0 3 3 0 1 2 1 3 
2 1 0 3 0 0 1 0 1 3 
2 1 0 3 1 3 3 3 1 3 
2 1 0 1 1 0 1 0 2 2 
2 1 0 0 1 0 1 0 3 2 
0 0 3 1 1 1 1 0 0 0 
2 1 0 3 3 0 0 0 1 0 
0 0 3 0 0 0 1 0 0 0 
2 1 0 3 1 2 0 2 1 3 
0 2 1 0 1 0 1 3 3 0 
1 1 1 0 0 1 1 0 0 0 
2 1 0 3 1 3 0 2 1 3 
1 1 0 0 0 1 1 1 2 0 
3 3 0 0 0 1 2 0 0 0 
0 1 0 0 0 0 1 1 0 0 
2 1 0 3 3 0 0 2 1 3 
0 3 1 0 0 2 0 1 0 2 
1 1 3 0 0 0 1 0 0 0 
1 1 0 0 0 0 0 1 0 0 
2 1 0 2 2 0 3 3 0 1 
2 1 0 2 2 0 1 1 3 3 
1 1 0 1 0 0 1 0 0 0 
1 0 2 0 3 0 3 0 2 2 
1 1 0 0 0 1 1 1 1 1 
1 1 0 0 0 1 1 1 1 0 
0 2 1 3 3 2 0 2 1 3 
3 0 3 2 1 2 2 3 2 3 
2 1 0 3 3 2 0 2 1 3 
3 2 3 3 0 0 3 1 1 2 
0 1 0 0 0 0 0 0 0 0 
2 1 0 0 1 3 1 1 2 0 
2 1 0 3 2 1 3 3 1 3 
2 1 0 3 3 2 1 0 2 3 
0 1 1 0 0 0 1 1 1 1 
2 1 0 1 2 0 2 2 1 3 
1 3 2 3 0 2 1 3 3 1 
2 1 0 3 1 3 3 2 1 3 
1 1 1 0 0 0 0 1 1 1 
2 1 0 3 3 3 0 0 1 1 
3 0 1 1 2 2 1 1 3 0 
1 1 1 1 1 1 0 1 1 1 
3 1 2 0 2 3 0 0 0 3 
1 1 0 0 1 0 1 0 0 0 
1 1 0 0 0 1 1 1 0 0 
MFS
[ - , 1 , - , 0 , 0 , 0 , 1 , - , - , - ]
[ 2 , 1 , 0 , 3 , 3 , 2 , - , - , - , 3 ]
precise
0.0
recall
0.0
F-measure
0.0
multi
0
time
all 1063 iden 891 gen 156
t-cover
682
all-cover
720
coveredNum
(1 : 160)  (2 : 102)  (3 : 83)  (4 : 62)  (5 : 58)  (6 : 35)  (7 : 30)  (8 : 25)  (9 : 19)  (10 : 12)  (11 : 13)  (12 : 11)  (13 : 10)  (14 : 5)  (15 : 6)  (16 : 6)  (17 : 2)  (18 : 5)  (19 : 5)  (20 : 5)  (21 : 6)  (22 : 3)  (23 : 4)  (24 : 1)  (25 : 7)  (26 : 8)  (27 : 1)  (28 : 9)  (29 : 5)  (30 : 4)  (31 : 6)  (32 : 2)  (33 : 2)  (34 : 3)  (35 : 2)  (38 : 1)  (41 : 1)  (61 : 1)  
real Identify

wrong Checked
14
wrong identified
2
testCase Num: 73
regaular Num: 22
identify Num: 51
0 0 2 1 1 0 2 1 3 3 
1 1 3 1 3 0 3 3 1 0 
1 1 1 0 3 1 2 3 3 3 
1 1 3 1 1 1 0 1 1 1 
1 1 1 3 3 3 0 1 1 1 
1 1 1 2 0 1 0 2 3 1 
1 1 2 1 1 2 0 1 1 1 
2 0 0 0 0 0 0 0 0 0 
1 1 2 1 3 0 3 3 1 0 
0 3 3 0 0 2 1 3 3 2 
3 1 2 0 3 0 2 1 2 0 
0 0 3 1 2 1 3 3 2 1 
1 3 2 0 2 0 0 0 3 0 
1 1 0 1 1 1 1 1 1 1 
1 1 2 1 1 1 0 2 2 1 
1 1 2 1 1 1 0 2 2 2 
0 0 3 0 0 0 2 0 0 0 
0 0 0 0 0 0 0 0 0 0 
2 0 0 0 3 3 3 1 3 2 
1 1 3 1 1 1 0 0 2 1 
1 1 1 0 2 1 0 3 1 1 
1 1 2 0 3 0 3 3 1 0 
1 1 1 2 3 1 3 0 2 0 
1 1 1 2 0 1 3 2 2 0 
0 1 3 1 3 0 3 3 1 0 
2 2 2 0 0 3 3 3 2 0 
0 2 0 0 3 0 0 0 1 0 
1 1 2 1 1 1 0 1 1 1 
1 1 1 0 0 1 0 2 1 3 
3 1 2 0 3 0 2 3 1 0 
1 1 1 0 0 1 0 2 1 1 
0 0 0 0 0 0 1 0 2 0 
1 2 1 1 1 1 0 1 1 1 
2 3 0 2 0 3 2 1 0 2 
1 1 1 0 3 1 2 1 1 1 
1 1 1 0 3 1 2 3 1 1 
1 1 3 1 1 1 0 3 3 1 
1 1 1 3 1 1 0 1 1 1 
3 0 1 2 2 0 3 3 0 1 
3 1 2 0 3 1 3 3 1 0 
3 3 0 2 3 2 3 0 2 3 
3 2 0 3 2 3 2 2 3 0 
1 0 3 1 3 0 3 3 1 0 
2 2 1 2 2 2 1 1 1 0 
1 1 0 0 3 0 0 0 1 0 
1 1 1 0 1 1 0 1 1 1 
1 1 2 1 1 1 0 0 0 1 
1 1 3 1 1 1 0 2 0 1 
1 1 0 0 1 0 3 3 1 0 
1 1 2 2 1 1 0 1 1 1 
2 1 1 1 1 1 0 1 1 1 
3 2 2 1 0 1 1 0 1 2 
0 3 1 3 1 1 3 2 2 0 
0 1 0 0 0 0 0 0 0 0 
0 0 0 0 0 0 0 3 0 3 
0 2 3 2 2 3 1 0 0 3 
1 1 1 2 0 1 3 1 1 1 
2 0 2 3 2 2 2 2 0 3 
1 1 1 3 3 1 0 1 1 1 
2 1 0 0 3 0 2 0 1 0 
1 1 2 1 2 1 0 1 1 1 
3 3 3 1 1 3 0 1 1 1 
1 1 1 3 0 1 2 3 3 1 
3 1 2 0 3 0 2 0 1 0 
1 1 1 2 3 1 0 0 1 1 
2 0 3 3 3 0 1 2 0 2 
1 1 1 1 1 1 0 1 1 1 
1 1 0 1 1 1 0 3 3 1 
1 1 1 3 2 1 2 0 0 2 
1 1 2 1 1 1 0 2 1 1 
3 1 2 0 3 0 2 0 1 2 
1 1 1 0 0 1 1 3 2 2 
1 1 1 0 0 1 0 1 1 1 
MFS
[ - , 1 , - , - , 3 , 0 , - , - , 1 , 0 ]
[ 1 , 1 , 1 , - , - , 1 , - , - , - , - ]
[ 1 , 1 , 1 , - , - , 1 , 0 , - , 1 , 1 ]
[ 1 , 1 , - , 1 , 1 , 1 , 0 , - , - , 1 ]
precise
0.0
recall
0.0
F-measure
0.0
multi
0
time
all 1484 iden 1171 gen 235
t-cover
696
all-cover
720
coveredNum
(1 : 192)  (2 : 192)  (3 : 118)  (4 : 72)  (5 : 41)  (6 : 33)  (7 : 11)  (8 : 9)  (9 : 4)  (10 : 1)  (11 : 4)  (12 : 4)  (13 : 4)  (14 : 6)  (15 : 6)  (16 : 5)  (17 : 2)  (18 : 3)  (19 : 5)  (20 : 2)  (21 : 5)  (23 : 1)  
real Identify

wrong Checked
3
wrong identified
4
