testCase Num: 61
regaular Num: 28
identify Num: 34
1 0 2 1 2 0 3 2 0 2 
1 1 1 1 0 1 1 1 1 1 
3 3 2 2 2 3 2 3 0 1 
2 0 3 2 0 3 2 2 1 1 
3 1 1 2 3 0 0 0 0 0 
3 1 1 1 0 0 1 0 2 0 
1 2 0 3 0 1 2 0 0 0 
3 1 1 1 0 0 1 1 0 0 
3 1 1 0 3 0 2 0 0 0 
3 1 1 0 3 0 0 1 0 0 
0 0 1 0 0 2 3 3 2 2 
3 1 1 0 0 0 0 0 0 0 
0 0 0 0 0 0 0 0 0 0 
0 3 3 1 1 1 3 3 2 0 
3 1 1 1 1 0 1 0 1 0 
1 2 3 0 2 2 1 0 3 1 
0 1 1 3 3 3 1 2 0 0 
0 0 0 1 0 1 3 1 1 0 
3 2 3 3 1 0 3 1 0 1 
2 2 1 0 1 2 2 2 2 2 
0 2 0 1 1 3 2 0 1 1 
1 0 2 3 1 0 1 3 2 3 
0 0 0 1 0 1 0 1 1 1 
3 1 1 0 3 0 1 0 0 1 
2 3 0 3 2 0 0 1 1 2 
3 1 0 2 2 1 1 0 2 0 
3 1 1 0 3 0 1 0 0 0 
0 3 0 1 1 1 1 2 3 3 
0 0 1 2 2 0 2 1 3 3 
3 1 1 1 2 0 1 0 1 0 
3 0 0 1 3 1 0 2 3 2 
1 3 1 1 3 1 2 0 0 3 
0 0 2 0 3 1 0 1 0 1 
2 1 2 0 3 1 2 3 3 0 
3 1 1 1 0 0 2 0 1 0 
3 1 1 2 0 0 1 0 1 0 
3 1 1 1 0 0 1 0 0 0 
3 1 1 0 3 1 0 0 0 0 
0 1 1 0 3 0 0 0 0 0 
0 3 3 0 3 3 0 1 2 1 
3 1 1 0 3 0 1 0 1 0 
3 1 1 0 3 0 0 0 0 1 
3 1 1 0 3 0 0 0 0 0 
3 1 2 0 3 0 0 0 0 0 
0 0 3 0 0 0 0 0 0 2 
3 1 1 0 3 0 0 0 0 3 
3 1 1 0 3 0 0 0 0 2 
1 1 0 2 1 3 0 0 2 2 
3 2 0 0 0 2 0 3 1 3 
3 0 1 0 3 0 0 0 0 0 
2 1 3 3 0 3 3 0 3 3 
2 3 2 1 0 2 1 0 0 0 
0 2 2 2 3 2 3 1 1 0 
3 1 1 3 0 2 0 0 0 0 
3 1 1 1 0 0 1 0 1 0 
3 1 1 0 3 0 3 0 0 0 
3 1 1 1 0 0 0 0 0 0 
3 1 1 1 0 0 1 0 1 2 
3 1 1 0 3 0 1 1 0 0 
3 1 1 0 3 0 0 0 1 0 
3 1 1 1 3 0 0 0 0 0 
MFS
[ 3 , 1 , 1 , 0 , 3 , 0 , 0 , 0 , 0 , - ]
precise
0.0
recall
0.0
F-measure
0.0
multi
0
time
all 220 iden 172 gen 48
t-cover
712
all-cover
720
coveredNum
(256 : 1)  (1 : 205)  (2 : 152)  (3 : 45)  (4 : 7)  (260 : 1)  (5 : 6)  (6 : 8)  (7 : 2)  (11 : 10)  (12 : 34)  (13 : 22)  (14 : 23)  (15 : 22)  (271 : 1)  (16 : 13)  (17 : 5)  (18 : 1)  (274 : 1)  (19 : 3)  (20 : 4)  (24 : 2)  (25 : 6)  (281 : 1)  (26 : 12)  (282 : 1)  (27 : 9)  (28 : 9)  (29 : 5)  (30 : 2)  (31 : 2)  (288 : 1)  (290 : 1)  (35 : 1)  (36 : 2)  (292 : 1)  (37 : 2)  (293 : 1)  (38 : 6)  (294 : 1)  (295 : 1)  (39 : 5)  (40 : 7)  (41 : 1)  (42 : 1)  (43 : 1)  (44 : 1)  (47 : 1)  (48 : 1)  (49 : 3)  (306 : 1)  (50 : 1)  (51 : 1)  (52 : 1)  (58 : 1)  (316 : 1)  (60 : 1)  (317 : 1)  (61 : 1)  (318 : 1)  (62 : 6)  (63 : 1)  (65 : 1)  (68 : 1)  (325 : 1)  (70 : 1)  (327 : 1)  (329 : 1)  (81 : 4)  (338 : 1)  (82 : 1)  (339 : 2)  (84 : 1)  (86 : 2)  (88 : 1)  (91 : 1)  (97 : 1)  (98 : 3)  (109 : 2)  (110 : 1)  (111 : 1)  (197 : 1)  (199 : 1)  (208 : 2)  (209 : 1)  (216 : 2)  (220 : 1)  (221 : 1)  (222 : 1)  (232 : 1)  (234 : 1)  (238 : 1)  (240 : 1)  (241 : 1)  (242 : 1)  (243 : 1)  (244 : 1)  (251 : 1)  (252 : 1)  (253 : 2)  (254 : 1)  
real Identify

wrong Checked
104
wrong identified
1
testCase Num: 56
regaular Num: 21
identify Num: 37
3 1 3 2 2 2 3 2 3 0 
0 1 3 2 2 2 3 2 3 0 
3 1 3 2 2 2 3 2 3 1 
0 1 2 1 3 1 1 0 0 2 
0 3 2 1 3 1 1 0 0 2 
3 1 0 2 2 2 3 2 3 0 
2 0 1 3 1 1 2 3 0 1 
2 2 2 0 2 1 2 1 2 2 
3 1 2 1 3 1 1 0 0 2 
2 0 0 2 1 0 1 0 0 0 
1 3 2 0 1 0 3 1 3 3 
3 1 3 2 2 2 3 0 3 0 
1 0 2 2 2 1 0 1 1 0 
3 0 1 1 2 0 0 0 0 3 
3 1 3 2 2 1 3 2 3 0 
0 1 2 1 3 0 1 0 0 2 
2 3 0 1 0 1 2 0 1 3 
1 2 2 3 0 3 1 0 0 1 
2 2 1 0 0 3 3 3 3 0 
0 0 3 3 0 0 0 0 0 0 
3 1 3 2 2 3 3 2 0 0 
1 0 2 1 1 2 3 2 1 2 
0 0 0 0 0 0 0 0 0 0 
0 1 2 1 3 1 2 0 0 2 
0 1 2 1 3 1 2 0 0 1 
3 1 3 2 2 0 3 2 3 0 
3 2 0 3 0 2 1 1 1 3 
1 1 1 1 1 0 1 1 1 1 
3 1 3 2 3 2 3 2 3 0 
0 3 1 3 3 2 0 3 2 3 
2 2 2 1 3 0 0 3 3 1 
0 1 1 1 3 1 1 0 0 2 
0 1 2 1 3 1 1 1 0 2 
3 1 3 2 2 3 3 3 3 0 
0 1 2 1 3 1 3 0 0 2 
3 1 3 2 2 2 1 2 3 0 
0 0 0 0 0 0 0 3 1 0 
0 1 2 3 3 1 1 0 0 2 
0 1 2 1 1 1 1 0 0 2 
1 0 0 0 3 3 1 3 2 2 
3 1 3 2 2 3 0 2 3 0 
0 1 2 1 3 1 0 0 0 2 
0 1 2 1 3 1 2 1 0 2 
3 1 3 3 2 2 3 2 3 0 
3 1 3 2 2 2 3 2 0 0 
2 1 3 0 0 2 2 2 2 0 
0 1 2 1 3 1 1 0 1 2 
1 0 3 0 0 3 2 0 3 2 
0 1 2 1 3 1 2 0 2 2 
0 2 3 1 1 3 0 1 1 0 
3 2 1 2 0 0 2 2 2 2 
3 3 0 0 1 3 3 0 2 1 
3 3 3 2 2 2 3 2 3 0 
3 1 3 2 2 3 3 2 3 3 
0 1 2 1 3 1 1 0 0 3 
3 1 3 2 2 3 3 2 3 0 
MFS
[ 3 , 1 , 3 , 2 , 2 , - , 3 , 2 , 3 , 0 ]
[ 0 , 1 , 2 , 1 , 3 , 1 , 1 , 0 , 0 , 2 ]
precise
0.0
recall
0.0
F-measure
0.0
multi
0
time
all 969 iden 797 gen 109
t-cover
720
all-cover
720
coveredNum
(1 : 184)  (2 : 139)  (3 : 62)  (4 : 23)  (5 : 9)  (6 : 1)  (7 : 2)  (9 : 3)  (10 : 1)  (11 : 1)  (13 : 2)  (14 : 3)  (15 : 2)  (400 : 2)  (16 : 1)  (17 : 2)  (401 : 1)  (18 : 7)  (19 : 19)  (403 : 2)  (20 : 38)  (404 : 1)  (21 : 40)  (405 : 2)  (22 : 47)  (406 : 1)  (23 : 31)  (24 : 18)  (25 : 7)  (26 : 1)  (28 : 2)  (29 : 1)  (35 : 1)  (38 : 2)  (39 : 4)  (40 : 6)  (41 : 4)  (42 : 1)  (44 : 2)  (57 : 1)  (59 : 1)  (62 : 1)  (76 : 2)  (77 : 3)  (79 : 1)  (465 : 1)  (466 : 1)  (468 : 1)  (478 : 1)  (479 : 1)  (480 : 3)  (481 : 4)  (482 : 3)  (483 : 1)  (484 : 2)  (485 : 2)  (486 : 1)  (495 : 2)  (496 : 2)  (497 : 2)  (498 : 1)  (499 : 3)  (500 : 3)  (502 : 1)  (503 : 1)  
real Identify

wrong Checked
254
wrong identified
2
testCase Num: 32
regaular Num: 32
identify Num: 0
1 3 0 3 1 1 1 2 0 2 
2 0 0 0 2 0 0 0 1 0 
3 2 3 2 1 2 0 0 1 2 
0 1 3 3 1 0 2 1 2 0 
2 1 1 2 2 2 2 2 0 2 
1 2 3 0 3 0 3 2 2 1 
2 1 2 0 1 0 0 3 3 2 
3 0 0 1 2 0 0 0 0 0 
1 0 2 2 2 3 1 2 3 0 
3 3 1 2 3 0 0 2 1 1 
1 1 0 1 1 1 1 1 1 1 
2 0 3 1 3 3 1 1 0 1 
3 0 2 3 3 3 2 3 1 3 
0 0 2 2 0 1 3 1 2 2 
0 0 0 0 0 0 0 0 0 0 
2 2 0 3 3 1 2 0 3 0 
0 2 3 1 2 3 0 3 2 2 
0 1 3 1 3 1 3 0 3 2 
3 1 0 0 0 3 1 0 2 3 
3 0 1 0 1 2 3 3 1 0 
0 0 0 3 3 2 0 1 0 0 
2 2 2 2 0 0 1 1 0 3 
1 0 1 0 0 0 2 0 0 1 
0 3 2 0 0 0 0 0 0 0 
2 3 1 1 1 3 3 0 2 0 
0 0 0 0 1 0 0 0 0 3 
1 3 0 3 2 2 3 3 0 3 
0 3 3 1 0 0 2 2 1 3 
0 2 1 3 0 2 1 3 3 1 
3 3 1 0 2 1 0 1 3 3 
0 0 0 2 0 1 0 3 0 0 
1 2 2 1 2 2 0 0 2 1 
MFS
precise
0.0
recall
0.0
F-measure
0.0
multi
0
time
all 31 iden 0 gen 31
t-cover
720
all-cover
720
coveredNum
(1 : 275)  (2 : 279)  (3 : 116)  (4 : 17)  (5 : 13)  (6 : 14)  (7 : 6)  
real Identify

wrong Checked
0
wrong identified
0
testCase Num: 47
regaular Num: 27
identify Num: 21
1 1 0 2 0 3 1 3 1 0 
1 1 0 2 0 3 3 3 1 3 
1 1 0 2 0 3 3 3 1 2 
1 1 0 2 0 3 3 3 1 1 
1 1 0 2 0 3 3 3 1 0 
2 3 1 3 2 0 3 3 0 3 
3 3 3 2 0 3 2 1 3 2 
1 1 0 2 0 3 3 0 1 0 
1 0 3 3 2 2 1 0 1 3 
1 1 1 2 0 3 3 3 1 0 
3 2 0 0 3 1 1 3 3 1 
0 3 0 1 0 0 0 0 0 0 
0 3 0 2 2 1 1 1 2 3 
1 3 0 2 0 3 3 3 1 0 
0 1 0 2 0 3 3 3 1 0 
1 1 0 2 1 3 3 3 1 0 
2 1 3 1 0 2 1 3 0 1 
2 2 2 2 1 2 1 2 2 0 
1 3 2 0 1 3 0 2 0 3 
0 0 0 0 0 2 3 1 0 0 
2 0 1 2 1 1 3 0 3 1 
0 3 3 0 3 1 3 2 0 3 
1 1 0 2 0 3 0 3 3 0 
0 0 0 0 0 0 0 0 0 0 
3 3 2 0 2 0 3 1 1 1 
1 1 0 2 0 3 0 3 1 0 
1 1 0 2 0 3 3 3 0 0 
3 2 1 1 2 3 0 0 0 2 
1 1 0 2 0 3 0 2 1 0 
1 1 0 2 0 3 2 3 1 0 
0 0 2 3 0 1 2 2 2 1 
0 1 2 1 3 3 3 0 2 2 
3 1 0 1 2 0 2 2 3 0 
1 1 0 3 0 3 3 3 1 0 
1 1 0 2 0 1 3 3 1 0 
2 0 1 0 3 2 2 0 0 0 
2 0 0 3 3 3 0 1 1 2 
3 2 1 3 1 0 0 0 0 3 
0 0 0 0 0 1 0 0 0 2 
0 2 1 0 0 2 2 3 1 2 
1 1 0 2 0 3 0 3 1 3 
0 3 0 3 1 2 2 0 3 3 
1 1 1 1 1 1 0 1 1 1 
1 2 3 2 3 0 3 1 0 0 
3 0 3 1 1 2 0 3 2 3 
1 1 1 0 1 0 1 2 2 2 
0 0 2 0 0 0 0 3 3 0 
MFS
[ 1 , 1 , 0 , 2 , 0 , 3 , 3 , 3 , 1 , 0 ]
precise
0.0
recall
0.0
F-measure
0.0
multi
0
time
all 125 iden 78 gen 47
t-cover
707
all-cover
720
coveredNum
(1 : 214)  (2 : 140)  (3 : 44)  (4 : 8)  (5 : 6)  (10 : 1)  (11 : 8)  (203 : 1)  (12 : 49)  (204 : 1)  (13 : 54)  (14 : 63)  (15 : 38)  (16 : 11)  (17 : 3)  (18 : 4)  (19 : 3)  (20 : 4)  (213 : 1)  (214 : 1)  (216 : 2)  (24 : 1)  (25 : 5)  (217 : 2)  (26 : 4)  (27 : 4)  (28 : 1)  (29 : 1)  (221 : 1)  (36 : 1)  (229 : 1)  (230 : 3)  (38 : 2)  (231 : 1)  (232 : 6)  (169 : 1)  (235 : 1)  (47 : 1)  (48 : 1)  (49 : 1)  (241 : 6)  (242 : 5)  (50 : 1)  (243 : 1)  (51 : 2)  (244 : 3)  (183 : 4)  (185 : 4)  
real Identify

wrong Checked
90
wrong identified
1
testCase Num: 31
regaular Num: 31
identify Num: 0
3 1 0 2 1 2 3 2 0 3 
1 0 3 1 2 2 2 2 0 1 
3 1 2 3 0 1 1 1 2 2 
3 3 2 0 0 2 1 3 1 0 
2 0 3 3 1 3 3 3 0 2 
1 3 1 3 3 0 2 0 0 2 
0 2 0 3 1 2 0 1 0 0 
3 0 0 0 3 0 2 0 1 0 
0 2 0 0 1 3 0 0 3 3 
0 3 2 1 0 0 3 1 1 3 
3 0 3 2 2 3 0 0 1 1 
2 2 0 1 3 0 1 1 1 2 
0 0 1 1 1 0 2 3 2 3 
0 1 3 2 2 0 0 2 0 0 
0 0 0 0 0 0 0 0 0 0 
0 1 1 0 3 2 0 2 3 2 
1 1 1 1 1 1 1 0 1 1 
3 2 1 2 2 0 3 0 3 1 
0 1 2 2 0 1 1 3 0 1 
1 2 0 3 3 3 0 3 2 1 
2 3 2 1 1 3 0 2 2 0 
2 2 2 2 2 2 2 0 2 2 
3 3 3 1 3 0 3 1 3 2 
0 0 3 3 2 3 1 2 1 3 
2 0 0 0 0 0 0 0 0 3 
0 0 0 0 2 0 1 3 3 0 
2 1 1 3 0 3 2 1 3 0 
1 0 2 2 3 1 0 1 3 3 
1 2 3 0 0 1 3 2 2 0 
2 3 0 0 2 1 2 1 0 1 
0 3 0 2 0 0 0 0 0 0 
MFS
precise
0.0
recall
0.0
F-measure
0.0
multi
0
time
all 32 iden 0 gen 32
t-cover
705
all-cover
720
coveredNum
(1 : 300)  (2 : 249)  (3 : 114)  (4 : 37)  (5 : 13)  (6 : 7)  
real Identify

wrong Checked
0
wrong identified
0
testCase Num: 39
regaular Num: 28
identify Num: 12
0 2 0 3 1 1 1 1 3 0 
0 0 3 2 2 2 3 1 1 3 
1 1 3 2 3 3 2 3 0 1 
1 0 0 2 0 0 0 0 3 0 
3 1 3 2 3 0 2 3 0 1 
2 2 3 1 0 3 0 0 3 1 
2 3 2 3 0 2 3 0 1 2 
0 0 0 3 0 0 0 0 2 1 
3 2 3 3 1 0 3 3 0 2 
0 0 0 0 1 2 2 2 2 1 
3 3 1 2 1 3 1 0 2 3 
1 1 0 1 3 1 3 0 2 0 
2 2 2 2 0 1 2 1 2 2 
0 0 2 1 3 2 1 3 3 2 
1 1 3 2 3 0 0 3 0 1 
3 3 3 0 2 1 3 2 3 1 
1 1 3 2 0 0 2 3 0 1 
2 0 1 0 0 1 1 3 0 3 
1 1 3 2 3 0 2 3 0 1 
0 0 0 0 0 0 0 0 0 0 
1 1 2 2 3 0 2 3 0 1 
1 1 3 2 3 0 2 3 2 1 
2 1 0 3 2 3 2 3 1 0 
1 1 3 2 3 0 2 3 0 0 
1 2 1 3 3 2 0 2 0 3 
1 1 3 2 3 0 2 0 0 1 
0 0 3 0 2 3 1 2 0 0 
1 0 3 2 3 0 2 3 0 1 
1 3 2 0 2 3 0 1 0 2 
3 1 2 2 0 2 0 2 1 0 
1 1 3 0 3 0 2 3 0 1 
3 2 0 0 2 0 0 2 2 2 
2 1 2 0 1 0 0 0 0 3 
1 1 1 1 1 0 1 1 1 1 
3 0 1 1 3 3 3 1 0 0 
0 3 0 0 1 1 0 3 1 0 
0 2 0 0 3 0 0 0 1 0 
2 3 0 1 3 0 2 2 3 3 
0 1 1 1 2 3 2 0 3 2 
MFS
[ 1 , 1 , 3 , 2 , 3 , 0 , 2 , 3 , 0 , 1 ]
precise
0.0
recall
0.0
F-measure
0.0
multi
0
time
all 312 iden 250 gen 62
t-cover
710
all-cover
720
coveredNum
(384 : 4)  (1 : 258)  (385 : 4)  (2 : 195)  (386 : 6)  (3 : 58)  (387 : 1)  (4 : 16)  (5 : 6)  (389 : 1)  (6 : 6)  (7 : 1)  (16 : 1)  (17 : 7)  (18 : 6)  (19 : 10)  (20 : 12)  (21 : 31)  (22 : 39)  (23 : 16)  (24 : 10)  (25 : 2)  (26 : 1)  (379 : 1)  (380 : 3)  (381 : 9)  (382 : 9)  (383 : 7)  
real Identify

wrong Checked
230
wrong identified
1
testCase Num: 50
regaular Num: 29
identify Num: 22
1 1 0 3 2 2 0 3 0 1 
0 0 3 0 1 2 2 1 3 2 
1 1 1 0 1 1 1 1 1 1 
3 2 2 0 2 0 3 1 0 3 
3 0 0 3 2 2 0 3 0 1 
3 1 0 3 2 2 0 0 0 1 
2 0 3 2 1 3 1 1 0 0 
3 1 2 3 2 2 2 3 0 1 
3 1 2 3 2 2 0 2 0 1 
0 0 0 0 0 0 0 0 0 0 
3 1 0 0 2 2 0 3 0 1 
3 1 2 0 2 2 0 3 0 1 
3 2 0 1 1 1 2 0 1 0 
0 3 1 3 2 0 1 3 2 0 
0 0 1 2 0 0 0 0 0 0 
3 0 1 1 3 3 3 3 0 2 
2 0 0 0 0 0 0 3 0 0 
2 2 1 0 3 1 0 1 2 1 
1 3 0 0 1 3 3 0 2 1 
3 3 2 2 0 0 2 0 0 2 
1 3 3 2 2 1 0 0 1 2 
3 1 2 3 2 2 0 3 1 1 
2 0 1 0 0 3 2 2 1 3 
3 1 0 3 1 2 0 3 0 1 
0 1 3 2 3 0 3 2 1 1 
0 0 1 1 0 1 3 1 2 0 
0 0 0 0 3 0 2 0 0 0 
3 1 0 3 2 2 0 3 0 2 
3 1 3 3 2 2 0 3 0 1 
3 1 2 3 2 2 0 3 0 0 
3 1 0 3 2 2 0 3 0 1 
3 1 2 3 2 2 0 3 0 1 
3 1 1 3 2 2 0 3 0 1 
1 0 0 0 1 0 0 2 0 0 
1 2 0 2 3 0 1 0 3 2 
0 1 0 0 0 0 0 0 0 3 
2 1 1 1 0 2 0 0 3 1 
2 3 0 3 3 2 3 1 3 0 
1 0 2 3 0 1 2 3 3 1 
1 3 0 1 3 1 1 2 0 3 
3 1 3 3 2 3 0 3 0 1 
3 2 3 2 0 2 1 3 2 3 
3 1 2 3 3 2 0 3 0 1 
0 0 3 1 0 0 0 0 0 0 
2 1 2 1 2 0 2 2 2 2 
3 1 0 3 2 2 0 3 3 1 
0 2 2 3 1 3 0 2 3 3 
3 1 0 3 2 0 0 3 0 1 
3 1 0 3 2 2 1 3 0 1 
0 0 2 0 0 0 1 0 0 0 
MFS
[ 3 , 1 , 0 , 3 , 2 , 2 , 0 , 3 , 0 , 1 ]
precise
0.0
recall
0.0
F-measure
0.0
multi
0
time
all 266 iden 172 gen 78
t-cover
699
all-cover
720
coveredNum
(256 : 2)  (1 : 213)  (2 : 146)  (3 : 44)  (259 : 1)  (4 : 6)  (5 : 6)  (261 : 1)  (6 : 5)  (7 : 6)  (8 : 2)  (393 : 1)  (14 : 5)  (15 : 22)  (16 : 34)  (17 : 57)  (18 : 61)  (19 : 14)  (20 : 8)  (21 : 4)  (22 : 4)  (23 : 2)  (24 : 4)  (26 : 1)  (30 : 5)  (31 : 6)  (32 : 5)  (33 : 1)  (34 : 1)  (35 : 1)  (36 : 2)  (38 : 1)  (94 : 3)  (96 : 3)  (362 : 1)  (363 : 1)  (364 : 2)  (109 : 1)  (365 : 4)  (110 : 1)  (366 : 4)  (111 : 1)  (367 : 4)  (368 : 3)  (369 : 1)  (371 : 1)  (376 : 1)  (378 : 1)  (379 : 3)  (380 : 4)  (381 : 2)  (253 : 1)  (382 : 1)  (254 : 2)  (255 : 2)  (383 : 2)  
real Identify

wrong Checked
152
wrong identified
1
testCase Num: 31
regaular Num: 31
identify Num: 0
3 2 2 1 0 1 3 0 2 3 
0 0 0 2 1 3 3 2 0 1 
3 3 1 0 0 2 1 3 1 1 
3 3 0 0 1 1 2 2 0 3 
3 3 0 2 2 3 3 3 3 2 
0 3 0 0 0 0 2 1 1 0 
0 1 3 0 1 1 3 3 2 0 
1 1 0 1 1 1 1 1 1 1 
1 3 1 0 3 1 0 0 2 2 
1 2 2 2 0 0 1 2 3 0 
2 1 3 3 0 1 0 1 3 3 
1 0 2 3 3 0 2 3 1 3 
0 0 0 0 0 0 0 0 0 0 
0 1 0 3 2 0 1 2 0 0 
0 0 0 0 0 0 0 3 0 0 
3 0 0 0 0 0 0 1 0 0 
2 0 3 2 2 1 2 0 3 1 
3 0 0 1 3 2 2 0 2 0 
0 0 1 1 2 0 1 1 2 2 
0 0 0 2 0 0 0 0 2 0 
1 2 3 0 0 2 0 0 3 0 
0 1 1 2 3 2 0 1 3 3 
1 2 1 3 2 2 3 1 0 0 
2 2 1 0 1 2 2 2 2 2 
0 3 2 3 2 3 0 2 2 1 
3 1 3 3 1 0 0 0 1 2 
2 3 3 1 3 3 1 2 0 0 
2 2 2 1 1 2 0 3 3 0 
2 2 0 2 3 0 3 2 1 1 
0 2 1 0 2 3 1 0 1 3 
1 1 2 0 0 3 2 1 0 2 
MFS
precise
0.0
recall
0.0
F-measure
0.0
multi
0
time
all 31 iden 0 gen 31
t-cover
720
all-cover
720
coveredNum
(1 : 317)  (2 : 236)  (3 : 109)  (4 : 32)  (5 : 10)  (6 : 11)  (7 : 5)  
real Identify

wrong Checked
0
wrong identified
0
testCase Num: 33
regaular Num: 33
identify Num: 0
0 0 0 1 0 0 0 0 0 2 
0 1 2 0 0 2 2 2 2 1 
1 2 3 1 0 3 0 1 3 0 
1 1 2 2 3 0 0 0 3 1 
3 2 1 0 2 2 0 3 1 1 
3 1 2 1 2 0 1 2 3 0 
2 1 0 3 0 0 3 0 0 3 
0 0 2 0 0 1 0 0 0 0 
1 0 0 1 3 2 2 3 0 3 
2 3 1 2 0 1 0 2 0 3 
0 2 1 1 2 1 3 0 2 0 
0 3 0 3 1 2 3 2 3 1 
2 0 3 0 1 0 1 3 2 1 
0 0 0 2 2 0 2 2 0 0 
3 3 3 2 3 3 2 0 2 3 
2 2 0 0 1 3 2 3 3 3 
0 0 0 0 0 0 0 0 0 0 
1 0 2 0 2 3 3 3 1 3 
1 1 1 1 1 1 1 0 1 1 
3 1 0 3 0 1 0 3 2 2 
1 3 3 3 2 3 1 2 1 2 
3 1 3 2 1 3 3 1 0 1 
2 2 1 3 3 0 2 2 1 0 
0 3 3 2 0 1 3 3 0 0 
2 2 2 2 2 2 1 1 0 2 
0 0 1 0 3 1 2 1 3 2 
3 0 2 3 1 0 3 0 0 2 
0 3 1 0 3 3 1 0 0 0 
2 3 2 1 1 2 0 0 1 0 
0 0 0 0 3 0 3 0 0 0 
0 3 0 2 0 0 1 1 1 3 
1 0 0 3 0 0 0 1 2 0 
0 0 3 0 0 2 0 0 0 0 
MFS
precise
0.0
recall
0.0
F-measure
0.0
multi
0
time
all 47 iden 0 gen 47
t-cover
720
all-cover
720
coveredNum
(1 : 274)  (2 : 276)  (3 : 106)  (4 : 26)  (5 : 11)  (6 : 12)  (7 : 10)  (8 : 5)  
real Identify

wrong Checked
0
wrong identified
0
testCase Num: 55
regaular Num: 26
identify Num: 30
2 1 3 0 0 2 0 0 3 0 
0 2 0 1 2 0 3 2 3 2 
0 1 2 3 2 3 0 1 3 3 
1 1 1 3 2 2 2 2 0 3 
0 0 0 0 0 3 2 0 0 0 
0 0 0 0 0 1 0 0 2 0 
3 3 0 0 1 1 2 2 3 2 
2 0 0 3 0 3 1 2 1 1 
3 1 2 0 2 0 1 0 2 1 
1 1 1 3 0 2 0 2 0 3 
1 1 3 1 0 2 2 2 0 3 
0 0 1 0 1 0 1 3 0 0 
1 1 0 3 0 2 2 1 0 3 
3 0 3 1 3 2 3 3 3 1 
1 2 3 3 0 2 2 2 0 3 
0 0 0 0 0 0 0 0 0 0 
0 1 0 1 3 2 0 3 2 2 
1 1 3 3 0 2 2 0 2 3 
1 1 3 3 0 2 2 3 0 3 
1 1 1 1 1 1 1 1 1 0 
1 1 3 3 0 2 2 1 0 3 
1 1 2 3 0 2 2 2 0 3 
2 0 1 0 1 3 3 1 2 1 
1 1 3 3 1 2 2 2 0 3 
3 1 3 3 0 2 2 2 0 3 
3 0 1 0 0 3 0 0 0 0 
1 1 1 3 0 2 2 2 3 3 
0 0 2 0 0 0 0 0 1 2 
0 2 3 2 1 1 0 0 1 1 
1 1 1 2 0 2 2 2 0 3 
0 3 2 1 3 1 0 0 1 3 
1 1 0 3 0 0 2 2 0 3 
1 1 3 3 0 2 2 2 1 3 
1 1 3 3 0 2 1 2 0 3 
3 2 0 1 3 3 1 1 3 0 
2 3 3 2 3 0 1 1 0 2 
0 3 0 0 0 2 2 0 0 1 
1 1 3 3 0 1 2 2 0 3 
0 0 0 3 3 0 0 2 0 0 
1 0 0 2 2 1 2 0 3 2 
1 3 1 3 0 3 3 0 2 2 
1 1 0 3 0 2 2 2 0 3 
1 1 1 3 0 2 2 2 0 3 
1 1 1 3 0 2 2 2 0 1 
2 0 2 1 1 1 3 3 0 3 
1 1 3 3 0 2 2 2 0 0 
1 1 3 3 0 2 2 0 0 3 
1 1 3 3 0 2 2 2 0 1 
1 1 3 3 0 2 2 0 0 0 
1 1 3 3 0 2 2 2 0 2 
1 1 3 3 0 2 2 2 0 3 
2 2 2 2 2 2 2 2 2 0 
3 3 3 2 2 3 3 3 1 0 
1 2 1 0 3 0 2 3 1 3 
0 1 0 0 0 0 3 0 0 0 
MFS
[ 1 , 1 , 3 , 3 , 0 , 2 , 2 , - , 0 , 3 ]
[ 1 , 1 , 3 , 3 , 0 , 2 , 2 , 2 , 0 , 3 ]
precise
0.0
recall
0.0
F-measure
0.0
multi
0
time
all 641 iden 515 gen 110
t-cover
699
all-cover
720
coveredNum
(1 : 163)  (2 : 111)  (3 : 23)  (131 : 1)  (4 : 8)  (5 : 9)  (6 : 15)  (7 : 4)  (8 : 15)  (9 : 41)  (10 : 60)  (11 : 85)  (12 : 45)  (13 : 16)  (14 : 2)  (15 : 6)  (16 : 2)  (17 : 1)  (18 : 2)  (19 : 10)  (20 : 10)  (21 : 10)  (149 : 1)  (22 : 6)  (23 : 5)  (27 : 1)  (28 : 1)  (29 : 4)  (30 : 2)  (158 : 1)  (31 : 1)  (32 : 1)  (33 : 3)  (35 : 1)  (36 : 2)  (165 : 2)  (37 : 1)  (166 : 2)  (168 : 1)  (169 : 1)  (54 : 1)  (55 : 4)  (191 : 1)  (64 : 2)  (65 : 1)  (67 : 1)  (200 : 1)  (201 : 1)  (202 : 3)  (208 : 1)  (209 : 2)  (218 : 1)  (219 : 3)  (227 : 3)  (228 : 2)  (232 : 1)  (235 : 2)  (236 : 2)  (238 : 1)  (239 : 3)  (244 : 1)  (245 : 2)  (246 : 2)  (247 : 3)  (254 : 1)  
real Identify

wrong Checked
64
wrong identified
2
