testCase Num: 80
regaular Num: 22
identify Num: 58
1 1 0 0 2 3 2 2 1 1 
1 1 0 0 2 3 2 2 1 0 
3 0 2 3 2 0 3 0 1 1 
3 3 1 1 3 1 2 1 3 0 
0 2 3 0 2 0 3 1 0 3 
1 1 0 0 3 3 1 1 3 1 
3 0 1 3 0 2 1 1 0 3 
2 0 0 0 0 0 0 0 0 1 
1 1 0 0 1 3 2 0 0 2 
1 1 0 0 1 3 2 0 0 1 
1 1 0 0 1 3 0 0 2 1 
1 1 1 0 1 3 0 0 2 1 
0 3 2 0 3 0 2 3 1 2 
2 1 2 2 1 1 1 1 1 0 
1 3 0 0 1 3 0 0 2 1 
0 1 3 0 0 0 0 0 0 0 
2 1 2 1 1 1 2 1 1 0 
2 1 2 1 1 1 1 2 2 0 
0 0 3 2 1 2 0 0 2 0 
2 0 2 2 0 2 3 2 3 0 
1 1 0 0 1 0 0 0 2 1 
1 1 0 0 0 3 1 1 0 1 
1 0 3 3 1 1 3 0 3 2 
3 1 0 0 1 3 0 0 2 1 
2 3 1 3 2 2 3 3 0 0 
0 0 2 0 0 0 0 0 2 0 
1 1 0 1 3 1 1 3 0 1 
0 0 0 0 0 0 0 0 0 0 
1 1 0 0 2 3 2 2 2 1 
2 1 2 1 2 1 1 1 1 0 
1 1 1 1 1 1 1 1 1 0 
2 2 3 1 0 0 0 2 2 2 
1 1 0 0 2 2 0 0 2 1 
1 1 0 0 1 3 1 0 0 1 
1 1 0 0 1 3 2 0 2 1 
1 1 0 1 1 3 0 0 2 1 
0 0 0 3 0 3 0 0 0 0 
2 1 2 1 1 1 1 2 1 0 
3 2 0 3 2 2 0 3 3 2 
1 1 0 0 0 3 0 0 2 1 
1 1 0 0 2 3 1 0 2 1 
2 1 1 1 1 1 1 1 1 0 
1 1 0 3 3 2 1 1 2 1 
1 1 0 1 3 1 0 0 2 1 
3 3 3 2 3 3 1 2 0 1 
2 1 0 1 1 1 1 3 1 3 
1 1 0 0 1 3 0 1 2 3 
1 1 0 0 1 3 0 1 2 1 
1 1 0 0 1 3 0 1 2 2 
1 1 0 0 1 3 0 3 2 0 
3 1 3 1 1 1 1 0 1 2 
1 3 2 2 0 1 0 2 1 3 
1 1 0 1 0 0 1 1 2 1 
1 1 0 1 0 0 1 3 2 1 
1 2 1 2 2 2 2 1 2 0 
1 1 0 2 1 3 0 0 2 1 
0 1 1 3 0 0 3 2 3 1 
1 1 0 0 0 3 2 1 3 1 
0 2 2 1 3 3 1 0 0 1 
1 1 0 3 0 2 2 1 2 1 
1 1 0 1 3 3 0 0 2 1 
1 1 0 0 2 3 0 0 2 1 
2 3 1 0 1 3 0 0 3 3 
0 0 1 0 0 0 0 0 0 2 
2 0 0 1 3 3 3 3 2 3 
1 1 0 1 3 0 1 0 2 1 
0 0 3 0 1 1 2 3 1 3 
2 1 2 1 1 2 1 1 1 0 
1 1 0 0 1 3 1 2 2 1 
1 1 0 0 1 3 1 0 2 1 
1 1 0 0 1 3 0 1 3 1 
0 1 2 1 1 1 1 2 1 1 
1 1 0 0 1 3 3 0 1 1 
1 1 0 0 1 3 1 0 3 1 
1 1 0 1 0 2 3 2 2 1 
2 2 1 1 1 1 1 1 1 0 
1 1 0 0 0 3 1 1 3 1 
2 1 2 1 1 1 1 1 1 0 
1 1 0 0 0 3 2 1 0 1 
1 1 0 2 0 0 1 3 2 2 
MFS
[ 1 , 1 , 0 , 0 , - , 3 , - , - , - , 1 ]
[ - , 1 , - , 1 , 1 , 1 , 1 , - , 1 , - ]
precise
0.0
recall
0.0
F-measure
0.0
multi
0
time
all 1423 iden 956 gen 327
t-cover
719
all-cover
720
coveredNum
(1 : 170)  (2 : 141)  (3 : 76)  (4 : 55)  (5 : 64)  (6 : 36)  (7 : 30)  (8 : 23)  (9 : 22)  (10 : 11)  (11 : 8)  (12 : 6)  (13 : 4)  (14 : 9)  (15 : 8)  (16 : 1)  (17 : 2)  (19 : 2)  (20 : 3)  (21 : 2)  (22 : 2)  (23 : 3)  (24 : 2)  (25 : 1)  (27 : 2)  (28 : 1)  (29 : 5)  (30 : 2)  (31 : 1)  (35 : 2)  (36 : 2)  (37 : 2)  (38 : 4)  (39 : 3)  (40 : 3)  (41 : 1)  (42 : 1)  (45 : 1)  (46 : 1)  (47 : 1)  (49 : 1)  (53 : 2)  (54 : 1)  (57 : 1)  (59 : 2)  
real Identify

wrong Checked
9
wrong identified
2
testCase Num: 62
regaular Num: 25
identify Num: 38
3 1 0 2 1 2 0 0 3 1 
0 0 0 0 0 0 0 0 1 3 
3 3 3 3 1 3 1 3 0 2 
2 3 2 1 0 1 1 1 3 0 
2 0 3 2 2 1 3 3 1 0 
0 2 1 0 3 1 2 1 0 1 
0 0 2 1 3 2 1 3 0 3 
2 1 0 2 1 2 1 0 3 1 
2 1 2 0 2 3 2 3 0 3 
2 0 0 2 1 2 3 0 3 1 
3 1 0 2 1 3 3 0 3 1 
3 3 0 2 1 2 3 0 3 1 
3 1 1 2 1 2 3 0 3 1 
3 1 0 2 1 2 3 0 3 0 
3 1 0 2 1 2 3 0 3 1 
3 1 0 2 1 2 2 0 2 0 
3 1 0 2 1 2 3 0 3 2 
3 1 0 2 1 2 2 0 2 1 
3 1 0 2 1 2 3 0 3 3 
2 1 0 2 1 0 3 0 3 1 
0 0 0 0 0 0 0 0 0 0 
0 3 0 0 2 1 0 0 0 2 
0 1 0 2 1 2 3 2 3 3 
0 0 0 0 0 1 0 2 0 0 
1 2 1 0 0 0 1 2 0 3 
2 1 0 2 1 2 3 3 3 1 
1 0 1 1 2 3 3 2 3 2 
3 1 0 2 1 2 1 0 0 1 
2 1 2 2 1 2 3 0 3 1 
1 3 3 0 0 3 0 3 2 3 
2 1 0 2 1 2 3 2 3 0 
2 1 0 2 1 2 3 0 3 1 
1 1 0 2 1 2 3 3 3 0 
1 3 0 3 0 2 2 2 1 2 
2 2 2 2 2 2 0 2 2 2 
0 0 0 3 0 0 2 0 0 0 
2 1 0 2 1 2 3 1 0 1 
3 0 0 3 2 1 3 1 2 3 
0 1 3 0 3 2 1 2 2 1 
0 1 0 2 1 2 3 1 3 0 
2 1 0 2 0 2 3 0 3 1 
3 1 0 2 1 2 0 0 0 1 
3 1 0 2 1 2 3 1 3 1 
0 2 1 2 3 3 3 3 1 0 
2 1 0 3 1 2 3 0 3 1 
0 1 0 2 1 2 3 1 3 2 
1 2 3 1 3 0 2 0 3 3 
0 1 0 2 1 2 3 1 3 3 
3 1 0 0 1 2 3 0 3 1 
0 0 3 0 0 3 0 1 1 0 
1 0 2 0 0 0 0 0 0 0 
2 3 1 3 3 0 0 1 2 2 
1 1 0 2 1 2 3 0 3 1 
3 2 0 1 3 0 0 3 2 0 
3 1 0 2 0 2 3 0 3 1 
1 1 1 1 1 1 0 1 1 1 
3 2 2 3 2 0 1 0 1 1 
3 1 0 2 1 2 2 0 3 1 
3 1 0 2 1 2 0 0 1 1 
3 1 0 2 1 2 2 2 3 1 
3 1 0 2 1 2 3 0 0 1 
0 2 0 0 1 0 0 0 0 0 
MFS
[ 3 , 1 , 0 , 2 , 1 , 2 , 3 , 0 , 3 , - ]
precise
0.0
recall
0.0
F-measure
0.0
multi
0
time
all 538 iden 383 gen 139
t-cover
715
all-cover
720
coveredNum
(1 : 157)  (2 : 146)  (3 : 107)  (4 : 80)  (5 : 77)  (6 : 37)  (7 : 19)  (8 : 20)  (9 : 10)  (10 : 8)  (11 : 2)  (12 : 1)  (13 : 2)  (19 : 1)  (20 : 1)  (23 : 2)  (24 : 4)  (25 : 3)  (31 : 1)  (32 : 3)  (33 : 2)  (34 : 1)  (36 : 1)  (40 : 1)  (42 : 1)  (43 : 1)  (44 : 3)  (45 : 1)  (46 : 3)  (47 : 2)  (49 : 2)  (50 : 1)  (51 : 8)  (52 : 2)  (55 : 2)  (56 : 2)  (57 : 3)  (58 : 3)  
real Identify

wrong Checked
9
wrong identified
1
testCase Num: 68
regaular Num: 25
identify Num: 45
1 1 3 1 0 3 3 3 0 3 
1 2 0 0 2 0 0 0 0 0 
2 1 0 1 2 2 0 1 3 2 
2 1 2 1 2 1 0 1 3 2 
3 0 2 2 2 2 3 3 3 1 
2 1 0 1 2 1 0 1 3 1 
2 1 0 1 2 1 0 1 3 2 
3 2 3 2 3 0 0 1 0 1 
2 3 3 3 1 2 1 0 0 2 
3 1 3 1 0 3 3 0 1 2 
2 1 0 1 2 1 0 1 3 0 
3 1 3 1 0 3 3 0 1 0 
3 1 3 0 0 3 0 0 1 2 
2 1 0 1 2 3 0 1 3 1 
2 1 0 1 2 3 0 1 3 2 
2 1 0 1 2 0 0 1 3 0 
2 1 0 1 2 0 0 1 3 1 
0 0 2 3 0 0 0 2 0 0 
2 1 0 1 2 0 0 1 3 2 
2 1 0 1 2 1 0 1 2 2 
2 1 0 1 2 0 0 1 3 3 
3 1 0 2 0 3 3 0 1 2 
3 1 3 0 1 3 3 0 1 2 
0 0 0 0 0 0 0 0 0 0 
0 2 1 1 1 2 2 0 3 3 
3 0 3 2 0 3 3 0 1 2 
3 1 3 0 0 3 3 0 1 1 
3 1 3 0 0 3 3 0 1 0 
3 1 3 0 0 3 3 0 1 3 
2 1 0 1 2 3 0 1 3 0 
3 1 3 0 0 3 3 0 1 2 
1 1 1 1 1 0 1 1 1 1 
1 1 3 0 3 1 2 0 3 0 
0 0 3 0 2 2 1 2 2 1 
3 3 1 1 2 1 0 0 0 0 
2 1 0 1 2 1 0 3 3 2 
2 1 0 1 2 2 0 1 3 0 
2 1 0 1 2 2 0 1 3 1 
0 3 1 0 3 1 3 3 1 2 
3 1 3 3 0 3 3 0 1 2 
3 1 3 3 0 3 3 0 1 0 
0 0 0 0 3 0 1 3 0 0 
0 0 0 2 1 0 0 1 0 0 
1 2 2 3 1 0 3 3 2 0 
2 1 0 3 2 1 0 1 3 2 
1 3 0 2 0 2 1 2 3 0 
2 1 0 1 2 2 0 1 1 2 
0 0 0 2 1 0 0 1 0 2 
0 3 2 3 3 3 0 1 2 3 
3 1 3 0 0 3 3 0 2 2 
2 0 0 1 2 1 0 1 3 2 
2 0 0 0 3 2 3 2 0 0 
0 0 2 2 1 1 2 0 0 3 
2 1 0 1 2 0 2 1 3 2 
2 1 0 1 2 0 0 2 3 2 
2 2 1 2 0 1 2 2 2 2 
3 0 1 3 0 3 2 0 1 1 
3 1 3 0 0 0 3 0 1 2 
0 1 3 2 0 3 3 0 1 2 
3 2 0 0 1 3 1 2 1 3 
1 0 0 0 1 0 0 0 2 2 
0 1 0 1 2 1 0 1 3 2 
3 1 3 2 0 3 3 0 1 2 
2 1 0 1 2 1 1 1 3 2 
0 3 0 0 0 0 2 3 0 1 
3 1 3 0 0 3 3 1 1 2 
2 1 0 1 3 1 0 1 3 2 
2 3 2 0 0 0 1 1 1 0 
MFS
[ 2 , 1 , 0 , 1 , 2 , 1 , 0 , 1 , 3 , 2 ]
[ 3 , 1 , 3 , - , 0 , 3 , 3 , 0 , 1 , - ]
precise
0.0
recall
0.0
F-measure
0.0
multi
0
time
all 1094 iden 953 gen 110
t-cover
704
all-cover
720
coveredNum
(1 : 166)  (2 : 113)  (3 : 68)  (4 : 34)  (5 : 45)  (6 : 45)  (7 : 48)  (8 : 35)  (9 : 21)  (10 : 14)  (11 : 5)  (12 : 5)  (13 : 3)  (14 : 7)  (15 : 5)  (16 : 6)  (18 : 4)  (19 : 8)  (20 : 2)  (21 : 8)  (22 : 8)  (23 : 4)  (24 : 10)  (25 : 6)  (26 : 1)  (28 : 1)  (29 : 1)  (30 : 1)  (31 : 1)  (50 : 1)  (51 : 1)  (52 : 2)  (53 : 1)  (54 : 2)  (55 : 2)  (67 : 1)  (69 : 1)  (70 : 2)  (71 : 1)  (73 : 1)  (74 : 1)  (81 : 1)  (83 : 2)  (84 : 2)  (85 : 2)  (86 : 3)  (87 : 5)  (88 : 3)  (89 : 3)  (90 : 3)  (91 : 3)  (92 : 2)  
real Identify

wrong Checked
32
wrong identified
2
testCase Num: 50
regaular Num: 24
identify Num: 27
0 1 0 0 3 2 1 3 1 3 
1 1 1 1 0 1 1 1 1 1 
1 1 2 1 0 1 1 1 1 1 
1 0 0 3 3 1 0 1 2 1 
3 3 2 0 3 3 3 0 2 0 
1 0 3 1 1 3 0 0 2 0 
1 1 1 1 0 2 1 1 1 2 
1 1 1 1 0 2 1 1 1 1 
2 0 0 2 1 2 3 3 0 2 
0 0 0 2 0 3 0 0 0 0 
2 2 3 2 3 0 2 0 3 2 
1 1 1 1 1 1 1 1 1 1 
0 1 3 3 2 0 3 2 0 1 
0 2 2 2 1 1 2 2 2 2 
0 0 0 0 0 0 0 0 0 0 
1 1 1 1 0 3 1 1 1 1 
3 3 3 0 0 1 0 1 1 1 
1 1 1 1 0 1 1 1 2 1 
1 1 1 1 0 1 0 1 1 1 
1 1 1 2 0 1 1 1 1 1 
0 3 0 0 0 0 2 0 0 0 
1 1 1 1 0 2 1 1 2 1 
3 3 3 3 1 0 1 3 3 3 
1 1 1 1 0 1 3 1 1 1 
2 3 2 2 2 0 0 3 2 3 
1 1 1 1 0 1 1 1 3 1 
3 2 1 0 3 0 3 0 0 3 
1 1 1 1 0 1 3 3 1 1 
1 1 1 1 0 1 3 1 1 3 
1 1 1 1 0 1 1 0 1 1 
1 2 1 1 0 1 1 1 1 1 
3 1 2 2 0 2 0 0 0 0 
0 3 1 1 2 3 0 1 3 2 
1 1 1 1 0 2 1 2 1 1 
2 0 1 3 0 3 2 0 0 2 
2 0 2 3 0 0 1 2 3 0 
0 0 0 0 0 2 0 0 3 0 
1 1 1 1 0 1 2 1 1 1 
1 1 1 1 0 1 1 1 0 0 
1 1 1 1 0 1 1 1 0 1 
2 2 3 3 2 2 0 0 1 0 
2 0 0 0 0 0 0 0 1 0 
2 1 1 1 0 1 1 1 1 1 
3 3 0 1 3 2 0 2 0 2 
1 1 1 1 0 2 2 1 1 1 
1 2 0 0 1 3 2 3 3 0 
1 3 0 0 2 1 1 0 0 2 
3 0 0 0 2 3 2 2 0 3 
1 1 1 1 0 0 1 1 1 1 
1 1 1 1 0 1 3 1 3 1 
MFS
[ 1 , 1 , 1 , 1 , 0 , 1 , 1 , 1 , - , 1 ]
precise
0.0
recall
0.0
F-measure
0.0
multi
0
time
all 1422 iden 1172 gen 188
t-cover
669
all-cover
720
coveredNum
(1 : 193)  (2 : 137)  (3 : 121)  (4 : 97)  (5 : 57)  (6 : 33)  (7 : 10)  (8 : 9)  (9 : 1)  (10 : 2)  (11 : 6)  (12 : 3)  (14 : 3)  (15 : 1)  (16 : 2)  (24 : 1)  (28 : 1)  (31 : 1)  (32 : 1)  (33 : 3)  (35 : 3)  (36 : 5)  (38 : 2)  (39 : 1)  (40 : 1)  (41 : 3)  (42 : 1)  (45 : 3)  (47 : 5)  (48 : 1)  (49 : 4)  (50 : 2)  (51 : 2)  (52 : 3)  (53 : 2)  
real Identify

wrong Checked
9
wrong identified
1
testCase Num: 60
regaular Num: 23
identify Num: 39
1 1 2 3 3 2 1 0 0 0 
3 1 2 1 3 1 3 3 0 0 
1 1 1 0 1 1 1 1 1 1 
2 1 3 2 0 1 2 0 3 1 
3 0 1 3 3 0 1 2 0 1 
1 3 3 2 2 0 2 1 0 3 
1 2 2 1 0 2 1 1 3 2 
0 1 3 2 0 1 2 0 1 1 
3 0 1 1 0 0 0 3 1 0 
0 0 3 2 0 1 2 0 3 1 
0 1 3 2 0 1 0 0 3 1 
0 1 3 2 0 1 0 0 3 0 
1 1 2 3 3 2 0 3 0 0 
2 0 2 1 2 2 2 2 2 1 
0 0 0 0 0 0 0 0 0 0 
1 2 2 3 3 2 0 0 0 0 
0 3 3 0 2 0 1 2 1 1 
1 0 0 0 1 3 3 2 0 2 
0 3 2 1 1 2 0 0 1 3 
0 2 0 0 0 1 0 2 0 3 
0 1 3 3 0 1 2 0 3 1 
0 1 3 2 2 1 2 0 3 1 
2 1 2 3 3 2 0 0 0 0 
0 1 3 2 0 1 1 0 3 0 
3 2 3 2 3 3 0 2 1 2 
0 1 3 2 0 3 2 0 3 1 
3 2 0 0 3 2 2 3 2 1 
1 1 2 3 3 2 0 0 1 0 
1 1 2 2 3 2 0 0 0 0 
3 0 0 0 1 0 0 0 0 0 
0 2 1 3 1 0 3 0 2 2 
2 3 0 3 0 3 1 3 3 3 
0 1 3 2 0 1 2 0 3 0 
0 1 3 2 0 1 2 0 3 1 
0 1 3 2 0 1 2 0 3 2 
2 0 1 3 2 3 0 1 1 0 
0 1 3 2 0 1 1 0 2 1 
0 1 3 2 0 1 2 0 3 3 
1 1 2 3 3 2 0 0 0 2 
1 1 2 3 3 2 0 0 0 3 
1 1 2 3 3 2 0 0 0 0 
1 1 2 3 3 2 0 0 0 1 
1 1 3 3 3 2 0 0 0 0 
0 1 0 2 0 1 2 0 3 1 
3 3 1 0 3 1 2 0 3 3 
0 1 3 2 0 1 0 0 3 2 
1 1 2 3 0 2 0 0 0 0 
0 1 3 2 0 1 2 3 3 1 
3 2 0 0 2 0 3 1 1 0 
0 3 0 0 0 0 0 0 0 2 
1 1 2 3 3 3 0 0 0 0 
2 1 3 1 1 0 2 2 3 0 
0 0 0 1 3 3 0 1 2 3 
2 2 2 0 2 0 3 3 0 2 
1 3 1 2 1 2 3 3 2 0 
0 1 3 2 0 1 3 0 3 1 
0 1 3 2 0 1 3 0 3 3 
0 1 3 2 0 1 3 2 3 1 
0 1 3 2 0 1 3 0 3 0 
0 0 3 0 0 2 0 0 0 0 
MFS
[ 0 , 1 , 3 , 2 , 0 , 1 , 2 , 0 , 3 , 1 ]
[ 1 , 1 , 2 , 3 , 3 , 2 , 0 , 0 , 0 , 0 ]
[ 1 , 1 , 2 , 3 , 3 , 2 , 0 , 0 , 0 , - ]
precise
0.0
recall
0.0
F-measure
0.0
multi
0
time
all 423 iden 282 gen 126
t-cover
701
all-cover
720
coveredNum
(1 : 187)  (2 : 148)  (3 : 120)  (4 : 92)  (5 : 34)  (6 : 30)  (7 : 15)  (8 : 1)  (9 : 2)  (10 : 2)  (13 : 2)  (14 : 5)  (15 : 8)  (16 : 11)  (17 : 13)  (18 : 8)  (19 : 5)  (20 : 1)  (21 : 2)  (22 : 2)  (23 : 4)  (25 : 3)  (26 : 4)  (27 : 5)  (28 : 5)  (29 : 7)  (31 : 1)  (32 : 2)  (41 : 1)  
real Identify

wrong Checked
6
wrong identified
3
testCase Num: 43
regaular Num: 30
identify Num: 13
0 3 2 1 3 3 2 1 2 1 
2 0 0 0 0 1 0 3 2 3 
3 0 0 0 0 0 3 0 0 0 
0 1 2 3 3 3 2 2 2 1 
0 1 2 3 3 3 2 2 2 3 
3 0 0 0 1 0 2 1 0 0 
1 2 0 2 3 3 1 0 3 1 
0 1 2 1 3 3 2 1 2 1 
1 0 0 0 2 0 3 2 3 0 
0 2 0 0 0 0 1 2 0 3 
0 0 3 2 0 0 0 0 0 0 
0 0 0 1 2 0 0 0 0 0 
0 1 2 2 3 0 2 1 2 1 
3 1 1 2 0 0 2 3 3 3 
1 3 0 3 2 0 1 3 0 1 
2 0 2 2 2 2 2 2 1 1 
0 1 2 2 3 3 0 1 2 1 
0 1 2 2 3 3 2 3 2 2 
2 3 0 1 1 0 3 2 2 2 
3 0 1 3 3 1 0 2 0 1 
0 1 2 2 3 3 2 3 2 0 
2 1 3 0 1 3 3 0 0 1 
0 0 0 0 0 0 0 0 0 0 
1 0 3 1 0 3 2 2 2 0 
0 1 2 2 3 3 2 1 2 1 
2 2 1 2 2 1 3 1 0 3 
1 1 1 1 1 1 1 1 1 0 
0 1 2 3 3 3 2 2 1 1 
3 3 0 3 1 2 0 0 1 3 
1 2 2 1 1 2 0 3 0 3 
3 2 2 0 0 1 2 0 1 2 
2 3 2 3 0 2 3 1 3 0 
0 3 1 2 0 3 0 3 0 0 
3 2 3 3 2 3 0 1 2 2 
1 0 3 1 3 2 0 0 0 2 
0 1 1 0 2 2 1 0 2 2 
0 0 0 2 1 1 0 3 3 2 
2 2 2 2 3 0 1 3 1 0 
0 1 0 1 3 3 2 1 2 1 
0 1 2 2 1 3 2 1 2 1 
2 1 2 1 3 3 2 1 2 1 
3 0 3 1 0 0 1 1 3 1 
0 3 3 0 3 1 3 3 1 3 
MFS
[ 0 , 1 , 2 , - , 3 , 3 , 2 , - , 2 , - ]
precise
0.0
recall
0.0
F-measure
0.0
multi
0
time
all 125 iden 47 gen 63
t-cover
703
all-cover
720
coveredNum
(1 : 251)  (2 : 240)  (3 : 115)  (4 : 51)  (5 : 21)  (6 : 21)  (7 : 14)  (8 : 7)  
real Identify

wrong Checked
0
wrong identified
1
testCase Num: 66
regaular Num: 23
identify Num: 45
0 1 1 0 1 3 3 2 0 1 
2 1 3 3 0 2 0 1 0 1 
0 1 1 0 3 3 3 0 2 1 
3 2 0 2 0 2 1 0 1 2 
3 2 0 3 2 3 3 1 0 1 
2 1 0 2 3 1 2 3 3 1 
2 1 2 2 2 0 2 1 2 2 
2 0 0 2 0 1 2 3 2 2 
2 1 0 2 3 1 0 0 3 0 
0 1 1 0 3 3 3 1 0 1 
2 1 0 2 3 1 2 3 3 0 
0 1 1 0 3 3 2 2 0 1 
3 3 2 1 0 0 1 2 1 3 
2 1 0 2 0 1 1 3 3 0 
2 1 0 2 3 1 0 3 0 0 
0 0 3 3 0 0 0 0 0 2 
3 0 1 0 0 3 1 0 0 0 
2 2 2 0 1 1 0 2 2 0 
0 0 0 0 0 0 0 0 0 0 
1 1 1 0 3 3 3 2 0 1 
2 1 0 2 3 1 1 0 3 0 
1 0 2 3 2 3 1 0 1 0 
2 1 0 2 3 1 2 3 2 0 
2 1 3 2 3 1 1 3 3 0 
2 1 0 2 3 1 3 3 3 0 
0 3 0 0 0 0 2 0 0 0 
3 0 1 1 1 2 2 0 3 0 
0 1 1 0 3 3 3 1 0 2 
2 1 0 2 3 1 0 3 3 2 
0 1 1 0 3 3 3 3 0 1 
2 1 0 2 3 1 0 3 3 1 
2 1 0 2 3 1 1 3 0 0 
2 1 0 2 3 1 0 3 3 3 
2 1 0 0 3 1 1 3 3 0 
3 1 0 1 2 1 0 3 0 3 
2 3 1 3 0 1 3 1 3 0 
0 1 1 0 3 0 3 2 0 1 
0 1 1 2 3 3 3 2 0 1 
0 1 0 2 3 1 1 3 3 0 
1 3 0 2 1 3 0 2 3 2 
2 2 3 1 3 3 2 0 1 0 
0 1 2 0 3 3 3 2 0 1 
2 1 0 2 3 1 2 3 1 0 
0 0 0 0 0 3 0 0 0 3 
0 1 1 0 3 3 3 0 0 1 
2 1 0 2 3 1 0 3 3 0 
2 1 0 2 3 1 0 3 2 0 
2 1 0 2 3 1 2 3 0 0 
0 0 0 1 0 0 3 0 0 0 
2 3 0 2 3 1 1 3 3 0 
1 3 1 1 0 2 0 1 2 3 
1 0 1 1 1 1 1 1 1 1 
2 1 0 2 3 1 1 3 3 0 
2 1 0 2 3 1 1 3 3 1 
0 1 1 0 3 3 3 2 1 1 
0 1 1 0 3 3 3 2 0 1 
2 1 0 2 3 1 0 3 1 0 
0 1 1 0 3 3 3 2 0 2 
0 2 2 0 2 2 1 3 3 1 
3 0 3 3 3 2 3 2 2 3 
0 3 3 0 2 1 1 0 2 3 
2 1 0 2 3 1 0 3 1 3 
0 3 1 0 3 3 3 2 0 1 
0 2 1 1 2 0 1 2 3 2 
1 2 3 3 1 0 2 3 3 3 
2 1 0 2 3 0 1 3 3 0 
MFS
[ 0 , 1 , 1 , 0 , 3 , 3 , 3 , 2 , 0 , 1 ]
[ 2 , 1 , 0 , 2 , 3 , 1 , - , 3 , - , 0 ]
precise
0.0
recall
0.0
F-measure
0.0
multi
1
time
all 578 iden 453 gen 94
t-cover
700
all-cover
720
coveredNum
(1 : 141)  (2 : 92)  (3 : 51)  (4 : 49)  (5 : 62)  (6 : 69)  (7 : 46)  (8 : 24)  (9 : 20)  (10 : 21)  (11 : 22)  (12 : 11)  (13 : 6)  (14 : 6)  (15 : 3)  (16 : 1)  (22 : 1)  (23 : 1)  (24 : 1)  (25 : 2)  (26 : 5)  (27 : 1)  (28 : 3)  (31 : 1)  (32 : 1)  (36 : 1)  (37 : 1)  (40 : 3)  (41 : 2)  (42 : 1)  (43 : 1)  (44 : 2)  (46 : 1)  (47 : 2)  (48 : 1)  (50 : 1)  (51 : 1)  (53 : 10)  (54 : 1)  (55 : 8)  (56 : 3)  (57 : 4)  (58 : 1)  (61 : 1)  (62 : 1)  (63 : 4)  (64 : 1)  (65 : 1)  (66 : 4)  (67 : 4)  (68 : 6)  (69 : 4)  (70 : 5)  (71 : 2)  (72 : 2)  (117 : 1)  
real Identify

wrong Checked
34
wrong identified
2
testCase Num: 33
regaular Num: 33
identify Num: 0
2 3 0 0 0 0 0 0 0 0 
3 3 0 3 3 0 2 2 3 1 
0 0 0 0 3 2 0 0 0 0 
0 3 1 2 1 2 0 3 3 0 
1 1 1 0 1 1 1 1 1 1 
2 1 1 0 2 3 2 0 3 3 
2 0 3 0 1 2 0 0 0 1 
0 0 0 2 2 0 0 1 0 1 
0 0 3 0 0 0 0 0 0 0 
1 2 3 3 2 3 0 3 0 1 
0 0 2 3 2 2 1 1 1 0 
0 0 0 0 0 0 1 0 3 0 
0 1 2 3 1 3 0 2 2 2 
0 0 0 0 0 0 0 0 0 0 
2 2 1 3 3 1 0 0 1 0 
0 1 0 2 3 1 3 3 0 2 
1 0 3 1 3 3 3 3 3 0 
3 1 3 1 0 2 0 1 0 3 
1 1 2 0 1 0 0 3 0 3 
1 1 0 1 1 2 2 3 2 0 
2 2 2 0 3 0 3 1 2 1 
0 0 1 3 0 0 3 0 3 2 
2 2 1 1 2 2 2 2 0 2 
1 3 3 1 1 0 1 0 1 2 
1 0 3 2 0 1 2 2 2 3 
3 0 1 0 1 2 3 2 1 0 
3 3 2 2 2 1 3 0 2 3 
3 3 0 0 0 3 1 1 0 2 
0 0 1 3 3 0 1 2 2 3 
3 2 0 0 1 0 0 3 0 0 
2 2 0 2 0 3 1 3 1 3 
0 2 2 1 0 1 2 1 3 1 
0 0 0 0 0 0 2 0 1 0 
MFS
precise
0.0
recall
0.0
F-measure
0.0
multi
0
time
all 47 iden 0 gen 47
t-cover
689
all-cover
720
coveredNum
(1 : 308)  (2 : 242)  (3 : 97)  (4 : 26)  (5 : 14)  (6 : 13)  (7 : 13)  (8 : 5)  (9 : 1)  (10 : 1)  
real Identify

wrong Checked
0
wrong identified
0
testCase Num: 53
regaular Num: 27
identify Num: 27
0 2 3 2 2 0 0 2 1 3 
0 1 3 2 2 0 0 2 3 2 
3 3 0 1 1 2 3 3 3 3 
1 1 1 1 0 1 1 1 1 1 
2 0 3 1 2 3 0 1 2 3 
0 0 1 1 2 2 3 2 0 0 
2 0 1 2 3 3 3 1 3 0 
1 2 0 3 3 1 1 1 3 2 
3 1 3 0 3 2 2 0 1 0 
0 1 0 0 3 2 2 0 1 0 
0 1 3 2 2 0 0 2 2 3 
3 0 2 0 1 3 1 3 1 2 
1 3 3 3 2 3 2 0 0 1 
0 0 0 0 0 0 0 0 0 0 
3 1 1 0 3 2 2 0 1 3 
3 1 0 0 3 2 2 1 1 0 
3 1 2 0 3 2 2 0 3 0 
0 0 0 0 0 1 0 0 0 0 
3 1 0 0 2 2 2 0 1 0 
1 1 2 0 3 2 2 0 1 0 
2 1 3 0 0 3 3 2 0 1 
1 3 1 2 1 0 0 3 2 0 
0 1 3 2 2 0 0 2 1 3 
3 1 3 2 2 0 0 2 1 3 
3 3 2 0 1 1 1 1 2 0 
0 1 3 2 2 1 0 2 1 3 
1 0 2 1 0 2 0 0 2 3 
2 1 3 0 3 2 2 0 1 0 
3 0 2 3 0 2 3 3 0 1 
3 2 0 0 0 3 0 0 0 0 
0 0 0 3 0 0 0 0 2 0 
0 3 1 1 3 0 2 1 0 2 
1 1 2 0 3 2 3 0 1 0 
0 1 3 2 2 0 0 2 0 3 
0 0 0 0 0 2 1 0 0 0 
0 1 3 2 2 0 1 2 1 3 
0 1 3 3 2 0 0 2 1 3 
3 1 2 0 3 1 2 0 1 0 
3 1 0 0 3 2 2 0 1 0 
0 1 3 2 1 0 0 2 1 3 
2 2 2 2 0 2 2 2 2 2 
3 0 3 0 3 2 2 0 1 0 
0 3 0 0 0 0 0 2 0 0 
3 1 0 3 3 2 2 0 1 0 
2 2 2 1 3 1 0 3 0 0 
0 0 0 2 0 3 0 0 3 1 
2 2 1 3 1 1 1 0 0 0 
0 0 0 0 1 0 2 3 0 1 
0 1 3 2 2 0 0 3 1 3 
1 2 0 0 3 1 3 2 2 1 
0 1 2 2 2 0 0 2 1 3 
2 3 0 0 0 0 3 0 1 2 
0 1 3 2 2 0 0 2 3 3 
MFS
[ 0 , 1 , 3 , 2 , 2 , 0 , 0 , 2 , - , 3 ]
[ - , 1 , - , 0 , 3 , 2 , 2 , 0 , 1 , 0 ]
precise
0.0
recall
0.0
F-measure
0.0
multi
0
time
all 953 iden 671 gen 203
t-cover
694
all-cover
720
coveredNum
(1 : 212)  (2 : 193)  (3 : 125)  (4 : 53)  (5 : 29)  (6 : 23)  (7 : 23)  (8 : 10)  (10 : 3)  (11 : 2)  (12 : 2)  (20 : 1)  (21 : 3)  (22 : 4)  (23 : 6)  (24 : 9)  (25 : 14)  (26 : 3)  (27 : 2)  (28 : 1)  (30 : 2)  
real Identify

wrong Checked
5
wrong identified
2
testCase Num: 75
regaular Num: 20
identify Num: 56
3 0 0 0 0 0 0 0 1 0 
1 1 2 2 3 0 0 3 3 2 
0 0 2 3 0 3 2 0 0 0 
2 0 0 1 0 3 3 2 1 1 
1 3 2 3 1 0 0 3 3 2 
0 1 2 0 1 1 0 3 2 0 
0 1 2 3 1 0 0 3 1 2 
2 2 2 2 2 2 2 1 1 0 
2 1 2 1 1 0 3 0 3 2 
0 1 2 3 1 0 0 0 3 2 
0 1 2 2 1 1 0 3 0 3 
1 1 2 3 1 2 0 3 3 2 
0 1 2 3 1 0 2 3 3 2 
1 1 2 0 1 3 0 3 0 0 
0 1 2 2 1 3 0 2 3 2 
2 1 2 1 1 0 3 3 0 3 
1 1 2 0 1 0 2 3 2 1 
1 1 2 3 1 0 0 2 0 2 
2 1 2 3 1 0 0 0 3 2 
0 0 0 0 0 0 0 0 0 0 
2 1 2 3 1 0 0 3 3 2 
1 0 3 3 3 2 1 0 1 1 
2 1 2 1 1 0 0 3 3 2 
0 0 0 0 1 0 1 1 2 0 
0 1 2 3 1 0 0 0 0 2 
0 0 0 0 0 1 0 2 0 0 
0 1 2 3 1 0 0 1 2 2 
0 1 2 2 1 3 0 3 2 2 
0 0 0 3 0 0 3 0 0 0 
1 1 1 1 1 1 1 1 0 1 
1 1 2 3 1 0 0 0 1 2 
2 1 2 0 1 3 0 3 2 3 
1 1 2 3 1 0 0 3 3 2 
1 1 2 3 1 0 0 0 1 3 
0 1 2 0 1 0 1 3 1 0 
2 1 0 2 3 0 0 0 0 3 
2 1 2 2 1 0 1 3 2 1 
1 2 0 2 2 2 3 3 2 3 
0 1 3 1 2 0 0 0 0 0 
1 1 2 3 1 0 0 0 3 2 
3 1 2 3 1 0 0 3 3 2 
2 1 2 1 1 0 3 3 3 2 
0 1 2 3 1 0 0 3 3 2 
3 2 3 0 3 1 2 0 0 2 
0 1 2 3 1 0 0 0 1 2 
0 1 2 3 1 0 0 3 3 1 
0 1 2 3 1 0 0 3 3 0 
0 3 3 2 0 1 3 1 1 3 
2 1 2 0 1 0 0 3 3 2 
1 1 2 0 1 1 0 3 1 0 
2 1 2 0 1 3 0 3 3 2 
3 0 0 3 2 1 0 1 3 2 
1 1 2 3 1 0 0 0 2 2 
0 2 1 1 3 3 0 1 1 0 
3 2 1 3 0 0 1 2 3 2 
0 1 2 1 1 2 0 3 1 1 
0 1 2 0 1 2 0 3 0 0 
0 1 2 0 1 0 0 3 3 2 
1 1 2 3 1 0 0 3 0 2 
0 3 0 0 2 0 2 2 0 3 
0 1 2 0 1 0 1 3 0 3 
2 1 3 3 1 0 0 3 3 2 
0 1 2 1 1 0 2 3 0 0 
2 1 2 1 1 1 0 3 3 2 
3 3 3 1 3 3 3 2 2 0 
0 1 2 0 1 2 3 3 3 2 
1 1 2 3 0 0 0 3 3 2 
2 1 2 1 1 0 3 3 0 2 
3 0 1 2 0 2 2 3 3 3 
0 1 2 3 1 0 0 3 0 2 
0 1 2 3 1 0 0 3 0 0 
0 1 2 3 1 0 0 0 2 2 
0 2 0 0 1 0 0 0 0 1 
3 3 1 0 2 3 1 0 3 1 
2 3 1 0 0 2 3 2 2 0 
MFS
[ - , 1 , 2 , 3 , 1 , 0 , 0 , - , - , 2 ]
precise
0.0
recall
0.0
F-measure
0.0
multi
0
time
all 1704 iden 1517 gen 156
t-cover
709
all-cover
720
coveredNum
(1 : 150)  (2 : 113)  (3 : 59)  (4 : 49)  (5 : 56)  (6 : 61)  (7 : 32)  (8 : 19)  (9 : 20)  (10 : 14)  (11 : 8)  (12 : 14)  (13 : 14)  (14 : 6)  (15 : 5)  (16 : 7)  (17 : 4)  (18 : 3)  (19 : 7)  (20 : 3)  (21 : 5)  (22 : 5)  (23 : 1)  (24 : 4)  (26 : 2)  (27 : 2)  (28 : 2)  (29 : 2)  (30 : 6)  (32 : 1)  (34 : 1)  (35 : 1)  (36 : 1)  (37 : 1)  (38 : 1)  (40 : 1)  (41 : 2)  (43 : 2)  (44 : 1)  (53 : 1)  (55 : 2)  (56 : 1)  (61 : 1)  (63 : 1)  (64 : 1)  (65 : 2)  (66 : 1)  (68 : 1)  (71 : 3)  (72 : 2)  (75 : 1)  (76 : 1)  (77 : 1)  (79 : 1)  (80 : 1)  (85 : 2)  (86 : 1)  (87 : 1)  (88 : 2)  (89 : 2)  (90 : 1)  (93 : 1)  (94 : 1)  (105 : 2)  (108 : 1)  
real Identify

wrong Checked
20
wrong identified
1
