testCase Num: 91
regaular Num: 33
identify Num: 58
1 2 0 3 3 0 0 3 2 2 
0 0 0 0 0 0 0 0 1 2 
0 1 3 0 1 0 0 2 0 0 
0 0 1 0 0 0 0 0 1 2 
0 0 0 1 0 0 0 1 0 3 
0 0 0 0 0 0 1 1 0 3 
0 0 0 1 0 0 0 3 0 1 
0 0 0 0 0 0 1 3 0 1 
0 0 0 0 0 0 0 0 1 3 
0 3 1 1 0 1 1 2 2 0 
1 0 0 0 0 0 0 1 0 3 
1 0 0 0 0 0 0 3 0 1 
0 1 3 0 1 1 0 2 0 0 
0 0 0 0 0 1 0 0 1 2 
1 0 1 0 3 0 3 0 0 0 
0 0 0 0 1 0 0 0 1 2 
0 2 2 0 3 3 2 3 0 2 
3 3 2 1 1 0 3 2 1 3 
0 1 2 0 0 3 2 3 0 2 
2 3 0 0 2 1 2 0 1 3 
0 1 3 0 1 0 1 2 0 0 
0 0 0 0 0 0 0 0 0 1 
0 1 0 0 0 0 0 1 0 3 
0 1 0 0 0 0 0 3 0 1 
0 0 0 0 0 0 0 0 0 0 
2 0 0 1 1 1 3 3 0 0 
0 0 0 0 0 0 1 0 1 2 
0 0 1 0 0 0 0 1 0 3 
0 0 1 0 0 0 0 3 0 1 
3 3 3 2 3 3 1 3 1 0 
0 1 3 1 1 0 0 2 0 0 
0 0 0 0 0 0 0 2 0 3 
0 0 3 1 2 0 1 0 2 3 
1 0 0 0 0 0 0 0 1 2 
0 1 3 0 2 0 0 2 0 0 
0 1 2 0 3 3 2 0 0 2 
0 0 0 0 0 1 0 0 0 0 
3 0 3 3 3 2 0 0 1 3 
0 1 2 0 3 3 2 3 1 2 
0 1 2 1 3 3 2 3 0 2 
0 0 0 0 1 0 0 3 0 1 
0 0 0 0 1 0 0 1 0 3 
0 1 0 0 1 0 0 2 0 0 
0 1 3 0 1 0 0 3 0 0 
0 0 0 0 0 0 0 0 1 0 
0 2 3 0 1 0 0 2 0 0 
0 0 0 0 0 0 0 1 1 3 
0 0 0 0 0 0 0 3 1 1 
0 0 0 0 0 0 0 1 1 2 
3 3 0 3 2 2 3 1 0 1 
0 0 0 1 0 0 0 0 0 0 
0 1 0 0 0 0 0 0 1 2 
0 0 0 0 1 0 0 0 0 0 
1 3 0 0 1 2 1 1 3 2 
1 1 0 2 2 3 0 2 3 0 
2 1 1 3 0 0 2 3 3 3 
0 1 2 0 3 3 2 3 0 3 
2 2 2 2 2 2 0 2 2 2 
3 1 1 0 0 3 3 0 2 2 
0 1 2 0 3 3 2 3 0 2 
0 1 3 0 3 3 2 3 0 2 
1 2 2 0 1 3 1 0 3 3 
0 1 2 0 3 0 2 3 0 2 
1 1 3 0 1 0 0 2 0 0 
1 2 3 1 0 2 2 2 0 0 
0 0 1 0 0 0 0 0 0 0 
0 1 1 2 2 2 1 3 0 3 
0 0 0 0 0 0 0 1 0 0 
0 0 0 0 0 0 0 0 2 2 
0 0 3 1 3 1 3 2 3 2 
0 1 3 0 1 0 0 2 1 0 
0 1 0 0 0 0 0 0 0 0 
0 0 0 0 0 0 0 3 0 2 
3 0 0 0 0 0 2 0 0 0 
0 0 0 0 0 0 0 1 0 3 
0 0 0 0 0 0 0 3 0 1 
0 0 0 1 0 0 0 0 1 2 
0 0 0 0 0 1 0 1 0 3 
0 0 0 0 0 1 0 3 0 1 
0 3 0 3 1 3 0 2 0 1 
0 2 2 3 0 1 1 1 1 0 
0 1 2 0 3 3 3 3 0 2 
0 0 0 1 0 3 0 0 0 0 
1 0 0 0 0 0 0 0 0 0 
1 1 1 1 1 1 0 1 1 1 
0 0 2 2 1 0 2 1 2 1 
1 1 2 0 3 3 2 3 0 2 
2 0 3 0 3 3 1 1 0 1 
0 1 3 0 1 0 0 2 0 1 
0 0 0 0 0 0 1 0 0 0 
3 2 1 2 0 1 3 0 3 1 
MFS
[ 0 , - , - , 0 , - , - , - , - , - , - ]
precise
1.0
recall
0.5
F-measure
0.6666666666666666
multi
2
time
all 32 iden 0 gen 32
t-cover
720
all-cover
720
coveredNum
(1 : 193)  (2 : 193)  (3 : 88)  (4 : 37)  (5 : 16)  (6 : 15)  (7 : 8)  (8 : 7)  (9 : 13)  (10 : 21)  (11 : 36)  (12 : 19)  (13 : 13)  (14 : 4)  (15 : 9)  (19 : 1)  (20 : 6)  (21 : 6)  (22 : 2)  (23 : 4)  (24 : 1)  (29 : 1)  (30 : 1)  (31 : 1)  (35 : 1)  (36 : 5)  (37 : 6)  (38 : 4)  (39 : 1)  (43 : 1)  (44 : 1)  (45 : 1)  (46 : 4)  (52 : 1)  
real Identify
([ 0 , - , - , 0 , - , - , - , - , - , - ] : 1)  
testCase Num: 90
regaular Num: 30
identify Num: 60
1 0 2 0 0 1 1 0 0 2 
1 1 1 1 0 1 1 1 1 1 
2 1 0 0 3 0 3 3 1 2 
0 2 0 0 1 1 2 2 0 3 
0 0 1 0 3 3 1 3 3 3 
2 2 1 2 2 0 2 1 0 0 
2 3 3 0 3 1 0 1 3 2 
0 0 2 0 0 1 2 0 0 2 
3 3 1 1 3 0 1 0 0 2 
0 0 2 0 0 1 1 1 0 2 
0 0 1 0 3 3 1 0 2 3 
0 3 0 0 1 1 2 1 0 3 
0 1 2 0 0 1 1 0 0 2 
3 3 2 3 0 2 2 3 3 3 
0 0 2 0 1 1 1 0 0 2 
2 0 3 1 0 2 1 2 2 3 
0 0 0 0 0 2 0 0 1 0 
0 0 1 0 0 2 0 0 1 0 
0 0 0 0 0 2 0 0 1 1 
2 1 0 0 3 3 3 0 1 2 
0 0 0 0 0 0 0 0 0 1 
0 0 0 0 0 0 0 0 0 0 
0 0 2 0 0 2 1 0 0 2 
0 1 0 0 0 2 0 0 1 0 
2 2 0 0 3 3 3 3 1 2 
1 1 0 1 0 0 0 0 3 0 
0 0 3 0 0 1 1 0 0 2 
0 0 2 1 3 3 2 2 1 0 
0 0 2 0 3 3 1 3 2 3 
0 1 3 2 1 0 0 3 1 3 
0 2 0 0 1 1 2 1 1 3 
0 0 0 0 0 1 0 0 0 0 
0 2 0 1 1 1 2 1 0 3 
0 0 0 0 1 2 0 0 1 0 
3 1 0 0 3 3 3 3 1 2 
0 1 1 0 3 3 1 3 2 3 
1 0 3 3 1 0 1 3 0 0 
0 0 2 1 0 1 1 0 0 2 
0 0 0 0 0 2 1 0 1 0 
0 0 0 0 0 0 0 0 1 0 
0 0 1 0 3 0 1 3 2 3 
3 0 1 2 2 1 3 3 2 0 
0 0 0 1 0 2 0 0 1 0 
2 1 0 0 3 3 0 3 1 2 
1 0 0 0 0 2 0 0 1 0 
0 0 0 1 0 0 0 0 0 0 
0 2 0 0 1 1 2 1 0 3 
2 1 0 1 3 3 3 3 1 2 
0 0 0 0 1 0 0 0 0 0 
0 2 1 0 1 1 2 1 0 3 
0 2 0 0 1 1 2 1 0 0 
0 0 2 0 0 1 1 0 1 2 
0 0 1 0 3 3 2 3 2 3 
0 0 2 0 0 1 1 0 0 2 
0 0 1 1 3 3 1 3 2 3 
1 3 1 0 1 0 3 2 3 0 
3 3 3 2 3 1 2 0 1 1 
0 0 2 0 0 1 1 0 0 3 
1 0 1 0 3 3 1 3 2 3 
0 0 1 0 3 3 1 3 2 0 
3 1 2 0 2 2 0 2 0 1 
1 3 2 2 0 3 2 1 2 2 
2 1 1 0 3 3 3 3 1 2 
0 0 1 0 0 0 0 0 0 0 
2 2 0 2 1 2 1 2 2 2 
0 2 0 0 1 2 2 1 0 3 
0 3 3 3 2 1 3 2 1 2 
0 0 0 0 0 2 0 1 1 0 
0 0 0 0 0 0 0 1 0 0 
0 2 0 0 2 1 2 1 0 3 
2 1 0 0 3 3 3 3 1 2 
1 2 1 3 3 2 0 1 2 0 
2 1 0 0 3 3 3 3 1 3 
0 1 0 0 0 0 0 0 0 0 
2 1 0 0 0 3 3 3 1 2 
0 0 1 0 0 3 1 3 2 3 
0 2 2 2 0 2 3 0 3 1 
0 0 1 0 3 3 1 3 2 3 
0 0 0 0 0 3 0 0 1 0 
0 0 0 3 2 3 1 1 3 1 
0 2 0 0 1 1 3 1 0 3 
3 2 0 1 1 3 0 3 1 1 
1 2 3 1 2 3 3 0 0 3 
3 3 0 0 0 0 3 1 0 0 
1 2 0 0 1 1 2 1 0 3 
1 0 0 0 0 0 0 0 0 0 
0 0 0 0 0 2 0 0 2 0 
2 1 0 0 3 3 3 3 2 2 
0 0 0 0 0 0 1 0 0 0 
2 1 2 3 1 0 2 0 2 1 
MFS
[ 0 , - , - , 0 , - , - , - , - , - , - ]
[ 2 , 1 , 0 , - , 3 , - , - , 3 , 1 , 2 ]
precise
0.5
recall
0.5
F-measure
0.5
multi
0
time
all 31 iden 0 gen 31
t-cover
690
all-cover
720
coveredNum
(1 : 126)  (2 : 196)  (3 : 119)  (4 : 50)  (5 : 15)  (6 : 13)  (7 : 1)  (9 : 15)  (10 : 43)  (11 : 47)  (12 : 24)  (13 : 14)  (14 : 5)  (15 : 1)  (18 : 3)  (19 : 14)  (20 : 9)  (21 : 8)  (22 : 2)  (23 : 1)  (27 : 1)  (28 : 2)  (29 : 6)  (30 : 1)  (36 : 1)  (37 : 1)  (38 : 1)  (45 : 1)  
real Identify
([ 0 , - , - , 0 , - , - , - , - , - , - ] : 1)  
testCase Num: 91
regaular Num: 32
identify Num: 59
2 1 2 0 3 0 1 3 3 2 
1 1 1 1 0 1 1 1 1 1 
0 3 1 2 2 2 1 2 1 3 
3 2 0 3 0 3 1 2 3 3 
2 1 0 0 0 1 0 2 2 3 
2 1 0 0 0 0 0 2 2 0 
0 0 0 0 2 0 0 1 0 1 
2 1 0 0 1 0 0 2 2 3 
1 2 3 0 2 1 3 2 0 1 
0 0 0 0 0 3 2 0 0 0 
0 0 1 0 0 3 2 0 0 0 
0 0 0 0 0 3 2 0 0 1 
2 1 2 0 2 1 1 3 3 2 
3 2 1 0 3 3 0 2 1 0 
3 1 0 0 1 2 2 1 0 3 
0 0 0 0 2 0 0 1 1 0 
1 0 3 0 0 0 1 0 0 0 
0 0 3 1 0 0 1 0 0 0 
2 1 2 0 2 0 1 3 3 2 
0 0 0 0 2 1 0 1 0 0 
2 1 2 0 2 0 1 3 3 3 
2 1 0 0 0 0 1 2 2 3 
0 2 2 3 0 2 2 3 1 1 
0 0 0 0 0 0 2 0 0 0 
2 1 3 0 2 0 1 3 3 2 
2 1 0 1 0 0 0 2 2 3 
0 0 3 0 0 0 2 0 0 0 
0 0 0 0 0 0 0 0 0 1 
0 0 0 0 0 0 0 0 0 0 
0 0 0 0 3 0 0 1 0 0 
0 0 2 3 0 1 0 2 0 2 
0 0 0 0 0 3 2 0 1 0 
1 0 3 2 3 2 2 0 3 3 
0 0 0 0 0 1 0 0 0 0 
0 0 3 0 0 1 1 0 0 0 
0 2 2 1 0 0 3 0 3 1 
0 0 0 1 0 3 2 0 0 0 
0 0 0 1 2 0 0 1 0 0 
3 1 2 0 2 0 1 3 3 2 
0 0 1 0 2 0 0 1 0 0 
0 0 3 0 0 0 1 0 0 1 
2 1 1 0 0 0 0 2 2 3 
0 0 3 0 0 0 1 0 0 0 
2 1 0 0 0 0 0 3 2 3 
3 3 2 2 1 1 3 3 0 3 
2 1 2 0 2 0 2 3 3 2 
0 0 0 0 0 0 0 0 1 0 
2 2 0 0 0 0 0 2 2 3 
0 0 0 1 0 0 0 0 0 3 
2 0 1 3 1 3 1 0 0 1 
3 0 3 1 2 0 3 0 1 2 
0 0 0 1 0 0 0 0 0 0 
0 0 0 0 1 0 0 0 0 0 
1 0 0 0 2 0 0 1 0 0 
0 0 0 0 2 0 0 2 0 0 
0 0 2 1 3 1 1 3 2 0 
1 3 0 3 3 0 0 3 2 1 
0 0 0 0 0 3 2 1 0 0 
0 1 0 0 2 0 0 1 0 0 
0 1 0 0 0 3 2 0 0 0 
0 2 1 2 1 0 2 1 3 0 
2 2 2 0 2 0 1 3 3 2 
0 0 0 0 2 0 1 1 0 0 
2 2 0 1 1 2 2 2 2 2 
2 1 0 0 0 0 0 2 3 3 
2 1 0 2 3 2 3 0 1 0 
2 1 2 0 2 0 1 0 3 2 
0 0 1 0 0 0 0 0 0 0 
0 0 3 0 0 0 1 0 1 0 
3 3 0 0 2 1 2 0 2 1 
0 0 0 0 0 0 0 1 0 0 
3 1 0 0 0 0 0 2 2 3 
0 0 0 0 1 3 2 0 0 0 
0 0 3 0 1 0 1 0 0 0 
0 1 0 0 0 0 0 0 0 0 
0 0 0 0 0 3 3 0 0 0 
1 3 2 1 3 3 0 1 0 2 
1 3 3 0 1 2 0 3 1 0 
0 0 0 2 0 0 0 0 0 1 
0 1 3 3 2 3 3 1 2 0 
0 1 3 0 0 0 1 0 0 0 
0 0 0 0 2 0 0 1 0 0 
1 0 0 0 0 3 2 0 0 0 
1 0 0 0 0 0 0 0 0 0 
2 1 2 1 2 0 1 3 3 2 
0 0 3 0 0 0 1 1 0 0 
2 1 0 0 0 0 0 2 2 3 
2 1 2 0 2 0 1 3 0 2 
2 3 3 2 0 1 0 1 3 2 
0 0 1 2 0 3 3 3 2 2 
0 0 0 0 0 0 1 0 0 0 
MFS
[ 2 , 1 , - , 0 , 0 , 0 , 0 , 2 , 2 , 3 ]
[ - , 1 , 2 , 0 , 2 , - , 1 , 3 , 3 , 2 ]
[ 0 , - , - , 0 , - , - , - , - , - , - ]
precise
0.3333333333333333
recall
0.5
F-measure
0.4
multi
0
time
all 94 iden 0 gen 94
t-cover
720
all-cover
720
coveredNum
(1 : 148)  (2 : 203)  (3 : 103)  (4 : 50)  (5 : 22)  (6 : 17)  (7 : 10)  (8 : 1)  (9 : 15)  (10 : 37)  (11 : 34)  (12 : 20)  (13 : 3)  (14 : 4)  (18 : 2)  (19 : 2)  (20 : 3)  (21 : 4)  (22 : 3)  (23 : 2)  (27 : 2)  (28 : 1)  (29 : 9)  (30 : 8)  (31 : 3)  (32 : 1)  (35 : 4)  (36 : 1)  (38 : 5)  (39 : 1)  (40 : 1)  (45 : 1)  
real Identify
([ 0 , - , - , 0 , - , - , - , - , - , - ] : 1)  
testCase Num: 104
regaular Num: 35
identify Num: 69
0 0 0 0 0 3 0 3 0 3 
3 0 0 0 0 0 3 0 0 0 
0 1 0 0 0 3 0 2 0 3 
1 1 0 0 0 0 3 0 0 0 
0 3 0 0 1 1 3 2 3 3 
1 2 1 0 0 0 2 2 0 0 
2 0 1 0 0 1 1 0 2 0 
0 0 0 1 0 0 0 0 3 0 
0 2 2 3 1 3 2 1 2 0 
0 0 1 0 3 0 0 0 0 2 
0 0 0 0 3 0 0 1 0 2 
0 3 2 0 0 1 2 1 3 1 
2 2 2 2 2 1 0 2 1 2 
0 0 0 0 0 0 0 2 0 3 
0 1 0 0 1 0 3 0 0 0 
0 0 0 0 1 3 0 2 0 3 
0 3 1 3 2 2 3 3 3 0 
3 2 2 0 3 3 1 0 3 1 
0 2 0 0 0 0 0 0 0 0 
3 0 2 0 1 2 1 0 1 2 
0 0 0 0 0 1 0 0 0 0 
0 3 0 0 1 1 3 2 2 3 
3 0 3 2 3 2 2 1 2 3 
0 3 0 0 1 1 3 2 2 0 
1 2 0 1 0 2 0 1 1 2 
1 0 0 0 0 3 0 2 0 3 
0 2 3 0 0 0 1 0 0 0 
0 2 0 0 0 0 3 0 0 0 
0 1 1 0 0 0 3 0 0 0 
1 1 1 1 1 1 1 1 0 1 
0 1 0 0 0 0 3 1 0 0 
1 1 3 0 2 0 0 3 2 1 
0 0 0 0 3 0 0 0 1 2 
0 3 0 0 2 1 3 2 2 3 
0 0 1 0 0 3 0 2 0 3 
0 2 3 0 0 0 0 0 0 0 
0 2 3 1 0 0 0 0 0 0 
0 3 0 1 1 1 3 2 2 3 
0 0 1 0 0 0 0 0 0 0 
1 3 0 0 1 1 3 2 2 3 
0 0 0 0 3 0 0 0 0 3 
0 0 0 0 3 0 0 0 0 2 
0 0 0 0 0 0 0 1 0 0 
0 0 0 0 1 1 3 2 2 3 
0 1 0 0 0 1 3 0 0 0 
0 0 3 1 3 1 1 2 1 0 
0 2 3 0 0 0 0 0 0 1 
0 3 2 0 0 0 2 2 3 1 
0 3 3 0 0 0 2 1 3 1 
0 3 2 0 0 0 2 1 0 1 
0 2 3 0 0 0 0 0 1 0 
2 1 1 0 0 2 2 0 1 3 
2 3 0 1 1 0 1 3 1 3 
3 3 1 3 3 2 0 2 0 1 
1 2 2 2 3 0 3 3 0 3 
0 0 0 1 3 0 0 0 0 2 
1 3 3 1 0 3 3 0 2 2 
0 1 0 1 0 0 3 0 0 0 
0 0 0 0 0 0 0 0 0 1 
0 0 0 0 0 0 0 0 0 0 
0 0 0 0 0 0 0 0 0 2 
1 2 3 0 0 0 0 0 0 0 
0 0 0 0 0 3 1 2 0 3 
0 2 3 0 0 0 0 1 0 0 
0 0 0 0 3 1 0 0 0 2 
0 3 2 0 0 0 2 1 3 2 
0 3 2 0 0 0 2 1 3 1 
0 0 0 3 0 0 0 0 1 0 
0 3 3 0 0 0 0 0 0 0 
3 1 0 3 0 0 2 2 3 2 
0 2 3 0 1 0 0 0 0 0 
0 0 0 0 0 0 0 0 1 0 
0 0 0 0 0 3 0 2 0 3 
0 3 0 0 1 2 3 2 2 3 
0 0 0 1 0 0 0 0 0 0 
1 3 2 0 0 0 2 1 3 1 
0 3 2 1 0 0 2 1 3 1 
2 0 3 3 2 0 1 0 0 3 
0 0 0 0 1 0 0 0 0 0 
0 3 0 2 1 0 0 0 0 0 
0 0 0 0 0 3 0 2 0 0 
0 3 2 0 0 0 3 1 3 1 
0 3 0 0 1 1 0 2 2 3 
0 3 2 0 1 0 2 1 3 1 
0 1 0 0 0 0 3 0 1 0 
0 1 0 0 3 0 0 0 0 2 
0 1 0 0 0 0 0 0 0 0 
2 0 0 2 2 3 3 1 1 1 
0 0 0 0 0 3 0 2 1 3 
0 0 1 2 0 3 1 3 0 2 
0 3 1 0 1 1 3 2 2 3 
2 1 0 2 3 3 0 0 3 0 
1 0 0 0 0 0 0 0 0 0 
0 3 0 0 1 1 3 3 2 3 
1 0 0 0 3 0 0 0 0 2 
0 1 0 0 0 0 3 0 0 0 
0 0 0 1 0 3 0 2 0 3 
0 1 0 0 0 0 3 0 0 1 
0 2 3 0 0 1 0 0 0 0 
1 0 3 3 1 1 0 0 3 3 
3 1 2 1 2 1 2 3 0 0 
0 0 0 0 3 0 1 0 0 2 
0 0 0 0 0 0 1 0 0 0 
0 0 2 0 0 0 2 1 3 1 
MFS
[ 0 , - , - , 0 , - , - , - , - , - , - ]
precise
1.0
recall
0.5
F-measure
0.6666666666666666
multi
1
time
all 94 iden 16 gen 78
t-cover
720
all-cover
720
coveredNum
(1 : 140)  (2 : 185)  (3 : 115)  (4 : 33)  (5 : 13)  (6 : 19)  (7 : 15)  (8 : 9)  (9 : 16)  (10 : 33)  (11 : 44)  (12 : 26)  (13 : 7)  (14 : 4)  (15 : 4)  (16 : 1)  (18 : 1)  (19 : 3)  (20 : 7)  (21 : 1)  (23 : 1)  (24 : 1)  (25 : 3)  (30 : 2)  (31 : 4)  (32 : 7)  (33 : 3)  (34 : 3)  (38 : 5)  (40 : 4)  (42 : 2)  (46 : 1)  (47 : 2)  (48 : 4)  (49 : 1)  (62 : 1)  
real Identify
([ 0 , - , - , 0 , - , - , - , - , - , - ] : 1)  
testCase Num: 104
regaular Num: 34
identify Num: 70
0 1 0 0 0 0 1 2 0 0 
2 1 0 2 0 2 1 3 0 2 
0 1 3 1 2 1 2 3 2 3 
0 1 0 1 0 0 0 2 0 0 
0 1 0 0 2 0 0 0 1 0 
0 0 0 0 2 0 0 1 1 0 
1 3 3 3 0 1 2 3 0 1 
0 1 0 0 3 0 0 0 2 0 
1 1 1 1 1 1 1 1 1 1 
0 2 0 0 1 0 0 0 1 0 
3 0 0 3 1 2 2 2 1 1 
0 2 0 1 1 0 0 0 0 0 
1 0 0 0 2 0 0 0 1 0 
0 2 1 1 0 2 3 2 3 0 
0 0 0 0 0 1 0 0 0 0 
3 3 2 0 2 2 1 1 2 0 
1 0 0 0 3 0 0 0 2 0 
0 1 2 3 1 3 3 0 2 2 
1 0 1 3 0 0 1 1 3 3 
0 2 1 0 1 0 0 0 0 0 
0 0 0 0 3 0 0 0 1 0 
0 0 3 2 3 1 3 1 1 0 
0 1 0 0 0 0 0 2 1 0 
1 1 1 1 1 0 1 2 1 1 
2 3 1 3 1 0 0 2 0 0 
3 1 1 0 3 3 2 3 1 0 
0 0 0 0 3 1 0 0 2 0 
3 1 3 0 1 1 0 0 3 3 
0 0 0 0 2 0 0 0 1 1 
0 0 0 1 0 1 0 0 0 0 
0 0 0 0 2 0 0 0 1 0 
0 0 1 0 3 0 0 0 2 0 
1 1 3 1 2 0 2 3 2 3 
0 0 1 0 0 0 0 0 0 0 
3 0 1 0 0 0 0 0 0 2 
0 1 3 2 2 0 2 3 2 3 
0 0 0 0 0 0 0 1 0 0 
0 1 0 0 0 0 0 2 0 1 
2 3 0 1 3 2 2 0 1 3 
0 0 0 0 3 0 0 1 2 0 
0 1 3 1 2 0 3 3 2 3 
0 1 0 0 0 0 0 2 0 0 
0 0 0 1 2 0 0 0 1 0 
0 1 3 1 3 0 2 3 2 3 
1 1 2 1 1 0 1 1 1 1 
0 0 0 0 2 0 0 0 2 0 
0 2 0 0 1 0 0 0 0 1 
0 2 3 1 2 0 2 3 2 3 
0 2 0 0 1 0 0 0 0 0 
0 3 0 0 1 0 0 0 0 0 
2 0 1 2 2 1 2 2 2 2 
0 1 3 1 2 0 2 3 2 0 
0 0 0 0 3 0 0 0 3 0 
0 1 3 1 2 0 2 3 2 3 
3 2 2 2 3 0 3 3 3 3 
1 1 1 1 1 0 1 1 1 2 
0 2 3 3 3 1 1 0 0 1 
1 1 0 0 0 0 0 2 0 0 
3 0 2 1 0 3 1 2 0 3 
1 1 1 1 1 0 1 1 2 1 
1 2 3 0 3 3 0 2 1 2 
1 3 2 1 0 0 2 1 3 2 
0 0 0 0 0 0 0 0 2 0 
0 0 0 0 0 0 0 0 0 1 
0 0 0 0 0 0 0 0 0 0 
0 1 0 0 0 0 0 3 0 0 
0 0 0 0 3 0 0 0 2 1 
0 0 0 0 3 0 0 0 2 0 
0 1 1 0 0 0 0 2 0 0 
0 1 3 1 2 0 2 3 3 3 
0 3 0 2 0 3 0 1 0 0 
0 2 0 0 0 0 0 2 0 0 
1 1 1 1 1 0 1 1 1 1 
0 0 0 0 2 0 1 0 1 0 
0 1 0 0 1 0 0 2 0 0 
0 0 0 0 3 0 1 0 2 0 
2 0 2 0 0 1 3 0 1 0 
0 2 0 0 1 0 0 1 0 0 
0 0 0 0 0 0 0 0 1 0 
0 1 3 1 2 0 2 0 2 3 
0 0 0 0 2 1 0 0 1 0 
0 0 0 1 0 0 0 0 0 0 
2 0 3 1 0 2 0 0 0 0 
1 0 2 2 1 2 0 3 2 1 
0 0 0 0 1 0 0 0 0 0 
2 1 1 1 1 0 1 1 1 1 
1 3 0 0 2 1 3 0 0 1 
0 2 0 0 1 1 0 0 0 0 
1 2 1 1 1 0 1 1 1 1 
1 1 1 1 1 0 2 1 1 1 
0 2 0 0 2 0 0 0 0 0 
0 0 1 0 2 0 0 0 1 0 
1 1 1 1 2 0 1 1 1 1 
1 2 0 2 0 0 2 0 2 0 
0 2 0 0 1 0 1 0 0 0 
2 2 0 3 2 3 0 1 3 1 
0 1 0 0 0 0 0 0 0 0 
1 2 0 0 1 0 0 0 0 0 
1 1 1 2 1 0 1 1 1 1 
0 1 0 1 2 0 2 3 2 3 
1 0 0 0 0 0 0 0 0 0 
0 1 0 0 0 1 0 2 0 0 
0 0 0 1 3 0 0 0 2 0 
0 0 0 0 0 0 1 0 0 0 
MFS
[ 0 , 1 , 3 , - , - , 0 , 2 , 3 , - , - ]
[ 0 , - , - , 0 , - , - , - , - , - , - ]
[ 1 , 1 , - , 1 , 1 , 0 , 1 , 1 , 1 , 1 ]
precise
0.3333333333333333
recall
0.5
F-measure
0.4
multi
1
time
all 31 iden 0 gen 31
t-cover
720
all-cover
720
coveredNum
(1 : 140)  (2 : 188)  (3 : 113)  (4 : 27)  (5 : 19)  (6 : 20)  (7 : 13)  (8 : 6)  (9 : 15)  (10 : 33)  (11 : 40)  (12 : 27)  (13 : 11)  (14 : 7)  (15 : 5)  (16 : 2)  (17 : 1)  (18 : 1)  (19 : 2)  (20 : 2)  (21 : 4)  (22 : 2)  (23 : 4)  (24 : 1)  (25 : 2)  (29 : 6)  (30 : 2)  (31 : 5)  (32 : 1)  (39 : 1)  (40 : 5)  (45 : 1)  (46 : 2)  (47 : 3)  (48 : 6)  (49 : 1)  (50 : 1)  (54 : 1)  
real Identify
([ 0 , - , - , 0 , - , - , - , - , - , - ] : 1)  
testCase Num: 93
regaular Num: 34
identify Num: 59
0 0 1 0 0 0 0 0 1 2 
2 2 1 0 3 0 1 2 3 0 
0 1 3 0 0 1 0 0 0 0 
0 2 2 0 1 3 0 0 3 3 
0 0 3 0 0 1 0 1 0 0 
2 0 0 0 2 1 0 2 2 2 
0 2 2 0 0 3 1 0 3 3 
0 2 2 1 0 3 0 0 3 3 
0 1 2 0 3 0 2 2 0 1 
0 2 3 0 1 2 1 3 1 3 
0 0 2 0 0 0 2 2 0 1 
3 0 1 2 3 2 3 0 2 3 
0 2 0 0 1 2 1 3 1 3 
0 2 3 0 1 2 1 3 1 0 
0 0 2 0 3 0 2 3 0 1 
0 0 0 0 0 0 0 0 0 1 
0 0 1 0 0 0 0 1 0 2 
0 0 0 0 0 0 0 0 0 0 
1 0 3 0 0 1 0 0 0 0 
3 3 2 0 3 1 0 0 1 0 
1 2 2 0 0 3 0 0 3 3 
0 0 2 0 0 0 0 0 0 2 
0 1 1 0 0 0 0 0 0 2 
0 2 3 0 1 3 1 3 1 3 
0 3 0 3 3 1 3 3 3 2 
2 3 3 1 1 3 0 2 0 3 
0 0 0 0 0 1 0 0 0 0 
0 0 3 0 0 1 1 0 0 0 
0 2 2 0 0 3 0 0 3 3 
2 0 0 0 0 0 0 3 0 0 
0 2 2 0 0 3 0 0 3 0 
1 0 2 0 3 0 2 2 0 1 
0 0 1 0 1 0 0 0 0 2 
0 0 2 0 3 0 3 2 0 1 
0 0 3 0 1 1 0 0 0 0 
0 0 0 1 3 0 0 0 0 0 
0 1 2 1 1 0 1 3 2 0 
3 1 0 3 2 0 1 2 1 3 
0 2 3 0 1 2 1 3 2 3 
0 0 0 0 0 0 0 0 1 0 
0 3 0 2 0 0 0 0 0 0 
0 2 3 1 1 2 1 3 1 3 
0 0 1 0 0 0 1 0 0 2 
3 2 3 0 2 3 2 3 2 1 
2 1 2 2 0 2 2 2 1 2 
0 0 0 1 0 0 0 0 0 0 
3 3 2 1 2 2 3 0 0 1 
0 0 0 0 1 0 0 0 0 0 
0 0 1 1 0 0 0 0 0 2 
1 2 3 0 1 2 1 3 1 3 
1 0 1 0 0 0 0 0 0 2 
0 0 3 0 0 1 0 0 0 0 
0 0 2 0 3 1 2 2 0 1 
0 2 2 0 0 0 0 0 3 3 
0 0 3 0 0 1 0 0 0 1 
0 2 2 0 0 3 0 0 0 3 
0 0 0 3 0 0 0 0 2 0 
0 0 1 3 1 3 2 1 0 0 
1 0 0 2 0 2 3 3 0 0 
1 1 0 2 1 3 1 0 3 2 
0 0 1 0 0 0 0 0 0 0 
0 0 2 0 3 0 2 2 0 1 
2 1 3 0 3 3 3 1 1 0 
0 2 3 0 1 2 1 0 1 3 
0 0 3 0 3 0 2 2 0 1 
0 0 2 0 3 0 2 2 0 2 
0 0 0 0 0 0 0 1 0 0 
0 0 1 0 0 0 0 0 0 3 
0 0 1 0 0 0 0 0 0 2 
0 1 0 0 0 0 0 0 0 0 
0 3 3 0 1 2 1 3 1 3 
0 0 3 1 0 1 0 0 0 0 
1 0 1 1 1 1 1 1 1 1 
2 0 3 3 0 3 1 0 3 1 
1 3 1 0 0 1 2 1 2 3 
3 2 0 1 1 1 2 0 3 2 
1 2 2 3 2 2 0 1 3 0 
0 1 1 2 2 1 0 3 0 1 
0 0 3 0 0 1 0 0 1 0 
0 2 3 0 2 2 1 3 1 3 
0 0 1 0 0 1 0 0 0 2 
0 2 2 0 0 3 0 1 3 3 
3 3 0 1 0 0 1 1 0 1 
0 0 2 1 3 0 2 2 0 1 
1 0 0 0 0 0 0 0 0 0 
0 2 3 0 0 3 0 0 3 3 
0 0 2 0 3 0 2 2 1 1 
0 2 3 0 1 2 2 3 1 3 
1 0 0 0 1 0 3 2 0 0 
1 2 3 2 3 0 3 1 0 2 
0 0 0 0 0 0 1 0 0 0 
0 0 3 0 0 2 0 0 0 0 
0 3 2 0 0 3 0 0 3 3 
MFS
[ 0 , - , - , 0 , - , - , - , - , - , - ]
precise
1.0
recall
0.5
F-measure
0.6666666666666666
multi
0
time
all 47 iden 0 gen 47
t-cover
690
all-cover
720
coveredNum
(1 : 155)  (2 : 173)  (3 : 111)  (4 : 50)  (5 : 25)  (6 : 14)  (7 : 5)  (8 : 3)  (9 : 16)  (10 : 35)  (11 : 39)  (12 : 26)  (13 : 8)  (14 : 9)  (15 : 5)  (16 : 2)  (18 : 2)  (19 : 1)  (20 : 5)  (22 : 4)  (23 : 3)  (24 : 4)  (30 : 3)  (31 : 3)  (32 : 3)  (33 : 1)  (37 : 1)  (38 : 8)  (39 : 3)  (40 : 2)  (53 : 1)  
real Identify
([ 0 , - , - , 0 , - , - , - , - , - , - ] : 1)  
testCase Num: 90
regaular Num: 31
identify Num: 59
0 1 1 0 2 3 3 0 1 1 
0 1 0 0 2 3 3 0 1 1 
0 1 3 0 0 2 1 2 1 0 
3 3 3 3 2 1 3 0 0 0 
0 1 0 0 0 0 0 3 1 0 
1 0 1 0 2 0 0 0 0 0 
0 2 3 0 0 2 1 1 1 0 
0 0 1 1 2 0 0 0 0 0 
0 1 0 1 1 3 0 1 0 2 
0 2 3 0 0 0 0 2 1 0 
0 0 1 0 2 0 1 0 0 0 
3 3 0 2 3 2 0 1 2 0 
1 1 3 0 0 2 1 1 1 0 
1 0 0 3 2 3 1 2 1 2 
0 1 3 0 0 2 2 1 1 0 
0 1 0 0 2 3 0 0 1 1 
0 0 1 0 3 0 0 0 0 0 
0 0 0 0 0 0 0 0 0 1 
0 1 0 0 0 0 0 3 0 1 
0 0 0 0 0 0 0 0 0 0 
0 1 0 0 0 0 0 3 0 0 
0 1 0 1 2 3 3 0 1 1 
0 1 3 0 1 2 1 1 1 0 
0 1 3 1 0 2 1 1 1 0 
0 1 0 0 2 0 3 0 1 1 
0 0 0 0 0 1 0 0 0 0 
0 2 0 0 0 0 0 2 0 0 
0 1 1 0 2 0 0 0 0 0 
0 2 3 0 0 0 0 3 0 0 
0 1 0 0 3 3 3 0 1 1 
0 0 2 0 2 0 0 0 0 0 
0 3 3 0 0 0 0 2 0 0 
0 0 1 0 2 0 0 1 0 0 
0 1 0 0 0 1 0 3 0 0 
0 3 2 1 2 2 0 3 1 2 
0 1 0 0 2 3 3 1 1 1 
0 0 0 1 3 0 0 0 0 0 
0 0 0 0 0 0 0 0 1 0 
0 1 1 2 3 1 0 2 2 0 
0 2 0 0 2 3 3 0 1 1 
0 1 0 0 0 2 1 1 1 0 
2 2 0 2 2 1 2 1 2 2 
0 2 3 0 1 0 0 2 0 0 
1 0 2 0 0 1 3 3 2 3 
3 0 1 0 3 0 2 3 1 2 
0 1 0 0 0 0 1 3 0 0 
0 1 3 0 0 2 1 1 1 1 
0 0 0 1 0 0 0 0 0 0 
0 2 1 3 1 2 2 3 0 1 
2 0 2 3 0 0 0 0 1 3 
1 3 2 1 2 0 0 1 3 3 
0 0 0 0 1 0 0 0 0 0 
2 1 2 1 1 0 2 2 0 0 
2 3 1 0 0 3 2 2 3 1 
1 1 0 0 0 0 0 3 0 0 
0 2 1 2 1 0 3 1 3 3 
0 2 3 0 0 0 1 2 0 0 
0 1 0 1 0 0 0 3 0 0 
3 1 0 3 3 2 3 2 3 3 
0 2 3 1 0 0 0 2 0 0 
0 1 3 0 0 3 1 1 1 0 
3 0 3 3 1 0 0 1 2 1 
2 0 3 1 0 1 3 0 3 2 
1 2 3 0 0 0 0 2 0 0 
0 0 1 0 2 0 0 0 1 0 
3 2 2 1 0 3 1 0 2 3 
1 1 0 0 2 3 3 0 1 1 
0 1 3 0 0 2 1 1 2 0 
0 0 1 0 0 0 0 0 0 0 
0 0 0 0 0 0 0 1 0 0 
0 1 0 0 2 3 3 0 2 1 
0 1 0 0 0 0 0 0 0 0 
0 0 1 0 2 1 0 0 0 0 
0 1 1 0 0 0 0 3 0 0 
1 1 1 1 1 1 1 0 1 1 
2 3 0 0 1 0 1 3 3 0 
0 2 3 0 0 0 0 2 0 0 
1 2 3 2 3 3 1 3 0 0 
0 2 0 0 0 0 0 3 0 0 
0 2 3 0 0 0 0 2 0 1 
1 0 0 0 0 0 0 0 0 0 
0 0 1 0 2 0 0 0 0 1 
1 0 3 2 0 2 2 0 0 3 
0 0 1 0 2 0 0 0 0 0 
2 2 2 2 3 2 0 0 1 1 
0 1 0 0 1 0 0 3 0 0 
0 2 3 0 0 1 0 2 0 0 
0 1 3 0 0 2 1 1 1 0 
0 1 0 0 2 3 3 0 1 2 
0 0 0 0 0 0 1 0 0 0 
MFS
[ 0 , - , - , 0 , - , - , - , - , - , - ]
[ - , - , - , 0 , - , - , - , - , - , - ]
precise
0.5
recall
0.5
F-measure
0.5
multi
3
time
all 47 iden 0 gen 47
t-cover
720
all-cover
720
coveredNum
(1 : 193)  (2 : 177)  (3 : 99)  (4 : 38)  (5 : 26)  (6 : 11)  (7 : 9)  (8 : 2)  (9 : 10)  (10 : 30)  (11 : 25)  (12 : 23)  (13 : 11)  (14 : 5)  (15 : 4)  (18 : 4)  (19 : 6)  (20 : 7)  (21 : 6)  (22 : 5)  (23 : 2)  (27 : 4)  (28 : 2)  (29 : 1)  (30 : 2)  (35 : 3)  (36 : 1)  (37 : 3)  (38 : 5)  (39 : 2)  (40 : 1)  (45 : 1)  (46 : 1)  (53 : 1)  
real Identify
([ 0 , - , - , 0 , - , - , - , - , - , - ] : 1)  
testCase Num: 122
regaular Num: 32
identify Num: 90
2 1 2 0 2 2 0 2 0 2 
0 0 0 1 0 2 0 0 3 0 
0 0 0 0 0 2 1 0 3 0 
0 1 0 1 3 2 2 0 1 3 
1 0 3 3 3 3 3 2 0 3 
0 2 0 1 3 2 2 3 1 3 
2 0 2 2 0 1 1 3 1 2 
1 1 2 0 2 2 0 3 0 2 
1 2 2 0 2 2 0 2 0 2 
1 3 0 3 1 2 1 0 2 2 
1 0 0 2 3 1 2 0 2 0 
0 2 3 0 1 0 2 3 3 0 
0 0 0 0 0 0 2 1 0 1 
0 0 3 0 0 0 0 1 0 2 
2 0 1 1 0 2 3 1 0 0 
0 1 3 0 0 0 0 0 0 2 
1 3 0 0 3 0 0 0 0 0 
0 0 0 0 0 3 0 0 3 0 
0 1 2 0 2 0 1 2 3 3 
0 3 0 0 3 0 0 1 0 0 
0 0 2 0 2 0 1 2 0 3 
0 0 0 0 0 1 0 0 0 0 
1 0 3 0 0 0 0 0 0 2 
1 1 0 1 3 2 2 3 1 3 
0 0 2 0 2 0 1 3 3 3 
0 0 0 0 0 0 2 1 1 0 
2 3 3 1 2 1 0 0 3 1 
0 1 0 1 3 2 2 3 1 3 
0 3 3 1 0 3 0 1 2 3 
2 2 2 1 1 0 2 2 2 2 
0 1 0 1 3 2 2 3 1 0 
0 0 0 1 0 0 2 1 0 0 
0 0 0 0 1 0 2 1 0 0 
1 0 2 0 2 0 1 2 3 3 
0 3 0 1 3 0 0 0 0 0 
0 0 2 0 2 0 2 2 3 3 
0 0 1 0 0 0 0 0 0 0 
0 0 2 0 3 0 1 2 3 3 
0 0 0 0 0 0 0 1 0 0 
0 1 0 0 0 2 0 0 3 0 
0 0 0 0 3 0 0 0 0 0 
0 1 0 1 3 2 2 3 2 3 
0 0 2 0 2 1 1 2 3 3 
0 1 0 0 0 0 2 1 0 0 
3 2 3 2 1 2 0 0 0 1 
0 1 0 2 3 2 2 3 1 3 
0 3 0 0 3 0 0 0 0 0 
1 1 2 0 3 2 0 2 0 2 
0 3 0 0 0 0 0 0 0 0 
0 3 0 0 3 0 0 0 0 1 
0 2 3 0 1 3 2 3 0 0 
0 2 3 0 1 3 2 0 3 0 
0 0 3 0 0 1 0 0 0 2 
3 1 3 1 3 0 1 2 1 0 
0 3 0 0 3 0 0 0 1 0 
1 0 0 0 0 0 2 1 0 0 
1 1 2 0 2 2 1 2 0 2 
1 0 0 0 0 2 0 0 3 0 
0 0 0 0 0 0 3 1 0 0 
3 3 0 0 0 1 2 2 0 3 
1 2 1 2 3 0 0 0 3 3 
0 2 0 0 1 3 2 3 3 0 
1 1 1 0 1 1 1 1 1 1 
0 0 0 0 1 2 0 0 3 0 
0 2 3 0 1 3 2 3 3 1 
0 1 0 1 0 2 2 3 1 3 
0 0 0 0 0 2 0 1 3 0 
0 0 0 0 0 0 0 0 0 1 
0 0 1 0 0 2 0 0 3 0 
0 0 0 0 0 0 0 0 0 0 
0 0 0 0 0 0 0 0 0 2 
0 1 0 1 3 2 3 3 1 3 
1 1 2 0 2 3 0 2 0 2 
2 1 2 0 3 0 3 1 2 1 
0 0 0 0 0 1 2 1 0 0 
0 2 3 0 1 3 2 3 3 0 
0 3 0 0 3 0 1 0 0 0 
0 0 3 0 2 0 1 2 3 3 
1 1 2 0 2 2 0 2 1 2 
0 0 3 0 0 0 1 0 0 2 
1 1 2 1 2 2 0 2 0 2 
0 0 0 0 0 0 0 0 1 0 
0 0 0 0 0 2 0 0 0 0 
0 0 0 1 0 0 0 0 0 0 
0 0 3 0 1 0 0 0 0 2 
1 2 3 0 1 3 2 3 3 0 
0 0 3 1 0 0 0 0 0 2 
0 0 0 0 1 0 0 0 0 0 
0 1 1 1 3 2 2 3 1 3 
0 0 2 1 2 0 1 2 3 3 
0 1 0 1 3 3 2 3 1 3 
0 2 3 0 1 3 3 3 3 0 
0 3 1 0 3 0 0 0 0 0 
0 3 3 0 1 3 2 3 3 0 
1 1 2 0 2 2 0 2 0 3 
1 1 2 0 2 2 0 2 0 2 
2 0 0 3 0 3 0 3 0 0 
1 1 3 0 2 2 0 2 0 2 
0 0 3 0 0 0 0 0 0 2 
0 2 3 0 2 3 2 3 3 0 
0 1 1 2 3 3 3 0 1 2 
0 0 0 0 0 0 2 1 0 0 
0 0 1 0 0 0 2 1 0 0 
0 0 0 0 0 2 0 0 3 1 
3 3 1 2 2 2 3 3 2 0 
0 0 0 0 0 2 0 0 3 0 
0 0 0 0 0 0 2 2 0 0 
3 1 2 3 0 3 0 1 3 2 
1 3 2 1 0 0 0 3 1 1 
0 0 3 0 0 0 0 0 0 3 
0 1 0 0 0 0 0 0 0 0 
3 0 1 3 2 0 2 2 1 1 
2 0 0 2 1 0 3 2 3 3 
0 2 0 2 2 3 1 1 0 1 
0 2 2 3 0 1 3 0 1 0 
0 0 2 0 2 0 1 2 3 3 
0 2 3 1 1 3 2 3 3 0 
1 0 0 0 0 0 0 0 0 0 
0 0 2 0 2 0 1 2 3 0 
0 0 3 0 0 0 0 0 1 2 
0 3 0 0 3 1 0 0 0 0 
0 0 0 0 0 0 1 0 0 0 
MFS
[ 1 , 1 , 2 , 0 , 2 , 2 , 0 , 2 , 0 , 2 ]
[ 0 , - , - , 0 , - , - , - , - , - , - ]
[ - , 1 , 0 , 1 , 3 , 2 , - , 3 , 1 , 3 ]
precise
0.3333333333333333
recall
0.5
F-measure
0.4
multi
0
time
all 56 iden 1 gen 55
t-cover
692
all-cover
720
coveredNum
(1 : 107)  (2 : 149)  (3 : 101)  (4 : 50)  (5 : 29)  (6 : 24)  (7 : 8)  (8 : 4)  (9 : 15)  (10 : 43)  (11 : 51)  (12 : 30)  (13 : 19)  (14 : 6)  (15 : 7)  (16 : 1)  (17 : 2)  (18 : 6)  (19 : 12)  (20 : 7)  (21 : 1)  (27 : 2)  (28 : 3)  (29 : 8)  (30 : 2)  (31 : 3)  (32 : 6)  (33 : 1)  (37 : 3)  (38 : 1)  (39 : 5)  (40 : 4)  (45 : 1)  (46 : 4)  (47 : 1)  (48 : 2)  (49 : 1)  (63 : 1)  
real Identify
([ 0 , - , - , 0 , - , - , - , - , - , - ] : 1)  
testCase Num: 90
regaular Num: 31
identify Num: 59
2 3 0 3 0 1 3 3 3 1 
2 0 1 2 2 2 0 2 0 1 
2 0 0 0 3 0 2 0 0 2 
0 2 0 0 0 0 0 1 3 0 
1 1 1 0 1 1 1 1 1 1 
0 1 0 0 2 0 2 2 3 0 
1 2 0 0 0 0 0 0 3 0 
0 3 0 0 0 0 0 0 3 0 
1 3 2 1 0 1 2 1 3 0 
1 1 0 1 0 2 3 2 1 0 
0 2 0 0 0 0 1 0 3 0 
1 0 3 2 0 1 3 0 1 2 
3 2 0 3 1 1 0 2 1 0 
0 0 3 0 0 0 0 0 2 1 
0 1 3 0 1 2 0 3 2 2 
0 0 3 0 3 0 0 1 2 1 
0 1 0 0 2 3 2 2 3 1 
0 1 2 0 1 2 0 3 2 2 
0 1 2 0 1 2 0 3 2 3 
0 1 3 0 3 0 0 0 2 1 
0 0 0 0 0 0 0 0 2 0 
0 0 0 0 0 0 0 0 0 1 
0 2 0 0 1 0 0 0 3 0 
0 0 0 0 0 0 0 0 0 0 
2 1 2 3 1 2 1 0 3 0 
0 0 0 0 3 0 0 0 2 1 
0 1 0 0 2 3 2 2 3 0 
0 2 0 0 0 0 0 0 0 0 
0 3 0 0 0 0 0 0 2 1 
1 0 1 2 2 3 2 3 2 0 
3 3 1 2 1 0 0 1 3 2 
0 0 0 0 0 1 0 0 0 0 
0 3 0 0 0 0 0 0 2 0 
0 1 2 0 2 2 0 3 2 2 
0 2 0 1 0 0 0 0 3 0 
3 2 0 0 0 3 3 1 2 2 
3 0 2 1 3 3 0 0 1 1 
0 0 3 1 3 0 0 0 2 1 
0 2 1 0 0 0 0 0 3 0 
3 0 0 0 2 0 0 1 0 3 
0 0 3 0 3 0 0 0 3 1 
0 1 2 0 1 2 1 3 2 2 
1 1 0 0 2 3 2 2 3 0 
0 0 0 0 0 0 0 0 1 0 
0 3 0 0 0 1 0 0 2 0 
1 1 2 0 1 2 0 3 2 2 
0 1 0 1 2 3 2 2 3 0 
0 3 0 0 1 0 0 0 2 0 
0 1 0 0 2 3 3 2 3 0 
0 0 0 1 0 0 0 0 0 0 
0 2 3 1 1 0 2 3 1 1 
0 2 0 0 0 0 0 0 3 1 
0 0 0 0 1 0 0 0 0 0 
0 0 3 0 3 1 0 0 2 1 
0 3 0 0 0 0 1 0 2 0 
0 2 2 2 1 2 3 1 0 3 
3 1 0 2 3 0 1 3 0 3 
2 2 2 1 2 0 1 2 2 2 
1 2 1 3 3 1 0 0 2 3 
0 1 0 0 3 3 2 2 3 0 
2 3 0 0 2 0 3 0 1 3 
0 1 3 3 2 1 2 0 0 2 
2 0 3 3 1 3 1 1 3 0 
3 3 3 0 3 2 2 2 3 3 
0 3 0 1 0 0 0 0 2 0 
1 3 0 0 0 0 0 0 2 0 
0 1 2 0 1 2 0 0 2 2 
0 2 0 0 0 1 0 0 3 0 
0 0 3 0 3 0 0 0 2 2 
0 2 2 0 1 2 0 3 2 2 
0 0 3 0 3 0 0 0 2 1 
0 1 0 0 2 3 2 3 3 0 
0 0 1 0 0 0 0 0 0 0 
0 2 0 0 2 3 2 2 3 0 
0 0 0 0 0 0 0 1 0 0 
1 0 1 3 3 0 3 1 0 0 
0 1 2 0 1 3 0 3 2 2 
0 1 0 0 0 0 0 0 0 0 
0 1 1 0 2 3 2 2 3 0 
0 3 1 1 0 3 1 0 0 3 
0 3 0 0 0 0 0 1 2 0 
0 3 1 0 0 0 0 0 2 0 
1 0 3 0 3 0 0 0 2 1 
1 0 0 0 0 0 0 0 0 0 
0 2 0 0 0 0 0 0 3 0 
0 1 0 0 2 3 2 2 0 0 
0 1 2 0 1 2 0 3 3 2 
0 0 3 0 3 0 1 0 2 1 
0 1 2 1 1 2 0 3 2 2 
0 0 0 0 0 0 1 0 0 0 
MFS
[ 0 , - , - , 0 , - , - , - , - , - , - ]
precise
1.0
recall
0.5
F-measure
0.6666666666666666
multi
2
time
all 38 iden 0 gen 38
t-cover
720
all-cover
720
coveredNum
(1 : 164)  (2 : 186)  (3 : 106)  (4 : 35)  (5 : 27)  (6 : 20)  (7 : 4)  (8 : 2)  (9 : 11)  (10 : 43)  (11 : 41)  (12 : 20)  (13 : 9)  (14 : 8)  (19 : 3)  (20 : 2)  (21 : 5)  (22 : 3)  (27 : 5)  (28 : 6)  (29 : 4)  (32 : 1)  (35 : 2)  (36 : 1)  (37 : 4)  (38 : 3)  (39 : 1)  (40 : 1)  (44 : 1)  (45 : 1)  (53 : 1)  
real Identify
([ 0 , - , - , 0 , - , - , - , - , - , - ] : 1)  
testCase Num: 120
regaular Num: 33
identify Num: 87
0 0 0 0 3 2 0 0 0 0 
1 1 1 1 0 1 1 1 1 1 
2 3 1 0 1 1 0 0 3 3 
1 1 2 1 0 1 1 1 1 1 
1 1 1 1 0 1 1 1 1 2 
3 0 3 1 0 3 3 0 3 3 
1 3 0 1 1 0 3 0 2 1 
0 0 0 0 0 3 0 0 2 0 
2 1 3 0 1 2 2 2 2 2 
2 1 2 0 1 2 2 2 2 2 
0 0 1 2 0 0 2 0 2 0 
2 1 2 0 1 2 2 2 2 3 
1 0 0 0 0 0 3 1 0 0 
1 1 1 1 1 1 1 1 1 1 
1 1 1 1 0 1 1 1 2 1 
0 0 0 0 1 1 1 1 0 0 
3 3 0 0 0 0 2 3 0 0 
0 0 0 0 1 0 3 1 0 0 
2 0 1 3 2 0 0 1 2 0 
0 0 0 1 3 1 0 0 0 0 
0 0 1 0 0 3 0 0 1 0 
0 0 0 0 0 1 0 0 0 0 
2 1 2 0 1 2 2 2 3 2 
0 3 2 0 2 2 2 1 0 2 
0 1 0 0 0 0 3 1 0 0 
0 0 0 1 1 0 1 1 0 0 
0 0 0 0 0 0 3 2 0 0 
0 0 1 0 0 0 3 1 0 0 
1 0 3 3 0 0 0 0 0 0 
1 0 0 0 1 0 1 1 0 0 
1 3 2 0 2 2 1 1 0 2 
1 0 3 2 3 0 1 2 2 2 
0 0 0 0 1 0 2 1 0 0 
1 2 1 1 0 1 1 1 1 1 
0 1 0 0 3 1 0 0 0 0 
2 2 2 0 1 2 2 2 2 2 
0 0 0 1 0 3 0 0 1 0 
2 1 0 2 3 3 1 0 3 0 
0 2 2 1 3 0 1 3 1 3 
0 3 2 0 2 2 1 2 0 2 
0 1 2 3 0 2 2 2 3 1 
0 0 0 0 2 0 1 1 0 0 
0 1 0 0 1 0 1 1 0 0 
0 0 1 0 0 0 0 0 0 0 
0 1 2 2 2 0 0 0 0 1 
0 0 0 0 0 0 3 1 1 0 
0 0 0 0 0 0 0 1 0 0 
0 3 2 0 2 3 1 1 0 2 
1 1 1 1 0 1 2 1 1 1 
0 0 0 0 0 3 0 0 1 1 
0 0 0 0 0 3 0 0 1 0 
1 0 0 0 3 1 0 0 0 0 
3 1 2 0 1 2 2 2 2 2 
3 2 2 1 1 1 3 2 0 0 
2 1 1 1 0 1 1 1 1 1 
2 3 3 2 0 2 3 3 1 0 
2 1 2 0 1 2 3 2 2 2 
0 0 0 0 3 1 1 0 0 0 
0 1 1 3 1 1 3 3 1 2 
3 2 3 2 2 0 2 1 3 3 
0 0 0 0 0 0 3 1 0 0 
2 1 2 0 2 2 2 2 2 2 
0 1 1 0 1 0 3 3 1 2 
0 0 0 0 0 0 3 1 0 1 
3 2 0 3 0 1 1 0 2 2 
2 1 2 0 1 3 2 2 2 2 
0 1 1 3 2 0 3 3 1 2 
0 0 0 0 1 0 1 1 1 0 
0 1 1 3 1 0 0 3 1 2 
2 2 0 1 3 3 2 1 0 1 
1 1 1 1 0 2 1 1 1 1 
0 0 0 0 3 1 0 0 0 1 
1 2 0 0 2 1 3 2 0 0 
0 0 0 0 3 1 0 0 0 0 
0 0 1 0 3 1 0 0 0 0 
0 3 2 0 2 2 1 1 0 3 
0 3 2 0 2 2 1 1 0 2 
0 0 3 2 1 1 2 3 0 1 
0 0 0 0 1 0 1 1 0 1 
0 0 0 1 0 0 3 1 0 0 
0 3 3 0 2 2 1 1 0 2 
1 1 1 3 1 0 3 3 1 2 
3 2 1 0 3 2 0 2 1 1 
0 0 0 0 0 0 0 0 0 1 
0 0 0 0 0 0 0 0 0 0 
1 0 2 1 2 3 0 3 3 2 
0 0 0 0 0 3 0 1 1 0 
1 1 1 2 0 1 1 1 1 1 
0 3 2 0 3 2 1 1 0 2 
0 0 1 0 1 0 1 1 0 0 
0 1 0 0 0 3 0 0 1 0 
2 1 2 1 1 2 2 2 2 2 
0 1 1 3 1 0 3 0 1 2 
0 0 0 0 3 1 0 0 1 0 
0 2 1 3 1 0 3 3 1 2 
0 1 2 3 1 0 3 3 1 2 
0 0 0 0 0 0 0 0 1 0 
0 0 0 0 1 3 0 0 1 0 
1 1 1 1 0 1 1 2 1 1 
0 0 0 1 0 0 0 0 0 0 
0 0 2 0 2 2 1 1 0 2 
0 0 0 0 1 0 0 0 0 0 
0 0 0 0 0 3 1 0 1 0 
0 1 1 3 1 0 3 3 2 2 
0 0 0 0 3 1 0 1 0 0 
2 1 2 0 1 2 2 3 2 2 
1 0 0 0 0 3 0 0 1 0 
0 0 0 0 1 0 1 2 0 0 
1 0 0 1 2 2 2 0 1 3 
0 1 0 0 0 0 0 0 0 0 
3 1 3 0 1 3 0 3 2 3 
0 0 0 0 1 0 1 1 0 0 
0 3 1 3 3 3 3 2 0 3 
0 1 1 3 1 0 3 3 1 3 
0 1 1 3 1 0 3 3 1 2 
0 0 0 0 0 1 3 1 0 0 
0 3 2 0 2 2 1 1 1 2 
1 0 0 0 0 0 0 0 0 0 
0 3 2 1 2 2 1 1 0 2 
0 0 0 0 0 0 1 0 0 0 
MFS
[ 0 , - , - , 0 , - , - , - , - , - , - ]
[ 1 , 1 , 1 , 1 , 0 , 1 , 1 , - , 1 , 1 ]
[ 0 , 1 , 1 , - , 1 , 0 , 3 , 3 , 1 , 2 ]
[ 2 , 1 , 2 , 0 , 1 , 2 , 2 , 2 , 2 , 2 ]
precise
0.25
recall
0.5
F-measure
0.3333333333333333
multi
0
time
all 47 iden 0 gen 47
t-cover
720
all-cover
720
coveredNum
(1 : 83)  (2 : 159)  (3 : 126)  (4 : 40)  (5 : 22)  (6 : 13)  (7 : 11)  (8 : 5)  (9 : 21)  (10 : 40)  (11 : 49)  (12 : 40)  (13 : 26)  (14 : 6)  (15 : 1)  (16 : 3)  (18 : 6)  (19 : 10)  (20 : 7)  (21 : 6)  (22 : 3)  (23 : 1)  (24 : 1)  (25 : 1)  (26 : 2)  (27 : 5)  (28 : 8)  (29 : 7)  (30 : 2)  (37 : 2)  (38 : 2)  (42 : 1)  (43 : 3)  (44 : 2)  (45 : 4)  (46 : 1)  (52 : 1)  
real Identify
([ 0 , - , - , 0 , - , - , - , - , - , - ] : 1)  
