testCase Num: 51
regaular Num: 34
identify Num: 17
0 1 0 0 0 2 0 0 0 0 
1 2 1 3 0 2 1 3 2 0 
2 2 2 1 2 2 1 2 0 2 
3 1 1 1 0 0 1 3 3 3 
0 0 0 2 0 0 1 0 0 0 
3 1 0 3 2 1 2 0 3 2 
1 1 1 1 1 3 1 0 0 0 
1 1 3 0 1 1 1 3 0 3 
0 2 2 2 3 1 3 2 2 0 
0 0 0 0 0 0 0 0 0 0 
1 1 1 1 1 2 0 0 0 0 
2 3 1 0 2 2 3 1 0 3 
1 2 0 0 0 2 0 0 0 0 
3 0 0 2 1 3 0 2 0 1 
1 1 1 0 0 2 0 0 0 0 
2 2 2 0 0 3 2 2 3 0 
1 1 1 1 1 3 0 0 0 0 
2 2 3 2 0 1 0 0 1 2 
1 2 1 1 1 1 0 1 1 1 
0 2 0 3 3 3 1 1 1 3 
0 2 0 0 0 2 0 0 0 0 
3 3 3 1 3 3 2 3 2 0 
2 0 0 3 0 0 3 2 0 0 
3 2 1 1 0 0 1 3 3 3 
3 2 0 3 2 1 2 0 3 2 
1 1 1 1 0 2 0 0 0 0 
2 0 0 2 1 2 3 3 2 1 
0 0 0 1 0 1 1 0 1 0 
1 1 1 1 1 3 1 1 0 0 
1 2 3 0 1 1 1 3 0 3 
1 3 0 2 2 1 2 1 2 0 
0 1 2 2 3 1 3 2 2 0 
2 0 3 3 3 2 0 1 3 0 
0 0 0 0 3 0 0 0 0 2 
0 0 0 0 3 0 0 0 0 1 
0 3 3 1 2 0 0 3 1 2 
1 3 1 2 0 0 3 2 3 3 
0 0 1 1 3 2 2 0 0 3 
1 1 0 0 0 2 0 0 0 0 
0 0 3 0 2 0 0 0 0 1 
1 1 1 1 1 3 1 1 1 0 
3 2 2 0 0 0 2 1 1 1 
1 0 2 0 3 0 0 3 2 3 
0 0 0 0 1 0 2 1 0 2 
0 2 0 0 0 0 0 0 3 0 
1 1 1 1 1 3 1 1 1 1 
1 1 1 1 1 1 0 1 1 1 
0 3 2 3 1 0 1 0 3 1 
2 1 2 0 0 3 2 2 3 0 
1 0 1 0 2 3 3 0 2 2 
3 2 3 1 1 2 3 2 1 0 
MFS
[ - , 1 , - , - , - , - , - , - , - , - ]
precise
1.0
recall
0.5
F-measure
0.6666666666666666
multi
1
time
all 31 iden 0 gen 31
t-cover
720
all-cover
720
coveredNum
(1 : 191)  (2 : 192)  (3 : 124)  (4 : 76)  (5 : 30)  (6 : 28)  (7 : 17)  (8 : 19)  (9 : 16)  (10 : 8)  (11 : 9)  (12 : 2)  (13 : 5)  (14 : 2)  (15 : 1)  
real Identify
([ - , 1 , - , - , - , - , - , - , - , - ] : 1)  
testCase Num: 47
regaular Num: 31
identify Num: 16
0 1 3 2 0 3 2 2 3 1 
3 0 3 0 2 1 0 1 3 2 
1 0 1 0 0 2 0 2 1 3 
0 2 3 3 0 0 1 2 0 0 
0 3 2 1 0 1 3 2 2 2 
0 3 1 0 2 3 3 0 1 3 
0 2 3 2 0 3 2 2 3 1 
1 1 0 3 0 3 2 2 3 1 
0 0 2 0 1 2 1 0 2 1 
2 2 0 2 2 2 1 2 1 2 
2 2 2 3 0 0 3 1 3 3 
2 1 2 3 0 0 3 1 3 3 
3 2 0 0 2 0 0 2 0 1 
3 2 1 2 0 0 1 3 0 3 
2 0 2 3 3 1 0 3 1 1 
1 1 0 3 1 0 3 3 3 1 
0 0 1 0 0 0 1 0 3 0 
3 2 0 1 2 1 2 0 1 0 
3 1 0 1 2 1 2 0 1 0 
1 3 0 2 3 0 0 0 2 0 
2 2 3 1 3 0 3 0 3 3 
0 0 0 0 0 0 0 0 0 0 
1 2 0 2 1 1 0 0 3 3 
1 1 0 3 1 3 2 2 3 1 
0 1 0 1 3 2 2 3 0 2 
1 1 0 2 0 3 2 2 3 1 
1 1 0 3 1 0 3 2 3 1 
1 1 3 2 0 3 2 2 3 1 
3 3 3 3 1 2 3 3 3 0 
0 2 0 1 3 2 2 3 0 2 
3 2 2 0 3 3 2 1 2 3 
1 2 3 2 0 3 2 2 3 1 
1 0 2 2 2 3 3 1 0 0 
2 1 0 0 1 3 0 3 2 2 
1 1 0 3 1 0 3 3 0 2 
0 3 0 3 1 0 3 1 1 1 
2 0 0 0 1 0 2 2 0 0 
1 1 0 3 1 0 3 3 0 1 
1 3 1 3 2 0 2 0 2 2 
1 0 3 1 2 3 0 3 2 0 
1 1 0 3 1 0 2 2 3 1 
1 1 1 1 1 1 1 1 0 1 
0 0 3 0 0 0 0 0 1 0 
2 2 0 0 1 3 0 3 2 2 
2 3 1 3 3 3 1 2 0 0 
1 2 1 1 1 1 1 1 0 1 
0 0 0 0 0 2 0 1 0 0 
MFS
[ - , 1 , - , - , - , - , - , - , - , - ]
precise
1.0
recall
0.5
F-measure
0.6666666666666666
multi
0
time
all 32 iden 0 gen 32
t-cover
720
all-cover
720
coveredNum
(1 : 198)  (2 : 179)  (3 : 148)  (4 : 71)  (5 : 42)  (6 : 26)  (7 : 16)  (8 : 20)  (9 : 10)  (10 : 7)  (11 : 3)  
real Identify
([ - , 1 , - , - , - , - , - , - , - , - ] : 1)  
testCase Num: 51
regaular Num: 34
identify Num: 17
2 3 2 3 3 1 0 2 0 1 
3 2 0 3 0 3 3 2 1 3 
3 1 2 3 1 3 3 3 2 0 
3 0 0 2 1 1 2 3 0 1 
2 0 3 0 0 0 0 0 0 0 
0 0 0 3 0 0 0 1 2 0 
3 2 1 2 1 3 3 3 2 0 
3 2 2 1 3 2 0 0 2 3 
0 3 3 0 1 0 1 2 2 1 
0 2 0 0 0 1 3 0 0 1 
3 1 2 3 2 0 3 3 2 0 
2 2 2 2 2 1 1 0 2 2 
0 3 2 0 3 3 0 3 0 2 
0 0 0 0 0 0 0 0 0 0 
3 0 0 0 0 0 0 0 0 2 
2 2 1 2 1 3 3 3 2 0 
1 1 0 2 2 3 1 2 3 2 
3 1 1 2 1 3 3 3 2 0 
3 2 0 0 0 1 1 3 1 3 
0 1 3 3 1 0 2 0 0 2 
1 2 1 0 2 3 2 0 3 1 
0 2 3 3 2 1 0 3 3 0 
0 0 1 2 0 1 2 2 2 1 
2 1 2 1 0 0 2 3 3 3 
3 1 2 3 2 0 0 3 2 0 
0 1 0 0 3 2 3 0 1 2 
1 2 1 1 1 1 0 1 1 1 
0 0 3 1 2 3 3 1 0 3 
3 3 1 2 2 0 0 0 1 3 
0 0 0 1 0 0 0 2 0 0 
2 2 2 1 0 0 2 3 3 3 
3 3 3 2 3 2 2 1 3 0 
1 0 3 1 0 2 2 0 1 0 
0 3 0 0 0 0 3 0 0 0 
1 2 2 0 1 0 3 1 3 3 
2 0 2 0 1 2 1 2 1 0 
3 1 2 3 2 0 0 0 3 0 
3 1 2 3 2 0 0 0 3 1 
1 3 0 1 0 0 1 1 2 2 
2 1 1 2 1 3 3 3 2 0 
0 0 0 0 2 2 0 0 0 1 
2 0 0 0 3 0 0 1 3 0 
3 1 2 2 1 3 3 3 2 0 
1 2 0 2 2 3 1 2 3 2 
3 1 2 3 2 3 3 3 2 0 
3 1 0 0 0 1 1 3 1 3 
0 2 3 3 1 0 2 0 0 2 
1 1 1 1 1 1 0 1 1 1 
0 2 0 0 3 2 3 0 1 2 
3 1 2 3 2 0 0 0 2 0 
1 0 1 3 3 2 1 3 0 2 
MFS
[ - , 1 , - , - , - , - , - , - , - , - ]
precise
1.0
recall
0.5
F-measure
0.6666666666666666
multi
1
time
all 31 iden 0 gen 31
t-cover
720
all-cover
720
coveredNum
(1 : 162)  (2 : 193)  (3 : 127)  (4 : 84)  (5 : 45)  (6 : 34)  (7 : 34)  (8 : 18)  (9 : 13)  (10 : 8)  (11 : 2)  
real Identify
([ - , 1 , - , - , - , - , - , - , - , - ] : 1)  
testCase Num: 48
regaular Num: 31
identify Num: 17
0 1 0 1 1 0 2 1 3 3 
2 0 3 2 1 0 3 1 0 1 
0 2 0 1 1 0 2 1 3 3 
0 2 0 0 0 0 0 0 3 1 
0 3 0 1 1 0 3 0 0 0 
1 1 1 2 2 1 2 1 3 3 
1 1 1 2 2 1 3 2 0 0 
2 2 2 2 2 2 2 1 1 0 
0 1 0 0 2 0 0 2 0 2 
0 3 2 2 1 2 0 0 3 2 
1 1 1 1 1 0 2 1 3 3 
1 1 0 1 1 0 2 1 3 3 
0 2 0 0 2 0 0 2 0 2 
1 1 1 2 2 0 2 1 3 3 
0 2 1 0 2 1 3 0 1 3 
1 2 3 1 3 3 2 0 2 0 
2 1 3 3 0 1 0 2 3 3 
3 2 0 0 0 2 3 0 2 1 
1 2 1 1 1 1 1 0 1 1 
0 3 3 2 3 0 1 3 2 3 
1 2 3 1 0 2 0 3 0 2 
3 2 0 2 3 1 3 3 0 0 
0 0 0 0 0 0 0 0 0 0 
1 0 2 0 3 1 3 1 3 2 
3 1 0 2 3 1 3 3 0 0 
2 2 3 3 0 1 0 2 3 3 
3 1 0 0 0 2 3 0 2 1 
2 2 2 1 2 3 3 0 2 3 
1 1 1 1 1 1 1 0 1 1 
3 0 2 1 0 0 1 2 0 3 
3 3 1 2 0 3 2 1 0 1 
0 0 2 3 0 3 1 3 0 1 
1 0 0 2 0 1 0 2 2 0 
3 0 1 0 2 3 0 1 3 0 
3 0 3 0 2 3 0 3 1 1 
1 1 1 2 2 1 3 2 3 3 
2 1 2 1 2 3 3 0 2 3 
1 1 1 2 2 1 3 1 3 3 
2 2 1 0 1 0 1 3 3 2 
1 1 1 2 1 0 2 1 3 3 
1 2 0 1 1 0 2 1 3 3 
0 0 1 3 3 2 2 2 2 1 
2 3 0 0 0 1 2 3 1 2 
1 3 0 3 2 0 1 2 1 0 
1 1 1 2 2 1 3 2 0 3 
2 0 0 3 3 0 0 0 1 0 
3 2 0 3 1 3 3 2 2 2 
1 0 0 3 0 2 1 1 2 3 
MFS
[ - , 1 , - , - , - , - , - , - , - , - ]
precise
1.0
recall
0.5
F-measure
0.6666666666666666
multi
1
time
all 32 iden 0 gen 32
t-cover
720
all-cover
720
coveredNum
(1 : 185)  (2 : 187)  (3 : 135)  (4 : 76)  (5 : 53)  (6 : 28)  (7 : 20)  (8 : 19)  (9 : 8)  (10 : 5)  (11 : 3)  (12 : 1)  
real Identify
([ - , 1 , - , - , - , - , - , - , - , - ] : 1)  
testCase Num: 47
regaular Num: 31
identify Num: 16
2 2 2 0 2 1 3 0 3 1 
0 0 0 0 0 0 0 3 3 0 
0 3 0 3 2 2 2 1 1 1 
2 2 2 3 0 1 1 3 1 0 
2 3 3 0 1 3 1 0 1 2 
0 0 1 1 1 2 1 1 3 0 
2 0 1 1 2 0 2 3 0 3 
1 2 2 1 3 2 0 0 3 2 
3 2 3 1 0 0 3 1 2 2 
2 1 3 2 0 3 1 0 3 2 
1 1 2 1 3 2 0 0 3 2 
3 0 2 2 0 0 1 2 3 1 
2 1 3 2 0 3 1 1 0 2 
0 0 0 2 0 3 0 1 0 0 
2 1 3 2 0 3 0 0 3 2 
3 1 1 3 2 3 0 0 2 0 
2 2 1 2 3 0 0 1 1 0 
3 1 3 1 0 0 3 1 2 2 
2 1 3 2 0 3 1 1 0 3 
0 2 0 1 3 3 2 2 3 1 
3 2 3 0 0 2 2 1 1 3 
0 2 3 2 1 1 0 3 0 1 
3 1 3 0 0 2 2 1 1 3 
0 1 3 2 1 1 0 3 0 1 
0 0 0 0 0 0 3 2 1 0 
2 2 2 1 3 2 0 0 3 2 
0 0 0 0 0 0 0 0 2 1 
0 0 0 0 0 0 0 0 0 0 
3 2 2 3 3 3 1 3 0 3 
1 0 3 0 3 3 3 2 2 0 
0 3 1 1 0 3 3 3 2 2 
2 1 2 1 3 2 0 0 3 2 
2 1 3 1 3 2 0 0 3 2 
2 1 0 2 2 2 1 2 2 2 
1 0 1 1 1 1 1 1 1 1 
2 2 0 2 2 2 1 2 2 2 
3 2 1 3 2 3 0 0 2 0 
0 2 2 0 1 1 2 1 2 2 
0 3 2 0 0 0 0 0 0 0 
2 1 3 2 0 3 1 1 3 2 
1 2 3 2 2 2 2 0 3 3 
0 3 1 0 3 1 0 2 0 3 
3 3 0 2 1 1 3 0 2 3 
2 1 3 2 0 2 0 0 3 2 
1 0 0 3 0 2 3 3 0 2 
1 3 3 3 1 0 2 2 3 0 
2 1 3 2 3 2 0 0 3 2 
MFS
[ - , 1 , - , - , - , - , - , - , - , - ]
precise
1.0
recall
0.5
F-measure
0.6666666666666666
multi
0
time
all 15 iden 0 gen 15
t-cover
720
all-cover
720
coveredNum
(1 : 192)  (2 : 202)  (3 : 130)  (4 : 71)  (5 : 37)  (6 : 32)  (7 : 21)  (8 : 15)  (9 : 7)  (10 : 8)  (11 : 3)  (12 : 1)  (13 : 1)  
real Identify
([ - , 1 , - , - , - , - , - , - , - , - ] : 1)  
testCase Num: 49
regaular Num: 32
identify Num: 17
1 2 2 1 3 0 0 0 2 2 
0 1 0 3 0 3 2 3 0 0 
1 2 0 0 0 2 3 1 0 0 
3 1 3 2 3 2 1 3 0 0 
3 0 3 0 0 3 0 1 1 1 
0 1 0 3 3 2 1 3 0 0 
1 2 1 1 1 1 1 0 1 1 
0 0 3 1 2 3 3 2 1 2 
1 2 0 2 0 3 0 2 1 3 
0 0 0 0 0 0 0 0 0 0 
2 3 1 1 0 2 3 2 2 0 
2 2 3 3 3 3 3 0 3 0 
1 0 0 0 2 0 0 3 3 0 
0 1 0 3 0 3 1 3 0 0 
3 0 1 2 2 2 2 0 3 1 
3 3 2 3 0 1 3 2 3 3 
1 2 1 1 0 3 2 3 0 3 
0 3 0 0 0 0 2 0 0 0 
0 1 3 2 3 2 1 3 0 0 
0 2 2 3 1 2 2 1 1 0 
2 2 2 0 2 0 1 0 2 3 
0 3 0 2 3 0 3 3 1 1 
0 1 1 3 0 0 1 1 0 2 
2 2 0 2 2 1 2 1 2 2 
1 3 3 3 2 1 0 0 0 0 
0 1 0 3 0 3 2 0 0 0 
0 2 0 3 3 1 2 2 3 0 
0 2 0 0 0 0 1 0 0 0 
3 2 3 2 3 2 1 3 0 0 
3 0 0 1 3 3 1 1 3 3 
1 3 1 0 3 2 0 1 3 2 
0 1 0 3 0 2 1 3 0 0 
3 0 0 0 0 0 0 0 2 2 
2 1 3 3 3 3 3 0 3 0 
1 1 1 1 1 1 1 0 1 1 
3 2 3 0 1 0 2 2 3 1 
0 1 0 3 0 3 2 0 1 1 
0 0 0 0 1 1 3 3 0 2 
0 1 0 3 0 3 2 0 1 0 
2 0 0 0 0 0 0 0 1 0 
0 1 0 2 3 2 1 3 0 0 
2 3 2 2 1 3 1 2 0 1 
0 0 3 0 1 2 0 0 2 3 
2 0 2 3 1 3 0 3 2 1 
1 1 0 2 0 3 0 2 1 3 
0 2 3 2 3 2 1 3 0 0 
0 2 1 3 0 0 1 1 0 2 
0 1 0 3 3 1 2 2 3 0 
2 1 2 0 2 0 1 0 2 3 
MFS
[ - , 1 , - , - , - , - , - , - , - , - ]
precise
1.0
recall
0.5
F-measure
0.6666666666666666
multi
0
time
all 16 iden 0 gen 16
t-cover
720
all-cover
720
coveredNum
(1 : 193)  (2 : 194)  (3 : 137)  (4 : 63)  (5 : 40)  (6 : 28)  (7 : 20)  (8 : 14)  (9 : 10)  (10 : 5)  (11 : 7)  (12 : 3)  (14 : 2)  (15 : 4)  
real Identify
([ - , 1 , - , - , - , - , - , - , - , - ] : 1)  
testCase Num: 49
regaular Num: 32
identify Num: 17
3 2 3 2 1 1 3 0 0 0 
2 3 0 2 1 2 3 0 1 1 
0 2 2 3 2 2 0 3 1 2 
1 2 0 3 1 3 2 0 2 0 
1 1 1 1 0 1 1 1 1 1 
0 1 2 1 1 0 3 2 0 3 
2 1 1 0 1 3 2 0 2 0 
3 2 0 1 2 1 0 1 2 3 
0 2 1 2 3 3 0 1 1 3 
0 2 2 0 1 1 2 1 3 0 
2 1 1 3 1 3 2 0 2 0 
0 2 2 1 0 3 1 2 0 1 
2 1 1 0 2 0 2 0 2 0 
1 0 2 0 2 3 2 0 0 3 
2 2 3 0 3 2 1 3 3 0 
0 0 0 0 0 0 0 0 0 0 
3 0 0 0 0 0 0 0 0 1 
2 1 0 3 1 3 2 0 2 0 
3 3 1 1 3 0 2 3 2 0 
0 1 0 2 0 0 0 0 0 0 
2 1 1 0 2 3 2 0 2 0 
0 0 0 0 0 2 0 0 0 3 
2 0 1 3 1 2 1 1 0 2 
0 0 0 0 0 0 1 0 2 0 
2 1 1 0 2 0 3 1 2 0 
3 3 2 1 3 1 1 0 0 2 
0 0 3 0 0 0 2 0 1 0 
1 1 0 3 1 3 2 0 2 0 
0 1 2 3 2 2 0 3 1 2 
1 2 0 2 2 0 1 3 3 2 
1 0 3 1 3 2 3 1 2 2 
0 2 2 1 1 0 3 2 0 3 
1 2 1 1 0 1 1 1 1 1 
0 2 3 3 0 1 0 2 3 0 
3 3 3 3 0 3 3 3 3 3 
2 1 1 0 2 0 3 1 3 0 
2 0 1 2 2 0 1 0 3 3 
2 0 0 0 0 3 0 3 0 2 
2 1 1 0 2 0 3 1 3 1 
2 0 3 1 1 1 0 3 3 1 
3 0 1 0 2 2 3 2 1 0 
0 3 3 0 2 0 2 1 2 1 
2 2 2 2 0 2 2 2 2 2 
2 1 3 0 3 2 1 3 3 0 
1 3 0 3 3 0 0 2 1 1 
2 2 0 3 1 3 2 0 2 0 
0 2 0 2 0 0 0 0 0 0 
2 1 1 0 2 0 3 0 2 0 
3 1 0 1 2 1 0 1 2 3 
MFS
[ - , 1 , - , - , - , - , - , - , - , - ]
precise
1.0
recall
0.5
F-measure
0.6666666666666666
multi
0
time
all 31 iden 0 gen 31
t-cover
720
all-cover
720
coveredNum
(1 : 178)  (2 : 192)  (3 : 141)  (4 : 74)  (5 : 45)  (6 : 26)  (7 : 24)  (8 : 16)  (9 : 8)  (10 : 8)  (11 : 5)  (12 : 1)  (13 : 1)  (15 : 1)  
real Identify
([ - , 1 , - , - , - , - , - , - , - , - ] : 1)  
testCase Num: 49
regaular Num: 32
identify Num: 17
0 1 2 0 2 1 1 3 0 0 
3 1 2 0 2 1 1 3 0 0 
1 2 2 1 3 2 0 0 3 3 
1 0 3 2 1 0 3 1 3 2 
1 3 0 0 1 2 0 1 0 3 
1 2 3 3 2 2 0 1 2 0 
2 0 3 1 2 0 2 0 1 1 
0 3 3 1 2 3 3 2 3 0 
0 1 3 1 3 2 2 3 0 0 
3 1 1 1 0 0 0 1 3 2 
1 1 0 1 1 1 1 1 1 1 
1 3 2 2 0 3 2 3 0 2 
3 3 0 2 1 1 0 0 2 1 
0 0 0 0 0 0 1 0 3 0 
0 0 0 0 0 0 0 0 0 0 
3 2 2 3 3 0 2 2 2 3 
2 3 1 0 1 3 0 2 1 3 
0 1 3 1 2 1 1 3 0 0 
2 0 1 3 3 1 0 3 3 1 
0 1 3 1 3 2 2 0 1 0 
1 1 3 3 2 2 0 1 2 0 
0 1 3 1 3 2 2 0 1 1 
0 1 2 2 1 1 3 3 2 3 
3 2 3 0 0 2 3 1 1 1 
2 2 0 3 3 3 3 0 0 2 
3 2 2 0 2 1 1 3 0 0 
0 2 1 3 1 1 2 1 0 0 
0 1 3 1 3 1 1 3 0 0 
0 2 2 0 2 1 1 3 0 0 
0 1 3 1 3 2 1 3 0 0 
2 3 2 3 3 0 1 1 1 0 
0 0 0 0 2 0 0 0 0 3 
3 2 1 1 0 0 0 1 3 2 
0 0 3 2 3 0 0 0 0 0 
0 0 0 2 2 2 2 2 1 1 
0 1 3 1 3 2 2 0 0 0 
0 0 0 0 0 2 0 3 1 0 
1 2 0 1 1 1 1 1 1 1 
1 0 1 3 0 1 0 2 1 2 
3 1 2 3 3 0 2 2 2 3 
2 2 1 2 2 2 1 0 2 2 
2 2 3 1 0 3 1 2 0 1 
2 1 0 3 3 3 3 0 0 2 
3 0 2 0 0 3 0 1 2 1 
0 2 0 0 3 0 2 3 3 2 
0 0 3 1 0 1 1 3 2 3 
0 1 3 0 2 1 1 3 0 0 
0 2 2 2 1 1 3 3 2 3 
0 0 1 0 0 0 3 0 0 0 
MFS
[ - , 1 , - , - , - , - , - , - , - , - ]
precise
1.0
recall
0.5
F-measure
0.6666666666666666
multi
0
time
all 31 iden 0 gen 31
t-cover
720
all-cover
720
coveredNum
(1 : 174)  (2 : 187)  (3 : 144)  (4 : 85)  (5 : 45)  (6 : 28)  (7 : 22)  (8 : 10)  (9 : 11)  (10 : 6)  (11 : 4)  (12 : 1)  (13 : 1)  (14 : 1)  (16 : 1)  
real Identify
([ - , 1 , - , - , - , - , - , - , - , - ] : 1)  
testCase Num: 49
regaular Num: 32
identify Num: 17
1 2 0 0 2 0 0 0 0 0 
0 2 1 0 0 1 3 1 3 1 
0 3 3 1 0 3 1 2 3 2 
2 0 1 2 3 3 0 2 1 3 
1 1 2 2 0 3 0 1 2 0 
2 1 0 2 3 3 3 3 0 1 
1 3 3 0 3 2 3 0 3 0 
3 3 0 2 3 0 1 0 0 3 
2 0 0 1 2 2 1 1 3 0 
1 2 1 1 1 1 1 0 1 1 
2 1 3 3 1 0 1 1 2 0 
0 0 0 0 0 0 0 0 0 0 
3 1 0 0 1 3 1 2 1 2 
1 0 0 3 1 2 2 2 0 2 
3 3 3 0 2 0 0 2 2 1 
0 1 1 0 2 0 3 1 1 2 
2 1 2 2 0 3 0 1 2 0 
0 1 3 2 1 2 2 1 3 1 
2 2 3 1 0 0 2 0 1 3 
2 3 2 0 1 1 2 1 1 0 
3 0 3 3 3 1 3 1 2 3 
2 1 3 3 1 0 0 1 2 0 
1 2 2 0 1 0 0 3 3 3 
1 2 2 2 0 3 0 1 2 0 
2 2 0 2 3 3 3 3 0 1 
3 2 2 3 2 3 1 0 3 1 
0 1 1 3 2 2 0 1 0 3 
2 1 3 3 0 3 0 1 2 0 
2 1 3 3 1 0 1 2 2 0 
3 3 1 3 0 2 2 3 1 0 
2 0 1 3 1 0 1 0 2 1 
1 1 1 1 1 1 1 0 1 1 
3 2 0 0 1 3 1 2 1 2 
0 2 1 0 2 0 3 1 1 2 
0 0 0 0 1 0 3 0 0 0 
0 2 1 3 2 2 0 1 0 3 
2 2 2 2 2 2 2 0 2 2 
2 1 3 3 1 3 0 1 2 0 
2 1 3 2 0 3 0 1 2 0 
0 0 2 0 3 3 2 0 0 2 
0 2 3 2 1 2 2 1 3 1 
2 2 2 2 0 3 0 1 2 0 
0 0 0 2 0 1 0 0 0 0 
0 0 3 0 0 0 1 3 0 0 
0 0 0 1 2 1 0 3 2 2 
3 0 0 1 0 0 0 0 0 0 
0 2 2 1 3 1 3 2 0 0 
2 1 3 3 1 0 1 2 3 1 
2 1 3 3 1 0 1 2 3 0 
MFS
[ - , 1 , - , - , - , - , - , - , - , - ]
precise
1.0
recall
0.5
F-measure
0.6666666666666666
multi
1
time
all 31 iden 0 gen 31
t-cover
720
all-cover
720
coveredNum
(1 : 178)  (2 : 190)  (3 : 131)  (4 : 77)  (5 : 53)  (6 : 30)  (7 : 24)  (8 : 16)  (9 : 10)  (10 : 7)  (11 : 3)  (12 : 1)  
real Identify
([ - , 1 , - , - , - , - , - , - , - , - ] : 1)  
testCase Num: 58
regaular Num: 32
identify Num: 26
1 1 3 2 3 0 0 1 3 3 
1 1 0 0 2 3 0 2 3 0 
2 3 0 1 3 2 2 3 2 0 
3 2 0 2 0 0 3 0 3 2 
1 1 1 1 3 0 1 3 3 0 
2 3 0 0 1 2 3 2 3 1 
1 1 0 3 0 1 1 1 3 3 
2 2 3 2 3 0 0 1 3 3 
0 0 3 0 0 0 0 2 2 0 
3 2 2 1 1 0 0 3 2 1 
0 2 2 3 1 3 2 1 2 1 
3 0 0 0 2 2 0 0 0 0 
0 2 0 0 2 3 0 2 3 0 
2 2 3 3 1 2 0 0 0 3 
0 0 0 0 0 0 0 0 0 0 
3 3 2 3 0 0 1 2 1 0 
3 0 1 3 3 3 2 2 3 3 
0 3 3 1 0 3 2 1 1 2 
1 1 1 1 3 0 1 3 0 0 
3 1 2 0 3 1 3 0 0 2 
2 3 2 0 0 1 2 0 2 3 
1 0 2 2 1 0 2 2 3 2 
2 1 1 2 0 3 2 3 2 0 
1 1 0 3 0 1 1 2 0 0 
1 1 0 3 0 1 1 2 0 3 
2 2 1 1 1 1 1 0 1 1 
1 1 0 2 3 0 0 1 3 3 
1 1 1 0 2 3 0 2 3 0 
1 2 3 2 3 0 0 1 3 3 
0 2 0 0 3 2 1 3 1 3 
1 1 1 1 3 3 0 2 3 0 
1 2 0 0 2 3 0 2 3 0 
0 0 0 0 0 3 1 3 3 0 
2 2 1 1 2 0 0 2 0 3 
1 1 1 1 3 0 1 2 3 0 
1 1 0 3 0 1 1 2 3 3 
1 1 1 1 3 0 1 3 0 1 
2 0 2 2 2 2 1 1 2 2 
0 0 0 1 1 1 3 1 3 0 
0 1 0 0 2 3 0 2 3 0 
0 0 0 2 0 3 3 0 1 0 
2 1 3 2 3 0 0 1 3 3 
2 1 3 3 1 2 0 0 0 3 
0 0 0 0 3 0 0 0 0 1 
1 1 0 3 3 0 0 1 3 3 
1 2 3 3 2 1 3 3 0 0 
3 0 3 2 0 1 1 1 0 1 
1 1 0 3 0 0 0 1 3 3 
1 1 1 1 1 1 1 0 1 1 
1 1 1 1 3 0 0 2 3 0 
1 1 0 3 0 1 0 1 3 3 
1 1 1 1 2 3 0 2 3 0 
3 2 2 0 3 1 3 0 0 2 
1 3 0 0 2 3 2 0 0 1 
2 0 0 3 2 0 0 3 1 2 
0 3 1 2 2 1 0 2 2 2 
1 0 1 0 0 2 3 1 2 3 
2 2 1 2 0 3 2 3 2 0 
MFS
[ - , 1 , - , - , - , - , - , - , - , - ]
[ 1 , 1 , - , - , - , - , - , - , - , - ]
precise
0.5
recall
0.5
F-measure
0.5
multi
1
time
all 32 iden 0 gen 32
t-cover
717
all-cover
720
coveredNum
(1 : 149)  (2 : 181)  (3 : 124)  (4 : 76)  (5 : 46)  (6 : 41)  (7 : 35)  (8 : 19)  (9 : 8)  (10 : 13)  (11 : 14)  (12 : 6)  (13 : 2)  (14 : 2)  (16 : 2)  (17 : 1)  (19 : 1)  
real Identify
([ - , 1 , - , - , - , - , - , - , - , - ] : 1)  
