testCase Num: 65
regaular Num: 32
identify Num: 33
1 1 2 1 1 2 1 2 0 2 
1 1 2 1 1 2 1 2 0 1 
2 2 1 3 1 3 0 0 1 0 
3 0 1 1 3 1 0 0 1 2 
1 1 2 1 2 1 1 3 2 2 
1 1 2 1 2 1 1 3 3 2 
3 2 1 0 2 3 0 1 1 1 
1 2 0 0 3 3 0 1 3 1 
1 3 3 1 0 2 0 0 2 3 
1 1 2 2 1 1 1 1 0 1 
0 0 0 0 0 0 0 0 0 0 
2 1 2 3 2 3 0 0 1 0 
2 1 1 1 1 1 1 1 0 1 
2 1 2 0 1 3 0 0 1 0 
1 1 2 0 3 0 2 0 2 1 
3 1 3 2 3 1 2 0 3 0 
2 0 0 1 2 3 2 3 2 3 
1 1 2 1 2 1 1 3 3 3 
1 1 2 1 2 1 1 2 2 2 
1 1 2 1 2 1 1 1 0 1 
1 0 0 2 0 0 0 0 3 3 
1 1 2 0 2 1 0 2 2 2 
3 3 0 2 3 2 1 3 0 2 
1 1 1 1 1 1 1 1 0 1 
0 2 0 0 0 1 0 0 0 0 
1 1 2 1 3 1 0 2 2 2 
2 1 2 3 1 0 1 1 1 0 
2 2 3 2 1 0 1 2 0 0 
0 0 3 2 1 2 3 1 2 0 
2 1 0 3 0 1 3 3 1 3 
0 1 3 3 2 2 0 3 1 1 
1 1 2 1 1 2 1 1 0 1 
2 1 1 3 1 3 0 0 1 0 
0 2 3 0 3 2 0 2 2 3 
2 2 2 2 0 2 2 1 1 2 
3 2 2 0 0 3 1 0 2 2 
2 1 2 3 1 3 0 0 1 0 
1 2 2 0 2 1 0 2 2 2 
0 3 1 1 2 1 2 2 3 0 
1 2 2 1 2 0 1 0 1 0 
0 0 3 0 0 0 0 0 0 2 
1 0 0 0 1 0 0 2 0 3 
2 1 2 3 1 0 0 0 1 0 
2 1 2 3 1 0 1 0 2 0 
0 1 2 0 2 1 0 2 2 2 
2 1 2 3 1 0 1 0 2 1 
0 0 0 0 0 0 0 3 0 0 
2 2 1 2 2 1 2 1 1 2 
1 1 2 1 1 2 1 2 1 1 
0 2 1 2 2 3 3 3 0 1 
1 1 2 1 1 2 2 1 0 1 
1 0 2 3 1 0 3 3 3 2 
2 0 1 0 0 2 1 2 3 1 
1 1 2 1 2 1 0 2 2 2 
1 1 3 0 2 1 0 2 2 2 
0 0 0 0 2 0 0 1 0 0 
3 1 1 3 1 3 0 0 1 0 
3 3 2 3 1 0 2 1 0 3 
1 1 2 1 1 1 1 1 0 1 
2 3 0 1 3 0 3 0 0 0 
1 1 2 1 2 2 0 2 2 2 
1 2 1 1 1 1 1 1 0 1 
3 3 3 0 2 3 3 2 1 1 
0 2 1 3 3 0 1 2 2 3 
2 1 2 3 1 0 1 0 1 0 
MFS
[ - , 1 , 2 , - , 2 , 1 , - , - , - , 2 ]
[ 2 , 1 , - , 3 , 1 , - , - , 0 , - , 0 ]
[ 1 , 1 , - , 1 , 1 , - , 1 , - , 0 , 1 ]
precise
0.0
recall
0.0
F-measure
0.0
multi
1
time
all 47 iden 0 gen 47
t-cover
712
all-cover
720
coveredNum
(1 : 148)  (2 : 188)  (3 : 96)  (4 : 75)  (5 : 40)  (6 : 38)  (7 : 23)  (8 : 17)  (9 : 19)  (10 : 29)  (11 : 19)  (12 : 7)  (13 : 4)  (14 : 6)  (15 : 1)  (16 : 3)  (17 : 2)  (18 : 2)  (19 : 1)  (20 : 1)  (26 : 1)  
real Identify

testCase Num: 55
regaular Num: 33
identify Num: 22
1 3 0 3 3 2 2 0 1 3 
2 1 2 0 3 0 2 2 2 0 
2 1 3 3 2 0 1 1 2 0 
2 1 2 0 3 0 2 2 2 1 
2 1 2 3 2 0 1 1 2 0 
3 1 3 0 0 3 2 0 3 2 
1 1 1 0 1 1 1 1 1 1 
3 1 3 0 0 3 2 0 3 3 
3 1 3 0 0 3 3 3 2 2 
0 1 0 3 3 2 0 2 1 2 
2 1 3 0 3 3 2 3 2 2 
0 0 0 2 1 2 1 0 1 2 
3 1 3 2 0 1 3 0 2 3 
0 0 0 0 0 0 0 0 0 0 
0 3 1 0 1 0 3 2 0 0 
1 0 2 0 2 2 3 2 3 3 
3 2 3 3 2 1 1 1 3 1 
2 1 2 0 3 0 2 2 3 0 
3 1 3 0 0 3 2 3 2 2 
0 3 1 1 0 0 1 3 2 3 
3 1 3 0 3 3 2 3 2 2 
1 0 0 0 0 0 0 0 2 0 
2 1 2 0 2 0 1 1 2 0 
2 2 0 1 3 0 3 3 2 2 
2 2 1 0 1 3 0 1 2 3 
2 2 2 3 2 0 1 1 2 0 
0 2 2 3 1 1 2 3 0 3 
3 0 0 0 0 3 0 0 0 0 
3 1 3 1 3 3 2 3 2 2 
2 1 2 0 3 0 2 1 2 0 
2 0 1 3 0 3 1 0 3 2 
0 1 0 0 2 0 0 0 3 0 
1 2 3 1 2 1 1 2 0 2 
3 1 2 3 2 0 1 1 2 0 
3 1 3 0 0 0 2 3 2 2 
0 0 3 2 1 0 2 1 3 0 
1 2 2 1 0 0 0 0 1 1 
2 0 0 0 3 1 0 0 1 1 
2 1 2 0 3 1 1 1 2 0 
1 3 3 2 2 3 0 3 1 0 
2 1 2 0 3 0 1 1 2 0 
2 2 0 1 2 2 2 2 2 1 
3 3 2 1 3 0 3 1 3 2 
2 3 0 2 1 3 3 1 0 1 
3 1 3 0 0 3 2 0 2 2 
3 0 0 3 0 2 0 1 2 0 
3 2 3 0 3 3 2 3 2 2 
3 2 1 2 3 2 1 2 0 0 
0 0 2 2 0 0 0 0 0 0 
3 1 0 0 3 3 2 3 2 2 
0 2 0 0 0 0 0 0 3 0 
3 0 0 1 1 1 0 3 3 1 
0 2 3 3 0 2 3 3 1 1 
0 1 2 1 0 3 2 2 0 0 
3 3 1 0 2 1 2 0 1 0 
MFS
[ - , 1 , 3 , 0 , - , 3 , 2 , - , - , - ]
[ 2 , 1 , 2 , - , - , 0 , - , - , 2 , 0 ]
precise
0.0
recall
0.0
F-measure
0.0
multi
0
time
all 32 iden 0 gen 32
t-cover
683
all-cover
720
coveredNum
(1 : 162)  (2 : 214)  (3 : 127)  (4 : 60)  (5 : 33)  (6 : 25)  (7 : 19)  (8 : 17)  (9 : 15)  (10 : 22)  (11 : 14)  (12 : 3)  (13 : 3)  (14 : 2)  (16 : 2)  (18 : 2)  
real Identify

testCase Num: 66
regaular Num: 33
identify Num: 33
3 2 0 1 1 2 3 0 3 3 
0 3 1 1 3 1 3 3 0 2 
2 3 3 0 1 3 0 3 2 1 
2 0 1 1 0 2 2 1 2 0 
0 0 3 2 1 1 2 0 3 2 
3 3 2 2 3 2 2 3 1 0 
2 1 1 3 3 3 2 0 3 1 
2 1 1 2 3 3 3 0 3 1 
2 1 1 2 3 3 3 0 3 2 
1 1 2 2 1 0 2 2 2 2 
1 1 2 2 1 0 2 2 2 1 
3 0 1 1 2 3 0 2 0 1 
0 2 2 0 0 3 3 2 1 1 
1 1 0 1 0 3 1 2 3 2 
1 1 0 1 0 3 1 2 3 1 
2 2 1 1 2 1 1 1 1 2 
1 2 3 3 1 0 2 2 0 0 
0 0 0 0 0 0 0 0 0 0 
2 2 0 2 2 1 1 2 2 2 
1 1 0 1 0 3 2 2 2 1 
3 0 0 0 0 1 1 3 1 1 
1 0 1 0 2 2 2 0 0 2 
1 1 2 2 1 0 2 2 1 1 
0 0 3 3 2 3 3 1 1 3 
1 1 0 1 3 2 1 2 2 1 
1 1 3 0 3 2 1 2 2 1 
1 1 0 1 0 2 1 2 2 1 
2 1 0 2 3 3 2 0 3 1 
1 1 1 1 1 0 1 1 1 1 
1 1 2 3 0 1 0 2 3 3 
3 1 3 0 2 2 1 1 0 2 
0 2 3 0 3 2 2 3 2 1 
1 1 0 1 0 3 1 2 2 1 
0 3 0 0 0 3 1 1 0 0 
1 1 2 2 1 1 1 1 1 1 
1 3 1 0 2 0 1 3 3 3 
1 2 0 3 0 0 2 1 0 1 
0 0 2 0 1 0 0 0 0 0 
3 0 2 3 3 0 1 0 2 2 
2 2 1 2 3 0 0 1 0 3 
2 1 1 1 1 0 1 1 1 1 
2 1 1 2 3 3 3 1 3 1 
1 1 2 2 1 0 1 1 1 1 
0 0 0 0 0 3 0 0 0 2 
1 2 1 1 1 0 1 1 1 1 
0 2 1 3 0 0 0 3 0 1 
0 1 3 0 3 2 1 2 2 1 
1 1 0 2 3 3 2 0 3 1 
2 1 1 2 3 0 2 0 3 1 
0 0 0 0 0 0 2 0 2 3 
2 1 2 1 2 1 1 1 3 0 
0 3 0 0 0 0 0 2 0 0 
2 2 0 2 3 3 2 0 3 1 
1 1 2 2 1 0 2 1 1 1 
2 0 0 0 0 0 3 0 0 0 
2 1 1 2 0 3 2 0 3 1 
2 1 1 2 3 3 3 0 0 1 
1 2 3 0 3 2 1 2 2 1 
1 1 2 1 1 0 1 1 1 1 
2 1 1 2 3 3 2 0 3 1 
0 0 3 1 0 0 0 0 0 0 
1 1 0 0 3 2 1 2 2 1 
2 3 0 3 0 2 0 0 1 2 
1 1 2 2 2 0 1 1 1 1 
1 1 0 1 0 3 1 3 2 1 
1 1 3 2 0 0 3 3 2 0 
MFS
[ - , 1 , - , - , - , - , 1 , 2 , - , - ]
[ - , 1 , - , 2 , 3 , 3 , - , 0 , 3 , - ]
[ 1 , 1 , - , - , 1 , 0 , - , - , - , 1 ]
precise
0.0
recall
0.0
F-measure
0.0
multi
1
time
all 62 iden 0 gen 62
t-cover
703
all-cover
720
coveredNum
(1 : 142)  (2 : 175)  (3 : 114)  (4 : 63)  (5 : 42)  (6 : 34)  (7 : 29)  (8 : 32)  (9 : 22)  (10 : 24)  (11 : 17)  (12 : 7)  (13 : 6)  (14 : 2)  (15 : 3)  (16 : 2)  (17 : 3)  (20 : 1)  (21 : 1)  (27 : 1)  
real Identify

testCase Num: 53
regaular Num: 31
identify Num: 22
0 3 3 0 3 1 2 0 0 3 
0 0 1 3 0 1 0 1 3 2 
3 1 2 1 1 0 0 3 3 2 
0 1 2 2 3 1 2 3 0 2 
1 1 1 1 0 1 1 1 1 1 
1 3 2 0 2 2 0 3 1 3 
2 3 0 2 2 1 1 0 3 2 
0 1 3 2 3 0 3 2 3 3 
3 1 2 1 1 1 1 3 0 2 
2 0 1 1 1 2 0 2 2 3 
1 2 1 1 2 1 2 3 1 2 
0 1 2 2 3 0 3 3 0 2 
3 1 2 1 1 1 1 0 3 2 
0 0 0 0 0 0 0 0 0 0 
3 2 2 0 1 0 0 3 3 2 
2 2 0 2 3 0 0 3 1 1 
1 3 1 2 1 0 1 0 2 0 
3 1 3 0 1 0 0 3 3 2 
0 1 2 2 3 0 3 0 0 2 
3 2 1 1 3 3 0 0 3 0 
0 1 2 2 3 0 3 0 0 3 
3 1 2 1 1 1 0 3 3 2 
0 1 2 2 3 0 2 3 0 2 
1 2 3 3 3 0 0 1 2 2 
3 0 3 2 2 3 3 1 1 0 
0 1 2 1 2 0 2 3 0 2 
2 2 2 2 1 2 2 1 0 2 
0 2 1 1 2 0 2 3 0 2 
3 0 0 0 0 2 0 0 0 0 
0 1 2 2 3 0 3 0 1 2 
2 3 1 0 0 3 3 1 2 3 
3 1 2 1 1 1 1 3 3 3 
2 0 3 3 1 1 1 3 2 0 
0 1 2 3 1 2 3 0 2 1 
3 1 2 1 1 1 1 3 3 2 
2 1 0 2 0 3 3 3 0 0 
3 2 2 0 0 1 1 2 0 3 
0 0 2 3 3 3 1 3 0 1 
1 3 2 1 3 2 2 2 0 0 
0 1 2 0 1 0 0 3 3 2 
0 1 2 2 2 0 2 3 0 2 
0 2 0 0 2 1 3 0 1 0 
1 1 1 1 2 0 2 3 0 2 
3 1 2 0 1 0 0 3 3 2 
0 2 3 0 2 0 0 0 0 2 
3 1 2 1 2 0 0 3 3 2 
0 2 0 3 0 2 1 1 1 3 
3 3 0 3 2 3 2 2 2 1 
1 0 3 0 0 2 2 0 3 1 
1 0 0 1 1 3 3 2 1 2 
0 0 3 1 0 0 0 0 0 0 
0 1 1 1 2 0 2 3 0 2 
0 0 0 0 0 0 2 0 1 0 
MFS
[ 3 , 1 , 2 , - , 1 , - , - , 3 , 3 , - ]
[ 0 , 1 , - , - , - , 0 , - , - , 0 , - ]
precise
0.0
recall
0.0
F-measure
0.0
multi
0
time
all 47 iden 0 gen 47
t-cover
686
all-cover
720
coveredNum
(1 : 188)  (2 : 211)  (3 : 112)  (4 : 56)  (5 : 41)  (6 : 21)  (7 : 22)  (8 : 18)  (9 : 16)  (10 : 8)  (11 : 9)  (12 : 7)  (14 : 2)  (15 : 2)  (16 : 1)  (17 : 3)  (18 : 3)  
real Identify

testCase Num: 65
regaular Num: 32
identify Num: 33
0 3 0 1 1 2 0 2 2 0 
3 0 0 1 2 1 3 3 1 3 
1 2 0 0 1 2 3 2 3 2 
0 1 0 3 1 0 0 1 1 3 
1 1 3 3 2 0 3 0 1 2 
2 1 0 0 2 3 2 1 0 1 
1 1 3 3 2 0 3 0 1 3 
0 0 0 0 0 1 2 0 0 0 
2 2 1 2 2 2 0 1 2 2 
1 3 2 3 2 0 0 2 1 0 
0 2 0 3 1 0 3 0 0 3 
0 0 2 0 2 2 1 3 3 1 
1 1 3 3 1 0 2 3 0 2 
2 0 3 3 0 1 1 2 0 2 
0 3 1 1 0 1 3 1 3 0 
2 1 3 2 1 0 2 3 0 2 
0 0 0 0 0 0 0 0 0 0 
0 1 0 3 2 0 3 0 0 3 
3 1 1 1 2 3 2 1 0 1 
2 3 2 1 1 0 3 3 0 3 
3 3 3 0 3 1 1 1 2 0 
3 0 1 3 3 3 2 2 3 3 
1 3 1 2 0 0 2 0 0 1 
1 0 1 0 3 2 0 3 0 3 
0 1 0 3 1 0 0 0 0 3 
2 2 0 2 1 1 2 3 0 3 
0 2 3 2 0 3 1 3 1 3 
2 2 0 1 3 3 3 1 0 1 
1 1 3 3 2 0 3 0 0 2 
1 1 3 3 2 0 2 3 0 2 
3 1 1 0 2 0 2 2 0 1 
0 1 2 3 0 2 2 3 2 1 
1 1 3 2 1 0 2 3 0 2 
3 2 0 0 2 3 2 1 0 1 
3 2 2 0 2 1 1 3 0 0 
1 1 3 3 2 1 2 3 0 2 
0 0 0 0 0 3 0 0 0 0 
3 1 0 0 2 3 2 1 0 1 
3 1 1 0 2 3 2 1 0 1 
3 1 0 3 1 0 3 0 0 3 
0 1 0 3 1 0 3 0 0 3 
0 1 1 3 1 0 3 0 0 3 
1 1 3 3 2 0 3 3 0 2 
3 1 1 0 2 0 2 2 1 2 
3 1 1 0 2 0 3 1 0 1 
3 1 1 0 2 0 2 2 1 1 
0 1 0 3 1 1 3 0 0 3 
0 1 0 0 1 0 3 0 0 3 
3 2 1 0 2 1 3 0 1 3 
2 0 0 0 0 1 0 1 1 0 
1 1 1 1 1 1 1 0 1 1 
1 0 2 2 1 3 2 1 2 0 
0 1 0 3 1 0 0 1 0 0 
3 1 3 2 3 0 0 2 3 1 
0 1 0 3 1 0 0 1 0 3 
2 1 0 2 3 1 3 0 3 0 
3 1 1 0 3 3 2 1 0 1 
0 3 3 1 2 3 3 0 2 2 
1 1 0 2 1 0 2 3 0 2 
3 2 2 1 3 2 2 0 1 2 
3 1 1 0 2 0 2 1 0 1 
0 2 0 3 3 0 1 1 2 3 
3 2 0 0 0 0 3 0 0 1 
1 2 3 2 1 0 2 3 0 2 
0 0 3 0 0 2 0 0 0 0 
MFS
[ - , 1 , - , 0 , 2 , - , 2 , - , - , - ]
[ 1 , 1 , 3 , - , - , 0 , - , - , - , 2 ]
[ - , 1 , 0 , 3 , 1 , 0 , - , - , 0 , - ]
precise
0.0
recall
0.0
F-measure
0.0
multi
0
time
all 78 iden 0 gen 78
t-cover
710
all-cover
720
coveredNum
(1 : 158)  (2 : 195)  (3 : 99)  (4 : 55)  (5 : 46)  (6 : 27)  (7 : 24)  (8 : 23)  (9 : 12)  (10 : 24)  (11 : 17)  (12 : 14)  (13 : 8)  (14 : 4)  (15 : 3)  (16 : 4)  (17 : 2)  (18 : 1)  (19 : 1)  (24 : 2)  (25 : 1)  
real Identify

testCase Num: 53
regaular Num: 31
identify Num: 22
1 1 1 0 1 2 1 1 1 1 
2 1 0 1 1 1 2 3 0 0 
1 1 1 0 1 1 2 1 2 1 
2 1 3 1 1 0 2 3 0 0 
3 0 0 0 1 0 1 0 3 0 
1 1 2 0 1 1 1 1 1 1 
1 1 1 0 1 1 2 1 2 2 
1 1 1 0 1 1 1 1 1 1 
3 0 1 1 0 1 2 2 1 0 
0 0 0 0 0 3 0 1 0 0 
1 1 1 1 1 1 1 1 1 1 
2 1 0 2 1 0 2 3 0 0 
0 0 0 0 0 0 2 0 0 0 
0 0 0 0 0 0 0 0 0 0 
1 3 2 0 1 1 3 0 0 0 
2 1 0 2 0 0 3 0 0 3 
3 1 0 0 2 3 0 0 3 1 
2 1 0 1 1 0 3 0 0 0 
2 3 0 1 3 1 2 1 3 3 
1 1 1 0 1 1 2 2 1 1 
2 2 2 1 2 2 2 0 1 2 
2 1 0 1 1 0 2 3 0 0 
2 2 3 1 1 0 2 3 0 0 
2 0 2 0 0 3 1 3 2 3 
2 1 0 1 1 0 3 0 1 1 
1 2 3 0 0 2 3 1 3 2 
0 1 2 2 3 0 1 2 3 2 
0 3 1 3 2 2 1 0 0 1 
0 3 1 2 0 3 2 3 1 2 
0 2 1 1 2 1 0 3 0 3 
2 1 0 1 1 0 3 0 1 0 
3 2 3 2 2 1 2 3 0 1 
1 0 3 1 2 3 3 2 0 1 
2 0 1 3 3 0 0 1 2 0 
1 1 0 3 0 2 2 3 2 1 
3 1 3 1 1 0 2 3 0 0 
1 0 3 3 0 0 0 2 1 0 
2 1 1 0 1 1 1 1 1 1 
2 2 0 0 3 0 0 2 1 1 
3 3 3 2 1 2 0 2 2 3 
1 0 3 2 3 2 1 0 0 0 
1 1 1 0 1 1 2 1 1 1 
2 2 2 1 2 2 1 2 1 2 
0 2 0 1 1 3 1 0 2 2 
2 1 0 1 1 0 3 3 0 0 
0 0 2 2 0 0 0 0 0 1 
0 2 3 2 2 1 3 1 2 0 
3 0 2 3 1 1 0 1 0 2 
2 1 0 1 2 0 2 3 0 0 
1 1 1 0 2 1 1 1 1 1 
1 3 1 3 2 0 3 0 1 3 
1 2 1 0 1 1 1 1 1 1 
3 2 1 3 3 3 3 3 3 0 
MFS
[ 2 , 1 , - , 1 , 1 , 0 , - , - , - , 0 ]
[ 1 , 1 , 1 , 0 , 1 , 1 , - , 1 , - , 1 ]
precise
0.0
recall
0.0
F-measure
0.0
multi
0
time
all 47 iden 0 gen 47
t-cover
699
all-cover
720
coveredNum
(1 : 176)  (2 : 225)  (3 : 123)  (4 : 50)  (5 : 36)  (6 : 15)  (7 : 11)  (8 : 12)  (9 : 19)  (10 : 27)  (11 : 16)  (12 : 7)  (14 : 2)  (18 : 1)  
real Identify

testCase Num: 88
regaular Num: 33
identify Num: 55
0 2 0 3 0 1 0 2 1 3 
0 1 3 2 3 1 0 2 0 3 
3 3 0 0 0 2 0 0 0 2 
1 1 1 1 1 2 0 1 1 1 
2 1 2 0 0 0 0 0 2 2 
1 1 2 0 3 0 3 0 2 2 
0 1 2 0 0 3 2 0 3 2 
3 0 1 0 2 3 1 0 1 3 
3 1 3 2 3 2 0 2 0 3 
1 1 1 1 2 1 0 1 1 1 
2 1 2 0 0 1 3 0 2 2 
1 1 0 3 2 3 0 2 2 0 
2 2 2 2 2 2 1 2 1 1 
3 1 3 2 3 2 1 3 0 0 
1 1 1 3 2 3 0 2 2 0 
1 1 1 1 1 1 1 1 1 1 
0 1 2 0 0 2 2 0 3 2 
0 1 2 0 0 2 2 0 3 3 
1 1 1 2 1 1 0 1 1 1 
2 3 3 3 1 3 3 3 0 3 
2 3 2 0 3 2 0 1 2 1 
0 0 0 0 0 0 0 0 0 0 
3 2 3 0 0 1 3 1 2 1 
1 0 3 1 2 2 3 2 0 2 
0 2 2 3 3 2 2 0 3 2 
0 3 2 0 2 3 1 1 2 3 
2 2 2 0 3 0 3 0 2 2 
2 1 2 0 0 0 0 1 3 2 
3 1 2 3 3 2 2 0 3 2 
1 1 0 3 3 3 0 2 2 0 
0 1 3 3 3 2 2 0 3 2 
1 1 0 3 2 0 0 2 2 0 
0 0 0 0 0 1 0 0 0 2 
0 2 0 1 3 2 1 3 1 3 
0 3 1 0 0 0 0 0 0 0 
2 1 3 0 3 0 3 0 2 2 
3 1 3 2 3 2 1 2 0 3 
0 3 0 3 1 0 3 1 1 2 
0 2 1 0 3 0 0 2 3 0 
1 3 2 2 0 3 2 2 1 0 
1 1 0 3 2 3 1 2 2 0 
2 1 2 1 3 0 3 0 2 2 
1 1 2 1 1 1 0 1 1 1 
1 1 1 1 1 1 0 2 1 1 
3 1 3 2 0 1 0 2 0 3 
3 1 3 2 3 1 0 2 0 3 
1 2 1 1 1 1 0 1 1 1 
3 2 3 2 3 1 0 2 0 3 
2 1 2 0 0 0 0 1 2 2 
2 3 3 1 0 1 1 0 3 0 
2 1 2 0 0 0 0 1 2 3 
0 1 2 0 0 2 2 0 0 2 
1 2 0 1 3 3 0 3 3 2 
3 1 3 2 3 2 1 3 1 3 
0 0 0 0 0 3 0 0 0 1 
2 2 1 2 2 0 1 2 2 2 
0 2 1 2 1 2 3 0 3 0 
1 1 0 3 2 3 1 3 3 0 
0 1 2 0 3 2 2 0 3 2 
1 1 1 1 1 1 0 1 2 2 
3 2 3 3 3 3 3 1 0 2 
1 1 1 1 1 1 0 1 2 1 
0 1 2 0 0 2 2 1 3 2 
2 0 1 3 3 0 2 1 0 0 
2 1 0 2 2 1 0 3 1 1 
1 2 0 3 2 3 0 2 2 0 
3 0 2 1 1 0 2 3 2 0 
2 1 1 1 1 1 0 1 1 1 
1 1 0 0 2 3 0 2 2 0 
0 1 0 0 1 0 1 0 0 0 
3 1 3 3 3 1 0 2 0 3 
0 0 3 0 1 0 2 2 1 1 
2 1 2 0 0 0 3 0 2 2 
0 1 2 3 3 2 2 0 3 2 
0 1 0 3 2 3 0 2 2 0 
0 2 0 0 0 0 2 0 0 0 
3 1 3 2 3 2 1 3 0 3 
2 1 2 0 3 0 3 0 2 2 
1 1 1 0 0 0 2 3 3 3 
1 2 3 1 3 1 3 0 3 3 
1 1 0 3 2 3 1 3 2 0 
1 1 0 3 2 3 1 3 2 1 
1 2 2 3 0 1 1 0 0 1 
1 1 1 1 1 1 0 1 1 1 
0 0 0 2 2 1 2 1 3 1 
0 1 2 0 0 2 3 0 3 2 
3 1 0 2 3 1 0 2 0 3 
0 0 0 0 0 0 0 2 3 0 
MFS
[ 1 , 1 , 1 , 1 , 1 , 1 , 0 , 1 , - , - ]
[ - , 1 , 2 , 0 , - , 0 , - , - , 2 , 2 ]
[ - , 1 , 2 , - , - , 2 , 2 , 0 , 3 , - ]
[ - , 1 , 0 , 3 , 2 , 3 , - , - , 2 , - ]
[ 3 , 1 , 3 , 2 , 3 , - , - , - , 0 , - ]
precise
0.0
recall
0.0
F-measure
0.0
multi
0
time
all 31 iden 0 gen 31
t-cover
718
all-cover
720
coveredNum
(1 : 80)  (2 : 139)  (3 : 106)  (4 : 80)  (5 : 42)  (6 : 36)  (7 : 26)  (8 : 26)  (9 : 39)  (10 : 40)  (11 : 46)  (12 : 21)  (13 : 11)  (14 : 2)  (15 : 3)  (16 : 4)  (17 : 5)  (18 : 5)  (19 : 4)  (20 : 2)  (21 : 2)  (26 : 1)  
real Identify

testCase Num: 43
regaular Num: 32
identify Num: 11
3 3 3 1 1 2 0 1 0 3 
2 1 1 3 1 3 1 0 0 0 
3 1 3 2 0 0 3 1 1 0 
1 2 2 3 0 0 1 2 3 3 
3 2 3 2 0 0 3 1 1 0 
3 2 3 0 3 3 3 3 2 1 
0 1 0 1 0 3 3 2 0 3 
0 0 2 0 3 3 2 1 1 3 
3 1 0 2 0 0 3 1 1 0 
0 3 1 2 2 3 1 0 3 2 
2 1 0 3 3 1 0 3 1 2 
0 2 1 0 2 2 0 2 1 0 
1 0 3 3 2 2 3 0 2 2 
2 3 0 0 2 0 0 0 0 0 
1 3 0 3 2 3 0 1 2 1 
3 1 0 2 1 0 3 1 2 1 
2 1 2 1 2 2 2 2 2 0 
0 1 3 1 1 0 2 3 2 1 
0 0 2 0 0 0 0 0 0 1 
0 0 0 0 0 2 1 0 0 0 
3 1 0 2 1 0 0 1 1 0 
2 2 0 1 0 2 0 0 3 1 
0 2 0 2 1 1 2 2 0 1 
3 1 0 2 1 0 3 1 2 0 
0 0 1 0 0 0 0 0 0 3 
0 0 0 0 0 0 0 0 0 0 
3 0 0 0 0 0 0 2 0 0 
2 2 3 3 0 1 0 2 1 1 
3 3 1 0 0 1 2 3 3 0 
0 2 1 3 0 1 2 1 2 2 
1 0 1 1 1 1 1 1 1 1 
3 1 0 3 0 0 3 1 1 0 
3 1 0 2 1 1 3 1 1 0 
1 0 0 0 3 0 2 0 0 0 
3 1 2 0 1 1 3 1 3 2 
2 1 3 2 0 0 3 1 1 0 
3 0 0 2 2 0 1 3 2 3 
0 3 1 1 3 0 3 2 0 2 
3 3 2 3 2 1 2 0 1 3 
3 1 0 2 1 0 3 1 1 0 
3 1 0 2 1 0 3 2 1 0 
1 1 2 2 3 2 0 3 0 0 
2 0 3 0 3 1 1 2 3 3 
MFS
[ - , 1 , - , 2 , - , 0 , 3 , 1 , - , 0 ]
precise
0.0
recall
0.0
F-measure
0.0
multi
0
time
all 31 iden 0 gen 31
t-cover
680
all-cover
720
coveredNum
(1 : 223)  (2 : 249)  (3 : 108)  (4 : 49)  (5 : 17)  (6 : 20)  (7 : 13)  (8 : 8)  (9 : 10)  (10 : 14)  (11 : 5)  (12 : 3)  (13 : 1)  
real Identify

testCase Num: 88
regaular Num: 33
identify Num: 55
1 0 2 0 3 1 3 3 2 2 
2 1 1 3 1 2 0 0 3 0 
0 0 0 0 3 2 0 0 0 0 
3 1 1 3 1 2 0 0 0 1 
3 1 3 1 0 1 1 2 2 0 
3 1 1 3 1 2 0 0 0 0 
3 1 3 1 0 1 1 2 2 1 
0 2 0 3 2 2 3 1 0 1 
3 1 3 2 3 0 1 2 1 0 
2 2 3 0 0 1 2 1 0 3 
0 0 0 2 0 0 1 0 0 0 
0 0 1 2 2 2 2 3 1 0 
3 2 1 3 1 2 0 0 3 0 
0 2 0 2 3 0 2 3 1 0 
1 2 2 3 3 1 0 2 0 0 
3 1 1 3 1 2 0 1 3 0 
0 1 1 0 3 2 3 1 0 1 
0 1 2 3 1 1 2 3 3 3 
0 1 1 0 2 3 3 2 0 1 
0 1 2 3 1 1 2 3 3 0 
0 1 0 1 1 0 0 0 2 0 
0 0 0 0 0 0 0 0 0 0 
1 3 0 2 0 0 2 3 0 1 
3 1 3 1 0 1 1 3 1 0 
0 1 2 3 2 0 2 2 3 3 
0 0 0 0 2 1 0 0 0 0 
0 3 3 3 1 1 2 1 1 0 
0 1 2 2 1 0 2 2 3 3 
2 0 0 0 0 2 3 2 1 1 
2 2 2 0 2 3 1 1 3 1 
0 1 0 1 1 1 0 0 2 0 
0 1 3 1 3 0 1 2 1 0 
0 1 1 0 2 2 3 1 0 1 
3 3 3 2 3 1 2 0 2 2 
3 2 3 1 3 0 1 2 1 0 
0 1 2 3 1 1 2 3 0 3 
0 1 1 0 2 3 0 1 0 1 
3 1 0 3 2 2 3 1 0 1 
2 3 1 0 3 0 3 1 3 1 
3 1 0 1 3 0 1 2 1 0 
3 0 2 1 0 0 2 0 0 0 
1 2 1 0 0 1 0 0 3 1 
0 1 0 1 1 0 1 1 2 0 
0 1 2 3 1 1 3 2 3 3 
0 1 0 1 1 0 1 1 2 1 
2 2 0 1 1 3 3 3 2 0 
0 1 1 3 2 2 3 1 0 1 
0 1 1 0 2 3 3 1 1 1 
0 0 2 2 2 3 2 1 0 0 
2 2 2 0 2 2 1 2 1 2 
1 3 3 1 2 2 0 0 2 3 
3 1 1 3 2 2 0 0 3 0 
3 1 3 1 0 1 2 2 1 0 
3 1 1 0 0 3 0 3 0 2 
3 1 1 3 1 3 0 0 3 0 
0 1 0 1 0 0 0 0 2 0 
3 1 1 0 1 2 0 0 3 0 
0 1 2 3 1 0 2 2 3 3 
0 1 3 2 1 0 2 2 3 3 
3 2 0 3 3 2 0 2 1 2 
3 1 1 3 1 2 0 0 3 0 
0 1 1 0 0 0 0 0 2 0 
0 1 0 0 0 0 0 0 2 0 
3 1 2 3 1 2 0 0 3 0 
3 0 0 1 1 1 1 0 3 2 
0 1 2 3 1 1 2 2 3 3 
0 1 1 0 2 3 3 1 0 1 
3 2 1 0 1 0 1 2 0 3 
0 1 1 0 2 3 3 1 0 2 
0 0 1 3 2 0 1 1 2 2 
0 1 0 1 1 0 1 1 3 0 
0 2 0 2 3 3 3 0 1 3 
0 3 2 1 0 3 1 2 2 1 
3 1 3 1 0 1 1 2 1 0 
2 2 1 2 2 0 0 0 3 1 
0 2 0 0 0 0 0 0 2 0 
1 1 2 2 1 0 2 2 3 3 
1 2 3 2 2 0 3 2 0 3 
1 0 3 3 0 3 1 3 3 3 
0 2 2 2 1 0 2 2 3 3 
1 1 0 0 0 0 0 0 2 0 
3 1 3 1 0 0 1 2 1 0 
3 1 3 1 3 0 1 2 1 0 
1 1 1 1 1 1 0 1 1 1 
3 1 1 3 1 2 1 0 3 0 
0 1 0 3 2 2 3 1 0 1 
0 0 3 0 0 0 3 0 0 1 
0 1 0 1 1 0 1 0 2 0 
MFS
[ 0 , 1 , 2 , - , 1 , - , 2 , - , 3 , - ]
[ - , 1 , - , - , 2 , - , 3 , 1 , 0 , 1 ]
[ - , 1 , 1 , 3 , 1 , 2 , 0 , 0 , - , 0 ]
[ 3 , 1 , 3 , 1 , - , - , 1 , 2 , - , - ]
[ 0 , 1 , 0 , - , - , 0 , - , - , 2 , 0 ]
precise
0.0
recall
0.0
F-measure
0.0
multi
1
time
all 31 iden 0 gen 31
t-cover
714
all-cover
720
coveredNum
(1 : 98)  (2 : 145)  (3 : 96)  (4 : 67)  (5 : 48)  (6 : 28)  (7 : 34)  (8 : 34)  (9 : 24)  (10 : 35)  (11 : 38)  (12 : 21)  (13 : 12)  (14 : 9)  (15 : 4)  (16 : 5)  (17 : 5)  (18 : 2)  (19 : 6)  (20 : 4)  (22 : 2)  (25 : 1)  (28 : 2)  
real Identify

testCase Num: 87
regaular Num: 32
identify Num: 55
1 1 3 0 2 0 2 3 2 2 
0 0 0 0 0 0 1 3 0 0 
2 2 0 1 1 1 1 1 1 1 
2 1 0 2 1 1 2 1 1 1 
2 1 3 1 0 3 0 2 0 3 
2 1 3 2 0 0 0 2 0 3 
2 1 2 1 0 3 0 2 0 3 
2 1 2 0 1 0 0 1 1 2 
2 1 3 1 3 1 2 3 2 2 
0 1 1 3 3 2 0 1 3 0 
2 0 2 1 3 1 2 3 0 0 
1 0 0 0 0 0 0 0 3 0 
2 2 3 0 2 0 2 3 2 2 
2 1 3 2 0 3 0 2 1 3 
2 1 3 1 3 0 3 3 3 3 
1 1 0 1 1 1 1 1 1 1 
2 1 3 1 3 0 2 3 2 2 
2 1 3 1 3 0 3 3 3 2 
3 0 2 0 2 2 1 1 3 3 
0 0 0 0 0 0 0 0 0 0 
1 2 1 1 2 2 1 1 2 1 
2 1 2 0 1 1 3 0 1 2 
3 2 2 1 1 0 1 3 1 3 
0 0 0 0 2 1 0 0 0 0 
1 0 1 2 1 2 1 2 2 0 
0 3 0 3 2 0 1 0 2 1 
2 1 0 2 1 1 1 1 1 1 
2 1 2 0 1 0 3 0 1 2 
0 3 0 0 3 2 3 2 0 0 
0 1 1 0 3 3 1 1 3 0 
3 2 3 3 1 0 0 1 0 2 
0 1 1 0 3 3 1 2 0 0 
1 2 0 0 2 1 2 0 2 2 
0 1 1 0 3 3 1 2 0 1 
2 1 2 0 1 0 0 0 2 3 
2 1 2 0 1 0 0 0 2 2 
2 1 0 2 1 2 1 1 1 1 
2 1 3 2 0 3 0 3 0 3 
1 3 3 2 3 0 3 1 0 3 
2 1 3 1 3 0 3 3 2 2 
3 0 2 3 3 1 3 2 2 2 
2 1 1 1 1 1 1 1 1 1 
2 1 3 2 1 3 0 2 0 3 
1 1 1 3 3 2 0 1 3 0 
2 1 0 1 1 1 1 1 1 1 
0 0 0 0 3 0 0 0 1 0 
3 1 2 0 1 0 3 0 1 2 
1 2 2 3 0 2 0 1 3 1 
0 0 1 1 0 0 0 0 0 0 
2 2 2 1 0 3 0 2 0 3 
2 1 0 2 1 1 2 2 1 1 
2 1 0 2 1 1 2 2 1 2 
2 1 2 1 1 0 3 0 1 2 
0 0 3 0 0 3 0 0 0 0 
3 3 1 0 1 1 2 0 1 3 
0 1 1 0 3 3 0 1 3 0 
3 1 0 2 0 0 3 2 3 1 
2 1 2 0 1 0 0 0 1 2 
2 2 1 2 2 2 2 2 0 1 
0 3 2 2 1 3 0 3 3 3 
2 1 3 2 0 3 1 2 0 3 
0 2 1 3 3 2 0 1 3 0 
3 2 1 1 2 3 3 3 1 0 
2 2 0 3 0 3 2 1 2 3 
0 1 1 0 3 2 0 1 3 0 
2 1 2 0 2 0 3 0 1 2 
0 0 3 2 0 1 0 2 1 1 
2 1 3 0 2 0 2 3 2 2 
2 1 0 0 2 0 2 3 2 2 
0 0 0 1 2 3 0 2 2 2 
1 2 2 0 3 3 1 0 0 1 
0 1 1 0 0 2 0 1 3 0 
0 2 1 2 0 1 2 0 3 2 
2 1 0 2 1 1 2 2 2 1 
0 1 2 3 3 2 0 1 3 0 
2 1 3 0 1 0 3 0 1 2 
0 1 1 0 3 3 1 2 3 0 
2 2 2 0 1 0 3 0 1 2 
2 1 3 1 2 0 2 3 2 2 
3 1 2 1 0 3 0 2 0 3 
2 1 3 2 0 3 0 2 0 0 
2 1 3 2 0 3 0 2 0 3 
2 1 3 1 3 0 3 0 2 2 
3 2 3 1 2 1 3 1 1 3 
2 3 3 1 0 2 1 0 3 2 
2 1 0 2 2 1 1 1 1 1 
1 0 0 3 0 2 0 3 1 1 
MFS
[ - , 1 , 0 , - , 1 , 1 , - , - , 1 , - ]
[ 2 , 1 , 2 , 0 , 1 , 0 , - , 0 , - , 2 ]
[ - , 1 , 3 , - , - , 0 , - , 3 , - , - ]
[ 2 , 1 , - , - , 0 , 3 , 0 , 2 , 0 , - ]
[ 0 , 1 , 1 , - , 3 , - , - , - , - , 0 ]
precise
0.0
recall
0.0
F-measure
0.0
multi
0
time
all 32 iden 0 gen 32
t-cover
720
all-cover
720
coveredNum
(1 : 93)  (2 : 122)  (3 : 109)  (4 : 68)  (36 : 1)  (5 : 48)  (6 : 48)  (7 : 40)  (8 : 32)  (9 : 27)  (10 : 40)  (11 : 34)  (12 : 12)  (13 : 15)  (14 : 6)  (15 : 5)  (16 : 3)  (17 : 3)  (18 : 3)  (19 : 9)  (20 : 2)  
real Identify

