testCase Num: 66
regaular Num: 33
identify Num: 33
0 2 2 1 2 0 1 1 3 0 
0 1 1 3 0 3 1 0 1 0 
0 2 0 0 2 1 2 0 1 2 
0 0 0 1 0 0 0 3 0 0 
3 1 1 1 3 2 3 3 0 3 
0 1 3 2 0 0 3 3 3 1 
3 0 0 1 1 2 3 1 1 3 
2 1 2 3 2 0 0 3 0 1 
3 2 3 3 3 1 3 3 1 0 
2 1 2 3 2 0 0 3 0 0 
0 1 3 2 0 3 0 3 0 1 
0 1 0 2 0 3 3 3 3 1 
3 1 0 0 2 1 2 3 0 2 
3 1 1 1 3 2 3 3 1 2 
0 1 0 0 2 1 2 3 0 2 
3 3 0 1 0 3 1 2 2 2 
0 0 2 0 0 0 0 0 2 0 
0 0 0 0 0 0 0 0 0 0 
2 1 2 3 2 3 3 2 0 0 
1 3 3 1 3 2 2 1 0 0 
3 1 1 1 3 2 2 3 0 2 
0 2 3 2 0 3 3 3 3 1 
2 1 2 2 1 3 3 2 0 0 
2 2 1 2 1 3 3 2 0 0 
3 2 1 0 3 0 2 0 3 1 
0 2 0 2 0 0 0 1 0 2 
3 2 1 2 1 3 3 2 1 0 
0 1 3 2 1 3 3 3 3 1 
2 1 2 3 2 0 0 3 1 0 
1 1 1 1 1 1 1 1 0 1 
3 1 1 1 3 2 3 0 0 2 
0 1 3 2 0 3 0 3 3 2 
0 1 3 2 0 3 0 3 3 1 
3 1 1 1 2 1 2 3 0 2 
0 3 0 2 3 1 1 2 3 3 
0 1 3 0 0 2 0 2 2 0 
0 0 3 0 1 0 0 0 0 0 
0 1 3 3 0 3 3 3 3 1 
2 1 2 3 2 0 3 2 0 0 
1 1 3 2 0 3 3 3 3 1 
2 1 2 3 1 3 3 2 0 0 
1 3 2 0 1 2 3 3 1 2 
1 3 3 2 2 0 3 0 2 3 
3 1 1 2 1 3 3 2 0 0 
2 3 1 0 1 0 0 3 2 1 
2 0 2 2 2 2 2 2 1 1 
2 1 2 3 2 0 0 2 0 0 
0 0 0 0 0 2 1 0 0 0 
1 2 2 3 0 1 0 2 0 3 
2 2 0 3 0 3 2 1 2 1 
3 2 0 0 2 1 2 3 0 2 
0 1 3 2 0 3 3 3 3 1 
1 0 1 0 2 3 1 3 1 3 
0 0 0 0 0 0 2 0 0 3 
3 1 1 0 2 1 2 3 0 2 
2 1 1 2 1 3 3 2 0 0 
0 3 0 3 0 0 0 0 0 0 
3 1 1 1 3 1 2 3 0 2 
0 2 1 3 1 2 2 0 3 2 
3 1 2 2 0 0 0 0 1 2 
2 0 3 1 3 1 1 0 2 2 
1 0 0 3 2 0 0 2 3 0 
3 1 1 1 3 2 3 3 0 2 
2 1 2 0 3 3 0 1 3 3 
0 1 3 2 0 3 0 0 3 1 
1 2 0 3 1 0 3 0 0 2 
MFS
[ 3 , 1 , - , - , - , - , - , 3 , 0 , - ]
[ 0 , 1 , 3 , 2 , 0 , 3 , - , 3 , 3 , 1 ]
[ 2 , 1 , - , - , - , - , - , - , 0 , - ]
precise
0.0
recall
0.0
F-measure
0.0
multi
0
time
all 62 iden 0 gen 62
t-cover
686
all-cover
720
coveredNum
(1 : 139)  (2 : 181)  (3 : 104)  (4 : 57)  (5 : 39)  (6 : 46)  (7 : 31)  (8 : 31)  (9 : 25)  (10 : 28)  (11 : 20)  (12 : 8)  (13 : 4)  (14 : 1)  (15 : 1)  (16 : 2)  (18 : 1)  (20 : 1)  (21 : 1)  
real Identify

testCase Num: 53
regaular Num: 31
identify Num: 22
1 0 2 0 1 2 2 1 0 2 
0 2 0 3 0 3 2 0 0 0 
2 2 2 2 1 1 0 3 1 0 
1 1 2 1 3 2 0 2 1 0 
0 2 3 2 2 3 3 2 1 0 
0 0 0 0 0 1 0 0 2 0 
1 1 2 1 3 2 0 3 2 1 
0 0 1 1 3 3 1 3 0 3 
3 1 1 0 2 2 0 0 2 3 
1 1 0 1 1 1 1 1 1 1 
1 1 2 2 2 2 3 2 1 0 
1 1 2 1 3 3 3 2 1 0 
3 2 0 3 2 2 0 0 2 3 
2 1 3 0 3 3 3 3 3 0 
1 3 1 1 0 0 0 1 3 0 
3 1 1 3 3 3 1 0 2 3 
3 1 1 3 3 3 0 1 3 3 
0 0 0 0 0 0 0 0 0 0 
0 2 3 3 3 2 1 1 2 0 
3 1 1 2 2 0 2 3 0 1 
1 0 0 3 2 0 1 3 3 2 
1 0 3 2 1 0 3 2 2 3 
1 1 2 1 3 2 3 2 1 0 
3 1 1 3 3 2 0 0 2 3 
1 2 3 2 2 3 0 1 0 3 
2 1 0 3 2 2 0 0 2 3 
1 0 2 2 3 1 0 0 3 3 
1 1 3 1 2 2 3 2 1 0 
0 0 0 0 0 0 3 0 0 2 
1 2 2 1 2 2 3 2 1 0 
3 1 1 3 3 3 0 0 2 3 
2 0 2 0 0 3 1 2 0 3 
0 0 0 0 0 0 2 0 1 3 
1 1 2 1 2 2 3 2 1 0 
3 0 0 0 0 0 0 0 3 0 
3 0 2 3 3 0 0 2 1 1 
0 2 1 3 1 2 3 0 3 1 
3 3 1 0 2 1 1 0 1 0 
3 1 0 3 2 2 0 0 2 3 
3 1 1 3 2 2 0 0 2 3 
3 1 1 3 3 3 0 1 3 0 
2 2 0 0 2 2 1 0 2 3 
2 3 3 3 0 1 3 1 0 1 
3 1 3 1 0 3 2 0 1 2 
0 3 0 2 3 1 2 2 3 2 
0 3 0 0 1 3 0 0 0 2 
0 1 2 1 2 2 3 2 1 0 
1 1 2 1 3 2 0 3 2 0 
2 2 1 1 2 0 2 2 2 2 
1 1 2 1 3 2 0 3 1 0 
3 3 2 2 0 2 1 3 2 3 
3 2 0 0 1 3 3 1 2 1 
3 1 1 3 3 3 0 1 2 3 
MFS
[ - , 1 , 2 , 1 , - , 2 , - , - , - , - ]
[ - , 1 , - , 3 , - , - , 0 , - , - , - ]
precise
0.0
recall
0.0
F-measure
0.0
multi
0
time
all 32 iden 0 gen 32
t-cover
707
all-cover
720
coveredNum
(1 : 188)  (2 : 194)  (3 : 125)  (4 : 52)  (5 : 40)  (6 : 18)  (7 : 31)  (8 : 16)  (9 : 17)  (10 : 19)  (11 : 14)  (12 : 3)  (13 : 2)  (14 : 1)  
real Identify

testCase Num: 75
regaular Num: 31
identify Num: 44
2 1 0 3 1 0 3 2 1 2 
2 1 1 1 2 1 2 1 1 1 
1 0 1 1 1 0 2 3 0 2 
0 1 2 0 1 2 0 1 3 0 
1 3 0 3 3 2 2 1 3 1 
0 1 3 0 1 2 0 1 3 0 
0 2 1 2 3 0 1 0 3 2 
2 0 3 2 2 2 0 2 0 1 
1 1 1 0 1 1 1 1 1 1 
2 2 0 0 0 1 3 3 1 1 
2 3 0 2 0 3 1 1 0 2 
0 1 3 0 2 2 1 2 3 0 
0 1 3 1 2 1 2 0 1 3 
3 2 1 3 0 2 3 0 0 1 
2 3 1 1 0 1 0 2 3 0 
3 1 2 1 3 1 0 3 0 2 
2 1 3 0 3 3 0 0 2 3 
0 3 0 0 2 0 0 0 0 0 
2 1 1 1 2 2 1 1 1 1 
1 2 2 1 1 3 0 1 3 1 
2 1 0 0 2 0 3 3 1 3 
2 1 0 0 2 0 3 3 1 2 
2 2 1 0 1 1 1 1 1 1 
1 2 0 1 2 2 2 1 1 0 
0 0 0 0 0 0 0 0 0 0 
2 1 2 0 1 1 1 1 1 1 
3 3 3 0 3 3 3 3 3 3 
2 1 1 1 2 1 2 2 2 1 
0 1 0 1 2 1 2 0 1 3 
2 1 1 1 2 1 2 2 2 2 
3 1 0 2 0 2 2 3 1 0 
1 1 3 1 2 1 2 0 1 3 
0 1 3 0 2 2 1 2 0 0 
2 1 0 0 1 0 3 2 1 2 
1 0 3 0 0 0 0 0 0 1 
2 2 3 3 1 0 3 2 1 2 
2 2 2 0 2 2 2 2 2 2 
0 3 0 2 1 1 0 0 1 0 
0 0 3 0 0 0 1 0 0 0 
2 1 1 1 1 1 1 1 1 1 
3 2 3 3 1 1 0 2 2 3 
0 0 2 3 3 3 1 2 1 0 
0 1 3 2 3 1 3 0 1 3 
0 2 2 0 1 2 0 1 3 0 
2 1 0 0 2 0 0 2 1 2 
2 1 1 1 2 1 2 2 1 1 
1 2 2 0 1 2 1 1 1 1 
1 3 2 2 0 0 3 1 2 3 
1 0 0 0 0 0 0 2 0 3 
0 1 3 2 3 2 2 0 1 3 
0 1 3 0 2 2 1 2 0 1 
2 1 0 0 2 1 3 2 1 2 
0 2 3 1 2 1 2 0 1 3 
3 1 3 3 1 0 3 2 1 2 
0 1 3 0 2 2 1 1 3 0 
0 0 2 1 1 3 3 0 2 1 
3 0 0 1 2 0 3 1 3 0 
0 1 3 2 3 1 3 0 2 0 
3 2 0 1 1 2 1 2 2 3 
0 1 3 2 3 1 2 0 1 3 
1 2 3 3 2 3 0 1 0 0 
0 1 3 1 1 2 0 1 3 0 
2 1 0 0 2 0 3 2 1 2 
1 1 2 0 1 2 0 1 3 0 
0 1 3 2 3 1 3 0 2 3 
0 1 3 0 2 3 0 1 3 0 
2 1 1 0 1 1 1 1 1 1 
2 1 1 1 2 1 1 1 1 1 
0 0 1 3 2 1 1 3 2 3 
0 1 3 2 2 1 2 0 1 3 
0 1 3 0 2 2 0 1 3 0 
0 0 1 0 0 3 2 0 2 0 
2 1 3 3 1 0 3 2 1 2 
0 1 3 2 3 1 3 1 1 3 
2 1 0 0 2 0 3 3 2 2 
MFS
[ 0 , 1 , - , 0 , - , 2 , - , - , - , 0 ]
[ 0 , 1 , 3 , - , - , 1 , - , 0 , - , 3 ]
[ - , 1 , 1 , - , - , 1 , - , - , - , - ]
[ 2 , 1 , - , - , - , 0 , 3 , - , 1 , 2 ]
precise
0.0
recall
0.0
F-measure
0.0
multi
1
time
all 16 iden 0 gen 16
t-cover
707
all-cover
720
coveredNum
(1 : 123)  (2 : 144)  (3 : 98)  (4 : 80)  (5 : 57)  (6 : 38)  (7 : 33)  (8 : 27)  (9 : 25)  (10 : 26)  (11 : 27)  (12 : 20)  (13 : 6)  (14 : 2)  (15 : 2)  (16 : 2)  (18 : 3)  (19 : 2)  (20 : 3)  (22 : 1)  (26 : 1)  
real Identify

testCase Num: 46
regaular Num: 32
identify Num: 14
1 1 0 1 0 1 0 0 2 2 
1 0 3 3 1 1 3 2 0 3 
1 1 0 1 1 2 1 1 2 2 
1 1 1 1 0 1 1 1 1 1 
1 3 2 1 2 1 0 0 2 0 
1 2 2 1 3 2 3 2 0 0 
1 1 0 1 1 2 1 0 2 2 
0 1 3 0 0 1 0 0 2 2 
3 0 1 1 0 3 0 2 1 3 
1 1 2 1 3 2 3 2 0 0 
0 1 0 1 1 3 1 2 3 2 
2 3 1 0 0 1 0 0 3 1 
0 3 0 0 0 0 3 0 0 0 
1 1 0 3 3 1 2 0 3 0 
3 2 0 0 1 2 0 0 0 3 
3 2 1 2 1 1 0 3 0 0 
1 0 0 2 0 0 0 0 0 0 
0 0 3 1 3 2 2 3 0 1 
1 1 0 1 1 1 0 0 2 2 
2 3 3 2 3 3 0 1 1 0 
0 0 2 2 2 0 2 1 0 3 
1 2 3 0 0 1 0 0 2 2 
1 1 0 0 0 1 0 0 2 2 
0 0 1 0 0 0 2 0 0 0 
1 1 3 0 0 1 0 0 2 2 
1 2 2 0 0 3 3 0 2 1 
2 0 2 2 0 2 1 0 3 3 
0 0 0 0 0 0 0 0 0 0 
0 0 3 3 2 0 1 2 0 1 
3 2 3 0 2 0 3 1 3 1 
0 3 2 0 1 0 2 2 1 3 
1 1 0 1 1 2 0 0 2 2 
1 1 0 1 1 2 1 1 3 3 
3 3 0 0 0 2 1 1 0 0 
2 0 0 1 0 0 0 0 0 0 
0 2 1 3 2 2 3 0 1 2 
1 1 0 1 1 2 1 1 3 2 
3 3 2 3 0 3 2 3 3 2 
3 2 1 0 3 0 1 3 2 3 
2 2 0 2 1 2 2 2 2 1 
1 2 0 1 3 0 1 3 1 2 
0 2 3 0 0 1 0 0 2 2 
2 2 0 2 2 3 3 3 0 2 
2 0 1 3 1 0 0 1 2 2 
2 1 0 2 2 3 3 3 0 2 
3 1 1 0 3 0 1 3 2 3 
MFS
[ - , 1 , - , - , - , - , - , - , - , - ]
precise
1.0
recall
0.5
F-measure
0.6666666666666666
multi
1
time
all 46 iden 0 gen 46
t-cover
700
all-cover
720
coveredNum
(1 : 212)  (2 : 215)  (3 : 111)  (4 : 70)  (5 : 31)  (6 : 21)  (7 : 20)  (8 : 12)  (9 : 5)  (10 : 8)  (11 : 11)  (12 : 2)  (14 : 2)  
real Identify
([ - , 1 , - , - , - , - , - , - , - , - ] : 1)  
testCase Num: 89
regaular Num: 34
identify Num: 55
1 2 2 3 3 2 0 3 3 0 
0 2 0 3 3 3 2 2 2 2 
2 1 3 3 2 0 1 3 2 0 
1 1 3 3 1 0 0 0 1 1 
3 2 1 3 0 1 3 0 0 1 
2 0 0 0 1 0 0 2 0 3 
0 0 0 0 0 1 0 0 2 0 
1 1 2 0 0 2 1 2 3 1 
3 0 2 1 0 3 1 3 2 3 
1 1 1 1 0 2 1 2 3 1 
0 1 1 0 0 3 2 2 2 2 
0 1 1 0 0 0 3 2 3 2 
0 1 1 0 0 0 3 2 3 3 
2 1 1 3 0 1 3 0 0 1 
0 0 3 2 3 1 0 2 1 2 
3 2 1 2 2 0 0 2 0 3 
0 0 0 0 0 0 0 0 0 0 
2 1 3 0 3 0 1 3 2 0 
3 1 2 3 0 1 0 0 0 1 
1 1 1 1 1 1 1 1 1 0 
1 1 1 1 1 2 1 3 3 1 
0 1 1 0 0 0 2 2 2 2 
3 1 2 0 0 1 3 0 0 1 
0 0 0 0 0 3 0 0 3 0 
3 1 2 3 0 2 3 0 0 1 
2 1 3 0 2 1 1 0 2 0 
1 1 2 2 0 3 0 3 1 1 
1 2 1 0 0 2 1 2 3 1 
0 0 0 3 0 0 0 0 1 0 
2 3 3 1 3 0 0 1 3 1 
2 1 0 3 2 0 1 3 2 0 
1 1 1 1 1 2 2 2 3 1 
3 1 2 3 0 1 3 0 0 1 
1 1 3 3 1 0 0 3 1 1 
0 1 2 2 0 3 0 3 1 1 
3 0 3 0 2 0 2 1 0 0 
0 2 3 0 0 3 1 1 0 3 
1 3 2 1 0 0 3 2 1 0 
3 1 0 3 3 3 2 2 2 2 
0 1 1 3 3 3 2 2 2 2 
0 1 1 0 0 2 1 2 3 1 
3 0 0 0 0 0 3 1 0 1 
1 1 1 1 1 2 1 3 0 2 
1 1 1 1 1 2 1 3 0 1 
2 2 3 3 2 0 1 3 2 0 
2 1 3 0 2 1 1 0 3 0 
3 1 2 3 0 1 0 0 1 2 
3 1 2 3 0 1 0 0 1 1 
0 1 0 3 3 3 2 2 2 2 
3 2 0 3 3 3 2 3 2 3 
3 3 0 0 3 1 1 0 1 3 
1 0 0 0 0 0 0 0 0 3 
0 1 1 0 0 0 3 3 2 2 
1 1 3 3 0 3 0 3 1 1 
2 2 2 2 2 2 2 0 1 1 
1 3 3 2 0 3 3 0 2 0 
2 1 3 0 2 1 1 0 3 1 
2 1 3 0 2 1 2 3 2 0 
0 1 1 0 3 3 2 2 2 2 
1 0 1 1 3 2 3 0 0 1 
1 1 3 3 1 0 1 3 1 1 
3 1 3 3 2 0 1 3 2 0 
3 1 2 0 1 0 2 0 3 3 
1 1 3 3 1 3 0 3 1 1 
3 0 0 2 1 2 1 1 3 2 
1 1 3 3 1 0 0 0 2 1 
0 2 2 2 0 3 1 3 1 1 
1 1 3 3 1 0 0 0 2 2 
3 1 2 3 1 1 3 0 0 1 
1 1 1 1 1 2 1 2 3 1 
3 2 0 3 3 0 2 3 2 1 
3 1 2 3 0 1 0 1 0 1 
1 2 2 2 0 3 0 3 1 1 
1 1 1 0 0 2 1 2 3 1 
1 1 3 2 0 3 0 3 1 1 
0 3 1 1 2 3 2 3 2 2 
2 1 3 0 2 1 1 3 2 0 
2 2 1 0 1 2 3 1 0 1 
0 3 3 3 1 2 3 3 0 3 
1 2 0 0 2 1 3 3 3 2 
0 2 2 0 0 3 2 2 3 1 
1 1 1 1 1 3 1 2 3 1 
0 1 1 0 0 0 3 2 2 2 
1 2 0 1 0 0 2 0 0 2 
2 0 2 3 0 1 2 1 0 2 
3 1 1 3 0 1 3 0 0 1 
2 1 3 0 2 0 1 3 2 0 
0 0 0 0 0 2 0 0 2 0 
2 2 0 0 1 3 0 1 2 1 
MFS
[ - , 1 , 1 , - , - , 2 , 1 , - , - , - ]
[ 2 , 1 , 3 , - , 2 , - , 1 , - , - , 0 ]
[ - , 1 , - , - , - , - , - , 2 , - , 2 ]
[ - , 1 , - , - , - , - , 0 , - , - , - ]
[ - , 1 , - , 3 , 0 , 1 , - , 0 , - , - ]
precise
0.0
recall
0.0
F-measure
0.0
multi
1
time
all 47 iden 0 gen 47
t-cover
720
all-cover
720
coveredNum
(1 : 96)  (2 : 122)  (3 : 96)  (4 : 64)  (5 : 44)  (6 : 47)  (7 : 47)  (8 : 36)  (9 : 30)  (10 : 35)  (11 : 32)  (12 : 25)  (13 : 15)  (14 : 7)  (15 : 4)  (16 : 6)  (17 : 2)  (18 : 2)  (19 : 4)  (20 : 2)  (22 : 2)  (23 : 1)  (28 : 1)  
real Identify

testCase Num: 76
regaular Num: 32
identify Num: 44
2 3 2 2 1 2 0 1 0 0 
1 1 0 2 2 2 2 1 1 1 
2 2 1 1 1 1 1 1 1 1 
0 1 2 3 3 0 3 0 0 1 
3 1 0 2 3 2 2 3 0 2 
0 1 2 3 0 1 3 1 0 1 
0 2 2 3 0 3 3 1 3 2 
0 1 2 3 0 1 3 1 0 2 
0 1 2 3 1 3 0 2 0 3 
0 1 2 3 1 3 0 2 0 2 
1 1 1 1 2 3 3 3 2 0 
3 1 0 2 3 2 3 0 0 2 
3 2 0 1 0 3 0 2 3 1 
3 2 3 1 2 2 2 3 0 2 
1 1 2 0 1 0 0 0 2 3 
1 1 0 1 1 1 1 1 1 1 
1 1 1 1 1 1 1 1 1 1 
3 1 0 2 3 3 2 3 0 2 
0 0 0 0 0 0 0 0 0 0 
2 0 0 3 2 1 3 0 1 0 
1 1 0 2 2 2 1 1 1 1 
1 0 1 0 0 2 3 2 1 3 
0 1 2 2 3 0 3 0 0 1 
0 2 1 2 3 0 3 0 0 1 
3 0 2 1 3 1 1 2 3 0 
0 1 2 0 0 3 3 1 3 2 
2 0 0 0 3 0 0 3 1 2 
3 1 3 1 2 2 2 3 0 2 
1 1 2 3 0 3 3 1 3 2 
3 1 0 2 3 2 3 0 1 3 
3 1 1 2 3 0 3 0 0 1 
3 1 0 2 2 2 2 3 0 2 
3 1 0 2 3 2 3 0 1 2 
1 2 3 0 3 1 3 1 0 3 
2 2 3 1 2 3 2 3 0 2 
0 1 2 3 1 3 0 2 3 2 
1 1 0 2 1 1 1 1 1 1 
2 0 3 0 0 3 1 3 2 1 
0 0 0 0 0 2 0 0 0 1 
2 2 1 2 2 1 0 2 2 2 
1 1 0 2 2 2 2 2 1 1 
0 3 3 2 3 3 0 1 1 3 
2 1 0 1 1 1 1 1 1 1 
0 2 1 1 1 2 1 0 3 2 
0 1 2 3 0 3 3 1 3 2 
0 1 3 3 0 3 3 1 3 2 
0 2 2 0 2 0 2 3 1 1 
1 2 3 3 1 3 2 2 0 0 
0 1 2 3 0 1 3 0 0 1 
1 0 0 2 1 0 2 3 3 2 
3 1 0 1 2 2 2 3 0 2 
0 1 2 3 1 0 3 1 3 2 
1 3 0 0 1 0 3 2 3 1 
1 1 0 2 2 1 1 1 1 1 
3 0 3 0 1 3 2 0 0 0 
0 1 2 3 1 3 3 1 3 2 
0 0 0 0 0 0 0 1 2 0 
1 2 0 1 1 1 1 1 1 1 
1 1 0 2 2 2 2 2 2 2 
0 1 0 2 0 1 1 2 2 0 
1 2 3 0 0 0 3 1 3 2 
1 1 0 2 2 2 2 2 2 1 
3 0 1 3 2 0 0 1 1 1 
2 3 3 1 2 0 1 0 3 3 
2 1 3 1 2 2 2 3 0 2 
0 0 0 0 0 1 0 3 0 0 
3 1 0 2 3 2 3 3 0 2 
0 1 2 3 0 1 3 1 1 1 
0 1 2 3 0 1 0 0 0 1 
3 2 1 2 3 0 0 0 1 2 
0 1 1 2 3 0 3 0 0 1 
0 0 0 3 0 0 1 0 0 0 
3 3 1 0 0 1 2 1 0 2 
0 1 2 3 0 0 3 0 0 1 
3 3 0 3 3 2 2 3 2 3 
0 1 2 3 1 3 0 1 3 2 
MFS
[ - , 1 , - , - , - , 2 , - , - , - , - ]
[ - , 1 , - , - , - , - , 3 , - , 0 , 1 ]
[ 0 , 1 , 2 , 3 , - , 3 , - , - , - , - ]
[ 1 , 1 , 0 , - , - , - , - , - , - , - ]
precise
0.0
recall
0.0
F-measure
0.0
multi
0
time
all 32 iden 0 gen 32
t-cover
704
all-cover
720
coveredNum
(1 : 117)  (2 : 140)  (3 : 103)  (4 : 71)  (5 : 56)  (6 : 53)  (7 : 32)  (8 : 29)  (9 : 20)  (10 : 32)  (11 : 29)  (12 : 14)  (13 : 5)  (14 : 2)  (15 : 2)  (16 : 4)  (17 : 2)  (18 : 5)  (19 : 2)  (20 : 2)  
real Identify

testCase Num: 66
regaular Num: 33
identify Num: 33
0 1 0 0 0 2 3 0 3 3 
2 2 0 1 1 1 1 1 1 1 
0 1 0 0 0 2 0 0 0 3 
2 1 0 2 1 1 2 1 1 1 
0 1 0 0 0 1 3 0 3 3 
3 1 1 2 2 2 2 0 2 2 
2 1 1 3 2 2 2 0 2 2 
0 1 3 3 0 1 3 0 3 3 
3 2 2 2 2 3 3 0 2 2 
0 1 2 0 0 0 0 0 0 0 
1 1 0 1 1 1 1 1 1 1 
2 3 0 2 1 2 0 3 3 1 
3 1 3 3 0 1 3 0 3 3 
2 0 0 1 3 3 1 0 2 1 
1 0 1 1 2 0 3 3 3 3 
1 3 0 0 2 0 1 2 2 3 
0 0 0 0 0 0 0 0 0 0 
0 2 0 0 1 0 3 3 2 2 
1 2 1 1 2 2 1 1 2 1 
0 3 3 0 3 1 2 2 3 1 
0 1 0 0 0 2 0 1 3 3 
0 2 0 0 2 1 0 3 0 2 
2 1 1 3 3 0 0 1 0 3 
2 1 0 2 1 1 1 1 1 1 
2 2 1 2 2 2 2 0 2 2 
2 1 2 2 2 2 2 0 2 2 
2 1 0 2 1 2 1 1 1 1 
0 0 0 3 1 3 2 1 1 3 
3 3 2 3 2 0 1 0 1 1 
0 1 0 0 1 1 3 0 3 3 
0 0 0 0 0 2 0 0 0 3 
2 1 1 3 3 2 2 1 2 2 
2 1 1 1 1 1 1 1 1 1 
3 2 2 2 3 3 3 1 0 3 
0 0 0 0 0 0 0 1 3 0 
3 3 1 0 1 2 3 1 0 0 
1 0 0 3 0 0 2 0 2 0 
2 1 0 1 1 1 1 1 1 1 
0 0 3 0 1 0 0 0 0 0 
2 1 0 2 1 1 2 2 1 1 
1 2 1 2 0 1 1 2 0 1 
2 1 0 2 1 1 2 2 1 2 
2 2 3 3 0 2 1 3 1 0 
2 2 2 0 0 1 2 3 3 0 
2 1 1 3 3 2 3 0 2 2 
2 1 1 3 3 2 2 1 3 3 
2 1 1 3 3 2 2 1 3 2 
0 2 2 1 1 2 0 0 1 2 
3 2 3 3 1 1 3 1 0 3 
0 1 0 0 0 2 0 0 3 0 
0 1 0 0 0 2 0 0 3 3 
0 0 3 2 2 0 0 1 0 0 
3 0 0 0 0 0 2 0 0 0 
0 1 0 3 0 1 3 0 3 3 
2 1 0 2 1 1 2 2 2 1 
2 1 1 3 3 3 2 0 2 2 
1 3 3 1 0 3 0 1 2 2 
0 2 3 3 0 1 3 0 3 3 
3 1 0 1 3 3 1 3 3 2 
2 1 1 2 2 2 2 0 2 2 
1 0 2 1 3 2 2 2 0 0 
3 0 2 3 1 1 0 2 2 2 
2 1 1 3 3 2 2 0 2 2 
0 1 1 0 2 3 1 2 1 0 
2 0 0 2 3 0 3 2 1 1 
2 1 0 2 2 1 1 1 1 1 
MFS
[ - , 1 , 0 , - , 1 , 1 , - , - , 1 , - ]
[ 2 , 1 , 1 , - , - , 2 , 2 , - , - , - ]
[ - , 1 , - , - , 0 , - , - , 0 , 3 , - ]
precise
0.0
recall
0.0
F-measure
0.0
multi
0
time
all 31 iden 0 gen 31
t-cover
711
all-cover
720
coveredNum
(1 : 150)  (2 : 158)  (3 : 122)  (4 : 61)  (5 : 39)  (6 : 37)  (7 : 37)  (8 : 21)  (9 : 22)  (10 : 24)  (11 : 19)  (12 : 13)  (13 : 6)  (14 : 6)  (15 : 1)  (16 : 1)  (17 : 1)  (18 : 1)  (19 : 1)  
real Identify

testCase Num: 75
regaular Num: 31
identify Num: 44
2 0 0 0 3 1 0 3 0 1 
1 2 0 1 0 3 2 3 1 0 
0 1 0 0 0 2 0 0 0 0 
3 1 0 2 3 1 3 0 3 3 
3 1 1 2 3 1 3 0 3 3 
3 1 0 1 0 1 3 1 2 2 
3 1 0 0 1 2 3 1 2 2 
0 1 1 0 3 3 0 2 2 3 
1 1 0 3 2 2 1 3 1 0 
3 2 0 3 2 3 1 3 2 0 
0 0 0 3 0 0 0 0 0 1 
1 1 0 3 2 1 2 3 1 0 
3 1 0 0 1 1 3 1 2 2 
3 1 0 0 1 1 0 1 3 2 
3 1 1 3 0 1 3 0 3 3 
3 1 0 0 1 1 0 1 3 3 
2 2 2 2 2 1 1 2 2 0 
0 2 3 0 1 2 1 3 1 1 
3 1 1 3 3 1 0 1 0 3 
0 0 0 0 0 0 0 0 0 0 
3 2 3 0 0 1 3 1 2 2 
0 1 1 0 3 0 0 3 2 3 
1 1 0 3 2 1 2 0 1 0 
1 1 3 3 1 1 1 3 1 0 
0 1 1 3 2 3 0 2 2 3 
3 1 0 0 0 1 3 1 2 2 
3 1 0 3 2 3 0 2 2 3 
3 0 2 1 3 3 0 1 3 2 
0 2 0 2 0 2 3 0 0 3 
3 0 3 0 2 0 0 2 0 2 
3 3 3 2 0 2 2 3 3 1 
2 3 1 1 3 2 2 0 2 0 
0 1 2 1 2 0 2 3 0 1 
0 2 0 3 2 3 0 2 2 3 
0 1 1 0 3 0 1 2 2 3 
1 1 0 3 2 1 1 3 1 0 
3 2 0 2 3 1 3 0 3 3 
3 1 1 3 3 1 0 0 3 3 
0 1 3 3 1 1 1 3 1 0 
0 1 0 2 3 1 3 0 3 3 
0 1 1 0 2 3 0 2 2 3 
3 3 2 3 0 0 0 0 1 0 
0 3 0 2 1 2 1 1 0 2 
3 1 0 0 1 1 0 2 2 2 
1 1 0 3 2 1 2 0 2 0 
1 1 0 3 2 1 2 0 2 1 
0 0 0 1 0 2 3 2 0 0 
1 0 0 0 0 0 0 3 2 3 
3 1 1 3 3 2 3 0 3 3 
1 0 3 1 3 0 1 2 1 3 
2 1 3 0 0 1 3 1 2 2 
1 2 1 2 2 0 0 1 3 0 
3 1 1 3 3 1 3 0 3 3 
3 2 1 0 1 3 1 0 3 1 
0 0 1 2 1 0 3 2 2 1 
0 3 1 0 0 1 2 2 3 3 
1 3 2 0 2 2 3 0 1 2 
1 1 0 3 1 1 1 3 1 0 
0 0 0 0 0 0 2 0 0 2 
2 0 2 3 1 0 2 1 3 3 
1 2 3 3 0 2 0 0 0 3 
2 2 3 1 0 2 3 2 2 3 
0 1 0 3 2 3 0 2 2 3 
0 1 1 0 3 0 0 2 2 3 
0 2 1 3 3 3 3 3 0 2 
3 1 3 0 0 1 3 1 2 2 
1 2 3 3 1 1 1 3 1 0 
1 1 0 0 1 1 1 3 1 0 
1 1 1 1 1 1 0 1 1 1 
0 1 1 0 3 0 0 2 3 0 
0 1 1 0 3 0 0 2 3 3 
3 1 0 0 1 1 0 1 2 2 
2 3 3 2 0 3 1 0 1 0 
3 1 1 3 3 1 0 1 3 3 
3 1 1 3 3 1 0 1 3 0 
MFS
[ - , 1 , - , 3 , - , 1 , - , - , - , 0 ]
[ - , 1 , - , - , - , - , 0 , 2 , - , 3 ]
[ 3 , 1 , - , - , 3 , 1 , - , - , 3 , - ]
[ - , 1 , - , 0 , - , 1 , - , 1 , - , 2 ]
precise
0.0
recall
0.0
F-measure
0.0
multi
0
time
all 32 iden 0 gen 32
t-cover
713
all-cover
720
coveredNum
(1 : 130)  (2 : 142)  (3 : 114)  (4 : 62)  (5 : 56)  (6 : 38)  (7 : 32)  (8 : 12)  (9 : 39)  (10 : 22)  (11 : 20)  (12 : 24)  (13 : 9)  (14 : 2)  (15 : 7)  (17 : 1)  (18 : 4)  (19 : 4)  (21 : 1)  (28 : 1)  
real Identify

testCase Num: 76
regaular Num: 32
identify Num: 44
1 1 3 3 3 2 1 1 2 3 
1 3 1 0 2 2 2 0 1 0 
1 1 3 3 3 2 0 2 3 0 
0 1 2 3 0 0 3 0 2 1 
3 2 3 2 1 3 1 0 3 0 
0 1 0 0 0 1 0 2 3 2 
2 0 0 2 1 2 1 2 0 3 
1 0 0 0 0 0 0 0 3 0 
0 1 3 0 0 1 0 2 3 2 
0 0 2 0 0 0 2 0 0 0 
0 1 2 3 3 1 0 0 2 1 
1 1 0 1 1 1 1 1 1 1 
1 1 1 1 1 1 1 1 1 1 
1 1 3 3 3 2 0 2 2 3 
0 1 1 3 1 3 2 3 0 1 
0 0 0 0 0 0 0 0 0 0 
0 2 1 0 2 1 0 2 0 1 
0 3 3 1 2 0 1 1 0 2 
0 2 0 0 3 2 2 0 1 2 
1 1 3 2 2 2 0 1 2 3 
3 3 0 3 2 2 3 3 3 2 
2 1 2 0 1 0 3 1 3 0 
0 1 1 2 3 0 3 0 2 1 
0 2 2 2 2 3 1 1 2 3 
1 2 2 2 2 2 0 1 2 3 
0 3 2 3 3 1 3 0 2 0 
0 1 3 0 1 1 0 3 3 2 
1 1 3 3 3 3 0 1 2 3 
3 1 3 0 0 1 0 2 3 2 
0 0 1 3 0 2 1 0 3 3 
0 1 3 0 1 1 1 2 3 2 
0 1 2 3 3 1 3 0 2 1 
3 0 1 1 3 2 2 1 3 1 
1 2 0 3 0 3 0 1 2 3 
1 1 1 1 2 2 1 1 1 1 
0 1 3 1 0 1 0 2 3 2 
1 1 1 2 1 1 1 1 1 1 
0 1 2 3 3 0 3 0 2 1 
2 1 0 1 1 1 1 1 1 1 
3 0 0 1 0 0 0 2 0 0 
1 1 1 2 3 0 3 0 2 1 
0 1 3 0 1 1 0 3 0 3 
1 1 3 3 2 2 0 1 2 3 
1 3 3 2 0 0 2 3 1 3 
2 0 0 1 2 3 0 0 1 2 
0 1 3 0 1 1 0 3 0 2 
1 1 1 1 2 1 1 1 1 1 
0 1 3 0 1 1 0 2 3 2 
2 3 3 3 3 0 0 2 1 1 
0 2 3 0 0 1 0 2 3 2 
2 2 1 2 0 1 2 2 2 2 
1 3 2 0 1 3 0 3 2 2 
1 1 1 1 2 2 1 2 2 1 
0 0 3 0 0 2 3 0 0 0 
1 1 3 3 3 2 0 1 2 3 
1 2 0 1 1 1 1 1 1 1 
1 2 1 2 0 0 3 0 3 1 
1 1 2 2 2 2 0 1 2 3 
1 1 1 1 2 2 2 1 1 1 
0 1 2 3 3 1 0 1 2 2 
0 1 2 3 3 1 0 1 2 1 
2 0 2 0 0 0 1 3 0 0 
3 2 0 1 0 2 1 2 3 3 
0 2 1 2 3 0 3 0 2 1 
2 2 0 2 1 1 2 1 2 1 
3 2 2 1 0 0 3 3 1 1 
0 1 2 2 3 0 3 0 2 1 
3 0 3 0 3 1 1 3 2 3 
0 0 0 1 0 0 0 0 2 0 
0 1 2 3 3 1 0 1 3 1 
0 1 2 2 2 2 0 1 2 3 
0 1 3 0 1 2 0 2 3 2 
1 0 2 1 3 3 3 2 0 3 
1 1 1 1 2 2 1 2 1 1 
1 1 1 1 2 2 1 2 1 2 
1 1 3 3 3 2 0 2 3 3 
MFS
[ 0 , 1 , - , - , 3 , - , - , - , 2 , - ]
[ - , 1 , 3 , 0 , - , 1 , 0 , - , - , 2 ]
[ - , 1 , - , - , - , 2 , 0 , - , - , - ]
[ 1 , 1 , - , 1 , - , - , 1 , - , 1 , - ]
precise
0.0
recall
0.0
F-measure
0.0
multi
0
time
all 31 iden 0 gen 31
t-cover
711
all-cover
720
coveredNum
(1 : 121)  (2 : 142)  (3 : 103)  (4 : 80)  (5 : 49)  (6 : 33)  (7 : 38)  (8 : 35)  (9 : 19)  (10 : 26)  (11 : 29)  (12 : 15)  (13 : 7)  (14 : 6)  (15 : 6)  (16 : 1)  (17 : 3)  (18 : 2)  (19 : 3)  (20 : 1)  (22 : 1)  
real Identify

testCase Num: 67
regaular Num: 34
identify Num: 33
1 1 3 1 0 3 2 3 3 2 
1 1 0 3 0 0 0 0 0 0 
0 1 0 0 0 2 0 1 2 0 
3 2 3 1 0 3 0 1 2 0 
2 1 2 0 0 3 2 3 3 2 
1 1 0 3 0 1 0 0 0 0 
0 2 1 2 1 0 1 0 1 0 
1 1 3 0 1 3 2 3 3 2 
2 2 0 2 2 2 2 2 2 2 
1 1 3 0 1 0 3 3 3 2 
1 1 0 3 1 0 0 0 0 0 
1 3 0 3 3 3 1 0 0 2 
1 1 0 1 1 1 1 1 1 1 
3 0 0 3 1 0 3 1 3 2 
3 2 2 3 0 0 1 2 1 0 
0 1 3 0 0 2 1 0 2 1 
1 2 0 2 0 0 0 0 0 0 
0 1 0 0 3 2 1 1 2 0 
0 0 0 0 0 0 0 0 0 0 
1 2 2 0 0 3 2 3 3 2 
1 1 1 0 2 0 3 2 0 3 
0 1 0 1 3 2 0 1 2 0 
0 3 0 2 3 0 2 0 3 0 
1 1 0 3 0 1 0 1 1 0 
3 0 1 3 3 2 1 3 3 3 
0 0 0 0 0 1 0 0 0 0 
2 2 2 1 0 3 3 0 3 2 
2 0 2 2 2 0 1 3 2 1 
0 1 0 2 0 0 0 0 0 0 
1 1 0 3 0 1 1 0 0 0 
1 2 3 2 0 1 0 3 2 3 
1 1 3 0 1 0 2 3 3 2 
2 1 3 3 0 1 2 0 0 2 
0 3 3 3 2 1 0 2 3 1 
0 1 0 0 3 2 1 2 3 0 
0 1 3 0 3 2 0 1 2 0 
0 1 0 0 3 2 1 2 3 1 
0 0 0 1 0 0 0 0 0 2 
1 1 0 3 0 1 0 1 0 1 
1 1 0 3 0 1 0 1 0 0 
0 1 0 0 3 3 0 1 2 0 
0 2 1 2 1 3 0 1 1 2 
0 0 0 3 0 0 0 0 2 0 
1 1 3 0 1 0 2 3 0 2 
3 2 2 2 3 1 3 0 0 1 
1 1 0 2 0 0 0 0 0 0 
1 0 0 0 3 2 3 3 1 0 
1 1 2 0 0 3 2 3 3 2 
1 1 3 0 0 3 2 3 3 2 
1 1 1 2 0 0 0 0 0 0 
0 1 0 0 3 2 1 2 2 0 
3 0 3 1 2 3 2 1 0 1 
0 0 1 0 0 0 0 0 0 1 
2 0 3 1 1 0 2 0 1 3 
0 3 0 0 0 0 0 0 0 3 
1 1 3 0 1 0 2 3 0 3 
0 3 2 1 1 2 3 3 0 0 
0 2 2 0 1 3 2 1 2 3 
1 1 3 0 1 0 2 0 3 2 
2 3 1 1 0 3 3 1 2 0 
0 2 3 0 3 2 0 1 2 0 
2 0 0 0 1 3 0 2 0 3 
3 1 3 0 3 2 0 1 2 0 
0 0 3 0 0 0 3 0 0 0 
3 3 1 0 2 1 2 0 1 0 
2 2 2 1 3 0 0 2 3 0 
0 1 0 0 3 2 0 1 2 0 
MFS
[ 1 , 1 , - , 0 , - , - , 2 , 3 , - , - ]
[ - , 1 , - , 0 , 3 , 2 , - , - , - , - ]
[ - , 1 , 0 , - , 0 , - , 0 , - , 0 , - ]
precise
0.0
recall
0.0
F-measure
0.0
multi
0
time
all 31 iden 0 gen 31
t-cover
699
all-cover
720
coveredNum
(1 : 158)  (2 : 177)  (3 : 109)  (4 : 65)  (5 : 32)  (6 : 33)  (7 : 24)  (8 : 22)  (9 : 18)  (10 : 21)  (11 : 19)  (12 : 10)  (13 : 5)  (14 : 4)  (15 : 7)  (16 : 4)  (17 : 4)  (18 : 3)  (19 : 1)  (20 : 2)  (21 : 2)  
real Identify

