testCase Num: 33
regaular Num: 33
identify Num: 0
0 2 2 0 1 2 3 1 2 2 
0 3 1 0 0 2 1 3 1 3 
2 2 1 1 3 1 2 0 0 0 
1 1 0 3 2 0 2 1 1 2 
2 2 3 2 3 0 0 3 1 1 
3 0 1 1 2 0 3 3 3 2 
1 0 0 2 0 0 0 1 0 0 
0 0 1 3 0 0 0 0 0 0 
2 3 2 3 0 0 3 2 2 1 
1 2 2 3 2 1 0 0 3 0 
3 2 2 3 0 3 2 3 1 3 
0 0 0 0 0 0 0 0 0 0 
0 0 0 0 0 2 0 0 3 0 
1 1 1 1 0 3 0 2 2 3 
1 0 1 1 1 1 1 1 1 1 
2 3 0 2 1 3 0 1 3 3 
0 3 0 0 1 3 2 0 0 1 
0 1 3 0 3 1 2 2 3 1 
3 0 3 0 2 3 3 0 0 3 
3 1 0 0 3 1 0 3 2 3 
0 2 0 0 0 0 0 2 0 0 
2 1 2 2 2 2 1 2 0 2 
0 0 1 2 0 0 1 0 3 3 
3 3 0 2 2 1 1 0 2 1 
0 0 3 3 1 3 1 0 0 3 
0 1 0 1 2 2 0 0 1 2 
1 3 3 3 3 2 3 0 2 0 
1 2 0 0 1 3 1 3 0 0 
0 0 2 1 0 0 0 0 0 0 
3 1 0 2 1 0 3 2 1 0 
3 3 3 1 0 1 3 1 0 2 
2 0 0 0 3 3 1 2 0 2 
3 0 2 2 3 2 2 1 2 1 
MFS
precise
0.0
recall
0.0
F-measure
0.0
multi
0
time
all 31 iden 0 gen 31
t-cover
707
all-cover
720
coveredNum
(1 : 280)  (2 : 260)  (3 : 113)  (4 : 29)  (5 : 12)  (6 : 13)  (7 : 12)  (8 : 1)  
real Identify

testCase Num: 43
regaular Num: 32
identify Num: 11
3 2 3 3 0 3 1 3 3 2 
2 1 3 3 3 1 0 0 0 1 
3 2 0 1 3 3 2 0 0 0 
2 1 0 3 1 1 2 3 2 3 
0 3 0 0 0 0 1 0 0 0 
1 3 1 3 0 0 3 2 3 0 
3 1 0 0 0 3 3 2 1 1 
2 3 2 0 0 1 2 0 3 1 
0 0 2 3 3 2 3 1 3 2 
1 1 0 0 1 3 0 1 2 0 
2 1 3 0 2 1 0 0 0 1 
3 3 2 1 1 3 0 1 2 0 
2 1 2 2 2 2 1 2 2 0 
3 0 0 0 0 1 0 0 0 0 
2 1 3 3 2 1 0 0 0 1 
1 3 0 2 2 1 0 2 0 2 
0 3 0 1 2 0 3 3 0 1 
1 2 2 0 2 0 0 3 1 3 
3 0 0 0 2 0 0 1 3 0 
2 0 2 0 0 3 0 0 0 0 
2 1 0 3 2 1 0 0 0 1 
0 0 0 0 0 0 0 0 0 0 
2 0 3 2 1 0 3 0 1 0 
0 2 0 2 3 1 3 3 2 1 
0 1 1 1 3 2 0 2 0 0 
0 2 0 1 1 2 1 1 0 3 
2 2 1 0 3 0 1 0 2 2 
2 1 3 3 2 1 0 1 0 1 
2 1 3 3 2 1 0 0 0 2 
0 0 3 1 0 1 2 3 2 0 
1 3 3 0 3 2 2 0 1 3 
2 1 0 1 1 0 2 1 3 2 
1 0 1 1 1 1 1 1 1 1 
2 2 3 3 2 1 0 0 0 1 
3 1 3 3 2 1 0 0 0 1 
2 1 3 3 2 2 0 0 0 1 
3 0 3 2 0 2 3 1 3 3 
0 2 3 3 1 3 0 2 1 2 
2 1 3 3 2 1 1 0 0 1 
2 1 3 3 2 1 0 0 1 1 
0 0 1 0 0 2 0 3 0 1 
3 0 1 2 2 3 2 2 0 3 
3 2 0 0 3 2 1 1 1 2 
MFS
[ 2 , 1 , 3 , 3 , 2 , 1 , 0 , 0 , 0 , 1 ]
precise
0.0
recall
0.0
F-measure
0.0
multi
0
time
all 31 iden 0 gen 31
t-cover
720
all-cover
720
coveredNum
(1 : 229)  (2 : 237)  (3 : 131)  (4 : 46)  (5 : 16)  (6 : 10)  (7 : 3)  (8 : 3)  (9 : 10)  (10 : 19)  (11 : 8)  (12 : 5)  (13 : 1)  (14 : 1)  (15 : 1)  
real Identify

testCase Num: 30
regaular Num: 30
identify Num: 0
2 3 1 1 3 2 0 0 2 3 
2 2 3 0 0 2 2 3 1 0 
0 2 0 1 2 0 2 0 0 0 
3 2 0 0 1 3 2 1 3 3 
2 1 2 2 2 0 2 2 2 1 
1 0 2 0 2 0 1 0 3 2 
0 3 3 2 1 2 3 1 3 1 
1 2 2 0 3 2 1 2 0 1 
2 0 2 1 0 3 3 1 2 2 
1 0 3 3 1 0 2 3 2 3 
0 3 1 0 1 1 2 2 0 2 
1 0 2 2 0 0 3 2 1 3 
3 2 1 2 2 0 0 1 0 2 
0 3 2 3 1 0 0 3 1 1 
1 0 1 3 0 3 0 3 0 1 
0 0 0 0 0 0 0 0 0 0 
2 1 0 1 0 3 1 3 0 3 
0 0 0 0 3 0 0 1 0 0 
2 1 3 0 1 0 3 0 3 1 
1 1 1 1 1 1 1 1 1 0 
0 1 3 1 3 3 0 2 3 0 
0 0 3 2 2 1 1 3 3 3 
3 1 3 3 3 2 3 3 0 2 
0 2 1 3 0 1 3 2 3 1 
3 3 2 3 0 1 1 0 2 0 
2 0 0 3 2 2 3 1 0 0 
1 3 0 2 2 3 3 0 1 2 
0 2 0 2 3 1 2 0 2 0 
3 0 0 1 3 0 1 2 1 1 
2 0 0 0 0 1 0 0 2 0 
MFS
precise
0.0
recall
0.0
F-measure
0.0
multi
0
time
all 31 iden 0 gen 31
t-cover
694
all-cover
720
coveredNum
(1 : 311)  (2 : 243)  (3 : 121)  (4 : 37)  (5 : 6)  (6 : 2)  
real Identify

testCase Num: 44
regaular Num: 33
identify Num: 11
3 0 3 3 2 2 0 1 3 1 
0 2 3 2 0 3 0 1 3 0 
2 0 3 1 0 2 1 3 3 0 
1 1 2 1 3 2 0 0 3 0 
0 0 3 0 3 1 1 0 1 2 
0 1 3 3 1 0 3 2 3 2 
3 3 2 3 0 3 1 2 1 0 
1 2 2 3 2 0 1 1 0 2 
0 0 2 1 0 0 3 0 2 0 
3 0 1 0 0 1 2 2 0 1 
2 3 1 0 2 0 2 1 2 0 
0 0 1 3 0 0 0 0 0 0 
0 1 3 0 0 0 3 2 3 2 
1 0 0 2 0 2 1 1 2 3 
3 1 2 0 2 3 3 3 0 3 
0 1 0 0 0 0 2 0 0 0 
0 1 0 3 0 0 3 2 3 2 
0 3 1 1 2 2 3 0 3 3 
0 1 3 3 0 0 3 3 3 2 
0 1 3 3 0 0 3 2 3 3 
0 0 0 0 0 0 0 0 0 0 
0 2 3 3 0 0 3 2 3 2 
3 2 3 3 3 0 2 3 2 3 
0 1 3 3 0 0 3 2 3 2 
3 2 1 2 2 0 3 0 1 2 
1 2 0 0 1 2 2 2 3 2 
0 0 0 0 0 0 0 2 0 3 
0 0 0 0 0 0 0 3 0 2 
2 1 0 3 1 1 0 0 1 3 
3 0 0 1 1 2 2 3 1 0 
0 1 3 3 0 1 3 2 3 2 
2 2 1 1 0 1 2 3 3 0 
1 3 3 2 1 1 3 3 0 0 
0 0 0 0 0 1 0 1 0 0 
1 3 1 1 3 3 0 2 0 2 
1 2 0 0 1 1 0 3 0 3 
0 3 0 0 2 2 0 3 0 1 
1 1 1 1 1 0 1 1 1 1 
2 0 0 2 3 3 3 1 0 1 
1 1 3 3 0 0 3 2 3 2 
0 2 2 2 1 3 2 0 2 1 
0 1 3 3 0 0 0 2 3 2 
2 1 2 2 2 1 0 2 2 2 
0 1 3 3 0 0 3 2 0 2 
MFS
[ 0 , 1 , 3 , 3 , 0 , 0 , 3 , 2 , 3 , 2 ]
precise
0.0
recall
0.0
F-measure
0.0
multi
0
time
all 48 iden 0 gen 48
t-cover
720
all-cover
720
coveredNum
(1 : 235)  (2 : 234)  (3 : 126)  (4 : 43)  (5 : 11)  (6 : 6)  (7 : 10)  (8 : 7)  (9 : 8)  (10 : 22)  (11 : 9)  (12 : 6)  (15 : 2)  (17 : 1)  
real Identify

testCase Num: 32
regaular Num: 32
identify Num: 0
3 1 0 3 1 2 0 2 2 1 
2 3 3 3 0 3 1 0 0 1 
2 0 1 3 1 3 2 3 3 0 
2 1 2 0 0 0 3 3 3 1 
1 2 3 3 0 0 3 2 1 3 
2 0 0 0 0 0 0 1 0 0 
1 3 2 1 0 1 2 2 0 0 
1 0 0 1 3 0 2 3 2 3 
0 3 0 0 0 2 0 0 0 0 
3 0 0 0 2 0 2 0 1 1 
0 2 1 0 2 2 1 2 0 3 
3 0 3 1 2 1 3 1 2 0 
3 3 1 0 1 0 3 0 2 2 
2 0 1 0 3 1 0 0 1 3 
1 1 3 0 1 2 2 0 3 0 
0 0 0 0 0 0 0 0 0 0 
0 0 0 3 3 1 0 0 0 0 
0 1 3 2 3 1 3 3 0 2 
1 1 1 1 1 1 1 0 1 1 
0 0 0 1 0 2 3 2 1 2 
3 3 2 0 3 3 1 1 3 3 
1 0 2 2 3 2 0 1 1 0 
2 2 2 2 2 2 2 0 2 2 
3 2 0 2 0 2 1 3 2 0 
2 2 0 1 3 1 0 2 3 1 
0 1 0 0 2 0 0 0 0 0 
3 2 2 0 1 3 3 1 0 0 
0 1 0 2 1 3 2 1 2 3 
0 3 1 2 0 0 2 1 0 1 
1 3 0 1 2 3 0 3 1 2 
0 0 3 2 0 3 0 2 3 0 
0 0 2 3 2 0 1 1 3 2 
MFS
precise
0.0
recall
0.0
F-measure
0.0
multi
0
time
all 16 iden 0 gen 16
t-cover
720
all-cover
720
coveredNum
(1 : 284)  (2 : 267)  (3 : 107)  (4 : 31)  (5 : 16)  (6 : 9)  (7 : 5)  (8 : 1)  
real Identify

testCase Num: 41
regaular Num: 30
identify Num: 11
0 2 3 3 3 0 2 1 3 2 
0 1 3 3 0 0 2 1 3 2 
0 0 0 0 0 0 1 3 0 2 
2 3 1 2 0 0 0 3 0 3 
1 2 3 1 3 2 3 3 0 1 
0 1 3 3 3 0 2 2 3 2 
0 1 3 3 3 0 2 1 3 3 
1 2 0 0 0 1 3 2 0 3 
0 1 3 3 3 0 2 1 3 2 
2 2 2 2 2 0 2 2 2 2 
0 1 0 3 3 0 2 1 3 2 
1 0 0 0 2 0 0 0 0 0 
3 3 0 0 3 3 2 2 1 0 
2 0 3 1 2 1 0 1 3 0 
0 0 0 2 1 3 3 1 0 0 
1 1 2 0 1 3 0 3 2 0 
3 0 1 1 0 3 2 3 1 2 
1 3 0 3 1 2 0 3 3 2 
3 2 1 2 1 0 0 0 3 0 
0 2 1 3 2 1 3 3 1 0 
2 0 1 3 0 1 1 2 2 1 
3 0 2 2 3 2 1 1 0 0 
1 0 2 3 0 2 1 0 1 3 
1 1 3 3 3 0 2 1 3 2 
0 1 3 3 3 0 3 1 3 2 
0 0 0 0 0 0 0 0 0 0 
0 1 3 3 3 0 2 1 0 2 
3 1 0 3 2 3 2 0 0 1 
2 2 3 0 0 3 1 1 3 3 
0 0 3 2 0 0 0 0 1 0 
0 1 3 0 3 0 2 1 3 2 
1 1 1 1 1 0 1 1 1 1 
0 1 3 3 3 1 2 1 3 2 
3 3 3 1 3 1 3 0 2 3 
0 3 2 1 0 0 3 2 0 0 
2 3 1 0 3 2 0 2 1 1 
0 1 2 2 0 1 3 2 3 1 
2 2 0 0 1 1 3 0 0 2 
1 0 3 2 1 1 2 2 0 3 
0 3 0 1 2 2 1 1 2 3 
2 1 0 0 2 2 2 0 0 3 
MFS
[ 0 , 1 , 3 , 3 , 3 , 0 , 2 , 1 , 3 , 2 ]
precise
0.0
recall
0.0
F-measure
0.0
multi
0
time
all 31 iden 0 gen 31
t-cover
720
all-cover
720
coveredNum
(1 : 239)  (2 : 242)  (3 : 134)  (4 : 38)  (5 : 12)  (6 : 8)  (7 : 1)  (8 : 1)  (9 : 16)  (10 : 20)  (11 : 8)  (13 : 1)  
real Identify

testCase Num: 34
regaular Num: 34
identify Num: 0
0 0 3 0 0 2 2 2 0 2 
0 0 0 1 1 0 3 1 0 1 
0 1 0 0 0 2 0 0 0 0 
0 0 2 1 0 1 3 0 0 0 
0 1 0 1 1 1 0 3 1 2 
0 2 0 0 0 0 0 0 1 0 
1 0 0 0 3 0 0 3 0 3 
1 1 1 0 1 1 1 1 1 1 
3 0 2 2 2 0 1 0 2 3 
0 0 0 0 0 3 0 3 0 0 
2 0 0 2 0 3 0 0 1 3 
2 2 1 3 1 3 1 2 0 0 
0 1 3 2 1 0 2 1 3 3 
2 1 2 3 3 0 3 0 1 2 
1 2 2 2 2 0 0 1 3 0 
2 3 1 0 2 0 2 0 2 1 
3 1 3 2 2 1 2 3 0 0 
2 0 3 3 0 1 0 3 3 1 
0 2 1 0 3 1 3 3 2 3 
3 3 0 2 3 3 3 2 3 1 
3 0 1 1 1 0 1 0 3 2 
0 0 0 3 2 0 3 0 0 0 
0 0 0 0 0 0 0 0 0 0 
1 0 0 3 3 3 2 1 0 2 
1 3 3 1 3 2 3 0 1 0 
1 1 3 1 0 3 0 2 2 3 
0 0 2 0 2 3 2 2 1 1 
2 2 0 1 2 2 2 1 2 2 
3 3 1 2 0 2 0 1 1 2 
0 3 0 0 0 1 0 2 0 0 
3 0 0 3 1 0 1 2 2 0 
0 0 0 0 3 0 1 0 0 0 
3 2 3 0 0 2 1 0 3 1 
0 3 2 3 1 2 1 3 0 3 
MFS
precise
0.0
recall
0.0
F-measure
0.0
multi
0
time
all 31 iden 0 gen 31
t-cover
720
all-cover
720
coveredNum
(1 : 297)  (2 : 233)  (3 : 117)  (4 : 30)  (5 : 6)  (6 : 16)  (7 : 7)  (8 : 6)  (9 : 7)  (10 : 1)  
real Identify

testCase Num: 33
regaular Num: 33
identify Num: 0
2 2 3 1 1 0 2 3 0 1 
0 0 0 0 0 0 0 0 1 3 
3 2 0 0 1 3 3 2 0 3 
1 3 0 2 0 2 2 2 0 0 
2 2 3 0 2 3 0 1 3 0 
0 3 1 0 2 2 3 2 3 1 
3 1 2 1 0 3 1 3 3 0 
0 1 2 0 3 1 2 1 0 2 
1 0 2 0 2 0 2 3 0 0 
3 1 0 1 2 2 3 3 2 2 
0 2 2 2 0 2 0 0 0 0 
0 0 0 2 0 3 0 0 0 0 
3 3 3 2 3 2 0 3 2 3 
2 2 0 3 0 1 3 1 2 3 
0 1 0 3 0 0 0 0 0 0 
0 0 3 1 1 2 1 2 2 3 
1 0 3 3 1 3 2 0 3 2 
0 0 0 0 0 0 2 0 2 0 
0 0 0 0 0 0 0 0 0 0 
1 2 1 0 3 3 1 2 2 0 
0 0 1 0 0 0 0 0 0 2 
0 1 3 2 1 1 3 2 3 0 
0 3 3 0 0 1 0 3 1 2 
3 0 1 3 2 1 1 0 0 3 
2 1 0 0 3 0 2 0 3 3 
3 0 1 2 0 0 2 1 1 1 
2 2 2 2 2 0 1 2 1 2 
1 1 1 1 1 1 0 1 1 1 
2 0 1 3 3 2 3 3 1 0 
1 1 2 0 1 0 3 0 2 3 
0 3 2 3 1 0 0 2 2 1 
0 3 0 1 3 3 1 0 1 1 
2 3 0 0 0 2 1 1 0 0 
MFS
precise
0.0
recall
0.0
F-measure
0.0
multi
0
time
all 31 iden 0 gen 31
t-cover
720
all-cover
720
coveredNum
(1 : 291)  (2 : 250)  (3 : 114)  (4 : 23)  (5 : 11)  (6 : 17)  (7 : 9)  (8 : 5)  
real Identify

testCase Num: 31
regaular Num: 31
identify Num: 0
0 1 0 3 2 3 1 1 0 3 
1 1 1 1 0 1 1 1 1 1 
0 2 1 2 3 3 0 3 1 3 
3 2 1 2 0 0 1 2 3 0 
3 0 2 3 1 1 3 2 3 3 
1 1 3 1 1 0 0 3 2 3 
2 0 0 0 2 1 3 3 1 2 
3 1 3 1 0 2 2 1 0 0 
1 3 0 1 3 3 3 1 3 0 
2 0 3 3 3 2 1 3 0 0 
0 0 3 0 0 0 0 2 0 0 
2 1 2 0 2 2 0 2 3 1 
3 3 3 0 2 3 1 0 2 1 
0 3 0 2 0 2 2 0 0 3 
0 0 0 1 3 2 0 2 0 0 
0 0 0 0 0 0 0 0 0 0 
1 2 2 1 2 0 2 2 0 2 
2 0 1 1 0 2 3 0 2 3 
1 0 2 2 0 3 2 2 1 1 
2 3 1 0 1 3 1 1 0 2 
3 2 0 3 3 1 0 1 0 1 
0 1 3 2 1 0 3 3 0 1 
0 1 3 0 3 1 2 0 3 2 
2 0 2 0 3 0 1 1 2 3 
1 2 3 0 1 2 3 0 1 0 
0 0 1 0 2 0 0 0 0 0 
0 3 2 2 2 1 0 2 2 0 
2 2 0 2 1 2 2 1 2 2 
3 3 1 3 0 0 2 3 1 2 
0 0 2 0 0 0 0 3 3 0 
1 0 2 3 0 0 0 0 2 2 
MFS
precise
0.0
recall
0.0
F-measure
0.0
multi
0
time
all 32 iden 0 gen 32
t-cover
709
all-cover
720
coveredNum
(1 : 297)  (2 : 271)  (3 : 93)  (4 : 32)  (5 : 15)  (6 : 10)  (7 : 2)  
real Identify

testCase Num: 33
regaular Num: 33
identify Num: 0
0 1 2 3 3 0 3 2 0 0 
1 0 1 2 2 3 0 1 1 3 
0 2 0 0 0 0 0 0 1 0 
3 1 0 0 2 3 3 2 3 1 
0 0 3 1 2 2 1 2 2 0 
3 3 3 3 0 3 1 3 1 2 
2 1 1 3 0 2 0 3 2 3 
0 0 0 2 0 0 1 0 0 0 
2 2 2 2 2 2 2 2 0 2 
2 3 1 2 1 0 3 0 1 0 
2 2 3 3 0 1 3 1 0 0 
0 3 2 0 3 1 2 1 1 3 
1 0 2 3 1 3 2 3 3 0 
0 2 0 2 1 1 0 3 2 1 
0 0 0 0 3 0 0 3 0 0 
0 0 0 0 0 0 0 0 0 0 
2 3 2 1 2 1 0 3 2 0 
3 0 1 0 0 0 2 1 2 0 
1 2 3 1 3 0 3 0 2 3 
2 2 2 0 0 3 0 0 0 0 
3 0 1 2 3 1 0 1 3 2 
0 1 3 2 0 0 2 1 3 1 
0 3 1 0 0 2 3 0 0 0 
0 0 0 0 0 1 0 2 0 0 
0 1 3 0 0 0 0 0 1 0 
0 1 0 1 3 3 2 0 2 2 
1 1 1 1 1 1 1 1 0 1 
1 0 3 0 1 0 3 3 0 2 
3 2 1 0 1 2 1 2 0 3 
1 3 0 1 0 2 0 2 1 1 
3 3 0 1 0 1 0 0 3 3 
3 2 2 3 2 0 1 0 3 1 
2 0 0 3 3 2 1 1 3 1 
MFS
precise
0.0
recall
0.0
F-measure
0.0
multi
0
time
all 31 iden 0 gen 31
t-cover
720
all-cover
720
coveredNum
(1 : 288)  (2 : 260)  (3 : 102)  (4 : 31)  (5 : 13)  (6 : 8)  (7 : 12)  (8 : 4)  (9 : 2)  
real Identify

