testCase Num: 109
regaular Num: 109
identify Num: 0
2 0 1 0 1 0 2 1 2 2 1 0 
1 1 0 1 0 1 0 1 2 0 0 1 
0 0 0 0 0 0 0 5 7 0 0 0 
0 0 0 0 0 0 0 0 5 0 0 0 
0 0 0 0 0 0 0 2 8 0 0 0 
0 1 1 0 0 1 0 7 8 2 1 1 
0 0 0 0 0 0 0 4 0 0 0 0 
2 0 0 0 0 0 0 9 1 0 0 0 
0 0 0 0 0 0 0 9 2 0 0 0 
0 0 0 0 0 0 3 5 2 0 0 0 
0 0 0 0 0 0 0 7 7 0 0 0 
0 0 0 0 0 0 0 5 4 0 0 0 
1 0 0 0 0 0 1 5 6 1 1 0 
0 0 0 0 0 0 0 1 4 0 0 0 
0 0 0 0 0 0 0 3 1 0 0 0 
0 0 0 0 0 0 0 8 1 0 0 0 
1 0 1 1 0 1 1 4 5 2 0 0 
0 0 0 0 0 0 2 5 1 2 0 0 
0 0 0 0 0 0 0 0 8 0 0 0 
1 0 0 0 0 0 3 6 0 2 0 0 
0 0 0 0 0 0 0 4 6 0 0 0 
0 0 0 0 0 0 0 7 4 0 0 0 
0 0 0 0 0 0 0 9 5 0 0 0 
0 0 0 0 0 0 0 1 9 0 0 0 
0 0 0 0 0 0 3 1 1 0 0 0 
0 0 0 0 0 0 0 6 1 0 0 0 
0 0 0 0 0 0 0 3 6 0 0 0 
0 0 0 0 0 0 0 8 0 0 0 0 
1 1 1 1 1 1 1 0 1 1 1 1 
2 0 0 1 1 0 0 6 7 1 0 1 
0 0 0 0 0 0 0 0 7 0 0 0 
0 0 0 0 0 0 0 4 9 0 0 0 
0 0 0 0 0 0 0 1 6 0 0 0 
0 1 1 1 1 1 2 9 0 1 1 1 
0 0 0 0 0 0 0 3 3 0 0 0 
2 0 0 0 0 0 0 3 4 2 0 0 
0 0 0 0 0 0 0 1 0 0 0 0 
0 0 0 0 0 0 0 8 3 0 0 0 
0 0 0 0 0 0 0 5 8 0 0 0 
0 0 0 0 0 0 0 6 6 0 0 0 
0 0 0 0 0 0 0 4 1 0 0 0 
0 0 0 0 0 0 1 1 3 1 0 0 
0 0 0 0 0 0 0 0 2 0 0 0 
0 0 0 0 0 0 0 7 2 0 0 0 
1 1 1 0 1 1 0 8 9 1 1 1 
1 0 0 0 0 0 2 4 8 1 0 0 
2 0 0 0 0 0 2 0 9 2 0 0 
0 0 0 0 0 0 0 6 9 0 0 0 
0 0 0 0 0 0 0 5 5 0 0 0 
0 1 0 1 1 0 3 3 4 1 1 0 
0 0 0 0 0 0 1 2 2 1 0 0 
0 0 0 0 0 0 2 2 7 0 0 0 
0 0 0 0 0 0 0 3 8 0 0 0 
0 0 0 0 0 0 0 8 2 0 0 0 
0 0 0 0 0 0 0 4 4 0 0 0 
0 1 0 0 1 0 3 4 5 0 1 1 
0 1 1 0 0 1 1 6 7 0 1 0 
0 0 0 0 0 0 0 2 1 0 0 0 
1 0 1 0 1 0 3 2 3 0 1 1 
0 0 0 0 0 0 0 4 7 0 0 0 
0 0 0 0 0 0 0 9 6 0 0 0 
1 0 0 0 0 0 2 7 5 1 0 0 
0 0 0 0 0 0 0 2 4 0 0 0 
0 0 0 0 0 0 0 7 3 0 0 0 
0 0 0 0 0 0 0 1 8 0 0 0 
0 0 0 0 0 0 0 5 0 0 0 0 
0 0 0 0 0 0 0 3 5 0 0 0 
0 0 0 0 0 0 1 9 4 0 0 0 
0 0 0 0 0 0 0 8 5 0 0 0 
0 0 0 0 0 0 0 2 9 0 0 0 
0 0 0 0 0 0 0 6 4 0 0 0 
0 0 0 0 0 0 0 0 4 0 0 0 
2 0 0 0 0 0 0 4 3 0 0 0 
0 0 0 0 0 0 0 7 0 0 0 0 
0 0 0 0 0 0 0 9 9 0 0 0 
1 0 1 0 0 1 2 3 4 0 0 1 
0 0 0 0 0 0 3 8 8 0 0 0 
0 0 0 0 0 0 0 5 3 0 0 0 
0 0 0 0 0 0 0 3 2 0 0 0 
0 0 0 0 0 0 0 1 5 0 0 0 
2 1 0 1 0 1 3 2 3 2 0 0 
0 0 0 1 0 0 1 8 9 0 0 0 
0 0 0 0 0 0 0 8 4 0 0 0 
0 0 0 0 0 0 0 5 9 0 0 0 
1 0 0 0 0 0 3 9 7 2 0 0 
2 1 1 1 1 1 0 5 6 0 0 1 
2 0 0 0 0 0 0 2 5 0 0 0 
0 0 0 0 0 0 0 4 2 0 0 0 
2 0 0 1 1 0 1 7 8 0 0 0 
0 0 0 0 0 0 0 6 5 0 0 0 
0 0 0 0 0 0 0 2 6 0 0 0 
0 0 0 0 0 0 0 0 3 0 0 0 
0 0 0 0 0 0 0 0 0 0 0 0 
2 0 0 0 0 0 2 8 6 2 0 0 
0 0 0 0 0 0 0 7 1 0 0 0 
0 0 0 0 0 0 0 9 8 0 0 0 
0 0 0 0 0 0 0 6 8 0 0 0 
0 0 0 0 0 0 0 3 9 0 0 0 
0 0 0 0 0 0 0 6 2 0 0 0 
0 0 0 0 0 0 0 3 7 0 0 0 
0 0 0 0 0 0 0 8 7 0 0 0 
0 0 0 0 0 0 3 0 6 0 0 0 
0 0 0 0 0 0 3 7 9 0 0 0 
0 0 0 0 0 0 0 2 0 0 0 0 
0 0 0 0 0 0 2 6 3 0 0 0 
2 0 0 0 0 0 1 3 0 0 0 0 
0 0 0 0 0 0 0 7 6 0 0 0 
0 0 0 0 0 0 0 9 3 0 0 0 
0 0 0 0 0 0 0 1 7 0 0 0 
MFS
precise
0.0
recall
0.0
F-measure
0.0
multi
0
time
all 254 iden 0 gen 252
t-cover
837
all-cover
837
(1 : 376)  (2 : 40)  (3 : 48)  (4 : 34)  (5 : 21)  (6 : 20)  (70 : 1)  (7 : 26)  (8 : 44)  (9 : 61)  (73 : 1)  (10 : 107)  (74 : 3)  (11 : 15)  (75 : 3)  (76 : 1)  (80 : 1)  (81 : 2)  (83 : 5)  (84 : 1)  (85 : 5)  (86 : 1)  (92 : 1)  (93 : 2)  (94 : 2)  (95 : 7)  (96 : 7)  (97 : 2)  
testCase Num: 108
regaular Num: 108
identify Num: 0
2 1 1 1 1 1 2 0 0 1 1 1 
2 0 0 0 0 0 3 7 5 1 0 0 
0 0 0 0 0 0 0 8 6 0 0 0 
0 0 0 0 0 0 2 6 9 0 0 0 
0 0 0 0 0 0 0 0 5 0 0 0 
2 0 0 0 0 0 3 6 0 0 0 0 
0 0 0 0 0 0 0 2 8 0 0 0 
0 0 0 0 0 0 0 7 7 0 0 0 
0 0 0 0 0 0 0 5 4 0 0 0 
0 0 0 0 0 0 1 4 0 0 0 0 
1 0 0 0 0 0 1 8 0 2 0 0 
0 0 0 1 1 0 3 5 6 0 0 1 
0 0 0 0 0 0 0 4 3 0 0 0 
0 0 0 0 0 0 0 0 8 0 0 0 
0 0 0 0 0 0 0 4 6 0 0 0 
0 0 0 1 1 1 0 8 9 1 1 1 
0 1 0 0 1 0 0 2 3 1 0 0 
0 0 0 0 0 0 0 7 4 0 0 0 
0 0 0 0 0 0 0 9 5 0 0 0 
0 0 0 0 0 0 0 1 9 0 0 0 
0 0 0 0 0 0 2 5 8 0 0 0 
1 1 1 0 0 0 3 8 9 0 0 0 
0 0 0 0 0 0 0 6 1 0 0 0 
0 0 0 0 0 0 0 3 6 0 0 0 
0 0 0 0 0 0 0 8 8 0 0 0 
2 1 0 0 1 1 2 2 2 2 0 1 
0 0 0 0 0 0 0 0 7 0 0 0 
2 1 1 1 1 0 1 3 4 0 1 1 
0 0 0 0 0 0 0 4 9 0 0 0 
0 0 0 0 0 0 0 9 4 0 0 0 
0 0 0 0 0 0 0 1 6 0 0 0 
0 0 0 0 0 0 0 5 2 0 0 0 
0 0 0 0 0 0 3 3 1 2 0 0 
0 0 0 0 0 0 0 1 0 0 0 0 
0 0 0 0 0 0 2 7 6 0 0 0 
0 1 1 0 1 1 0 6 7 1 1 0 
0 0 0 0 0 0 0 8 3 0 0 0 
0 0 0 0 0 0 0 6 6 0 0 0 
0 0 0 0 0 0 0 4 1 0 0 0 
0 0 0 0 0 0 0 2 7 0 0 0 
2 0 0 0 0 0 2 8 1 0 0 0 
0 0 0 0 0 0 0 7 2 0 0 0 
1 0 0 1 0 0 2 9 7 0 0 1 
2 1 0 0 1 0 1 9 6 2 0 0 
0 1 1 1 0 0 2 4 5 2 1 0 
1 0 0 1 0 0 1 6 3 2 0 1 
0 0 0 0 0 0 0 3 0 0 0 0 
0 0 0 0 0 0 0 5 5 0 0 0 
0 0 0 0 0 0 0 1 3 0 0 0 
0 0 0 0 0 0 0 3 8 0 0 0 
0 0 0 0 0 0 0 8 2 0 0 0 
0 0 0 0 0 0 0 4 4 0 0 0 
1 0 0 0 0 0 1 2 5 0 0 0 
0 0 0 0 0 0 0 0 1 0 0 0 
0 0 0 0 0 0 0 2 1 0 0 0 
0 0 0 0 0 0 0 4 7 0 0 0 
0 0 0 0 0 0 0 2 4 0 0 0 
0 0 0 0 0 0 0 7 3 0 0 0 
0 0 0 0 0 0 0 1 8 0 0 0 
0 0 0 0 0 0 0 5 0 0 0 0 
0 0 0 0 0 0 0 3 5 0 0 0 
0 0 0 0 0 0 0 8 5 0 0 0 
0 0 0 0 0 0 3 0 4 0 0 0 
0 0 0 0 0 0 0 2 9 0 0 0 
0 0 0 0 0 0 0 6 4 0 0 0 
1 0 0 1 0 0 0 7 8 2 1 1 
0 0 0 0 0 0 0 7 0 0 0 0 
0 0 0 0 0 0 0 9 9 0 0 0 
1 0 0 0 0 1 1 3 4 1 0 0 
0 0 0 0 0 0 2 3 3 0 0 0 
0 0 0 0 0 0 0 9 1 0 0 0 
0 0 0 0 0 0 0 5 3 0 0 0 
0 0 0 0 0 0 0 3 2 0 0 0 
0 0 0 0 0 0 0 1 5 0 0 0 
1 0 0 1 0 0 1 0 2 0 0 0 
0 0 0 0 0 0 0 8 4 0 0 0 
0 0 0 0 0 0 0 5 9 0 0 0 
0 0 0 0 0 0 0 4 2 0 0 0 
0 0 0 0 0 0 0 6 5 0 0 0 
0 0 0 0 0 0 0 2 6 0 0 0 
2 0 0 0 0 0 1 5 7 2 0 0 
0 0 0 0 0 0 0 0 3 0 0 0 
0 0 0 0 0 0 0 0 0 0 0 0 
0 0 0 0 0 0 0 7 1 0 0 0 
0 0 0 0 0 0 0 9 8 0 0 0 
2 0 0 0 0 0 3 4 8 1 0 0 
0 0 0 0 0 0 0 6 8 0 0 0 
0 0 0 0 0 0 0 9 0 0 0 0 
1 0 0 0 1 1 0 4 5 0 0 1 
0 0 0 0 0 0 0 3 9 0 0 0 
2 0 0 0 0 0 1 0 9 2 0 0 
2 0 1 1 0 1 3 2 3 0 1 0 
0 0 0 0 0 0 0 1 2 0 0 0 
0 0 0 0 0 0 0 6 2 0 0 0 
0 0 0 0 0 0 0 3 7 0 0 0 
0 0 0 0 0 0 0 8 7 0 0 0 
1 1 1 1 1 0 1 1 1 1 1 1 
0 0 0 0 0 0 0 7 9 0 0 0 
0 0 0 0 0 0 0 0 6 0 0 0 
0 0 0 0 0 0 0 2 0 0 0 0 
2 0 0 0 0 1 0 1 1 0 0 0 
0 0 0 0 0 0 2 1 4 2 0 0 
0 0 0 0 0 0 3 1 7 0 0 0 
0 0 0 0 0 0 0 9 3 0 0 0 
0 0 1 0 0 1 3 9 2 1 1 0 
0 1 1 0 1 1 1 7 8 0 0 0 
0 0 0 0 0 0 0 5 1 0 0 0 
1 1 1 0 0 1 0 5 6 1 1 0 
MFS
precise
0.0
recall
0.0
F-measure
0.0
multi
0
time
all 224 iden 0 gen 216
t-cover
837
all-cover
837
(1 : 365)  (2 : 48)  (3 : 39)  (4 : 31)  (5 : 32)  (6 : 21)  (7 : 25)  (71 : 2)  (8 : 52)  (72 : 3)  (9 : 72)  (73 : 2)  (10 : 107)  (74 : 2)  (78 : 1)  (80 : 1)  (81 : 4)  (82 : 1)  (83 : 2)  (84 : 4)  (85 : 1)  (86 : 1)  (89 : 1)  (90 : 1)  (91 : 5)  (92 : 4)  (93 : 4)  (94 : 3)  (95 : 2)  (96 : 1)  
