testCase Num: 66
regaular Num: 38
identify Num: 28
2 0 1 1 0 1 1 0 1 1 0 0 
2 0 0 1 0 0 0 0 3 0 1 0 
0 1 0 0 0 0 1 1 3 0 0 0 
2 1 1 0 0 0 1 0 2 2 1 0 
0 0 0 1 1 0 0 0 3 2 0 0 
1 0 0 1 0 1 0 0 0 2 0 1 
2 1 0 1 1 1 0 1 2 1 1 0 
2 0 1 0 0 1 0 1 2 2 1 1 
0 0 0 0 0 0 0 0 3 1 0 1 
2 0 0 1 1 1 0 1 2 1 0 0 
2 1 0 1 1 0 0 1 2 1 0 0 
2 1 0 1 0 1 0 1 2 1 0 0 
1 0 1 1 1 1 1 0 3 1 0 0 
0 0 0 0 0 0 0 0 2 2 0 0 
1 0 1 0 0 0 0 0 1 2 0 0 
2 1 0 1 1 1 0 1 2 1 0 0 
0 0 1 1 1 1 0 1 2 2 1 1 
0 0 0 0 1 0 1 0 1 0 1 0 
2 1 0 1 1 1 0 1 2 1 0 1 
0 0 1 0 0 0 0 0 3 0 0 0 
2 0 0 0 1 1 0 0 1 2 1 0 
2 0 0 1 1 0 1 1 0 0 0 0 
1 0 0 0 0 0 0 0 0 1 0 0 
0 1 1 0 0 1 0 0 1 1 0 1 
2 1 0 0 0 0 0 0 2 0 0 1 
1 0 1 0 0 0 0 1 2 1 0 0 
1 1 0 0 0 0 0 0 1 1 0 0 
1 0 1 0 1 1 1 1 1 1 1 1 
0 0 1 1 1 1 0 1 2 0 1 1 
0 0 1 0 0 1 0 1 3 2 1 1 
0 1 0 1 0 0 1 0 2 1 1 1 
0 0 0 0 0 0 0 0 1 0 0 1 
0 1 0 1 1 1 0 1 2 1 0 0 
0 0 1 0 0 0 0 1 2 1 0 0 
1 1 0 1 1 1 1 0 3 0 1 1 
2 1 0 1 1 1 0 0 2 1 0 0 
1 0 0 1 0 1 0 1 1 0 0 0 
1 0 1 1 1 0 0 1 2 2 1 1 
2 1 1 1 1 1 0 1 2 1 0 0 
2 1 1 0 1 0 1 0 3 2 0 1 
0 1 0 0 0 0 0 1 0 1 0 0 
2 0 0 0 0 0 0 0 2 0 0 0 
2 1 0 1 1 1 0 1 3 1 0 0 
0 0 0 0 0 0 1 1 2 0 0 0 
0 0 0 0 0 0 0 0 0 0 0 0 
0 1 0 1 1 1 1 0 0 2 1 1 
2 1 0 1 1 1 0 1 2 2 0 0 
2 1 0 1 1 1 1 1 2 1 0 0 
1 1 0 0 0 0 0 1 2 1 0 0 
2 1 0 0 0 0 0 1 2 1 0 0 
2 1 1 0 0 1 0 1 0 0 1 1 
1 0 1 0 1 0 1 0 2 0 0 1 
1 0 0 0 0 0 0 0 3 1 1 0 
1 0 0 0 1 0 0 0 0 0 0 0 
2 0 0 0 1 0 0 1 0 1 1 1 
2 1 1 1 0 0 1 0 1 0 1 0 
2 0 1 1 1 1 0 1 2 1 0 0 
0 0 1 0 0 1 1 0 2 2 1 1 
0 1 0 1 1 0 0 1 1 2 0 0 
1 0 0 0 0 0 0 1 3 2 0 0 
2 1 0 0 1 1 0 1 2 1 0 0 
1 1 1 0 0 0 1 1 0 2 1 0 
2 0 0 0 0 0 0 0 0 2 0 0 
1 0 1 1 1 1 0 1 2 1 0 0 
0 0 1 1 1 1 1 0 0 1 0 0 
2 0 0 1 0 0 1 1 1 2 0 1 
MFS
[ - , - , - , - , - , 1 , - , - , 2 , - , - , - ]
precise
0.0
recall
0.0
F-measure
0.0
multi
0
time
all 374 iden 172 gen 140
t-cover
2730
all-cover
2742
(1 : 361)  (2 : 584)  (3 : 618)  (4 : 363)  (5 : 246)  (6 : 192)  (7 : 129)  (8 : 69)  (9 : 47)  (10 : 35)  (11 : 9)  (12 : 6)  (13 : 8)  (14 : 6)  (15 : 18)  (16 : 10)  (17 : 11)  (18 : 6)  (19 : 7)  (20 : 9)  (21 : 6)  (22 : 2)  
testCase Num: 66
regaular Num: 39
identify Num: 27
0 0 0 1 0 0 1 1 3 0 1 0 
2 0 0 1 1 0 0 1 0 1 0 0 
2 1 0 1 0 0 0 1 2 2 1 0 
1 1 0 1 0 0 1 1 0 0 1 1 
2 1 0 0 1 1 0 1 2 2 1 0 
2 1 0 0 1 1 0 1 2 2 0 0 
2 0 0 0 0 0 1 0 3 0 0 0 
0 0 0 1 0 0 0 0 2 1 0 0 
0 0 1 1 1 1 0 1 1 2 0 0 
1 1 0 0 1 1 1 0 3 0 0 1 
2 0 0 1 1 1 0 0 1 0 1 0 
1 1 0 1 0 0 1 0 2 0 0 0 
1 1 0 0 1 1 0 1 2 2 1 0 
2 1 0 0 1 1 0 0 2 2 1 0 
2 1 0 0 0 1 0 0 1 2 0 1 
2 1 0 0 1 0 0 0 0 0 0 0 
0 0 0 0 0 0 1 0 1 2 1 1 
2 1 1 0 1 1 0 1 2 2 1 0 
0 1 1 0 0 0 1 0 3 2 0 1 
1 1 0 0 1 0 0 0 1 2 0 0 
2 0 1 0 1 1 0 1 2 1 0 1 
0 1 0 1 0 0 0 1 2 2 1 0 
2 1 0 0 0 1 0 1 2 2 1 0 
2 1 0 0 1 1 0 1 3 2 1 0 
1 0 1 0 1 1 1 0 3 2 1 0 
0 0 0 0 0 0 0 0 0 1 1 0 
2 1 0 1 1 1 0 1 2 2 1 0 
1 1 0 0 0 0 0 1 1 1 0 1 
2 0 0 0 1 1 0 1 2 2 1 0 
0 0 1 1 0 1 0 1 2 1 0 1 
2 1 0 0 1 0 0 1 2 2 1 0 
0 0 0 1 0 0 0 0 3 2 0 0 
2 1 0 0 1 1 1 1 2 2 1 0 
1 0 0 1 0 1 0 1 3 1 0 0 
1 0 0 0 0 0 0 0 1 0 0 0 
1 1 1 0 0 0 0 1 0 1 0 0 
0 1 0 1 1 0 0 0 3 1 1 0 
0 1 0 0 1 1 1 1 0 2 0 0 
2 1 1 0 0 0 1 0 2 1 1 1 
2 0 0 1 0 0 0 1 0 2 0 1 
2 0 1 0 1 1 1 0 0 2 1 0 
2 0 1 1 0 1 0 1 3 1 0 1 
1 0 0 0 1 1 0 0 0 2 0 1 
2 0 0 0 0 0 0 0 2 0 0 0 
0 0 0 0 0 0 1 1 1 1 1 0 
2 1 0 0 1 1 0 1 2 1 1 0 
0 0 0 0 0 1 1 0 3 1 0 0 
0 0 0 0 0 0 0 0 0 0 0 0 
1 0 0 0 0 0 0 0 2 1 0 0 
0 1 1 0 1 0 0 0 1 0 1 1 
2 0 1 1 0 1 1 0 2 1 0 1 
2 0 1 0 0 0 0 0 3 0 1 1 
0 1 1 1 0 1 0 0 0 0 1 1 
0 0 0 0 0 0 1 1 2 0 1 0 
2 0 0 0 0 0 0 0 1 1 0 0 
0 0 1 0 1 1 0 1 2 2 1 0 
0 0 1 1 0 0 0 1 2 2 1 0 
2 0 0 1 1 0 1 0 2 2 0 1 
2 1 0 0 1 1 0 1 2 2 1 1 
0 1 0 0 1 1 1 0 0 1 0 1 
1 0 1 1 1 1 1 0 1 1 1 1 
0 0 1 0 1 0 0 1 2 1 0 1 
2 1 1 1 0 0 1 1 1 0 0 0 
1 0 0 0 0 0 0 0 3 0 0 0 
1 0 1 0 1 1 0 1 2 0 0 1 
1 0 1 1 0 0 0 1 2 2 1 0 
MFS
[ - , - , - , - , - , 1 , - , - , 2 , - , - , - ]
precise
0.0
recall
0.0
F-measure
0.0
multi
0
time
all 390 iden 156 gen 141
t-cover
2730
all-cover
2742
(1 : 334)  (2 : 514)  (3 : 603)  (4 : 379)  (5 : 291)  (6 : 218)  (7 : 138)  (8 : 95)  (9 : 49)  (10 : 27)  (11 : 11)  (12 : 11)  (13 : 15)  (14 : 15)  (15 : 17)  (16 : 11)  (17 : 5)  (18 : 4)  (19 : 2)  (20 : 2)  (21 : 1)  
