testCase Num: 413
regaular Num: 413
identify Num: 0
2 1 0 1 1 1 1 5 5 2 0 0 
2 0 0 0 0 0 2 7 0 2 0 0 
1 0 1 1 1 0 0 0 8 2 1 1 
2 0 1 1 0 1 1 8 4 2 0 0 
0 0 0 0 0 0 3 9 4 2 0 0 
2 1 0 0 0 0 0 1 1 1 1 0 
2 0 0 0 0 0 2 3 5 2 0 0 
1 0 1 1 1 0 0 8 9 1 0 1 
2 0 1 0 0 1 0 9 9 0 0 0 
0 0 0 0 0 0 2 3 2 0 0 0 
0 1 1 1 1 1 2 7 5 0 1 1 
0 0 0 0 0 0 1 6 3 0 0 0 
2 0 0 1 0 0 2 0 3 1 1 1 
1 1 0 1 1 1 2 5 0 0 0 1 
0 0 0 0 0 0 3 3 5 0 0 0 
2 0 0 0 0 0 0 8 6 2 0 0 
1 0 0 1 0 1 3 9 7 1 0 0 
0 1 1 1 0 1 1 6 4 1 0 0 
0 1 0 1 1 0 0 6 6 0 1 0 
1 0 1 1 0 0 0 9 3 2 0 1 
2 0 0 0 0 0 0 3 9 1 0 0 
0 0 0 0 0 0 0 1 5 2 0 0 
1 0 0 1 0 1 3 3 7 0 1 0 
1 0 0 0 0 0 3 4 1 0 0 0 
2 0 0 0 0 0 2 4 5 1 0 0 
1 0 0 1 0 0 0 1 2 0 0 0 
0 0 0 0 0 0 0 0 3 2 0 0 
0 1 0 0 1 1 0 1 2 2 1 1 
1 0 0 0 0 1 3 3 6 1 0 0 
2 0 0 1 1 0 0 4 0 0 1 1 
1 1 0 0 0 0 1 9 0 2 0 0 
1 1 0 1 0 1 2 4 3 2 1 0 
0 0 0 0 0 0 0 9 4 0 0 0 
0 1 1 1 0 1 3 2 3 0 1 1 
0 0 1 1 0 1 1 5 8 2 1 1 
1 0 1 1 1 1 3 5 7 2 0 1 
0 0 0 0 0 0 3 5 8 0 0 0 
0 1 0 1 1 1 1 3 0 1 0 0 
2 0 0 0 0 0 1 5 4 0 0 0 
1 0 1 0 0 0 2 2 4 0 0 0 
2 1 0 1 0 0 3 6 9 0 0 0 
0 1 1 1 0 1 1 8 6 0 1 0 
1 0 0 1 0 0 3 8 1 2 0 0 
1 0 0 0 0 0 0 5 5 0 0 0 
1 0 1 0 0 1 2 1 9 2 0 0 
0 0 0 0 0 0 2 5 6 0 0 0 
0 0 0 0 0 0 1 8 5 0 0 0 
1 0 0 0 0 0 2 4 0 0 0 0 
1 0 0 0 0 0 1 0 2 0 0 0 
1 0 0 0 0 0 0 3 2 2 0 0 
0 0 0 0 0 0 2 6 5 0 0 0 
0 0 0 0 0 0 2 8 8 0 0 0 
0 0 0 0 0 0 0 7 3 0 0 0 
1 0 0 0 0 0 3 5 2 0 0 0 
1 0 0 0 1 1 1 6 2 1 1 0 
0 1 1 0 0 1 1 5 9 1 1 1 
0 1 0 0 1 1 3 5 3 0 1 0 
0 0 0 0 0 0 1 4 0 2 0 0 
1 1 0 0 1 1 1 4 5 0 0 1 
0 1 0 0 1 1 0 7 8 1 1 1 
0 0 0 0 0 0 1 5 2 2 0 0 
0 0 0 0 0 0 2 0 9 0 0 0 
2 0 1 0 0 0 2 1 8 1 0 0 
1 1 0 0 1 0 0 5 8 1 0 0 
2 0 0 0 0 0 1 9 1 2 0 0 
1 0 1 0 0 0 1 1 0 2 0 0 
1 0 0 0 0 0 1 9 2 1 0 0 
0 0 0 1 1 1 0 9 2 2 0 0 
2 1 0 0 0 1 2 2 1 1 1 0 
1 1 0 0 1 1 2 9 4 0 1 1 
2 0 0 1 0 0 3 7 3 0 0 0 
2 0 1 0 0 0 2 8 0 1 0 0 
1 1 1 0 0 1 2 7 1 0 0 0 
0 0 0 0 0 0 3 1 1 2 0 0 
1 1 1 1 1 0 1 6 1 0 0 0 
2 1 0 0 1 0 1 8 3 1 0 1 
1 1 0 0 0 0 3 1 3 1 0 1 
0 0 0 0 0 0 1 3 9 0 0 0 
0 0 0 0 0 0 0 0 0 0 0 0 
0 0 1 1 1 1 1 9 0 0 1 1 
0 0 0 0 0 0 3 5 0 2 0 0 
2 0 0 0 0 0 0 9 7 2 0 0 
0 0 0 0 1 0 2 5 4 2 1 0 
2 0 0 1 1 0 3 7 1 2 1 1 
0 1 0 1 0 1 2 9 1 0 0 0 
0 0 0 0 0 0 1 5 0 0 0 0 
2 0 0 0 0 0 0 6 3 2 0 0 
2 0 0 0 0 0 1 7 9 2 0 0 
2 1 0 0 0 1 1 6 7 0 0 0 
0 0 0 0 0 0 1 0 5 0 0 0 
0 0 0 0 0 0 3 9 3 0 0 0 
0 0 0 0 0 0 3 4 8 0 0 0 
0 0 0 0 0 0 1 4 3 0 0 0 
0 0 0 0 0 0 2 0 0 0 0 0 
0 0 0 0 0 0 3 6 1 0 0 0 
0 0 0 0 0 0 2 6 9 0 0 0 
0 0 0 0 0 0 2 8 1 0 0 0 
0 0 0 0 0 0 2 4 6 0 0 0 
0 0 0 1 0 0 2 1 6 2 1 1 
2 0 0 0 0 0 0 4 2 1 1 0 
1 0 0 0 1 1 3 7 0 1 1 1 
2 0 0 0 0 0 1 5 7 1 0 0 
2 0 0 0 0 0 0 1 9 1 0 0 
1 0 0 0 0 0 0 8 2 1 0 0 
0 0 0 0 0 0 3 2 6 0 0 0 
2 0 0 0 0 0 1 2 2 0 0 0 
2 0 0 0 0 0 0 3 0 0 0 1 
1 0 0 0 0 0 0 2 5 2 0 0 
0 0 0 0 0 0 1 2 1 2 0 0 
0 1 0 0 1 0 3 6 0 2 1 1 
2 0 0 0 0 1 0 8 7 0 0 0 
0 0 0 0 0 0 3 9 5 0 0 0 
0 0 0 0 0 0 0 4 6 0 0 0 
2 0 0 0 0 0 3 4 7 2 0 0 
1 0 1 0 1 0 3 0 0 1 0 0 
0 0 0 0 0 0 2 1 2 0 0 0 
2 0 0 0 0 1 1 1 5 1 1 0 
0 1 0 1 1 1 0 2 8 0 0 1 
0 0 1 1 0 0 3 9 6 0 0 1 
2 0 0 0 0 0 0 3 1 1 0 0 
2 0 1 1 1 0 0 0 5 0 0 1 
1 0 0 1 1 0 0 8 8 0 1 1 
0 1 0 0 0 1 1 8 9 2 0 0 
1 0 0 0 1 0 2 6 3 1 0 1 
1 0 0 0 0 0 2 9 9 1 0 0 
0 0 1 0 0 0 2 5 5 1 1 1 
0 0 1 0 1 1 0 8 5 1 1 1 
1 1 0 0 0 1 1 0 4 1 1 0 
0 0 1 0 1 1 0 2 9 1 0 1 
0 0 0 0 0 0 0 1 6 0 0 0 
1 0 0 0 0 0 1 3 8 1 0 0 
2 0 0 0 0 0 0 5 3 1 0 0 
1 1 1 1 0 1 0 5 4 1 0 1 
0 0 0 0 0 0 1 4 4 2 0 0 
1 0 0 1 0 0 2 3 3 0 0 0 
2 0 0 0 0 0 3 5 9 2 0 0 
0 0 0 0 1 0 3 1 7 1 0 0 
1 0 0 0 0 1 3 4 9 1 1 0 
1 1 0 0 1 0 3 2 7 2 0 0 
2 1 0 1 0 1 0 2 4 2 1 1 
0 0 0 0 0 0 0 3 8 0 0 0 
2 0 1 0 0 0 0 5 0 1 1 0 
1 0 0 0 0 0 2 1 1 0 0 0 
0 1 1 0 1 1 1 4 7 0 0 0 
0 0 0 0 0 0 0 4 7 0 0 0 
0 1 0 1 1 1 1 1 8 0 1 1 
0 0 0 0 0 0 0 7 1 1 0 0 
0 0 0 0 0 0 2 3 6 0 0 0 
0 0 0 0 0 0 2 1 3 0 0 0 
2 0 0 0 1 0 3 6 4 0 1 1 
0 0 0 0 0 0 3 1 6 0 0 0 
0 1 0 1 1 0 1 1 9 0 1 1 
1 1 1 1 0 0 2 7 6 0 1 1 
2 0 0 1 1 1 3 0 2 2 0 0 
2 0 0 0 0 0 1 8 1 0 0 0 
1 0 0 0 0 0 0 2 3 1 0 0 
2 0 1 0 0 0 1 0 9 1 0 1 
0 0 1 0 1 1 3 2 2 1 1 0 
0 0 0 0 0 0 2 0 1 0 0 0 
1 0 1 1 0 1 3 0 1 1 0 0 
2 1 0 1 0 0 3 8 2 0 1 1 
0 0 0 0 0 0 0 2 7 1 0 0 
0 0 0 0 0 0 2 6 8 0 0 0 
0 0 0 0 0 0 0 0 4 0 0 0 
1 1 0 0 0 1 0 8 0 2 1 1 
1 1 0 1 0 0 1 2 9 0 1 0 
0 0 0 0 0 0 2 9 2 2 0 0 
2 0 0 0 0 0 1 4 6 0 0 0 
2 1 1 0 0 1 0 1 7 2 1 0 
0 0 0 0 0 0 2 0 2 0 0 0 
1 0 0 0 1 0 2 8 6 1 0 1 
1 0 0 1 0 0 1 0 7 0 1 1 
0 0 0 0 0 0 1 9 7 0 0 0 
0 0 1 1 1 0 2 3 1 0 0 0 
1 1 1 0 0 1 3 4 6 2 1 0 
0 1 0 1 1 0 1 9 9 2 1 1 
0 0 0 0 0 0 1 0 8 1 0 0 
1 0 0 0 0 1 1 1 6 0 0 0 
0 0 1 0 1 0 0 4 3 1 0 0 
0 1 1 1 1 1 0 5 6 1 0 1 
0 0 0 0 0 0 2 5 7 0 0 0 
1 0 0 1 0 0 0 4 8 2 0 0 
0 0 0 0 0 0 3 6 2 0 0 0 
2 0 0 0 0 0 3 5 6 0 1 0 
2 0 0 0 0 0 3 3 4 0 0 0 
0 0 1 1 1 0 0 6 7 1 1 1 
0 0 0 0 0 0 1 7 5 0 0 0 
2 0 0 0 0 0 0 6 5 1 0 0 
0 0 1 1 1 0 1 0 4 0 0 1 
1 0 0 0 0 0 1 2 8 1 0 0 
1 0 0 0 0 0 3 8 3 2 0 0 
0 1 1 1 1 1 2 2 0 0 1 0 
0 1 0 0 0 0 1 7 7 2 1 1 
0 1 1 0 1 0 2 9 7 0 1 1 
0 0 0 0 0 0 3 3 0 2 0 0 
1 0 0 0 0 0 2 6 7 2 0 0 
0 1 0 1 1 0 3 2 5 1 0 0 
0 1 1 1 0 1 1 3 5 1 1 1 
1 0 1 0 1 0 0 9 1 1 1 1 
0 0 0 0 0 0 3 0 7 2 0 0 
1 0 0 0 1 0 0 3 5 0 0 0 
1 1 0 0 1 0 3 5 1 1 1 0 
0 0 1 1 0 1 0 8 3 0 1 0 
0 0 0 0 0 0 2 6 1 1 1 1 
2 1 1 0 1 0 3 3 3 2 1 0 
0 0 0 0 0 0 3 8 7 0 0 0 
0 1 0 1 1 1 0 0 9 2 1 0 
0 0 0 0 0 0 2 7 2 0 0 0 
2 1 1 0 0 1 3 4 0 1 0 0 
2 0 1 1 1 1 0 1 3 0 1 0 
0 1 0 1 1 0 0 2 6 0 0 1 
0 0 0 0 0 0 3 2 9 0 0 0 
2 1 0 0 0 1 0 6 8 1 0 0 
2 0 0 0 0 0 1 9 5 2 0 0 
0 0 0 0 0 0 1 1 3 2 0 0 
1 1 0 0 0 1 2 0 8 0 0 0 
2 0 0 0 0 0 1 7 2 1 0 0 
2 0 0 0 0 0 3 4 3 0 0 1 
0 0 0 1 0 1 3 1 4 0 0 0 
2 0 1 0 0 1 2 6 6 2 0 1 
0 0 1 1 0 0 0 4 5 2 1 0 
2 0 1 0 0 0 1 1 2 1 0 0 
0 1 1 1 0 0 0 6 2 0 0 1 
2 0 0 1 0 0 2 4 4 1 1 0 
0 0 0 0 0 0 2 2 5 0 0 0 
0 0 0 0 0 0 1 9 3 0 0 0 
0 0 1 1 0 1 0 5 1 2 0 1 
0 0 0 0 0 0 3 6 3 0 0 0 
0 0 0 0 0 0 0 0 7 0 0 0 
0 0 0 0 0 0 1 8 0 0 0 0 
1 0 0 0 0 0 1 1 7 0 0 0 
1 1 1 0 1 1 0 4 4 0 0 1 
0 0 0 0 0 0 3 1 8 0 0 0 
1 1 1 0 1 1 2 0 3 0 0 0 
1 1 1 1 0 1 0 9 5 0 1 0 
1 1 1 0 1 0 3 1 4 2 1 1 
2 0 0 0 0 0 1 4 8 0 1 0 
2 0 0 0 0 0 2 2 9 2 0 0 
1 0 0 1 1 0 0 7 4 0 1 0 
0 0 0 0 0 0 1 3 6 2 0 0 
0 0 0 0 0 0 2 8 4 0 0 0 
1 0 0 1 0 0 2 4 7 1 1 1 
1 0 0 0 0 0 1 6 6 1 0 0 
0 0 0 0 0 0 2 1 4 0 0 0 
1 0 1 1 1 0 3 6 8 1 1 1 
2 0 0 0 1 1 3 1 0 0 1 1 
0 0 0 0 0 0 1 0 1 0 0 0 
0 0 0 0 0 0 3 8 6 0 0 0 
1 0 1 0 0 0 2 3 0 1 1 0 
0 1 1 0 0 0 0 0 2 1 1 1 
0 0 1 1 0 1 0 7 2 2 0 0 
1 1 1 0 1 0 1 4 2 2 0 0 
1 0 1 1 1 1 0 7 7 0 0 0 
0 0 0 0 0 0 2 2 7 0 0 0 
0 1 0 1 1 1 3 6 5 0 1 0 
2 1 1 0 1 0 2 1 6 1 0 0 
1 1 0 0 1 0 3 7 2 0 1 1 
2 0 0 0 0 0 1 9 6 1 0 0 
0 0 0 0 0 0 1 3 3 0 0 0 
1 0 1 1 0 0 1 0 6 0 0 1 
1 0 0 0 0 0 3 8 4 1 0 0 
0 0 0 0 0 0 2 5 9 0 0 0 
0 0 0 0 0 0 3 3 1 0 0 0 
0 0 0 0 0 0 3 0 4 0 0 0 
1 1 0 0 0 1 1 3 1 2 1 1 
2 1 0 0 1 1 2 9 3 1 1 0 
0 1 1 0 0 1 3 7 4 1 0 1 
2 0 0 0 0 0 0 0 1 2 0 0 
0 0 0 0 0 0 3 7 7 0 0 0 
2 0 0 0 0 0 1 7 4 2 0 0 
1 0 1 1 0 0 1 7 8 0 0 0 
2 0 0 0 0 0 2 6 2 2 0 0 
0 0 0 0 0 0 3 4 2 0 0 0 
0 0 0 0 0 0 3 1 9 0 0 0 
2 0 1 1 0 0 1 9 4 1 0 0 
0 1 1 1 1 1 2 3 4 1 1 1 
0 0 0 0 0 0 1 6 8 2 0 0 
0 1 1 0 1 1 1 7 3 1 1 1 
2 0 0 0 0 0 3 0 8 0 0 0 
0 0 0 0 0 0 3 0 5 2 0 0 
0 0 0 0 0 0 3 7 6 0 0 0 
0 0 0 0 0 0 2 8 3 0 0 0 
0 0 0 0 0 0 3 9 9 0 0 0 
0 0 0 0 0 0 2 1 5 0 0 0 
1 1 0 1 0 0 2 2 2 1 0 1 
0 0 0 0 0 0 3 2 0 0 0 0 
2 0 0 0 0 0 2 7 7 1 0 0 
0 0 0 0 0 0 0 9 0 0 0 0 
2 1 0 0 0 0 0 5 2 1 0 1 
0 0 0 0 0 0 3 5 4 0 0 0 
1 0 0 1 1 0 0 5 9 0 0 0 
2 0 0 0 1 1 1 7 6 1 0 0 
2 0 0 1 0 0 2 1 7 0 0 1 
2 1 1 1 1 0 0 3 6 0 1 1 
0 0 0 0 0 0 0 0 6 0 0 0 
2 0 0 0 0 0 2 6 0 0 0 0 
2 0 0 0 0 0 2 7 8 2 0 0 
1 0 0 0 0 0 1 9 8 1 0 0 
2 1 0 0 1 1 3 9 8 2 0 0 
0 1 0 0 0 0 0 5 7 0 1 0 
2 0 0 0 0 0 2 4 9 2 0 0 
0 0 0 0 0 0 2 9 8 0 0 0 
1 0 1 1 0 1 0 6 0 2 0 0 
2 0 1 1 0 1 1 2 7 0 1 1 
0 0 0 0 0 0 3 5 5 0 0 0 
0 0 0 0 0 0 3 3 2 0 0 0 
2 0 0 0 0 0 3 7 5 1 0 0 
2 0 0 0 0 0 2 2 6 2 0 0 
0 1 0 1 0 1 1 4 1 1 0 0 
0 0 0 0 0 0 1 3 7 0 0 0 
0 0 0 0 0 0 3 9 0 0 0 0 
1 0 1 0 0 1 0 2 6 1 1 0 
0 0 0 0 0 0 1 1 4 0 0 0 
0 0 0 0 0 0 3 7 8 0 0 0 
0 0 0 0 0 0 3 0 3 0 0 0 
1 1 0 0 1 1 0 9 6 2 1 0 
0 0 0 0 1 0 3 2 4 1 0 0 
0 1 1 0 1 0 3 3 8 0 1 0 
0 0 1 1 0 0 0 9 8 0 1 1 
1 0 0 0 0 0 3 2 1 0 0 0 
0 0 0 0 0 0 2 0 5 0 0 0 
2 1 1 1 1 0 0 7 0 1 0 1 
0 1 0 1 0 0 2 1 0 1 0 0 
1 0 0 0 0 0 3 0 9 0 0 0 
0 0 0 1 0 0 2 7 9 1 0 0 
2 0 0 0 0 0 0 1 4 1 0 0 
0 0 0 0 0 0 1 4 9 0 0 0 
0 0 0 0 0 0 1 0 3 0 0 0 
0 0 0 0 0 0 3 6 7 0 0 0 
0 0 0 1 1 0 3 8 0 0 0 1 
0 0 1 0 1 1 0 6 9 1 1 1 
0 1 1 1 0 1 2 6 3 0 1 0 
0 0 1 1 1 1 1 1 1 1 1 1 
0 1 0 0 1 0 3 0 1 0 1 1 
1 1 0 0 0 1 0 0 5 1 1 0 
1 0 0 0 0 0 1 6 9 2 0 0 
0 1 0 0 1 0 0 8 4 0 1 1 
0 0 0 0 0 0 2 6 4 0 0 0 
2 0 1 0 0 1 3 2 5 0 1 1 
1 0 1 0 0 0 1 6 5 2 0 1 
0 0 0 0 0 0 3 8 9 0 0 0 
2 0 0 0 0 0 2 0 4 2 0 0 
0 0 0 0 0 0 3 6 6 0 0 0 
2 0 0 0 0 0 2 9 0 1 0 0 
1 1 1 1 1 0 3 1 5 0 0 1 
0 0 1 0 0 0 2 2 8 2 1 0 
0 0 0 0 0 0 0 1 0 0 0 0 
2 1 0 0 0 1 1 3 2 1 1 0 
0 0 0 0 0 0 0 4 1 0 0 0 
0 0 0 0 0 0 1 7 1 0 0 0 
0 1 1 0 1 1 0 8 1 1 1 1 
0 0 1 0 1 0 3 3 9 2 0 1 
2 0 0 0 0 0 1 5 1 0 0 0 
0 0 0 0 0 0 0 7 6 2 0 0 
0 0 0 0 0 0 3 4 4 0 0 0 
0 0 1 0 1 1 2 8 2 2 0 0 
0 0 0 0 0 0 0 3 4 2 0 0 
1 0 0 0 0 0 0 2 0 2 0 0 
0 1 1 1 1 0 0 4 9 0 0 1 
0 0 0 0 0 0 1 2 6 0 0 0 
2 0 0 0 0 0 1 8 8 2 0 0 
1 1 1 0 1 1 0 7 9 0 1 1 
2 0 0 0 0 1 1 2 0 1 0 1 
0 1 1 0 1 1 2 4 8 1 0 1 
2 0 0 0 0 0 2 5 8 0 0 0 
1 0 0 0 0 0 2 7 3 2 0 0 
2 0 0 0 0 1 0 6 1 2 0 0 
0 0 0 0 0 0 3 4 5 0 0 0 
1 0 0 0 0 0 1 3 4 0 0 0 
0 0 0 0 1 0 1 2 3 2 0 0 
0 0 0 0 0 0 1 8 2 0 0 0 
0 0 0 0 0 0 2 5 1 0 0 0 
2 0 1 1 1 1 2 5 2 0 1 0 
2 0 0 0 0 0 2 2 3 0 0 0 
0 0 0 0 0 0 3 9 1 0 0 0 
1 0 0 0 0 0 0 7 5 2 0 0 
0 1 0 0 0 1 0 3 3 1 0 1 
0 0 0 0 0 0 0 2 2 2 0 0 
2 0 0 0 1 0 2 8 9 0 1 1 
1 1 0 1 0 1 2 3 9 0 1 0 
0 0 0 0 0 0 1 2 4 0 0 0 
0 1 0 0 1 0 2 0 6 2 1 0 
1 0 0 0 0 0 0 6 4 2 0 0 
0 0 0 0 0 0 1 6 0 1 0 0 
0 0 0 0 0 0 2 9 6 0 0 0 
1 0 0 0 0 0 1 5 6 2 0 0 
1 1 1 1 1 0 1 8 7 1 1 1 
0 0 1 1 1 0 1 3 2 0 0 1 
2 1 1 0 1 1 2 0 7 1 0 0 
2 0 0 0 0 0 3 8 5 2 0 0 
0 1 1 0 0 1 3 8 8 1 0 0 
2 0 0 1 0 1 2 3 8 2 0 1 
1 1 0 1 0 0 2 8 5 0 0 0 
1 0 1 1 0 0 1 5 3 0 0 1 
0 0 0 0 0 0 2 8 7 2 0 0 
0 0 0 0 0 0 1 7 0 0 0 0 
1 0 0 0 0 0 0 1 8 2 0 0 
0 0 0 0 0 0 1 2 5 0 0 0 
0 0 0 1 0 1 2 4 2 0 0 1 
0 0 0 0 1 0 2 9 5 1 0 1 
0 0 0 0 0 0 2 7 4 0 0 0 
2 0 1 1 1 0 0 2 1 0 0 1 
0 0 0 0 0 0 2 5 3 2 0 0 
2 1 1 0 0 0 3 9 2 0 1 1 
0 0 0 0 0 0 3 1 2 0 0 0 
0 1 1 0 1 0 2 3 7 2 0 1 
2 0 0 0 0 0 3 2 8 0 0 0 
2 0 0 0 0 1 3 0 6 1 0 0 
0 0 0 1 1 0 3 4 6 1 0 1 
0 0 0 0 0 0 3 7 9 0 0 0 
2 0 0 0 0 0 0 3 7 1 0 0 
2 1 0 1 0 1 1 0 0 2 1 1 
2 0 1 0 1 0 2 4 1 2 1 1 
MFS
precise
0.0
recall
0.0
F-measure
0.0
multi
0
time
all 2459 iden 0 gen 2441
t-cover
9158
all-cover
9158
(1 : 1732)  (2 : 770)  (3 : 1326)  (4 : 731)  (5 : 571)  (6 : 536)  (7 : 536)  (8 : 489)  (9 : 306)  (10 : 112)  (11 : 69)  (12 : 94)  (13 : 80)  (14 : 102)  (15 : 116)  (16 : 134)  (17 : 99)  (18 : 90)  (19 : 81)  (20 : 59)  (21 : 54)  (22 : 69)  (23 : 69)  (24 : 82)  (25 : 109)  (26 : 118)  (27 : 111)  (28 : 80)  (29 : 46)  (30 : 27)  (31 : 28)  (32 : 11)  (33 : 11)  (34 : 7)  (35 : 4)  (36 : 1)  (37 : 6)  (38 : 3)  (39 : 4)  (40 : 4)  (42 : 5)  (43 : 4)  (44 : 1)  (45 : 2)  (46 : 4)  (47 : 4)  (48 : 3)  (49 : 3)  (50 : 9)  (51 : 5)  (52 : 11)  (53 : 10)  (54 : 6)  (55 : 6)  (56 : 9)  (57 : 4)  (58 : 3)  (59 : 3)  (60 : 1)  (61 : 1)  (62 : 3)  (63 : 6)  (64 : 8)  (65 : 10)  (66 : 8)  (67 : 13)  (68 : 12)  (69 : 15)  (70 : 13)  (71 : 3)  (72 : 7)  (73 : 2)  (74 : 3)  (108 : 1)  (111 : 1)  (112 : 1)  (114 : 2)  (115 : 1)  (117 : 1)  (135 : 1)  (136 : 2)  (137 : 3)  (138 : 1)  (139 : 2)  (140 : 2)  (141 : 8)  (142 : 1)  (143 : 1)  (144 : 2)  (145 : 9)  (146 : 3)  (147 : 3)  (148 : 2)  (150 : 2)  (226 : 1)  (229 : 3)  (230 : 2)  (231 : 5)  (232 : 8)  (233 : 3)  (234 : 1)  (236 : 1)  (237 : 2)  (238 : 3)  (240 : 3)  (241 : 2)  (242 : 1)  
testCase Num: 418
regaular Num: 418
identify Num: 0
0 0 0 0 0 0 0 8 4 1 0 0 
2 1 1 1 0 0 1 5 1 2 0 1 
0 0 0 0 0 0 1 5 3 2 0 0 
0 0 0 0 0 0 3 2 4 1 0 0 
2 0 0 0 0 0 2 5 8 2 0 0 
0 0 0 0 0 0 3 7 1 2 0 1 
2 0 0 0 0 0 0 9 7 1 0 0 
0 0 0 0 0 0 2 5 5 0 0 0 
0 0 0 0 0 0 0 6 0 0 0 0 
1 0 1 0 1 1 2 0 4 2 0 1 
0 0 0 0 0 0 1 9 8 0 0 0 
0 0 0 0 0 0 0 2 5 0 0 0 
0 0 0 0 0 0 2 8 9 0 0 0 
0 0 0 0 0 0 3 0 0 0 0 0 
0 0 0 0 0 0 3 7 0 0 0 0 
1 0 1 1 1 0 3 6 3 0 0 1 
0 0 0 1 1 1 3 1 7 0 1 0 
2 0 0 0 0 0 1 6 7 2 0 0 
0 1 0 1 1 0 0 5 7 2 1 1 
0 0 0 0 0 0 1 7 4 0 0 0 
0 1 0 0 0 1 0 3 6 1 0 0 
0 0 0 0 0 0 2 6 7 0 0 0 
1 0 0 0 0 0 3 0 8 1 0 0 
1 0 1 0 1 0 2 6 8 2 1 0 
2 0 0 0 0 0 1 2 0 0 0 0 
0 0 1 1 0 0 1 7 5 0 0 1 
0 0 0 0 0 0 3 1 4 2 0 0 
2 0 0 0 0 0 2 9 2 0 0 0 
2 0 0 0 0 0 1 8 9 2 0 0 
0 0 0 0 0 0 3 5 8 0 0 0 
0 0 0 0 0 0 1 1 9 2 0 0 
0 0 0 0 0 0 3 1 2 2 0 0 
0 1 0 0 0 0 3 2 8 0 0 1 
0 1 0 1 1 1 1 8 6 1 0 0 
0 1 1 0 0 0 3 6 2 2 0 0 
0 0 0 0 0 0 0 7 2 0 0 0 
2 0 1 1 1 1 3 9 8 0 0 1 
1 1 1 1 0 1 3 2 0 0 0 0 
2 0 0 0 0 0 3 7 3 2 0 0 
0 0 0 0 0 0 3 4 8 2 0 0 
0 0 0 0 0 0 2 5 6 0 0 0 
2 0 1 1 1 0 2 4 4 1 0 0 
0 0 1 0 0 1 1 9 0 1 0 0 
0 0 0 0 0 0 2 9 0 0 0 0 
2 0 0 0 0 0 0 1 6 1 0 0 
0 0 0 0 0 0 0 1 3 0 0 0 
2 0 0 0 0 1 1 3 5 2 0 0 
2 0 0 0 0 0 2 7 0 0 0 0 
0 0 0 0 0 0 3 5 9 0 0 0 
1 0 0 0 0 0 2 4 0 0 0 0 
1 0 0 0 0 0 3 9 1 2 0 0 
0 0 1 1 0 1 0 9 9 0 0 0 
0 0 0 0 0 0 0 0 1 0 0 0 
1 0 0 0 1 0 0 0 7 0 1 1 
1 0 0 0 0 0 2 9 9 2 0 0 
0 0 0 0 0 0 2 8 8 0 0 0 
0 0 0 0 0 0 3 9 4 0 0 0 
0 0 0 0 0 0 1 0 4 0 0 0 
2 1 0 0 0 1 0 6 3 1 1 0 
0 0 0 0 0 0 1 6 3 2 0 0 
2 0 1 1 1 0 2 8 1 2 0 0 
0 0 0 0 0 0 0 5 0 0 0 0 
2 1 1 1 1 1 1 0 7 1 0 0 
0 1 0 0 0 1 2 4 4 0 1 1 
0 0 0 0 0 0 0 3 5 0 0 0 
1 0 1 0 1 0 0 6 4 1 0 1 
1 1 0 0 1 1 3 0 6 2 1 0 
0 0 0 0 0 0 1 7 3 0 0 0 
2 0 1 1 0 1 0 1 9 0 1 1 
1 0 1 0 1 0 3 7 2 0 1 0 
1 0 0 0 0 0 2 5 1 0 0 0 
2 0 1 0 1 1 3 8 2 1 0 1 
2 0 0 0 0 0 1 2 1 0 0 0 
0 0 0 0 0 0 1 2 8 2 0 0 
1 1 0 0 0 1 2 7 4 0 0 0 
0 0 0 0 0 0 3 0 9 0 0 0 
1 1 1 0 1 0 0 8 3 2 0 0 
2 0 0 0 0 0 2 7 2 2 0 0 
1 0 0 1 0 1 0 8 9 1 1 0 
0 0 0 0 0 0 2 2 1 0 0 0 
1 0 0 0 0 0 0 7 6 0 0 0 
2 0 0 0 0 0 0 0 6 0 0 0 
2 1 0 0 0 0 3 9 0 2 0 0 
1 0 0 0 0 0 2 7 5 2 0 0 
0 0 0 0 0 0 0 0 0 0 0 0 
1 1 1 1 1 0 1 4 9 0 0 0 
1 0 0 0 0 1 3 7 9 1 1 0 
2 0 0 0 0 0 3 3 6 0 0 0 
0 1 1 1 1 0 1 3 5 0 1 1 
2 0 0 0 0 0 3 1 5 1 0 0 
1 0 0 0 0 0 0 4 4 2 0 0 
2 0 0 0 0 0 2 9 4 1 0 0 
0 0 0 0 0 1 0 7 8 0 0 1 
0 0 0 0 0 0 0 1 2 0 0 0 
2 0 0 1 1 0 3 2 6 1 0 0 
1 1 0 0 1 0 3 6 7 1 1 1 
0 1 0 0 1 1 2 1 5 2 1 1 
1 0 0 0 0 0 0 5 4 1 0 0 
2 0 0 0 0 0 1 7 9 2 0 0 
0 0 0 0 0 0 3 9 3 0 0 0 
1 1 1 0 1 1 2 8 0 0 0 0 
0 1 0 0 1 1 1 9 3 0 1 0 
1 1 1 0 1 1 0 9 4 2 1 0 
0 0 0 0 0 0 0 5 1 0 0 0 
2 0 0 0 0 0 2 9 5 2 0 0 
2 1 0 0 1 0 3 1 9 1 0 0 
0 1 1 1 1 0 0 2 2 1 0 1 
1 1 1 1 1 0 1 1 4 1 1 0 
0 0 0 0 0 0 1 6 6 0 0 0 
0 0 0 0 0 0 2 2 3 0 0 0 
2 0 0 0 0 0 2 4 3 1 0 0 
0 0 0 0 0 0 3 6 1 0 0 0 
0 0 0 0 0 0 0 0 5 0 0 0 
0 0 0 0 0 0 2 4 6 0 0 0 
1 1 0 0 1 0 3 1 3 0 0 1 
1 1 1 1 0 1 1 0 5 2 1 1 
2 1 0 0 0 0 2 0 9 2 0 0 
0 1 1 1 1 0 0 7 9 0 0 1 
0 0 0 0 0 0 3 4 9 0 0 0 
0 0 1 1 1 0 0 9 1 1 0 1 
0 0 0 0 0 0 0 9 2 0 0 0 
1 0 0 0 0 0 0 0 2 2 0 0 
2 0 1 0 0 0 2 0 5 0 0 0 
0 0 0 0 0 0 1 0 8 0 0 0 
0 0 0 0 0 0 3 1 0 2 0 0 
0 0 0 0 0 0 0 8 1 0 0 0 
2 0 0 0 0 0 2 6 5 0 0 0 
0 0 0 0 0 0 2 8 2 2 0 0 
0 0 0 1 0 1 1 2 3 1 1 1 
0 0 0 0 0 0 3 9 5 0 0 0 
0 0 0 0 0 0 1 3 1 0 0 0 
0 0 0 0 0 0 1 5 5 0 0 0 
2 1 0 1 1 1 0 3 2 2 0 0 
2 0 1 0 0 0 0 1 7 1 0 0 
2 1 0 0 0 1 0 0 8 2 0 1 
0 0 0 0 1 0 3 3 0 2 0 0 
1 0 0 0 0 0 1 3 9 2 0 0 
0 0 0 0 1 1 3 5 1 1 1 0 
2 1 1 1 0 0 1 0 0 1 1 1 
0 0 0 0 0 0 3 3 8 0 0 0 
1 1 0 1 1 1 1 3 8 1 0 0 
1 0 0 0 0 1 3 5 0 2 0 0 
1 1 0 0 0 0 2 0 1 1 1 1 
0 1 0 0 1 1 2 7 7 1 0 0 
2 1 1 0 0 0 3 5 4 0 1 1 
0 0 0 0 0 0 2 1 1 0 0 0 
0 0 0 0 0 0 2 3 4 0 0 0 
2 0 0 1 1 0 0 5 6 2 1 1 
2 0 0 0 0 0 1 6 8 1 0 0 
0 0 0 0 0 0 3 8 3 0 0 0 
2 0 0 1 0 1 1 8 3 0 1 1 
1 1 1 0 0 1 2 9 7 0 0 1 
1 0 0 1 1 0 2 5 3 0 1 0 
1 0 1 1 1 1 0 0 9 1 0 1 
0 0 0 0 0 0 2 2 4 2 0 0 
2 0 0 0 0 0 2 4 2 0 0 0 
0 0 0 1 1 0 1 9 7 2 1 0 
2 0 1 0 0 1 2 5 7 0 0 0 
0 0 0 0 0 0 1 5 4 0 0 0 
0 0 0 1 0 1 3 8 8 1 1 0 
2 0 0 0 1 1 1 4 6 1 1 1 
1 1 0 0 0 0 1 1 7 2 0 1 
1 0 0 0 0 0 3 8 1 1 0 0 
2 1 0 1 1 0 2 8 5 1 1 1 
2 0 1 0 1 0 2 1 2 0 1 1 
0 0 0 0 0 0 0 3 8 0 0 0 
0 0 0 0 0 0 3 0 7 0 0 0 
0 0 0 0 0 0 0 8 2 0 0 0 
1 0 0 0 0 0 2 3 2 1 0 0 
2 0 0 0 0 0 2 4 1 0 0 0 
0 0 0 0 0 1 0 4 9 1 1 1 
0 0 0 0 1 0 3 0 5 1 0 0 
0 0 0 0 0 0 3 9 8 2 1 0 
0 0 0 0 0 0 3 9 7 0 0 0 
1 0 0 0 0 0 2 7 8 1 0 0 
2 1 1 0 0 1 3 5 3 1 0 1 
2 0 0 0 0 0 2 8 4 0 0 0 
0 0 0 0 0 0 1 3 0 0 0 0 
1 1 0 1 1 0 1 6 1 0 0 0 
0 0 0 0 0 0 3 1 6 0 0 0 
0 0 1 1 0 1 0 6 7 0 0 0 
2 1 1 1 1 0 1 7 8 2 1 0 
1 0 1 0 0 0 0 8 6 0 1 1 
2 0 0 0 0 0 3 8 0 1 0 0 
1 0 0 0 0 0 0 2 3 2 0 0 
1 0 0 0 0 0 0 4 6 2 0 0 
0 0 0 0 0 0 3 8 5 0 0 0 
2 1 0 0 1 1 0 7 5 1 1 0 
0 0 1 0 0 0 1 3 8 0 1 1 
0 1 0 1 0 1 2 1 6 0 0 1 
1 0 0 0 0 0 0 6 9 1 0 0 
1 0 1 0 1 1 1 1 1 1 1 1 
2 1 0 1 0 1 2 2 2 2 1 0 
1 1 0 1 0 1 2 1 2 1 0 0 
0 0 1 1 0 0 1 0 6 1 0 1 
0 1 0 0 0 1 2 8 1 0 1 1 
1 0 0 0 1 0 3 3 4 0 0 0 
2 0 0 0 0 0 1 2 5 2 0 1 
0 0 0 0 0 0 1 4 1 0 0 0 
0 0 0 0 0 0 2 7 9 0 0 0 
0 1 0 1 1 1 0 2 7 1 1 1 
0 0 0 0 0 0 2 0 2 0 0 0 
0 0 0 0 0 1 0 1 4 1 0 1 
1 0 0 0 1 0 2 2 0 2 1 1 
2 1 0 0 1 0 1 0 2 1 0 0 
2 0 0 0 0 0 1 0 3 1 0 0 
2 0 0 0 0 0 2 8 6 2 0 0 
0 0 0 0 0 0 0 7 1 0 0 0 
2 0 1 0 0 0 2 6 9 0 1 1 
0 0 0 0 0 0 1 4 2 0 0 0 
2 0 0 0 0 0 2 5 2 1 0 0 
0 0 1 1 1 0 2 0 8 0 1 0 
0 0 0 0 0 0 2 3 5 0 0 0 
0 1 0 1 0 0 2 0 4 0 1 0 
0 1 0 1 0 0 1 1 1 0 0 0 
1 1 1 1 0 0 3 3 3 2 0 1 
2 1 1 0 1 0 3 6 6 0 1 1 
1 0 0 0 0 0 3 4 7 0 0 0 
0 0 0 0 0 0 1 0 1 2 0 0 
2 0 0 0 0 0 2 2 8 1 0 0 
0 0 0 0 0 0 3 7 6 1 0 0 
1 0 1 1 1 0 1 5 2 2 1 1 
2 0 0 0 0 0 2 8 7 2 0 0 
0 1 0 0 0 0 0 9 5 0 0 1 
0 0 0 0 0 0 3 5 2 0 0 0 
0 0 0 0 0 0 3 6 4 0 0 0 
0 0 0 0 0 0 3 8 7 0 0 0 
1 1 0 0 1 0 0 6 5 2 1 0 
0 1 0 0 1 0 1 3 7 0 0 0 
1 0 0 0 0 0 1 7 7 2 1 0 
0 0 0 0 0 0 1 6 9 0 0 0 
1 0 0 0 0 0 2 1 0 1 0 0 
0 0 0 0 0 0 3 2 9 0 0 0 
2 0 0 0 0 0 2 2 7 0 0 0 
0 0 0 0 0 0 1 3 4 0 0 0 
1 0 0 0 0 0 1 8 8 2 0 0 
1 0 1 0 1 0 3 5 5 2 1 0 
0 0 0 0 0 0 0 2 0 1 0 0 
0 0 0 1 1 0 0 4 3 0 0 1 
1 0 0 0 0 0 0 8 5 2 0 0 
0 0 0 0 0 0 2 3 7 0 0 0 
0 1 0 1 0 1 0 6 8 0 0 1 
0 0 0 0 0 0 0 5 5 1 0 0 
0 0 0 0 1 0 0 1 8 2 1 0 
1 0 0 0 0 0 1 1 8 0 0 0 
2 0 0 0 0 0 0 3 3 0 0 0 
1 0 1 1 1 1 0 2 8 0 1 0 
1 1 1 1 0 0 0 5 8 1 0 0 
2 1 0 0 0 0 2 4 7 2 1 1 
2 0 1 1 0 0 0 9 3 2 0 1 
0 0 0 0 0 0 1 1 2 0 0 0 
0 0 0 0 0 0 2 4 8 0 0 0 
2 0 1 1 0 1 3 3 7 2 1 1 
0 0 1 0 1 1 2 0 3 2 0 1 
2 1 1 1 0 1 2 1 8 1 0 1 
0 1 0 1 0 1 1 7 2 1 0 1 
0 0 0 0 0 0 1 8 0 0 0 0 
0 0 0 0 0 0 3 1 8 0 0 0 
2 0 0 0 0 0 0 3 4 2 0 0 
0 0 0 0 0 0 3 7 5 0 0 0 
1 1 0 1 0 0 3 9 2 1 1 1 
2 0 0 0 0 0 0 4 5 2 0 0 
0 0 1 0 1 1 2 2 5 1 0 0 
1 1 0 1 0 1 0 3 0 1 1 1 
0 0 0 0 0 0 3 8 6 0 0 0 
1 0 1 0 0 0 1 4 8 0 1 0 
0 1 1 0 1 0 3 8 9 0 0 1 
0 0 0 0 0 0 2 8 3 1 0 0 
1 0 0 0 0 0 2 1 9 0 0 0 
2 0 0 0 0 0 1 9 6 1 0 0 
1 0 0 0 1 1 2 0 0 2 0 0 
2 1 0 0 1 0 1 9 9 1 1 1 
1 0 0 0 0 0 0 3 7 1 0 0 
0 0 0 0 0 0 1 3 3 0 0 0 
1 0 0 1 0 1 2 6 6 1 0 0 
0 0 1 1 1 1 1 4 0 2 1 1 
1 0 0 0 0 0 3 3 5 1 0 0 
2 1 1 0 1 0 0 2 4 0 0 0 
1 1 1 0 0 0 2 7 3 1 0 1 
0 0 0 0 0 0 1 0 9 0 1 0 
2 0 0 0 0 0 3 1 1 2 0 0 
0 0 0 1 1 1 0 7 3 0 1 0 
0 0 0 0 0 0 3 3 1 0 0 0 
0 1 0 0 0 1 0 5 2 0 0 0 
0 0 0 0 0 0 3 0 4 0 0 0 
0 0 0 0 0 0 3 7 7 0 0 0 
2 0 1 1 0 1 1 1 0 2 0 0 
0 0 0 0 0 0 1 5 7 1 0 0 
1 0 0 0 0 0 3 5 7 0 0 0 
1 0 0 0 0 0 0 2 6 2 0 0 
0 0 0 0 0 0 1 4 5 0 0 0 
1 0 0 1 1 1 2 2 9 1 0 1 
0 0 0 0 1 1 1 5 8 0 1 1 
0 0 1 0 0 1 1 8 5 0 0 0 
0 0 0 0 0 0 3 9 9 0 0 0 
0 0 1 1 0 1 3 1 3 1 1 0 
0 0 0 0 0 0 3 4 3 0 0 0 
0 0 0 1 0 0 2 0 7 2 0 0 
0 0 0 0 0 0 0 9 0 0 0 0 
0 0 1 0 0 0 3 9 6 2 1 0 
1 0 0 0 1 1 2 3 3 1 1 0 
2 0 0 0 0 0 1 6 2 1 0 0 
0 0 0 0 0 0 1 4 4 0 0 0 
1 0 1 1 0 0 2 4 5 1 0 0 
2 1 1 1 0 1 0 7 7 0 0 1 
0 0 1 1 0 1 1 6 5 1 0 1 
1 1 1 1 1 0 3 2 1 2 0 1 
1 1 0 0 0 0 2 9 8 1 0 1 
0 0 0 1 1 1 3 6 0 2 1 1 
1 0 0 0 0 0 0 0 3 0 0 0 
0 0 0 0 0 0 3 6 5 0 0 0 
0 0 1 1 1 1 0 4 7 1 0 0 
0 0 0 0 0 0 0 1 1 0 0 0 
0 0 1 1 1 0 0 7 4 2 1 1 
0 1 1 0 0 1 2 6 1 1 1 1 
2 0 0 0 0 0 2 4 9 2 0 0 
0 0 0 0 0 0 3 3 2 0 0 0 
0 0 0 0 0 0 3 7 8 0 0 0 
0 0 0 0 0 0 0 4 0 0 0 0 
1 0 0 0 0 0 3 5 6 0 0 0 
0 0 0 0 0 0 2 1 7 0 0 0 
0 0 0 0 0 0 1 2 7 2 0 0 
0 0 1 1 0 1 1 0 2 0 1 1 
1 0 0 0 0 0 2 6 0 1 0 0 
1 0 1 0 1 0 1 1 6 2 1 0 
2 0 0 0 0 0 0 6 1 2 0 0 
2 1 1 0 1 0 1 2 3 0 0 0 
0 0 0 1 0 0 0 8 0 2 1 1 
2 1 1 0 0 0 1 6 0 0 0 0 
2 0 0 0 0 0 1 5 0 0 1 0 
1 0 0 1 0 1 1 5 9 2 0 1 
2 0 0 0 0 0 2 3 8 2 0 0 
0 0 1 0 0 0 1 8 7 0 1 1 
2 1 0 1 1 1 0 4 8 1 0 1 
0 1 1 1 1 0 3 4 2 1 1 0 
0 1 0 1 1 1 2 3 9 0 1 0 
1 1 0 1 1 1 0 8 7 1 0 0 
0 1 1 1 0 1 0 4 1 2 1 0 
0 0 0 0 0 0 2 0 6 0 0 0 
1 0 0 0 0 1 0 4 2 2 0 1 
0 1 0 1 0 0 3 0 3 2 1 0 
2 1 0 0 0 0 3 4 0 1 0 0 
0 0 0 0 0 0 2 6 4 0 0 0 
2 1 0 1 1 1 1 6 4 2 1 0 
2 1 0 1 0 1 3 5 5 0 0 1 
1 1 0 1 0 0 3 2 5 1 1 1 
0 0 0 0 0 1 0 2 1 1 1 0 
0 0 1 1 1 1 2 9 2 2 0 0 
2 0 0 0 0 0 2 1 4 0 0 0 
1 0 0 1 1 0 1 9 0 0 1 1 
1 0 0 1 0 1 1 2 4 0 1 1 
0 1 1 1 0 0 3 4 6 0 0 0 
1 0 0 1 0 1 1 7 0 1 1 0 
0 0 0 0 0 0 3 3 3 0 0 0 
1 1 1 0 0 1 1 4 3 2 1 0 
1 0 0 0 0 0 2 9 3 1 0 0 
0 0 0 0 0 0 3 0 2 0 0 0 
0 1 0 0 1 1 3 4 5 0 1 1 
0 0 0 0 0 0 1 7 1 0 0 0 
0 0 0 1 1 1 2 5 4 2 0 0 
0 0 0 0 0 0 1 1 5 0 0 0 
2 0 0 0 0 0 2 5 9 1 0 0 
1 0 0 1 0 0 1 3 6 0 1 0 
1 1 0 1 0 0 1 8 2 0 1 0 
0 0 0 0 0 0 3 4 4 0 0 0 
0 0 0 0 0 0 1 2 6 0 0 0 
1 0 0 1 1 1 0 6 2 0 1 1 
0 0 0 0 0 0 1 9 1 0 0 0 
2 1 1 1 1 0 0 1 0 0 1 1 
2 0 1 0 0 0 2 3 0 0 0 0 
1 0 1 1 1 1 1 9 5 1 1 0 
0 1 1 1 1 0 2 5 0 1 0 1 
0 0 0 0 0 0 3 2 2 0 0 0 
0 1 1 0 1 0 0 5 9 0 1 0 
2 0 1 1 1 1 3 0 1 0 0 1 
2 1 1 1 1 1 3 7 1 1 1 0 
0 0 0 0 0 0 2 6 2 0 0 0 
0 0 0 0 0 0 3 6 8 0 0 0 
0 1 1 0 0 1 1 5 6 1 0 0 
0 1 0 1 1 1 3 6 9 2 0 0 
0 0 0 0 0 0 1 1 3 0 0 0 
0 1 1 1 0 1 3 3 4 1 1 1 
2 0 0 0 0 0 2 1 3 2 0 0 
0 1 0 0 0 0 1 8 4 2 0 1 
0 0 0 0 0 0 0 5 3 0 0 0 
2 0 0 0 0 0 1 2 9 0 0 0 
1 0 1 0 0 0 3 2 7 1 0 0 
0 0 0 0 0 0 2 9 6 0 0 0 
0 0 0 0 0 0 2 3 1 2 0 0 
2 0 1 1 1 1 2 7 6 2 1 1 
2 1 1 0 1 0 0 8 8 0 0 1 
1 0 1 1 1 1 3 8 4 2 1 0 
2 0 0 0 0 0 0 0 4 1 0 0 
1 0 0 0 0 0 2 7 1 0 0 0 
2 0 1 0 1 0 0 3 1 1 0 0 
0 1 1 0 0 1 2 2 6 0 1 1 
0 0 0 0 0 0 0 9 8 0 0 0 
1 1 0 1 0 1 0 3 1 0 1 1 
1 1 1 0 1 0 0 7 0 2 0 1 
0 0 0 0 0 0 1 9 2 0 0 0 
0 0 1 0 0 0 1 3 2 0 1 1 
2 0 0 0 0 0 3 7 4 1 0 0 
0 0 0 0 0 0 0 6 6 2 0 0 
1 0 0 0 0 0 1 2 2 0 0 0 
2 1 0 0 0 0 1 7 6 0 0 0 
2 1 0 0 0 1 2 9 1 0 1 0 
0 0 0 1 0 0 1 9 4 0 0 1 
0 0 1 0 1 0 2 3 6 2 0 1 
1 1 0 1 1 1 0 9 6 0 0 1 
0 0 0 0 0 0 2 6 3 0 0 0 
0 0 0 0 0 0 1 8 1 0 0 0 
0 0 0 0 0 0 3 2 3 0 0 0 
0 0 1 0 0 0 0 3 9 1 0 1 
2 0 0 0 0 0 3 3 9 0 0 0 
1 0 1 1 0 0 0 1 5 0 0 0 
0 1 1 0 0 0 0 2 9 2 1 0 
1 0 0 0 1 0 3 4 1 1 0 1 
0 0 0 0 0 0 1 4 7 0 0 0 
MFS
precise
0.0
recall
0.0
F-measure
0.0
multi
0
time
all 2995 iden 0 gen 2982
t-cover
9158
all-cover
9158
(1 : 1676)  (2 : 757)  (3 : 1318)  (4 : 768)  (5 : 597)  (6 : 553)  (7 : 566)  (8 : 442)  (9 : 302)  (10 : 101)  (11 : 71)  (12 : 74)  (13 : 78)  (14 : 93)  (15 : 100)  (16 : 131)  (17 : 118)  (18 : 112)  (19 : 98)  (20 : 71)  (21 : 68)  (22 : 56)  (23 : 73)  (24 : 83)  (25 : 116)  (26 : 102)  (27 : 99)  (28 : 104)  (29 : 58)  (30 : 26)  (31 : 15)  (32 : 14)  (33 : 12)  (34 : 1)  (35 : 6)  (36 : 4)  (37 : 1)  (38 : 1)  (39 : 4)  (40 : 1)  (41 : 3)  (42 : 3)  (43 : 1)  (44 : 1)  (45 : 4)  (46 : 9)  (47 : 4)  (48 : 5)  (49 : 5)  (50 : 9)  (51 : 9)  (52 : 7)  (53 : 13)  (54 : 4)  (55 : 6)  (56 : 6)  (57 : 4)  (58 : 11)  (59 : 15)  (60 : 7)  (61 : 7)  (62 : 4)  (63 : 3)  (64 : 6)  (65 : 8)  (66 : 7)  (67 : 2)  (68 : 2)  (69 : 9)  (70 : 6)  (71 : 7)  (72 : 3)  (73 : 7)  (74 : 4)  (75 : 2)  (77 : 1)  (122 : 1)  (123 : 1)  (124 : 1)  (125 : 2)  (127 : 1)  (129 : 1)  (146 : 1)  (147 : 1)  (148 : 3)  (149 : 4)  (150 : 6)  (151 : 8)  (152 : 2)  (153 : 4)  (154 : 4)  (155 : 1)  (156 : 5)  (157 : 1)  (158 : 1)  (160 : 1)  (227 : 1)  (230 : 1)  (232 : 1)  (233 : 3)  (234 : 6)  (235 : 2)  (236 : 5)  (237 : 3)  (238 : 5)  (239 : 1)  (240 : 3)  (241 : 3)  (243 : 1)  
