testCase Num: 49
regaular Num: 5
identify Num: 45
0 1 1 1 1 0 1 1 0 0 
0 1 0 1 1 0 1 1 0 1 
1 1 1 3 1 1 1 1 -1 1 
0 1 0 1 1 1 1 1 0 0 
1 1 1 3 1 1 1 -1 1 1 
0 1 1 2 1 1 1 1 1 1 
1 1 1 1 1 1 1 1 1 1 
0 0 0 0 0 0 0 0 0 1 
1 0 1 1 0 1 1 1 0 0 
0 0 0 0 0 0 0 0 0 0 
1 1 1 3 1 1 1 1 1 1 
1 1 1 3 1 1 1 1 1 2 
1 0 0 1 1 0 1 1 0 1 
0 0 1 1 1 1 0 1 0 1 
0 1 0 1 1 1 0 1 0 1 
0 0 0 0 0 1 0 0 0 0 
1 0 1 0 1 1 1 1 0 0 
1 -1 1 3 1 1 1 1 1 1 
1 1 -1 3 1 1 1 1 1 1 
1 0 0 0 0 1 1 1 0 1 
0 1 1 3 1 1 1 1 1 2 
1 1 1 0 1 0 1 0 0 1 
1 1 1 3 1 -1 1 1 1 1 
0 0 0 0 0 0 0 0 1 0 
0 1 1 3 1 1 1 1 1 1 
1 1 1 3 1 1 -1 1 1 1 
1 1 1 2 1 1 1 1 1 2 
0 0 0 1 0 0 0 0 0 0 
0 0 0 1 1 1 1 1 0 1 
0 0 0 0 1 0 0 0 0 0 
1 1 1 1 1 0 0 0 0 1 
1 0 0 0 1 1 1 1 0 1 
0 1 1 1 1 1 1 0 0 0 
1 1 0 1 1 1 0 0 0 1 
1 1 1 0 0 1 0 1 0 1 
0 0 1 0 0 0 0 0 0 0 
0 0 0 0 0 0 0 1 0 0 
1 1 1 3 -1 1 1 1 1 1 
0 1 1 1 1 0 0 1 0 1 
0 1 0 0 0 0 0 0 0 0 
0 0 1 0 1 1 1 1 0 1 
0 1 1 0 1 1 1 0 0 1 
0 1 1 1 1 1 1 1 1 1 
1 0 0 1 1 1 1 0 0 1 
1 1 1 1 1 0 0 0 0 0 
1 0 0 0 0 0 0 0 0 0 
1 0 1 0 0 1 1 1 0 1 
0 0 0 0 0 0 1 0 0 0 
1 1 1 0 0 1 1 0 0 1 
MFS
[ - , - , - , 3 , - , - , - , - , - , - ]
[ 1 , - , - , - , - , - , - , - , - , - ]
[ - , - , - , - , - , - , - , - , - , 0 ]
[ - , - , - , - , - , - , - , - , 0 , - ]
[ - , - , - , - , - , - , - , - , - , 1 ]
[ - , - , - , - , - , - , - , 0 , - , - ]
[ - , - , - , - , - , - , - , - , 1 , - ]
[ - , - , - , - , - , - , 0 , - , - , - ]
[ - , - , - , - , - , 0 , - , - , - , - ]
[ - , - , - , - , 0 , - , - , - , - , - ]
[ - , - , - , 0 , - , - , - , - , - , - ]
[ - , - , - , - , 1 , - , - , - , - , - ]
[ - , - , 0 , - , - , - , - , - , - , - ]
[ - , 0 , - , - , - , - , - , - , - , - ]
precise
0.07142857142857142
recall
0.3333333333333333
F-measure
0.11764705882352941
multi
0
time
all 637 iden 485 gen 34
t-cover
1813
all-cover
5600
(1 : 5299)  (2 : 140)  (3 : 35)  (4 : 56)  (5 : 35)  (6 : 35)  
testCase Num: 50
regaular Num: 5
identify Num: 46
0 1 1 1 1 0 1 1 0 0 
1 1 0 1 1 0 0 1 0 1 
1 1 1 3 1 1 1 1 -1 1 
0 0 1 1 1 1 1 0 0 1 
1 1 1 3 1 1 1 -1 1 1 
0 1 1 2 1 1 1 1 1 1 
1 1 1 1 1 1 1 1 1 1 
0 0 0 0 0 0 0 0 0 1 
0 0 0 0 0 0 0 0 0 0 
1 1 1 3 1 1 1 1 1 1 
1 1 1 3 1 1 1 1 1 2 
1 0 0 1 1 0 1 1 0 1 
0 1 0 1 1 1 0 1 0 1 
0 1 1 0 1 1 1 1 0 0 
1 1 1 0 1 1 1 0 0 0 
0 0 0 0 0 1 0 0 0 0 
1 1 1 0 0 0 1 1 0 1 
1 -1 1 3 1 1 1 1 1 1 
1 0 0 1 1 1 1 1 0 0 
1 1 -1 3 1 1 1 1 1 1 
1 0 0 0 0 1 1 1 0 1 
0 1 1 3 1 1 1 1 1 2 
0 1 1 1 0 1 1 0 0 1 
1 1 1 3 1 -1 1 1 1 1 
0 0 0 0 0 0 0 0 1 0 
1 1 1 0 0 1 1 1 0 0 
0 1 1 3 1 1 1 1 1 1 
1 1 1 3 1 1 -1 1 1 1 
1 1 1 2 1 1 1 1 1 2 
0 0 0 1 0 0 0 0 0 0 
0 0 0 1 1 1 1 1 0 1 
0 0 0 0 1 0 0 0 0 0 
1 1 1 1 1 0 0 0 0 1 
1 0 0 0 1 1 1 1 0 1 
0 1 0 1 1 1 1 0 0 1 
0 1 1 1 1 1 1 0 0 0 
0 1 1 0 1 0 1 1 0 1 
1 1 1 0 0 1 0 1 0 1 
0 0 1 0 0 0 0 0 0 0 
1 0 0 1 0 1 1 1 0 1 
0 0 0 0 0 0 0 1 0 0 
1 1 1 3 -1 1 1 1 1 1 
0 1 1 1 1 0 0 1 0 1 
0 1 0 0 0 0 0 0 0 0 
0 1 1 1 1 1 1 1 1 1 
1 1 1 1 1 0 0 0 0 0 
1 0 0 0 0 0 0 0 0 0 
0 1 1 1 0 1 1 1 0 0 
0 0 0 0 0 0 1 0 0 0 
1 1 1 0 0 1 1 0 0 1 
MFS
[ - , 1 , - , - , - , - , - , - , - , - ]
[ - , - , - , 3 , - , - , - , - , - , - ]
[ 1 , - , - , - , - , - , - , - , - , - ]
[ - , - , - , - , - , - , - , - , - , 0 ]
[ - , - , - , - , - , - , - , - , 0 , - ]
[ - , - , - , - , - , - , - , - , - , 1 ]
[ - , - , - , - , - , - , - , 0 , - , - ]
[ - , - , - , - , - , - , - , - , 1 , - ]
[ - , - , - , - , - , - , 0 , - , - , - ]
[ - , - , - , - , - , - , - , 1 , - , - ]
[ - , - , - , - , - , 0 , - , - , - , - ]
[ - , - , - , - , 0 , - , - , - , - , - ]
[ - , - , - , - , - , 1 , - , - , - , - ]
[ - , - , - , 0 , - , - , - , - , - , - ]
[ - , - , - , - , 1 , - , - , - , - , - ]
[ - , - , 0 , - , - , - , - , - , - , - ]
[ - , 0 , - , - , - , - , - , - , - , - ]
[ - , - , 1 , - , - , - , - , - , - , - ]
precise
0.05555555555555555
recall
0.3333333333333333
F-measure
0.09523809523809525
multi
0
time
all 568 iden 449 gen 27
t-cover
1813
all-cover
5600
(1 : 5348)  (2 : 126)  (3 : 56)  (4 : 35)  (5 : 35)  
