testCase Num: 142
regaular Num: 82
identify Num: 60
0 0 1 1 1 0 1 0 0 1 
1 1 0 1 0 1 1 1 1 0 
0 1 1 0 0 0 0 1 1 2 
0 1 0 2 1 0 1 1 1 0 
1 0 0 3 0 1 1 1 1 0 
0 0 1 1 1 1 0 1 1 0 
1 0 1 1 0 0 1 0 1 0 
0 0 1 2 0 0 0 1 1 0 
0 1 0 1 1 1 0 0 1 0 
0 0 0 2 1 1 1 0 1 0 
0 1 0 2 0 0 0 0 1 1 
1 1 0 3 0 1 1 0 1 0 
0 0 1 3 1 1 0 0 1 1 
0 0 0 1 1 0 1 1 1 1 
1 1 0 3 0 1 1 1 -1 0 
1 1 0 1 0 1 0 0 1 2 
1 1 0 1 0 1 0 0 1 1 
0 1 0 3 0 1 1 1 1 0 
1 0 0 3 1 1 1 1 1 1 
0 0 1 1 1 0 1 0 1 2 
0 1 0 2 1 0 0 0 1 1 
1 1 0 1 0 1 0 0 -1 2 
0 0 0 0 0 1 0 0 0 0 
1 0 0 3 1 0 0 1 1 1 
0 1 1 1 0 0 1 0 1 0 
0 1 1 2 1 1 0 1 1 1 
0 1 0 0 0 1 1 1 1 1 
0 0 0 1 0 1 0 1 1 1 
0 1 0 1 0 1 0 0 1 1 
1 1 1 1 0 1 1 0 1 0 
0 1 0 3 0 0 0 1 1 0 
0 0 0 1 1 0 0 0 1 1 
0 1 0 1 0 1 0 0 1 2 
0 1 0 3 1 1 1 0 1 2 
0 0 0 0 0 0 0 1 1 1 
1 1 0 1 0 1 1 0 1 2 
0 0 0 2 1 0 1 1 1 1 
0 0 1 3 0 1 0 1 1 2 
0 0 0 1 0 0 1 0 1 2 
0 0 0 1 0 0 1 0 1 1 
1 1 1 1 0 0 1 0 1 0 
1 1 1 1 0 0 1 0 1 1 
0 0 1 1 1 1 1 1 0 1 
1 1 0 2 0 1 0 0 1 2 
0 0 1 0 0 1 1 0 1 0 
0 0 0 3 0 0 1 1 1 2 
0 1 0 0 0 1 0 0 1 2 
1 0 0 3 1 0 1 0 1 1 
1 1 0 3 0 1 1 1 1 0 
1 1 1 3 0 1 1 1 1 0 
1 1 0 3 0 1 1 1 1 1 
1 1 0 3 1 0 1 1 1 1 
0 1 1 0 0 1 0 0 1 1 
0 1 1 2 1 1 1 0 1 1 
0 0 0 2 0 1 0 0 1 1 
0 0 1 0 0 0 0 0 0 0 
0 0 0 0 0 0 0 1 0 0 
1 0 0 0 1 0 1 1 1 1 
0 0 0 0 1 1 0 1 1 2 
0 1 0 0 0 0 1 0 1 2 
0 1 1 2 1 0 0 0 1 0 
0 1 1 0 1 1 0 1 1 0 
0 0 1 1 1 1 0 0 0 1 
0 0 1 0 0 1 1 0 1 2 
1 0 0 3 1 0 1 1 -1 1 
0 0 1 1 0 1 1 0 0 1 
0 1 0 2 0 0 1 1 1 2 
1 1 0 1 1 1 0 0 1 2 
0 0 1 0 1 1 1 1 1 1 
0 0 1 0 1 1 1 1 1 0 
0 1 0 3 0 0 0 0 1 0 
0 0 1 2 0 1 1 1 1 2 
0 0 0 0 0 0 0 0 1 2 
1 1 1 3 0 0 1 0 1 0 
0 1 1 0 1 0 1 0 1 2 
0 0 0 2 1 0 1 0 1 2 
0 1 0 0 1 0 1 0 1 1 
0 0 0 0 1 0 1 1 1 0 
1 1 1 1 0 0 1 1 1 0 
0 0 1 3 1 0 0 0 1 0 
0 0 1 1 1 1 1 0 0 2 
0 0 1 1 1 1 1 0 0 1 
0 0 0 1 1 1 1 0 0 1 
0 0 0 3 1 0 0 0 1 2 
1 0 0 3 1 0 1 1 1 2 
1 1 1 2 1 0 0 1 1 2 
1 0 0 3 1 0 1 1 1 1 
1 0 1 3 1 0 1 1 1 1 
0 0 1 1 1 1 1 0 1 1 
0 0 1 1 0 1 1 1 1 2 
1 1 0 1 0 0 0 0 1 2 
0 0 0 2 0 1 0 1 1 0 
0 1 1 3 0 0 1 1 1 1 
0 1 0 3 1 1 0 1 1 1 
0 1 1 3 1 1 0 1 1 0 
0 0 0 0 0 0 0 0 0 1 
0 0 0 0 0 0 0 0 0 0 
0 1 0 1 1 0 1 1 1 0 
0 0 0 3 0 1 1 0 1 1 
0 0 0 1 0 0 0 1 1 0 
1 1 1 1 0 0 0 0 1 0 
1 1 1 1 0 0 1 0 -1 0 
0 0 1 0 1 0 0 0 1 1 
1 1 0 3 0 1 0 1 1 0 
0 0 0 3 1 0 1 1 1 1 
0 1 1 3 1 0 1 1 1 2 
0 1 1 1 0 0 0 1 1 1 
0 0 1 2 1 1 0 0 1 2 
0 0 0 3 0 0 0 0 1 2 
0 1 1 3 0 0 0 0 1 1 
0 1 1 3 0 0 0 0 1 2 
0 0 0 0 0 0 0 0 1 0 
1 0 0 3 0 0 1 1 1 1 
1 1 0 3 0 0 1 1 1 0 
0 1 1 2 0 1 1 0 1 0 
0 0 0 1 0 0 0 0 0 0 
0 0 0 0 1 0 0 0 0 0 
1 0 1 1 1 1 1 0 0 1 
1 1 0 1 0 0 1 0 1 0 
0 1 1 1 1 1 1 0 0 1 
0 0 0 1 0 1 1 0 1 0 
0 1 1 0 0 0 1 1 1 0 
1 0 0 1 0 1 0 0 1 2 
0 0 0 0 0 0 1 1 1 2 
0 1 0 1 1 0 1 0 1 1 
0 0 1 3 0 1 1 0 1 0 
0 1 0 0 0 0 0 0 0 0 
1 1 1 1 0 1 0 0 1 2 
1 1 0 3 1 1 1 1 1 0 
1 1 0 1 0 1 0 1 1 2 
0 0 0 1 0 0 0 0 1 0 
0 1 0 0 1 1 0 0 1 0 
0 0 0 3 1 0 1 0 1 0 
0 0 1 2 0 0 1 1 1 1 
0 1 1 1 0 0 0 0 1 2 
0 0 0 3 0 0 0 1 1 0 
0 1 1 1 1 1 1 1 1 2 
0 0 1 2 1 1 1 0 0 1 
1 0 0 0 0 0 0 0 0 0 
1 1 1 1 1 0 1 0 1 0 
0 0 0 0 0 0 1 0 0 0 
0 0 0 1 1 0 0 1 1 2 
MFS
[ 1 , - , - , - , - , - , - , - , - , - ]
[ 1 , - , - , 3 , - , - , - , - , - , - ]
[ 1 , - , - , 1 , - , - , - , - , - , - ]
[ - , - , - , - , - , - , - , - , 0 , - ]
precise
0.75
recall
1.0
F-measure
0.8571428571428571
multi
0
time
all 2441 iden 3 gen 421
t-cover
5180
all-cover
5600
(1 : 2292)  (2 : 682)  (3 : 676)  (4 : 516)  (5 : 351)  (6 : 289)  (7 : 201)  (8 : 139)  (9 : 123)  (10 : 87)  (11 : 53)  (12 : 39)  (13 : 35)  (14 : 22)  (15 : 15)  (16 : 21)  (17 : 13)  (18 : 6)  (19 : 4)  (20 : 13)  (21 : 6)  (22 : 1)  (23 : 4)  (24 : 5)  (25 : 2)  (26 : 3)  (27 : 1)  (30 : 1)  
testCase Num: 135
regaular Num: 85
identify Num: 50
0 1 0 0 0 0 0 1 1 0 
0 0 0 0 1 1 1 1 1 2 
0 0 0 1 0 0 1 1 1 1 
0 1 0 3 1 0 0 1 1 1 
0 0 1 1 1 1 0 1 1 1 
0 0 0 0 0 1 0 0 1 2 
0 1 0 1 1 1 0 0 1 0 
0 0 0 2 1 1 1 0 1 1 
1 1 0 3 0 1 1 0 1 0 
0 0 0 3 1 1 0 0 1 2 
0 0 0 2 1 1 1 0 1 2 
1 1 0 3 0 1 1 0 1 1 
1 1 1 3 0 1 1 0 1 1 
1 1 1 1 1 0 0 1 1 0 
0 0 0 3 1 1 0 0 1 0 
0 0 1 1 0 1 0 1 0 1 
0 1 0 2 0 0 0 0 1 2 
0 1 0 0 1 0 0 1 1 2 
0 0 1 1 1 0 1 0 1 0 
1 0 0 3 1 1 1 1 1 0 
0 0 1 2 1 0 0 0 1 1 
0 0 0 0 1 1 0 0 1 1 
1 1 0 3 1 1 1 0 1 1 
0 0 1 3 0 1 1 1 1 2 
0 0 1 1 1 1 0 1 0 2 
0 0 1 1 0 0 0 0 1 1 
0 0 1 1 1 1 0 1 0 1 
0 0 1 1 0 0 0 0 1 2 
0 0 0 0 0 1 0 0 0 0 
1 1 1 2 1 0 1 0 1 2 
1 0 0 3 1 0 0 1 1 0 
0 0 0 1 0 1 0 1 1 0 
0 0 1 2 1 0 1 1 1 0 
0 0 1 2 0 1 1 0 1 0 
0 1 0 3 0 0 0 1 1 2 
1 1 0 1 0 1 1 0 1 1 
0 1 0 1 1 0 0 1 1 2 
0 0 0 3 0 1 0 1 1 1 
1 0 0 3 0 1 1 0 1 1 
0 0 1 1 1 1 1 1 0 1 
0 0 0 3 1 0 0 1 1 2 
0 0 1 0 0 1 1 0 1 0 
0 0 1 2 1 1 0 1 0 1 
1 1 0 3 0 1 1 1 1 1 
1 1 0 1 0 0 0 1 1 0 
0 1 1 0 0 1 0 0 1 0 
1 0 1 1 1 1 0 1 0 1 
1 1 0 3 1 0 1 1 1 0 
0 1 1 1 1 0 1 0 1 0 
0 0 1 0 0 0 0 0 0 0 
0 0 0 0 0 0 0 1 0 0 
1 1 1 3 0 0 0 1 1 0 
0 0 0 2 1 0 0 0 1 2 
0 1 0 3 0 1 1 0 1 1 
0 1 1 1 1 0 1 1 1 2 
0 1 0 3 0 1 1 0 1 2 
0 0 0 1 1 0 1 0 1 1 
0 1 0 2 1 0 0 1 1 1 
0 1 0 0 0 0 1 0 1 2 
0 0 0 1 1 1 0 1 0 1 
0 0 1 0 1 0 0 1 1 0 
0 0 1 1 1 1 0 0 0 1 
1 1 0 3 0 1 0 0 1 1 
0 1 1 1 1 1 0 1 0 1 
1 0 0 3 1 0 1 1 -1 0 
0 1 1 1 0 1 0 0 1 2 
0 1 0 3 0 0 0 0 1 0 
0 0 1 0 0 0 0 0 1 1 
0 1 0 1 0 1 0 1 1 1 
1 1 0 3 0 0 1 0 1 1 
0 1 0 1 1 0 0 0 1 1 
0 1 1 0 1 0 1 0 1 1 
0 1 0 0 1 0 1 0 1 0 
0 1 1 2 0 1 1 1 1 2 
1 1 1 1 0 0 1 1 1 0 
0 0 0 3 1 0 0 0 1 1 
1 0 0 3 1 0 1 1 1 0 
1 0 0 3 1 0 1 1 1 1 
0 1 1 0 0 1 0 1 1 1 
0 1 1 1 0 1 1 0 1 1 
0 1 1 3 0 0 1 1 1 1 
0 1 0 3 0 0 1 1 1 0 
0 0 1 1 1 0 0 1 0 1 
0 1 1 3 1 1 0 1 1 0 
0 0 0 2 0 1 0 1 1 1 
0 0 0 0 0 0 0 0 0 1 
0 0 0 0 0 0 0 0 0 0 
0 0 1 0 0 0 1 1 1 2 
0 1 1 2 0 1 0 0 1 1 
0 0 0 1 0 0 0 1 1 2 
1 1 1 1 0 1 0 1 1 0 
0 0 0 3 1 0 1 1 1 0 
0 1 1 0 1 1 0 0 1 2 
1 1 1 1 0 0 0 0 1 0 
0 0 0 1 1 1 1 0 1 2 
1 0 1 3 1 0 1 1 1 0 
1 0 0 3 1 0 1 0 1 0 
0 1 1 1 0 0 0 1 1 0 
1 0 1 1 0 0 0 1 1 0 
0 0 0 2 0 0 1 1 1 0 
0 1 0 2 0 0 1 0 1 1 
0 1 0 2 0 0 1 0 1 0 
0 0 1 1 0 1 0 0 1 0 
1 0 0 1 1 0 1 1 1 0 
1 0 0 3 0 0 1 1 1 0 
1 1 0 3 0 1 1 0 -1 1 
0 0 0 0 0 0 0 0 1 0 
1 0 0 2 0 1 0 1 1 2 
0 1 0 0 0 0 0 0 1 1 
0 0 0 1 0 0 0 0 0 0 
0 1 0 0 1 1 1 1 1 0 
0 1 0 0 1 1 1 1 1 1 
0 0 0 0 1 0 0 0 0 0 
0 0 1 2 0 0 0 0 1 0 
1 1 1 1 0 0 0 1 1 0 
1 1 1 1 0 0 0 1 1 1 
0 1 0 1 0 1 1 1 1 0 
0 1 0 1 0 1 1 1 1 2 
0 0 1 2 1 0 0 1 1 2 
0 0 0 0 0 0 1 1 1 1 
0 0 1 3 0 1 1 0 1 0 
0 1 0 0 0 0 0 0 0 0 
0 0 0 1 0 0 0 0 1 0 
0 1 1 3 1 0 1 0 1 2 
0 0 1 2 0 0 1 1 1 1 
1 0 0 0 0 0 0 0 0 0 
0 0 1 3 0 0 0 0 1 0 
0 0 1 3 0 0 0 0 1 1 
0 1 0 2 1 1 0 1 1 0 
0 1 1 2 1 1 0 0 1 0 
0 0 1 3 0 0 0 0 1 2 
0 0 1 3 1 1 1 1 1 1 
0 0 0 1 1 0 0 1 1 0 
1 1 1 1 0 0 0 1 -1 0 
0 0 0 0 0 0 1 0 0 0 
MFS
[ 1 , - , - , - , - , - , - , - , - , - ]
[ - , - , - , - , - , - , - , - , 0 , - ]
precise
0.5
recall
0.3333333333333333
F-measure
0.4
multi
0
time
all 2122 iden 3 gen 468
t-cover
4887
all-cover
5600
(1 : 2258)  (2 : 705)  (3 : 664)  (4 : 506)  (5 : 365)  (6 : 273)  (7 : 233)  (8 : 122)  (9 : 115)  (10 : 87)  (11 : 80)  (12 : 39)  (13 : 29)  (14 : 27)  (15 : 17)  (16 : 16)  (17 : 14)  (18 : 7)  (19 : 5)  (20 : 11)  (21 : 5)  (22 : 4)  (23 : 3)  (24 : 4)  (25 : 2)  (26 : 5)  (27 : 3)  (28 : 1)  
