testCase Num: 30
regaular Num: 16
identify Num: 14
1 0 0 1 0 0 0 0 1 1 1 1 3 2 
1 0 1 1 1 0 0 0 1 1 1 1 3 2 
1 0 1 1 0 0 0 0 0 1 1 1 3 2 
1 1 1 1 1 1 1 1 1 1 0 1 1 1 
1 0 1 1 0 0 0 1 1 1 1 1 3 2 
2 0 0 0 0 0 0 0 0 0 0 0 0 0 
0 0 0 1 0 1 0 1 0 0 0 1 0 2 
1 0 1 1 0 0 0 0 1 1 1 1 2 2 
1 0 1 1 0 0 0 0 1 1 0 1 3 2 
2 1 0 0 1 1 1 1 0 0 1 0 2 2 
2 1 1 0 0 0 0 0 0 0 0 0 1 0 
1 0 1 0 0 0 0 0 1 1 1 1 3 2 
0 0 0 0 0 0 0 0 0 0 0 0 1 2 
1 0 0 0 1 0 0 0 0 0 1 0 1 1 
0 1 1 0 1 0 1 1 1 1 1 1 0 0 
1 0 0 0 0 0 1 0 1 1 0 0 2 0 
2 0 0 1 0 1 0 0 0 1 0 1 2 1 
1 0 1 1 0 1 0 0 1 1 1 1 3 2 
1 1 1 1 0 0 0 0 1 1 1 1 3 2 
1 0 1 1 0 0 1 0 1 1 1 1 3 2 
1 0 1 1 0 0 0 0 1 1 1 1 3 0 
1 0 1 1 0 0 0 0 1 1 1 0 3 2 
1 0 1 1 0 0 0 0 1 1 1 1 3 2 
2 0 1 1 0 0 0 0 1 1 1 1 3 2 
2 1 1 1 0 1 1 1 1 0 0 0 3 0 
0 1 1 0 0 0 0 0 0 0 0 0 2 0 
1 0 0 0 0 0 0 0 0 0 0 0 0 1 
0 0 0 0 0 0 0 0 0 0 0 0 0 0 
1 0 1 1 0 0 0 0 1 0 1 1 3 2 
0 0 0 0 1 0 0 0 0 0 0 0 3 1 
MFS
[ - , 0 , 1 , - , - , - , - , - , - , - , - , - , - , - ]
precise
1.0
recall
1.0
F-measure
1.0
multi
0
time
all 250 iden 0 gen 125
t-cover
473
all-cover
473
(1 : 95)  (2 : 113)  (3 : 120)  (4 : 70)  (5 : 14)  (6 : 6)  (7 : 4)  (8 : 20)  (9 : 19)  (10 : 10)  (11 : 2)  
testCase Num: 30
regaular Num: 16
identify Num: 14
1 0 1 0 0 1 0 1 0 1 0 0 2 2 
1 0 1 0 0 0 1 1 0 1 0 0 2 2 
1 0 1 0 0 0 0 1 0 1 0 0 2 0 
1 0 0 1 1 0 0 0 1 0 0 1 3 0 
0 0 0 0 0 0 0 0 0 0 0 0 2 1 
2 1 0 0 1 0 1 1 0 0 0 1 0 1 
1 1 1 1 1 1 1 1 1 1 0 1 1 1 
1 0 1 0 0 0 0 1 0 0 0 0 2 2 
0 0 0 1 1 0 0 1 0 0 0 0 2 0 
2 1 1 1 0 1 0 1 0 1 1 0 3 0 
1 0 1 0 1 0 0 1 0 1 0 0 2 2 
1 0 1 1 0 0 0 1 0 1 0 0 2 2 
1 0 1 0 0 0 0 1 0 1 1 0 2 2 
1 0 1 0 0 0 0 1 0 1 0 0 3 2 
2 0 0 0 1 1 1 0 1 0 1 1 2 2 
0 0 0 0 0 0 1 0 0 0 0 0 1 0 
0 0 0 0 0 0 0 0 0 0 0 0 3 2 
1 0 1 0 0 0 0 0 0 1 0 0 2 2 
1 0 0 0 0 0 0 1 0 1 0 0 2 2 
2 0 0 0 0 0 0 0 0 0 0 0 1 2 
1 0 1 0 0 0 0 1 1 1 0 0 2 2 
0 1 1 1 0 0 1 0 1 1 1 1 0 2 
0 0 0 0 0 0 0 0 0 0 0 0 0 0 
1 0 0 0 1 0 0 1 0 0 1 0 1 1 
0 1 1 0 0 1 1 0 1 0 0 0 3 1 
1 0 0 0 0 1 0 0 0 0 0 0 0 0 
1 0 1 0 0 0 0 1 0 1 0 0 2 2 
1 0 1 0 0 0 0 1 0 1 0 1 2 2 
1 1 1 0 0 0 0 1 0 1 0 0 2 2 
0 0 1 0 0 0 0 1 0 1 0 0 2 2 
MFS
[ - , 0 , 1 , - , - , - , - , - , - , - , - , - , - , - ]
precise
1.0
recall
1.0
F-measure
1.0
multi
0
time
all 63 iden 0 gen 47
t-cover
473
all-cover
473
(1 : 86)  (2 : 147)  (3 : 102)  (4 : 53)  (5 : 23)  (6 : 9)  (7 : 5)  (8 : 9)  (9 : 19)  (10 : 17)  (11 : 3)  
