testCase Num: 61
regaular Num: 47
identify Num: 14
0 0 0 0 1 0 0 0 0 0 0 0 1 2 
1 0 0 1 1 0 0 0 0 0 0 1 2 2 
1 0 1 1 1 1 1 1 1 0 0 1 1 1 
1 0 1 1 1 1 1 1 1 0 1 1 2 1 
1 0 1 1 1 1 1 0 1 0 1 1 1 1 
1 1 1 1 0 0 0 0 0 0 0 0 1 2 
1 0 1 0 1 1 1 1 1 0 1 1 1 1 
2 1 1 1 0 0 0 0 0 0 1 0 1 1 
1 0 1 1 0 1 1 1 1 0 1 1 1 1 
0 1 1 0 1 1 1 1 0 1 0 1 1 1 
0 0 0 1 1 0 1 1 1 1 0 0 0 2 
1 0 0 1 0 0 1 0 0 1 1 1 3 0 
0 1 1 0 1 0 0 1 0 0 0 1 2 2 
1 1 1 1 1 1 1 0 0 0 0 0 0 1 
2 1 0 0 0 0 1 1 0 0 1 0 1 0 
0 1 1 0 0 0 0 0 0 1 0 0 2 0 
1 1 1 1 1 1 1 1 1 0 1 1 1 1 
0 0 0 0 0 0 0 0 0 0 0 0 3 0 
2 0 1 1 1 1 1 1 1 0 1 1 1 1 
1 0 1 1 1 1 1 1 1 0 1 1 1 2 
1 0 1 1 1 1 1 1 1 0 1 1 1 1 
2 0 0 0 0 0 0 0 0 0 0 0 3 2 
0 0 0 1 1 1 1 1 1 1 0 0 2 0 
0 1 1 0 1 1 0 0 1 0 1 0 3 1 
2 1 1 1 1 0 1 0 1 0 1 1 0 0 
2 0 0 0 1 0 1 0 0 1 0 0 1 1 
1 0 0 0 0 0 0 1 0 1 1 0 2 1 
2 0 0 1 1 1 0 0 0 0 0 1 2 1 
1 0 0 1 1 1 1 1 1 0 1 1 1 1 
0 1 1 0 0 0 0 0 0 1 0 1 3 2 
0 0 0 0 0 0 1 0 1 1 1 1 0 1 
1 1 0 1 1 0 0 0 1 0 0 0 3 1 
2 1 1 0 0 0 1 0 1 0 0 1 3 0 
0 0 0 1 0 1 1 0 1 0 1 0 3 2 
2 0 0 0 0 0 0 0 0 0 0 0 2 0 
0 1 1 1 0 1 0 1 0 1 1 1 0 0 
0 1 1 0 0 0 1 0 0 0 0 0 0 2 
0 0 0 1 1 1 0 0 1 1 1 0 1 0 
1 0 0 0 1 1 1 1 0 0 0 1 3 2 
2 1 1 0 0 1 0 1 0 0 1 0 0 2 
0 0 0 0 0 0 1 0 0 1 1 1 2 0 
1 1 1 0 0 0 0 0 0 0 0 0 3 0 
1 1 1 0 0 1 1 0 1 0 0 0 2 0 
1 0 1 1 1 1 1 1 1 1 1 1 1 1 
1 1 1 0 0 0 0 1 0 1 0 1 1 0 
2 1 1 1 0 0 0 1 1 1 0 0 3 1 
1 0 1 1 1 1 0 1 1 0 1 1 1 1 
1 0 1 1 1 1 1 1 1 0 1 0 1 1 
2 1 0 0 1 1 1 0 0 1 1 0 2 2 
2 0 0 0 1 1 0 1 0 1 1 0 3 0 
2 0 0 0 0 1 0 1 0 1 0 0 0 1 
1 0 1 1 1 0 1 1 1 0 1 1 1 1 
1 1 0 0 1 1 0 1 1 1 0 1 0 0 
2 1 1 1 0 0 0 1 1 0 1 1 2 2 
0 1 1 1 0 0 1 0 1 0 0 0 2 1 
0 0 0 0 0 0 0 0 0 0 0 0 0 0 
1 0 0 0 0 0 0 0 1 1 1 1 0 2 
0 1 0 0 0 0 1 1 1 0 1 1 1 2 
2 0 0 0 0 1 0 0 1 1 0 1 1 2 
1 0 1 1 1 1 1 1 0 0 1 1 1 1 
0 0 0 0 0 0 1 1 0 0 0 1 3 1 
MFS
[ - , 0 , 1 , - , - , - , - , - , - , - , - , - , - , - ]
precise
1.0
recall
1.0
F-measure
1.0
multi
0
time
all 1185 iden 0 gen 701
t-cover
4282
all-cover
4282
(1 : 407)  (2 : 769)  (3 : 889)  (4 : 762)  (5 : 543)  (6 : 369)  (7 : 207)  (8 : 86)  (9 : 71)  (10 : 49)  (11 : 34)  (12 : 36)  (13 : 22)  (14 : 23)  (15 : 10)  (16 : 4)  (17 : 1)  
testCase Num: 65
regaular Num: 51
identify Num: 14
1 0 1 1 1 1 1 0 1 1 1 1 1 0 
2 0 0 1 1 1 1 1 0 1 0 0 2 0 
1 0 1 1 0 1 1 1 1 1 1 1 1 0 
0 0 0 1 0 1 1 1 0 0 1 1 3 1 
1 1 0 0 1 0 0 1 0 0 1 0 1 2 
2 1 1 1 1 0 0 0 0 0 1 0 2 2 
1 0 0 0 0 0 0 0 0 0 0 0 2 0 
0 1 1 1 0 0 1 0 1 0 1 0 2 0 
1 0 0 1 0 0 1 0 0 1 1 1 3 0 
1 0 1 1 1 1 1 1 1 1 1 0 1 0 
0 1 1 1 0 0 0 1 1 1 0 0 1 2 
0 0 0 0 0 0 0 0 0 1 1 0 2 0 
1 0 1 1 1 0 1 1 1 1 1 1 1 0 
2 0 1 1 1 1 1 1 1 1 1 1 1 0 
0 0 0 0 0 0 0 0 0 0 0 0 3 0 
0 0 0 0 0 0 0 0 0 0 0 0 3 2 
0 0 0 0 1 1 0 0 1 1 1 1 0 1 
1 0 1 1 1 1 1 1 1 0 1 1 1 0 
1 0 0 1 1 0 0 1 0 0 0 0 0 0 
2 0 0 0 0 0 0 0 0 0 1 0 0 1 
1 0 0 1 1 1 1 1 1 1 1 1 1 0 
2 1 1 0 1 1 0 1 1 0 0 1 3 0 
0 1 1 0 0 1 1 0 0 0 0 0 2 1 
1 0 0 0 0 1 1 0 1 0 0 1 2 2 
1 0 0 0 1 0 0 1 1 1 0 0 3 1 
2 1 1 1 0 0 0 1 1 0 0 0 1 1 
0 0 0 0 0 0 0 0 0 0 0 0 2 2 
0 0 0 0 1 1 0 1 1 0 1 0 2 1 
1 0 1 0 1 1 1 1 1 1 1 1 1 0 
1 1 1 0 0 0 0 1 0 1 0 1 2 2 
0 1 1 0 0 1 0 0 0 1 0 0 3 1 
2 0 0 0 1 0 1 0 0 0 0 1 1 1 
2 0 0 1 0 0 0 0 0 0 0 0 3 1 
0 0 0 0 0 1 1 0 0 1 1 0 1 2 
0 1 0 1 1 0 1 0 1 1 0 1 3 2 
1 1 0 0 0 0 1 1 0 1 1 1 0 0 
1 1 1 0 1 1 1 0 1 0 1 0 0 1 
1 1 1 1 0 1 0 0 1 0 0 0 3 2 
1 1 1 1 1 1 1 1 1 1 1 1 1 0 
0 0 0 0 0 0 0 0 0 0 0 0 1 1 
2 0 0 0 0 1 0 0 0 0 0 1 1 2 
1 0 1 1 1 1 1 1 1 1 1 1 1 1 
1 0 1 1 1 1 1 1 1 1 1 1 1 0 
1 0 1 1 1 1 0 1 1 1 1 1 1 0 
1 0 0 1 1 0 0 0 0 0 1 1 2 1 
0 1 1 0 1 1 0 0 0 0 0 1 1 0 
2 1 1 0 0 1 0 0 1 0 0 0 0 0 
2 1 0 0 0 1 0 0 1 1 0 1 2 1 
2 1 1 0 1 0 1 1 0 0 1 0 3 2 
0 1 1 1 0 0 1 1 0 1 0 1 0 1 
2 0 0 0 0 0 1 0 1 1 1 0 1 0 
1 0 0 0 0 0 0 0 0 0 0 0 1 0 
2 1 1 1 1 1 0 0 0 1 0 0 0 2 
1 0 1 1 1 1 1 1 0 1 1 1 1 0 
1 0 0 1 0 1 0 0 0 1 1 0 1 1 
0 0 0 0 0 1 0 1 0 1 0 1 2 0 
0 0 0 0 0 0 0 0 1 0 1 0 3 0 
1 0 0 0 0 0 0 0 0 0 0 0 0 2 
0 0 0 0 0 0 0 0 0 0 0 0 0 0 
1 0 1 1 1 1 1 1 1 1 1 1 2 0 
1 0 1 1 1 1 1 1 1 1 0 1 1 0 
2 0 0 1 0 1 0 1 1 0 1 1 0 2 
0 0 0 0 0 0 0 0 0 0 0 0 0 2 
2 0 0 0 0 0 0 0 0 1 1 1 3 0 
2 0 0 0 1 0 1 0 1 1 0 0 0 2 
MFS
[ - , 0 , 1 , - , - , - , - , - , - , - , - , - , - , - ]
precise
1.0
recall
1.0
F-measure
1.0
multi
0
time
all 1530 iden 0 gen 1202
t-cover
4282
all-cover
4282
(1 : 417)  (2 : 734)  (3 : 899)  (4 : 691)  (5 : 514)  (6 : 381)  (7 : 214)  (8 : 117)  (9 : 73)  (10 : 38)  (11 : 24)  (12 : 8)  (13 : 10)  (14 : 16)  (15 : 14)  (16 : 31)  (17 : 36)  (18 : 26)  (19 : 19)  (20 : 9)  (21 : 6)  (23 : 4)  (24 : 1)  
