testCase Num: 35
regaular Num: 15
identify Num: 20
3 0 1 1 1 0 1 0 0 0 
0 0 0 0 0 0 0 0 1 1 
3 0 1 0 0 0 1 0 0 0 
3 0 1 1 0 -1 1 0 0 0 
4 0 0 1 0 0 0 0 0 0 
1 0 0 0 1 1 0 0 0 0 
4 0 1 0 0 0 1 0 0 1 
3 1 1 1 0 0 1 0 0 0 
0 0 1 1 0 0 1 0 0 0 
3 0 1 1 0 0 1 1 0 0 
3 0 1 1 0 0 1 0 0 1 
3 1 0 0 1 1 0 0 1 0 
3 0 1 1 0 0 1 0 0 0 
3 0 0 1 0 0 1 0 0 0 
3 1 0 0 1 1 0 1 1 0 
3 1 1 0 1 1 0 1 1 0 
3 1 0 0 1 1 0 1 1 1 
3 0 0 0 1 1 0 1 1 0 
0 0 0 0 0 0 0 0 0 0 
5 1 1 0 1 1 0 0 0 1 
2 1 0 0 0 0 0 0 1 0 
3 1 0 0 1 0 0 1 1 0 
5 0 0 1 0 0 1 1 1 0 
0 1 1 1 1 1 0 1 0 0 
3 1 0 0 0 1 0 1 1 0 
4 1 0 0 1 1 0 1 1 0 
1 1 1 1 1 0 1 1 1 1 
3 1 0 1 1 1 0 1 1 0 
1 0 0 0 0 0 0 0 0 0 
2 0 1 1 0 1 1 0 0 1 
2 0 0 0 1 0 0 1 0 0 
3 1 0 0 1 1 1 1 1 0 
3 0 1 1 0 0 0 0 0 0 
3 1 0 0 1 1 0 1 0 0 
3 0 1 1 0 0 1 0 1 0 
MFS
[ 3 , - , - , - , - , 1 , - , - , - , 0 ]
[ 3 , - , - , 1 , - , - , - , - , - , 0 ]
precise
1.0
recall
0.5
F-measure
0.6666666666666666
multi
0
time
all 27 iden 1 gen 21
t-cover
252
all-cover
252
(1 : 62)  (2 : 68)  (3 : 29)  (4 : 18)  (5 : 29)  (6 : 14)  (7 : 10)  (8 : 8)  (9 : 5)  (10 : 9)  
testCase Num: 44
regaular Num: 14
identify Num: 30
2 0 1 1 1 1 0 0 0 0 
3 0 0 0 0 0 1 1 0 0 
2 0 1 0 1 1 1 0 0 0 
2 0 1 0 1 1 0 0 1 0 
3 0 0 1 1 0 1 1 0 0 
0 1 1 0 0 0 1 0 0 1 
2 1 0 0 0 0 0 0 0 0 
5 0 0 1 0 0 1 1 0 0 
0 1 0 1 1 1 0 1 1 0 
1 0 0 0 0 0 0 0 1 0 
3 1 0 1 0 0 1 1 0 0 
3 0 0 1 0 -1 1 1 0 0 
3 1 1 0 1 1 0 0 1 1 
3 0 1 1 0 0 1 1 0 0 
3 1 1 0 1 1 0 0 1 0 
3 1 0 0 1 1 0 0 1 0 
3 0 0 1 0 0 1 0 0 0 
3 0 1 0 1 1 0 0 1 0 
3 0 0 1 0 0 1 1 0 0 
3 1 1 0 1 1 0 1 1 0 
5 0 1 0 0 1 1 1 0 0 
3 0 0 1 0 0 1 1 0 1 
0 0 0 0 0 0 0 0 0 0 
2 1 1 0 1 1 0 0 0 0 
2 0 0 1 0 0 1 1 1 1 
2 0 1 0 1 1 0 0 0 0 
2 0 1 0 1 1 0 1 0 0 
2 0 1 0 1 1 0 0 0 1 
2 0 0 0 1 1 0 0 0 0 
5 1 0 0 0 0 0 0 1 1 
3 1 1 0 0 1 0 0 1 0 
3 1 1 0 1 0 0 0 1 0 
5 0 1 0 1 1 0 0 0 0 
4 0 0 1 0 0 1 0 0 1 
3 1 1 1 1 1 0 0 1 0 
4 1 1 0 1 1 0 0 1 0 
2 0 1 0 1 0 0 0 0 0 
1 1 1 1 1 1 1 1 0 1 
3 1 1 0 1 1 0 0 0 0 
3 0 0 1 0 0 1 1 1 0 
4 0 0 0 0 0 0 1 0 0 
3 0 0 1 0 0 0 1 0 0 
3 1 1 0 1 1 1 0 1 0 
2 0 1 0 0 1 0 0 0 0 
MFS
[ 3 , - , - , - , - , 1 , - , - , - , 0 ]
[ 2 , - , - , - , - , 1 , - , - , - , 0 ]
[ 3 , - , - , 1 , - , - , - , - , - , 0 ]
precise
1.0
recall
0.75
F-measure
0.8571428571428571
multi
0
time
all 29 iden 3 gen 16
t-cover
252
all-cover
252
(1 : 57)  (2 : 62)  (3 : 32)  (4 : 22)  (5 : 22)  (6 : 23)  (7 : 11)  (8 : 8)  (9 : 7)  (10 : 5)  (11 : 3)  
