testCase Num: 103
regaular Num: 83
identify Num: 20
0 0 0 0 1 1 1 1 1 1 
0 0 1 3 0 1 0 0 1 2 
0 1 0 3 1 0 0 1 1 2 
0 1 1 0 1 1 1 0 1 2 
0 0 1 1 1 1 0 1 1 0 
1 0 1 1 0 0 1 0 1 1 
0 1 0 1 0 0 1 0 1 2 
0 1 0 3 1 0 0 1 1 0 
0 0 1 0 0 1 0 0 1 1 
0 1 0 2 0 0 0 0 1 1 
0 1 1 2 0 0 0 0 1 0 
0 0 0 3 1 1 0 0 1 2 
0 0 0 3 0 0 1 0 1 2 
0 0 0 1 1 0 1 1 1 2 
1 0 1 1 0 1 0 0 1 1 
0 1 0 3 0 1 1 1 1 2 
1 0 1 1 0 0 0 0 -1 1 
0 0 1 2 1 0 0 0 1 2 
0 0 1 1 1 0 1 0 1 1 
0 1 0 2 1 0 0 0 1 1 
0 1 0 2 0 1 0 1 1 1 
0 1 0 2 1 0 0 0 1 0 
0 0 1 1 0 0 0 0 1 1 
0 0 0 0 0 1 0 0 0 0 
0 0 0 1 0 1 0 1 1 1 
0 0 1 1 0 0 1 1 1 0 
0 1 1 0 0 0 0 0 1 0 
0 1 1 1 0 1 0 1 1 2 
0 0 0 2 0 1 1 1 1 1 
0 0 0 0 0 0 0 1 1 1 
0 1 0 1 1 0 0 1 1 1 
1 0 1 2 1 1 1 0 1 0 
1 1 1 0 1 0 0 1 1 2 
0 0 1 1 1 1 0 0 1 2 
1 0 0 1 0 0 0 0 1 1 
0 1 0 0 0 1 0 0 1 1 
0 0 1 3 1 1 0 1 1 0 
0 1 1 1 0 1 1 1 1 1 
0 0 0 0 1 1 0 0 1 0 
0 1 1 1 1 0 1 0 1 0 
0 0 1 0 0 0 0 0 0 0 
0 0 0 0 0 0 0 1 0 0 
0 1 0 2 1 0 0 1 1 2 
0 1 1 2 0 1 0 1 1 0 
0 0 0 0 1 1 0 1 1 2 
0 0 1 3 1 0 1 1 1 2 
0 1 0 1 1 1 1 0 1 1 
0 1 0 2 0 0 1 1 1 0 
0 0 1 0 0 1 1 0 1 2 
0 0 0 3 1 1 1 0 1 0 
0 1 0 1 0 1 0 1 1 0 
0 1 0 3 0 0 0 0 1 1 
0 1 0 1 1 0 0 0 1 0 
0 0 0 0 0 0 0 0 1 2 
0 0 0 2 1 0 1 0 1 1 
0 0 1 1 1 0 0 1 1 0 
0 1 0 1 1 0 0 0 1 2 
0 1 0 0 1 0 1 0 1 0 
0 1 0 0 1 0 1 0 1 1 
1 0 1 1 0 0 0 1 1 1 
0 0 0 0 1 0 0 0 1 2 
0 1 1 2 1 1 1 1 1 2 
1 1 1 1 0 0 0 0 1 1 
1 0 1 1 1 0 0 0 1 1 
0 0 0 0 0 0 1 1 1 0 
1 0 1 3 0 0 0 0 1 1 
0 0 0 0 0 0 0 0 0 1 
0 0 0 0 0 0 0 0 0 0 
0 1 0 0 0 0 1 1 1 2 
0 0 1 0 1 0 0 0 1 1 
0 1 1 3 1 0 1 1 1 1 
0 0 1 2 0 0 1 0 1 2 
0 1 0 3 1 0 1 0 1 1 
0 1 0 2 1 1 0 0 1 2 
0 1 0 2 0 0 1 0 1 2 
0 0 0 2 1 1 0 1 1 0 
0 1 1 0 1 1 1 1 1 0 
0 1 1 3 0 0 0 0 1 2 
0 0 0 0 0 0 0 0 1 0 
1 0 0 2 0 1 0 1 1 2 
0 1 1 2 0 1 1 0 1 1 
0 1 1 3 0 1 0 0 1 0 
0 0 0 1 0 0 0 0 0 0 
0 0 1 1 0 0 1 0 1 2 
0 0 0 0 1 0 0 0 0 0 
0 0 0 2 0 0 0 0 1 0 
0 0 1 0 0 1 0 1 1 0 
1 0 1 1 0 0 0 0 1 2 
0 0 0 3 1 1 0 1 1 1 
0 0 1 3 0 0 1 1 1 0 
0 0 0 1 0 1 1 0 1 0 
0 0 0 1 0 1 1 0 1 2 
0 1 0 3 0 0 1 0 1 0 
0 1 1 3 1 1 0 0 1 1 
0 0 1 3 0 1 1 0 1 1 
0 0 1 2 1 0 0 1 1 1 
0 1 0 0 0 0 0 0 0 0 
0 1 1 0 0 0 1 1 1 1 
1 0 1 1 0 0 0 0 1 1 
0 0 0 2 1 1 0 0 1 1 
1 0 0 0 0 0 0 0 0 0 
0 0 0 3 0 0 0 1 1 1 
0 0 0 0 0 0 1 0 0 0 
MFS
[ 1 , - , - , - , - , - , - , - , - , - ]
[ - , - , - , - , - , - , - , - , 0 , - ]
precise
0.5
recall
0.3333333333333333
F-measure
0.4
multi
0
time
all 905 iden 0 gen 370
t-cover
4963
all-cover
5600
(1 : 2300)  (2 : 707)  (3 : 672)  (4 : 510)  (5 : 361)  (6 : 265)  (7 : 198)  (8 : 144)  (9 : 129)  (10 : 65)  (11 : 65)  (12 : 43)  (13 : 32)  (14 : 21)  (15 : 18)  (16 : 13)  (17 : 10)  (18 : 10)  (19 : 7)  (20 : 5)  (21 : 6)  (22 : 4)  (23 : 3)  (24 : 7)  (26 : 1)  (27 : 2)  (28 : 2)  
testCase Num: 115
regaular Num: 85
identify Num: 30
0 1 0 2 1 0 1 1 1 1 
0 0 0 1 0 0 1 1 1 0 
0 0 1 1 0 0 1 1 1 2 
0 1 1 3 1 0 0 1 1 2 
0 1 1 1 0 0 1 0 1 2 
1 0 1 1 0 0 1 0 1 0 
0 1 0 1 1 1 0 0 1 0 
0 0 0 3 1 1 0 0 1 2 
0 0 1 3 0 0 1 0 1 1 
1 1 0 2 0 0 1 1 1 0 
1 1 0 2 1 1 0 1 1 1 
1 1 1 0 0 1 1 0 1 2 
0 0 1 1 1 0 1 0 1 0 
0 1 0 2 1 0 0 0 1 2 
0 1 0 2 0 1 0 1 1 2 
0 0 1 1 0 0 0 0 1 1 
0 1 0 1 1 1 1 1 1 2 
0 0 0 0 0 1 0 0 0 0 
0 1 1 1 0 0 1 0 1 0 
1 1 1 3 1 0 0 1 1 2 
1 1 1 3 1 0 0 1 1 0 
0 0 0 1 0 1 0 1 1 0 
1 0 0 0 0 1 0 0 1 1 
1 0 1 1 1 0 1 0 1 1 
0 1 0 1 0 1 0 0 1 1 
1 0 0 2 1 1 1 0 1 2 
1 0 1 1 1 0 1 0 1 0 
0 0 1 2 1 0 1 1 1 0 
0 1 0 3 0 0 0 1 1 1 
0 0 1 3 0 1 0 1 1 0 
1 1 1 3 1 1 0 1 1 2 
1 1 1 2 1 1 1 1 1 2 
1 0 1 2 0 1 0 1 1 1 
1 1 1 0 1 0 0 1 1 2 
0 0 0 1 0 0 1 0 1 1 
0 0 0 0 1 0 1 0 1 2 
0 0 1 1 1 1 0 0 1 2 
0 0 1 1 1 1 0 0 1 1 
0 0 0 3 1 0 0 1 1 1 
1 1 0 0 0 0 1 1 1 2 
1 1 1 3 1 0 0 1 -1 2 
0 1 1 0 0 1 0 0 1 0 
0 1 1 1 0 1 1 1 1 1 
0 0 1 0 0 0 0 0 0 0 
0 1 0 3 1 1 0 0 1 1 
0 0 0 0 0 0 0 1 0 0 
1 0 0 0 1 0 1 1 1 1 
0 0 1 0 1 1 0 0 1 2 
1 1 1 3 0 0 0 1 1 2 
1 0 1 3 1 0 0 1 1 2 
1 0 0 2 0 0 0 0 1 2 
0 0 0 1 0 1 0 0 1 2 
1 0 1 1 1 0 1 1 1 0 
0 0 1 0 1 1 1 1 1 1 
0 1 0 3 0 0 0 0 1 0 
0 1 1 3 1 1 1 0 1 0 
0 1 0 3 0 0 0 0 1 2 
0 1 1 3 0 1 0 1 1 1 
0 0 0 3 1 0 0 0 1 2 
0 1 0 0 0 1 0 1 1 1 
0 1 0 0 0 1 0 1 1 2 
1 0 1 0 1 0 1 0 1 0 
1 0 1 1 1 0 0 0 1 0 
0 1 0 3 0 0 1 1 1 0 
0 0 1 0 0 0 1 1 1 0 
0 0 0 0 0 0 0 0 0 1 
0 0 0 3 0 1 1 0 1 0 
0 0 0 0 0 0 0 0 0 0 
0 1 1 2 0 1 0 0 1 0 
1 0 1 1 1 1 1 0 1 0 
0 1 0 1 0 0 0 0 1 2 
1 1 0 0 0 0 1 0 1 1 
1 0 0 0 1 1 0 1 1 0 
0 0 0 2 1 1 0 1 1 0 
0 0 1 1 0 1 0 0 1 0 
1 0 1 0 0 1 0 1 1 2 
0 0 0 0 0 0 0 0 1 0 
0 1 1 1 1 0 0 1 1 0 
0 1 1 3 0 1 0 0 1 2 
0 0 0 1 0 0 0 0 0 0 
0 1 0 0 1 1 1 1 1 0 
0 0 1 3 1 0 0 1 1 0 
0 0 0 0 1 0 0 0 0 0 
0 0 1 2 0 0 0 0 1 2 
1 1 1 0 0 0 0 1 1 0 
1 1 0 2 1 0 0 0 1 0 
1 1 1 2 1 0 0 0 1 1 
0 0 0 1 0 1 1 0 1 0 
1 0 1 0 0 0 0 0 1 1 
1 0 1 2 0 1 1 0 1 0 
1 1 1 3 1 0 1 1 1 2 
0 1 0 3 0 0 1 0 1 1 
1 1 1 2 0 0 1 0 1 1 
0 1 0 1 1 0 1 0 1 1 
0 0 1 2 1 0 0 1 1 1 
0 1 0 0 0 0 0 0 0 0 
0 1 1 0 1 0 0 0 1 1 
1 0 0 0 0 1 1 0 1 1 
0 0 0 3 0 1 1 1 1 2 
0 0 0 3 1 0 1 0 1 0 
0 1 1 3 1 0 1 0 1 2 
0 0 1 2 0 0 1 1 1 2 
1 0 1 1 1 0 1 0 -1 0 
1 1 0 3 1 0 0 1 1 2 
1 0 0 0 0 0 0 0 0 0 
1 1 1 3 1 0 0 0 1 2 
1 1 1 1 1 0 1 0 1 0 
0 0 1 3 0 0 0 0 1 2 
0 0 1 3 1 1 1 1 1 1 
1 0 0 1 1 0 1 0 1 0 
0 0 0 1 1 0 0 1 1 1 
1 1 0 0 0 1 0 0 1 0 
0 0 0 0 0 0 1 0 0 0 
0 0 0 2 0 1 1 0 1 1 
0 0 0 1 1 0 0 1 1 2 
MFS
[ 1 , - , - , 3 , - , - , - , - , - , - ]
[ 1 , - , - , 1 , - , - , - , - , - , - ]
[ - , - , - , - , - , - , - , - , 0 , - ]
precise
1.0
recall
1.0
F-measure
1.0
multi
0
time
all 1246 iden 2 gen 413
t-cover
5600
all-cover
5600
(1 : 1723)  (2 : 954)  (3 : 836)  (4 : 621)  (5 : 434)  (6 : 305)  (7 : 206)  (8 : 165)  (9 : 89)  (10 : 73)  (11 : 49)  (12 : 40)  (13 : 32)  (14 : 24)  (15 : 10)  (16 : 9)  (17 : 13)  (18 : 6)  (19 : 5)  (20 : 4)  (21 : 1)  (22 : 1)  
