testCase Num: 107
regaular Num: 107
identify Num: 0
0 0 0 0 0 0 2 7 5 0 0 0 
0 0 0 1 0 0 1 1 8 1 0 0 
0 0 0 1 0 1 0 8 1 1 0 0 
0 0 0 0 0 0 0 8 6 0 0 0 
0 0 0 0 0 0 0 0 5 0 0 0 
0 0 0 0 0 0 0 2 8 0 0 0 
0 1 1 0 1 1 0 5 5 2 1 1 
0 0 0 0 0 0 0 4 0 0 0 0 
2 0 0 0 0 0 1 5 7 1 0 0 
0 0 0 0 0 0 0 9 2 0 0 0 
0 0 0 0 0 0 0 5 4 0 0 0 
0 0 0 0 0 0 0 8 9 0 0 0 
0 0 0 0 0 0 0 3 1 0 0 0 
0 0 0 0 0 0 0 4 3 0 0 0 
0 0 0 0 0 0 1 3 4 0 0 0 
0 0 0 0 0 0 0 2 5 0 0 0 
0 0 0 0 0 0 3 4 6 0 0 0 
0 0 0 0 0 0 3 2 1 0 0 0 
0 0 0 0 0 0 0 7 4 0 0 0 
0 0 0 0 0 0 0 1 9 0 0 0 
2 1 1 1 1 1 1 6 0 1 1 0 
0 0 0 0 0 0 1 2 2 2 0 0 
0 0 0 0 0 0 0 6 1 0 0 0 
0 0 0 0 0 0 0 3 6 0 0 0 
0 0 0 0 0 0 0 7 8 0 0 0 
0 0 0 0 0 0 0 8 0 0 0 0 
0 0 0 0 0 0 0 0 7 0 0 0 
1 0 0 0 0 0 1 6 6 2 0 1 
1 0 0 0 0 0 1 8 3 1 0 1 
0 0 0 0 0 0 0 4 9 0 0 0 
0 0 0 0 0 0 0 9 4 0 0 0 
0 0 0 0 0 0 0 5 2 0 0 0 
0 0 0 0 0 0 0 1 0 0 0 0 
2 0 0 0 0 0 1 4 1 2 0 0 
0 0 0 0 0 0 0 5 8 0 0 0 
0 0 0 0 0 0 3 0 2 0 0 0 
0 0 0 0 0 0 0 2 7 0 0 0 
0 1 1 0 1 0 0 3 3 0 0 1 
1 0 0 1 1 0 0 7 7 0 1 0 
0 0 0 0 0 0 0 7 2 0 0 0 
0 0 0 0 0 0 0 9 7 0 0 0 
0 0 0 0 0 0 3 6 9 0 0 0 
0 0 0 0 0 0 1 0 1 0 0 0 
2 0 0 0 0 0 3 1 4 2 0 0 
1 1 1 1 1 1 1 1 1 0 1 1 
0 0 0 0 0 0 0 1 3 0 0 0 
0 0 0 0 0 0 0 0 9 0 0 0 
0 0 0 0 0 0 0 3 8 0 0 0 
0 0 0 0 0 0 0 8 2 0 0 0 
0 0 0 0 0 0 3 9 0 2 0 0 
0 1 1 0 0 1 3 7 7 1 0 1 
1 0 0 0 0 1 2 0 8 2 0 1 
0 0 0 0 0 0 0 9 6 0 0 0 
0 0 0 0 0 0 0 4 7 0 0 0 
0 0 0 0 0 0 0 2 4 0 0 0 
0 0 0 0 0 0 0 7 3 0 0 0 
2 0 1 0 1 0 2 2 2 1 0 1 
1 1 1 1 0 0 0 9 9 1 0 1 
0 0 0 0 0 0 0 5 0 0 0 0 
0 0 0 0 0 0 2 5 1 0 0 0 
0 0 0 0 0 0 0 3 5 0 0 0 
0 0 0 0 0 0 0 5 6 0 0 0 
0 0 0 0 0 0 0 8 5 0 0 0 
2 1 1 1 1 1 0 0 6 1 1 0 
0 0 0 0 0 0 0 2 9 0 0 0 
0 0 0 0 0 0 0 6 4 0 0 0 
2 1 1 0 1 0 3 8 8 0 1 0 
0 0 0 0 0 0 0 0 4 0 0 0 
1 0 0 1 0 0 3 5 5 0 0 0 
0 0 0 0 0 0 0 7 0 0 0 0 
0 0 0 0 0 0 2 1 6 0 0 0 
0 0 0 0 0 0 0 6 7 0 0 0 
2 0 0 1 0 1 3 3 3 2 1 0 
0 0 0 0 0 0 0 9 1 0 0 0 
0 0 0 0 0 0 0 5 3 0 0 0 
0 0 0 0 0 0 0 3 2 0 0 0 
0 0 0 0 0 0 0 1 5 0 0 0 
0 0 0 0 0 0 0 8 4 0 0 0 
0 0 0 0 0 0 0 5 9 0 0 0 
0 0 1 0 1 1 0 4 4 0 1 1 
0 0 0 0 0 0 0 4 2 0 0 0 
0 0 0 0 0 0 0 6 5 0 0 0 
0 0 0 0 0 0 0 2 6 0 0 0 
0 0 0 0 0 0 2 8 7 2 0 0 
0 0 0 0 0 0 0 0 3 0 0 0 
0 0 0 0 0 0 0 0 0 0 0 0 
0 0 0 0 0 0 0 7 1 0 0 0 
0 0 0 0 0 0 0 4 5 0 0 0 
0 0 0 0 0 0 0 9 8 0 0 0 
0 0 0 0 0 0 0 6 8 0 0 0 
0 0 0 0 1 1 2 9 9 0 1 0 
0 0 0 0 0 0 0 3 9 0 0 0 
0 0 0 0 0 0 0 1 2 0 0 0 
0 0 0 0 0 0 0 6 2 0 0 0 
0 0 0 0 0 0 0 3 7 0 0 0 
2 0 0 0 0 0 1 9 5 1 0 0 
2 0 0 0 0 0 1 7 9 2 0 0 
1 1 0 1 0 1 0 2 2 0 1 0 
0 0 0 0 0 0 0 2 0 0 0 0 
1 1 0 1 0 0 2 4 4 1 0 0 
0 0 0 0 0 0 2 6 3 0 0 0 
0 0 0 0 0 0 0 2 3 0 0 0 
0 0 0 0 0 0 0 4 8 0 0 0 
1 0 0 0 0 0 2 3 0 1 0 1 
0 0 0 0 0 0 0 7 6 0 0 0 
0 0 0 0 0 0 0 9 3 0 0 0 
0 0 0 0 0 0 0 1 7 0 0 0 
MFS
precise
0.0
recall
0.0
F-measure
0.0
multi
0
time
all 199 iden 0 gen 199
t-cover
837
all-cover
837
(1 : 378)  (2 : 44)  (3 : 28)  (4 : 35)  (5 : 27)  (6 : 30)  (70 : 6)  (7 : 22)  (71 : 3)  (8 : 46)  (9 : 90)  (10 : 78)  (11 : 14)  (79 : 2)  (80 : 1)  (81 : 4)  (82 : 2)  (83 : 3)  (84 : 2)  (85 : 1)  (87 : 1)  (89 : 1)  (90 : 3)  (91 : 3)  (92 : 5)  (93 : 4)  (94 : 1)  (95 : 3)  
testCase Num: 106
regaular Num: 106
identify Num: 0
0 0 0 0 0 0 0 3 4 0 0 0 
0 0 0 0 0 0 0 6 3 0 0 0 
0 0 0 0 0 0 0 5 7 0 0 0 
1 0 1 0 1 0 1 4 7 0 0 0 
2 1 1 1 1 1 3 9 0 1 1 0 
0 0 0 0 0 0 0 2 8 0 0 0 
0 0 0 0 0 0 0 4 0 0 0 0 
1 0 0 0 0 0 2 9 9 0 0 1 
0 0 0 0 0 0 0 9 2 0 0 0 
0 0 0 0 0 0 0 5 4 0 0 0 
1 0 0 0 0 0 3 0 2 1 0 0 
0 0 0 0 0 0 0 1 4 0 0 0 
0 0 0 0 0 0 0 3 1 0 0 0 
0 0 0 0 0 0 0 1 1 0 1 0 
1 1 1 1 1 1 1 1 1 1 0 1 
2 0 1 0 1 1 0 4 4 1 1 1 
0 0 0 0 0 0 0 4 3 0 0 0 
0 0 0 0 0 0 0 2 5 0 0 0 
0 0 0 0 0 0 0 4 6 0 0 0 
0 0 0 0 0 0 2 1 8 1 0 0 
0 0 0 0 0 0 0 7 4 0 0 0 
0 0 0 0 0 0 0 9 5 0 0 0 
1 1 1 1 1 1 0 0 8 2 1 1 
0 0 0 0 0 0 0 9 1 2 0 0 
0 1 1 0 0 1 0 8 9 1 1 1 
0 0 0 0 0 0 1 0 3 0 0 0 
0 0 0 0 0 0 0 1 9 0 0 0 
0 1 0 1 0 1 0 7 7 1 1 1 
0 0 0 0 0 0 0 3 6 0 0 0 
0 0 0 0 0 0 0 7 8 0 0 0 
0 0 0 0 0 0 0 8 0 0 0 0 
2 0 1 0 1 1 2 2 2 2 1 0 
2 0 0 0 0 0 3 1 7 2 0 0 
0 0 0 0 0 0 0 7 5 0 0 0 
0 0 0 0 0 0 0 4 9 0 0 0 
2 0 0 0 0 0 1 0 5 2 0 0 
0 0 0 0 0 0 0 1 6 0 0 0 
0 0 0 0 0 0 0 5 2 0 0 0 
0 0 0 0 0 0 0 1 0 0 0 0 
0 0 0 0 0 0 0 8 3 0 0 0 
0 0 0 0 0 0 0 5 8 0 0 0 
0 0 0 0 0 0 0 4 1 0 0 0 
0 0 0 0 0 0 0 2 7 0 0 0 
0 0 0 0 0 0 0 7 2 0 0 0 
0 0 0 0 0 0 0 9 7 0 0 0 
0 1 1 0 1 1 3 5 5 0 1 1 
0 0 0 0 0 0 0 6 9 0 0 0 
0 0 0 0 0 0 0 3 0 0 0 0 
0 0 0 0 0 0 3 8 6 0 0 0 
0 0 0 0 0 0 0 1 3 0 0 0 
0 1 1 0 1 1 2 3 3 0 0 0 
0 0 0 0 0 0 0 0 9 0 0 0 
0 0 0 0 0 0 0 3 8 0 0 0 
0 0 0 0 0 0 0 8 2 0 0 0 
0 0 0 0 0 0 0 0 1 0 0 0 
0 0 0 0 0 0 0 2 1 0 0 0 
0 0 0 0 0 0 0 9 6 0 0 0 
0 0 0 0 0 0 0 7 3 0 0 0 
2 0 0 0 0 0 0 5 3 2 0 0 
0 0 0 0 0 0 0 3 5 0 0 0 
0 0 0 0 0 0 1 9 4 0 0 0 
2 0 0 1 1 0 1 3 9 2 0 0 
0 0 0 0 0 0 0 5 6 0 0 0 
0 0 0 0 0 0 0 8 5 0 0 0 
2 0 0 0 0 0 3 6 1 0 0 0 
0 0 0 0 0 0 0 2 9 0 0 0 
0 0 0 0 0 0 0 6 4 0 0 0 
1 0 0 1 0 0 3 3 3 1 1 1 
0 0 0 0 0 0 0 0 4 0 0 0 
0 0 0 0 0 0 0 6 7 0 0 0 
0 1 0 1 1 1 0 6 6 2 0 1 
0 0 0 0 0 0 0 3 2 0 0 0 
2 0 0 1 1 0 1 8 8 0 0 0 
2 0 0 0 0 0 2 7 6 0 0 0 
0 0 0 0 0 0 0 1 5 0 0 0 
1 0 1 0 1 0 1 7 0 2 0 0 
0 0 0 0 0 0 0 8 4 0 0 0 
0 0 0 0 0 0 0 5 9 0 0 0 
2 1 0 1 0 0 2 4 4 2 0 0 
1 0 0 0 0 0 3 2 4 1 0 0 
1 0 0 1 0 0 2 5 5 1 0 0 
0 0 0 0 0 0 0 4 2 0 0 0 
0 0 0 0 0 0 0 6 5 0 0 0 
0 0 0 0 0 0 0 2 6 0 0 0 
0 0 0 0 0 0 0 0 0 0 0 0 
0 0 0 0 0 0 0 7 1 0 0 0 
0 0 0 0 0 0 0 4 5 0 0 0 
0 0 0 0 0 0 0 9 8 0 0 0 
0 0 0 0 0 0 0 6 8 0 0 0 
1 0 0 0 0 0 2 8 1 2 0 0 
0 0 0 0 0 0 0 1 2 0 0 0 
0 0 0 0 0 0 0 6 2 0 0 0 
0 0 0 0 0 0 0 3 7 0 0 0 
0 0 0 0 0 0 0 8 7 0 0 0 
1 0 1 0 0 0 1 6 6 1 1 0 
0 0 0 0 0 0 1 5 0 0 0 0 
0 0 0 0 0 0 2 0 7 0 0 0 
0 0 0 0 0 0 3 7 9 0 0 0 
0 1 0 1 0 0 1 2 2 0 0 1 
0 0 0 0 0 0 0 0 6 0 0 0 
0 0 0 0 0 0 0 2 0 0 0 0 
2 0 0 0 0 0 2 6 0 0 0 1 
0 0 0 0 0 0 0 2 3 0 0 0 
0 0 0 0 0 0 3 4 8 0 0 0 
0 0 0 0 0 0 0 9 3 0 0 0 
0 0 0 0 0 0 0 5 1 0 0 0 
MFS
precise
0.0
recall
0.0
F-measure
0.0
multi
0
time
all 164 iden 0 gen 162
t-cover
837
all-cover
837
(1 : 357)  (2 : 62)  (3 : 36)  (4 : 28)  (68 : 1)  (5 : 30)  (6 : 26)  (70 : 3)  (7 : 26)  (71 : 1)  (8 : 60)  (72 : 4)  (9 : 84)  (10 : 83)  (77 : 1)  (78 : 3)  (79 : 1)  (80 : 5)  (81 : 2)  (82 : 3)  (87 : 1)  (88 : 1)  (89 : 4)  (90 : 3)  (91 : 3)  (92 : 6)  (93 : 2)  (94 : 1)  
