testCase Num: 43
regaular Num: 13
identify Num: 30
1 1 1 2 1 1 1 0 1 1 
1 1 1 3 0 0 1 1 1 2 
1 1 1 1 0 1 1 0 1 1 
1 0 1 2 0 1 0 0 1 2 
0 0 0 1 0 0 0 0 0 0 
0 1 0 0 0 0 0 0 1 2 
0 0 0 0 1 0 0 0 0 0 
0 0 0 2 0 0 0 0 1 0 
0 0 0 2 0 0 0 1 1 1 
1 0 1 3 0 1 1 1 1 2 
1 0 1 3 0 0 1 1 -1 2 
1 1 1 1 1 1 1 0 -1 1 
1 0 1 3 1 0 1 1 1 2 
0 0 1 3 0 0 1 1 1 2 
1 1 0 1 1 1 1 0 1 1 
1 1 1 1 1 1 1 1 1 1 
1 1 1 1 1 1 1 0 1 2 
0 0 1 0 0 0 0 0 0 0 
1 0 1 3 0 0 0 1 1 2 
0 1 0 3 1 1 0 1 1 0 
0 0 0 0 0 0 0 1 0 0 
0 0 0 0 0 0 0 0 0 1 
0 0 0 0 0 0 0 0 0 0 
1 1 0 0 0 1 1 0 1 0 
0 1 0 0 0 0 0 0 0 0 
1 1 1 1 1 1 1 0 1 1 
0 0 0 0 1 0 0 0 1 1 
1 0 1 1 1 1 1 0 1 1 
0 1 1 1 0 0 0 0 1 0 
0 0 0 0 0 1 0 0 0 0 
0 1 1 1 1 1 1 0 1 1 
0 0 0 3 0 0 0 0 1 1 
1 0 1 0 0 0 1 1 1 2 
1 0 0 0 0 0 0 0 0 0 
1 1 1 1 1 0 1 0 1 1 
1 1 1 1 1 1 0 0 1 1 
1 0 1 3 0 0 1 1 1 2 
0 0 0 0 0 0 1 0 0 0 
0 0 0 0 0 0 0 0 1 0 
1 0 0 3 0 0 1 1 1 2 
1 0 1 3 0 0 1 1 1 0 
0 0 0 1 1 0 0 1 1 2 
1 0 1 3 0 0 1 0 1 2 
MFS
[ 1 , - , - , 3 , - , - , - , - , - , - ]
[ 1 , - , - , 1 , - , - , - , - , - , - ]
[ - , - , - , - , - , - , - , - , 0 , - ]
precise
1.0
recall
1.0
F-measure
1.0
multi
0
time
all 80 iden 1 gen 18
t-cover
236
all-cover
236
(1 : 71)  (2 : 53)  (3 : 47)  (4 : 26)  (5 : 10)  (6 : 6)  (7 : 9)  (8 : 5)  (9 : 4)  (10 : 4)  (11 : 1)  
testCase Num: 42
regaular Num: 12
identify Num: 30
1 1 1 2 1 1 1 1 1 1 
1 0 0 3 1 1 0 1 1 2 
1 1 1 1 0 1 1 1 1 1 
0 0 0 3 0 1 0 0 1 1 
0 0 0 1 0 0 0 0 0 0 
1 0 0 2 1 0 0 1 1 2 
0 0 0 0 1 0 1 1 1 1 
0 0 0 0 1 0 0 0 0 0 
0 0 0 3 1 0 0 1 1 2 
0 0 0 2 0 0 0 0 1 0 
1 0 0 3 1 0 1 1 1 2 
0 0 1 1 0 0 0 0 1 0 
1 1 1 1 1 1 1 1 1 2 
1 1 1 1 1 1 1 1 1 1 
1 1 0 1 1 1 1 1 1 1 
1 0 0 3 0 0 0 1 1 2 
0 1 1 3 0 0 1 1 1 0 
0 0 1 0 0 0 0 0 0 0 
1 1 1 0 0 1 1 0 1 2 
1 1 0 2 1 1 0 0 1 0 
0 0 0 0 0 0 0 1 0 0 
0 0 0 0 0 0 0 0 0 1 
0 0 0 0 0 0 0 0 0 0 
0 1 0 0 0 0 0 0 0 0 
0 0 0 1 0 0 0 0 1 2 
1 1 1 1 1 1 1 0 1 1 
1 0 1 1 1 1 1 1 1 1 
0 0 0 0 0 1 0 0 0 0 
1 0 0 3 1 0 0 0 1 2 
1 0 0 3 1 0 0 1 1 1 
0 1 1 1 1 1 1 1 1 1 
1 0 0 3 1 0 0 1 1 2 
1 0 1 3 1 0 0 1 1 2 
1 1 1 1 1 1 1 1 -1 1 
1 1 0 3 1 0 0 1 1 2 
1 1 1 1 1 0 1 1 1 1 
1 0 0 0 0 0 0 0 0 0 
0 0 0 1 0 1 0 0 1 1 
1 1 1 1 1 1 0 1 1 1 
1 0 0 3 1 0 0 1 -1 2 
0 0 0 0 0 0 1 0 0 0 
0 0 0 0 0 0 0 0 1 0 
MFS
[ 1 , - , - , 3 , - , - , - , - , - , - ]
[ 1 , - , - , 1 , - , - , - , - , - , - ]
[ - , - , - , - , - , - , - , - , 0 , - ]
precise
1.0
recall
1.0
F-measure
1.0
multi
0
time
all 46 iden 0 gen 14
t-cover
236
all-cover
236
(1 : 78)  (2 : 55)  (3 : 45)  (4 : 22)  (5 : 8)  (6 : 10)  (7 : 7)  (8 : 7)  (9 : 3)  (10 : 1)  
