testCase Num: 81
regaular Num: 51
identify Num: 30
3 0 0 0 0 0 1 1 0 0 
0 0 0 0 0 0 0 0 1 1 
4 0 1 0 1 0 1 0 0 0 
5 0 1 0 0 1 0 0 0 0 
4 0 0 1 0 1 0 0 0 1 
2 1 1 0 0 1 0 1 0 0 
5 0 1 0 0 0 1 0 1 1 
0 0 1 0 1 0 0 1 0 0 
3 1 0 1 0 0 0 0 0 1 
2 1 1 1 1 0 1 0 1 0 
2 1 1 1 1 0 0 0 0 0 
1 1 1 0 0 0 0 0 1 0 
1 0 0 0 1 1 1 0 1 0 
2 1 1 0 1 0 1 0 0 0 
4 0 0 0 1 1 0 0 0 1 
1 1 1 1 1 0 1 0 0 1 
0 1 1 0 0 1 0 1 1 0 
1 0 0 0 0 0 1 0 0 0 
3 1 1 -1 0 1 0 1 1 0 
1 0 1 0 0 1 0 1 0 0 
2 1 0 1 0 0 0 1 0 1 
2 0 1 0 0 1 1 1 0 0 
0 0 0 0 0 0 0 0 0 0 
5 1 1 1 0 0 0 0 0 1 
2 0 1 0 1 1 0 1 0 0 
4 0 0 0 1 0 0 1 0 0 
2 1 1 1 1 0 1 0 0 0 
3 0 0 0 1 0 0 0 1 0 
2 0 1 0 0 0 0 0 1 0 
0 0 1 1 1 1 1 1 1 1 
2 1 1 1 1 0 1 0 0 1 
3 1 1 0 0 1 0 1 1 1 
3 0 1 1 0 1 1 0 1 1 
3 1 1 0 0 1 0 1 1 0 
0 0 1 0 0 1 1 0 0 0 
5 1 1 0 1 0 0 1 0 0 
2 0 1 0 0 1 0 0 0 0 
3 1 1 0 0 0 0 1 1 0 
3 0 0 0 0 0 1 0 0 0 
3 1 1 1 1 0 1 0 0 0 
2 0 0 0 0 1 0 1 0 0 
2 0 1 0 0 1 0 1 0 1 
5 0 0 1 1 1 0 0 0 1 
1 1 1 1 0 1 0 0 0 1 
4 1 1 0 0 1 0 1 1 0 
3 0 1 0 1 0 0 0 0 0 
2 0 1 0 0 0 0 1 0 0 
3 1 1 0 0 1 1 1 1 0 
2 1 0 1 0 1 0 0 1 1 
3 1 1 0 0 1 0 1 0 0 
1 1 0 0 0 0 1 1 1 1 
5 1 0 1 0 1 1 1 1 1 
3 1 1 0 1 1 0 1 1 0 
3 1 0 0 1 1 1 0 0 1 
4 1 1 1 1 0 0 0 1 1 
2 1 1 1 1 1 1 0 0 0 
2 0 1 0 0 1 0 1 1 0 
2 0 0 0 0 1 1 0 0 1 
4 0 0 0 0 0 0 0 1 0 
1 0 0 1 1 0 0 1 1 1 
5 0 0 0 0 1 1 0 0 0 
4 1 0 0 0 1 1 0 1 0 
3 0 0 1 1 0 0 1 0 1 
0 1 0 0 1 1 1 1 0 0 
2 1 1 1 1 0 1 1 0 0 
5 0 0 0 0 0 0 1 1 0 
2 0 1 1 1 0 1 0 0 0 
3 1 1 0 0 1 0 0 1 0 
2 1 0 1 1 0 1 0 0 0 
0 1 1 1 0 0 0 0 1 1 
3 1 0 0 0 1 0 1 1 0 
3 0 1 0 0 1 0 1 1 0 
4 0 0 1 0 0 1 1 0 1 
2 0 0 0 1 0 1 1 1 0 
4 1 0 0 0 0 0 0 0 0 
2 0 1 -1 0 1 0 1 0 0 
2 0 1 0 0 1 0 1 0 0 
0 0 0 1 1 0 1 0 0 1 
2 0 0 1 1 1 0 0 0 1 
5 0 0 0 1 0 1 0 1 0 
2 1 1 1 0 0 1 0 0 0 
MFS
[ 3 , - , - , - , - , 1 , - , - , - , 0 ]
[ 2 , - , - , - , - , 1 , - , - , - , 0 ]
[ - , - , - , 1 , - , - , - , - , - , 0 ]
precise
0.6666666666666666
recall
0.5
F-measure
0.5714285714285715
multi
0
time
all 361 iden 1 gen 183
t-cover
1516
all-cover
1536
(1 : 210)  (2 : 328)  (3 : 304)  (4 : 150)  (5 : 120)  (6 : 82)  (7 : 68)  (8 : 74)  (9 : 67)  (10 : 35)  (11 : 30)  (12 : 29)  (13 : 14)  (14 : 9)  (15 : 6)  (16 : 2)  (17 : 5)  (18 : 1)  (20 : 2)  
testCase Num: 80
regaular Num: 50
identify Num: 30
0 1 1 0 1 0 1 0 1 0 
0 0 0 1 1 0 1 0 0 0 
2 0 1 0 1 1 0 0 1 1 
2 1 1 0 0 1 0 1 0 0 
0 0 1 1 0 0 1 1 1 1 
5 1 1 1 1 0 0 0 0 0 
5 1 1 0 0 0 1 1 1 1 
2 1 1 1 0 1 1 0 0 1 
1 1 0 0 1 1 0 0 1 1 
3 0 1 0 0 1 0 1 0 0 
4 0 0 0 0 0 0 1 1 0 
2 0 1 0 0 1 1 1 0 0 
3 0 0 1 0 0 0 1 1 0 
4 1 1 0 1 0 0 1 0 0 
5 0 1 0 1 0 0 0 1 0 
5 0 1 1 1 1 1 0 0 1 
0 0 0 0 0 0 0 0 0 0 
2 0 1 0 1 1 0 1 0 0 
0 1 0 0 1 1 1 0 0 1 
2 0 1 1 0 1 0 1 0 0 
4 0 0 0 0 1 0 0 0 1 
5 0 0 0 1 1 0 1 0 1 
2 1 0 0 1 0 1 1 1 0 
2 0 0 1 1 0 1 0 0 1 
2 0 0 1 1 0 1 0 0 0 
0 0 1 0 0 1 0 1 0 1 
3 0 0 1 0 -1 1 1 1 0 
3 0 0 0 0 1 1 0 0 1 
3 0 0 1 0 0 1 1 1 0 
3 0 0 1 0 0 1 1 1 1 
2 0 1 0 0 1 0 0 0 0 
0 0 0 0 0 0 0 0 1 0 
2 0 0 0 0 1 0 1 0 0 
2 0 1 0 0 1 0 1 0 1 
3 1 1 1 1 0 1 0 0 1 
2 0 0 1 0 0 1 0 0 0 
4 0 1 0 1 0 0 0 1 1 
1 0 1 0 0 1 0 0 1 1 
4 0 0 0 1 0 1 1 0 0 
5 1 0 0 0 0 0 0 0 0 
2 0 1 0 0 0 0 1 0 0 
0 1 1 1 1 1 0 1 1 0 
1 1 1 0 0 0 1 0 0 0 
1 0 0 1 0 0 1 1 1 0 
0 1 0 1 0 0 0 1 0 1 
2 0 0 1 1 0 0 0 0 0 
3 0 0 1 0 1 0 0 0 1 
2 0 0 1 1 0 1 0 1 0 
2 0 0 0 1 0 1 0 0 0 
2 0 0 1 1 -1 1 0 0 0 
3 0 0 1 0 0 1 1 0 0 
2 0 0 1 0 0 0 1 0 1 
2 0 1 0 0 1 0 1 1 0 
3 1 1 0 0 0 0 1 0 0 
5 0 0 1 0 1 1 0 1 0 
3 0 0 0 0 0 1 1 1 0 
3 0 1 0 0 0 0 0 0 0 
1 1 0 0 1 0 0 1 0 0 
3 0 0 1 1 0 1 1 1 0 
2 1 0 0 0 1 0 0 1 1 
3 1 0 0 1 0 0 0 1 0 
5 0 0 1 0 0 0 1 0 0 
2 0 1 1 1 0 1 0 0 0 
2 1 0 1 1 0 1 0 0 0 
3 1 1 0 0 1 0 0 1 1 
4 0 0 1 1 1 0 1 0 1 
4 1 0 1 0 0 0 1 0 1 
2 0 0 1 1 0 0 0 1 1 
1 0 1 1 0 0 0 0 0 1 
4 0 0 1 0 0 0 0 1 0 
2 0 0 1 1 0 1 1 0 0 
1 1 0 1 0 0 0 0 0 0 
1 0 1 1 1 1 1 1 0 1 
3 1 0 1 0 0 1 1 1 0 
3 0 0 1 0 0 1 0 1 0 
3 0 1 1 0 0 1 1 1 0 
2 0 1 0 0 1 0 1 0 0 
4 1 1 1 0 1 1 0 1 1 
5 1 0 0 0 1 0 0 0 1 
3 0 0 0 1 1 0 1 0 1 
MFS
[ 2 , - , - , 1 , - , - , - , - , - , 0 ]
[ - , - , - , - , - , 1 , - , - , - , 0 ]
[ 3 , - , - , 1 , - , - , - , - , - , 0 ]
precise
0.6666666666666666
recall
0.5
F-measure
0.5714285714285715
multi
0
time
all 198 iden 0 gen 134
t-cover
1530
all-cover
1536
(1 : 217)  (2 : 330)  (3 : 295)  (4 : 139)  (5 : 107)  (6 : 99)  (7 : 99)  (8 : 73)  (9 : 61)  (10 : 42)  (11 : 26)  (12 : 16)  (13 : 18)  (14 : 10)  (15 : 2)  (16 : 1)  (17 : 1)  
