testCase Num: 413
regaular Num: 413
identify Num: 0
2 0 1 0 1 0 2 3 9 0 1 1 
1 1 1 1 0 1 0 8 0 1 0 0 
1 1 0 1 0 0 1 9 3 2 0 1 
2 0 0 0 0 0 3 2 5 0 0 0 
1 0 0 0 0 0 1 6 0 2 0 0 
2 1 1 1 0 1 3 7 2 0 0 0 
0 1 1 0 1 1 3 0 6 1 1 1 
1 0 0 0 0 0 3 0 8 2 0 1 
0 0 0 0 0 0 3 2 4 1 0 0 
0 0 0 0 0 0 2 2 0 0 0 0 
0 0 0 0 0 0 1 6 3 0 0 0 
1 1 0 0 0 0 2 1 1 1 0 0 
0 0 0 0 0 0 0 6 0 0 0 0 
2 0 1 1 1 1 0 4 2 0 1 1 
2 0 0 0 0 0 2 0 0 1 0 0 
0 1 1 0 1 0 0 4 9 0 1 1 
0 0 0 0 0 0 1 1 7 0 0 0 
0 0 0 0 0 0 3 4 6 0 0 0 
2 0 0 0 0 0 2 5 7 1 0 0 
0 0 1 0 1 1 0 3 7 1 1 0 
1 1 0 0 1 1 0 2 9 1 1 1 
0 0 0 0 0 0 3 7 0 0 0 0 
2 1 1 0 1 0 2 8 1 0 0 0 
2 1 1 0 0 0 0 1 9 1 0 0 
0 0 0 0 0 0 1 7 4 0 0 0 
1 0 0 0 0 1 0 7 1 0 0 0 
2 0 0 1 0 0 3 0 6 0 0 0 
0 0 0 0 0 0 1 5 1 0 0 0 
0 0 0 0 0 0 2 6 7 0 0 0 
0 0 0 0 0 0 1 0 6 0 0 0 
2 1 1 0 1 0 2 4 6 1 0 0 
0 0 1 1 1 1 1 5 7 2 0 0 
0 0 0 0 0 0 2 1 9 0 0 0 
0 0 0 0 0 0 1 2 9 0 0 0 
0 0 0 0 0 0 3 5 8 0 0 0 
0 0 0 0 1 1 1 8 8 1 1 1 
0 0 0 1 0 0 1 2 1 2 0 1 
0 0 0 0 0 0 3 8 1 1 0 0 
0 0 0 0 0 0 0 7 2 0 0 0 
0 0 0 0 0 0 3 6 9 0 0 0 
0 0 0 0 0 0 2 4 2 0 0 0 
0 0 0 0 0 0 2 5 6 0 0 0 
1 0 1 0 1 0 0 8 5 0 1 0 
2 0 0 0 1 0 3 8 0 2 1 1 
0 0 0 0 0 0 3 5 9 0 0 0 
1 0 0 0 0 0 3 1 8 2 0 0 
1 0 0 0 1 0 0 9 7 0 0 0 
0 0 0 0 0 0 3 3 6 0 0 0 
0 0 0 0 0 0 1 7 3 0 1 0 
1 0 0 0 0 0 1 2 5 0 0 0 
2 1 1 0 0 1 3 3 3 1 0 0 
1 0 0 0 1 1 3 5 5 2 0 1 
0 0 0 0 0 0 3 9 4 0 0 0 
0 0 0 0 0 0 3 2 6 2 0 0 
0 0 0 1 0 1 0 4 6 0 1 1 
1 1 1 0 1 1 3 9 6 2 0 0 
0 0 0 0 0 0 1 8 6 2 0 0 
2 0 1 0 1 0 0 0 1 1 1 1 
1 0 0 0 0 0 2 8 7 2 0 0 
0 0 0 0 0 0 2 9 9 0 0 0 
0 0 0 0 0 1 1 4 3 0 0 1 
0 0 0 0 0 0 3 6 0 0 0 0 
0 0 0 0 0 0 1 5 2 2 0 0 
2 0 0 0 0 0 0 6 1 0 0 0 
0 1 1 1 1 1 0 0 3 2 0 0 
0 0 0 0 0 0 1 3 8 0 0 0 
1 0 0 1 0 1 2 4 9 1 0 0 
0 0 0 0 0 0 3 0 0 2 0 0 
0 0 0 0 0 0 1 0 5 1 0 0 
0 0 0 0 0 0 2 3 3 0 0 0 
0 0 0 0 0 0 3 8 2 0 0 0 
0 0 0 0 0 0 2 4 4 0 0 0 
0 0 0 0 0 0 1 1 6 0 0 0 
0 1 0 1 1 1 2 7 7 0 0 1 
0 0 0 0 0 0 0 0 0 0 0 0 
0 0 0 0 0 0 3 5 0 2 0 0 
2 0 0 0 0 0 3 4 8 1 0 0 
0 0 0 0 0 0 1 8 4 0 0 0 
0 0 0 0 0 0 3 1 4 0 0 0 
0 0 0 0 0 0 0 3 9 0 0 0 
2 1 0 0 1 1 3 4 7 1 0 1 
0 0 0 0 0 0 3 1 0 1 0 0 
1 0 1 1 0 0 2 5 0 1 1 1 
0 0 0 0 0 0 0 6 2 0 0 1 
0 0 1 0 0 1 1 3 0 2 0 0 
2 1 0 0 1 0 0 5 6 2 0 1 
0 0 0 0 0 0 3 3 7 0 0 0 
2 0 0 0 0 0 0 8 4 0 0 0 
1 0 0 0 0 0 0 7 7 2 0 0 
0 1 1 1 0 0 0 5 5 0 1 0 
0 0 0 0 0 0 1 9 0 1 0 0 
0 0 0 0 0 0 2 6 6 0 0 0 
1 1 0 0 0 0 2 4 8 2 1 1 
1 0 0 1 0 1 3 5 2 0 1 1 
0 0 0 0 0 0 3 9 3 0 0 0 
2 0 0 0 0 0 0 9 6 1 0 0 
0 0 0 0 0 0 2 1 0 0 0 0 
2 0 1 0 0 1 0 8 6 1 0 1 
2 0 0 0 0 0 2 5 5 1 0 0 
0 1 1 1 1 0 0 6 5 1 1 0 
1 1 0 1 0 1 1 8 3 0 1 1 
1 0 0 0 0 1 1 2 6 1 0 0 
2 0 1 1 0 1 3 6 3 0 0 0 
0 0 0 0 0 0 1 2 0 0 0 0 
0 0 0 0 0 0 1 8 9 0 0 0 
2 0 1 0 1 1 0 9 3 0 1 0 
0 0 0 0 0 0 0 0 5 0 0 0 
2 0 0 0 1 1 0 0 8 0 1 0 
0 0 0 1 1 1 0 6 8 0 1 0 
0 1 1 0 1 0 3 6 7 0 1 1 
2 1 0 1 1 0 1 2 4 2 1 0 
2 0 0 0 0 0 0 4 3 2 0 0 
1 0 0 1 0 0 0 9 1 0 0 0 
1 0 0 0 0 0 2 0 1 0 0 0 
0 0 0 0 0 0 3 4 9 0 0 0 
0 0 0 0 0 0 0 9 2 0 0 0 
0 0 0 0 0 1 1 5 4 1 0 0 
2 0 0 0 0 0 2 3 1 0 0 0 
2 0 0 0 0 0 3 1 1 0 0 0 
2 0 0 0 0 0 1 2 2 0 0 0 
0 0 0 0 0 0 1 0 8 0 0 0 
0 0 0 0 0 0 2 9 3 1 0 0 
2 0 0 0 0 1 2 0 7 1 0 0 
1 0 0 0 0 0 1 0 3 0 0 0 
1 0 0 0 0 0 3 9 2 2 0 0 
0 0 0 0 0 0 3 6 2 1 0 0 
1 1 1 1 0 0 0 8 8 0 0 0 
0 1 1 0 0 1 2 0 9 1 0 1 
0 0 1 1 0 1 0 3 5 2 0 1 
0 0 0 0 0 0 3 9 5 0 0 0 
0 0 0 0 0 0 1 5 5 0 0 0 
1 1 0 0 1 0 1 5 9 0 0 1 
2 0 0 0 0 0 0 8 9 2 0 0 
0 1 0 1 1 0 3 4 0 2 0 1 
1 0 0 0 0 0 2 3 0 0 0 0 
1 0 1 1 1 1 2 2 7 1 1 1 
2 0 1 1 1 1 3 2 0 0 1 1 
2 0 0 0 0 0 2 9 5 1 0 0 
0 0 1 0 1 1 3 2 2 2 0 0 
1 0 0 0 0 0 2 6 5 2 0 0 
1 0 0 0 0 0 3 1 6 0 0 0 
1 0 0 0 0 0 3 3 9 2 0 0 
1 1 1 0 1 0 0 6 4 0 0 1 
1 0 0 0 0 0 3 5 1 2 0 0 
0 0 1 1 0 1 0 5 9 2 1 0 
1 0 1 1 0 1 1 7 9 0 1 0 
1 0 0 1 1 0 0 7 8 2 0 0 
2 0 1 1 0 1 1 1 0 0 0 0 
0 0 0 0 0 0 3 8 3 0 0 0 
0 0 0 0 0 0 2 4 5 0 0 0 
0 1 0 0 0 1 1 6 6 1 1 1 
0 0 0 0 0 0 0 2 7 0 0 0 
0 0 0 0 0 0 1 9 6 0 0 0 
1 1 1 1 1 1 1 0 0 0 1 1 
1 0 0 0 0 1 3 0 4 0 0 1 
0 0 0 0 0 0 1 0 9 0 0 0 
2 0 0 0 0 0 0 5 2 0 0 0 
0 0 0 0 0 0 1 1 8 0 0 0 
2 0 0 0 0 0 2 9 7 2 0 0 
1 0 0 1 1 1 0 3 3 0 1 0 
1 1 1 1 1 0 0 3 1 2 0 1 
0 0 0 0 0 0 3 0 7 0 0 0 
1 0 0 0 0 1 2 7 6 0 1 1 
0 0 0 0 0 0 3 9 7 0 0 0 
0 1 1 0 1 0 2 5 2 1 0 0 
2 0 0 1 0 1 0 6 7 2 0 0 
0 0 0 0 0 0 2 1 3 0 0 0 
0 0 0 0 1 0 3 7 2 2 1 1 
2 0 0 0 0 0 0 3 2 0 0 0 
0 0 0 0 0 0 3 8 5 0 0 0 
0 0 0 0 0 0 0 8 2 0 1 1 
0 1 1 1 0 1 1 9 7 1 1 1 
2 1 1 1 1 0 1 2 3 1 0 0 
1 0 1 0 0 0 2 6 1 0 0 1 
2 0 0 0 0 1 1 9 2 0 0 0 
1 0 0 0 0 0 2 5 4 0 0 1 
0 0 0 0 0 0 2 6 8 0 0 0 
2 0 0 0 0 0 1 0 4 2 0 0 
0 0 0 0 0 0 1 0 7 0 0 0 
2 0 0 0 0 0 2 8 5 1 0 0 
1 0 0 1 0 1 0 8 1 2 1 1 
0 0 0 0 0 0 0 1 5 0 0 0 
0 0 0 0 0 0 2 7 9 0 0 0 
1 0 0 0 0 0 0 4 7 2 0 0 
0 0 0 0 0 0 2 0 2 0 0 0 
0 1 1 0 1 0 0 2 1 0 1 0 
1 1 0 1 1 1 3 6 1 2 1 0 
2 0 0 0 0 0 2 5 3 2 0 0 
2 0 1 0 1 0 2 9 1 2 1 1 
0 0 0 0 0 0 0 2 6 0 0 0 
1 1 0 0 1 0 3 3 5 0 1 0 
2 1 1 1 1 0 3 5 4 1 1 0 
0 0 0 0 0 0 1 3 2 2 0 0 
1 0 1 0 1 0 3 9 8 1 1 0 
0 0 1 1 1 0 1 9 5 2 1 0 
0 0 0 0 0 0 3 2 8 0 0 0 
2 0 0 0 0 0 0 7 6 1 0 0 
1 1 1 0 1 0 1 4 4 0 1 0 
0 0 0 0 0 0 1 4 2 0 0 0 
2 0 0 0 0 0 2 7 5 2 0 0 
2 0 1 0 0 0 1 7 7 1 1 0 
0 0 0 1 0 0 0 2 8 1 1 1 
0 0 0 0 0 0 2 8 0 0 0 0 
1 1 0 0 0 0 0 5 7 0 1 1 
0 0 0 1 0 1 3 6 4 1 1 0 
2 0 0 1 1 1 2 5 1 0 0 0 
0 1 1 0 0 1 0 1 2 2 1 0 
2 0 0 0 0 0 2 6 4 2 0 0 
0 0 0 0 0 0 1 6 4 0 0 0 
0 1 0 1 0 1 1 8 5 2 0 1 
0 1 0 0 1 0 3 7 9 1 0 1 
0 0 1 1 1 0 2 1 4 2 0 0 
0 0 0 0 0 0 3 4 2 2 0 0 
1 1 0 0 0 1 0 9 5 0 0 1 
1 0 1 1 1 0 2 8 9 1 1 0 
1 1 1 1 1 1 2 9 0 2 0 0 
2 0 0 0 0 0 0 4 5 1 1 1 
0 0 1 0 0 1 1 9 4 0 1 0 
0 0 0 0 0 0 3 8 7 0 0 0 
2 0 0 0 0 0 1 4 9 2 0 0 
2 1 0 0 0 1 2 1 6 2 1 0 
0 0 0 0 0 0 2 2 6 0 0 0 
1 1 1 1 1 1 1 6 2 0 1 0 
0 1 1 0 0 1 0 9 8 2 1 1 
2 0 0 0 0 0 0 0 9 0 0 0 
0 1 0 1 0 0 3 1 5 0 1 0 
1 1 0 1 1 1 1 5 3 1 0 0 
0 1 1 1 1 0 2 4 3 1 1 0 
0 0 0 0 0 0 3 3 0 1 0 0 
0 0 0 0 0 0 2 0 4 1 0 0 
0 0 0 0 0 0 3 0 5 0 0 0 
0 0 0 0 0 0 1 3 5 0 0 0 
0 0 0 0 0 0 1 8 0 0 0 0 
1 1 0 0 0 0 1 1 4 1 0 0 
2 0 0 0 0 0 3 4 4 1 0 0 
1 0 1 0 1 0 1 0 2 2 0 1 
0 1 1 0 0 1 1 7 8 0 1 1 
1 1 0 0 0 0 3 2 0 1 0 0 
0 0 1 0 1 1 0 9 9 1 1 1 
2 0 0 0 0 0 2 2 9 2 0 0 
0 0 0 0 0 0 0 2 0 2 0 0 
0 0 0 0 0 0 3 7 5 0 0 0 
0 0 0 0 0 0 1 1 3 1 0 0 
2 0 0 0 0 0 2 8 8 2 0 0 
1 1 0 0 0 0 2 0 5 2 0 1 
2 1 1 1 1 1 1 8 2 1 0 0 
0 0 0 0 0 0 2 6 3 2 0 0 
0 1 0 1 0 0 1 3 3 2 1 1 
0 0 0 0 0 0 2 7 3 0 0 0 
0 0 1 0 0 1 0 2 4 2 0 1 
1 1 1 1 1 0 0 0 7 2 1 1 
0 0 0 1 1 0 3 3 2 1 0 1 
2 0 1 1 1 0 0 6 6 2 0 0 
2 0 0 0 0 0 0 7 9 2 0 0 
0 0 0 0 0 0 3 3 1 1 0 0 
2 0 0 1 0 0 0 7 0 0 0 1 
1 1 0 0 1 0 0 6 3 1 1 1 
0 1 1 1 1 0 1 7 6 2 0 0 
2 1 0 0 0 0 3 2 7 0 0 0 
2 0 0 0 0 1 1 6 5 0 0 1 
1 1 0 1 0 1 2 8 4 2 1 1 
1 0 0 0 0 0 2 5 8 2 0 0 
0 0 0 0 0 0 3 7 7 0 0 0 
1 0 1 0 0 1 3 4 0 0 1 0 
2 0 0 0 0 0 2 6 2 2 0 0 
0 1 0 0 1 1 2 2 5 1 0 0 
1 1 1 0 1 0 0 3 8 1 1 0 
0 0 0 0 0 0 3 8 8 0 0 0 
1 0 0 0 0 0 2 8 2 2 0 0 
2 0 1 1 1 1 2 0 5 0 1 0 
2 0 0 0 0 0 2 2 8 2 0 0 
1 0 0 0 0 0 3 4 5 0 0 0 
0 0 1 1 0 0 3 2 9 0 0 0 
0 0 0 0 0 0 3 7 6 0 0 0 
2 0 0 0 1 1 3 1 3 2 1 0 
2 0 0 0 0 0 1 5 0 0 0 0 
0 0 0 1 0 1 3 3 8 0 0 1 
0 1 0 1 0 1 1 0 2 1 1 0 
0 1 1 1 0 0 2 7 1 1 0 0 
0 0 0 0 0 0 0 9 0 0 0 0 
1 1 1 1 0 0 0 1 3 0 0 1 
1 0 0 0 0 0 1 9 9 2 0 0 
0 1 1 1 1 1 0 8 7 0 0 0 
2 1 0 1 0 0 1 5 8 0 1 1 
2 0 0 0 1 1 2 1 8 0 0 1 
2 1 1 0 0 0 3 6 8 1 0 1 
0 1 0 1 1 0 0 7 4 0 0 1 
1 0 0 0 0 0 2 7 0 2 0 0 
1 0 0 0 0 1 2 2 3 0 1 1 
2 1 0 1 1 0 0 3 0 2 1 1 
0 0 0 0 0 0 0 0 6 0 0 0 
1 1 0 1 0 0 2 2 2 2 1 1 
1 1 1 0 0 1 2 3 2 1 1 0 
2 0 0 0 1 1 0 1 4 0 1 1 
0 0 0 0 0 0 0 1 7 0 0 0 
0 0 0 0 0 0 3 6 5 0 0 0 
2 0 0 0 0 1 2 2 1 1 0 0 
2 0 0 0 0 0 1 4 0 1 0 0 
1 1 0 0 0 0 0 4 2 1 0 0 
0 0 0 0 0 0 0 3 4 0 0 0 
2 0 0 0 0 0 0 8 3 1 0 0 
1 0 0 0 0 0 3 7 4 1 0 0 
1 0 0 0 0 1 1 3 1 0 1 0 
0 0 0 0 0 0 3 7 8 0 0 0 
0 0 0 0 0 0 3 0 3 0 0 0 
2 0 0 0 0 0 1 9 8 2 0 0 
0 0 0 0 0 0 0 4 0 0 0 0 
0 0 0 0 0 0 1 7 2 0 0 0 
0 1 0 0 0 1 3 8 9 0 0 1 
1 0 0 0 0 0 2 2 4 0 0 0 
0 0 0 0 0 0 2 1 7 0 0 0 
0 0 0 0 0 0 1 2 7 2 0 0 
0 0 1 1 0 0 2 4 7 0 1 0 
0 0 0 0 0 0 1 6 1 1 0 0 
1 1 0 1 1 0 3 8 6 0 1 0 
0 0 0 1 0 0 2 9 6 0 1 1 
1 0 0 0 0 0 3 2 1 0 0 0 
2 1 1 1 1 0 1 2 6 0 1 1 
0 1 1 1 1 0 2 9 2 1 1 1 
0 0 1 1 1 0 0 1 6 1 0 1 
0 0 0 0 0 0 2 8 6 0 0 0 
0 0 0 0 0 0 2 4 0 0 0 0 
2 0 1 0 0 1 2 7 4 2 1 0 
2 0 0 0 0 0 2 3 8 2 0 0 
2 0 0 0 0 0 2 7 8 1 0 0 
0 0 1 0 1 0 2 8 3 2 0 0 
0 0 1 0 0 0 3 5 3 0 1 1 
2 0 0 0 0 0 0 0 2 0 0 0 
1 0 0 0 0 0 2 9 4 2 0 0 
0 0 1 1 1 1 1 1 1 1 1 1 
0 1 1 0 1 1 0 7 0 1 1 0 
0 0 0 0 0 0 0 2 3 2 0 0 
0 0 1 0 1 1 0 5 8 1 0 0 
1 1 0 1 0 0 1 3 7 0 0 1 
2 0 0 0 0 0 2 3 7 2 0 0 
1 0 0 0 0 0 3 5 6 1 0 0 
2 1 0 1 1 0 3 1 7 1 1 1 
0 0 0 0 0 0 1 4 8 0 0 0 
2 1 0 0 0 1 2 6 0 1 1 0 
2 0 0 0 0 0 2 0 3 1 1 1 
2 0 1 0 1 1 1 3 4 1 1 1 
0 0 1 1 1 1 0 4 8 0 0 0 
0 0 0 0 0 0 0 1 0 0 0 0 
0 1 1 1 0 0 2 0 8 1 0 0 
0 0 0 0 0 0 3 0 2 0 0 0 
1 0 1 1 0 1 0 6 9 0 1 0 
0 0 0 0 0 0 1 1 5 0 0 0 
2 1 0 1 1 0 1 4 1 1 1 1 
0 1 0 1 0 0 2 3 4 0 0 0 
0 1 1 1 0 0 0 1 8 1 1 0 
0 0 0 0 0 0 0 2 2 1 0 0 
1 0 0 0 0 0 3 3 4 2 0 0 
2 0 0 0 0 0 2 5 9 1 0 0 
0 0 0 1 0 1 0 4 4 2 0 1 
2 0 0 0 0 0 2 1 5 2 0 0 
2 0 1 0 0 0 3 9 0 0 1 1 
0 0 1 0 0 1 3 4 1 2 0 0 
2 0 0 0 0 0 0 7 3 2 0 0 
1 0 0 0 0 0 0 4 1 0 0 0 
2 0 0 0 0 0 1 8 7 1 1 1 
0 0 0 0 0 0 0 1 1 2 0 0 
0 0 0 0 0 0 1 9 1 0 0 0 
1 0 0 0 0 0 3 6 6 0 0 0 
1 0 0 0 0 0 3 4 3 0 0 0 
2 1 0 1 1 0 0 9 4 1 0 1 
0 0 0 0 0 0 0 5 4 2 0 0 
1 1 1 1 1 1 3 7 3 1 0 1 
1 0 1 1 1 1 3 1 5 1 0 1 
0 0 1 1 0 1 1 5 6 0 1 0 
1 0 0 0 0 0 3 1 9 0 0 0 
1 1 1 1 1 0 0 0 4 1 1 0 
0 0 1 0 1 0 3 8 4 1 0 0 
1 1 0 0 1 1 0 5 0 0 0 0 
0 1 0 0 0 1 3 9 1 1 0 0 
1 1 1 0 1 1 1 2 8 0 0 0 
1 0 0 0 0 0 2 0 6 2 0 0 
2 1 0 1 0 1 1 0 1 2 0 0 
1 0 0 0 0 0 1 1 2 1 0 0 
0 1 0 0 1 0 1 6 9 2 0 1 
0 0 1 1 1 0 2 6 0 0 0 1 
0 0 0 0 0 0 0 5 3 0 0 0 
2 1 0 1 0 0 3 9 9 0 0 0 
0 0 0 1 0 0 2 9 8 0 0 0 
0 0 0 0 0 0 3 5 7 0 0 0 
0 0 0 1 1 0 1 3 6 1 1 0 
1 1 1 0 0 0 1 7 5 1 0 1 
0 0 0 0 0 0 3 0 1 0 0 0 
1 1 0 0 1 0 1 1 0 2 1 1 
1 0 0 0 0 0 1 4 6 2 0 0 
2 0 0 1 1 0 2 1 2 0 0 1 
0 0 0 0 0 0 1 7 0 0 0 0 
2 0 0 0 0 0 2 3 5 1 0 0 
1 0 0 0 0 0 1 6 7 1 0 0 
0 0 0 0 0 0 2 4 1 0 0 0 
2 0 0 0 1 0 3 7 1 1 1 1 
1 0 1 0 0 1 3 1 7 2 0 0 
2 1 1 1 0 0 0 2 5 2 1 1 
1 0 0 1 1 0 3 0 9 2 1 0 
0 0 0 1 1 1 0 7 5 0 1 0 
0 1 1 0 0 0 0 5 1 1 1 1 
0 0 0 0 0 0 3 1 2 0 0 0 
2 0 0 0 0 0 2 6 9 1 0 0 
1 0 0 0 0 0 1 6 8 2 0 0 
0 0 0 0 0 0 1 7 1 2 0 0 
2 0 0 0 0 0 2 3 6 2 0 0 
0 0 0 0 0 0 1 8 1 0 0 0 
0 0 0 0 0 0 3 2 3 0 0 0 
1 0 0 0 0 0 2 7 2 1 0 0 
0 1 0 1 0 1 1 3 9 1 0 0 
1 1 1 0 0 1 0 3 6 0 0 1 
0 1 1 1 1 1 1 4 5 2 0 0 
0 0 0 0 0 0 1 4 7 0 0 0 
2 0 0 1 1 1 1 1 9 2 1 1 
MFS
precise
0.0
recall
0.0
F-measure
0.0
multi
0
time
all 2336 iden 0 gen 2323
t-cover
9158
all-cover
9158
(1 : 1687)  (2 : 779)  (3 : 1346)  (4 : 761)  (5 : 575)  (6 : 534)  (7 : 552)  (8 : 463)  (9 : 289)  (10 : 115)  (11 : 60)  (12 : 94)  (13 : 75)  (14 : 98)  (15 : 115)  (16 : 136)  (17 : 111)  (18 : 107)  (19 : 82)  (20 : 52)  (21 : 59)  (22 : 72)  (23 : 74)  (24 : 100)  (25 : 106)  (26 : 95)  (27 : 96)  (28 : 82)  (29 : 53)  (30 : 31)  (31 : 21)  (32 : 20)  (33 : 11)  (34 : 5)  (35 : 5)  (36 : 8)  (37 : 3)  (38 : 2)  (39 : 5)  (40 : 1)  (41 : 2)  (42 : 2)  (44 : 2)  (45 : 1)  (46 : 3)  (47 : 4)  (48 : 1)  (49 : 8)  (50 : 7)  (51 : 16)  (52 : 11)  (53 : 11)  (54 : 5)  (55 : 5)  (56 : 5)  (57 : 4)  (58 : 4)  (59 : 8)  (60 : 5)  (61 : 9)  (62 : 8)  (63 : 7)  (64 : 5)  (65 : 7)  (66 : 7)  (67 : 2)  (68 : 4)  (69 : 1)  (70 : 7)  (71 : 8)  (72 : 7)  (73 : 7)  (74 : 6)  (75 : 2)  (76 : 3)  (110 : 1)  (111 : 1)  (113 : 1)  (114 : 1)  (115 : 1)  (116 : 1)  (117 : 1)  (139 : 3)  (140 : 1)  (141 : 3)  (142 : 4)  (143 : 3)  (144 : 5)  (145 : 7)  (146 : 4)  (147 : 1)  (148 : 5)  (149 : 3)  (151 : 1)  (152 : 1)  (154 : 1)  (225 : 2)  (226 : 1)  (227 : 2)  (228 : 2)  (230 : 4)  (231 : 1)  (232 : 3)  (233 : 4)  (234 : 3)  (235 : 3)  (236 : 1)  (237 : 3)  (238 : 1)  (239 : 1)  (240 : 2)  (241 : 1)  (243 : 1)  
testCase Num: 423
regaular Num: 423
identify Num: 0
0 1 0 1 1 1 3 2 4 1 0 0 
0 0 0 0 0 0 3 8 2 1 0 0 
1 0 0 0 0 0 2 4 0 2 0 0 
2 1 0 0 0 1 0 4 9 0 1 1 
2 0 0 0 0 0 2 8 0 0 0 0 
1 1 1 0 0 0 1 5 2 2 0 0 
2 0 1 0 1 0 2 7 5 1 1 1 
2 0 0 0 0 0 2 5 8 2 0 0 
0 0 0 1 0 0 2 5 9 1 0 1 
1 0 1 0 0 1 2 1 7 0 1 1 
1 0 0 0 0 0 0 4 4 1 0 0 
0 0 0 0 0 0 1 6 3 0 0 0 
0 1 0 1 0 1 0 7 5 0 0 0 
0 0 0 0 0 0 0 6 0 0 0 0 
0 0 0 1 1 1 3 5 2 0 1 1 
0 0 0 0 0 0 3 8 1 0 0 0 
1 1 1 1 0 1 1 8 3 1 1 0 
0 1 0 1 1 0 0 8 0 1 0 1 
1 1 0 1 1 1 0 6 7 0 0 0 
0 1 0 0 0 1 2 9 0 1 1 0 
2 0 0 0 0 0 2 6 9 2 0 0 
0 0 0 0 0 0 3 0 0 0 0 0 
0 0 0 0 0 0 1 1 7 0 0 0 
0 0 0 0 0 0 3 4 6 0 0 0 
0 0 0 0 0 0 3 2 5 2 0 0 
0 0 1 1 1 0 3 9 1 0 1 0 
0 0 0 0 0 0 1 2 8 0 0 0 
2 0 0 0 0 1 1 1 2 1 0 1 
1 1 0 1 1 0 0 8 6 0 0 0 
0 0 0 0 0 0 0 3 6 0 0 0 
0 1 0 1 1 0 0 5 6 0 0 0 
0 1 0 0 1 1 2 7 4 1 1 0 
2 0 0 0 0 0 0 2 7 1 0 0 
0 0 0 0 0 0 1 5 1 0 0 0 
0 0 0 0 0 0 2 6 7 0 0 0 
2 0 0 0 1 0 1 3 8 0 0 0 
0 0 0 0 0 0 1 0 6 0 0 0 
0 0 0 0 0 0 3 4 7 0 0 0 
2 1 0 1 1 1 3 0 3 2 0 0 
0 0 0 0 0 0 2 1 9 0 0 0 
0 0 0 0 0 0 1 4 2 2 0 0 
2 0 0 0 0 0 1 4 3 0 0 0 
0 0 0 0 0 0 1 2 9 0 0 0 
2 0 0 0 0 0 1 6 6 2 0 0 
0 0 0 0 0 0 3 5 8 0 0 0 
0 0 0 0 0 0 3 1 2 2 0 0 
1 1 1 0 1 0 2 5 1 1 1 1 
1 0 0 0 0 0 2 8 5 2 0 0 
2 1 1 1 0 0 3 6 8 0 0 0 
0 0 0 0 0 0 0 8 3 0 0 0 
0 1 1 1 0 1 0 3 8 2 1 1 
0 1 1 1 0 1 0 9 6 1 1 0 
0 0 0 0 0 0 0 0 2 0 0 0 
1 0 0 0 1 0 2 9 4 2 1 1 
0 1 1 1 1 0 2 4 7 0 1 0 
1 0 0 0 0 0 3 0 7 0 0 0 
0 0 0 0 0 0 3 6 9 0 0 0 
2 0 0 0 1 0 3 4 5 1 0 1 
1 0 0 1 0 1 0 2 8 0 1 1 
1 1 0 0 1 0 1 1 6 0 1 1 
0 0 0 0 0 0 2 5 6 0 0 0 
0 1 1 0 1 0 0 2 8 1 0 0 
2 0 1 1 1 0 0 2 5 0 1 0 
0 0 0 0 0 0 1 4 1 1 0 0 
1 0 0 0 0 0 0 4 5 2 0 0 
1 1 0 0 0 0 2 1 0 1 0 1 
1 1 0 1 0 0 3 8 7 0 1 0 
1 0 1 0 0 1 3 5 7 1 1 0 
0 0 0 0 0 0 3 5 9 0 0 0 
0 1 0 1 1 0 1 5 7 0 0 1 
2 0 0 1 1 0 1 0 9 0 0 0 
1 0 0 0 0 0 3 6 4 1 0 0 
0 0 1 1 1 0 1 4 0 0 0 0 
1 1 0 1 1 0 0 9 8 0 0 0 
0 0 0 0 0 0 3 9 4 0 0 0 
0 0 0 0 0 0 1 0 4 0 0 0 
1 0 0 0 0 0 3 2 9 1 0 0 
2 0 1 1 0 1 1 1 6 2 0 0 
2 0 1 0 0 1 0 6 3 1 1 0 
1 1 1 0 0 1 0 3 9 0 0 0 
0 0 0 0 0 0 3 1 0 0 0 0 
2 0 0 0 0 0 3 2 6 0 0 0 
1 0 1 1 1 1 1 6 1 2 1 0 
2 0 1 0 1 1 1 2 1 1 0 1 
2 1 0 0 0 1 1 4 0 1 1 1 
2 0 0 0 0 0 0 6 1 0 0 0 
0 0 1 0 0 0 3 6 7 2 1 1 
2 0 0 0 0 0 1 7 9 1 0 0 
2 0 0 0 0 0 3 0 5 2 0 0 
2 1 1 0 0 0 1 8 1 2 0 0 
0 0 0 0 0 0 2 3 3 0 0 0 
0 0 0 0 0 0 2 5 4 0 0 0 
1 1 0 0 0 1 1 2 5 1 0 1 
2 0 0 0 0 0 0 5 2 1 0 0 
0 0 0 0 0 0 3 0 9 0 0 0 
0 0 0 0 0 0 2 2 1 0 0 0 
2 0 1 0 1 1 0 5 0 1 0 0 
0 0 0 0 0 0 0 0 0 0 0 0 
0 0 0 0 0 0 3 4 9 1 0 0 
0 0 1 0 0 1 2 2 2 0 0 1 
0 0 0 0 1 1 0 9 9 1 0 0 
2 0 0 0 0 0 0 7 4 2 0 0 
0 0 0 0 0 0 1 8 4 0 0 0 
0 0 1 1 1 1 3 2 7 0 0 1 
1 0 0 0 0 0 0 2 1 2 0 0 
1 0 0 0 0 0 1 5 9 2 0 0 
2 0 0 0 0 0 1 8 9 0 0 0 
1 0 1 0 1 1 0 8 2 2 0 0 
0 0 0 0 0 0 0 6 2 0 0 0 
0 0 0 0 0 0 3 3 7 0 0 0 
0 0 0 0 0 0 1 5 0 0 0 0 
0 1 1 1 1 0 0 4 3 1 0 1 
0 0 0 1 1 0 3 7 2 2 0 1 
2 0 0 0 0 0 1 6 7 1 0 0 
1 0 0 1 1 0 3 0 6 1 1 1 
0 0 0 0 0 0 1 2 0 0 0 0 
0 0 0 0 0 0 2 2 3 0 0 0 
1 0 0 1 0 1 0 3 7 0 1 1 
0 0 0 0 0 0 3 6 1 0 0 0 
0 1 0 1 0 1 2 7 3 1 0 0 
0 0 0 0 0 0 0 0 5 0 0 0 
0 0 0 0 0 0 2 8 1 0 0 0 
0 0 0 0 1 1 2 5 5 2 0 0 
1 0 0 1 1 1 0 2 3 0 0 1 
2 1 0 1 1 0 1 7 0 1 0 1 
1 1 1 1 0 1 0 4 1 0 1 0 
0 0 0 0 0 0 1 0 8 0 0 0 
0 0 1 1 0 1 1 9 5 0 0 1 
2 0 1 1 1 1 3 8 4 1 1 0 
1 0 0 0 0 0 2 1 2 0 0 0 
1 0 0 0 0 0 3 5 0 0 0 0 
2 0 1 0 0 1 1 0 7 1 1 1 
2 1 1 0 0 1 2 2 9 2 0 0 
0 0 0 0 0 1 3 0 8 1 1 0 
0 0 0 0 0 0 3 9 5 0 0 0 
0 0 0 0 0 0 1 5 5 0 0 0 
0 0 0 0 0 0 0 9 3 1 0 0 
2 0 0 0 0 0 2 3 2 1 0 0 
1 1 0 0 0 0 2 6 5 1 1 0 
1 0 1 1 1 0 1 4 9 2 0 0 
0 0 1 1 1 1 2 6 6 0 1 0 
2 0 0 0 0 0 1 2 3 1 0 0 
2 1 0 0 0 1 1 9 1 1 0 0 
2 0 0 0 0 0 2 9 5 1 0 0 
1 1 0 1 0 0 3 2 0 2 1 1 
0 0 0 0 0 0 3 3 8 0 0 0 
0 0 0 0 0 0 2 8 3 2 0 0 
0 1 0 1 0 1 1 8 8 2 1 0 
2 1 0 0 1 0 2 1 7 2 0 0 
0 0 1 1 1 1 0 1 0 2 1 0 
0 0 0 0 0 0 2 1 1 0 0 0 
0 0 0 0 0 0 0 1 6 0 0 0 
1 1 1 1 0 0 0 7 6 0 0 0 
1 1 1 0 1 1 0 9 7 0 1 1 
0 0 0 0 0 0 2 9 3 0 0 0 
0 0 0 0 0 0 3 8 3 0 0 0 
0 0 0 1 1 1 0 0 4 0 1 1 
0 1 1 0 0 0 0 7 7 0 0 1 
1 0 0 0 0 1 0 4 7 2 0 1 
0 0 0 0 0 0 2 4 5 0 0 0 
1 0 0 0 1 0 3 1 5 2 0 1 
1 0 1 1 1 0 1 9 0 1 0 1 
0 1 0 0 1 1 1 7 6 2 1 0 
1 1 1 0 0 1 3 8 9 2 1 1 
0 1 1 1 0 0 0 4 8 0 1 1 
1 0 0 0 1 1 3 4 8 2 0 0 
1 0 0 0 0 0 1 7 5 2 0 0 
2 0 0 0 0 0 1 1 5 1 0 0 
0 0 0 0 0 0 1 1 8 0 0 0 
2 0 0 0 0 0 0 3 3 2 0 0 
0 0 1 0 0 1 2 4 2 1 0 0 
2 0 0 0 0 0 1 3 6 2 0 0 
0 0 0 0 0 0 3 9 7 0 0 0 
2 0 0 0 0 0 0 0 8 0 0 0 
0 0 0 0 0 0 1 3 0 0 0 0 
0 0 0 0 0 0 2 3 6 0 0 0 
2 1 1 0 0 1 0 0 6 1 0 1 
2 0 1 0 0 0 2 6 0 2 0 1 
0 0 0 0 0 0 3 1 6 0 0 0 
2 0 1 0 1 0 2 4 4 0 1 0 
1 1 1 1 1 0 2 0 8 2 0 1 
2 0 0 0 0 0 1 4 7 1 0 0 
0 0 0 0 0 0 3 8 5 0 0 0 
1 0 1 1 1 1 1 1 1 0 1 1 
2 0 0 1 0 1 0 7 8 1 1 1 
0 0 0 0 0 0 3 3 9 0 0 0 
1 0 1 1 0 0 1 5 8 0 1 1 
1 0 0 0 0 1 2 4 3 2 1 0 
0 0 0 0 0 0 1 7 7 2 0 0 
2 0 1 0 0 0 2 0 3 0 1 1 
0 0 0 0 0 0 0 7 0 0 0 0 
0 0 0 0 0 0 3 7 4 0 0 0 
1 0 0 0 0 0 1 7 3 2 0 0 
0 0 0 0 0 0 2 9 2 2 0 0 
0 0 0 0 0 0 0 1 5 0 0 0 
0 0 0 0 0 0 2 7 9 0 0 0 
1 1 1 1 0 1 3 0 2 0 1 0 
0 0 0 0 0 0 3 6 3 2 0 0 
2 1 0 1 0 0 0 4 6 2 1 0 
2 0 0 0 0 0 2 5 3 2 0 0 
0 0 0 0 0 0 3 4 0 0 0 0 
2 1 1 0 1 1 0 5 9 0 1 0 
1 0 0 0 0 0 2 7 8 2 0 0 
2 0 0 0 0 0 0 2 0 1 0 0 
0 0 0 0 0 0 3 9 6 0 0 0 
0 1 0 0 1 0 1 3 1 2 0 1 
0 0 1 0 0 1 3 8 0 0 0 0 
0 1 0 0 1 1 0 5 8 1 0 0 
0 0 0 0 0 0 3 2 8 0 0 0 
0 0 0 0 0 0 2 5 7 0 0 0 
0 0 0 0 0 0 2 7 0 2 0 0 
0 1 0 1 0 1 3 4 4 2 0 1 
1 0 0 1 1 1 2 7 7 1 1 0 
1 1 0 1 1 1 3 6 0 1 1 0 
2 1 1 1 0 1 0 8 5 0 1 1 
1 1 0 0 1 1 3 9 2 1 0 0 
0 0 0 1 0 1 0 5 1 2 0 0 
0 1 1 1 1 0 0 1 2 1 1 0 
2 0 0 0 0 0 1 3 7 2 0 0 
0 0 1 0 1 1 0 8 7 1 0 1 
2 0 0 0 0 0 3 9 0 0 0 0 
0 0 0 0 0 0 3 5 1 0 0 0 
0 0 0 0 0 0 3 1 7 0 0 0 
0 0 0 0 1 0 1 8 5 1 0 0 
1 0 0 0 0 0 1 9 6 2 0 0 
1 1 1 1 0 0 0 5 5 0 1 1 
2 0 0 0 0 0 2 9 7 1 0 0 
2 0 0 0 0 0 2 5 1 0 0 0 
2 0 1 1 0 0 0 9 2 0 1 1 
0 0 0 1 0 0 1 9 7 2 0 0 
0 0 1 0 1 1 1 4 6 1 0 1 
0 0 0 1 1 0 2 3 9 2 1 1 
2 0 0 0 1 1 0 1 3 2 1 1 
0 0 0 0 0 0 0 5 4 0 0 0 
0 0 0 0 0 0 0 3 1 0 0 0 
0 0 1 0 0 1 2 8 6 1 1 1 
2 0 0 0 0 0 3 5 5 1 0 0 
2 0 0 0 0 0 0 5 7 2 0 0 
1 0 0 0 0 0 3 7 1 0 0 0 
0 0 1 0 1 0 2 3 4 2 0 1 
0 1 0 1 0 0 1 2 1 0 1 0 
1 1 0 1 1 0 2 6 3 0 0 1 
1 1 0 0 1 0 0 5 3 0 0 0 
0 0 0 0 0 0 2 3 7 0 0 0 
0 0 0 0 0 0 1 0 1 1 0 0 
2 1 1 0 1 0 0 7 1 2 0 1 
0 0 0 0 0 0 2 2 5 0 0 0 
0 1 1 0 0 0 3 2 3 2 1 0 
0 0 0 0 0 0 3 5 3 0 0 0 
0 0 0 0 0 0 1 3 5 0 0 0 
2 1 1 0 0 1 3 3 0 2 0 1 
0 1 1 0 0 0 3 1 1 1 1 0 
0 1 0 0 0 1 1 6 9 0 0 0 
1 0 0 0 0 0 2 6 8 2 0 0 
0 0 0 0 0 0 0 9 0 2 0 0 
2 0 0 0 0 0 0 1 1 2 0 0 
1 0 0 0 0 0 2 9 1 2 0 1 
0 1 1 0 0 1 1 0 9 1 1 1 
0 1 1 0 0 0 1 6 2 0 1 1 
0 0 0 0 0 0 3 7 5 0 0 0 
2 1 0 1 0 0 2 5 0 0 1 1 
0 1 0 0 0 0 0 8 4 0 0 1 
2 0 0 1 0 1 2 7 1 0 1 0 
0 0 0 0 0 0 2 1 4 0 0 0 
0 0 0 0 0 0 3 3 0 0 0 0 
0 0 0 0 0 0 3 8 6 0 0 0 
0 1 1 1 0 1 2 1 5 0 1 0 
2 0 0 0 0 0 2 9 9 2 0 0 
0 0 0 0 0 0 2 2 7 0 0 0 
0 1 0 1 0 1 2 1 8 0 1 0 
1 0 0 0 0 0 2 0 9 2 0 0 
0 0 0 0 0 0 2 0 4 0 0 0 
0 0 0 1 0 0 2 1 7 1 0 0 
1 0 0 0 0 0 0 1 4 1 0 0 
2 0 1 0 0 1 3 5 6 2 1 1 
1 1 0 1 0 1 1 3 4 1 1 0 
1 0 0 0 1 0 2 8 9 0 0 0 
0 0 0 0 0 0 0 1 8 0 0 0 
1 1 0 0 0 0 0 6 6 1 0 1 
2 0 0 0 1 0 2 9 6 0 0 1 
0 0 0 1 1 1 1 6 2 1 0 0 
0 0 1 0 1 0 0 7 3 0 1 1 
0 0 0 0 0 0 1 9 4 0 0 0 
2 0 0 0 0 0 3 7 6 1 0 1 
0 0 0 0 0 0 3 0 4 0 0 0 
2 0 0 0 0 0 2 8 8 1 0 0 
2 0 0 0 1 0 3 4 1 0 0 1 
0 0 0 0 0 0 0 9 1 0 0 0 
0 0 0 0 0 0 3 8 8 0 0 0 
2 1 0 1 1 0 0 0 7 0 0 0 
0 0 0 0 0 0 1 4 5 0 0 0 
0 0 1 1 0 1 1 5 3 1 1 1 
0 0 0 0 0 0 2 5 0 2 0 0 
0 0 0 0 0 0 2 0 6 2 0 0 
2 0 0 0 0 0 3 7 7 1 0 0 
2 0 0 0 0 0 2 2 8 2 0 0 
1 1 0 0 0 0 1 2 7 2 1 0 
1 0 0 1 1 1 0 8 1 1 1 1 
0 0 0 0 0 0 3 9 9 0 0 0 
1 1 0 1 1 0 2 4 2 1 1 1 
2 0 0 0 0 0 3 4 2 0 0 0 
0 0 0 0 0 0 3 4 3 0 0 0 
0 0 0 0 0 0 0 6 8 0 0 0 
0 0 0 0 0 0 2 7 2 1 0 0 
2 0 0 0 0 0 0 3 4 0 0 0 
0 0 0 0 0 0 1 4 4 0 0 0 
2 0 0 0 0 0 1 3 9 1 0 0 
0 0 0 0 1 1 0 6 5 0 0 1 
1 1 0 1 0 0 3 9 3 0 0 1 
0 0 0 0 0 0 2 4 9 0 0 0 
2 0 0 0 0 0 1 7 2 0 0 0 
1 0 0 0 0 0 2 4 6 0 0 0 
2 1 0 1 1 0 0 6 4 2 0 0 
0 0 0 0 0 0 2 1 6 1 0 0 
1 0 0 0 0 0 0 0 3 0 0 0 
0 0 0 0 0 0 0 1 7 0 0 0 
0 0 0 0 0 0 3 6 5 0 0 0 
2 1 0 1 1 0 2 2 2 1 1 0 
1 0 1 0 1 0 2 1 8 1 0 1 
0 0 0 0 0 0 2 9 8 0 0 0 
0 0 0 0 0 0 2 5 2 0 0 0 
0 0 0 0 0 0 3 3 2 0 0 0 
1 0 1 1 0 0 1 7 4 0 0 1 
0 0 0 0 0 0 3 7 8 0 0 0 
0 0 0 0 0 0 0 4 0 0 0 0 
0 1 1 0 1 1 2 0 1 2 1 0 
1 0 0 0 0 0 1 8 0 2 1 0 
1 0 0 0 0 0 2 2 4 0 0 0 
1 0 0 0 1 0 3 5 4 1 0 1 
1 0 0 0 0 0 1 2 2 2 0 0 
0 1 1 0 1 0 1 7 8 0 0 0 
2 0 1 1 0 1 2 3 1 1 1 0 
0 0 0 0 0 0 2 0 5 0 0 0 
1 0 1 0 0 1 0 7 9 2 1 1 
2 0 0 0 0 0 1 1 0 0 0 0 
2 0 0 0 0 0 0 0 1 0 0 1 
2 0 1 1 0 0 1 6 5 2 0 0 
0 0 0 0 0 0 0 2 2 0 0 0 
2 0 0 0 0 0 0 9 4 1 0 0 
0 0 0 0 0 0 3 2 1 0 0 0 
1 0 1 0 0 1 1 0 5 0 1 1 
0 0 0 0 1 1 1 6 8 1 1 1 
0 0 0 0 0 0 1 2 6 1 0 0 
1 0 0 1 0 1 0 3 2 0 0 1 
2 1 0 1 1 1 1 0 0 2 1 0 
0 1 0 1 1 0 3 7 9 0 0 0 
1 1 1 1 0 0 2 2 6 2 0 1 
1 0 1 0 0 0 2 0 0 1 0 1 
0 0 0 1 1 0 0 2 9 0 1 1 
0 1 0 1 1 0 1 0 5 1 0 0 
0 0 0 0 0 0 2 6 4 0 0 0 
0 0 0 0 0 0 2 4 1 2 0 0 
0 0 0 0 0 0 1 4 8 0 0 0 
0 0 0 0 0 0 3 6 6 0 0 0 
0 1 0 1 0 0 3 3 6 1 0 0 
2 0 0 0 1 0 1 8 3 0 0 1 
0 0 0 0 1 1 3 3 3 0 1 0 
0 0 0 0 0 0 2 7 6 0 0 0 
2 0 1 0 0 0 0 2 4 2 1 1 
2 0 0 0 0 0 2 4 8 1 0 0 
0 0 0 0 0 0 2 0 7 2 0 0 
0 0 0 0 0 0 2 8 7 0 0 0 
0 1 1 1 0 1 2 9 4 0 0 0 
1 1 1 1 0 0 2 1 3 0 0 0 
2 0 0 1 1 1 0 3 5 1 1 1 
1 0 1 0 0 1 3 7 0 0 1 0 
1 0 1 0 1 1 2 2 0 2 0 0 
1 0 1 0 1 0 0 8 8 0 0 1 
2 0 0 0 0 0 1 8 6 2 0 0 
0 1 1 1 0 1 3 4 5 0 1 0 
0 0 0 0 0 0 1 6 0 0 0 0 
0 1 1 0 1 0 1 3 2 2 1 0 
0 0 0 0 0 0 0 0 9 0 0 0 
1 1 0 0 0 0 0 1 9 0 0 1 
1 0 1 0 1 1 3 3 6 0 1 1 
2 0 0 0 0 0 3 7 3 0 0 0 
0 1 1 1 0 1 3 5 4 0 1 0 
0 0 0 0 0 0 3 2 2 0 0 0 
0 1 1 0 1 0 0 3 7 1 0 0 
0 0 0 0 1 0 1 0 2 1 0 0 
1 1 1 1 0 0 1 3 3 1 0 1 
2 0 1 0 1 1 1 9 3 2 1 0 
1 1 1 0 0 0 2 3 5 0 0 0 
1 1 1 0 0 1 0 7 2 2 1 0 
2 1 0 1 0 0 2 8 2 0 1 1 
0 0 0 0 0 0 1 8 2 0 0 0 
1 0 0 0 0 0 2 6 2 2 0 0 
0 0 0 0 0 0 3 3 5 2 0 0 
2 0 0 0 0 0 2 0 2 2 0 1 
1 1 0 0 0 0 2 6 1 1 0 1 
0 0 0 0 0 0 1 1 3 0 0 0 
0 0 0 1 0 0 0 8 9 1 0 0 
0 0 1 0 0 1 1 6 4 0 1 1 
0 0 0 0 0 0 1 7 1 1 0 0 
1 0 0 1 1 0 0 3 0 2 1 0 
1 0 0 0 1 1 0 2 6 0 1 0 
0 0 0 0 0 0 1 2 4 0 0 0 
0 0 0 0 0 0 3 3 4 0 0 0 
0 0 1 0 0 1 3 9 8 2 1 1 
1 0 0 0 0 0 2 3 8 1 0 0 
0 0 0 0 0 0 3 1 3 1 0 0 
0 0 0 0 0 0 0 4 2 0 0 0 
2 0 0 0 0 0 0 0 4 1 0 0 
1 1 0 0 1 0 0 9 5 2 1 0 
2 0 1 1 0 1 3 1 4 0 1 0 
2 0 0 0 0 0 1 5 4 2 0 0 
0 0 1 0 1 0 1 1 9 2 1 0 
1 0 1 1 1 0 0 6 9 1 1 1 
2 0 0 0 0 0 1 8 7 2 0 0 
0 0 0 0 0 0 1 9 2 0 0 0 
0 1 0 0 1 0 1 1 4 2 0 1 
2 0 0 1 0 1 3 1 9 1 0 0 
1 1 1 0 0 1 0 0 4 2 0 0 
0 0 0 0 0 0 2 3 0 1 0 0 
1 0 0 0 0 1 3 3 1 0 0 0 
1 1 1 1 0 0 1 9 9 0 1 1 
2 0 0 0 0 0 3 1 8 2 0 0 
2 0 0 0 0 0 1 9 8 1 0 0 
2 0 0 0 0 0 3 6 2 0 0 0 
1 0 0 1 0 0 3 0 1 2 0 0 
0 0 0 0 0 0 1 0 3 1 0 0 
1 0 0 0 0 0 2 8 4 2 0 0 
1 0 0 0 0 0 1 5 6 1 0 0 
MFS
precise
0.0
recall
0.0
F-measure
0.0
multi
0
time
all 2430 iden 0 gen 2417
t-cover
9158
all-cover
9158
(256 : 1)  (1 : 1717)  (2 : 771)  (3 : 1253)  (4 : 780)  (5 : 580)  (6 : 516)  (7 : 526)  (8 : 494)  (9 : 326)  (10 : 139)  (11 : 65)  (12 : 67)  (13 : 78)  (14 : 82)  (15 : 106)  (16 : 118)  (17 : 122)  (18 : 129)  (19 : 84)  (20 : 74)  (21 : 68)  (22 : 48)  (23 : 48)  (24 : 69)  (25 : 80)  (26 : 122)  (27 : 97)  (28 : 99)  (29 : 71)  (30 : 47)  (31 : 24)  (32 : 17)  (33 : 14)  (34 : 12)  (35 : 3)  (36 : 5)  (37 : 9)  (38 : 6)  (39 : 3)  (40 : 3)  (41 : 5)  (42 : 3)  (43 : 2)  (44 : 9)  (45 : 4)  (46 : 1)  (47 : 5)  (48 : 4)  (49 : 7)  (50 : 3)  (51 : 5)  (52 : 4)  (53 : 7)  (54 : 10)  (55 : 6)  (56 : 4)  (57 : 5)  (58 : 7)  (59 : 3)  (60 : 3)  (61 : 9)  (62 : 9)  (63 : 3)  (64 : 7)  (65 : 5)  (66 : 6)  (67 : 5)  (68 : 8)  (69 : 6)  (70 : 6)  (71 : 12)  (72 : 5)  (73 : 7)  (74 : 6)  (75 : 3)  (76 : 2)  (77 : 4)  (78 : 2)  (121 : 1)  (123 : 1)  (124 : 2)  (125 : 1)  (126 : 1)  (127 : 1)  (145 : 1)  (146 : 1)  (147 : 1)  (148 : 2)  (149 : 5)  (150 : 4)  (151 : 2)  (152 : 7)  (153 : 3)  (154 : 1)  (155 : 3)  (156 : 3)  (157 : 3)  (158 : 2)  (159 : 1)  (161 : 1)  (162 : 1)  (163 : 1)  (231 : 1)  (232 : 1)  (233 : 2)  (234 : 1)  (235 : 1)  (236 : 2)  (237 : 4)  (238 : 4)  (239 : 1)  (240 : 1)  (241 : 4)  (242 : 5)  (244 : 2)  (246 : 1)  (248 : 3)  (249 : 1)  
