testCase Num: 62
regaular Num: 62
identify Num: 0
0 0 0 1 1 0 1 0 0 0 
0 0 0 3 0 1 0 0 1 2 
1 0 0 2 0 1 1 1 0 0 
0 0 1 3 1 0 0 0 1 1 
0 0 1 1 0 0 1 1 1 2 
1 1 0 2 0 1 0 1 1 0 
0 1 0 1 1 1 0 0 1 2 
0 0 0 2 0 0 0 1 1 0 
0 0 0 3 0 0 0 0 0 0 
0 1 1 1 1 1 1 1 0 1 
1 0 1 0 1 1 1 0 1 0 
0 0 0 3 0 0 0 0 0 2 
0 1 0 2 1 1 1 1 1 1 
1 1 1 2 0 0 0 1 0 1 
1 0 0 1 0 1 0 1 1 0 
0 1 1 3 1 1 0 1 1 0 
0 0 0 0 0 0 0 0 0 0 
0 0 1 2 1 0 0 0 1 1 
0 1 0 3 0 1 1 1 1 1 
0 1 0 2 0 1 1 0 0 1 
0 1 1 0 1 0 0 1 1 0 
0 0 0 1 0 0 0 1 1 0 
1 0 1 2 0 1 1 0 1 2 
0 0 0 3 1 0 1 1 1 2 
1 0 0 2 1 0 0 0 0 0 
0 0 1 2 0 0 0 0 0 0 
1 0 0 1 0 0 0 0 0 1 
0 0 0 3 0 0 0 0 1 0 
1 0 1 3 1 0 1 1 0 0 
1 0 1 0 0 0 0 0 0 1 
0 1 1 0 0 1 0 0 0 2 
0 1 0 2 0 0 0 0 0 2 
1 0 0 0 0 1 0 0 1 2 
0 1 1 3 0 0 0 0 1 2 
0 0 0 0 0 0 0 0 1 0 
0 0 0 0 0 0 1 0 0 2 
0 0 1 1 1 0 0 0 1 1 
1 1 1 2 1 1 1 1 1 2 
0 1 0 2 1 0 1 0 1 0 
0 1 0 1 0 0 1 1 1 1 
0 0 0 2 0 0 0 0 1 2 
0 0 1 2 0 0 0 0 1 0 
1 0 0 3 0 1 0 0 0 1 
1 0 0 0 0 0 0 0 1 0 
0 0 0 2 1 1 0 1 0 2 
1 1 0 1 0 0 1 0 0 2 
0 0 1 1 0 1 1 0 1 1 
0 1 1 3 0 0 1 0 1 0 
1 1 0 0 1 0 1 0 1 1 
0 0 1 3 1 1 1 0 0 2 
1 1 1 1 1 1 0 0 0 2 
0 1 1 0 1 0 1 1 0 0 
0 1 0 0 0 0 1 0 1 2 
0 0 0 1 1 1 1 1 1 0 
0 1 1 1 0 0 0 0 1 0 
1 1 0 0 1 1 1 0 0 0 
0 0 0 0 0 1 1 1 1 1 
1 1 0 3 1 0 0 1 1 2 
1 0 0 2 0 0 0 0 1 1 
0 1 0 3 0 0 1 1 0 1 
1 0 1 0 1 0 0 1 1 2 
1 1 1 0 0 1 0 1 1 1 
MFS
[ - , - , - , - , - , - , - , - , 0 , - ]
[ 1 , - , - , 3 , - , - , - , - , 1 , - ]
[ 1 , - , - , 1 , - , - , - , - , 1 , - ]
precise
0.3333333333333333
recall
0.3333333333333333
F-measure
0.3333333333333333
multi
5
time
all 300 iden 0 gen 269
t-cover
1392
all-cover
1424
coveredNum
(1 : 429)  (2 : 297)  (3 : 216)  (4 : 190)  (5 : 88)  (6 : 72)  (7 : 32)  (8 : 35)  (9 : 14)  (10 : 17)  (11 : 11)  (12 : 6)  (14 : 9)  (15 : 6)  (16 : 1)  (18 : 1)  
real Identify
([ - , - , - , - , - , - , - , - , 0 , - ] : 1)  
testCase Num: 62
regaular Num: 62
identify Num: 0
1 1 0 0 1 0 0 0 1 2 
1 1 1 0 1 0 1 1 0 2 
0 1 0 2 0 1 0 1 0 0 
0 1 1 3 1 0 0 1 1 2 
0 0 0 3 1 0 0 0 1 1 
0 0 0 1 1 1 0 1 1 0 
0 1 0 1 0 0 1 0 1 0 
1 0 1 3 0 1 1 1 1 0 
0 0 0 2 0 0 1 0 0 2 
0 1 1 2 0 0 0 0 1 2 
0 0 1 0 0 1 0 0 1 2 
1 0 1 1 0 0 1 0 0 2 
0 0 0 3 1 1 0 0 1 0 
0 1 1 0 0 1 0 1 1 0 
0 0 1 1 0 1 1 1 1 2 
0 0 1 3 0 0 0 0 0 0 
0 1 0 2 0 0 0 0 1 2 
0 0 0 0 0 0 0 0 0 0 
1 0 0 0 1 0 1 0 1 0 
0 1 0 3 0 1 1 1 1 1 
1 0 1 0 0 1 1 0 1 1 
0 0 0 0 1 1 1 1 0 1 
0 0 0 3 0 1 1 0 1 2 
1 1 0 3 1 1 0 0 0 0 
0 1 0 1 0 0 0 0 1 2 
0 0 1 0 1 0 0 0 1 1 
0 0 0 0 0 1 0 0 0 2 
1 1 0 2 0 1 0 0 0 1 
0 1 1 1 0 0 0 1 1 0 
0 1 1 1 1 1 1 0 1 1 
1 0 0 2 0 0 0 1 1 1 
1 0 1 2 1 1 0 1 0 2 
1 0 1 2 0 0 0 0 1 2 
1 1 1 2 0 0 1 0 0 0 
0 0 1 1 1 0 0 1 1 1 
0 1 0 1 0 1 1 1 0 2 
0 0 1 3 0 1 0 1 1 0 
1 1 0 3 0 0 1 1 1 1 
0 0 0 2 1 0 1 1 1 0 
1 1 1 2 1 1 1 1 1 2 
0 1 0 2 1 0 0 0 0 0 
0 0 0 1 0 0 0 0 0 1 
1 0 1 1 1 0 0 1 0 1 
0 0 0 1 1 1 0 0 1 2 
1 1 0 0 1 1 0 1 1 1 
0 0 0 3 1 1 1 0 0 1 
0 0 1 3 1 0 1 0 1 0 
1 1 1 1 1 1 0 0 0 0 
0 0 0 2 0 1 0 0 1 0 
1 0 0 1 1 0 0 1 1 0 
1 1 0 0 0 1 1 1 1 0 
1 1 1 2 1 1 0 0 1 0 
0 0 0 0 0 0 1 1 1 2 
0 0 0 1 0 0 0 0 1 1 
0 1 0 0 0 0 0 0 0 1 
0 0 1 3 1 0 0 1 0 1 
0 1 1 2 0 0 1 0 1 1 
0 0 0 2 1 1 0 0 1 1 
0 0 1 2 1 1 1 0 0 1 
0 0 1 3 0 0 0 0 1 1 
1 0 0 3 0 0 0 0 0 2 
0 1 0 3 0 0 0 0 1 0 
MFS
[ - , - , - , - , - , - , - , - , 0 , - ]
[ 1 , - , - , 3 , - , - , - , - , 1 , - ]
[ 1 , - , - , 1 , - , - , - , - , 1 , - ]
precise
0.3333333333333333
recall
0.3333333333333333
F-measure
0.3333333333333333
multi
5
time
all 367 iden 0 gen 350
t-cover
1392
all-cover
1424
coveredNum
(1 : 415)  (2 : 280)  (3 : 244)  (4 : 165)  (5 : 98)  (6 : 72)  (7 : 50)  (8 : 28)  (9 : 21)  (10 : 16)  (11 : 14)  (12 : 4)  (13 : 6)  (14 : 4)  (15 : 1)  (16 : 2)  (17 : 2)  (18 : 1)  (19 : 1)  
real Identify
([ - , - , - , - , - , - , - , - , 0 , - ] : 1)  
testCase Num: 72
regaular Num: 72
identify Num: 0
0 1 0 3 0 1 0 1 1 1 
0 0 0 2 1 0 0 0 0 2 
1 1 1 2 0 1 1 0 0 1 
0 0 0 3 1 0 0 0 1 1 
1 0 0 1 1 1 0 0 1 0 
1 0 0 1 0 0 0 1 1 1 
0 1 1 1 1 1 1 1 0 1 
1 1 1 3 0 1 1 0 1 2 
0 0 1 1 0 0 1 0 0 0 
1 0 1 2 0 0 0 0 0 0 
1 0 1 1 1 0 0 0 1 2 
0 1 0 0 0 0 1 0 1 0 
1 1 0 0 0 1 1 0 1 1 
0 1 0 3 0 1 0 1 0 0 
0 0 0 0 0 0 0 0 0 0 
1 0 0 3 1 1 0 1 0 2 
0 0 0 1 0 0 0 1 1 1 
0 0 1 1 0 0 0 0 1 2 
0 1 0 1 0 0 0 0 1 0 
1 0 0 0 0 0 0 0 1 2 
0 0 0 1 1 1 1 0 1 2 
1 0 1 0 1 1 1 1 0 0 
0 0 0 3 0 0 0 0 1 0 
1 1 0 3 1 0 0 0 1 1 
1 1 0 1 0 0 1 1 1 0 
0 0 0 3 0 0 0 0 1 2 
0 0 1 3 1 1 1 0 1 0 
0 0 0 1 0 0 1 0 1 0 
0 1 1 0 1 0 0 1 0 2 
1 1 0 2 1 1 1 1 1 2 
1 0 1 1 0 1 1 1 1 0 
0 1 0 3 1 1 1 0 1 2 
1 1 0 3 1 1 0 1 1 1 
1 1 1 2 1 1 1 1 1 1 
0 0 0 2 1 0 1 1 1 0 
1 1 0 1 0 1 1 0 1 1 
1 0 0 0 1 0 0 0 1 0 
0 0 0 1 1 0 0 0 1 0 
0 0 0 0 1 1 1 0 1 2 
1 0 1 2 0 1 0 1 1 2 
1 1 1 0 1 0 0 1 1 2 
1 0 0 3 0 1 1 0 1 0 
1 0 0 0 0 0 0 0 0 2 
1 1 0 2 0 1 0 0 1 0 
0 0 0 3 1 0 0 1 1 2 
0 0 0 0 0 1 0 1 1 1 
0 0 0 2 0 0 0 0 1 1 
0 0 1 1 1 1 1 1 1 0 
1 0 1 0 0 0 0 0 1 1 
1 0 0 1 1 1 1 1 1 2 
0 0 0 1 0 1 0 0 0 1 
0 1 0 2 0 0 1 0 0 2 
0 0 1 3 0 0 1 1 1 1 
0 0 0 2 0 1 0 0 1 1 
1 1 0 1 1 1 0 0 0 0 
1 0 0 3 0 0 1 0 0 0 
0 1 1 1 1 0 1 0 1 1 
1 0 1 0 1 0 1 1 1 0 
1 1 1 3 0 0 1 0 0 2 
0 0 0 1 0 0 1 1 0 2 
0 0 1 3 0 1 0 0 0 1 
1 0 0 2 1 0 0 1 0 1 
0 0 0 0 1 0 0 0 1 1 
0 0 1 0 0 1 0 0 1 0 
0 1 1 2 0 0 1 0 1 2 
0 0 0 0 1 0 0 0 0 1 
0 1 0 2 0 0 0 1 0 0 
0 1 1 2 1 1 0 0 1 0 
0 0 1 3 0 0 0 0 1 2 
0 0 0 1 0 1 0 0 1 1 
0 1 1 3 0 0 0 1 1 0 
0 1 0 1 0 1 0 1 1 2 
MFS
[ 1 , - , - , 1 , - , 0 , - , - , 1 , - ]
[ - , - , - , - , - , - , - , - , 0 , - ]
[ 1 , - , - , 3 , - , 0 , - , - , 1 , - ]
[ 1 , - , - , 2 , - , 0 , - , - , 1 , - ]
[ 1 , - , - , 3 , - , - , - , - , 1 , - ]
[ 1 , - , - , 1 , - , - , - , - , 1 , - ]
precise
0.16666666666666666
recall
0.3333333333333333
F-measure
0.2222222222222222
multi
4
time
all 360 iden 0 gen 328
t-cover
1391
all-cover
1424
coveredNum
(1 : 408)  (2 : 272)  (3 : 219)  (4 : 161)  (5 : 109)  (6 : 78)  (7 : 53)  (8 : 36)  (9 : 19)  (10 : 11)  (11 : 9)  (12 : 14)  (13 : 7)  (14 : 7)  (15 : 4)  (16 : 3)  (17 : 4)  (18 : 6)  (19 : 1)  (20 : 1)  (21 : 2)  
real Identify
([ - , - , - , - , - , - , - , - , 0 , - ] : 1)  
testCase Num: 65
regaular Num: 65
identify Num: 0
0 0 0 0 0 0 0 0 1 1 
0 1 0 1 1 0 0 0 1 2 
0 0 0 0 0 0 1 1 0 2 
0 0 1 3 1 0 1 1 0 1 
1 1 0 1 1 0 0 1 0 0 
0 1 0 0 1 1 0 0 0 2 
1 0 0 0 1 1 0 1 1 1 
0 0 0 0 0 1 0 0 1 2 
0 0 0 2 0 0 0 1 1 1 
0 0 0 1 0 1 0 1 0 2 
0 0 1 2 0 0 1 0 1 0 
1 0 1 1 0 0 1 0 0 2 
1 0 1 0 1 1 1 0 1 0 
0 1 0 2 0 0 0 0 1 2 
1 0 0 2 0 0 1 0 1 1 
0 0 0 3 0 0 0 0 0 1 
1 0 0 2 1 1 1 1 0 2 
0 1 0 3 0 0 1 1 1 1 
1 0 1 1 0 1 0 0 1 0 
0 0 0 3 0 1 1 0 1 0 
0 0 0 0 0 0 0 0 0 0 
0 0 1 1 1 0 0 0 0 0 
0 0 0 1 0 0 0 1 1 2 
1 0 0 2 0 1 1 1 1 2 
0 0 0 1 1 1 0 0 0 1 
0 1 0 3 1 0 0 0 0 0 
1 1 0 2 1 0 1 1 1 0 
1 0 0 1 0 0 0 0 0 1 
0 1 1 1 0 0 1 0 1 0 
0 1 1 0 0 1 1 0 1 1 
0 1 0 2 1 1 0 0 1 1 
0 1 0 2 0 0 0 0 0 2 
0 0 1 3 0 0 0 1 1 0 
0 0 0 1 0 1 0 1 1 0 
0 0 0 3 0 0 0 0 1 2 
0 0 0 1 1 0 1 1 0 0 
0 0 0 2 1 0 1 0 1 0 
0 0 1 1 1 0 0 1 1 1 
0 0 0 0 0 0 0 0 1 0 
0 1 1 2 0 1 0 0 0 0 
0 0 0 1 1 0 0 0 1 0 
0 1 0 0 1 0 1 1 1 0 
0 0 0 1 0 0 1 0 1 1 
1 0 1 3 0 1 0 0 0 2 
1 1 1 2 0 1 0 0 1 0 
0 1 0 3 1 0 0 0 1 0 
0 0 0 3 1 1 0 1 1 1 
0 0 1 3 1 1 0 1 1 2 
0 1 1 1 0 1 1 1 1 1 
1 0 1 2 0 0 0 1 0 1 
1 1 0 0 1 0 1 0 1 2 
1 1 0 0 0 1 0 1 0 1 
1 0 1 3 0 0 1 0 0 0 
0 0 1 2 1 0 0 1 1 2 
0 1 0 3 0 1 1 0 1 2 
1 0 0 3 0 1 0 1 1 0 
0 0 1 0 1 0 1 0 0 1 
0 1 0 3 1 0 0 1 0 2 
0 0 1 1 1 1 1 0 1 2 
0 1 1 3 1 0 1 0 1 1 
1 1 1 0 0 0 0 1 1 2 
0 0 0 3 1 1 0 0 0 1 
1 1 1 3 1 0 0 0 1 1 
1 1 1 2 0 0 1 1 0 0 
1 1 1 2 0 0 0 0 1 1 
MFS
[ - , - , - , - , - , - , - , - , 0 , - ]
[ 1 , - , - , 3 , - , - , - , - , 1 , - ]
[ 1 , - , - , 1 , - , - , - , - , 1 , - ]
precise
0.3333333333333333
recall
0.3333333333333333
F-measure
0.3333333333333333
multi
5
time
all 300 iden 0 gen 266
t-cover
1392
all-cover
1424
coveredNum
(1 : 401)  (2 : 294)  (3 : 222)  (4 : 164)  (5 : 126)  (6 : 64)  (7 : 42)  (8 : 28)  (9 : 28)  (10 : 13)  (11 : 10)  (12 : 10)  (13 : 6)  (14 : 6)  (15 : 3)  (16 : 1)  (17 : 2)  (18 : 2)  (19 : 2)  
real Identify
([ - , - , - , - , - , - , - , - , 0 , - ] : 1)  
testCase Num: 65
regaular Num: 65
identify Num: 0
1 0 1 1 0 1 0 0 0 0 
0 0 0 0 0 0 0 0 1 2 
0 1 1 2 1 0 1 1 1 0 
0 0 0 2 0 0 0 1 1 1 
1 1 1 0 0 0 1 1 0 0 
1 0 1 1 0 0 0 1 1 1 
0 1 1 1 1 1 1 1 0 1 
0 0 1 3 0 0 1 0 1 0 
0 0 1 3 1 1 0 0 1 0 
0 1 0 0 0 0 1 0 1 0 
0 1 0 3 0 0 0 1 0 0 
1 1 1 0 0 1 1 0 1 2 
0 0 0 0 0 0 0 0 0 0 
0 1 0 2 0 1 0 1 1 2 
0 1 1 2 1 0 1 0 0 2 
0 0 1 1 0 0 1 1 0 2 
0 0 1 1 1 1 1 1 1 1 
0 1 0 3 1 0 1 0 1 2 
1 1 0 0 0 0 0 1 1 1 
1 0 0 3 0 1 1 1 0 1 
0 0 0 3 0 0 0 0 1 1 
1 1 1 3 0 1 0 0 1 1 
1 0 0 3 1 0 0 1 1 0 
0 0 1 3 0 0 1 0 0 0 
1 0 0 2 0 0 0 1 1 0 
0 1 0 3 1 1 1 0 1 1 
0 0 1 2 0 1 1 0 1 0 
0 0 1 1 1 0 0 0 1 0 
0 0 0 1 0 0 0 0 0 1 
0 0 0 1 1 1 0 0 1 2 
0 0 1 1 0 0 1 0 1 2 
0 0 1 0 1 0 1 0 1 1 
0 1 0 1 1 1 0 1 1 2 
0 0 1 2 0 0 0 0 1 2 
0 0 0 0 0 1 0 1 1 1 
0 1 0 1 0 0 1 1 1 0 
1 0 0 3 0 1 0 0 0 2 
0 0 1 3 0 0 0 1 0 2 
1 1 0 0 1 1 0 1 1 0 
1 1 1 2 1 0 0 0 1 1 
0 0 0 3 1 1 0 1 1 2 
1 0 0 0 0 0 0 0 1 0 
1 0 0 1 1 0 1 0 0 0 
0 0 0 3 0 1 1 1 1 0 
1 0 0 2 0 1 1 0 1 1 
0 1 0 0 0 0 0 0 0 2 
0 0 0 1 0 0 0 0 1 1 
0 0 0 3 1 0 0 0 0 1 
1 0 0 2 1 0 1 1 1 2 
0 0 1 2 0 0 0 1 0 1 
0 1 1 1 0 0 0 0 1 1 
0 0 0 2 0 0 0 0 0 0 
1 0 1 0 0 0 1 1 1 0 
0 0 0 2 1 1 0 0 1 0 
1 1 0 2 1 0 0 0 0 1 
0 0 0 1 0 1 0 0 1 0 
1 1 0 1 0 0 0 0 0 2 
0 0 1 3 0 0 0 0 1 2 
1 1 0 0 1 0 1 0 0 1 
0 1 0 3 0 0 0 0 1 0 
1 1 1 2 1 1 0 1 0 0 
0 1 1 3 0 0 0 1 1 1 
1 1 1 0 0 1 1 0 0 2 
0 1 1 3 1 1 0 0 0 0 
1 0 1 0 1 0 0 1 1 2 
MFS
[ - , - , - , - , - , - , - , - , 0 , - ]
[ 1 , - , - , 3 , - , - , - , - , 1 , - ]
[ 1 , - , - , 1 , - , - , - , - , 1 , - ]
precise
0.3333333333333333
recall
0.3333333333333333
F-measure
0.3333333333333333
multi
5
time
all 321 iden 0 gen 284
t-cover
1392
all-cover
1424
coveredNum
(1 : 402)  (2 : 277)  (3 : 221)  (4 : 179)  (5 : 98)  (6 : 85)  (7 : 46)  (8 : 26)  (9 : 25)  (10 : 17)  (11 : 14)  (12 : 11)  (13 : 3)  (14 : 3)  (15 : 6)  (16 : 4)  (17 : 3)  (18 : 2)  (19 : 2)  
real Identify
([ - , - , - , - , - , - , - , - , 0 , - ] : 1)  
