testCase Num: 1526
regaular Num: 1526
identify Num: 0
1 0 0 1 0 1 3 6 2 1 1 1 
0 0 0 1 0 1 0 8 0 0 1 0 
2 1 1 1 0 0 0 1 3 2 0 0 
2 0 0 0 0 0 3 2 5 0 0 0 
2 0 1 1 1 1 1 6 8 0 0 0 
2 0 0 0 0 0 1 1 9 1 0 0 
1 0 0 0 1 1 2 4 1 1 0 1 
1 0 0 0 0 0 0 1 0 2 1 0 
0 0 0 1 0 0 1 8 0 2 0 0 
0 0 0 0 1 0 1 0 3 1 1 0 
0 0 0 0 0 0 2 9 1 2 0 0 
1 1 0 0 0 0 1 4 2 1 0 0 
1 0 1 1 0 1 1 0 7 1 0 1 
0 0 1 0 0 1 3 6 0 0 1 0 
2 1 0 0 1 1 0 8 2 1 1 0 
0 0 0 0 0 0 2 3 2 0 0 0 
2 0 0 0 1 0 3 3 4 0 0 1 
1 0 0 0 1 0 0 6 4 1 1 1 
0 0 0 0 0 0 1 4 0 0 0 0 
2 1 0 1 0 0 2 4 4 1 1 1 
0 0 0 0 0 1 3 1 7 1 0 0 
2 0 0 0 0 0 2 4 6 1 0 0 
2 1 1 1 0 0 2 5 4 2 1 0 
1 1 1 0 0 1 2 9 5 2 0 1 
2 1 0 0 0 0 3 2 0 0 1 0 
0 0 0 0 0 1 1 2 2 0 0 0 
0 0 0 0 1 1 3 4 8 1 1 0 
2 0 1 1 1 0 0 7 3 1 0 1 
1 0 1 0 0 0 3 1 6 1 0 0 
1 1 0 0 1 0 0 7 0 0 0 1 
0 0 1 0 0 1 1 6 7 2 0 0 
2 0 0 0 0 0 1 1 8 0 0 0 
1 1 0 1 1 0 2 4 5 0 0 1 
1 1 0 0 0 0 2 2 1 0 1 0 
1 1 0 1 0 0 0 3 2 2 0 1 
0 1 0 1 0 0 0 9 3 1 1 1 
0 0 0 0 1 0 3 9 0 0 1 0 
1 0 0 1 1 1 2 2 1 0 0 1 
2 0 0 0 0 0 3 9 6 2 0 0 
2 0 1 1 0 0 2 2 5 2 0 1 
2 0 0 0 1 1 1 9 1 2 1 1 
2 1 1 0 0 1 1 1 6 0 0 0 
2 0 1 0 0 0 1 7 5 1 0 1 
0 0 1 1 0 0 2 4 6 2 1 0 
0 1 0 1 1 0 2 0 4 0 1 0 
2 0 1 1 0 0 1 5 6 1 0 0 
0 1 1 1 1 0 0 6 5 2 1 0 
1 1 1 1 1 1 2 2 6 2 1 0 
2 0 0 0 0 0 1 8 8 1 0 0 
1 0 0 0 0 0 2 6 1 0 0 0 
1 0 0 0 1 0 3 3 9 0 0 0 
1 0 0 0 0 0 3 4 1 0 0 0 
1 0 0 0 0 0 3 6 5 2 1 0 
1 1 0 1 0 0 0 0 8 1 1 1 
0 0 0 0 0 1 2 1 4 0 0 1 
2 0 0 1 0 0 2 5 1 2 0 1 
2 1 0 0 0 0 0 6 8 1 0 0 
2 0 0 0 0 0 0 2 7 1 0 1 
2 0 1 0 1 0 0 3 5 1 0 1 
1 1 1 1 0 1 3 6 4 0 1 1 
0 0 0 0 1 0 3 6 8 1 0 0 
0 0 1 1 1 0 3 1 1 2 0 0 
0 1 1 0 1 1 1 1 2 0 0 0 
1 0 0 0 1 1 0 3 3 0 0 1 
0 1 1 1 1 1 2 7 5 1 1 1 
2 0 0 1 1 0 3 9 5 1 0 0 
2 0 0 0 1 1 2 0 1 1 0 0 
1 0 0 0 0 1 3 2 5 2 1 1 
1 0 0 0 0 0 3 7 7 0 0 0 
2 0 0 0 0 0 0 3 8 0 0 0 
2 1 1 0 0 0 2 8 5 2 1 1 
1 0 1 0 1 1 0 3 2 0 0 0 
0 0 0 0 0 0 0 6 2 2 0 0 
0 1 0 0 0 0 0 7 9 1 1 0 
0 0 0 1 0 0 0 0 8 2 0 0 
0 0 0 1 1 1 0 5 5 1 0 1 
1 0 0 1 0 0 3 6 8 0 1 1 
2 0 0 1 1 0 1 5 5 2 1 0 
1 0 0 0 0 0 2 1 4 0 0 0 
1 0 0 0 0 1 0 1 3 1 1 1 
0 1 1 0 0 0 2 0 1 2 0 1 
0 1 1 1 0 1 0 9 7 2 0 0 
1 0 1 1 0 1 0 6 1 0 0 1 
1 0 1 0 0 0 0 5 5 2 1 0 
1 0 0 1 1 0 0 0 0 2 0 1 
1 0 0 0 0 0 0 9 2 1 0 1 
0 1 0 0 0 0 3 2 8 0 0 1 
0 0 1 1 0 1 2 7 4 1 0 0 
0 0 0 0 0 0 0 7 2 0 0 0 
0 1 1 1 1 1 1 6 2 0 0 0 
0 0 0 0 1 0 3 6 7 0 0 0 
0 0 0 1 1 0 2 0 9 2 1 0 
0 0 1 0 0 0 0 1 2 0 0 0 
2 1 1 1 0 0 3 5 7 1 1 0 
0 0 0 0 0 0 3 9 3 2 0 0 
1 0 1 0 0 0 1 5 7 2 0 0 
2 0 0 0 0 0 2 3 4 1 0 0 
0 0 1 1 0 1 2 4 8 0 0 1 
0 1 0 0 0 0 1 1 1 1 0 0 
1 0 0 0 1 1 3 0 8 1 0 0 
0 1 0 1 1 0 3 9 9 2 1 1 
0 0 0 0 1 1 2 6 9 0 1 1 
0 0 1 1 0 1 2 8 6 1 0 0 
1 1 0 1 0 0 0 9 1 2 1 0 
2 0 0 1 0 1 1 8 4 1 1 1 
1 1 1 0 0 1 3 9 9 2 0 0 
2 0 1 0 0 0 1 2 9 0 0 0 
0 0 0 0 0 0 3 3 6 0 0 0 
0 0 1 1 1 0 2 7 8 1 1 0 
0 0 0 0 0 0 1 1 6 1 0 0 
1 0 1 0 0 0 0 7 8 1 0 0 
1 1 0 0 1 0 2 0 6 1 0 0 
2 0 0 0 1 0 0 2 6 1 1 1 
2 0 0 0 1 0 3 0 1 1 1 1 
1 0 1 1 0 1 1 5 1 0 1 0 
0 1 0 1 1 1 3 5 9 0 1 0 
1 0 1 0 0 0 1 3 2 1 1 1 
0 1 0 0 0 0 1 8 1 2 0 0 
1 0 1 0 1 0 0 2 5 0 1 1 
1 1 0 0 0 1 2 9 7 1 1 0 
0 1 1 1 1 1 2 3 9 0 1 1 
0 0 0 1 1 0 2 4 3 1 0 0 
1 0 1 0 1 0 1 4 0 0 0 0 
2 0 0 0 1 1 2 0 3 1 0 1 
2 1 0 0 1 1 3 9 3 1 0 0 
1 0 0 0 0 0 1 3 8 2 0 0 
0 0 0 0 0 0 0 5 0 0 0 0 
1 0 1 0 1 0 3 6 1 0 1 0 
1 0 1 0 1 0 1 8 8 2 0 1 
2 0 0 0 1 0 3 4 7 1 0 0 
0 1 0 0 0 1 3 0 9 1 1 0 
0 1 1 1 1 1 3 5 8 2 0 0 
1 0 0 1 1 0 0 7 1 2 0 0 
1 0 1 0 0 0 1 3 1 0 0 1 
0 0 0 1 1 1 2 9 5 2 1 0 
1 0 0 0 0 0 0 3 1 1 0 0 
0 1 1 1 0 0 3 0 8 0 1 0 
0 0 0 0 0 0 0 7 4 2 0 0 
0 1 1 0 0 1 1 3 7 2 1 0 
0 0 1 0 0 1 3 8 3 1 0 1 
1 1 1 1 0 0 3 9 4 0 0 1 
0 1 0 0 0 1 0 4 6 0 1 1 
2 0 1 0 0 1 0 6 2 0 1 1 
2 0 0 1 0 0 2 6 1 0 1 0 
0 0 0 0 0 0 2 5 4 0 0 0 
1 1 0 0 0 1 2 7 4 0 0 0 
0 0 1 1 0 1 0 2 1 1 1 0 
0 0 0 0 0 1 1 9 0 1 0 1 
0 1 1 0 0 1 3 6 8 2 1 1 
0 0 1 1 1 0 3 0 0 1 0 0 
1 0 1 0 0 0 3 8 6 0 0 0 
1 1 1 1 1 1 2 9 3 0 1 0 
0 0 0 0 0 0 3 3 8 2 0 0 
1 1 1 0 0 1 1 0 9 0 1 0 
0 0 1 0 0 0 0 0 2 0 0 1 
1 0 1 0 0 0 1 6 6 1 0 1 
2 1 0 1 1 1 3 1 4 0 1 1 
1 0 1 0 0 0 2 4 9 2 1 0 
2 1 1 0 1 1 2 6 1 1 0 1 
2 0 0 0 1 0 0 0 4 1 0 0 
2 0 0 0 1 0 0 6 0 0 0 1 
0 0 1 1 0 0 2 9 3 2 0 0 
0 0 0 0 0 0 0 2 4 1 0 0 
1 1 1 0 1 0 2 6 3 0 0 1 
0 1 1 1 1 0 1 2 0 1 0 0 
0 0 0 0 0 0 3 4 9 1 0 0 
0 1 0 0 0 1 2 1 1 2 1 1 
2 0 1 1 0 1 2 7 6 2 0 1 
0 0 0 0 0 1 1 3 3 1 0 0 
0 0 1 1 0 1 1 7 1 2 1 0 
0 1 0 1 0 1 1 5 3 1 0 1 
1 0 0 0 0 0 3 4 0 1 0 0 
1 0 0 0 0 0 0 6 5 1 0 0 
1 0 0 0 0 0 0 4 4 2 0 0 
2 0 1 0 0 0 1 3 0 2 0 0 
2 1 1 1 0 1 2 5 8 0 0 1 
0 1 0 0 1 1 1 7 2 2 0 1 
2 1 0 1 1 0 3 7 7 1 0 0 
1 1 1 1 0 1 1 8 6 2 0 1 
0 1 0 0 1 0 2 7 1 1 0 0 
0 0 0 0 1 0 3 0 8 2 0 1 
1 0 1 1 1 0 3 5 3 1 1 1 
2 1 1 1 0 1 0 6 0 0 1 0 
0 1 0 0 0 0 0 4 2 2 0 0 
1 1 1 0 0 0 1 7 2 0 0 0 
0 0 0 0 1 1 0 8 8 1 0 0 
1 0 0 0 0 1 2 0 7 1 0 0 
0 0 1 1 0 1 0 0 9 0 0 1 
0 0 1 1 0 1 2 2 4 0 1 1 
0 0 0 1 0 0 1 3 0 1 1 1 
0 0 0 0 1 0 0 7 1 0 1 0 
2 0 1 0 0 1 3 2 6 0 1 0 
2 0 0 0 0 0 0 9 6 1 0 0 
2 0 0 0 0 0 1 0 6 2 0 0 
0 1 1 1 0 1 0 2 8 2 1 0 
2 1 1 1 0 0 3 4 8 2 0 0 
0 0 0 0 1 0 1 6 0 1 0 0 
1 0 0 0 0 0 1 5 8 0 0 0 
0 1 1 0 0 1 1 5 8 1 1 1 
0 0 1 0 1 0 3 3 2 2 1 0 
0 0 0 0 0 1 3 7 7 2 0 0 
1 0 0 0 0 0 0 4 2 0 1 0 
0 0 1 1 1 0 1 5 2 1 1 0 
1 1 0 0 0 0 3 4 7 2 1 1 
1 0 1 1 1 0 1 4 3 0 0 1 
1 0 0 1 1 1 2 9 1 1 1 1 
0 0 0 0 0 0 1 6 6 0 0 0 
1 0 0 0 0 1 1 0 2 0 1 0 
0 0 0 0 0 0 0 5 7 0 0 0 
2 0 0 0 0 0 2 2 0 1 0 0 
0 0 0 0 0 0 2 0 0 0 0 0 
1 0 0 0 0 0 0 9 9 1 0 1 
2 0 0 0 0 0 2 6 6 1 0 0 
0 0 0 0 0 0 2 8 1 0 0 0 
2 1 0 1 1 1 1 4 6 2 1 0 
0 0 0 0 0 0 0 8 2 2 0 0 
2 1 0 0 1 0 1 0 2 0 0 1 
2 1 0 0 0 0 0 8 9 2 1 1 
1 1 0 1 1 0 3 9 2 0 0 1 
1 0 0 0 0 0 1 6 2 1 0 0 
0 0 0 1 0 0 1 7 6 1 0 1 
2 0 0 0 0 0 3 4 6 1 0 1 
0 1 1 1 1 0 3 2 5 0 0 0 
0 1 1 0 0 0 0 4 4 1 0 0 
1 0 0 0 0 0 3 0 4 0 0 0 
0 0 1 1 0 0 1 5 0 0 0 0 
2 0 0 0 1 0 0 1 6 1 1 0 
2 0 0 0 0 0 2 9 4 0 0 0 
2 0 0 0 0 0 0 0 7 1 0 0 
0 1 0 0 0 0 1 6 8 2 0 0 
1 1 1 0 0 0 3 5 4 0 1 1 
1 1 0 0 0 0 1 0 4 0 0 0 
0 0 0 0 1 1 1 9 7 0 0 1 
1 1 0 1 0 1 0 2 6 0 0 1 
1 0 0 0 0 0 0 5 9 1 0 0 
1 0 0 0 0 0 3 7 9 0 1 0 
0 1 0 0 1 1 3 4 0 0 1 0 
2 0 0 1 1 1 2 3 2 2 0 0 
2 1 1 1 0 1 2 3 8 2 0 1 
1 1 0 0 0 0 2 5 3 0 1 1 
2 0 0 0 0 0 1 8 0 0 0 0 
0 0 1 1 0 1 2 1 3 1 0 0 
0 0 0 0 1 0 1 4 1 0 0 0 
2 1 0 0 1 0 1 5 9 1 1 0 
2 0 0 0 0 0 3 3 3 0 0 0 
0 1 0 1 0 1 1 8 8 2 1 0 
1 1 1 0 0 0 1 7 1 1 0 0 
0 1 0 0 1 0 0 4 8 0 0 0 
1 1 0 0 1 0 1 1 4 1 0 1 
1 0 1 0 1 1 1 7 9 1 1 1 
0 0 0 0 0 1 3 9 5 2 0 0 
2 1 1 0 1 1 2 4 7 0 0 0 
0 0 0 0 0 0 3 7 3 2 0 0 
1 0 1 0 1 1 0 5 2 2 1 0 
1 0 0 1 0 0 1 1 9 0 0 0 
0 0 0 0 0 0 2 3 4 0 0 0 
2 0 1 0 1 1 3 9 7 1 0 0 
0 0 0 1 1 0 0 5 8 1 0 1 
1 0 0 0 0 0 2 8 7 0 0 0 
0 0 1 0 1 0 2 4 2 0 0 0 
1 0 0 1 1 1 0 8 9 2 0 0 
0 1 1 1 1 0 2 8 7 1 0 0 
0 1 1 1 1 0 2 3 5 2 0 0 
0 0 0 0 0 0 1 8 8 0 0 0 
0 0 1 0 0 1 3 6 9 2 0 1 
1 0 0 1 1 0 2 7 7 2 0 0 
2 0 0 0 0 0 3 5 9 2 0 0 
0 0 0 0 0 0 2 8 2 1 0 0 
1 0 0 0 0 0 2 5 4 1 0 0 
0 0 0 0 0 0 1 9 6 0 0 0 
1 1 1 0 1 0 1 1 0 0 0 0 
2 0 0 0 0 0 1 9 0 0 1 0 
1 1 0 0 0 1 2 6 5 1 1 0 
0 0 0 0 0 0 1 5 4 0 0 1 
0 0 0 1 0 0 3 1 8 1 1 0 
1 1 1 0 0 0 0 9 8 2 0 0 
0 0 0 0 0 0 1 7 7 1 1 0 
0 0 0 0 1 0 0 6 8 2 1 0 
0 0 0 0 0 0 0 6 9 0 0 0 
2 0 1 1 1 0 2 8 1 2 1 0 
0 0 1 0 0 0 1 6 1 2 0 1 
2 0 1 1 1 0 2 1 4 2 1 0 
2 0 1 1 0 0 3 4 3 1 0 0 
0 1 1 1 1 0 2 5 5 0 0 1 
0 0 1 0 1 1 1 2 5 2 0 0 
1 0 0 1 0 0 3 9 7 2 0 1 
0 0 0 0 0 0 3 9 7 0 0 0 
2 0 0 0 0 0 0 0 8 0 0 0 
2 0 0 0 0 1 0 6 5 0 0 1 
2 1 1 0 1 1 3 4 9 0 1 0 
0 0 0 1 0 1 0 1 5 0 0 0 
1 0 1 0 0 1 2 1 7 2 1 1 
1 0 0 1 0 0 2 6 8 2 0 0 
1 0 1 1 1 1 1 8 1 1 0 1 
1 1 1 0 1 0 0 7 6 2 0 1 
2 1 1 0 0 1 2 1 5 1 1 0 
2 0 1 0 0 0 3 3 1 1 0 0 
2 0 1 0 0 0 3 3 0 0 1 0 
2 1 0 0 1 1 0 4 1 2 0 1 
0 0 0 0 0 0 1 6 5 1 0 0 
2 1 1 1 0 1 3 6 5 0 0 0 
0 0 1 0 1 0 2 0 7 0 1 0 
0 0 1 1 1 1 1 2 7 1 1 1 
1 0 0 0 1 0 0 2 1 2 0 0 
1 0 0 0 1 1 3 1 4 2 0 0 
0 0 0 0 0 0 0 8 3 1 0 0 
2 0 0 0 0 1 1 5 7 0 0 0 
2 0 0 0 0 0 2 4 2 1 0 0 
2 1 0 0 1 0 0 0 9 2 1 1 
2 0 0 1 0 1 1 0 4 2 1 0 
1 1 0 0 0 0 0 5 8 2 0 0 
1 0 0 0 0 0 1 2 8 0 0 0 
0 1 0 0 1 0 1 9 7 0 0 0 
0 0 0 1 0 0 3 2 0 0 0 0 
2 1 0 0 1 1 3 7 8 1 1 1 
0 1 0 0 0 0 3 5 2 1 0 0 
0 0 0 1 0 0 0 7 3 0 1 0 
0 1 0 0 0 0 3 0 7 1 1 1 
0 1 0 1 1 0 3 5 1 0 1 1 
1 1 0 1 1 0 1 7 4 1 0 0 
0 0 0 0 0 0 0 2 7 2 1 0 
0 1 1 0 1 0 0 1 0 1 1 1 
2 0 0 1 1 0 2 3 0 1 0 1 
0 0 0 0 0 0 1 0 8 1 0 0 
2 0 0 0 0 0 2 8 6 2 0 0 
0 0 0 0 0 1 1 7 4 0 1 0 
2 0 0 0 1 0 2 0 5 2 1 0 
2 0 0 0 0 0 2 4 1 2 1 0 
0 0 0 0 0 0 2 5 8 2 1 1 
2 0 0 0 0 0 0 7 6 1 0 0 
2 0 0 0 0 0 1 4 7 0 0 1 
0 0 1 0 0 0 3 5 9 2 0 0 
0 1 1 0 0 1 3 0 2 0 1 0 
0 0 0 0 0 0 1 4 2 0 0 0 
0 1 0 0 0 1 3 9 7 1 1 1 
2 0 1 0 1 1 0 9 3 2 0 1 
0 1 0 0 0 1 0 0 4 0 0 0 
1 1 1 0 0 0 0 0 9 1 0 0 
1 0 0 0 0 1 3 9 2 0 1 0 
1 0 0 0 0 0 3 4 8 0 0 1 
0 0 0 1 1 0 3 6 3 2 1 1 
2 1 1 0 1 1 1 8 7 1 0 0 
2 0 0 0 0 0 1 3 7 2 0 0 
2 0 0 1 0 1 2 9 9 2 0 1 
1 0 0 0 0 1 0 5 6 0 0 0 
1 0 1 1 0 0 1 1 4 0 1 1 
0 0 1 1 0 1 1 1 8 2 0 1 
2 0 0 0 1 0 0 1 8 1 0 0 
0 1 0 0 1 0 0 9 2 0 0 0 
0 0 0 1 1 0 0 9 4 2 1 0 
2 0 1 0 0 1 0 8 4 2 0 1 
1 0 0 0 0 0 1 1 6 0 0 1 
0 0 0 0 0 0 1 0 9 2 0 0 
0 0 0 0 0 0 0 7 2 2 0 0 
1 0 0 0 0 0 0 5 7 1 0 0 
1 0 1 0 1 0 0 5 0 0 1 0 
1 0 0 0 1 1 2 9 8 2 0 1 
2 0 0 0 0 0 1 6 9 0 0 0 
2 0 1 0 1 0 1 8 6 1 1 0 
0 0 1 1 1 0 1 1 6 2 1 0 
1 0 0 1 1 1 0 1 2 2 1 0 
1 0 0 1 0 0 0 4 7 0 0 0 
1 0 0 1 0 1 2 3 1 2 0 0 
1 1 1 0 1 1 3 3 1 2 1 1 
2 0 0 0 0 0 3 0 8 1 0 0 
1 0 0 1 1 0 2 8 0 0 0 1 
1 0 0 0 0 0 2 0 9 0 0 0 
0 0 0 0 0 0 2 5 0 1 0 0 
2 0 0 0 0 0 3 5 4 0 0 0 
1 0 0 0 0 0 0 1 6 2 0 0 
0 1 0 1 1 0 3 6 0 1 0 1 
2 1 1 0 0 0 2 3 2 1 1 1 
0 0 0 0 0 0 1 1 2 1 0 0 
2 1 0 0 0 0 0 6 3 1 0 1 
0 1 0 0 0 0 0 6 1 1 1 0 
2 1 0 0 0 1 3 8 8 0 0 0 
0 0 1 0 1 1 1 4 6 1 0 0 
0 0 0 1 0 0 3 6 7 0 1 0 
0 0 0 1 0 1 0 1 6 0 1 0 
1 0 0 0 0 0 1 1 8 1 1 1 
1 1 0 0 0 0 0 5 6 1 0 0 
1 0 0 0 0 0 3 8 3 2 1 0 
2 0 0 0 0 0 0 9 2 2 1 0 
0 0 0 0 1 0 3 9 6 1 0 0 
2 0 0 0 0 0 3 1 9 0 0 0 
1 1 0 1 1 0 0 5 7 2 1 1 
0 1 0 0 1 1 1 8 9 1 1 0 
0 0 1 1 0 1 0 2 6 1 1 0 
0 0 0 0 0 0 1 2 3 0 0 0 
1 0 0 0 1 1 2 3 5 1 1 0 
0 1 0 0 1 0 0 5 9 2 0 0 
2 0 0 0 1 1 3 5 6 0 0 0 
0 0 1 0 1 1 0 0 8 1 0 0 
2 0 0 1 1 0 1 8 5 2 0 0 
0 0 0 0 0 0 2 2 6 0 0 0 
2 0 0 0 0 0 0 5 7 2 0 0 
1 0 0 0 0 0 2 3 3 0 0 0 
1 0 0 0 0 1 2 8 4 0 0 0 
2 0 0 1 0 1 2 7 1 1 1 0 
0 0 0 0 0 0 3 4 1 1 0 0 
1 1 0 0 1 1 1 1 5 2 1 1 
0 0 0 0 1 0 0 6 3 0 1 0 
2 0 0 1 0 0 3 8 2 1 0 0 
0 1 0 1 0 1 3 8 9 0 1 1 
2 0 0 0 0 0 2 8 6 0 0 0 
2 0 1 1 1 1 3 7 0 1 0 1 
1 1 1 1 0 0 1 9 5 1 0 0 
2 0 1 0 0 0 1 4 5 0 0 1 
1 1 1 1 0 1 2 7 9 0 0 1 
1 0 0 0 0 0 0 8 5 2 0 0 
1 0 0 0 1 1 2 7 0 1 1 0 
1 0 1 0 0 0 0 4 8 1 0 0 
0 0 1 0 1 0 0 3 7 0 0 0 
0 1 1 1 0 1 1 3 5 0 1 1 
1 0 0 1 1 0 2 6 9 2 0 0 
0 0 0 1 0 1 2 1 2 2 0 1 
2 0 0 0 0 1 2 7 9 1 0 0 
1 1 0 1 0 1 2 6 0 1 0 1 
0 0 0 0 1 0 2 5 8 1 0 0 
2 0 0 0 0 0 0 3 3 0 0 0 
1 1 1 0 1 0 2 5 7 0 0 1 
0 0 0 0 1 1 3 5 4 1 0 0 
1 0 0 1 0 0 0 8 8 0 1 0 
1 0 0 0 0 0 3 7 1 0 1 0 
2 0 0 1 0 1 0 2 9 1 1 0 
0 0 0 0 0 0 0 8 8 0 0 1 
1 0 0 0 0 0 2 9 0 0 0 0 
1 1 1 0 1 0 1 5 5 1 0 0 
0 0 0 1 1 1 2 9 0 2 1 0 
1 0 0 0 0 0 0 8 4 1 0 0 
1 0 0 1 1 1 2 1 6 1 1 1 
0 0 0 0 0 0 2 6 2 1 0 0 
1 0 0 1 1 0 3 0 2 1 0 1 
0 0 1 0 0 0 1 1 9 0 1 1 
2 0 0 1 1 0 1 7 1 0 0 1 
1 0 0 1 1 1 2 7 2 0 0 1 
0 0 0 0 0 1 1 8 5 1 0 1 
0 1 1 1 1 0 3 2 2 1 1 0 
0 0 1 0 1 1 1 3 4 1 0 0 
1 0 0 0 1 0 1 7 3 2 1 1 
2 1 0 1 1 0 1 3 3 2 1 1 
0 0 0 0 0 0 2 9 7 2 0 0 
1 1 1 0 0 0 1 9 1 1 0 0 
1 0 0 0 0 0 3 6 9 0 0 0 
0 0 0 0 0 0 0 8 9 1 0 0 
2 1 0 0 0 1 0 5 5 0 0 0 
0 0 0 0 0 1 3 0 0 2 1 0 
2 0 0 0 0 0 1 9 3 0 0 0 
1 1 0 1 0 0 3 7 0 1 0 0 
0 0 0 0 0 0 3 0 6 2 0 0 
0 0 1 0 0 1 2 9 6 0 1 0 
0 1 0 0 0 0 0 8 4 0 0 0 
2 0 0 0 0 0 2 8 8 2 0 0 
2 0 1 1 0 0 1 2 8 2 0 0 
0 0 1 0 1 0 0 3 9 2 0 1 
1 0 1 0 1 1 1 2 9 2 0 0 
1 1 0 0 0 1 2 4 2 0 1 0 
1 1 1 1 1 0 3 1 9 2 1 0 
1 0 0 0 1 0 3 7 8 0 0 0 
0 0 0 0 0 0 3 7 6 2 0 0 
0 1 0 0 0 1 0 6 4 0 0 1 
2 0 0 0 0 0 2 1 7 1 0 0 
0 1 0 0 0 0 2 4 3 0 0 0 
1 0 0 0 0 0 2 8 0 2 0 0 
2 0 0 0 0 0 1 4 8 0 0 0 
2 0 1 0 0 0 3 5 1 0 0 0 
0 1 0 0 1 1 1 3 1 1 0 0 
2 0 0 1 0 0 2 2 2 1 0 1 
1 0 0 0 0 0 1 5 4 0 0 0 
0 0 0 0 1 0 2 0 2 1 0 0 
0 1 0 0 1 1 3 0 1 0 0 0 
2 0 1 1 1 0 0 2 0 2 0 1 
1 0 0 0 0 0 3 9 5 0 0 0 
1 0 1 1 1 0 3 3 6 1 0 0 
1 0 0 0 0 0 0 9 7 0 0 0 
0 0 0 0 0 1 2 7 5 0 1 0 
2 0 0 0 0 1 3 8 1 1 1 0 
0 0 1 0 1 1 1 4 5 2 1 0 
1 0 1 0 0 1 2 3 6 0 1 0 
1 0 0 0 0 0 3 5 8 1 0 0 
2 1 0 0 1 0 3 1 3 1 1 1 
2 0 0 0 0 1 2 5 5 1 0 0 
0 0 0 1 0 1 0 8 7 0 0 0 
2 0 0 1 0 1 3 1 6 2 0 1 
2 1 0 1 1 1 1 9 5 0 1 1 
0 0 0 0 0 0 3 8 9 1 0 0 
0 0 0 1 0 0 2 2 9 2 1 0 
1 0 1 0 0 1 2 9 2 1 0 0 
0 1 0 0 0 0 2 2 3 2 0 1 
1 1 0 0 1 0 3 2 7 2 1 0 
2 0 0 0 0 1 3 3 7 0 0 0 
2 1 1 0 1 1 2 1 0 2 0 1 
0 0 0 0 1 1 3 3 0 1 0 1 
0 1 1 1 0 1 0 2 2 0 0 0 
1 0 1 1 1 0 2 3 0 0 0 1 
2 0 0 1 0 0 2 6 7 0 0 0 
2 0 0 1 1 1 2 3 3 1 0 1 
2 0 0 0 0 0 0 0 0 1 1 0 
0 1 1 0 0 0 2 9 8 2 1 0 
0 0 0 0 0 0 0 8 1 2 0 0 
2 1 1 0 0 0 3 1 2 2 0 0 
0 0 0 0 0 0 0 4 5 1 0 1 
2 0 0 1 1 0 3 0 9 0 0 0 
0 1 0 0 0 0 0 6 2 0 1 0 
0 1 1 1 0 1 2 7 1 0 0 1 
0 1 0 0 0 0 1 2 8 1 1 0 
2 0 0 0 0 1 0 3 9 0 1 0 
0 1 1 1 1 1 3 2 9 1 0 0 
2 1 0 1 1 0 0 8 4 0 1 0 
0 0 1 1 0 0 3 4 0 0 0 1 
1 0 0 0 0 0 3 8 4 1 1 0 
0 0 0 0 0 0 2 1 6 0 0 0 
0 0 0 0 0 0 2 6 1 2 0 0 
0 1 1 1 1 1 3 8 4 1 0 1 
0 0 1 1 1 1 0 4 8 2 1 1 
1 0 0 0 1 1 2 3 4 2 1 1 
0 0 1 0 0 0 2 6 8 1 0 0 
0 0 0 1 0 0 0 6 0 2 1 0 
1 0 1 0 1 0 1 7 0 2 0 1 
0 0 0 0 1 0 3 3 5 0 1 0 
0 0 0 0 0 0 2 0 6 2 0 0 
1 0 0 0 0 1 1 4 7 1 0 0 
0 0 1 0 0 0 0 3 1 2 0 0 
2 1 0 1 0 0 1 2 6 2 1 0 
2 1 1 0 0 1 3 1 8 2 0 0 
1 0 0 0 0 0 0 1 4 0 0 0 
2 1 0 1 1 1 2 4 9 1 1 1 
1 0 0 1 0 1 1 6 0 0 1 1 
0 0 1 0 0 0 0 4 1 0 0 0 
2 1 0 1 1 1 1 3 8 0 1 1 
0 0 0 1 0 1 3 3 9 2 1 0 
2 0 0 0 0 0 0 9 1 1 0 0 
1 1 1 0 0 1 2 7 7 1 1 1 
1 0 1 1 1 1 2 0 2 0 0 0 
0 0 0 1 1 1 0 9 6 2 1 1 
1 1 0 1 0 0 0 8 5 1 0 0 
1 1 1 0 1 1 3 7 5 2 0 0 
2 0 0 0 0 0 0 1 1 0 0 0 
0 0 1 0 0 0 0 7 5 0 1 1 
1 0 1 0 1 1 2 2 3 0 0 0 
2 0 1 0 0 0 1 7 9 0 1 0 
1 0 0 0 0 0 3 2 3 0 0 0 
0 0 0 1 0 0 1 6 3 0 0 1 
0 0 0 0 0 0 1 2 3 2 0 0 
0 0 1 0 1 1 0 6 7 0 0 1 
2 0 1 1 0 1 0 5 9 0 1 1 
1 1 1 1 1 1 3 0 9 2 1 1 
1 1 0 1 1 0 3 1 8 0 0 1 
2 0 0 0 0 0 3 9 9 1 0 0 
1 0 0 0 0 0 0 3 8 2 0 0 
1 1 0 0 1 0 3 1 7 2 1 0 
1 0 0 0 0 0 0 6 0 1 0 0 
2 0 0 1 0 0 1 9 7 1 0 1 
1 0 1 0 0 0 2 6 6 2 0 0 
1 1 0 0 0 0 0 1 1 2 0 0 
1 1 0 1 1 1 2 5 9 2 0 1 
1 1 0 0 0 1 0 4 8 0 1 0 
2 0 0 0 1 0 2 1 3 0 0 0 
0 1 1 0 1 0 3 3 2 0 0 0 
1 0 1 0 1 0 1 0 3 2 0 1 
0 1 0 0 1 0 2 9 9 1 0 0 
2 1 1 0 0 0 3 9 5 0 1 1 
0 0 0 0 0 0 0 3 0 2 0 0 
1 1 0 1 0 0 1 4 0 2 1 1 
2 1 0 0 0 1 0 2 5 2 0 0 
1 0 1 0 1 0 2 9 9 0 1 1 
2 0 0 1 0 0 2 9 2 0 1 0 
0 0 0 0 0 0 0 3 4 0 0 0 
2 1 0 0 0 0 2 7 2 1 1 0 
2 0 0 0 0 0 3 2 9 2 0 1 
2 0 0 0 0 0 2 2 6 2 0 1 
2 0 0 0 0 0 3 7 5 1 0 0 
0 0 0 0 0 0 1 3 7 0 0 0 
1 0 0 0 0 0 0 7 6 1 0 0 
2 0 0 0 1 0 1 9 4 0 0 0 
1 0 0 0 0 0 0 3 0 1 0 0 
0 1 1 1 0 1 2 4 1 0 0 0 
2 1 0 1 0 0 2 0 7 2 0 1 
2 0 0 0 0 1 3 4 0 2 0 0 
0 0 0 1 0 0 3 7 1 1 0 0 
2 0 0 1 0 1 2 2 8 1 0 1 
2 0 0 0 0 1 1 2 1 0 0 0 
1 1 0 1 0 1 2 6 3 2 0 1 
2 0 0 0 0 0 0 1 3 0 0 0 
2 1 1 0 1 1 1 0 5 1 0 1 
0 1 0 0 0 0 3 3 3 1 1 0 
0 0 0 1 0 1 0 0 3 2 0 1 
1 0 0 0 1 0 0 0 3 0 1 0 
0 1 0 1 0 1 2 6 6 0 0 0 
2 1 0 1 0 0 0 5 2 1 0 1 
2 0 0 0 0 1 1 1 0 1 1 0 
2 1 0 1 0 0 0 9 7 0 1 0 
1 0 1 1 1 0 1 6 5 0 0 1 
2 1 1 1 1 0 3 3 9 1 0 1 
1 1 0 0 0 0 0 4 1 0 0 0 
1 0 0 0 0 0 3 2 1 0 0 0 
2 0 1 1 0 0 3 1 7 0 0 1 
0 0 0 0 0 0 3 5 5 1 1 0 
2 1 1 0 0 1 0 2 2 2 1 0 
2 0 1 0 0 0 0 2 3 1 0 0 
1 1 1 1 1 1 0 2 7 0 0 0 
0 0 0 0 0 0 3 5 6 2 0 0 
0 0 1 0 1 0 0 8 1 1 1 0 
0 0 0 0 0 0 3 7 9 1 0 0 
1 0 0 1 0 1 1 9 4 2 0 1 
1 1 0 1 1 0 2 8 4 2 0 1 
2 1 1 0 0 1 0 5 7 1 0 1 
0 0 0 0 0 0 3 2 2 2 0 1 
0 0 1 0 0 0 3 8 7 0 0 0 
2 0 1 0 0 1 0 8 0 1 0 0 
0 0 0 0 0 0 2 6 5 2 0 0 
1 1 1 1 1 1 0 6 8 1 0 1 
0 0 0 1 0 0 2 5 6 0 0 0 
0 0 0 0 0 0 2 9 8 1 0 0 
1 0 0 0 0 0 1 5 6 0 0 1 
1 0 0 0 1 0 3 2 0 2 0 1 
2 1 1 0 0 1 2 5 6 1 1 0 
1 0 0 0 0 0 3 4 5 2 0 0 
0 0 0 0 0 0 0 1 1 1 0 0 
1 1 0 1 0 1 0 1 0 0 0 1 
1 1 1 0 0 0 2 2 4 2 0 0 
1 0 0 1 0 0 1 2 5 0 0 0 
2 0 0 0 0 0 1 1 1 2 0 0 
2 0 0 0 0 0 3 9 8 2 0 0 
2 1 0 1 1 1 0 3 6 1 0 1 
0 0 0 1 0 0 2 1 0 0 0 0 
1 1 1 0 1 0 1 3 9 2 1 0 
2 0 0 1 1 1 1 4 0 1 1 1 
0 0 1 0 1 0 2 7 0 1 0 1 
2 1 0 1 0 0 2 7 0 0 1 1 
1 1 0 0 0 0 0 5 4 1 0 1 
0 0 1 1 0 0 0 6 6 2 0 0 
2 0 0 0 1 0 2 1 1 0 1 0 
0 0 0 0 0 0 1 0 4 1 0 0 
0 0 0 0 0 1 1 2 6 1 0 1 
2 0 0 0 0 0 0 9 4 0 1 1 
0 0 0 0 0 1 2 8 7 2 1 1 
2 0 0 0 0 1 0 5 8 1 0 0 
1 1 1 0 0 1 0 3 7 0 0 0 
1 1 0 0 1 0 0 6 2 0 0 1 
2 1 0 0 1 1 1 7 6 2 1 0 
1 0 0 0 0 0 1 3 2 0 0 0 
1 1 0 0 1 0 3 4 4 2 1 1 
1 1 0 1 1 0 0 4 3 2 0 0 
0 1 0 1 0 1 2 4 5 1 0 0 
2 1 1 1 1 1 2 6 4 1 0 1 
2 0 1 0 1 0 2 5 0 0 0 0 
2 1 0 0 1 0 3 1 5 1 0 0 
1 1 1 0 1 1 3 3 8 0 0 0 
0 0 1 0 0 0 1 2 3 1 0 1 
2 0 0 0 0 0 2 3 6 0 0 0 
0 0 1 0 0 0 3 8 9 2 0 0 
0 1 1 1 1 0 3 7 7 0 1 1 
1 1 0 1 1 1 3 9 8 1 0 0 
0 0 1 0 0 0 2 8 4 2 1 1 
0 0 0 0 0 0 1 0 5 2 0 0 
0 1 1 1 0 0 2 1 9 1 0 0 
1 1 1 0 0 0 0 1 6 1 0 0 
0 0 0 0 0 0 0 5 2 0 1 1 
0 1 1 0 0 1 3 6 3 0 0 0 
2 1 1 1 1 0 0 4 6 0 0 0 
1 0 0 0 1 0 1 7 7 0 0 1 
0 0 0 0 0 0 2 7 5 2 0 0 
2 1 1 0 0 0 2 3 3 0 0 0 
0 1 0 0 1 0 1 5 7 1 0 1 
1 0 0 1 0 0 1 6 9 0 0 0 
1 0 0 0 0 0 2 9 6 2 0 0 
1 0 0 0 0 1 3 1 9 1 0 1 
2 1 0 0 0 1 0 5 0 2 0 1 
0 0 1 0 0 1 0 5 1 2 0 1 
0 0 0 0 1 0 2 6 2 0 0 0 
2 0 0 0 0 0 2 1 2 0 0 0 
2 0 1 0 1 1 0 9 8 1 1 1 
0 0 0 0 0 0 1 0 2 1 0 0 
2 0 0 0 0 0 1 6 5 2 1 0 
0 0 1 1 0 0 1 5 7 0 1 0 
1 0 0 1 0 0 0 4 1 1 1 0 
0 1 0 0 1 0 1 9 3 2 0 1 
1 1 1 1 1 0 2 4 7 1 1 0 
0 0 1 0 0 0 0 0 4 0 1 0 
1 0 0 0 0 0 3 6 7 2 0 1 
0 0 0 1 0 0 2 3 1 1 1 1 
1 1 0 0 1 1 2 2 5 1 0 0 
1 0 1 1 1 1 3 0 5 0 0 0 
0 1 0 0 0 0 3 2 6 2 0 0 
0 0 0 0 0 0 3 2 3 1 0 0 
0 1 1 0 0 0 2 2 7 2 0 1 
2 1 0 0 0 1 3 4 2 2 0 0 
0 0 0 0 0 0 3 4 6 2 0 0 
1 0 1 0 0 0 1 4 1 2 0 0 
2 0 0 1 0 0 0 5 0 1 0 0 
0 1 0 0 0 0 1 4 7 0 1 0 
1 1 0 0 0 1 1 8 0 1 0 0 
1 0 0 0 0 0 0 0 6 2 1 0 
1 1 1 0 0 1 0 7 1 1 1 1 
0 0 1 0 1 1 3 9 4 0 1 0 
0 0 1 0 1 1 3 7 3 1 1 1 
0 0 0 0 0 0 0 8 7 1 1 0 
1 0 0 0 0 0 0 7 4 1 0 0 
0 0 0 1 0 0 1 3 9 1 0 1 
0 0 0 0 0 1 2 7 3 0 1 1 
2 1 0 1 0 0 3 2 1 2 1 0 
1 0 0 0 0 0 1 0 0 0 0 0 
0 0 1 0 0 0 2 7 2 2 0 0 
0 1 0 0 1 0 3 2 3 2 0 0 
1 1 1 0 0 0 0 0 4 1 0 0 
0 0 0 0 0 0 1 7 0 0 0 0 
0 1 1 0 1 1 1 6 5 2 0 1 
0 0 0 0 0 0 0 7 7 1 0 0 
0 0 0 0 0 0 0 7 6 0 1 1 
2 1 1 0 0 1 2 8 9 2 0 0 
2 0 1 0 0 0 1 3 8 1 0 0 
2 0 0 0 0 0 3 8 4 0 0 0 
2 0 0 0 0 0 0 1 5 2 0 0 
0 1 1 1 1 0 1 0 0 2 1 0 
0 1 0 0 0 0 3 3 6 2 0 0 
2 1 0 0 0 1 2 6 8 0 1 1 
1 1 0 0 0 0 1 7 8 0 1 0 
2 0 1 0 0 0 3 9 2 1 0 0 
0 0 0 0 0 0 1 9 2 0 0 0 
0 0 0 0 0 0 3 1 2 0 0 1 
2 0 1 1 1 1 1 2 7 2 0 0 
1 1 1 1 0 0 3 7 6 1 0 0 
1 1 0 1 0 1 2 5 2 1 0 0 
0 0 0 1 1 0 2 5 3 2 0 0 
2 0 1 0 0 1 3 3 6 2 1 1 
2 0 0 0 0 1 0 4 8 1 0 1 
0 0 1 0 1 1 0 1 4 1 1 0 
0 1 0 1 0 1 0 3 4 1 1 1 
2 1 1 1 0 1 0 0 2 1 1 0 
0 1 1 0 0 1 2 5 0 2 0 1 
0 0 0 1 0 0 1 0 5 1 0 0 
1 0 0 1 1 0 1 1 1 1 1 1 
1 0 0 0 0 0 3 3 2 1 0 0 
2 0 1 0 0 0 0 3 4 2 0 0 
0 1 1 1 0 1 0 0 7 0 1 1 
1 0 0 0 0 0 1 1 2 2 0 0 
2 0 0 0 0 0 3 8 5 1 0 0 
0 1 1 0 0 1 0 8 5 2 1 0 
1 0 0 0 1 0 0 0 5 2 0 0 
2 0 0 0 1 0 2 1 9 1 1 0 
0 0 0 0 0 0 3 1 3 2 0 0 
2 0 0 0 0 1 0 5 6 2 1 1 
1 1 1 1 0 1 0 3 3 1 1 0 
1 0 1 0 0 0 0 1 9 2 0 1 
0 0 1 0 1 0 3 4 1 0 1 1 
2 0 0 0 0 0 3 0 2 0 0 0 
0 0 0 0 0 0 0 0 3 1 0 0 
0 0 1 1 0 0 0 6 2 1 0 0 
0 0 0 0 0 0 3 9 4 2 0 0 
0 1 1 0 0 1 1 1 4 0 0 0 
0 0 0 0 0 0 2 3 3 2 1 0 
1 0 0 0 0 0 1 3 6 1 0 0 
2 0 0 0 0 0 1 0 7 0 0 0 
0 1 1 1 0 0 0 6 7 0 0 1 
0 0 0 1 0 0 0 9 8 0 0 1 
2 0 0 0 0 0 0 1 7 2 0 0 
0 0 0 0 0 0 2 7 9 2 1 0 
0 0 0 0 1 1 2 4 6 2 0 1 
0 0 0 1 0 0 2 4 7 1 0 1 
2 0 1 0 1 0 3 2 1 1 0 1 
0 1 1 0 0 0 3 2 7 1 0 1 
2 0 0 0 0 1 0 4 4 0 0 0 
1 0 0 0 0 0 3 8 8 0 0 0 
1 0 0 1 1 0 1 8 3 1 1 1 
0 0 0 0 1 0 1 5 0 2 0 0 
1 1 0 1 0 0 1 3 5 2 0 0 
0 0 0 0 0 0 0 0 4 2 0 0 
1 0 0 0 1 0 1 4 5 1 0 0 
1 0 1 0 0 0 1 3 4 2 0 1 
0 1 1 0 0 1 3 7 9 2 0 1 
2 0 0 0 0 0 1 3 2 2 0 0 
0 0 0 0 0 0 0 4 9 1 1 0 
0 0 1 1 0 0 3 1 4 1 0 0 
2 1 1 1 0 1 1 7 7 0 0 0 
2 0 0 0 0 0 3 4 9 1 0 1 
0 1 0 0 1 0 0 7 4 0 1 1 
0 0 0 0 0 0 2 5 5 0 1 0 
1 1 1 0 0 0 1 8 5 0 1 0 
0 0 0 0 0 1 2 2 5 0 1 0 
1 1 0 0 1 0 0 8 1 0 1 1 
2 0 0 0 0 1 2 0 4 0 0 1 
1 1 0 0 1 1 0 8 7 0 0 1 
0 0 1 0 0 1 3 2 6 0 0 1 
1 1 0 0 0 0 1 5 2 0 1 0 
0 0 0 0 0 0 2 3 1 0 0 0 
0 1 0 1 0 0 0 1 4 2 0 1 
2 1 0 0 1 0 2 3 7 0 1 1 
2 1 0 0 1 1 2 1 7 0 1 0 
0 1 0 0 0 0 2 1 5 0 1 0 
2 0 0 0 1 0 0 8 3 0 0 1 
0 0 0 0 0 1 3 2 7 0 0 0 
1 0 0 1 1 1 0 0 4 1 1 1 
0 1 0 0 0 0 3 0 5 0 1 1 
0 0 0 0 0 0 3 0 1 2 0 0 
0 0 0 0 0 0 0 2 6 2 0 0 
0 0 0 1 0 1 1 2 5 1 1 1 
0 0 0 0 0 0 1 0 6 0 0 0 
0 0 0 0 0 0 3 4 7 0 0 0 
1 0 0 0 0 1 2 4 4 0 0 1 
1 0 0 0 0 0 2 7 3 1 0 0 
1 0 0 0 0 0 0 7 9 2 0 0 
1 0 0 0 0 0 3 5 4 2 0 0 
1 1 1 1 0 1 3 2 0 1 1 0 
1 0 1 0 1 1 1 0 0 1 1 1 
0 0 0 0 1 0 1 6 2 2 1 1 
1 1 0 1 1 0 2 3 6 2 0 1 
2 0 0 1 0 0 2 6 2 2 1 1 
2 1 0 1 0 1 1 3 4 0 1 0 
0 0 0 0 1 1 2 0 0 0 0 0 
2 0 0 0 0 0 1 6 6 2 0 0 
2 0 0 1 1 1 2 6 3 0 1 0 
0 1 1 1 1 1 1 7 3 0 0 0 
2 1 0 0 1 0 3 5 2 2 0 0 
0 0 1 1 0 1 2 8 5 1 0 0 
2 1 0 0 0 1 1 0 8 2 0 0 
0 0 0 1 0 0 3 8 5 0 0 0 
0 0 0 0 0 0 3 3 7 2 0 0 
0 1 1 0 1 0 1 1 8 0 0 0 
1 0 0 0 0 0 3 0 7 0 0 0 
2 0 1 1 0 0 1 8 9 1 0 1 
1 1 0 1 0 1 1 0 3 0 1 0 
0 1 0 0 0 0 0 2 0 1 1 1 
1 0 0 0 0 0 3 2 9 0 1 1 
1 1 1 0 1 0 1 8 4 2 0 0 
2 1 0 0 0 1 2 0 9 1 0 1 
2 0 0 0 0 1 0 9 1 0 0 0 
0 0 0 1 0 1 1 1 2 0 1 1 
0 0 0 0 0 0 3 8 4 2 0 0 
0 0 0 1 0 0 2 2 3 1 0 0 
1 0 1 0 0 0 2 0 4 2 0 0 
0 0 0 0 0 0 0 6 3 2 0 0 
2 1 1 0 0 1 2 7 8 0 0 1 
2 0 1 0 1 0 2 6 4 0 1 0 
1 0 0 0 0 0 2 4 0 0 0 0 
1 0 0 1 0 0 2 5 5 0 0 0 
0 1 0 0 1 0 2 9 2 1 1 1 
1 0 0 0 0 0 2 1 5 2 0 0 
1 0 1 1 0 1 0 6 4 2 0 0 
1 0 0 1 1 0 2 4 2 2 0 1 
1 1 1 1 0 1 0 6 9 1 1 1 
0 1 0 0 1 1 2 7 6 1 1 0 
2 0 0 0 0 0 1 7 8 0 0 0 
2 0 0 0 0 0 1 1 7 0 0 0 
2 0 0 0 0 0 0 0 6 1 0 0 
0 1 1 1 1 1 1 3 6 0 1 1 
1 1 0 0 0 0 2 4 6 0 0 0 
0 0 0 0 0 0 0 7 3 0 0 0 
0 1 0 1 1 1 3 3 7 1 0 0 
0 0 0 0 0 0 0 0 2 2 0 0 
0 0 1 0 0 1 3 6 2 1 1 0 
1 1 1 1 0 0 2 3 4 2 1 0 
1 1 0 0 1 0 0 0 2 0 1 1 
0 0 1 0 1 0 2 6 0 1 1 0 
1 0 0 0 0 1 3 2 2 0 0 0 
1 1 0 1 1 1 1 6 1 2 1 1 
0 0 0 0 0 1 3 1 5 0 0 0 
2 0 1 1 0 1 0 8 1 0 0 0 
0 0 0 0 0 0 0 5 1 2 1 0 
2 0 0 0 0 1 3 5 3 2 1 0 
0 0 1 1 1 1 2 8 3 0 0 0 
2 0 1 1 1 1 1 4 7 2 1 0 
2 1 1 0 0 1 3 6 7 1 0 1 
0 0 0 1 1 1 2 1 7 2 0 0 
1 0 1 0 0 0 0 3 9 0 0 0 
0 0 0 0 0 0 3 8 2 0 1 0 
2 1 1 0 0 0 1 0 1 0 1 1 
0 0 0 0 0 0 2 5 5 2 0 0 
2 0 0 0 0 0 3 5 8 0 1 1 
2 0 0 0 0 0 2 2 1 1 0 0 
1 0 0 0 0 0 3 9 0 1 0 0 
2 1 1 0 0 0 1 2 4 1 1 1 
1 1 1 0 0 1 1 2 2 1 1 1 
2 1 1 0 0 0 1 6 0 2 0 1 
0 0 0 1 1 0 2 8 9 0 0 1 
1 0 0 1 0 0 0 7 2 1 1 1 
2 0 0 0 0 0 0 0 5 0 0 0 
0 0 0 0 0 0 1 3 8 0 0 0 
0 0 0 1 0 1 1 0 1 1 0 0 
0 1 1 1 0 1 0 0 5 2 1 1 
2 0 0 0 0 0 3 9 4 1 0 0 
1 0 1 0 0 1 2 0 8 2 1 0 
2 1 1 0 1 1 2 7 3 2 1 0 
1 0 1 0 1 0 2 1 2 1 0 1 
2 0 0 1 0 0 0 9 9 2 1 0 
0 0 0 0 1 0 1 8 3 1 0 0 
2 0 0 0 0 0 2 9 3 0 0 1 
1 1 0 1 1 0 1 2 2 2 0 0 
1 1 1 0 0 1 0 7 3 0 1 1 
0 0 1 0 0 0 2 0 5 0 0 0 
1 0 0 1 0 0 2 1 0 1 1 0 
0 0 0 0 0 0 0 3 6 2 0 0 
0 0 1 0 1 1 1 0 4 0 0 1 
2 0 0 0 1 1 0 7 7 2 1 1 
2 0 0 1 1 0 0 5 1 1 1 0 
1 1 1 1 1 0 1 9 0 2 0 0 
0 0 0 1 0 0 1 7 0 1 0 0 
1 0 0 1 0 1 0 6 7 2 0 0 
1 1 1 0 0 1 2 9 4 2 0 0 
1 0 0 0 0 0 3 6 3 1 1 0 
2 0 1 0 0 0 1 6 3 2 1 0 
2 0 0 0 0 0 3 6 0 1 0 0 
1 1 1 0 0 0 2 6 7 2 1 1 
0 1 1 0 0 1 2 4 0 1 1 1 
0 1 0 0 1 0 3 6 4 1 0 0 
0 0 0 0 0 0 0 0 0 0 0 0 
0 0 0 0 0 0 3 7 0 0 1 0 
1 1 0 0 0 0 2 4 8 2 0 0 
0 0 0 0 0 0 0 7 5 2 0 0 
0 1 0 0 1 0 2 3 8 2 1 1 
1 0 0 0 0 0 2 3 0 2 1 0 
2 1 1 0 0 1 3 4 5 1 1 0 
1 1 0 1 0 0 2 5 0 2 1 0 
1 0 0 0 0 1 1 2 0 2 1 1 
0 1 1 0 0 1 2 3 0 1 0 0 
0 1 1 0 0 0 0 4 3 1 1 1 
0 1 1 1 0 1 3 8 1 0 0 1 
0 1 0 1 1 0 1 1 3 2 1 0 
2 0 0 0 1 1 2 2 4 1 0 0 
0 0 0 0 0 0 1 6 1 0 0 0 
0 0 0 0 0 0 0 3 5 1 0 0 
2 1 1 1 1 0 3 9 1 2 0 0 
1 0 1 1 0 1 0 3 0 2 0 1 
2 0 1 1 1 0 0 8 7 2 1 0 
1 0 1 1 0 1 0 6 3 1 0 0 
1 0 1 1 0 0 1 7 4 2 1 1 
0 0 0 0 0 0 2 4 5 2 0 0 
2 1 1 0 1 0 1 2 3 1 0 0 
2 1 1 1 0 1 1 5 4 1 1 1 
2 1 0 0 1 0 0 4 5 2 1 0 
0 0 1 0 0 0 0 4 7 0 0 1 
1 0 0 0 0 1 0 9 3 1 0 0 
0 0 0 0 0 0 0 2 4 2 0 0 
2 0 0 0 1 0 0 6 1 2 0 0 
0 0 0 0 0 1 0 6 7 0 1 0 
0 0 0 0 0 0 0 7 4 1 0 1 
0 0 1 0 0 0 0 3 6 1 1 0 
0 0 0 0 0 1 1 5 5 0 0 1 
0 0 0 0 0 1 0 1 7 1 1 1 
2 0 1 0 0 1 1 1 3 2 0 1 
1 0 0 0 1 0 0 8 6 2 1 0 
2 1 1 0 1 1 0 0 0 0 1 0 
2 0 1 1 1 0 0 2 4 0 0 0 
1 1 0 0 0 1 1 8 2 1 0 1 
0 1 0 1 1 1 0 2 3 0 1 1 
0 0 0 0 0 0 2 7 7 0 0 0 
1 1 0 1 0 0 0 3 9 1 1 0 
0 1 0 1 0 0 1 8 7 0 1 0 
0 0 0 1 0 0 1 6 4 0 0 0 
0 0 0 0 0 0 1 9 5 0 0 0 
0 0 0 0 0 1 1 4 3 2 1 0 
0 0 0 1 1 0 3 8 6 2 0 0 
2 1 1 0 1 0 2 9 0 1 1 1 
0 0 1 1 1 0 0 5 6 1 0 1 
0 0 0 0 1 1 2 8 8 0 1 1 
1 0 0 0 0 0 2 7 6 0 0 0 
0 0 0 0 1 0 2 6 6 0 1 1 
2 0 0 0 1 0 1 3 6 0 0 0 
0 1 0 1 1 1 3 6 1 0 0 1 
1 1 1 1 1 1 3 1 3 0 1 0 
2 1 0 1 0 0 2 9 8 0 1 0 
2 0 0 0 0 0 2 0 8 1 0 1 
0 0 1 1 1 0 0 9 1 1 0 1 
2 0 0 1 0 1 3 6 1 2 0 0 
1 0 1 0 1 1 3 8 5 1 1 1 
0 0 0 0 1 0 1 8 6 0 0 1 
2 0 0 0 0 0 1 2 2 0 0 0 
0 0 0 1 1 1 0 0 6 2 1 0 
1 0 0 0 1 0 2 8 5 0 0 0 
0 0 0 0 0 0 2 9 3 1 0 0 
0 1 0 1 0 0 3 5 3 0 0 0 
0 1 0 1 1 1 1 5 6 2 1 0 
1 0 0 1 0 0 1 0 6 0 1 1 
2 0 0 0 0 0 2 4 4 2 0 0 
2 0 1 1 1 0 1 0 8 0 1 1 
1 1 1 1 0 0 3 0 1 1 0 0 
0 0 1 0 0 1 0 9 0 1 0 0 
2 0 0 0 0 0 3 2 2 0 0 0 
0 0 0 0 0 0 2 4 7 2 0 0 
0 0 1 0 0 0 3 2 4 0 0 0 
1 1 0 0 0 1 1 8 3 0 1 0 
0 0 0 0 0 0 1 7 8 1 0 0 
2 1 0 0 0 1 3 3 5 2 0 1 
1 0 0 1 1 1 3 2 8 2 1 0 
1 1 0 1 0 0 2 0 0 1 0 0 
2 1 1 0 0 1 2 9 1 0 0 0 
1 0 0 0 0 0 3 8 0 1 1 1 
2 1 0 0 1 0 1 2 5 0 1 0 
0 0 1 1 1 0 2 4 4 0 1 0 
2 0 1 0 0 0 2 4 5 0 1 0 
1 0 0 1 1 0 3 8 1 2 0 0 
2 1 0 0 0 1 1 5 1 2 0 0 
2 0 0 0 0 0 1 1 5 0 0 0 
0 1 0 0 0 1 3 5 0 1 1 0 
1 1 0 0 1 0 2 8 6 1 1 1 
2 1 1 0 1 0 2 1 6 2 0 0 
0 0 0 0 0 0 2 6 0 2 0 0 
1 1 0 0 0 1 2 8 8 1 0 0 
1 1 0 1 0 0 3 7 3 1 0 0 
0 1 1 1 1 1 2 0 8 0 0 0 
0 0 0 0 0 0 0 0 5 1 0 0 
2 0 0 0 0 0 2 8 4 1 0 0 
0 1 1 0 0 0 1 9 4 1 1 0 
2 0 1 0 1 0 3 0 7 2 1 0 
1 1 1 0 0 1 2 6 2 2 0 0 
2 0 1 1 0 1 3 2 3 2 1 1 
1 0 0 1 0 0 3 6 1 1 0 0 
1 0 0 0 1 1 3 6 0 2 0 0 
1 1 0 0 0 0 2 1 2 0 1 0 
1 0 0 0 0 0 2 6 4 0 0 0 
1 1 0 1 1 1 3 5 1 2 0 0 
2 0 0 0 0 0 3 1 1 1 0 1 
1 0 1 1 1 0 2 9 7 0 0 1 
1 0 0 0 1 0 0 4 6 2 0 0 
1 0 0 0 1 1 0 6 6 0 0 1 
0 0 1 1 1 0 1 8 2 2 1 0 
2 0 0 0 1 0 2 1 8 2 1 0 
2 1 1 0 0 0 3 6 6 0 0 1 
0 1 1 1 1 0 3 7 2 1 1 1 
0 0 0 0 0 0 3 6 2 2 0 0 
1 1 0 0 0 0 1 2 7 0 0 1 
1 0 0 0 0 0 0 6 9 0 0 0 
2 0 0 1 1 0 3 6 9 1 1 0 
1 1 1 0 0 1 1 5 9 0 0 1 
0 0 0 1 0 1 3 4 1 2 1 0 
2 0 0 0 1 0 3 8 9 0 0 0 
0 0 0 0 0 0 3 7 2 0 0 0 
2 0 0 1 0 1 1 9 6 2 0 0 
2 0 0 1 0 1 0 3 5 2 1 0 
0 1 0 0 1 0 1 5 4 2 1 0 
0 0 0 1 0 0 3 6 6 1 1 0 
0 1 0 1 0 0 0 1 6 0 0 0 
0 0 1 1 0 0 0 8 2 1 0 1 
0 0 0 0 0 0 1 8 9 2 0 0 
1 1 1 1 0 0 3 3 5 1 0 0 
0 0 1 0 0 0 0 7 9 0 0 0 
0 0 0 0 0 0 0 7 0 1 0 0 
2 0 0 0 0 0 3 1 0 0 0 0 
2 0 0 0 0 0 2 9 5 0 0 0 
0 0 0 0 0 1 0 5 7 0 1 0 
1 0 0 0 0 0 0 2 3 2 1 1 
2 0 0 0 0 0 2 9 7 2 0 0 
2 1 1 1 0 0 0 4 2 0 0 0 
0 0 0 1 0 0 2 7 3 2 0 0 
2 1 0 0 1 0 2 7 4 2 1 1 
0 0 1 1 0 0 0 6 8 0 1 0 
0 0 0 0 1 0 1 5 1 1 0 1 
0 0 0 0 1 1 1 0 7 2 0 0 
0 0 0 0 0 0 2 4 8 1 0 0 
1 0 0 1 0 0 3 3 8 1 1 1 
2 1 0 0 0 1 1 7 0 2 1 0 
2 0 0 0 0 0 1 0 3 0 0 0 
0 1 0 0 0 0 3 1 9 0 0 0 
2 0 0 0 0 0 3 4 4 0 0 0 
1 1 1 0 0 1 3 1 1 0 1 0 
2 1 1 1 0 0 1 9 2 1 0 0 
2 0 1 0 0 1 2 8 2 2 0 1 
2 1 0 0 0 0 1 8 1 0 1 1 
0 0 0 1 0 0 0 5 2 2 0 0 
1 0 0 1 1 1 2 1 9 0 0 1 
1 0 0 1 0 0 1 9 9 2 0 1 
0 1 0 0 1 0 3 1 6 0 1 1 
0 0 0 0 1 0 0 3 7 2 0 1 
2 0 0 0 0 0 0 3 2 0 0 0 
2 0 0 0 0 0 2 9 6 1 0 0 
0 0 0 0 1 1 3 0 4 2 1 0 
0 0 0 0 0 0 3 6 4 2 0 1 
0 1 1 1 0 1 0 7 0 2 0 0 
0 1 0 0 0 1 2 0 2 2 1 1 
0 1 1 0 1 1 0 9 9 0 0 0 
2 0 0 0 0 0 1 3 6 2 1 1 
1 1 1 1 0 0 2 8 8 0 0 1 
2 0 0 0 1 0 1 3 5 1 0 0 
0 1 1 0 1 1 0 5 3 0 0 0 
0 0 0 0 0 0 0 0 4 0 0 0 
2 0 0 0 0 0 3 6 8 2 0 0 
0 0 0 0 0 0 3 9 6 0 1 1 
2 1 1 0 1 0 1 4 2 2 1 1 
0 0 0 0 0 0 2 3 7 2 0 0 
0 0 0 0 0 0 3 5 1 1 0 0 
0 1 0 0 0 0 2 8 1 1 0 0 
1 1 0 1 0 0 2 1 3 2 1 1 
0 0 0 1 1 0 3 7 4 0 0 1 
2 0 0 0 0 0 2 5 2 0 1 0 
2 1 1 0 0 0 0 0 6 0 0 1 
0 0 0 0 0 0 2 9 2 2 0 0 
2 1 1 0 0 0 3 7 6 0 1 0 
0 0 0 0 1 0 0 1 3 0 0 0 
0 0 1 0 0 0 3 2 5 1 0 0 
1 0 0 0 0 0 1 0 5 0 1 0 
2 0 0 0 0 0 0 5 4 0 0 0 
1 0 1 1 0 0 1 9 3 1 0 0 
0 1 0 1 0 0 3 3 1 0 0 0 
0 0 1 0 1 0 0 5 4 2 0 0 
1 0 0 0 0 0 2 3 2 0 0 0 
1 0 1 0 0 0 1 4 6 0 1 1 
0 0 0 1 0 0 1 4 4 2 1 1 
1 0 0 0 1 1 3 5 7 0 0 0 
2 1 0 0 1 1 0 3 0 2 1 0 
1 0 1 1 0 0 0 7 7 0 1 0 
0 1 0 0 1 0 3 8 5 2 0 1 
2 0 0 0 0 0 0 6 4 0 0 0 
1 0 0 0 0 0 2 7 8 2 0 0 
0 0 0 0 0 1 1 9 8 1 0 0 
0 0 1 0 1 0 2 2 8 0 1 0 
0 0 0 0 0 0 0 7 1 0 0 0 
0 1 0 0 0 0 3 2 0 2 0 0 
0 1 0 1 0 0 1 7 9 2 0 1 
2 0 0 1 0 0 1 7 2 2 1 1 
0 0 0 0 0 0 2 3 6 1 0 0 
2 0 1 0 1 1 2 2 2 0 1 0 
2 1 0 1 1 0 0 6 6 2 1 1 
0 0 1 0 1 1 0 4 2 1 0 1 
1 1 0 0 0 0 2 8 9 1 1 1 
2 0 0 1 0 1 0 4 3 0 1 0 
2 0 0 1 0 0 0 0 1 2 0 0 
0 0 0 0 0 0 2 7 0 2 0 0 
0 0 0 1 1 0 2 7 9 0 1 0 
1 1 0 0 1 0 0 6 7 1 1 0 
0 0 0 0 1 0 1 6 3 1 0 0 
1 0 0 0 0 0 0 4 5 0 1 0 
1 1 0 1 0 0 0 1 5 1 1 0 
0 0 0 0 0 0 2 0 3 2 0 0 
0 0 0 0 1 1 2 6 7 1 0 0 
0 0 0 0 0 0 3 6 2 0 0 0 
2 1 1 1 0 1 0 1 8 0 1 1 
0 1 0 0 1 1 0 4 7 1 1 1 
2 1 0 0 0 1 0 3 1 0 1 1 
1 0 1 0 1 0 2 8 2 0 0 0 
1 0 0 0 0 1 3 5 9 1 1 1 
0 0 0 0 1 0 2 6 8 2 0 0 
1 0 0 1 0 0 0 3 6 0 0 0 
1 1 1 0 0 1 2 1 8 1 0 0 
1 1 0 0 0 0 0 3 5 0 0 1 
2 1 0 1 0 0 0 1 2 1 0 1 
1 0 0 0 0 1 2 4 3 1 1 1 
2 0 0 0 0 0 3 2 4 2 0 1 
1 0 0 0 1 0 2 7 5 0 0 0 
2 1 1 1 1 1 0 7 2 0 1 0 
0 0 1 0 0 0 0 8 9 0 0 0 
0 0 1 0 0 1 1 9 3 0 1 0 
2 0 0 1 1 1 2 0 6 0 0 1 
2 0 0 0 0 0 2 6 4 2 0 0 
2 0 0 1 0 1 0 9 0 2 1 1 
1 1 0 1 0 0 3 3 0 2 0 0 
0 0 0 0 0 0 0 9 3 0 0 0 
2 1 0 0 1 1 0 2 9 0 0 1 
2 0 0 1 1 0 0 1 9 0 1 0 
1 0 0 0 0 0 3 2 6 1 0 0 
2 0 1 1 0 0 3 9 9 0 0 0 
2 0 1 0 1 1 3 6 6 2 1 0 
2 1 1 0 0 0 3 6 9 0 0 0 
0 0 1 0 0 0 3 0 3 0 1 1 
2 0 1 0 0 1 0 7 0 0 1 0 
2 0 0 1 1 0 3 7 9 2 0 0 
2 1 1 0 0 1 2 8 3 1 1 1 
1 0 0 0 0 0 3 7 2 2 0 0 
2 1 0 0 0 0 1 4 3 1 0 0 
1 0 0 1 0 0 3 7 5 2 1 1 
2 0 0 1 0 1 3 2 7 0 1 0 
1 1 0 0 1 1 3 5 5 0 1 1 
1 0 1 0 0 0 0 5 8 0 1 1 
0 0 1 0 1 1 1 8 0 0 1 1 
2 0 0 0 1 1 2 5 4 2 0 1 
0 0 1 1 1 0 2 5 9 1 1 1 
0 0 0 1 1 0 3 4 2 1 1 0 
0 1 1 0 1 1 1 6 4 2 1 0 
1 0 1 1 1 0 0 9 5 2 1 0 
2 1 0 0 0 1 2 2 7 0 0 0 
0 0 0 1 0 0 0 4 6 0 0 1 
0 0 1 0 1 1 1 6 9 1 0 0 
1 0 0 0 1 0 3 3 3 0 0 0 
2 1 0 0 0 0 0 4 0 1 0 0 
1 1 0 0 0 1 1 6 3 0 1 0 
1 0 1 1 0 0 3 1 5 2 1 1 
1 0 1 0 0 0 0 8 3 2 0 0 
1 0 1 1 1 1 2 0 1 0 1 1 
1 0 1 0 1 0 2 5 1 1 0 1 
1 0 0 0 1 0 3 9 1 0 1 1 
2 0 0 0 0 0 1 1 4 2 0 0 
2 1 1 0 1 1 1 1 9 2 1 1 
0 0 0 0 0 0 1 0 0 0 0 1 
1 0 0 0 0 0 0 9 6 0 0 0 
1 0 0 0 1 1 0 1 8 2 0 1 
1 0 0 0 0 1 0 2 0 0 0 0 
1 1 0 0 0 0 2 0 5 1 0 1 
1 0 0 0 0 0 0 1 5 0 0 0 
0 0 0 1 0 0 2 1 8 0 0 1 
1 0 1 0 1 0 0 9 0 0 1 0 
1 0 0 1 1 0 3 5 0 2 0 1 
0 0 0 0 0 0 0 6 6 1 0 0 
1 1 0 0 0 0 2 2 8 2 0 1 
0 0 0 0 0 0 3 0 6 1 0 0 
0 1 0 0 1 1 1 2 1 2 0 1 
2 1 1 1 0 0 0 5 3 2 0 1 
2 0 1 1 0 1 0 7 4 0 0 1 
1 0 1 1 0 1 3 4 2 0 0 1 
2 0 0 0 0 0 3 2 0 1 0 0 
2 1 1 1 1 1 1 1 1 1 0 1 
0 0 1 1 0 1 1 1 7 0 1 0 
1 0 0 1 1 0 3 0 3 1 0 0 
2 1 0 1 1 0 1 6 7 1 1 0 
1 1 0 0 0 1 0 4 9 0 0 0 
0 0 1 0 0 1 3 7 8 0 0 0 
2 1 1 0 1 0 2 2 9 1 1 1 
0 1 0 0 0 0 1 1 7 1 0 1 
2 0 1 0 1 0 1 5 3 0 1 0 
0 0 0 0 0 0 1 6 8 0 0 1 
2 0 1 1 1 0 2 1 5 0 0 1 
2 1 0 1 0 0 0 7 8 2 0 1 
0 0 0 0 0 0 2 0 4 1 0 0 
0 1 1 1 1 1 1 3 2 1 0 1 
0 1 0 0 0 0 0 2 5 0 0 1 
0 0 1 0 1 0 3 4 6 0 0 0 
2 0 0 0 1 0 2 4 8 0 1 0 
2 0 1 1 1 0 3 8 8 1 1 1 
2 0 1 1 1 1 3 1 2 1 1 0 
0 0 0 0 0 0 3 9 8 1 1 1 
1 0 0 0 1 0 1 1 7 2 0 1 
2 0 1 1 1 0 0 3 1 0 0 0 
2 0 0 1 1 1 0 8 5 0 1 1 
2 1 1 1 0 1 3 5 5 2 0 1 
2 0 0 1 1 0 0 1 0 0 1 0 
1 0 0 0 0 0 2 2 2 0 0 0 
2 0 0 0 0 1 0 7 3 2 0 0 
0 0 0 1 0 1 1 1 0 2 0 1 
1 1 1 0 0 1 3 1 0 1 0 0 
0 1 0 0 1 0 0 3 4 0 0 0 
1 0 1 1 0 1 3 5 2 0 1 1 
1 0 0 0 0 0 1 5 3 2 0 0 
2 0 0 0 0 0 2 7 5 0 0 0 
1 0 0 0 1 0 3 9 3 2 1 1 
0 0 0 1 1 1 2 2 0 2 1 0 
0 0 0 0 0 0 2 2 6 1 0 0 
0 1 0 1 1 0 3 2 6 1 0 0 
2 0 0 0 0 0 1 1 2 0 0 0 
2 1 0 1 1 0 0 7 5 0 0 0 
0 1 0 1 0 0 1 6 9 2 1 1 
0 1 0 0 0 0 0 0 3 0 0 1 
0 0 0 0 0 0 3 7 5 0 0 0 
1 1 1 0 1 0 0 2 8 1 0 0 
0 0 0 0 0 0 1 1 3 1 0 0 
1 0 1 0 0 1 0 4 0 1 0 1 
0 0 0 0 1 0 0 4 0 2 1 0 
1 0 0 0 0 0 1 2 9 1 1 0 
1 0 1 0 0 0 0 0 1 1 1 0 
2 1 0 1 1 0 3 6 2 1 0 0 
2 0 0 0 1 0 2 8 3 2 0 0 
0 1 1 0 0 0 3 3 4 2 0 0 
0 0 1 1 1 1 0 1 1 0 1 1 
1 0 0 1 1 1 0 5 4 0 1 0 
2 0 0 0 0 0 1 8 2 0 0 0 
0 0 1 1 0 0 3 5 4 1 0 0 
2 0 1 0 1 1 1 9 2 0 1 1 
0 0 0 0 0 0 0 1 9 1 0 0 
1 1 0 1 0 0 3 8 2 2 0 1 
1 0 0 0 0 1 2 3 9 1 0 1 
0 0 1 1 1 0 1 3 3 0 1 0 
0 1 0 0 0 0 2 2 2 2 0 0 
2 0 0 0 0 1 3 7 2 1 0 0 
0 0 0 0 0 0 1 9 5 2 0 0 
2 1 1 0 1 0 1 9 6 0 1 1 
2 0 0 0 0 1 1 3 9 0 0 0 
1 0 0 1 0 0 2 0 3 0 0 0 
0 0 0 0 0 1 3 2 1 0 0 0 
2 0 0 0 0 0 2 8 7 0 0 1 
0 0 1 1 0 0 2 3 7 0 0 1 
1 0 0 0 0 0 1 8 7 2 0 1 
2 0 0 0 0 0 1 7 3 1 0 0 
2 0 0 1 0 1 0 8 6 0 0 1 
1 1 0 0 1 1 0 2 4 0 1 1 
1 0 0 1 1 1 0 7 6 0 1 0 
2 0 0 0 0 0 2 3 9 2 0 0 
1 0 0 1 1 0 1 0 9 1 0 1 
0 1 0 0 0 0 0 0 1 0 0 0 
2 0 0 0 1 1 1 7 5 2 1 0 
2 1 1 1 1 0 0 0 3 2 0 0 
0 1 0 1 0 1 0 8 3 2 1 1 
0 0 0 0 0 0 0 1 8 0 0 0 
0 1 0 1 1 1 2 8 2 0 1 1 
2 0 0 0 1 0 2 0 2 2 0 0 
0 0 1 0 1 0 2 2 1 2 0 0 
1 0 0 0 0 0 3 0 0 0 0 0 
2 0 0 0 0 0 1 4 9 0 0 0 
1 0 0 0 1 0 0 2 2 0 1 1 
1 1 0 0 0 1 2 8 1 2 0 1 
1 1 1 1 0 0 3 5 6 0 1 1 
0 1 0 0 0 1 0 8 0 2 1 1 
1 0 0 1 1 1 1 4 8 1 0 1 
2 1 1 0 1 1 3 7 1 2 0 1 
0 1 0 0 0 1 1 4 4 0 0 0 
0 0 0 1 0 0 0 2 5 1 0 0 
0 0 1 1 1 1 0 9 2 2 0 1 
0 1 0 1 0 1 1 4 9 2 0 0 
1 0 1 1 0 1 0 4 5 0 0 0 
2 1 0 1 1 0 3 8 3 0 0 0 
1 1 1 1 1 0 0 8 0 1 0 0 
0 0 0 1 1 1 0 3 8 0 1 0 
1 0 0 0 0 1 0 5 3 1 0 0 
1 0 1 1 1 1 1 7 8 2 0 1 
2 0 0 0 0 0 1 0 0 0 0 0 
2 0 0 1 0 0 1 3 1 2 1 0 
2 1 1 1 0 0 3 0 4 2 0 1 
1 0 0 1 0 0 0 2 8 0 0 1 
0 0 1 1 0 1 1 9 9 1 1 0 
2 0 0 0 0 0 1 6 1 1 0 0 
2 0 0 0 0 0 0 1 2 0 0 0 
0 0 0 0 1 1 0 7 8 2 1 0 
0 0 0 1 1 0 0 0 7 1 0 0 
0 0 1 1 0 1 3 4 7 2 0 0 
2 1 0 1 1 1 1 5 0 0 1 1 
2 1 1 0 0 0 0 9 4 2 0 0 
2 0 1 1 1 0 2 4 0 2 0 0 
0 0 0 0 0 0 3 0 5 2 0 0 
1 0 0 0 0 0 3 1 2 0 0 0 
2 1 0 1 1 1 0 7 9 1 0 1 
1 0 0 0 0 0 1 6 4 1 0 1 
0 1 1 0 0 0 1 4 8 1 0 1 
1 0 0 0 0 0 1 0 8 0 0 0 
2 1 0 0 1 0 1 9 9 0 1 0 
1 0 0 1 1 1 1 3 7 2 0 1 
1 0 0 0 0 0 0 8 2 0 0 0 
2 0 1 0 1 0 1 4 4 1 0 0 
1 0 1 1 1 1 0 4 4 2 1 1 
0 0 1 0 0 0 2 8 0 1 0 0 
2 0 0 0 1 0 0 6 7 2 0 0 
0 1 0 0 0 0 2 5 6 0 0 1 
0 1 1 1 1 0 1 1 5 2 0 0 
1 0 1 1 0 0 2 1 1 1 0 0 
0 1 1 0 0 1 0 8 6 0 1 0 
1 1 1 0 0 0 0 5 1 0 0 0 
1 1 0 1 0 0 3 4 9 2 0 0 
2 0 1 0 0 0 3 5 0 0 0 0 
2 0 1 0 0 0 3 9 0 2 0 0 
2 1 1 0 0 0 2 6 9 1 0 1 
1 0 0 0 0 0 3 0 2 2 0 0 
0 0 0 0 0 0 2 9 5 1 0 0 
0 0 1 0 0 0 3 2 8 1 0 1 
0 0 1 0 0 0 0 7 6 2 0 0 
2 0 0 0 1 1 0 4 9 2 1 1 
0 1 1 0 1 1 1 0 6 1 0 0 
0 0 0 1 0 0 2 5 1 0 0 0 
0 0 0 0 0 0 3 0 4 1 0 0 
0 0 0 0 0 0 2 4 9 0 0 0 
1 0 0 0 0 1 1 1 3 0 0 0 
2 0 0 0 0 0 2 6 0 0 0 0 
0 0 0 0 0 0 0 4 6 1 0 0 
1 0 1 0 0 0 1 6 0 0 0 0 
2 0 1 1 1 0 1 5 8 2 0 0 
1 0 1 0 1 0 3 8 9 0 1 0 
2 0 0 0 0 0 3 8 7 0 0 0 
2 1 0 1 0 1 3 0 0 0 0 1 
1 0 0 0 0 0 1 7 5 0 0 0 
0 0 0 1 1 1 0 0 1 2 1 1 
0 0 0 0 0 0 2 9 4 0 0 1 
0 1 1 0 0 1 0 9 5 1 1 1 
0 0 1 0 1 0 1 8 4 0 0 1 
0 0 0 1 0 0 1 5 9 2 1 0 
2 1 0 1 1 0 3 4 1 0 0 0 
1 0 1 0 1 1 1 5 0 1 0 1 
1 0 0 0 0 1 0 7 5 1 0 0 
1 1 1 0 0 1 1 9 8 0 1 1 
2 0 0 0 0 0 0 2 5 1 0 0 
1 1 1 1 1 0 0 1 7 1 0 0 
2 0 0 0 0 0 0 9 5 2 0 0 
2 0 0 0 1 0 2 5 7 1 1 1 
2 1 1 0 0 1 3 0 3 2 1 0 
2 1 0 1 1 1 3 8 6 1 1 1 
2 0 0 0 0 0 3 6 3 0 0 0 
1 0 0 1 1 1 2 5 8 0 1 0 
2 0 0 0 0 0 2 7 7 0 0 0 
1 0 0 0 1 1 2 3 8 1 0 0 
1 0 0 0 0 0 0 2 9 0 0 0 
1 0 1 1 0 0 3 8 7 1 0 1 
0 0 1 1 0 1 3 4 4 1 0 1 
2 0 0 0 0 0 1 6 2 0 0 0 
0 1 0 1 0 0 0 7 8 0 0 1 
0 0 1 1 1 0 0 4 9 0 0 1 
0 0 0 0 1 0 1 1 1 0 0 0 
2 0 1 1 0 0 0 3 7 1 1 0 
1 0 1 0 1 1 1 9 6 1 1 0 
0 0 0 0 0 0 1 1 5 1 0 0 
1 1 0 0 0 0 1 6 7 0 0 1 
0 0 0 0 0 1 2 5 2 2 0 0 
2 0 0 0 0 0 1 7 4 0 0 0 
0 1 1 0 0 0 0 3 8 1 0 1 
2 0 0 0 0 0 2 5 9 0 0 0 
0 0 0 0 0 0 3 4 3 0 1 1 
0 0 0 0 1 0 1 2 4 1 0 0 
1 0 1 0 0 0 1 7 6 0 0 0 
2 1 1 1 1 0 2 5 2 0 0 1 
1 1 1 0 1 1 3 7 4 2 0 0 
0 1 1 0 0 0 1 7 7 2 0 0 
2 0 0 0 0 0 0 7 1 0 0 0 
0 0 0 1 0 1 2 6 5 0 1 1 
0 1 0 1 0 1 1 7 5 1 0 0 
1 0 1 0 0 0 3 3 7 1 1 1 
1 0 1 1 1 0 0 3 4 0 0 0 
1 0 0 0 0 0 1 3 3 2 0 0 
2 0 1 0 0 0 0 4 7 2 0 0 
0 0 1 0 0 0 2 3 8 0 1 0 
2 0 0 0 1 1 1 2 8 0 1 1 
1 0 0 0 1 0 0 9 5 0 0 1 
0 0 0 0 0 0 0 8 6 1 0 0 
1 1 0 0 1 1 3 4 3 2 0 0 
1 1 1 0 1 0 2 2 0 0 0 1 
0 0 0 0 0 0 3 5 7 2 0 1 
0 1 0 0 0 1 2 5 1 1 1 0 
2 0 0 0 0 1 1 2 0 0 0 0 
1 0 0 0 0 0 1 6 8 1 1 0 
1 0 0 0 0 0 1 4 4 1 0 0 
0 0 0 0 0 0 1 7 2 1 0 0 
2 1 0 1 0 1 3 0 7 0 0 0 
0 0 0 0 0 0 2 6 4 0 0 0 
1 1 0 1 1 0 2 9 4 1 1 1 
1 0 0 1 0 1 3 2 4 1 0 1 
2 0 1 0 0 0 2 0 0 2 1 1 
1 0 0 0 0 0 2 7 1 2 0 0 
1 1 0 0 1 0 1 0 7 0 1 1 
2 0 0 0 0 0 1 0 9 0 0 0 
1 0 1 0 1 0 1 9 7 2 1 0 
1 1 1 1 0 1 3 9 6 0 0 0 
2 0 0 1 0 0 3 7 8 2 0 0 
2 0 0 1 1 1 0 9 4 1 0 0 
1 1 0 1 0 1 1 2 3 1 1 1 
1 1 0 1 0 1 1 2 4 2 0 0 
0 0 0 0 0 0 3 5 6 1 0 0 
0 1 0 0 1 1 3 2 4 2 1 0 
1 0 0 0 0 0 0 9 4 0 0 0 
1 1 0 0 1 1 1 3 0 0 0 1 
2 0 0 1 0 1 1 4 2 1 0 0 
0 0 0 0 0 0 0 2 2 1 0 0 
1 0 0 0 0 0 1 9 2 2 0 0 
2 1 0 1 0 1 3 3 2 0 1 1 
0 1 1 0 0 0 2 0 3 1 1 0 
2 1 1 0 1 1 2 4 3 2 1 1 
0 0 0 1 1 1 2 0 5 0 0 1 
2 0 0 1 0 0 0 4 0 0 0 0 
2 0 0 0 0 1 1 5 2 2 0 1 
0 1 0 1 0 0 1 2 9 0 0 1 
0 1 0 1 0 1 2 5 7 2 0 0 
0 1 0 1 0 0 0 9 0 1 0 0 
0 0 0 0 1 0 3 6 5 1 0 1 
2 0 0 0 0 0 3 6 4 1 0 0 
1 1 0 1 1 1 1 6 6 1 1 0 
2 0 1 1 1 1 3 8 0 2 0 1 
2 1 1 0 0 0 0 2 1 0 0 1 
0 0 0 0 0 1 0 3 2 1 1 0 
0 0 0 0 0 1 0 0 8 0 0 1 
0 0 0 0 0 0 3 1 3 0 0 1 
1 0 0 0 0 0 3 6 6 0 0 0 
2 0 0 0 0 0 2 2 3 0 1 0 
2 0 1 0 0 0 1 8 3 2 0 0 
2 0 0 0 0 0 3 7 3 0 0 0 
2 0 0 0 0 0 2 3 5 0 0 1 
0 0 1 1 1 0 3 1 0 2 1 1 
0 0 0 0 0 1 3 9 1 1 0 0 
0 1 0 0 0 1 3 9 2 2 0 0 
2 0 0 0 0 0 3 3 8 0 0 0 
0 1 1 0 0 0 0 2 9 2 0 0 
1 0 0 0 0 0 2 8 3 0 0 0 
2 0 1 0 0 0 2 0 9 0 0 0 
1 1 0 0 1 1 3 8 7 2 1 0 
2 0 0 0 0 0 1 6 4 0 0 0 
1 1 1 0 0 1 3 0 6 2 0 1 
2 0 0 0 1 1 0 0 2 1 0 1 
0 0 0 0 1 1 3 7 6 0 0 1 
0 1 1 0 0 0 0 9 6 2 0 0 
1 0 0 1 0 1 3 3 4 1 1 0 
2 1 0 0 1 1 0 6 9 2 1 1 
1 0 1 0 1 0 1 4 9 1 1 1 
2 0 1 0 0 1 2 5 3 1 0 0 
1 1 1 0 1 1 3 8 2 2 1 0 
0 0 1 0 1 1 0 1 5 1 0 1 
1 1 0 1 0 1 3 4 6 1 1 0 
0 0 1 1 0 0 2 0 6 1 1 1 
0 0 0 0 0 0 2 6 3 1 0 0 
0 1 0 0 1 1 0 1 9 2 0 0 
0 0 0 0 0 0 3 7 0 2 0 0 
0 0 0 0 1 0 1 0 1 0 0 0 
0 0 1 0 0 0 0 1 6 1 0 1 
2 1 1 1 0 1 1 4 1 1 1 1 
1 0 1 0 1 0 1 2 6 0 0 0 
0 0 0 0 0 0 1 2 4 0 0 0 
1 1 0 1 1 0 2 9 6 1 0 1 
1 0 0 0 0 1 2 3 7 1 0 0 
1 0 1 0 1 0 2 5 6 2 0 0 
0 0 1 1 1 0 3 9 8 0 0 0 
0 0 0 0 1 0 0 3 0 0 0 0 
2 1 0 0 0 0 0 2 8 2 0 0 
2 0 0 0 0 0 3 7 4 1 1 0 
1 0 0 1 1 0 2 2 7 1 1 0 
0 0 0 0 0 0 1 5 8 0 0 0 
0 0 0 0 0 0 1 3 7 1 0 0 
0 0 1 0 0 0 3 8 8 2 0 0 
2 0 0 1 1 0 1 9 8 2 0 0 
0 0 0 0 0 0 2 1 9 2 0 0 
0 0 0 0 0 0 0 5 3 0 1 0 
2 1 1 0 1 1 0 8 8 2 0 0 
0 0 0 0 0 0 0 3 3 2 0 0 
2 0 1 1 0 0 3 9 3 0 1 1 
1 0 1 1 0 0 1 2 1 2 0 0 
0 1 0 0 0 0 3 8 0 0 0 0 
1 1 0 1 0 1 2 2 9 0 0 0 
2 1 1 0 1 0 2 3 1 2 1 0 
2 0 0 0 0 0 3 2 8 0 0 0 
1 0 0 0 0 0 1 0 1 2 0 0 
2 1 0 0 0 0 2 1 4 1 0 0 
0 0 0 1 1 1 3 4 5 0 0 1 
0 0 1 1 0 0 1 0 2 2 0 0 
2 1 0 1 0 0 1 4 5 2 1 1 
1 0 0 0 0 0 0 1 7 0 0 0 
0 0 1 1 0 1 3 3 3 2 0 1 
0 1 1 1 0 0 1 9 1 0 1 1 
1 0 0 0 0 0 1 8 9 0 0 0 
2 1 0 1 1 0 3 0 6 0 1 0 
0 0 0 0 1 0 0 9 7 1 0 1 
1 1 0 1 0 1 3 9 0 0 0 1 
2 0 1 1 1 0 2 6 5 1 0 1 
1 1 0 0 1 0 1 2 1 1 1 1 
1 0 0 0 0 0 0 0 7 2 0 0 
0 1 0 0 0 0 0 7 7 0 0 0 
0 0 0 0 0 0 1 4 8 2 1 0 
2 1 0 0 0 1 2 8 0 0 1 0 
2 1 1 1 0 0 3 0 5 1 1 0 
2 0 0 0 0 0 0 1 4 0 0 0 
MFS
precise
0.0
recall
0.0
F-measure
0.0
multi
0
time
all 41988 iden 6 gen 41946
t-cover
64696
all-cover
64696
coveredNum
(1 : 7689)  (2 : 7522)  (3 : 7024)  (4 : 4627)  (5 : 3286)  (6 : 3288)  (7 : 3718)  (8 : 3670)  (9 : 3189)  (10 : 2403)  (11 : 1715)  (12 : 1298)  (13 : 960)  (14 : 848)  (15 : 765)  (16 : 760)  (17 : 759)  (18 : 712)  (19 : 777)  (20 : 678)  (21 : 656)  (22 : 582)  (23 : 540)  (24 : 467)  (25 : 374)  (26 : 364)  (27 : 274)  (28 : 284)  (29 : 234)  (30 : 240)  (31 : 182)  (32 : 209)  (33 : 177)  (34 : 181)  (35 : 153)  (36 : 162)  (37 : 123)  (38 : 132)  (39 : 123)  (40 : 99)  (41 : 103)  (42 : 96)  (43 : 92)  (44 : 84)  (45 : 74)  (46 : 76)  (47 : 90)  (48 : 88)  (49 : 86)  (50 : 96)  (51 : 104)  (52 : 118)  (53 : 111)  (54 : 106)  (55 : 121)  (56 : 105)  (57 : 99)  (58 : 96)  (59 : 103)  (60 : 96)  (61 : 108)  (62 : 72)  (63 : 81)  (64 : 59)  (65 : 72)  (66 : 63)  (67 : 61)  (68 : 58)  (69 : 48)  (70 : 27)  (71 : 34)  (72 : 30)  (73 : 27)  (74 : 29)  (75 : 14)  (76 : 12)  (77 : 13)  (78 : 9)  (79 : 7)  (80 : 12)  (81 : 6)  (82 : 6)  (83 : 6)  (84 : 4)  (85 : 6)  (86 : 5)  (87 : 6)  (88 : 3)  (89 : 3)  (90 : 5)  (91 : 7)  (92 : 7)  (93 : 6)  (94 : 3)  (95 : 8)  (96 : 11)  (97 : 12)  (98 : 13)  (99 : 17)  (100 : 7)  (101 : 18)  (102 : 12)  (103 : 10)  (104 : 5)  (105 : 10)  (106 : 9)  (107 : 9)  (108 : 4)  (109 : 14)  (110 : 8)  (111 : 8)  (112 : 7)  (113 : 7)  (114 : 7)  (115 : 5)  (116 : 6)  (117 : 4)  (119 : 1)  (121 : 2)  (128 : 2)  (129 : 2)  (131 : 3)  (132 : 4)  (133 : 4)  (134 : 6)  (135 : 7)  (136 : 7)  (137 : 7)  (138 : 8)  (139 : 4)  (140 : 13)  (141 : 5)  (142 : 9)  (143 : 2)  (144 : 7)  (145 : 5)  (146 : 3)  (147 : 2)  (148 : 6)  (149 : 2)  (150 : 2)  (152 : 4)  (153 : 5)  (154 : 5)  (155 : 7)  (156 : 5)  (157 : 3)  (158 : 3)  (159 : 7)  (160 : 6)  (161 : 17)  (162 : 4)  (163 : 10)  (164 : 7)  (165 : 3)  (166 : 5)  (167 : 8)  (168 : 5)  (169 : 9)  (170 : 9)  (171 : 5)  (172 : 8)  (173 : 3)  (174 : 3)  (175 : 8)  (176 : 4)  (177 : 3)  (178 : 8)  (180 : 1)  (181 : 2)  (182 : 2)  (183 : 1)  (221 : 1)  (226 : 1)  (227 : 1)  (228 : 3)  (230 : 1)  (232 : 1)  (233 : 3)  (234 : 2)  (235 : 2)  (236 : 5)  (237 : 4)  (238 : 6)  (239 : 4)  (240 : 4)  (241 : 3)  (242 : 1)  (243 : 6)  (244 : 6)  (245 : 7)  (246 : 2)  (247 : 3)  (248 : 1)  (249 : 1)  (251 : 1)  (252 : 1)  (455 : 1)  (457 : 1)  (459 : 1)  (460 : 1)  (461 : 2)  (462 : 3)  (463 : 1)  (466 : 4)  (468 : 3)  (469 : 1)  (470 : 4)  (471 : 2)  (472 : 1)  (474 : 1)  (475 : 5)  (476 : 3)  (483 : 1)  
real Identify

testCase Num: 1562
regaular Num: 1562
identify Num: 0
1 0 0 0 0 0 2 6 3 2 0 0 
0 0 0 1 1 0 1 8 8 2 1 1 
0 1 0 1 1 1 3 6 9 0 1 0 
2 0 1 0 0 1 0 6 4 0 1 0 
1 0 0 0 0 0 1 4 8 2 0 0 
0 0 0 0 0 0 1 7 6 2 0 1 
1 1 1 0 1 0 3 9 0 2 1 0 
2 0 1 1 0 1 0 3 3 0 1 0 
2 1 0 0 0 0 3 2 0 0 0 0 
1 0 0 0 0 0 1 8 2 1 1 0 
1 0 0 1 1 0 0 8 0 1 0 1 
0 0 0 0 0 0 3 4 6 0 1 0 
2 0 1 1 1 1 2 4 8 0 0 1 
2 0 0 0 0 0 2 3 5 2 0 0 
2 0 0 0 0 0 0 3 9 1 1 0 
0 0 1 0 1 0 2 0 3 0 1 1 
2 0 1 1 1 1 3 4 1 2 0 1 
2 0 1 1 0 0 1 3 2 1 0 1 
1 0 1 1 1 0 1 6 9 2 0 0 
2 0 1 0 1 1 1 3 1 2 0 0 
2 1 0 0 1 1 1 6 1 0 1 0 
0 0 0 0 0 0 2 0 9 2 0 0 
1 1 0 1 0 0 2 0 2 0 1 1 
0 1 0 0 1 0 0 1 7 1 1 0 
1 0 0 1 0 1 0 4 0 0 0 1 
1 0 1 0 1 0 0 3 8 1 0 0 
2 1 1 1 1 0 0 4 4 2 0 1 
0 0 0 0 1 1 0 8 7 2 0 1 
0 1 1 0 1 0 2 3 2 0 0 0 
2 0 0 0 0 0 2 1 2 1 0 0 
1 1 0 1 1 0 0 7 3 0 0 0 
2 0 0 0 1 1 0 1 9 2 1 1 
2 1 1 1 0 0 2 8 8 0 0 0 
1 1 1 1 0 0 0 5 3 2 0 0 
1 0 1 0 1 1 2 3 8 0 1 0 
0 1 1 1 0 0 1 5 9 1 0 0 
0 0 0 0 0 0 2 7 9 1 1 0 
0 0 0 0 0 0 3 5 8 0 0 0 
1 0 1 0 1 0 3 8 3 0 0 0 
1 0 0 0 0 0 0 4 4 0 0 0 
0 0 0 1 0 0 1 2 1 2 0 0 
1 0 0 0 0 0 0 9 2 1 0 0 
1 0 0 0 0 1 1 1 8 2 1 1 
2 0 1 1 1 0 2 5 6 2 0 0 
2 0 0 0 0 1 0 1 0 1 0 1 
1 0 0 0 1 1 2 9 8 0 1 0 
1 0 0 0 1 0 3 2 8 1 0 0 
0 1 0 1 1 1 2 5 4 1 1 0 
1 1 1 1 0 1 3 4 3 1 0 1 
0 1 0 1 1 1 2 0 9 1 1 0 
0 0 0 0 0 0 2 5 6 0 0 0 
2 0 0 0 0 0 1 0 6 0 0 0 
2 1 0 1 1 0 0 2 3 2 1 1 
2 0 1 0 1 0 2 4 1 0 1 0 
0 0 0 0 0 0 0 8 6 2 0 0 
1 1 1 0 1 0 3 3 0 1 1 0 
1 0 0 0 0 1 1 5 3 0 0 0 
1 1 0 0 1 0 2 4 0 0 1 0 
0 0 1 0 0 0 2 1 6 0 0 0 
1 0 0 0 0 0 2 9 9 2 0 0 
2 0 0 1 1 1 2 9 9 1 0 1 
2 1 1 0 0 0 3 6 3 2 1 1 
2 0 1 0 0 1 0 6 3 1 1 1 
1 1 0 1 0 1 3 3 1 0 1 1 
1 1 1 1 0 0 2 7 9 0 0 1 
1 0 0 0 0 0 2 8 7 2 0 0 
1 0 1 0 0 1 1 1 6 1 0 0 
2 1 0 0 1 0 3 7 7 2 0 0 
2 0 1 0 1 1 0 9 5 0 0 1 
0 1 1 1 1 1 3 3 4 0 1 0 
0 0 0 0 0 0 3 0 0 2 0 0 
0 0 0 0 0 0 0 2 5 2 0 0 
1 1 0 0 0 0 0 0 6 2 0 0 
1 0 0 1 1 0 1 3 6 2 1 1 
1 0 0 1 0 1 3 5 3 2 0 1 
1 0 0 0 0 0 3 2 9 1 1 0 
2 0 0 0 0 0 3 4 7 0 0 0 
1 0 0 0 0 1 0 2 5 1 0 0 
1 1 1 1 0 0 1 6 8 1 1 1 
2 0 0 0 1 1 2 0 2 0 0 0 
0 0 0 0 0 0 0 5 1 1 0 0 
0 0 1 0 0 0 1 1 3 1 0 1 
0 0 0 0 0 0 0 1 3 2 0 0 
0 0 0 0 0 1 2 4 9 1 0 0 
2 0 0 0 1 1 2 9 1 0 1 0 
1 1 1 1 1 0 2 8 9 1 0 0 
1 0 0 0 0 0 3 5 1 0 0 0 
2 1 0 1 0 1 0 7 6 1 1 0 
1 0 0 0 0 0 3 0 6 0 0 0 
0 0 0 0 0 0 2 2 2 2 0 0 
1 0 0 1 0 0 2 5 4 0 0 1 
1 0 0 0 0 1 3 6 8 1 0 0 
2 0 0 0 0 1 2 0 3 0 0 0 
2 1 0 0 1 0 2 6 0 1 0 1 
2 0 0 1 0 0 2 0 1 1 1 0 
2 1 1 1 1 1 3 1 1 0 0 0 
1 0 1 0 0 1 2 3 1 1 0 0 
2 0 1 1 1 0 3 8 4 1 0 0 
0 0 0 0 1 1 3 6 3 1 0 0 
0 0 0 0 0 0 1 9 0 1 0 0 
0 0 0 0 0 0 1 7 3 1 0 0 
1 1 1 1 0 1 1 4 6 1 1 0 
0 1 1 0 0 1 2 9 6 0 0 0 
1 0 1 1 0 1 0 5 2 1 0 0 
0 0 0 0 0 0 2 5 5 1 1 0 
2 0 0 0 0 0 0 7 3 0 0 0 
1 1 0 1 0 1 1 8 3 0 1 0 
2 1 1 0 1 1 3 6 4 2 0 0 
2 0 1 1 0 0 2 3 8 1 0 0 
0 0 0 0 0 0 2 0 0 0 0 0 
2 0 0 1 0 1 0 4 4 0 1 0 
1 0 0 0 0 0 0 1 2 0 0 0 
2 0 0 0 0 1 2 5 4 2 1 0 
2 0 1 1 0 1 2 1 5 2 0 0 
1 0 0 0 0 0 2 8 8 1 1 0 
2 0 0 0 0 0 0 5 3 0 0 0 
1 0 0 0 1 1 3 4 7 1 0 0 
2 0 1 0 0 1 3 4 2 1 1 0 
2 0 0 0 0 0 3 7 9 0 1 0 
2 0 0 0 0 1 0 0 6 0 0 0 
2 0 0 0 0 0 3 3 4 1 0 0 
0 0 1 0 1 1 0 9 7 1 1 0 
2 0 0 0 0 0 2 6 5 0 0 0 
0 1 0 0 1 1 3 8 1 0 0 1 
2 1 1 0 0 1 0 0 4 0 1 1 
1 0 0 0 1 1 2 4 4 2 1 1 
1 0 0 0 1 0 0 5 5 0 0 1 
1 1 1 1 1 1 1 4 8 2 1 1 
2 0 0 0 0 0 3 6 9 2 1 1 
0 1 1 0 0 0 1 5 3 2 1 0 
2 0 0 1 0 0 1 1 5 1 0 1 
1 0 1 1 0 1 3 5 5 0 1 1 
1 0 0 1 0 1 3 6 1 2 0 0 
2 0 0 0 0 0 0 7 7 0 0 0 
1 1 1 1 1 0 0 1 1 2 1 0 
0 1 0 1 0 1 2 3 8 2 0 1 
2 1 0 0 1 0 2 7 5 2 0 1 
2 0 0 0 0 0 0 4 1 0 0 0 
0 0 1 1 1 0 2 7 5 2 1 0 
2 0 0 0 1 0 2 0 6 1 0 0 
0 1 0 0 1 0 1 2 8 0 0 1 
0 0 0 0 1 0 2 9 1 1 0 0 
1 0 0 1 0 1 2 3 2 0 0 0 
0 1 1 0 1 1 1 2 7 1 0 1 
2 0 0 0 0 0 3 8 0 0 0 0 
2 0 0 1 1 0 3 2 5 2 1 0 
1 0 1 0 1 1 1 5 6 0 0 0 
2 0 1 1 0 0 2 4 9 2 1 0 
0 0 1 0 0 1 0 8 7 0 0 0 
0 0 0 1 0 0 1 3 4 1 1 1 
2 1 1 1 1 0 1 7 9 1 1 1 
1 0 0 0 0 0 3 3 8 0 0 0 
2 0 0 0 0 0 1 2 3 0 0 0 
0 1 0 0 0 0 0 3 9 0 0 0 
0 0 0 0 0 0 1 2 0 2 0 0 
1 0 0 0 1 1 2 6 2 0 0 0 
0 0 1 0 0 0 1 0 5 1 0 0 
1 1 0 0 0 0 1 4 1 2 1 1 
1 0 0 1 0 1 3 4 9 1 0 1 
2 0 0 0 0 0 0 9 9 2 0 0 
2 1 0 0 0 0 3 5 6 0 0 0 
1 0 1 0 0 0 1 0 1 2 1 0 
1 0 1 1 0 0 3 5 9 2 1 1 
2 0 0 1 1 0 2 5 2 2 0 0 
2 0 0 0 0 0 2 6 4 1 1 0 
2 0 0 0 0 0 1 3 5 0 0 0 
1 0 0 0 0 1 3 0 3 2 1 0 
2 0 1 1 0 1 2 7 3 1 0 0 
2 0 0 0 1 0 0 5 2 0 0 0 
0 0 0 0 1 1 1 6 2 1 1 0 
2 0 1 0 0 1 1 3 2 2 0 0 
0 1 1 1 0 1 1 7 4 1 0 1 
1 0 0 0 0 0 3 1 6 2 0 0 
0 0 0 0 0 0 1 5 3 1 0 0 
2 0 0 0 1 0 1 4 5 1 0 0 
0 1 0 1 0 0 0 9 7 1 0 1 
0 1 1 1 1 1 2 7 6 0 0 0 
0 0 0 0 0 1 0 5 8 0 1 0 
0 0 0 0 1 1 2 2 3 2 0 0 
1 0 0 1 0 1 2 9 1 2 0 0 
1 1 1 0 1 1 0 2 9 1 0 0 
1 0 1 1 1 0 2 0 7 2 0 1 
0 0 1 1 1 1 3 3 6 1 0 0 
0 0 0 0 0 0 2 4 7 1 0 0 
0 0 0 0 0 1 0 4 8 1 1 1 
2 0 0 1 0 0 0 6 8 2 0 0 
1 0 0 0 0 0 3 0 4 2 1 1 
0 0 0 1 0 0 0 1 6 0 1 1 
0 0 0 1 0 1 1 1 1 2 0 0 
2 0 0 0 0 0 2 7 4 0 0 0 
0 1 1 0 0 1 2 8 2 2 1 1 
1 0 0 0 0 0 2 5 6 1 1 0 
2 0 0 1 1 1 1 0 7 1 1 0 
0 0 0 1 1 1 2 7 8 1 1 1 
2 0 0 0 0 0 2 1 6 0 0 0 
0 1 0 0 0 0 2 8 0 2 0 0 
2 1 1 1 0 0 1 5 6 1 0 1 
2 1 0 1 0 0 0 7 8 1 1 0 
0 1 0 0 0 1 3 7 4 0 1 0 
0 0 1 0 0 0 0 7 6 1 0 0 
2 0 0 0 0 0 3 3 1 1 1 0 
0 0 0 0 1 0 3 3 7 0 0 0 
1 0 0 1 1 0 0 5 1 2 1 0 
2 0 0 0 0 0 1 3 7 1 0 0 
1 1 1 0 0 0 1 7 0 2 0 0 
1 0 1 0 0 0 0 4 8 1 0 0 
0 0 0 0 0 0 3 1 9 2 0 0 
1 1 1 1 1 0 3 8 7 1 0 0 
1 0 0 1 1 0 0 8 5 0 0 1 
1 1 0 0 0 1 0 5 0 1 0 1 
2 1 1 0 0 0 3 9 3 0 1 0 
2 0 0 0 0 0 1 4 9 1 0 0 
0 1 0 1 0 1 2 6 4 0 0 0 
1 0 0 0 1 1 2 8 2 1 0 1 
1 0 0 1 1 0 0 0 4 0 1 0 
0 0 0 1 0 0 2 8 6 0 0 1 
1 1 1 1 0 1 0 9 6 1 1 0 
0 0 0 0 0 0 3 3 0 0 0 0 
0 0 0 0 0 0 1 4 7 2 0 0 
2 1 0 1 1 1 1 9 4 1 1 1 
1 0 0 0 0 0 3 9 5 0 0 0 
2 1 1 0 0 0 0 9 4 1 0 1 
2 1 1 0 0 0 2 0 8 2 0 1 
0 0 0 0 0 0 1 3 3 0 0 0 
2 1 1 0 1 0 1 3 8 0 1 1 
1 0 0 0 0 0 3 5 8 1 0 0 
0 1 0 1 0 0 0 2 0 1 0 0 
2 0 0 0 0 0 1 5 0 1 0 0 
0 0 0 0 0 0 3 8 9 1 0 0 
2 0 1 0 0 0 3 3 9 1 0 1 
2 0 1 0 0 0 2 6 2 1 0 0 
1 0 0 1 0 0 3 4 2 2 0 0 
2 0 0 0 0 0 3 3 2 0 0 0 
0 0 0 0 0 1 2 7 7 2 0 1 
2 0 1 0 0 1 0 3 5 1 0 0 
1 0 0 1 0 0 3 5 2 0 0 0 
1 1 1 1 1 0 3 0 5 2 0 0 
1 1 1 0 1 1 2 1 4 1 0 1 
2 0 0 0 0 0 3 2 2 2 0 1 
2 0 1 0 0 0 1 6 7 0 1 1 
1 0 1 0 0 0 3 2 5 2 0 0 
0 0 0 0 0 1 2 5 5 0 0 0 
2 0 0 0 0 1 1 6 5 0 1 0 
2 0 1 1 1 0 2 0 5 1 1 0 
0 1 1 1 1 0 0 4 8 0 1 0 
1 0 0 1 0 1 1 2 5 0 1 0 
0 0 1 0 1 1 1 3 3 2 0 1 
1 0 0 1 0 0 3 6 6 2 0 0 
0 0 0 0 0 0 2 0 6 2 0 1 
0 0 0 0 0 0 3 5 4 0 1 0 
0 1 0 0 0 1 1 8 9 0 0 1 
1 0 0 1 1 1 3 9 0 0 0 0 
2 1 0 1 0 0 1 2 6 2 1 0 
2 0 0 0 0 0 1 2 8 2 0 0 
1 1 0 0 0 0 2 5 3 1 0 0 
1 1 1 0 1 1 1 8 1 1 1 1 
2 0 0 1 0 1 3 3 8 0 1 0 
0 0 1 0 1 0 3 7 2 2 0 1 
2 0 0 1 0 1 3 9 9 0 1 0 
2 0 0 0 1 1 3 5 8 2 0 1 
0 0 1 1 1 0 1 8 1 2 0 0 
0 0 0 0 0 0 0 5 8 2 0 0 
2 0 0 0 0 0 3 7 6 0 0 0 
2 0 0 0 0 1 2 9 3 0 0 0 
1 0 0 0 0 0 2 5 7 0 1 1 
1 0 0 0 0 0 0 6 0 1 0 0 
0 0 1 0 1 0 0 3 9 0 0 0 
1 1 0 1 1 0 3 6 3 0 0 1 
1 1 0 1 1 1 2 7 1 1 1 0 
2 0 1 0 0 0 1 6 0 0 0 0 
1 0 1 1 1 1 3 8 2 0 1 1 
1 0 1 0 0 1 1 9 9 2 1 1 
2 0 0 1 1 0 3 0 6 1 0 1 
1 0 0 0 0 0 2 7 0 0 1 0 
0 0 0 0 1 0 0 2 1 2 0 0 
0 1 0 1 0 0 3 4 7 0 1 0 
0 1 1 0 1 1 0 0 5 0 0 0 
2 1 1 1 0 1 3 8 1 1 1 0 
1 1 0 0 1 1 0 1 5 2 0 1 
2 0 1 0 1 0 2 8 4 2 1 0 
1 1 1 1 1 1 0 2 7 0 0 0 
2 0 1 1 1 1 0 3 4 2 1 1 
0 1 0 0 0 0 3 2 6 0 0 0 
0 0 1 0 1 0 3 0 4 1 1 0 
1 0 1 0 0 0 1 8 7 0 1 1 
0 0 0 0 0 1 3 6 6 2 1 1 
0 0 0 0 0 1 0 8 5 1 1 0 
0 0 1 1 0 1 3 3 3 1 0 1 
1 1 0 0 1 0 2 6 8 0 0 0 
2 1 1 1 1 0 2 8 7 0 0 1 
1 0 0 0 0 0 1 1 0 0 0 0 
1 1 1 0 1 1 2 4 2 1 0 0 
2 0 0 0 1 1 3 5 9 1 0 0 
0 0 0 1 0 0 0 3 2 1 0 0 
1 1 0 1 0 1 0 8 6 2 1 0 
2 1 1 0 0 0 2 3 4 1 1 0 
2 0 0 0 0 0 3 5 2 0 0 0 
0 0 1 0 0 1 0 1 4 0 0 0 
2 1 1 0 0 0 0 3 6 2 0 0 
2 0 0 1 0 1 2 5 7 0 0 0 
1 0 1 1 0 1 0 8 1 0 0 0 
1 0 0 1 0 0 0 7 4 0 0 0 
0 0 0 0 0 0 3 4 5 1 0 0 
0 0 0 0 0 0 0 5 2 0 0 0 
0 0 0 0 0 0 2 5 3 0 0 1 
1 0 0 0 0 0 1 0 9 0 0 0 
1 0 0 0 0 0 0 3 1 2 0 0 
1 1 1 1 1 0 3 1 5 0 1 0 
2 0 0 0 0 0 1 5 1 0 0 1 
0 1 0 0 1 1 1 4 4 0 1 0 
2 0 1 0 1 0 0 0 7 1 0 0 
0 0 0 0 0 0 2 1 8 2 0 0 
2 0 1 0 0 0 1 1 4 1 0 1 
1 0 0 1 1 0 0 6 4 1 0 0 
1 0 0 0 0 0 0 4 1 0 0 0 
0 0 1 1 1 1 1 7 7 1 0 1 
0 1 1 0 0 0 3 2 1 2 1 0 
1 1 0 0 0 0 0 9 7 0 1 0 
2 0 0 0 1 0 1 1 7 0 0 0 
1 0 1 1 1 0 1 0 6 0 0 1 
0 1 0 0 0 0 3 9 3 2 0 1 
1 1 1 0 1 0 0 9 1 2 0 1 
0 1 0 1 1 1 1 1 3 0 0 0 
1 1 0 0 1 0 2 1 5 1 0 0 
2 0 0 0 0 0 0 3 7 0 1 0 
0 0 1 1 0 0 0 0 8 1 1 0 
1 0 0 0 1 0 1 3 2 1 0 0 
2 1 1 1 0 1 0 1 2 1 1 1 
0 0 1 0 1 0 0 5 9 0 0 0 
2 1 0 0 1 0 0 0 3 1 1 1 
1 0 0 0 0 0 2 3 7 0 0 1 
0 0 0 1 1 0 0 3 1 1 0 0 
0 1 1 0 0 0 3 7 5 0 0 1 
0 0 1 1 1 1 2 8 0 0 1 0 
0 1 0 1 0 0 3 0 3 0 0 0 
0 0 0 0 0 0 3 8 1 2 0 0 
2 0 0 0 1 1 1 3 9 0 1 1 
0 0 0 0 0 0 0 6 4 0 0 0 
0 0 0 0 0 0 0 2 2 2 0 0 
2 1 1 1 0 0 0 8 0 0 0 1 
0 0 1 1 0 0 0 8 6 0 0 0 
0 0 0 0 1 1 1 0 1 1 1 1 
1 1 0 1 1 0 2 1 6 1 0 0 
0 1 0 1 0 1 2 3 4 2 0 1 
1 0 0 1 1 0 1 7 8 0 1 0 
1 0 1 1 0 1 0 3 6 0 1 0 
0 0 0 0 0 0 2 5 2 1 0 0 
1 1 1 1 1 1 0 0 3 0 0 0 
0 0 0 0 0 0 3 1 3 1 0 0 
2 0 0 0 0 0 2 2 4 0 0 0 
2 0 0 0 0 1 0 8 2 2 0 0 
1 0 1 0 1 1 0 8 9 1 1 0 
0 0 0 0 0 1 1 4 7 0 0 0 
2 0 0 0 0 0 2 1 4 2 0 0 
2 1 1 0 0 1 3 2 5 1 0 0 
0 0 0 1 1 0 3 5 7 1 1 1 
0 0 0 0 0 1 1 3 7 2 0 1 
2 0 1 0 0 1 0 8 8 0 1 1 
2 0 0 1 0 0 1 5 5 1 1 1 
0 0 0 0 0 0 0 4 3 1 0 0 
0 0 0 0 0 1 2 5 1 0 1 0 
1 1 0 1 0 1 3 7 9 1 1 0 
1 1 0 0 0 1 1 9 0 1 1 1 
0 0 0 0 0 0 1 1 5 2 0 0 
2 0 1 1 0 1 2 0 0 2 1 1 
2 1 0 1 1 0 2 7 0 1 0 0 
0 0 0 0 1 0 0 0 8 2 0 0 
2 0 0 0 0 0 0 9 3 1 1 1 
0 1 0 1 1 1 3 9 1 0 0 0 
0 1 0 1 0 0 3 5 0 2 0 1 
2 0 0 0 1 0 0 1 2 0 0 0 
0 0 1 1 0 0 3 7 8 2 1 0 
0 0 1 0 0 0 2 2 5 0 1 0 
2 0 1 1 0 0 1 7 3 0 0 0 
1 0 0 0 0 0 0 2 8 0 0 0 
0 0 0 0 0 0 1 6 0 2 0 0 
2 0 0 0 1 0 3 1 6 2 0 1 
2 0 0 0 0 0 1 8 8 0 0 0 
0 1 1 0 0 0 3 2 8 2 0 0 
1 0 0 0 1 0 2 9 4 1 0 0 
1 0 0 0 0 0 2 9 6 0 0 0 
0 1 0 0 1 1 1 7 1 0 1 0 
0 0 1 1 0 1 0 3 1 0 1 0 
2 1 1 0 0 0 2 2 7 2 0 0 
1 1 1 1 0 0 3 7 3 2 1 0 
1 1 1 1 0 1 3 1 9 1 1 1 
0 1 0 0 0 0 1 6 9 0 1 1 
0 1 1 0 1 1 0 6 5 0 1 1 
1 0 1 0 1 1 2 5 0 0 0 1 
2 0 1 0 0 0 1 6 3 0 0 1 
2 0 0 0 0 0 3 9 5 0 0 0 
1 1 1 0 1 0 1 3 7 2 0 0 
1 1 0 1 0 1 2 6 5 1 1 0 
1 1 0 0 0 1 0 7 8 2 1 1 
2 0 1 0 0 0 1 8 6 1 1 0 
0 0 1 0 0 0 3 5 6 0 0 0 
1 1 0 0 0 0 1 7 7 1 1 0 
1 0 0 0 0 0 1 7 1 1 0 0 
0 0 0 1 1 1 3 7 5 1 0 0 
0 1 1 0 1 0 3 7 0 0 0 0 
1 0 1 0 0 1 0 8 3 2 0 1 
0 0 0 0 0 0 0 6 1 0 0 0 
0 0 0 0 0 0 2 3 1 0 0 0 
1 1 0 0 1 0 0 7 1 0 0 0 
1 1 1 1 1 1 1 8 0 2 1 1 
0 0 1 0 0 0 3 8 0 1 1 1 
1 0 0 0 0 0 3 0 8 1 0 0 
2 0 1 0 1 0 0 5 8 1 0 0 
0 0 0 0 0 0 1 3 0 1 0 0 
2 0 1 1 0 1 0 1 1 1 1 1 
2 1 0 1 1 1 0 2 8 2 0 1 
1 0 0 0 0 0 1 5 9 0 0 0 
0 0 0 0 0 0 2 5 7 2 0 0 
0 0 1 0 0 1 1 3 0 0 0 0 
2 1 0 0 1 0 0 3 1 0 0 1 
1 0 0 0 0 0 1 2 3 0 1 0 
0 0 0 1 0 0 0 4 0 0 1 0 
1 1 1 0 1 0 2 8 4 0 1 1 
0 1 0 0 0 0 0 6 7 0 0 1 
0 1 1 1 1 1 1 6 3 2 1 0 
0 1 1 1 0 1 3 6 0 1 1 0 
0 0 0 1 1 0 2 9 0 0 0 0 
0 0 1 1 1 1 0 6 2 0 0 1 
1 1 0 1 1 0 2 3 5 1 0 1 
2 1 0 0 1 1 0 0 1 2 1 0 
1 1 0 0 1 0 3 4 6 1 0 1 
1 0 1 0 1 1 2 7 4 0 0 1 
0 0 0 0 0 0 0 6 3 2 0 0 
0 0 0 1 0 0 0 0 7 0 0 0 
1 0 0 1 1 1 0 5 9 0 0 1 
0 0 1 0 1 1 3 4 7 0 0 1 
0 0 0 0 0 0 3 8 4 2 0 1 
2 0 0 0 0 0 3 4 8 2 0 0 
0 1 0 1 0 0 3 0 1 2 0 1 
1 1 1 1 0 1 1 3 4 0 0 0 
2 1 1 1 1 0 2 2 9 2 1 0 
2 1 0 1 0 0 3 2 3 1 0 0 
0 0 0 0 0 0 1 3 8 0 0 0 
2 0 0 0 0 0 0 0 5 0 0 0 
0 0 0 0 0 0 1 9 0 2 0 0 
2 1 1 0 0 0 1 9 2 2 1 1 
2 0 0 0 0 0 3 7 0 1 1 0 
0 0 0 0 0 0 3 2 5 0 0 1 
2 1 1 0 1 1 3 8 9 2 0 0 
0 0 0 0 0 0 3 1 1 2 0 0 
1 0 0 0 0 0 2 4 2 2 0 1 
1 0 0 0 0 0 0 9 3 1 0 0 
1 1 1 0 1 1 3 0 1 1 0 0 
0 0 0 0 1 1 0 6 0 0 0 0 
2 1 0 0 0 1 1 8 0 2 0 0 
0 1 1 1 1 1 1 1 4 2 0 0 
0 0 0 0 0 0 0 4 0 1 0 0 
0 0 0 0 0 0 0 0 0 0 0 0 
0 0 0 0 0 0 0 7 5 2 0 0 
1 0 0 0 0 0 2 5 2 0 0 0 
0 0 0 0 0 0 3 1 5 2 1 0 
0 0 0 0 0 1 0 9 0 0 1 0 
1 0 1 1 1 0 1 9 3 0 1 0 
2 0 0 0 1 0 3 5 7 0 0 0 
2 0 0 0 0 0 3 8 2 1 0 0 
0 1 0 0 0 1 1 2 9 2 1 0 
0 0 1 1 0 1 3 1 8 1 1 1 
2 0 0 0 0 0 2 0 9 0 0 1 
0 0 1 1 0 1 0 4 3 0 0 0 
0 0 0 1 0 1 0 2 6 2 1 0 
0 0 0 0 0 0 1 9 5 0 0 0 
0 1 1 0 1 1 0 0 0 1 0 1 
1 0 0 0 1 0 2 3 4 2 0 0 
2 1 0 0 0 0 1 9 3 2 0 0 
2 0 0 0 0 0 2 4 2 0 1 0 
1 1 1 1 0 1 0 1 3 1 0 0 
0 0 0 0 0 0 0 2 8 0 0 0 
2 0 1 0 1 1 0 7 1 1 0 1 
0 0 1 0 0 0 1 1 7 0 1 0 
1 0 0 0 0 0 3 4 0 2 0 0 
0 0 0 0 0 0 0 1 8 2 0 0 
1 1 0 0 1 0 2 8 5 0 1 0 
1 0 0 0 0 1 1 9 5 1 1 1 
1 0 1 0 0 0 3 1 4 2 0 0 
1 0 0 0 1 1 3 1 2 1 0 0 
0 0 0 0 0 0 2 0 1 2 0 0 
0 1 1 0 0 1 2 9 0 0 0 1 
1 0 0 1 0 1 3 7 0 0 0 1 
2 0 1 1 0 0 3 6 4 1 1 1 
2 1 1 0 0 1 0 7 4 2 1 1 
2 0 0 0 1 0 0 2 7 1 1 1 
1 1 0 1 0 0 2 4 7 2 0 1 
0 1 0 0 0 1 1 0 9 2 0 1 
0 1 0 1 0 0 1 0 0 0 1 0 
2 0 0 1 1 0 2 8 3 0 0 1 
0 1 0 0 0 0 3 9 6 0 0 1 
0 0 0 1 0 0 3 6 5 0 0 0 
1 1 0 0 0 1 3 2 7 1 1 1 
0 0 0 0 0 0 3 7 3 1 1 1 
1 0 1 1 0 0 0 7 7 2 1 0 
0 0 1 0 0 1 1 5 2 2 0 0 
0 1 1 0 1 0 0 4 1 0 0 1 
2 1 0 1 1 0 2 2 1 0 0 0 
2 0 0 0 0 0 3 1 2 2 0 0 
2 0 1 0 0 1 1 7 5 0 1 0 
1 0 0 1 0 0 1 3 1 0 0 0 
1 0 0 0 0 1 1 4 9 2 0 0 
0 1 1 0 0 0 0 5 4 0 1 0 
0 0 0 0 0 0 3 4 0 2 0 0 
2 0 0 0 0 0 3 9 1 0 0 0 
0 0 0 0 0 0 0 4 7 1 0 0 
0 0 0 0 0 0 3 5 0 0 0 0 
2 0 0 0 0 0 1 0 5 2 0 0 
2 0 0 0 0 0 3 4 6 0 0 0 
0 0 1 0 0 1 1 5 0 0 1 1 
0 0 0 0 0 0 3 1 6 1 0 0 
0 0 1 1 1 0 2 4 4 0 0 0 
0 1 1 1 1 1 3 2 3 0 1 1 
2 0 0 1 1 0 3 9 2 1 1 1 
2 0 1 0 0 1 3 9 6 2 1 0 
2 1 0 0 1 1 1 5 9 2 1 1 
1 1 1 1 0 1 2 4 1 0 0 0 
0 0 0 1 0 0 0 6 0 0 0 1 
0 0 0 1 0 1 0 1 5 1 1 0 
2 1 0 1 1 0 1 4 7 1 0 1 
2 0 0 0 0 0 0 8 9 1 0 1 
1 0 1 0 1 1 2 1 3 0 0 0 
1 1 0 1 1 1 0 9 3 2 1 0 
1 0 1 0 0 0 3 6 5 0 0 0 
1 1 0 1 0 1 0 3 8 1 1 1 
0 0 0 0 0 0 2 0 2 1 0 0 
2 0 0 1 0 1 2 8 7 1 1 0 
0 0 0 0 1 0 0 3 5 0 1 0 
1 0 0 0 0 1 2 7 6 0 1 0 
2 0 0 0 0 0 1 7 1 2 0 0 
2 0 1 0 1 1 1 0 8 1 1 1 
2 0 1 0 0 0 3 4 3 2 0 0 
0 0 0 1 0 1 3 8 5 0 0 0 
0 0 0 0 0 0 2 3 7 2 1 0 
2 1 0 1 0 1 2 5 6 2 1 1 
0 1 0 1 0 1 3 2 0 2 1 0 
1 0 0 0 0 0 3 2 7 2 0 0 
1 1 0 0 1 1 3 8 0 0 0 0 
0 1 0 1 0 0 3 9 8 1 1 0 
0 0 1 0 1 1 3 7 9 0 0 1 
0 1 1 0 0 1 0 6 8 2 0 0 
2 0 0 0 0 0 1 8 1 0 0 1 
0 1 1 0 0 0 3 4 9 1 1 0 
1 0 0 1 0 0 2 1 1 0 1 0 
1 1 1 1 1 0 0 8 8 1 0 1 
2 1 1 1 0 1 3 7 7 1 1 1 
0 0 0 0 0 0 1 7 7 2 0 0 
0 0 0 0 0 0 3 9 7 1 0 0 
1 0 0 0 0 1 3 0 2 0 0 0 
2 0 0 0 0 0 2 1 7 0 0 0 
0 1 0 0 0 1 3 9 7 2 0 0 
0 0 0 0 0 1 2 4 6 1 1 1 
1 0 1 0 1 1 2 7 2 2 0 0 
0 1 1 0 0 0 2 2 0 0 1 1 
0 0 1 1 0 0 1 4 0 1 0 1 
0 0 1 0 0 0 0 6 7 0 0 1 
1 1 1 1 0 0 0 4 5 1 0 1 
0 1 0 0 0 0 0 9 5 1 0 0 
0 1 0 0 1 0 1 7 5 1 0 1 
2 1 1 0 0 0 0 8 5 2 0 0 
0 0 0 1 1 0 1 0 8 0 0 1 
0 0 0 0 0 0 2 7 0 2 0 0 
2 0 1 1 1 1 1 2 0 1 1 1 
0 0 1 0 0 0 2 2 1 1 0 0 
2 0 0 1 1 0 0 7 6 0 0 1 
0 1 1 0 0 1 0 2 2 0 0 1 
2 0 0 0 0 0 0 3 2 2 0 0 
2 1 0 1 1 0 3 0 2 1 0 1 
1 1 1 1 0 1 2 2 0 1 0 0 
2 1 0 1 0 0 0 6 9 2 0 0 
1 1 0 0 0 0 0 3 5 0 0 0 
2 1 0 1 0 0 1 0 5 0 0 1 
2 0 0 0 0 0 0 4 2 0 0 0 
1 0 0 0 0 0 1 1 7 2 1 0 
0 1 1 1 1 0 0 5 6 0 1 1 
0 1 1 0 1 0 3 5 7 0 0 0 
0 0 0 0 1 0 1 0 7 2 0 0 
1 0 0 0 0 1 3 8 8 2 0 0 
0 0 0 1 0 0 1 3 9 2 0 0 
1 1 1 0 0 0 1 1 1 1 0 0 
2 0 0 0 0 0 3 2 1 2 0 0 
0 0 0 0 0 0 1 7 0 1 0 0 
0 1 1 1 0 1 0 7 9 2 0 1 
0 0 0 0 0 0 2 6 2 2 0 0 
0 1 1 1 0 0 2 6 9 2 1 1 
2 0 1 1 0 1 1 5 4 0 0 0 
0 0 0 0 0 0 1 4 6 0 0 0 
0 0 0 0 0 0 2 7 2 0 0 0 
1 1 0 0 0 0 2 8 6 1 0 0 
0 0 0 0 0 0 3 0 5 0 1 0 
2 0 0 0 1 1 1 8 5 2 1 1 
1 1 0 1 1 0 3 5 4 0 0 0 
1 1 0 0 1 0 2 0 1 0 0 0 
0 0 1 0 0 0 0 4 2 2 0 0 
1 0 1 1 0 1 3 8 8 0 1 1 
0 0 1 0 1 0 1 6 4 0 1 1 
0 0 0 1 0 1 0 9 8 2 0 0 
0 0 1 0 0 0 0 9 9 1 1 0 
2 0 0 1 0 0 2 1 9 1 1 1 
2 1 1 1 0 0 2 3 6 1 1 0 
0 0 0 0 0 0 3 5 3 0 0 0 
0 0 0 0 0 0 0 4 4 1 0 0 
0 0 0 1 0 0 0 2 4 0 0 0 
0 0 0 0 1 0 2 6 9 1 0 0 
2 1 0 0 0 0 2 1 3 2 0 0 
2 1 0 1 1 1 3 0 8 2 1 1 
0 1 1 0 0 1 2 7 1 2 1 1 
2 1 0 1 1 0 3 1 4 0 0 1 
2 0 1 0 1 0 0 1 5 0 1 0 
0 0 0 0 0 1 2 1 9 0 0 0 
0 1 0 0 0 0 3 5 9 0 0 0 
2 0 0 0 0 0 3 5 5 0 0 0 
0 0 0 0 0 0 3 4 1 0 0 0 
0 0 0 0 0 0 0 4 4 1 1 0 
0 1 0 0 1 0 0 8 2 0 0 0 
0 1 0 0 0 0 3 7 1 1 0 1 
2 0 0 0 0 0 3 1 8 0 0 0 
0 0 0 0 0 0 3 1 9 1 0 0 
2 1 0 1 0 0 2 0 4 2 0 0 
1 1 0 0 0 1 2 2 1 2 1 1 
2 0 0 0 0 0 2 7 6 1 0 0 
2 0 1 0 1 0 2 2 2 1 1 0 
2 1 1 1 0 1 2 5 2 1 1 1 
2 1 1 1 0 1 1 6 2 2 1 1 
0 0 0 0 0 0 2 2 7 0 0 0 
1 1 1 0 0 1 1 6 0 0 0 0 
0 0 0 1 0 0 1 6 4 2 0 0 
0 0 0 0 0 1 3 2 1 0 0 0 
1 0 0 0 0 0 0 8 4 2 0 0 
0 0 0 0 0 0 0 6 8 1 0 0 
2 0 1 1 0 0 0 5 9 1 1 0 
0 0 0 0 0 0 0 5 6 1 0 0 
2 0 0 0 1 0 1 0 9 1 0 0 
0 1 0 0 0 0 1 8 5 0 0 0 
2 1 0 1 0 0 1 0 3 2 0 0 
0 1 0 1 0 1 0 5 8 0 0 0 
0 0 0 0 0 0 3 7 7 0 0 0 
0 0 0 0 0 1 0 6 1 0 0 1 
0 0 0 0 0 0 1 5 7 1 0 0 
1 0 0 0 0 0 1 6 3 0 0 0 
1 1 1 1 0 1 3 3 7 0 1 1 
0 0 0 1 0 0 3 6 7 1 0 0 
1 0 1 0 0 0 1 6 1 1 1 1 
2 0 1 1 1 0 3 2 7 0 1 0 
0 0 0 1 0 0 2 6 3 0 0 1 
1 0 1 1 0 0 2 1 0 0 0 1 
1 0 0 1 0 0 1 4 4 2 0 0 
1 1 1 0 0 1 2 7 7 0 0 0 
2 0 0 1 1 1 3 9 3 0 0 1 
2 0 0 0 0 0 1 8 4 0 0 0 
0 1 0 0 1 0 1 1 5 0 0 1 
1 0 0 0 0 1 0 4 2 0 0 1 
0 0 0 0 0 0 1 6 8 2 0 0 
0 0 0 0 0 0 2 5 0 2 0 0 
0 0 0 0 0 0 3 3 2 1 0 0 
0 1 0 0 0 0 2 4 5 1 0 0 
2 0 0 0 0 0 3 5 4 1 0 0 
0 0 0 0 0 0 0 8 0 2 0 0 
0 0 1 1 1 0 2 9 6 1 1 1 
2 1 1 0 0 1 3 5 1 1 0 1 
1 0 1 0 1 0 2 6 4 2 0 1 
2 0 0 0 0 0 2 6 1 1 0 0 
0 0 0 0 0 0 2 1 5 0 0 0 
2 0 0 0 0 1 1 2 7 0 0 0 
0 1 0 0 0 0 3 3 8 1 0 0 
2 0 0 0 0 0 0 3 4 0 0 0 
0 0 0 0 0 0 2 9 5 1 0 0 
0 1 0 1 0 1 3 2 4 2 1 0 
1 0 1 0 0 0 1 7 2 2 1 0 
2 0 0 0 0 0 1 9 5 1 0 0 
2 1 0 1 0 1 1 6 4 1 0 0 
2 0 0 0 0 0 1 7 2 0 0 0 
0 1 1 1 0 0 0 8 4 1 1 1 
1 0 0 0 0 0 3 3 4 0 0 1 
0 0 0 1 0 0 0 7 1 2 1 0 
1 0 0 0 0 0 1 4 2 1 0 1 
0 0 1 0 1 1 0 7 8 0 0 0 
1 0 0 0 0 0 1 9 8 1 0 0 
2 0 1 0 0 0 1 8 3 0 0 0 
2 0 0 0 0 0 1 1 1 1 0 0 
0 0 0 0 0 0 1 1 4 0 0 0 
2 0 0 0 0 0 1 9 8 2 0 1 
0 1 0 0 0 1 1 4 8 0 0 0 
1 0 0 0 1 1 1 0 5 0 1 0 
0 0 0 0 1 0 0 1 0 2 0 0 
0 0 0 0 1 0 3 5 4 2 0 0 
0 0 0 1 0 0 1 1 9 2 0 0 
0 1 0 0 1 0 2 5 1 2 1 1 
2 1 0 0 0 0 1 2 2 0 0 0 
0 1 0 1 0 1 1 5 2 0 0 1 
0 0 1 0 1 1 2 4 7 2 1 0 
1 0 0 1 0 0 3 6 7 2 1 1 
1 0 0 0 0 0 1 7 9 0 0 1 
1 0 0 0 0 0 2 3 6 0 0 0 
2 0 0 0 0 0 3 7 5 0 0 0 
1 1 1 1 1 0 1 2 1 1 0 0 
1 0 0 0 0 0 0 7 6 2 0 0 
1 0 0 0 0 0 0 3 0 0 0 1 
2 0 0 0 0 0 2 8 9 0 0 1 
0 0 1 0 1 0 1 1 9 0 1 0 
0 0 1 0 0 1 2 6 1 2 1 0 
0 1 0 0 0 0 0 1 1 0 0 1 
0 0 0 0 0 0 3 7 9 2 0 0 
1 0 1 1 1 0 3 9 7 2 0 1 
0 0 0 0 1 0 0 7 4 2 0 0 
0 1 0 1 1 1 2 3 0 2 0 0 
1 1 1 0 0 0 3 1 8 0 0 0 
1 0 0 0 1 0 2 2 6 1 1 0 
0 0 0 1 0 1 1 9 3 1 0 1 
2 0 1 1 0 1 0 4 7 1 1 1 
0 0 0 1 1 0 2 4 2 0 0 1 
1 0 0 0 0 1 0 1 9 2 0 0 
0 0 0 0 1 0 1 6 8 1 0 0 
0 0 0 1 0 1 1 8 2 0 0 0 
0 1 1 0 0 0 3 4 4 2 1 1 
1 0 0 0 0 0 3 8 6 0 1 0 
0 1 1 0 1 0 0 1 6 0 0 0 
1 0 0 0 0 0 1 6 6 1 1 1 
1 0 0 1 0 0 3 8 0 2 0 0 
2 0 0 0 0 0 1 9 9 1 0 0 
0 1 1 0 0 1 1 4 5 2 1 0 
0 0 0 0 1 1 1 2 4 1 0 0 
0 0 0 0 1 0 0 9 6 0 0 0 
0 1 1 1 0 0 0 8 7 2 1 0 
0 0 0 0 0 0 3 3 5 2 0 0 
2 0 0 0 0 0 0 2 6 0 0 0 
2 1 0 0 0 0 0 8 3 2 0 0 
2 0 0 0 0 0 2 6 9 0 0 0 
0 0 0 0 1 1 0 8 4 0 0 0 
2 1 0 1 1 1 1 4 2 2 1 0 
1 0 0 0 0 0 2 4 8 0 0 0 
0 1 0 1 0 0 1 7 2 0 0 1 
0 0 0 0 1 0 3 4 3 1 1 0 
0 1 1 1 1 0 1 1 2 1 0 0 
0 0 0 1 0 1 2 8 9 2 0 0 
0 0 0 0 0 0 2 7 5 1 0 0 
0 1 0 0 1 1 1 5 8 1 0 1 
0 0 0 0 0 0 3 9 2 2 0 0 
0 0 1 0 0 1 2 7 0 1 1 1 
1 0 0 0 1 1 3 7 3 0 0 0 
1 0 1 0 1 0 3 9 2 0 0 0 
1 1 0 0 0 0 3 5 5 1 0 0 
1 0 0 0 0 0 1 2 2 1 0 1 
2 0 1 1 0 1 0 0 2 2 1 1 
0 0 0 0 0 0 3 4 7 2 0 0 
1 0 0 0 0 0 1 5 5 0 0 0 
1 1 1 0 0 1 2 2 4 1 0 0 
1 1 0 1 1 1 1 5 7 2 1 0 
1 0 0 0 0 0 2 0 4 0 0 0 
0 0 0 0 0 0 1 2 5 1 1 0 
1 0 0 0 0 0 0 6 2 0 0 0 
0 1 0 0 0 1 0 9 9 0 0 0 
2 1 1 0 0 0 1 2 4 2 0 0 
0 1 0 0 1 1 0 3 4 1 0 0 
2 0 0 0 0 1 0 0 8 0 1 0 
0 1 0 0 1 0 1 5 5 0 0 0 
2 0 0 0 0 0 2 8 0 0 0 0 
0 0 0 1 0 0 0 2 9 1 1 0 
1 0 0 0 0 1 3 9 4 2 0 0 
2 0 0 0 0 0 1 1 9 1 0 0 
2 0 1 1 1 0 0 5 0 2 1 1 
0 0 0 1 1 0 2 3 3 1 1 0 
1 0 1 0 0 1 3 4 4 0 0 1 
2 0 1 0 1 1 2 6 8 1 1 0 
0 0 0 1 1 0 1 8 7 1 1 0 
2 0 0 0 1 1 1 3 3 1 1 0 
2 1 0 0 1 0 0 5 4 0 0 1 
0 1 0 1 1 0 3 5 5 2 0 0 
1 1 1 1 0 1 1 8 4 2 0 0 
0 0 1 0 0 0 0 8 2 1 0 1 
0 1 0 0 0 0 0 6 6 0 1 0 
2 0 0 0 0 0 1 7 7 0 0 0 
0 0 0 0 1 0 1 2 6 0 0 0 
0 1 0 1 0 1 0 4 1 1 0 0 
2 0 1 1 1 1 0 6 5 1 0 0 
2 1 0 0 0 0 3 7 8 0 0 1 
1 0 0 0 0 0 3 4 1 0 0 0 
2 0 0 0 0 1 2 9 7 1 1 1 
2 0 0 0 1 1 2 3 6 0 0 1 
2 0 0 0 0 0 3 0 1 0 1 1 
1 1 1 1 1 0 0 8 3 1 0 0 
0 0 0 0 0 0 0 0 3 2 0 0 
0 0 0 0 0 1 2 8 4 1 0 0 
1 0 1 0 1 0 2 9 3 2 0 1 
1 1 1 0 1 1 2 3 3 0 1 1 
0 1 0 1 0 0 3 1 2 2 1 0 
1 0 0 0 0 0 3 7 7 0 0 1 
0 1 0 1 0 1 3 0 4 0 0 1 
2 1 0 0 0 0 0 5 7 2 1 0 
2 0 0 0 0 0 2 9 2 0 0 0 
0 0 0 0 0 0 1 6 3 1 0 0 
0 1 1 0 1 0 0 7 3 1 0 1 
1 1 0 1 0 1 2 7 5 0 0 0 
2 0 1 0 0 1 3 4 0 1 1 0 
2 1 1 1 0 0 3 6 8 0 0 1 
0 0 0 0 0 0 2 3 2 2 0 0 
2 0 0 1 1 0 0 8 6 1 0 1 
0 1 0 0 0 0 0 4 2 0 0 0 
2 1 0 0 0 0 3 4 2 0 0 1 
1 0 0 0 0 0 0 3 3 1 0 0 
2 1 0 0 1 0 3 8 8 1 0 0 
0 1 0 0 1 1 1 9 6 2 0 0 
0 1 0 1 0 0 0 9 2 0 0 0 
0 0 0 0 0 0 0 4 9 0 1 1 
1 0 0 1 1 0 1 6 0 1 1 1 
0 0 1 1 0 0 1 8 9 1 1 0 
0 0 0 1 1 1 2 2 6 2 0 0 
2 1 0 0 1 1 1 7 3 2 1 1 
0 0 0 0 0 0 0 1 3 0 0 1 
1 1 1 1 0 1 0 8 2 2 0 0 
0 1 0 0 1 0 0 0 4 0 0 0 
2 1 0 0 1 0 1 3 2 0 1 0 
2 1 1 1 0 0 3 5 8 2 1 0 
1 1 1 0 0 1 3 4 8 0 1 1 
0 0 1 0 1 1 1 4 9 0 1 0 
2 0 0 0 0 1 0 4 5 0 0 0 
2 0 0 0 0 0 1 7 9 2 1 0 
0 0 0 0 0 0 0 0 1 0 0 0 
1 0 0 0 0 0 3 8 9 0 0 0 
2 1 0 0 1 1 1 0 2 0 1 0 
1 0 1 0 0 0 1 0 8 0 0 0 
2 0 0 1 0 0 3 8 9 2 1 1 
1 1 0 0 1 0 2 1 7 0 0 0 
0 0 0 0 0 0 3 2 6 2 0 0 
0 0 1 0 0 1 2 0 1 0 0 1 
2 1 0 0 0 1 3 1 5 1 0 1 
2 0 0 1 0 0 3 7 4 1 0 1 
0 0 0 0 0 0 0 5 0 0 0 0 
1 0 1 0 0 1 1 1 5 0 1 0 
1 1 0 1 0 0 1 3 3 1 0 1 
1 0 0 0 0 0 1 9 2 1 0 0 
1 0 0 0 1 0 3 9 9 1 0 1 
2 0 0 0 0 0 2 5 5 0 0 0 
0 0 0 0 0 0 2 7 7 1 0 0 
1 0 1 1 1 1 3 7 1 2 0 1 
2 0 0 0 1 0 2 2 0 2 0 0 
0 0 1 0 0 0 0 0 2 0 0 1 
1 0 0 1 0 1 1 7 6 0 0 0 
2 1 1 1 1 0 0 1 9 0 0 0 
1 0 0 0 0 1 3 5 7 2 0 0 
0 0 0 0 0 0 1 7 4 2 0 0 
2 1 0 1 0 0 2 3 1 2 0 0 
2 1 0 0 1 0 0 9 0 1 0 0 
0 1 0 1 0 1 1 1 9 0 0 1 
1 0 0 0 0 0 1 1 4 2 1 0 
2 0 0 0 0 0 2 3 3 2 0 0 
2 0 0 0 0 0 0 9 7 2 0 0 
1 0 1 1 1 1 0 2 1 0 1 1 
1 0 1 1 1 1 2 5 3 1 1 0 
0 1 1 1 1 0 3 8 5 1 1 1 
1 0 0 0 1 1 3 0 9 0 0 1 
1 1 0 0 0 0 0 2 6 0 0 0 
1 0 0 1 0 1 1 2 2 2 1 0 
0 1 1 0 1 1 0 1 8 1 0 0 
2 0 0 0 0 0 1 8 9 0 0 0 
2 0 0 0 0 0 1 1 6 0 0 0 
2 0 0 1 0 0 0 0 9 2 0 1 
1 1 1 0 0 0 1 9 4 0 1 0 
0 1 0 0 1 0 2 9 3 1 1 0 
0 0 0 0 0 0 2 6 6 0 0 0 
2 1 0 0 0 1 2 5 6 2 1 1 
1 1 0 1 1 0 0 9 9 0 1 0 
1 0 0 1 0 0 0 7 2 0 1 0 
0 0 0 0 0 1 1 5 6 2 1 1 
2 0 0 1 0 0 2 2 8 0 0 0 
0 0 0 0 1 0 0 9 5 2 0 0 
0 1 1 0 0 0 3 1 7 0 0 0 
1 1 0 0 0 1 0 3 2 1 1 1 
1 0 1 0 0 0 2 7 1 1 0 0 
0 0 1 1 0 0 0 0 5 2 1 1 
0 1 0 0 0 0 0 9 1 0 1 0 
1 0 0 1 1 0 2 0 8 2 1 0 
1 0 1 0 0 0 3 1 3 0 0 1 
0 0 0 1 0 0 1 4 1 0 0 0 
0 0 0 0 0 1 0 8 0 1 1 0 
0 1 1 1 0 1 2 1 3 2 1 1 
0 1 0 0 0 0 0 0 5 0 1 0 
0 0 0 0 1 0 2 8 9 0 1 0 
0 0 0 0 0 0 0 8 1 1 1 1 
1 1 1 0 1 1 3 8 6 2 0 1 
0 1 1 1 1 0 2 9 8 2 0 1 
2 0 0 0 0 0 1 0 4 0 1 0 
2 0 0 0 1 0 3 1 9 0 0 0 
0 0 0 0 0 0 2 3 6 2 0 0 
1 0 0 0 0 0 1 9 6 1 1 0 
0 1 0 1 0 1 2 8 5 2 0 0 
1 0 0 0 0 1 2 3 5 2 1 0 
1 1 1 1 0 0 0 4 3 2 1 1 
1 0 0 0 0 0 0 5 8 0 1 1 
0 0 0 1 0 0 2 8 4 0 0 0 
2 0 0 0 0 1 2 2 9 0 0 1 
1 1 1 0 1 1 3 6 7 0 0 0 
2 0 1 0 0 0 1 6 6 0 0 0 
2 0 1 1 1 1 1 7 8 2 0 1 
0 0 1 1 1 0 3 9 4 0 0 0 
1 0 0 0 0 0 0 7 0 1 0 0 
2 0 1 0 1 0 0 4 9 1 0 1 
2 0 0 0 1 1 3 3 0 1 0 1 
2 0 0 0 0 1 2 9 4 0 0 0 
2 0 0 0 0 0 1 5 7 0 0 0 
1 0 0 0 0 1 2 9 7 0 1 0 
2 0 1 0 0 0 0 3 0 2 0 0 
0 1 0 1 1 1 1 6 6 1 0 0 
2 1 0 0 0 0 2 1 0 2 1 0 
0 1 1 0 0 0 1 0 7 1 1 1 
0 1 0 0 0 1 1 0 8 2 0 0 
0 0 0 0 0 0 1 3 2 0 0 0 
1 1 1 0 0 0 0 9 8 2 1 0 
0 0 0 0 0 0 2 3 4 0 0 0 
1 0 1 1 0 0 0 5 4 2 0 0 
2 1 1 0 0 0 3 4 5 2 0 1 
1 1 1 1 1 0 0 1 0 1 1 0 
1 1 0 1 1 0 2 4 3 0 0 0 
0 1 1 0 1 1 1 1 6 2 1 1 
2 0 1 1 0 0 0 6 1 0 1 1 
1 0 0 1 0 1 3 2 8 0 1 1 
1 0 0 1 1 1 0 6 8 0 1 1 
0 0 0 0 1 0 2 9 2 2 0 0 
0 0 1 1 1 1 1 9 2 0 0 0 
1 0 0 1 0 0 3 2 6 0 0 1 
1 1 1 0 1 1 3 7 8 1 0 0 
1 0 0 1 0 1 0 9 1 0 1 0 
0 0 0 1 0 1 0 5 0 0 0 0 
2 0 0 0 0 0 2 3 0 1 0 0 
0 1 0 0 0 0 0 4 0 2 1 1 
0 0 0 0 1 0 1 1 8 0 0 0 
0 1 1 0 0 0 2 7 8 1 0 0 
1 1 0 0 0 0 2 2 3 0 0 0 
1 0 1 1 0 1 1 0 3 1 0 1 
2 1 0 0 1 0 3 3 3 0 0 1 
2 0 0 0 1 0 2 3 9 2 0 0 
0 1 0 0 1 0 0 3 6 0 0 0 
2 1 0 0 1 0 0 9 8 0 0 1 
1 1 1 1 1 0 2 7 4 2 1 0 
2 1 1 0 0 0 3 6 6 1 0 1 
0 0 0 1 0 1 3 0 7 0 0 0 
0 0 0 1 1 0 0 2 5 0 0 1 
1 1 1 1 1 0 3 2 2 0 0 0 
0 1 0 0 0 0 1 5 4 2 1 1 
0 1 0 1 1 0 1 9 9 2 0 1 
0 0 0 0 1 1 2 1 0 1 0 0 
1 1 1 0 1 0 1 0 2 2 0 1 
0 0 1 1 0 0 2 2 3 1 1 1 
0 0 0 0 0 0 1 6 6 2 0 0 
0 0 1 1 0 1 3 9 5 2 0 0 
2 0 0 1 1 0 2 6 3 1 1 0 
0 0 1 0 0 1 2 4 3 2 1 1 
2 0 0 0 0 0 2 5 3 2 0 0 
1 1 1 1 0 0 0 8 9 0 0 1 
0 1 0 0 0 0 3 6 4 1 0 0 
0 0 0 0 0 0 2 4 8 2 0 0 
2 0 0 0 0 0 2 8 6 2 0 0 
0 0 0 0 0 0 2 1 3 1 0 0 
1 0 0 0 0 0 2 4 5 2 0 0 
1 0 1 0 0 1 1 9 1 1 0 0 
0 0 0 0 0 0 0 3 7 0 0 0 
0 1 0 0 0 0 1 4 3 1 0 0 
0 0 0 1 1 1 2 1 2 0 1 1 
0 0 0 0 0 0 0 2 7 2 0 0 
1 0 1 0 1 0 3 7 6 1 1 1 
0 1 0 1 1 0 1 2 0 0 0 1 
0 1 0 0 1 0 3 9 5 1 1 1 
2 0 0 0 0 1 1 7 0 2 1 1 
0 0 1 0 0 1 3 0 2 1 1 0 
1 1 0 0 0 1 1 0 6 1 0 0 
1 0 0 0 0 0 0 2 4 2 0 0 
1 0 0 0 1 0 0 7 0 0 0 0 
0 0 1 1 0 1 1 2 8 0 1 0 
0 1 0 1 1 0 2 2 2 1 0 1 
0 0 0 0 0 0 2 5 0 1 0 0 
2 1 0 1 0 1 2 4 3 1 0 0 
2 1 0 0 1 0 0 6 1 2 0 0 
0 0 1 0 0 0 2 3 5 0 0 0 
2 0 0 0 0 0 1 3 6 0 0 0 
1 0 0 0 0 0 1 6 4 0 0 0 
0 0 1 1 0 0 2 0 4 0 0 0 
2 1 0 1 1 0 3 3 9 2 0 0 
0 1 1 0 1 1 0 2 6 1 0 1 
0 1 0 0 0 1 2 0 3 1 0 0 
1 1 0 0 0 0 2 1 7 2 0 1 
0 0 0 0 0 0 1 2 3 0 0 0 
1 1 1 1 0 0 3 3 3 2 1 0 
1 0 1 0 0 0 3 4 5 0 0 0 
0 0 0 0 0 1 0 5 9 0 0 0 
0 0 0 0 0 0 2 2 6 0 0 0 
0 0 0 0 0 0 1 9 4 2 0 0 
2 1 0 1 0 0 1 8 2 1 0 0 
0 0 0 0 1 0 0 2 8 0 1 0 
1 0 1 1 0 0 1 9 0 1 0 0 
2 1 0 0 0 0 3 6 1 1 1 0 
1 1 1 0 0 0 1 3 5 2 0 1 
1 0 0 0 0 1 1 1 2 2 1 0 
1 0 0 0 0 0 3 6 0 2 0 1 
2 0 1 0 0 1 2 1 8 0 0 1 
2 0 0 0 0 0 3 9 0 1 0 0 
0 0 0 0 0 0 3 8 7 1 1 1 
0 0 1 0 0 0 1 1 0 2 1 1 
1 0 0 1 0 0 2 5 9 1 0 1 
2 0 0 0 0 1 3 8 3 1 1 0 
2 0 0 0 1 0 1 3 4 2 0 0 
0 0 0 0 0 0 1 8 0 0 0 0 
1 0 0 0 0 0 1 4 0 0 1 0 
1 0 0 0 0 0 1 8 8 0 0 0 
0 0 0 0 0 1 2 0 8 0 0 0 
0 0 0 0 1 1 1 7 2 1 1 0 
0 0 1 0 1 1 3 2 9 0 0 1 
1 0 0 1 0 1 3 1 0 2 0 0 
0 0 0 0 0 1 3 3 6 2 0 1 
0 0 0 0 0 0 2 9 7 2 0 0 
1 0 1 1 1 1 2 4 6 0 0 0 
1 0 0 1 0 0 1 4 5 0 0 1 
2 1 0 1 0 0 2 5 0 0 1 0 
0 0 0 0 0 0 2 1 4 0 0 0 
1 0 0 0 0 0 1 1 8 1 0 0 
1 1 0 0 1 0 2 7 3 2 0 1 
1 0 0 1 0 0 2 2 4 0 1 1 
1 0 0 0 0 0 0 0 5 1 0 1 
0 1 0 0 0 0 3 3 6 0 1 0 
2 0 1 0 0 1 3 0 0 0 0 1 
0 0 1 1 1 1 1 5 1 1 1 0 
0 1 0 0 1 0 0 3 3 0 0 1 
1 0 0 0 1 0 3 2 0 0 0 0 
0 0 0 0 0 0 0 2 9 0 1 1 
0 0 0 1 0 0 0 4 9 2 0 0 
0 1 1 0 1 1 3 1 0 0 1 1 
1 0 0 0 0 0 0 3 7 1 0 1 
1 0 1 0 1 0 2 6 5 2 0 1 
0 0 1 0 1 0 2 5 4 0 0 0 
1 1 1 1 1 1 0 6 1 1 0 0 
1 1 0 1 0 1 3 7 6 2 0 1 
1 0 0 0 0 0 3 8 4 1 0 0 
0 0 0 1 0 1 1 7 9 1 0 0 
1 0 0 0 0 0 1 1 9 0 0 0 
2 1 1 0 0 1 0 8 6 0 0 0 
2 0 0 0 0 0 3 0 9 0 0 0 
1 0 1 0 0 0 3 9 3 1 0 0 
1 0 0 1 0 0 2 2 7 1 0 0 
0 0 0 0 0 0 0 8 1 2 0 0 
1 0 0 0 0 0 1 0 7 0 0 0 
0 1 1 1 1 1 2 4 5 0 0 1 
2 0 0 0 0 1 0 1 6 1 1 1 
0 0 0 0 0 0 3 8 8 0 0 0 
0 0 1 1 0 0 1 3 7 0 1 0 
1 0 0 0 1 0 1 7 4 1 1 0 
1 1 1 1 0 1 0 3 0 1 0 0 
2 1 0 0 0 0 2 4 6 2 0 0 
2 0 0 0 0 0 3 9 8 0 0 0 
0 1 0 0 0 0 2 6 7 0 1 0 
1 0 1 0 1 0 0 2 0 2 1 1 
0 0 1 1 1 1 2 4 0 2 0 1 
1 1 0 0 0 0 3 0 7 1 0 0 
1 0 1 0 1 1 1 4 1 1 0 0 
1 0 0 1 1 0 0 1 4 0 1 0 
2 0 0 1 0 0 2 4 5 0 1 0 
0 1 0 0 0 1 2 3 9 1 0 1 
0 0 0 0 0 0 3 7 6 0 1 0 
0 0 0 1 0 0 2 1 8 1 0 0 
2 0 0 1 0 1 1 6 8 0 0 0 
2 0 0 0 0 0 1 5 1 2 0 0 
0 0 0 0 0 1 0 2 3 1 0 0 
1 0 1 0 0 1 0 6 7 2 1 0 
2 0 0 0 0 0 1 0 0 1 0 0 
2 0 0 0 0 0 2 7 8 2 0 0 
0 0 0 0 1 0 2 5 9 2 1 1 
0 1 1 1 0 1 2 3 7 1 0 0 
0 0 1 0 1 1 2 8 3 2 1 0 
0 0 1 0 0 0 0 0 4 2 0 1 
1 0 0 1 1 0 0 4 2 1 1 0 
0 0 0 0 0 0 2 2 9 1 0 0 
0 0 1 0 0 0 3 3 1 2 0 0 
1 1 0 0 0 0 2 8 3 1 0 1 
0 0 1 1 1 1 2 2 7 2 1 1 
2 0 1 1 0 0 1 2 9 1 0 1 
1 0 0 0 0 1 2 6 9 0 0 0 
1 0 0 0 1 0 3 3 1 1 0 1 
1 0 0 1 0 1 0 5 6 2 0 0 
1 0 0 0 0 0 0 6 5 2 0 0 
1 0 1 1 0 1 1 8 5 1 0 1 
1 1 1 0 0 0 3 3 2 2 0 1 
2 0 0 0 0 0 3 8 6 0 0 0 
1 1 1 0 0 0 2 9 2 1 0 1 
0 0 0 0 0 0 0 1 2 2 0 0 
1 0 0 0 0 0 3 2 1 0 0 0 
0 0 0 0 0 0 3 9 1 2 0 0 
2 0 0 1 1 0 2 3 7 1 1 0 
0 1 1 0 0 0 1 6 5 1 0 0 
1 0 0 0 1 0 1 8 9 2 0 1 
0 0 0 0 1 0 3 4 2 1 0 0 
1 0 0 1 1 1 3 4 5 2 1 1 
0 1 1 1 0 0 0 6 6 2 0 0 
2 0 0 0 0 0 0 1 4 1 0 0 
0 0 0 1 1 1 3 2 1 1 0 1 
1 0 0 0 0 0 3 7 5 2 1 0 
0 0 0 0 0 0 1 2 6 1 0 0 
0 0 1 0 0 0 0 9 5 0 1 0 
0 1 0 1 1 1 0 4 6 2 1 1 
0 0 0 0 1 1 0 3 0 1 1 0 
0 0 0 0 0 0 3 3 4 2 0 0 
0 0 1 0 1 1 2 1 1 1 0 0 
1 0 0 0 1 0 0 9 6 2 1 1 
0 0 0 1 0 1 0 5 3 0 1 0 
0 0 0 0 0 0 3 0 3 1 0 0 
0 1 0 1 0 0 1 6 1 2 0 1 
2 1 0 1 1 0 0 6 2 2 1 0 
0 1 0 0 1 0 2 6 1 1 0 1 
0 0 0 0 0 0 2 4 1 2 0 0 
2 1 1 1 0 0 0 2 5 0 1 1 
0 0 1 1 0 1 2 1 7 1 1 0 
2 0 1 0 0 0 1 1 3 0 0 1 
0 0 1 0 0 0 2 6 0 0 1 0 
0 0 0 0 0 0 0 1 0 0 0 0 
0 0 1 1 0 1 3 4 6 2 0 0 
1 0 0 0 0 0 3 2 3 2 0 0 
2 0 0 0 0 1 0 2 4 1 1 0 
1 0 0 1 0 1 3 3 5 1 0 0 
2 0 0 0 0 0 3 5 3 1 0 0 
0 0 1 0 1 0 2 5 8 0 1 0 
0 1 0 0 0 0 0 8 8 2 0 0 
1 1 1 0 1 1 0 2 4 0 1 1 
2 0 1 1 0 1 0 9 0 2 1 1 
1 0 0 0 0 0 2 9 2 0 1 0 
0 0 0 0 0 0 1 3 8 1 0 0 
0 0 0 0 0 0 2 8 7 0 0 0 
1 0 1 0 1 0 0 4 6 0 0 0 
1 1 0 0 1 0 0 5 2 2 1 1 
1 0 0 1 0 0 2 6 1 0 0 0 
2 1 1 1 0 1 1 9 7 2 1 0 
0 0 1 0 0 1 0 9 3 0 0 0 
2 0 0 0 0 0 3 2 9 0 0 0 
1 1 0 1 0 1 0 0 8 1 0 1 
0 0 0 0 0 0 0 6 5 1 0 1 
2 1 0 1 0 0 2 7 2 2 1 1 
1 0 1 1 1 1 3 6 2 2 0 0 
0 0 1 0 0 1 0 5 1 2 0 1 
2 1 1 0 1 1 3 3 5 0 0 1 
2 0 0 0 0 0 2 5 8 0 0 0 
0 1 1 0 0 0 3 0 8 0 0 0 
0 0 1 0 0 0 3 2 0 1 0 1 
1 0 0 0 0 0 2 0 5 0 0 1 
2 1 0 1 0 0 2 4 8 1 1 0 
0 0 0 0 0 0 1 0 2 1 0 0 
0 0 0 0 0 0 2 7 4 1 0 0 
0 1 0 0 0 0 0 0 9 0 0 0 
0 0 0 0 1 1 1 3 5 1 0 1 
0 1 1 1 1 0 2 9 4 2 1 1 
1 0 0 1 0 0 3 5 6 2 1 0 
2 0 0 1 0 0 2 8 2 0 1 0 
2 1 1 1 1 1 1 4 0 2 0 0 
0 0 0 0 1 0 0 1 9 1 0 0 
0 1 1 0 0 0 3 9 9 2 0 0 
0 0 1 0 1 0 2 2 4 2 0 1 
1 1 1 1 0 0 1 0 0 2 0 1 
1 0 0 0 0 0 1 4 6 2 0 0 
2 1 0 0 0 1 3 8 4 0 1 1 
0 1 0 1 1 0 1 4 9 2 0 1 
0 0 1 0 0 0 0 6 2 1 0 0 
0 0 1 0 1 0 0 6 0 2 0 1 
2 0 0 0 0 0 3 0 7 2 0 0 
2 0 0 0 0 0 1 4 1 0 0 0 
1 0 0 0 0 1 3 8 7 0 0 0 
0 0 0 0 0 0 3 0 2 2 0 0 
2 1 0 0 0 0 3 4 1 1 1 0 
2 0 0 0 0 0 0 9 4 2 0 0 
0 0 0 0 1 1 0 4 1 2 1 0 
2 0 0 0 0 0 3 6 2 0 0 0 
1 1 0 1 1 0 3 4 4 1 0 0 
2 0 0 0 0 0 3 8 5 1 0 0 
1 0 0 0 1 0 1 5 4 1 0 0 
0 0 0 0 1 0 0 5 7 0 0 0 
0 0 0 0 0 0 3 1 3 2 0 0 
0 0 0 0 0 1 0 5 4 1 0 0 
1 0 0 1 0 1 2 6 0 2 0 1 
0 0 0 0 0 0 0 8 3 0 1 1 
1 1 0 1 1 0 0 6 3 1 0 0 
2 0 1 1 0 1 0 5 7 1 0 1 
0 1 1 1 1 0 1 9 1 0 0 1 
2 0 0 0 1 0 1 9 7 0 0 1 
0 1 0 0 0 0 0 8 9 0 1 0 
1 0 1 0 0 0 2 9 5 2 0 0 
2 0 0 0 0 0 0 9 6 0 1 0 
2 0 0 0 0 1 0 2 0 0 1 0 
0 0 0 0 0 1 0 9 9 0 0 1 
2 0 1 1 1 1 2 1 4 1 1 0 
0 0 0 1 0 0 2 9 3 0 0 0 
2 0 0 0 0 0 0 1 7 2 0 0 
1 0 1 1 0 0 2 3 9 0 1 1 
2 0 1 1 1 0 1 5 3 2 0 1 
2 0 1 0 0 1 3 1 7 2 1 0 
0 0 0 0 0 0 3 1 1 0 1 0 
2 0 0 1 0 0 2 9 6 2 0 0 
1 1 1 1 0 1 2 5 1 0 0 1 
2 1 0 0 0 1 1 8 7 0 0 0 
0 0 0 1 1 0 3 4 8 1 0 0 
0 0 1 0 0 0 2 3 0 2 1 1 
2 0 1 0 0 0 2 3 2 1 1 1 
1 0 0 0 0 1 1 8 6 0 1 1 
1 0 1 0 0 1 3 9 1 1 1 1 
2 1 0 0 1 0 0 4 3 2 0 1 
0 0 0 1 0 0 2 8 1 0 1 1 
1 0 0 1 0 0 1 1 6 0 0 0 
0 0 1 0 0 0 0 5 7 0 1 0 
0 0 0 0 0 0 1 8 7 2 0 0 
2 0 1 1 1 0 3 2 4 1 0 1 
0 1 0 0 0 1 3 9 2 1 1 0 
2 0 0 0 1 0 0 1 3 1 1 0 
1 0 0 0 0 0 0 2 2 1 0 0 
2 1 1 1 1 0 1 0 1 0 0 0 
0 0 0 0 0 0 3 8 2 2 0 0 
1 1 0 0 0 0 2 5 8 2 0 1 
0 0 0 0 0 0 3 3 5 0 1 0 
1 0 0 0 0 0 3 6 4 0 0 0 
2 0 0 0 1 0 0 4 8 2 0 1 
1 1 1 0 1 1 2 5 7 1 0 0 
2 0 0 0 1 0 1 5 2 1 0 0 
2 1 0 1 1 1 3 4 9 0 0 0 
2 0 1 1 0 0 0 2 8 1 1 0 
2 0 0 1 0 0 3 3 0 2 0 1 
0 1 1 0 1 1 1 2 5 2 0 1 
0 0 0 0 0 0 3 3 7 2 0 0 
0 0 1 0 1 0 0 3 2 0 0 1 
1 0 0 1 0 0 0 0 1 1 1 1 
2 1 0 1 1 1 3 1 3 0 1 0 
1 1 0 0 0 0 2 8 0 1 0 1 
0 1 0 1 0 0 0 1 4 2 1 1 
0 0 0 1 0 0 0 2 9 0 0 0 
1 0 0 1 0 0 0 9 4 1 0 1 
0 0 1 1 1 1 0 0 6 1 1 1 
1 0 0 1 1 0 1 1 3 2 1 1 
0 0 0 0 1 0 3 6 8 2 1 1 
1 0 0 0 1 0 3 8 5 2 0 0 
2 0 0 0 0 0 3 7 2 1 1 0 
1 1 0 1 0 0 0 9 0 0 0 0 
1 1 1 0 0 0 2 0 9 1 0 0 
1 1 0 1 1 1 1 3 8 2 0 0 
2 0 0 0 0 0 3 7 1 2 1 0 
0 0 0 0 0 0 3 4 9 2 0 0 
1 0 1 0 0 1 1 2 6 2 0 1 
2 0 0 0 0 0 0 7 2 0 0 0 
0 1 1 0 1 0 1 0 6 2 1 0 
0 0 0 1 1 1 1 1 0 1 0 0 
0 1 1 0 1 1 2 2 8 1 0 0 
1 1 1 0 0 1 1 2 3 2 0 0 
1 0 0 1 0 0 0 9 5 0 1 0 
2 1 1 1 1 1 2 8 1 2 0 0 
2 0 0 0 0 0 0 4 0 0 0 0 
0 0 0 0 1 0 0 7 2 2 0 0 
1 1 1 0 1 0 2 1 9 2 0 0 
1 0 0 0 1 1 1 0 0 0 1 0 
2 1 1 1 1 1 0 3 7 2 0 1 
1 1 0 0 0 0 2 0 7 0 1 0 
1 0 0 1 0 0 0 0 0 2 1 1 
0 0 0 1 1 1 3 3 2 2 1 0 
1 1 0 1 1 0 2 2 5 1 0 1 
1 1 1 1 1 0 2 5 5 2 0 1 
0 0 0 0 0 0 2 6 7 2 0 0 
2 1 1 0 1 1 3 5 3 0 1 1 
2 0 0 0 0 0 0 2 9 2 0 1 
1 0 1 1 0 1 0 1 7 0 0 1 
0 0 0 0 1 0 1 0 3 0 1 0 
0 0 0 0 0 0 3 2 6 1 0 0 
1 1 1 1 0 0 0 7 5 1 1 0 
2 0 0 0 0 0 3 3 6 0 0 0 
0 0 0 0 1 0 0 8 2 0 1 0 
1 1 1 1 1 1 3 9 8 0 0 1 
1 1 1 1 1 0 1 3 9 1 0 0 
2 0 0 1 1 1 0 2 2 0 1 0 
2 0 0 0 0 0 2 7 1 0 0 0 
2 0 0 0 0 0 0 8 4 0 0 0 
0 0 0 1 0 0 2 6 8 0 0 1 
0 0 0 0 0 0 0 7 4 1 0 0 
1 0 0 0 0 0 0 8 7 0 0 0 
0 0 0 0 0 0 1 8 4 1 1 0 
1 0 0 0 0 0 2 2 9 0 0 0 
1 0 0 0 0 0 0 0 9 1 0 1 
0 1 0 1 1 0 1 8 6 2 0 0 
0 0 0 0 0 0 3 0 9 1 0 0 
1 1 0 0 0 0 1 5 1 1 0 0 
1 1 1 1 0 0 2 6 6 0 0 1 
0 1 0 1 0 0 2 6 2 1 1 1 
2 0 0 0 1 1 2 0 4 1 1 1 
1 1 0 1 0 1 0 3 9 2 1 1 
2 1 1 0 1 0 1 7 6 2 1 0 
1 1 1 0 0 0 2 2 8 2 1 1 
1 0 1 0 0 0 1 4 7 1 1 0 
0 0 0 0 1 1 2 8 8 0 0 1 
0 0 0 1 0 0 0 0 4 1 0 0 
0 0 0 1 0 0 1 0 2 2 0 0 
2 0 0 0 0 0 1 9 1 0 0 0 
0 1 0 1 1 1 0 7 0 2 1 0 
0 1 0 0 1 0 1 9 8 0 1 1 
0 0 0 0 0 1 0 6 9 2 0 0 
0 1 1 1 1 0 2 9 7 0 0 0 
2 0 0 0 0 0 2 0 7 0 0 0 
0 0 1 0 1 0 0 4 0 0 0 0 
1 0 0 0 0 0 2 3 0 0 0 0 
1 1 0 0 0 1 0 6 9 1 1 1 
0 1 1 0 1 1 2 8 6 0 1 0 
1 0 0 1 0 1 2 9 2 2 0 0 
2 1 0 1 1 0 3 0 0 1 1 0 
1 0 0 0 0 0 0 4 7 0 0 0 
2 1 0 0 0 0 2 4 4 1 0 0 
1 0 0 1 0 0 0 1 6 2 0 0 
2 1 0 1 1 0 0 6 7 1 1 0 
0 1 0 0 0 0 3 6 2 0 0 0 
1 1 0 0 0 0 3 1 7 1 0 0 
1 1 1 1 0 1 2 0 6 0 1 1 
2 0 0 0 0 0 0 1 8 1 1 0 
0 1 0 0 0 0 0 7 0 0 0 1 
2 0 1 0 0 0 3 1 0 1 0 0 
1 0 0 0 0 0 0 0 2 1 0 0 
1 0 0 0 0 0 1 9 7 1 0 0 
0 1 0 0 1 0 2 0 0 2 0 0 
1 0 1 0 0 1 3 5 4 1 1 1 
1 0 1 1 0 0 1 5 8 1 1 1 
1 0 0 0 0 0 1 6 2 0 1 0 
1 0 0 0 0 0 1 2 7 2 1 0 
1 0 0 0 0 1 2 2 2 0 0 0 
0 1 0 0 0 0 1 7 8 1 0 0 
2 1 0 1 1 0 1 4 6 0 1 1 
0 0 0 0 0 0 3 2 7 0 0 1 
1 1 0 0 0 0 3 6 2 1 1 1 
0 0 1 1 1 0 1 7 0 0 0 0 
1 1 1 1 0 0 3 1 2 0 0 1 
1 0 0 0 1 1 0 6 6 0 1 0 
0 1 0 0 0 0 3 5 2 2 0 0 
1 1 1 0 1 0 2 4 9 0 0 1 
0 0 0 0 1 0 0 3 6 1 0 1 
1 1 0 0 0 0 1 3 0 2 0 1 
0 0 0 0 0 0 1 4 3 2 0 0 
1 0 0 1 0 1 1 7 5 2 1 1 
0 0 0 0 0 0 0 3 8 0 0 0 
0 0 1 1 0 1 0 0 1 0 0 0 
2 0 0 0 0 0 0 8 7 1 0 0 
1 1 0 0 0 0 0 5 7 0 0 1 
2 0 0 0 1 0 1 9 0 0 0 1 
1 0 0 0 0 0 0 3 4 1 1 0 
0 0 0 0 0 0 3 9 8 2 0 0 
2 0 0 0 0 1 1 6 9 1 0 0 
0 0 0 0 0 0 0 9 4 1 0 0 
2 0 0 0 0 0 3 4 4 0 0 0 
2 1 0 1 0 0 3 7 1 0 0 0 
2 0 1 0 1 0 0 7 0 0 1 1 
2 0 1 0 1 0 0 6 9 0 0 1 
0 0 0 1 0 0 2 7 2 1 0 0 
2 0 1 0 0 1 1 4 4 1 0 1 
0 0 0 1 0 1 3 8 6 1 0 0 
0 0 0 0 0 0 0 2 6 0 1 1 
1 0 0 0 0 0 3 8 1 0 0 0 
2 0 1 0 0 0 1 2 1 0 1 1 
1 0 0 1 1 0 1 8 4 0 0 1 
2 0 1 0 1 1 3 2 6 0 1 0 
2 0 1 1 1 0 3 7 4 0 0 0 
1 1 0 0 1 1 2 1 8 0 1 0 
2 1 1 1 1 0 3 0 7 0 1 1 
0 1 0 0 1 0 3 1 8 2 0 1 
0 0 0 0 0 1 0 9 2 0 0 1 
0 0 0 0 0 0 3 0 6 0 1 0 
0 0 0 0 0 0 3 3 9 0 1 0 
0 0 0 0 0 0 3 4 0 0 0 0 
0 0 0 0 0 0 1 9 7 0 0 0 
0 0 0 0 0 0 2 8 1 1 0 0 
0 0 0 0 0 0 1 7 6 1 0 0 
1 1 0 0 0 0 0 5 9 2 0 0 
1 0 0 0 1 0 0 7 7 1 0 0 
1 0 1 1 0 1 3 6 9 1 0 0 
2 0 0 0 0 0 2 4 0 0 0 0 
1 0 0 0 0 0 0 7 9 0 0 0 
1 0 1 0 1 1 1 4 3 0 0 1 
1 0 0 0 0 0 0 2 3 0 0 0 
0 0 0 1 1 0 1 6 5 2 0 1 
0 0 0 1 0 1 0 0 5 0 0 0 
2 1 1 0 0 1 2 5 9 0 1 0 
1 1 1 0 0 1 1 3 6 1 0 1 
2 0 0 0 0 0 1 5 8 0 0 0 
1 0 0 0 0 0 1 2 8 1 0 1 
1 0 1 0 0 0 2 4 0 1 0 0 
2 1 0 0 0 0 0 2 1 1 1 0 
0 0 1 0 0 1 0 6 6 0 0 0 
2 0 1 0 0 1 1 5 5 2 0 0 
1 0 0 0 0 0 1 7 3 1 0 0 
1 0 0 1 0 0 0 1 8 0 0 1 
2 1 0 0 0 0 0 5 1 0 0 0 
2 0 0 0 0 0 0 5 6 0 0 0 
1 0 0 0 0 0 3 2 4 0 0 0 
0 0 1 0 1 1 3 5 2 1 1 1 
0 0 1 1 1 0 3 1 7 2 0 1 
1 1 0 0 1 1 3 5 6 1 0 1 
0 0 0 0 1 1 0 4 5 1 1 0 
1 1 1 1 0 0 3 0 9 2 1 1 
0 0 0 0 1 0 0 0 5 0 0 1 
1 0 0 1 0 0 2 0 3 2 0 0 
1 1 1 0 0 1 1 0 4 1 0 0 
1 1 1 0 1 0 2 1 2 2 0 1 
1 1 1 1 1 0 1 2 3 1 1 1 
2 0 0 0 0 0 3 6 7 2 0 0 
0 0 1 0 0 0 2 0 2 2 0 0 
0 0 0 0 0 0 3 8 7 0 0 0 
2 1 0 1 1 0 3 9 6 1 0 0 
2 0 0 0 1 0 1 8 0 1 1 0 
2 0 1 1 1 1 1 9 8 1 0 1 
0 1 0 0 0 0 3 8 2 0 0 0 
0 1 0 0 1 1 1 6 7 2 0 0 
2 0 0 0 0 0 1 2 5 0 0 0 
1 0 0 0 0 0 3 3 6 0 0 0 
0 1 1 0 0 0 0 9 2 0 1 1 
2 0 0 0 0 0 1 4 8 1 0 0 
0 1 0 0 0 1 0 7 7 0 1 1 
2 0 0 0 0 0 2 5 1 1 0 0 
0 1 1 0 0 0 0 4 7 0 0 0 
0 0 0 0 0 0 2 8 5 1 0 0 
1 0 0 1 1 1 1 1 1 0 1 1 
1 0 0 0 1 1 0 7 5 0 0 1 
0 0 0 0 0 1 3 2 2 1 1 0 
0 0 0 0 0 0 1 5 8 2 0 0 
1 0 0 0 0 0 2 7 8 0 0 0 
2 1 0 1 0 1 1 1 7 1 1 1 
1 1 0 0 0 1 0 4 9 0 1 0 
1 0 0 0 0 0 1 6 5 0 0 0 
2 1 1 1 1 0 1 1 8 2 0 0 
1 1 1 0 0 1 2 6 3 0 1 0 
1 0 0 0 0 0 2 6 8 2 0 0 
2 1 0 0 0 0 3 3 7 1 0 0 
0 1 1 0 1 0 1 8 3 1 1 0 
1 0 1 0 1 1 2 6 7 1 0 1 
1 0 0 0 0 0 2 9 0 1 1 0 
0 0 0 0 0 0 0 4 5 2 0 0 
0 0 0 1 0 0 2 4 1 0 1 1 
2 0 0 0 0 0 2 9 8 1 1 0 
2 1 0 1 1 0 1 1 0 0 0 0 
2 0 1 0 0 1 0 4 6 1 0 1 
0 0 0 0 0 0 1 9 5 2 0 0 
1 0 0 0 0 0 3 7 2 0 0 0 
0 0 0 0 0 0 3 9 0 2 0 1 
0 0 1 1 0 0 0 5 5 2 1 1 
2 0 0 0 0 0 0 0 0 0 0 0 
1 0 0 1 0 0 1 6 7 1 0 0 
0 1 0 0 0 1 2 0 5 2 0 0 
1 0 0 0 0 0 1 2 0 1 0 0 
0 0 1 0 0 1 2 0 7 1 0 0 
1 0 1 1 1 1 2 5 8 1 0 0 
2 0 0 1 0 0 0 3 5 0 1 1 
0 0 0 0 0 1 0 7 3 2 1 0 
2 0 0 0 0 0 0 9 1 2 0 1 
1 0 0 0 0 0 3 0 0 0 0 0 
2 0 1 1 0 0 2 8 5 0 0 1 
0 1 0 0 1 0 0 7 9 1 1 0 
1 1 0 0 0 0 1 5 0 2 0 0 
0 0 1 0 1 0 3 3 8 2 1 1 
2 1 0 0 0 0 2 1 1 2 0 1 
2 0 1 0 0 1 0 2 3 0 0 1 
1 0 0 0 0 0 3 7 4 2 0 0 
0 0 0 0 1 1 2 3 1 2 1 1 
0 0 1 1 0 0 1 7 1 0 0 1 
0 0 1 1 0 1 1 4 2 0 1 1 
0 0 0 0 0 0 3 4 3 0 0 0 
1 0 0 0 0 0 3 9 6 0 0 0 
0 0 0 1 0 0 2 7 3 0 1 1 
2 0 0 0 0 1 2 6 6 1 0 0 
0 0 0 1 1 0 0 3 5 2 0 0 
2 1 1 1 0 0 2 2 6 1 0 1 
1 1 1 1 1 0 1 9 5 1 0 0 
2 1 0 1 0 1 0 6 0 2 1 0 
2 0 0 0 1 0 0 6 6 1 0 1 
0 0 1 0 1 0 2 9 9 0 0 0 
1 0 0 0 0 0 2 8 1 2 1 1 
0 0 0 0 0 0 0 9 1 1 0 0 
2 1 0 0 0 0 3 9 4 1 1 1 
0 1 0 1 1 0 0 0 2 1 0 0 
2 0 1 0 0 0 1 1 2 0 0 1 
2 0 0 1 0 0 0 9 2 0 0 0 
0 0 0 0 0 0 0 6 3 0 0 0 
1 0 0 0 1 1 2 7 9 2 0 0 
1 0 0 1 0 0 1 2 4 0 1 1 
1 1 0 0 1 0 1 2 9 0 1 0 
2 1 0 0 1 1 0 9 2 2 0 0 
2 0 0 0 0 0 3 9 7 0 1 0 
0 0 1 0 0 0 2 1 5 1 1 1 
2 1 1 1 1 1 3 7 2 0 0 0 
2 1 0 1 0 0 1 4 3 0 1 0 
0 0 0 0 0 0 3 4 5 2 0 0 
2 0 0 0 1 0 3 6 0 0 1 0 
0 0 0 0 0 0 0 9 8 1 0 0 
1 0 1 0 1 1 3 3 9 2 1 0 
2 1 1 1 0 0 2 9 1 1 0 1 
0 0 0 0 0 0 2 4 1 1 0 1 
2 1 0 0 0 1 3 0 5 1 0 1 
2 0 0 0 0 0 2 9 0 2 0 0 
0 0 0 0 0 1 3 1 4 1 1 0 
2 0 0 0 0 0 1 6 2 0 0 0 
1 1 1 1 0 1 3 2 9 2 0 1 
0 0 1 0 1 0 3 5 1 2 0 0 
1 1 0 0 0 1 0 6 4 2 1 1 
2 0 1 0 1 0 1 8 2 2 0 1 
0 0 0 0 0 0 2 7 6 2 0 1 
0 1 0 1 0 0 0 3 2 0 0 0 
2 1 1 1 0 1 3 1 6 0 1 0 
0 0 0 1 1 1 1 0 4 2 0 1 
2 0 0 0 0 1 1 2 1 1 0 1 
0 0 0 0 0 0 1 9 1 2 1 0 
0 0 1 1 0 0 1 0 9 0 1 0 
0 0 1 0 1 0 3 6 1 0 0 1 
2 0 0 0 0 0 1 7 4 0 0 0 
2 0 0 1 1 0 2 7 7 0 1 1 
0 0 0 1 1 0 1 5 0 1 0 0 
2 1 1 1 0 1 3 0 6 2 1 0 
2 0 1 0 0 1 0 7 9 0 0 0 
2 0 0 1 0 0 0 7 5 1 0 0 
2 0 0 0 0 1 2 2 5 2 0 0 
2 0 0 0 0 0 3 0 4 0 0 0 
2 0 0 0 0 0 2 4 7 0 0 0 
1 0 1 0 0 0 2 0 0 1 0 0 
2 1 0 0 0 0 3 6 5 2 1 1 
0 0 0 0 1 1 0 9 4 0 1 1 
2 0 1 1 0 1 1 9 6 0 0 1 
1 1 1 1 1 0 3 5 0 1 1 0 
0 0 1 0 0 1 1 5 7 2 0 1 
1 0 0 0 0 0 3 1 1 1 0 1 
0 1 1 0 1 0 1 2 2 2 1 1 
2 0 0 0 0 0 3 8 7 2 0 0 
1 1 1 0 0 1 0 7 2 1 0 1 
2 0 0 0 0 0 3 7 3 0 0 0 
2 1 0 1 0 0 2 9 5 2 1 1 
2 1 1 0 1 1 0 5 5 1 1 0 
0 0 0 0 1 1 0 1 7 0 0 0 
0 0 0 0 1 1 3 6 5 1 0 0 
2 1 0 1 1 0 3 4 0 1 0 1 
2 1 1 0 1 1 0 0 9 2 1 0 
2 0 1 1 1 0 3 0 3 2 1 1 
0 1 1 1 0 0 1 3 5 1 1 0 
2 1 0 0 1 1 0 4 7 2 0 0 
2 0 0 0 1 1 3 5 0 2 0 0 
0 0 0 0 0 0 0 8 9 2 0 0 
2 0 0 0 0 0 2 2 3 0 0 0 
0 0 0 0 0 1 0 6 5 2 0 0 
0 1 1 0 0 1 1 8 8 1 1 0 
0 0 0 0 0 0 3 7 0 2 0 0 
1 0 1 1 0 0 1 9 9 0 0 0 
1 0 1 0 0 0 1 5 2 0 1 0 
2 0 1 1 1 0 2 6 6 2 1 0 
0 0 0 0 1 0 0 5 3 1 0 1 
2 1 0 1 1 0 1 3 0 0 1 0 
0 0 0 0 0 0 1 8 3 2 0 1 
2 0 0 1 1 0 3 5 1 0 1 0 
2 0 1 0 0 0 2 8 8 2 0 0 
0 0 0 0 0 0 2 0 8 1 0 0 
0 1 0 1 0 0 3 8 3 2 0 1 
1 1 0 0 0 1 0 0 7 2 1 1 
0 0 0 1 0 0 1 2 7 0 0 0 
2 1 1 0 0 0 2 9 9 1 1 0 
0 0 0 0 1 0 3 6 6 0 0 0 
2 0 0 0 0 0 0 3 8 2 0 0 
1 0 0 0 0 1 2 1 6 2 1 1 
2 0 0 0 0 0 2 7 9 0 0 0 
0 0 0 0 0 0 0 3 3 2 0 0 
0 1 1 0 1 0 1 3 1 1 1 1 
0 0 1 0 0 1 0 9 4 0 0 0 
2 0 0 0 0 0 3 2 8 0 0 0 
2 1 0 0 1 0 0 8 1 1 0 0 
0 1 0 0 1 1 2 9 5 0 0 0 
0 0 0 0 0 0 1 3 6 0 0 0 
2 1 1 1 0 1 2 6 7 0 0 0 
0 0 0 1 0 0 2 6 5 0 0 0 
MFS
[ 2 , 1 , 0 , 0 , - , 1 , 2 , - , - , - , - , - ]
precise
0.0
recall
0.0
F-measure
0.0
multi
0
time
all 43025 iden 38 gen 42940
t-cover
64696
all-cover
64696
coveredNum
(512 : 2)  (1 : 7704)  (513 : 1)  (2 : 7143)  (514 : 2)  (3 : 7188)  (4 : 4813)  (5 : 3285)  (6 : 3369)  (518 : 1)  (7 : 3602)  (519 : 1)  (8 : 3537)  (9 : 3126)  (10 : 2331)  (11 : 1779)  (12 : 1290)  (13 : 1054)  (14 : 797)  (15 : 737)  (16 : 645)  (17 : 711)  (18 : 765)  (19 : 786)  (20 : 806)  (21 : 681)  (22 : 641)  (23 : 565)  (24 : 474)  (25 : 396)  (26 : 294)  (27 : 286)  (28 : 230)  (29 : 211)  (30 : 217)  (31 : 218)  (32 : 201)  (33 : 233)  (34 : 201)  (35 : 200)  (36 : 173)  (37 : 144)  (38 : 166)  (39 : 127)  (40 : 99)  (41 : 111)  (42 : 76)  (43 : 87)  (44 : 77)  (45 : 74)  (46 : 96)  (47 : 73)  (48 : 68)  (49 : 66)  (50 : 65)  (51 : 92)  (52 : 81)  (53 : 91)  (54 : 89)  (55 : 98)  (56 : 86)  (57 : 109)  (58 : 102)  (59 : 103)  (60 : 132)  (61 : 115)  (62 : 84)  (63 : 107)  (64 : 103)  (65 : 61)  (66 : 73)  (67 : 73)  (68 : 65)  (69 : 45)  (70 : 39)  (71 : 35)  (72 : 30)  (73 : 32)  (74 : 21)  (75 : 20)  (76 : 21)  (77 : 10)  (78 : 13)  (79 : 13)  (80 : 8)  (81 : 11)  (82 : 7)  (83 : 5)  (84 : 7)  (85 : 5)  (86 : 7)  (87 : 2)  (88 : 8)  (89 : 7)  (90 : 6)  (91 : 14)  (92 : 10)  (93 : 7)  (94 : 11)  (95 : 6)  (96 : 10)  (97 : 7)  (98 : 2)  (99 : 4)  (100 : 9)  (101 : 8)  (102 : 2)  (103 : 11)  (104 : 11)  (105 : 12)  (106 : 6)  (107 : 9)  (108 : 8)  (109 : 7)  (110 : 9)  (111 : 11)  (112 : 13)  (113 : 12)  (114 : 9)  (115 : 10)  (116 : 5)  (117 : 5)  (118 : 5)  (119 : 4)  (120 : 2)  (121 : 3)  (122 : 7)  (123 : 5)  (124 : 5)  (125 : 2)  (126 : 2)  (127 : 5)  (128 : 2)  (129 : 2)  (130 : 2)  (131 : 2)  (132 : 1)  (137 : 1)  (138 : 4)  (141 : 7)  (142 : 4)  (143 : 8)  (144 : 7)  (145 : 7)  (146 : 3)  (147 : 11)  (148 : 10)  (149 : 9)  (150 : 4)  (151 : 3)  (152 : 6)  (153 : 5)  (154 : 5)  (155 : 6)  (156 : 7)  (157 : 5)  (158 : 4)  (159 : 6)  (160 : 9)  (161 : 11)  (162 : 3)  (163 : 11)  (164 : 8)  (165 : 7)  (166 : 6)  (167 : 4)  (168 : 7)  (169 : 3)  (170 : 5)  (171 : 2)  (172 : 2)  (173 : 6)  (174 : 1)  (175 : 7)  (176 : 2)  (177 : 3)  (178 : 9)  (179 : 5)  (180 : 6)  (181 : 8)  (182 : 2)  (183 : 3)  (184 : 4)  (185 : 1)  (186 : 4)  (187 : 4)  (188 : 2)  (189 : 4)  (190 : 2)  (191 : 2)  (194 : 3)  (195 : 1)  (197 : 1)  (251 : 2)  (252 : 3)  (253 : 2)  (254 : 1)  (255 : 2)  (256 : 4)  (257 : 3)  (258 : 2)  (259 : 1)  (260 : 3)  (261 : 6)  (262 : 6)  (263 : 5)  (264 : 3)  (265 : 3)  (266 : 4)  (267 : 4)  (268 : 4)  (269 : 1)  (270 : 2)  (271 : 1)  (272 : 2)  (273 : 2)  (274 : 2)  (277 : 1)  (278 : 1)  (481 : 2)  (483 : 1)  (486 : 1)  (488 : 1)  (489 : 1)  (491 : 1)  (492 : 2)  (493 : 2)  (496 : 1)  (497 : 2)  (498 : 3)  (499 : 2)  (500 : 1)  (502 : 1)  (504 : 1)  (505 : 2)  (506 : 3)  (509 : 1)  
real Identify

