testCase Num: 189
regaular Num: 50
identify Num: 140
0 0 1 1 0 1 0 0 0 1 1 1 1 2 
0 0 1 1 0 1 0 1 0 1 0 1 1 2 
2 0 1 0 0 1 0 1 1 0 0 1 0 1 
1 0 1 0 1 0 0 0 0 0 1 0 3 0 
0 0 0 1 0 1 0 0 0 1 0 1 1 2 
2 0 1 0 0 0 0 1 0 0 1 0 1 0 
0 0 1 0 0 1 0 1 1 1 0 1 0 1 
0 1 1 1 1 1 1 1 1 1 0 0 2 0 
0 0 1 0 0 0 0 0 0 0 0 0 3 0 
2 0 1 1 1 1 0 0 1 0 1 1 3 0 
0 0 1 1 1 1 1 1 1 1 0 0 2 1 
0 0 1 1 1 1 1 1 1 1 0 0 2 0 
0 0 1 1 1 1 0 1 1 1 0 0 2 0 
1 1 1 1 1 0 1 1 1 1 1 1 1 1 
1 0 1 1 1 0 1 1 1 1 1 1 1 2 
0 0 1 1 0 0 0 0 0 1 0 1 1 2 
1 0 1 1 1 0 1 1 1 1 1 1 1 1 
1 0 0 0 1 1 0 0 0 0 1 0 3 0 
1 0 1 1 1 0 0 1 1 1 1 1 1 1 
2 0 0 0 0 1 0 1 0 0 1 0 1 0 
0 0 1 1 0 1 0 0 0 1 0 0 1 2 
1 0 1 0 0 1 1 0 0 1 0 0 2 2 
1 1 1 0 0 0 0 1 1 0 1 1 0 2 
1 0 0 0 0 0 0 0 0 0 0 0 3 1 
2 0 1 0 0 0 0 0 0 1 0 0 2 0 
1 0 1 1 1 0 1 1 0 1 1 1 1 1 
0 1 1 0 0 0 0 0 0 0 0 0 2 0 
0 0 1 0 0 0 0 0 0 0 0 0 2 1 
2 0 1 0 0 1 1 0 0 0 0 0 2 2 
0 0 1 0 0 0 0 0 0 0 0 0 2 0 
1 0 1 1 1 0 1 1 1 1 1 1 2 1 
2 0 0 1 0 0 0 1 0 0 0 0 0 2 
0 0 1 0 1 1 1 1 1 1 0 0 2 0 
0 0 1 0 0 1 0 0 0 1 0 1 1 2 
2 1 1 0 1 1 1 1 0 0 0 1 3 2 
2 0 1 0 0 1 0 1 0 1 1 0 1 0 
0 0 1 1 0 1 0 0 0 1 0 1 2 2 
0 1 1 1 1 0 0 1 0 0 0 0 0 1 
1 0 0 0 0 1 1 0 0 0 0 0 2 2 
1 0 1 1 1 0 1 0 1 1 1 1 1 1 
1 0 0 0 0 0 0 0 0 0 0 0 0 0 
0 1 0 0 0 0 0 0 1 0 0 0 3 0 
1 0 1 1 0 1 1 0 0 0 0 0 2 2 
2 0 1 1 1 0 0 0 1 1 1 1 3 0 
0 0 1 0 0 0 0 1 0 0 0 0 2 0 
2 0 1 0 0 1 1 1 0 0 1 0 1 0 
1 0 1 0 1 1 1 0 0 0 1 0 3 0 
0 0 1 0 1 0 0 0 0 0 0 0 2 0 
2 0 1 0 0 0 0 1 0 0 0 0 2 0 
2 0 1 1 1 0 1 0 1 0 1 1 3 0 
2 0 1 0 0 1 0 1 1 1 0 0 0 1 
2 0 1 0 1 0 0 0 0 0 0 0 2 0 
0 0 1 0 0 0 0 0 0 0 1 0 2 0 
2 1 1 1 1 0 1 0 0 1 0 0 0 0 
2 0 1 0 0 0 0 0 0 0 1 0 2 0 
1 1 1 0 0 0 0 1 0 1 1 1 2 0 
1 0 0 1 1 1 1 0 1 0 0 1 0 0 
2 0 1 0 0 0 0 0 1 0 0 0 2 0 
1 0 1 1 1 1 0 0 0 0 1 0 3 0 
0 1 1 1 0 1 0 0 0 1 0 1 1 2 
2 1 0 1 0 1 0 0 1 1 1 0 2 2 
0 0 1 0 0 0 0 0 1 0 0 0 2 0 
0 0 1 1 0 1 0 0 0 1 0 1 1 0 
0 0 1 1 0 1 0 0 0 1 0 1 1 2 
2 0 1 1 0 1 0 1 0 0 1 0 1 0 
1 0 1 0 1 1 0 0 0 0 1 0 0 0 
2 0 1 0 0 1 0 1 0 0 0 0 1 0 
1 0 1 0 1 1 0 0 0 0 0 0 3 0 
2 0 1 1 1 0 0 0 0 0 1 1 3 0 
1 0 0 1 1 0 1 1 1 1 1 1 1 1 
0 0 1 0 0 1 0 0 0 0 0 0 2 0 
1 0 0 1 0 0 0 0 1 0 0 0 1 0 
1 0 1 0 0 1 1 0 0 0 0 1 2 2 
2 0 1 1 1 0 0 0 1 0 0 1 3 0 
2 0 1 0 0 1 0 1 1 1 1 1 0 1 
1 0 1 0 0 0 1 0 0 0 0 0 2 2 
2 0 1 1 1 0 0 0 1 0 1 1 0 0 
2 0 1 0 0 1 0 0 0 0 0 0 2 0 
1 0 0 1 0 1 1 1 1 1 0 0 3 0 
1 0 1 0 0 1 0 0 0 0 1 0 3 0 
0 0 0 0 0 0 0 0 0 0 1 0 1 2 
0 0 1 1 1 1 1 1 1 1 0 0 3 0 
2 0 1 0 1 1 0 1 1 1 0 1 0 1 
0 1 1 0 0 0 0 1 0 1 1 0 3 1 
0 0 0 1 1 1 1 0 1 0 0 1 3 1 
1 0 1 0 1 1 0 0 0 1 1 0 3 0 
2 1 0 1 0 0 1 0 0 0 0 0 1 1 
0 0 0 0 1 0 0 1 1 0 1 0 0 0 
2 0 1 1 0 0 0 0 1 0 1 1 3 0 
2 0 0 0 0 0 0 0 0 0 0 1 2 0 
0 0 1 1 1 1 0 0 0 1 0 1 1 2 
2 0 1 0 1 1 0 0 0 0 1 0 3 0 
1 0 1 0 1 1 0 0 0 0 1 1 3 0 
2 0 1 0 0 1 0 1 0 0 1 1 1 0 
1 0 1 0 0 1 1 0 0 0 0 0 3 2 
2 0 1 0 0 1 0 1 1 1 0 1 0 2 
2 0 1 1 1 0 0 0 1 0 1 0 3 0 
2 0 1 0 0 1 0 1 1 1 0 1 0 1 
0 1 0 1 1 0 0 1 0 0 1 1 2 2 
2 1 1 0 0 1 0 1 1 1 0 1 0 1 
2 0 1 0 0 1 1 1 1 1 0 1 0 1 
1 0 1 1 0 1 0 0 0 1 0 1 1 2 
2 0 1 0 0 0 0 0 0 0 0 0 3 0 
0 0 1 1 0 1 1 0 0 1 0 1 1 2 
0 0 1 1 1 1 1 1 1 0 0 0 2 0 
0 0 1 0 0 0 0 0 0 1 0 0 2 0 
2 0 1 0 1 1 0 1 0 0 1 0 1 0 
0 0 0 1 1 1 1 1 1 1 0 0 2 0 
0 0 0 0 1 0 0 0 0 1 0 0 3 0 
2 0 0 1 1 0 0 0 1 0 1 1 3 0 
1 1 1 0 0 1 1 0 0 0 0 0 2 2 
1 0 1 0 0 1 1 0 0 0 0 0 2 0 
1 0 1 0 1 1 0 0 1 0 1 0 3 0 
1 0 1 0 0 1 1 0 0 0 0 0 2 2 
2 0 1 0 0 1 0 1 1 1 0 1 1 1 
1 0 1 0 0 0 0 0 0 0 0 0 2 0 
2 1 1 0 0 0 0 0 0 0 0 0 2 0 
1 1 0 0 1 0 0 1 0 1 0 0 1 2 
0 0 1 1 0 1 0 0 1 1 0 1 1 2 
2 0 1 0 0 1 0 0 0 0 1 0 1 0 
0 1 1 1 0 0 1 0 1 0 0 1 2 1 
2 0 1 0 0 0 0 0 0 0 0 0 2 1 
2 0 1 0 0 1 0 1 1 0 1 0 1 0 
2 0 1 1 0 1 0 1 1 1 0 1 0 1 
0 0 1 1 1 1 1 1 1 1 1 0 2 0 
2 0 1 0 0 1 0 1 0 1 0 1 0 1 
2 0 1 0 1 0 0 0 1 0 1 1 3 0 
0 0 1 1 1 1 1 0 1 1 0 0 2 0 
2 0 1 0 0 0 0 0 0 0 0 0 2 0 
0 0 0 0 0 0 0 1 0 0 0 0 1 1 
1 0 1 1 1 0 1 1 1 1 0 1 1 1 
2 0 0 0 1 0 1 1 1 0 1 0 2 1 
1 0 1 0 1 0 1 1 1 1 1 1 1 1 
1 1 0 0 0 1 1 0 1 1 1 0 0 1 
0 0 1 1 0 1 1 1 1 1 0 0 2 0 
1 1 1 0 1 1 0 0 0 0 1 0 3 0 
2 0 0 0 0 1 0 1 1 1 0 1 0 1 
0 0 0 0 0 0 0 0 0 1 0 0 2 1 
0 0 0 0 0 0 0 0 0 0 0 0 2 0 
1 0 1 1 0 0 1 1 1 1 1 1 1 1 
2 0 0 0 0 0 0 0 0 0 0 0 2 0 
1 0 0 1 1 1 0 0 0 0 0 1 2 1 
1 0 1 0 1 1 1 0 0 0 0 0 2 2 
0 0 1 0 0 1 0 1 0 0 1 0 1 0 
2 1 1 0 0 1 0 1 0 0 1 0 1 0 
2 0 1 0 0 1 0 1 0 0 1 0 1 0 
1 0 1 0 1 1 0 0 0 0 1 0 3 0 
1 0 1 0 0 1 1 1 0 0 0 0 2 2 
1 0 1 0 1 1 0 0 0 0 1 0 3 1 
2 0 1 0 0 0 0 1 1 1 0 1 0 1 
2 0 1 0 0 1 0 1 0 0 1 0 1 1 
2 0 1 1 1 0 0 0 1 0 1 1 3 0 
0 0 1 1 0 1 0 0 0 0 0 1 1 2 
0 0 1 1 0 0 0 0 0 0 0 0 2 0 
0 1 1 0 0 0 0 0 0 0 0 0 1 0 
1 0 1 0 0 1 1 0 0 0 1 0 2 2 
2 0 1 1 1 0 0 0 1 0 1 1 3 1 
2 0 0 0 0 0 1 0 1 0 0 1 1 2 
2 0 1 1 0 0 0 0 0 0 0 0 2 0 
0 0 1 1 1 0 0 0 1 0 1 1 3 0 
2 1 1 1 1 0 0 0 1 0 1 1 3 0 
1 0 1 1 1 1 1 1 1 1 0 0 2 0 
0 0 1 1 1 1 1 1 1 1 0 1 2 0 
1 0 0 0 0 1 0 0 0 0 0 0 1 1 
1 0 1 1 1 1 1 1 1 1 1 1 1 1 
1 0 1 1 1 0 1 1 1 1 1 0 1 1 
2 0 0 0 0 0 0 0 0 1 0 0 3 1 
0 0 1 1 1 0 1 1 1 1 0 0 2 0 
1 0 1 0 0 1 1 0 1 0 0 0 2 2 
2 0 1 1 1 0 1 1 1 1 1 1 1 1 
0 0 0 1 1 1 1 1 0 1 1 1 0 2 
1 0 1 0 1 1 0 1 0 0 1 0 3 0 
0 0 0 0 1 0 0 0 1 0 0 0 3 2 
1 1 0 1 0 0 1 0 0 1 1 1 3 2 
2 0 1 0 0 1 0 0 1 1 0 1 0 1 
0 0 1 1 1 1 1 1 0 1 0 0 2 0 
2 0 1 0 0 1 0 1 0 0 1 0 2 0 
1 0 1 1 1 0 1 1 1 0 1 1 1 1 
1 0 1 0 0 1 0 0 0 0 0 0 2 2 
0 0 1 0 0 0 0 0 0 0 0 1 2 0 
2 0 1 1 1 0 0 1 1 0 1 1 3 0 
2 0 0 0 1 0 0 0 0 1 0 0 1 0 
1 0 0 0 0 0 0 0 1 0 0 0 2 0 
0 0 1 0 0 0 1 0 0 0 0 0 2 0 
0 0 0 0 0 0 0 0 0 0 0 0 0 0 
2 0 0 1 0 0 0 0 0 0 1 0 0 2 
2 0 1 0 0 0 0 0 0 0 0 1 2 0 
2 0 1 0 0 0 1 0 0 0 0 0 2 0 
0 1 0 0 1 1 1 0 1 0 1 1 1 0 
MFS
[ - , 0 , 1 , - , - , - , - , - , - , - , - , - , - , - ]
precise
1.0
recall
1.0
F-measure
1.0
multi
0
time
all 479 iden 0 gen 478
t-cover
4282
all-cover
4282
(1 : 37)  (2 : 154)  (3 : 266)  (4 : 346)  (5 : 316)  (6 : 237)  (7 : 186)  (8 : 155)  (9 : 104)  (10 : 72)  (11 : 55)  (12 : 59)  (13 : 118)  (14 : 174)  (15 : 211)  (16 : 186)  (17 : 160)  (18 : 133)  (19 : 101)  (20 : 89)  (21 : 91)  (22 : 73)  (23 : 38)  (24 : 40)  (25 : 26)  (26 : 51)  (27 : 65)  (28 : 78)  (29 : 63)  (30 : 56)  (31 : 58)  (32 : 53)  (33 : 32)  (34 : 18)  (35 : 15)  (36 : 10)  (37 : 5)  (38 : 10)  (39 : 18)  (40 : 30)  (41 : 27)  (42 : 29)  (43 : 17)  (44 : 16)  (45 : 4)  (46 : 9)  (47 : 8)  (48 : 1)  (49 : 5)  (50 : 3)  (51 : 4)  (52 : 5)  (53 : 13)  (54 : 24)  (55 : 16)  (56 : 7)  (57 : 4)  (58 : 4)  (59 : 4)  (60 : 1)  (61 : 4)  (62 : 7)  (63 : 8)  (64 : 15)  (65 : 9)  (66 : 8)  (67 : 4)  (68 : 3)  (69 : 3)  (70 : 2)  (71 : 1)  (72 : 2)  (73 : 4)  (74 : 4)  (75 : 2)  (76 : 11)  (77 : 3)  (78 : 1)  (87 : 1)  
testCase Num: 190
regaular Num: 50
identify Num: 140
0 0 1 0 1 0 0 0 0 1 0 0 0 2 
1 0 1 0 1 1 0 1 1 1 1 1 1 1 
0 0 1 0 1 0 0 0 0 1 0 0 0 1 
2 0 1 0 1 0 0 1 0 1 1 1 0 2 
0 1 1 0 1 0 0 0 0 1 0 0 0 1 
1 0 1 0 0 0 0 0 1 0 1 0 2 0 
1 0 0 0 0 0 0 0 0 0 0 0 2 1 
2 0 1 0 1 1 0 1 0 1 1 0 0 2 
0 0 1 0 0 1 0 1 0 0 0 0 2 0 
0 0 1 1 0 0 1 0 1 1 0 1 3 2 
2 0 0 1 0 1 0 0 1 0 0 0 0 0 
0 0 1 0 0 0 0 1 0 0 0 1 2 0 
0 0 1 1 0 0 0 0 1 1 0 1 2 2 
0 0 1 0 0 0 1 0 1 1 0 1 2 2 
0 1 0 0 1 1 1 0 1 1 0 0 1 0 
0 0 0 1 0 1 0 1 0 1 1 0 1 2 
0 0 1 1 0 0 1 0 1 1 0 1 2 2 
1 0 1 0 0 1 0 0 0 0 0 1 1 0 
1 0 1 0 0 0 0 1 0 0 0 0 2 0 
1 1 1 1 0 1 1 0 1 0 0 1 3 1 
1 0 1 0 1 1 1 1 0 1 1 1 1 1 
0 0 1 0 0 1 0 1 0 0 0 1 3 2 
0 0 1 0 0 1 1 1 0 0 0 1 3 2 
0 1 1 1 0 0 1 0 1 1 0 1 2 2 
0 1 1 0 0 1 1 1 0 0 0 1 3 2 
1 0 1 1 0 1 0 0 1 0 0 1 3 1 
1 0 1 1 0 1 1 0 1 0 0 1 3 2 
1 0 1 1 0 1 1 0 1 0 0 1 3 1 
1 0 1 0 1 1 1 1 1 1 1 1 2 1 
0 0 1 0 1 0 0 0 0 1 0 0 1 1 
0 0 0 0 0 0 0 1 0 0 1 0 3 0 
2 0 1 0 1 0 0 0 0 1 1 0 0 2 
2 0 1 0 1 0 0 1 0 1 0 0 0 2 
0 0 1 0 1 0 0 1 0 0 0 0 2 0 
2 0 1 0 1 0 0 1 1 1 1 0 0 2 
0 0 1 1 1 0 0 0 0 1 0 0 0 1 
2 0 0 0 0 0 0 0 0 0 0 0 3 1 
1 0 0 0 0 0 0 0 0 0 0 0 3 2 
0 0 1 0 0 1 1 1 0 0 0 1 3 0 
1 0 1 0 0 1 1 1 1 1 1 1 1 1 
2 0 1 1 1 0 0 1 0 1 1 0 0 2 
0 0 1 0 1 0 0 0 1 1 0 0 0 1 
0 0 0 1 1 1 0 0 0 0 0 0 3 2 
1 0 1 1 0 1 1 0 0 0 0 1 3 1 
0 0 1 1 0 0 1 0 1 1 0 1 2 0 
1 0 0 1 0 1 0 0 0 1 0 0 2 2 
2 0 1 0 0 1 0 1 0 0 0 1 1 0 
1 0 0 0 1 0 0 0 1 0 1 0 2 0 
1 1 0 1 0 0 0 0 1 0 1 1 1 1 
0 0 1 1 0 0 1 1 0 0 0 0 1 1 
0 0 1 0 0 0 0 0 0 0 0 0 2 0 
0 0 1 0 0 0 0 1 1 0 0 0 2 0 
0 0 0 0 0 0 0 0 0 0 0 1 0 2 
2 0 1 0 1 0 1 1 0 1 1 0 0 2 
0 0 1 0 1 0 1 0 0 1 0 0 0 1 
1 1 1 0 1 1 1 1 1 1 1 1 1 1 
1 0 1 0 1 1 1 1 1 1 1 1 1 1 
2 0 1 1 0 0 1 1 0 1 0 0 1 1 
1 0 1 0 1 1 1 1 1 1 1 1 1 2 
1 0 1 0 1 0 0 0 0 1 0 0 0 1 
0 0 0 1 0 0 1 0 1 1 0 1 2 2 
0 0 1 0 1 1 1 1 0 0 0 1 3 2 
0 0 1 1 1 0 1 0 1 1 0 1 2 2 
2 0 1 0 1 1 1 1 1 1 1 1 1 1 
0 0 0 0 0 1 1 1 0 0 0 1 3 2 
0 0 1 0 1 1 0 0 0 1 0 0 0 1 
1 0 1 1 0 1 1 0 1 0 0 1 0 1 
2 1 1 0 1 0 0 1 0 1 1 0 0 2 
0 0 1 0 0 1 1 1 0 0 1 1 3 2 
0 0 1 0 1 0 0 1 0 1 1 0 0 2 
2 1 1 1 0 0 1 0 1 1 0 0 3 2 
0 0 1 1 0 0 1 0 1 1 1 1 2 2 
0 1 1 0 0 0 0 1 0 0 0 0 2 0 
2 0 1 1 0 0 1 1 0 0 0 1 1 1 
2 1 1 1 1 0 0 1 1 0 0 1 3 0 
0 0 1 0 0 0 0 1 0 0 0 0 2 0 
1 0 1 0 1 0 0 0 1 1 1 0 2 0 
0 0 1 0 0 0 0 1 0 0 0 0 2 1 
2 0 0 0 0 1 1 0 1 0 0 0 1 2 
1 0 1 0 1 0 1 0 1 0 1 0 2 0 
2 1 1 0 0 1 0 0 0 0 1 1 2 1 
0 0 1 0 0 1 1 1 1 0 0 1 3 2 
0 0 1 1 0 1 1 0 1 1 0 1 2 2 
0 0 1 0 0 0 0 0 0 1 0 0 0 1 
2 0 1 0 1 0 0 1 0 1 1 0 1 2 
0 0 1 0 1 0 0 0 0 1 1 0 0 1 
1 0 1 1 0 0 1 0 1 0 0 1 3 1 
2 0 0 1 0 0 1 1 0 0 0 0 1 1 
1 1 0 0 0 0 1 1 0 0 0 1 2 2 
1 0 1 0 0 1 0 1 0 1 0 1 1 0 
0 0 1 0 0 1 1 1 0 0 0 0 3 2 
1 0 0 1 0 1 1 0 1 0 0 1 3 1 
1 0 1 0 1 0 0 0 0 0 1 0 2 0 
1 0 1 0 0 1 1 1 0 0 0 1 1 0 
0 0 1 1 0 0 1 0 1 1 0 0 2 2 
0 0 1 0 0 0 0 1 0 0 0 0 3 0 
1 0 0 1 1 0 1 0 0 1 1 0 3 0 
1 0 1 0 0 0 0 1 0 0 0 1 1 0 
1 0 1 1 1 0 0 0 1 0 1 0 2 0 
2 0 0 0 1 0 0 1 0 1 1 0 0 2 
2 0 1 1 0 0 1 0 0 0 0 0 1 1 
1 0 1 1 0 1 0 1 0 0 0 1 1 0 
0 1 1 0 1 0 0 0 1 0 1 0 3 1 
1 0 0 1 0 0 1 1 1 0 1 1 0 1 
0 0 1 1 0 0 1 1 1 1 0 1 2 2 
2 0 1 0 1 0 0 1 0 1 1 0 0 0 
2 0 1 0 1 0 0 1 0 1 1 0 0 2 
1 0 1 0 1 0 0 0 1 0 0 0 2 0 
1 0 1 0 1 1 1 1 1 1 1 0 1 1 
0 0 0 0 0 0 0 0 0 1 0 0 0 0 
2 1 1 1 0 0 1 1 0 0 0 0 1 1 
1 0 1 1 0 1 1 0 1 1 0 1 3 1 
0 0 1 0 1 0 0 0 0 0 0 0 0 1 
1 0 1 0 0 1 0 1 0 0 0 1 2 0 
2 0 1 1 0 0 1 1 0 0 0 0 1 2 
2 0 1 1 0 0 1 1 0 0 0 0 1 1 
0 1 0 0 0 0 1 0 1 0 1 0 2 1 
2 0 1 1 0 0 0 1 0 0 0 0 1 1 
1 0 1 0 1 1 1 1 1 0 1 1 1 1 
0 0 1 0 0 1 1 0 0 0 0 1 3 2 
1 0 1 0 1 1 0 0 1 0 1 0 2 0 
1 0 1 0 0 1 0 1 0 0 0 1 1 0 
1 0 1 0 0 1 0 1 0 0 0 1 1 1 
1 1 1 0 0 1 0 1 0 0 0 1 1 0 
2 1 0 1 1 1 1 0 0 0 1 0 2 2 
2 0 1 0 0 0 0 1 0 1 1 0 0 2 
2 0 1 0 1 0 0 0 1 0 1 0 2 0 
1 0 1 0 1 0 0 0 1 0 1 1 2 0 
2 0 0 0 0 1 0 1 1 1 1 0 2 0 
1 0 1 0 1 1 1 1 1 1 0 1 1 1 
0 0 0 0 0 0 0 1 0 0 0 0 2 0 
0 0 1 0 1 0 0 1 0 1 0 0 0 1 
2 0 1 1 0 0 1 1 0 0 0 0 2 1 
1 0 1 0 0 1 1 1 0 0 0 1 3 2 
0 0 1 0 0 0 0 1 0 0 1 0 2 0 
1 0 1 1 0 0 1 0 1 1 0 1 2 2 
1 0 1 1 0 1 1 1 1 0 0 1 3 1 
0 0 1 1 0 0 1 0 1 0 0 1 2 2 
2 1 1 0 1 0 0 0 0 1 1 1 1 0 
0 0 1 0 1 0 0 0 0 1 0 1 0 1 
1 0 0 0 0 1 0 1 0 0 0 1 1 0 
0 1 0 0 0 0 1 0 1 1 1 0 0 2 
1 0 1 0 1 0 1 1 1 1 1 1 1 1 
0 0 1 0 0 0 0 1 0 1 0 0 2 0 
1 1 1 1 1 1 0 0 1 1 0 0 0 2 
1 0 1 0 1 1 0 1 0 0 0 1 1 0 
0 0 0 0 0 0 0 0 0 0 0 0 2 0 
1 1 0 0 1 0 0 1 0 0 0 1 0 0 
2 0 1 0 1 0 0 1 0 0 1 0 0 2 
2 1 0 0 1 1 1 0 1 1 0 1 0 1 
1 0 0 0 0 0 0 0 0 0 1 0 1 2 
2 0 1 1 0 1 1 1 0 0 0 0 1 1 
1 0 1 0 0 1 0 1 0 0 1 1 1 0 
0 0 1 0 0 0 1 1 0 0 0 0 2 0 
0 1 1 0 1 0 0 1 1 0 0 1 1 2 
1 0 0 0 1 1 1 1 1 1 1 1 1 1 
1 1 0 0 0 1 0 1 0 1 0 0 3 1 
1 1 1 0 1 0 0 0 1 0 1 0 2 0 
2 1 0 1 0 0 1 0 0 1 0 1 2 0 
0 0 0 0 0 0 0 0 0 0 0 0 1 1 
1 0 1 0 0 1 0 1 1 0 0 1 1 0 
0 0 0 1 1 0 0 0 0 0 0 0 1 0 
2 0 1 1 0 1 1 0 1 0 0 1 3 1 
1 0 1 1 1 1 1 1 1 1 1 1 1 1 
1 0 1 1 0 1 1 0 1 0 0 0 3 1 
1 0 1 0 1 0 0 0 1 0 1 0 2 1 
1 0 1 0 1 0 0 0 1 0 1 0 2 0 
0 0 1 0 0 1 1 1 0 1 0 1 3 2 
2 0 1 1 1 0 1 1 0 0 0 0 1 1 
1 0 1 0 1 1 1 0 1 1 1 1 1 1 
0 0 1 1 0 0 0 1 0 0 0 0 2 0 
0 0 0 0 0 1 0 0 0 1 0 1 3 0 
1 0 1 1 1 1 1 0 1 0 0 1 3 1 
1 0 1 0 0 1 0 1 0 0 0 0 1 0 
0 0 1 0 0 0 1 1 0 0 0 1 3 2 
2 0 1 1 0 0 1 1 0 0 1 0 1 1 
2 0 0 0 0 1 0 0 1 0 1 1 3 2 
2 0 1 0 0 0 1 1 0 0 0 0 1 1 
0 0 0 0 1 0 0 0 0 1 0 0 0 1 
0 0 1 0 0 1 1 1 0 0 0 1 0 2 
1 0 1 0 1 0 0 1 1 0 1 0 2 0 
0 0 0 0 0 0 0 0 0 0 0 0 0 0 
2 0 1 1 0 0 1 1 1 0 0 0 1 1 
0 0 1 1 0 1 1 1 0 0 0 1 3 2 
1 0 1 1 0 1 1 0 1 0 1 1 3 1 
0 1 1 1 0 1 1 1 0 0 1 1 0 0 
0 0 0 1 1 1 0 1 0 1 0 1 2 1 
1 0 1 0 0 1 1 0 1 0 0 1 3 1 
1 0 1 0 1 0 0 0 1 0 1 0 3 0 
0 0 1 1 0 0 1 0 0 1 0 1 2 2 
MFS
[ - , 0 , 1 , - , - , - , - , - , - , - , - , - , - , - ]
precise
1.0
recall
1.0
F-measure
1.0
multi
0
time
all 334 iden 0 gen 334
t-cover
4282
all-cover
4282
(1 : 23)  (2 : 118)  (3 : 274)  (4 : 342)  (5 : 298)  (6 : 247)  (7 : 204)  (8 : 153)  (9 : 113)  (10 : 84)  (11 : 50)  (12 : 42)  (13 : 80)  (14 : 123)  (15 : 188)  (16 : 216)  (17 : 180)  (18 : 160)  (19 : 125)  (20 : 115)  (21 : 83)  (22 : 54)  (23 : 32)  (24 : 28)  (25 : 36)  (26 : 69)  (27 : 62)  (28 : 74)  (29 : 89)  (30 : 62)  (31 : 78)  (32 : 65)  (33 : 43)  (34 : 31)  (35 : 16)  (36 : 5)  (37 : 5)  (38 : 6)  (39 : 25)  (40 : 25)  (41 : 28)  (42 : 25)  (43 : 30)  (44 : 23)  (45 : 16)  (46 : 3)  (47 : 4)  (48 : 1)  (49 : 1)  (50 : 5)  (51 : 10)  (52 : 8)  (53 : 20)  (54 : 18)  (55 : 8)  (56 : 5)  (57 : 1)  (58 : 1)  (60 : 2)  (61 : 4)  (62 : 3)  (63 : 7)  (64 : 6)  (65 : 12)  (66 : 1)  (67 : 1)  (71 : 1)  (72 : 1)  (74 : 3)  (75 : 2)  (76 : 6)  (85 : 1)  (87 : 2)  
