testCase Num: 427
regaular Num: 415
identify Num: 12
1 0 0 0 0 0 0 2 2 2 0 0 
0 0 1 0 0 0 3 7 8 0 1 1 
2 0 0 0 0 0 0 8 5 0 0 0 
2 0 0 0 0 0 3 6 0 0 0 0 
0 1 1 0 0 1 1 4 9 1 0 0 
0 0 0 0 0 1 0 6 5 1 1 1 
2 0 0 0 0 0 0 2 7 0 0 0 
0 1 1 0 0 0 3 8 5 1 1 0 
0 0 1 1 0 0 0 1 5 0 0 1 
1 0 0 0 1 1 2 1 7 0 0 0 
2 0 0 0 0 0 2 5 8 2 0 0 
2 1 1 0 0 1 1 8 5 0 0 1 
2 0 0 0 0 0 3 9 5 1 0 0 
2 1 0 0 0 1 2 2 2 1 1 1 
2 0 1 0 1 0 1 8 3 0 1 0 
0 1 1 0 1 1 1 5 8 1 0 0 
2 0 0 0 0 0 1 0 7 0 0 1 
1 1 1 0 1 1 0 9 5 0 1 0 
0 0 0 0 0 0 2 7 8 0 0 0 
2 0 1 0 0 0 0 4 8 1 0 0 
2 1 0 0 1 0 0 5 4 0 0 1 
2 1 0 1 1 1 0 5 1 1 0 0 
0 0 0 0 0 0 2 4 3 0 0 0 
0 1 0 0 1 1 1 2 5 0 1 0 
0 1 1 0 1 1 3 5 2 1 1 0 
0 0 0 0 0 0 0 2 6 2 1 0 
0 0 0 0 0 0 1 1 7 0 0 0 
0 0 0 1 0 1 0 6 8 0 1 1 
2 0 0 0 0 0 1 3 2 2 0 0 
2 1 0 1 0 1 3 8 7 2 1 0 
2 0 0 0 0 0 1 8 8 1 0 0 
0 0 0 0 0 0 0 6 1 0 0 0 
0 0 0 0 0 0 3 1 1 0 0 0 
1 0 0 0 0 0 2 1 5 1 0 0 
0 1 1 0 0 1 1 8 4 0 0 1 
2 0 0 0 1 0 0 0 3 2 1 1 
2 0 1 1 0 0 1 4 4 0 0 0 
0 0 0 0 0 0 2 6 7 0 0 0 
0 0 0 0 0 0 1 0 6 0 0 0 
1 0 0 0 0 0 2 5 1 1 1 1 
0 1 1 0 1 1 2 9 7 2 0 1 
2 1 1 0 0 1 1 8 4 0 1 1 
0 0 0 0 0 0 0 4 9 0 0 0 
1 1 1 1 1 1 0 0 7 2 1 0 
0 0 0 0 0 0 1 2 9 0 0 0 
0 0 0 0 0 0 0 1 4 1 0 0 
0 0 0 0 0 0 3 5 8 0 0 0 
2 0 0 0 0 0 1 8 9 2 0 0 
0 0 0 0 0 0 0 8 3 0 0 0 
2 0 0 1 1 0 1 9 1 1 0 0 
2 0 0 1 0 1 1 4 0 2 0 1 
1 1 0 1 0 0 0 7 8 1 0 1 
2 1 1 1 1 0 1 1 2 1 1 1 
0 1 0 1 0 1 0 8 6 1 1 1 
2 1 1 0 0 1 1 8 4 0 0 0 
2 1 1 0 0 1 1 8 4 0 0 1 
0 0 0 0 0 0 3 4 8 2 0 0 
0 1 0 0 0 0 1 1 1 1 0 0 
0 1 0 0 1 0 3 5 0 2 0 1 
0 0 0 0 0 0 2 5 6 0 0 0 
0 0 0 0 0 0 0 1 3 0 0 0 
1 1 0 1 1 0 0 3 7 0 1 0 
1 0 0 0 1 1 1 2 7 1 1 1 
1 0 0 0 0 0 2 4 0 0 0 0 
0 1 1 1 0 0 1 2 7 2 0 0 
2 1 0 1 1 1 3 3 8 0 0 0 
2 1 0 0 0 0 2 5 0 0 0 0 
2 0 0 0 0 0 0 2 9 1 0 0 
0 0 0 0 0 0 0 0 1 0 0 0 
0 0 0 1 0 0 3 0 6 2 1 0 
1 0 1 0 0 0 3 0 3 0 0 0 
1 1 0 1 1 1 1 4 8 0 1 1 
1 1 0 1 1 1 0 3 1 1 1 1 
2 0 0 0 0 0 1 4 5 2 0 0 
2 0 0 0 0 0 2 9 4 2 0 0 
0 0 0 0 0 0 0 3 5 0 0 0 
0 0 0 0 0 0 0 6 2 1 0 0 
0 1 0 1 1 0 1 3 4 1 1 0 
0 0 0 0 0 0 2 5 5 2 0 0 
0 0 0 0 1 1 1 0 9 1 1 1 
0 0 0 1 0 0 0 4 3 1 0 1 
0 0 0 0 0 0 1 3 8 0 0 0 
0 0 0 0 0 0 3 0 0 2 0 0 
1 1 0 1 1 0 2 9 3 1 1 1 
2 1 1 0 1 1 1 8 4 0 0 1 
0 0 0 0 0 0 3 2 5 0 0 0 
2 0 1 0 1 0 0 5 6 2 1 1 
0 0 1 0 0 1 2 3 4 2 0 1 
2 1 0 1 0 0 3 9 2 2 1 1 
1 1 1 0 1 0 0 3 2 0 1 1 
0 0 0 0 0 0 3 8 2 0 0 0 
1 0 0 0 0 0 3 3 9 0 0 0 
0 0 0 0 0 0 1 1 6 0 0 0 
0 0 0 0 0 0 1 3 9 0 0 0 
0 0 0 0 0 0 0 4 0 1 0 0 
1 1 1 1 0 1 1 0 0 0 1 1 
0 0 0 0 0 0 0 0 0 0 0 0 
1 0 0 0 1 0 3 8 4 2 0 1 
0 0 1 0 0 0 1 5 1 0 1 0 
0 0 0 0 0 0 1 6 1 0 0 0 
2 1 1 1 0 0 2 0 9 1 0 0 
1 1 0 1 0 1 3 8 1 0 1 1 
0 0 0 0 0 0 3 3 7 0 0 0 
1 0 1 0 1 0 1 8 6 0 0 0 
1 1 1 0 1 1 3 4 6 1 0 0 
2 0 1 0 0 1 2 9 6 2 0 0 
2 1 0 1 0 0 2 1 8 0 0 0 
2 1 0 0 0 1 3 5 9 0 1 0 
0 0 0 0 0 0 1 0 5 0 0 0 
0 0 0 1 0 0 1 4 6 0 1 1 
2 0 0 1 0 0 0 9 7 0 1 0 
2 0 1 1 1 0 0 2 4 0 0 1 
0 0 0 0 0 0 1 2 0 0 0 0 
1 0 0 0 0 0 3 9 1 0 0 0 
0 0 0 0 0 0 0 0 5 0 0 0 
0 0 0 0 0 0 2 6 9 0 0 0 
0 0 0 0 0 0 2 4 6 0 0 0 
0 0 0 0 0 0 0 2 8 0 0 0 
1 0 0 1 1 1 0 9 8 0 0 0 
2 0 0 0 0 0 3 9 3 2 0 0 
1 0 0 0 1 0 0 7 9 1 0 1 
0 0 0 0 1 0 3 1 8 1 0 0 
0 0 0 0 0 0 3 2 6 0 0 0 
0 0 0 0 0 0 0 9 2 0 0 0 
1 0 1 0 1 1 0 1 8 2 1 1 
1 1 1 0 1 0 2 7 1 0 0 0 
1 0 1 0 0 0 2 0 5 2 0 0 
0 0 0 0 0 0 3 0 8 0 0 0 
1 0 0 1 1 1 1 8 5 2 0 1 
0 0 0 0 0 0 3 1 5 0 0 0 
0 0 1 1 1 0 2 2 2 0 0 0 
2 0 0 0 0 0 2 2 0 2 0 0 
0 1 0 1 1 0 3 7 5 2 0 1 
0 0 0 0 0 0 2 9 2 0 0 0 
1 0 0 0 0 0 2 6 5 2 0 0 
2 0 0 1 0 1 3 7 1 1 1 1 
2 0 1 0 1 1 2 1 4 1 0 0 
2 1 1 1 0 0 3 1 3 2 0 0 
1 0 1 1 0 1 0 6 3 0 1 1 
2 0 1 0 0 0 1 6 7 1 0 0 
2 0 0 1 1 0 2 4 9 0 1 1 
0 0 0 0 0 0 2 1 1 0 0 0 
1 1 1 0 1 1 1 4 3 0 1 0 
2 0 0 0 0 0 1 4 7 2 0 0 
2 0 0 0 0 0 3 3 6 2 0 0 
1 0 0 0 0 0 1 9 7 1 0 0 
2 0 1 0 0 0 2 8 0 1 1 1 
0 0 0 0 0 0 0 7 1 2 0 0 
2 0 0 0 0 0 1 6 8 1 0 0 
0 0 0 1 0 1 2 6 1 0 0 0 
1 0 0 0 1 0 0 1 9 0 0 0 
0 0 0 0 0 0 3 8 3 0 0 0 
0 0 1 1 0 1 2 8 8 2 1 0 
2 0 0 0 1 1 1 7 8 2 0 0 
2 0 0 0 0 0 2 4 2 0 0 0 
0 0 0 0 0 0 1 9 6 0 0 0 
1 1 0 0 0 0 2 4 4 2 0 0 
1 0 0 0 1 1 2 2 1 2 0 1 
0 0 0 0 0 0 3 5 1 2 0 0 
0 0 0 0 0 0 3 2 7 0 0 0 
0 0 0 0 0 0 2 3 5 2 0 0 
2 0 0 0 0 0 3 1 0 0 0 1 
2 0 0 0 0 0 1 6 9 2 0 0 
1 0 0 1 0 0 1 5 2 0 0 1 
0 0 0 0 0 0 1 1 8 0 0 0 
0 1 0 0 1 0 1 6 3 1 0 0 
0 0 0 0 0 0 0 5 9 1 0 0 
0 0 1 0 0 0 2 6 6 1 0 0 
1 1 1 0 0 0 3 5 5 0 1 0 
0 1 0 0 1 1 0 2 3 0 1 0 
0 0 0 0 0 0 3 9 7 0 0 0 
0 0 0 0 0 0 1 5 3 0 0 0 
0 0 0 0 0 0 0 4 7 0 0 0 
1 0 1 1 0 0 3 4 7 0 0 1 
0 1 1 1 0 0 0 5 7 0 1 1 
0 0 1 0 0 1 1 9 3 0 0 0 
2 0 0 1 1 1 0 6 4 2 1 0 
0 1 0 0 1 0 3 9 4 0 1 0 
0 0 0 0 0 0 2 9 1 0 0 0 
2 1 1 0 1 1 3 0 6 0 0 1 
0 0 0 0 0 0 1 4 2 1 0 0 
1 0 0 0 0 0 2 1 2 2 0 0 
1 1 1 1 1 0 1 3 5 0 0 0 
1 0 1 1 1 1 1 1 1 0 1 1 
1 0 1 1 1 0 1 5 9 2 0 1 
1 1 0 1 1 1 0 8 0 0 0 0 
0 0 0 0 0 0 1 3 1 2 0 0 
1 1 0 0 1 0 0 8 8 0 0 1 
0 0 0 0 0 0 3 0 7 1 0 0 
2 1 0 0 0 1 3 2 4 1 1 0 
1 0 0 0 0 0 3 4 9 2 0 0 
0 0 0 0 1 1 2 8 9 0 0 0 
2 0 1 0 1 1 0 7 0 1 1 0 
0 1 1 0 0 1 0 9 1 2 1 1 
0 0 1 0 1 0 0 8 7 0 0 1 
2 0 0 0 0 0 2 8 6 2 0 0 
1 0 0 0 0 0 3 6 1 2 0 0 
0 0 0 0 0 0 3 7 3 0 0 0 
2 0 1 0 0 0 3 5 3 1 1 1 
2 0 0 0 0 0 2 9 8 2 0 0 
0 1 1 0 1 0 3 0 1 0 1 0 
2 1 1 0 1 0 3 4 0 0 1 0 
1 1 1 1 0 0 0 8 9 1 1 1 
1 0 0 1 0 0 0 5 8 0 1 1 
0 0 0 1 0 0 0 8 4 1 1 0 
0 1 0 0 0 0 3 4 1 1 1 1 
0 0 0 0 0 0 0 9 3 0 0 0 
0 1 1 0 1 1 1 7 6 2 0 0 
2 1 0 1 0 1 0 0 2 1 0 0 
1 1 0 0 0 1 1 9 9 2 1 0 
1 0 0 0 0 0 0 1 6 2 0 0 
0 0 0 0 0 0 0 0 9 2 0 0 
2 0 0 0 0 0 0 4 6 2 0 0 
1 0 1 1 1 1 0 4 1 0 0 0 
1 0 0 0 0 1 2 7 3 2 1 0 
1 0 1 1 1 1 2 3 6 1 1 1 
0 1 0 1 0 1 1 0 3 1 0 0 
2 0 0 0 0 0 2 7 5 1 0 0 
0 0 0 0 0 0 2 9 5 0 0 0 
0 0 1 1 1 0 0 9 9 0 0 1 
2 0 0 0 0 0 2 5 2 2 0 0 
2 0 0 0 1 1 0 8 2 2 1 1 
0 0 0 0 0 0 3 9 8 0 0 0 
0 1 1 1 0 1 0 0 8 0 0 0 
2 1 1 1 1 0 2 9 0 0 0 1 
2 1 1 1 0 0 1 2 1 2 1 0 
0 0 0 0 0 0 1 2 4 2 0 0 
1 0 0 0 0 0 1 5 4 1 0 0 
1 0 1 0 1 1 2 4 5 1 0 0 
0 0 0 0 0 1 0 1 2 0 0 0 
0 0 0 0 0 0 3 6 3 0 0 0 
0 0 1 1 0 1 2 5 4 0 1 0 
2 0 0 0 0 0 2 2 8 0 0 0 
0 1 0 1 1 1 3 5 3 0 0 0 
0 0 0 0 0 0 2 4 8 0 0 0 
1 1 0 1 0 1 1 5 6 0 0 0 
1 1 1 0 0 0 1 1 0 1 0 0 
2 0 0 0 0 0 2 6 3 2 0 0 
0 0 0 0 1 0 2 1 3 1 0 1 
1 0 0 0 0 0 3 0 2 0 0 0 
0 0 0 0 0 0 3 5 4 2 0 0 
0 0 0 0 0 0 2 7 4 2 0 0 
1 0 0 1 0 1 2 2 9 0 1 0 
2 0 0 0 0 0 0 1 1 2 0 0 
0 0 0 0 0 0 3 6 4 1 0 0 
0 0 0 0 0 0 2 0 3 0 0 0 
2 1 1 1 1 0 1 6 5 0 0 0 
1 0 0 1 0 0 0 7 6 0 1 1 
0 0 0 0 0 0 2 8 4 0 0 0 
0 0 0 0 0 0 3 1 9 1 0 0 
0 0 0 0 0 0 0 3 0 0 0 0 
0 0 0 0 0 0 1 0 1 0 0 0 
2 0 0 0 0 0 2 7 6 1 0 0 
0 0 0 0 0 0 0 5 5 0 0 0 
0 0 0 0 0 0 3 8 6 0 0 0 
2 0 0 0 0 1 3 3 5 1 1 1 
0 0 1 0 0 1 1 3 7 2 0 1 
0 0 0 0 0 0 2 2 7 0 0 0 
2 1 1 0 0 1 2 8 4 0 0 1 
0 0 1 1 0 1 0 3 9 1 0 1 
1 0 0 1 0 0 2 2 6 0 0 0 
0 0 0 0 0 0 1 3 3 0 0 0 
0 1 0 1 0 0 2 7 0 1 0 1 
2 0 0 0 0 0 1 7 3 1 0 0 
0 0 0 0 1 1 0 4 4 2 1 1 
2 0 0 1 1 1 1 6 6 0 1 1 
2 0 0 0 0 0 2 7 7 2 0 0 
1 1 0 1 0 1 3 1 4 0 1 1 
0 1 0 0 0 0 0 3 6 0 0 0 
1 0 0 1 0 1 3 6 9 1 1 0 
2 0 0 1 1 1 1 5 5 1 0 1 
0 0 0 0 0 0 2 5 9 0 0 0 
2 1 1 0 0 0 0 7 2 2 0 1 
1 0 0 0 0 0 3 2 3 1 0 0 
0 0 0 0 0 0 1 9 4 0 0 0 
1 1 1 0 1 1 3 7 4 0 1 0 
0 0 0 0 0 0 3 3 1 0 0 0 
0 0 0 0 0 0 3 0 4 0 0 0 
0 0 0 0 0 0 3 7 7 0 0 0 
2 0 0 1 0 0 1 7 4 1 0 1 
2 0 0 0 0 0 3 4 3 2 0 0 
0 0 0 0 0 0 3 8 8 0 0 0 
2 0 0 0 0 0 2 9 9 1 0 0 
0 1 0 0 1 1 2 4 7 1 1 0 
1 0 0 1 0 0 0 6 7 2 1 0 
2 1 0 0 0 1 1 8 4 0 0 1 
0 0 0 0 0 0 3 7 6 0 0 0 
1 0 0 0 0 0 1 8 7 1 0 0 
0 0 0 0 0 0 3 9 9 0 0 0 
2 0 1 0 0 1 1 8 4 0 0 1 
1 0 0 0 0 1 1 1 3 0 1 0 
0 0 0 1 1 1 2 1 0 2 1 0 
0 1 1 0 1 1 1 6 2 2 1 0 
0 1 1 0 0 0 1 9 8 1 1 1 
0 0 0 0 1 0 0 7 7 1 0 0 
2 0 0 0 0 0 2 0 4 0 0 0 
0 1 0 1 1 0 0 9 6 0 1 1 
0 0 0 0 0 0 0 9 0 0 0 0 
2 0 0 0 1 0 1 0 8 1 1 1 
2 0 0 0 0 0 0 3 4 0 0 0 
0 0 0 0 0 0 1 8 0 2 0 0 
1 0 0 0 0 0 3 9 6 1 0 0 
1 0 0 0 0 0 2 0 8 2 0 0 
1 0 0 0 0 0 0 3 8 2 0 0 
0 0 0 0 0 0 0 0 6 0 0 0 
2 1 0 0 1 0 0 3 9 2 1 0 
2 0 1 0 0 0 3 6 2 2 0 1 
0 0 0 0 0 0 3 2 1 1 0 0 
1 0 0 0 0 0 3 3 4 0 0 0 
0 0 0 0 0 0 0 1 7 0 0 0 
1 0 1 0 1 0 3 2 8 1 1 1 
0 0 0 0 0 0 3 6 5 0 0 0 
0 0 0 0 0 0 1 2 2 0 0 0 
2 1 1 0 0 1 2 3 3 0 1 1 
2 1 1 0 1 0 2 6 1 1 1 1 
0 0 0 0 0 0 3 3 2 0 0 0 
0 0 1 0 0 0 2 3 8 1 1 1 
1 0 0 0 0 0 2 2 4 0 0 0 
2 0 0 0 1 1 2 5 7 2 0 0 
0 0 0 1 0 1 2 3 2 1 0 0 
1 0 1 0 0 1 1 7 5 0 1 0 
2 0 0 0 0 0 2 3 7 1 0 0 
1 0 0 0 0 0 2 8 3 2 0 0 
0 1 1 0 1 0 0 6 9 0 0 1 
1 1 0 0 0 1 2 3 0 2 1 1 
0 0 0 0 0 0 1 5 0 1 0 0 
1 0 1 1 0 0 0 2 5 1 0 1 
0 0 1 0 0 1 0 6 0 0 0 0 
0 0 0 0 0 0 3 4 4 1 0 0 
0 1 0 1 1 1 2 0 5 0 1 1 
0 0 0 0 0 0 0 7 4 0 0 0 
1 0 0 0 0 0 3 0 9 0 0 0 
1 0 0 0 0 0 0 5 3 2 0 0 
2 1 1 0 0 0 1 8 4 0 0 1 
0 0 1 0 1 0 0 8 1 1 0 0 
0 0 0 0 0 0 1 7 2 1 0 0 
0 0 1 1 0 0 1 2 3 2 0 1 
0 0 0 0 0 0 2 6 4 0 0 0 
2 0 0 0 0 0 3 1 6 1 1 0 
2 0 0 0 0 0 3 1 7 2 0 0 
0 0 0 0 0 0 0 7 5 0 0 0 
0 1 1 1 0 0 0 4 2 2 0 0 
2 0 0 0 0 0 2 7 9 2 0 0 
0 0 0 0 0 0 3 8 9 0 0 0 
0 0 0 0 0 0 0 5 2 0 0 0 
0 0 0 0 0 0 3 6 6 0 0 0 
1 0 0 0 0 0 1 5 7 1 0 0 
1 1 0 0 0 0 0 6 6 2 0 0 
0 0 0 0 0 0 0 1 0 0 0 0 
2 0 0 0 0 0 1 4 1 2 0 0 
1 0 0 0 1 1 3 4 2 2 1 1 
2 0 0 0 0 0 3 0 5 1 0 0 
0 0 0 0 0 0 2 5 3 0 0 0 
1 0 0 0 0 0 2 6 0 2 0 0 
0 0 0 0 0 0 3 5 6 1 0 0 
0 1 1 0 1 0 3 2 9 2 0 1 
1 0 0 0 0 0 2 7 0 0 0 0 
0 0 0 0 0 0 1 7 1 0 0 0 
2 1 0 0 1 1 0 1 5 2 1 0 
0 0 0 0 0 0 1 1 5 0 0 0 
0 0 0 0 0 0 2 8 7 0 0 0 
0 0 0 0 0 0 2 3 9 0 0 0 
1 0 1 0 0 0 0 0 4 1 0 1 
1 0 0 0 0 0 2 0 6 1 0 0 
0 1 1 1 1 1 2 1 6 0 0 1 
2 0 0 0 0 0 2 0 1 1 0 0 
0 0 0 0 0 0 3 8 0 0 0 0 
1 1 1 0 1 0 2 6 8 2 0 0 
0 0 0 0 0 0 1 1 4 2 0 0 
0 1 0 1 0 1 1 8 3 1 0 1 
0 0 0 0 0 0 0 2 1 0 0 0 
0 0 0 0 0 0 2 8 5 0 0 0 
0 0 0 0 0 0 3 2 2 0 0 0 
0 0 0 0 0 0 3 6 8 0 0 0 
1 1 1 1 0 1 1 7 7 0 1 1 
0 0 0 0 0 0 3 4 5 0 0 0 
0 0 0 0 0 0 0 3 3 1 0 0 
0 0 0 0 0 0 1 8 2 0 0 0 
0 0 1 1 1 1 3 2 0 1 1 0 
1 1 0 0 0 0 3 2 0 0 0 1 
0 1 1 1 0 0 2 1 7 1 1 1 
2 1 1 0 1 1 1 2 6 1 0 1 
2 0 0 0 0 0 2 2 3 0 0 0 
0 1 0 0 1 1 3 6 7 0 0 1 
0 1 0 1 0 1 1 2 8 2 0 0 
1 0 0 1 0 1 3 0 1 2 0 1 
2 1 1 1 0 1 1 1 9 2 1 1 
1 0 1 0 1 1 3 9 2 1 0 0 
2 1 1 1 0 1 1 8 4 0 0 1 
1 0 0 0 0 0 2 7 2 0 0 0 
0 0 0 0 0 0 3 7 0 2 0 0 
2 1 1 0 0 1 1 8 4 1 0 1 
2 0 0 0 0 0 1 3 0 1 0 0 
1 0 0 0 0 0 1 9 0 2 0 0 
0 1 0 1 1 0 1 6 0 1 1 1 
0 0 0 0 0 0 3 5 7 0 0 0 
0 0 0 1 0 0 1 9 5 2 0 1 
1 0 0 1 1 0 3 3 3 2 0 0 
0 0 0 0 0 0 1 7 0 0 0 0 
0 0 0 0 0 1 3 9 0 1 1 0 
1 1 1 1 0 0 2 8 2 1 0 0 
0 0 0 0 0 0 2 1 9 2 0 0 
0 0 0 0 0 0 2 4 1 0 0 0 
0 0 1 1 1 0 3 3 0 0 0 0 
1 0 1 1 0 1 0 5 0 2 1 1 
0 0 0 0 0 0 1 0 2 0 0 0 
1 1 1 0 0 0 1 6 4 0 0 1 
0 0 0 0 0 0 1 9 2 0 0 0 
2 0 0 1 1 1 3 7 2 0 1 0 
2 0 0 0 1 0 2 0 0 1 0 0 
0 0 0 0 0 0 3 1 2 0 0 0 
1 0 0 1 0 0 2 6 2 0 0 0 
0 1 0 1 1 1 1 0 4 2 1 0 
2 0 0 0 0 0 2 2 5 2 0 0 
0 0 0 0 0 0 2 0 7 0 0 0 
2 0 0 0 0 0 2 8 1 2 0 0 
0 1 1 1 1 0 0 7 3 0 0 1 
0 0 0 0 0 0 3 7 9 0 0 0 
2 0 1 0 0 0 2 3 1 0 0 0 
0 0 0 0 0 0 1 3 6 0 0 0 
0 0 0 0 0 0 0 2 0 0 0 0 
0 0 0 0 0 0 1 8 1 0 0 0 
0 1 0 1 0 0 0 4 5 0 1 1 
0 1 1 1 0 1 1 7 9 0 1 0 
0 0 1 0 1 0 2 0 2 2 1 1 
2 1 1 0 0 1 1 9 4 0 0 1 
1 0 1 1 0 1 0 9 4 1 0 1 
MFS
[ 2 , 1 , 1 , 0 , 0 , 1 , 1 , - , 4 , 0 , - , - ]
precise
0.0
recall
0.0
F-measure
0.0
multi
0
time
all 1950 iden 0 gen 1950
t-cover
9158
all-cover
9158
(1 : 1680)  (2 : 735)  (3 : 1312)  (4 : 728)  (5 : 593)  (6 : 514)  (7 : 551)  (8 : 453)  (9 : 289)  (10 : 121)  (11 : 72)  (12 : 88)  (13 : 92)  (14 : 93)  (15 : 125)  (16 : 146)  (17 : 120)  (18 : 126)  (19 : 82)  (20 : 51)  (21 : 55)  (22 : 45)  (23 : 63)  (24 : 94)  (25 : 110)  (26 : 116)  (27 : 104)  (28 : 96)  (29 : 64)  (30 : 33)  (31 : 30)  (32 : 25)  (33 : 17)  (34 : 12)  (35 : 13)  (36 : 2)  (37 : 5)  (38 : 9)  (39 : 1)  (40 : 6)  (41 : 2)  (42 : 3)  (43 : 5)  (44 : 7)  (45 : 3)  (46 : 6)  (47 : 6)  (48 : 7)  (49 : 3)  (50 : 7)  (51 : 5)  (52 : 5)  (53 : 3)  (54 : 7)  (55 : 10)  (56 : 5)  (57 : 5)  (58 : 9)  (59 : 4)  (60 : 11)  (61 : 7)  (62 : 4)  (63 : 11)  (64 : 6)  (65 : 5)  (66 : 4)  (67 : 4)  (68 : 3)  (69 : 5)  (70 : 8)  (71 : 6)  (72 : 10)  (73 : 6)  (74 : 3)  (75 : 4)  (76 : 1)  (77 : 2)  (79 : 1)  (115 : 1)  (116 : 2)  (117 : 2)  (118 : 1)  (119 : 1)  (136 : 2)  (139 : 2)  (141 : 2)  (142 : 4)  (143 : 3)  (144 : 1)  (145 : 2)  (146 : 1)  (147 : 1)  (149 : 4)  (150 : 4)  (151 : 5)  (152 : 2)  (153 : 3)  (154 : 4)  (155 : 2)  (226 : 1)  (227 : 1)  (229 : 3)  (230 : 1)  (231 : 1)  (232 : 8)  (233 : 5)  (234 : 3)  (236 : 4)  (237 : 1)  (238 : 3)  (239 : 1)  (240 : 2)  (241 : 1)  
testCase Num: 419
regaular Num: 419
identify Num: 0
0 1 0 0 0 1 1 6 3 1 1 1 
0 0 0 0 1 0 2 0 6 1 0 1 
0 1 0 0 0 0 3 8 7 0 0 1 
0 1 0 1 1 1 1 8 6 0 1 0 
1 0 0 0 0 0 0 9 1 1 0 1 
1 0 0 1 1 0 3 3 1 0 0 0 
2 0 0 0 0 0 0 2 7 0 0 0 
1 0 0 0 0 0 2 7 3 0 0 0 
1 0 0 0 0 0 0 5 6 1 0 0 
1 0 1 1 1 0 3 4 0 0 1 1 
2 1 0 0 0 0 2 0 5 0 0 1 
1 1 1 1 1 0 0 9 5 1 0 1 
0 0 0 0 0 0 1 4 0 0 0 0 
2 1 0 0 1 0 0 7 8 2 1 0 
0 0 0 0 0 0 0 6 0 0 0 0 
1 0 0 0 0 0 2 8 5 1 0 0 
0 0 0 0 0 0 3 8 1 0 0 0 
0 0 0 0 0 0 3 3 5 0 0 0 
2 0 0 0 0 0 0 4 0 2 0 0 
0 1 0 0 0 1 0 3 7 1 0 1 
0 1 0 0 1 0 3 0 4 2 1 0 
0 0 0 0 0 0 3 0 0 0 0 0 
0 0 0 0 0 0 2 8 9 0 0 0 
1 0 0 0 0 0 2 9 7 2 0 0 
0 0 0 0 0 0 1 5 2 0 0 0 
0 1 0 1 0 1 1 1 9 0 1 0 
0 0 0 0 0 0 1 0 7 2 0 0 
1 0 0 0 0 0 0 5 7 2 0 0 
2 1 0 0 1 0 0 4 2 1 1 1 
1 0 1 1 1 0 3 6 3 0 0 0 
1 1 0 1 1 0 1 4 3 2 0 0 
0 1 0 1 1 1 3 2 3 1 1 1 
0 0 0 0 0 0 2 3 1 0 0 0 
1 0 0 0 0 0 3 6 5 2 1 1 
0 1 1 1 1 0 1 6 9 1 0 0 
0 1 0 1 1 1 0 3 6 0 1 1 
0 0 0 0 0 0 1 0 6 0 0 0 
0 1 0 1 0 0 1 7 5 2 0 1 
0 0 0 0 0 0 3 2 4 0 0 0 
0 0 0 0 0 0 2 1 9 0 0 0 
0 0 1 1 0 1 0 4 2 0 0 0 
2 1 0 0 1 1 2 6 7 2 0 1 
0 0 0 0 0 0 1 2 9 0 0 0 
0 0 0 0 0 0 3 5 8 0 0 0 
1 0 1 0 0 1 0 3 4 0 0 0 
1 0 0 0 0 0 0 6 7 1 0 0 
1 1 0 0 1 0 2 7 7 0 1 1 
2 0 0 0 0 0 2 7 1 2 0 0 
1 0 0 0 0 0 1 6 1 2 0 1 
2 0 1 0 1 0 2 1 6 0 0 0 
0 0 0 0 0 0 3 6 9 0 0 0 
0 0 0 0 0 0 2 4 2 0 0 0 
1 1 1 0 0 0 3 7 0 2 1 0 
0 0 0 0 0 0 3 4 8 2 0 0 
0 0 0 0 0 0 2 5 6 0 0 0 
2 1 1 0 0 1 2 5 2 0 1 1 
0 0 0 0 0 0 1 8 5 0 0 0 
2 0 0 0 1 1 3 7 2 0 0 0 
0 0 0 0 0 0 0 5 1 2 0 0 
1 0 1 0 1 1 2 0 2 1 1 0 
1 1 0 1 0 1 1 1 6 0 1 1 
0 0 0 0 0 0 3 3 6 0 0 0 
2 0 1 0 1 0 1 6 2 1 0 0 
0 0 0 1 0 1 2 0 7 1 1 0 
0 0 0 0 0 0 3 9 4 0 0 0 
0 0 0 1 0 1 3 2 2 1 0 0 
0 1 1 0 1 1 1 5 6 0 0 1 
0 0 0 1 1 0 0 5 2 2 0 0 
0 0 1 1 0 0 1 5 5 2 1 0 
0 0 1 1 1 1 3 0 5 1 1 0 
0 0 0 0 0 0 0 3 5 0 0 0 
0 0 0 0 0 0 3 8 3 1 0 0 
0 0 0 0 0 0 2 2 2 0 0 0 
2 1 0 0 0 1 2 2 1 1 0 1 
0 0 1 1 0 1 1 2 6 2 0 0 
2 1 0 1 1 0 3 8 9 1 1 0 
1 0 0 0 0 0 3 5 2 1 0 0 
0 1 1 0 1 1 3 3 2 2 1 0 
0 0 1 1 1 1 2 9 4 0 1 1 
0 0 0 0 0 0 2 1 2 2 0 0 
2 0 0 0 0 0 2 0 9 1 0 0 
1 0 1 1 0 1 2 9 0 1 1 0 
2 0 0 0 0 0 0 1 8 1 0 0 
0 0 0 0 0 0 0 8 4 0 0 0 
0 0 1 1 0 1 2 1 4 1 1 1 
2 1 1 1 1 0 3 9 1 2 1 0 
0 0 0 0 0 0 3 8 2 0 0 0 
0 0 0 0 0 0 2 4 4 0 0 0 
0 0 0 0 0 0 1 3 9 0 0 0 
2 0 0 0 0 0 0 0 6 0 0 0 
0 0 0 0 0 0 0 0 0 0 0 0 
1 1 1 0 0 0 0 2 2 0 1 1 
2 0 0 0 0 0 2 1 0 0 0 0 
1 1 1 1 0 1 2 0 6 2 1 0 
1 0 0 0 0 0 2 0 3 2 0 0 
1 0 0 0 0 0 3 8 0 2 0 0 
2 0 1 0 1 0 0 3 3 0 0 0 
0 0 0 0 0 0 3 7 1 1 0 0 
2 0 0 0 0 0 3 1 5 1 0 0 
0 0 0 0 0 0 0 1 2 1 0 0 
1 0 1 0 1 0 1 1 9 1 0 1 
0 0 0 0 0 0 3 3 7 0 0 0 
1 1 1 0 1 1 1 4 1 0 1 0 
2 0 0 0 0 0 0 6 3 2 0 0 
0 0 1 1 0 1 0 7 6 0 1 0 
0 0 1 1 1 1 0 9 8 2 0 0 
0 0 0 0 0 0 2 6 6 0 0 0 
0 0 0 0 0 0 0 2 4 2 0 0 
2 0 1 0 0 0 0 3 6 1 0 0 
1 1 1 1 1 1 0 3 9 1 1 0 
2 0 0 0 0 0 2 3 2 0 0 0 
1 0 0 0 0 0 2 5 3 2 0 0 
1 0 0 1 0 0 1 1 5 0 1 0 
1 0 0 0 0 0 1 3 7 2 0 0 
2 0 0 0 0 0 2 5 5 1 0 0 
2 0 0 0 0 0 2 9 5 2 0 0 
1 0 1 1 1 0 1 4 4 2 1 1 
0 0 0 0 0 0 1 6 6 0 0 0 
1 1 0 1 1 1 0 5 8 0 0 0 
0 0 0 0 0 0 1 2 0 0 0 0 
0 0 0 0 0 0 1 9 5 0 0 0 
0 0 0 0 0 0 2 2 3 0 0 0 
1 1 0 1 0 1 2 3 3 1 1 1 
2 0 1 0 0 0 2 5 8 2 1 1 
0 0 0 0 0 0 0 0 5 0 0 0 
0 0 0 1 0 1 0 7 3 2 0 1 
0 1 0 0 1 1 1 7 4 0 0 0 
0 0 0 0 0 0 3 4 9 0 0 0 
2 0 0 1 0 1 0 9 2 2 0 1 
0 0 0 0 0 0 3 2 6 0 0 0 
1 0 0 1 1 0 0 2 5 1 0 0 
0 0 1 1 1 0 0 2 1 0 1 0 
1 1 1 1 1 0 0 3 0 2 0 1 
2 1 0 1 0 0 0 1 1 1 1 0 
2 1 1 1 0 0 0 5 4 0 1 1 
0 0 0 0 0 0 3 9 5 0 0 0 
0 0 0 0 0 0 1 3 1 0 0 0 
1 0 1 1 1 0 0 5 0 0 1 0 
2 0 0 0 1 1 1 5 7 0 1 0 
0 1 0 0 0 0 3 1 0 2 0 0 
2 1 0 0 0 1 3 4 4 0 0 0 
1 0 0 1 1 1 1 5 1 1 0 1 
0 1 0 1 0 0 1 0 1 0 1 1 
2 0 0 0 0 0 2 8 4 1 0 0 
0 1 0 1 0 0 1 0 2 1 0 1 
1 0 0 1 0 0 2 4 5 1 0 1 
0 1 1 0 1 0 1 9 2 2 1 0 
0 0 0 0 0 0 1 7 7 0 0 0 
0 0 0 0 0 0 2 1 1 0 0 0 
0 0 0 0 0 0 3 1 6 1 0 0 
0 0 0 0 0 0 2 3 4 0 0 0 
0 0 0 0 0 0 1 6 5 0 0 0 
1 0 0 0 0 0 1 0 5 2 0 0 
1 0 0 1 0 0 1 3 2 2 0 1 
1 0 0 1 1 0 2 5 4 1 0 0 
1 0 0 0 0 0 2 2 0 1 0 0 
0 0 1 1 1 1 3 5 9 0 0 1 
0 0 0 0 0 0 1 9 6 0 0 0 
1 1 0 0 0 0 0 5 9 1 1 0 
0 0 0 1 0 0 1 5 3 0 1 1 
2 0 0 0 0 0 1 0 4 1 0 0 
0 1 1 0 1 0 2 2 9 1 0 1 
0 1 1 1 1 1 1 8 2 1 1 1 
0 1 1 1 1 1 3 4 6 0 0 0 
1 0 0 0 0 0 3 2 8 2 0 0 
2 0 0 1 0 1 3 9 3 0 0 1 
0 0 0 0 0 0 0 7 0 1 0 0 
0 0 0 0 0 0 1 0 9 0 0 0 
2 0 0 0 0 0 0 3 1 2 0 0 
0 0 0 0 0 0 1 1 8 0 0 0 
2 0 0 1 1 0 1 1 3 1 0 0 
2 0 0 0 0 0 2 7 4 2 0 0 
2 1 1 0 1 0 3 2 0 2 1 0 
2 0 0 1 0 0 1 8 3 2 1 1 
1 0 0 0 0 0 3 1 4 0 0 0 
0 0 0 0 1 0 1 3 8 0 1 0 
0 0 0 0 0 0 3 9 7 0 0 0 
0 1 1 1 0 1 0 8 0 1 1 0 
2 1 0 1 1 0 3 3 4 1 1 1 
0 0 0 0 0 0 2 1 3 0 0 0 
1 1 0 1 0 0 3 8 4 0 1 0 
1 0 0 0 0 0 0 2 3 2 0 0 
1 1 0 0 0 0 0 9 3 2 0 0 
2 0 0 0 0 0 2 9 6 1 0 0 
2 0 1 1 1 1 3 8 5 0 0 0 
0 0 0 0 0 0 2 0 1 0 0 0 
2 0 1 1 1 1 2 2 4 0 0 0 
1 0 0 0 0 0 2 7 9 2 0 0 
0 0 0 0 0 0 0 0 4 0 0 0 
0 0 0 0 0 0 3 7 4 0 0 0 
0 0 1 1 1 0 0 8 8 0 0 1 
0 0 1 0 0 1 0 8 9 0 0 1 
1 0 0 0 1 0 0 6 6 2 0 1 
1 0 1 0 0 0 0 8 6 1 0 1 
0 0 0 0 0 1 2 9 1 0 0 0 
0 0 0 0 0 0 0 2 6 0 0 0 
0 0 0 0 0 0 0 0 3 0 0 0 
1 0 1 0 0 0 2 1 7 1 0 0 
2 0 0 0 0 0 2 8 6 2 0 0 
0 0 0 0 0 0 3 7 3 0 0 0 
0 0 0 0 0 0 2 5 7 0 0 0 
1 1 0 0 1 1 0 5 5 0 0 1 
2 1 1 1 0 1 3 6 6 1 1 0 
0 0 0 0 0 0 0 1 6 2 0 0 
0 0 0 0 0 0 3 6 2 0 0 0 
0 0 0 0 0 0 3 0 6 0 0 0 
0 0 0 0 0 0 2 8 0 0 0 0 
1 1 1 0 1 0 0 0 7 1 0 1 
0 0 0 0 0 0 1 5 4 2 0 0 
2 1 1 1 0 1 1 3 5 1 0 1 
1 1 0 0 0 1 3 5 0 2 0 1 
0 0 0 0 0 1 1 3 0 0 0 0 
1 0 1 0 1 1 0 9 6 2 0 0 
2 0 0 0 0 0 0 7 7 2 0 0 
1 1 1 1 0 1 2 6 4 0 1 0 
1 0 0 0 0 0 0 0 1 1 0 0 
1 0 0 1 0 0 3 2 7 0 1 1 
2 0 0 0 0 0 0 8 1 2 0 0 
0 0 0 0 0 0 2 5 0 1 0 0 
0 1 1 0 1 1 0 1 5 2 0 1 
2 0 1 1 1 0 2 3 7 0 1 0 
0 0 0 0 0 0 1 5 8 1 0 0 
1 0 1 1 0 0 0 7 4 1 1 1 
0 1 0 1 0 0 3 9 6 0 1 1 
0 0 0 0 0 0 3 6 4 0 0 0 
1 1 0 0 0 0 1 2 4 1 1 1 
0 0 0 0 1 0 0 6 4 1 0 1 
1 0 0 0 0 0 1 4 2 2 0 0 
1 1 0 1 0 1 2 6 0 1 0 0 
1 0 0 0 0 0 2 6 9 2 0 0 
1 0 1 1 1 1 1 1 0 1 1 1 
0 0 0 0 0 0 0 1 9 0 0 0 
0 0 0 0 0 0 1 4 7 1 0 0 
0 0 0 0 0 0 2 2 5 0 0 0 
0 0 0 0 0 0 1 9 3 0 0 0 
2 1 0 0 0 0 2 9 4 2 0 0 
0 0 0 0 0 0 3 5 3 0 0 0 
0 0 0 0 0 0 0 4 4 1 0 0 
0 0 0 0 0 0 2 4 8 0 0 0 
1 0 0 0 0 0 2 7 8 0 0 0 
0 0 0 0 0 0 1 8 0 0 0 0 
0 1 0 0 0 1 3 4 0 1 0 0 
1 0 1 0 0 0 0 1 3 2 1 1 
2 0 0 0 0 0 3 0 7 0 0 0 
1 0 0 0 0 0 2 3 5 2 0 0 
2 1 1 1 1 1 0 6 5 0 0 0 
1 0 1 1 1 1 0 8 7 1 1 0 
0 1 0 0 0 0 0 8 5 2 1 1 
0 0 1 0 0 0 2 8 1 1 0 0 
2 0 0 0 0 0 0 4 5 2 0 0 
1 0 0 0 0 0 0 8 3 0 0 0 
1 0 0 0 0 0 1 8 9 2 0 0 
1 1 1 1 0 1 3 3 8 2 0 1 
2 0 0 0 0 0 3 9 0 2 0 0 
1 0 0 0 0 0 2 4 6 2 0 0 
0 0 0 0 0 0 3 3 0 0 0 0 
0 0 0 0 0 0 3 8 6 0 0 0 
1 0 0 0 0 0 0 6 2 2 0 0 
0 0 0 0 0 0 1 4 6 1 1 1 
2 0 0 0 0 0 2 9 9 2 0 0 
1 0 0 0 0 0 0 7 2 1 0 0 
2 0 1 0 1 1 1 0 1 2 0 0 
0 0 0 0 0 0 2 0 4 0 0 0 
1 0 0 0 0 0 2 9 2 0 0 0 
2 0 0 0 0 0 0 4 6 0 0 0 
0 0 0 0 0 0 1 3 3 0 0 0 
0 0 0 0 0 0 1 3 4 2 0 0 
2 0 1 0 0 1 2 4 3 0 1 1 
2 0 0 0 1 0 1 2 2 2 0 0 
2 1 0 0 1 0 1 2 6 0 1 1 
2 0 0 1 1 1 3 0 3 0 1 1 
0 0 0 1 0 0 2 4 1 2 0 1 
0 1 0 1 1 1 1 7 9 0 1 1 
0 0 0 0 0 0 1 9 4 0 0 0 
2 0 0 1 1 1 2 7 0 0 0 1 
0 0 0 0 0 0 0 2 9 0 0 0 
1 0 0 1 1 0 3 1 2 0 1 1 
2 0 0 0 0 0 2 8 8 1 0 0 
2 1 1 0 0 1 1 1 2 0 0 0 
2 0 0 0 0 0 0 6 8 2 0 0 
1 0 0 0 0 0 1 2 1 2 0 0 
0 0 0 0 0 0 3 4 2 0 0 0 
0 0 0 0 0 0 3 8 8 0 0 0 
0 0 0 0 0 0 1 4 5 0 0 0 
0 0 0 0 0 0 2 2 7 1 0 0 
1 0 0 0 0 0 0 4 9 1 0 0 
0 1 0 1 1 0 1 9 0 0 0 1 
1 0 0 0 0 0 2 3 6 2 0 0 
1 0 1 0 0 0 1 7 1 0 1 1 
2 0 1 0 0 0 1 2 3 0 0 0 
1 0 0 0 0 0 1 0 8 0 0 0 
0 0 0 0 0 0 3 9 9 0 0 0 
0 0 0 0 0 0 2 3 8 0 0 0 
0 0 0 0 0 0 2 1 5 0 0 0 
2 0 0 0 0 0 1 5 0 0 0 0 
1 1 0 0 0 1 1 8 8 2 1 0 
0 0 0 0 0 0 3 4 3 0 0 0 
0 0 0 0 0 0 0 9 0 0 0 0 
0 0 0 0 0 0 1 6 7 0 0 0 
0 0 0 0 0 0 3 3 3 2 0 0 
0 1 1 0 0 0 1 0 3 1 0 0 
0 0 1 0 1 1 1 8 4 2 0 1 
1 1 0 1 1 1 0 7 1 0 0 0 
0 0 0 0 0 0 2 3 9 2 0 1 
2 1 0 0 1 0 1 4 8 0 1 1 
0 1 0 1 1 1 2 4 9 0 1 1 
2 0 1 0 1 1 3 0 8 1 0 0 
0 0 0 0 0 0 2 6 1 1 0 0 
0 1 1 1 1 1 0 0 9 2 1 0 
2 1 0 1 0 0 0 0 8 0 1 1 
0 0 0 0 0 1 0 9 5 0 1 0 
2 1 1 0 1 0 1 7 3 1 1 0 
2 0 0 1 0 1 0 2 0 2 0 1 
0 0 0 0 0 1 3 5 4 0 0 0 
0 0 0 0 0 0 2 9 8 0 0 0 
0 0 0 0 0 0 3 5 5 0 0 0 
2 0 0 0 1 0 3 6 0 0 0 0 
0 0 0 0 0 0 1 1 4 0 0 0 
0 0 0 0 0 0 3 7 8 0 0 0 
1 0 1 1 0 1 3 0 4 0 0 1 
2 0 1 0 1 1 3 1 1 1 0 1 
0 0 0 0 0 0 1 7 2 0 0 0 
2 0 0 0 0 1 0 6 9 0 1 1 
1 0 0 0 0 0 2 4 7 0 0 0 
0 1 1 1 0 0 2 7 2 2 1 1 
2 0 0 1 0 0 3 5 6 2 1 0 
0 0 0 1 1 1 2 2 8 0 1 1 
2 0 0 0 1 0 0 8 0 0 0 1 
0 0 1 1 0 1 1 7 8 1 0 1 
2 0 0 0 0 0 1 6 4 2 0 0 
0 0 1 0 1 0 2 9 3 1 1 0 
1 0 0 0 0 0 0 9 4 1 0 0 
1 0 0 0 0 0 1 1 1 2 0 0 
0 1 1 1 0 0 1 6 8 0 0 1 
1 1 1 0 0 1 1 9 9 0 0 0 
1 0 0 0 0 0 3 0 9 0 0 1 
0 0 0 0 0 0 2 4 0 0 0 0 
0 1 1 1 0 0 3 5 7 1 0 1 
0 0 0 0 0 0 3 2 1 0 0 0 
2 0 0 0 0 0 3 4 1 1 0 0 
2 0 1 0 0 0 2 0 0 1 0 0 
2 0 1 0 0 0 1 4 9 2 0 0 
1 0 0 0 0 0 2 8 2 0 0 0 
2 0 0 0 0 0 3 7 5 0 0 0 
0 1 1 0 1 1 2 8 3 2 0 0 
1 1 0 1 1 1 2 8 1 0 1 1 
2 0 0 0 0 0 0 0 2 0 0 0 
1 0 1 1 0 1 0 4 8 1 0 0 
0 1 1 0 0 0 2 5 1 1 1 0 
2 1 1 0 1 1 0 5 3 1 0 0 
0 0 0 0 0 0 0 7 5 0 0 0 
1 1 0 0 0 0 3 9 8 1 1 1 
1 1 1 0 1 1 1 2 7 2 0 0 
0 1 1 0 1 1 2 4 5 0 1 0 
0 0 0 0 0 0 0 1 0 0 0 0 
2 0 0 0 0 0 1 2 8 0 0 0 
0 0 0 0 0 0 2 7 6 0 0 0 
0 1 1 1 1 1 0 6 1 2 1 0 
0 0 0 0 0 0 0 4 1 0 0 0 
0 1 0 0 1 0 3 4 7 2 0 1 
0 1 0 1 0 1 1 6 2 0 1 1 
0 0 1 1 0 0 3 6 7 0 1 0 
0 0 0 0 1 0 1 3 5 0 1 0 
0 0 0 0 0 0 2 8 7 0 0 0 
0 0 0 0 0 0 2 6 5 1 0 0 
1 0 1 0 1 1 2 7 5 1 1 0 
0 0 0 0 0 0 1 6 0 0 0 0 
0 0 0 0 0 0 1 9 1 0 0 0 
0 1 1 0 0 0 0 2 8 1 0 0 
0 0 0 0 0 0 2 0 8 2 0 0 
2 0 0 0 0 0 3 2 9 0 0 0 
0 0 0 0 0 0 3 9 2 1 0 0 
2 0 0 0 0 0 3 1 9 2 0 0 
0 0 0 0 1 1 0 1 7 0 0 1 
1 0 0 0 0 0 2 2 6 1 0 0 
1 1 0 0 1 0 3 7 6 1 0 1 
0 0 0 0 0 0 2 6 2 0 0 0 
0 0 0 0 0 0 3 6 8 0 0 0 
1 1 0 1 1 1 2 1 8 2 0 0 
0 0 0 0 0 0 3 4 5 0 0 0 
1 0 0 0 1 1 2 6 8 1 1 0 
2 0 1 1 0 0 1 9 7 1 0 1 
2 0 0 0 0 0 0 3 8 1 0 0 
2 0 1 0 0 0 0 7 9 1 0 0 
2 0 0 0 0 0 0 8 2 2 0 0 
0 0 0 0 0 0 2 3 0 0 0 0 
2 0 0 0 0 0 3 6 1 0 0 0 
1 1 0 1 1 1 1 0 0 2 1 1 
0 0 0 0 0 0 1 5 9 0 0 0 
2 0 0 0 0 0 1 9 8 0 0 0 
2 0 0 0 0 0 2 5 9 2 0 0 
0 1 0 0 0 1 3 1 3 0 0 1 
2 0 1 1 0 1 0 4 7 2 1 0 
2 1 1 0 0 1 3 2 5 2 1 1 
0 0 0 0 0 0 3 0 1 0 0 0 
0 0 0 0 0 0 1 7 0 0 0 0 
2 0 0 0 0 0 3 1 7 0 0 0 
2 0 0 0 0 0 1 3 0 1 1 0 
0 0 1 1 0 1 3 7 7 1 0 0 
2 1 0 0 1 0 0 1 4 2 0 0 
0 0 0 0 0 0 1 2 5 0 0 0 
0 0 0 1 1 0 0 9 9 1 1 1 
0 1 0 1 0 0 1 1 7 2 1 0 
0 0 1 0 0 0 2 6 0 2 1 1 
0 1 0 0 1 1 0 9 7 0 1 0 
2 0 0 0 0 0 1 8 7 2 0 0 
0 0 1 0 0 0 3 1 8 0 1 1 
2 0 0 0 0 0 3 5 1 0 0 0 
0 0 0 0 0 0 0 4 3 1 0 0 
0 0 0 0 0 0 3 0 2 2 0 0 
0 0 0 0 0 0 3 7 9 0 0 0 
1 0 0 1 0 1 2 2 9 2 1 0 
0 1 1 0 0 1 3 3 1 1 1 1 
0 0 0 0 0 0 1 3 6 0 0 0 
2 0 0 0 0 0 1 7 6 2 0 0 
0 0 0 0 0 0 2 6 3 0 0 0 
0 0 0 0 0 0 1 8 1 0 0 0 
2 0 0 0 0 0 3 3 9 0 0 0 
0 0 0 0 0 0 0 3 2 1 0 0 
MFS
precise
0.0
recall
0.0
F-measure
0.0
multi
0
time
all 1972 iden 0 gen 1972
t-cover
9158
all-cover
9158
(1 : 1693)  (2 : 774)  (3 : 1358)  (4 : 756)  (5 : 523)  (6 : 522)  (7 : 527)  (8 : 513)  (9 : 305)  (10 : 124)  (11 : 78)  (12 : 87)  (13 : 90)  (14 : 86)  (15 : 114)  (16 : 117)  (17 : 121)  (18 : 90)  (19 : 74)  (20 : 73)  (21 : 56)  (22 : 70)  (23 : 79)  (24 : 72)  (25 : 70)  (26 : 113)  (27 : 111)  (28 : 84)  (29 : 80)  (30 : 60)  (31 : 21)  (32 : 11)  (33 : 2)  (34 : 3)  (35 : 4)  (36 : 1)  (38 : 1)  (39 : 2)  (40 : 4)  (41 : 3)  (42 : 5)  (43 : 2)  (44 : 2)  (45 : 2)  (46 : 2)  (47 : 5)  (48 : 1)  (49 : 4)  (50 : 8)  (51 : 3)  (52 : 7)  (53 : 6)  (54 : 6)  (55 : 7)  (56 : 6)  (57 : 6)  (58 : 6)  (59 : 4)  (60 : 11)  (61 : 7)  (62 : 8)  (63 : 12)  (64 : 11)  (65 : 7)  (66 : 9)  (67 : 12)  (68 : 9)  (69 : 8)  (70 : 5)  (71 : 3)  (72 : 1)  (73 : 4)  (74 : 4)  (75 : 5)  (76 : 3)  (77 : 1)  (116 : 1)  (119 : 2)  (120 : 1)  (121 : 1)  (122 : 1)  (126 : 1)  (141 : 1)  (142 : 1)  (144 : 2)  (145 : 2)  (146 : 1)  (147 : 3)  (148 : 7)  (149 : 4)  (150 : 7)  (151 : 7)  (152 : 2)  (153 : 3)  (154 : 1)  (155 : 1)  (234 : 2)  (235 : 1)  (236 : 4)  (238 : 3)  (239 : 3)  (240 : 1)  (241 : 4)  (242 : 4)  (244 : 5)  (245 : 3)  (246 : 5)  
