testCase Num: 1562
regaular Num: 1562
identify Num: 0
1 0 0 0 0 0 2 6 3 2 0 0 
2 1 0 0 1 0 1 1 2 2 0 1 
2 0 0 1 0 0 0 5 4 0 0 0 
0 1 0 0 0 0 1 2 4 2 1 1 
1 1 1 0 1 0 3 9 0 2 1 0 
1 0 0 0 0 0 3 8 9 2 0 0 
0 0 0 0 0 0 0 2 6 1 0 0 
0 0 0 0 1 0 1 3 8 2 1 1 
0 0 0 0 1 1 0 8 5 0 0 0 
1 0 0 1 1 0 0 8 0 1 0 1 
1 1 0 0 1 0 1 8 5 1 1 1 
0 0 1 1 0 0 3 6 0 1 0 1 
0 0 0 0 0 0 1 8 6 0 0 0 
2 0 1 0 1 1 1 5 3 0 1 1 
2 0 0 0 0 0 1 6 6 1 0 0 
0 0 0 1 0 0 2 7 0 0 0 1 
0 0 0 0 1 0 2 8 7 0 0 0 
0 0 0 0 0 0 1 0 7 2 0 0 
1 1 0 0 1 0 0 0 2 1 0 1 
1 0 0 0 0 0 3 9 9 0 0 0 
2 0 0 0 0 0 0 1 6 0 0 0 
2 0 0 0 1 1 3 5 1 2 0 0 
0 1 1 1 0 0 1 2 6 2 1 1 
0 1 0 0 0 0 1 5 8 0 1 0 
1 1 0 0 0 1 0 4 5 2 0 0 
0 1 0 0 1 0 0 8 7 0 0 0 
1 0 1 0 0 0 3 1 5 0 0 0 
2 0 0 0 0 0 2 6 8 1 0 0 
2 0 0 0 1 1 0 8 6 0 0 1 
0 0 0 0 0 0 0 7 2 0 1 1 
1 0 1 0 1 1 3 1 8 2 1 0 
1 1 0 0 0 1 1 5 7 0 0 0 
0 1 1 1 1 0 1 7 0 2 0 0 
0 1 1 0 1 0 2 1 0 2 0 1 
2 0 0 0 0 0 1 4 3 0 0 0 
0 0 0 0 0 0 1 1 9 2 0 0 
1 0 1 0 1 1 3 0 7 1 0 1 
0 1 0 0 1 1 2 1 6 1 0 0 
0 0 1 0 0 1 3 2 7 2 0 0 
0 1 0 0 0 0 2 7 5 2 0 0 
1 0 0 0 1 1 2 6 5 1 0 1 
1 1 0 0 0 0 1 6 3 0 1 1 
0 0 0 0 0 0 3 9 3 2 0 0 
2 0 0 0 0 0 1 0 6 0 0 0 
0 1 0 0 0 0 0 7 9 1 0 1 
0 0 0 0 0 0 1 4 1 1 0 0 
2 0 1 0 0 1 2 4 8 0 1 0 
0 0 0 0 0 0 3 6 1 2 0 1 
2 0 0 0 0 0 1 5 5 0 0 0 
1 0 0 1 1 0 1 3 6 2 0 1 
2 1 0 0 0 1 1 9 0 1 0 0 
0 0 0 1 1 0 0 5 1 1 1 0 
0 1 1 0 0 0 1 5 4 1 1 0 
0 0 0 0 0 0 2 7 8 2 0 0 
0 0 0 0 0 0 0 3 5 0 0 0 
0 1 1 1 0 0 0 2 2 0 1 0 
0 0 1 0 0 0 0 2 4 0 0 1 
0 1 1 0 0 1 2 0 7 0 0 0 
0 0 0 0 0 0 0 0 2 1 0 0 
0 0 1 1 0 0 0 3 7 0 0 0 
1 1 1 1 1 0 1 5 1 1 0 1 
0 0 0 0 0 0 2 7 6 0 1 0 
2 1 1 1 0 0 2 0 9 2 1 0 
0 0 0 0 0 0 3 0 9 0 0 0 
2 0 0 0 1 1 3 7 5 2 1 0 
0 1 0 1 0 0 1 3 7 2 1 0 
1 0 0 1 1 1 2 0 8 2 0 0 
1 0 1 1 0 0 1 7 3 0 1 0 
2 0 1 0 0 0 3 1 1 1 1 0 
2 1 0 0 0 0 0 9 2 2 0 0 
2 1 0 0 0 1 3 1 6 2 1 0 
1 0 0 0 0 1 3 6 8 1 0 0 
1 0 0 0 0 1 3 8 0 2 1 1 
0 0 1 1 1 0 2 4 0 1 0 0 
1 0 0 0 0 0 2 1 4 2 0 0 
1 0 0 0 1 0 2 6 2 2 0 0 
2 0 0 0 0 0 3 5 9 0 0 0 
0 0 1 0 0 0 2 7 3 0 0 0 
2 0 0 0 0 0 0 2 8 0 0 0 
2 0 0 0 0 0 0 6 3 2 0 1 
2 0 0 0 0 0 0 4 0 1 0 0 
2 0 0 0 0 0 2 1 1 2 0 0 
1 0 0 0 0 0 0 6 6 2 0 0 
1 0 0 0 0 0 0 4 3 1 0 0 
1 0 0 0 0 0 2 1 2 0 1 0 
2 0 1 1 0 0 2 3 8 1 0 0 
0 0 0 0 0 0 1 6 6 0 0 0 
2 0 1 0 0 0 1 0 7 0 1 0 
2 0 1 0 0 1 2 3 9 1 0 1 
1 1 0 0 1 0 2 8 6 2 1 1 
0 0 1 0 1 0 1 9 0 0 0 1 
0 0 1 1 0 1 1 8 5 2 0 0 
2 0 1 1 0 1 1 8 0 0 0 1 
0 0 1 1 1 0 0 3 2 0 1 1 
1 0 1 0 0 0 2 6 2 0 0 0 
0 0 0 1 0 1 0 1 4 1 0 1 
1 0 0 1 0 0 2 0 0 2 1 0 
0 1 0 0 1 1 1 9 8 2 1 1 
0 0 0 0 0 1 0 5 0 0 1 1 
2 0 0 0 0 0 2 9 4 0 0 0 
1 1 0 0 0 1 1 2 7 2 1 1 
0 0 0 0 1 0 2 4 5 2 0 0 
1 1 0 0 1 0 3 7 1 0 1 0 
0 0 0 0 0 0 1 5 6 2 0 0 
2 0 0 0 0 0 3 9 2 0 0 0 
1 0 0 0 0 0 0 5 9 1 0 0 
1 0 0 0 0 0 3 7 9 0 1 1 
0 0 0 1 0 1 3 6 4 2 1 0 
0 0 1 0 0 0 3 7 1 1 0 1 
0 0 0 0 0 0 2 7 1 2 0 0 
2 1 0 0 1 1 1 5 9 1 0 1 
1 0 0 0 1 0 0 2 2 1 0 0 
1 0 0 0 1 1 2 5 4 0 0 1 
0 0 0 0 0 0 1 8 9 1 0 0 
2 0 0 0 0 1 1 3 7 0 0 0 
2 0 0 1 1 1 2 1 9 0 0 0 
0 1 1 0 0 1 3 1 3 1 0 1 
0 1 0 1 0 1 2 7 3 0 0 0 
2 1 0 0 1 0 3 0 9 1 0 0 
2 0 1 0 0 0 2 1 6 1 1 1 
1 1 0 1 0 0 3 9 5 2 1 0 
0 0 0 1 0 0 3 4 2 2 0 0 
1 1 1 1 0 1 2 5 4 0 1 0 
1 0 0 0 1 1 1 1 3 2 1 1 
2 0 1 0 0 0 1 9 1 2 0 0 
0 1 0 0 0 1 1 1 9 1 0 1 
0 0 0 1 0 1 0 5 9 0 0 0 
0 0 0 0 0 0 2 9 3 0 0 0 
2 0 0 0 1 1 0 4 9 0 1 0 
0 1 1 0 1 0 3 4 5 1 1 0 
2 0 1 0 1 1 3 4 1 1 0 1 
1 0 0 0 1 1 1 2 5 2 0 0 
0 0 0 0 0 0 2 8 1 0 1 0 
1 1 0 0 0 0 3 5 1 1 0 0 
2 0 0 1 1 0 1 2 3 0 0 1 
1 1 1 1 1 0 3 8 8 0 1 0 
0 0 0 1 1 0 1 5 4 0 0 1 
2 1 0 0 0 0 2 5 4 0 0 0 
0 0 1 0 0 0 2 7 7 0 1 0 
0 0 1 0 0 1 2 3 3 2 1 1 
1 0 0 1 1 0 2 7 6 1 0 1 
1 0 1 0 0 1 1 0 0 1 0 0 
2 0 1 0 0 0 0 1 7 0 0 0 
0 0 1 0 0 1 1 1 6 0 0 0 
2 1 1 1 1 0 2 8 3 0 0 0 
1 0 0 0 0 0 0 6 8 0 0 0 
2 1 1 1 0 1 2 2 8 2 0 1 
1 1 1 0 0 0 1 8 2 2 1 1 
0 0 0 1 0 0 3 7 5 1 0 0 
0 0 0 0 1 0 0 1 3 1 1 0 
1 0 0 0 0 0 3 9 2 0 0 0 
0 0 0 0 0 0 2 2 6 2 0 0 
0 1 0 0 0 1 0 8 2 1 1 1 
0 1 0 0 0 0 2 4 8 0 0 0 
2 0 0 1 1 0 2 8 5 1 1 0 
0 0 0 1 1 0 0 6 0 0 0 0 
0 0 1 0 0 0 3 8 0 0 0 0 
1 0 0 0 0 0 3 8 2 2 1 0 
1 1 0 1 1 1 2 1 1 0 0 0 
2 0 0 0 1 0 2 0 5 2 0 1 
0 0 0 0 1 0 1 4 0 1 1 0 
2 0 0 0 0 0 2 5 2 1 1 1 
0 1 1 1 0 1 1 7 4 1 0 0 
1 1 0 1 1 0 3 1 7 2 0 1 
0 0 0 0 0 0 1 0 8 1 0 0 
2 0 1 1 0 1 0 5 2 1 0 0 
2 1 1 0 0 1 0 5 1 2 0 1 
2 0 0 1 0 0 2 7 7 2 0 0 
1 1 0 0 0 1 0 7 0 2 0 0 
0 1 0 1 0 1 0 2 9 2 0 1 
1 0 0 0 0 1 2 1 0 1 1 0 
2 1 1 0 0 0 0 0 7 2 0 0 
2 0 0 0 0 0 1 4 7 0 0 0 
2 0 1 1 1 0 1 7 8 2 0 1 
0 0 0 1 1 1 3 2 8 0 0 1 
2 1 0 0 1 0 0 5 2 0 0 0 
1 0 0 1 0 0 3 3 9 1 1 0 
1 1 0 1 0 1 2 2 4 1 1 0 
1 0 1 1 0 0 1 3 8 2 0 0 
0 1 1 0 0 1 1 6 1 1 1 1 
0 0 0 0 0 0 3 4 1 2 0 0 
0 0 0 0 1 0 0 8 1 2 0 0 
2 1 1 0 1 1 0 9 4 2 0 1 
0 0 0 1 0 0 0 6 1 0 1 0 
1 1 1 1 0 1 0 6 7 2 1 0 
2 0 1 1 1 0 0 8 4 2 1 0 
1 1 1 1 1 0 2 4 1 1 0 0 
2 1 0 1 0 0 0 0 1 1 0 1 
0 1 0 0 1 1 3 2 6 1 0 0 
1 1 1 0 0 0 1 6 9 2 0 0 
0 0 0 0 1 1 0 3 3 0 0 0 
1 0 0 0 0 0 0 1 5 1 1 0 
0 0 0 0 0 0 0 0 9 2 0 0 
2 0 0 1 0 0 0 8 3 0 0 0 
1 0 0 0 0 0 0 5 1 2 0 0 
1 0 1 1 1 0 0 4 8 1 1 0 
2 0 0 1 1 0 2 9 8 0 0 1 
1 0 0 1 1 0 2 3 3 0 0 0 
1 1 0 0 0 1 3 1 2 1 1 1 
0 0 0 0 1 0 3 0 4 1 0 0 
0 0 0 0 1 0 0 2 9 1 0 0 
0 1 0 0 0 0 3 4 8 2 1 0 
1 0 0 0 0 0 1 8 8 2 0 0 
0 0 0 0 0 0 1 5 9 2 0 0 
0 1 1 0 0 0 0 1 2 0 1 1 
1 1 0 1 0 1 1 3 3 2 1 0 
0 0 1 1 0 0 2 0 5 1 0 0 
0 0 1 1 1 0 3 8 6 1 0 1 
0 0 1 1 1 1 2 7 5 1 1 1 
0 0 1 1 1 0 3 6 2 1 1 0 
0 0 0 0 0 1 1 5 1 1 0 0 
0 0 1 1 0 1 1 4 1 2 1 1 
0 0 0 0 0 0 3 8 8 2 0 0 
2 1 1 0 0 0 0 6 1 2 0 0 
1 0 1 0 1 1 1 3 9 0 1 1 
1 1 1 0 0 1 1 1 4 0 0 1 
0 1 0 1 0 0 3 2 9 2 0 0 
1 1 1 1 1 0 2 5 0 1 1 1 
1 1 1 0 1 0 3 8 5 2 0 1 
1 1 0 0 0 1 0 3 7 1 0 0 
0 0 0 0 0 0 0 8 8 0 0 0 
2 0 1 0 1 1 3 6 7 2 0 0 
0 0 0 0 0 0 0 6 7 1 0 0 
1 0 0 0 1 1 2 2 2 0 1 0 
2 0 0 0 0 0 0 2 1 0 0 0 
2 0 1 0 1 0 1 2 1 1 0 1 
1 0 0 0 0 1 3 3 1 2 0 1 
2 1 1 0 0 1 1 1 1 0 0 1 
0 0 0 1 1 0 3 8 9 1 0 1 
2 0 0 1 0 0 2 5 5 0 1 1 
1 0 0 0 0 0 2 4 5 0 0 1 
1 0 0 0 0 1 1 0 2 2 0 0 
1 0 0 1 0 0 2 5 8 0 0 0 
0 0 0 1 0 1 0 5 1 0 0 0 
2 0 0 1 0 1 0 7 6 1 1 1 
0 1 0 1 1 1 2 9 7 2 0 0 
1 0 1 1 0 1 3 6 5 2 0 0 
0 1 0 0 0 1 3 8 6 0 1 0 
0 1 1 0 0 0 1 9 6 0 0 1 
2 0 0 0 0 0 1 6 1 2 0 0 
0 0 0 0 0 0 3 3 0 0 0 0 
2 0 1 1 1 0 3 7 6 0 0 0 
0 1 0 1 1 1 0 0 8 1 1 0 
1 0 0 0 0 0 1 5 4 0 0 0 
1 0 0 0 1 0 0 6 9 2 1 1 
0 1 0 0 0 1 2 9 4 1 0 0 
0 1 1 1 0 1 3 4 0 0 0 1 
0 0 0 1 0 0 0 1 3 0 0 1 
1 0 0 0 0 0 2 1 9 0 0 0 
0 1 0 1 1 0 2 1 2 1 0 0 
2 1 1 1 1 0 2 4 6 1 0 1 
1 0 0 0 0 0 3 5 8 1 0 0 
1 0 0 0 0 0 0 6 0 1 1 0 
0 0 0 1 0 1 0 8 7 0 0 0 
0 0 1 0 0 0 0 4 3 2 0 0 
1 0 0 0 0 0 2 8 1 1 0 1 
0 1 0 0 1 1 1 3 2 0 0 0 
2 0 0 0 1 1 3 3 5 1 0 1 
2 1 0 0 0 1 1 7 3 2 0 1 
1 0 0 0 0 1 3 4 0 1 1 0 
0 0 1 0 0 1 0 4 6 0 0 0 
0 0 1 0 0 0 0 5 3 0 0 0 
0 0 0 0 0 0 1 2 1 0 0 0 
2 0 0 1 0 0 2 6 7 0 0 0 
1 0 0 1 0 1 0 4 4 0 1 0 
1 1 0 0 1 1 3 7 8 2 0 1 
1 1 1 0 0 1 3 0 8 1 0 0 
1 1 0 1 1 1 0 7 3 2 0 0 
0 0 0 1 0 0 3 4 6 1 0 0 
1 0 1 1 1 0 1 7 7 2 1 0 
1 0 0 0 0 1 3 0 6 2 0 0 
1 1 1 0 1 0 3 4 6 0 1 1 
2 1 0 1 0 1 1 4 0 0 1 1 
2 0 0 0 0 0 0 8 9 0 0 1 
0 0 1 0 0 0 1 3 0 0 0 1 
1 1 0 0 0 0 2 1 5 2 1 0 
0 0 1 1 0 1 2 6 8 0 1 1 
2 0 1 0 1 1 0 0 1 2 1 0 
2 1 0 0 1 0 3 9 1 0 0 1 
1 0 0 0 0 0 2 6 9 0 0 0 
0 0 0 0 0 0 1 8 0 2 1 0 
0 0 1 1 1 0 3 7 3 2 0 0 
1 1 1 1 1 1 3 4 7 0 0 1 
0 0 0 0 0 0 1 3 5 2 0 0 
1 1 0 0 1 0 2 2 3 1 0 0 
0 0 0 0 1 0 0 2 6 0 0 1 
0 0 0 0 1 0 1 3 1 1 1 1 
2 0 0 0 0 0 2 0 4 0 0 0 
0 0 0 0 0 0 2 7 2 1 0 0 
2 0 1 0 1 1 3 9 9 2 0 0 
2 1 0 0 0 0 0 2 9 0 0 0 
2 0 0 0 1 0 0 1 0 2 1 1 
0 0 0 0 0 0 1 2 3 2 0 0 
0 0 1 0 1 1 1 1 0 1 1 1 
0 0 0 0 0 0 3 5 4 0 0 0 
0 0 0 0 0 0 1 9 6 2 0 0 
2 0 0 0 0 0 0 8 0 2 0 0 
1 1 0 0 1 0 0 7 5 1 1 0 
0 0 1 0 0 0 0 6 4 1 1 0 
0 1 0 0 0 1 0 9 1 0 0 0 
0 1 0 0 1 0 0 4 5 2 1 1 
1 1 1 1 1 0 3 1 9 0 1 1 
0 0 0 1 1 0 1 7 3 1 0 0 
0 0 0 1 0 0 3 0 1 2 0 1 
2 0 1 1 0 1 2 9 1 0 1 0 
0 0 1 0 0 0 0 1 9 1 1 0 
1 0 0 1 0 0 3 4 3 1 0 1 
1 1 0 1 1 0 3 6 3 0 0 0 
2 0 1 1 1 0 3 1 5 1 1 0 
1 0 0 0 1 0 3 6 5 1 1 0 
1 1 1 1 1 1 0 5 7 2 0 0 
1 0 0 0 0 0 0 9 3 0 0 0 
0 0 1 0 0 0 3 0 6 0 0 1 
0 0 0 0 0 0 2 6 4 1 0 0 
1 1 0 1 1 0 2 9 4 0 1 1 
0 0 0 1 0 1 0 9 0 2 1 1 
1 1 0 0 0 0 2 4 8 1 0 0 
1 0 0 0 0 0 3 5 7 2 1 1 
0 1 0 1 1 0 1 9 1 1 1 1 
2 0 0 0 0 1 2 2 4 0 0 1 
0 0 0 0 0 0 2 9 9 2 0 0 
2 1 1 0 1 0 1 3 4 0 1 0 
0 0 0 0 0 0 3 3 3 1 0 0 
1 1 1 1 0 0 1 3 5 1 0 1 
2 1 0 0 1 0 0 6 8 0 1 1 
1 1 1 0 1 0 1 5 2 2 1 0 
0 0 0 0 1 1 2 1 5 2 0 0 
1 1 0 0 1 0 2 6 8 0 0 0 
2 1 1 1 0 0 1 1 8 2 1 1 
0 1 0 0 0 0 2 4 1 0 0 1 
1 1 1 1 1 0 1 6 6 1 1 0 
2 0 1 0 1 0 0 7 7 0 1 0 
0 0 0 0 1 0 2 7 4 2 1 0 
2 0 0 0 0 0 3 5 2 0 0 0 
2 0 0 0 0 1 1 0 8 0 0 0 
2 1 0 0 0 1 1 8 6 1 0 0 
2 0 0 0 1 0 3 2 5 1 0 0 
0 1 0 1 1 1 2 7 7 2 0 1 
0 0 0 0 1 0 3 4 3 2 0 0 
0 0 0 1 0 1 0 4 3 0 0 0 
0 1 0 1 1 1 1 0 3 2 0 1 
2 0 1 0 0 0 3 7 9 1 0 0 
0 0 0 0 0 0 1 8 4 2 0 0 
2 0 0 0 0 0 0 3 6 1 0 0 
0 0 0 0 0 0 2 2 8 0 0 0 
0 0 0 1 0 1 3 2 4 1 0 1 
1 1 0 0 0 0 2 8 2 0 0 0 
2 0 0 1 1 1 1 6 3 2 0 0 
2 0 0 0 1 0 3 9 5 0 0 0 
1 0 0 0 0 0 0 3 1 2 0 0 
0 0 0 0 0 0 1 9 2 2 0 0 
2 0 0 0 0 0 2 5 9 1 0 0 
2 0 0 0 0 0 1 5 1 0 0 0 
1 0 1 1 1 0 2 1 0 0 0 1 
1 0 1 1 1 1 0 3 4 1 1 0 
1 1 1 1 1 0 0 1 6 1 0 0 
2 0 0 0 0 0 2 7 8 0 0 0 
1 0 0 1 1 0 0 1 8 2 0 1 
1 0 0 1 0 1 3 9 0 1 0 1 
2 0 1 0 0 1 3 7 0 1 1 0 
0 0 0 0 0 0 1 7 2 2 0 0 
2 0 1 1 1 0 1 2 7 0 0 0 
0 1 0 0 0 1 0 6 6 0 1 0 
2 0 0 0 0 0 2 1 2 0 0 0 
0 1 1 0 1 0 3 0 5 0 1 0 
1 0 0 0 0 0 3 7 5 0 0 0 
1 1 0 1 0 1 1 4 6 1 1 0 
0 0 0 0 0 0 1 8 2 0 0 0 
0 0 0 1 0 0 3 5 0 2 0 0 
1 0 1 1 0 1 3 3 0 1 0 0 
0 0 0 1 1 1 3 0 2 2 1 0 
2 0 0 0 0 0 1 8 7 0 0 0 
0 0 0 0 0 0 2 0 7 1 0 0 
0 0 1 0 0 0 3 2 1 2 1 0 
0 0 0 0 0 0 1 1 3 0 0 0 
0 1 1 0 0 0 2 3 7 0 0 1 
1 0 1 0 0 0 3 3 8 1 1 0 
2 0 0 0 0 0 3 1 8 1 0 0 
0 0 0 0 0 0 3 2 2 0 1 1 
0 0 0 0 1 0 0 9 7 2 0 0 
1 0 0 1 0 1 0 1 9 0 0 0 
2 1 1 0 1 0 0 4 4 1 0 0 
1 1 0 0 0 0 3 6 6 1 1 0 
0 1 0 0 0 0 0 3 2 0 1 0 
1 1 0 1 0 1 0 1 0 2 0 0 
1 0 0 0 0 0 3 8 7 0 0 0 
1 0 0 1 0 0 3 9 1 2 0 1 
0 0 0 0 0 0 2 8 7 2 0 0 
0 0 1 0 1 1 0 6 0 2 1 0 
2 0 0 0 0 0 0 7 0 0 0 0 
2 0 0 0 0 0 0 1 5 2 0 0 
0 0 1 1 1 0 1 3 3 1 0 0 
0 1 0 0 1 0 3 7 9 2 1 0 
1 0 0 0 0 0 0 7 3 0 0 1 
2 0 0 0 0 0 3 8 4 0 0 1 
1 1 0 0 1 0 1 6 7 2 0 0 
1 0 0 0 0 0 1 2 2 0 0 0 
0 1 0 0 1 0 3 2 3 2 1 1 
0 0 0 0 0 1 0 6 5 1 0 0 
1 0 1 1 1 0 0 0 3 2 1 1 
0 0 1 0 0 1 1 2 0 0 1 0 
0 0 0 0 1 1 2 8 4 2 1 0 
0 1 1 0 0 0 2 8 4 2 0 1 
0 0 0 1 0 0 2 2 1 1 0 0 
1 0 1 0 1 0 2 3 2 1 1 0 
0 1 0 1 0 1 1 3 8 0 1 0 
0 0 0 0 0 0 0 3 8 2 0 0 
0 1 1 0 0 1 3 8 9 0 1 0 
2 0 0 0 0 0 3 8 3 0 0 0 
2 0 0 0 0 0 2 2 2 0 0 0 
2 0 1 0 0 0 1 9 8 1 0 0 
0 0 0 0 0 0 0 0 3 1 0 0 
1 0 0 0 0 1 3 0 1 1 0 0 
1 0 1 0 0 0 0 5 4 2 0 1 
0 0 0 1 1 0 3 3 7 2 0 0 
2 1 0 1 0 1 1 0 0 2 0 0 
0 0 0 0 0 1 3 7 4 0 0 0 
1 1 0 0 0 0 3 2 6 2 0 0 
2 0 0 0 1 0 1 4 1 2 0 1 
1 0 0 0 0 0 3 4 2 0 0 0 
1 1 0 0 0 0 2 5 7 1 0 0 
2 1 0 0 1 0 2 1 3 0 1 1 
0 1 1 1 1 1 0 9 3 0 0 0 
2 0 0 0 0 0 2 3 4 0 0 0 
0 0 1 1 0 0 1 7 6 1 0 0 
2 0 1 0 0 0 3 9 3 1 0 0 
1 1 0 1 0 0 1 2 1 0 1 0 
2 0 0 0 0 1 2 2 7 1 0 0 
0 0 0 1 0 0 0 5 2 0 1 0 
0 1 0 1 1 0 3 7 7 1 0 0 
1 0 1 1 0 0 3 3 1 1 1 0 
1 1 0 0 1 1 0 0 6 0 0 1 
1 0 0 0 1 0 1 8 1 2 0 1 
0 1 1 0 0 0 0 8 6 0 0 0 
1 1 0 0 1 1 0 5 1 0 0 0 
0 0 0 0 1 0 3 2 0 0 0 0 
1 0 0 0 0 0 0 7 9 2 0 0 
0 0 1 0 0 0 1 5 0 0 0 0 
1 0 0 1 0 0 1 6 2 1 0 1 
1 0 0 0 0 0 1 5 9 0 0 0 
0 0 0 0 0 0 2 5 7 2 0 0 
0 1 0 0 0 0 3 3 0 2 0 0 
0 0 0 0 1 0 3 1 0 2 0 0 
1 0 1 0 0 1 0 8 1 0 1 1 
2 0 1 0 0 0 0 0 2 2 0 0 
0 0 0 1 0 0 3 8 5 0 0 0 
0 0 0 1 0 0 1 5 7 1 0 0 
1 0 0 0 1 1 0 9 2 1 1 0 
1 1 1 1 1 1 2 9 5 1 0 1 
0 0 0 0 0 0 3 0 0 1 0 0 
0 1 0 1 1 0 2 6 3 1 1 1 
0 1 0 1 0 0 0 2 5 1 0 1 
2 0 0 0 0 0 3 5 0 1 0 0 
0 0 1 0 0 0 1 1 5 2 0 0 
0 0 0 0 1 0 1 4 9 0 0 1 
1 0 0 0 0 0 2 8 4 0 0 0 
2 0 1 1 1 1 1 2 4 1 0 0 
0 0 0 0 0 0 3 8 4 2 0 0 
0 0 0 0 0 0 0 6 3 2 0 0 
0 1 1 1 0 1 0 7 2 2 1 0 
0 0 1 0 0 0 2 7 4 0 0 0 
2 1 1 0 1 0 0 1 9 2 0 1 
0 1 0 0 1 0 1 7 6 0 1 1 
0 0 0 0 0 0 0 2 4 0 0 0 
2 1 0 0 1 1 3 8 1 0 0 1 
1 0 1 1 0 1 1 0 5 0 0 0 
0 0 0 1 0 0 2 9 3 2 0 1 
2 0 0 0 0 0 1 6 7 1 1 1 
0 0 0 0 0 0 2 5 4 1 1 0 
0 0 0 1 0 0 1 6 9 1 0 1 
0 0 0 0 0 0 0 1 4 2 0 0 
1 0 0 0 0 0 2 8 7 1 0 0 
1 0 0 0 1 0 2 6 1 2 1 0 
0 0 0 0 0 0 0 6 1 0 1 1 
0 1 0 0 0 0 0 0 6 0 1 0 
0 1 0 1 0 1 2 4 5 0 0 0 
2 1 0 1 0 1 2 8 5 2 1 1 
2 1 0 0 1 0 0 3 3 2 0 0 
0 0 1 1 0 1 3 9 8 2 0 0 
0 1 1 1 1 0 1 8 1 0 1 1 
0 0 0 0 0 0 2 8 9 2 0 0 
1 0 0 0 1 0 0 0 7 0 0 0 
0 1 0 1 1 1 0 6 2 0 0 0 
2 0 0 0 1 1 1 7 0 2 1 1 
0 0 0 0 0 0 3 4 8 1 0 0 
2 0 0 0 0 0 0 7 3 1 0 0 
0 0 0 0 0 0 1 2 8 2 0 0 
0 0 0 1 0 1 2 6 2 1 0 0 
0 0 1 1 0 0 3 2 5 2 0 0 
2 0 1 0 1 1 2 8 2 1 1 0 
0 0 0 0 0 1 0 5 6 1 0 0 
2 1 0 0 0 0 0 2 4 0 0 0 
2 1 0 1 1 0 2 5 1 2 1 0 
1 0 1 0 0 0 3 5 3 0 0 0 
1 0 0 0 0 0 2 9 8 2 0 1 
0 0 1 1 1 1 2 2 3 1 1 1 
2 0 0 1 1 1 2 9 9 0 0 0 
0 0 0 0 0 0 0 0 0 0 0 0 
2 0 0 0 0 0 2 1 0 0 0 0 
0 0 0 1 1 0 0 1 7 1 1 0 
0 0 0 0 0 0 0 7 5 2 0 0 
1 1 1 0 0 1 0 1 7 1 1 1 
1 1 0 1 1 0 0 0 4 1 1 0 
1 0 0 0 0 0 0 8 8 1 0 0 
0 1 0 1 0 1 3 5 2 2 0 1 
0 0 0 0 0 0 0 3 5 1 0 0 
0 0 0 0 0 0 2 2 2 1 0 0 
2 0 0 0 0 1 2 3 8 2 1 1 
2 0 0 1 0 1 3 1 0 0 1 1 
0 0 0 0 0 0 2 9 0 2 0 0 
2 1 0 1 0 0 0 5 9 0 0 1 
0 0 0 0 0 0 3 7 2 2 0 0 
0 0 1 0 0 0 3 3 4 2 1 0 
2 0 0 0 0 0 3 1 4 0 0 0 
1 0 1 1 0 1 1 4 0 2 0 1 
2 1 1 0 1 0 1 3 0 2 0 0 
0 1 0 0 0 1 0 8 0 0 0 0 
2 0 0 1 1 0 2 7 3 2 1 1 
1 0 0 0 0 0 3 1 6 1 0 0 
1 0 0 0 0 0 2 0 1 0 0 1 
0 0 0 0 0 1 0 6 8 1 0 0 
2 1 1 1 1 1 3 2 1 1 0 0 
0 0 0 0 0 0 2 1 3 2 0 0 
2 0 1 1 0 1 2 7 1 0 1 1 
2 0 0 0 0 0 2 0 8 1 0 0 
0 0 0 1 0 0 0 3 8 1 1 1 
2 0 0 0 0 0 2 9 5 2 1 0 
1 0 0 1 0 0 1 9 9 0 0 0 
0 1 0 1 0 1 3 7 6 2 1 0 
2 1 0 1 1 0 0 5 6 2 0 0 
1 0 1 0 0 0 3 7 7 0 0 0 
1 1 0 1 1 0 3 7 0 1 0 0 
0 0 1 0 0 1 0 1 9 0 0 0 
0 1 1 1 1 0 1 2 9 0 1 0 
0 1 0 0 1 0 1 9 9 1 0 0 
1 1 1 0 0 0 2 4 0 1 1 1 
1 0 0 0 1 1 2 4 3 0 0 1 
0 1 0 1 0 0 3 1 8 0 0 1 
0 0 0 0 0 0 1 7 8 1 0 0 
2 0 0 1 0 0 0 1 2 1 0 0 
1 0 0 0 0 1 2 5 2 0 0 0 
1 0 0 0 0 0 0 0 1 0 0 0 
1 0 1 1 0 0 1 2 8 1 0 1 
2 1 0 0 0 0 0 7 6 0 0 0 
1 1 0 1 0 1 2 5 6 2 1 0 
1 0 0 1 0 0 1 3 1 0 0 0 
0 0 0 0 0 0 3 4 0 2 0 0 
1 1 1 0 0 1 1 0 1 2 0 0 
0 0 0 0 0 1 1 2 1 2 0 1 
0 1 1 1 1 0 3 1 4 2 0 1 
2 0 0 1 1 0 2 0 7 0 1 1 
1 0 1 0 0 0 2 6 3 0 0 0 
1 1 1 0 0 1 1 2 3 0 0 0 
2 1 0 0 1 1 1 6 9 0 1 1 
2 0 1 0 0 0 2 7 9 0 1 0 
2 1 1 0 1 0 3 9 8 1 1 1 
0 1 1 1 1 0 3 2 4 0 1 0 
2 0 1 0 0 0 3 5 5 2 1 0 
1 0 0 1 0 1 1 4 2 1 0 0 
2 0 1 0 1 0 0 5 0 2 0 1 
2 0 1 0 0 0 0 7 3 0 0 0 
0 1 0 0 1 0 2 6 7 1 0 0 
0 0 0 1 0 0 1 3 4 0 0 0 
2 0 1 0 1 1 1 2 8 1 1 0 
1 0 0 0 0 0 0 1 3 0 0 0 
2 0 0 0 0 0 1 0 3 0 1 0 
0 0 0 0 0 1 3 9 4 0 0 0 
0 0 0 0 0 0 2 1 1 0 1 0 
1 0 1 0 0 0 3 0 2 2 0 0 
1 0 1 0 1 0 2 9 6 2 0 0 
1 0 0 0 1 1 1 9 1 0 0 1 
2 1 1 0 1 1 2 3 6 0 0 1 
2 1 1 1 0 1 0 3 1 0 0 1 
0 0 0 1 0 0 1 4 2 0 1 1 
2 1 1 1 0 0 2 0 6 2 0 0 
1 0 1 1 0 1 2 8 6 0 1 0 
0 1 1 0 1 0 1 0 2 0 0 1 
2 1 0 0 0 0 0 8 7 1 1 0 
2 0 0 0 1 0 2 6 1 0 0 1 
1 1 0 1 0 0 0 5 0 1 0 0 
0 1 1 0 0 0 0 5 7 1 1 1 
1 1 1 1 1 0 3 6 8 1 1 1 
1 0 0 0 0 0 3 3 7 0 0 0 
0 0 0 1 0 0 0 3 9 0 0 1 
2 1 0 1 0 0 1 5 0 0 1 1 
2 1 1 1 0 0 0 6 5 1 1 1 
2 0 0 0 0 0 2 9 6 1 0 0 
1 1 1 1 1 1 0 9 9 2 1 0 
0 0 0 1 0 0 1 4 4 2 0 0 
0 0 0 0 0 0 2 6 9 2 1 0 
1 1 1 1 1 0 3 0 1 0 0 0 
1 1 0 0 0 1 2 6 6 1 0 1 
2 0 0 0 0 0 3 6 8 2 0 0 
0 1 0 0 0 0 1 5 3 0 0 0 
0 0 0 0 0 0 3 9 7 1 0 1 
0 0 0 0 0 0 2 3 7 2 0 0 
0 0 0 0 0 0 0 9 5 2 0 0 
1 0 1 1 1 1 0 9 8 1 0 1 
0 0 0 0 0 0 1 8 7 0 0 0 
0 0 1 0 1 0 0 5 4 0 0 0 
0 1 0 0 0 0 0 5 9 0 1 0 
1 1 1 1 0 0 2 2 2 2 0 1 
1 0 1 0 1 0 1 4 4 1 1 1 
2 0 0 0 0 1 0 3 0 0 0 0 
2 0 0 0 0 0 3 2 4 2 1 0 
1 1 0 0 1 1 1 5 0 2 0 0 
0 0 1 0 0 1 2 9 8 0 1 0 
2 1 1 0 0 0 0 8 5 2 0 0 
1 1 0 1 0 0 1 8 7 2 1 1 
1 0 0 1 0 1 1 2 9 1 0 1 
0 0 1 0 0 1 3 9 2 1 0 0 
1 1 1 0 0 0 1 0 3 1 0 0 
0 1 1 0 1 0 2 6 5 2 1 0 
2 1 1 0 0 0 1 7 9 2 0 1 
2 1 0 0 1 0 0 5 3 2 1 1 
0 0 0 0 0 0 3 8 5 1 0 0 
0 0 1 0 0 0 1 3 9 2 0 0 
2 0 0 0 0 0 0 8 8 2 0 0 
1 0 0 1 0 0 0 3 6 0 0 1 
0 0 0 0 0 0 2 8 0 0 0 0 
2 0 0 0 0 0 0 4 2 0 0 0 
2 0 1 0 0 1 2 4 7 0 0 0 
0 0 0 0 0 0 0 4 8 0 0 0 
2 1 1 0 1 0 0 8 2 0 0 0 
0 0 0 1 1 0 2 5 7 0 1 1 
2 1 1 1 0 1 3 2 2 1 0 0 
0 0 0 1 1 1 2 0 1 0 0 0 
1 0 1 0 1 0 3 6 4 0 1 1 
1 0 0 0 0 0 1 0 6 0 0 0 
2 0 0 0 0 0 3 3 1 0 0 0 
1 0 0 1 1 0 3 5 9 0 1 0 
0 1 1 0 1 1 2 7 8 1 1 1 
1 1 0 1 1 0 0 0 0 2 0 1 
0 0 0 0 0 0 1 7 0 1 0 0 
0 1 1 1 1 0 3 5 8 2 0 1 
2 1 1 1 0 0 2 7 0 0 0 0 
2 0 0 0 1 1 0 9 3 1 1 1 
0 0 0 0 0 0 0 8 9 0 0 0 
2 1 1 1 0 1 3 4 3 0 1 0 
2 0 0 0 0 0 1 8 3 1 0 1 
2 0 0 0 1 1 2 4 2 2 1 1 
0 0 1 1 0 1 1 0 6 2 1 1 
0 0 1 1 0 0 1 5 9 1 1 1 
2 1 0 1 0 1 0 9 5 1 0 0 
0 0 1 0 0 0 3 0 3 0 0 0 
2 1 1 0 0 0 1 9 9 2 1 0 
2 0 0 0 0 0 1 1 4 2 0 0 
2 0 0 0 0 0 2 5 2 2 0 0 
0 0 0 0 0 0 0 0 8 0 0 1 
2 0 0 0 0 0 0 2 2 0 0 0 
0 1 0 0 1 1 0 4 0 2 1 0 
1 1 0 1 1 0 1 8 3 1 0 0 
2 0 0 0 0 0 0 4 5 1 0 0 
2 0 0 1 1 0 2 2 9 2 1 1 
2 0 0 0 0 0 2 6 2 0 0 0 
2 0 1 0 1 0 2 6 9 1 0 1 
1 1 0 1 1 0 3 4 4 2 0 0 
0 0 0 0 0 0 1 0 1 1 0 0 
1 0 0 0 0 0 2 4 4 0 0 0 
1 0 0 0 0 0 1 1 8 0 0 0 
2 0 0 0 0 0 2 9 7 0 0 0 
1 0 0 1 1 1 2 2 8 2 1 0 
1 0 0 0 0 0 1 0 8 2 0 0 
2 0 0 1 0 0 0 2 7 2 0 0 
0 1 1 0 1 0 1 2 5 1 0 0 
2 0 0 0 0 0 1 7 1 1 0 0 
0 0 0 0 0 0 0 4 4 1 0 1 
2 0 0 0 0 0 2 4 0 2 0 0 
2 0 1 0 1 0 0 4 0 0 0 1 
0 1 0 0 0 0 2 4 4 2 0 1 
1 0 0 0 0 0 1 5 3 2 0 0 
1 0 0 0 0 0 0 6 1 1 0 0 
1 0 0 0 1 0 0 7 1 2 0 1 
1 1 0 1 0 1 0 8 9 2 1 1 
2 1 0 1 0 1 1 0 4 1 0 1 
0 0 0 1 1 0 1 5 8 2 1 0 
0 1 1 0 0 0 1 0 5 2 0 1 
1 0 0 0 0 1 3 1 9 2 1 0 
1 0 0 1 0 1 2 8 8 0 1 1 
1 0 0 0 0 0 2 4 6 2 0 0 
0 0 0 1 0 0 0 1 2 0 1 0 
0 1 1 1 0 0 2 1 1 1 0 1 
2 0 0 0 0 1 3 3 6 2 0 0 
0 0 0 0 0 0 2 8 3 1 0 0 
1 0 1 1 0 0 0 0 6 1 1 0 
1 1 0 0 1 1 2 6 2 0 1 1 
2 0 0 0 0 0 1 3 8 1 0 0 
0 0 0 0 0 0 0 0 7 1 0 0 
1 1 1 0 0 0 2 4 9 0 0 0 
1 0 0 0 0 0 0 8 4 2 0 0 
0 0 1 1 1 0 3 0 7 2 0 0 
1 1 0 1 1 1 2 2 0 1 1 0 
0 0 1 0 1 1 3 4 2 1 0 1 
1 0 0 1 0 1 0 3 3 0 0 1 
0 1 1 1 0 1 3 8 7 2 0 0 
0 0 0 0 0 1 3 7 0 0 0 1 
1 0 0 0 0 0 3 6 9 1 0 0 
2 1 0 1 0 0 2 4 1 2 0 0 
1 0 1 0 0 0 2 7 5 0 1 0 
0 0 0 0 1 0 0 2 7 0 0 0 
1 0 1 1 1 1 1 5 5 1 1 0 
1 1 0 1 1 0 3 5 3 1 1 0 
1 0 0 0 1 1 3 7 2 1 0 1 
1 0 0 0 0 1 0 5 3 1 0 0 
2 0 0 0 0 0 1 8 4 0 0 0 
2 0 0 0 1 1 0 2 5 0 1 0 
1 0 0 0 0 0 0 7 2 2 0 0 
0 0 0 0 0 0 3 3 2 1 0 0 
0 0 1 1 0 0 3 5 1 0 1 1 
0 1 0 1 0 0 3 0 6 0 0 0 
0 0 1 1 1 0 0 3 0 0 1 0 
0 0 0 1 1 0 1 5 6 0 0 0 
2 1 0 1 1 1 3 5 4 1 1 1 
2 0 1 0 0 0 1 4 6 0 0 0 
1 0 0 0 0 0 2 4 7 1 0 1 
0 1 0 0 1 0 0 2 2 0 0 0 
1 1 1 1 0 1 3 9 6 2 0 1 
0 1 0 0 1 1 2 6 0 1 0 0 
0 0 1 0 0 1 1 1 2 1 1 0 
1 0 0 0 1 0 3 2 1 0 0 1 
1 1 0 0 1 1 2 0 5 0 1 1 
0 0 0 0 0 0 2 5 0 2 1 0 
2 0 1 0 0 0 0 4 1 0 1 0 
2 0 1 1 0 0 1 2 5 0 1 1 
2 1 0 0 1 1 2 9 3 2 1 0 
0 1 0 1 0 0 2 5 9 2 0 1 
2 1 0 0 0 1 1 2 2 0 0 1 
1 1 0 0 0 0 0 5 5 1 0 0 
0 0 1 0 0 0 3 9 5 1 1 0 
2 0 0 0 0 0 3 8 7 0 0 0 
0 1 0 0 1 0 0 9 6 2 0 0 
1 1 1 1 1 0 0 9 1 2 1 0 
0 0 0 0 0 0 1 4 5 1 0 0 
0 0 0 0 1 0 1 9 3 1 0 0 
0 1 1 0 0 0 0 7 3 1 1 1 
0 0 0 0 0 0 2 0 6 1 0 0 
2 0 0 1 1 1 3 1 6 0 0 1 
1 0 0 0 0 0 3 1 0 0 0 0 
2 0 0 0 1 0 2 5 8 2 0 0 
2 0 1 0 0 0 0 3 5 2 0 0 
2 1 1 1 1 1 1 4 9 1 0 0 
2 1 0 1 0 1 2 6 9 1 0 0 
2 1 1 1 1 0 1 9 5 0 1 1 
0 0 0 0 0 1 0 7 3 0 1 0 
1 0 1 0 0 0 1 9 4 0 0 1 
1 1 0 0 0 1 0 4 2 2 0 0 
2 0 0 0 0 0 3 5 3 2 0 0 
1 0 0 1 0 0 0 4 0 1 0 0 
0 0 0 0 0 0 1 5 0 1 0 0 
1 0 1 1 0 1 2 1 3 1 0 0 
0 1 1 0 1 0 1 6 8 2 0 0 
0 1 0 1 0 1 2 3 2 1 0 1 
1 0 1 1 1 1 3 9 4 1 0 1 
1 0 1 1 0 1 3 7 4 2 1 1 
0 0 1 1 0 1 0 6 3 0 1 0 
1 0 0 0 0 0 0 4 1 1 0 1 
2 0 0 0 0 0 2 0 3 2 0 0 
0 1 0 1 1 0 1 1 6 2 1 1 
0 1 0 0 0 1 3 5 5 0 0 0 
2 0 0 0 0 0 0 7 1 0 0 0 
0 1 0 1 1 1 0 6 4 1 0 1 
0 0 0 0 0 0 2 5 4 2 0 0 
1 0 0 0 0 0 1 7 9 0 0 0 
0 1 1 1 1 1 0 1 5 0 0 1 
2 1 1 0 0 1 2 6 4 2 1 0 
2 0 0 0 0 0 0 4 8 2 0 0 
0 0 0 0 0 1 3 4 4 1 0 0 
2 1 0 1 1 0 0 3 7 1 0 1 
2 0 0 0 0 0 3 6 5 2 0 0 
0 0 0 0 1 0 3 6 6 2 0 1 
1 1 0 0 0 1 1 6 5 0 1 0 
0 0 0 0 0 0 2 3 9 0 1 0 
1 0 1 0 0 0 3 8 3 2 0 0 
0 0 0 0 1 0 0 3 1 1 0 0 
0 1 0 0 0 1 0 7 5 0 0 0 
0 0 1 1 1 1 2 8 0 1 1 0 
0 0 1 0 1 1 2 5 9 2 1 0 
0 0 0 0 0 0 1 7 1 0 0 0 
2 0 0 1 1 0 2 1 4 1 1 1 
0 1 0 0 1 1 3 3 4 0 0 1 
0 0 1 0 0 1 0 5 9 0 0 0 
0 0 0 0 1 0 3 8 7 1 1 1 
1 0 0 1 1 1 2 7 0 1 1 0 
0 0 1 1 0 0 2 8 2 0 1 1 
0 0 0 0 0 1 0 0 8 0 0 1 
1 0 0 0 0 0 0 7 4 0 0 0 
2 0 0 0 0 0 0 0 4 2 0 0 
0 0 1 0 0 1 2 5 8 0 1 0 
2 0 0 0 0 0 1 5 2 0 0 0 
1 0 0 0 0 0 3 5 6 2 0 1 
0 0 1 0 0 0 0 1 7 2 0 0 
1 0 0 0 0 0 3 9 8 0 0 0 
2 1 0 0 0 0 2 2 5 2 1 1 
0 0 0 0 0 0 3 3 5 2 0 0 
1 1 0 1 0 0 2 3 0 0 0 0 
0 1 0 1 0 0 3 0 4 2 1 1 
0 1 1 0 1 0 0 9 5 2 1 1 
2 0 0 1 1 0 1 9 7 1 1 0 
2 0 0 0 0 0 1 1 9 0 1 0 
0 0 1 0 1 1 1 1 8 1 0 1 
1 1 1 0 0 0 0 7 0 1 1 1 
1 1 0 0 0 0 0 3 0 2 0 1 
0 0 0 0 0 0 0 7 6 1 0 0 
1 1 0 1 0 0 3 6 7 0 0 1 
2 1 0 0 0 0 3 7 3 0 1 1 
2 0 0 1 0 0 1 9 0 2 0 0 
2 1 0 0 0 1 2 1 4 1 0 0 
0 1 0 1 1 0 0 1 1 2 1 0 
2 0 0 1 0 0 2 3 6 0 1 0 
1 0 1 1 1 0 2 8 9 0 1 0 
0 0 1 1 1 1 2 0 3 1 0 0 
2 1 0 1 0 1 0 7 4 2 1 1 
0 0 1 0 0 0 2 1 4 0 0 0 
0 0 0 0 0 0 1 3 7 1 0 0 
0 1 0 0 0 1 2 3 0 0 1 1 
2 1 0 0 0 1 3 0 7 1 0 1 
0 0 1 0 0 0 1 8 8 1 1 0 
1 1 0 1 0 1 2 9 7 1 1 1 
0 0 0 0 0 0 1 4 8 2 0 0 
0 0 0 0 0 1 2 9 6 0 0 0 
0 0 0 0 0 1 2 1 8 1 1 0 
1 1 0 0 0 0 0 9 6 0 1 0 
2 1 1 1 0 0 0 5 8 0 0 1 
2 0 0 0 0 0 3 1 7 1 1 0 
2 1 0 1 0 0 0 8 4 0 1 1 
0 0 1 1 1 0 3 0 8 1 0 1 
2 1 0 0 1 1 3 6 0 0 1 0 
1 0 0 1 1 0 2 4 9 1 1 1 
1 0 0 1 1 1 0 6 1 0 0 0 
1 0 0 0 0 0 2 3 8 0 0 0 
1 0 1 1 0 0 0 5 6 0 1 1 
2 0 0 0 0 1 2 5 0 0 0 0 
1 1 0 1 1 0 0 0 5 1 0 1 
2 0 0 1 0 0 2 8 4 1 0 0 
2 0 1 0 0 0 2 2 0 0 0 0 
0 1 0 0 0 0 3 7 6 1 0 0 
0 0 0 0 0 0 2 9 0 1 1 0 
2 0 1 1 0 1 3 4 4 2 1 1 
0 1 1 1 0 0 0 8 0 1 0 1 
2 0 1 1 0 1 3 6 6 0 0 0 
1 0 1 1 1 1 1 1 5 0 1 1 
1 0 0 0 0 0 2 1 6 2 0 0 
0 0 0 0 0 0 1 7 5 1 0 0 
1 0 0 0 0 0 1 2 4 0 0 0 
1 0 1 1 1 0 0 4 2 1 1 0 
2 1 0 0 0 0 0 6 9 2 0 0 
0 1 0 0 1 0 0 2 8 0 0 0 
1 0 0 0 1 1 2 4 0 0 0 0 
0 0 0 0 0 0 2 6 8 2 0 0 
1 0 0 0 0 0 0 0 9 0 0 0 
1 0 0 0 1 1 2 6 4 0 0 0 
2 1 1 0 0 0 3 7 5 0 0 1 
1 1 1 1 0 0 2 9 3 1 0 1 
2 0 0 0 1 1 2 8 3 2 1 1 
1 0 1 0 0 1 3 0 9 2 1 1 
1 0 0 0 0 0 3 2 0 1 0 0 
0 0 0 0 0 0 3 5 9 1 0 1 
2 0 0 0 0 0 2 0 1 2 0 0 
1 0 0 0 0 0 3 4 1 0 0 0 
2 0 0 0 0 1 0 3 2 1 0 0 
0 0 1 1 1 1 1 6 7 0 0 1 
2 0 0 0 1 0 3 0 0 0 0 0 
2 0 0 0 0 0 2 8 2 2 0 0 
0 0 0 0 0 0 0 9 4 0 0 0 
1 1 0 0 1 0 0 2 4 1 0 1 
0 0 1 0 0 1 0 2 8 0 1 1 
2 0 0 0 0 0 0 3 8 0 0 0 
2 0 0 0 0 0 3 1 3 0 0 0 
1 1 0 0 0 0 3 6 0 2 0 1 
0 0 1 0 1 0 3 5 2 0 1 0 
1 0 1 0 0 0 0 8 7 0 0 1 
0 0 0 0 0 0 2 3 2 2 0 0 
0 1 0 0 0 0 0 4 2 0 0 1 
0 0 1 0 0 0 2 5 3 2 1 0 
0 1 1 0 1 0 1 4 2 2 0 0 
2 1 0 0 0 0 0 6 7 0 0 0 
2 0 0 0 0 0 3 9 4 0 0 0 
1 1 0 0 0 0 1 4 1 0 0 0 
0 1 1 0 0 0 1 5 5 2 1 1 
2 0 1 0 0 0 0 0 3 0 0 0 
0 0 0 0 0 1 0 0 6 1 0 0 
2 0 0 0 1 0 3 4 7 1 1 0 
0 0 0 0 0 0 3 3 6 0 0 0 
0 0 0 0 0 0 0 0 1 0 0 0 
0 0 0 1 0 0 3 0 5 0 0 0 
1 0 1 0 0 1 2 4 2 0 0 1 
0 0 0 0 1 0 2 1 9 1 0 1 
0 1 0 0 1 0 0 3 9 1 1 1 
1 0 1 1 1 1 1 8 7 1 0 0 
1 0 0 1 1 0 2 0 6 0 0 0 
1 1 0 0 0 0 2 3 1 0 1 0 
0 1 0 1 0 0 0 4 9 2 0 0 
1 0 0 0 0 0 3 5 2 1 0 0 
0 0 0 0 0 0 2 0 9 0 0 0 
0 1 0 0 0 0 3 6 5 0 0 1 
0 0 0 0 0 1 1 7 8 0 0 1 
1 0 0 0 0 0 2 0 2 0 0 0 
2 0 0 0 1 0 0 3 9 2 0 0 
2 1 0 0 0 1 2 8 9 1 0 0 
0 1 1 0 1 0 1 0 6 1 0 1 
1 1 0 0 0 1 1 4 9 2 1 0 
2 0 0 1 0 1 0 4 6 0 1 0 
2 0 1 1 0 1 1 8 1 1 1 0 
0 0 0 0 0 0 1 7 4 2 0 0 
0 0 0 0 0 0 3 9 3 0 1 0 
1 0 1 0 1 0 0 7 6 2 1 1 
0 0 1 1 1 0 3 5 6 1 1 0 
2 0 0 1 0 1 3 3 3 0 0 0 
2 0 0 0 0 0 3 7 2 2 0 0 
0 0 0 0 0 0 1 2 9 2 0 0 
0 1 0 0 1 0 1 8 9 2 0 0 
2 0 0 0 0 0 1 1 6 0 0 0 
2 1 1 0 0 0 2 3 5 1 1 0 
0 0 0 0 0 0 3 8 3 2 0 0 
0 0 1 0 0 0 0 0 2 0 1 0 
2 1 0 0 0 1 2 3 3 1 1 0 
0 1 0 0 0 0 2 1 7 1 0 0 
2 1 0 0 0 0 2 1 7 2 1 1 
2 0 1 0 0 1 3 0 4 0 0 0 
0 1 0 1 1 1 3 8 3 1 0 1 
1 0 1 0 0 0 2 9 4 2 0 0 
1 1 1 1 0 0 3 7 2 0 1 0 
1 0 0 0 0 1 3 0 1 2 1 1 
2 0 0 1 0 1 1 7 5 2 0 0 
1 0 1 0 0 0 0 6 2 1 1 0 
2 0 0 1 0 1 3 0 3 2 0 0 
2 1 0 1 0 0 0 2 3 1 1 0 
0 0 0 0 0 0 0 0 5 0 0 0 
0 0 0 0 0 0 2 4 6 0 0 1 
1 0 1 1 0 1 3 2 3 2 0 0 
2 0 1 0 1 1 0 1 2 0 1 0 
0 1 0 0 1 0 3 9 4 2 1 1 
1 0 0 0 0 0 0 8 2 1 0 0 
2 0 1 0 0 1 2 4 5 1 1 0 
0 1 0 0 0 0 3 9 6 1 1 0 
1 0 0 0 0 0 3 0 4 0 0 0 
0 0 1 1 0 0 2 6 6 2 1 0 
2 0 1 1 1 1 2 5 7 1 0 0 
0 0 0 0 1 0 1 7 5 0 0 0 
1 0 1 0 1 1 0 2 9 2 1 0 
1 0 1 1 0 0 1 1 7 1 0 0 
2 1 1 0 0 0 3 1 0 1 0 0 
0 0 0 0 0 0 3 2 7 1 0 0 
1 0 0 0 1 0 3 3 5 0 1 0 
0 1 0 1 0 0 2 2 7 0 1 1 
2 0 1 0 0 0 0 9 6 0 1 1 
0 0 0 0 0 1 0 5 8 2 0 0 
2 0 1 0 0 0 2 9 2 1 0 1 
2 0 0 0 0 1 1 2 6 1 1 0 
2 0 0 0 0 0 3 6 9 0 0 0 
1 0 0 0 0 0 3 6 1 0 0 0 
0 1 1 1 1 0 2 3 4 1 1 0 
1 1 1 0 1 0 3 3 3 0 1 1 
0 0 1 0 0 1 0 9 0 0 0 0 
2 0 0 0 1 0 1 3 5 0 0 0 
2 0 0 0 0 0 0 1 8 0 0 0 
1 0 0 1 0 0 1 9 8 0 0 0 
1 0 0 1 1 0 0 6 6 0 0 1 
0 0 1 1 1 1 3 6 9 2 1 1 
1 1 0 0 0 0 1 2 8 0 0 0 
0 1 0 1 1 0 1 4 3 1 1 1 
0 0 1 0 0 0 0 1 0 0 0 0 
1 0 0 0 0 0 2 2 1 2 0 0 
2 0 1 0 0 0 1 6 5 1 0 0 
0 0 1 0 0 1 3 9 1 1 1 0 
0 1 1 0 0 0 2 4 3 0 0 0 
2 0 1 1 0 1 3 0 9 0 0 1 
0 0 1 0 1 0 0 5 5 2 0 1 
1 0 0 1 0 0 2 7 9 1 0 1 
1 0 0 0 1 0 3 1 3 2 0 0 
2 0 0 0 0 0 3 0 1 0 0 0 
2 0 0 0 0 1 1 9 2 0 0 0 
1 0 1 1 1 1 2 1 7 0 0 1 
1 0 0 0 0 0 0 1 2 2 1 0 
1 0 0 1 0 0 1 8 6 0 0 1 
0 0 1 1 0 0 3 1 6 2 0 0 
0 0 1 1 0 0 0 9 2 0 0 1 
2 1 1 0 0 1 1 5 6 1 0 1 
2 0 0 0 0 1 0 9 7 0 0 0 
2 0 0 1 0 0 2 6 5 0 1 0 
1 0 0 1 1 0 2 7 8 1 0 0 
2 0 0 0 0 1 1 5 8 1 0 1 
0 1 0 1 0 0 0 8 6 2 1 0 
2 0 0 0 1 0 0 6 4 2 0 1 
1 0 0 1 0 0 1 6 4 2 0 0 
1 1 0 0 0 1 2 2 1 0 0 0 
0 1 1 0 0 1 1 6 2 2 1 0 
1 1 0 1 1 1 3 9 3 0 0 1 
1 0 0 1 1 1 0 1 1 1 1 1 
0 0 1 1 0 1 2 1 2 2 0 1 
0 0 0 1 1 0 0 7 0 0 1 0 
2 0 0 0 0 0 0 3 1 0 1 0 
1 1 0 0 1 1 2 3 1 1 0 1 
1 0 1 1 1 0 3 1 2 2 0 0 
2 0 0 0 1 0 3 3 2 0 0 1 
0 0 0 0 0 0 0 3 7 0 0 0 
0 0 0 1 1 0 1 0 9 2 0 0 
1 0 0 0 0 0 1 6 1 0 0 0 
2 0 0 0 0 0 0 0 9 1 0 1 
0 1 0 0 1 1 2 9 1 2 0 0 
2 0 0 0 0 0 0 2 1 2 0 0 
2 0 0 1 0 1 1 9 3 0 1 1 
0 1 1 0 0 0 2 9 9 0 1 1 
2 0 0 0 0 0 3 4 5 0 0 0 
2 0 0 0 0 0 3 9 0 0 0 0 
1 1 1 1 1 1 1 9 2 1 0 1 
2 0 0 0 1 1 3 7 7 2 1 1 
2 0 0 0 0 0 0 7 9 0 0 0 
2 1 1 1 0 0 1 4 5 2 0 0 
2 1 1 0 1 1 1 6 6 2 1 1 
0 0 0 0 0 0 0 4 4 2 0 0 
0 1 1 0 0 1 0 9 7 0 1 1 
1 0 1 0 1 0 1 3 7 2 0 1 
2 0 0 0 0 0 1 3 6 0 0 0 
0 0 0 0 0 0 2 8 5 2 0 0 
0 1 1 0 0 0 0 3 6 2 1 0 
2 0 0 0 0 0 3 8 9 1 1 0 
2 1 0 1 1 1 3 5 5 1 0 1 
2 0 0 0 0 0 1 6 0 1 0 0 
1 0 1 1 1 1 2 2 5 1 0 1 
0 0 0 0 0 0 2 9 5 0 0 0 
0 1 1 1 1 1 0 4 1 0 0 1 
0 0 0 0 0 0 1 9 4 2 0 0 
2 0 0 1 1 1 3 4 9 2 1 1 
1 0 0 0 0 0 1 7 6 0 0 0 
2 0 0 1 0 0 2 4 4 1 0 0 
0 1 0 0 0 1 3 0 5 1 1 1 
1 0 0 1 0 1 3 3 2 0 1 0 
1 0 0 0 0 0 2 9 1 1 0 1 
0 0 0 0 1 0 0 0 6 2 0 0 
2 0 1 1 0 1 0 0 5 2 1 0 
1 0 1 0 0 0 0 2 5 2 0 0 
0 0 0 0 1 0 0 9 7 0 0 1 
1 0 0 0 0 0 0 2 6 0 0 0 
1 1 0 1 0 0 3 8 1 2 1 0 
2 1 1 0 0 1 3 6 3 2 1 1 
0 0 1 1 0 0 2 1 5 1 1 1 
2 0 1 0 0 0 1 3 3 0 0 1 
2 0 0 1 1 0 2 6 4 0 0 1 
1 0 0 0 0 0 0 3 8 0 1 0 
2 0 1 0 0 0 3 2 9 1 1 1 
2 1 0 1 0 0 3 4 2 1 1 0 
0 1 1 1 0 1 1 3 6 1 0 1 
0 1 0 1 0 1 3 1 1 2 0 1 
2 1 0 0 1 1 3 6 2 1 0 0 
2 1 1 1 0 1 3 3 2 2 0 0 
1 0 1 0 0 1 0 5 2 2 1 1 
2 0 0 1 0 1 1 3 4 2 0 0 
2 0 0 0 0 0 0 5 5 0 0 0 
2 1 1 0 0 1 3 8 5 0 1 0 
1 1 1 0 0 1 2 7 6 2 0 0 
0 0 0 0 0 0 0 2 0 2 0 0 
2 1 0 1 0 0 2 9 6 2 1 1 
1 1 0 1 0 0 2 4 3 2 1 0 
2 1 0 0 0 0 2 8 0 1 0 1 
1 0 0 0 0 0 0 2 8 2 0 0 
1 0 0 0 0 0 3 0 3 2 0 0 
0 0 0 1 0 1 1 9 1 2 0 0 
1 0 1 1 0 1 3 7 9 2 0 0 
0 0 1 0 0 0 2 7 0 2 0 0 
2 0 1 1 1 0 1 0 1 0 1 1 
2 1 1 1 1 1 0 8 8 2 1 1 
0 1 1 0 0 0 3 4 7 2 0 0 
0 0 1 0 0 0 2 9 5 1 0 0 
0 1 1 0 0 1 2 9 2 2 1 0 
1 1 0 0 1 1 1 7 4 1 1 1 
2 0 1 0 1 0 1 2 2 2 1 0 
0 0 0 0 0 0 1 7 9 0 0 0 
2 0 1 0 1 1 0 0 0 1 1 0 
2 0 0 1 0 0 3 3 4 1 0 1 
1 1 0 0 0 0 3 6 4 1 0 0 
0 0 0 1 0 1 0 5 3 0 0 0 
1 0 1 1 0 1 0 6 9 1 1 0 
0 1 0 1 0 0 3 4 1 1 1 0 
0 1 1 0 0 1 1 6 4 0 0 1 
0 0 0 0 0 0 3 1 9 0 0 1 
1 1 1 1 1 1 0 3 5 2 1 0 
0 1 1 0 1 1 2 4 4 0 1 0 
0 0 0 0 0 0 3 8 8 0 0 1 
1 1 1 0 0 1 3 5 9 2 0 0 
2 0 0 0 0 0 2 7 6 0 0 0 
0 0 0 0 0 0 1 9 5 1 0 0 
1 1 0 0 1 0 1 8 0 0 0 0 
1 0 1 1 0 1 0 2 4 2 1 0 
0 1 1 1 1 1 2 4 7 2 1 1 
0 0 0 1 0 0 0 8 2 2 0 0 
0 0 1 0 1 0 2 5 6 2 0 1 
2 0 0 0 0 0 0 9 1 1 0 0 
2 0 0 0 1 1 1 7 6 2 0 0 
0 0 0 0 0 0 2 2 8 2 0 0 
1 0 0 0 0 0 2 3 5 0 0 0 
0 1 0 1 1 1 3 9 9 1 1 1 
2 0 1 0 0 0 0 7 5 1 0 0 
2 0 0 1 0 0 0 2 6 2 0 0 
1 0 1 0 0 0 2 9 9 1 0 1 
0 0 0 0 0 0 1 1 1 0 0 0 
2 1 1 0 1 1 2 0 0 2 0 1 
1 1 0 1 1 1 0 8 3 2 1 1 
2 1 0 1 0 0 2 7 4 0 0 1 
2 0 0 0 0 0 2 8 8 0 0 0 
1 0 0 0 1 1 1 5 6 1 1 0 
1 0 0 0 0 1 0 1 6 0 1 1 
0 0 0 0 0 0 0 3 4 0 0 0 
2 0 0 1 0 0 2 4 7 2 0 1 
0 0 0 1 0 0 0 0 9 1 0 0 
2 1 1 1 0 1 0 6 0 0 0 1 
0 0 0 1 0 1 0 5 5 2 1 0 
2 0 0 0 1 0 3 4 8 0 0 0 
0 0 1 0 1 0 0 6 9 0 0 0 
0 0 0 0 0 0 3 2 2 2 0 0 
1 0 0 0 0 0 2 7 1 1 0 0 
1 1 0 1 0 1 1 6 0 2 0 0 
0 0 0 0 0 1 1 4 8 1 1 1 
2 0 0 0 0 0 2 3 7 1 0 0 
2 0 0 1 0 1 1 8 8 0 0 0 
0 0 1 1 0 0 0 6 4 0 0 0 
1 0 0 0 0 0 0 6 5 2 0 0 
2 0 0 0 0 0 3 8 6 0 0 0 
2 0 0 0 0 0 1 8 5 0 0 0 
0 0 1 0 0 0 2 0 3 0 1 0 
1 1 1 0 1 1 1 8 4 0 0 1 
2 1 0 0 1 0 3 0 3 1 1 1 
2 0 0 0 0 0 3 0 5 0 0 0 
1 0 0 0 0 0 0 9 4 1 0 0 
1 0 1 1 1 0 1 1 9 1 0 0 
0 0 1 1 0 0 2 3 1 2 0 1 
2 0 0 0 1 1 3 5 8 0 1 0 
1 1 1 0 1 0 0 8 9 1 0 0 
1 0 0 0 1 1 3 2 9 0 0 0 
1 1 0 1 0 0 2 1 6 0 0 0 
2 0 1 0 1 1 0 6 5 0 0 0 
1 0 0 0 0 0 2 0 7 2 0 0 
0 0 1 0 0 0 2 7 2 0 0 1 
2 1 1 0 1 0 1 0 4 0 1 0 
1 0 0 0 0 0 2 5 9 0 0 1 
0 0 0 0 0 1 0 2 2 2 0 1 
0 1 0 1 0 0 3 1 5 2 0 1 
2 1 0 1 1 1 3 2 7 0 1 1 
1 0 1 0 0 0 1 4 3 2 1 1 
1 0 0 0 0 0 1 3 2 0 0 0 
1 0 1 0 0 0 0 9 1 1 0 1 
1 0 0 1 0 1 0 8 5 1 0 0 
0 0 0 1 0 0 0 1 0 1 0 0 
2 0 0 1 0 1 3 8 8 1 0 0 
2 1 0 0 0 0 3 2 8 1 1 0 
0 1 1 0 0 0 2 5 1 1 0 0 
0 0 0 0 0 0 3 4 4 0 0 1 
0 1 1 0 1 0 2 0 1 1 1 0 
2 0 0 0 0 1 0 5 7 0 0 1 
0 0 0 0 0 0 3 6 7 1 0 0 
2 0 0 1 0 1 1 5 4 2 0 0 
0 0 0 0 0 0 1 6 0 0 0 0 
1 0 1 1 1 0 0 5 8 1 1 1 
1 1 0 1 0 1 2 5 3 2 0 1 
0 0 0 0 1 0 0 4 1 0 1 0 
2 0 1 1 1 1 0 7 8 0 0 0 
2 0 0 1 0 0 2 6 0 2 1 0 
1 0 0 0 0 0 0 8 6 1 0 0 
1 0 1 0 1 0 1 6 0 0 1 1 
0 0 1 1 1 1 0 0 4 0 0 1 
0 0 0 0 1 0 0 7 3 0 0 0 
2 0 0 0 0 0 3 3 9 2 1 1 
1 0 0 1 1 0 2 7 2 0 1 0 
0 1 0 0 0 1 3 5 6 0 0 0 
1 0 1 0 1 0 2 5 5 0 0 0 
1 0 1 0 0 0 1 9 6 1 0 0 
0 1 1 0 1 1 3 3 9 0 0 0 
2 1 1 0 0 0 0 3 4 2 0 1 
1 0 0 0 0 0 2 2 6 1 1 1 
0 0 0 0 0 0 3 6 8 0 1 0 
2 1 0 0 0 0 3 2 0 2 0 0 
2 0 0 0 0 1 0 1 3 0 0 1 
0 0 0 0 0 0 2 4 2 1 0 0 
0 0 1 0 0 0 2 6 0 0 0 1 
0 0 1 0 1 0 2 2 4 2 0 0 
0 1 0 1 0 0 0 7 9 0 0 0 
0 0 0 0 0 0 3 8 0 1 0 0 
0 0 0 0 1 0 0 8 5 0 1 1 
1 0 0 0 0 0 0 9 5 0 0 0 
1 0 0 0 0 1 2 0 4 1 0 0 
1 1 0 1 1 1 2 3 9 2 0 0 
1 0 1 0 0 0 3 5 0 0 0 1 
0 0 0 0 0 0 0 9 8 0 0 0 
0 0 0 1 1 0 1 4 7 0 1 0 
0 1 0 0 0 0 0 7 7 1 1 0 
0 0 0 1 0 0 3 1 3 0 1 0 
1 0 0 1 1 1 2 3 7 0 1 0 
1 0 0 0 0 0 2 6 0 0 0 0 
0 0 0 0 0 0 3 1 2 0 0 0 
0 1 0 1 1 0 2 9 8 1 0 0 
1 0 1 0 1 0 3 3 6 0 1 1 
0 0 0 0 0 0 2 8 6 1 0 0 
1 0 0 0 0 0 3 5 5 2 0 1 
2 0 1 0 1 1 0 8 7 2 1 1 
0 0 1 0 0 0 2 4 9 2 0 0 
0 0 0 0 0 0 2 0 8 0 0 0 
1 1 1 0 0 0 2 0 8 2 1 1 
2 1 0 1 0 0 3 8 2 1 0 0 
1 0 0 1 0 1 0 7 5 0 0 1 
0 0 0 0 0 0 3 2 3 0 1 0 
2 0 1 1 0 0 3 2 6 0 1 1 
2 0 0 0 0 0 0 5 1 1 0 0 
0 0 0 0 0 1 2 2 5 0 0 0 
1 0 0 0 0 0 1 7 0 0 0 0 
1 0 0 0 1 1 1 4 8 0 0 1 
2 0 1 0 1 0 0 2 3 2 0 0 
0 0 0 1 1 1 3 5 3 1 0 1 
2 0 0 0 0 0 0 6 3 1 0 0 
2 1 0 1 1 0 3 8 0 2 1 0 
2 0 1 1 1 1 2 2 6 1 0 0 
1 0 0 1 1 1 1 3 0 2 1 0 
0 1 0 0 0 1 2 5 5 1 0 0 
2 0 0 0 1 1 1 6 8 1 0 1 
1 0 1 1 0 0 0 4 5 0 1 1 
0 0 1 1 0 0 0 3 9 1 0 0 
0 0 1 0 1 1 3 8 1 1 0 0 
0 0 0 1 0 0 0 9 8 0 1 0 
1 1 1 0 1 1 0 3 8 1 0 1 
0 0 0 0 0 0 2 5 6 1 0 0 
2 0 0 0 0 0 2 5 6 0 1 1 
0 0 0 0 0 0 2 7 9 2 0 0 
2 0 0 0 0 0 1 4 2 0 0 0 
0 0 0 0 0 0 3 1 1 0 0 0 
2 0 0 1 0 0 2 4 9 0 0 0 
2 0 1 1 1 1 2 0 2 1 0 1 
1 0 0 0 0 0 0 7 8 1 0 1 
2 0 1 0 1 1 1 4 3 1 0 0 
1 0 1 1 0 1 3 4 8 2 0 1 
0 0 0 0 0 0 0 2 5 1 1 0 
1 0 0 0 0 0 3 0 7 0 1 0 
1 0 0 0 0 0 2 7 3 1 0 0 
0 0 0 0 0 0 2 2 0 1 0 1 
1 0 0 0 0 0 3 5 4 2 0 0 
2 0 0 0 0 0 0 1 5 0 0 1 
0 1 0 1 0 0 1 8 5 0 0 0 
0 0 1 0 0 0 0 4 7 2 0 0 
1 0 0 0 0 0 1 4 7 2 0 1 
0 0 0 0 0 0 1 5 2 1 0 0 
1 0 1 1 1 0 0 2 0 0 0 1 
0 0 0 0 0 0 1 0 7 1 0 1 
0 0 1 0 0 1 3 3 7 1 1 1 
0 1 0 1 1 0 0 2 1 2 0 1 
0 1 1 1 0 0 2 8 8 2 0 0 
0 0 1 0 0 0 1 6 3 1 0 0 
0 0 0 0 0 0 2 2 3 2 0 0 
1 0 0 1 0 0 1 8 4 1 1 1 
0 1 0 1 0 0 3 6 9 0 0 0 
0 0 0 0 0 0 1 3 9 1 0 0 
0 0 1 0 1 1 3 8 2 0 0 1 
0 0 0 0 0 0 1 0 4 0 0 0 
2 1 1 1 0 0 3 5 7 0 0 0 
2 0 0 0 0 0 0 7 2 0 0 0 
0 0 0 0 0 0 3 1 4 1 0 0 
0 0 0 0 0 1 3 1 5 0 0 0 
1 1 0 0 1 1 2 7 9 0 0 1 
1 0 0 0 1 1 1 9 5 2 1 1 
0 0 0 0 0 0 2 5 5 2 0 0 
2 1 0 0 1 0 2 7 1 1 1 0 
2 1 1 1 1 1 2 8 1 2 0 0 
0 0 0 0 1 0 0 7 2 2 0 1 
0 1 0 1 1 0 1 0 0 1 1 1 
2 0 0 0 1 0 1 6 4 1 1 0 
1 1 1 1 0 1 1 5 8 2 0 0 
0 0 0 0 0 0 2 0 0 1 0 0 
1 0 1 1 0 1 2 6 7 1 1 1 
0 1 1 0 0 1 1 4 7 1 0 0 
1 1 0 0 0 0 3 9 7 2 1 0 
0 0 0 0 0 0 2 6 7 2 0 0 
0 0 0 1 1 1 1 2 2 1 1 0 
1 0 1 0 0 1 0 2 1 1 1 0 
1 0 1 1 1 1 1 2 6 0 0 0 
2 0 0 1 1 0 1 1 1 1 1 0 
0 1 1 0 0 1 0 7 1 2 1 0 
0 0 1 1 0 0 0 2 7 1 1 1 
2 0 0 0 1 1 3 9 6 0 0 0 
1 0 0 1 1 1 1 5 2 0 0 1 
0 0 0 0 0 0 1 5 1 2 1 0 
0 0 1 0 1 0 0 4 6 2 1 0 
1 0 0 0 0 0 0 5 4 1 0 0 
1 0 1 1 1 0 1 7 1 0 0 1 
0 0 0 0 0 0 0 4 1 2 0 0 
0 1 0 1 0 1 3 8 4 0 1 0 
1 0 0 1 1 0 1 1 4 1 0 0 
0 0 0 0 0 0 0 7 4 1 0 1 
0 0 1 0 0 1 3 3 8 0 0 1 
2 0 0 0 0 0 2 3 2 0 0 0 
0 0 1 0 0 0 0 1 3 0 1 0 
1 0 0 0 0 1 3 4 6 2 0 0 
2 1 1 0 0 0 0 2 0 1 1 0 
1 0 0 0 1 1 0 9 0 1 0 0 
2 1 1 0 0 1 1 7 7 1 0 1 
2 0 0 0 0 0 2 4 3 1 0 0 
2 0 0 0 0 0 3 2 3 1 0 0 
2 1 1 0 1 0 0 1 4 1 1 0 
2 0 0 0 0 1 2 0 6 0 1 1 
0 0 1 0 1 0 2 3 0 1 0 0 
1 0 1 0 0 0 0 3 3 1 0 1 
0 1 0 0 1 0 1 1 7 0 1 1 
0 0 0 0 1 0 0 6 7 2 1 1 
1 1 0 0 1 1 2 0 9 1 1 1 
0 0 0 0 0 0 1 7 7 0 0 1 
2 0 1 1 1 1 1 8 9 2 1 1 
1 0 0 0 0 0 1 1 6 1 0 0 
1 0 1 0 0 0 2 8 5 0 0 0 
1 0 0 0 0 0 3 0 5 2 0 0 
1 0 0 0 0 0 0 2 3 0 1 1 
0 0 0 0 0 1 0 8 0 0 1 0 
1 1 0 1 0 1 2 0 3 0 0 1 
1 0 1 0 1 0 3 1 1 2 0 0 
0 1 0 0 0 0 2 5 8 1 0 1 
2 0 0 0 0 0 2 3 1 1 0 0 
0 0 0 0 1 1 0 3 6 1 0 0 
2 0 0 1 1 1 1 7 9 1 1 0 
1 1 1 0 1 0 2 2 7 2 0 0 
1 1 0 0 0 1 1 7 1 0 1 0 
1 0 1 0 0 0 2 9 7 0 0 0 
2 1 0 1 0 0 0 8 1 1 0 0 
2 0 0 1 0 0 2 8 6 0 0 0 
2 1 1 1 1 0 1 0 8 0 1 1 
1 0 0 0 0 0 3 6 2 2 0 0 
0 1 1 1 1 1 0 0 9 0 1 0 
0 0 0 0 0 0 2 3 5 2 0 0 
0 0 0 0 0 0 0 9 3 2 0 0 
2 1 0 0 0 0 0 7 8 0 0 0 
0 0 0 1 0 1 0 0 7 2 1 1 
1 0 1 1 0 0 0 0 8 0 1 0 
1 1 0 0 0 0 1 7 2 0 0 1 
1 0 0 0 0 1 2 7 7 1 0 0 
0 0 0 0 0 0 3 6 3 1 0 0 
0 0 0 1 0 0 0 2 8 1 0 0 
1 1 1 0 1 1 0 6 3 1 0 1 
1 0 0 1 0 0 0 1 4 0 0 0 
0 0 0 0 0 1 1 9 9 2 1 1 
0 0 1 1 1 0 1 6 1 1 0 0 
2 0 1 0 1 0 0 5 9 2 1 0 
2 0 0 0 1 1 1 4 5 0 1 1 
2 0 1 0 0 0 3 5 4 1 0 0 
2 0 0 0 0 1 0 9 8 2 0 0 
2 0 0 1 0 1 3 7 1 2 0 0 
0 0 0 0 0 0 3 0 8 2 0 0 
0 1 0 0 0 1 2 0 2 2 1 1 
1 1 1 0 0 0 2 2 9 1 0 0 
0 1 0 1 1 1 0 7 1 1 0 1 
2 1 0 1 0 0 1 3 9 0 0 0 
2 0 0 0 0 0 3 1 2 0 0 0 
2 1 0 0 0 1 1 1 5 1 0 0 
2 0 1 0 1 0 1 8 6 2 1 0 
2 0 0 0 0 1 2 6 3 0 0 0 
2 0 1 1 1 1 3 2 0 2 1 1 
0 1 0 1 0 0 1 1 0 0 1 0 
2 0 0 0 0 0 1 8 2 1 0 1 
0 1 0 1 0 0 2 2 6 0 0 0 
1 1 1 0 0 0 1 9 3 2 1 0 
2 0 0 0 0 0 3 5 6 0 0 0 
2 0 0 0 0 0 2 3 0 2 0 0 
1 0 0 1 0 1 0 0 2 0 1 0 
0 0 0 0 0 0 2 3 6 1 0 0 
2 1 1 0 1 1 0 2 6 2 1 1 
2 0 0 0 0 0 3 4 6 2 0 0 
1 0 0 1 0 0 2 9 2 2 0 0 
2 0 0 0 0 0 0 9 9 1 0 1 
1 1 0 0 0 0 3 4 9 1 0 0 
1 0 0 1 0 0 3 2 7 0 0 1 
0 0 0 0 0 0 0 1 6 2 0 0 
1 0 0 0 0 0 0 4 6 1 0 0 
0 0 0 1 1 0 1 6 5 2 0 1 
2 1 1 0 1 1 1 3 1 2 1 0 
0 0 0 0 0 1 1 9 7 0 0 0 
0 0 0 0 1 1 2 3 4 2 0 0 
2 1 0 1 1 0 3 9 2 2 1 1 
1 0 0 1 0 1 2 9 0 0 0 0 
0 0 0 1 1 1 2 4 6 1 1 0 
1 0 0 0 1 1 3 1 4 0 1 0 
1 0 0 0 0 0 3 2 4 0 0 0 
2 0 0 0 0 1 1 2 9 0 0 0 
1 1 0 0 0 0 2 0 4 0 0 1 
2 1 0 0 1 0 1 0 5 1 1 0 
2 0 1 0 0 0 0 6 6 1 0 0 
2 0 0 0 1 0 0 0 8 2 0 0 
2 0 0 0 1 0 3 4 0 0 0 0 
1 1 0 1 0 1 1 0 9 0 0 0 
0 0 0 0 0 0 1 0 0 0 0 0 
0 0 0 1 0 1 3 9 5 0 0 1 
0 0 1 0 0 0 1 0 9 1 1 1 
2 1 0 0 0 0 3 0 2 0 0 0 
0 0 0 0 0 0 0 6 6 1 0 0 
0 0 1 0 0 0 3 4 9 0 0 1 
0 1 0 0 0 0 0 8 4 1 0 0 
0 0 1 1 0 0 1 9 4 1 1 0 
0 1 0 0 0 0 1 3 0 1 0 0 
0 0 0 0 0 0 1 2 3 1 1 0 
1 0 0 0 0 1 2 5 0 1 0 0 
1 0 0 0 1 0 3 2 2 1 0 1 
1 1 0 1 0 1 1 6 8 2 1 1 
0 0 0 0 0 0 1 6 8 0 0 0 
2 0 0 0 0 0 1 1 3 1 0 0 
2 0 1 0 0 1 0 3 7 2 1 0 
0 0 1 0 0 0 3 6 2 0 0 1 
2 0 0 0 0 0 3 1 9 1 0 0 
0 0 1 1 1 0 2 4 8 2 0 1 
0 0 1 0 1 0 0 7 2 1 0 0 
2 0 0 0 0 0 2 7 5 0 0 0 
0 1 0 0 1 1 0 0 3 0 1 1 
0 0 1 0 0 1 1 8 3 0 1 0 
1 1 0 1 1 1 1 0 7 1 1 0 
2 0 0 1 1 0 2 5 3 0 0 0 
2 1 1 1 1 0 2 9 0 1 0 1 
2 1 0 0 1 1 0 4 3 2 1 1 
2 0 1 0 1 0 0 7 4 0 0 0 
0 0 0 0 0 0 0 1 8 0 1 0 
1 0 0 0 1 0 2 8 8 1 0 0 
0 1 0 1 0 0 0 7 8 2 1 0 
1 1 1 1 0 1 3 0 0 0 1 1 
1 0 1 0 0 0 0 4 9 1 0 1 
0 1 1 1 0 0 3 3 5 0 0 0 
0 1 1 0 0 0 0 8 3 1 1 0 
1 0 0 0 0 1 2 7 4 1 0 0 
2 0 1 0 0 0 0 0 6 0 0 0 
1 0 0 0 0 0 1 9 7 0 0 0 
0 0 0 0 0 0 2 7 2 2 0 0 
2 0 0 1 0 0 0 9 4 2 1 1 
2 0 1 0 1 0 2 2 1 0 1 1 
2 1 0 1 1 1 0 4 7 1 0 1 
0 0 0 0 0 0 1 4 6 2 0 0 
1 0 1 0 1 0 1 0 4 2 0 1 
0 0 0 0 0 0 1 8 0 1 0 0 
0 0 0 0 0 0 2 2 8 1 0 0 
2 0 0 0 1 0 3 0 6 1 1 0 
1 0 0 0 0 0 0 4 7 0 1 0 
1 0 0 0 0 0 2 3 4 0 1 1 
0 1 0 1 1 1 3 3 1 0 0 0 
0 0 0 1 0 0 2 1 8 2 0 1 
2 1 0 1 0 0 1 0 2 1 1 0 
0 0 1 1 1 1 0 7 9 0 1 0 
1 1 1 0 0 0 1 7 8 0 1 0 
2 1 1 0 1 0 1 6 2 0 1 0 
2 1 0 1 1 0 3 3 8 2 0 0 
2 1 1 1 0 1 2 8 7 0 1 1 
0 0 0 0 0 1 0 2 3 0 0 1 
1 0 0 0 0 1 3 8 6 2 0 0 
0 0 0 0 0 0 0 3 0 1 0 0 
1 0 1 1 1 1 3 9 7 0 1 0 
1 0 0 0 0 0 2 3 6 2 0 0 
1 1 1 1 0 0 1 1 3 0 0 0 
0 0 0 1 0 0 3 7 8 0 0 0 
2 0 0 0 0 1 0 8 4 1 0 0 
1 0 0 1 1 1 1 8 2 2 0 0 
0 1 1 1 1 0 2 5 2 1 0 0 
2 1 0 1 1 1 2 7 2 0 0 1 
0 0 1 0 0 0 2 0 0 0 0 0 
0 0 1 0 0 1 3 0 0 2 0 1 
0 0 0 1 1 0 0 3 5 2 0 1 
0 1 0 0 1 1 1 8 8 1 0 1 
0 0 0 0 0 0 3 3 3 2 0 0 
2 0 0 0 0 0 3 0 8 0 1 0 
1 0 0 0 0 0 2 1 8 0 0 0 
1 1 0 0 0 0 3 7 4 0 0 0 
1 1 1 1 0 0 1 7 5 2 1 1 
1 0 0 0 0 1 2 4 1 2 1 0 
1 0 1 1 0 0 0 9 7 1 0 0 
0 1 1 1 1 1 3 5 0 0 1 0 
1 1 0 1 0 1 3 2 5 0 1 1 
0 0 0 0 0 0 2 6 1 1 0 0 
1 0 1 0 1 1 3 7 3 1 0 0 
2 0 0 0 0 0 2 1 5 0 0 0 
0 1 0 1 0 1 0 2 0 0 0 0 
1 0 0 0 0 1 2 5 1 0 1 1 
0 0 0 1 1 1 0 9 6 1 0 1 
0 0 0 0 1 1 3 5 7 1 1 0 
2 1 0 1 0 1 0 4 8 1 0 1 
0 0 0 0 0 1 1 1 4 2 1 0 
1 1 0 1 0 1 3 3 6 1 1 0 
1 0 1 1 1 0 3 8 4 1 0 0 
0 0 0 0 1 0 1 9 2 0 1 0 
2 1 1 1 1 0 0 1 3 2 0 0 
0 0 1 1 1 1 2 0 4 2 1 0 
1 0 0 0 0 0 1 9 0 0 1 0 
0 0 0 0 0 0 3 4 5 2 0 0 
1 0 0 1 1 1 3 4 5 1 0 1 
2 0 0 1 1 1 1 9 6 0 1 0 
0 1 1 0 0 1 2 4 9 1 1 1 
2 0 1 0 0 0 3 7 8 1 1 1 
2 0 0 1 1 1 1 1 7 2 0 0 
0 0 0 0 0 0 2 5 3 1 0 0 
1 0 0 0 0 0 1 1 1 2 0 0 
2 0 0 0 0 0 1 1 0 0 0 0 
1 1 0 0 0 0 0 9 8 0 1 0 
2 1 0 0 0 1 1 4 4 0 0 0 
2 0 1 0 0 0 0 1 1 0 0 0 
2 0 0 0 0 0 1 7 4 0 1 0 
2 1 0 0 1 1 1 9 4 1 1 0 
1 1 1 1 0 1 0 1 8 1 1 0 
2 1 1 0 0 0 3 3 7 0 0 0 
1 0 0 0 0 0 0 6 4 0 0 0 
1 1 0 0 1 0 1 2 0 2 0 1 
0 0 0 1 0 1 2 8 9 0 0 1 
1 1 1 1 0 1 2 6 1 2 0 1 
0 0 1 0 0 0 0 0 4 1 0 0 
0 1 0 0 1 1 0 5 4 2 1 0 
2 0 1 1 0 0 0 6 8 2 0 0 
2 0 1 0 1 0 1 5 7 2 1 1 
0 0 1 0 0 0 0 8 5 1 0 0 
2 1 1 1 1 0 2 4 2 0 0 0 
0 1 1 1 0 0 2 1 9 2 1 0 
2 0 0 0 0 0 1 0 9 0 0 0 
0 0 0 0 0 0 1 2 7 1 0 0 
2 1 1 1 1 0 1 4 8 0 0 0 
0 1 0 0 0 0 0 3 3 0 1 0 
0 0 1 0 0 1 3 1 7 0 0 0 
0 0 0 0 0 0 0 8 6 1 1 0 
2 1 1 1 0 1 1 5 3 1 0 0 
2 0 0 0 0 0 3 9 7 0 0 0 
2 0 0 1 0 0 1 2 0 1 0 0 
1 0 0 0 0 0 3 3 4 2 0 0 
0 1 0 0 0 0 3 9 0 0 0 0 
0 1 0 0 1 0 2 3 8 0 0 0 
1 1 0 0 0 0 0 3 2 2 0 1 
2 0 0 0 0 0 3 6 4 1 0 0 
1 1 0 1 0 1 0 7 7 0 0 1 
2 1 1 0 0 0 1 9 7 2 0 1 
2 0 0 1 1 0 3 3 0 1 1 1 
0 0 0 0 0 1 1 3 5 1 1 1 
2 1 0 1 1 1 2 3 5 0 0 1 
2 1 0 0 1 1 3 6 1 1 1 0 
0 0 0 0 0 0 2 2 0 2 0 0 
0 0 0 0 0 0 0 7 7 2 0 0 
0 0 0 0 0 1 2 2 9 0 0 1 
1 0 0 0 0 0 2 8 3 0 0 0 
2 0 1 0 0 1 1 7 2 1 1 0 
0 0 1 0 1 0 1 3 2 2 1 0 
2 1 1 0 0 0 0 9 0 0 1 0 
2 0 1 0 0 0 0 6 7 0 0 0 
0 0 0 0 0 0 3 0 2 1 0 1 
1 0 0 0 0 0 1 4 5 0 0 0 
0 1 0 1 1 0 1 7 2 1 0 0 
0 0 0 0 0 0 0 9 9 0 0 0 
0 0 0 0 0 0 3 7 0 2 0 0 
1 0 0 1 0 0 1 1 2 0 0 0 
1 1 0 0 1 0 2 9 2 0 0 0 
0 0 0 0 0 0 1 8 3 2 0 0 
1 0 0 0 1 0 1 1 0 2 0 0 
2 0 0 1 0 0 0 6 2 2 0 1 
1 1 0 0 0 0 1 3 4 1 0 1 
0 0 0 0 0 0 1 3 6 0 1 0 
2 0 0 0 1 0 2 6 6 0 0 0 
2 1 1 0 1 1 2 1 8 0 0 0 
1 0 0 0 0 1 3 7 6 0 0 1 
0 1 0 1 0 1 0 4 6 2 0 1 
0 0 0 0 1 0 1 4 6 1 0 1 
1 0 1 0 0 0 3 2 8 2 0 0 
1 0 1 0 0 0 2 8 0 2 0 0 
2 0 0 1 1 0 3 7 4 1 0 0 
1 0 0 0 0 1 0 3 9 0 0 0 
0 0 0 0 0 0 1 7 1 2 0 0 
0 0 0 0 0 0 1 8 1 0 0 0 
1 0 0 0 0 0 1 8 9 0 0 0 
0 0 0 0 0 1 3 6 7 0 1 0 
1 1 0 0 1 1 0 2 7 1 1 0 
2 1 1 1 0 0 3 6 1 0 0 0 
1 0 1 0 0 0 3 8 3 0 1 1 
2 0 0 1 0 1 1 3 2 1 1 1 
2 0 0 0 0 1 2 2 3 0 0 0 
MFS
precise
0.0
recall
0.0
F-measure
0.0
multi
0
time
all 26046 iden 0 gen 26046
t-cover
64696
all-cover
64696
(1 : 7708)  (513 : 1)  (2 : 7157)  (514 : 2)  (3 : 7234)  (515 : 1)  (4 : 4759)  (5 : 3315)  (517 : 2)  (6 : 3359)  (7 : 3614)  (8 : 3622)  (9 : 3120)  (521 : 1)  (10 : 2381)  (522 : 1)  (11 : 1675)  (523 : 1)  (12 : 1278)  (13 : 1021)  (14 : 770)  (15 : 757)  (16 : 676)  (17 : 681)  (18 : 755)  (19 : 706)  (20 : 730)  (21 : 697)  (22 : 654)  (23 : 592)  (24 : 511)  (25 : 439)  (26 : 353)  (27 : 308)  (28 : 233)  (29 : 213)  (30 : 204)  (31 : 177)  (32 : 216)  (33 : 189)  (34 : 222)  (35 : 189)  (36 : 183)  (37 : 163)  (38 : 131)  (39 : 128)  (40 : 118)  (41 : 103)  (42 : 101)  (43 : 85)  (44 : 82)  (45 : 73)  (46 : 66)  (47 : 75)  (48 : 73)  (49 : 56)  (50 : 78)  (51 : 62)  (52 : 80)  (53 : 83)  (54 : 95)  (55 : 99)  (56 : 101)  (57 : 99)  (58 : 102)  (59 : 102)  (60 : 106)  (61 : 121)  (62 : 125)  (63 : 88)  (64 : 93)  (65 : 90)  (66 : 81)  (67 : 61)  (68 : 72)  (69 : 48)  (70 : 42)  (71 : 30)  (72 : 18)  (73 : 27)  (74 : 15)  (75 : 18)  (76 : 21)  (77 : 21)  (78 : 17)  (79 : 14)  (80 : 14)  (81 : 9)  (82 : 9)  (83 : 7)  (84 : 11)  (85 : 6)  (86 : 1)  (87 : 7)  (88 : 1)  (89 : 3)  (90 : 4)  (91 : 6)  (92 : 4)  (93 : 9)  (94 : 7)  (95 : 6)  (96 : 9)  (97 : 4)  (98 : 10)  (99 : 8)  (100 : 8)  (101 : 9)  (102 : 10)  (103 : 10)  (104 : 11)  (105 : 11)  (106 : 14)  (107 : 11)  (108 : 5)  (109 : 16)  (110 : 9)  (111 : 8)  (112 : 11)  (113 : 8)  (114 : 9)  (115 : 13)  (116 : 7)  (117 : 5)  (118 : 8)  (119 : 4)  (120 : 1)  (121 : 4)  (122 : 6)  (123 : 3)  (124 : 2)  (126 : 1)  (127 : 2)  (129 : 5)  (130 : 1)  (131 : 1)  (133 : 3)  (135 : 3)  (136 : 2)  (137 : 2)  (138 : 4)  (139 : 2)  (140 : 7)  (141 : 3)  (142 : 2)  (143 : 1)  (144 : 6)  (145 : 7)  (146 : 5)  (147 : 8)  (148 : 5)  (149 : 3)  (150 : 4)  (151 : 3)  (153 : 3)  (154 : 3)  (155 : 5)  (156 : 6)  (157 : 4)  (158 : 5)  (159 : 9)  (160 : 5)  (161 : 2)  (162 : 3)  (163 : 3)  (164 : 6)  (165 : 5)  (166 : 4)  (167 : 9)  (168 : 3)  (169 : 9)  (170 : 6)  (171 : 13)  (172 : 10)  (173 : 15)  (174 : 5)  (175 : 8)  (176 : 7)  (177 : 8)  (178 : 3)  (179 : 5)  (180 : 8)  (181 : 7)  (182 : 3)  (183 : 6)  (184 : 5)  (185 : 1)  (186 : 4)  (187 : 3)  (188 : 2)  (189 : 1)  (190 : 1)  (191 : 3)  (192 : 1)  (193 : 1)  (194 : 1)  (197 : 1)  (245 : 1)  (246 : 1)  (249 : 2)  (251 : 3)  (253 : 5)  (254 : 1)  (255 : 3)  (256 : 1)  (257 : 4)  (258 : 7)  (259 : 3)  (260 : 4)  (261 : 5)  (262 : 1)  (263 : 5)  (264 : 4)  (266 : 3)  (267 : 3)  (269 : 1)  (270 : 5)  (271 : 1)  (272 : 1)  (273 : 2)  (274 : 1)  (275 : 1)  (276 : 2)  (487 : 1)  (488 : 2)  (489 : 1)  (490 : 1)  (491 : 1)  (493 : 1)  (494 : 1)  (496 : 1)  (497 : 2)  (498 : 1)  (499 : 2)  (500 : 2)  (501 : 2)  (502 : 1)  (505 : 2)  (508 : 1)  (509 : 1)  (510 : 1)  (511 : 2)  
testCase Num: 1589
regaular Num: 1577
identify Num: 12
1 0 1 0 1 0 3 6 1 2 0 0 
1 1 0 0 0 1 2 0 3 0 0 0 
1 0 0 0 0 0 1 4 8 2 0 0 
1 1 0 0 0 0 3 5 9 0 0 0 
0 0 0 0 0 0 1 7 6 2 0 0 
0 1 0 0 1 0 0 2 9 1 0 1 
1 0 1 1 1 0 1 7 0 2 0 1 
1 0 0 0 0 0 2 7 3 0 0 0 
2 0 0 0 0 0 3 4 9 2 1 1 
1 0 1 0 0 1 1 6 1 1 1 1 
0 0 0 1 0 0 3 7 4 2 1 1 
2 0 1 0 1 1 3 9 4 0 1 0 
2 0 0 0 0 0 3 1 4 1 1 0 
1 0 0 1 0 0 0 8 2 0 0 0 
2 0 0 0 0 0 2 2 3 2 0 0 
1 0 0 1 0 0 1 2 7 0 1 0 
0 0 0 0 1 0 3 5 6 1 0 0 
2 0 0 0 0 0 2 8 1 1 0 1 
2 0 0 0 0 0 1 1 8 0 0 0 
1 1 0 0 0 0 1 8 9 2 1 0 
1 0 0 0 1 0 3 8 5 1 0 1 
1 0 0 1 1 0 1 3 7 1 0 1 
0 1 0 0 0 0 1 3 6 2 0 1 
2 0 0 0 0 0 0 3 9 1 0 0 
0 0 0 1 0 1 2 8 7 1 0 1 
2 0 0 0 0 0 0 1 6 0 0 0 
1 0 0 1 0 1 3 8 5 2 1 0 
2 1 0 0 0 1 2 4 4 0 1 1 
2 1 1 0 0 0 1 3 5 1 1 0 
1 1 0 0 0 0 1 9 9 0 0 1 
0 0 0 1 1 0 2 4 6 2 0 1 
0 0 0 1 0 0 2 6 9 0 0 0 
2 0 0 1 1 1 1 2 5 0 0 0 
0 0 0 0 0 0 0 7 2 0 1 0 
2 0 0 1 0 0 3 8 8 1 0 0 
1 0 1 0 0 1 3 9 0 1 1 0 
2 0 0 0 0 0 3 3 8 1 0 0 
2 0 0 0 0 0 0 9 7 0 0 1 
2 1 1 0 1 0 1 1 0 1 0 0 
1 1 0 0 1 1 2 9 4 1 0 0 
0 1 0 0 0 0 2 0 4 0 0 1 
2 0 1 1 1 0 0 0 4 1 0 1 
1 1 0 0 1 0 0 8 3 1 0 0 
0 0 0 1 1 1 3 7 5 2 1 0 
0 1 1 0 0 0 3 7 5 1 0 1 
1 0 0 0 0 0 3 6 5 2 0 0 
0 1 1 1 0 1 2 4 4 1 0 1 
2 0 0 1 0 0 1 2 3 1 0 0 
2 0 1 0 1 1 2 4 5 2 0 1 
0 0 1 0 1 0 3 1 9 2 1 1 
1 0 1 0 0 0 3 0 3 0 1 0 
0 0 0 0 0 0 1 4 1 1 0 0 
0 1 0 0 0 0 3 5 4 1 0 0 
1 0 0 0 0 0 1 7 1 0 0 0 
2 0 0 1 0 0 0 2 9 0 0 0 
0 0 1 1 1 0 1 0 2 0 1 1 
2 0 0 0 1 0 3 0 1 1 1 0 
1 0 0 1 0 0 0 9 6 2 1 1 
0 0 0 0 0 0 1 1 6 1 0 0 
0 0 0 0 0 1 2 5 0 1 1 1 
2 1 1 1 1 0 3 5 2 1 1 0 
0 0 0 0 0 0 0 9 6 0 0 0 
0 0 0 1 0 0 2 3 5 2 1 0 
0 1 1 0 1 0 1 7 4 0 0 1 
2 0 0 0 1 0 0 7 2 0 0 1 
0 0 0 0 0 0 1 4 0 2 0 0 
1 0 1 0 0 1 1 8 2 0 1 1 
0 0 0 0 0 0 2 7 8 2 0 0 
2 1 1 0 1 1 3 6 5 1 0 1 
2 1 1 1 1 1 1 9 7 2 0 1 
2 1 0 0 0 0 2 4 9 0 0 0 
0 0 0 0 0 0 2 1 1 1 0 1 
0 0 0 0 0 0 0 7 4 2 0 0 
0 0 0 1 0 0 0 1 9 1 0 1 
1 0 0 0 0 1 1 8 5 0 0 0 
1 0 0 0 0 0 1 1 4 0 0 0 
0 0 1 1 0 1 3 8 6 1 1 0 
2 1 1 1 0 0 1 7 2 2 0 1 
2 0 0 0 0 0 1 6 7 0 0 0 
2 0 0 0 1 1 3 9 6 1 1 0 
1 0 0 0 0 1 0 1 4 0 1 0 
2 0 1 1 1 0 3 4 4 0 1 0 
2 0 0 1 0 0 2 5 1 0 0 0 
2 0 0 1 1 1 1 4 9 0 1 0 
0 0 0 0 0 0 2 4 4 0 0 0 
1 1 0 0 0 0 3 7 0 2 1 0 
0 0 0 1 0 0 0 4 1 0 1 0 
2 0 0 0 0 0 1 7 8 1 0 1 
0 0 0 0 0 0 0 2 3 0 1 1 
2 0 0 0 0 0 2 8 2 0 0 0 
0 0 0 0 0 0 3 9 4 1 0 0 
2 1 0 0 1 0 0 5 5 1 1 1 
2 0 0 1 0 0 0 7 6 2 0 0 
2 1 0 1 0 1 1 5 8 1 0 0 
1 0 0 1 0 0 0 4 9 0 1 0 
0 0 0 0 0 0 0 1 3 2 1 0 
1 0 0 0 0 0 2 8 5 0 0 0 
1 1 1 1 0 1 1 1 3 2 0 1 
2 0 0 0 0 0 2 4 4 1 0 0 
2 0 1 0 1 0 3 2 1 2 0 1 
0 1 0 0 0 0 0 4 2 2 0 0 
1 0 0 1 0 0 3 1 9 0 0 0 
0 1 1 1 0 0 0 9 0 1 0 1 
1 1 0 1 0 0 0 0 7 2 1 0 
0 1 1 0 0 0 0 0 8 0 1 0 
0 0 0 0 1 0 2 4 2 1 0 0 
1 0 1 0 1 1 3 3 9 1 0 0 
2 0 0 0 0 0 0 7 3 0 0 0 
2 1 1 0 0 0 0 4 2 0 0 0 
1 0 0 0 1 0 0 0 6 0 1 1 
2 0 0 1 0 0 1 8 4 1 0 0 
0 0 0 0 0 0 2 0 0 0 0 0 
1 0 0 0 0 0 0 1 2 0 0 0 
2 0 0 0 1 0 0 2 7 0 0 0 
2 0 0 0 0 0 3 7 0 2 0 0 
0 0 0 0 0 1 1 3 1 1 0 1 
0 0 1 0 0 1 3 8 1 1 1 1 
2 0 0 0 0 0 0 6 5 0 0 0 
0 0 0 0 0 0 0 9 2 0 0 0 
1 0 0 0 0 0 2 3 1 2 0 0 
1 0 0 0 0 0 2 8 8 1 1 0 
1 1 1 0 1 0 2 9 5 2 1 1 
1 0 0 0 1 1 1 0 1 2 1 1 
1 1 1 1 1 1 0 7 4 2 1 0 
0 0 0 0 0 0 0 5 8 1 0 0 
0 0 0 0 0 0 3 6 2 1 0 0 
0 1 1 0 1 1 2 7 5 0 1 0 
0 0 0 0 0 0 0 2 9 2 0 0 
2 0 0 0 0 0 3 9 2 0 0 0 
1 0 0 0 0 0 0 8 1 0 0 0 
1 0 0 0 0 0 0 8 1 0 0 1 
1 1 0 1 1 0 0 4 8 0 0 0 
1 0 1 1 0 0 2 2 1 2 0 1 
1 1 0 0 1 1 0 5 4 0 0 0 
0 0 0 0 0 0 2 1 2 0 0 0 
0 0 1 0 0 0 0 7 9 1 0 1 
2 0 0 0 1 0 0 5 1 1 1 1 
2 1 0 0 0 1 3 2 2 0 1 1 
2 0 0 1 0 0 0 2 4 2 1 1 
0 0 0 0 0 0 2 8 3 2 0 0 
0 0 0 0 1 1 3 2 7 0 0 1 
0 0 1 0 0 1 1 9 3 1 0 0 
2 1 0 0 0 0 0 8 9 0 0 0 
1 0 0 0 0 0 3 0 5 1 1 0 
0 0 1 1 0 0 0 9 3 1 0 0 
2 0 0 1 0 0 2 9 8 1 0 0 
1 0 1 0 0 1 1 8 1 1 0 0 
1 0 0 1 1 0 1 7 4 1 0 1 
1 1 0 0 1 0 0 2 1 2 1 0 
0 0 0 0 0 0 3 0 8 1 0 0 
0 1 0 1 1 1 0 1 7 1 0 1 
2 0 0 0 1 0 2 3 9 0 1 1 
2 0 1 1 0 0 2 8 6 2 0 1 
0 0 0 0 0 0 0 1 7 2 0 0 
2 0 0 1 0 1 3 2 3 0 1 0 
1 1 1 0 0 1 3 7 8 1 0 0 
1 0 0 0 0 0 3 4 9 1 0 0 
1 0 0 0 0 0 0 6 8 0 0 0 
1 0 1 0 0 0 0 2 0 1 1 0 
0 1 1 0 0 0 1 4 1 2 0 0 
0 0 0 0 0 0 1 9 7 1 0 0 
0 0 0 1 0 0 0 0 4 0 1 0 
2 1 0 0 0 0 3 8 0 1 0 0 
0 1 0 0 0 0 2 9 2 1 0 0 
1 0 0 0 0 0 1 5 1 0 0 0 
2 0 0 0 0 0 0 3 2 1 0 0 
1 0 0 1 0 0 2 3 6 2 1 0 
2 0 0 0 0 0 1 1 4 0 0 0 
2 0 1 1 0 0 1 0 1 0 0 0 
2 1 1 1 0 0 3 8 9 1 0 0 
0 0 1 1 0 1 3 7 3 2 0 1 
1 0 0 0 1 1 0 7 6 1 0 0 
0 0 1 0 1 0 3 1 2 2 0 0 
1 1 0 0 0 1 1 6 2 0 1 1 
2 1 1 1 1 1 2 7 0 0 0 0 
0 0 0 0 0 0 0 5 9 0 0 0 
1 0 1 1 1 0 3 1 1 1 0 0 
0 0 1 0 1 0 0 3 1 0 0 0 
0 1 1 0 0 1 1 8 4 2 0 1 
0 1 0 0 1 0 0 4 8 2 0 1 
0 1 0 0 0 1 2 3 7 2 1 1 
2 0 0 0 0 0 1 9 2 0 0 0 
1 0 1 0 1 0 2 2 7 1 0 1 
0 0 0 1 0 0 1 7 8 1 1 0 
2 1 1 1 0 0 3 5 6 2 1 1 
1 0 0 0 0 1 1 1 6 0 0 0 
1 0 0 0 0 0 0 0 0 0 0 0 
0 1 0 0 1 1 3 9 5 2 1 0 
2 0 0 1 0 0 3 7 1 2 1 1 
2 0 0 0 0 1 3 7 8 0 1 0 
2 0 0 0 0 0 2 5 2 1 0 0 
0 1 1 0 0 1 3 1 4 0 0 1 
1 1 1 0 0 1 0 8 7 1 0 0 
1 0 0 1 0 1 0 2 5 2 1 1 
2 1 0 0 1 1 0 3 0 1 0 1 
1 1 1 0 1 1 1 0 0 1 1 0 
2 0 0 0 0 0 3 1 1 0 1 0 
0 1 1 0 0 1 0 5 1 0 1 0 
0 0 0 0 0 0 1 1 2 1 0 0 
2 1 0 1 0 1 2 7 7 0 0 0 
0 0 1 1 1 1 0 3 4 0 1 0 
2 1 0 0 1 1 1 4 4 0 1 1 
2 1 0 1 1 0 3 8 4 0 1 0 
2 0 0 0 0 0 2 1 6 0 0 0 
2 0 1 0 0 0 3 1 8 2 0 0 
0 0 0 1 0 1 0 4 1 2 0 1 
2 1 0 0 1 0 0 3 6 0 1 0 
1 1 0 1 0 0 1 2 9 2 0 1 
2 0 0 0 1 1 3 5 6 0 0 0 
0 1 1 1 0 1 0 6 7 1 1 0 
1 0 1 1 0 0 1 8 8 0 0 0 
1 0 0 0 0 0 3 7 1 0 0 0 
0 1 1 0 0 0 3 6 7 0 0 1 
1 1 1 1 0 1 1 0 7 0 0 0 
0 0 1 0 1 0 3 8 2 0 0 0 
2 0 1 0 1 1 1 8 3 2 0 0 
2 1 1 1 1 0 1 6 4 0 0 1 
2 0 0 0 1 1 0 3 6 2 0 0 
2 0 1 1 0 0 0 8 0 0 1 0 
0 1 0 0 0 0 0 7 2 0 1 0 
2 0 0 0 0 0 0 3 3 0 0 0 
0 0 0 1 0 0 0 5 7 0 0 0 
0 0 1 1 0 0 2 1 6 2 0 0 
0 1 0 0 1 1 2 0 0 2 0 0 
0 1 1 0 1 1 0 1 3 0 0 0 
2 0 0 0 0 0 2 2 8 0 0 0 
1 0 0 0 0 0 2 9 0 0 0 0 
2 0 0 0 0 0 0 2 1 0 0 0 
0 1 1 1 0 0 1 2 0 1 0 1 
0 0 1 1 0 0 2 2 6 0 1 0 
0 1 0 0 0 1 1 6 9 0 0 1 
0 0 1 1 0 0 0 7 8 0 0 0 
2 0 0 1 0 0 3 5 7 0 0 0 
1 0 0 0 0 0 2 4 5 0 0 0 
0 0 0 0 0 1 2 2 1 2 0 0 
0 1 1 1 1 0 2 8 9 0 0 1 
2 0 0 1 0 1 2 8 4 2 1 1 
2 0 1 0 0 0 1 5 7 2 0 0 
0 0 0 0 1 0 1 6 7 1 0 0 
0 0 1 0 0 1 2 6 3 1 1 1 
2 0 0 0 0 1 0 5 0 2 0 1 
1 1 0 0 0 0 1 2 5 1 0 0 
2 1 1 1 1 1 0 4 3 1 1 0 
2 0 0 0 1 1 1 0 5 2 0 0 
2 1 1 1 0 1 3 9 0 0 0 1 
2 1 0 0 1 1 3 6 3 2 0 0 
2 1 1 1 0 0 2 2 4 0 0 0 
0 1 1 0 1 1 0 4 9 0 1 0 
1 0 0 0 1 0 3 2 2 0 0 0 
0 0 0 0 0 0 2 7 3 0 0 0 
1 0 1 0 1 0 2 5 1 2 1 1 
0 0 0 0 0 0 1 6 8 1 0 0 
1 0 0 0 0 0 3 9 5 0 0 0 
2 1 1 0 1 0 0 9 2 2 0 1 
1 0 1 0 0 0 2 9 8 0 0 0 
2 1 0 1 1 1 1 2 4 1 0 0 
0 0 1 1 1 1 1 5 2 2 0 0 
2 1 0 0 1 0 1 3 9 2 0 0 
1 0 0 0 0 0 1 6 4 2 0 0 
2 0 0 0 0 0 1 2 6 0 0 0 
0 0 0 0 0 1 3 9 3 0 0 1 
0 0 1 1 1 1 1 1 4 2 1 0 
0 0 0 1 1 1 0 3 9 2 1 0 
2 0 0 1 0 1 0 0 8 0 0 1 
2 1 0 0 0 0 1 3 0 1 0 0 
2 0 0 1 1 0 3 7 8 2 0 1 
0 0 0 0 0 0 1 9 4 0 0 0 
2 0 0 0 1 0 2 2 5 2 0 1 
2 1 0 0 0 0 1 9 1 1 1 0 
1 0 0 0 0 0 0 3 6 0 0 0 
0 0 0 0 0 0 2 3 9 1 0 0 
2 1 1 0 0 0 3 3 4 2 1 1 
2 1 0 0 0 1 1 4 5 0 1 1 
1 1 0 1 0 0 0 7 3 1 1 0 
2 1 1 1 1 0 0 6 1 2 0 0 
0 0 0 0 0 0 2 0 6 2 0 0 
0 0 0 0 0 0 0 4 6 2 0 0 
1 1 0 0 0 0 3 5 1 0 1 0 
2 0 1 0 1 0 1 6 6 0 1 1 
2 0 0 0 0 0 1 2 8 2 0 1 
2 0 0 0 0 0 1 3 8 0 1 0 
1 0 0 0 1 0 1 2 8 0 0 1 
1 1 1 1 0 1 2 6 8 1 0 1 
0 0 1 0 1 0 0 8 4 0 0 0 
0 1 0 1 0 1 2 9 6 0 1 0 
0 1 0 0 1 0 3 5 9 2 1 1 
1 1 0 0 1 1 3 8 8 0 1 0 
2 0 0 1 0 0 3 3 3 0 0 0 
0 1 0 1 0 0 3 0 2 1 0 0 
2 0 0 0 0 0 3 2 9 2 0 0 
2 1 0 0 0 0 2 3 7 1 1 0 
0 0 0 0 0 0 3 7 8 0 0 0 
0 0 0 1 0 0 2 3 3 1 0 0 
2 0 0 0 0 0 0 4 8 1 0 0 
0 1 1 0 1 0 2 5 9 1 0 0 
1 1 1 0 0 0 1 9 0 2 0 1 
2 1 1 1 1 0 3 2 7 1 1 0 
0 1 0 1 1 1 0 1 2 2 1 0 
2 1 0 0 1 0 1 6 1 1 0 0 
0 0 0 0 0 0 0 8 7 1 0 0 
1 1 0 0 1 1 3 1 8 1 1 1 
0 0 0 0 0 0 3 0 4 2 0 0 
1 1 0 0 0 0 1 6 8 2 1 1 
0 0 0 1 0 1 1 0 6 2 0 1 
1 0 1 0 0 1 1 7 6 1 0 0 
0 0 0 0 1 0 2 8 4 0 0 0 
2 1 0 0 0 1 1 4 4 1 1 1 
2 0 1 0 0 0 2 7 5 0 0 0 
1 0 0 0 0 0 0 9 5 2 0 1 
2 1 0 1 0 1 2 0 5 0 1 0 
1 1 1 0 0 0 1 3 1 0 1 0 
2 0 0 1 1 1 0 1 3 2 1 1 
1 1 0 1 0 1 2 6 1 0 0 0 
0 0 1 0 0 0 2 6 1 1 0 0 
1 0 0 0 1 0 1 1 9 1 0 1 
1 1 0 1 0 1 1 8 3 1 0 0 
0 0 0 0 0 0 2 7 6 1 0 0 
2 1 0 1 1 1 0 9 5 1 0 0 
2 0 0 0 0 0 0 8 4 2 0 0 
2 0 1 1 0 0 3 4 8 1 0 1 
1 0 0 1 0 1 3 3 4 0 1 0 
1 1 0 1 1 1 0 4 2 1 0 0 
1 0 0 0 0 0 2 9 3 1 0 0 
0 0 0 0 0 0 3 0 2 0 0 0 
1 0 0 0 0 0 2 7 0 0 0 0 
0 1 1 0 1 0 2 9 3 0 0 1 
0 0 0 0 0 0 1 9 2 2 0 0 
0 0 0 0 0 0 2 4 0 1 0 0 
0 1 1 0 0 1 3 0 8 2 0 1 
1 0 0 0 0 0 1 2 1 1 0 0 
1 0 1 0 0 0 2 6 9 1 1 0 
1 0 0 0 0 1 2 9 2 0 0 0 
1 0 1 0 0 0 0 2 7 2 0 0 
2 0 0 0 0 0 2 4 7 1 0 0 
0 0 0 0 0 0 2 7 5 2 0 0 
1 0 0 0 1 0 1 9 7 0 1 0 
1 0 0 1 0 1 3 5 4 0 1 1 
2 0 1 1 0 0 1 6 3 2 1 0 
0 0 1 1 1 0 2 3 7 0 0 1 
2 1 0 0 1 0 0 8 1 0 1 1 
0 1 1 0 1 1 0 7 0 0 1 1 
0 0 0 1 0 0 3 2 6 1 0 1 
1 1 1 1 0 1 3 6 4 1 1 0 
0 0 0 1 0 0 0 2 3 2 0 0 
2 0 0 0 1 0 0 9 1 2 0 0 
1 0 0 0 0 0 2 2 5 0 1 0 
1 0 1 0 0 1 0 6 9 2 0 1 
2 0 0 0 0 0 2 1 2 0 0 0 
1 0 0 0 0 0 3 7 5 0 0 0 
1 0 0 0 0 0 1 1 2 2 1 0 
1 0 0 0 1 0 1 3 2 1 0 0 
0 0 0 0 0 0 1 4 8 1 0 1 
1 0 0 0 1 0 3 1 7 0 0 1 
1 0 0 0 0 0 2 3 7 0 0 0 
2 0 0 0 0 0 1 8 7 0 0 0 
2 1 0 0 1 1 2 1 3 2 0 0 
0 0 1 0 1 0 0 1 4 1 0 0 
0 1 1 1 1 0 0 0 6 2 1 0 
2 0 1 0 0 1 2 6 4 1 0 0 
1 0 0 1 0 0 2 5 3 2 0 0 
0 1 0 0 1 0 0 7 7 2 0 0 
0 0 0 0 0 0 3 3 4 0 0 0 
1 0 0 0 0 0 1 1 0 0 0 1 
2 1 1 0 1 0 2 5 3 1 1 0 
2 0 0 0 0 0 0 2 5 0 0 0 
0 0 0 0 0 0 1 1 3 0 1 0 
0 0 1 0 0 0 2 1 5 2 1 0 
1 0 0 0 0 0 2 4 9 0 0 0 
0 0 0 0 0 1 0 4 2 0 1 0 
0 0 0 0 0 0 2 4 1 0 0 0 
2 1 1 0 1 1 3 6 8 1 1 0 
2 1 0 1 1 0 0 9 4 0 0 0 
0 0 0 1 0 1 1 6 1 2 1 0 
1 0 0 0 0 0 2 3 9 2 0 0 
0 1 1 0 0 0 0 9 6 1 0 1 
1 0 1 0 0 1 3 8 4 2 0 0 
2 1 1 1 0 1 3 1 7 2 0 1 
0 0 0 0 1 1 2 1 6 1 1 1 
0 0 0 0 0 0 1 1 5 2 0 0 
2 1 0 1 0 1 2 2 7 2 1 1 
2 0 0 0 0 0 3 3 9 0 0 0 
0 0 1 0 0 1 0 3 8 0 0 0 
0 0 1 0 0 0 0 6 1 0 0 1 
0 0 0 0 0 0 0 7 6 0 0 0 
1 0 0 0 1 0 3 7 4 0 0 0 
1 0 0 0 0 0 0 2 8 0 0 0 
0 0 1 0 0 1 2 4 7 0 1 0 
0 1 0 1 0 1 0 5 3 2 0 1 
0 0 0 0 0 0 0 3 8 2 0 0 
2 0 0 1 0 0 2 7 2 0 0 0 
0 0 0 0 0 1 2 9 5 1 0 1 
1 1 0 0 1 0 3 3 4 1 0 1 
2 1 1 0 0 0 1 4 7 2 0 0 
0 0 0 0 0 0 3 6 9 0 1 0 
2 1 1 1 1 0 0 7 9 2 1 0 
0 0 0 0 0 1 0 4 3 2 0 0 
1 1 0 1 0 1 1 0 5 2 0 1 
1 0 1 1 1 0 3 6 3 0 1 1 
1 0 1 1 1 0 0 3 0 0 1 0 
2 0 1 0 0 0 2 4 3 0 0 1 
0 0 1 1 0 1 3 4 2 2 0 1 
0 0 0 0 0 0 0 8 4 1 1 1 
1 0 1 1 1 0 1 9 2 1 0 0 
0 0 0 1 0 0 2 9 4 1 1 1 
2 0 0 0 0 0 0 8 5 1 1 0 
2 0 0 0 0 0 3 2 5 1 1 0 
0 0 0 1 1 1 0 3 1 0 1 1 
2 0 1 0 0 0 2 1 9 1 1 1 
0 0 0 0 1 0 2 6 4 2 1 0 
0 0 0 0 0 0 0 7 2 1 0 0 
2 1 0 1 0 1 1 4 4 0 1 1 
1 0 1 1 0 1 1 3 0 0 0 1 
0 0 0 1 0 0 2 8 2 1 0 1 
2 0 1 0 1 1 1 9 8 0 1 1 
2 0 0 0 1 0 1 1 6 2 1 1 
0 0 0 0 0 0 0 3 6 0 0 0 
0 0 0 0 0 0 2 3 1 0 0 0 
0 0 0 1 0 0 0 3 0 2 0 0 
0 1 0 0 0 1 3 1 1 1 0 1 
1 1 1 1 0 0 0 4 1 1 0 0 
0 1 1 1 1 1 3 7 9 0 1 1 
1 1 1 0 1 1 0 1 6 1 0 0 
0 1 0 0 1 1 1 7 3 2 1 0 
1 0 0 0 1 1 2 8 7 0 1 0 
1 0 0 0 0 1 1 6 3 1 0 0 
1 0 0 1 0 0 1 1 7 1 0 0 
0 0 0 0 0 0 1 8 6 1 0 0 
1 1 1 1 1 1 3 9 6 0 0 0 
1 1 0 1 1 1 0 1 0 0 1 0 
1 0 0 1 1 1 2 7 8 0 0 0 
1 0 0 1 1 0 3 6 7 1 0 0 
2 0 0 0 0 0 1 4 3 1 0 1 
0 0 0 1 0 0 2 7 0 1 0 0 
0 0 0 0 0 0 2 0 9 1 0 0 
0 0 0 1 0 0 3 0 4 0 0 1 
0 0 0 0 1 1 3 6 1 0 0 0 
0 0 0 0 0 0 3 0 0 1 0 0 
1 0 0 0 0 0 3 3 0 0 0 0 
0 1 1 1 1 1 3 3 3 2 1 1 
0 0 0 1 0 0 0 1 8 1 1 1 
1 1 1 0 0 0 0 8 5 2 0 1 
0 0 0 0 0 0 0 6 3 2 0 1 
1 1 1 0 1 0 3 2 9 0 0 0 
2 1 1 0 0 1 2 4 1 1 1 1 
1 1 0 1 1 0 3 5 8 0 1 0 
0 0 0 0 0 0 0 2 4 0 0 0 
1 0 0 1 1 1 3 7 2 1 1 1 
0 0 0 0 0 1 0 8 9 0 1 0 
0 0 0 1 0 0 1 8 1 2 1 1 
1 0 0 0 0 0 0 7 7 0 0 0 
1 1 1 1 0 1 1 9 5 0 0 1 
0 0 0 1 0 0 2 9 3 2 0 0 
2 0 0 0 0 0 1 2 2 2 0 0 
1 1 0 0 0 0 0 6 0 0 0 1 
1 1 1 1 1 1 2 8 2 2 1 0 
2 0 0 0 0 0 0 1 7 0 0 0 
2 0 1 0 0 0 2 9 1 1 0 0 
2 0 0 1 0 1 0 4 7 2 1 1 
2 1 0 0 1 0 3 9 8 2 0 0 
2 0 1 0 1 0 1 5 0 0 1 0 
2 0 0 0 0 0 3 2 6 0 0 0 
1 0 0 0 0 0 2 1 3 0 1 0 
0 1 0 0 0 1 0 3 5 0 0 0 
1 0 0 1 0 0 1 8 3 0 1 1 
1 0 0 0 0 1 3 5 7 1 1 1 
1 0 0 0 0 0 1 8 0 0 0 0 
2 0 1 1 0 1 0 5 5 1 0 0 
0 1 0 0 0 0 1 0 1 0 1 0 
0 0 0 0 0 0 3 2 5 0 0 1 
1 0 1 1 0 0 1 2 4 1 0 1 
0 1 0 1 0 1 0 2 6 0 0 0 
1 0 1 1 1 1 1 1 5 1 0 1 
0 0 0 0 0 1 3 7 7 1 0 0 
0 0 0 0 1 1 2 9 1 0 0 0 
2 1 1 0 0 0 1 0 3 2 0 0 
0 0 1 1 1 0 0 6 9 0 0 0 
1 0 0 1 0 0 2 9 9 0 0 0 
0 0 0 1 1 1 1 4 4 1 0 0 
0 0 0 0 1 0 2 8 6 0 0 0 
0 0 0 0 0 0 0 0 0 0 0 0 
1 0 0 0 0 0 0 8 8 1 0 1 
2 1 0 0 0 0 0 1 4 2 0 1 
0 0 0 1 0 1 0 3 6 0 0 0 
0 0 0 1 0 0 1 4 6 0 0 0 
0 0 1 0 0 1 1 1 7 0 0 0 
0 0 0 0 0 0 2 7 8 1 0 0 
1 1 0 1 0 1 0 8 4 0 0 1 
2 0 1 1 0 0 3 1 2 0 1 0 
0 1 1 1 0 0 0 5 6 1 0 0 
0 0 0 0 0 0 3 7 2 2 0 0 
0 0 0 0 0 0 1 8 5 2 0 0 
1 0 0 1 0 0 3 6 0 2 0 0 
2 0 0 0 0 0 0 5 2 2 0 0 
0 1 1 1 0 0 2 8 8 0 0 1 
2 0 0 0 0 1 2 9 3 0 1 0 
1 0 0 0 1 0 1 1 3 1 0 0 
2 0 0 0 0 0 2 0 8 1 0 1 
1 0 0 0 0 0 2 5 4 2 0 0 
0 0 0 1 0 0 2 3 8 0 0 1 
0 0 0 0 0 0 3 7 3 1 0 0 
1 0 1 1 0 0 0 5 4 1 0 0 
1 1 0 0 1 0 1 9 3 0 1 1 
0 0 0 1 1 0 2 0 1 0 0 0 
0 0 0 1 0 1 2 4 9 1 1 1 
1 1 0 0 0 0 0 4 7 0 0 0 
1 0 1 0 1 1 1 8 9 0 0 0 
0 0 0 0 0 0 1 2 1 2 0 0 
2 1 0 1 0 1 0 9 2 1 1 0 
0 0 0 0 0 1 2 7 0 2 1 1 
0 0 1 1 0 1 0 9 4 2 0 1 
2 0 1 0 1 1 3 0 4 0 0 1 
2 0 0 0 0 1 1 4 4 0 1 1 
0 0 1 0 1 0 0 1 7 0 1 0 
1 0 0 0 0 1 3 1 6 2 1 0 
1 1 0 1 0 0 3 6 2 2 1 0 
2 0 0 0 0 0 1 1 5 0 0 0 
2 1 1 0 0 0 2 6 0 2 0 1 
0 1 0 0 0 0 0 0 6 0 0 1 
0 0 0 0 1 0 0 0 3 0 0 0 
0 0 1 0 0 1 0 5 4 2 1 1 
0 0 0 0 0 0 3 4 0 2 0 0 
0 0 0 0 0 0 2 4 6 1 0 0 
1 0 0 0 0 1 2 2 3 1 0 0 
1 1 0 1 0 1 0 2 7 0 0 0 
2 0 0 0 0 0 3 9 1 0 0 0 
0 0 0 0 0 0 3 9 6 2 0 1 
0 0 0 0 1 0 0 4 9 2 0 1 
0 0 0 0 0 0 3 5 0 0 0 0 
2 1 0 1 0 0 0 3 5 0 0 1 
0 0 0 0 0 0 0 9 2 1 0 1 
1 0 0 0 0 0 2 4 3 1 0 0 
1 0 0 0 0 0 2 6 4 0 0 0 
0 0 1 1 1 1 3 2 4 2 1 0 
0 0 0 1 0 0 1 6 5 1 0 1 
0 1 1 1 0 1 0 4 5 0 0 0 
0 1 0 0 0 1 0 8 2 2 1 1 
2 1 0 0 0 0 2 6 6 1 0 0 
1 0 0 1 0 1 1 7 5 0 0 0 
2 1 0 1 0 1 2 6 5 2 0 0 
1 1 1 1 1 0 3 7 7 0 1 1 
1 1 1 0 0 1 1 9 4 2 0 1 
1 0 0 0 0 0 0 1 3 0 0 0 
0 1 0 0 0 1 2 3 4 0 0 1 
2 0 0 0 1 0 3 4 3 2 0 0 
2 0 0 0 1 1 3 8 9 1 1 1 
1 1 0 1 1 1 3 3 8 0 1 0 
0 0 1 0 0 1 0 2 0 0 0 0 
1 0 1 0 0 0 2 2 9 1 0 0 
1 0 1 0 1 1 2 4 8 1 1 0 
0 0 0 0 0 1 3 2 9 0 0 0 
1 0 0 0 0 1 0 2 1 0 0 0 
1 1 0 1 0 1 3 0 6 1 0 0 
1 0 0 0 0 1 0 5 6 1 1 0 
2 1 1 1 1 0 0 7 5 2 0 0 
0 0 0 1 0 0 1 7 7 1 1 0 
1 0 0 0 0 0 0 3 5 2 0 0 
1 0 0 1 1 0 0 7 8 1 1 0 
1 1 1 1 1 1 2 0 6 1 1 0 
2 0 0 1 0 0 1 7 1 1 0 0 
2 1 0 0 1 1 3 3 2 0 0 0 
0 0 0 1 1 1 1 9 6 0 0 1 
0 0 1 1 1 0 3 3 6 2 0 0 
1 0 0 0 0 0 1 9 5 1 0 0 
1 0 0 0 1 1 3 3 5 2 0 0 
0 0 0 0 0 0 0 2 7 1 0 0 
0 0 0 0 0 0 1 7 7 2 0 0 
0 0 0 0 0 0 0 0 4 0 0 0 
2 0 0 0 0 0 0 4 4 2 0 0 
1 0 0 0 0 0 0 5 7 0 0 0 
2 1 0 0 0 1 3 1 2 1 0 1 
0 0 0 0 1 0 2 1 0 0 0 0 
1 0 0 0 1 0 2 1 9 0 0 0 
0 0 0 0 0 0 2 1 4 1 0 0 
1 1 0 0 0 0 0 2 3 0 0 0 
2 1 0 0 0 0 3 1 3 0 0 1 
0 1 0 0 0 0 3 3 1 1 0 1 
0 0 1 1 1 1 0 2 1 1 1 0 
2 0 0 0 0 0 0 5 4 0 0 0 
1 1 0 1 0 0 0 7 1 1 0 1 
2 0 0 1 1 0 3 0 2 2 0 1 
2 0 0 0 0 0 2 8 5 0 0 0 
0 1 0 0 0 0 1 5 5 2 1 1 
2 0 0 1 1 1 0 8 7 1 1 1 
1 0 0 0 0 0 2 3 2 0 1 0 
0 0 0 0 1 0 2 2 2 0 0 1 
1 0 0 0 1 1 0 9 9 1 0 1 
2 0 1 0 1 0 0 8 2 2 1 0 
1 0 0 1 0 0 1 1 8 0 0 0 
0 0 0 0 0 0 3 1 7 0 0 0 
0 0 0 0 0 0 2 5 8 1 0 0 
0 1 0 1 1 0 2 4 7 0 0 1 
1 0 0 0 0 0 0 8 0 2 1 0 
0 0 0 1 0 0 1 8 9 1 0 1 
0 0 1 1 0 0 2 4 0 2 1 0 
2 0 1 0 0 0 3 4 1 1 0 0 
0 0 0 1 0 1 1 0 8 1 1 1 
1 0 1 1 0 0 0 9 8 2 0 1 
2 1 1 0 0 1 0 9 9 0 1 0 
0 0 0 0 0 1 1 7 4 1 1 0 
0 1 1 0 0 1 0 6 4 2 0 1 
0 0 1 0 1 0 1 3 0 2 1 0 
0 1 0 0 1 1 0 9 7 1 1 1 
2 1 0 1 1 1 1 5 9 0 1 0 
2 0 0 1 0 1 1 3 4 1 0 0 
0 0 1 1 1 1 0 0 0 1 0 1 
1 0 1 1 0 0 2 0 0 2 1 1 
2 1 1 0 0 1 1 4 4 0 1 1 
1 0 0 1 1 1 0 2 0 0 0 1 
0 1 0 0 0 0 2 5 6 2 0 0 
0 0 1 0 1 0 1 0 6 1 0 1 
2 0 0 0 0 0 0 2 2 0 0 0 
2 1 1 0 1 1 3 7 1 0 0 0 
0 0 0 0 0 0 1 3 4 0 0 1 
1 0 0 1 0 0 2 0 2 1 0 0 
2 0 0 0 0 0 0 4 5 1 0 1 
2 0 0 1 1 0 2 2 9 2 1 1 
0 0 0 0 0 0 1 0 1 1 0 0 
0 0 1 0 0 0 2 4 8 2 1 0 
0 0 0 0 0 0 1 2 4 2 0 0 
0 0 1 1 1 0 1 9 1 1 0 1 
2 0 0 0 0 0 0 1 2 2 0 0 
2 0 0 1 0 0 2 2 0 1 0 0 
2 0 0 1 1 0 2 1 7 2 1 0 
0 0 0 0 1 1 2 7 4 1 0 1 
2 1 1 0 0 0 2 7 8 0 1 1 
0 1 0 1 0 1 1 0 3 0 1 1 
0 0 1 0 0 0 0 3 9 0 1 0 
1 0 0 1 0 0 0 5 5 2 0 0 
2 0 1 1 1 1 0 2 6 1 0 1 
0 0 0 0 0 1 0 2 4 1 0 0 
0 0 1 1 0 1 3 0 1 2 1 0 
0 0 0 0 0 0 2 7 4 2 0 0 
1 0 0 0 0 0 0 6 1 1 0 0 
1 1 1 0 1 0 2 5 6 0 0 0 
1 1 1 1 1 0 0 3 2 0 0 1 
2 0 0 0 0 0 3 5 5 0 0 0 
2 0 1 0 1 0 2 2 2 1 1 0 
0 1 0 0 0 0 2 2 1 1 1 0 
1 0 1 0 0 1 0 1 8 2 0 0 
0 0 0 0 1 1 0 9 2 0 0 0 
2 1 1 0 0 0 3 6 9 2 0 0 
0 0 1 0 0 0 3 5 0 2 0 0 
0 1 0 0 1 0 2 6 5 0 1 0 
1 0 0 0 1 0 1 8 4 2 1 0 
2 0 1 1 0 0 2 5 4 1 1 0 
0 0 0 0 0 0 2 8 3 1 0 0 
0 1 0 0 0 0 0 4 7 0 1 0 
1 1 0 0 0 1 2 8 1 2 1 0 
1 1 0 0 0 0 1 1 5 2 1 0 
2 0 0 0 0 0 3 4 2 1 0 0 
1 1 0 1 0 1 3 9 8 1 1 0 
1 0 1 0 1 1 0 7 1 1 1 0 
1 0 0 0 1 0 3 0 8 0 0 0 
1 0 0 0 0 0 0 0 3 2 1 0 
2 0 0 1 0 0 0 7 0 0 0 0 
0 1 1 0 1 0 1 3 4 0 0 0 
0 1 0 1 1 1 1 5 7 1 0 1 
1 0 0 0 1 0 1 5 2 2 1 1 
2 0 1 1 0 0 0 4 4 0 0 1 
1 1 1 1 0 1 3 5 0 0 0 1 
0 0 0 0 0 1 1 9 5 0 0 0 
1 0 0 0 0 0 2 5 8 2 0 1 
0 0 0 0 0 0 1 1 0 0 1 0 
2 0 0 0 0 0 1 7 4 2 0 0 
0 0 0 0 1 1 1 2 7 2 0 1 
0 1 0 0 1 0 3 4 2 0 1 0 
2 0 0 0 0 0 0 6 8 2 0 0 
2 0 0 1 1 0 3 6 5 0 1 0 
0 0 1 0 1 0 2 7 7 0 1 1 
0 0 0 0 0 0 3 6 7 2 0 0 
2 1 0 0 0 0 3 5 1 2 0 1 
0 1 1 1 0 0 1 0 5 1 1 0 
1 0 0 0 0 0 0 7 2 2 0 0 
2 0 1 0 0 1 1 5 1 0 0 0 
0 0 1 1 0 0 2 1 3 0 1 1 
1 1 1 0 0 1 2 9 9 2 1 1 
0 0 0 0 0 0 2 5 0 2 0 0 
1 0 1 0 1 1 3 6 2 2 0 1 
2 0 1 0 0 0 3 2 8 1 0 1 
0 1 0 0 0 1 1 4 4 0 1 1 
1 0 0 0 0 0 0 3 7 0 0 0 
0 0 0 0 0 0 2 6 0 0 0 0 
0 1 1 0 1 0 1 4 5 1 1 1 
2 0 1 0 1 1 3 5 4 2 1 0 
0 0 1 0 0 0 3 7 2 0 0 0 
2 0 0 1 1 0 0 5 6 0 1 1 
0 1 1 1 0 0 1 5 4 0 1 0 
0 1 0 0 0 0 3 6 0 0 1 0 
0 1 0 0 0 0 0 8 6 1 0 0 
0 0 1 1 0 1 0 7 1 0 0 0 
2 0 0 0 0 0 1 2 7 0 0 0 
2 1 0 1 0 0 0 2 0 0 0 0 
2 1 0 0 0 0 3 7 2 1 0 0 
1 0 0 0 0 0 1 9 8 1 0 0 
0 0 0 0 0 1 0 7 3 0 0 1 
2 1 1 0 1 0 3 4 6 0 0 1 
1 0 0 0 0 0 2 0 7 1 0 0 
2 0 0 0 0 1 2 3 6 1 0 0 
2 0 0 0 1 0 2 6 8 0 0 0 
2 0 0 0 1 1 2 3 4 2 0 0 
0 1 0 1 0 1 2 7 9 2 0 0 
0 1 1 0 0 0 0 3 9 2 0 0 
1 1 0 0 0 0 2 1 8 0 1 0 
0 0 0 0 0 0 1 0 4 2 0 0 
1 0 0 0 0 0 0 8 8 2 0 0 
1 0 1 1 0 1 3 5 1 1 0 0 
0 0 1 0 1 1 1 7 8 2 0 0 
1 1 0 1 1 1 1 2 2 1 0 0 
2 0 0 0 0 0 3 5 3 2 0 0 
0 1 0 0 1 0 1 9 4 2 1 0 
0 1 0 0 0 0 2 1 7 0 0 0 
1 0 0 0 1 0 2 5 7 2 1 0 
1 0 0 0 0 0 0 1 9 2 0 0 
0 0 0 0 0 0 2 1 8 1 0 0 
0 0 0 0 0 0 0 9 9 2 0 1 
0 0 0 0 0 0 1 8 3 0 0 0 
0 0 1 0 1 0 3 3 8 0 1 1 
1 0 0 0 0 1 3 4 4 2 0 1 
2 1 0 0 0 0 3 7 6 1 0 1 
1 0 0 0 0 0 1 7 9 0 0 0 
2 0 0 0 0 0 3 7 5 0 0 0 
0 0 0 0 0 1 2 5 1 1 0 0 
0 1 1 1 1 1 2 2 8 2 1 1 
0 0 0 0 0 0 3 2 1 0 1 0 
1 0 0 0 1 1 3 3 1 2 0 1 
0 1 1 0 1 0 2 4 9 2 0 0 
1 1 1 0 1 0 2 2 0 0 1 0 
0 1 0 0 0 0 0 1 1 0 0 0 
0 0 0 0 0 0 0 8 7 2 0 0 
0 1 1 0 0 0 1 8 7 0 1 1 
0 1 0 1 0 1 1 4 0 0 0 1 
2 0 0 1 1 0 1 0 7 2 1 1 
1 1 0 0 0 1 1 9 2 2 1 1 
2 1 1 0 1 1 3 1 0 0 1 1 
0 0 0 0 0 0 0 6 4 1 0 0 
0 0 0 0 0 0 3 7 9 2 0 0 
2 1 0 0 0 1 1 0 9 0 1 0 
1 1 0 0 0 0 2 7 1 0 0 0 
1 0 0 0 0 1 2 7 1 2 0 1 
1 1 0 1 1 1 2 6 0 1 0 0 
1 0 1 1 0 1 0 1 4 1 0 1 
2 0 1 0 1 1 1 3 3 0 1 1 
2 1 0 0 0 1 1 5 4 0 1 1 
0 0 1 0 0 1 0 0 3 0 0 0 
2 0 0 1 0 1 1 3 3 2 0 0 
2 1 0 1 0 1 1 8 0 2 0 1 
1 0 0 0 0 0 3 6 6 0 0 0 
1 0 0 0 1 0 3 6 4 1 0 1 
2 1 0 1 1 0 1 7 6 0 1 0 
1 1 1 1 0 0 3 9 7 1 1 0 
0 1 0 0 1 0 2 1 6 0 0 0 
2 0 0 0 0 0 3 9 7 2 1 0 
2 0 0 0 1 0 1 9 5 0 1 1 
2 0 0 1 1 1 0 3 8 2 1 1 
2 0 0 0 1 1 3 1 5 2 1 1 
0 0 0 0 0 0 3 4 5 0 0 0 
0 0 1 0 1 0 0 2 5 1 1 0 
2 0 0 1 0 1 1 5 5 0 0 0 
1 0 0 0 0 0 2 1 6 0 0 0 
1 0 1 0 1 1 3 0 2 1 1 0 
1 0 1 1 1 1 2 1 2 1 1 0 
0 1 0 0 0 0 0 4 5 2 1 0 
1 0 0 0 0 0 2 8 4 1 0 0 
1 1 0 1 1 0 1 4 6 1 1 0 
0 0 0 0 0 0 1 9 3 2 0 0 
0 1 0 1 0 1 0 7 8 0 0 1 
2 1 1 1 0 1 0 9 1 0 0 1 
0 0 0 0 1 0 2 0 5 1 1 1 
2 0 1 1 0 0 2 1 1 0 0 0 
2 0 1 0 1 1 0 5 2 0 0 1 
0 0 0 0 0 0 1 5 8 0 0 0 
2 1 0 1 0 0 2 7 3 2 0 1 
2 0 0 0 0 0 1 7 5 1 0 0 
0 1 0 1 1 0 0 8 8 1 1 0 
1 1 0 0 0 0 3 5 5 1 0 0 
2 0 0 1 0 0 1 4 5 2 0 0 
0 0 0 0 0 0 3 4 7 2 0 0 
0 0 0 1 0 1 3 5 9 1 0 0 
0 0 0 0 0 0 1 8 2 1 0 0 
0 0 1 0 0 0 0 2 7 0 1 1 
0 0 1 1 0 0 3 2 2 1 0 0 
0 0 0 0 1 0 0 4 0 0 1 0 
2 0 0 0 0 0 3 1 7 1 1 0 
0 0 0 0 0 0 2 4 2 2 0 0 
0 0 1 1 1 0 3 7 6 2 1 0 
1 0 1 0 1 0 1 0 4 0 1 1 
0 0 1 0 0 0 2 0 4 2 1 0 
0 1 0 1 0 0 2 6 7 2 1 0 
0 0 0 0 0 0 2 9 8 2 0 0 
0 0 0 0 0 1 0 5 3 0 1 0 
1 0 1 0 0 0 0 4 2 1 0 1 
1 0 0 1 0 1 2 0 1 1 1 0 
2 1 1 1 0 1 1 3 2 2 1 1 
2 1 1 0 0 0 2 0 3 1 1 1 
2 1 0 0 0 1 0 0 4 1 1 0 
1 0 0 0 0 0 0 2 1 1 0 1 
2 1 1 0 0 0 2 8 4 1 0 0 
2 1 1 0 0 0 2 3 8 2 0 0 
0 0 1 0 0 0 0 0 1 1 0 0 
0 0 0 0 0 0 3 8 1 0 0 0 
2 1 1 0 1 1 2 6 2 0 0 0 
2 0 0 0 1 1 0 6 4 0 1 0 
1 0 0 1 1 1 0 5 1 2 0 0 
1 1 1 0 1 1 2 3 3 0 0 0 
1 0 1 0 1 1 0 1 9 0 1 0 
2 0 1 1 1 1 2 1 4 0 0 1 
0 1 0 1 0 0 2 6 4 0 0 1 
2 0 0 1 0 0 3 3 0 1 1 0 
1 0 1 0 0 0 1 2 3 2 1 0 
0 0 0 0 0 1 0 0 7 0 1 0 
0 0 0 0 1 1 1 8 8 1 0 1 
2 1 0 0 1 0 1 8 1 0 0 0 
0 0 0 0 0 0 1 9 9 1 0 0 
0 0 0 0 0 0 2 6 8 2 1 0 
0 0 1 0 0 0 1 5 1 2 1 0 
0 0 0 1 0 1 3 4 3 1 0 0 
0 0 1 1 0 1 1 1 2 0 1 1 
0 0 0 1 0 0 0 5 1 0 1 0 
2 1 0 0 1 0 2 2 6 0 0 1 
2 1 0 0 0 1 1 5 2 0 0 0 
1 0 0 0 0 0 2 6 2 1 0 0 
0 1 0 0 0 0 2 9 7 2 1 1 
2 0 1 1 0 0 3 9 5 1 1 1 
0 1 1 1 0 0 0 6 8 0 1 0 
2 1 0 0 0 1 3 0 3 1 0 0 
1 0 0 0 0 0 0 9 1 0 1 0 
1 0 0 0 0 0 2 1 4 0 0 0 
2 0 0 0 0 0 0 6 3 0 0 1 
1 0 0 0 0 0 0 5 6 2 0 0 
2 0 0 0 0 0 0 0 5 1 0 0 
1 1 1 0 0 1 1 7 9 1 1 0 
0 1 0 0 0 0 1 2 4 0 1 1 
0 0 0 1 0 0 0 9 9 0 0 0 
2 1 0 0 0 0 0 0 1 2 0 0 
0 0 0 0 0 1 2 2 6 2 0 1 
2 0 0 0 0 0 1 6 5 0 0 0 
0 1 0 0 0 0 2 5 1 0 0 0 
1 0 1 0 1 0 1 8 7 1 0 0 
2 0 1 0 0 0 2 1 8 1 1 1 
1 0 0 0 0 0 3 8 9 0 0 0 
0 0 1 1 0 0 1 4 4 2 0 0 
1 1 0 1 0 0 3 2 8 2 0 0 
2 0 1 1 0 1 0 0 9 1 0 1 
1 1 1 0 0 0 1 4 9 0 0 1 
0 1 0 1 1 1 2 1 1 2 1 0 
1 0 0 0 0 0 1 3 8 2 0 0 
2 0 0 0 0 0 2 7 1 1 0 0 
2 1 1 0 0 0 2 1 4 2 1 0 
1 0 0 0 0 0 2 4 1 2 0 0 
2 0 0 0 1 1 2 3 5 1 0 0 
0 0 0 0 0 1 3 6 5 2 0 0 
0 0 0 0 0 0 1 1 7 2 0 0 
0 1 1 0 0 1 1 8 6 2 1 0 
1 1 1 1 1 1 2 0 4 2 0 0 
0 0 1 0 1 0 0 3 3 0 0 0 
0 0 0 1 0 1 0 6 0 2 1 1 
1 1 1 1 0 0 3 1 5 0 1 0 
0 0 0 0 0 0 2 5 4 0 0 0 
2 1 1 0 0 0 2 8 7 2 0 0 
0 1 1 0 1 1 3 6 6 1 1 1 
0 0 0 0 0 0 3 3 8 2 0 0 
0 0 1 0 0 0 0 0 2 0 0 0 
0 1 0 0 0 1 0 5 8 2 1 1 
1 1 0 1 0 1 1 3 9 1 1 1 
2 0 1 1 0 0 0 1 5 1 1 0 
2 0 0 0 0 0 3 2 7 2 0 0 
2 0 0 0 0 0 0 4 1 2 0 0 
0 1 1 0 1 1 2 7 2 1 0 0 
0 1 0 1 0 0 1 9 8 0 0 0 
0 1 0 0 0 0 3 4 4 1 0 0 
1 1 0 0 1 1 0 9 8 2 1 0 
1 1 0 0 0 0 1 4 3 2 1 0 
0 0 0 1 1 1 1 5 6 2 0 1 
0 0 0 0 0 0 1 8 4 0 0 0 
1 0 1 0 0 0 1 7 7 0 0 0 
2 1 0 0 0 0 3 3 3 1 0 0 
0 0 0 0 0 0 3 6 0 1 0 0 
1 1 1 0 0 0 3 8 2 1 0 0 
2 0 0 0 0 0 1 8 9 0 0 0 
0 0 0 1 0 0 0 6 5 2 1 1 
2 0 1 1 1 0 1 8 5 1 1 1 
0 1 0 0 0 0 0 2 9 0 1 0 
2 0 0 0 0 0 2 3 3 2 1 1 
1 1 1 0 0 1 0 4 0 2 1 1 
1 0 0 0 0 0 2 3 0 1 0 0 
0 1 0 0 1 0 1 4 3 0 1 0 
1 0 0 0 1 1 2 3 8 1 1 0 
0 0 1 1 0 0 2 0 9 2 0 0 
0 0 0 0 0 0 3 1 5 1 0 1 
0 0 1 1 1 1 2 0 8 0 1 0 
0 1 1 0 0 0 0 5 5 0 0 0 
1 0 1 0 0 0 3 3 2 2 0 0 
1 1 0 0 0 0 3 5 2 2 0 0 
0 0 0 0 0 0 1 5 5 1 0 0 
2 0 1 1 1 1 0 2 8 1 0 1 
0 1 1 0 0 0 1 7 0 0 0 0 
2 0 0 0 0 0 3 4 5 0 1 0 
1 1 0 1 1 0 3 8 1 1 0 0 
1 0 0 0 0 0 0 4 6 0 0 0 
0 1 0 0 0 0 0 0 5 0 0 0 
0 0 1 1 0 0 0 4 7 0 0 0 
2 0 0 0 0 0 1 3 5 2 0 0 
0 0 1 0 0 0 0 6 6 0 0 0 
0 1 1 0 1 0 0 1 2 1 0 1 
1 0 1 0 1 1 3 4 5 2 0 0 
1 1 0 0 0 1 1 2 6 1 1 1 
1 0 1 0 0 1 0 3 2 1 1 0 
1 0 0 0 0 0 1 7 3 0 0 0 
2 0 1 0 1 0 0 4 9 1 0 0 
1 0 0 1 0 0 1 5 3 1 1 0 
0 0 0 1 0 0 2 2 7 0 0 0 
1 1 1 1 0 1 1 2 8 1 1 0 
0 1 0 0 1 1 2 7 6 0 1 1 
1 0 1 0 0 1 3 0 0 0 0 0 
1 0 1 1 0 0 2 6 5 0 0 1 
0 0 0 0 0 0 1 3 2 0 0 0 
0 0 0 0 1 0 3 7 1 1 0 0 
2 0 0 0 0 0 0 9 0 2 1 0 
1 0 1 1 0 0 0 6 4 0 0 0 
0 0 0 0 0 0 2 2 4 2 0 0 
0 0 0 0 0 0 0 8 1 1 0 0 
1 0 0 0 0 0 1 7 5 2 0 0 
1 0 0 0 0 0 1 0 6 2 0 0 
0 0 1 0 0 0 0 7 7 1 0 0 
2 1 0 0 1 0 1 1 2 0 0 0 
2 0 0 0 0 1 0 7 5 2 1 1 
0 0 0 0 0 0 1 7 6 0 0 1 
2 1 1 1 0 0 2 7 4 0 1 0 
2 0 0 0 0 0 3 2 4 1 1 1 
0 0 1 0 1 0 1 6 9 2 1 0 
1 0 0 1 0 1 2 8 9 1 1 0 
1 1 0 1 0 1 0 9 3 2 0 0 
0 0 0 0 0 0 2 5 7 1 0 0 
1 1 0 0 0 0 0 6 9 1 1 1 
1 0 0 0 0 0 1 7 2 1 0 0 
1 1 0 0 0 0 0 7 0 1 0 0 
1 0 0 0 1 0 3 1 3 2 0 0 
1 1 0 0 0 0 3 3 7 0 0 0 
0 0 0 0 0 0 1 9 8 2 0 0 
2 0 0 0 0 0 0 9 8 1 0 0 
1 1 0 1 0 0 2 1 2 0 0 0 
1 0 0 1 0 1 0 1 5 2 0 0 
1 0 0 1 1 1 0 4 4 0 0 1 
2 0 0 0 0 1 3 6 7 1 1 0 
1 0 1 1 0 1 0 8 9 2 0 1 
2 0 0 0 0 1 1 0 2 1 0 1 
0 1 0 1 1 0 3 8 7 2 0 0 
1 1 0 0 0 0 3 0 4 1 1 0 
1 1 1 0 0 0 2 4 0 0 0 0 
1 1 0 1 0 1 0 0 2 0 1 1 
1 0 1 1 0 1 1 2 6 2 0 0 
2 0 0 0 1 1 1 9 0 1 1 0 
0 0 0 0 0 0 2 1 3 1 0 0 
2 1 0 1 1 1 3 0 0 0 1 1 
1 0 0 0 1 0 0 6 7 2 0 1 
1 1 0 0 0 0 2 1 1 0 0 0 
0 1 0 0 0 0 0 7 1 0 1 0 
2 0 1 1 1 0 3 2 0 2 1 1 
0 1 0 0 0 0 1 6 6 2 0 0 
0 0 0 0 1 0 3 8 3 1 0 1 
2 0 1 0 0 1 2 5 8 0 1 1 
1 1 0 1 0 1 1 4 1 0 0 1 
0 0 0 0 0 0 3 4 0 1 1 0 
2 0 0 0 0 0 2 6 3 0 0 0 
1 0 0 0 0 0 0 3 4 0 0 0 
2 1 0 0 0 0 0 4 3 0 0 1 
2 0 1 0 1 0 3 0 6 2 1 1 
2 1 1 0 0 1 1 6 7 2 0 1 
2 1 0 1 0 1 2 1 0 1 0 0 
2 0 0 0 0 0 0 3 1 0 0 0 
2 0 0 0 0 0 1 1 3 0 0 0 
0 0 1 0 1 0 0 7 3 1 0 0 
1 0 0 0 0 0 0 9 7 2 0 0 
2 1 1 0 0 1 1 1 1 2 1 1 
2 0 0 0 0 0 1 3 6 0 0 0 
0 0 0 0 0 0 1 5 8 1 0 0 
1 1 1 1 0 1 0 6 2 1 1 0 
0 0 0 0 0 0 3 6 4 0 0 0 
0 0 0 0 0 0 1 2 3 0 0 0 
2 0 1 0 0 1 0 4 8 2 1 0 
0 0 1 1 0 0 0 2 2 2 0 1 
0 0 1 1 0 1 1 9 9 2 0 0 
0 0 0 0 0 0 1 8 2 2 0 0 
0 0 0 1 0 1 0 5 2 1 1 1 
0 0 1 0 0 0 0 3 0 1 0 0 
2 0 0 0 0 0 1 9 5 2 0 0 
1 1 1 0 1 1 1 5 8 1 1 1 
0 0 1 1 1 1 0 3 5 1 1 1 
2 1 1 0 1 0 1 4 8 0 0 0 
0 1 1 0 0 0 2 5 2 0 1 1 
1 1 0 1 1 1 3 4 9 2 0 0 
1 0 0 1 0 0 2 9 5 2 0 0 
0 0 1 0 1 0 1 5 3 2 0 0 
1 0 0 0 0 0 0 2 6 0 0 0 
2 0 1 1 1 1 2 9 0 2 0 1 
2 0 1 0 0 0 0 7 8 2 0 0 
0 0 0 0 0 0 0 3 2 2 0 0 
0 0 0 0 1 0 1 6 8 2 0 0 
2 0 1 0 1 0 0 7 4 1 0 1 
2 1 0 1 0 0 0 1 9 1 1 0 
2 0 0 0 0 1 1 2 9 1 0 0 
0 0 0 0 0 1 2 5 3 0 0 1 
1 1 1 1 0 0 3 0 9 1 1 0 
1 1 0 0 0 1 2 0 9 0 0 0 
2 1 0 1 0 0 2 5 0 0 0 0 
1 1 0 1 0 0 2 0 8 0 0 0 
0 0 0 1 0 0 0 7 0 2 1 0 
0 1 1 1 1 0 3 5 7 0 1 0 
0 0 0 0 0 0 0 3 0 0 1 1 
2 0 0 0 0 0 0 1 0 1 1 0 
0 0 0 1 0 0 3 3 2 1 1 1 
1 0 1 1 0 1 0 3 3 1 1 0 
1 1 1 0 0 1 2 7 6 2 0 1 
0 0 0 0 0 0 0 2 0 2 0 0 
0 0 0 0 0 1 3 4 6 0 1 0 
0 1 0 1 0 1 1 4 8 0 1 0 
1 0 0 0 0 0 0 5 0 1 0 0 
1 0 0 0 0 0 2 6 7 0 0 0 
1 1 1 0 1 0 0 8 6 0 1 0 
0 1 0 0 0 0 2 4 3 0 0 0 
1 0 1 1 0 0 0 1 6 0 1 1 
0 1 0 0 0 0 0 3 7 1 0 0 
2 0 0 0 1 0 1 8 0 0 0 0 
2 0 0 1 0 0 3 7 9 0 0 0 
0 1 0 1 0 1 2 6 2 0 1 0 
0 0 1 0 0 0 1 5 6 0 1 1 
2 1 0 0 0 0 1 5 6 1 0 0 
1 0 0 0 1 0 3 1 0 2 0 0 
1 1 1 0 1 0 2 3 5 0 0 1 
0 1 1 0 0 1 0 3 1 2 0 0 
1 1 1 1 1 0 2 8 3 2 1 1 
0 1 0 1 0 1 2 3 0 0 1 0 
1 0 1 0 0 0 2 1 0 2 1 1 
0 0 0 1 0 1 2 4 5 1 1 0 
0 0 0 1 1 1 2 4 3 2 1 0 
1 0 0 0 1 0 0 4 5 0 1 0 
0 1 0 0 1 1 3 4 8 1 0 0 
2 1 1 1 1 1 3 4 0 1 0 0 
2 0 1 0 0 0 1 5 9 2 0 1 
1 0 1 1 1 1 1 4 3 0 0 1 
0 0 0 0 1 0 3 5 1 0 0 1 
1 0 0 0 0 1 1 9 1 0 0 0 
2 0 1 1 0 0 1 9 4 1 0 0 
2 0 1 0 1 0 2 0 9 0 1 1 
1 0 0 1 0 0 1 0 0 1 0 0 
2 0 0 0 0 1 2 4 2 0 0 1 
0 0 0 0 1 1 3 2 8 0 1 0 
0 1 0 1 1 0 1 6 3 1 0 1 
0 1 0 1 0 1 2 1 9 2 0 0 
2 1 1 1 1 1 2 8 5 2 1 0 
2 0 1 0 1 0 2 9 4 2 0 1 
0 0 0 0 0 0 0 0 7 2 0 0 
0 1 0 0 1 0 3 9 2 0 1 1 
2 0 0 0 0 0 0 6 7 0 0 0 
0 1 1 0 0 0 3 3 5 2 0 1 
1 0 0 0 0 1 2 7 4 0 0 0 
2 1 0 1 1 0 3 1 6 1 0 1 
1 0 0 0 0 0 0 0 4 2 0 0 
2 1 0 0 1 1 1 7 7 1 0 1 
0 1 1 0 1 0 3 9 9 1 1 0 
1 1 1 0 1 1 1 3 7 2 1 0 
0 1 0 1 1 0 1 9 0 0 1 1 
2 0 0 1 1 1 0 9 6 2 0 0 
0 0 0 0 0 0 1 1 1 0 0 0 
1 1 1 1 0 1 2 5 7 2 0 1 
2 1 1 1 0 1 1 1 6 2 0 0 
2 0 1 1 0 1 0 7 7 2 1 1 
1 1 0 0 0 0 0 3 3 2 1 1 
0 0 0 0 0 0 3 2 0 0 1 0 
1 0 0 1 0 0 2 4 8 0 0 1 
1 1 0 0 0 0 1 6 0 1 0 1 
2 1 1 0 0 0 2 0 7 1 0 0 
0 0 1 0 0 0 3 1 6 0 0 0 
1 1 1 0 0 1 3 1 9 0 0 1 
0 0 1 1 1 0 0 9 7 2 1 0 
0 1 1 0 0 0 0 2 6 0 0 0 
1 0 1 0 1 1 3 2 6 0 1 1 
2 1 0 0 0 0 2 4 8 0 0 0 
2 0 0 0 0 0 0 0 2 1 0 0 
1 0 0 0 0 1 1 6 6 0 0 0 
2 1 1 0 0 0 1 2 5 0 1 1 
1 0 0 0 0 0 3 3 3 0 0 0 
1 1 0 0 1 1 3 5 3 1 0 1 
0 1 1 0 0 0 3 0 7 1 1 1 
1 0 1 1 0 1 3 7 3 0 1 1 
1 0 1 0 1 0 0 6 5 1 1 0 
2 1 1 0 0 0 1 9 6 2 0 0 
0 1 1 0 1 1 0 4 6 1 1 0 
0 0 1 0 0 0 3 5 3 0 0 0 
2 0 0 0 1 0 0 5 7 1 0 1 
2 1 1 1 1 0 1 7 3 1 0 1 
1 0 0 0 0 0 3 2 1 0 0 0 
2 0 1 0 0 0 0 2 3 1 0 1 
0 0 0 0 0 0 3 9 1 2 0 0 
2 0 0 1 1 0 3 0 5 0 0 1 
1 0 1 1 1 0 0 0 5 2 1 0 
0 0 0 0 0 0 0 2 2 0 0 0 
1 0 0 0 0 0 3 1 1 2 0 0 
2 0 0 0 0 1 0 6 9 0 0 0 
2 0 1 1 1 1 1 6 0 0 0 0 
1 0 0 1 0 1 1 3 5 0 1 1 
2 0 0 1 0 0 0 4 0 1 0 0 
2 1 0 0 0 0 3 8 6 0 0 0 
0 0 0 0 0 0 0 7 4 0 0 0 
2 0 0 0 0 0 3 6 4 2 0 0 
2 0 1 1 0 1 2 3 1 1 0 1 
0 0 1 0 0 0 2 0 5 2 0 1 
1 0 0 0 0 0 1 5 6 0 0 0 
0 0 0 0 0 0 1 6 2 2 0 0 
0 0 0 0 0 0 2 7 7 2 0 0 
0 1 0 0 0 0 1 1 4 1 1 1 
1 0 0 0 0 0 0 9 4 1 1 0 
0 0 0 0 1 1 0 8 3 0 0 1 
2 0 0 0 0 0 0 6 0 0 0 0 
1 0 0 0 0 0 2 5 9 0 0 0 
2 1 1 0 0 1 0 5 7 1 1 0 
1 1 1 0 1 0 1 7 5 1 1 0 
0 1 1 0 1 0 2 0 1 1 0 1 
1 0 0 0 0 1 1 4 2 0 0 0 
2 0 0 0 0 0 2 0 4 2 0 1 
2 0 0 0 0 0 1 4 0 1 1 1 
0 0 0 1 0 0 1 1 8 2 1 0 
0 0 0 0 0 1 1 3 7 0 0 0 
2 1 0 1 0 1 1 8 8 2 1 0 
1 1 0 1 0 1 3 4 7 1 0 1 
0 1 1 0 0 1 3 8 5 0 1 1 
2 0 0 1 0 0 2 5 9 2 0 0 
2 0 0 0 1 1 1 7 2 2 1 0 
1 1 1 1 0 0 1 2 2 0 1 1 
0 0 0 0 0 0 0 5 3 1 0 0 
0 0 0 1 0 1 2 6 6 0 0 1 
0 1 1 1 1 0 3 4 1 0 0 1 
0 0 0 0 0 0 1 6 0 0 0 0 
0 0 0 0 0 0 2 0 8 2 0 0 
1 0 0 0 1 1 2 2 4 0 1 1 
0 0 0 0 1 0 0 4 1 0 1 0 
0 1 0 1 0 0 3 6 1 1 1 1 
0 0 0 0 1 0 0 0 7 1 0 1 
2 0 1 0 1 0 2 3 0 0 0 0 
1 0 0 1 0 0 2 9 6 1 0 0 
1 0 0 0 0 0 2 2 6 1 0 0 
0 0 0 0 0 0 3 6 8 0 0 1 
2 0 0 0 1 1 0 1 1 1 1 1 
1 0 0 0 0 0 2 0 5 0 0 0 
1 0 0 0 1 0 3 4 0 0 0 1 
0 0 0 1 1 0 2 9 8 1 1 0 
1 1 0 0 0 0 2 3 0 2 0 1 
2 1 0 0 1 0 3 7 3 0 0 0 
1 1 1 0 0 0 0 3 8 1 0 1 
2 1 0 0 1 1 3 5 0 1 1 0 
0 0 0 1 0 0 2 5 5 1 0 1 
0 0 0 0 0 0 1 5 9 0 0 0 
2 0 0 1 0 0 3 0 8 2 1 0 
1 1 1 0 1 0 0 2 4 2 0 0 
1 0 0 1 0 0 1 6 9 0 1 0 
0 0 0 0 0 0 3 2 3 1 0 0 
2 0 1 1 0 0 0 3 6 1 0 1 
0 0 0 0 0 0 3 6 8 0 1 0 
0 0 0 0 1 0 3 9 0 2 1 0 
0 0 0 0 0 0 3 4 6 2 0 0 
0 1 1 1 0 0 0 1 0 2 0 1 
1 0 0 0 0 0 3 9 9 2 0 0 
1 1 0 1 0 0 3 4 5 1 1 1 
0 0 0 0 0 0 1 4 9 2 0 0 
1 0 1 0 1 0 3 4 7 1 1 0 
1 0 1 0 0 1 0 5 9 2 1 0 
2 0 0 0 1 0 2 0 0 1 1 1 
1 0 1 0 0 0 1 9 6 1 1 0 
1 0 1 0 1 1 3 2 5 1 0 0 
1 0 0 1 0 0 2 2 8 0 0 0 
0 1 1 0 1 0 1 4 2 1 1 1 
2 1 1 1 0 1 2 4 6 2 1 0 
0 0 0 1 0 1 1 5 0 1 0 0 
1 0 1 0 1 1 3 7 0 1 0 1 
2 0 1 0 1 1 2 7 3 1 1 1 
0 1 0 0 0 0 0 0 0 2 1 0 
0 0 0 0 0 0 0 9 8 0 0 1 
0 1 1 0 0 0 3 4 3 2 1 1 
2 0 0 0 1 0 0 3 4 0 0 1 
1 1 0 0 0 0 1 0 2 2 0 0 
2 0 0 1 0 1 1 1 0 2 1 0 
0 1 1 1 1 0 0 9 5 0 1 0 
2 0 0 0 0 0 0 0 3 0 0 0 
0 0 0 0 1 0 3 9 9 0 1 0 
1 0 1 0 1 1 3 9 3 2 1 0 
0 1 1 0 1 1 1 6 5 2 1 0 
0 1 1 0 1 1 3 3 0 2 0 1 
2 0 1 0 1 0 2 9 6 0 0 1 
2 0 0 0 0 0 1 3 1 2 1 0 
1 0 0 1 0 0 0 3 1 1 0 1 
2 1 0 1 1 0 1 9 9 2 1 1 
2 0 0 0 0 0 3 6 2 0 0 0 
1 0 1 1 1 0 2 9 1 2 1 1 
2 0 0 0 1 1 2 2 1 0 0 0 
0 1 1 1 1 0 2 3 6 0 0 1 
0 0 0 0 0 1 0 5 4 1 0 0 
1 0 0 0 0 0 2 1 5 0 0 1 
0 1 0 0 1 0 1 7 8 0 0 0 
1 0 1 0 0 0 1 3 4 2 1 0 
2 0 0 1 0 1 0 3 7 2 0 1 
2 0 1 1 0 1 0 8 1 2 0 1 
0 0 0 0 0 0 3 9 4 2 0 0 
1 0 1 1 0 1 2 8 0 1 0 0 
1 0 0 1 0 0 3 4 6 1 0 0 
0 0 0 0 1 0 2 9 9 1 0 0 
0 0 0 0 0 0 0 8 5 2 0 0 
0 0 0 0 0 0 3 5 8 1 0 0 
1 0 1 0 1 1 3 0 7 2 0 1 
0 1 1 1 0 1 3 1 3 1 1 0 
2 0 0 0 0 0 0 6 3 1 0 0 
2 1 1 0 1 0 1 0 8 1 0 0 
2 0 0 0 0 0 0 8 6 2 0 0 
2 0 1 0 0 0 2 5 5 2 1 0 
1 0 0 1 1 1 1 5 4 2 0 0 
1 0 0 0 0 0 0 1 0 1 0 0 
2 0 0 0 0 1 1 7 0 1 1 1 
0 1 0 0 1 1 3 2 0 1 0 0 
2 1 0 1 1 1 2 6 9 2 1 1 
0 0 1 1 1 1 3 8 4 1 1 1 
0 0 0 1 1 0 3 7 0 0 0 0 
2 0 0 0 0 0 2 5 6 0 1 0 
1 0 0 0 0 0 0 4 3 0 0 0 
2 0 0 0 0 1 3 1 9 1 0 0 
0 0 0 0 0 0 1 2 8 0 0 0 
1 0 1 1 1 0 2 5 0 1 0 0 
1 0 0 0 0 0 0 2 2 1 0 0 
0 0 0 0 0 0 3 8 2 2 0 0 
1 1 1 1 1 0 1 4 0 1 0 0 
2 0 0 0 1 0 2 8 9 2 0 0 
0 0 0 1 0 1 3 1 0 1 0 1 
0 0 0 1 1 0 3 0 3 2 0 1 
2 0 0 1 0 0 1 9 3 1 1 1 
0 1 0 0 0 1 2 9 1 2 1 0 
2 0 0 0 0 0 1 1 9 2 0 0 
0 1 1 0 0 0 1 8 0 1 1 1 
1 1 0 1 0 1 0 0 1 0 0 1 
1 0 1 1 0 0 3 6 8 2 0 0 
1 0 0 0 0 0 3 4 2 2 0 0 
0 0 1 1 0 1 2 5 9 0 1 1 
1 1 0 0 0 0 1 7 8 2 1 1 
2 0 0 0 0 0 1 5 4 0 0 0 
0 0 0 0 0 0 1 5 2 1 0 0 
0 1 1 0 0 1 2 9 8 1 0 1 
0 0 0 0 0 0 1 0 7 1 0 0 
1 1 1 1 1 1 1 6 7 0 1 0 
0 1 0 0 1 1 0 2 3 1 1 0 
0 0 0 0 0 1 3 5 2 0 0 1 
1 1 0 1 0 0 3 3 9 2 1 1 
2 0 1 1 0 1 2 7 6 1 1 0 
2 0 0 0 0 0 0 6 2 2 0 0 
2 0 0 0 0 1 2 8 3 0 0 0 
0 1 0 1 0 0 2 6 3 0 0 0 
0 1 0 1 1 1 1 5 1 1 0 1 
2 0 0 0 0 0 0 3 0 2 0 0 
0 0 0 0 0 1 0 5 5 0 0 1 
2 1 0 1 0 1 3 7 4 1 0 0 
1 0 0 0 0 0 0 9 2 0 0 0 
1 1 0 0 0 1 0 6 5 1 0 0 
2 1 0 0 1 1 1 8 6 0 1 1 
0 1 1 1 0 1 3 3 7 1 0 0 
0 0 1 1 1 1 1 2 9 0 1 0 
0 0 1 1 0 0 1 6 6 1 0 0 
2 1 1 1 0 1 1 5 3 0 0 0 
1 0 1 0 0 1 1 3 6 0 1 0 
2 0 1 1 1 0 1 6 2 1 1 0 
2 0 0 0 0 0 0 4 0 0 0 0 
2 0 1 0 0 0 3 8 3 1 1 0 
2 0 1 0 0 0 0 1 3 1 0 1 
0 0 0 1 0 1 2 0 7 1 0 0 
1 0 0 1 1 0 2 7 5 1 1 1 
1 0 0 0 0 0 0 6 6 1 0 0 
2 0 0 0 1 0 1 4 1 0 1 0 
2 0 0 1 0 1 1 6 4 2 0 0 
0 0 0 0 1 0 2 0 7 0 1 1 
2 0 0 0 0 0 3 6 0 1 0 0 
0 0 0 0 0 1 1 2 1 0 0 1 
1 1 0 1 1 1 0 6 6 2 0 1 
1 0 0 0 0 0 3 7 9 1 0 0 
0 0 0 1 1 1 0 6 8 1 0 1 
1 1 0 1 1 1 3 9 1 1 0 0 
0 1 0 0 1 1 0 2 2 2 1 0 
2 0 0 0 0 0 3 3 6 0 0 0 
0 1 0 0 1 0 1 3 3 1 0 1 
0 0 0 0 0 0 1 6 1 0 0 0 
1 1 0 1 1 0 3 1 4 2 0 0 
0 0 0 1 1 1 2 1 5 0 0 0 
0 1 0 0 1 0 3 2 6 2 0 0 
0 0 1 0 1 1 3 6 0 2 0 1 
2 1 0 0 1 1 2 5 4 2 0 1 
0 0 1 0 0 0 1 2 5 2 0 0 
2 0 1 0 0 0 0 9 3 2 0 1 
0 0 0 0 1 0 1 2 6 1 0 0 
1 0 0 1 0 1 2 5 6 1 0 1 
1 0 0 0 1 0 2 6 3 2 0 0 
0 1 1 0 0 0 3 2 4 0 0 0 
2 0 0 0 0 0 3 5 8 2 0 0 
2 0 1 1 0 0 3 8 7 0 0 1 
1 0 1 0 0 1 3 7 7 2 0 0 
1 0 1 0 1 0 0 5 3 0 0 0 
2 0 0 1 0 0 0 4 6 1 0 1 
2 0 1 1 0 1 1 6 8 0 0 1 
2 0 1 0 0 0 2 5 7 0 0 1 
0 0 0 0 0 0 1 7 9 2 0 0 
0 0 1 0 0 0 0 8 9 0 1 0 
1 0 0 0 0 0 3 2 7 0 0 0 
2 0 0 0 0 0 0 8 8 0 0 0 
0 0 1 0 0 0 2 7 9 1 0 0 
0 0 0 0 0 0 1 0 8 0 0 0 
1 1 0 1 1 0 0 5 9 0 1 1 
0 1 1 1 1 0 2 5 8 2 0 0 
0 0 0 0 0 0 2 2 4 1 0 0 
0 0 0 1 1 0 1 0 9 1 0 0 
2 1 1 0 0 1 2 2 9 2 0 0 
1 0 0 0 0 0 2 7 7 1 0 0 
0 0 0 1 0 0 3 0 6 0 0 0 
0 0 0 0 0 0 0 6 9 1 0 0 
2 1 1 0 0 0 0 2 8 0 1 0 
2 1 1 0 1 0 2 0 2 0 1 0 
2 1 0 1 0 1 3 8 3 0 1 1 
2 0 0 0 0 0 1 6 9 1 0 0 
2 0 0 0 1 1 2 4 0 2 0 1 
1 0 1 0 1 0 0 6 0 1 1 0 
1 0 0 1 1 1 2 5 2 0 0 0 
1 0 0 0 0 1 2 1 2 2 0 1 
2 0 0 1 1 1 1 7 9 1 0 1 
0 1 1 1 0 1 2 2 5 1 0 1 
1 1 0 1 0 0 3 9 4 0 0 1 
1 1 0 0 1 0 0 8 0 1 1 1 
2 0 0 1 1 0 2 3 2 2 1 0 
0 0 0 0 0 0 0 4 6 0 1 1 
1 1 1 0 0 0 2 1 7 1 1 1 
0 1 0 0 1 0 1 0 5 0 0 0 
1 0 0 1 0 1 1 8 7 2 1 1 
0 1 0 0 1 0 0 1 5 0 0 1 
0 1 0 0 0 0 0 1 6 0 1 0 
1 0 0 0 1 1 0 6 8 2 0 0 
1 0 0 0 0 1 3 4 8 0 1 1 
0 0 0 0 0 1 0 0 5 1 0 1 
1 0 0 0 0 0 3 9 2 1 0 0 
1 0 0 0 0 1 2 8 6 0 0 0 
0 0 1 0 0 0 1 3 9 0 0 1 
0 0 0 0 0 0 2 6 0 2 1 0 
1 0 0 1 0 1 0 7 9 0 0 0 
2 1 1 1 1 0 0 1 8 0 0 0 
2 0 0 0 0 0 1 0 4 1 0 0 
1 0 0 1 1 0 1 8 6 2 0 0 
0 1 0 0 0 0 0 1 8 2 0 1 
2 0 1 0 1 0 0 3 7 0 1 0 
1 0 0 1 1 1 3 6 9 1 0 1 
1 1 1 1 0 0 0 7 6 0 1 1 
2 1 1 0 0 0 3 0 0 2 0 0 
2 1 0 1 1 0 3 9 3 1 0 0 
1 0 0 0 1 0 0 0 8 1 1 1 
2 0 0 0 0 0 2 9 5 0 0 0 
0 0 0 1 0 0 0 3 7 0 1 0 
0 1 1 0 0 1 1 2 7 1 1 0 
0 0 0 0 0 0 0 3 8 0 0 0 
2 0 0 1 0 0 1 6 0 2 1 0 
0 0 0 0 0 0 3 6 3 1 0 0 
0 1 0 1 1 0 0 5 0 2 0 0 
2 1 0 1 0 1 2 2 2 2 0 0 
2 0 0 0 1 1 3 0 9 2 0 0 
0 0 0 0 0 0 1 5 3 0 0 1 
0 0 0 0 0 0 0 2 8 2 0 0 
0 0 1 0 1 0 0 8 8 0 0 0 
0 1 0 0 1 1 0 0 3 1 1 0 
1 0 0 0 1 0 1 0 3 1 0 0 
2 1 0 1 1 0 2 8 6 1 1 0 
2 0 0 1 1 1 2 1 8 2 0 0 
0 1 0 0 0 1 2 0 2 2 1 1 
0 0 0 0 0 0 3 3 9 0 0 0 
1 1 1 0 1 0 0 6 3 0 0 1 
1 1 1 0 0 0 3 0 1 0 0 1 
2 0 1 1 0 0 3 3 1 0 1 0 
0 0 0 1 0 1 3 1 8 0 0 1 
0 1 0 0 0 0 2 8 0 0 1 1 
0 0 0 0 0 0 2 9 2 2 0 0 
1 0 1 0 0 1 1 4 6 2 0 1 
2 0 0 0 0 0 1 4 6 0 0 0 
0 0 0 0 0 0 3 8 6 2 0 0 
2 1 1 1 1 0 1 2 1 0 1 1 
0 0 0 0 0 0 0 8 2 1 0 0 
1 1 1 1 0 0 2 4 2 0 1 0 
1 0 0 0 0 0 0 1 1 0 1 0 
0 1 1 0 0 1 0 5 6 0 0 0 
0 0 0 1 1 0 0 9 3 0 1 1 
0 0 1 0 0 1 3 5 8 0 0 1 
0 1 1 1 1 0 1 3 8 0 0 0 
0 0 1 0 1 1 3 8 0 2 0 0 
1 0 0 0 0 0 0 7 9 0 0 0 
1 1 0 1 1 1 2 5 5 0 1 0 
2 1 1 1 0 1 2 3 9 0 0 0 
2 0 0 1 0 0 3 3 5 0 1 0 
0 0 0 0 0 0 1 6 4 1 1 1 
0 0 0 0 0 0 0 1 6 2 0 0 
0 0 1 1 0 0 3 4 9 0 0 0 
1 0 1 0 0 1 0 2 9 0 1 1 
0 0 0 0 1 0 0 0 1 0 1 0 
2 0 1 1 1 0 2 9 2 0 1 1 
1 0 0 0 0 0 3 8 3 2 0 0 
1 0 1 0 1 0 1 5 5 0 0 1 
1 0 0 0 1 0 1 5 9 1 1 1 
0 0 0 1 0 0 0 5 0 0 1 0 
2 0 0 1 1 0 2 4 1 1 0 0 
1 0 0 0 1 0 0 0 9 0 0 0 
2 0 0 0 0 1 2 0 6 0 0 1 
2 0 0 0 0 0 3 7 7 0 0 0 
1 0 0 1 1 1 0 9 0 0 0 0 
1 0 0 0 0 1 3 8 7 1 1 0 
1 0 0 0 0 0 3 2 4 0 0 0 
1 0 1 0 0 0 3 9 1 0 1 1 
0 0 0 1 0 0 3 0 9 0 0 1 
0 1 0 0 0 0 1 7 5 0 0 1 
1 0 0 0 0 1 1 5 7 0 1 0 
0 1 1 0 1 1 2 3 2 1 0 1 
0 1 0 1 1 0 1 3 1 2 0 0 
0 0 0 1 0 0 0 5 8 0 0 1 
2 1 0 0 0 0 2 4 5 0 0 1 
0 0 0 1 1 0 3 5 3 0 1 0 
1 1 0 0 0 0 3 2 0 2 0 0 
0 0 0 0 0 0 1 0 0 0 0 1 
1 0 0 0 0 0 3 3 6 0 0 1 
2 0 0 0 1 0 2 6 1 2 1 1 
0 0 0 0 0 1 2 2 0 2 0 1 
0 0 0 0 0 0 1 4 7 1 0 1 
0 1 1 0 1 0 1 7 1 2 0 1 
0 0 0 0 0 0 2 9 6 2 0 0 
0 1 1 1 1 1 2 8 1 0 0 0 
2 0 0 0 1 1 2 8 8 2 0 1 
0 0 0 0 0 0 2 0 4 1 0 0 
1 0 0 0 0 1 1 4 5 0 0 0 
2 1 0 0 0 1 0 6 6 0 1 0 
0 0 0 0 0 1 2 9 0 1 1 0 
0 1 0 0 0 0 0 2 5 0 0 0 
1 0 0 1 1 1 1 1 1 0 1 1 
2 1 0 1 1 1 1 8 2 0 0 0 
0 0 1 1 1 0 2 7 1 0 1 1 
0 0 0 0 0 0 1 5 8 2 0 0 
1 1 0 1 0 1 3 9 7 0 0 1 
2 0 0 1 1 1 1 1 9 0 0 0 
0 1 1 0 1 1 1 1 8 1 0 1 
1 0 0 0 0 0 2 2 2 0 0 0 
0 1 0 0 1 0 1 8 5 1 0 0 
0 0 1 0 0 0 3 7 4 0 0 0 
0 1 0 0 0 0 1 6 3 0 1 0 
2 1 0 0 0 0 0 6 2 1 0 1 
1 0 1 1 1 0 0 0 2 2 0 0 
2 0 0 0 0 0 1 3 7 0 0 0 
0 1 0 0 0 1 0 8 9 0 0 0 
1 0 0 1 0 0 3 2 9 1 1 1 
1 1 0 1 1 0 1 3 6 1 0 0 
2 1 0 1 1 0 2 2 3 0 0 1 
1 0 1 0 1 0 2 7 2 0 1 1 
0 1 1 1 0 0 1 1 9 0 1 0 
2 1 1 0 0 1 0 8 8 1 1 1 
2 0 0 1 0 1 3 9 9 1 0 1 
1 1 0 0 0 0 1 5 0 2 1 1 
2 0 0 0 0 0 0 0 0 0 0 0 
2 1 1 0 0 0 1 0 6 0 1 0 
0 0 0 1 1 0 0 4 5 0 0 0 
0 1 1 1 0 0 0 8 3 0 1 0 
2 0 1 0 0 0 2 9 7 1 0 0 
1 0 0 0 0 0 3 3 5 1 0 0 
0 0 0 0 0 0 0 6 7 0 1 1 
0 0 0 0 0 0 2 7 2 2 0 1 
1 0 0 1 1 1 2 9 7 0 0 0 
1 0 0 1 0 1 3 8 0 0 1 1 
0 0 0 0 1 0 0 5 0 0 0 1 
1 0 0 1 1 1 1 4 7 0 1 0 
0 0 0 0 0 0 0 0 8 2 0 0 
2 0 0 1 1 1 3 8 2 1 1 1 
2 1 0 0 0 0 1 4 4 0 1 1 
0 0 1 0 1 1 3 5 5 2 0 0 
1 1 1 0 0 0 0 5 2 1 0 0 
0 0 0 0 0 0 0 5 7 2 0 0 
0 0 1 0 1 1 3 9 7 0 0 0 
1 0 0 0 1 0 2 7 9 2 1 1 
0 0 0 0 0 0 3 0 5 2 0 0 
1 0 0 0 0 0 3 1 2 0 0 0 
2 1 0 0 1 0 2 3 1 1 1 0 
1 1 1 0 1 0 3 2 3 0 0 0 
0 0 0 0 0 0 1 1 1 1 0 0 
2 0 1 1 1 1 2 6 7 1 0 1 
0 0 0 0 1 0 0 8 9 1 0 0 
0 0 0 0 0 0 3 8 9 2 0 0 
2 0 1 0 0 0 0 5 3 2 1 1 
0 0 0 1 0 1 0 8 6 0 0 1 
0 0 1 1 0 1 3 9 2 2 0 1 
0 0 1 1 0 0 0 1 1 2 0 1 
0 0 0 0 1 0 1 5 4 1 0 1 
1 0 0 0 0 0 2 4 6 0 0 0 
2 0 0 0 0 1 0 6 1 0 1 1 
0 0 0 0 0 0 2 9 4 0 0 0 
0 0 0 0 0 0 0 9 1 1 0 1 
1 0 1 0 1 1 1 0 8 2 0 0 
2 1 1 0 0 1 3 0 5 0 0 0 
2 0 0 0 0 0 2 9 9 0 0 0 
0 0 0 0 0 0 1 9 1 2 0 0 
1 0 0 0 0 1 0 7 5 1 0 0 
0 0 0 1 0 0 0 6 6 0 1 0 
2 1 0 0 0 1 1 4 4 0 0 1 
1 0 0 0 0 0 3 5 6 0 0 0 
2 1 0 0 0 1 1 4 4 0 1 0 
2 1 0 0 0 1 1 4 4 0 1 1 
1 0 1 0 1 0 2 6 6 2 1 0 
2 0 0 1 1 1 2 0 3 2 0 0 
1 0 0 0 0 1 0 1 7 2 1 0 
2 0 0 0 0 0 0 5 9 1 0 0 
0 0 0 1 0 0 3 4 8 2 0 0 
2 0 0 0 0 0 1 0 0 2 0 0 
2 1 0 1 1 0 1 1 7 0 1 1 
0 0 0 0 0 0 0 3 4 1 0 0 
1 0 0 1 0 0 3 4 3 0 0 0 
2 1 0 0 0 0 2 9 0 0 0 0 
0 0 0 0 0 0 3 5 7 2 0 0 
0 0 0 0 1 0 1 3 5 0 0 0 
1 1 1 0 1 0 2 4 4 2 1 0 
1 0 0 0 0 0 1 4 4 1 0 0 
0 0 1 0 0 1 1 2 2 1 0 1 
2 0 0 1 1 0 2 8 0 2 0 0 
0 0 0 1 1 1 0 8 5 0 0 0 
0 0 0 0 0 0 0 7 5 0 0 0 
1 0 0 0 0 1 1 6 5 0 0 0 
2 0 0 0 1 0 3 3 7 2 1 1 
0 1 0 0 1 1 0 0 9 2 1 1 
0 0 1 1 0 1 3 2 3 2 0 1 
0 1 0 1 0 0 0 3 4 2 0 1 
2 0 0 0 1 0 3 4 7 0 0 0 
0 0 0 0 0 0 2 0 7 2 0 0 
0 0 1 0 1 0 0 4 7 1 0 1 
2 0 1 0 1 0 3 8 1 2 0 0 
2 0 1 0 0 0 3 5 9 0 0 0 
1 0 1 0 0 0 1 0 9 2 0 1 
0 0 0 0 0 0 2 6 5 1 0 0 
2 1 1 0 1 1 0 0 7 0 0 0 
0 0 0 0 0 1 2 2 8 1 0 0 
0 0 0 0 0 0 2 5 2 2 0 0 
0 1 0 1 1 1 1 0 4 0 0 0 
1 0 0 0 0 0 0 3 9 0 0 1 
1 0 0 0 1 0 2 4 7 2 0 0 
1 0 0 1 0 0 3 5 5 0 1 1 
0 1 0 0 0 1 3 3 6 1 1 1 
2 0 0 1 0 1 0 0 6 1 0 0 
2 0 0 0 0 1 2 0 1 2 0 1 
0 1 0 1 0 1 0 8 0 1 0 0 
2 0 0 1 1 0 0 5 8 0 1 0 
2 1 0 1 0 1 2 1 5 1 0 0 
0 0 1 0 0 0 0 5 0 0 1 0 
0 0 0 0 0 1 1 7 1 2 1 0 
2 0 0 0 0 0 3 6 1 0 0 0 
0 0 0 0 1 0 0 6 2 0 0 0 
0 0 0 0 0 1 2 1 7 0 0 0 
1 0 0 0 1 0 0 7 3 2 0 0 
2 0 0 0 0 1 1 2 0 2 1 0 
2 0 0 1 0 0 3 0 7 0 0 0 
0 0 0 0 0 1 2 8 5 1 0 1 
2 0 0 1 0 0 3 6 6 2 0 0 
2 0 0 0 0 0 3 8 5 0 0 0 
0 0 1 1 0 0 2 6 2 2 0 1 
0 0 1 0 0 0 2 0 3 1 0 0 
2 0 0 0 0 0 0 7 1 2 0 0 
2 1 0 1 0 1 3 2 1 1 0 0 
1 0 0 0 0 0 3 2 2 2 0 0 
0 0 0 1 0 1 1 3 8 1 0 1 
1 0 0 0 1 1 3 4 1 2 1 0 
0 0 1 0 0 0 3 9 8 0 0 1 
2 0 0 0 0 0 0 8 3 2 0 0 
1 1 0 1 1 1 1 2 3 2 0 1 
0 1 0 1 1 0 3 2 5 2 0 0 
2 0 0 0 0 0 0 2 6 2 1 0 
0 0 0 1 0 0 1 7 2 0 0 0 
0 0 0 0 0 0 2 2 9 0 0 0 
1 0 1 1 1 0 0 0 3 1 0 1 
0 1 0 0 0 0 0 4 4 1 1 0 
0 0 1 0 0 0 3 8 8 2 0 1 
0 1 0 0 1 0 0 1 9 0 0 0 
1 0 0 0 0 1 3 7 6 0 0 0 
0 1 0 0 0 0 1 4 9 1 0 0 
2 0 0 0 0 0 2 7 9 0 0 0 
1 0 0 1 0 1 0 6 3 0 1 0 
0 0 0 0 0 0 0 8 7 0 0 0 
2 0 0 1 1 0 1 4 2 2 1 0 
1 0 0 0 1 0 3 8 6 1 0 1 
1 0 0 0 1 0 1 2 0 0 0 0 
1 0 1 0 0 0 0 5 8 0 0 0 
1 0 1 1 1 0 2 3 4 1 1 0 
1 1 1 1 0 1 0 7 2 0 0 0 
0 0 1 0 1 0 2 2 3 0 1 0 
1 0 0 0 0 0 1 3 3 0 0 0 
MFS
[ 2 , 1 , - , 0 , 0 , 1 , 1 , - , 4 , - , 1 , 1 ]
precise
0.0
recall
0.0
F-measure
0.0
multi
0
time
all 26054 iden 0 gen 26054
t-cover
64696
all-cover
64696
(1 : 7577)  (2 : 7089)  (514 : 1)  (3 : 7080)  (515 : 1)  (4 : 4997)  (516 : 1)  (5 : 3194)  (517 : 1)  (6 : 3178)  (7 : 3541)  (8 : 3611)  (9 : 3065)  (10 : 2439)  (11 : 1777)  (12 : 1343)  (13 : 980)  (14 : 837)  (15 : 734)  (16 : 746)  (17 : 714)  (18 : 749)  (19 : 750)  (20 : 687)  (21 : 702)  (22 : 658)  (23 : 621)  (24 : 511)  (25 : 444)  (26 : 412)  (27 : 314)  (28 : 237)  (29 : 216)  (30 : 211)  (31 : 201)  (32 : 192)  (33 : 206)  (34 : 172)  (35 : 196)  (36 : 165)  (37 : 168)  (38 : 155)  (39 : 128)  (40 : 141)  (41 : 94)  (42 : 106)  (43 : 73)  (44 : 71)  (45 : 70)  (46 : 80)  (47 : 60)  (48 : 87)  (49 : 69)  (50 : 74)  (51 : 71)  (52 : 76)  (53 : 88)  (54 : 92)  (55 : 81)  (56 : 111)  (57 : 103)  (58 : 111)  (59 : 103)  (60 : 107)  (61 : 119)  (62 : 114)  (63 : 104)  (64 : 115)  (65 : 95)  (66 : 76)  (67 : 65)  (68 : 50)  (69 : 46)  (70 : 56)  (71 : 39)  (72 : 33)  (73 : 23)  (74 : 45)  (75 : 25)  (76 : 23)  (77 : 15)  (78 : 22)  (79 : 13)  (80 : 14)  (81 : 13)  (82 : 6)  (83 : 6)  (84 : 9)  (85 : 8)  (86 : 7)  (87 : 9)  (88 : 2)  (89 : 4)  (90 : 3)  (91 : 4)  (92 : 4)  (94 : 6)  (95 : 3)  (96 : 8)  (97 : 4)  (98 : 7)  (99 : 8)  (100 : 13)  (101 : 8)  (102 : 6)  (103 : 16)  (104 : 13)  (105 : 12)  (106 : 8)  (107 : 7)  (108 : 15)  (109 : 12)  (110 : 15)  (111 : 10)  (112 : 13)  (113 : 9)  (114 : 7)  (115 : 9)  (116 : 8)  (117 : 5)  (118 : 7)  (119 : 2)  (120 : 3)  (121 : 6)  (122 : 6)  (123 : 4)  (124 : 6)  (125 : 3)  (126 : 2)  (127 : 4)  (128 : 1)  (130 : 3)  (131 : 3)  (133 : 6)  (134 : 3)  (135 : 3)  (137 : 3)  (138 : 4)  (139 : 3)  (140 : 8)  (141 : 3)  (142 : 7)  (143 : 8)  (144 : 8)  (145 : 7)  (146 : 8)  (147 : 5)  (148 : 5)  (149 : 6)  (150 : 5)  (151 : 3)  (152 : 3)  (153 : 3)  (154 : 3)  (155 : 1)  (156 : 1)  (157 : 2)  (158 : 1)  (159 : 1)  (160 : 1)  (161 : 3)  (162 : 3)  (163 : 2)  (164 : 2)  (165 : 2)  (166 : 6)  (167 : 5)  (168 : 3)  (169 : 5)  (170 : 7)  (171 : 5)  (172 : 9)  (173 : 16)  (174 : 7)  (175 : 7)  (176 : 10)  (177 : 12)  (178 : 7)  (179 : 9)  (180 : 9)  (181 : 11)  (182 : 8)  (183 : 5)  (184 : 6)  (185 : 2)  (186 : 5)  (187 : 2)  (188 : 3)  (189 : 3)  (190 : 2)  (247 : 1)  (249 : 1)  (251 : 1)  (252 : 1)  (253 : 2)  (254 : 3)  (255 : 2)  (256 : 1)  (257 : 4)  (258 : 6)  (260 : 3)  (261 : 4)  (262 : 6)  (264 : 3)  (265 : 5)  (266 : 3)  (267 : 3)  (268 : 1)  (269 : 4)  (270 : 2)  (271 : 2)  (272 : 5)  (273 : 2)  (274 : 2)  (277 : 2)  (281 : 1)  (486 : 1)  (487 : 1)  (488 : 1)  (489 : 2)  (490 : 1)  (495 : 2)  (497 : 4)  (500 : 2)  (502 : 2)  (503 : 2)  (504 : 1)  (505 : 5)  (506 : 1)  (507 : 2)  (508 : 2)  (510 : 1)  (511 : 1)  
