testCase Num: 110
regaular Num: 50
identify Num: 60
4 0 0 0 1 0 1 0 0 1 
2 1 0 1 0 1 1 0 0 1 
5 0 1 0 1 1 0 0 1 0 
4 0 0 1 0 0 0 0 0 0 
3 1 1 1 0 0 0 0 1 0 
3 1 1 1 0 0 1 1 0 0 
2 0 0 1 0 1 1 1 1 0 
3 0 1 1 0 0 0 1 1 0 
5 0 0 1 0 1 0 1 0 0 
2 1 1 1 0 0 0 1 0 0 
3 0 0 0 0 0 0 0 0 0 
2 0 0 1 1 1 1 0 0 0 
3 0 1 0 0 0 1 1 1 0 
3 0 0 1 1 0 0 0 0 0 
3 0 1 1 1 0 0 1 0 1 
2 0 1 0 0 0 0 0 1 0 
3 0 0 0 1 0 0 0 1 0 
3 1 0 0 1 0 1 0 0 0 
3 1 1 1 0 0 1 1 1 0 
2 0 0 1 0 1 0 0 1 0 
3 1 0 1 0 0 0 0 0 0 
3 0 1 1 0 0 0 0 0 0 
3 1 1 0 1 1 0 0 0 1 
3 0 0 1 0 0 0 1 0 0 
2 1 1 1 0 0 1 1 0 0 
0 0 1 0 1 1 0 0 0 1 
2 0 0 1 0 0 0 1 1 0 
1 0 0 0 0 1 0 0 1 0 
2 1 0 0 0 0 0 0 0 0 
3 1 1 1 0 1 0 1 1 0 
2 1 1 1 0 1 1 1 0 0 
3 0 1 1 0 1 0 0 1 0 
2 0 0 1 1 0 1 0 1 0 
4 0 1 1 0 0 1 1 1 0 
5 0 1 0 0 1 1 0 0 0 
5 1 0 0 0 1 0 0 1 1 
2 1 1 0 0 0 1 1 0 0 
3 1 1 1 0 1 0 0 0 0 
3 1 1 0 0 1 0 0 1 0 
2 1 0 1 1 0 1 0 0 0 
3 0 1 1 0 1 1 1 1 0 
3 0 0 1 0 1 0 0 0 0 
2 1 0 0 1 0 1 0 1 1 
4 0 0 1 0 0 0 0 1 1 
0 1 0 0 0 1 0 0 0 0 
2 0 0 0 1 0 0 1 0 1 
1 1 1 0 1 0 0 0 1 1 
4 0 0 1 1 0 0 1 0 0 
4 0 1 1 0 1 0 0 0 1 
3 0 0 1 1 0 1 0 0 0 
2 0 1 1 0 0 1 1 0 0 
3 1 1 1 0 1 0 0 1 1 
3 1 1 1 0 1 0 0 1 0 
4 1 0 1 1 1 1 0 0 0 
3 1 0 1 0 1 0 0 1 0 
2 1 0 1 0 1 0 1 1 0 
3 0 0 1 0 1 0 1 1 0 
3 0 0 0 0 1 1 1 1 1 
1 1 0 1 0 0 1 1 0 0 
3 0 0 1 0 0 1 0 0 0 
1 0 0 0 0 1 0 1 0 1 
1 0 0 1 1 0 0 0 1 0 
0 0 0 0 0 0 0 0 0 0 
3 0 1 1 1 0 1 1 1 0 
2 0 0 1 1 1 0 1 1 0 
0 1 0 1 1 1 0 1 0 1 
5 1 1 1 1 0 1 1 0 1 
2 0 0 1 1 0 1 0 0 1 
2 0 0 1 1 0 1 0 0 0 
0 1 1 0 1 1 1 1 1 0 
1 0 0 0 0 0 1 1 1 0 
2 0 1 1 0 1 0 1 1 0 
3 0 0 1 0 0 1 1 1 0 
3 0 1 1 0 0 1 0 1 0 
2 1 1 1 0 0 1 1 0 1 
1 1 1 0 0 1 1 0 0 0 
2 0 0 1 0 0 1 0 0 0 
2 0 0 1 0 1 0 1 1 0 
2 0 0 1 0 1 0 1 1 1 
5 0 0 0 0 0 1 1 1 1 
4 0 1 0 1 1 1 1 1 0 
2 0 0 1 1 0 0 0 0 0 
2 0 0 0 1 0 1 0 0 0 
3 0 1 1 0 0 1 1 0 0 
4 1 1 1 0 1 0 0 1 0 
2 0 0 0 0 1 0 1 1 0 
3 1 0 0 0 0 0 1 0 0 
2 1 1 1 0 0 1 1 1 0 
3 0 0 1 0 0 0 0 1 0 
2 0 1 0 1 1 0 0 0 1 
5 1 0 1 0 0 0 0 0 0 
0 1 0 1 0 0 0 1 1 0 
0 0 0 0 1 0 1 1 0 0 
2 0 0 1 0 1 0 1 0 0 
3 1 1 1 0 1 1 0 1 0 
2 1 1 1 1 0 1 1 0 0 
2 0 1 1 1 0 1 0 0 0 
5 0 0 1 1 0 0 1 1 0 
4 1 0 0 0 0 1 0 1 0 
3 1 1 1 1 1 0 0 1 0 
2 0 0 1 1 0 1 1 0 0 
4 1 1 0 0 0 0 1 0 1 
1 0 1 1 1 1 1 1 0 1 
0 0 1 1 0 0 1 0 1 1 
3 0 1 1 0 0 1 1 1 1 
3 0 1 1 0 0 1 1 1 0 
3 0 0 1 0 0 0 0 0 1 
3 0 0 1 0 0 0 0 0 0 
2 1 1 1 0 0 1 0 0 0 
2 1 0 1 0 0 1 1 0 0 
MFS
[ 3 , - , - , - , - , - , - , - , - , 0 ]
[ - , - , - , - , - , - , - , - , - , 0 ]
[ - , - , - , 1 , - , - , - , - , - , 0 ]
[ 3 , - , - , 1 , - , - , - , - , - , 0 ]
precise
0.25
recall
0.25
F-measure
0.25
multi
2
time
all 84 iden 1 gen 83
t-cover
1533
all-cover
1536
(1 : 145)  (2 : 250)  (3 : 179)  (4 : 85)  (5 : 75)  (6 : 66)  (7 : 71)  (8 : 44)  (9 : 50)  (10 : 53)  (11 : 68)  (12 : 56)  (13 : 43)  (14 : 39)  (15 : 33)  (16 : 24)  (17 : 38)  (18 : 33)  (19 : 34)  (20 : 24)  (21 : 11)  (22 : 14)  (23 : 18)  (24 : 13)  (25 : 10)  (26 : 11)  (27 : 9)  (28 : 5)  (29 : 8)  (30 : 6)  (31 : 5)  (32 : 4)  (33 : 4)  (34 : 2)  (35 : 2)  (36 : 1)  (38 : 1)  (40 : 1)  (45 : 1)  
testCase Num: 99
regaular Num: 49
identify Num: 50
3 0 0 0 0 0 0 0 1 1 
5 1 1 1 1 1 0 0 0 0 
2 0 0 1 1 0 0 1 0 0 
3 0 1 1 1 1 1 0 1 0 
2 0 0 0 1 0 1 1 0 0 
3 1 1 0 1 1 1 1 0 0 
1 0 1 0 1 0 0 0 0 0 
2 1 0 0 0 0 0 0 1 0 
2 0 0 0 1 1 1 0 1 1 
2 0 0 0 1 1 1 0 1 0 
3 1 0 0 1 0 1 0 0 0 
2 1 0 1 1 0 1 1 0 0 
0 0 0 0 0 1 0 0 0 0 
5 0 0 1 1 0 1 1 0 0 
4 1 1 0 1 1 1 1 0 0 
0 0 0 0 1 0 0 1 0 0 
0 1 0 1 0 1 1 1 0 0 
3 0 1 1 0 0 0 0 0 1 
3 0 1 0 1 1 0 1 0 0 
3 0 0 1 1 0 1 1 0 0 
3 1 1 1 0 1 0 1 1 0 
2 0 0 0 1 1 1 0 0 0 
3 0 1 0 1 0 1 0 1 0 
0 0 1 0 0 1 1 0 0 1 
3 1 0 1 0 1 0 1 0 0 
0 1 0 0 1 0 0 0 1 1 
3 0 1 0 1 1 1 1 0 0 
3 0 1 0 1 1 1 1 0 1 
3 0 1 1 1 0 1 0 1 0 
3 0 1 1 1 0 1 0 1 1 
2 1 1 1 1 1 0 1 1 1 
2 0 0 1 1 1 1 1 0 0 
2 0 1 0 1 1 1 0 1 0 
5 0 1 0 0 0 0 0 1 0 
2 0 0 0 1 1 1 1 1 0 
4 0 1 0 0 1 0 0 0 1 
3 1 0 0 0 1 0 1 1 0 
1 0 0 1 0 1 0 1 0 0 
2 0 0 0 0 1 1 0 1 0 
3 0 1 1 1 0 1 0 0 0 
2 0 0 1 0 0 1 1 0 0 
3 1 0 1 0 1 0 0 1 0 
2 0 0 0 1 1 0 0 1 0 
5 1 0 0 0 0 1 1 1 0 
3 0 0 1 0 1 0 1 1 0 
2 0 0 1 1 0 1 1 1 0 
4 0 1 1 0 0 1 0 1 0 
3 0 1 0 1 1 1 0 0 0 
5 0 1 1 0 1 1 1 1 1 
5 0 0 0 1 0 0 0 1 0 
0 0 0 0 0 0 0 0 0 0 
3 0 1 1 1 0 1 1 1 0 
1 0 0 0 1 0 1 0 1 0 
3 0 0 1 1 0 1 0 1 0 
3 1 1 1 1 0 1 0 1 0 
0 0 0 0 1 0 1 0 0 0 
5 1 0 0 0 0 1 0 0 1 
0 0 1 1 1 1 1 1 1 1 
2 0 1 1 1 0 1 1 0 0 
1 0 0 1 0 0 0 0 1 0 
3 0 1 0 0 1 1 1 0 0 
2 0 0 0 1 0 1 0 1 0 
2 0 0 1 1 0 1 0 0 0 
3 0 0 0 0 1 1 0 0 1 
3 0 1 1 1 1 1 1 0 0 
3 1 0 1 0 1 0 1 1 0 
3 1 0 1 0 1 0 1 1 1 
4 1 0 1 1 0 0 1 0 0 
3 0 1 0 1 1 1 1 1 0 
4 0 0 1 0 1 0 1 0 1 
3 0 0 0 1 1 1 0 1 0 
1 1 1 0 0 1 0 0 1 1 
3 0 1 1 0 0 1 0 1 0 
2 1 0 1 0 0 1 0 0 1 
2 0 0 1 1 1 1 0 1 0 
3 0 1 1 1 0 0 0 1 0 
5 0 0 0 0 1 0 1 0 0 
3 1 1 0 1 0 0 1 0 1 
2 0 1 0 0 0 0 1 0 0 
1 0 0 0 1 1 1 1 0 1 
1 0 1 1 0 0 1 1 1 1 
4 1 0 0 0 0 1 0 0 1 
3 1 0 1 0 0 0 1 1 0 
2 0 1 0 0 1 1 0 0 1 
3 0 0 0 1 1 1 1 0 0 
4 1 0 1 0 1 0 1 1 0 
2 1 0 0 1 1 1 0 1 0 
3 0 1 0 1 0 1 1 0 0 
3 1 0 1 0 1 1 1 1 0 
1 1 0 1 1 0 1 1 0 0 
0 1 1 1 0 0 0 0 1 0 
4 0 1 0 1 1 1 1 0 0 
2 0 0 1 1 0 1 1 0 1 
2 0 0 1 1 0 1 1 0 0 
3 1 0 1 1 1 0 1 1 0 
4 0 0 0 1 1 0 1 1 0 
4 0 1 1 1 0 1 0 1 0 
4 1 0 0 1 0 0 0 1 1 
5 0 0 0 1 0 0 0 0 1 
MFS
[ 3 , - , - , - , - , - , - , - , - , 0 ]
[ 3 , - , - , - , - , 1 , - , - , - , 0 ]
[ - , - , - , - , - , 1 , - , - , - , 0 ]
[ 3 , - , - , 1 , - , - , - , - , - , 0 ]
[ - , - , - , 1 , - , - , - , - , - , 0 ]
precise
0.4
recall
0.5
F-measure
0.4444444444444445
multi
1
time
all 85 iden 0 gen 85
t-cover
1532
all-cover
1536
(1 : 143)  (2 : 232)  (3 : 213)  (4 : 113)  (5 : 69)  (6 : 65)  (7 : 60)  (8 : 47)  (9 : 67)  (10 : 79)  (11 : 60)  (12 : 58)  (13 : 46)  (14 : 51)  (15 : 33)  (16 : 33)  (17 : 29)  (18 : 17)  (19 : 20)  (20 : 11)  (21 : 16)  (22 : 12)  (23 : 24)  (24 : 15)  (25 : 5)  (26 : 5)  (27 : 5)  (28 : 1)  (29 : 2)  (30 : 1)  (36 : 1)  (37 : 1)  (38 : 1)  (39 : 1)  
