testCase Num: 100
regaular Num: 12
identify Num: 88
0 0 0 2 1 0 0 0 0 2 
0 0 0 2 1 0 0 0 0 0 
1 1 1 1 0 1 1 1 1 0 
1 1 0 3 0 0 0 0 0 1 
0 0 1 0 0 1 1 1 0 1 
0 0 0 1 0 1 0 1 0 1 
1 0 0 2 0 0 0 0 0 0 
1 1 0 1 1 1 1 1 1 0 
1 1 1 1 1 1 1 1 1 1 
0 0 1 0 1 1 1 0 0 1 
0 1 0 1 0 1 0 0 0 1 
0 1 0 3 0 0 0 1 0 1 
1 0 0 2 0 1 0 1 0 2 
1 1 0 3 0 0 0 1 1 1 
0 0 0 0 1 1 1 1 0 1 
1 1 1 1 1 1 1 1 1 0 
0 0 0 1 1 1 0 0 0 1 
0 0 0 1 1 1 0 0 0 2 
0 0 0 3 1 0 0 1 0 0 
0 0 0 0 0 1 0 0 0 0 
1 0 0 3 0 1 1 1 0 2 
0 1 0 3 1 0 0 0 0 0 
0 0 0 2 0 0 0 1 0 0 
0 0 1 2 0 0 0 0 0 0 
0 1 0 2 0 0 0 0 0 0 
1 0 0 3 0 0 0 1 0 1 
1 1 1 1 1 1 1 1 0 0 
1 0 0 1 0 1 0 0 0 1 
0 0 0 1 1 0 0 0 1 2 
1 1 1 2 1 1 1 1 1 0 
1 1 0 3 0 0 0 1 0 1 
1 0 0 2 0 1 1 0 0 2 
1 1 1 3 0 0 0 1 0 1 
1 1 0 3 0 0 0 1 0 2 
0 0 1 1 1 1 1 1 0 1 
1 1 0 2 0 1 1 1 0 2 
0 0 0 1 0 1 0 0 0 2 
0 0 0 1 0 1 0 0 0 1 
0 0 0 2 0 1 1 1 0 2 
0 0 1 0 0 0 0 0 0 0 
0 0 0 0 0 0 0 1 0 0 
0 1 0 1 1 0 0 0 0 2 
0 0 1 0 1 1 1 1 0 2 
0 0 1 0 1 1 1 1 0 1 
1 1 1 1 1 1 1 0 1 0 
0 1 1 2 1 0 0 0 1 1 
0 0 0 3 1 0 0 0 0 0 
0 0 0 3 1 0 0 0 0 1 
1 0 0 2 0 0 1 1 0 2 
0 0 0 1 0 1 0 0 1 1 
0 0 0 2 0 1 0 0 0 0 
0 0 1 0 1 1 1 1 1 1 
0 0 0 1 1 0 1 0 0 2 
0 0 0 2 0 1 0 0 0 1 
1 0 0 2 0 1 1 1 0 2 
0 0 1 0 1 1 0 1 0 1 
1 0 0 1 1 0 0 0 0 2 
1 0 1 2 0 1 1 1 0 2 
1 0 0 2 0 1 1 1 0 0 
0 0 0 3 1 0 0 0 1 0 
1 1 0 0 0 0 1 0 1 2 
0 0 0 2 0 0 1 0 0 0 
0 0 0 3 0 0 0 0 0 0 
1 0 0 2 1 1 1 1 0 2 
0 0 0 1 1 0 0 1 0 2 
0 0 0 0 0 0 0 0 0 1 
0 0 0 0 0 0 0 0 0 0 
1 0 0 2 0 1 1 1 1 2 
0 0 1 0 1 0 1 1 0 1 
0 0 1 3 1 0 0 0 0 0 
0 1 1 0 1 1 1 1 0 1 
1 0 1 0 1 1 1 1 0 1 
1 1 1 1 1 0 1 1 1 0 
0 0 0 1 0 1 1 0 0 1 
0 0 0 0 0 0 0 0 1 0 
0 0 0 1 0 0 0 0 0 2 
0 0 0 1 0 0 0 0 0 1 
0 0 0 1 0 0 0 0 0 0 
0 0 0 3 1 0 1 0 0 0 
1 1 0 3 0 1 0 1 0 1 
0 0 0 0 1 0 0 0 0 0 
0 0 0 2 0 0 0 0 1 0 
1 1 0 0 0 0 0 1 0 1 
1 1 0 3 1 0 0 1 0 1 
1 0 0 3 1 0 0 0 0 0 
0 0 1 1 0 1 0 0 0 1 
0 0 1 1 1 0 0 0 0 2 
0 0 0 1 1 0 0 0 0 0 
0 0 0 1 1 0 0 0 0 2 
0 0 1 3 0 1 1 0 1 2 
0 1 0 0 0 0 0 0 0 0 
1 1 0 3 0 0 1 1 0 1 
1 0 1 1 1 1 1 1 1 0 
0 0 0 2 0 0 0 0 0 1 
0 0 0 2 0 0 0 0 0 0 
0 1 1 1 1 1 1 1 1 0 
1 0 0 0 0 0 0 0 0 0 
0 0 0 3 1 1 0 0 0 0 
1 1 1 1 1 1 0 1 1 0 
0 0 0 0 0 0 1 0 0 0 
MFS
[ - , - , - , - , - , - , - , - , - , - ]
[ 1 , - , - , 1 , - , - , - , - , - , - ]
[ - , - , - , - , - , - , - , - , 0 , - ]
precise
0.6666666666666666
recall
0.6666666666666666
F-measure
0.6666666666666666
multi
1
time
all 7 iden 0 gen 7
t-cover
228
all-cover
236
(2 : 1)  (3 : 5)  (4 : 10)  (5 : 2)  (8 : 5)  (9 : 12)  (10 : 9)  (11 : 19)  (12 : 27)  (13 : 18)  (14 : 4)  (15 : 3)  (16 : 5)  (17 : 12)  (18 : 5)  (19 : 4)  (20 : 16)  (21 : 12)  (22 : 4)  (23 : 6)  (24 : 3)  (25 : 8)  (27 : 4)  (28 : 5)  (29 : 2)  (30 : 1)  (31 : 3)  (32 : 3)  (33 : 3)  (38 : 4)  (40 : 1)  (45 : 2)  (46 : 9)  (47 : 2)  (53 : 1)  (54 : 4)  (62 : 2)  
testCase Num: 111
regaular Num: 14
identify Num: 98
1 1 1 3 0 0 0 0 0 1 
0 0 0 3 0 1 0 0 1 0 
0 0 1 2 1 0 0 0 0 1 
0 0 1 2 1 0 0 0 0 0 
0 0 1 1 1 0 1 0 0 0 
1 1 0 3 0 0 0 0 0 2 
1 1 0 3 0 0 0 0 0 1 
0 0 0 1 0 0 1 1 1 1 
1 1 0 0 0 0 0 0 0 1 
1 1 0 3 1 0 0 0 0 1 
1 0 1 2 0 0 0 0 0 1 
1 1 1 1 1 1 1 1 1 1 
1 1 1 2 1 1 0 1 1 1 
0 0 0 3 0 1 0 0 0 1 
0 0 0 3 0 1 0 0 0 0 
0 0 0 1 0 0 1 0 0 2 
0 0 0 1 0 0 1 0 0 1 
0 0 1 1 0 0 1 1 0 1 
0 0 1 2 0 0 0 0 0 1 
1 1 0 2 0 1 0 0 0 2 
0 0 0 0 0 1 0 0 0 1 
0 0 1 2 0 0 0 0 0 2 
0 0 0 0 0 1 0 0 0 0 
1 0 1 1 1 1 0 1 1 1 
1 1 0 3 0 1 1 0 0 2 
1 1 1 1 1 1 0 0 1 1 
0 0 0 1 1 0 1 1 0 1 
1 1 0 3 0 0 0 1 0 1 
1 0 0 2 0 1 1 0 0 2 
0 0 1 1 0 0 0 0 0 0 
0 0 1 1 0 0 0 0 0 2 
1 0 0 2 1 0 0 1 1 0 
0 1 1 1 1 1 0 1 1 1 
1 1 0 2 0 1 1 1 0 2 
1 0 0 1 0 0 1 1 0 1 
0 0 0 1 0 1 0 0 0 2 
0 0 1 0 0 0 0 0 0 0 
0 1 0 3 0 0 0 0 0 1 
0 0 0 0 0 0 0 1 0 0 
0 0 1 3 0 1 0 0 0 0 
0 0 1 0 0 0 0 0 0 1 
0 0 0 0 0 0 0 1 0 1 
0 0 0 3 0 1 0 1 0 0 
0 0 1 3 1 0 1 1 1 2 
0 0 1 1 1 1 0 0 0 0 
1 1 1 1 1 0 0 1 1 1 
0 0 1 2 0 0 0 1 0 1 
0 0 0 1 0 1 1 1 0 1 
1 0 0 3 0 0 0 0 0 1 
0 0 0 0 0 0 0 0 1 1 
0 0 0 1 0 0 0 1 0 2 
0 0 0 1 0 0 0 1 0 1 
1 1 1 2 0 1 1 0 0 2 
1 1 0 2 0 1 1 0 0 0 
1 1 0 3 0 1 0 0 0 1 
1 1 0 2 0 1 1 0 0 2 
0 0 1 2 0 0 1 0 0 1 
0 1 0 1 0 0 0 0 0 2 
0 0 0 3 0 0 0 0 0 0 
0 0 1 3 0 0 0 0 0 1 
1 1 1 1 1 1 0 1 0 1 
0 0 1 1 1 0 0 1 0 0 
1 1 0 2 1 1 1 0 0 2 
0 0 0 0 0 0 0 0 0 1 
0 0 0 0 0 0 0 0 0 0 
0 1 1 1 1 0 0 0 0 0 
1 1 0 3 0 0 1 0 0 1 
0 0 1 1 1 0 0 0 0 0 
0 0 0 0 0 0 0 0 0 2 
0 1 0 2 0 1 1 0 0 2 
1 1 1 1 0 1 0 1 1 1 
1 1 0 2 0 1 1 0 1 2 
0 1 0 1 0 0 1 1 0 1 
1 0 0 1 0 0 0 0 0 2 
1 0 1 0 0 1 0 1 1 2 
1 0 1 1 1 0 0 0 0 0 
1 1 0 1 1 1 0 1 1 1 
0 0 0 0 0 0 0 0 1 0 
0 0 1 2 0 1 0 0 0 1 
0 0 0 0 0 0 1 0 0 1 
0 0 0 3 0 1 1 0 0 0 
0 0 1 1 1 0 0 0 1 0 
0 0 0 1 0 0 0 0 0 2 
0 0 0 1 0 0 0 0 0 1 
0 0 0 1 0 0 0 0 0 0 
1 0 0 3 0 1 0 0 0 0 
1 0 0 0 0 0 0 0 0 1 
0 0 0 0 1 0 0 0 0 0 
0 0 0 2 0 0 1 1 0 1 
0 0 1 2 0 0 0 0 1 1 
0 0 0 1 1 0 0 0 0 0 
0 0 1 1 1 0 0 0 0 1 
0 0 0 1 1 0 0 0 0 2 
1 1 0 3 0 0 0 0 1 1 
0 1 0 3 0 1 0 0 0 0 
0 1 0 0 0 0 0 0 0 0 
0 0 0 1 0 0 1 1 0 2 
0 0 0 1 0 0 1 1 0 1 
0 0 0 1 0 0 0 0 1 2 
0 1 0 0 0 0 0 0 0 1 
0 0 0 2 0 0 0 0 0 2 
0 0 0 2 0 0 0 0 0 1 
0 1 1 2 0 0 0 0 0 1 
0 1 1 0 1 1 1 0 1 0 
0 0 0 0 1 0 0 0 0 1 
1 0 0 0 0 0 0 0 0 0 
0 0 0 3 1 1 0 0 0 0 
1 1 1 1 1 1 0 1 1 1 
1 1 0 2 0 0 1 0 0 2 
1 1 1 1 1 1 0 1 1 2 
0 0 0 0 0 0 1 0 0 0 
MFS
[ - , - , - , - , - , - , - , - , - , - ]
[ 1 , - , - , 1 , - , - , - , - , - , - ]
[ - , - , - , - , - , - , - , - , 0 , - ]
precise
0.6666666666666666
recall
0.6666666666666666
F-measure
0.6666666666666666
multi
1
time
all 9 iden 0 gen 9
t-cover
232
all-cover
236
(64 : 2)  (2 : 1)  (3 : 8)  (4 : 10)  (5 : 8)  (6 : 3)  (7 : 1)  (71 : 2)  (9 : 2)  (10 : 7)  (11 : 13)  (12 : 20)  (13 : 17)  (14 : 11)  (15 : 4)  (17 : 7)  (18 : 12)  (19 : 11)  (20 : 14)  (21 : 12)  (22 : 2)  (23 : 3)  (24 : 2)  (25 : 11)  (26 : 8)  (27 : 6)  (28 : 1)  (29 : 5)  (31 : 1)  (32 : 3)  (33 : 1)  (39 : 2)  (40 : 2)  (47 : 1)  (48 : 1)  (49 : 2)  (55 : 4)  (56 : 5)  (57 : 4)  (62 : 2)  (63 : 5)  
