testCase Num: 140
regaular Num: 84
identify Num: 56
0 0 1 3 0 1 0 0 1 1 
1 1 0 0 1 0 1 1 0 2 
1 1 1 1 1 1 1 0 0 0 
0 0 1 3 0 1 0 0 1 2 
0 0 0 2 0 0 0 1 1 2 
0 1 1 0 1 1 1 0 1 2 
0 1 1 3 1 0 0 1 1 2 
0 0 1 2 0 0 0 1 1 1 
1 1 0 0 0 0 0 0 0 0 
1 0 1 1 0 0 1 0 1 0 
0 0 1 3 1 1 0 0 1 0 
0 0 0 3 0 0 1 0 1 1 
0 0 1 3 0 0 1 0 1 2 
0 1 0 0 1 0 0 1 1 1 
1 1 0 2 1 1 0 1 1 0 
0 0 0 1 1 0 1 1 1 2 
1 0 1 1 0 1 0 0 1 0 
1 1 0 1 0 1 1 1 0 1 
1 0 1 1 0 1 0 0 1 2 
1 0 1 3 1 1 1 0 1 1 
1 1 0 0 0 1 1 0 1 0 
0 0 1 1 1 0 1 0 1 1 
1 1 0 3 1 1 1 0 1 1 
0 0 1 1 0 0 0 0 1 2 
1 1 0 2 0 1 0 0 0 2 
1 0 0 0 1 1 1 1 1 2 
1 0 0 3 0 1 0 0 1 2 
0 0 0 3 1 1 1 1 1 2 
1 1 0 1 0 0 0 1 0 1 
0 0 0 1 0 1 0 1 1 1 
0 1 0 3 1 1 1 0 1 1 
1 1 1 1 1 1 1 1 0 0 
1 0 1 1 1 0 1 0 1 2 
1 0 1 1 1 0 1 0 1 0 
1 1 0 0 1 0 0 0 1 1 
1 0 1 0 1 0 1 1 0 2 
1 0 1 3 0 0 1 0 1 1 
1 1 0 2 0 0 1 1 0 2 
0 0 0 0 0 0 0 1 1 0 
1 0 1 1 0 1 0 1 0 1 
1 0 1 2 1 1 1 0 1 1 
0 0 0 1 0 0 1 0 1 2 
1 0 1 2 0 1 0 1 1 0 
0 0 1 1 1 1 0 0 1 2 
0 0 0 3 1 0 0 1 1 1 
0 1 1 3 1 0 0 0 1 1 
1 0 1 3 0 1 1 0 1 1 
1 0 1 1 1 0 1 1 -1 2 
0 1 1 3 0 0 1 0 1 0 
0 0 0 2 0 1 0 0 1 1 
0 1 1 1 0 1 1 1 1 1 
1 0 1 1 0 1 0 1 1 0 
0 0 0 2 1 0 0 0 1 2 
0 0 1 0 1 1 1 1 0 1 
0 1 0 0 0 0 1 0 1 1 
1 0 1 1 1 0 1 1 0 2 
1 1 0 2 0 1 1 1 1 1 
0 0 1 3 1 0 1 1 1 0 
1 1 0 3 0 1 0 0 1 2 
0 1 1 2 1 0 0 0 1 2 
0 1 0 1 1 1 1 0 1 1 
1 0 1 0 1 1 0 1 1 1 
1 1 1 1 1 0 0 0 0 0 
1 0 0 0 0 0 1 0 1 1 
0 1 0 2 0 0 1 1 1 2 
1 1 0 1 0 0 0 0 0 1 
1 0 0 2 0 0 0 0 1 0 
1 0 1 1 1 0 1 1 1 2 
1 1 0 1 1 1 1 1 0 1 
0 1 1 1 0 1 0 0 1 0 
0 1 0 3 0 0 0 0 1 0 
0 0 0 0 0 0 0 0 1 2 
0 0 1 1 1 0 0 1 1 0 
1 0 1 3 0 0 0 1 -1 1 
1 0 1 3 0 0 0 1 -1 0 
1 1 1 0 1 1 1 1 0 1 
1 1 0 0 1 1 1 1 0 1 
0 0 0 1 0 1 1 1 1 0 
1 1 0 1 0 0 1 1 0 1 
1 0 1 1 1 0 0 0 1 2 
0 1 0 1 0 1 1 0 1 2 
1 0 1 0 1 0 1 0 1 0 
0 0 1 0 0 0 1 1 1 1 
1 0 1 3 0 0 0 0 1 1 
0 1 0 3 1 1 0 1 1 0 
0 0 0 0 0 0 0 0 0 0 
0 1 0 0 0 0 1 1 1 2 
0 1 1 2 0 1 0 0 1 2 
0 1 0 1 0 0 0 0 1 1 
1 1 1 1 1 0 1 1 0 2 
0 1 0 3 1 0 1 0 1 2 
0 0 0 2 0 0 1 1 1 0 
1 0 1 0 1 1 1 1 0 1 
1 0 1 0 0 0 1 0 1 0 
1 1 0 1 1 0 1 0 1 0 
0 1 1 0 1 1 1 1 1 0 
1 1 1 1 0 0 0 0 0 0 
0 0 0 0 0 0 0 0 1 0 
1 1 1 0 0 1 0 0 1 1 
0 1 0 3 0 1 0 0 1 2 
0 1 1 2 0 1 1 0 1 0 
0 1 1 1 1 0 0 1 1 1 
0 1 0 2 1 0 1 0 1 1 
0 1 0 1 1 1 0 1 1 2 
0 0 0 1 1 1 0 0 1 0 
1 1 1 2 1 0 1 1 1 0 
1 1 1 0 0 0 0 1 1 0 
0 1 1 1 0 0 1 1 1 2 
0 0 1 2 1 1 1 1 1 2 
1 1 1 2 1 0 0 0 1 1 
0 0 1 0 0 1 0 1 1 2 
1 1 1 1 1 1 0 0 0 0 
0 1 1 0 1 0 0 0 1 2 
1 0 1 3 0 0 0 1 1 1 
0 1 0 1 1 0 1 0 1 0 
1 0 0 3 1 1 1 0 1 1 
0 0 0 3 0 1 1 1 1 0 
0 1 1 3 0 1 1 1 1 1 
0 0 0 1 0 0 0 0 1 0 
1 1 0 1 1 0 1 1 0 2 
1 0 1 1 0 1 0 1 -1 0 
0 1 0 1 0 0 0 1 1 0 
1 0 0 2 1 0 1 1 1 1 
1 0 1 1 0 1 0 1 -1 1 
1 1 1 0 0 0 0 0 0 0 
1 1 0 2 0 1 0 1 0 2 
1 0 1 3 0 1 0 0 1 2 
0 0 0 2 1 1 0 0 1 0 
1 0 0 0 1 1 0 0 1 0 
1 0 1 1 1 1 0 0 1 2 
1 0 0 0 0 0 0 0 0 0 
0 0 0 3 0 0 0 1 1 2 
0 0 1 1 0 0 1 0 1 0 
1 0 1 3 0 0 0 1 0 2 
1 0 0 1 1 0 1 0 1 0 
0 0 0 0 1 1 1 0 1 1 
0 0 1 1 1 0 1 1 0 2 
1 1 0 0 0 1 1 1 0 2 
1 0 1 1 0 1 1 0 1 0 
0 0 0 2 0 1 1 0 1 2 
MFS
[ 1 , - , - , 3 , - , - , - , - , - , - ]
[ 1 , - , - , 1 , - , - , - , - , - , - ]
[ - , - , - , - , - , - , - , - , 0 , 1 ]
[ - , - , - , - , - , - , - , - , 0 , 2 ]
[ - , - , - , - , - , - , - , - , 0 , 0 ]
[ 1 , - , - , - , - , - , - , - , - , 2 ]
precise
0.3333333333333333
recall
0.6666666666666666
F-measure
0.4444444444444444
multi
0
time
all 2877 iden 217 gen 488
t-cover
4524
all-cover
5600
coveredNum
(1 : 1792)  (2 : 1024)  (3 : 860)  (4 : 543)  (5 : 454)  (6 : 290)  (7 : 172)  (8 : 117)  (9 : 99)  (10 : 71)  (11 : 53)  (12 : 35)  (13 : 17)  (14 : 18)  (15 : 22)  (16 : 8)  (17 : 7)  (18 : 3)  (19 : 3)  (20 : 5)  (21 : 3)  (22 : 4)  
real Identify
([ 1 , - , - , 3 , - , - , - , - , - , - ] : 1)  ([ 1 , - , - , 1 , - , - , - , - , - , - ] : 1)  
testCase Num: 171
regaular Num: 81
identify Num: 90
1 1 0 1 0 1 1 1 1 2 
0 0 1 3 0 1 0 0 1 0 
1 1 1 1 1 1 1 0 0 0 
1 1 1 1 0 1 1 1 1 2 
1 0 0 0 0 0 0 1 0 2 
0 0 0 1 1 1 0 1 1 1 
1 1 0 0 0 0 0 0 0 2 
1 0 1 1 0 0 1 0 1 2 
0 0 1 2 0 0 0 1 1 2 
0 1 1 3 1 0 0 1 1 1 
1 1 0 0 0 0 0 0 0 0 
1 1 0 0 0 0 0 0 0 1 
1 1 1 0 0 0 0 0 0 1 
1 1 1 0 0 0 0 0 0 2 
1 0 0 0 1 1 1 0 1 2 
1 1 1 3 0 1 1 0 1 1 
1 1 1 1 0 -1 -1 1 1 2 
0 0 0 3 1 1 0 0 1 1 
1 1 1 1 0 -1 -1 1 1 0 
0 1 0 2 0 0 0 0 1 2 
1 1 1 1 1 -1 -1 1 1 1 
1 1 1 1 1 1 1 1 1 1 
0 0 0 1 1 0 1 1 1 2 
1 0 1 0 1 0 0 0 0 1 
0 1 0 3 0 1 1 1 1 2 
1 0 0 3 1 1 1 1 1 1 
0 0 1 2 1 0 0 0 1 1 
1 1 0 3 1 1 1 0 1 0 
0 1 1 3 0 1 1 0 1 1 
1 0 1 0 0 1 1 0 1 2 
0 0 1 1 0 0 0 0 1 1 
1 1 1 1 1 -1 -1 0 -1 0 
1 1 1 1 1 -1 -1 0 -1 1 
1 0 0 1 0 -1 -1 1 -1 0 
0 0 0 3 1 1 1 1 1 1 
1 0 0 1 0 -1 -1 1 -1 1 
0 0 1 1 0 0 1 1 1 0 
1 1 1 1 1 1 1 1 0 1 
0 0 0 1 0 0 1 0 1 0 
1 1 1 1 1 1 1 1 0 0 
1 0 1 1 1 0 1 0 1 2 
1 0 0 2 1 1 1 0 1 1 
1 1 1 1 1 1 1 1 0 2 
1 1 1 1 0 1 1 0 1 0 
0 1 0 1 1 0 0 1 1 0 
0 0 1 0 0 0 0 1 1 1 
1 0 0 3 0 1 1 0 1 1 
1 1 1 1 1 0 0 0 0 2 
1 1 1 1 1 0 0 0 0 1 
1 0 1 1 1 1 0 1 1 0 
1 0 1 3 0 1 1 0 1 1 
0 0 1 0 0 1 1 0 1 0 
0 1 1 3 1 0 0 0 1 0 
1 0 0 3 1 0 1 0 1 2 
0 1 0 2 1 1 1 0 1 0 
1 1 1 3 0 1 1 1 1 2 
0 0 1 3 1 0 1 0 1 0 
0 0 1 0 1 0 0 1 1 2 
1 1 1 1 1 -1 -1 0 1 1 
0 1 1 1 0 1 1 1 1 1 
1 0 0 1 0 -1 -1 1 1 1 
0 0 1 2 0 1 0 0 1 0 
1 0 1 1 0 1 0 1 1 0 
0 0 0 2 1 0 0 0 1 0 
0 1 0 2 1 0 0 1 1 1 
1 1 1 0 1 0 0 0 0 2 
1 1 1 1 1 1 1 0 1 0 
0 0 1 1 0 0 0 1 1 1 
0 0 1 1 0 0 0 1 1 2 
0 1 0 1 1 1 1 0 1 0 
0 1 1 2 0 0 1 0 1 0 
1 1 1 1 1 0 0 0 0 0 
1 0 1 0 0 0 0 1 0 0 
0 0 0 3 1 1 1 0 1 0 
1 1 1 1 1 1 1 0 0 2 
1 1 1 1 1 1 1 0 0 1 
0 1 1 1 0 1 0 0 1 0 
0 0 1 0 0 0 0 0 1 0 
0 1 1 1 1 0 0 0 1 2 
1 0 1 1 0 0 0 1 -1 0 
1 0 1 1 0 0 0 1 -1 2 
0 1 0 3 0 1 0 1 1 0 
1 1 1 3 1 -1 -1 1 1 2 
0 0 0 2 1 0 1 0 1 2 
0 1 0 0 1 0 1 0 1 0 
0 0 0 0 1 0 1 1 1 0 
0 0 1 3 1 0 0 0 1 2 
1 1 1 0 1 1 1 1 1 0 
1 0 1 1 0 0 0 1 1 2 
1 0 1 2 1 -1 1 1 1 0 
1 1 0 3 1 0 1 0 1 2 
0 1 1 2 1 1 1 1 1 2 
0 0 0 1 0 1 1 1 1 2 
1 0 0 1 0 -1 -1 0 1 1 
0 1 1 3 1 1 0 1 1 2 
1 0 1 2 1 1 0 0 1 1 
0 0 0 0 0 0 0 0 0 1 
0 1 0 1 1 0 1 1 1 1 
0 0 0 0 0 0 0 0 0 0 
0 1 1 2 0 1 0 0 1 1 
0 0 0 0 0 0 0 0 0 2 
1 1 1 3 1 1 1 1 1 1 
1 1 1 2 -1 1 1 1 1 1 
1 1 1 3 1 1 1 1 1 2 
0 1 1 0 1 1 0 0 1 1 
0 1 0 1 0 0 0 0 1 1 
0 0 0 1 1 1 1 0 1 1 
1 1 0 3 0 1 0 1 1 0 
0 1 0 0 1 1 0 1 1 2 
0 0 0 2 0 0 1 1 1 1 
0 1 0 3 1 0 1 0 1 2 
1 0 1 3 0 1 0 1 1 0 
1 1 1 2 1 0 0 0 1 0 
0 0 0 2 1 1 0 1 1 0 
1 1 1 2 1 -1 -1 0 -1 2 
1 1 1 1 0 0 0 0 0 2 
0 0 0 2 1 1 0 1 1 2 
1 1 1 1 0 0 0 0 0 0 
1 1 1 1 0 0 0 0 0 1 
1 0 1 1 1 -1 0 0 1 0 
1 1 1 1 1 -1 1 1 1 1 
1 1 1 3 1 -1 1 1 1 2 
0 0 0 0 0 0 0 0 1 0 
1 0 0 1 0 1 1 0 1 1 
1 1 1 3 1 -1 -1 0 1 0 
1 1 1 3 1 -1 -1 0 1 2 
0 0 1 1 1 0 0 0 1 0 
0 1 0 0 0 0 0 0 1 1 
0 1 0 0 0 0 0 0 1 2 
0 0 0 1 1 1 0 0 1 2 
1 0 0 0 0 0 0 0 0 1 
0 0 1 0 1 0 1 0 1 1 
1 0 0 0 0 0 0 0 0 2 
1 0 0 1 0 -1 1 0 1 1 
0 0 0 2 0 0 0 0 1 0 
0 0 0 0 0 1 0 1 1 1 
0 0 1 0 0 1 0 1 1 0 
1 0 1 1 0 0 0 0 1 2 
0 1 1 2 0 0 0 1 1 0 
1 0 1 3 1 0 1 0 1 2 
1 1 1 1 0 -1 1 0 1 0 
0 0 1 3 0 0 1 1 1 0 
0 0 0 0 1 0 0 1 1 1 
1 1 1 1 1 1 0 0 0 1 
1 1 1 1 1 1 0 0 0 0 
1 1 1 1 0 -1 -1 0 1 0 
0 1 0 3 0 0 1 0 1 0 
1 1 1 1 1 1 0 0 0 2 
0 1 0 3 0 0 1 0 1 1 
1 1 0 0 0 1 1 1 1 1 
1 0 0 3 1 1 1 0 1 0 
0 0 1 3 0 1 1 0 1 2 
1 0 1 1 1 -1 0 0 -1 0 
0 1 0 2 0 1 0 0 1 2 
0 0 0 1 0 0 0 0 1 2 
1 1 1 3 1 1 1 0 1 0 
0 1 1 0 0 0 1 1 1 2 
1 1 0 3 1 1 1 1 1 1 
1 0 0 3 0 1 0 1 1 0 
0 1 0 0 1 1 0 0 1 0 
1 0 1 1 1 -1 0 0 -1 2 
1 1 1 0 0 0 0 0 0 0 
0 1 0 1 0 0 0 1 1 2 
1 1 1 0 0 0 0 1 1 1 
1 0 1 1 1 -1 0 1 1 0 
1 0 0 0 0 0 0 0 0 0 
0 0 1 3 0 0 0 0 1 1 
0 0 0 3 0 0 0 1 1 2 
0 0 0 3 0 0 0 1 1 1 
1 1 1 0 0 -1 -1 1 -1 0 
1 0 0 1 0 1 1 1 1 2 
MFS
[ 1 , - , - , - , - , 0 , - , - , - , - ]
[ 1 , - , - , - , 1 , - , - , - , - , - ]
[ 1 , - , - , - , - , - , 0 , - , - , - ]
[ 1 , - , - , - , 0 , - , - , - , - , - ]
[ - , - , - , - , - , - , - , - , 0 , 1 ]
[ - , - , - , - , - , - , - , - , 0 , 2 ]
[ - , - , - , - , - , - , - , - , 0 , 0 ]
precise
0.0
recall
0.0
F-measure
0.0
multi
0
time
all 3639 iden 277 gen 812
t-cover
4214
all-cover
5600
coveredNum
(1 : 2064)  (2 : 878)  (3 : 746)  (4 : 532)  (5 : 363)  (6 : 269)  (7 : 207)  (8 : 145)  (9 : 89)  (10 : 64)  (11 : 60)  (12 : 46)  (13 : 30)  (14 : 28)  (15 : 19)  (16 : 13)  (17 : 8)  (18 : 4)  (19 : 10)  (20 : 4)  (21 : 4)  (22 : 7)  (23 : 1)  (24 : 2)  (25 : 2)  (26 : 2)  (27 : 2)  (31 : 1)  
real Identify

testCase Num: 180
regaular Num: 82
identify Num: 98
1 1 0 0 1 0 1 1 0 1 
0 0 0 0 1 1 1 1 1 1 
0 1 0 2 1 0 1 1 1 1 
0 0 0 1 0 0 1 1 1 2 
1 1 1 1 1 1 1 0 0 0 
0 1 0 0 0 0 0 1 1 2 
0 1 0 3 1 0 0 1 1 2 
1 0 0 0 0 0 0 1 0 2 
0 0 0 1 1 1 0 1 1 2 
0 0 1 1 1 1 0 1 1 0 
1 0 1 1 0 0 1 0 1 1 
1 0 0 1 1 1 0 0 1 0 
1 1 0 0 0 0 0 0 0 0 
1 1 1 3 0 1 1 0 1 0 
0 1 0 2 0 0 0 0 1 0 
0 0 0 2 1 1 1 0 1 1 
1 0 1 0 1 1 1 0 1 1 
1 1 0 3 0 1 1 0 1 0 
0 0 0 3 0 0 1 0 1 2 
1 1 1 1 1 -1 0 1 1 0 
1 0 1 2 0 0 -1 1 -1 0 
1 1 1 1 1 -1 0 1 1 1 
1 0 1 3 1 1 1 0 1 0 
1 0 0 0 1 0 0 0 0 1 
1 0 1 3 1 1 1 0 1 2 
1 0 1 1 0 0 0 0 -1 0 
0 0 0 2 1 0 0 1 1 2 
1 1 0 0 0 1 1 0 1 0 
0 0 1 1 1 0 1 0 1 2 
1 0 1 1 0 0 0 0 -1 2 
0 1 1 0 1 0 0 1 1 0 
0 1 0 2 1 0 0 0 1 2 
1 1 0 1 0 1 1 1 0 2 
1 1 0 1 1 1 1 0 1 0 
0 0 1 1 0 0 0 0 1 1 
1 0 0 3 0 1 0 0 1 0 
1 1 0 2 0 1 0 0 0 1 
1 1 0 1 0 0 0 1 0 2 
1 0 0 3 1 0 0 1 1 2 
0 1 1 2 0 0 1 1 1 1 
0 0 0 3 1 1 1 1 1 2 
1 0 1 0 0 0 0 0 0 0 
1 1 0 2 0 0 1 1 0 1 
1 1 1 1 1 1 1 1 0 0 
1 0 1 1 1 0 1 0 1 1 
0 0 0 0 1 1 1 1 1 0 
1 1 1 0 1 0 1 0 0 1 
1 1 1 1 0 1 1 0 1 0 
0 1 0 1 0 1 0 0 1 2 
1 0 1 3 0 0 1 0 1 1 
1 1 1 2 1 1 1 1 1 0 
1 0 1 3 0 0 1 0 1 0 
0 0 0 0 0 0 0 1 1 0 
0 0 0 3 0 1 0 1 1 1 
1 0 1 1 1 0 -1 0 1 1 
1 0 0 3 0 1 1 0 1 0 
1 0 1 3 0 1 1 0 1 0 
1 0 0 1 1 -1 0 0 -1 2 
0 0 1 3 1 1 0 1 1 0 
0 1 1 1 0 1 1 1 1 1 
1 1 1 1 1 -1 -1 0 1 0 
0 0 0 2 0 1 0 0 1 0 
1 0 0 1 1 -1 0 0 -1 0 
0 0 1 0 1 1 1 1 0 2 
0 0 0 0 1 1 0 1 1 2 
1 1 1 1 1 1 1 0 1 0 
0 1 1 2 1 0 0 0 1 0 
1 0 1 3 0 0 -1 1 1 1 
1 0 0 1 1 1 1 0 1 0 
0 0 1 3 1 0 1 1 1 0 
0 0 1 3 1 0 1 1 1 1 
1 0 1 3 0 0 -1 1 1 0 
1 0 0 1 0 -1 0 1 1 2 
0 1 0 1 1 1 1 0 1 0 
0 0 0 2 0 0 1 0 1 1 
1 0 1 3 1 0 0 1 1 2 
0 1 1 2 0 0 1 0 1 0 
1 1 1 1 1 0 0 0 0 0 
0 0 0 1 0 1 0 0 1 0 
1 1 0 1 0 0 0 0 0 2 
1 1 0 1 1 1 1 1 0 2 
0 1 1 3 1 1 1 0 1 2 
1 1 0 3 0 0 1 0 1 1 
0 0 0 0 0 0 0 0 1 2 
0 1 1 1 1 0 0 0 1 1 
0 0 0 0 0 0 0 0 1 1 
1 0 1 1 1 0 -1 1 1 1 
0 0 0 3 1 0 0 0 1 1 
1 0 0 2 1 -1 0 1 1 0 
1 1 0 0 1 1 1 1 0 2 
1 0 1 1 0 0 0 1 1 2 
1 1 1 0 1 1 1 1 0 2 
1 0 0 1 1 1 1 0 1 2 
1 1 0 1 0 0 1 1 0 2 
1 0 1 1 1 0 1 1 0 1 
0 0 0 2 0 1 0 1 1 0 
1 0 0 1 0 -1 -1 0 1 2 
0 1 1 1 0 1 1 0 1 2 
1 1 1 0 1 0 0 1 0 0 
1 0 1 2 1 1 0 0 1 1 
0 1 0 3 0 0 1 1 1 0 
0 0 1 2 0 1 0 1 1 1 
0 0 0 3 0 1 1 0 1 0 
0 0 0 0 0 0 0 0 0 0 
0 0 0 3 0 1 1 0 1 1 
0 1 1 2 0 1 0 0 1 2 
1 0 1 1 1 0 0 1 1 2 
1 1 1 1 0 1 0 1 1 1 
1 0 1 1 1 1 1 0 1 0 
0 1 1 0 1 1 0 0 1 1 
1 1 0 3 0 1 0 1 1 1 
1 1 1 1 1 0 1 1 0 1 
1 0 1 3 0 0 -1 0 1 0 
0 1 0 2 0 0 1 0 1 2 
1 1 1 3 0 1 0 0 1 0 
1 0 0 1 0 -1 0 1 -1 2 
1 1 1 1 0 0 0 0 0 0 
1 0 1 0 0 1 0 1 1 2 
1 1 1 1 1 -1 1 1 1 1 
0 1 0 0 1 0 1 0 1 2 
0 0 0 0 0 0 0 0 1 0 
1 0 0 1 0 1 1 0 1 2 
1 1 1 1 1 -1 1 0 -1 1 
0 1 1 1 1 0 0 0 1 0 
1 1 0 0 0 1 0 1 1 1 
0 1 0 3 0 1 0 0 1 2 
0 1 1 1 1 0 0 1 1 2 
0 1 1 3 0 1 0 0 1 0 
1 0 0 1 1 -1 0 0 1 0 
0 0 0 1 1 1 0 0 1 1 
0 0 1 0 1 0 1 0 1 0 
1 0 0 1 0 -1 1 0 1 2 
1 0 1 0 1 1 1 1 0 2 
0 1 0 3 1 0 0 0 1 0 
0 0 0 2 0 0 0 0 1 1 
0 0 1 2 1 1 1 1 1 2 
1 0 1 1 0 0 0 0 1 2 
0 0 0 1 0 1 1 0 1 1 
0 1 1 2 0 0 0 1 1 2 
1 1 1 1 1 1 0 0 0 0 
0 1 0 3 0 0 1 0 1 1 
0 1 1 0 1 0 0 0 1 2 
1 0 1 1 1 0 -1 1 -1 1 
1 0 0 1 0 1 0 0 1 0 
1 0 1 1 1 0 -1 1 -1 0 
0 1 1 3 1 1 0 0 1 1 
1 0 1 0 1 0 0 1 0 2 
0 1 0 1 1 0 1 0 1 1 
1 0 0 3 1 1 1 0 1 2 
0 1 1 3 0 1 1 1 1 2 
1 1 1 3 1 1 1 0 1 2 
0 1 0 2 0 1 0 0 1 1 
0 1 1 0 0 0 1 1 1 1 
0 1 0 1 0 0 0 1 1 0 
0 0 0 0 1 0 0 0 1 1 
1 1 0 1 1 0 1 1 0 1 
1 1 0 2 0 1 0 1 0 1 
1 0 1 3 0 1 0 0 1 0 
1 0 0 2 1 -1 1 0 1 0 
1 1 1 0 0 0 0 0 0 0 
1 0 0 3 0 1 0 1 1 1 
1 1 1 1 1 -1 0 1 -1 0 
0 0 1 0 0 1 0 0 1 0 
1 1 0 3 1 0 0 1 1 2 
1 0 1 0 0 0 1 1 1 2 
1 1 1 3 0 1 0 1 1 1 
1 0 0 0 0 0 0 0 0 0 
0 0 1 1 0 0 1 0 1 0 
0 1 0 0 0 1 1 0 1 2 
0 0 1 3 0 0 0 0 1 2 
1 1 1 1 1 1 0 1 1 1 
1 1 1 1 1 -1 1 0 1 1 
1 0 1 2 0 0 0 1 1 1 
1 0 0 3 0 0 1 0 1 1 
0 0 1 1 1 0 1 1 0 1 
0 0 0 1 1 0 0 1 1 1 
0 1 1 3 0 0 0 1 1 1 
1 1 0 0 0 1 1 1 0 1 
0 0 0 2 0 1 1 0 1 2 
1 1 1 1 1 -1 1 0 1 0 
MFS
[ 1 , - , - , - , - , 0 , - , - , - , - ]
[ - , - , - , - , - , - , - , - , 0 , 1 ]
[ - , - , - , - , - , - , - , - , 0 , 2 ]
[ - , - , - , - , - , - , - , - , 0 , 0 ]
[ 1 , - , - , - , - , - , 0 , 0 , - , - ]
[ 1 , - , - , - , - , 0 , 0 , - , - , - ]
[ 1 , - , - , - , - , - , - , - , - , 2 ]
[ 1 , - , - , - , - , - , - , - , - , 0 ]
[ 1 , - , - , - , - , - , - , - , - , 1 ]
precise
0.0
recall
0.0
F-measure
0.0
multi
0
time
all 3929 iden 349 gen 758
t-cover
4200
all-cover
5600
coveredNum
(1 : 2052)  (2 : 900)  (3 : 716)  (4 : 519)  (5 : 389)  (6 : 264)  (7 : 190)  (8 : 149)  (9 : 105)  (10 : 73)  (11 : 53)  (12 : 57)  (13 : 23)  (14 : 23)  (15 : 20)  (16 : 19)  (17 : 10)  (18 : 7)  (19 : 5)  (20 : 7)  (21 : 3)  (22 : 4)  (23 : 3)  (24 : 1)  (25 : 3)  (26 : 2)  (27 : 2)  (28 : 1)  
real Identify

testCase Num: 132
regaular Num: 86
identify Num: 46
0 0 1 3 0 1 0 0 1 1 
0 0 0 3 0 1 0 0 1 0 
1 1 1 1 1 1 1 0 0 0 
1 1 1 1 0 1 1 1 1 2 
0 0 0 1 0 0 1 1 1 0 
0 0 0 1 1 1 0 1 1 1 
0 0 1 1 0 0 1 1 1 1 
1 1 0 0 0 0 0 0 0 2 
0 1 1 1 1 1 0 0 1 2 
1 1 0 0 0 0 0 0 0 0 
1 1 0 0 0 0 0 0 0 1 
1 1 1 0 0 0 0 0 0 1 
0 0 1 0 0 1 0 0 1 1 
1 1 1 0 0 0 0 0 0 2 
1 0 1 0 0 0 0 1 1 0 
0 0 0 3 0 0 1 0 1 1 
1 1 0 0 1 0 1 1 1 0 
1 1 0 0 0 1 1 0 1 2 
0 0 0 1 1 0 1 1 1 2 
1 1 0 0 0 1 1 0 1 0 
0 0 1 1 1 0 1 0 1 1 
0 1 0 2 1 0 0 0 1 1 
0 1 1 3 0 1 1 0 1 0 
0 0 1 1 0 0 0 0 1 2 
1 1 0 0 0 0 0 1 1 1 
0 0 0 1 0 1 0 1 1 2 
0 1 1 1 0 0 1 0 1 0 
1 1 0 3 1 0 1 1 0 2 
1 1 0 3 1 0 0 0 1 1 
1 0 0 2 0 0 0 1 1 0 
1 1 1 1 1 1 1 1 0 1 
1 1 1 1 1 1 1 1 0 0 
1 0 1 2 0 0 0 0 1 2 
1 1 0 2 0 0 0 0 1 0 
1 1 1 1 1 1 1 1 0 2 
0 1 0 1 0 1 0 0 1 0 
1 0 1 0 1 0 0 0 1 2 
0 1 0 1 1 0 0 1 1 0 
1 0 0 2 1 1 1 0 1 0 
0 0 0 3 0 1 0 1 1 2 
1 0 0 2 1 0 0 1 1 2 
1 1 1 1 1 0 0 0 0 2 
1 1 0 2 0 1 0 0 1 1 
1 1 1 1 1 0 0 0 0 1 
0 0 0 3 1 0 0 1 1 1 
1 1 0 3 1 0 1 1 1 1 
1 0 0 2 0 0 1 1 1 1 
0 0 0 3 0 0 1 1 1 0 
0 1 0 2 1 1 1 0 1 2 
0 1 1 1 0 1 1 1 1 2 
1 1 1 2 1 1 0 0 1 0 
0 1 0 3 0 1 1 0 1 2 
1 0 1 0 0 1 1 1 1 0 
1 1 0 3 0 1 0 0 1 1 
1 1 1 0 0 0 1 0 1 1 
0 0 1 0 0 1 1 0 1 2 
1 1 1 1 1 0 0 0 0 0 
1 1 1 1 0 0 1 1 1 2 
1 1 1 1 1 1 1 0 0 2 
1 1 1 1 1 1 1 0 0 1 
0 1 0 3 0 1 0 1 1 1 
0 1 1 2 0 1 1 1 1 1 
0 0 0 2 1 0 1 0 1 1 
0 1 0 2 0 1 1 1 1 0 
1 1 0 3 1 1 0 0 1 1 
0 0 1 3 1 0 0 0 1 0 
0 0 0 0 1 0 1 1 1 1 
0 0 1 0 1 0 1 1 1 0 
1 1 0 1 1 0 1 1 1 2 
1 1 1 1 1 0 1 1 1 2 
0 0 0 3 1 0 0 0 1 2 
0 0 1 2 0 0 1 0 1 0 
0 0 0 1 1 1 1 0 1 0 
0 1 1 0 1 1 0 0 1 0 
1 1 0 3 1 0 1 0 1 1 
0 1 0 1 0 1 1 0 1 1 
0 0 0 2 0 1 0 1 1 2 
0 1 0 3 1 1 0 1 1 0 
0 0 0 0 0 0 0 0 0 1 
0 0 0 0 0 0 0 0 0 0 
0 0 0 0 0 0 0 0 0 2 
0 1 0 0 0 0 1 1 1 2 
1 1 1 1 0 1 0 1 1 2 
0 1 0 1 0 0 0 0 1 1 
0 1 1 3 1 0 1 1 1 2 
0 1 0 3 1 0 1 0 1 1 
0 0 1 2 0 0 1 0 1 1 
1 1 1 3 0 1 0 0 1 1 
1 1 1 1 0 0 0 0 0 2 
1 1 1 1 0 0 0 0 0 0 
1 1 1 1 0 0 0 0 0 1 
0 0 1 1 0 1 0 0 1 1 
0 0 1 3 1 1 1 0 1 2 
0 1 1 3 0 0 0 0 1 1 
0 1 1 0 1 0 1 1 1 2 
0 0 0 0 0 0 0 0 1 0 
0 1 1 1 1 0 0 1 1 1 
0 0 1 1 1 0 0 0 1 0 
1 1 1 1 0 1 0 0 0 0 
1 0 0 1 1 0 1 1 1 2 
1 0 0 0 0 0 0 0 0 1 
0 1 1 0 1 1 1 1 1 1 
1 0 0 0 0 0 0 0 0 2 
0 0 0 0 0 1 0 1 1 2 
1 1 0 0 1 1 0 1 1 2 
0 1 1 2 0 0 0 1 1 2 
1 1 1 1 1 1 0 0 0 1 
1 1 1 1 1 1 0 0 0 0 
1 0 1 2 1 1 0 1 1 1 
1 1 0 0 1 0 1 0 1 1 
1 1 1 1 1 1 0 0 0 2 
1 1 1 1 0 1 0 0 -1 0 
0 1 0 1 1 0 1 0 1 2 
1 1 0 3 1 0 1 1 -1 1 
1 1 0 3 1 0 1 1 -1 0 
0 0 1 2 1 0 0 1 1 0 
1 0 1 2 0 1 1 1 1 2 
0 0 0 1 0 0 0 0 1 2 
1 1 1 1 0 1 0 0 1 2 
1 1 1 1 0 1 0 0 -1 2 
1 0 0 0 0 1 1 0 1 1 
0 0 0 1 0 0 0 0 1 0 
0 0 0 3 1 0 1 0 1 0 
1 0 1 3 0 1 0 0 1 1 
1 1 1 0 0 0 0 0 0 0 
1 1 1 2 1 0 1 1 1 2 
1 0 0 0 1 1 0 0 1 1 
1 0 0 0 0 0 0 0 0 0 
0 0 1 1 0 1 0 1 1 0 
0 0 1 3 1 1 1 1 1 1 
0 1 1 3 0 0 0 1 1 0 
0 1 1 3 0 0 0 1 1 2 
MFS
[ 1 , - , - , 3 , - , - , - , - , - , - ]
[ 1 , - , - , 1 , - , - , - , - , - , - ]
[ - , - , - , - , - , - , - , - , 0 , 1 ]
[ - , - , - , - , - , - , - , - , 0 , 2 ]
[ - , - , - , - , - , - , - , - , 0 , 0 ]
precise
0.4
recall
0.6666666666666666
F-measure
0.5
multi
0
time
all 2799 iden 216 gen 529
t-cover
4594
all-cover
5600
coveredNum
(1 : 1747)  (2 : 977)  (3 : 858)  (4 : 579)  (5 : 450)  (6 : 305)  (7 : 205)  (8 : 145)  (9 : 90)  (10 : 60)  (11 : 49)  (12 : 39)  (13 : 33)  (14 : 22)  (15 : 14)  (16 : 7)  (17 : 7)  (18 : 5)  (19 : 4)  (20 : 3)  (21 : 1)  
real Identify
([ 1 , - , - , 3 , - , - , - , - , - , - ] : 1)  ([ 1 , - , - , 1 , - , - , - , - , - , - ] : 1)  
testCase Num: 131
regaular Num: 85
identify Num: 46
1 1 0 0 1 0 1 1 0 1 
0 1 1 0 0 0 0 1 1 2 
0 0 0 0 1 1 1 1 1 1 
0 1 0 0 0 0 0 1 1 0 
1 1 1 1 1 1 1 0 0 0 
0 0 0 1 0 0 1 1 1 1 
0 0 0 2 0 0 0 1 1 2 
0 1 1 0 0 1 1 0 1 0 
0 0 0 1 1 1 0 1 1 0 
1 1 0 0 0 0 0 0 0 0 
0 1 0 3 1 0 0 1 1 0 
0 0 1 0 0 1 0 0 1 2 
1 1 1 3 0 1 1 0 1 1 
1 0 1 0 1 1 1 0 1 0 
1 1 1 0 0 1 1 0 1 2 
1 1 0 1 0 1 1 1 0 1 
1 0 1 1 0 1 1 1 0 1 
1 1 0 0 0 1 1 0 1 0 
0 1 0 2 1 0 0 0 1 2 
1 1 0 1 0 1 1 1 0 2 
1 1 1 0 1 1 0 1 1 0 
0 1 0 1 1 1 1 1 1 2 
1 1 0 1 0 0 0 1 0 2 
0 1 1 2 1 1 0 1 1 2 
1 1 0 2 1 0 1 1 1 2 
0 0 1 1 0 0 1 1 1 0 
1 1 1 1 1 1 1 1 0 0 
0 1 0 1 0 1 0 0 1 2 
0 0 1 2 0 1 1 0 1 2 
0 1 0 1 1 0 0 1 1 1 
1 0 1 0 0 1 0 0 1 1 
0 0 0 1 0 0 1 0 1 1 
1 1 1 1 0 0 1 0 1 0 
1 1 0 2 0 1 0 0 1 1 
1 0 1 2 1 0 0 1 1 2 
0 1 1 3 1 0 0 0 1 2 
0 1 0 1 0 0 1 1 1 0 
1 1 0 2 0 1 0 0 1 2 
1 0 0 3 1 0 1 0 1 1 
0 0 1 3 1 1 0 1 1 1 
1 1 1 1 0 0 1 0 0 1 
0 1 0 0 1 0 0 0 1 1 
1 0 0 0 1 0 1 1 1 0 
0 0 0 2 1 0 0 0 1 1 
0 0 1 0 1 1 1 1 0 2 
1 0 1 2 0 0 1 0 1 1 
0 0 1 0 1 0 0 1 1 0 
0 0 1 3 1 0 1 1 1 0 
1 1 1 1 1 0 0 0 0 0 
1 1 0 1 0 0 0 0 0 2 
0 0 1 2 1 0 1 0 1 0 
0 1 1 1 0 1 0 0 1 0 
1 1 1 0 1 0 0 0 1 2 
1 1 0 1 1 1 1 1 0 2 
1 0 0 2 1 1 1 1 1 1 
1 1 1 2 0 0 0 0 1 0 
0 1 1 3 1 1 1 0 1 0 
0 1 0 3 1 1 1 1 1 1 
1 1 1 3 0 0 1 0 1 1 
0 1 1 2 0 1 1 1 1 1 
0 1 1 3 0 1 0 1 1 0 
0 1 0 2 0 1 1 1 1 0 
1 0 1 2 0 1 0 0 1 0 
1 1 1 1 0 0 1 1 1 0 
1 1 0 0 1 1 1 1 0 2 
1 1 1 2 1 0 0 1 1 1 
1 1 1 0 1 1 1 1 0 2 
1 1 0 0 1 1 1 1 0 1 
1 1 0 1 0 0 1 1 0 2 
1 0 0 2 0 0 1 0 1 2 
0 1 1 0 0 1 0 1 1 1 
1 1 0 3 1 0 1 0 1 1 
1 1 1 3 1 0 1 0 1 1 
0 1 1 3 0 0 1 1 1 1 
0 1 0 3 0 0 1 1 1 2 
0 0 0 3 0 1 1 0 1 0 
0 0 0 0 0 0 0 0 0 0 
0 0 0 1 0 0 0 1 1 2 
1 1 1 1 0 1 0 1 1 0 
1 1 1 1 0 0 1 0 -1 0 
1 1 1 1 0 0 1 0 -1 2 
0 1 1 1 1 1 1 0 1 1 
1 1 0 2 1 0 0 1 0 1 
1 1 1 3 0 1 0 0 1 1 
0 0 1 1 0 1 1 1 0 1 
1 1 1 1 0 0 0 0 0 0 
0 0 0 0 1 0 1 1 1 2 
1 1 0 1 1 1 0 1 1 0 
0 0 0 0 0 0 0 0 1 0 
0 1 0 3 0 1 0 0 1 2 
0 1 1 1 1 0 0 1 1 2 
0 1 0 3 0 1 0 0 1 1 
0 0 1 1 1 0 0 0 1 0 
1 1 1 3 0 1 0 1 -1 1 
1 1 1 3 0 1 0 1 -1 2 
1 0 0 2 0 1 0 1 1 0 
0 0 1 1 0 0 1 0 1 2 
0 0 0 1 1 1 0 0 1 1 
0 0 0 2 0 0 0 0 1 0 
1 0 0 0 1 1 0 0 1 2 
1 0 1 0 1 1 1 1 0 2 
0 0 0 3 1 1 0 1 1 2 
0 0 0 1 0 1 1 0 1 0 
1 1 1 3 0 1 0 1 0 2 
1 1 1 1 0 0 0 1 1 0 
0 1 0 2 0 0 0 1 1 1 
0 0 1 3 0 0 1 1 1 2 
1 1 1 0 1 0 1 0 1 1 
1 1 1 1 1 1 0 0 0 0 
0 1 0 1 1 0 1 0 1 0 
1 1 0 0 0 1 1 1 1 2 
0 0 1 3 0 1 1 0 1 2 
0 0 1 2 1 0 0 1 1 0 
1 1 1 1 0 1 1 1 0 1 
0 0 0 3 1 0 1 0 1 1 
1 0 0 0 0 0 0 1 1 1 
0 0 1 1 1 1 1 0 1 2 
0 0 0 3 1 0 1 0 1 2 
0 1 1 1 0 0 0 0 1 1 
1 1 1 0 0 0 0 0 0 0 
1 1 0 2 1 0 0 0 0 1 
1 0 1 0 0 0 1 1 1 1 
1 0 0 1 1 1 0 1 1 0 
1 1 1 3 0 1 0 1 1 1 
0 0 1 1 0 1 0 1 1 1 
1 0 0 0 0 0 0 0 0 0 
0 0 1 3 0 0 0 0 1 0 
0 0 1 3 0 0 0 0 1 1 
1 1 1 1 1 1 0 1 1 0 
1 1 0 2 1 1 1 0 1 0 
1 1 0 0 0 1 1 1 0 1 
MFS
[ 1 , - , - , 3 , - , - , - , - , - , - ]
[ 1 , - , - , 1 , - , - , - , - , - , - ]
[ - , - , - , - , - , - , - , - , 0 , 1 ]
[ - , - , - , - , - , - , - , - , 0 , 2 ]
[ - , - , - , - , - , - , - , - , 0 , 0 ]
precise
0.4
recall
0.6666666666666666
F-measure
0.5
multi
0
time
all 2612 iden 184 gen 518
t-cover
4594
all-cover
5600
coveredNum
(1 : 1716)  (2 : 994)  (3 : 855)  (4 : 616)  (5 : 472)  (6 : 308)  (7 : 202)  (8 : 108)  (9 : 102)  (10 : 59)  (11 : 63)  (12 : 30)  (13 : 23)  (14 : 13)  (15 : 12)  (16 : 14)  (17 : 6)  (18 : 4)  (19 : 1)  (20 : 2)  
real Identify
([ 1 , - , - , 3 , - , - , - , - , - , - ] : 1)  ([ 1 , - , - , 1 , - , - , - , - , - , - ] : 1)  
