testCase Num: 63
regaular Num: 46
identify Num: 17
2 0 1 0 1 1 1 1 1 1 1 0 1 1 
0 0 1 0 0 0 0 0 0 0 0 1 0 2 
0 1 0 1 0 1 0 1 1 1 1 1 0 2 
1 0 0 0 1 0 1 1 0 1 1 0 2 0 
2 0 0 1 0 0 1 0 0 1 1 0 3 1 
2 0 1 0 0 0 0 0 1 1 1 0 1 1 
1 1 0 1 1 1 1 1 1 1 1 0 1 1 
2 0 0 1 1 0 0 1 0 0 0 1 2 0 
1 1 1 0 1 0 0 0 1 0 0 1 1 2 
0 1 1 1 0 1 0 0 1 1 0 0 2 0 
1 1 1 0 0 1 0 1 1 1 0 0 0 1 
1 0 1 1 1 1 1 1 1 1 1 0 1 1 
2 0 1 0 0 0 0 0 0 0 0 1 1 1 
1 0 0 0 1 1 0 0 1 1 0 0 3 0 
0 1 1 0 0 0 1 0 1 0 1 0 1 2 
2 0 0 1 0 1 0 1 0 0 0 0 1 2 
1 0 0 0 0 0 0 0 0 1 0 0 1 2 
0 0 0 0 0 0 0 0 0 0 0 0 3 0 
0 1 1 1 1 1 1 1 1 1 1 0 1 1 
1 0 0 0 0 1 0 1 1 0 0 1 3 1 
2 1 0 1 0 0 0 1 1 0 1 0 3 0 
1 0 0 0 1 0 0 0 1 0 1 1 0 1 
2 0 1 0 0 0 1 1 1 1 1 0 1 1 
2 1 1 1 1 1 1 0 1 0 0 0 3 2 
0 0 0 1 0 0 0 0 1 0 0 0 3 2 
2 1 0 0 0 0 0 0 0 1 0 0 2 0 
0 0 0 0 1 0 1 0 0 0 1 0 2 2 
0 0 0 0 0 0 0 1 0 0 0 0 1 1 
2 0 0 1 0 0 1 1 0 0 0 0 0 1 
1 1 1 1 0 0 1 0 0 1 1 1 3 0 
2 0 0 0 0 1 1 0 1 1 1 1 0 0 
2 1 1 0 0 1 1 0 0 1 0 1 1 0 
0 1 1 1 1 1 1 1 0 0 0 1 0 0 
2 1 1 1 1 0 0 0 0 1 1 0 0 2 
1 0 0 0 0 1 0 0 0 0 1 0 3 2 
1 1 0 0 0 1 0 1 0 0 0 1 1 0 
1 0 0 0 0 0 0 0 0 0 0 0 0 0 
0 0 0 1 0 0 1 0 1 0 0 1 2 1 
0 0 0 0 0 1 1 1 0 1 0 1 3 2 
2 1 1 0 1 0 0 1 1 0 0 1 2 2 
1 0 0 1 0 1 0 0 1 0 1 1 2 2 
0 0 1 0 0 0 0 0 0 0 0 1 3 0 
2 0 1 0 0 0 0 0 0 0 0 0 1 1 
2 0 1 1 1 1 1 1 1 1 1 0 1 1 
0 0 0 1 0 0 0 0 0 0 1 0 1 0 
2 1 1 0 1 1 1 0 0 0 1 0 2 1 
0 1 1 0 1 0 0 1 0 0 1 1 3 1 
2 0 1 0 0 1 1 1 1 1 1 0 1 1 
2 0 0 0 0 0 0 0 0 0 0 1 3 0 
2 0 1 0 0 0 0 0 0 1 1 0 1 1 
1 0 0 1 1 0 1 1 0 0 0 0 0 2 
2 0 0 1 1 1 1 1 1 1 1 0 1 1 
2 0 0 1 1 0 0 0 0 1 0 1 1 1 
0 1 0 0 0 1 0 1 0 1 0 1 2 2 
2 0 1 0 0 0 0 1 1 1 1 0 1 1 
0 0 0 0 0 0 0 0 0 0 0 0 0 0 
2 0 1 0 0 0 0 0 0 0 0 1 2 1 
0 0 0 0 0 0 0 0 0 0 0 0 0 1 
2 0 1 0 0 0 0 0 0 0 1 0 1 1 
0 0 0 0 0 0 0 0 0 0 0 0 0 2 
2 0 1 0 0 0 0 0 0 0 0 1 2 2 
0 0 0 0 1 0 0 0 1 1 1 1 1 0 
1 1 1 0 0 0 0 1 0 1 0 0 2 1 
MFS
[ - , 0 , 1 , - , - , - , - , - , - , - , - , - , - , - ]
precise
1.0
recall
1.0
F-measure
1.0
multi
0
time
all 2659 iden 1268 gen 814
t-cover
4282
all-cover
4282
coveredNum
(1 : 485)  (2 : 740)  (3 : 920)  (4 : 747)  (5 : 511)  (6 : 340)  (7 : 191)  (8 : 107)  (9 : 56)  (10 : 19)  (11 : 17)  (12 : 28)  (13 : 37)  (14 : 27)  (15 : 25)  (16 : 13)  (17 : 10)  (18 : 2)  (19 : 6)  (20 : 1)  
real Identify
([ - , 0 , 1 , - , - , - , - , - , - , - , - , - , - , - ] : 1)  
multiple f measure
NaN
multiple f recall
NaN
multiple f precise
0.0
multiple f found
0.0
multiple f found percent
NaN
multipe helpedInTheNextRun
0.0
multipe helpedInTheNextRun percent
NaN
negative checked
0.0
negtive impoved
0.0
postive checked
0.0
postive impoved
0.0
feedback start times
1.0
