testCase Num: 32
regaular Num: 15
identify Num: 17
2 1 0 1 0 0 1 0 1 1 0 1 2 2 
1 0 1 1 0 0 0 0 1 1 0 1 0 1 
1 0 1 1 0 0 0 0 0 0 1 0 3 2 
1 0 1 1 0 0 0 0 1 1 0 0 3 2 
0 0 1 1 0 0 0 0 1 1 0 1 2 1 
0 0 0 0 0 0 0 0 0 0 0 0 1 2 
0 0 1 0 1 1 1 1 0 0 1 0 3 2 
0 1 1 0 1 1 1 1 0 0 1 0 3 2 
2 1 1 0 1 0 0 0 1 0 1 0 2 1 
2 0 0 1 0 0 0 1 0 0 1 0 0 2 
2 0 1 0 1 1 1 1 0 0 1 0 3 2 
1 1 1 0 1 1 1 0 1 1 0 1 0 0 
0 0 1 1 0 1 1 1 0 0 1 0 3 2 
1 1 1 1 1 1 0 1 1 1 1 1 1 1 
0 0 0 1 0 0 1 1 0 0 0 1 1 1 
1 0 0 0 0 0 0 0 0 0 0 1 3 1 
1 0 1 1 0 0 1 1 0 0 1 0 3 2 
2 0 0 0 0 0 0 0 0 0 0 0 1 0 
0 0 1 1 0 0 0 0 1 1 1 0 3 2 
1 0 1 1 0 0 0 1 0 0 1 0 3 2 
1 0 0 0 0 1 0 1 0 1 0 0 2 0 
2 1 0 0 1 1 1 1 0 0 1 0 3 2 
1 0 0 0 1 1 1 1 0 0 1 0 3 2 
0 0 1 1 0 0 0 0 1 1 0 1 3 2 
0 0 1 1 0 0 0 0 1 1 0 1 1 0 
0 0 1 1 0 0 0 0 1 1 0 1 1 2 
0 1 1 0 0 0 0 0 0 0 0 0 2 0 
0 0 0 0 0 0 0 0 0 0 0 0 0 0 
0 0 0 0 0 0 0 0 0 0 0 0 0 1 
0 0 1 1 1 1 1 1 0 0 1 0 3 2 
0 0 0 1 0 0 0 0 1 1 1 0 3 0 
1 0 1 1 0 0 0 0 1 0 1 0 3 2 
MFS
[ - , 0 , 1 , - , - , - , - , - , - , - , - , - , - , - ]
precise
1.0
recall
1.0
F-measure
1.0
multi
0
time
all 189 iden 74 gen 102
t-cover
473
all-cover
473
coveredNum
(1 : 90)  (2 : 120)  (3 : 115)  (4 : 57)  (5 : 29)  (6 : 10)  (7 : 9)  (8 : 21)  (9 : 12)  (10 : 9)  (11 : 1)  
real Identify
([ - , 0 , 1 , - , - , - , - , - , - , - , - , - , - , - ] : 1)  
testCase Num: 32
regaular Num: 15
identify Num: 17
0 0 1 1 0 1 0 1 0 1 0 0 3 2 
2 0 1 0 1 0 1 0 1 1 0 0 3 2 
2 1 1 0 1 0 1 0 1 1 0 0 3 2 
1 0 1 0 1 0 1 0 1 1 0 0 3 2 
2 0 1 1 0 1 1 0 1 1 0 0 3 2 
2 0 1 1 0 1 0 0 1 1 0 0 3 2 
2 0 1 1 0 0 1 0 1 1 0 0 3 2 
0 1 1 0 0 0 1 1 1 0 1 0 2 0 
0 0 0 0 0 0 0 0 0 0 1 0 0 2 
0 0 0 0 0 0 0 0 0 0 0 0 1 2 
2 0 0 0 1 0 1 0 1 1 0 0 3 2 
0 0 1 1 0 1 0 1 0 0 1 0 3 2 
1 1 0 0 1 0 1 0 1 1 0 0 3 2 
2 0 0 0 0 0 0 1 0 0 0 0 0 1 
0 0 1 1 0 1 0 1 0 0 1 1 3 2 
0 0 1 1 0 1 0 1 1 1 0 0 3 2 
0 1 1 1 1 0 0 0 1 1 1 1 0 0 
2 0 1 1 1 0 1 0 1 1 0 0 3 2 
2 1 1 1 0 1 0 1 0 0 1 1 3 0 
0 0 0 0 0 0 0 0 0 0 0 0 3 1 
1 0 0 1 0 0 0 0 0 1 0 0 2 1 
2 0 0 0 0 0 0 0 0 0 0 0 1 0 
2 0 1 1 0 1 0 1 0 0 1 1 1 0 
1 0 0 0 0 1 1 0 1 0 0 1 0 0 
0 0 0 0 1 1 1 1 0 0 1 0 1 1 
2 1 0 1 1 1 0 1 0 0 0 1 2 2 
2 0 1 1 0 1 0 1 0 0 1 1 0 1 
0 0 0 0 0 0 0 0 0 0 0 0 0 0 
0 0 1 1 0 1 0 1 0 0 0 0 3 2 
0 0 1 1 0 1 0 1 0 0 1 1 2 0 
1 1 1 1 0 1 1 1 1 1 1 1 1 1 
0 0 1 1 0 1 0 1 0 0 1 1 0 2 
MFS
[ - , 0 , 1 , - , - , - , - , - , - , - , - , - , - , - ]
precise
1.0
recall
1.0
F-measure
1.0
multi
0
time
all 199 iden 85 gen 99
t-cover
473
all-cover
473
coveredNum
(1 : 93)  (2 : 114)  (3 : 111)  (4 : 69)  (5 : 25)  (6 : 9)  (7 : 11)  (8 : 17)  (9 : 16)  (10 : 6)  (11 : 2)  
real Identify
([ - , 0 , 1 , - , - , - , - , - , - , - , - , - , - , - ] : 1)  
testCase Num: 32
regaular Num: 15
identify Num: 17
0 0 1 1 0 0 1 0 0 1 1 1 3 1 
1 0 0 0 1 1 0 1 1 0 0 1 3 1 
1 0 1 1 0 0 1 0 0 1 1 0 1 0 
0 0 1 1 0 0 1 0 0 1 1 0 3 1 
0 0 0 0 0 0 1 0 0 1 0 0 0 1 
0 0 0 0 0 0 0 0 0 0 0 0 2 1 
0 0 1 1 1 1 0 1 1 0 0 1 3 1 
2 1 0 1 1 0 1 0 0 1 1 0 2 2 
0 0 1 1 0 1 0 1 1 0 0 1 3 1 
2 0 0 0 1 0 1 1 0 1 0 0 1 0 
1 0 0 1 0 0 1 0 0 1 1 0 3 1 
0 0 1 1 0 0 1 0 1 0 0 1 3 1 
0 1 1 0 0 1 1 1 0 0 1 1 2 2 
0 0 1 1 0 0 1 0 0 1 1 0 0 1 
0 0 1 1 0 0 1 0 0 1 1 0 0 2 
0 0 1 1 0 0 1 0 0 1 0 1 3 1 
0 0 1 1 0 0 1 0 0 1 1 0 2 0 
1 1 1 1 1 0 0 0 1 1 1 1 0 0 
0 0 0 0 0 0 0 0 0 0 0 0 3 0 
1 0 0 0 0 0 0 0 0 0 0 0 3 2 
0 1 1 0 1 1 0 1 1 0 0 1 3 1 
0 0 1 0 1 1 0 1 1 0 0 1 3 1 
2 1 1 1 0 1 0 1 1 0 0 0 0 2 
1 0 1 1 0 0 1 0 0 0 0 1 3 1 
2 0 1 0 1 1 0 1 1 0 0 1 3 1 
1 0 0 0 0 1 0 0 1 0 0 0 2 0 
0 0 1 1 0 0 0 1 1 0 0 1 3 1 
0 0 1 1 0 0 1 1 1 0 0 1 3 1 
0 0 0 0 0 0 0 0 0 0 0 0 0 0 
1 1 1 1 0 1 1 1 1 1 1 1 1 1 
2 1 0 0 1 1 0 1 1 0 0 1 3 1 
0 0 0 1 0 0 0 0 0 0 0 0 1 2 
MFS
[ - , 0 , 1 , - , - , - , - , - , - , - , - , - , - , - ]
precise
1.0
recall
1.0
F-measure
1.0
multi
0
time
all 188 iden 69 gen 105
t-cover
473
all-cover
473
coveredNum
(1 : 93)  (2 : 120)  (3 : 96)  (4 : 66)  (5 : 36)  (6 : 14)  (7 : 13)  (8 : 14)  (9 : 14)  (10 : 7)  
real Identify
([ - , 0 , 1 , - , - , - , - , - , - , - , - , - , - , - ] : 1)  
testCase Num: 31
regaular Num: 14
identify Num: 17
0 0 1 1 1 1 0 1 0 0 1 0 1 2 
2 0 0 1 0 0 1 0 1 1 0 1 2 2 
2 1 1 0 0 0 0 0 0 1 1 1 0 0 
1 1 1 1 1 1 1 1 1 1 1 1 0 1 
1 1 1 0 0 0 1 1 1 1 0 0 3 0 
0 0 0 1 1 0 0 0 1 1 0 1 1 0 
1 0 0 0 1 1 0 1 0 0 1 0 1 2 
2 1 0 0 1 1 0 1 0 0 1 0 1 2 
2 0 0 0 0 0 0 0 0 0 0 0 0 1 
1 0 1 1 0 0 1 0 1 1 0 1 3 1 
0 0 1 1 0 0 1 0 1 1 0 1 3 0 
1 0 1 1 0 0 1 0 1 1 0 0 1 2 
1 0 1 1 0 0 1 0 0 0 1 0 1 2 
1 0 1 1 0 0 0 1 0 0 1 0 1 2 
0 0 1 1 0 0 1 0 1 1 0 1 2 2 
1 0 1 1 0 1 0 1 0 0 1 0 1 2 
1 0 0 1 1 1 0 1 1 0 1 0 2 0 
0 1 1 0 1 1 0 1 0 0 1 0 1 2 
1 0 1 0 1 1 0 1 0 0 1 0 1 2 
2 0 1 0 1 1 0 1 0 0 1 0 1 2 
2 0 0 0 0 1 0 0 0 0 0 0 3 2 
1 0 0 0 0 0 1 0 0 0 0 0 1 1 
1 0 1 1 0 0 1 1 0 0 1 0 1 2 
0 0 1 1 0 0 1 0 1 1 1 0 1 2 
0 0 1 1 0 0 1 0 1 1 0 1 2 0 
0 1 1 0 0 1 1 0 0 0 0 0 2 1 
0 0 1 1 0 0 1 0 1 1 0 1 1 2 
0 0 0 0 0 0 0 0 0 0 0 0 0 0 
0 0 0 1 1 0 0 0 0 0 1 1 3 1 
0 0 0 0 0 0 0 0 0 0 0 0 0 2 
1 0 1 1 0 0 1 0 1 0 1 0 1 2 
MFS
[ - , 0 , 1 , - , - , - , - , - , - , - , - , - , - , - ]
precise
1.0
recall
1.0
F-measure
1.0
multi
0
time
all 187 iden 74 gen 91
t-cover
473
all-cover
473
coveredNum
(1 : 101)  (2 : 130)  (3 : 95)  (4 : 62)  (5 : 29)  (6 : 15)  (7 : 16)  (8 : 14)  (9 : 6)  (10 : 5)  
real Identify
([ - , 0 , 1 , - , - , - , - , - , - , - , - , - , - , - ] : 1)  
testCase Num: 32
regaular Num: 15
identify Num: 17
1 0 1 0 0 1 0 1 0 1 0 1 2 2 
2 0 0 0 1 0 1 0 1 0 1 1 3 1 
0 0 0 0 0 0 1 0 1 0 0 0 0 2 
2 1 0 1 0 1 0 1 0 1 0 1 2 2 
1 0 1 0 1 0 1 0 1 0 1 0 2 2 
0 0 1 0 1 0 1 0 1 0 1 1 2 2 
0 0 1 0 1 0 1 0 1 0 1 0 0 1 
1 1 1 1 1 1 1 1 1 1 1 0 1 1 
1 0 0 1 0 1 0 1 0 1 0 1 2 2 
0 1 1 0 1 0 0 1 0 0 1 0 1 2 
0 1 1 1 0 0 1 0 0 1 0 0 3 1 
2 0 1 1 0 1 0 1 0 1 0 1 2 2 
0 0 1 1 0 1 0 1 0 1 0 1 2 2 
1 0 1 0 1 0 0 1 0 1 0 1 2 2 
0 0 0 0 0 0 1 0 0 0 1 0 2 1 
0 0 0 0 0 0 0 0 0 0 0 0 3 2 
1 0 1 0 1 0 1 0 1 1 0 1 2 2 
0 0 1 0 1 0 1 1 0 1 0 1 2 2 
2 0 0 0 0 0 0 0 0 0 0 0 1 0 
1 1 1 0 0 1 1 0 1 1 1 1 0 0 
2 0 0 1 1 1 0 1 0 0 0 0 0 1 
0 0 1 0 1 1 0 1 0 1 0 1 2 2 
0 1 1 1 0 1 0 1 0 1 0 1 2 2 
0 0 1 0 1 0 1 0 1 0 1 0 3 2 
0 0 1 0 1 0 1 0 1 0 1 0 1 0 
0 0 0 0 0 0 0 0 0 0 0 0 0 0 
1 0 1 0 1 0 1 0 1 0 0 1 2 2 
1 0 0 1 0 0 0 0 0 0 0 1 1 0 
2 1 1 0 1 0 0 0 1 0 0 0 2 0 
1 0 1 0 1 0 1 0 0 1 0 1 2 2 
1 0 1 0 1 0 1 0 1 0 1 0 3 0 
1 0 0 0 0 1 0 1 0 0 0 0 3 0 
MFS
[ - , 0 , 1 , - , - , - , - , - , - , - , - , - , - , - ]
precise
1.0
recall
1.0
F-measure
1.0
multi
0
time
all 234 iden 94 gen 134
t-cover
473
all-cover
473
coveredNum
(1 : 83)  (2 : 117)  (3 : 120)  (4 : 59)  (5 : 30)  (6 : 15)  (7 : 18)  (8 : 16)  (9 : 9)  (10 : 6)  
real Identify
([ - , 0 , 1 , - , - , - , - , - , - , - , - , - , - , - ] : 1)  
testCase Num: 31
regaular Num: 14
identify Num: 17
2 1 1 1 1 0 1 1 0 0 1 0 3 0 
1 0 0 0 1 1 0 0 1 1 0 1 2 2 
2 1 0 0 1 1 0 0 1 1 0 1 2 2 
1 0 1 1 0 0 1 1 0 0 1 0 2 2 
2 0 0 0 0 0 0 0 0 0 0 0 0 1 
0 0 1 1 0 0 0 0 1 1 0 1 2 2 
0 0 0 0 0 1 0 1 0 1 0 0 3 1 
0 0 1 1 0 0 1 0 1 1 0 1 2 2 
0 0 1 1 0 1 0 0 1 1 0 1 2 2 
1 0 0 1 0 0 1 0 0 1 0 0 2 0 
0 0 1 1 0 0 1 1 0 0 0 1 2 2 
2 0 0 0 0 1 0 0 0 0 0 0 1 2 
0 0 1 0 1 1 0 0 1 1 0 1 2 2 
0 1 1 0 1 1 0 0 1 1 0 1 2 2 
0 0 0 1 1 0 0 0 1 0 1 0 1 1 
0 0 1 1 0 0 1 1 0 1 0 1 2 2 
0 0 0 0 0 0 0 0 0 0 0 0 1 0 
2 0 1 0 1 1 0 0 1 1 0 1 2 2 
0 0 1 1 0 0 1 1 0 0 1 0 3 2 
0 0 1 1 0 0 1 1 0 0 1 0 1 0 
1 0 1 1 0 0 1 1 0 0 1 0 3 0 
1 0 0 1 0 0 0 0 1 0 0 1 3 2 
0 0 1 1 0 0 1 1 0 0 1 1 2 2 
0 0 1 1 0 0 1 1 0 0 1 0 0 1 
0 0 0 0 0 0 0 0 0 0 0 0 0 0 
0 0 1 1 0 0 1 1 1 1 0 1 2 2 
1 1 1 1 0 1 1 1 1 1 1 1 1 1 
0 0 1 1 1 1 0 0 1 1 0 1 2 2 
2 1 1 1 1 1 0 0 1 1 0 1 0 0 
0 0 0 0 0 0 1 1 0 0 1 0 2 1 
1 0 0 0 0 0 1 1 0 0 1 1 0 2 
MFS
[ - , 0 , 1 , - , - , - , - , - , - , - , - , - , - , - ]
precise
1.0
recall
1.0
F-measure
1.0
multi
0
time
all 200 iden 85 gen 100
t-cover
473
all-cover
473
coveredNum
(1 : 112)  (2 : 109)  (3 : 105)  (4 : 59)  (5 : 32)  (6 : 18)  (7 : 11)  (8 : 17)  (9 : 6)  (10 : 3)  (11 : 1)  
real Identify
([ - , 0 , 1 , - , - , - , - , - , - , - , - , - , - , - ] : 1)  
testCase Num: 32
regaular Num: 15
identify Num: 17
0 0 1 1 1 0 1 1 0 0 0 1 2 1 
0 1 1 1 1 1 0 0 1 1 0 1 0 1 
0 0 0 0 1 0 0 1 1 0 0 1 3 2 
1 0 0 0 0 1 0 1 0 0 1 1 0 2 
0 0 0 0 0 0 0 0 0 1 0 0 2 2 
2 0 0 0 0 0 1 0 0 0 0 0 0 0 
0 0 1 1 0 1 0 0 1 1 1 0 2 1 
1 1 1 1 0 0 1 0 0 0 1 0 3 2 
0 0 0 1 0 0 0 1 0 1 1 0 1 1 
1 0 1 1 0 1 0 1 0 0 0 1 2 1 
1 1 1 1 1 1 1 1 1 1 1 1 1 0 
0 0 1 1 0 1 0 0 1 1 0 1 2 1 
0 0 1 1 0 1 0 0 1 1 1 0 1 2 
0 0 1 1 0 1 1 1 0 0 0 1 2 1 
0 1 1 0 1 0 1 1 0 0 0 1 2 1 
2 0 0 0 0 1 0 0 1 1 1 0 3 2 
1 0 1 0 1 0 1 1 0 0 0 1 2 1 
0 0 0 0 0 0 0 0 0 0 0 0 3 0 
0 0 0 0 0 0 0 0 0 0 0 0 3 1 
0 0 1 1 0 1 0 0 1 1 1 0 3 1 
0 0 1 1 0 1 0 0 1 1 1 0 3 2 
2 0 1 0 1 0 1 1 0 0 0 1 2 1 
1 0 1 1 0 0 1 1 0 0 0 1 2 1 
2 1 1 0 1 0 0 0 0 0 0 0 1 2 
2 0 0 1 0 1 0 0 1 0 1 0 2 0 
1 0 1 1 0 1 0 0 0 0 0 1 2 1 
1 0 1 1 0 1 0 0 1 1 1 0 0 2 
0 0 1 1 0 1 0 0 1 1 1 1 2 1 
2 1 0 0 1 0 1 1 0 0 0 1 2 1 
0 0 0 0 0 0 0 0 0 0 0 0 0 0 
1 0 0 0 1 0 1 1 0 0 0 1 2 1 
1 0 1 1 0 1 0 0 1 0 0 1 2 1 
MFS
[ - , 0 , 1 , - , - , - , - , - , - , - , - , - , - , - ]
precise
1.0
recall
1.0
F-measure
1.0
multi
0
time
all 231 iden 93 gen 117
t-cover
473
all-cover
473
coveredNum
(1 : 96)  (2 : 122)  (3 : 94)  (4 : 69)  (5 : 28)  (6 : 8)  (7 : 20)  (8 : 14)  (9 : 12)  (10 : 8)  (11 : 2)  
real Identify
([ - , 0 , 1 , - , - , - , - , - , - , - , - , - , - , - ] : 1)  
testCase Num: 32
regaular Num: 15
identify Num: 17
2 0 1 1 0 1 0 1 0 1 1 1 0 1 
2 0 1 1 0 1 0 1 0 1 1 0 0 1 
2 0 1 1 0 1 0 0 1 0 0 1 0 1 
2 1 1 1 1 1 0 0 0 0 1 0 2 0 
1 1 0 0 1 0 1 0 1 0 0 1 0 1 
0 0 1 1 0 1 0 1 0 1 1 0 2 1 
0 0 1 1 0 1 0 1 0 1 1 0 2 2 
2 1 1 0 0 0 1 1 0 0 1 0 3 2 
2 0 0 0 1 0 1 0 1 0 0 1 0 1 
2 0 0 0 0 1 0 0 1 0 0 0 1 1 
1 1 1 0 0 0 0 0 0 0 0 0 1 0 
2 0 1 1 1 0 1 0 1 0 0 1 0 1 
2 0 1 1 0 1 0 1 0 0 0 1 0 1 
0 0 1 1 0 1 0 1 0 1 1 0 3 0 
0 0 0 0 0 0 0 0 0 0 0 0 1 2 
2 0 1 1 0 1 0 1 0 1 1 0 1 0 
2 0 1 1 0 1 0 1 0 1 0 1 0 1 
1 0 0 1 1 0 0 0 1 1 0 1 2 2 
0 1 1 1 1 1 1 1 1 1 1 1 1 1 
2 0 1 1 0 1 0 1 1 0 0 1 0 1 
1 0 0 0 1 1 0 1 1 1 0 0 3 0 
2 1 1 0 1 0 1 0 1 0 0 1 0 1 
0 0 0 0 0 0 0 0 0 0 0 0 0 0 
2 0 1 0 1 0 1 0 1 0 0 1 0 1 
1 0 1 0 1 0 1 0 1 0 0 1 0 1 
2 0 1 1 0 1 1 0 1 0 0 1 0 1 
1 1 0 1 0 1 1 1 0 1 1 1 0 0 
0 0 0 1 0 0 0 0 0 0 0 1 3 1 
2 0 0 0 0 0 0 0 0 1 0 0 0 0 
2 0 1 1 0 0 1 0 1 0 0 1 0 1 
0 0 0 0 0 0 1 1 0 0 1 0 2 1 
0 0 0 0 0 1 0 0 0 0 0 0 0 2 
MFS
[ - , 0 , 1 , - , - , - , - , - , - , - , - , - , - , - ]
precise
1.0
recall
1.0
F-measure
1.0
multi
0
time
all 118 iden 54 gen 62
t-cover
473
all-cover
473
coveredNum
(1 : 90)  (2 : 116)  (3 : 115)  (4 : 51)  (5 : 39)  (6 : 11)  (7 : 18)  (8 : 14)  (9 : 13)  (10 : 5)  (11 : 1)  
real Identify
([ - , 0 , 1 , - , - , - , - , - , - , - , - , - , - , - ] : 1)  
testCase Num: 31
regaular Num: 14
identify Num: 17
2 0 1 1 1 1 0 1 0 0 1 1 1 0 
1 0 1 1 1 1 1 0 1 1 0 0 2 1 
1 0 1 1 1 1 0 0 1 1 0 0 2 1 
1 0 1 1 1 0 1 0 1 1 0 0 2 1 
1 0 0 1 0 0 0 0 0 1 1 0 0 2 
2 0 0 0 0 0 0 0 0 0 0 0 0 1 
1 0 1 1 1 1 0 1 0 1 0 0 2 1 
1 0 1 0 0 0 1 0 1 1 0 0 2 1 
1 1 1 0 0 0 1 0 1 1 0 0 2 1 
0 0 1 0 0 0 1 0 1 1 0 0 2 1 
2 1 1 0 0 0 0 0 0 0 0 1 1 0 
0 0 0 0 0 0 0 0 0 0 0 0 1 2 
2 1 1 0 1 1 1 0 0 1 0 0 3 2 
1 0 1 1 1 1 0 1 1 1 0 0 2 1 
1 0 1 1 1 1 0 1 0 0 1 1 2 1 
1 0 1 1 1 1 0 1 0 0 1 0 2 1 
0 1 0 0 0 0 1 0 1 1 0 0 2 1 
2 0 0 1 1 0 0 1 1 0 1 1 2 2 
1 0 1 1 1 1 0 1 0 0 1 1 0 2 
1 0 0 0 0 0 1 0 1 1 0 0 2 1 
0 1 1 0 1 1 1 1 1 0 1 1 0 0 
1 0 1 1 0 0 1 0 1 1 0 0 2 1 
0 0 0 1 0 0 0 0 1 0 0 1 3 1 
0 0 0 0 0 1 0 1 0 1 0 0 2 0 
1 0 0 1 1 1 0 0 0 1 0 0 1 1 
0 0 0 0 0 0 0 0 0 0 0 0 0 0 
1 0 1 1 1 1 0 1 0 0 1 1 3 0 
1 0 0 1 0 0 0 1 0 0 1 0 3 0 
1 1 1 1 0 1 1 1 1 1 1 1 1 1 
1 0 1 1 1 1 0 1 0 0 0 0 2 1 
1 0 1 1 1 1 0 1 0 0 1 1 3 1 
MFS
[ - , 0 , 1 , - , - , - , - , - , - , - , - , - , - , - ]
precise
1.0
recall
1.0
F-measure
1.0
multi
0
time
all 114 iden 52 gen 56
t-cover
473
all-cover
473
coveredNum
(1 : 102)  (2 : 130)  (3 : 100)  (4 : 55)  (5 : 31)  (6 : 12)  (7 : 14)  (8 : 14)  (9 : 12)  (10 : 3)  
real Identify
([ - , 0 , 1 , - , - , - , - , - , - , - , - , - , - , - ] : 1)  
testCase Num: 31
regaular Num: 14
identify Num: 17
1 0 1 0 1 1 0 1 0 0 1 0 2 2 
1 0 1 0 0 0 1 0 1 0 1 0 2 2 
2 0 0 1 0 1 1 0 0 1 1 0 0 1 
1 0 0 1 1 1 0 1 0 0 1 0 2 2 
2 1 0 1 1 1 0 1 0 0 1 0 2 2 
1 0 1 0 0 0 1 0 1 1 0 0 2 2 
1 0 1 0 0 0 1 0 1 1 0 1 2 2 
0 0 0 0 0 0 0 1 1 0 0 0 1 1 
1 0 1 0 0 0 1 0 0 0 1 0 2 2 
0 0 0 0 0 0 1 0 0 1 1 1 2 0 
0 0 0 0 0 0 0 0 0 0 0 0 1 2 
0 0 0 1 1 0 0 0 0 0 0 0 3 0 
2 0 0 0 0 0 1 1 1 1 0 1 3 2 
1 1 1 0 0 1 0 0 0 1 1 0 3 1 
2 0 1 1 1 1 0 1 0 0 1 0 2 2 
0 0 1 1 1 1 0 1 0 0 1 0 2 2 
0 1 1 1 1 1 0 1 0 0 1 0 2 2 
2 1 1 0 1 1 0 0 0 0 0 1 1 0 
1 1 1 1 1 0 1 1 1 0 0 1 0 0 
1 0 1 0 0 1 0 1 0 0 1 0 2 2 
0 0 1 0 0 0 1 0 1 1 0 1 0 1 
1 0 1 0 0 0 0 1 0 0 1 0 2 2 
1 0 1 0 0 0 1 0 1 1 1 0 2 2 
0 0 1 0 0 0 1 0 1 1 0 1 3 2 
0 0 1 0 0 0 1 0 1 1 0 1 1 0 
1 0 1 0 0 0 1 1 0 0 1 0 2 2 
0 0 0 0 0 0 0 0 1 0 0 0 2 1 
1 0 1 0 0 0 1 0 1 1 0 1 3 0 
0 0 0 0 0 0 0 0 0 0 0 0 0 0 
0 0 0 0 0 0 0 0 0 0 0 0 0 2 
1 1 1 1 1 1 1 0 1 1 1 1 1 1 
MFS
[ - , 0 , 1 , - , - , - , - , - , - , - , - , - , - , - ]
precise
1.0
recall
1.0
F-measure
1.0
multi
0
time
all 211 iden 73 gen 126
t-cover
473
all-cover
473
coveredNum
(1 : 100)  (2 : 132)  (3 : 106)  (4 : 44)  (5 : 23)  (6 : 22)  (7 : 26)  (8 : 13)  (9 : 4)  (10 : 3)  
real Identify
([ - , 0 , 1 , - , - , - , - , - , - , - , - , - , - , - ] : 1)  
