testCase Num: 134
regaular Num: 87
identify Num: 47
5 1 0 1 1 1 0 0 0 0 
3 0 0 0 0 0 1 1 0 0 
3 0 0 0 0 0 0 0 1 0 
3 1 0 1 0 0 0 0 0 1 
5 0 0 0 1 1 0 0 1 1 
5 0 1 0 0 0 1 0 1 1 
2 1 1 1 1 0 0 0 0 0 
4 1 1 1 1 1 0 1 1 1 
2 1 0 1 1 0 0 0 0 0 
3 1 0 0 1 0 1 0 1 0 
0 0 0 0 0 1 1 1 0 1 
3 1 0 0 0 1 0 0 0 0 
0 0 1 1 0 1 0 1 0 0 
3 1 0 1 0 0 0 0 1 0 
3 1 0 1 0 0 0 0 1 1 
4 0 0 1 1 0 1 1 0 1 
0 0 1 1 1 0 1 0 1 0 
1 0 0 0 1 0 0 0 0 1 
0 0 0 0 1 1 0 0 1 1 
4 0 0 0 0 1 0 0 0 0 
2 1 0 1 0 1 1 1 1 0 
2 1 0 1 1 0 0 0 1 0 
0 1 0 1 1 1 1 1 1 0 
1 1 1 0 0 0 1 1 1 0 
3 1 0 0 0 1 1 1 0 0 
4 0 0 1 0 0 0 1 1 0 
2 1 0 1 1 0 0 0 0 1 
2 1 0 0 1 0 1 1 1 1 
2 0 0 0 0 0 0 1 0 1 
3 1 0 1 0 0 0 0 0 0 
5 0 0 1 1 0 1 1 0 1 
1 1 0 1 1 1 1 0 0 1 
0 1 1 0 1 0 0 1 0 1 
5 1 1 0 0 1 1 0 1 0 
0 0 0 0 0 0 0 1 1 1 
1 0 0 0 1 0 0 0 1 0 
4 0 1 0 1 0 0 0 1 0 
2 1 0 0 0 1 0 0 0 1 
3 1 1 0 0 1 1 1 1 0 
5 0 1 1 0 0 0 1 1 0 
2 1 0 1 1 0 1 1 1 0 
3 0 0 1 0 1 0 0 1 1 
2 1 1 1 0 1 1 1 0 1 
3 1 0 1 0 1 0 1 0 1 
1 0 1 1 1 1 0 1 0 1 
2 0 0 1 0 1 1 0 1 1 
4 1 0 0 1 0 1 0 1 0 
1 0 1 1 1 0 1 0 0 0 
3 0 1 1 1 0 1 0 1 0 
5 0 0 0 0 1 1 0 0 1 
2 1 1 0 0 0 0 0 1 1 
4 1 1 1 0 0 1 1 0 0 
0 1 0 1 0 0 1 0 0 1 
3 1 0 0 0 1 0 1 1 0 
1 1 0 1 0 0 0 0 0 0 
3 1 0 1 0 0 1 1 1 0 
2 1 0 0 0 1 1 1 1 0 
0 1 1 1 0 1 0 0 1 1 
3 0 1 0 1 1 0 0 0 1 
4 0 1 1 1 0 0 0 0 1 
2 1 0 1 1 1 0 0 0 0 
3 1 0 0 0 1 1 0 1 0 
3 0 0 0 1 0 0 1 0 0 
3 0 1 0 0 1 1 1 1 1 
3 0 1 0 0 1 1 1 1 0 
4 1 0 0 1 1 0 1 0 1 
1 0 1 0 0 0 1 0 0 1 
3 0 1 1 1 1 0 0 0 0 
1 1 1 0 1 0 0 1 0 0 
4 0 0 0 0 0 0 1 1 1 
0 0 0 1 1 0 0 1 0 1 
3 1 0 0 0 0 0 0 0 0 
2 1 0 1 1 1 0 1 1 1 
0 0 0 0 0 0 0 0 0 0 
5 0 1 1 1 1 1 0 0 0 
2 0 1 0 1 1 1 1 1 1 
3 1 1 1 1 0 1 0 1 0 
4 0 0 0 1 0 0 1 0 0 
5 1 1 1 1 0 0 0 1 1 
4 0 1 0 0 1 1 1 1 0 
5 0 0 0 1 1 0 1 0 0 
4 0 1 0 1 1 1 0 0 1 
4 1 1 0 0 0 0 0 0 1 
3 1 1 1 1 1 1 0 0 1 
5 1 0 0 1 0 1 0 1 0 
3 1 0 1 0 0 1 0 1 0 
2 1 1 0 0 1 1 1 1 0 
3 1 1 1 0 0 0 1 0 0 
1 0 0 1 1 0 1 1 1 1 
4 1 0 1 0 1 1 0 1 1 
3 1 1 0 0 0 0 1 1 0 
1 1 0 0 0 1 0 1 1 1 
3 0 0 0 0 0 1 0 0 1 
2 0 1 1 1 1 0 0 0 1 
3 0 1 0 0 0 1 0 0 0 
2 0 1 1 0 0 0 1 1 1 
3 0 1 1 1 0 0 0 1 1 
3 1 0 1 0 0 0 1 0 0 
0 0 1 0 1 0 1 0 1 1 
3 1 1 0 1 0 0 1 0 0 
3 1 0 0 0 1 1 1 1 0 
3 1 0 0 0 1 1 1 1 1 
5 1 1 0 1 0 1 1 0 0 
3 1 1 1 1 1 0 0 0 0 
2 1 1 0 1 0 0 0 1 1 
3 1 0 1 1 1 0 0 0 0 
0 1 1 0 1 1 1 0 0 0 
1 0 0 0 0 0 0 0 1 1 
2 0 1 0 1 0 1 0 0 1 
3 1 0 1 0 0 0 1 1 0 
5 1 0 1 0 1 1 1 1 1 
1 1 1 1 0 0 0 1 1 1 
0 1 1 0 0 0 1 1 1 0 
3 0 0 1 1 1 1 1 1 1 
3 0 1 1 0 0 1 1 0 1 
1 0 0 1 0 1 1 1 0 0 
5 0 0 0 1 0 0 1 1 0 
3 1 0 1 1 0 1 0 1 0 
5 1 0 1 0 0 0 0 0 0 
4 1 0 0 0 1 0 0 0 0 
2 1 0 0 0 0 1 0 0 1 
0 1 0 0 1 1 0 0 1 0 
3 1 0 1 0 1 1 1 1 0 
2 1 0 1 1 0 0 1 1 0 
4 0 1 1 1 1 0 0 0 0 
1 1 1 0 1 1 0 0 1 0 
3 1 0 0 0 1 1 0 0 0 
2 0 0 1 1 0 1 1 0 1 
1 0 0 0 1 1 1 1 0 0 
3 1 0 0 1 1 0 0 0 0 
5 1 1 0 0 1 0 1 0 1 
2 1 0 1 1 1 1 1 1 0 
2 0 1 0 0 1 1 1 1 0 
1 0 1 1 0 1 1 0 1 0 
MFS
[ 3 , - , - , - , - , 1 , - , - , - , 0 ]
[ 2 , - , - , - , - , - , - , - , - , 0 ]
[ 3 , - , - , 1 , - , - , - , - , - , 0 ]
precise
0.6666666666666666
recall
0.5
F-measure
0.5714285714285715
multi
1
time
all 9601 iden 6476 gen 1328
t-cover
5936
all-cover
6048
coveredNum
(1 : 1063)  (2 : 1711)  (3 : 1043)  (4 : 455)  (5 : 431)  (6 : 417)  (7 : 346)  (8 : 247)  (9 : 168)  (10 : 103)  (11 : 39)  (12 : 18)  (13 : 6)  (15 : 1)  
real Identify
([ 3 , - , - , - , - , 1 , - , - , - , 0 ] : 1)  ([ 3 , - , - , 1 , - , - , - , - , - , 0 ] : 1)  
multiple f measure
0.6666666666666666
multiple f recall
0.5
multiple f precise
1.0
multiple f found
1.0
multiple f found percent
0.5
multipe helpedInTheNextRun
1.0
multipe helpedInTheNextRun percent
0.5
negative checked
0.0
negtive impoved
0.0
postive checked
2.0
postive impoved
0.0
feedback start times
4.0
