testCase Num: 38
regaular Num: 14
identify Num: 24
0 1 1 0 0 0 0 0 1 2 0 0 
1 0 1 0 1 0 0 1 1 2 0 0 
0 0 1 0 0 0 0 0 0 0 0 0 
2 1 1 1 1 0 0 1 3 0 0 1 
0 1 1 1 1 0 1 0 2 1 0 0 
2 0 1 0 0 1 1 0 2 2 1 0 
1 0 1 0 0 1 1 1 2 2 1 0 
0 0 0 0 0 0 0 0 1 0 0 0 
1 1 1 1 1 1 1 0 1 1 1 1 
2 0 1 0 0 1 0 1 2 2 1 0 
0 0 0 0 0 0 0 0 0 0 1 0 
1 0 1 1 0 1 1 0 0 2 0 1 
0 0 0 0 0 0 0 0 0 1 0 0 
0 0 0 0 0 0 0 0 0 0 0 1 
0 0 0 0 0 0 0 0 0 0 0 0 
2 1 1 0 0 1 1 1 2 2 1 0 
2 0 1 0 0 1 1 1 3 2 1 0 
1 0 1 0 0 0 0 0 3 0 0 0 
2 0 1 0 0 1 1 1 2 2 0 0 
0 0 0 1 0 0 0 0 0 0 0 0 
0 0 0 0 0 0 1 0 0 0 0 0 
1 0 0 0 0 0 0 0 0 0 0 0 
0 0 0 0 0 0 0 1 0 0 0 0 
2 0 1 0 0 0 1 1 2 2 1 0 
2 0 -1 0 0 1 1 1 2 2 1 0 
0 0 1 0 0 0 0 0 3 1 0 0 
2 0 1 0 0 1 1 0 1 0 1 0 
2 0 1 0 1 0 0 0 0 1 0 0 
0 0 0 0 1 0 0 0 0 0 0 0 
1 0 1 0 0 0 0 0 2 0 0 1 
2 0 1 1 0 1 1 1 2 2 1 0 
2 0 1 0 0 1 1 1 2 1 1 0 
2 0 1 0 0 1 1 1 2 2 1 0 
2 0 1 0 1 1 1 1 2 2 1 0 
0 0 0 0 0 1 0 0 0 0 0 0 
2 0 1 0 0 1 1 1 2 2 1 1 
0 1 0 0 0 0 0 0 0 0 0 0 
0 1 1 0 0 1 0 1 0 1 1 1 
MFS
[ - , - , - , - , - , 1 , - , - , 2 , - , - , - ]
[ - , - , 0 , - , - , - , - , - , - , - , - , - ]
precise
0.5
recall
0.3333333333333333
F-measure
0.4
multi
0
time
all 94 iden 0 gen 32
t-cover
356
all-cover
357
coveredNum
(1 : 109)  (2 : 83)  (3 : 74)  (4 : 42)  (5 : 12)  (6 : 7)  (7 : 10)  (8 : 8)  (9 : 5)  (10 : 6)  (11 : 1)  
real Identify
([ - , - , 0 , - , - , - , - , - , - , - , - , - ] : 1)  
multiple f measure
NaN
multiple f recall
NaN
multiple f precise
0.0
multiple f found
0.0
multiple f found percent
NaN
multipe helpedInTheNextRun
0.0
multipe helpedInTheNextRun percent
NaN
testCase Num: 50
regaular Num: 14
identify Num: 36
2 1 1 1 0 1 1 0 2 2 0 1 
0 0 1 0 0 0 0 0 0 0 0 0 
0 0 0 0 0 0 0 0 1 0 0 0 
2 1 1 1 0 1 0 0 3 2 0 1 
0 0 1 0 1 1 0 1 2 0 0 0 
0 0 0 0 0 0 0 0 0 1 0 0 
2 1 -1 1 0 1 0 0 2 2 0 1 
2 1 1 1 0 1 0 0 2 0 0 1 
0 0 1 0 1 1 0 1 1 1 0 0 
0 0 0 1 0 0 0 0 0 0 0 0 
0 0 0 0 0 0 1 0 0 0 0 0 
0 0 1 0 0 0 0 0 1 2 0 0 
2 1 1 1 0 1 0 0 2 2 0 0 
2 1 1 1 0 1 0 0 2 2 0 1 
0 0 1 0 1 1 0 1 2 1 1 0 
0 0 1 0 1 1 0 1 2 1 0 1 
2 0 1 0 1 0 1 1 3 2 1 0 
1 0 1 1 0 0 1 0 1 0 0 0 
1 0 1 0 1 1 0 1 2 1 0 0 
2 1 1 1 0 1 0 1 2 2 0 1 
1 1 1 1 1 1 1 1 1 1 1 1 
2 0 1 0 0 0 0 0 1 0 0 0 
0 1 1 1 0 1 0 0 2 2 0 1 
2 1 1 1 0 0 0 0 2 2 0 1 
2 0 1 1 0 1 0 0 2 2 0 1 
0 0 0 0 0 0 0 0 0 0 1 0 
2 1 1 1 0 1 0 0 2 2 1 1 
0 0 1 0 1 1 0 1 2 1 0 0 
0 0 0 0 0 0 0 0 0 0 0 1 
0 0 0 0 0 0 0 0 0 0 0 0 
1 0 1 0 0 0 0 0 3 0 0 0 
0 1 1 0 1 1 0 1 2 1 0 0 
1 0 0 0 0 0 0 0 0 0 0 0 
0 0 1 0 1 1 0 0 2 1 0 0 
2 0 1 1 0 0 0 0 0 1 0 0 
0 0 0 0 0 0 0 1 0 0 0 0 
2 1 1 0 0 1 0 0 2 2 0 1 
0 0 0 0 1 0 0 0 0 0 0 0 
2 1 1 1 1 1 0 0 2 2 0 1 
0 0 1 0 0 1 0 1 2 1 0 0 
0 0 1 1 1 1 0 1 2 1 0 0 
0 0 1 0 1 0 0 1 2 1 0 0 
0 0 0 0 0 1 0 0 0 0 0 0 
0 1 0 0 0 0 0 0 0 0 0 0 
0 0 -1 0 1 1 0 1 2 1 0 0 
0 0 1 0 1 1 1 1 2 1 0 0 
1 0 1 0 0 0 1 0 2 0 1 0 
0 1 1 1 0 0 0 0 3 1 0 0 
1 0 1 0 0 0 0 1 0 2 1 1 
0 1 1 0 1 1 1 0 0 1 1 1 
MFS
[ - , - , - , - , - , 1 , - , - , 2 , 1 , - , - ]
[ - , - , - , - , - , 1 , - , - , 2 , 2 , - , - ]
[ - , - , 0 , - , - , - , - , - , - , - , - , - ]
precise
1.0
recall
1.0
F-measure
1.0
multi
0
time
all 94 iden 0 gen 0
t-cover
357
all-cover
357
coveredNum
(1 : 90)  (2 : 73)  (3 : 72)  (4 : 42)  (5 : 22)  (6 : 21)  (7 : 5)  (8 : 5)  (9 : 8)  (10 : 8)  (11 : 3)  (12 : 6)  (13 : 2)  
real Identify
([ - , - , - , - , - , 1 , - , - , 2 , 1 , - , - ] : 1)  ([ - , - , - , - , - , 1 , - , - , 2 , 2 , - , - ] : 1)  ([ - , - , 0 , - , - , - , - , - , - , - , - , - ] : 1)  
multiple f measure
NaN
multiple f recall
NaN
multiple f precise
0.0
multiple f found
0.0
multiple f found percent
NaN
multipe helpedInTheNextRun
0.0
multipe helpedInTheNextRun percent
NaN
testCase Num: 39
regaular Num: 15
identify Num: 24
1 1 1 1 1 1 1 1 1 1 1 1 
2 1 1 0 0 1 1 0 2 2 0 1 
2 1 1 0 0 1 1 0 2 2 0 0 
2 1 1 0 0 1 1 0 2 0 0 1 
0 0 1 0 0 0 0 0 2 1 0 0 
2 0 1 0 0 0 0 0 1 0 0 0 
2 1 1 1 0 1 1 0 2 2 0 1 
0 0 1 0 0 0 0 0 0 0 0 0 
1 0 1 0 0 0 0 0 0 2 0 0 
0 0 0 0 0 0 0 0 1 0 0 0 
2 1 1 0 0 1 1 1 2 2 0 1 
0 0 0 0 0 0 0 0 0 0 1 0 
0 0 1 0 0 1 0 1 3 1 1 1 
0 0 0 0 0 0 0 0 0 1 0 0 
0 0 0 0 0 0 0 0 0 0 0 1 
0 0 0 0 0 0 0 0 0 0 0 0 
1 0 1 0 1 0 0 0 1 1 0 0 
0 0 0 1 0 0 0 0 0 0 0 0 
0 0 0 0 0 0 1 0 0 0 0 0 
0 1 1 0 0 1 1 0 2 2 0 1 
1 1 1 1 0 0 0 1 3 0 0 0 
0 0 1 0 0 0 0 0 1 2 0 0 
1 0 0 0 0 0 0 0 0 0 0 0 
0 0 0 0 0 0 0 1 0 0 0 0 
2 1 -1 0 0 1 1 0 2 2 0 1 
2 1 1 0 0 1 1 0 3 2 0 1 
2 1 1 0 0 1 1 0 2 2 1 1 
2 0 1 0 0 1 1 0 2 2 0 1 
2 1 1 0 0 0 1 0 2 2 0 1 
0 0 1 0 1 0 0 0 3 0 0 0 
2 1 1 0 0 1 0 0 2 2 0 1 
0 0 0 0 1 0 0 0 0 0 0 0 
2 0 1 1 1 0 0 1 2 2 1 0 
1 0 1 0 0 0 0 0 2 0 0 0 
0 0 0 0 0 1 0 0 0 0 0 0 
0 1 0 0 0 0 0 0 0 0 0 0 
2 1 1 0 1 1 1 0 2 2 0 1 
2 0 1 0 0 0 1 1 0 1 0 1 
0 1 1 1 1 1 1 0 0 0 1 0 
MFS
[ - , - , - , - , - , 1 , - , - , 2 , 2 , - , - ]
[ - , - , 0 , - , - , - , - , - , - , - , - , - ]
precise
1.0
recall
0.6666666666666666
F-measure
0.8
multi
0
time
all 78 iden 0 gen 32
t-cover
357
all-cover
357
coveredNum
(1 : 106)  (2 : 79)  (3 : 62)  (4 : 42)  (5 : 23)  (6 : 8)  (7 : 2)  (8 : 5)  (9 : 9)  (10 : 7)  (11 : 8)  (12 : 4)  (13 : 2)  
real Identify
([ - , - , - , - , - , 1 , - , - , 2 , 2 , - , - ] : 1)  ([ - , - , 0 , - , - , - , - , - , - , - , - , - ] : 1)  
multiple f measure
NaN
multiple f recall
NaN
multiple f precise
0.0
multiple f found
0.0
multiple f found percent
NaN
multipe helpedInTheNextRun
0.0
multipe helpedInTheNextRun percent
NaN
testCase Num: 50
regaular Num: 14
identify Num: 36
0 0 1 0 0 0 0 0 0 0 0 0 
1 0 1 1 0 1 0 0 2 0 0 0 
0 0 0 0 0 0 0 0 1 0 0 0 
1 0 1 0 0 1 0 0 2 1 0 0 
0 0 0 0 0 0 0 0 0 1 0 0 
2 1 -1 0 1 1 0 0 2 2 1 0 
0 0 0 1 0 0 0 0 0 0 0 0 
0 1 1 0 1 1 0 0 2 2 1 0 
1 0 1 1 0 1 0 0 1 1 0 0 
0 0 0 0 0 0 1 0 0 0 0 0 
2 1 1 0 1 0 0 0 2 2 1 0 
2 0 1 0 1 1 0 0 2 2 1 0 
0 0 1 0 0 0 1 1 2 0 0 1 
1 0 1 1 0 1 0 0 2 1 1 0 
2 1 1 0 1 1 0 1 2 2 1 0 
2 1 1 0 1 1 0 0 2 0 1 0 
2 1 1 0 1 1 0 0 2 2 1 1 
2 0 1 0 1 1 1 1 0 0 1 1 
2 1 1 0 1 1 0 0 2 2 1 0 
2 0 1 1 0 1 0 0 2 1 0 0 
1 0 1 1 0 1 0 0 2 1 0 1 
1 1 1 1 1 1 1 1 1 1 1 1 
2 0 1 0 0 0 0 0 1 2 0 0 
0 0 1 1 0 0 1 1 3 2 0 1 
1 0 1 1 0 1 0 1 2 1 0 0 
1 0 1 1 0 1 0 0 2 1 0 0 
1 0 1 1 1 1 0 0 2 1 0 0 
2 0 1 1 0 0 1 0 0 1 0 0 
1 0 1 0 0 0 0 0 0 2 0 0 
0 0 0 0 0 0 0 0 0 0 1 0 
0 0 0 0 0 0 0 0 0 0 0 1 
0 0 0 0 0 0 0 0 0 0 0 0 
2 1 1 0 1 1 0 0 2 2 0 0 
1 0 1 0 0 0 0 0 3 0 0 0 
2 1 1 0 1 1 0 0 3 2 1 0 
1 0 0 0 0 0 0 0 0 0 0 0 
2 1 1 0 1 1 1 0 2 2 1 0 
1 1 1 1 0 1 0 0 2 1 0 0 
0 0 0 0 0 0 0 1 0 0 0 0 
0 0 1 0 0 0 0 0 3 1 0 0 
1 0 -1 1 0 1 0 0 2 1 0 0 
1 0 1 1 0 0 0 0 2 1 0 0 
0 0 0 0 1 0 0 0 0 0 0 0 
2 1 1 1 1 1 0 0 2 2 1 0 
1 0 1 1 0 1 1 0 2 1 0 0 
2 1 1 0 0 1 0 0 2 2 1 0 
0 0 0 0 0 1 0 0 0 0 0 0 
0 1 1 0 0 1 0 1 0 1 1 0 
0 1 0 0 0 0 0 0 0 0 0 0 
0 1 1 0 1 0 0 0 1 0 0 1 
MFS
[ - , - , - , - , - , 1 , - , - , 2 , 1 , - , - ]
[ - , - , - , - , - , 1 , - , - , 2 , 2 , - , - ]
[ - , - , 0 , - , - , - , - , - , - , - , - , - ]
precise
1.0
recall
1.0
F-measure
1.0
multi
0
time
all 109 iden 0 gen 31
t-cover
357
all-cover
357
coveredNum
(1 : 98)  (2 : 67)  (3 : 63)  (4 : 44)  (5 : 38)  (6 : 9)  (7 : 5)  (8 : 4)  (9 : 11)  (10 : 4)  (11 : 4)  (12 : 7)  (13 : 3)  
real Identify
([ - , - , - , - , - , 1 , - , - , 2 , 1 , - , - ] : 1)  ([ - , - , - , - , - , 1 , - , - , 2 , 2 , - , - ] : 1)  ([ - , - , 0 , - , - , - , - , - , - , - , - , - ] : 1)  
multiple f measure
NaN
multiple f recall
NaN
multiple f precise
0.0
multiple f found
0.0
multiple f found percent
NaN
multipe helpedInTheNextRun
0.0
multipe helpedInTheNextRun percent
NaN
testCase Num: 28
regaular Num: 16
identify Num: 12
2 0 1 0 0 0 0 0 1 2 0 0 
0 0 1 0 0 0 0 0 0 0 0 0 
1 0 1 0 0 0 0 1 1 1 0 0 
2 0 1 0 0 0 0 0 3 0 0 0 
0 0 1 1 1 0 1 0 3 1 0 1 
0 1 1 0 0 0 1 0 2 1 0 0 
0 0 0 0 0 0 0 0 1 0 0 0 
1 1 1 1 1 1 1 0 1 1 1 1 
0 0 0 0 0 0 0 0 0 0 1 0 
0 0 0 0 0 0 0 0 0 1 0 0 
0 0 0 0 0 0 0 0 0 0 0 1 
2 1 1 1 0 1 1 1 0 0 0 0 
0 0 0 0 0 0 0 0 0 0 0 0 
1 0 1 0 0 0 0 0 3 0 0 0 
0 0 0 1 0 0 0 0 0 0 0 0 
1 1 1 1 0 0 0 0 0 2 1 1 
0 0 0 0 0 0 1 0 0 0 0 0 
1 0 0 0 0 0 0 0 0 0 0 0 
2 0 1 0 1 1 0 0 2 0 1 1 
0 0 0 0 0 0 0 1 0 0 0 0 
2 0 1 0 1 0 0 0 0 1 0 0 
0 0 1 0 0 0 0 0 1 0 0 0 
0 1 1 0 1 1 0 1 3 2 1 0 
0 0 0 0 1 0 0 0 0 0 0 0 
1 0 1 0 0 0 0 0 2 0 0 0 
0 0 0 0 0 1 0 0 0 0 0 0 
0 1 0 0 0 0 0 0 0 0 0 0 
2 0 1 1 0 0 1 1 2 2 0 1 
MFS
[ - , - , 0 , - , - , - , - , - , - , - , - , - ]
precise
1.0
recall
0.3333333333333333
F-measure
0.5
multi
0
time
all 63 iden 0 gen 16
t-cover
357
all-cover
357
coveredNum
(1 : 111)  (2 : 86)  (3 : 73)  (4 : 31)  (5 : 11)  (6 : 8)  (7 : 1)  (8 : 7)  (9 : 12)  (10 : 8)  (11 : 6)  (12 : 3)  
real Identify
([ - , - , 0 , - , - , - , - , - , - , - , - , - ] : 1)  
multiple f measure
NaN
multiple f recall
NaN
multiple f precise
0.0
multiple f found
0.0
multiple f found percent
NaN
multipe helpedInTheNextRun
0.0
multipe helpedInTheNextRun percent
NaN
