testCase Num: 42
regaular Num: 12
identify Num: 30
1 1 1 2 1 1 1 1 1 1 
1 0 1 3 0 0 0 1 -1 2 
1 1 1 1 0 1 1 1 1 1 
0 0 0 1 0 0 0 0 0 0 
0 0 0 0 1 0 0 0 0 0 
1 1 1 2 0 1 0 0 1 0 
0 0 0 2 0 0 0 0 1 0 
1 1 1 1 1 1 1 1 1 2 
1 1 1 1 1 1 1 1 1 1 
1 1 0 1 1 1 1 1 1 1 
1 0 0 3 0 0 0 1 1 2 
1 0 1 3 0 0 0 0 1 2 
1 0 1 3 0 0 0 1 1 1 
0 0 1 0 0 0 0 0 0 0 
1 0 1 3 0 0 0 1 1 2 
0 0 0 0 0 0 0 1 0 0 
0 0 0 0 0 0 0 0 0 1 
0 0 0 0 0 0 0 0 0 0 
0 1 0 0 0 0 0 0 0 0 
0 0 0 1 0 0 0 0 1 2 
1 1 1 1 1 1 1 0 1 1 
1 1 1 3 0 0 0 1 1 2 
1 0 1 3 0 1 0 1 1 2 
0 0 1 0 1 0 0 1 1 1 
0 1 0 1 0 0 0 0 1 1 
1 0 1 1 1 1 1 1 1 1 
0 0 0 0 0 1 0 0 0 0 
0 1 1 1 1 1 1 1 1 1 
0 0 1 3 0 0 0 1 1 2 
1 0 1 3 1 0 0 1 1 2 
1 1 1 1 1 1 1 1 -1 1 
1 1 0 0 1 1 1 0 1 2 
1 1 1 1 1 0 1 1 1 1 
1 0 0 0 0 0 0 0 0 0 
0 0 0 3 1 1 1 1 1 0 
1 1 1 1 1 1 0 1 1 1 
0 0 0 1 0 0 1 0 1 0 
1 0 1 2 0 0 0 1 1 2 
1 0 1 3 0 0 1 1 1 2 
0 1 0 3 0 0 0 0 1 1 
0 0 0 0 0 0 1 0 0 0 
0 0 0 0 0 0 0 0 1 0 
MFS
[ 1 , - , - , 3 , - , - , - , - , - , - ]
[ 1 , - , - , 1 , - , - , - , - , - , - ]
[ - , - , - , - , - , - , - , - , 0 , - ]
precise
1.0
recall
1.0
F-measure
1.0
multi
0
time
all 63 iden 0 gen 16
t-cover
236
all-cover
236
coveredNum
(1 : 78)  (2 : 55)  (3 : 45)  (4 : 22)  (5 : 8)  (6 : 10)  (7 : 7)  (8 : 7)  (9 : 3)  (10 : 1)  
real Identify
([ 1 , - , - , 3 , - , - , - , - , - , - ] : 1)  ([ 1 , - , - , 1 , - , - , - , - , - , - ] : 1)  ([ - , - , - , - , - , - , - , - , 0 , - ] : 1)  
multiple f measure
NaN
multiple f recall
NaN
multiple f precise
0.0
multiple f found
0.0
multiple f found percent
NaN
multipe helpedInTheNextRun
0.0
multipe helpedInTheNextRun percent
NaN
testCase Num: 42
regaular Num: 12
identify Num: 30
1 1 1 2 1 1 1 1 1 1 
1 0 1 3 1 1 0 0 1 2 
1 0 1 2 0 1 0 0 1 2 
1 1 1 1 0 1 1 1 1 1 
0 0 0 1 0 0 0 0 0 0 
0 0 1 3 0 1 0 0 1 2 
0 0 0 1 0 0 1 0 1 1 
1 0 1 3 0 1 0 0 -1 2 
0 0 0 0 1 0 0 0 0 0 
1 0 1 3 0 1 1 0 1 2 
0 0 0 3 0 0 1 0 1 1 
1 1 1 1 1 1 1 1 1 2 
1 1 1 1 1 1 1 1 1 1 
1 1 0 1 1 1 1 1 1 1 
0 0 1 0 1 1 0 0 1 1 
1 0 1 3 0 0 0 0 1 2 
0 0 1 0 0 0 0 0 0 0 
0 1 0 3 1 1 0 1 1 0 
0 0 0 0 0 0 0 1 0 0 
0 0 0 0 0 0 0 0 0 1 
0 0 0 0 0 0 0 0 0 0 
0 1 0 0 0 0 0 0 0 0 
1 1 0 0 1 0 1 1 1 2 
0 0 0 1 0 0 0 0 1 2 
1 1 1 1 1 1 1 0 1 1 
0 0 0 1 0 0 0 1 1 0 
1 0 1 3 0 1 0 1 1 2 
1 0 1 1 1 1 1 1 1 1 
0 0 0 0 0 1 0 0 0 0 
1 0 1 3 0 1 0 0 1 1 
1 0 1 3 0 1 0 0 1 2 
1 0 0 3 0 1 0 0 1 2 
0 1 1 1 1 1 1 1 1 1 
1 1 1 1 1 1 1 1 -1 1 
0 1 1 2 0 0 1 0 1 0 
1 1 1 1 1 0 1 1 1 1 
1 1 1 3 0 1 0 0 1 2 
1 0 0 0 0 0 0 0 0 0 
1 0 0 2 0 0 0 0 1 0 
1 1 1 1 1 1 0 1 1 1 
0 0 0 0 0 0 1 0 0 0 
0 0 0 0 0 0 0 0 1 0 
MFS
[ 1 , - , - , 3 , - , - , - , - , - , - ]
[ 1 , - , - , 1 , - , - , - , - , - , - ]
[ - , - , - , - , - , - , - , - , 0 , - ]
precise
1.0
recall
1.0
F-measure
1.0
multi
0
time
all 78 iden 0 gen 15
t-cover
236
all-cover
236
coveredNum
(1 : 75)  (2 : 60)  (3 : 41)  (4 : 24)  (5 : 8)  (6 : 12)  (7 : 6)  (8 : 6)  (9 : 3)  (10 : 1)  
real Identify
([ 1 , - , - , 3 , - , - , - , - , - , - ] : 1)  ([ 1 , - , - , 1 , - , - , - , - , - , - ] : 1)  ([ - , - , - , - , - , - , - , - , 0 , - ] : 1)  
multiple f measure
NaN
multiple f recall
NaN
multiple f precise
0.0
multiple f found
0.0
multiple f found percent
NaN
multipe helpedInTheNextRun
0.0
multipe helpedInTheNextRun percent
NaN
testCase Num: 44
regaular Num: 14
identify Num: 30
1 1 1 2 1 1 1 0 1 1 
1 0 1 3 1 1 0 1 1 2 
1 1 1 1 0 1 1 0 1 1 
0 0 0 1 0 0 0 0 0 0 
0 0 0 0 1 0 0 0 0 0 
0 0 1 3 1 0 0 1 1 2 
0 0 0 2 0 0 0 0 1 0 
1 1 1 1 1 1 1 0 -1 1 
1 0 1 3 1 0 1 1 1 2 
0 1 1 0 0 1 0 0 1 1 
1 1 0 1 1 1 1 0 1 1 
1 1 1 1 1 1 1 1 1 1 
1 1 1 1 1 1 1 0 1 2 
0 0 1 0 0 0 0 0 0 0 
1 0 1 3 0 0 0 1 1 2 
0 0 0 0 0 0 1 0 1 0 
0 0 0 0 0 0 0 1 0 0 
0 0 0 0 0 0 0 0 0 1 
0 0 1 1 1 0 1 0 1 0 
0 0 0 0 0 0 0 0 0 0 
0 1 0 0 0 0 0 0 0 0 
0 0 0 1 0 0 0 1 1 1 
0 1 0 2 1 0 0 0 1 2 
0 0 0 1 0 0 0 0 1 2 
1 1 1 1 1 1 1 0 1 1 
0 0 0 3 0 1 1 0 1 2 
1 1 0 2 0 1 1 1 1 0 
1 0 1 1 1 1 1 0 1 1 
0 0 0 0 0 1 0 0 0 0 
0 1 1 1 1 1 1 0 1 1 
0 0 0 3 0 0 0 0 1 1 
1 0 1 3 1 0 0 1 1 2 
1 0 0 3 1 0 0 1 1 2 
1 0 1 3 1 0 0 0 1 2 
1 0 1 3 1 0 0 1 1 0 
1 1 1 3 1 0 0 1 1 2 
1 0 0 0 0 0 0 0 0 0 
1 1 1 1 1 0 1 0 1 1 
1 0 1 3 1 0 0 1 -1 2 
1 1 1 1 1 1 0 0 1 1 
0 1 0 3 0 0 0 0 1 0 
0 0 0 0 0 0 1 0 0 0 
0 0 0 0 0 0 0 0 1 0 
1 0 1 0 1 0 0 1 1 2 
MFS
[ 1 , - , - , 3 , - , - , - , - , - , - ]
[ 1 , - , - , 1 , - , - , - , - , - , - ]
[ - , - , - , - , - , - , - , - , 0 , - ]
precise
1.0
recall
1.0
F-measure
1.0
multi
0
time
all 79 iden 0 gen 16
t-cover
236
all-cover
236
coveredNum
(1 : 73)  (2 : 44)  (3 : 51)  (4 : 24)  (5 : 11)  (6 : 5)  (7 : 8)  (8 : 4)  (9 : 7)  (10 : 5)  (11 : 2)  (12 : 1)  (13 : 1)  
real Identify
([ 1 , - , - , 3 , - , - , - , - , - , - ] : 1)  ([ 1 , - , - , 1 , - , - , - , - , - , - ] : 1)  ([ - , - , - , - , - , - , - , - , 0 , - ] : 1)  
multiple f measure
NaN
multiple f recall
NaN
multiple f precise
0.0
multiple f found
0.0
multiple f found percent
NaN
multipe helpedInTheNextRun
0.0
multipe helpedInTheNextRun percent
NaN
testCase Num: 44
regaular Num: 14
identify Num: 30
1 0 1 1 0 1 1 1 1 1 
1 1 0 1 0 1 1 1 1 1 
0 0 0 0 0 0 0 1 1 0 
1 1 1 1 0 1 1 0 1 1 
1 1 1 1 0 1 1 1 1 1 
0 0 0 1 0 0 0 0 0 0 
1 1 1 1 0 1 1 1 1 2 
0 0 0 3 0 1 0 1 1 2 
0 0 0 0 1 0 0 0 0 0 
0 0 0 2 0 0 0 0 1 0 
0 1 1 2 0 0 0 0 1 2 
1 0 1 3 1 0 1 1 1 2 
1 0 1 3 1 0 1 0 1 2 
1 0 0 3 1 0 1 0 1 2 
1 1 1 1 0 1 1 1 -1 1 
0 1 1 1 0 1 1 1 1 1 
1 1 1 1 1 1 1 1 1 1 
1 1 1 3 1 0 1 0 1 2 
1 0 1 0 1 0 1 0 1 2 
1 1 0 2 1 1 0 1 1 0 
0 0 1 0 0 0 0 0 0 0 
0 0 0 0 0 0 0 1 0 0 
0 0 0 0 0 0 0 0 0 1 
1 0 1 3 1 1 1 0 1 2 
0 0 0 0 0 0 0 0 0 0 
0 1 0 0 0 0 0 0 0 0 
0 0 0 1 0 0 0 0 1 2 
1 1 1 1 0 1 0 1 1 1 
1 1 1 2 0 1 1 1 1 1 
0 0 1 3 1 0 1 0 1 2 
1 0 1 3 1 0 1 0 -1 2 
1 0 1 3 1 0 1 0 1 0 
0 0 0 0 0 1 0 0 0 0 
0 0 0 3 0 0 0 0 1 1 
1 0 1 3 1 0 0 0 1 2 
1 0 0 0 0 0 0 0 0 0 
0 1 0 0 0 1 1 0 1 1 
1 1 1 1 0 0 1 1 1 1 
0 0 1 1 0 0 1 1 1 0 
0 1 0 3 0 0 0 0 1 0 
0 0 0 1 1 0 0 0 1 1 
0 0 0 0 0 0 1 0 0 0 
0 0 0 0 0 0 0 0 1 0 
1 0 1 3 0 0 1 0 1 2 
MFS
[ 1 , - , - , 3 , - , - , - , - , - , - ]
[ 1 , - , - , 1 , - , - , - , - , - , - ]
[ - , - , - , - , - , - , - , - , 0 , - ]
precise
1.0
recall
1.0
F-measure
1.0
multi
0
time
all 78 iden 0 gen 16
t-cover
236
all-cover
236
coveredNum
(1 : 73)  (2 : 44)  (3 : 51)  (4 : 24)  (5 : 11)  (6 : 5)  (7 : 8)  (8 : 4)  (9 : 7)  (10 : 5)  (11 : 2)  (12 : 1)  (13 : 1)  
real Identify
([ 1 , - , - , 3 , - , - , - , - , - , - ] : 1)  ([ 1 , - , - , 1 , - , - , - , - , - , - ] : 1)  ([ - , - , - , - , - , - , - , - , 0 , - ] : 1)  
multiple f measure
NaN
multiple f recall
NaN
multiple f precise
0.0
multiple f found
0.0
multiple f found percent
NaN
multipe helpedInTheNextRun
0.0
multipe helpedInTheNextRun percent
NaN
testCase Num: 42
regaular Num: 12
identify Num: 30
1 1 1 2 1 1 1 1 1 1 
1 1 1 1 0 1 1 1 1 1 
0 0 0 3 0 1 0 0 1 1 
0 0 0 1 0 0 0 0 0 0 
1 1 0 3 0 0 1 1 1 2 
0 0 0 0 1 0 0 0 0 0 
1 1 1 2 0 1 0 0 1 0 
0 0 0 2 0 0 0 0 1 0 
1 0 1 0 1 1 1 0 1 2 
1 1 1 1 1 1 1 1 1 2 
1 1 1 1 1 1 1 1 1 1 
1 1 0 1 1 1 1 1 1 1 
1 0 0 3 0 0 0 1 1 2 
0 1 0 0 1 0 0 1 1 1 
0 0 1 0 0 0 0 0 0 0 
0 0 0 0 0 0 0 1 0 0 
0 0 0 0 0 0 0 0 0 1 
0 0 0 0 0 0 0 0 0 0 
0 1 0 0 0 0 0 0 0 0 
1 1 0 3 0 0 0 1 1 2 
1 1 0 3 0 0 0 0 1 2 
1 1 0 3 0 0 0 1 1 1 
0 0 0 1 0 0 0 0 1 2 
1 1 1 1 1 1 1 0 1 1 
1 1 1 3 0 0 0 1 1 2 
1 1 0 3 0 1 0 1 1 2 
1 0 1 1 1 1 1 1 1 1 
0 0 1 3 1 0 1 1 1 0 
0 0 0 0 0 1 0 0 0 0 
0 1 1 1 1 1 1 1 1 1 
1 1 1 1 1 1 1 1 -1 1 
1 1 0 3 1 0 0 1 1 2 
1 1 1 1 1 0 1 1 1 1 
1 0 0 0 0 0 0 0 0 0 
0 0 0 1 0 1 0 0 1 1 
1 1 1 1 1 1 0 1 1 1 
0 0 0 1 0 0 1 0 1 0 
0 0 0 0 0 0 1 0 0 0 
0 0 0 0 0 0 0 0 1 0 
0 1 0 3 0 0 0 1 1 2 
1 1 0 3 0 0 0 1 -1 2 
1 1 0 2 0 0 0 1 1 2 
MFS
[ 1 , - , - , 3 , - , - , - , - , - , - ]
[ 1 , - , - , 1 , - , - , - , - , - , - ]
[ - , - , - , - , - , - , - , - , 0 , - ]
precise
1.0
recall
1.0
F-measure
1.0
multi
0
time
all 62 iden 0 gen 16
t-cover
236
all-cover
236
coveredNum
(1 : 78)  (2 : 55)  (3 : 45)  (4 : 22)  (5 : 8)  (6 : 10)  (7 : 7)  (8 : 7)  (9 : 3)  (10 : 1)  
real Identify
([ 1 , - , - , 3 , - , - , - , - , - , - ] : 1)  ([ 1 , - , - , 1 , - , - , - , - , - , - ] : 1)  ([ - , - , - , - , - , - , - , - , 0 , - ] : 1)  
multiple f measure
NaN
multiple f recall
NaN
multiple f precise
0.0
multiple f found
0.0
multiple f found percent
NaN
multipe helpedInTheNextRun
0.0
multipe helpedInTheNextRun percent
NaN
