testCase Num: 418
regaular Num: 418
identify Num: 0
1 0 1 0 0 1 0 8 1 0 0 1 
0 0 0 0 0 0 2 0 8 0 0 0 
0 0 1 1 1 0 1 6 2 1 1 0 
2 0 0 0 0 0 3 6 0 0 0 0 
2 1 0 0 1 0 1 0 0 1 0 0 
2 0 0 0 0 0 2 5 8 2 0 0 
0 0 0 0 0 0 2 2 0 0 0 0 
0 0 0 0 0 0 1 8 6 0 0 0 
2 0 0 0 0 0 2 9 2 1 0 0 
0 0 0 0 0 0 0 1 4 0 0 0 
0 0 0 0 0 0 0 6 0 0 0 0 
2 1 1 0 1 1 3 9 0 1 0 0 
0 0 1 0 0 0 1 8 4 0 1 0 
0 0 0 0 0 0 3 8 1 0 0 0 
0 1 0 1 1 1 3 3 5 0 1 0 
0 0 0 0 0 0 0 9 5 0 0 0 
2 0 1 1 1 1 0 0 8 1 0 0 
1 1 1 1 1 0 0 5 9 0 1 1 
0 1 1 1 1 0 3 2 7 0 1 1 
2 0 0 0 0 0 1 6 7 2 0 0 
1 0 0 0 0 0 0 2 2 1 0 0 
0 0 0 0 0 0 0 6 1 0 0 0 
2 1 0 0 1 1 0 9 4 2 0 0 
1 1 1 1 0 0 0 8 5 0 0 1 
2 1 0 0 1 0 2 1 4 2 1 0 
0 0 0 0 0 0 1 5 1 0 0 0 
1 0 1 0 0 0 1 3 5 2 0 1 
0 0 0 0 0 0 3 4 7 0 0 0 
0 0 0 0 0 0 3 2 4 0 0 0 
2 0 0 1 0 1 3 5 7 2 1 0 
0 0 0 0 0 0 2 1 9 0 0 0 
1 0 1 1 1 1 0 9 2 0 1 0 
0 1 1 0 0 0 1 3 1 0 1 1 
0 0 0 0 0 0 1 2 9 0 0 0 
0 0 0 0 0 0 3 5 8 0 0 0 
1 0 0 0 0 0 1 2 4 1 0 0 
2 0 0 0 0 0 0 0 5 1 0 0 
1 1 1 1 1 1 0 8 8 1 1 1 
0 1 1 0 1 1 2 2 6 1 0 0 
0 0 0 0 0 0 2 4 2 0 0 0 
0 1 0 0 1 0 0 7 5 2 0 0 
0 1 0 0 0 0 1 1 0 0 1 0 
0 0 0 0 0 0 2 5 6 0 0 0 
0 0 0 0 0 0 2 9 0 0 0 0 
0 1 1 1 0 1 2 3 3 1 0 0 
0 1 1 0 1 0 0 2 5 1 1 1 
0 0 1 1 0 1 0 9 9 0 0 1 
0 0 0 0 0 0 0 0 1 0 0 0 
0 0 0 0 0 0 0 7 3 0 0 0 
2 1 0 0 0 1 2 0 1 2 1 1 
0 0 0 1 1 0 1 0 6 2 0 0 
1 0 0 0 0 0 2 5 2 1 0 0 
0 0 0 0 0 0 3 4 9 2 0 0 
1 0 0 0 1 0 2 2 3 1 1 1 
1 1 1 1 0 0 0 9 8 0 1 0 
2 0 0 0 0 0 0 3 0 2 0 0 
2 0 0 0 0 0 1 6 8 2 0 0 
0 0 0 0 0 0 3 1 0 0 0 0 
1 1 0 1 0 0 0 1 7 1 1 1 
2 0 0 0 0 0 1 1 8 2 0 0 
2 0 0 0 0 0 3 5 9 1 0 0 
0 0 0 0 0 0 2 2 2 0 0 0 
0 0 0 0 1 0 2 2 9 0 1 1 
0 0 0 0 0 0 2 0 9 0 0 0 
0 0 0 0 1 1 3 8 5 2 1 0 
2 0 0 0 0 0 1 5 6 2 0 0 
1 0 0 1 1 1 0 9 7 0 0 1 
1 0 0 0 0 0 1 1 4 0 0 0 
0 0 0 0 0 0 3 2 5 0 0 0 
1 1 1 0 1 1 3 9 5 0 0 1 
2 0 0 0 0 0 3 3 7 2 0 0 
0 1 1 0 0 0 1 5 3 0 1 1 
1 1 1 0 0 1 0 3 9 0 1 0 
0 0 0 1 1 0 2 4 3 0 1 0 
2 0 1 1 0 0 0 5 5 2 0 1 
0 0 0 0 0 0 2 4 4 0 0 0 
2 0 0 0 0 0 1 7 8 1 0 0 
0 0 0 0 0 0 0 0 0 0 0 0 
1 0 0 0 0 0 3 2 9 2 0 0 
0 0 0 1 1 1 3 1 9 0 0 0 
0 0 1 0 0 1 0 4 1 0 1 0 
1 1 1 0 1 0 2 3 0 0 1 1 
1 0 0 0 1 0 3 6 1 2 0 0 
2 0 0 0 0 0 2 2 1 0 0 0 
2 0 0 0 0 0 1 3 3 0 0 0 
0 0 0 0 0 0 1 5 0 0 0 0 
0 0 0 0 0 0 2 6 6 0 0 0 
1 1 0 0 0 0 1 0 8 0 1 1 
0 0 0 0 0 0 3 7 2 2 0 0 
0 1 0 0 0 0 0 5 2 0 0 1 
0 0 0 0 0 0 2 0 0 2 0 0 
2 0 0 0 0 1 2 0 4 1 0 0 
1 0 0 0 0 0 0 4 3 1 0 0 
0 0 0 0 0 0 0 5 1 0 0 0 
1 0 0 0 0 0 0 2 0 0 0 0 
0 1 0 1 0 1 0 4 8 0 1 0 
0 0 0 0 0 0 1 2 0 0 0 0 
0 0 0 0 0 0 3 8 4 0 0 0 
1 0 0 0 0 0 0 7 0 0 0 0 
0 0 0 0 0 0 1 9 5 0 0 0 
0 0 0 0 0 0 2 6 9 0 0 0 
1 0 0 1 0 1 1 3 0 1 0 0 
2 0 0 0 0 0 3 9 3 2 0 0 
2 0 0 0 0 0 0 1 9 1 0 0 
2 0 1 0 1 0 2 0 2 0 1 1 
2 0 0 0 0 1 1 2 7 1 0 0 
1 0 0 0 1 0 0 7 9 1 0 0 
1 0 0 0 0 0 2 3 1 2 0 0 
0 0 0 0 0 0 3 2 6 0 0 0 
0 1 0 1 1 0 0 4 7 1 0 1 
1 0 0 0 0 0 0 0 2 2 0 0 
2 0 0 0 0 0 1 8 1 2 0 0 
1 0 0 0 0 0 2 8 9 2 0 0 
0 0 1 1 0 0 2 6 5 1 0 1 
1 0 0 0 0 0 0 4 6 0 0 0 
0 1 1 0 1 0 3 4 4 0 0 1 
2 0 0 0 0 1 1 8 0 1 0 1 
1 0 0 0 1 0 0 3 3 1 1 1 
1 0 0 0 0 0 1 1 6 1 0 0 
2 0 0 0 0 0 2 0 7 0 0 0 
0 0 0 0 0 0 3 1 5 0 0 0 
1 0 0 0 0 0 1 0 4 0 0 0 
0 0 0 0 0 0 3 3 8 0 0 0 
1 0 1 1 0 0 2 1 0 2 0 0 
2 0 0 0 1 0 2 6 3 2 1 0 
1 0 0 1 1 0 3 3 9 1 0 1 
2 0 0 1 1 0 2 3 2 2 0 1 
2 0 1 0 1 0 1 1 7 0 0 0 
0 1 1 1 0 0 0 8 3 1 1 1 
0 0 0 0 0 0 1 7 7 0 0 0 
0 0 0 0 0 0 2 1 1 0 0 0 
2 0 0 0 0 0 1 4 7 2 0 0 
0 1 1 1 1 1 1 4 0 0 0 0 
1 0 0 0 0 0 1 3 8 1 0 0 
0 0 0 0 0 0 2 9 3 0 0 0 
0 0 0 0 0 0 3 8 3 0 0 0 
2 0 0 0 0 0 2 9 6 2 0 0 
0 0 0 0 0 0 1 8 8 0 0 0 
0 0 0 0 0 0 0 2 7 0 0 0 
2 0 1 0 1 0 0 4 9 1 1 0 
0 0 0 0 0 0 3 5 1 2 0 0 
0 0 0 0 0 0 3 7 3 2 1 1 
2 0 0 0 0 0 1 2 3 0 0 0 
2 0 1 0 1 1 1 7 4 2 0 1 
2 0 0 0 0 0 0 5 2 0 0 0 
1 0 1 1 1 1 2 0 5 2 0 0 
2 1 1 0 0 1 3 4 3 0 0 1 
0 1 0 0 1 1 2 6 7 0 0 1 
0 0 0 0 0 0 1 4 3 2 0 0 
0 0 1 1 0 1 1 0 7 1 1 0 
2 1 0 1 0 1 0 8 9 0 1 0 
0 0 0 0 0 0 3 6 3 1 0 0 
1 0 1 1 0 0 1 5 8 0 0 0 
1 1 1 1 1 0 1 9 1 1 1 0 
0 0 0 0 0 0 0 2 8 2 0 0 
0 0 0 0 0 0 3 9 7 0 0 0 
0 1 0 1 1 0 2 8 1 1 1 0 
2 0 0 0 0 0 0 4 4 1 0 0 
0 0 1 0 1 1 3 5 6 0 0 0 
0 0 0 0 0 0 2 3 6 0 0 0 
1 0 1 1 0 0 0 6 7 1 1 0 
0 0 0 0 0 0 2 1 3 0 0 0 
0 1 0 1 1 0 0 7 1 0 1 1 
0 0 0 0 0 0 3 1 6 0 0 0 
1 1 1 0 1 0 0 7 6 2 0 0 
2 0 0 0 0 0 2 5 4 2 0 0 
0 0 0 0 0 0 2 9 1 0 0 0 
1 0 0 0 0 0 3 7 1 2 0 0 
2 0 0 0 0 0 2 7 3 0 0 0 
0 0 0 0 0 0 3 0 8 2 0 0 
1 1 0 0 0 0 1 0 5 0 1 1 
1 0 1 1 0 1 3 0 0 0 1 1 
1 0 1 0 1 1 1 1 1 1 1 1 
0 0 1 0 1 1 1 4 8 2 1 1 
0 0 0 0 0 0 2 6 8 0 0 0 
0 0 0 0 0 1 2 5 9 2 0 0 
0 0 0 0 0 0 3 7 4 0 0 0 
0 0 0 0 0 0 1 8 7 0 0 0 
1 1 0 1 1 0 1 4 1 1 0 1 
1 0 1 0 0 0 0 4 2 2 0 1 
1 0 1 1 0 0 0 5 4 0 1 0 
2 0 0 0 0 0 2 5 3 2 0 0 
2 0 0 0 0 1 1 9 1 0 0 1 
1 1 0 0 1 0 2 9 9 1 1 0 
1 0 0 0 0 0 2 5 5 0 0 0 
0 0 0 0 0 0 0 2 6 0 0 0 
0 0 0 0 0 0 3 9 6 0 0 0 
2 0 0 0 0 0 2 8 6 2 0 0 
0 0 0 0 0 0 2 5 7 0 0 0 
1 1 1 1 0 1 0 2 3 2 0 0 
1 1 1 1 0 0 3 3 6 1 0 1 
0 0 1 0 1 0 2 1 8 1 1 0 
1 1 0 1 0 0 0 9 3 0 0 1 
0 1 0 0 0 1 2 0 3 2 0 1 
2 0 0 1 1 1 0 3 1 1 0 0 
0 0 0 0 0 0 3 4 0 1 1 1 
1 0 0 0 0 0 0 1 2 1 1 0 
0 0 0 0 0 0 1 1 9 0 0 0 
1 0 0 0 0 0 2 7 7 0 0 0 
0 1 1 1 0 0 2 2 4 2 1 0 
0 0 0 0 0 0 3 1 7 0 0 0 
0 1 0 0 1 1 0 5 8 1 1 1 
0 0 0 0 0 0 2 3 5 0 0 0 
0 1 1 1 1 0 0 8 0 2 1 0 
2 0 0 0 0 0 2 9 7 1 0 0 
0 1 1 1 1 0 3 4 6 2 1 1 
1 1 0 1 0 0 2 7 8 2 1 0 
2 1 1 0 0 1 0 7 7 2 1 1 
2 0 0 0 0 0 1 7 1 0 0 0 
1 1 0 1 1 0 1 8 4 2 0 1 
2 0 0 0 0 0 1 2 6 2 0 0 
0 0 0 0 0 0 2 6 2 2 0 0 
1 1 0 0 0 0 1 6 0 2 1 1 
0 0 0 0 0 0 3 5 2 0 0 0 
0 1 0 1 0 1 1 1 5 1 0 0 
0 0 0 0 0 0 3 6 4 0 0 0 
0 0 0 1 0 0 1 6 1 0 0 0 
0 0 0 0 0 0 3 8 7 0 0 0 
0 0 0 0 0 0 1 4 6 0 0 0 
0 0 0 0 0 0 1 8 2 2 0 0 
1 0 0 0 0 0 3 9 4 1 0 0 
1 0 0 0 0 0 3 4 8 1 0 0 
0 0 0 0 0 0 1 3 4 0 0 0 
0 0 0 0 0 0 3 9 8 0 0 0 
0 0 1 1 0 1 0 7 2 1 1 1 
0 1 0 1 0 0 3 8 6 1 0 1 
2 1 1 1 0 1 2 2 9 1 0 0 
1 0 1 0 1 0 2 1 5 0 1 1 
0 0 0 0 0 0 2 3 7 0 0 0 
0 0 0 0 0 0 2 6 1 0 0 0 
1 0 0 1 1 1 3 5 3 1 0 0 
1 0 1 1 1 1 1 4 5 1 1 0 
0 1 0 0 1 1 1 5 4 1 0 1 
0 0 0 0 0 0 1 7 0 2 0 0 
0 0 0 0 0 0 2 5 0 0 0 0 
1 1 0 0 0 1 0 6 2 1 0 1 
1 0 0 0 0 0 2 3 4 1 0 0 
2 0 0 0 1 1 0 2 4 0 0 1 
0 0 0 0 0 0 3 0 5 0 0 0 
0 0 0 0 0 0 1 1 2 0 0 0 
0 0 0 0 0 0 0 0 7 0 0 0 
2 1 0 1 1 0 1 2 2 2 0 1 
2 0 0 1 0 0 1 2 8 1 0 1 
2 0 0 0 0 0 2 4 0 2 0 0 
0 0 0 0 0 0 3 1 8 0 0 0 
2 0 0 0 0 0 3 8 8 0 0 0 
0 0 1 1 0 0 0 2 1 2 1 0 
2 1 0 0 1 1 1 5 5 0 1 0 
1 0 1 1 0 1 3 7 5 0 1 1 
2 1 0 1 1 0 0 1 6 0 1 0 
2 0 0 1 1 1 2 7 0 1 0 1 
1 0 0 0 0 0 3 1 3 0 0 0 
0 1 0 1 0 1 1 4 9 1 0 1 
0 0 0 0 0 0 2 8 4 0 0 0 
2 0 0 0 0 0 0 4 5 2 0 0 
1 0 0 0 0 0 1 6 6 1 0 0 
0 0 1 0 1 1 1 9 3 1 1 0 
0 1 1 0 0 0 1 9 7 2 1 0 
1 1 0 1 0 1 0 1 8 0 0 1 
0 0 0 0 0 0 3 3 0 0 0 0 
1 0 1 0 1 0 0 6 8 0 1 0 
0 1 0 0 0 0 2 4 5 0 0 1 
2 1 1 1 1 0 3 3 4 0 0 0 
0 0 1 1 0 1 3 1 4 1 0 1 
0 0 0 1 1 0 0 6 9 2 0 1 
1 1 0 0 1 0 3 0 7 2 0 1 
0 1 1 0 1 1 0 1 3 2 1 1 
2 0 0 1 0 0 0 1 3 1 0 0 
0 0 0 0 0 0 2 9 5 2 0 0 
0 0 1 0 1 0 1 8 9 1 0 1 
1 0 0 1 0 1 1 2 5 0 0 0 
2 0 0 0 0 0 0 3 6 2 0 0 
1 0 0 0 0 0 3 6 9 1 0 0 
1 1 1 1 0 1 1 6 3 0 0 1 
0 0 0 0 0 0 1 9 4 0 0 0 
0 0 0 0 0 0 3 3 1 0 0 0 
2 1 0 0 1 1 0 6 5 0 1 0 
0 0 0 0 0 0 0 2 9 0 0 0 
1 0 0 1 0 0 2 2 6 0 1 1 
2 0 1 1 1 0 2 5 1 0 1 1 
2 1 1 0 0 1 1 6 9 0 1 0 
0 1 0 0 1 1 1 2 1 0 0 1 
1 0 1 0 0 0 2 6 4 0 0 0 
1 1 1 1 1 1 1 7 3 1 0 0 
0 0 0 0 0 0 3 4 2 0 0 0 
0 0 0 0 0 0 0 9 1 0 0 0 
1 0 0 0 0 0 0 0 3 1 0 0 
2 0 0 0 0 0 0 3 5 1 0 0 
2 1 1 0 0 1 3 6 1 1 1 1 
0 0 0 0 0 0 3 5 5 1 0 0 
2 0 0 0 0 1 0 8 4 1 0 0 
0 0 0 0 0 0 3 7 6 0 0 0 
1 0 0 1 0 0 0 9 0 2 1 1 
0 0 0 0 0 0 3 9 9 0 0 0 
2 0 1 1 0 1 1 0 9 2 1 1 
1 1 0 1 1 1 0 5 0 2 1 0 
0 0 0 0 0 0 1 4 4 0 0 0 
0 0 1 1 1 1 1 5 2 2 1 0 
0 0 0 0 1 1 1 3 6 0 1 0 
1 0 1 0 0 1 2 4 7 0 1 0 
2 0 1 1 0 1 0 6 6 2 0 1 
1 1 1 0 1 1 3 2 8 0 1 0 
2 0 0 0 0 0 3 0 9 1 0 0 
0 0 0 0 0 0 3 3 3 2 0 0 
0 0 0 1 1 0 3 7 7 1 0 0 
0 0 0 0 0 0 3 5 4 0 0 0 
0 0 0 0 1 1 2 9 8 2 0 1 
0 0 0 0 0 0 0 0 6 0 0 0 
1 0 0 0 0 0 1 6 5 2 0 0 
0 0 0 0 0 0 2 3 9 2 0 0 
0 1 0 1 1 0 2 1 2 2 0 0 
0 1 1 0 1 0 0 5 7 0 0 1 
1 1 0 0 0 0 1 3 7 1 1 1 
0 1 0 1 0 1 3 6 8 1 0 1 
0 0 1 0 1 1 0 7 8 0 0 1 
1 0 1 0 1 1 0 8 6 0 1 0 
1 0 0 0 0 0 2 8 0 0 0 0 
2 0 0 1 0 0 3 9 5 1 1 0 
0 0 0 0 0 0 3 6 5 0 0 0 
1 0 0 0 0 0 3 0 1 1 0 0 
0 0 0 0 0 0 0 1 1 0 0 0 
0 0 0 0 0 0 2 7 5 0 0 0 
0 0 0 0 0 1 0 3 4 2 1 1 
0 0 0 0 0 0 0 6 3 0 0 0 
2 0 0 0 1 1 1 8 3 2 0 0 
0 0 1 1 1 1 0 3 7 0 0 0 
0 0 1 1 1 0 1 0 1 0 0 0 
0 0 0 0 0 0 3 7 8 0 0 0 
0 0 0 0 0 0 3 0 3 0 0 0 
2 0 0 0 0 0 3 4 1 2 0 0 
0 0 1 0 0 1 1 2 2 0 1 0 
1 1 1 1 0 1 1 9 6 0 1 0 
1 1 0 1 0 0 0 7 4 1 1 0 
2 0 0 0 0 0 1 6 4 2 0 0 
2 0 0 0 0 0 2 4 8 0 0 0 
2 0 0 0 0 0 0 8 2 0 0 0 
0 0 0 0 0 0 3 9 1 2 0 0 
2 1 1 0 0 0 3 5 0 1 1 1 
0 0 0 0 0 1 2 1 7 2 0 0 
0 0 0 0 0 0 3 0 4 2 0 0 
2 0 0 0 1 1 0 1 0 1 0 1 
0 0 0 0 0 0 1 9 0 0 0 0 
2 0 0 0 0 0 1 3 9 0 0 0 
2 1 0 1 0 1 1 4 2 1 1 0 
1 1 0 1 0 0 0 5 6 1 1 1 
0 1 1 1 1 0 0 0 4 1 1 1 
0 0 0 0 0 0 3 6 7 0 0 0 
0 1 0 0 0 0 3 9 2 2 0 1 
2 0 1 1 1 0 2 8 7 0 1 1 
0 0 0 0 0 0 2 0 6 0 0 0 
0 0 1 1 1 1 2 3 8 0 0 0 
2 0 0 0 0 0 1 1 1 2 0 0 
0 0 0 0 1 0 0 4 2 0 0 0 
0 0 0 0 1 0 0 9 6 1 0 1 
0 1 0 1 1 0 3 1 1 0 0 0 
2 0 0 0 0 0 2 7 9 2 0 0 
0 0 0 0 0 0 3 8 9 0 0 0 
1 0 0 0 0 0 1 3 2 0 0 0 
1 0 0 0 0 0 1 5 7 1 0 0 
0 1 0 1 1 1 0 6 4 1 1 1 
2 0 0 0 0 0 1 8 5 1 0 0 
0 1 0 1 0 1 3 0 2 1 0 0 
0 0 0 0 0 0 2 7 6 1 0 0 
0 0 0 0 0 0 2 2 8 0 0 0 
1 1 0 0 0 1 2 8 2 1 1 0 
0 0 0 0 0 0 2 8 8 2 0 0 
1 1 1 0 0 0 3 1 9 2 1 1 
1 1 1 0 0 1 1 0 6 1 1 1 
1 0 0 0 0 0 0 8 7 2 0 0 
0 0 1 1 1 1 3 2 0 1 0 1 
1 0 1 1 1 0 3 8 2 0 0 1 
0 0 0 0 0 0 0 0 9 0 0 0 
2 0 0 0 0 1 2 4 6 1 0 0 
2 0 0 0 0 0 3 0 6 0 0 0 
0 0 0 0 0 0 3 8 0 0 0 0 
0 0 1 0 0 1 2 7 1 1 0 0 
0 0 0 0 0 0 2 8 5 0 0 0 
0 0 0 0 0 0 3 2 2 0 0 0 
1 1 0 0 0 0 2 7 2 0 0 0 
0 0 0 0 0 0 3 4 5 0 0 0 
1 0 0 1 0 1 3 4 4 2 1 0 
1 0 0 0 0 0 2 8 3 0 0 0 
0 0 1 1 1 1 2 6 0 1 0 0 
0 0 1 0 0 1 2 1 6 2 0 1 
0 0 0 0 0 0 1 1 3 0 0 0 
2 0 1 0 0 1 3 1 2 0 0 1 
0 0 0 0 0 0 1 5 9 0 0 0 
2 1 0 0 0 0 3 2 0 2 1 0 
2 0 0 0 1 0 1 7 2 0 0 0 
1 0 0 0 0 0 2 2 7 2 0 0 
1 1 0 0 0 1 2 5 1 1 0 0 
0 0 0 0 0 0 0 5 3 0 0 0 
2 0 1 1 1 0 1 0 3 0 1 0 
2 1 1 0 0 0 3 7 0 0 1 0 
0 0 1 1 0 0 2 9 4 0 1 1 
2 0 0 0 0 0 1 7 5 1 0 0 
0 1 1 0 0 1 3 3 2 2 1 0 
0 1 0 0 1 0 3 6 6 0 1 0 
1 0 0 0 0 0 2 4 9 0 0 0 
2 0 0 0 0 0 1 9 9 2 0 0 
0 0 0 0 0 0 2 4 1 0 0 0 
0 1 0 0 0 1 2 8 7 1 0 0 
1 0 0 0 0 0 0 4 0 0 0 0 
2 0 0 0 0 0 0 1 5 2 0 0 
0 0 0 0 0 0 1 0 2 0 0 0 
2 1 0 0 0 0 0 3 8 2 1 1 
0 0 0 0 0 0 2 7 4 0 0 0 
0 0 0 0 0 0 1 9 2 0 0 0 
1 0 0 0 0 0 3 2 1 1 0 0 
2 0 0 0 0 0 2 2 5 2 0 0 
0 0 0 0 0 0 3 7 9 0 0 0 
0 0 0 0 0 0 3 2 3 0 0 0 
2 0 0 0 0 0 1 9 8 1 0 0 
1 1 0 0 1 0 1 0 9 0 0 0 
2 0 0 0 0 0 3 6 2 0 0 0 
0 1 1 1 0 1 1 7 9 0 1 1 
2 0 0 1 0 1 1 7 6 0 1 1 
0 0 0 0 0 0 0 3 2 1 0 0 
MFS
precise
0.0
recall
0.0
F-measure
0.0
multi
0
time
all 1859 iden 0 gen 1843
t-cover
9158
all-cover
9158
coveredNum
(1 : 1749)  (2 : 736)  (3 : 1289)  (4 : 764)  (5 : 606)  (6 : 527)  (7 : 535)  (8 : 441)  (9 : 336)  (10 : 120)  (11 : 72)  (12 : 76)  (13 : 62)  (14 : 83)  (15 : 115)  (16 : 124)  (17 : 120)  (18 : 108)  (19 : 97)  (20 : 75)  (21 : 54)  (22 : 33)  (23 : 67)  (24 : 92)  (25 : 109)  (26 : 99)  (27 : 122)  (28 : 107)  (29 : 62)  (30 : 34)  (31 : 23)  (32 : 9)  (33 : 8)  (34 : 3)  (35 : 8)  (36 : 3)  (37 : 2)  (38 : 1)  (39 : 2)  (40 : 1)  (42 : 1)  (43 : 4)  (44 : 4)  (45 : 3)  (46 : 3)  (47 : 5)  (48 : 6)  (49 : 5)  (50 : 6)  (51 : 7)  (52 : 9)  (53 : 11)  (54 : 10)  (55 : 7)  (56 : 5)  (57 : 4)  (58 : 1)  (59 : 4)  (60 : 3)  (61 : 3)  (62 : 6)  (63 : 6)  (64 : 17)  (65 : 6)  (66 : 9)  (67 : 4)  (68 : 3)  (69 : 4)  (70 : 3)  (71 : 7)  (72 : 6)  (73 : 7)  (74 : 9)  (75 : 8)  (76 : 2)  (77 : 2)  (118 : 1)  (121 : 2)  (122 : 1)  (123 : 3)  (142 : 2)  (143 : 4)  (144 : 4)  (145 : 3)  (146 : 1)  (147 : 5)  (148 : 3)  (149 : 2)  (150 : 7)  (151 : 1)  (152 : 6)  (153 : 1)  (154 : 1)  (155 : 2)  (230 : 1)  (232 : 1)  (233 : 3)  (234 : 1)  (235 : 3)  (236 : 6)  (237 : 1)  (238 : 3)  (239 : 4)  (240 : 3)  (241 : 3)  (242 : 2)  (243 : 1)  (244 : 2)  (245 : 1)  
real Identify

multiple f measure
NaN
multiple f recall
NaN
multiple f precise
0.0
multiple f found
0.0
multiple f found percent
NaN
multipe helpedInTheNextRun
0.0
multipe helpedInTheNextRun percent
NaN
testCase Num: 417
regaular Num: 417
identify Num: 0
1 1 1 0 1 0 2 0 4 0 1 1 
1 0 0 0 0 0 2 4 0 2 0 0 
2 1 1 0 0 1 0 3 6 1 1 1 
1 0 0 0 0 0 1 2 5 2 0 0 
2 0 0 0 0 0 3 0 2 0 0 0 
2 1 1 0 0 0 0 3 2 2 1 0 
2 0 0 1 0 1 0 6 0 2 1 0 
2 0 0 0 0 0 1 3 1 1 0 0 
1 0 0 0 1 0 2 7 1 1 0 1 
1 0 0 0 1 0 0 8 7 1 1 1 
2 0 0 0 0 0 3 3 8 2 0 0 
0 0 1 1 1 0 1 3 8 0 1 0 
2 0 0 0 0 0 0 7 4 1 0 0 
2 0 0 0 1 1 3 2 7 1 0 1 
2 0 0 0 0 0 3 8 4 1 0 0 
0 1 1 1 0 0 0 3 3 1 0 0 
0 0 0 0 0 0 0 2 5 0 0 0 
0 1 1 0 1 1 0 1 9 0 1 0 
0 0 0 0 0 0 1 1 7 0 0 0 
1 1 1 1 1 1 2 3 7 1 0 0 
1 0 0 0 0 0 2 2 7 0 0 0 
2 0 0 0 0 0 3 3 7 0 0 0 
0 0 0 0 0 0 0 1 5 2 0 0 
2 0 0 0 0 0 0 1 6 0 0 0 
0 0 0 0 0 1 2 2 6 1 0 1 
1 0 0 0 1 1 3 4 3 0 1 0 
0 0 0 0 0 0 1 2 8 0 0 0 
2 0 0 0 0 0 2 2 4 2 0 0 
0 0 0 0 0 0 0 6 1 0 0 0 
2 0 1 1 0 1 2 2 9 1 0 0 
2 0 0 0 0 0 2 4 5 1 0 0 
1 0 0 1 1 0 1 2 4 1 1 1 
0 0 0 0 0 0 2 3 1 0 0 0 
2 1 1 0 0 1 0 5 9 0 1 1 
0 0 0 0 0 0 1 7 4 0 0 0 
2 0 1 0 0 1 1 2 3 2 1 0 
1 0 0 1 1 1 2 0 8 0 0 1 
0 0 0 0 0 0 3 9 2 0 0 0 
2 0 0 0 0 0 2 6 8 1 0 0 
0 0 0 0 0 0 3 4 7 0 0 0 
0 0 0 0 0 0 3 2 4 0 0 0 
0 0 0 0 0 0 2 1 9 0 0 0 
2 0 0 0 0 0 1 6 6 2 0 0 
1 0 0 0 0 0 0 2 1 0 0 0 
0 0 0 0 0 0 3 5 8 0 0 0 
2 0 0 0 0 0 1 8 9 2 0 0 
1 0 0 0 0 0 3 1 9 1 0 0 
2 1 1 0 0 1 3 9 1 1 1 1 
2 0 0 0 0 0 2 0 0 0 0 0 
1 0 0 1 0 0 1 7 3 1 1 0 
2 1 1 1 0 1 1 6 7 1 1 0 
0 0 0 0 0 0 2 8 0 2 0 0 
0 0 1 1 0 1 0 7 8 1 1 0 
0 0 0 0 0 0 3 6 9 0 0 0 
0 1 1 0 0 1 1 1 4 0 1 1 
0 1 1 0 1 1 2 7 3 0 0 1 
2 0 0 0 0 0 0 3 9 2 0 0 
0 0 0 0 0 0 2 5 6 0 0 0 
2 0 0 0 0 0 1 4 4 2 0 0 
0 0 0 0 0 0 2 9 0 0 0 0 
1 1 1 0 0 0 2 0 9 1 0 0 
0 0 1 0 0 1 0 1 7 0 1 0 
0 0 0 0 0 0 2 6 5 0 0 0 
0 0 0 0 0 0 3 7 1 0 0 0 
0 1 1 0 0 0 3 6 4 2 1 1 
0 0 0 0 1 1 0 9 8 1 1 1 
2 0 0 1 0 0 2 6 2 1 1 1 
0 1 1 0 0 1 0 2 4 0 0 0 
1 0 1 1 1 1 1 8 4 2 1 0 
0 0 0 0 0 0 0 5 0 0 0 0 
2 0 0 0 0 0 0 5 3 2 0 0 
0 0 0 0 0 0 1 2 7 0 0 0 
0 0 0 1 1 1 1 0 9 0 1 1 
2 1 0 1 1 1 1 5 6 2 0 1 
0 0 0 0 0 0 2 2 2 0 0 0 
0 0 0 0 0 0 3 6 0 0 0 0 
0 1 1 1 1 1 3 0 0 2 1 1 
2 0 0 0 0 0 0 0 5 0 0 0 
0 0 1 1 0 0 3 1 3 2 1 1 
0 0 0 0 0 0 1 0 5 1 0 0 
2 0 0 0 0 0 0 9 6 2 0 0 
0 0 0 0 0 0 2 3 3 0 0 0 
2 1 0 0 1 1 1 7 2 1 0 1 
0 0 0 0 0 0 2 4 4 0 0 0 
0 0 0 0 0 0 2 6 7 2 0 0 
0 0 0 0 0 0 1 3 9 0 0 0 
0 0 0 0 0 0 0 0 0 0 0 0 
2 0 1 1 1 0 3 3 4 2 1 1 
0 1 1 1 0 1 3 8 2 2 1 1 
1 0 0 0 0 0 2 8 5 0 0 0 
2 1 1 0 1 1 1 0 1 2 0 0 
0 0 0 0 0 0 0 6 2 0 0 0 
0 0 1 1 1 1 3 9 4 0 0 0 
2 0 0 0 0 0 1 3 3 0 0 0 
0 0 0 0 0 0 1 5 0 0 0 0 
0 0 0 0 0 0 2 1 1 2 0 0 
0 0 0 0 0 0 2 6 6 0 0 0 
1 0 1 1 1 0 0 4 5 2 0 1 
0 0 1 0 0 0 1 0 2 1 0 0 
1 0 0 0 0 0 1 8 2 2 0 0 
1 1 0 1 1 0 0 9 9 0 0 1 
1 0 0 0 0 0 3 0 7 2 0 0 
1 0 1 1 0 0 2 7 2 0 1 0 
0 0 0 0 0 0 2 7 7 0 0 0 
0 0 0 0 0 0 1 4 3 0 0 0 
0 0 0 0 0 0 1 2 0 0 0 0 
0 0 0 0 0 0 1 9 5 0 0 0 
1 0 1 1 1 0 3 5 5 1 0 0 
0 0 0 0 0 0 2 2 3 0 0 0 
0 1 1 1 0 0 3 3 9 0 0 1 
0 1 1 1 0 1 2 8 7 0 0 0 
1 0 0 0 0 0 3 5 1 1 0 0 
0 0 1 1 0 0 2 5 3 0 1 0 
1 0 0 1 1 1 2 6 4 0 0 0 
0 0 1 1 1 1 0 3 1 0 1 0 
2 1 1 0 1 0 1 4 0 0 0 0 
2 0 1 0 1 0 1 6 3 0 0 0 
1 1 1 0 1 1 2 3 5 0 1 1 
0 0 0 0 0 0 3 4 9 0 0 0 
2 0 0 0 0 0 3 1 1 0 0 0 
1 0 0 0 0 0 3 0 5 2 1 1 
0 0 0 1 1 0 3 5 0 0 0 1 
1 0 0 0 0 0 1 0 3 0 0 0 
0 0 0 1 1 1 2 6 9 0 0 0 
0 0 0 0 0 0 0 8 1 0 0 0 
0 0 0 1 1 1 3 8 3 0 1 1 
1 1 0 0 0 0 0 9 4 2 1 1 
0 0 0 0 0 0 1 5 5 0 0 0 
2 0 0 0 0 0 2 5 5 2 0 0 
0 0 0 0 0 0 3 1 5 0 0 0 
0 1 1 1 0 0 1 7 5 2 0 1 
2 0 0 0 1 1 0 9 5 0 0 1 
0 1 0 1 0 1 1 5 8 1 0 1 
0 0 0 0 0 0 2 9 2 0 0 0 
1 0 0 1 0 1 1 0 6 1 1 0 
2 0 0 0 1 0 1 1 3 1 0 0 
0 1 1 0 0 0 1 8 3 1 0 0 
2 0 0 0 0 0 2 2 0 0 0 0 
2 1 0 1 1 1 1 4 7 2 0 1 
0 0 0 0 0 0 0 8 0 0 0 0 
2 0 0 1 0 0 1 4 8 1 1 1 
0 0 0 0 0 0 1 3 2 0 0 0 
0 0 0 0 0 0 1 7 7 0 0 0 
0 0 0 1 1 1 3 6 1 2 1 0 
0 1 1 0 0 0 2 1 0 2 0 0 
0 0 0 1 1 0 0 1 4 2 0 0 
0 0 0 0 0 0 3 1 6 1 0 0 
2 1 0 1 1 0 2 2 1 2 1 0 
0 0 0 0 0 0 2 3 4 0 0 0 
0 1 0 0 0 0 0 5 1 0 0 1 
1 0 0 0 1 0 0 6 7 0 0 1 
1 0 0 1 1 1 1 1 5 1 0 1 
0 0 0 0 0 0 0 2 7 0 0 0 
2 0 0 1 0 0 3 8 0 1 0 1 
0 0 0 0 0 0 3 7 2 0 0 0 
0 0 0 0 0 0 0 4 8 2 0 0 
1 1 1 0 1 0 2 6 0 1 0 1 
1 1 1 0 0 0 1 4 9 2 1 1 
2 1 0 0 0 1 1 9 2 2 1 1 
2 0 0 0 0 0 1 6 9 2 0 0 
1 0 0 0 0 0 2 8 8 2 0 0 
1 0 0 0 0 0 3 7 0 1 0 0 
0 0 1 0 0 0 0 7 7 1 0 0 
2 0 0 0 0 0 2 9 7 2 0 0 
0 0 0 0 0 0 1 1 8 0 0 0 
1 0 0 0 0 0 3 9 3 1 0 0 
0 0 0 1 1 0 2 2 5 0 0 0 
2 1 1 0 1 0 0 7 0 0 1 0 
1 0 0 0 0 0 3 1 4 0 0 0 
2 0 0 0 0 0 0 6 4 1 0 0 
1 1 0 1 0 1 1 9 7 0 1 0 
0 0 0 0 0 0 2 8 1 2 0 0 
0 0 0 0 0 0 3 9 7 0 0 0 
2 0 0 0 0 0 0 0 8 0 0 0 
0 0 0 0 0 0 1 5 3 0 0 0 
0 1 0 1 1 0 3 4 1 1 0 1 
1 0 0 0 0 0 1 4 1 2 0 0 
0 0 0 0 0 0 1 0 8 2 0 0 
0 0 0 0 0 0 2 3 7 2 1 1 
0 0 0 0 0 0 2 1 3 0 0 0 
2 0 0 0 0 0 2 0 6 0 0 0 
2 1 0 0 1 1 0 2 8 0 0 1 
2 0 0 0 0 0 3 5 7 2 0 0 
0 0 0 0 0 0 2 0 1 0 0 0 
0 0 0 0 0 0 3 2 9 2 0 0 
1 0 0 0 0 0 1 6 1 1 0 0 
0 0 0 0 0 0 2 4 7 0 0 0 
1 0 0 1 1 0 0 7 9 2 0 1 
1 0 0 0 1 1 0 7 5 0 1 0 
0 0 0 0 0 0 0 0 4 0 0 0 
1 1 1 1 0 1 0 8 9 0 0 0 
1 0 0 0 1 1 0 3 3 2 1 1 
2 0 0 0 0 0 2 3 0 0 0 0 
2 0 1 0 1 0 0 0 3 0 0 1 
1 0 0 1 0 0 2 1 2 0 1 0 
0 0 0 1 0 1 2 7 0 0 0 1 
0 0 0 0 0 0 2 0 2 0 0 0 
0 0 0 1 0 1 1 8 8 0 0 0 
0 0 0 0 0 0 0 8 2 1 0 0 
2 1 1 0 0 0 2 1 5 1 1 0 
0 0 0 0 0 0 3 4 0 0 0 0 
0 0 0 0 1 0 2 8 9 1 1 1 
2 1 0 1 1 1 0 5 4 0 0 0 
2 0 0 0 0 0 0 4 3 1 0 0 
1 0 1 1 1 1 0 2 0 2 0 1 
0 0 0 0 0 0 3 9 6 0 0 0 
1 1 1 1 0 1 0 6 6 0 1 0 
1 1 0 1 1 1 0 0 2 2 1 1 
0 0 0 0 0 0 3 7 3 0 0 0 
0 0 0 0 0 0 2 5 7 0 0 0 
0 0 1 0 0 0 0 5 6 1 1 0 
0 0 0 0 0 0 2 0 3 2 0 0 
0 0 0 0 0 0 3 8 5 1 0 0 
0 0 0 0 0 0 0 3 7 0 0 0 
0 0 0 0 0 0 3 6 2 0 0 0 
0 1 0 1 0 1 3 7 6 1 1 0 
1 0 0 0 0 0 3 4 8 0 0 0 
0 1 1 0 1 1 3 1 2 0 0 1 
1 1 0 1 0 1 2 4 6 0 0 0 
2 0 1 0 1 1 1 8 5 0 0 1 
1 0 1 0 0 0 1 5 7 0 0 0 
1 0 0 0 0 0 0 3 4 0 0 0 
0 0 1 0 0 1 2 9 9 2 1 0 
0 0 0 0 0 0 0 7 2 2 0 0 
0 0 0 0 0 0 3 1 7 0 0 0 
0 1 0 0 1 1 1 3 0 2 1 1 
0 0 0 1 1 1 1 5 2 0 1 0 
2 1 0 0 0 1 2 0 7 0 0 0 
1 1 1 0 1 0 3 6 5 0 1 1 
1 0 0 0 0 0 0 0 1 1 0 0 
0 0 0 0 0 0 1 6 4 0 0 0 
2 1 0 1 0 1 3 0 3 1 1 0 
1 0 0 0 0 0 3 9 5 2 0 0 
1 1 0 0 1 1 2 5 3 1 0 1 
0 1 1 0 1 0 0 4 4 1 1 0 
2 0 0 1 1 1 2 1 0 0 1 1 
1 1 0 0 1 1 2 4 2 2 0 0 
0 0 0 1 1 1 2 3 2 1 0 1 
0 1 0 0 0 1 1 4 5 0 1 0 
0 0 0 1 0 1 0 4 0 1 1 1 
0 0 0 0 0 0 3 5 2 0 0 0 
0 0 0 0 0 0 3 8 7 0 0 0 
2 0 0 0 0 0 2 7 5 1 0 0 
0 0 0 0 0 0 1 4 6 0 0 0 
1 0 0 0 0 0 1 7 6 0 0 0 
2 0 0 0 0 0 3 0 9 2 0 0 
2 0 0 0 0 0 2 5 2 2 0 0 
0 0 0 0 0 0 2 6 1 0 0 0 
1 0 0 0 0 0 3 3 6 0 0 0 
0 0 0 0 0 0 1 7 0 2 0 0 
0 0 0 0 0 0 1 9 3 0 0 0 
0 0 0 0 0 0 3 6 3 0 0 0 
0 0 0 0 0 0 3 5 3 0 0 0 
2 0 0 0 0 0 1 9 4 1 0 0 
0 0 0 0 0 0 0 0 7 0 0 0 
2 0 0 0 1 0 2 8 2 0 0 0 
0 0 0 0 0 0 3 5 4 2 0 0 
1 1 1 1 1 0 3 7 4 0 0 1 
2 0 0 1 0 1 1 8 1 1 1 1 
0 0 0 0 0 0 3 7 5 0 0 0 
0 0 0 0 0 0 3 0 6 2 0 0 
0 0 0 0 0 0 1 3 6 2 0 0 
0 1 0 0 0 0 0 8 4 0 0 1 
0 0 0 0 0 0 2 8 4 0 0 0 
1 0 0 0 0 0 3 5 9 2 0 0 
0 1 1 1 0 0 3 2 7 2 1 0 
0 0 0 0 0 0 0 3 0 0 0 0 
1 1 0 0 1 0 1 7 8 0 0 1 
0 0 0 0 0 0 3 3 0 0 0 0 
1 0 0 0 0 0 1 5 4 0 0 0 
0 1 1 1 0 1 1 7 1 0 1 0 
1 1 0 0 0 0 0 2 0 1 1 0 
2 0 1 1 0 0 2 5 4 1 1 1 
0 1 0 0 0 1 1 6 8 2 0 1 
1 0 0 0 0 1 3 9 0 2 0 0 
1 0 1 1 0 0 1 3 0 1 0 0 
2 0 0 1 1 1 3 0 4 1 0 0 
1 0 1 1 0 1 1 1 1 1 1 1 
0 0 1 1 0 0 0 4 2 0 1 1 
0 0 0 0 0 0 0 1 8 0 0 0 
0 0 1 0 1 0 0 9 7 1 0 1 
0 0 0 0 0 0 2 5 9 0 0 0 
0 1 0 1 1 0 1 9 0 1 1 1 
0 0 0 0 0 0 3 3 1 0 0 0 
0 0 0 0 0 0 0 2 9 0 0 0 
0 0 0 0 0 0 1 1 0 0 0 0 
0 0 0 0 0 0 3 4 2 0 0 0 
0 0 0 1 0 1 0 6 5 1 0 0 
0 0 0 0 0 0 0 9 1 0 0 0 
0 0 0 0 0 0 3 8 8 0 0 0 
1 1 1 0 1 1 1 8 0 0 1 0 
1 1 1 0 0 0 0 5 2 1 0 1 
0 1 1 0 0 1 1 7 9 0 1 0 
2 0 0 0 0 0 0 3 5 1 0 0 
0 1 1 1 1 0 1 8 6 1 1 0 
0 0 0 0 0 0 1 3 5 2 0 0 
0 0 0 0 0 0 3 9 9 0 0 0 
0 0 0 0 0 0 2 3 8 0 0 0 
1 1 0 0 0 0 1 1 6 2 0 0 
0 0 0 0 0 0 3 2 0 0 0 0 
0 0 0 1 0 0 1 0 1 0 1 1 
0 0 1 1 1 1 2 5 1 2 1 0 
0 0 1 1 1 0 1 0 7 1 1 1 
1 1 0 0 0 1 0 3 8 1 0 1 
0 1 0 0 1 0 0 1 1 1 0 0 
0 1 0 1 1 1 0 5 7 1 1 1 
0 0 1 0 0 0 3 2 8 1 0 0 
0 0 0 0 0 0 2 4 9 0 0 0 
2 0 0 0 1 0 3 1 8 1 0 0 
0 0 0 0 0 0 0 4 6 1 0 0 
1 0 0 1 1 0 2 9 1 0 0 0 
0 0 1 0 0 1 1 9 6 0 0 0 
0 0 0 0 0 0 1 1 2 2 0 0 
0 0 0 0 0 0 2 9 4 0 0 0 
2 0 0 1 0 0 1 1 9 2 0 1 
2 0 0 0 0 0 2 7 8 2 0 0 
2 0 0 0 0 0 0 1 2 1 0 0 
2 1 0 0 0 1 1 3 4 1 0 0 
0 0 0 0 0 0 2 9 8 0 0 0 
1 1 1 1 0 0 3 9 8 0 0 0 
0 0 0 0 0 0 1 3 7 0 0 0 
1 1 0 0 1 0 1 2 9 0 1 1 
0 0 0 0 0 0 3 7 8 0 0 0 
1 1 0 0 1 1 3 7 7 2 0 0 
0 0 0 0 0 0 1 9 1 2 0 0 
2 0 0 0 0 0 1 9 8 2 0 0 
0 0 0 0 0 0 0 2 3 1 0 0 
1 0 0 0 0 0 3 5 6 0 0 0 
1 0 1 1 1 0 0 9 2 1 0 0 
2 0 0 0 0 0 2 1 4 1 0 0 
0 0 0 0 0 0 1 0 4 2 0 0 
1 0 0 0 0 0 1 2 2 2 0 0 
1 1 0 0 0 0 0 3 1 2 0 1 
1 0 0 0 0 0 2 8 3 2 0 0 
2 0 0 1 0 0 3 7 7 0 1 1 
0 1 1 1 0 0 3 2 2 1 1 0 
0 1 1 1 0 0 2 4 3 2 0 1 
0 0 0 0 0 0 2 8 6 0 0 0 
2 0 0 0 0 0 0 2 6 2 0 0 
1 0 1 1 1 0 0 6 8 0 1 0 
0 0 0 0 0 0 3 2 1 0 0 0 
0 0 1 1 0 1 1 2 1 1 0 1 
1 1 0 1 1 0 3 2 3 0 0 1 
2 1 1 0 0 0 3 6 1 0 0 1 
0 0 0 0 0 0 3 6 7 0 0 0 
1 0 0 0 0 1 0 8 6 0 0 1 
1 1 1 0 1 0 3 8 1 0 0 0 
1 1 1 1 1 0 3 2 6 0 1 0 
2 0 0 0 0 0 0 8 3 0 0 0 
2 1 1 0 0 1 3 5 0 2 1 0 
0 1 1 1 0 0 2 9 5 1 1 0 
0 1 0 1 0 1 1 6 3 1 1 1 
0 1 1 0 1 0 0 0 6 1 0 1 
0 0 0 0 0 0 3 8 9 0 0 0 
0 0 0 1 0 0 3 3 5 0 0 0 
0 0 0 0 0 0 0 1 0 0 0 0 
0 0 0 0 0 0 2 7 6 0 0 0 
0 0 0 0 0 0 3 3 3 0 0 0 
0 1 0 0 0 1 0 5 5 0 1 1 
2 0 0 1 1 0 2 3 6 0 0 0 
1 0 0 1 0 0 2 2 8 2 1 0 
0 0 0 0 0 0 0 4 1 0 0 0 
0 0 0 0 0 0 1 1 5 0 0 0 
2 0 0 0 0 0 1 5 1 0 0 0 
0 0 0 0 0 0 2 3 9 0 0 0 
1 1 1 1 0 1 3 1 8 2 1 1 
1 1 1 0 0 0 0 6 9 1 1 1 
0 0 1 1 1 1 2 1 6 2 1 1 
2 0 0 0 0 0 0 7 3 2 0 0 
0 0 0 0 0 0 1 6 0 0 0 0 
0 0 0 0 0 0 1 2 6 0 0 0 
2 0 0 0 0 0 1 6 5 2 0 0 
1 0 0 0 1 1 3 3 9 1 1 0 
0 0 0 0 0 0 0 0 9 0 0 0 
1 0 1 0 1 0 0 5 8 2 1 0 
2 0 0 1 1 1 0 4 9 1 0 0 
2 0 0 0 1 1 0 2 2 0 0 1 
1 0 0 0 0 0 2 1 7 1 0 0 
1 0 0 0 0 0 1 0 0 1 0 0 
2 0 0 0 0 0 2 5 8 0 0 0 
2 0 0 0 0 0 1 9 9 1 0 0 
0 0 0 0 0 0 3 6 8 0 0 0 
0 0 0 0 1 0 3 6 6 1 0 1 
0 0 0 0 0 0 3 4 5 0 0 0 
0 1 1 0 1 1 2 4 8 1 0 0 
2 0 0 0 0 0 3 8 6 2 0 0 
1 1 0 1 1 0 2 9 6 1 1 1 
2 0 1 0 0 0 0 9 0 0 0 0 
2 0 0 0 0 0 2 7 9 1 0 0 
0 0 0 0 0 1 2 7 4 2 1 0 
0 0 1 0 0 1 0 9 3 0 1 1 
2 1 0 1 1 0 0 1 7 2 0 1 
1 0 0 0 0 0 3 3 2 0 0 0 
0 1 1 0 0 0 3 0 8 1 1 0 
1 1 1 0 0 1 0 1 3 0 0 0 
2 0 0 0 0 0 0 7 1 2 0 0 
2 0 1 0 1 0 3 4 6 2 1 1 
2 0 0 0 0 0 1 4 2 1 0 0 
2 0 1 0 1 0 0 7 6 2 0 1 
1 1 1 0 1 1 1 6 2 2 0 0 
0 0 0 0 0 0 3 0 1 0 0 0 
1 0 0 0 0 0 2 5 0 1 0 0 
1 0 0 0 0 0 3 1 0 1 0 0 
2 1 0 1 0 0 0 8 5 2 1 0 
2 0 1 0 0 1 2 4 1 0 1 0 
1 0 0 0 0 0 0 6 3 2 0 0 
2 0 0 0 0 0 1 8 7 2 0 0 
2 1 1 0 1 0 0 8 8 1 1 1 
0 0 0 1 1 0 1 5 9 1 0 0 
0 1 1 1 1 1 2 0 5 2 0 0 
2 1 0 1 1 0 2 9 3 2 0 0 
0 0 0 0 0 0 3 7 9 0 0 0 
0 0 0 0 0 0 2 6 3 0 0 0 
1 0 1 0 0 0 0 4 7 1 1 0 
1 0 0 1 0 1 3 4 4 0 0 1 
0 0 0 0 0 0 2 1 8 0 0 0 
2 1 1 0 0 1 3 2 5 1 1 1 
MFS
precise
0.0
recall
0.0
F-measure
0.0
multi
0
time
all 1813 iden 0 gen 1813
t-cover
9158
all-cover
9158
coveredNum
(1 : 1684)  (2 : 781)  (3 : 1350)  (4 : 754)  (5 : 584)  (6 : 510)  (7 : 568)  (8 : 441)  (9 : 286)  (10 : 135)  (11 : 64)  (12 : 87)  (13 : 90)  (14 : 96)  (15 : 113)  (16 : 122)  (17 : 109)  (18 : 96)  (19 : 90)  (20 : 74)  (21 : 64)  (22 : 59)  (23 : 74)  (24 : 85)  (25 : 114)  (26 : 111)  (27 : 96)  (28 : 63)  (29 : 52)  (30 : 25)  (31 : 33)  (32 : 19)  (33 : 13)  (34 : 3)  (35 : 6)  (36 : 8)  (37 : 4)  (38 : 6)  (39 : 3)  (40 : 1)  (41 : 2)  (42 : 3)  (43 : 3)  (44 : 1)  (45 : 4)  (46 : 5)  (47 : 6)  (48 : 5)  (49 : 10)  (50 : 6)  (51 : 10)  (52 : 8)  (53 : 4)  (54 : 5)  (55 : 7)  (56 : 2)  (57 : 1)  (58 : 6)  (59 : 5)  (60 : 2)  (61 : 6)  (62 : 9)  (63 : 10)  (64 : 12)  (65 : 11)  (66 : 11)  (67 : 8)  (68 : 4)  (69 : 3)  (70 : 7)  (71 : 8)  (72 : 8)  (73 : 1)  (74 : 4)  (75 : 2)  (76 : 1)  (77 : 1)  (116 : 1)  (119 : 1)  (120 : 1)  (121 : 1)  (123 : 1)  (124 : 1)  (125 : 1)  (143 : 2)  (144 : 1)  (145 : 1)  (146 : 1)  (147 : 4)  (148 : 6)  (149 : 4)  (150 : 4)  (151 : 4)  (152 : 3)  (153 : 3)  (154 : 2)  (155 : 3)  (156 : 2)  (157 : 2)  (230 : 1)  (232 : 1)  (233 : 5)  (234 : 2)  (236 : 2)  (237 : 3)  (238 : 2)  (239 : 4)  (240 : 1)  (241 : 5)  (242 : 5)  (243 : 2)  (244 : 1)  (247 : 1)  
real Identify

multiple f measure
NaN
multiple f recall
NaN
multiple f precise
0.0
multiple f found
0.0
multiple f found percent
NaN
multipe helpedInTheNextRun
0.0
multipe helpedInTheNextRun percent
NaN
testCase Num: 418
regaular Num: 418
identify Num: 0
0 0 0 0 0 0 0 8 4 1 0 0 
0 1 1 1 0 1 3 3 5 0 1 1 
2 0 0 0 0 0 0 6 2 0 0 0 
0 1 1 0 1 1 0 5 4 0 0 0 
0 1 1 1 1 0 2 2 6 2 0 0 
0 0 0 0 0 0 2 2 0 0 0 0 
2 0 0 0 0 0 0 9 7 1 0 0 
1 0 1 1 0 1 3 5 9 0 0 0 
0 0 0 0 0 0 0 1 4 0 0 0 
0 0 0 0 0 0 1 6 3 0 0 0 
0 0 0 0 0 1 0 0 7 1 0 0 
0 0 0 0 0 0 0 6 0 0 0 0 
1 1 0 0 1 0 2 0 6 0 1 1 
2 1 1 0 0 1 3 9 2 1 0 1 
2 0 0 1 1 1 1 8 3 2 1 0 
0 1 0 0 1 0 2 7 0 1 1 1 
2 0 0 0 0 0 1 5 4 1 0 0 
2 1 0 0 1 0 0 4 2 1 1 1 
1 1 1 0 1 1 2 5 6 1 0 0 
2 0 0 0 0 0 3 3 7 0 0 0 
2 0 0 1 0 1 0 0 1 0 0 0 
0 1 1 1 0 1 2 1 1 2 1 1 
2 0 0 0 0 0 1 8 8 1 0 0 
0 0 0 0 0 0 3 1 1 0 0 0 
1 0 1 0 1 0 0 1 7 2 0 0 
1 0 1 0 0 0 2 8 3 0 0 0 
0 1 1 0 0 1 0 7 9 0 0 1 
0 0 1 1 1 1 3 5 1 1 0 0 
0 0 0 0 0 0 0 4 9 0 0 0 
1 0 1 0 0 0 2 7 1 0 1 0 
2 0 0 0 0 0 3 1 3 0 0 0 
0 0 0 0 0 0 2 9 1 1 0 0 
0 0 0 0 0 0 1 2 9 0 0 0 
0 0 0 1 1 1 0 2 0 2 0 1 
0 1 1 1 1 1 1 4 8 0 0 1 
2 1 0 1 1 1 0 3 9 1 0 0 
1 1 0 0 0 1 1 5 7 0 1 0 
2 0 0 0 0 0 2 5 7 2 0 0 
0 0 0 0 0 0 3 2 5 1 0 0 
1 0 0 1 0 1 1 7 8 0 0 0 
2 0 0 0 0 0 0 9 8 2 0 0 
2 0 1 0 0 0 1 8 7 1 0 1 
0 1 1 0 1 0 3 0 2 0 1 0 
0 1 1 1 1 1 3 0 9 0 1 1 
0 0 0 0 0 0 2 9 0 0 0 0 
0 0 0 1 1 0 0 7 2 0 0 0 
1 0 0 0 1 0 2 1 1 0 0 0 
0 0 0 0 0 0 3 6 1 2 0 0 
2 0 0 1 0 0 3 0 5 2 1 0 
2 1 0 0 0 0 3 2 2 1 0 0 
0 0 0 0 0 0 1 7 4 1 0 0 
0 0 0 0 0 0 3 9 4 0 0 0 
1 0 0 0 0 0 2 5 2 1 0 0 
0 0 0 0 0 0 0 5 0 0 0 0 
2 0 0 0 0 0 0 5 3 2 0 0 
0 1 1 0 1 0 3 4 9 2 1 1 
0 0 0 0 0 0 2 2 2 0 0 0 
0 0 0 0 0 0 0 8 5 0 0 0 
0 1 0 1 0 0 2 7 5 0 0 0 
2 0 0 0 0 0 1 5 6 2 0 0 
2 1 1 1 0 1 2 8 2 1 1 0 
0 0 0 0 0 0 3 0 0 2 0 0 
0 1 0 1 1 1 0 1 3 1 1 1 
0 1 0 0 1 1 3 4 3 2 0 1 
2 0 0 0 0 0 1 0 6 1 0 0 
0 0 0 0 0 0 2 3 3 0 0 0 
0 0 0 0 0 0 3 1 5 2 0 0 
0 0 1 0 0 0 2 2 8 1 0 0 
0 0 0 0 0 0 2 5 4 0 0 0 
1 0 0 0 0 0 2 8 6 1 0 0 
2 1 0 1 1 1 3 7 1 0 0 1 
2 0 0 0 0 0 2 4 3 0 0 0 
1 0 0 0 1 0 1 0 1 2 1 1 
0 0 0 1 0 0 3 6 2 2 1 0 
2 0 0 1 1 0 1 7 9 2 1 0 
0 0 0 0 0 0 1 1 6 0 0 0 
0 0 0 0 0 0 0 0 0 0 0 0 
0 0 0 0 0 0 3 1 4 0 0 0 
0 0 0 0 0 0 1 8 4 0 0 0 
1 0 0 0 0 0 0 4 3 1 1 0 
0 0 0 0 0 0 0 1 2 0 0 0 
1 1 0 1 1 1 0 8 7 0 1 0 
2 0 0 0 0 0 1 3 3 0 0 0 
2 0 1 0 0 0 0 6 9 0 0 1 
0 0 0 0 0 0 1 9 0 1 0 0 
0 0 0 0 0 0 3 9 3 0 0 0 
0 0 0 0 0 0 2 1 0 0 0 0 
1 1 0 0 1 0 1 1 8 1 1 1 
0 0 0 0 0 0 3 7 2 2 0 0 
0 0 0 0 0 1 3 7 6 1 1 1 
0 0 0 0 0 0 0 5 1 0 0 0 
2 0 0 1 0 1 1 3 0 2 1 0 
2 0 0 0 0 0 2 7 2 1 0 0 
0 0 1 1 0 1 2 8 8 2 0 1 
1 0 1 1 0 0 3 1 2 2 1 1 
1 0 0 0 0 0 0 7 0 0 0 0 
0 0 0 0 0 0 1 2 0 0 0 0 
1 0 0 0 0 0 0 4 7 1 0 0 
0 0 0 0 0 0 2 2 3 0 0 0 
0 1 0 1 1 0 1 8 5 1 1 1 
0 0 0 0 0 0 0 0 5 0 0 0 
0 0 0 0 0 0 2 6 9 0 0 0 
1 1 1 0 0 1 1 9 3 0 0 1 
0 0 0 0 0 0 0 2 8 0 0 0 
2 1 0 0 0 0 2 0 9 2 0 0 
1 0 0 1 0 1 0 0 3 0 0 0 
0 0 1 0 1 1 3 3 3 2 0 0 
1 0 0 0 0 0 3 6 3 2 0 0 
2 1 1 1 0 1 0 3 2 2 0 0 
0 1 0 1 0 1 1 9 8 1 1 0 
2 1 0 1 1 0 0 4 4 2 0 1 
1 0 0 0 0 0 0 0 2 2 0 0 
0 0 0 0 0 0 1 0 8 0 0 0 
0 0 0 0 0 1 3 1 9 0 0 0 
0 0 0 0 0 0 3 1 0 2 0 0 
2 0 1 1 0 1 0 1 8 0 0 0 
1 0 0 1 1 1 0 3 4 0 1 0 
2 0 0 0 0 0 2 1 9 1 0 0 
0 0 0 0 0 0 0 8 1 0 0 0 
1 1 0 0 0 0 1 5 1 2 1 1 
1 0 0 0 0 0 3 5 0 0 0 0 
0 0 0 0 0 0 3 9 5 0 0 0 
2 0 0 0 0 0 0 6 6 1 0 0 
0 1 1 0 1 0 1 7 3 1 0 1 
2 1 1 0 1 0 0 0 3 1 1 1 
0 1 1 0 1 1 0 6 4 2 1 0 
2 0 0 0 0 0 0 7 7 0 0 0 
0 0 0 1 1 0 2 9 3 1 1 0 
0 0 1 0 0 0 1 3 9 0 1 1 
0 0 0 0 0 0 3 3 8 0 0 0 
0 0 0 0 1 0 2 3 2 2 1 1 
0 0 0 0 0 0 2 6 0 2 0 0 
0 0 0 0 0 0 0 8 0 0 0 0 
0 0 0 0 0 0 1 7 7 0 0 0 
2 0 0 0 0 1 1 2 6 1 1 1 
2 0 0 1 1 1 0 9 0 2 0 0 
0 0 1 1 1 0 0 5 7 1 0 1 
2 0 0 1 0 1 1 9 4 0 1 0 
2 1 0 1 0 0 0 2 3 2 0 0 
2 0 0 0 0 0 1 2 4 2 0 0 
0 0 1 0 0 1 2 4 4 1 1 0 
0 0 0 0 0 0 1 6 5 0 0 0 
0 0 1 0 0 1 2 6 5 0 1 1 
0 0 0 0 0 0 3 8 3 0 0 0 
0 1 1 0 1 0 1 0 5 1 0 1 
2 0 1 1 1 1 3 8 4 0 1 1 
0 0 0 0 0 0 2 4 5 0 0 0 
2 0 0 1 0 0 3 6 0 1 1 1 
2 0 1 0 1 1 1 6 1 0 1 0 
2 0 0 0 0 0 2 8 5 2 0 0 
0 0 0 0 0 0 3 2 7 0 0 0 
1 0 0 0 0 0 2 4 2 0 0 0 
1 1 1 0 0 0 1 2 7 2 0 0 
1 1 1 1 1 1 1 1 4 0 0 1 
1 0 0 0 0 0 0 2 5 2 1 1 
0 1 0 0 0 0 0 8 3 1 0 1 
2 0 1 0 1 1 1 7 5 1 1 1 
0 0 0 0 0 0 0 8 2 0 0 0 
1 0 1 1 0 0 3 3 6 1 0 0 
0 0 0 0 0 0 3 4 0 1 0 0 
0 0 0 0 0 0 0 7 1 1 0 0 
1 0 0 0 1 0 3 3 5 1 0 0 
1 0 0 0 0 0 3 8 2 2 0 0 
1 0 0 0 0 0 1 9 5 1 0 0 
2 0 0 0 0 0 0 7 6 2 0 0 
2 0 0 0 1 0 1 6 8 2 0 0 
1 1 0 0 1 0 0 8 8 0 1 0 
1 0 0 1 1 1 0 5 8 2 0 0 
0 0 0 0 0 0 2 0 1 0 0 0 
0 1 1 0 1 0 0 7 8 2 1 1 
2 0 0 0 0 0 1 7 0 0 0 0 
0 0 0 0 0 0 3 3 9 0 0 0 
1 1 0 0 1 1 2 6 6 2 0 0 
1 1 0 1 1 1 1 2 8 0 1 1 
0 0 0 0 0 0 3 7 4 0 0 0 
0 0 1 0 0 0 0 2 1 0 0 0 
1 0 0 0 0 0 3 2 6 0 0 0 
0 1 0 0 1 0 0 5 9 1 1 1 
0 1 1 1 0 1 0 6 8 0 1 1 
2 0 1 0 0 1 0 3 8 1 0 0 
0 0 1 1 1 1 2 7 7 2 1 0 
0 0 0 0 0 0 1 9 7 0 0 0 
0 0 0 0 0 0 0 2 6 0 0 0 
0 0 0 1 0 1 2 3 7 1 0 0 
2 0 0 0 0 0 2 0 8 2 0 0 
1 0 0 1 0 0 1 6 4 2 0 1 
0 0 0 0 0 0 3 1 8 2 0 0 
0 0 1 1 1 0 0 4 5 1 0 0 
0 1 0 1 0 0 1 8 9 0 0 1 
0 0 0 0 0 0 2 2 4 0 0 0 
0 0 0 0 0 0 3 0 6 0 0 0 
2 1 0 1 1 1 2 6 3 0 0 1 
0 1 0 0 1 1 0 3 6 2 1 1 
1 1 1 0 0 0 0 2 0 1 1 0 
1 0 0 1 1 1 0 2 2 0 0 0 
0 0 0 0 0 0 0 4 8 0 0 0 
1 0 0 1 0 0 2 4 6 1 0 1 
1 0 1 0 1 0 3 9 8 0 0 1 
0 0 0 0 0 0 3 1 7 0 0 0 
2 1 1 0 0 0 2 5 0 2 0 1 
0 0 0 0 0 0 2 5 8 1 0 0 
0 0 0 0 0 0 2 3 5 0 0 0 
1 0 1 0 0 1 1 8 0 1 0 0 
0 0 0 0 0 0 2 0 4 2 0 0 
1 0 0 0 0 0 3 4 8 2 1 0 
2 0 0 0 0 0 2 5 1 0 0 0 
2 0 0 1 0 0 3 4 7 2 1 0 
2 1 1 0 0 0 1 4 0 0 0 1 
2 1 0 1 1 0 0 8 6 0 0 0 
0 0 0 0 0 0 3 5 2 0 0 0 
0 1 1 1 1 1 1 6 7 1 0 1 
1 0 0 0 0 0 2 6 8 1 0 0 
0 0 0 0 0 0 1 4 6 0 0 0 
0 0 0 0 0 1 2 5 3 0 1 1 
0 1 1 0 0 1 0 5 2 2 1 1 
0 0 1 1 1 1 2 9 9 1 1 0 
0 0 0 0 0 0 0 0 8 0 0 0 
1 1 0 0 0 0 3 7 7 1 0 1 
0 0 0 0 0 0 2 6 1 0 0 0 
1 1 1 0 0 1 1 7 2 0 1 1 
1 0 1 1 1 1 1 1 0 1 1 1 
1 0 1 0 0 1 3 8 5 0 0 0 
0 0 0 0 0 0 0 1 9 0 0 0 
0 0 0 0 0 0 3 5 3 0 0 0 
2 0 0 1 0 1 0 3 1 1 1 0 
1 1 0 1 0 0 0 6 1 1 0 1 
0 0 0 0 0 0 1 1 2 0 0 0 
0 0 0 0 0 0 1 3 5 0 0 0 
1 0 1 0 0 1 0 4 1 2 0 0 
1 0 0 1 1 1 2 4 0 2 1 0 
0 0 1 0 0 0 0 6 3 1 1 0 
2 0 0 0 0 0 0 9 3 2 0 0 
1 0 1 0 1 1 0 9 6 1 1 0 
2 0 1 1 1 0 3 2 9 1 0 0 
1 0 0 0 0 0 2 6 7 1 1 0 
2 1 0 0 1 0 2 2 1 1 1 0 
1 0 0 0 0 0 0 0 4 0 0 0 
1 0 0 0 0 0 1 5 5 2 0 0 
2 0 0 0 0 0 3 0 7 0 0 0 
0 0 0 0 0 0 3 8 7 2 0 0 
0 0 0 0 0 0 2 0 3 0 0 0 
0 0 0 0 0 0 3 4 1 0 0 0 
1 0 1 0 1 1 3 2 3 0 1 1 
1 0 1 1 0 1 2 1 5 1 0 0 
0 0 0 0 1 0 2 8 2 0 0 1 
0 0 0 0 0 0 3 7 5 0 0 0 
1 0 0 0 0 0 2 7 9 1 0 0 
1 0 0 1 1 0 2 9 2 0 1 0 
0 1 0 1 1 1 1 6 9 1 1 0 
2 0 0 0 0 0 3 4 5 2 0 0 
1 1 1 0 1 0 1 3 0 1 0 1 
0 0 1 1 0 1 1 4 2 2 0 0 
0 0 0 0 0 0 0 3 0 0 0 0 
0 0 0 0 0 0 3 3 0 0 0 0 
0 0 0 0 0 0 3 8 6 0 0 0 
0 0 1 1 0 1 3 7 0 2 0 0 
1 0 0 0 0 0 1 3 1 0 0 0 
1 1 0 1 0 0 3 3 3 1 1 1 
0 0 0 0 0 0 0 2 9 0 1 0 
1 0 0 1 0 1 3 2 1 2 0 1 
2 0 0 0 0 0 2 4 9 0 0 0 
0 0 0 0 0 0 1 3 4 2 0 0 
0 0 0 0 0 0 0 9 2 2 0 0 
0 0 0 0 0 0 1 2 1 0 0 0 
2 1 0 0 0 0 2 9 5 2 0 0 
0 1 1 1 1 0 2 0 7 2 1 1 
1 0 0 0 0 0 1 0 7 0 0 0 
1 1 1 0 0 1 3 0 8 1 0 1 
2 1 1 0 1 0 3 3 1 0 0 1 
0 1 0 0 1 0 0 4 6 2 0 0 
2 0 0 0 0 0 3 6 4 0 0 0 
0 0 0 0 0 0 2 1 6 0 0 0 
0 0 0 0 0 0 3 4 2 0 0 0 
0 0 0 0 0 0 0 9 1 0 0 0 
0 0 0 0 0 0 3 8 8 0 0 0 
0 0 0 0 0 0 3 6 7 2 0 0 
0 1 0 1 1 0 1 9 1 2 0 0 
0 0 1 0 1 1 3 9 7 0 0 0 
0 0 0 0 0 0 2 2 7 1 0 0 
1 0 0 1 0 1 1 4 9 1 0 0 
0 0 0 0 0 0 3 3 2 1 0 0 
0 0 0 0 0 1 1 1 7 1 0 0 
2 0 0 0 0 0 1 9 6 2 0 0 
0 0 1 0 0 1 1 8 6 2 1 1 
0 0 0 1 1 0 3 0 8 0 1 0 
1 0 0 1 0 0 3 5 4 2 1 1 
0 0 0 0 0 0 3 9 9 0 0 0 
0 1 0 1 1 0 2 5 5 0 1 0 
2 0 0 0 0 0 0 6 7 0 0 0 
1 0 0 0 0 1 3 0 5 0 0 0 
1 1 1 0 0 0 0 9 0 0 1 1 
0 0 0 0 0 0 1 2 3 1 0 0 
0 0 0 0 0 0 1 4 4 0 0 0 
1 0 0 0 0 0 3 6 9 2 0 0 
1 0 0 0 0 0 3 7 3 0 0 0 
2 0 0 0 1 1 2 7 4 0 0 1 
1 1 0 0 0 0 0 9 9 0 0 1 
2 0 0 0 0 0 3 2 0 0 0 0 
2 0 0 0 0 0 1 0 0 1 0 0 
0 1 0 1 0 0 3 9 6 0 0 1 
2 0 0 1 1 1 0 2 7 0 1 1 
0 0 0 0 0 0 2 7 3 2 0 0 
0 0 0 1 1 1 1 5 0 1 1 0 
2 0 0 0 0 0 0 3 5 2 0 0 
0 0 0 0 0 0 0 1 1 0 0 0 
0 0 0 0 0 0 2 9 8 0 0 0 
0 0 0 0 0 0 3 5 5 0 0 0 
2 0 0 0 0 0 1 1 1 1 0 0 
1 1 1 0 1 1 1 6 2 1 0 1 
0 0 0 0 0 0 1 3 7 0 0 0 
0 0 0 0 0 0 3 9 0 0 0 0 
0 0 0 0 0 0 3 7 8 0 0 0 
0 0 0 0 0 0 0 4 0 0 0 0 
2 0 0 0 0 0 2 8 9 1 0 0 
0 0 0 0 0 0 2 6 4 1 0 0 
0 1 0 0 1 1 3 1 2 1 0 0 
1 1 1 0 1 0 0 3 7 2 1 1 
1 1 0 0 0 0 2 8 4 2 0 0 
0 1 1 1 1 1 1 2 5 2 0 0 
2 1 0 1 0 0 2 1 7 0 1 1 
0 0 0 0 0 0 2 0 5 0 0 0 
0 0 0 0 0 0 1 3 8 2 0 0 
0 1 1 0 0 0 1 0 1 1 0 0 
1 0 0 0 0 0 1 0 9 1 0 0 
0 1 0 1 1 0 0 4 1 0 1 1 
2 0 0 1 1 1 2 0 2 1 0 1 
2 0 0 0 0 0 2 7 8 1 0 0 
0 0 0 0 0 0 1 0 3 0 0 0 
0 0 0 0 0 0 2 2 9 2 0 0 
1 1 0 1 1 0 0 6 5 1 0 0 
2 0 0 1 0 1 0 7 3 1 1 0 
1 0 0 0 0 0 2 9 4 2 0 0 
1 0 0 0 0 0 1 9 1 0 0 0 
2 0 0 0 0 0 3 6 5 2 0 0 
0 0 1 1 0 1 0 0 6 2 0 0 
0 0 0 0 0 0 3 8 9 0 0 0 
0 0 0 0 0 0 3 6 6 0 0 0 
1 0 0 0 0 0 1 3 2 0 0 0 
0 0 0 0 0 0 0 3 3 0 0 0 
2 1 1 1 0 1 1 0 4 0 1 0 
0 0 0 0 0 0 0 1 0 0 0 0 
0 0 0 0 0 0 2 7 6 0 0 0 
1 0 0 0 0 0 3 4 4 0 0 0 
1 1 1 0 1 0 3 8 1 1 1 1 
2 0 0 0 0 0 2 4 8 1 0 0 
2 0 0 0 0 0 2 2 5 0 0 0 
2 0 0 0 0 0 3 2 8 2 0 0 
0 0 0 1 0 1 1 8 1 0 0 0 
0 0 1 1 1 1 0 9 5 0 1 1 
0 0 0 0 0 0 1 1 5 0 0 0 
0 0 0 0 0 0 2 8 7 0 0 0 
2 0 0 0 0 0 2 3 6 0 0 0 
0 0 1 1 0 0 1 6 6 0 1 1 
0 0 0 0 0 0 1 6 0 0 0 0 
0 0 0 0 0 0 0 0 9 0 0 0 
2 0 1 0 0 1 3 9 1 2 1 1 
2 0 0 0 0 0 2 8 0 2 0 0 
0 0 0 0 0 0 3 0 3 2 0 0 
1 1 1 1 1 0 1 7 6 0 0 0 
2 0 0 0 1 0 3 0 4 1 0 1 
0 0 0 0 0 0 2 6 2 0 0 0 
0 1 1 1 1 0 1 4 3 0 0 0 
0 0 0 0 0 0 3 6 8 0 0 0 
2 1 0 1 1 0 0 1 5 0 1 1 
1 0 1 0 1 1 0 8 9 2 1 0 
2 0 0 0 0 0 2 1 2 0 0 0 
1 1 1 1 1 1 2 0 0 0 1 1 
1 0 1 0 0 0 2 1 3 2 0 0 
0 0 0 0 0 0 1 8 2 0 0 0 
2 1 1 1 0 0 2 3 4 1 0 1 
2 0 0 0 0 0 1 4 1 1 0 0 
0 0 0 0 0 0 2 3 0 0 0 0 
0 0 0 0 0 0 3 5 6 0 0 0 
1 1 1 1 1 0 1 1 9 2 1 1 
0 0 0 0 0 0 1 1 3 0 0 0 
1 1 1 0 1 1 3 6 0 0 0 0 
0 0 0 0 0 0 1 5 9 0 0 0 
1 0 0 0 0 0 0 7 5 2 0 0 
0 1 1 0 1 1 2 4 7 0 0 1 
2 0 0 0 0 0 2 5 9 2 0 0 
1 1 0 1 0 0 2 9 7 2 1 1 
2 1 0 0 0 0 1 1 0 1 0 0 
0 0 0 0 0 0 2 9 6 0 0 0 
1 1 1 1 0 0 0 7 4 2 1 0 
0 0 0 1 0 0 0 5 6 0 1 1 
0 0 0 0 0 0 3 3 4 0 0 0 
1 1 0 0 0 1 1 4 5 0 1 1 
0 0 0 0 0 0 3 5 7 0 0 0 
0 0 0 0 0 0 2 3 1 2 0 0 
0 0 0 0 0 0 3 0 1 0 0 0 
0 0 0 0 0 0 1 5 8 0 0 0 
0 0 1 0 0 0 1 2 2 2 1 1 
0 1 0 1 1 0 3 8 0 0 1 1 
1 0 1 0 0 1 0 2 4 1 1 1 
2 1 1 0 0 0 3 5 8 0 1 1 
2 0 0 0 0 0 1 9 9 2 0 0 
2 0 0 0 0 0 2 1 4 2 0 0 
0 0 0 0 0 0 2 4 1 0 0 0 
2 0 0 1 1 0 1 5 2 0 0 0 
0 0 0 0 0 0 1 0 2 0 0 0 
0 0 0 0 0 0 1 9 2 0 0 0 
1 0 0 0 0 0 2 3 9 2 0 0 
0 1 0 1 1 0 3 2 4 0 0 0 
1 1 0 1 0 1 2 2 9 0 0 1 
2 0 1 0 0 1 3 4 6 0 1 0 
0 1 1 0 1 0 0 9 4 1 0 1 
0 0 0 0 0 0 1 1 4 1 1 0 
2 0 0 0 0 0 2 8 1 2 0 0 
2 0 1 0 0 1 0 5 5 1 0 1 
0 0 0 0 0 0 3 7 9 0 0 0 
0 0 0 0 0 0 1 7 1 2 0 0 
0 0 0 0 0 0 1 3 6 0 0 0 
1 1 1 1 0 1 0 1 6 1 1 0 
1 1 1 1 1 0 1 5 3 1 0 0 
0 0 0 0 0 0 2 1 8 0 0 0 
1 1 0 1 1 0 2 3 8 0 1 1 
2 0 0 0 1 0 3 1 6 2 0 1 
0 0 0 0 0 0 1 4 7 0 0 0 
MFS
precise
0.0
recall
0.0
F-measure
0.0
multi
0
time
all 1828 iden 0 gen 1828
t-cover
9158
all-cover
9158
coveredNum
(1 : 1718)  (2 : 750)  (3 : 1303)  (4 : 797)  (5 : 575)  (6 : 564)  (7 : 525)  (8 : 426)  (9 : 288)  (10 : 147)  (11 : 74)  (12 : 72)  (13 : 79)  (14 : 105)  (15 : 109)  (16 : 132)  (17 : 113)  (18 : 106)  (19 : 88)  (20 : 76)  (21 : 70)  (22 : 64)  (23 : 53)  (24 : 85)  (25 : 97)  (26 : 103)  (27 : 94)  (28 : 65)  (29 : 67)  (30 : 39)  (31 : 22)  (32 : 13)  (33 : 9)  (34 : 9)  (35 : 4)  (36 : 4)  (37 : 5)  (38 : 5)  (39 : 6)  (40 : 8)  (41 : 12)  (42 : 3)  (43 : 5)  (44 : 7)  (45 : 1)  (46 : 3)  (47 : 3)  (48 : 4)  (49 : 8)  (50 : 4)  (51 : 9)  (52 : 7)  (53 : 7)  (54 : 2)  (55 : 6)  (56 : 4)  (57 : 4)  (58 : 2)  (59 : 9)  (60 : 9)  (61 : 10)  (62 : 4)  (63 : 9)  (64 : 10)  (65 : 3)  (66 : 10)  (67 : 5)  (68 : 3)  (69 : 3)  (70 : 8)  (71 : 13)  (72 : 5)  (73 : 6)  (74 : 2)  (75 : 1)  (76 : 4)  (118 : 1)  (119 : 1)  (120 : 1)  (121 : 3)  (123 : 1)  (145 : 1)  (148 : 1)  (149 : 2)  (150 : 2)  (151 : 4)  (152 : 4)  (153 : 7)  (154 : 5)  (155 : 8)  (156 : 3)  (157 : 1)  (158 : 1)  (160 : 1)  (161 : 2)  (232 : 2)  (233 : 2)  (234 : 1)  (236 : 3)  (237 : 6)  (238 : 1)  (239 : 1)  (240 : 2)  (241 : 6)  (242 : 5)  (243 : 1)  (244 : 1)  (245 : 1)  (248 : 1)  (249 : 1)  (251 : 1)  
real Identify

multiple f measure
NaN
multiple f recall
NaN
multiple f precise
0.0
multiple f found
0.0
multiple f found percent
NaN
multipe helpedInTheNextRun
0.0
multipe helpedInTheNextRun percent
NaN
testCase Num: 413
regaular Num: 413
identify Num: 0
0 1 1 0 1 1 0 2 0 1 1 1 
0 0 0 0 0 0 3 3 6 2 0 0 
2 1 1 1 1 0 0 6 6 0 1 0 
0 0 0 0 0 0 0 3 8 2 0 0 
0 0 1 1 1 1 1 3 3 2 0 0 
2 0 0 0 0 0 1 7 8 2 0 0 
0 1 1 0 1 0 0 6 1 0 0 0 
1 0 1 1 1 1 1 7 3 0 0 0 
0 0 0 0 0 0 2 3 2 0 0 0 
0 0 0 0 0 0 2 5 5 0 0 0 
0 0 0 0 0 0 0 6 0 0 0 0 
1 0 0 0 0 0 2 3 9 1 0 0 
2 1 1 1 0 1 3 1 4 1 1 0 
0 0 0 0 0 0 1 0 7 2 0 1 
0 0 1 1 1 1 0 8 6 0 1 1 
2 0 0 0 0 0 2 9 3 2 0 0 
1 0 0 1 1 0 0 4 4 0 1 1 
2 1 1 0 0 0 1 7 0 2 0 0 
0 0 1 0 0 0 0 9 3 1 1 1 
0 0 0 0 0 0 1 2 8 0 0 0 
1 0 0 0 0 0 0 2 2 1 0 0 
0 1 1 0 1 1 3 1 6 0 1 0 
0 0 0 0 0 0 0 3 6 0 0 0 
0 0 0 0 0 0 3 1 1 0 0 0 
0 0 0 0 0 0 1 5 1 0 0 0 
0 0 0 0 0 1 3 2 8 2 1 0 
0 1 0 1 0 1 0 6 4 1 1 0 
1 1 1 1 1 1 0 1 7 0 1 1 
1 0 0 0 0 0 2 0 3 0 0 0 
1 1 1 1 0 0 3 7 1 0 1 0 
2 0 0 0 0 0 3 1 3 0 0 0 
0 0 0 0 0 0 1 4 2 2 0 1 
1 0 0 0 0 0 0 6 7 2 0 0 
0 0 0 0 0 0 1 2 9 0 0 0 
1 0 1 0 0 0 3 4 1 2 0 1 
1 0 0 0 0 0 2 1 4 0 0 0 
1 0 0 0 0 0 3 6 5 2 0 0 
2 0 0 0 0 0 3 2 4 0 0 0 
0 1 0 1 1 1 1 4 1 1 1 0 
2 0 0 1 0 0 0 8 8 1 0 0 
0 0 1 0 0 0 3 0 9 0 0 0 
1 0 0 0 0 0 0 3 3 1 0 0 
0 0 0 0 0 0 3 0 0 1 0 0 
1 0 0 0 0 0 2 5 1 1 0 1 
0 0 1 0 0 1 3 6 0 1 0 1 
2 0 0 0 0 0 2 1 1 0 0 0 
1 0 0 1 1 1 0 5 0 2 1 1 
0 0 0 0 0 0 3 6 9 0 0 0 
2 0 0 0 0 0 2 5 7 2 0 0 
1 0 1 0 0 1 2 1 9 2 0 1 
2 1 0 0 0 0 2 8 6 2 0 0 
0 0 0 0 0 0 3 7 0 1 0 0 
0 0 1 1 1 1 3 8 4 0 1 0 
1 1 1 0 0 1 3 7 4 0 0 1 
1 1 0 0 0 1 1 0 1 0 1 0 
1 1 1 1 0 1 1 3 4 0 1 1 
0 1 1 1 0 0 0 5 4 0 1 0 
1 0 0 0 0 0 0 5 5 2 0 0 
0 0 0 0 0 0 2 6 5 0 0 0 
2 0 0 0 0 1 0 8 9 1 0 0 
2 1 1 1 1 0 3 2 8 0 0 1 
0 0 0 0 0 0 3 9 4 0 0 0 
0 0 0 0 0 0 1 0 4 0 0 0 
2 0 0 0 0 0 3 1 5 0 0 0 
1 1 0 0 1 1 0 1 8 0 1 0 
2 0 0 0 0 0 1 4 5 2 0 1 
0 0 0 0 0 0 2 9 9 0 0 0 
2 0 0 0 0 0 2 7 1 1 0 0 
2 0 0 0 0 0 1 5 6 2 0 0 
2 0 0 0 0 0 0 0 5 0 0 0 
2 0 0 0 0 0 2 8 3 2 0 0 
0 1 1 0 0 0 3 4 0 0 1 1 
0 0 0 0 0 0 2 3 3 0 0 0 
0 1 1 0 0 0 2 4 6 1 0 0 
1 1 1 0 1 0 1 6 9 0 0 0 
1 1 1 0 1 0 0 3 1 0 0 1 
0 0 0 0 0 0 2 5 4 0 0 0 
0 0 0 0 1 0 1 8 3 1 0 0 
2 0 1 0 1 0 3 6 4 0 0 1 
0 0 1 1 1 1 0 9 7 0 0 0 
0 1 0 1 1 1 1 8 5 1 0 1 
0 0 0 0 0 0 1 3 9 0 0 0 
2 0 0 0 0 0 1 9 0 1 0 0 
0 1 1 1 0 1 0 0 6 2 1 0 
0 0 0 0 0 0 0 0 0 0 0 0 
0 1 0 0 0 0 2 3 8 0 1 1 
2 0 0 0 0 0 0 7 4 2 0 0 
2 0 1 1 0 1 0 6 5 0 1 1 
0 0 0 0 0 0 0 1 2 0 0 0 
1 0 0 1 0 0 1 2 7 1 1 1 
1 0 1 1 1 0 3 0 8 1 0 0 
2 1 1 1 1 0 0 4 3 2 0 0 
2 0 0 0 1 1 0 0 4 1 0 0 
2 0 0 0 0 0 2 4 4 1 0 0 
2 1 1 1 0 0 1 8 2 0 1 1 
1 1 1 1 1 0 0 2 4 2 0 0 
1 0 1 0 0 0 1 8 9 2 1 0 
0 0 0 0 0 0 1 1 7 1 0 0 
0 0 0 0 0 0 3 7 2 2 0 0 
2 0 0 0 0 0 3 4 9 2 0 0 
0 0 0 0 0 1 1 1 0 0 1 0 
2 0 0 0 0 0 2 9 5 2 0 0 
2 0 1 1 0 1 3 8 0 1 0 1 
0 0 0 0 0 0 1 4 3 0 0 0 
0 0 0 0 0 0 1 9 5 0 0 0 
0 0 0 0 0 0 2 2 3 0 0 0 
2 0 0 0 0 0 3 5 8 2 0 0 
2 0 0 0 1 1 3 4 2 1 1 0 
0 0 0 0 0 0 3 5 0 1 0 0 
1 0 0 0 0 0 0 0 2 2 0 0 
2 0 0 0 0 0 2 7 3 2 0 0 
0 0 0 0 0 0 1 2 1 2 0 0 
0 1 0 0 0 1 1 0 8 1 1 1 
2 1 1 1 1 1 1 0 7 0 1 0 
0 0 0 0 0 0 1 3 1 0 0 0 
1 0 0 0 0 0 0 8 1 0 0 0 
0 0 0 0 0 0 0 4 6 0 0 0 
1 0 0 0 0 1 3 2 6 1 1 1 
0 0 0 0 0 0 2 5 8 0 0 0 
1 1 0 1 0 1 0 6 2 2 0 1 
0 1 0 0 1 0 1 6 5 1 0 0 
0 1 1 1 1 1 1 9 2 0 1 0 
1 1 0 0 1 0 0 5 6 0 1 1 
0 1 0 0 1 1 2 9 0 2 0 1 
1 0 1 0 1 0 2 2 5 0 0 0 
0 0 0 0 0 0 1 7 7 0 0 0 
0 0 0 0 0 1 2 5 6 0 0 0 
2 0 0 0 0 0 2 0 8 0 0 0 
2 0 0 0 0 0 2 3 1 1 0 0 
1 0 0 1 1 1 0 7 0 2 1 1 
0 0 0 0 0 0 2 7 0 0 0 0 
1 0 0 0 0 0 1 9 7 1 0 0 
2 0 0 0 1 1 3 5 4 2 0 1 
0 0 0 0 0 0 0 7 1 2 0 0 
1 1 0 1 1 1 1 4 9 0 0 0 
0 0 0 0 0 0 3 8 3 0 0 0 
0 0 0 0 0 1 1 6 6 2 0 1 
1 0 1 1 1 0 2 8 7 2 0 0 
1 0 0 1 1 0 0 7 7 0 1 0 
0 0 0 1 1 0 1 7 4 1 1 0 
1 0 0 0 0 0 1 1 6 2 0 0 
0 0 0 0 0 0 3 2 7 0 0 0 
1 0 1 1 0 1 3 1 2 2 0 1 
0 0 0 0 0 0 1 0 9 0 0 0 
0 1 1 1 0 0 0 2 3 0 1 0 
1 0 0 0 0 0 2 8 8 2 0 0 
0 0 0 1 1 1 2 6 7 0 1 1 
1 1 0 1 1 0 3 6 0 2 1 0 
2 0 0 1 1 0 0 3 0 1 1 0 
0 0 0 0 0 0 3 0 7 0 0 0 
2 0 1 0 0 0 0 5 1 2 0 0 
2 0 0 0 0 0 0 8 7 1 0 0 
2 0 0 0 0 0 2 4 1 0 0 0 
1 1 0 0 0 0 1 8 4 1 0 1 
0 0 0 0 0 0 1 5 3 0 0 0 
2 1 0 1 0 1 2 7 5 0 1 0 
0 0 0 0 0 0 1 3 0 0 0 1 
1 0 0 0 0 0 3 6 1 1 0 0 
0 0 0 0 1 0 2 3 4 1 0 0 
2 0 0 0 0 0 2 0 6 0 0 0 
1 0 0 0 0 0 1 5 2 2 1 1 
0 0 0 0 0 0 2 9 1 0 0 0 
0 0 0 0 1 0 0 1 4 2 0 1 
2 0 0 0 0 0 1 4 7 1 0 0 
2 1 0 1 0 1 2 2 2 2 1 0 
0 0 0 0 0 0 2 4 7 0 0 0 
1 0 0 0 0 0 2 7 9 2 0 0 
1 1 0 0 0 1 3 0 5 1 0 1 
0 1 1 0 0 1 2 7 7 2 0 1 
1 0 0 0 0 0 3 3 8 1 0 0 
1 0 0 0 0 0 2 4 3 1 1 1 
0 1 1 1 1 1 0 4 5 0 1 0 
0 0 0 0 0 0 1 8 7 0 0 0 
0 0 0 0 0 0 0 5 9 0 0 0 
0 0 0 0 0 0 2 0 2 0 0 0 
1 1 0 1 1 1 1 4 0 1 0 0 
2 0 0 1 0 1 1 5 9 0 1 1 
1 0 0 1 1 0 0 1 3 2 1 0 
2 0 0 0 1 0 3 5 5 1 1 0 
1 1 1 1 0 1 3 4 7 0 0 1 
1 0 1 1 1 1 1 9 1 2 1 0 
0 0 1 1 0 1 0 5 7 1 0 1 
0 0 0 0 0 0 0 0 3 0 0 0 
2 0 0 0 0 0 2 8 5 0 0 0 
2 0 0 1 0 1 1 6 1 2 1 1 
1 0 0 0 0 0 3 8 2 1 0 0 
2 0 0 0 1 1 1 2 3 2 0 1 
0 0 0 0 0 0 3 9 6 0 0 0 
0 0 0 0 0 0 3 7 3 0 0 0 
1 1 0 1 1 1 3 9 3 0 0 0 
0 0 0 0 0 0 3 5 2 1 0 0 
1 1 1 1 0 0 2 4 2 0 0 0 
1 0 0 0 0 0 2 6 6 1 0 0 
1 1 0 0 1 0 3 8 0 0 1 0 
0 0 0 0 0 0 3 6 2 0 0 0 
0 1 0 1 1 1 3 5 1 0 1 0 
0 0 0 0 0 0 3 0 6 0 0 0 
0 0 0 1 0 1 3 3 1 2 1 0 
0 0 1 1 1 1 2 5 3 0 1 0 
1 1 1 0 0 1 2 3 0 2 0 0 
2 1 0 0 0 0 2 5 3 1 0 1 
0 0 0 0 0 0 2 8 0 0 0 0 
0 0 0 0 1 0 0 4 7 2 1 0 
1 0 0 0 0 0 2 2 1 0 0 0 
0 1 0 1 0 0 0 9 6 0 0 1 
1 0 0 0 0 0 1 9 6 2 0 0 
2 0 0 1 0 1 0 2 1 0 1 1 
0 0 0 0 1 1 3 7 1 0 0 1 
0 0 0 0 0 0 2 2 7 2 0 0 
2 1 1 0 1 0 3 2 1 1 0 0 
0 1 1 0 0 1 3 9 5 0 1 0 
1 0 0 0 0 0 2 9 2 2 0 0 
2 1 1 0 0 1 0 9 9 0 0 1 
0 1 1 1 1 1 2 4 8 2 0 1 
2 1 1 0 1 1 0 2 7 0 0 0 
2 0 0 0 1 0 1 0 0 2 1 1 
0 0 0 0 0 0 3 1 8 1 0 0 
2 0 0 0 0 0 3 1 9 0 0 0 
2 1 1 0 0 0 2 6 7 1 0 0 
1 0 0 0 0 0 2 4 5 1 0 0 
2 0 0 0 0 0 2 9 8 1 0 0 
0 0 0 0 0 0 2 2 6 0 0 0 
1 0 0 0 0 0 3 4 8 1 0 0 
1 0 0 0 0 0 0 1 5 0 0 0 
0 0 0 0 1 0 0 6 3 0 1 1 
0 0 0 0 0 0 3 9 8 0 0 0 
1 0 0 0 0 0 0 8 5 2 0 0 
0 0 0 0 0 0 2 3 7 0 0 0 
0 0 0 0 0 0 2 6 1 0 0 0 
1 0 0 0 0 0 3 5 9 1 0 0 
0 0 0 0 0 0 0 1 9 0 0 0 
1 0 0 0 0 0 1 5 4 1 0 0 
2 1 1 1 1 1 1 9 4 2 0 1 
0 0 0 0 0 0 1 9 3 0 0 0 
0 0 0 0 0 0 1 6 8 0 0 0 
0 0 0 0 0 0 3 6 3 0 0 0 
0 0 0 0 0 0 3 5 3 0 0 0 
0 0 0 0 0 0 1 1 2 0 0 0 
0 0 0 0 0 0 3 9 9 2 0 0 
0 0 0 0 0 0 0 0 7 0 0 0 
0 0 0 0 0 0 1 3 5 0 0 0 
0 0 0 0 0 0 1 8 0 0 0 0 
2 0 0 0 0 0 0 6 9 1 0 0 
1 0 1 0 1 0 2 6 2 1 1 0 
0 0 1 0 0 0 3 8 5 0 1 0 
1 0 0 0 0 0 3 3 5 0 0 0 
2 0 0 0 0 0 2 6 3 2 0 0 
2 0 0 0 0 0 2 4 0 2 0 0 
0 1 0 1 1 0 1 1 9 1 1 0 
1 1 0 0 0 0 1 5 8 0 0 1 
0 1 0 0 0 0 0 7 3 1 1 1 
2 1 1 1 1 0 2 1 0 0 1 1 
2 0 0 0 0 0 1 6 0 0 0 0 
2 0 0 0 0 0 0 3 4 2 0 0 
0 0 0 0 1 1 0 8 2 2 0 0 
0 1 1 1 1 0 1 2 6 0 0 0 
2 0 0 0 0 0 2 5 0 0 0 0 
2 0 0 0 0 0 2 2 9 2 0 0 
0 0 0 0 0 0 3 7 5 0 0 0 
2 0 0 0 0 0 1 3 7 0 0 0 
0 0 0 0 0 0 2 8 4 0 0 0 
0 1 1 1 0 1 3 2 9 1 0 0 
2 0 0 0 0 0 3 2 0 2 0 0 
2 0 1 1 1 1 1 3 8 0 0 0 
1 1 0 1 0 1 2 3 6 0 0 1 
0 0 0 0 0 0 1 2 4 1 0 0 
0 0 0 0 0 0 3 3 0 0 0 0 
1 0 1 1 1 1 1 1 1 1 0 1 
0 0 0 0 0 0 3 8 6 0 0 0 
0 1 1 0 0 0 1 5 0 2 0 0 
0 0 1 0 1 0 2 2 2 0 0 1 
1 0 0 1 1 0 1 9 9 1 1 0 
2 0 0 1 1 1 3 4 6 0 1 1 
0 0 1 0 1 0 0 7 5 2 0 1 
2 1 0 0 0 0 1 9 1 1 0 1 
0 1 0 1 1 0 2 8 9 0 0 1 
0 1 1 1 0 1 0 7 6 0 1 1 
1 0 0 0 0 0 1 6 4 2 0 0 
1 0 0 0 0 1 2 2 4 0 1 1 
0 1 0 0 0 1 3 8 7 0 1 1 
0 0 0 0 0 0 2 1 7 2 0 0 
1 1 0 0 1 0 1 5 7 0 1 0 
1 0 1 1 0 0 2 9 0 0 1 0 
2 1 0 0 1 1 2 8 1 1 1 0 
1 0 0 0 0 0 3 2 3 1 0 0 
2 1 0 0 0 0 2 6 8 1 0 1 
0 0 0 0 0 0 3 0 4 0 0 0 
0 0 0 0 0 0 2 8 2 0 0 0 
0 0 0 0 0 0 0 2 9 0 0 0 
1 0 0 0 0 0 1 8 6 1 0 0 
0 0 0 0 0 0 0 0 8 2 0 0 
2 1 1 1 1 1 0 5 2 0 0 0 
0 0 1 1 1 0 2 0 1 2 0 1 
0 0 0 0 0 0 2 1 6 0 0 0 
0 0 0 0 0 0 0 9 1 0 0 0 
0 0 0 0 0 0 3 8 8 0 0 0 
1 0 0 0 0 0 1 7 5 1 0 0 
0 0 0 0 0 0 2 9 4 1 0 0 
1 1 1 1 0 0 3 5 6 1 0 0 
0 0 0 1 0 1 2 6 9 2 1 1 
1 0 0 0 1 0 1 0 6 1 0 1 
2 0 0 0 0 0 3 7 7 1 0 0 
0 0 0 0 0 0 0 8 0 2 0 0 
0 0 0 0 0 0 2 6 0 0 0 0 
1 0 1 1 1 0 1 0 5 2 1 0 
0 1 1 0 1 0 3 3 2 0 1 1 
0 0 0 0 0 0 0 9 0 0 0 0 
2 0 0 0 0 1 2 0 9 1 0 0 
0 1 1 0 0 1 2 1 3 1 0 1 
2 1 0 0 1 0 3 0 2 0 0 1 
0 0 0 0 0 0 1 6 7 0 0 0 
1 1 1 1 0 1 1 6 3 1 0 0 
2 0 0 0 0 0 0 0 1 1 0 0 
0 1 1 0 1 1 0 3 5 1 0 0 
0 0 1 1 1 1 0 5 8 1 1 0 
2 0 0 0 0 0 1 7 2 0 0 1 
0 0 0 0 0 0 2 4 9 0 0 0 
2 0 0 1 0 0 2 3 5 2 1 1 
0 0 0 0 0 0 3 4 4 2 0 0 
1 1 1 1 0 1 2 0 0 0 0 0 
0 0 0 1 0 0 0 3 7 2 1 1 
0 0 0 0 0 0 1 2 2 0 0 0 
0 0 0 0 0 0 2 5 2 0 0 0 
1 1 0 0 1 1 1 9 8 0 0 0 
1 0 0 0 0 0 2 0 7 1 0 0 
0 0 1 1 0 0 3 8 1 2 0 1 
0 0 0 0 0 0 3 9 0 0 0 0 
0 1 1 1 0 1 1 5 5 0 0 1 
0 1 1 1 1 1 0 7 2 0 1 0 
0 0 0 0 0 0 3 7 8 0 0 0 
0 0 0 0 0 0 1 1 4 0 0 0 
0 0 1 0 0 0 0 4 9 1 1 1 
1 0 1 1 1 1 0 6 8 2 1 0 
0 0 0 0 0 0 0 4 0 0 0 0 
2 0 0 0 0 0 0 2 5 1 0 0 
2 0 0 0 1 1 0 7 9 1 0 0 
2 0 0 0 0 0 1 6 2 0 0 0 
0 1 1 1 0 0 1 7 9 0 1 1 
2 1 0 0 0 0 1 3 3 0 1 1 
0 0 0 0 0 0 2 0 5 0 0 0 
0 0 0 0 0 1 3 4 3 0 0 0 
2 0 0 0 0 0 0 2 6 2 0 0 
1 0 0 0 1 0 3 2 9 0 1 1 
0 0 0 0 0 0 1 0 3 0 0 0 
0 0 0 0 0 0 3 6 7 0 0 0 
0 1 0 1 0 1 3 2 5 2 1 1 
1 0 0 0 0 0 0 5 3 2 0 0 
1 0 0 1 1 0 0 9 5 1 0 1 
0 0 1 1 0 1 0 3 9 0 0 0 
0 1 1 0 1 1 1 8 8 0 1 1 
0 0 0 0 0 0 2 6 4 0 0 0 
1 0 0 0 0 0 1 2 0 0 0 0 
0 0 0 0 0 0 1 4 8 0 0 0 
0 0 0 0 0 0 3 8 9 0 0 0 
0 0 0 0 0 0 3 6 6 0 0 0 
0 0 0 0 0 0 2 7 6 0 0 0 
0 0 0 0 0 0 2 2 8 0 0 0 
2 0 0 0 0 0 0 8 4 2 0 0 
0 0 1 1 0 1 1 0 2 1 1 0 
0 0 0 0 0 0 3 3 3 0 0 0 
1 1 0 1 1 0 0 0 9 2 1 1 
0 0 0 0 0 0 0 4 1 0 0 0 
0 0 0 0 0 0 1 7 1 0 0 0 
0 1 0 1 1 1 3 0 3 1 0 1 
1 0 0 0 0 0 0 9 4 0 1 0 
0 1 0 0 0 0 0 1 1 2 1 0 
1 0 1 0 1 0 2 7 8 1 1 0 
1 1 1 1 0 1 0 8 3 0 1 1 
0 0 0 0 0 0 3 9 2 1 0 1 
2 0 0 0 0 0 1 7 6 1 0 0 
0 0 0 0 0 0 3 2 2 0 0 0 
1 0 0 1 0 0 0 3 2 1 0 1 
0 0 0 0 0 0 3 6 8 0 0 0 
0 1 1 0 0 1 1 4 4 0 0 0 
0 0 0 0 0 0 3 4 5 0 0 0 
0 0 0 1 0 0 2 2 0 1 0 0 
2 1 0 0 0 0 3 9 7 2 1 1 
2 0 0 0 0 1 1 3 2 2 0 0 
0 1 0 1 1 0 1 1 5 2 1 0 
0 0 1 1 0 0 0 9 8 2 1 1 
0 0 0 0 0 0 1 1 3 0 0 0 
2 0 0 0 0 0 0 4 8 0 1 0 
0 0 0 0 0 0 3 9 1 0 0 0 
2 0 0 0 0 0 0 9 2 0 0 0 
2 0 0 1 0 0 0 1 6 1 0 1 
1 0 0 0 1 0 3 7 6 2 0 0 
2 0 1 0 1 0 1 3 6 1 1 0 
1 0 0 0 0 0 0 2 8 1 0 0 
0 0 0 0 0 0 3 3 4 0 0 0 
0 0 0 0 0 0 3 5 7 0 0 0 
0 1 0 1 0 1 0 7 8 0 0 1 
0 0 1 0 0 1 2 1 5 1 0 1 
2 1 0 0 1 0 2 1 2 1 1 0 
0 0 0 0 0 0 0 4 2 0 0 0 
0 0 0 0 0 0 3 0 1 0 0 0 
1 0 0 0 0 0 1 4 6 2 0 0 
0 1 1 0 1 0 2 5 9 2 0 0 
2 0 0 0 0 0 3 1 7 0 0 0 
1 0 0 0 0 0 3 1 0 1 0 0 
0 0 0 0 0 0 1 2 5 0 0 0 
0 0 0 0 0 0 0 1 0 2 0 0 
1 1 1 0 1 1 3 3 7 1 0 0 
0 0 0 0 0 0 2 9 7 0 0 0 
0 0 0 0 0 0 2 7 4 0 0 0 
2 0 1 0 0 0 3 0 3 2 1 0 
0 0 0 0 0 0 3 7 9 0 0 0 
2 0 1 0 1 1 2 9 6 1 1 0 
2 1 0 0 1 0 3 3 9 2 1 1 
2 0 1 1 0 0 1 1 8 2 0 1 
0 0 0 0 0 0 1 8 1 0 0 0 
1 0 0 0 0 0 2 7 2 1 0 0 
0 0 0 0 0 0 2 1 8 0 0 0 
1 1 1 1 0 0 2 0 4 2 1 1 
MFS
precise
0.0
recall
0.0
F-measure
0.0
multi
0
time
all 1813 iden 0 gen 1813
t-cover
9158
all-cover
9158
coveredNum
(1 : 1733)  (2 : 781)  (3 : 1294)  (4 : 766)  (5 : 581)  (6 : 530)  (7 : 533)  (8 : 468)  (9 : 307)  (10 : 118)  (11 : 79)  (12 : 66)  (13 : 92)  (14 : 92)  (15 : 122)  (16 : 127)  (17 : 108)  (18 : 117)  (19 : 69)  (20 : 61)  (21 : 52)  (22 : 47)  (23 : 70)  (24 : 96)  (25 : 112)  (26 : 130)  (27 : 93)  (28 : 91)  (29 : 51)  (30 : 29)  (31 : 13)  (32 : 10)  (33 : 3)  (34 : 12)  (35 : 7)  (36 : 3)  (38 : 3)  (39 : 1)  (40 : 7)  (41 : 4)  (42 : 5)  (43 : 2)  (45 : 6)  (46 : 2)  (47 : 4)  (48 : 2)  (49 : 3)  (50 : 1)  (51 : 5)  (52 : 6)  (53 : 8)  (54 : 11)  (55 : 9)  (56 : 4)  (57 : 5)  (58 : 5)  (59 : 14)  (60 : 11)  (61 : 13)  (62 : 15)  (63 : 7)  (64 : 6)  (65 : 3)  (66 : 5)  (68 : 6)  (69 : 2)  (70 : 6)  (71 : 2)  (72 : 9)  (73 : 3)  (74 : 6)  (75 : 4)  (76 : 3)  (77 : 1)  (78 : 1)  (79 : 1)  (115 : 1)  (117 : 3)  (120 : 1)  (121 : 1)  (122 : 1)  (138 : 1)  (139 : 2)  (140 : 4)  (141 : 4)  (142 : 9)  (143 : 4)  (144 : 7)  (145 : 3)  (146 : 3)  (147 : 2)  (148 : 1)  (149 : 2)  (224 : 1)  (225 : 1)  (226 : 1)  (227 : 1)  (228 : 1)  (229 : 2)  (230 : 1)  (231 : 1)  (232 : 1)  (233 : 2)  (234 : 3)  (235 : 4)  (236 : 4)  (238 : 1)  (239 : 1)  (240 : 1)  (241 : 3)  (242 : 4)  (244 : 1)  (245 : 1)  
real Identify

multiple f measure
NaN
multiple f recall
NaN
multiple f precise
0.0
multiple f found
0.0
multiple f found percent
NaN
multipe helpedInTheNextRun
0.0
multipe helpedInTheNextRun percent
NaN
testCase Num: 407
regaular Num: 407
identify Num: 0
0 0 0 0 0 0 3 3 6 2 0 0 
0 1 1 0 1 1 0 4 4 2 0 1 
2 0 0 0 0 0 3 2 5 0 0 0 
1 0 0 0 0 1 3 1 3 2 0 0 
2 0 0 0 0 0 2 5 8 2 0 0 
1 0 0 0 0 0 2 0 5 2 0 0 
1 0 0 0 0 0 2 2 8 2 0 0 
0 0 0 1 0 0 3 7 4 2 1 0 
0 0 0 0 0 0 2 7 8 0 0 0 
0 0 0 0 0 0 1 6 3 0 0 0 
0 0 0 0 0 0 0 5 0 2 0 0 
1 0 0 1 1 1 0 3 8 2 1 1 
0 1 1 1 1 0 2 1 3 0 1 1 
0 0 0 1 1 1 0 7 7 0 1 1 
0 0 0 0 0 0 3 8 1 0 0 0 
0 0 0 0 0 0 3 3 5 0 0 0 
0 0 0 0 0 0 2 4 3 0 0 0 
0 0 0 0 0 0 3 0 0 0 0 0 
1 0 0 0 0 0 2 9 7 2 0 0 
2 0 0 1 1 1 2 5 0 0 1 1 
0 0 0 0 0 0 2 9 0 1 0 0 
2 0 1 0 1 0 3 0 9 1 0 0 
0 1 1 1 0 0 0 7 9 1 1 0 
2 0 0 0 1 0 2 3 2 2 0 0 
0 0 0 0 1 0 2 1 8 2 0 0 
0 0 0 0 0 0 3 7 0 0 0 0 
0 1 0 1 0 1 2 3 4 0 0 1 
0 0 1 1 0 1 3 9 8 0 1 1 
1 0 1 0 1 1 1 2 3 0 0 0 
1 0 0 0 1 0 0 6 3 0 1 1 
2 0 0 0 0 0 0 7 5 2 0 0 
0 1 1 0 1 1 1 9 2 1 1 1 
2 0 0 0 0 0 1 6 7 2 0 0 
0 0 0 0 0 0 1 2 8 0 0 0 
0 0 0 1 0 1 0 8 1 2 0 1 
2 1 1 1 1 0 0 8 9 1 1 1 
0 0 0 0 0 0 0 3 6 0 0 0 
2 1 0 0 1 1 1 4 9 0 0 1 
2 0 1 1 0 0 0 5 2 0 1 0 
1 0 0 1 0 0 0 3 5 0 0 0 
0 0 1 0 1 0 1 2 4 2 0 0 
0 1 1 0 0 1 2 7 6 1 0 0 
0 1 0 0 1 1 3 5 5 2 1 0 
1 0 0 0 0 0 2 8 4 1 1 0 
1 0 0 0 1 0 0 0 6 1 0 0 
1 0 1 1 1 0 2 2 5 2 1 0 
0 0 0 0 0 0 3 5 8 0 0 0 
0 1 0 1 0 0 3 1 1 1 0 1 
0 1 1 0 1 1 1 4 6 0 0 0 
2 0 0 0 0 0 2 8 1 0 0 0 
1 0 0 0 0 0 0 5 6 2 0 0 
2 0 0 0 1 0 1 9 8 2 0 0 
2 0 0 0 0 0 2 5 7 2 0 0 
0 0 0 0 0 0 1 9 9 0 0 0 
0 1 1 1 1 0 2 7 0 0 0 1 
1 1 0 0 0 1 2 7 3 0 1 1 
0 0 1 0 1 0 2 4 0 2 1 1 
2 0 0 0 0 0 3 2 7 1 0 0 
2 0 0 0 0 0 3 6 0 2 0 0 
0 0 0 0 0 0 3 7 1 0 0 0 
0 0 0 0 0 0 2 8 8 0 0 0 
0 0 0 0 0 0 0 7 3 0 0 0 
0 0 0 0 0 0 1 0 4 0 0 0 
2 0 0 0 0 0 2 8 2 1 0 0 
1 0 0 0 0 0 3 5 2 0 0 0 
1 0 0 1 1 0 3 7 8 0 1 0 
2 1 1 1 0 1 1 8 8 2 1 1 
2 0 0 0 0 0 2 5 6 1 0 0 
0 0 0 0 0 0 3 1 0 0 0 0 
1 0 0 0 0 0 3 1 7 1 0 0 
2 1 1 1 0 1 0 6 1 0 0 0 
0 0 1 1 1 1 0 5 3 1 1 0 
1 0 0 0 0 0 0 3 1 1 0 0 
2 0 0 0 0 0 3 9 4 1 0 0 
0 0 0 0 0 0 2 1 2 2 0 0 
0 0 0 0 0 0 2 3 3 0 0 0 
0 1 0 0 1 1 1 3 9 2 0 0 
1 1 1 0 1 0 1 8 1 1 1 0 
0 0 0 0 0 0 2 5 4 0 0 0 
2 1 0 1 0 0 0 0 4 2 1 1 
0 0 0 0 0 0 3 8 2 0 0 0 
2 0 0 0 1 1 1 3 0 0 1 0 
0 0 0 0 0 0 1 5 1 2 0 0 
2 0 1 1 0 0 0 5 5 2 0 1 
1 0 0 0 0 1 0 7 0 1 1 0 
0 0 0 1 1 0 3 2 6 0 0 0 
0 1 1 1 1 1 3 5 6 0 1 1 
0 0 0 0 0 0 0 0 0 0 0 0 
0 0 0 0 0 0 3 4 9 1 0 0 
1 1 0 1 1 1 3 9 0 0 1 0 
2 1 1 0 1 1 3 9 9 2 1 0 
0 0 0 0 0 0 0 3 9 0 0 0 
0 0 0 0 0 0 1 8 4 0 0 0 
2 0 0 0 0 0 3 1 5 1 0 0 
0 0 0 0 0 0 2 5 5 1 0 0 
0 1 0 1 1 0 3 5 4 0 1 1 
0 0 0 0 0 1 1 8 9 0 0 0 
2 0 0 0 1 1 1 0 8 1 1 0 
0 0 0 0 1 0 2 3 1 2 1 0 
0 0 0 0 0 0 0 2 3 0 0 0 
2 0 0 0 0 0 2 1 1 2 0 0 
2 0 0 0 0 0 0 9 6 1 0 0 
2 0 0 0 0 0 1 0 6 2 0 0 
2 1 1 1 1 0 1 3 6 1 0 1 
0 1 0 1 0 0 0 3 7 0 0 0 
0 0 0 0 0 0 1 2 7 0 1 1 
0 0 0 0 0 0 2 7 7 0 0 0 
0 0 1 0 0 1 1 8 0 0 1 0 
0 0 0 0 0 0 2 2 3 0 0 0 
0 0 0 0 0 0 2 6 9 0 0 0 
0 0 0 0 0 0 2 4 6 0 0 0 
1 0 1 0 1 0 3 5 1 0 0 0 
1 1 1 1 0 0 2 0 8 0 0 1 
0 0 0 0 0 0 0 9 2 0 0 0 
1 0 0 0 0 0 2 8 9 2 0 0 
0 1 1 1 1 1 0 2 0 0 0 1 
1 0 0 0 0 0 3 9 2 2 0 0 
1 0 1 0 0 0 1 9 0 2 0 1 
2 0 0 0 0 0 1 7 0 2 0 0 
2 0 0 0 0 0 1 3 5 2 0 0 
0 1 0 0 0 1 0 1 6 1 1 0 
0 0 0 0 0 0 3 9 5 0 0 0 
0 0 0 0 0 0 1 3 1 0 0 0 
2 0 1 0 1 1 3 0 4 0 0 1 
2 0 1 1 0 0 0 1 0 2 0 1 
2 0 0 0 0 0 0 6 6 1 0 0 
2 0 0 0 1 0 0 9 7 1 1 1 
1 0 0 0 0 0 0 9 9 0 0 0 
2 0 0 0 0 0 1 6 9 1 0 0 
2 0 1 0 0 1 3 2 0 1 1 0 
0 0 0 0 0 0 3 3 8 0 0 0 
0 0 0 0 0 0 0 8 0 0 0 0 
2 0 0 0 0 0 0 4 1 0 0 0 
2 0 0 0 0 0 3 2 3 2 0 0 
1 0 1 1 1 1 3 6 5 1 0 1 
2 0 0 1 1 0 3 1 2 0 1 1 
2 1 1 1 1 0 2 4 7 0 1 0 
1 0 0 0 0 0 2 6 4 0 0 0 
0 0 0 0 0 0 1 6 5 0 0 0 
0 0 0 0 0 0 3 8 3 0 0 0 
2 0 0 0 0 0 0 7 8 1 0 0 
1 1 0 0 0 1 0 5 9 1 0 1 
0 0 0 0 0 0 2 4 5 0 0 0 
0 1 0 0 1 1 1 6 4 1 1 1 
0 0 0 0 0 0 3 7 2 0 0 0 
1 0 0 0 0 0 1 1 6 2 0 0 
1 1 0 0 1 1 2 1 0 1 1 0 
1 1 0 1 0 1 1 8 7 0 1 1 
1 0 1 0 0 1 0 5 4 1 0 0 
0 0 0 1 0 1 0 9 3 0 1 0 
0 1 1 1 0 1 3 6 2 0 1 1 
0 1 0 1 0 1 1 0 9 0 1 1 
0 0 0 0 0 0 1 1 8 0 0 0 
0 0 0 0 0 1 0 5 8 1 0 1 
0 1 1 1 0 1 1 9 7 0 0 0 
0 0 0 0 1 0 3 5 9 0 0 0 
2 1 0 1 0 1 2 2 2 2 0 1 
0 0 0 0 0 0 1 7 6 0 0 0 
0 0 0 0 0 0 3 9 7 0 0 0 
1 1 1 1 1 0 1 5 8 0 1 0 
2 0 0 0 0 1 1 2 6 2 1 1 
1 1 1 0 1 0 3 2 2 2 1 0 
0 0 0 0 1 1 1 7 3 1 0 0 
2 0 0 0 0 0 3 9 1 1 0 0 
0 0 0 0 0 0 3 1 6 0 0 0 
0 0 0 0 0 0 2 9 1 0 0 0 
1 0 0 0 0 0 0 4 6 2 0 0 
0 1 1 1 1 1 0 6 7 0 1 1 
0 0 0 0 0 0 3 8 5 0 0 0 
0 0 0 0 0 0 3 0 8 2 0 0 
0 0 0 0 0 0 2 0 1 0 0 0 
0 0 0 0 0 0 3 2 9 2 0 0 
1 0 1 0 1 1 1 1 1 1 1 1 
1 0 0 0 0 0 1 6 1 1 0 0 
2 0 0 0 0 0 3 0 1 0 0 0 
1 1 0 1 0 1 3 4 0 0 0 0 
2 0 0 0 0 0 2 6 5 2 0 0 
0 1 0 1 0 0 1 2 3 1 1 1 
2 1 0 0 0 0 3 4 8 2 0 1 
0 0 0 0 0 0 1 0 7 0 0 0 
2 1 1 1 1 0 0 0 5 1 1 0 
2 0 0 0 0 0 2 0 7 2 0 0 
0 1 1 0 0 1 3 0 3 2 1 1 
1 0 0 0 0 0 2 6 7 1 0 0 
2 0 1 1 1 0 0 2 8 1 0 1 
1 1 1 1 1 0 3 3 3 0 0 0 
0 0 0 0 0 0 1 4 1 0 0 0 
0 0 0 0 0 0 2 7 9 0 0 0 
1 1 0 1 1 1 0 5 7 0 1 0 
0 0 0 0 0 0 3 6 3 2 0 0 
2 0 0 0 0 0 2 1 8 0 0 1 
2 1 0 1 1 0 3 8 0 1 0 1 
1 0 0 0 0 0 1 8 5 2 0 0 
2 0 1 1 1 0 0 1 6 0 0 1 
1 0 0 0 0 0 0 1 2 1 0 0 
0 0 0 0 0 0 3 9 6 0 0 0 
2 0 1 1 0 0 2 7 3 2 0 0 
0 0 0 0 0 0 3 7 3 0 0 0 
1 0 0 0 0 0 3 3 7 1 0 0 
0 0 0 0 0 0 3 2 8 0 0 0 
0 0 0 0 0 0 1 4 2 0 0 0 
0 0 1 1 1 1 2 8 7 1 0 0 
0 0 0 0 1 0 3 6 1 2 1 1 
0 0 0 0 0 0 3 0 6 0 0 0 
0 0 0 0 0 0 2 2 4 0 0 0 
1 0 0 0 1 0 0 8 8 0 0 0 
0 0 0 0 1 1 2 6 6 0 1 0 
0 1 1 1 1 1 2 2 1 1 0 0 
2 0 0 0 0 0 2 8 5 0 0 1 
0 0 0 0 0 0 2 1 4 2 0 0 
2 1 1 0 0 0 3 7 7 2 0 0 
1 0 0 0 0 0 1 5 0 0 0 0 
1 0 0 0 0 0 3 4 7 0 0 0 
2 1 1 0 1 1 0 7 4 1 0 1 
0 1 1 1 0 1 3 0 7 1 0 1 
2 0 1 1 0 1 1 4 3 2 1 0 
1 0 0 0 1 0 2 2 9 0 1 0 
2 0 0 0 1 1 3 7 9 0 0 1 
2 0 0 0 0 0 0 3 4 1 0 0 
0 0 0 0 0 0 2 2 6 0 0 0 
0 0 0 0 0 0 0 0 8 0 0 0 
0 0 0 0 0 0 2 3 7 0 0 0 
0 0 0 0 0 0 2 6 1 0 0 0 
1 0 0 0 0 0 2 4 4 0 0 0 
1 0 1 0 0 1 3 8 6 2 1 0 
1 0 0 0 0 0 0 6 2 1 0 0 
0 0 1 1 0 0 1 5 9 2 0 1 
1 0 0 0 0 0 1 7 7 1 0 0 
0 0 0 0 0 0 1 9 3 0 0 0 
0 1 1 0 1 0 0 6 8 1 0 0 
0 0 0 1 1 0 2 7 2 0 1 1 
0 0 0 0 0 0 3 5 3 0 0 0 
0 0 0 0 0 0 3 0 5 0 0 0 
0 0 0 0 0 0 0 0 7 0 0 0 
2 1 1 1 0 1 2 6 3 1 0 0 
0 0 0 0 0 1 0 4 7 1 0 1 
2 0 0 0 0 0 2 3 9 1 0 0 
1 0 1 1 0 1 0 9 1 2 0 1 
0 0 0 0 0 1 0 9 4 0 1 1 
1 0 0 0 0 0 0 0 4 0 0 0 
1 1 0 0 1 0 0 4 3 1 0 1 
2 0 0 1 0 0 3 4 6 1 1 1 
2 0 0 0 0 0 1 7 2 2 0 0 
1 1 0 0 0 1 0 2 5 1 0 1 
2 0 1 1 0 1 3 1 4 1 0 0 
2 0 0 0 0 0 0 2 1 0 1 1 
2 0 0 0 0 0 0 4 5 2 0 0 
2 0 0 1 1 0 1 7 1 1 1 0 
2 0 1 0 1 1 1 3 7 2 1 1 
2 1 1 1 0 1 3 3 1 0 0 1 
2 1 1 1 1 0 1 1 7 0 0 0 
1 0 0 0 0 0 2 8 0 2 0 0 
0 0 0 0 0 0 1 4 7 2 0 0 
0 1 0 1 0 0 2 8 3 2 0 1 
0 0 0 0 0 0 2 2 7 0 0 0 
0 0 0 0 0 0 1 2 2 1 0 0 
1 0 0 0 1 1 1 4 5 1 0 1 
0 0 1 0 0 0 1 5 7 1 0 1 
1 0 0 0 0 0 2 0 9 2 0 0 
2 0 1 0 1 1 1 8 3 0 1 0 
1 1 1 1 0 0 1 9 6 0 0 0 
1 0 1 1 1 1 0 4 2 0 1 1 
0 0 0 0 0 0 1 5 6 0 0 0 
0 1 1 0 0 0 2 5 1 0 1 1 
1 0 1 0 1 0 1 3 4 0 1 0 
1 0 0 0 0 0 1 2 0 1 0 0 
2 0 0 0 0 0 2 0 4 1 0 0 
1 1 0 0 0 0 2 5 3 2 0 1 
0 0 0 0 0 0 0 1 8 0 0 0 
1 0 0 0 0 0 1 7 4 0 0 0 
0 1 1 1 0 0 0 9 5 0 1 0 
0 0 0 0 0 0 1 2 1 0 0 0 
0 0 0 0 0 0 1 9 4 0 0 0 
1 1 1 0 0 0 1 0 1 2 0 1 
0 1 0 0 0 1 0 2 8 0 1 0 
1 0 0 0 0 0 2 9 3 2 0 0 
0 0 1 1 0 0 3 3 0 2 0 1 
0 1 0 1 1 0 0 8 6 0 0 1 
1 0 0 1 1 0 0 7 6 2 1 1 
2 0 0 0 0 0 0 2 4 1 0 0 
1 0 0 0 0 0 0 8 3 1 0 0 
0 0 0 0 0 0 1 3 3 1 0 0 
1 0 0 0 0 0 0 6 0 0 0 0 
0 0 0 0 0 0 1 1 0 0 0 0 
2 0 0 0 0 0 3 6 4 0 0 0 
0 0 0 0 0 0 2 1 6 0 0 0 
0 0 0 0 0 0 3 1 9 0 0 0 
0 0 0 0 0 0 0 1 9 2 0 0 
0 0 0 1 1 1 0 0 1 1 1 0 
2 0 0 0 0 0 0 0 2 2 0 0 
2 0 0 0 0 0 1 3 8 0 0 0 
0 0 0 0 0 0 2 1 5 0 0 0 
0 0 0 0 0 1 1 0 5 0 0 1 
1 0 0 1 0 1 1 8 2 0 0 1 
0 0 0 0 0 0 3 4 3 0 0 0 
0 0 1 1 0 1 1 7 5 0 1 0 
2 0 0 0 0 0 3 7 6 0 0 0 
0 0 0 0 0 0 2 4 9 0 0 0 
2 0 0 0 0 0 0 9 0 0 0 0 
1 0 0 0 0 0 0 0 3 0 0 0 
0 0 0 0 0 0 0 1 7 0 0 0 
0 0 0 0 0 0 3 8 8 1 0 0 
0 1 1 1 1 1 3 8 4 0 0 1 
0 0 0 0 0 0 0 1 1 0 0 0 
2 0 0 0 0 0 1 4 0 1 0 0 
0 0 0 0 0 0 2 7 5 0 0 0 
0 0 0 0 0 0 2 9 8 0 0 0 
2 0 0 1 0 1 0 5 1 1 0 0 
1 1 1 0 1 0 2 0 2 1 1 1 
1 0 1 1 0 0 3 3 9 0 1 1 
0 0 0 0 0 1 2 1 7 2 1 1 
2 1 1 0 0 0 3 5 0 1 0 0 
0 0 0 0 0 0 1 1 4 0 0 0 
0 0 0 0 0 0 0 4 0 0 0 0 
1 1 0 1 0 1 3 2 4 0 1 1 
2 1 1 1 0 1 2 1 9 0 1 0 
2 0 0 0 0 0 2 5 9 0 1 0 
0 1 1 0 1 1 2 3 5 1 1 1 
2 1 1 0 1 0 3 9 3 1 0 1 
0 0 0 1 1 1 1 6 0 0 0 0 
0 1 1 1 0 0 3 4 5 0 1 0 
1 1 1 1 1 0 2 9 4 2 0 0 
2 0 0 1 0 0 2 9 2 0 0 0 
0 1 1 1 0 1 2 0 6 0 1 1 
0 0 0 0 0 0 0 2 2 0 0 0 
0 0 0 0 0 0 2 8 6 0 0 0 
2 0 1 0 0 0 2 0 0 1 0 1 
1 0 1 1 0 0 0 4 9 2 1 0 
0 1 1 1 0 1 0 2 9 0 0 1 
0 0 1 1 1 1 0 4 8 0 1 0 
0 0 0 0 0 0 3 6 7 0 0 0 
2 0 0 0 0 0 1 8 6 1 0 0 
0 1 1 0 0 1 0 7 1 0 0 1 
0 0 0 0 0 0 3 3 4 2 0 0 
1 1 0 0 1 0 0 1 4 0 1 1 
0 0 0 0 1 1 2 9 6 2 1 1 
0 0 1 0 1 1 0 1 5 0 1 1 
2 0 0 0 0 0 3 4 2 2 0 0 
1 0 0 0 1 0 3 0 7 0 1 0 
1 0 0 0 0 0 2 7 1 2 0 0 
0 1 1 0 0 1 1 1 2 0 0 0 
2 0 0 0 1 1 1 9 5 2 0 1 
2 0 0 0 0 0 0 1 3 1 0 0 
0 0 0 0 0 0 1 4 8 0 0 0 
0 0 0 0 0 0 3 8 9 0 0 0 
0 0 0 0 0 0 3 6 6 0 0 0 
1 0 0 0 1 0 1 1 9 1 0 1 
2 0 0 0 0 0 0 8 4 2 0 0 
0 0 0 1 0 1 3 6 9 2 1 0 
1 0 0 0 0 0 2 4 8 1 0 0 
1 1 0 0 0 1 0 9 8 1 0 0 
0 1 1 0 1 0 0 8 2 2 1 0 
0 0 0 0 0 0 3 4 4 0 0 0 
2 0 0 0 0 0 3 8 7 2 0 0 
2 0 0 1 0 1 2 6 8 0 1 1 
1 1 1 0 0 1 0 7 2 1 0 0 
2 0 0 0 0 0 1 2 9 1 0 0 
0 0 0 0 0 0 2 5 2 2 0 0 
0 0 0 0 0 0 0 0 9 0 0 0 
0 0 0 1 0 1 3 0 2 1 0 1 
0 1 0 0 1 0 1 9 1 0 1 0 
1 0 0 0 0 0 3 3 2 1 1 0 
0 0 1 1 0 0 0 6 4 2 0 0 
0 0 0 0 0 0 2 6 2 0 0 0 
0 0 0 0 0 0 3 6 8 0 0 0 
1 0 0 1 0 1 2 4 1 2 0 0 
0 0 0 0 0 0 2 2 0 2 0 0 
1 1 1 0 1 0 0 6 9 0 0 1 
2 1 0 0 1 1 1 5 2 1 0 1 
1 1 1 1 0 0 1 6 6 2 0 1 
1 1 1 1 1 1 0 2 7 2 0 0 
1 0 0 0 0 0 3 2 1 2 0 0 
2 0 0 0 1 0 1 6 2 2 0 0 
0 0 0 0 0 0 2 3 0 0 0 0 
0 0 0 0 0 0 1 1 3 0 0 0 
1 1 0 1 1 1 1 0 0 2 1 0 
1 0 0 0 0 0 2 9 5 1 0 0 
1 0 0 0 0 1 2 3 6 0 1 0 
0 1 1 1 1 1 0 8 5 1 1 0 
0 1 1 0 0 0 2 6 0 1 1 1 
1 1 1 1 0 1 3 1 8 1 1 0 
0 0 0 0 0 0 0 3 2 0 0 0 
2 0 0 1 1 0 2 0 3 2 0 0 
1 0 0 0 0 0 1 7 9 2 0 0 
0 0 0 0 0 0 3 5 7 0 0 0 
0 1 1 0 0 1 1 7 8 2 0 1 
0 1 0 0 0 0 0 6 5 0 1 0 
1 1 0 0 1 0 3 7 5 1 0 1 
0 1 1 0 0 0 2 3 8 1 0 0 
2 0 0 0 0 0 1 5 3 0 0 0 
2 0 0 0 0 0 1 5 4 2 0 0 
2 0 0 1 0 0 1 4 4 1 1 0 
0 1 1 0 1 0 3 4 1 1 1 1 
0 0 0 0 0 0 1 2 5 0 0 0 
0 0 0 0 0 0 1 0 2 0 0 0 
0 1 0 0 0 0 2 4 2 1 0 0 
1 1 1 1 0 1 1 3 2 0 0 1 
1 0 0 0 0 0 1 5 5 0 0 0 
0 0 0 0 0 0 2 7 4 0 0 0 
0 0 0 1 0 0 2 9 9 1 0 1 
0 0 0 0 0 0 0 8 7 0 0 0 
1 1 1 0 0 0 0 2 6 1 0 0 
1 0 0 0 0 0 1 6 8 2 0 0 
1 1 0 1 0 0 1 1 5 2 0 0 
2 0 1 0 0 1 0 3 3 2 1 1 
1 1 0 0 0 0 0 3 0 1 0 0 
0 0 0 0 0 0 1 0 3 1 0 0 
MFS
precise
0.0
recall
0.0
F-measure
0.0
multi
0
time
all 1796 iden 0 gen 1781
t-cover
9158
all-cover
9158
coveredNum
(1 : 1710)  (2 : 804)  (3 : 1344)  (4 : 710)  (5 : 558)  (6 : 564)  (7 : 517)  (8 : 515)  (9 : 252)  (10 : 119)  (11 : 75)  (12 : 103)  (13 : 92)  (14 : 124)  (15 : 129)  (16 : 131)  (17 : 95)  (18 : 82)  (19 : 57)  (20 : 46)  (21 : 51)  (22 : 61)  (23 : 84)  (24 : 118)  (25 : 139)  (26 : 111)  (27 : 113)  (28 : 61)  (29 : 34)  (30 : 21)  (31 : 20)  (32 : 4)  (33 : 9)  (34 : 5)  (35 : 6)  (36 : 2)  (37 : 5)  (38 : 3)  (39 : 5)  (40 : 2)  (41 : 4)  (42 : 6)  (43 : 4)  (44 : 3)  (45 : 7)  (46 : 1)  (50 : 1)  (52 : 3)  (53 : 7)  (54 : 5)  (55 : 10)  (56 : 8)  (57 : 7)  (58 : 13)  (59 : 11)  (60 : 10)  (61 : 7)  (62 : 10)  (63 : 12)  (64 : 6)  (65 : 15)  (66 : 6)  (67 : 11)  (68 : 8)  (69 : 4)  (70 : 5)  (71 : 2)  (72 : 6)  (75 : 1)  (109 : 1)  (110 : 1)  (111 : 2)  (113 : 1)  (114 : 1)  (117 : 1)  (130 : 2)  (131 : 3)  (132 : 6)  (133 : 3)  (134 : 10)  (135 : 3)  (136 : 3)  (137 : 4)  (138 : 4)  (139 : 2)  (140 : 1)  (144 : 1)  (222 : 1)  (224 : 5)  (225 : 2)  (226 : 2)  (227 : 4)  (228 : 4)  (229 : 5)  (230 : 5)  (231 : 4)  (234 : 1)  (235 : 1)  (239 : 1)  
real Identify

multiple f measure
NaN
multiple f recall
NaN
multiple f precise
0.0
multiple f found
0.0
multiple f found percent
NaN
multipe helpedInTheNextRun
0.0
multipe helpedInTheNextRun percent
NaN
