testCase Num: 74
regaular Num: 44
identify Num: 30
1 0 0 1 0 1 1 0 1 0 
3 0 1 0 0 0 0 0 1 0 
5 0 0 0 0 0 1 0 1 1 
5 0 0 0 1 1 1 1 0 1 
0 1 1 1 1 1 1 1 0 0 
4 0 1 0 0 0 1 0 0 1 
2 0 1 0 1 0 0 0 1 1 
4 1 0 0 0 0 0 0 1 1 
2 0 0 0 1 0 1 1 0 1 
3 1 0 1 0 1 0 0 0 1 
3 0 1 0 1 1 1 0 0 0 
3 0 1 1 0 0 0 1 1 0 
1 0 0 0 0 1 0 1 0 0 
3 0 0 1 0 0 1 0 0 1 
3 1 1 0 1 1 1 1 0 0 
0 1 1 0 1 0 0 1 1 1 
0 0 0 1 1 0 0 1 0 1 
2 0 1 1 1 1 1 1 0 0 
0 0 0 0 0 0 0 0 0 0 
5 0 1 1 1 1 1 0 0 0 
3 0 1 0 0 0 0 1 0 0 
2 0 0 1 1 1 1 0 0 0 
5 0 1 0 0 1 0 1 1 0 
3 0 1 1 1 0 0 1 0 0 
3 1 1 0 0 1 1 0 0 0 
2 1 0 1 0 1 0 1 0 1 
1 1 0 0 1 1 0 0 0 1 
3 1 1 1 1 1 1 0 0 0 
1 0 1 1 0 0 0 1 0 0 
1 0 1 0 1 1 0 0 1 0 
3 1 1 1 0 0 0 1 0 0 
2 0 1 1 0 1 1 0 0 0 
3 1 1 0 1 1 0 0 0 0 
3 0 1 1 0 0 0 0 0 0 
3 0 0 1 0 0 0 1 0 0 
5 1 0 0 0 1 0 1 0 0 
3 1 1 0 1 1 1 0 1 0 
4 0 1 1 0 1 1 1 1 0 
2 0 1 1 1 1 0 0 0 0 
2 0 1 1 1 1 1 0 1 0 
2 1 1 0 1 1 0 0 1 1 
2 0 1 0 1 1 1 0 0 0 
2 0 1 1 0 0 0 1 1 1 
2 1 0 0 0 0 1 0 1 0 
4 0 1 0 1 0 0 0 1 0 
0 1 0 0 0 0 1 1 0 0 
0 0 1 0 1 0 0 0 0 0 
0 0 0 1 0 1 1 0 1 1 
0 1 1 0 0 1 0 0 1 0 
1 1 1 1 0 0 1 0 0 1 
3 1 0 0 1 1 1 0 0 0 
3 0 1 1 0 0 1 1 0 0 
4 1 0 0 0 1 0 1 0 1 
3 1 1 0 1 1 1 0 0 0 
3 1 1 0 1 1 1 0 0 1 
2 1 1 1 1 1 1 0 0 0 
3 1 0 0 0 0 1 1 1 0 
2 0 1 1 1 1 1 0 0 1 
3 1 1 0 1 0 1 0 0 0 
2 0 1 1 1 1 1 0 0 0 
5 0 0 1 0 0 0 1 0 1 
2 0 1 1 1 0 1 0 0 0 
5 1 1 0 0 0 1 0 0 1 
4 1 0 1 0 0 1 0 0 0 
1 1 0 0 0 0 1 1 1 0 
4 1 1 0 1 1 1 0 0 0 
5 1 0 1 1 0 0 0 1 0 
3 0 0 1 1 1 0 0 1 1 
1 0 1 1 1 0 1 1 1 1 
3 0 1 1 0 0 0 1 0 0 
3 0 1 1 0 0 0 1 0 1 
3 0 1 1 0 -1 0 1 0 0 
4 0 0 1 1 0 0 1 0 1 
3 0 0 0 1 1 0 1 0 1 
MFS
[ 3 , - , - , - , - , 1 , - , - , - , 0 ]
[ 2 , - , - , - , - , - , - , - , - , 0 ]
[ 3 , - , - , 1 , - , - , - , - , - , 0 ]
precise
0.6666666666666666
recall
0.5
F-measure
0.5714285714285715
multi
1
time
all 274 iden 1 gen 135
t-cover
1528
all-cover
1536
coveredNum
(1 : 250)  (2 : 382)  (3 : 272)  (4 : 112)  (5 : 107)  (6 : 122)  (7 : 113)  (8 : 99)  (9 : 42)  (10 : 25)  (11 : 10)  (12 : 2)  
real Identify
([ 3 , - , - , - , - , 1 , - , - , - , 0 ] : 1)  ([ 3 , - , - , 1 , - , - , - , - , - , 0 ] : 1)  
testCase Num: 57
regaular Num: 47
identify Num: 10
5 1 1 1 1 1 0 0 0 1 
2 0 1 1 0 0 1 1 0 1 
3 0 1 1 1 0 1 0 0 1 
4 0 0 0 0 1 1 0 0 1 
3 1 0 1 0 0 0 0 0 1 
5 1 0 0 0 0 1 1 1 1 
0 0 1 1 1 1 1 0 0 1 
3 1 1 0 0 1 1 0 1 1 
5 0 0 0 0 0 0 0 0 1 
2 1 0 1 0 1 1 0 0 0 
4 0 1 1 1 1 0 0 1 1 
2 1 1 1 0 1 1 0 1 0 
3 0 0 1 0 1 0 1 0 1 
2 1 0 1 0 1 1 0 1 0 
1 1 0 1 0 0 0 0 1 1 
2 0 0 0 1 0 0 0 1 1 
4 1 0 0 0 0 0 0 1 1 
1 0 0 0 0 1 0 1 0 1 
2 1 1 0 1 1 0 1 0 1 
0 1 0 1 0 1 0 0 0 1 
0 0 0 0 0 0 0 0 0 0 
2 1 0 1 0 0 1 0 1 0 
2 0 0 0 0 1 1 1 0 1 
4 0 0 0 1 0 0 1 0 1 
3 1 0 1 0 1 1 0 1 0 
3 1 0 0 1 0 0 1 1 1 
5 0 0 0 1 1 1 1 1 1 
2 0 0 0 0 0 0 1 1 1 
2 1 0 1 0 1 1 1 1 0 
0 1 1 1 0 0 0 1 1 1 
1 1 0 0 0 0 1 0 0 1 
4 0 0 1 0 0 1 0 0 1 
2 0 0 1 1 0 1 0 0 1 
4 0 1 0 0 0 1 1 1 1 
5 0 0 1 1 0 1 1 0 1 
2 1 0 0 0 1 1 0 1 0 
3 0 0 1 0 0 1 1 1 1 
2 1 0 1 1 1 1 0 1 0 
4 1 0 0 1 0 1 0 0 1 
3 0 1 0 1 1 0 1 0 1 
2 1 1 1 0 0 0 0 1 1 
1 1 1 1 0 1 0 0 0 1 
0 1 0 0 1 1 1 1 1 1 
2 1 0 1 0 1 0 0 1 0 
4 1 1 1 0 0 0 0 0 1 
5 0 1 0 0 0 0 1 0 1 
2 0 0 1 0 1 1 0 1 0 
0 0 1 0 0 0 1 0 1 1 
1 1 0 0 1 0 0 1 0 1 
5 0 1 1 0 0 1 0 1 1 
5 0 1 0 0 1 0 0 1 1 
1 0 0 0 0 1 1 0 1 1 
2 1 0 1 0 1 1 0 1 1 
1 0 1 0 1 1 1 0 0 1 
0 0 1 0 1 0 0 1 0 1 
1 0 1 1 1 0 1 1 1 1 
4 1 0 1 0 1 0 1 0 1 
MFS
[ - , - , - , - , - , - , - , - , - , 0 ]
precise
0.0
recall
0.0
F-measure
0.0
multi
1
time
all 202 iden 1 gen 90
t-cover
1364
all-cover
1536
coveredNum
(1 : 425)  (2 : 321)  (3 : 211)  (4 : 114)  (5 : 102)  (6 : 88)  (7 : 70)  (8 : 53)  (9 : 44)  (10 : 28)  (11 : 26)  (12 : 11)  (13 : 17)  (14 : 13)  (15 : 4)  (16 : 6)  (17 : 3)  
real Identify

