testCase Num: 65
regaular Num: 35
identify Num: 30
0 0 0 3 0 1 0 0 1 1 
1 0 0 3 0 1 1 1 1 1 
1 0 0 3 0 1 1 1 1 0 
1 1 1 0 1 1 1 1 1 1 
0 0 1 2 0 0 0 1 1 1 
1 0 1 1 0 0 1 0 1 2 
1 0 1 3 0 1 1 1 1 0 
0 0 1 3 1 1 0 0 1 2 
0 0 1 1 1 1 1 0 1 0 
1 0 1 1 1 0 0 0 1 2 
1 1 0 0 1 0 1 1 1 0 
0 1 1 3 0 0 1 1 1 1 
1 1 0 0 0 1 1 0 1 2 
0 0 0 0 0 0 0 0 0 1 
0 0 0 0 0 0 0 0 0 0 
1 0 0 3 1 1 1 1 1 0 
0 0 1 1 1 0 1 0 1 2 
1 0 0 2 0 1 1 1 1 0 
0 0 0 0 1 1 0 0 1 1 
1 0 0 3 0 1 1 1 -1 0 
1 0 1 1 1 1 1 0 1 2 
0 0 0 0 0 1 0 0 0 0 
1 0 1 1 1 0 1 0 1 2 
1 0 1 1 1 0 1 0 1 0 
0 1 1 3 0 0 0 0 1 0 
1 0 0 3 0 0 1 1 1 0 
0 0 0 0 0 0 0 0 1 0 
1 0 0 0 1 0 0 1 1 2 
0 1 1 1 1 0 0 1 1 0 
0 0 0 1 0 0 0 0 0 0 
0 0 0 0 1 0 0 0 0 0 
1 0 0 3 0 1 1 0 1 0 
0 0 0 3 1 0 0 1 1 0 
1 1 1 2 0 1 0 0 1 0 
0 1 0 1 0 0 1 1 1 0 
0 1 0 3 1 0 0 0 1 1 
1 0 1 2 1 0 1 0 1 2 
1 1 0 3 0 1 1 1 1 0 
0 0 0 1 0 1 1 0 1 1 
0 1 1 0 0 1 0 0 1 0 
1 0 1 0 0 0 0 0 1 1 
0 1 0 2 1 1 1 0 1 1 
0 0 1 0 0 0 0 0 0 0 
0 0 0 2 0 1 0 0 1 2 
0 0 0 0 0 0 1 0 1 0 
0 0 0 0 0 0 0 1 0 0 
0 0 0 3 0 1 1 1 1 0 
0 1 0 2 1 0 0 1 1 2 
0 0 0 2 1 0 0 0 1 0 
0 1 0 3 0 1 1 0 1 2 
0 1 0 0 0 0 0 0 0 0 
0 1 1 0 0 0 1 1 1 2 
1 0 0 3 0 1 0 1 1 0 
0 0 0 3 1 0 1 0 1 0 
0 1 1 1 0 0 0 0 1 1 
1 0 1 1 1 0 1 0 -1 2 
1 1 1 1 1 0 1 0 1 2 
1 0 0 0 0 0 0 0 0 0 
0 0 0 3 0 0 0 1 1 2 
1 0 0 2 0 0 0 0 1 1 
1 0 1 1 1 0 1 1 1 2 
1 0 0 1 1 0 1 0 1 2 
0 1 0 1 0 1 0 1 1 2 
0 0 0 1 1 0 0 1 1 1 
0 0 0 0 0 0 1 0 0 0 
MFS
[ 1 , - , - , 3 , - , - , - , - , - , - ]
[ 1 , - , - , 1 , - , - , - , - , - , - ]
[ - , - , - , - , - , - , - , - , 0 , - ]
precise
1.0
recall
1.0
F-measure
1.0
multi
0
time
all 484 iden 0 gen 94
t-cover
1424
all-cover
1424
coveredNum
(1 : 417)  (2 : 287)  (3 : 225)  (4 : 178)  (5 : 94)  (6 : 71)  (7 : 44)  (8 : 37)  (9 : 22)  (10 : 14)  (11 : 14)  (12 : 4)  (13 : 8)  (14 : 2)  (15 : 1)  (16 : 2)  (17 : 3)  (18 : 1)  
real Identify
([ 1 , - , - , 3 , - , - , - , - , - , - ] : 1)  ([ 1 , - , - , 1 , - , - , - , - , - , - ] : 1)  ([ - , - , - , - , - , - , - , - , 0 , - ] : 1)  
multiple f measure
NaN
multiple f recall
NaN
multiple f precise
0.0
multiple f found
0.0
multiple f found percent
NaN
multipe helpedInTheNextRun
0.0
multipe helpedInTheNextRun percent
NaN
testCase Num: 64
regaular Num: 34
identify Num: 30
0 1 0 3 0 1 0 1 1 1 
1 1 0 1 0 1 1 1 1 1 
0 0 1 0 1 1 1 1 1 2 
1 1 1 3 1 1 0 0 1 2 
1 1 0 1 1 0 1 1 1 1 
0 1 0 3 1 0 0 1 1 0 
0 0 0 3 1 1 0 0 1 0 
1 0 1 0 0 0 0 1 1 0 
1 1 0 1 1 1 1 1 1 1 
1 1 1 1 1 1 1 1 1 1 
1 1 1 3 1 0 1 0 1 2 
0 1 1 1 0 1 1 0 1 2 
1 1 0 1 1 1 1 1 1 2 
0 0 0 0 0 0 0 0 0 1 
0 0 1 1 1 0 1 0 1 0 
0 0 0 0 0 0 0 0 0 0 
1 1 1 3 0 0 0 0 1 2 
0 0 1 3 0 1 1 1 1 0 
1 0 1 2 0 1 1 0 1 2 
0 0 1 1 0 0 0 0 1 1 
0 1 0 1 1 1 1 1 1 1 
0 1 1 1 0 0 0 1 1 0 
0 0 0 0 0 1 0 0 0 0 
1 0 1 3 1 0 0 0 1 2 
1 0 1 2 1 0 0 1 1 0 
1 1 1 3 1 0 0 0 -1 2 
0 1 0 2 0 0 1 0 1 0 
1 1 1 3 1 0 0 1 1 2 
1 1 0 3 1 0 0 0 1 2 
1 1 0 1 1 1 1 1 -1 1 
1 1 0 1 1 1 0 1 1 1 
1 1 0 2 1 1 1 1 1 1 
0 0 0 0 0 0 0 0 1 0 
0 0 0 1 0 0 0 0 0 0 
0 0 0 0 1 0 0 0 0 0 
1 1 0 0 1 1 1 0 1 0 
0 1 1 3 1 0 0 0 1 2 
0 0 0 2 0 0 0 0 1 1 
1 0 0 1 1 1 1 1 1 1 
1 1 0 1 1 1 1 0 1 1 
0 0 0 2 0 1 0 0 1 0 
0 0 1 0 0 0 0 0 0 0 
1 1 1 2 0 0 1 0 1 1 
0 0 0 0 0 0 0 1 0 0 
0 0 0 2 1 0 0 0 1 2 
0 1 0 3 0 1 1 0 1 2 
0 1 0 0 0 0 0 0 0 0 
0 1 1 0 0 0 1 1 1 1 
0 0 0 3 1 0 1 0 1 1 
0 0 0 0 1 0 0 0 1 1 
1 0 0 0 0 0 0 1 1 2 
0 1 1 2 1 1 0 0 1 1 
0 0 0 1 0 1 0 0 1 0 
1 0 0 0 0 0 0 0 0 0 
1 1 1 3 1 0 0 0 1 2 
0 0 0 1 0 1 0 0 1 2 
0 1 0 2 0 0 1 1 1 2 
0 0 0 3 0 0 0 1 1 2 
0 0 1 3 0 0 0 0 1 1 
1 1 1 3 1 0 0 0 1 0 
1 0 0 0 0 1 0 1 1 1 
1 1 1 0 1 0 0 0 1 2 
0 0 0 0 0 0 1 0 0 0 
0 0 0 1 1 0 0 1 1 2 
MFS
[ 1 , - , - , 3 , - , - , - , - , - , - ]
[ 1 , - , - , 1 , - , - , - , - , - , - ]
[ - , - , - , - , - , - , - , - , 0 , - ]
precise
1.0
recall
1.0
F-measure
1.0
multi
0
time
all 531 iden 0 gen 62
t-cover
1424
all-cover
1424
coveredNum
(1 : 423)  (2 : 303)  (3 : 215)  (4 : 170)  (5 : 118)  (6 : 67)  (7 : 38)  (8 : 23)  (9 : 21)  (10 : 12)  (11 : 9)  (12 : 10)  (13 : 6)  (14 : 1)  (15 : 1)  (16 : 4)  (17 : 3)  
real Identify
([ 1 , - , - , 3 , - , - , - , - , - , - ] : 1)  ([ 1 , - , - , 1 , - , - , - , - , - , - ] : 1)  ([ - , - , - , - , - , - , - , - , 0 , - ] : 1)  
multiple f measure
NaN
multiple f recall
NaN
multiple f precise
0.0
multiple f found
0.0
multiple f found percent
NaN
multipe helpedInTheNextRun
0.0
multipe helpedInTheNextRun percent
NaN
testCase Num: 65
regaular Num: 35
identify Num: 30
0 0 0 0 0 0 0 0 1 2 
1 1 0 3 0 0 1 0 1 2 
1 1 0 1 1 0 1 1 1 1 
1 1 1 1 1 0 1 1 1 2 
0 0 0 2 0 0 0 1 1 1 
1 1 0 0 0 0 0 0 1 0 
1 1 1 3 0 1 1 0 1 2 
1 1 0 3 0 1 1 0 1 0 
1 1 0 3 0 1 1 0 1 2 
0 0 0 3 1 1 0 0 1 0 
1 1 1 1 1 1 1 1 1 1 
1 1 0 0 0 1 1 0 1 2 
0 0 0 0 0 0 0 0 0 1 
0 0 0 0 0 0 0 0 0 0 
0 0 0 1 0 0 0 1 1 2 
1 1 1 1 1 0 1 1 -1 1 
1 1 0 3 1 1 1 0 1 2 
0 1 0 1 0 0 0 0 1 2 
0 0 0 0 0 1 0 0 0 0 
1 0 1 0 0 0 1 0 1 1 
1 1 1 1 1 0 1 1 1 1 
0 1 1 0 1 1 1 1 1 0 
0 1 1 3 0 0 0 0 1 0 
1 1 0 3 0 1 1 0 -1 2 
0 0 0 0 0 0 0 0 1 0 
0 1 0 3 0 0 0 1 1 2 
1 1 0 0 0 1 0 1 1 1 
0 1 0 2 0 1 1 0 1 1 
0 0 0 1 1 0 0 0 1 0 
0 0 0 1 0 0 0 0 0 0 
1 0 1 2 0 1 0 1 1 0 
1 0 0 3 0 1 1 0 1 2 
0 0 0 0 1 0 0 0 0 0 
0 1 0 3 1 0 0 0 1 1 
0 0 0 3 1 1 0 1 1 1 
1 1 0 2 1 0 0 0 1 2 
1 0 0 2 1 0 1 0 1 0 
1 1 0 3 0 1 1 1 1 2 
0 0 0 3 0 0 1 1 1 0 
0 0 1 1 0 0 0 0 1 0 
0 1 0 1 0 1 1 1 1 0 
0 1 0 0 1 0 0 0 1 1 
0 0 1 0 0 0 0 0 0 0 
0 0 0 0 0 0 0 1 0 0 
0 0 1 3 0 1 1 0 1 1 
0 1 1 1 1 0 1 1 1 1 
0 1 0 3 0 1 1 0 1 2 
0 1 0 0 0 0 0 0 0 0 
0 1 1 2 0 1 0 1 1 2 
0 0 0 1 0 0 0 0 1 1 
0 0 1 3 1 0 1 1 1 2 
1 1 0 3 0 1 0 0 1 2 
1 1 1 1 1 0 0 1 1 1 
0 0 1 1 1 1 1 0 1 2 
0 0 0 2 0 0 1 0 1 2 
1 1 1 2 1 0 1 1 1 1 
1 0 0 0 1 1 0 0 1 0 
1 0 0 0 0 0 0 0 0 0 
1 1 1 1 1 0 1 0 1 1 
1 1 1 1 0 0 1 1 1 1 
0 1 1 2 1 1 0 0 1 0 
1 0 1 1 1 0 1 1 1 1 
0 1 1 1 0 1 0 0 1 1 
0 0 0 0 0 0 1 0 0 0 
1 0 1 0 1 0 0 1 1 2 
MFS
[ 1 , - , - , 3 , - , - , - , - , - , - ]
[ 1 , - , - , 1 , - , - , - , - , - , - ]
[ - , - , - , - , - , - , - , - , 0 , - ]
precise
1.0
recall
1.0
F-measure
1.0
multi
0
time
all 532 iden 0 gen 63
t-cover
1424
all-cover
1424
coveredNum
(1 : 406)  (2 : 296)  (3 : 239)  (4 : 159)  (5 : 115)  (6 : 63)  (7 : 49)  (8 : 25)  (9 : 23)  (10 : 9)  (11 : 13)  (12 : 9)  (13 : 3)  (14 : 4)  (15 : 4)  (16 : 3)  (17 : 4)  
real Identify
([ 1 , - , - , 3 , - , - , - , - , - , - ] : 1)  ([ 1 , - , - , 1 , - , - , - , - , - , - ] : 1)  ([ - , - , - , - , - , - , - , - , 0 , - ] : 1)  
multiple f measure
NaN
multiple f recall
NaN
multiple f precise
0.0
multiple f found
0.0
multiple f found percent
NaN
multipe helpedInTheNextRun
0.0
multipe helpedInTheNextRun percent
NaN
testCase Num: 67
regaular Num: 37
identify Num: 30
0 1 0 3 0 1 0 1 1 2 
0 0 0 0 0 0 0 0 1 1 
0 0 1 3 0 1 0 0 1 0 
1 1 1 1 0 1 1 1 1 0 
1 0 1 3 0 0 0 1 -1 1 
1 0 0 2 0 1 0 0 1 0 
0 0 0 3 1 0 0 0 1 1 
1 1 0 0 1 1 0 0 1 2 
0 1 1 2 0 0 0 0 1 0 
1 0 0 0 1 1 1 0 1 1 
1 1 0 1 1 1 1 1 1 0 
1 1 1 1 1 1 1 1 1 1 
1 1 1 0 1 0 1 1 1 1 
0 0 0 1 1 0 1 1 1 2 
1 0 1 3 0 0 0 0 1 1 
0 0 0 0 0 0 0 0 0 1 
0 0 0 0 0 0 0 0 0 0 
1 1 1 1 1 1 1 1 1 0 
1 0 1 2 0 1 1 0 1 2 
0 0 0 0 0 1 0 0 0 0 
1 0 1 3 0 1 0 1 1 1 
1 1 1 1 1 0 1 1 1 0 
0 0 1 3 0 0 0 1 1 1 
0 0 0 3 0 0 0 0 1 2 
0 0 0 0 0 0 0 0 1 0 
1 1 1 2 1 1 1 1 1 0 
0 0 1 1 1 0 0 0 1 1 
0 1 1 2 0 1 1 0 1 1 
0 0 0 1 0 0 0 0 0 0 
0 0 0 1 0 0 1 0 1 1 
0 0 0 0 1 0 0 0 0 0 
0 0 1 0 0 1 0 1 1 2 
0 0 0 3 1 1 0 1 1 0 
0 0 1 3 1 0 1 0 1 0 
0 0 0 3 0 0 1 1 1 0 
1 0 1 3 0 0 0 1 1 1 
0 0 1 0 0 0 0 0 0 0 
1 0 1 3 0 0 0 1 1 2 
1 0 0 3 0 0 0 1 1 1 
0 0 0 0 0 0 0 1 0 0 
0 0 0 2 1 0 0 0 1 2 
1 1 1 3 0 0 0 1 1 1 
0 1 0 3 0 1 1 0 1 1 
0 0 0 2 1 0 0 0 1 1 
0 1 0 0 0 0 0 0 0 0 
1 1 1 1 1 1 1 0 1 0 
0 0 0 1 0 0 0 0 1 0 
0 0 1 1 0 1 1 0 1 0 
1 0 1 1 1 1 1 1 1 0 
1 0 0 0 0 0 0 1 1 2 
0 1 1 3 1 0 1 0 1 2 
0 1 1 1 0 0 0 0 1 2 
0 1 1 1 1 1 1 1 1 0 
1 1 0 0 0 0 1 1 1 0 
1 0 1 3 1 0 0 1 1 1 
1 1 1 1 1 1 1 1 -1 0 
0 1 1 0 1 1 1 0 1 0 
1 0 0 0 0 0 1 0 1 2 
1 0 0 0 0 0 0 0 0 0 
0 1 0 2 0 0 1 1 1 2 
0 0 0 1 0 1 0 0 1 2 
1 1 1 1 1 1 0 1 1 0 
1 0 1 2 0 0 0 1 1 1 
0 1 0 3 0 0 0 0 1 0 
0 1 0 1 0 1 0 1 1 1 
0 0 0 0 0 0 1 0 0 0 
1 0 1 3 0 0 1 1 1 1 
MFS
[ 1 , - , - , 3 , - , - , - , - , - , - ]
[ 1 , - , - , 1 , - , - , - , - , - , - ]
[ - , - , - , - , - , - , - , - , 0 , - ]
precise
1.0
recall
1.0
F-measure
1.0
multi
0
time
all 531 iden 0 gen 63
t-cover
1424
all-cover
1424
coveredNum
(1 : 410)  (2 : 263)  (3 : 241)  (4 : 152)  (5 : 113)  (6 : 90)  (7 : 43)  (8 : 28)  (9 : 19)  (10 : 12)  (11 : 17)  (12 : 8)  (13 : 6)  (14 : 2)  (15 : 6)  (16 : 7)  (17 : 2)  (18 : 3)  (19 : 1)  (20 : 1)  
real Identify
([ 1 , - , - , 3 , - , - , - , - , - , - ] : 1)  ([ 1 , - , - , 1 , - , - , - , - , - , - ] : 1)  ([ - , - , - , - , - , - , - , - , 0 , - ] : 1)  
multiple f measure
NaN
multiple f recall
NaN
multiple f precise
0.0
multiple f found
0.0
multiple f found percent
NaN
multipe helpedInTheNextRun
0.0
multipe helpedInTheNextRun percent
NaN
testCase Num: 64
regaular Num: 34
identify Num: 30
0 1 1 3 0 1 0 1 1 0 
1 1 1 1 0 1 1 1 1 0 
1 0 1 3 0 0 0 1 -1 1 
1 0 0 2 0 1 0 0 1 0 
0 0 0 1 1 1 0 1 1 2 
0 0 1 0 1 0 1 1 1 0 
1 0 0 2 1 0 0 0 1 2 
0 0 1 3 1 0 0 0 1 2 
0 0 0 0 0 1 0 0 1 0 
0 0 1 0 0 1 0 0 1 1 
0 0 1 3 0 0 1 0 1 0 
1 1 0 1 1 1 1 1 1 0 
0 1 0 1 0 1 1 0 1 1 
1 1 1 1 1 1 1 1 1 1 
1 0 1 3 0 0 0 0 1 1 
0 0 0 0 0 0 0 0 0 1 
0 0 0 0 0 0 0 0 0 0 
1 0 0 0 1 0 1 0 1 1 
0 0 1 1 1 0 1 0 1 1 
1 0 1 0 0 1 1 0 1 2 
0 0 0 1 0 0 0 1 1 1 
1 1 1 1 1 1 1 1 1 0 
0 0 0 0 0 1 0 0 0 0 
1 0 1 3 0 1 0 1 1 1 
0 0 0 2 0 0 1 1 1 0 
0 1 1 1 0 0 0 1 1 2 
0 0 0 3 1 1 1 1 1 1 
1 1 1 1 1 0 1 1 1 0 
0 0 1 3 0 0 0 1 1 1 
0 0 0 0 0 0 0 0 1 0 
1 1 1 2 1 1 1 1 1 0 
0 0 0 1 0 0 0 0 0 0 
0 1 1 0 0 0 0 0 1 1 
0 0 0 1 0 0 1 0 1 2 
0 0 0 3 0 1 0 1 1 2 
0 0 0 0 1 0 0 0 0 0 
0 0 0 0 0 1 0 1 1 2 
1 1 0 0 1 1 0 1 1 1 
0 1 0 2 1 1 1 0 1 1 
0 1 0 3 1 1 0 0 1 0 
1 1 0 0 1 0 1 0 1 2 
1 0 1 3 0 0 0 1 1 1 
0 1 0 3 0 0 1 0 1 2 
0 0 1 0 0 0 0 0 0 0 
1 0 1 3 0 0 0 1 1 2 
1 0 0 3 0 0 0 1 1 1 
0 0 0 0 0 0 0 1 0 0 
1 1 1 3 0 0 0 1 1 1 
0 1 0 0 0 0 0 0 0 0 
1 1 1 1 1 1 1 0 1 0 
0 0 0 1 0 0 0 0 1 0 
0 1 1 2 1 0 0 0 1 2 
1 0 1 1 1 1 1 1 1 0 
1 1 1 0 0 0 1 0 1 0 
1 1 0 2 0 1 1 1 1 2 
0 1 1 1 1 1 1 1 1 0 
1 0 1 3 1 0 0 1 1 1 
1 1 1 1 1 1 1 1 -1 0 
1 0 0 0 0 0 0 0 0 0 
1 1 1 1 1 1 0 1 1 0 
1 0 1 2 0 0 0 1 1 1 
0 1 0 3 0 0 0 0 1 1 
0 0 0 0 0 0 1 0 0 0 
1 0 1 3 0 0 1 1 1 1 
MFS
[ 1 , - , - , 3 , - , - , - , - , - , - ]
[ 1 , - , - , 1 , - , - , - , - , - , - ]
[ - , - , - , - , - , - , - , - , 0 , - ]
precise
1.0
recall
1.0
F-measure
1.0
multi
0
time
all 532 iden 0 gen 95
t-cover
1424
all-cover
1424
coveredNum
(1 : 433)  (2 : 264)  (3 : 241)  (4 : 170)  (5 : 117)  (6 : 66)  (7 : 43)  (8 : 31)  (9 : 20)  (10 : 11)  (11 : 9)  (12 : 3)  (13 : 7)  (14 : 3)  (15 : 3)  (16 : 2)  (17 : 1)  
real Identify
([ 1 , - , - , 3 , - , - , - , - , - , - ] : 1)  ([ 1 , - , - , 1 , - , - , - , - , - , - ] : 1)  ([ - , - , - , - , - , - , - , - , 0 , - ] : 1)  
multiple f measure
NaN
multiple f recall
NaN
multiple f precise
0.0
multiple f found
0.0
multiple f found percent
NaN
multipe helpedInTheNextRun
0.0
multipe helpedInTheNextRun percent
NaN
