testCase Num: 115
regaular Num: 85
identify Num: 30
0 0 0 1 0 0 1 1 1 2 
0 1 0 2 1 0 1 1 1 0 
0 1 1 0 1 1 1 0 1 2 
0 1 1 0 0 1 1 0 1 0 
0 1 0 1 0 0 1 0 1 2 
1 1 1 2 1 0 1 0 1 1 
0 1 1 2 0 0 0 0 1 1 
0 0 1 3 1 1 0 0 1 2 
0 0 0 3 1 1 0 0 1 0 
0 0 0 3 0 0 1 0 1 1 
0 0 1 3 0 0 1 0 1 2 
0 1 0 0 1 0 0 1 1 0 
0 0 0 1 1 0 1 1 1 1 
1 0 0 1 0 1 0 1 1 2 
1 0 0 1 0 1 0 1 1 0 
0 1 0 2 0 1 0 1 1 1 
1 1 0 3 1 1 1 0 1 1 
0 0 0 0 0 1 0 0 0 0 
0 0 0 1 0 1 0 1 1 2 
0 1 1 2 1 1 0 1 1 2 
1 1 0 3 1 0 0 0 1 1 
1 0 0 2 0 0 0 1 1 0 
0 0 1 1 0 0 1 1 1 0 
0 1 0 0 0 1 1 1 1 2 
1 1 0 2 0 0 0 0 1 2 
0 0 0 1 1 0 0 0 1 2 
0 1 1 3 1 1 1 1 1 1 
1 1 0 3 1 1 0 1 1 1 
1 0 0 3 1 1 0 0 1 1 
1 1 0 0 1 0 0 1 1 2 
0 0 0 3 0 1 0 1 1 1 
0 0 0 3 0 1 0 1 1 2 
1 0 0 2 1 0 0 1 1 1 
0 0 1 1 1 1 0 0 1 1 
1 1 0 0 0 0 1 1 1 1 
0 0 1 0 0 1 1 0 1 1 
1 0 0 1 0 1 0 1 -1 2 
0 0 0 3 0 0 1 1 1 0 
0 1 0 2 1 1 1 0 1 1 
0 0 1 0 1 0 0 1 1 2 
0 1 1 1 0 1 1 1 1 1 
0 0 1 0 0 0 0 0 0 0 
0 1 0 3 1 1 0 0 1 1 
1 1 1 2 1 1 0 0 1 0 
0 0 0 0 0 0 0 1 0 0 
1 0 1 1 0 1 0 1 1 2 
0 1 0 3 0 1 1 0 1 2 
1 1 0 3 0 1 0 0 1 1 
0 1 0 1 1 1 1 0 1 1 
0 0 1 2 1 1 0 1 1 0 
1 0 1 0 1 1 0 1 1 0 
1 0 0 0 0 0 1 0 1 2 
1 0 0 2 0 0 0 0 1 0 
0 1 1 1 0 1 0 0 1 2 
1 0 1 0 0 1 0 0 1 2 
1 1 1 0 1 0 0 0 1 1 
0 1 0 3 0 1 0 1 1 0 
1 1 0 3 1 1 0 0 -1 1 
1 1 0 3 1 1 0 0 1 0 
1 1 0 3 1 1 0 0 1 1 
1 1 1 3 1 1 0 0 1 1 
0 0 1 0 1 0 1 1 1 1 
1 1 0 0 1 1 0 0 1 1 
1 0 0 1 0 0 0 1 1 2 
1 0 0 2 0 0 1 0 1 1 
1 0 1 0 1 0 1 0 1 0 
0 0 0 0 0 0 0 0 0 1 
0 0 0 0 0 0 0 0 0 0 
1 1 1 2 0 1 1 1 1 2 
0 0 0 3 1 0 1 1 1 2 
1 1 0 2 0 1 1 0 1 0 
0 1 0 3 1 0 1 0 1 0 
0 0 0 2 0 0 1 1 1 2 
0 1 1 1 0 0 0 1 1 1 
0 0 0 3 0 0 0 0 1 0 
0 0 1 1 0 1 0 0 1 0 
0 1 1 3 0 0 0 0 1 1 
0 1 1 3 0 0 0 0 1 0 
0 0 0 0 0 0 0 0 1 0 
0 1 1 1 1 0 0 0 1 0 
1 0 0 2 0 1 0 1 1 2 
0 1 1 1 1 0 0 1 1 2 
0 0 0 1 1 0 0 0 1 0 
0 1 0 0 0 0 0 0 1 1 
0 0 0 1 0 0 0 0 0 0 
0 0 1 3 1 0 0 1 1 0 
0 1 0 3 1 0 0 0 1 2 
0 0 0 0 1 0 0 0 0 0 
0 0 1 3 1 0 0 1 1 1 
0 1 0 1 1 1 0 1 1 0 
0 0 0 2 0 0 0 0 1 0 
0 0 0 0 0 1 0 1 1 1 
1 0 0 0 1 1 0 0 1 2 
1 1 1 0 0 0 0 1 1 0 
0 0 0 2 0 0 0 0 1 1 
1 0 1 2 1 0 1 0 1 2 
1 0 0 0 1 1 1 1 1 0 
0 0 0 1 0 1 1 0 1 0 
1 0 0 0 0 0 0 0 1 1 
1 0 0 1 0 1 0 0 1 2 
0 1 0 1 1 0 1 0 1 0 
0 0 1 3 0 1 1 0 1 0 
0 1 0 0 0 0 0 0 0 0 
0 0 0 1 0 0 0 0 1 1 
1 1 0 1 0 1 0 1 1 2 
1 0 1 2 0 1 1 1 1 1 
0 0 1 1 1 1 1 0 1 2 
0 1 1 1 0 0 0 0 1 0 
0 0 1 2 0 0 1 1 1 0 
1 0 0 1 1 1 0 1 1 2 
0 0 0 2 1 1 0 0 1 2 
1 0 0 0 0 0 0 0 0 0 
0 1 1 3 0 0 0 1 1 2 
1 0 0 1 0 1 1 1 1 2 
0 0 0 0 0 0 1 0 0 0 
MFS
[ 1 , - , - , 3 , - , - , - , - , - , - ]
[ 1 , - , - , 1 , - , - , - , - , - , - ]
[ - , - , - , - , - , - , - , - , 0 , - ]
precise
1.0
recall
1.0
F-measure
1.0
multi
0
time
all 1654 iden 2 gen 417
t-cover
5600
all-cover
5600
coveredNum
(1 : 1728)  (2 : 948)  (3 : 865)  (4 : 601)  (5 : 434)  (6 : 303)  (7 : 224)  (8 : 116)  (9 : 99)  (10 : 85)  (11 : 53)  (12 : 38)  (13 : 29)  (14 : 17)  (15 : 19)  (16 : 11)  (17 : 8)  (18 : 5)  (19 : 3)  (20 : 12)  (21 : 2)  
real Identify
([ 1 , - , - , 3 , - , - , - , - , - , - ] : 1)  ([ 1 , - , - , 1 , - , - , - , - , - , - ] : 1)  ([ - , - , - , - , - , - , - , - , 0 , - ] : 1)  
multiple f measure
0.0
multiple f recall
0.0
multiple f precise
0.0
multiple f found
0.0
multiple f found percent
0.0
multipe helpedInTheNextRun
0.0
multipe helpedInTheNextRun percent
0.0
