testCase Num: 129
regaular Num: 99
identify Num: 30
1 0 0 0 1 0 0 1 1 1 
1 0 1 1 0 1 0 0 0 0 
2 1 1 0 1 1 0 1 1 0 
3 1 0 1 1 0 1 1 0 1 
2 1 0 0 1 1 0 1 1 0 
4 0 1 0 1 0 1 0 0 1 
0 1 1 0 0 0 0 1 1 1 
4 1 1 0 0 1 0 0 1 1 
3 0 1 0 1 0 1 1 1 1 
5 1 1 0 0 0 0 1 0 0 
2 0 0 0 0 0 0 0 0 1 
1 1 1 0 0 0 1 1 0 0 
2 0 0 1 1 0 0 1 0 0 
2 0 1 0 1 0 0 0 1 0 
3 0 1 0 0 1 0 1 0 0 
1 0 1 0 0 0 0 1 1 0 
0 0 0 1 0 1 0 1 0 0 
2 0 1 0 1 0 1 1 0 0 
5 1 0 1 0 1 0 0 0 1 
3 1 1 1 0 0 0 0 1 1 
1 0 0 0 0 1 1 1 1 1 
2 1 0 0 1 1 0 1 0 0 
0 0 0 1 1 0 1 1 1 1 
2 1 0 1 0 0 0 1 0 0 
2 0 0 1 1 1 1 0 0 1 
5 0 0 0 0 1 1 1 0 1 
5 1 1 1 1 1 1 1 0 0 
4 0 0 1 0 1 1 0 0 1 
2 1 0 0 0 1 0 1 1 0 
3 0 0 1 1 0 0 0 0 1 
2 1 1 0 0 0 1 0 0 0 
4 1 1 0 0 1 0 0 0 0 
1 0 1 1 0 0 1 0 0 1 
5 0 1 0 1 1 0 0 0 1 
5 0 0 1 1 0 0 0 1 0 
4 0 0 0 1 1 0 0 1 0 
4 0 1 0 0 0 1 1 1 0 
1 0 0 0 1 1 1 0 0 0 
4 1 0 0 0 0 0 1 0 1 
0 1 0 0 0 1 1 1 1 0 
5 0 0 1 0 1 0 1 1 0 
0 1 0 1 0 1 0 0 1 1 
3 1 1 0 1 1 0 0 0 1 
2 0 1 0 0 1 1 0 1 1 
4 0 1 1 0 1 0 1 0 0 
1 0 1 1 0 1 0 1 0 1 
2 0 1 0 0 1 0 1 0 1 
2 1 0 0 1 1 0 0 1 0 
2 0 0 1 0 0 0 1 1 0 
3 0 1 1 0 1 1 1 0 0 
2 1 1 1 0 1 0 0 1 1 
0 1 0 1 1 1 1 0 0 0 
0 1 1 1 0 0 0 1 0 0 
5 1 0 0 0 0 1 0 1 0 
3 0 0 1 0 1 0 0 0 1 
3 1 1 1 0 1 0 1 0 0 
3 0 1 1 1 1 0 1 0 0 
2 0 0 1 0 0 0 1 0 0 
2 0 0 1 0 0 0 1 0 1 
4 0 0 1 1 0 0 1 1 1 
0 0 1 0 1 1 1 1 0 1 
2 0 0 1 0 0 0 0 0 0 
1 1 1 1 1 1 1 0 1 1 
2 1 0 0 0 1 1 1 0 1 
2 0 0 0 0 0 0 0 1 0 
5 0 0 1 0 0 0 1 0 0 
4 1 1 1 1 1 1 1 1 1 
1 0 0 1 0 0 1 0 0 0 
3 0 0 0 1 0 1 0 0 1 
4 1 0 0 1 1 1 1 0 0 
3 0 0 0 0 1 1 1 0 1 
0 0 1 1 1 1 0 0 1 0 
1 1 0 1 0 0 0 0 0 1 
3 0 0 1 0 0 1 0 1 1 
3 0 1 1 0 0 0 1 0 0 
2 1 0 0 1 1 0 1 1 1 
5 0 1 1 0 1 1 0 0 0 
2 1 0 1 1 1 0 0 0 1 
0 1 1 0 1 0 1 0 1 0 
0 0 0 0 0 0 0 0 1 1 
2 0 0 1 0 0 1 1 0 0 
0 1 0 0 0 0 1 0 0 1 
0 1 0 0 1 1 0 0 0 1 
5 1 0 0 1 1 0 1 1 0 
3 0 1 1 0 1 0 1 1 0 
3 0 0 0 1 0 0 1 0 1 
3 1 0 0 0 1 1 0 1 1 
3 0 0 1 0 1 0 1 0 0 
5 1 0 0 1 0 1 0 0 1 
3 0 1 1 0 1 0 1 0 1 
3 1 1 1 1 1 1 1 1 1 
2 1 0 0 1 0 0 1 1 0 
5 1 1 0 0 1 0 1 1 1 
2 0 0 1 0 0 0 0 0 1 
3 1 0 0 0 0 0 0 0 1 
2 1 0 1 0 0 1 1 1 1 
0 0 0 0 0 0 0 0 0 0 
2 1 0 1 1 1 0 1 1 0 
2 1 0 0 1 1 1 1 1 0 
3 0 1 1 0 1 0 0 0 0 
2 0 0 0 1 0 1 0 1 0 
0 1 1 0 0 1 0 0 0 0 
1 0 0 1 1 0 1 1 1 1 
4 1 1 1 1 0 0 0 0 0 
5 1 1 1 0 0 0 0 1 1 
5 0 0 1 1 1 1 0 1 1 
3 0 1 0 0 0 1 0 0 1 
2 0 0 0 1 1 0 1 1 0 
2 0 0 0 0 0 0 1 0 0 
4 1 0 1 0 0 1 0 1 0 
1 0 1 0 0 0 0 0 1 0 
1 1 0 0 1 0 1 0 1 0 
3 0 0 0 1 1 0 0 1 1 
1 1 0 1 0 1 0 1 1 0 
2 0 1 1 1 1 0 1 1 1 
2 0 1 1 0 0 0 1 0 0 
0 1 0 0 0 0 0 0 0 0 
0 0 1 1 0 0 1 0 0 1 
2 1 1 1 1 0 1 1 0 1 
2 0 0 1 0 -1 0 1 0 0 
3 0 1 1 0 1 0 1 0 0 
1 1 1 0 1 1 0 0 0 1 
1 1 0 0 1 1 0 1 0 1 
5 0 1 1 1 0 1 1 0 1 
1 0 1 1 1 0 0 1 0 0 
0 1 0 0 1 0 0 1 0 0 
5 0 1 0 1 0 1 1 1 0 
3 1 0 0 0 0 0 1 1 1 
0 0 0 0 0 0 1 0 0 0 
MFS
[ 3 , - , - , - , - , - , - , - , - , 0 ]
[ 2 , - , - , - , - , 1 , - , - , - , 0 ]
[ 2 , - , - , 1 , - , - , - , - , - , 0 ]
precise
0.6666666666666666
recall
0.5
F-measure
0.5714285714285715
multi
1
time
all 1578 iden 2 gen 682
t-cover
5936
all-cover
6048
coveredNum
(1 : 1046)  (2 : 1773)  (3 : 958)  (4 : 488)  (5 : 411)  (6 : 392)  (7 : 377)  (8 : 254)  (9 : 160)  (10 : 99)  (11 : 47)  (12 : 26)  (13 : 14)  (14 : 3)  
real Identify
([ 2 , - , - , - , - , 1 , - , - , - , 0 ] : 1)  ([ 2 , - , - , 1 , - , - , - , - , - , 0 ] : 1)  
testCase Num: 136
regaular Num: 106
identify Num: 30
3 1 0 1 1 0 0 0 1 1 
5 1 0 0 1 1 1 0 0 0 
2 1 0 0 1 1 0 1 1 0 
1 0 1 0 0 1 1 0 0 0 
4 1 0 0 0 1 0 0 1 0 
2 1 0 0 0 1 0 1 0 0 
5 0 0 1 1 1 0 1 0 1 
1 0 0 0 0 0 0 1 0 0 
5 1 1 1 1 0 1 0 1 1 
1 0 1 1 1 1 0 0 1 1 
5 0 1 0 1 1 0 0 1 0 
1 0 0 1 0 0 1 0 1 1 
1 1 0 0 0 0 0 0 0 1 
0 0 1 0 0 1 0 0 1 1 
1 0 0 1 0 0 1 0 0 1 
1 0 0 0 1 1 1 0 1 1 
4 0 0 1 0 0 0 0 0 1 
2 0 0 0 1 0 0 0 1 0 
3 1 1 1 0 0 1 1 0 1 
5 1 0 1 0 1 0 0 0 1 
2 1 1 0 0 1 0 1 1 0 
3 1 1 0 1 1 0 0 1 0 
1 1 0 0 1 0 1 1 1 0 
3 0 1 0 1 1 0 1 1 0 
4 0 0 1 1 0 1 1 0 1 
3 0 0 0 0 0 0 0 0 1 
0 1 1 0 1 0 0 1 1 0 
2 1 0 0 0 1 0 1 1 0 
2 1 0 0 0 1 0 1 1 1 
0 1 0 0 1 1 1 0 0 0 
0 0 1 1 1 1 0 1 0 1 
2 0 0 1 0 1 0 0 0 1 
3 1 0 0 1 0 1 0 0 0 
3 0 1 -1 1 1 0 0 1 0 
3 0 0 0 1 0 1 1 0 0 
4 0 1 1 1 1 0 1 0 1 
2 0 0 1 1 0 0 1 0 1 
2 1 0 -1 0 1 0 1 1 0 
4 0 1 1 0 0 0 0 1 1 
2 1 1 0 1 0 1 0 1 0 
1 1 1 1 1 1 1 1 0 1 
3 0 0 0 0 0 0 1 1 0 
4 0 0 0 1 0 0 0 1 0 
2 0 1 1 0 0 1 0 0 0 
2 1 1 0 0 0 0 0 0 0 
2 1 0 0 0 1 0 0 0 1 
2 0 1 0 0 0 1 1 1 1 
5 1 1 0 0 0 0 0 0 1 
5 0 1 1 0 0 0 1 1 1 
2 0 1 1 1 0 0 0 0 0 
2 1 0 1 0 1 1 1 0 1 
4 1 1 0 0 0 1 0 0 0 
5 1 1 0 0 1 1 1 0 0 
2 1 0 0 0 1 0 0 1 0 
0 1 1 1 0 1 1 1 1 1 
3 0 1 0 1 1 0 0 1 0 
1 1 1 0 1 0 0 0 0 0 
3 0 1 0 1 1 0 0 1 1 
0 1 1 1 1 0 1 0 1 1 
5 0 1 1 0 1 1 0 1 1 
0 0 1 0 0 0 0 0 0 0 
5 1 0 0 0 1 0 0 1 0 
5 0 0 0 1 0 1 0 0 1 
2 1 1 1 1 1 0 1 1 1 
2 0 1 1 1 1 1 0 0 0 
2 0 1 0 1 1 1 0 1 1 
1 0 0 1 1 0 0 1 1 1 
2 1 0 0 0 0 0 1 1 0 
4 0 0 0 0 1 0 1 0 0 
2 0 0 0 0 0 1 1 0 0 
1 1 0 0 1 1 1 0 0 0 
5 1 0 0 1 0 1 1 1 0 
0 0 1 1 0 1 1 0 0 1 
2 1 0 0 0 1 1 1 1 0 
4 1 1 0 1 0 0 1 1 0 
4 1 0 1 1 0 1 0 1 1 
4 0 0 0 0 0 1 1 1 1 
5 0 1 0 1 0 0 1 0 0 
3 0 1 0 1 1 0 0 0 0 
0 0 0 0 0 0 1 1 0 1 
3 0 1 1 1 0 1 0 0 0 
2 0 0 1 0 0 0 0 1 1 
1 1 0 1 0 1 0 1 0 1 
0 1 0 1 0 0 0 0 0 1 
3 1 0 0 0 1 1 0 1 1 
4 0 0 0 1 1 1 0 1 0 
3 0 0 1 0 1 0 1 0 1 
0 1 0 0 0 1 0 1 1 0 
3 0 1 1 0 1 0 1 0 1 
1 1 1 1 0 0 0 0 1 1 
1 0 1 0 0 1 0 1 0 1 
5 0 0 1 0 1 1 1 1 1 
3 0 0 1 0 0 1 0 0 1 
0 0 1 0 0 0 1 1 1 0 
3 1 1 0 0 0 0 0 0 0 
2 1 0 1 0 0 1 0 1 1 
0 0 0 0 0 0 0 0 0 0 
0 0 0 1 0 0 0 1 1 1 
2 1 1 1 1 0 1 0 0 0 
2 0 1 1 0 1 0 1 0 1 
5 0 0 0 0 0 1 1 0 0 
2 0 1 1 1 0 1 1 0 0 
1 0 0 0 1 1 0 1 0 0 
3 0 1 0 0 1 0 0 1 0 
4 0 1 0 1 1 1 0 0 0 
0 0 1 0 0 1 0 1 0 0 
1 1 0 0 0 0 1 0 1 0 
2 0 0 1 1 0 1 0 0 0 
3 1 1 1 1 1 1 0 0 1 
2 0 1 0 1 0 0 1 0 0 
2 1 0 0 1 1 1 1 0 1 
1 1 0 0 0 1 0 1 1 0 
4 1 0 1 0 1 0 0 0 1 
4 1 1 1 0 1 1 1 1 1 
5 0 1 1 0 0 1 0 0 1 
3 1 0 0 1 1 0 1 0 1 
2 0 1 1 1 0 1 0 1 0 
2 0 1 0 1 0 1 0 0 0 
5 1 0 1 1 0 0 1 0 1 
4 1 1 0 1 1 0 0 0 1 
3 0 1 1 1 1 1 1 1 1 
3 0 0 0 1 1 0 0 1 0 
0 1 1 0 1 0 1 1 0 1 
2 0 0 0 0 1 0 1 1 0 
3 0 0 1 0 0 0 0 1 1 
3 1 1 0 0 0 1 1 1 0 
5 0 0 0 0 1 0 1 1 1 
3 0 1 0 1 0 0 0 1 0 
5 0 0 0 0 0 1 0 0 0 
0 0 0 1 1 1 1 1 1 1 
0 0 0 0 1 0 0 0 1 0 
2 0 1 1 1 0 1 0 0 0 
2 0 1 1 1 0 1 0 0 1 
1 0 1 0 0 0 1 1 1 0 
3 0 1 0 1 1 1 0 1 0 
4 1 0 0 1 0 1 1 0 0 
MFS
[ 3 , - , - , - , - , 1 , - , - , - , 0 ]
[ 2 , - , - , - , - , 1 , - , - , - , 0 ]
[ - , - , - , 1 , - , - , - , - , - , 0 ]
precise
0.6666666666666666
recall
0.5
F-measure
0.5714285714285715
multi
0
time
all 1598 iden 1 gen 718
t-cover
5882
all-cover
6048
coveredNum
(1 : 940)  (2 : 1569)  (3 : 1230)  (4 : 581)  (5 : 332)  (6 : 308)  (7 : 292)  (8 : 232)  (9 : 202)  (10 : 131)  (11 : 84)  (12 : 53)  (13 : 41)  (14 : 26)  (15 : 15)  (16 : 10)  (17 : 2)  
real Identify
([ 3 , - , - , - , - , 1 , - , - , - , 0 ] : 1)  ([ 2 , - , - , - , - , 1 , - , - , - , 0 ] : 1)  
