testCase Num: 31
regaular Num: 15
identify Num: 16
1 1 0 1 0 0 0 0 0 0 0 0 3 0 
2 0 1 0 1 1 1 1 0 0 0 0 3 0 
2 0 0 1 0 0 0 0 0 0 0 0 3 0 
2 0 1 0 1 1 1 1 1 1 1 1 3 0 
1 1 0 0 0 0 0 0 0 1 0 1 2 2 
2 0 1 0 1 1 1 1 1 1 1 0 3 0 
0 1 1 1 0 1 1 1 0 1 1 1 0 0 
1 0 1 0 0 0 0 0 0 1 0 1 2 2 
1 0 0 0 1 0 0 1 0 0 0 0 1 1 
0 0 0 0 0 0 1 0 0 0 0 0 1 2 
0 0 0 1 1 1 1 0 1 0 0 0 2 0 
2 0 1 0 0 0 0 0 0 0 0 0 3 0 
2 0 1 0 1 1 1 1 1 1 1 1 0 1 
0 1 0 0 0 0 0 0 1 1 1 0 3 1 
2 0 1 0 1 1 1 1 1 1 1 1 0 0 
2 0 1 0 1 1 1 1 1 1 0 0 3 0 
0 0 0 0 0 0 0 0 0 0 1 0 2 1 
2 0 0 0 0 0 0 0 0 0 0 0 1 0 
2 0 1 0 1 1 0 0 0 0 0 0 3 0 
2 0 1 0 1 1 1 1 1 0 0 0 3 0 
2 0 1 0 1 1 1 0 0 0 0 0 3 0 
1 0 1 1 0 0 0 0 0 0 0 0 3 0 
2 0 1 1 0 0 0 0 0 0 0 0 3 0 
2 1 1 1 0 0 0 0 0 0 0 0 3 0 
2 0 0 0 1 1 1 1 0 0 1 1 3 2 
2 1 1 0 1 1 0 0 1 0 0 0 0 1 
2 1 1 1 0 0 0 1 1 1 0 0 2 2 
2 0 1 0 1 0 0 0 0 0 0 0 3 0 
1 0 0 0 0 0 0 0 0 0 0 0 0 2 
0 0 0 0 0 0 0 0 0 0 0 0 0 0 
1 1 1 1 1 1 1 0 1 1 1 1 1 1 
MFS
[ - , 0 , 1 , - , - , - , - , - , - , - , - , - , - , - ]
precise
1.0
recall
1.0
F-measure
1.0
multi
0
time
all 91 iden 5 gen 85
t-cover
472
all-cover
473
coveredNum
(1 : 46)  (2 : 68)  (3 : 83)  (4 : 49)  (5 : 32)  (6 : 34)  (7 : 25)  (8 : 8)  (9 : 28)  (10 : 17)  (11 : 9)  (12 : 13)  (13 : 14)  (14 : 15)  (15 : 10)  (16 : 11)  (17 : 6)  (18 : 2)  (19 : 2)  (20 : 1)  
real Identify
([ - , 0 , 1 , - , - , - , - , - , - , - , - , - , - , - ] : 1)  
testCase Num: 33
regaular Num: 17
identify Num: 16
1 1 1 1 1 1 1 1 1 0 1 0 0 0 
2 0 1 1 0 0 1 0 0 1 0 0 2 2 
2 0 0 0 0 0 0 1 0 1 0 0 1 1 
2 0 0 0 0 0 0 0 0 0 0 0 2 0 
0 0 0 1 0 0 0 0 1 0 0 0 2 0 
2 0 1 1 1 1 0 1 0 1 0 0 2 2 
2 0 1 1 1 0 0 0 1 1 1 0 3 0 
2 1 0 1 1 0 0 0 1 1 1 0 3 0 
1 0 0 0 0 0 0 0 1 0 0 0 1 0 
2 0 0 0 1 1 0 1 0 1 0 0 2 2 
2 0 1 0 1 1 0 1 0 1 0 0 2 2 
0 0 0 0 0 0 0 0 0 0 0 0 1 2 
1 1 0 0 1 1 0 1 0 1 0 0 2 2 
2 0 1 1 0 0 1 0 1 0 1 0 2 2 
2 0 1 1 0 0 1 0 1 0 1 1 2 2 
2 0 1 1 0 0 0 1 0 1 0 0 2 2 
2 0 1 1 0 0 1 1 0 1 0 0 2 2 
2 0 1 1 0 1 0 1 0 1 0 0 2 2 
1 1 0 0 0 0 1 0 0 0 1 1 2 1 
2 1 0 1 0 1 1 0 1 0 0 1 3 2 
1 0 1 0 1 1 0 1 0 1 0 0 2 2 
0 1 1 1 1 1 1 1 1 1 1 1 1 1 
1 0 0 0 0 0 0 0 0 0 0 0 3 1 
2 1 1 0 1 1 0 1 0 1 0 0 2 2 
2 0 1 1 0 0 1 0 1 1 0 0 2 2 
0 0 0 0 1 0 1 1 0 0 1 1 3 2 
0 0 0 0 0 0 0 0 0 0 0 0 0 0 
2 0 1 1 0 0 1 0 1 0 1 1 3 0 
0 0 0 0 0 0 0 0 0 0 0 0 0 1 
2 1 1 1 0 0 0 0 0 1 0 1 0 0 
0 0 0 0 0 0 0 0 0 0 0 0 0 2 
2 0 1 1 0 0 1 0 1 0 1 1 3 2 
2 0 1 1 0 0 1 0 1 0 0 0 2 2 
MFS
[ - , 0 , 1 , - , - , - , - , - , - , - , - , - , - , - ]
precise
1.0
recall
1.0
F-measure
1.0
multi
0
time
all 88 iden 1 gen 87
t-cover
472
all-cover
473
coveredNum
(1 : 48)  (2 : 60)  (3 : 60)  (4 : 53)  (5 : 38)  (6 : 33)  (7 : 19)  (8 : 23)  (9 : 25)  (10 : 14)  (11 : 23)  (12 : 17)  (13 : 16)  (14 : 12)  (15 : 11)  (16 : 7)  (17 : 3)  (18 : 3)  (19 : 4)  (20 : 2)  (21 : 2)  
real Identify
([ - , 0 , 1 , - , - , - , - , - , - , - , - , - , - , - ] : 1)  
testCase Num: 33
regaular Num: 17
identify Num: 16
1 0 1 1 1 1 1 0 0 0 0 0 3 0 
1 0 1 1 1 1 1 0 0 0 1 1 0 0 
1 0 1 1 1 0 0 1 1 1 0 0 3 0 
1 0 1 1 1 1 1 0 0 0 1 1 0 1 
0 0 0 0 0 1 0 1 0 0 0 1 1 2 
1 1 1 0 0 0 0 1 1 1 0 0 3 0 
2 1 0 0 1 0 0 0 1 0 1 0 1 1 
2 0 0 0 0 0 0 0 0 0 0 0 0 1 
1 0 0 0 0 0 0 0 0 0 0 0 2 0 
1 0 1 0 0 0 0 1 1 1 0 0 3 0 
0 0 1 0 0 0 0 1 1 1 0 0 3 0 
1 1 1 0 0 0 1 0 0 0 0 1 3 1 
0 1 0 0 0 0 0 1 1 1 0 0 3 0 
1 0 0 0 0 0 0 1 1 1 0 0 3 0 
1 0 0 1 1 1 1 0 1 0 1 0 3 2 
1 0 1 1 1 1 1 0 1 1 0 0 3 0 
2 1 1 0 1 0 0 1 0 1 0 1 2 2 
1 0 1 1 1 1 1 0 0 0 1 0 3 0 
0 1 0 1 1 1 1 1 0 1 1 1 0 0 
0 0 0 0 0 0 0 0 0 0 1 0 2 1 
1 0 1 1 1 1 1 0 0 0 1 1 3 0 
1 0 0 0 0 0 0 0 0 0 0 0 1 0 
1 0 1 1 0 0 0 1 1 1 0 0 3 0 
1 1 1 1 0 0 0 1 1 0 0 0 0 0 
2 0 0 0 0 0 0 0 0 0 0 0 3 0 
1 0 1 1 1 1 1 0 0 1 0 0 3 0 
0 0 0 0 0 0 0 0 0 0 0 0 0 0 
1 0 1 1 1 1 1 1 1 1 0 0 3 0 
0 0 0 0 0 0 0 0 0 0 0 0 0 2 
2 0 0 1 0 1 1 0 1 1 0 0 2 0 
1 1 1 1 0 1 1 1 1 1 1 1 1 1 
2 0 1 0 1 0 0 0 1 0 1 0 1 1 
1 0 1 1 1 1 0 1 1 1 0 0 3 0 
MFS
[ - , 0 , 1 , - , - , - , - , - , - , - , - , - , - , - ]
precise
1.0
recall
1.0
F-measure
1.0
multi
0
time
all 79 iden 1 gen 78
t-cover
472
all-cover
473
coveredNum
(1 : 52)  (2 : 51)  (3 : 77)  (4 : 43)  (5 : 34)  (6 : 24)  (7 : 20)  (8 : 18)  (9 : 30)  (10 : 27)  (11 : 26)  (12 : 16)  (13 : 13)  (14 : 13)  (15 : 10)  (16 : 8)  (17 : 3)  (18 : 5)  (19 : 1)  (20 : 1)  (21 : 1)  
real Identify
([ - , 0 , 1 , - , - , - , - , - , - , - , - , - , - , - ] : 1)  
testCase Num: 34
regaular Num: 17
identify Num: 17
2 1 0 0 0 0 0 1 0 0 1 0 2 1 
0 0 0 0 0 0 0 0 0 0 0 0 2 0 
1 0 1 0 1 1 0 0 1 1 1 1 0 0 
1 0 0 0 0 1 0 0 0 1 1 0 1 1 
2 0 0 0 0 0 0 0 0 0 0 0 0 0 
1 0 0 0 0 0 0 0 0 0 0 0 2 0 
1 0 0 1 1 1 0 0 1 1 1 1 0 0 
1 0 1 0 0 0 1 1 1 1 1 1 0 0 
1 0 1 0 0 0 1 1 0 0 0 1 0 0 
1 1 1 0 0 0 1 0 0 0 0 1 3 1 
1 0 1 0 0 0 1 1 0 0 0 0 0 0 
0 1 0 1 1 1 0 0 1 1 1 1 0 0 
0 1 0 0 1 1 0 1 1 0 1 0 3 2 
1 1 1 1 1 0 1 1 1 1 1 1 1 1 
0 0 1 1 1 1 0 0 1 1 1 1 0 0 
1 0 1 1 1 1 0 0 1 1 1 1 0 0 
1 1 1 1 1 1 0 0 1 1 1 1 0 0 
1 0 1 0 0 0 1 1 0 1 1 1 0 0 
2 0 0 0 0 0 0 0 0 0 0 0 1 2 
2 1 0 1 0 1 1 0 0 1 0 1 2 2 
2 0 1 0 0 0 0 1 0 0 1 0 2 1 
1 0 1 0 0 1 0 0 1 1 1 1 0 0 
1 0 1 0 0 0 1 0 1 1 1 1 0 0 
1 0 1 0 0 0 1 1 0 0 1 1 0 0 
1 0 1 0 0 0 1 1 0 0 0 0 1 1 
1 0 1 0 0 0 1 1 0 0 0 0 1 0 
1 0 1 0 0 0 0 0 1 1 1 1 0 0 
1 1 0 0 0 0 1 1 1 0 0 1 0 2 
0 0 0 0 0 0 0 0 0 0 0 0 0 0 
0 0 0 0 0 0 0 0 0 0 0 0 0 1 
2 0 0 1 0 0 0 0 0 1 0 0 3 0 
2 1 0 1 1 0 1 1 1 0 0 0 2 0 
2 0 1 1 0 1 1 0 0 1 0 1 2 2 
0 0 0 0 1 0 1 0 0 0 0 0 1 0 
MFS
[ - , 0 , 1 , - , - , - , - , - , - , - , - , - , - , - ]
precise
1.0
recall
1.0
F-measure
1.0
multi
0
time
all 88 iden 1 gen 87
t-cover
467
all-cover
473
coveredNum
(1 : 51)  (2 : 51)  (3 : 52)  (4 : 47)  (5 : 51)  (6 : 31)  (7 : 26)  (8 : 13)  (9 : 22)  (10 : 19)  (11 : 24)  (12 : 24)  (13 : 19)  (14 : 13)  (15 : 14)  (16 : 2)  (17 : 6)  (18 : 1)  (19 : 2)  (20 : 4)  (21 : 1)  
real Identify
([ - , 0 , 1 , - , - , - , - , - , - , - , - , - , - , - ] : 1)  
testCase Num: 33
regaular Num: 15
identify Num: 18
1 1 0 1 1 0 0 0 1 0 0 0 3 0 
2 0 1 1 0 1 0 0 0 1 1 1 3 2 
0 0 1 1 0 1 0 0 0 1 1 1 3 2 
0 0 1 0 1 0 1 1 1 1 1 1 3 2 
0 1 1 1 0 1 0 0 0 1 1 1 3 2 
1 0 1 0 0 0 0 0 0 0 0 0 0 2 
1 0 0 0 0 0 0 0 0 0 0 0 2 0 
0 0 1 0 1 0 1 1 1 0 1 1 3 2 
0 0 1 0 1 0 1 1 1 0 0 0 0 0 
0 0 1 0 1 0 1 1 1 0 0 0 0 2 
2 1 0 0 0 0 0 1 1 0 1 1 0 1 
1 0 1 0 0 1 0 0 0 0 0 0 1 1 
0 0 1 0 1 0 1 1 0 1 1 1 3 2 
0 0 0 0 0 0 0 0 0 0 0 0 1 2 
1 1 1 1 1 0 1 1 1 1 1 1 1 1 
1 1 0 0 0 1 0 0 0 0 0 0 1 1 
0 0 1 0 0 1 0 0 0 1 1 1 3 2 
2 1 0 0 1 1 1 1 1 0 0 0 2 2 
0 1 0 1 1 1 1 1 0 1 1 1 0 0 
2 0 0 0 0 0 0 0 0 0 0 0 1 0 
0 0 1 0 1 0 1 1 1 0 0 0 3 2 
0 0 1 0 1 0 1 1 1 0 0 1 3 2 
2 1 0 1 0 1 0 0 0 1 1 1 3 2 
0 0 0 1 0 1 0 0 0 1 1 1 3 2 
0 0 1 0 0 0 1 0 1 1 1 0 2 0 
0 0 0 0 0 0 0 0 0 0 0 0 0 0 
0 0 0 1 1 0 0 1 0 1 0 1 2 1 
0 0 1 0 1 1 0 0 0 1 1 1 3 2 
1 1 0 0 0 0 0 0 0 0 0 0 0 2 
0 0 1 0 1 0 0 0 0 1 1 1 3 2 
0 1 0 0 0 0 1 0 1 1 1 0 2 0 
0 0 0 0 0 0 1 1 0 0 0 0 3 1 
0 0 1 0 1 0 1 0 0 1 1 1 3 2 
MFS
[ - , 0 , 1 , - , - , - , - , - , - , - , - , - , - , - ]
precise
1.0
recall
1.0
F-measure
1.0
multi
0
time
all 69 iden 0 gen 68
t-cover
464
all-cover
473
coveredNum
(1 : 44)  (2 : 54)  (3 : 56)  (4 : 55)  (5 : 38)  (6 : 31)  (7 : 24)  (8 : 26)  (9 : 24)  (10 : 27)  (11 : 28)  (12 : 19)  (13 : 13)  (14 : 14)  (15 : 8)  (16 : 5)  (17 : 4)  (18 : 1)  (19 : 2)  
real Identify
([ - , 0 , 1 , - , - , - , - , - , - , - , - , - , - , - ] : 1)  
testCase Num: 32
regaular Num: 15
identify Num: 17
2 1 0 0 1 0 1 1 1 0 1 0 2 2 
0 1 0 0 0 1 0 0 0 0 0 0 2 1 
2 0 1 1 0 1 0 0 0 1 1 1 3 2 
1 0 1 1 1 0 0 1 1 1 0 0 3 0 
1 1 1 1 1 1 1 1 1 1 0 1 1 1 
1 0 1 1 0 1 1 0 1 1 0 0 3 0 
1 0 1 1 0 1 1 0 0 0 1 0 3 0 
2 0 0 0 0 0 0 0 0 0 0 0 0 1 
1 0 1 1 0 1 1 0 0 0 1 1 3 0 
2 1 0 0 0 0 1 0 1 0 0 1 3 1 
1 0 1 1 0 1 1 0 0 0 1 1 0 1 
0 0 0 0 0 0 0 0 0 0 0 0 1 2 
1 0 1 1 0 1 1 0 0 1 0 0 3 0 
2 0 0 1 1 0 0 0 0 0 0 0 1 0 
0 0 1 0 1 0 0 1 1 1 0 0 3 0 
1 0 1 0 1 0 0 1 1 1 0 0 3 0 
1 1 1 0 1 0 0 1 1 1 0 0 3 0 
1 0 0 0 0 0 0 1 0 0 1 0 1 1 
1 0 1 1 0 1 0 1 1 1 0 0 3 0 
1 0 1 1 0 1 1 1 1 1 0 0 3 0 
1 0 1 1 0 0 0 1 1 1 0 0 3 0 
0 1 1 1 1 1 1 0 1 0 1 1 0 0 
1 0 0 0 0 0 0 0 0 0 0 0 3 0 
1 1 0 1 0 0 0 0 0 1 0 1 2 0 
1 0 1 1 0 1 1 0 0 0 1 1 0 0 
1 0 1 1 0 1 1 0 0 0 0 0 3 0 
2 1 0 1 0 1 0 0 0 1 1 1 3 2 
0 1 0 0 1 0 0 1 1 1 0 0 3 0 
0 0 1 0 0 1 0 0 0 0 0 0 2 1 
1 0 0 0 0 1 1 1 0 1 0 0 0 2 
1 0 0 0 1 0 0 1 1 1 0 0 3 0 
0 0 0 0 0 0 0 0 0 0 0 0 0 0 
MFS
[ - , 0 , 1 , - , - , - , - , - , - , - , - , - , - , - ]
precise
1.0
recall
1.0
F-measure
1.0
multi
0
time
all 63 iden 0 gen 63
t-cover
466
all-cover
473
coveredNum
(1 : 51)  (2 : 52)  (3 : 77)  (4 : 43)  (5 : 39)  (6 : 23)  (7 : 26)  (8 : 25)  (9 : 26)  (10 : 15)  (11 : 27)  (12 : 20)  (13 : 12)  (14 : 18)  (15 : 6)  (16 : 7)  (17 : 3)  (18 : 1)  (19 : 1)  (20 : 1)  
real Identify
([ - , 0 , 1 , - , - , - , - , - , - , - , - , - , - , - ] : 1)  
testCase Num: 32
regaular Num: 16
identify Num: 16
2 0 1 0 1 1 0 1 0 0 1 0 0 1 
2 0 1 0 1 1 1 0 1 1 1 0 0 1 
2 0 1 0 1 1 1 1 0 0 1 0 0 1 
2 0 1 0 1 1 1 0 1 1 0 1 1 2 
2 0 1 0 1 1 1 0 1 1 0 1 1 1 
2 0 1 0 1 0 0 1 0 0 1 0 0 1 
1 1 0 1 0 0 0 0 0 1 1 1 2 2 
2 0 1 1 0 0 0 1 0 0 1 0 0 1 
0 0 0 0 0 1 0 0 1 0 1 0 2 0 
0 1 0 0 1 1 1 0 1 1 0 1 0 1 
2 0 1 0 1 1 1 0 1 0 1 0 0 1 
1 1 1 1 1 1 1 1 1 1 1 1 1 0 
0 0 1 0 1 1 1 0 1 1 0 1 0 1 
2 0 0 1 0 0 0 1 0 0 1 0 0 1 
0 1 1 1 1 1 0 1 0 0 0 1 3 2 
2 1 1 0 1 0 1 1 0 0 0 0 2 1 
0 0 0 0 0 0 0 0 0 0 0 0 3 1 
1 1 0 1 0 0 0 1 0 0 1 0 0 1 
0 0 0 0 1 0 0 1 0 0 0 0 1 2 
2 0 0 0 0 0 0 0 0 0 0 0 1 0 
2 0 1 0 1 1 1 0 0 0 1 0 0 1 
2 0 1 0 1 1 1 0 1 1 0 1 0 1 
2 0 1 0 1 1 1 0 1 1 0 0 0 1 
1 0 0 0 0 0 1 0 0 0 0 0 3 0 
1 0 0 0 0 0 1 0 1 0 1 1 1 1 
2 0 1 0 0 0 0 1 0 0 1 0 0 1 
1 0 1 1 0 0 0 1 0 0 1 0 0 1 
2 1 1 1 0 0 0 1 0 0 1 0 0 1 
2 1 0 0 0 0 0 0 0 0 0 1 0 0 
0 0 0 0 0 0 0 0 0 0 0 0 0 0 
0 0 0 0 0 0 1 0 0 0 0 0 0 2 
2 0 0 1 0 1 0 0 1 1 1 0 3 2 
MFS
[ - , 0 , 1 , - , - , - , - , - , - , - , - , - , - , - ]
precise
1.0
recall
1.0
F-measure
1.0
multi
0
time
all 69 iden 0 gen 69
t-cover
472
all-cover
473
coveredNum
(1 : 52)  (2 : 63)  (3 : 66)  (4 : 51)  (5 : 28)  (6 : 24)  (7 : 29)  (8 : 21)  (9 : 22)  (10 : 25)  (11 : 20)  (12 : 19)  (13 : 13)  (14 : 18)  (15 : 8)  (16 : 7)  (17 : 3)  (19 : 3)  (20 : 1)  
real Identify
([ - , 0 , 1 , - , - , - , - , - , - , - , - , - , - , - ] : 1)  
testCase Num: 32
regaular Num: 16
identify Num: 16
1 0 1 1 1 0 0 1 1 1 1 1 0 0 
0 0 1 1 1 0 0 1 1 1 1 1 0 0 
1 1 1 1 1 0 0 1 1 1 1 1 0 0 
1 0 1 0 0 1 1 0 0 1 1 1 0 0 
1 0 1 0 0 1 1 1 1 1 1 1 0 0 
1 0 0 0 0 0 0 0 0 0 0 0 0 0 
2 1 0 1 0 0 1 0 0 1 1 1 2 2 
1 0 0 1 0 0 1 0 1 0 1 0 3 2 
1 0 1 0 0 0 0 1 1 1 1 1 0 0 
0 1 0 0 1 1 1 1 0 0 0 1 2 0 
1 0 1 0 0 1 1 0 0 0 1 1 0 0 
1 0 1 0 0 1 1 0 0 0 0 0 1 0 
1 0 1 0 0 1 1 0 0 0 0 0 1 1 
0 0 0 0 0 0 0 0 0 0 0 0 1 2 
1 0 1 0 1 0 0 0 1 0 1 0 2 1 
2 1 1 0 1 1 0 1 1 1 0 0 3 2 
1 1 0 0 1 0 0 0 1 0 1 0 2 1 
1 1 1 1 1 1 1 1 1 0 1 1 1 1 
0 0 0 0 0 0 0 0 0 0 0 0 3 0 
1 0 1 0 1 0 0 1 1 1 1 1 0 0 
2 0 0 0 0 0 0 0 0 0 0 0 1 0 
1 0 0 0 0 1 1 0 0 1 0 0 1 1 
1 0 0 1 1 0 0 1 1 1 1 1 0 0 
1 0 1 0 0 1 1 0 1 1 1 1 0 0 
0 1 0 1 1 0 0 1 1 1 1 1 0 0 
1 0 1 0 0 1 1 0 0 0 0 1 0 0 
2 1 1 1 0 1 0 0 0 0 0 0 0 1 
1 0 1 0 0 1 1 0 0 0 0 0 0 0 
1 0 1 0 0 1 0 1 1 1 1 1 0 0 
0 0 0 0 0 0 0 0 0 0 0 0 0 0 
0 0 0 0 0 0 1 0 0 0 0 0 0 2 
0 0 0 0 0 0 0 1 0 0 0 1 3 1 
MFS
[ - , 0 , 1 , - , - , - , - , - , - , - , - , - , - , - ]
precise
1.0
recall
1.0
F-measure
1.0
multi
0
time
all 62 iden 0 gen 62
t-cover
470
all-cover
473
coveredNum
(1 : 62)  (2 : 53)  (3 : 65)  (4 : 39)  (5 : 38)  (6 : 25)  (7 : 20)  (8 : 24)  (9 : 28)  (10 : 29)  (11 : 20)  (12 : 25)  (13 : 12)  (14 : 14)  (15 : 9)  (16 : 4)  (17 : 3)  (18 : 1)  (19 : 1)  (20 : 1)  
real Identify
([ - , 0 , 1 , - , - , - , - , - , - , - , - , - , - , - ] : 1)  
testCase Num: 32
regaular Num: 16
identify Num: 16
1 0 0 0 1 1 1 1 0 1 1 1 2 0 
2 0 0 0 0 0 0 1 0 0 0 0 3 0 
1 0 1 1 0 0 0 0 1 1 1 1 2 0 
1 0 1 1 1 1 1 1 0 1 1 1 2 0 
2 0 0 1 0 0 1 0 1 0 1 0 1 1 
2 1 1 1 0 1 1 1 0 0 0 0 2 2 
1 0 1 1 0 0 0 0 1 0 0 0 3 0 
1 0 1 1 0 0 0 0 1 0 0 0 3 1 
1 0 1 1 0 0 0 0 1 0 1 1 2 0 
0 0 0 0 0 1 0 0 0 0 0 0 1 2 
1 0 1 1 0 0 0 0 0 1 1 1 2 0 
1 1 1 1 1 1 0 1 1 1 1 1 1 1 
0 0 0 0 0 0 0 0 0 0 0 0 3 1 
0 0 0 0 0 0 0 0 0 0 0 0 1 0 
2 1 0 0 1 0 0 1 1 1 0 1 0 1 
0 1 1 1 1 1 0 0 1 0 0 0 3 0 
0 0 1 0 1 1 1 1 0 1 1 1 2 0 
1 0 1 1 0 0 1 0 0 0 1 1 0 0 
0 0 0 0 0 0 0 0 1 0 0 0 2 0 
1 1 1 0 1 1 1 1 0 1 1 1 2 0 
1 0 1 0 1 1 1 1 0 1 1 1 2 0 
0 0 0 0 0 0 0 0 0 0 0 0 0 0 
1 0 0 0 1 0 1 0 1 1 1 1 3 2 
1 0 1 1 0 1 1 1 0 1 1 1 2 0 
1 0 0 0 0 0 0 0 0 1 0 0 2 1 
1 0 1 1 0 0 1 1 0 1 1 1 2 0 
1 0 1 1 0 0 0 0 1 0 0 1 2 0 
1 0 1 1 0 0 0 0 1 0 0 0 2 0 
0 0 0 0 0 1 0 0 0 0 0 0 0 2 
1 0 1 1 0 0 0 1 0 1 1 1 2 0 
0 1 0 0 1 1 1 1 0 1 1 1 2 0 
1 1 0 1 0 0 1 0 0 0 1 1 0 0 
MFS
[ - , 0 , 1 , - , - , - , - , - , - , - , - , - , - , - ]
precise
1.0
recall
1.0
F-measure
1.0
multi
0
time
all 87 iden 1 gen 86
t-cover
471
all-cover
473
coveredNum
(1 : 61)  (2 : 64)  (3 : 57)  (4 : 45)  (5 : 30)  (6 : 18)  (7 : 29)  (8 : 29)  (9 : 26)  (10 : 23)  (11 : 17)  (12 : 20)  (13 : 18)  (14 : 11)  (15 : 12)  (16 : 7)  (17 : 2)  (18 : 3)  (20 : 1)  
real Identify
([ - , 0 , 1 , - , - , - , - , - , - , - , - , - , - , - ] : 1)  
testCase Num: 33
regaular Num: 15
identify Num: 18
2 0 1 1 1 0 1 0 1 1 0 0 2 2 
0 1 0 0 1 1 1 1 1 0 1 0 0 2 
2 1 1 0 0 1 0 1 0 0 1 1 3 0 
2 0 1 0 0 1 0 1 0 0 1 0 3 0 
2 0 1 0 1 0 1 0 1 1 0 0 3 0 
2 0 1 0 0 1 0 1 0 0 1 1 3 0 
2 0 1 0 0 1 0 1 1 1 0 0 3 0 
0 1 0 0 0 0 0 1 0 1 1 0 2 0 
2 0 1 0 0 1 0 1 0 0 1 1 0 1 
1 1 0 1 1 1 1 1 1 1 1 1 1 1 
2 1 0 1 1 0 1 0 1 1 0 0 2 2 
1 0 1 1 1 0 1 0 1 1 0 0 3 0 
2 0 1 1 1 0 1 0 1 1 0 0 3 0 
2 1 1 1 1 0 1 0 1 1 0 0 3 0 
2 0 1 0 0 1 0 1 0 1 0 0 3 0 
0 0 0 0 0 0 0 0 0 0 0 0 3 1 
0 0 0 0 0 0 0 0 0 0 0 0 1 0 
2 1 0 1 0 0 0 0 0 1 0 0 0 1 
0 0 1 0 1 1 1 1 1 0 1 0 0 2 
2 0 0 0 0 0 0 0 0 0 0 0 1 2 
2 0 1 0 0 1 0 1 0 0 0 0 3 0 
2 0 1 0 0 1 0 1 0 0 1 1 0 0 
2 0 1 0 0 0 1 0 1 1 0 0 3 0 
1 0 0 0 0 0 0 0 0 0 0 1 0 2 
2 0 1 0 0 1 1 0 1 1 0 0 3 0 
0 1 0 1 0 0 0 0 1 0 1 1 1 1 
2 0 1 0 0 1 0 0 1 1 0 0 3 0 
1 1 0 0 1 0 0 1 0 1 0 0 3 2 
1 1 0 1 1 0 1 0 1 1 0 0 3 0 
0 0 0 0 0 0 0 0 0 0 0 0 0 0 
0 0 1 1 0 0 0 0 1 0 1 1 1 1 
2 0 0 1 1 0 1 0 1 1 0 0 3 0 
1 1 0 0 0 1 1 0 0 0 0 1 2 1 
MFS
[ - , 0 , 1 , - , - , - , - , - , - , - , - , - , - , - ]
precise
1.0
recall
1.0
F-measure
1.0
multi
0
time
all 59 iden 0 gen 59
t-cover
462
all-cover
473
coveredNum
(1 : 41)  (2 : 55)  (3 : 63)  (4 : 50)  (5 : 40)  (6 : 36)  (7 : 20)  (8 : 30)  (9 : 25)  (10 : 21)  (11 : 22)  (12 : 16)  (13 : 15)  (14 : 12)  (15 : 10)  (16 : 10)  (17 : 3)  (18 : 3)  (20 : 1)  
real Identify
([ - , 0 , 1 , - , - , - , - , - , - , - , - , - , - , - ] : 1)  
