testCase Num: 117
regaular Num: 49
identify Num: 69
0 0 1 1 0 0 1 1 0 1 1 1 
2 0 1 0 0 0 0 0 3 2 0 0 
0 0 1 0 0 0 0 0 0 0 0 0 
1 1 1 0 1 1 0 1 0 2 1 1 
0 0 0 0 0 1 0 0 1 0 1 0 
0 0 1 0 0 0 1 0 3 0 0 0 
1 0 0 1 1 1 1 1 2 0 0 1 
0 0 0 0 1 0 0 0 0 1 0 0 
1 1 1 0 0 1 1 0 2 2 0 0 
1 1 1 0 1 0 1 0 2 1 1 0 
1 0 0 0 0 0 0 0 3 0 1 1 
1 1 1 1 1 1 0 0 2 2 0 0 
0 0 1 0 0 0 0 0 3 0 0 0 
0 1 0 1 0 0 0 0 3 0 0 0 
0 0 1 0 0 0 0 0 1 1 0 0 
1 0 1 0 1 1 1 1 2 0 0 1 
1 1 0 0 0 1 1 1 3 2 0 0 
0 1 1 1 0 0 0 1 3 1 1 1 
0 0 1 0 0 0 0 1 2 1 0 0 
2 1 1 0 0 0 1 1 1 0 0 0 
2 1 1 0 0 0 0 0 0 1 0 0 
0 0 1 1 1 1 1 0 3 2 1 0 
0 0 1 0 1 0 0 0 0 1 0 0 
1 0 1 0 1 0 0 1 3 0 0 0 
0 1 1 0 0 1 0 0 2 1 0 1 
1 1 1 1 1 1 1 0 2 2 0 0 
1 1 1 1 1 1 0 1 3 2 0 0 
1 0 0 0 1 0 0 1 1 0 1 1 
0 0 0 0 0 1 1 0 2 2 0 0 
0 1 1 1 1 1 1 1 2 2 1 1 
0 1 1 1 1 1 1 1 2 2 1 0 
1 0 1 1 0 0 0 0 3 1 0 0 
1 0 0 0 1 1 1 1 2 0 0 1 
0 0 0 0 0 0 0 0 0 2 0 0 
1 1 1 1 1 1 0 1 2 0 0 0 
0 1 1 0 1 1 1 1 2 0 0 1 
1 0 1 1 0 1 0 0 0 1 1 0 
2 1 0 0 0 0 0 0 0 1 0 0 
2 1 0 0 1 1 0 0 1 1 0 0 
1 1 0 1 0 0 1 0 1 0 1 1 
1 1 0 0 1 1 0 1 0 2 1 1 
2 0 0 0 1 0 1 1 3 1 1 1 
2 0 0 0 0 1 0 0 2 1 0 1 
1 1 1 0 0 1 1 1 3 2 0 0 
2 1 1 0 1 0 1 0 0 2 0 1 
0 1 1 1 1 0 0 0 2 1 0 1 
0 0 1 0 0 0 0 1 3 2 0 1 
2 0 0 0 0 0 0 0 3 2 0 0 
0 0 0 0 0 0 0 0 2 0 0 0 
0 1 1 1 1 1 1 1 2 1 0 1 
2 1 0 1 1 0 0 1 2 2 1 0 
1 1 1 1 1 0 1 0 2 2 0 0 
1 0 1 0 0 0 0 0 3 0 1 1 
1 0 0 1 0 0 0 1 2 0 0 1 
2 1 1 0 1 1 1 0 3 0 1 0 
1 0 1 1 1 1 1 1 1 1 0 1 
0 1 1 1 0 1 0 1 2 1 1 1 
0 1 0 0 1 1 1 1 2 0 0 1 
2 0 1 0 0 0 0 0 0 0 1 0 
0 0 1 0 0 1 1 0 2 2 0 0 
0 1 1 1 0 1 0 0 2 1 0 1 
1 1 1 1 1 1 0 1 2 2 1 0 
2 0 1 1 0 1 1 1 0 2 1 0 
1 1 1 1 1 1 0 1 2 2 1 1 
0 1 1 1 1 1 0 0 2 1 0 1 
1 0 1 0 0 0 0 0 1 2 0 0 
1 0 0 1 0 0 0 0 3 1 1 0 
2 0 0 0 0 0 0 0 1 2 0 1 
1 0 0 1 0 0 0 0 3 1 1 1 
0 1 1 1 1 1 0 1 0 0 0 0 
0 1 1 1 1 0 1 0 1 2 0 1 
1 0 1 0 1 0 1 0 0 0 0 1 
1 1 1 0 1 0 0 0 3 0 0 0 
0 1 1 1 1 1 1 1 2 2 0 1 
2 0 1 1 0 0 0 1 3 0 0 1 
1 0 0 1 0 0 1 1 2 0 0 1 
1 0 0 1 0 0 0 0 3 0 0 1 
0 0 1 0 0 0 0 0 0 2 0 0 
0 1 1 1 0 0 0 0 3 0 0 0 
2 0 1 0 0 0 0 0 1 2 0 1 
1 0 0 0 0 0 0 0 1 2 0 0 
2 0 1 0 0 0 0 0 3 1 0 1 
2 0 1 1 0 1 1 0 2 0 1 0 
0 0 1 0 0 0 0 0 2 0 0 0 
1 0 0 0 1 0 1 0 0 0 0 1 
2 1 1 1 1 0 0 1 2 2 1 0 
0 0 0 0 0 0 0 0 3 0 0 0 
0 1 1 1 1 1 1 1 3 1 0 1 
0 0 0 0 0 0 0 0 0 0 0 0 
1 0 1 1 0 0 0 0 2 2 0 1 
1 0 0 1 0 0 0 0 2 0 0 1 
0 0 0 1 0 0 1 1 0 1 1 1 
2 0 1 1 0 0 0 0 1 1 1 0 
0 0 1 0 0 1 0 0 1 0 1 0 
0 0 0 0 0 0 0 1 2 1 0 0 
1 0 1 0 1 0 0 1 1 0 1 1 
0 1 1 1 1 1 1 0 2 1 0 1 
0 0 1 0 0 1 0 0 2 1 0 1 
2 0 0 1 0 1 1 1 0 2 1 0 
1 0 0 0 1 1 0 1 2 0 0 0 
2 0 0 0 0 0 0 0 0 0 1 0 
1 1 0 0 1 1 1 1 2 0 0 1 
0 0 0 1 1 1 1 0 3 2 1 0 
2 1 0 0 1 1 1 0 3 0 1 0 
1 1 1 1 1 1 0 1 2 2 0 0 
0 0 1 0 0 1 0 1 1 2 1 0 
1 0 0 1 0 1 1 1 2 0 0 1 
1 1 1 1 0 1 1 0 2 2 0 0 
0 0 0 0 0 0 0 0 1 1 0 0 
2 1 1 0 1 1 0 0 1 1 0 0 
1 1 1 1 0 0 1 0 1 0 1 1 
1 0 0 1 0 0 0 0 3 1 0 1 
1 0 1 0 0 1 1 0 2 2 0 0 
1 0 0 1 0 0 0 0 3 1 0 0 
0 1 1 0 0 1 0 0 3 1 1 1 
2 0 1 0 1 0 1 1 3 1 1 1 
2 0 1 0 0 1 0 0 2 1 0 1 
MFS
[ - , - , - , - , - , 1 , - , - , 2 , 2 , - , - ]
[ - , - , - , - , - , 1 , - , - , 2 , - , - , - ]
[ - , - , 0 , - , - , - , - , - , - , - , - , - ]
precise
0.6666666666666666
recall
0.6666666666666666
F-measure
0.6666666666666666
multi
2
time
all 157 iden 0 gen 157
t-cover
2731
all-cover
2742
coveredNum
(1 : 77)  (2 : 143)  (3 : 199)  (4 : 238)  (5 : 227)  (6 : 187)  (7 : 173)  (8 : 173)  (9 : 161)  (10 : 184)  (11 : 150)  (12 : 136)  (13 : 141)  (14 : 76)  (15 : 77)  (16 : 74)  (17 : 60)  (18 : 51)  (19 : 36)  (20 : 28)  (21 : 24)  (22 : 17)  (23 : 14)  (24 : 7)  (25 : 9)  (26 : 8)  (27 : 7)  (28 : 2)  (29 : 6)  (30 : 8)  (31 : 3)  (32 : 6)  (33 : 3)  (34 : 5)  (35 : 10)  (36 : 6)  (37 : 3)  (38 : 5)  (39 : 1)  (40 : 4)  (42 : 2)  (43 : 1)  
real Identify
([ - , - , - , - , - , 1 , - , - , 2 , 2 , - , - ] : 1)  ([ - , - , 0 , - , - , - , - , - , - , - , - , - ] : 1)  
multiple f measure
0.3333333333333333
multiple f recall
0.25
multiple f precise
0.5
multiple f found
1.0
multiple f found percent
0.25
multipe helpedInTheNextRun
2.0
multipe helpedInTheNextRun percent
0.5
