testCase Num: 203
regaular Num: 100
identify Num: 105
0 0 0 0 1 1 1 1 1 1 
0 1 0 0 0 0 0 1 1 2 
1 1 1 2 0 1 0 1 1 0 
1 0 0 2 1 0 1 1 0 1 
0 0 0 2 0 0 0 1 1 0 
0 0 1 0 0 1 0 0 1 1 
1 1 1 0 0 0 0 0 0 2 
0 1 1 2 0 0 0 0 1 1 
1 0 1 0 1 1 1 0 1 1 
1 1 0 3 0 1 1 0 1 0 
1 1 0 3 0 1 1 0 1 1 
0 0 1 3 0 0 1 0 1 1 
1 1 1 3 1 0 0 0 0 1 
1 1 0 1 1 1 1 1 1 0 
1 0 0 1 0 1 0 1 1 2 
0 1 0 0 0 0 0 1 0 2 
1 0 0 3 1 1 1 1 1 1 
1 1 0 3 0 0 0 1 1 0 
0 0 1 2 1 0 0 0 1 2 
0 0 1 0 0 0 0 1 0 1 
0 1 0 0 0 0 0 1 0 1 
1 1 1 2 0 1 0 1 0 0 
1 0 0 2 1 0 0 0 0 1 
1 1 1 0 0 0 0 0 1 2 
1 1 1 3 1 0 0 1 1 0 
0 0 1 3 0 0 1 0 0 1 
1 1 0 2 0 0 0 0 1 0 
0 0 0 1 0 0 1 0 1 2 
1 1 0 3 0 1 1 1 1 0 
0 1 0 2 1 1 1 0 1 1 
1 1 0 1 1 1 0 0 0 1 
0 1 0 2 1 0 0 1 1 2 
0 1 0 2 1 1 1 0 0 1 
1 0 1 2 0 0 1 0 0 2 
0 0 1 0 0 0 0 0 1 0 
1 1 0 0 1 0 0 1 1 0 
0 0 0 0 0 0 0 0 1 2 
0 0 0 0 0 0 0 0 1 1 
0 1 1 3 0 1 0 1 1 1 
0 1 1 0 1 0 1 0 1 2 
0 0 0 1 1 1 1 0 0 2 
0 0 0 2 0 0 1 0 0 1 
0 0 0 2 0 0 1 0 0 2 
0 1 0 3 1 0 1 0 0 1 
1 0 1 1 0 0 0 0 0 0 
0 0 0 3 0 0 0 0 0 0 
1 0 1 0 0 0 1 0 0 0 
0 0 0 0 1 0 0 0 1 2 
0 0 1 1 0 1 1 1 1 1 
1 0 1 1 1 0 0 0 1 2 
1 1 1 3 1 0 1 0 1 2 
0 1 0 0 1 0 1 0 0 2 
0 1 0 3 0 0 1 1 1 0 
0 0 0 1 1 0 0 1 0 1 
0 0 1 2 0 1 0 1 1 1 
0 0 0 0 0 0 0 0 0 0 
0 0 0 0 0 0 0 0 0 2 
0 1 1 2 0 1 0 0 1 2 
0 0 0 3 0 1 1 0 1 2 
1 0 0 2 0 0 1 0 1 0 
1 1 1 1 1 0 1 1 0 1 
1 1 0 3 0 1 0 1 1 0 
0 0 0 1 1 1 1 0 1 2 
0 1 1 1 0 0 0 1 1 0 
0 1 0 3 1 0 1 0 1 1 
0 0 0 2 0 0 1 1 1 0 
1 1 1 2 1 0 0 0 0 1 
1 0 1 0 0 0 1 0 1 0 
0 1 0 2 0 0 1 0 1 1 
0 1 1 1 1 1 1 0 1 2 
0 0 0 3 0 0 0 0 1 0 
1 0 0 2 0 0 1 0 0 0 
0 0 1 0 1 1 0 0 0 0 
1 0 1 2 1 1 1 1 1 2 
0 1 0 0 1 0 1 0 1 2 
0 0 0 0 0 0 0 0 1 0 
0 0 0 1 1 0 0 0 1 0 
0 0 0 3 0 1 1 0 0 2 
0 0 0 2 0 0 1 1 0 0 
0 0 0 2 0 0 0 0 1 0 
0 1 0 3 1 0 0 0 1 0 
1 0 1 3 0 1 0 0 0 1 
1 0 0 3 1 0 0 0 0 2 
0 1 1 2 1 1 0 0 0 2 
1 1 1 2 0 0 1 0 1 2 
0 0 0 0 0 0 1 1 1 2 
0 0 0 1 0 0 0 0 1 1 
0 0 0 0 1 0 0 0 1 1 
1 0 0 2 1 0 1 1 1 1 
0 0 0 2 0 0 0 0 0 0 
0 1 1 2 0 0 0 0 0 1 
1 1 1 2 1 0 1 1 1 1 
1 0 1 1 0 0 0 0 0 1 
1 1 1 1 1 0 1 0 1 2 
0 0 0 0 1 0 0 0 0 1 
0 1 1 2 1 1 0 0 1 2 
1 1 0 0 0 1 0 0 1 0 
0 0 0 1 1 0 0 1 1 1 
1 0 1 0 1 0 0 1 1 2 
0 0 0 2 1 0 0 0 0 1 
0 0 1 3 0 1 0 0 1 0 
1 1 1 3 0 0 0 0 0 1 
0 1 1 2 1 0 1 1 1 0 
0 1 1 2 1 0 1 1 1 1 
1 0 1 0 0 0 0 1 0 1 
0 0 1 1 1 1 0 1 1 0 
0 1 0 1 1 1 1 1 0 1 
0 0 0 0 0 1 1 1 0 0 
0 0 0 2 1 1 1 0 1 0 
1 0 0 1 0 0 1 0 0 2 
1 0 1 3 1 0 0 1 0 0 
1 0 0 2 0 0 0 0 0 2 
1 0 1 0 0 0 0 1 1 1 
0 0 1 1 0 0 1 0 0 0 
1 1 1 0 1 0 1 1 1 0 
0 1 1 1 0 1 0 0 0 0 
0 1 0 0 1 0 0 1 1 0 
0 1 1 3 1 1 1 0 0 0 
1 1 1 3 1 1 0 1 0 2 
0 1 0 1 1 0 0 1 0 1 
0 0 1 1 1 1 0 1 0 0 
1 0 0 0 1 1 1 1 1 2 
1 0 0 1 0 0 1 0 1 2 
1 1 1 1 0 0 1 0 1 2 
1 1 1 1 1 1 0 0 1 2 
0 0 0 1 1 0 0 0 1 1 
1 0 1 3 0 0 1 0 1 0 
0 1 0 1 1 1 1 0 0 2 
0 1 0 1 1 1 1 0 0 1 
0 1 0 1 0 0 1 1 1 2 
1 1 1 3 0 1 1 1 1 1 
1 1 1 3 0 1 1 1 1 2 
0 1 1 0 0 1 0 0 1 2 
0 1 1 0 0 1 1 1 0 1 
1 1 1 1 1 1 1 0 1 2 
0 0 1 0 1 1 0 0 1 0 
0 1 1 0 0 0 0 1 0 1 
0 1 0 0 0 0 1 0 1 1 
0 1 1 2 1 0 1 1 0 0 
0 0 1 0 1 0 0 1 1 0 
0 0 0 3 1 0 0 0 0 1 
0 1 1 0 1 1 0 1 1 2 
0 0 0 3 1 0 0 0 0 2 
0 0 0 2 0 0 1 0 1 2 
1 0 0 1 0 0 1 0 0 0 
0 1 0 1 1 1 1 0 1 1 
0 0 0 2 0 0 1 0 1 0 
0 0 0 0 0 1 1 1 1 0 
0 0 0 2 0 0 1 0 1 1 
1 1 1 3 0 1 1 0 0 1 
1 0 1 2 1 0 0 0 1 0 
1 0 1 3 1 0 0 1 1 0 
0 1 1 0 0 1 1 1 1 1 
1 0 0 2 0 0 0 0 1 2 
1 0 0 3 0 0 0 0 0 2 
0 1 1 1 0 1 0 0 1 0 
0 1 0 3 0 0 1 1 0 0 
0 1 1 3 1 1 1 0 1 0 
1 1 0 3 0 0 1 0 1 1 
0 1 0 3 0 1 0 1 1 2 
1 0 0 2 0 1 0 0 1 1 
0 0 0 3 1 0 0 0 1 1 
0 0 0 3 1 0 0 0 1 2 
1 1 1 3 0 1 0 0 0 1 
0 1 0 2 1 1 1 1 1 0 
1 0 1 2 0 0 1 0 1 2 
0 0 0 2 0 1 0 1 1 2 
0 0 1 1 1 0 0 1 0 2 
0 1 0 0 0 0 1 1 1 0 
0 1 0 1 0 0 1 1 0 2 
1 1 0 2 0 1 1 0 1 2 
0 1 0 0 1 1 0 1 1 1 
0 1 0 1 1 1 0 1 0 1 
1 1 0 0 0 0 1 0 0 1 
1 1 0 0 0 0 1 0 1 1 
1 1 1 3 0 1 1 1 0 1 
0 1 0 2 1 1 0 0 1 1 
0 0 1 1 1 0 0 1 1 2 
0 0 0 2 0 1 0 1 0 2 
0 0 1 0 0 0 1 0 0 2 
1 1 1 1 0 1 0 0 0 2 
0 0 1 3 1 0 0 1 1 0 
0 0 1 3 1 0 0 1 1 1 
1 0 0 0 1 1 1 1 0 2 
0 0 1 2 0 0 0 0 1 0 
0 0 0 0 0 1 0 1 1 0 
0 1 0 1 0 0 0 1 0 1 
0 0 1 2 0 0 0 0 1 1 
0 0 1 3 0 0 1 1 1 2 
0 0 1 0 0 0 1 0 1 2 
0 0 1 0 0 0 1 0 1 0 
1 1 0 3 0 0 1 1 0 0 
1 0 0 3 0 1 0 1 1 0 
0 1 0 1 0 0 0 1 1 1 
0 0 1 3 1 0 0 1 0 1 
1 1 0 2 1 0 0 0 0 1 
1 1 0 1 0 0 1 0 1 2 
1 1 0 3 1 0 0 1 1 0 
1 1 0 1 0 0 1 0 1 1 
0 0 1 1 0 0 1 0 1 0 
1 1 1 1 1 1 0 1 1 0 
0 1 0 0 1 0 0 1 0 0 
1 1 1 1 1 1 0 1 1 2 
MFS
[ - , - , - , - , - , - , - , - , - , - ]
[ 1 , - , - , 3 , - , - , - , - , - , - ]
[ 1 , - , - , 1 , - , - , - , - , - , - ]
[ - , - , - , - , - , - , - , - , 0 , - ]
precise
0.75
recall
1.0
F-measure
0.8571428571428571
multi
13
time
all 313 iden 1 gen 312
t-cover
5510
all-cover
5600
coveredNum
(1 : 146)  (2 : 332)  (3 : 488)  (4 : 544)  (5 : 628)  (6 : 582)  (7 : 557)  (8 : 440)  (9 : 370)  (10 : 278)  (11 : 246)  (12 : 198)  (13 : 159)  (14 : 119)  (15 : 116)  (16 : 104)  (17 : 62)  (18 : 43)  (19 : 39)  (20 : 35)  (21 : 23)  (22 : 15)  (23 : 8)  (24 : 9)  (25 : 9)  (26 : 4)  (27 : 10)  (28 : 5)  (29 : 6)  (30 : 6)  (31 : 1)  (32 : 5)  (33 : 4)  (34 : 4)  (35 : 2)  (37 : 1)  (38 : 1)  (41 : 1)  
real Identify
([ 1 , - , - , 3 , - , - , - , - , - , - ] : 1)  ([ 1 , - , - , 1 , - , - , - , - , - , - ] : 1)  ([ - , - , - , - , - , - , - , - , 0 , - ] : 1)  
testCase Num: 181
regaular Num: 91
identify Num: 90
0 0 0 3 0 1 0 0 1 0 
0 0 0 2 1 0 0 0 0 0 
0 1 0 2 1 0 1 1 1 2 
0 1 0 2 1 0 1 1 1 0 
0 0 0 3 0 1 1 1 0 1 
1 0 1 1 1 1 0 0 1 0 
0 1 1 0 1 1 1 0 1 2 
1 0 0 2 1 0 1 1 0 0 
0 0 1 2 0 0 0 1 1 2 
1 1 1 2 1 0 1 0 1 1 
0 0 0 2 0 0 0 1 1 0 
0 1 1 2 0 0 0 0 1 2 
1 1 1 2 1 0 1 0 0 1 
1 1 1 0 0 0 0 0 0 2 
0 1 0 0 0 1 1 0 0 1 
0 0 0 3 0 0 1 0 1 2 
0 1 1 1 0 1 0 0 0 1 
1 1 0 1 0 1 0 0 1 0 
0 1 0 2 1 0 1 1 0 2 
1 0 0 2 0 1 0 1 0 0 
1 1 0 2 0 1 0 0 0 0 
0 0 0 2 0 0 0 1 0 0 
1 0 0 3 0 1 0 0 1 2 
1 1 0 0 0 0 0 1 1 0 
1 1 1 0 0 0 0 0 1 2 
1 0 0 3 1 0 0 1 1 2 
0 1 1 2 0 0 1 1 1 1 
0 0 1 1 0 0 1 1 1 0 
1 0 1 2 0 0 0 0 1 1 
1 0 0 3 0 0 0 1 0 0 
1 0 1 3 1 1 0 0 1 1 
0 0 0 0 0 0 0 1 1 1 
0 0 0 0 0 0 0 1 1 0 
0 1 0 2 0 1 1 0 1 0 
1 0 1 1 0 1 0 1 0 2 
1 0 1 3 1 1 0 0 1 2 
0 0 0 3 0 1 0 1 1 2 
1 0 0 2 1 0 0 1 1 1 
1 1 0 2 0 1 0 0 1 0 
1 0 0 1 0 0 0 0 1 1 
0 1 0 0 0 1 0 0 1 2 
0 0 1 0 0 1 1 0 0 2 
1 1 1 3 0 1 1 1 1 0 
0 1 1 0 0 1 0 0 1 0 
1 1 1 1 1 0 1 1 0 0 
0 0 1 0 1 1 0 0 1 1 
0 1 0 0 1 0 0 0 1 2 
1 1 0 2 1 1 0 0 1 0 
1 1 0 1 0 1 1 0 0 0 
0 0 1 0 0 0 0 0 0 1 
0 0 0 2 1 0 0 0 1 0 
0 0 0 0 0 0 0 1 0 1 
0 0 0 3 0 1 0 1 0 2 
0 1 0 0 0 0 1 0 1 1 
0 0 1 0 1 0 0 1 1 1 
1 1 1 2 0 1 1 0 1 2 
1 0 0 2 1 0 0 1 0 1 
1 1 0 3 0 1 0 0 1 2 
0 0 0 3 1 0 0 0 0 1 
0 0 0 3 1 0 0 0 0 2 
1 1 1 0 0 0 1 0 1 2 
0 0 0 2 0 0 1 0 1 1 
0 0 0 3 0 0 1 0 0 2 
0 0 1 0 0 1 1 0 1 2 
0 0 1 1 1 1 0 0 1 0 
0 1 1 0 0 1 1 1 1 0 
1 0 0 2 0 0 1 1 0 0 
0 0 1 0 1 0 0 1 0 1 
1 1 0 1 1 1 0 0 1 0 
1 0 1 0 0 1 0 0 1 2 
0 1 1 1 0 1 0 0 1 1 
1 1 0 1 1 1 1 1 0 1 
0 0 1 0 0 0 1 1 0 0 
0 0 1 0 0 0 0 0 1 1 
1 1 0 2 0 0 0 1 1 2 
0 1 1 1 1 0 0 0 1 2 
0 1 1 1 1 0 1 1 0 0 
0 1 1 2 0 1 1 1 1 1 
0 0 0 2 1 0 1 0 1 2 
1 0 0 2 0 1 0 0 1 0 
1 0 0 2 0 1 1 1 0 0 
1 0 1 2 0 1 0 0 1 1 
1 1 0 3 0 1 0 0 0 2 
0 0 0 3 1 0 0 0 1 1 
0 0 0 3 1 0 0 0 1 2 
1 0 1 3 1 0 1 0 0 0 
1 0 0 0 1 1 0 1 1 2 
0 0 1 2 0 0 1 0 1 0 
0 0 1 3 0 0 0 0 0 2 
1 1 1 2 1 0 0 1 1 0 
1 1 0 0 1 1 0 0 1 1 
1 0 1 3 1 0 1 1 1 2 
0 0 1 1 1 1 1 0 1 1 
1 1 0 1 0 0 1 1 0 0 
1 1 0 1 0 0 0 0 1 0 
0 1 0 2 1 1 1 1 1 1 
1 1 1 1 0 0 1 1 0 1 
1 1 1 1 0 0 0 0 1 2 
1 1 0 1 0 0 1 1 0 1 
0 0 1 2 0 1 0 1 1 2 
1 0 1 2 1 1 1 1 0 2 
1 0 1 1 1 0 1 1 0 0 
1 0 0 1 1 0 1 1 0 0 
1 0 1 0 1 0 1 0 1 0 
0 0 1 0 0 0 1 1 1 0 
0 1 1 1 1 0 1 1 1 0 
0 1 1 3 0 0 1 1 1 2 
1 1 0 2 0 0 0 1 0 2 
0 0 0 1 1 0 0 1 0 1 
0 0 0 1 1 0 0 1 0 2 
0 1 1 3 1 1 0 1 1 0 
0 0 0 0 0 0 0 0 0 0 
1 1 0 3 0 0 1 0 0 1 
1 0 0 0 1 0 1 0 1 1 
0 1 1 1 1 0 0 0 0 2 
1 0 0 2 0 1 1 1 1 0 
1 0 1 2 0 1 0 0 0 1 
0 1 1 2 0 1 1 1 0 1 
0 0 0 1 0 0 0 1 1 1 
0 1 0 1 0 0 0 0 1 1 
0 1 0 3 1 0 1 0 1 0 
1 0 1 3 1 0 1 1 1 0 
1 0 0 0 1 1 0 1 0 2 
1 1 0 0 1 1 0 0 0 1 
0 0 1 2 1 1 0 0 1 0 
1 0 1 3 1 0 0 0 1 2 
1 1 1 0 1 1 1 1 1 2 
1 1 0 1 0 0 1 1 1 0 
0 1 1 3 1 1 0 1 0 0 
1 0 1 0 0 1 0 1 1 1 
1 0 1 2 1 1 1 1 1 2 
0 1 1 3 0 0 1 1 0 2 
0 0 0 0 0 0 0 0 1 0 
0 1 0 3 0 1 0 0 1 2 
0 1 1 2 0 1 1 0 1 0 
0 0 0 1 1 0 0 0 1 0 
0 0 0 1 0 0 0 0 0 0 
1 1 1 1 1 1 0 0 1 0 
0 1 0 0 1 1 1 1 1 0 
0 0 0 1 1 1 0 0 1 2 
0 0 1 1 0 0 1 0 1 2 
0 1 0 0 1 1 1 1 1 1 
0 0 0 0 1 0 0 0 0 0 
1 1 0 1 0 0 1 0 1 0 
0 0 1 0 1 0 1 0 1 0 
0 1 0 1 1 1 0 1 1 0 
1 1 0 0 0 0 0 1 0 0 
0 0 0 2 0 0 0 0 1 2 
0 0 0 2 0 0 0 0 1 1 
0 0 1 2 1 1 1 1 1 0 
1 0 1 3 1 0 1 0 1 2 
1 0 0 0 1 1 1 1 1 0 
0 0 0 0 1 0 0 1 1 2 
0 0 1 3 0 0 1 1 1 1 
0 0 0 1 1 0 0 0 0 0 
0 1 0 1 0 1 1 1 1 2 
0 0 0 0 0 0 1 1 1 2 
0 0 1 3 0 1 1 0 1 2 
0 1 1 2 0 1 1 0 0 0 
1 1 1 3 1 1 1 0 1 2 
1 0 0 1 1 0 1 0 0 2 
1 1 0 3 1 1 1 1 1 1 
1 0 0 2 0 1 0 0 0 1 
0 0 0 3 0 1 1 1 1 1 
0 1 1 0 0 0 1 1 1 1 
1 0 0 2 0 1 0 0 0 0 
0 0 0 1 0 0 0 0 1 0 
0 0 0 2 0 0 0 0 0 2 
0 0 1 1 0 0 1 0 0 2 
0 0 0 0 1 0 0 0 1 0 
1 0 1 3 0 1 0 0 1 2 
0 1 0 2 1 1 0 1 1 1 
1 0 0 0 1 1 1 1 0 0 
0 0 0 2 1 1 0 0 1 2 
1 1 0 1 1 0 1 1 1 0 
0 1 0 0 0 1 1 0 1 1 
0 0 1 3 0 0 1 1 0 1 
0 0 1 3 0 0 0 0 1 2 
0 1 1 3 0 0 0 1 1 1 
0 0 0 1 1 0 0 1 1 1 
0 0 0 1 1 0 0 1 1 2 
MFS
[ 1 , - , - , 3 , - , - , - , - , - , - ]
[ 1 , - , - , 1 , - , - , - , - , - , - ]
[ - , - , - , - , - , - , - , - , 0 , - ]
precise
1.0
recall
1.0
F-measure
1.0
multi
9
time
all 394 iden 1 gen 393
t-cover
5499
all-cover
5600
coveredNum
(1 : 216)  (2 : 409)  (3 : 617)  (4 : 671)  (5 : 655)  (6 : 580)  (7 : 481)  (8 : 411)  (9 : 376)  (10 : 281)  (11 : 221)  (12 : 158)  (13 : 119)  (14 : 99)  (15 : 86)  (16 : 53)  (17 : 36)  (18 : 24)  (19 : 26)  (20 : 15)  (21 : 19)  (22 : 8)  (23 : 6)  (24 : 6)  (25 : 8)  (26 : 8)  (27 : 1)  (28 : 2)  (29 : 1)  (30 : 3)  (33 : 3)  (35 : 1)  
real Identify
([ 1 , - , - , 3 , - , - , - , - , - , - ] : 1)  ([ 1 , - , - , 1 , - , - , - , - , - , - ] : 1)  ([ - , - , - , - , - , - , - , - , 0 , - ] : 1)  
testCase Num: 179
regaular Num: 90
identify Num: 90
1 1 1 1 0 1 1 1 1 1 
0 1 0 2 0 1 0 1 0 1 
0 0 0 2 0 0 0 1 1 2 
0 1 0 1 1 1 0 0 1 2 
0 0 0 2 0 0 0 1 1 1 
0 0 0 1 0 1 0 1 0 2 
0 0 1 1 0 1 0 1 0 2 
1 1 0 3 0 1 1 0 1 1 
0 1 0 3 1 1 1 0 0 0 
0 1 0 0 1 0 0 1 1 1 
0 1 1 3 0 0 0 1 0 0 
1 0 0 1 0 1 0 1 1 2 
1 0 0 0 1 0 0 1 0 2 
1 0 1 3 1 1 1 0 1 2 
1 1 0 0 0 1 1 0 1 0 
0 0 1 0 0 0 0 1 0 1 
0 1 0 2 0 1 0 1 1 1 
0 0 0 0 1 1 0 0 1 2 
1 0 0 2 0 1 0 1 0 0 
0 0 0 1 1 1 0 0 0 1 
0 0 0 2 0 0 0 1 0 1 
1 1 0 2 0 1 0 0 0 1 
1 0 1 3 0 1 1 0 0 0 
0 1 0 1 1 1 1 1 1 0 
1 0 0 3 0 1 0 0 1 2 
1 1 1 0 0 0 1 1 1 1 
1 1 1 0 0 0 1 1 0 1 
0 0 1 0 0 1 1 1 1 1 
1 0 1 2 1 0 1 0 0 1 
0 1 0 3 1 1 1 0 1 0 
0 0 1 0 1 1 1 0 1 2 
1 1 0 0 0 1 1 0 0 0 
0 0 1 2 0 1 1 0 1 0 
0 1 1 1 0 1 0 1 1 2 
1 0 0 0 1 0 0 1 1 2 
0 0 0 0 0 0 0 1 1 1 
0 0 1 0 0 0 0 1 1 1 
0 0 0 2 1 0 1 1 1 0 
1 0 1 3 1 1 0 0 1 2 
0 0 0 0 0 0 0 1 1 2 
1 0 1 2 0 1 0 1 1 1 
0 0 0 3 0 1 0 1 1 0 
0 0 0 0 1 1 0 0 0 2 
0 1 1 0 1 1 0 1 0 0 
0 0 1 1 1 1 1 1 0 2 
1 1 0 2 0 1 0 0 1 1 
0 0 0 0 1 0 1 0 1 0 
0 0 1 0 0 1 1 0 1 0 
0 0 0 3 0 0 1 1 1 2 
0 1 0 0 0 1 0 0 1 2 
0 0 1 0 0 1 1 0 0 2 
0 1 0 0 0 1 0 0 1 1 
1 0 1 1 1 1 0 1 0 0 
1 1 1 1 1 0 0 0 1 1 
0 0 0 2 1 1 0 1 0 2 
0 1 0 2 0 0 1 0 0 2 
0 0 1 1 0 0 0 0 1 0 
1 0 0 3 0 0 0 1 1 2 
0 1 1 3 0 0 1 0 1 2 
0 0 0 2 1 0 1 1 0 2 
1 0 1 1 0 1 0 1 1 2 
0 0 0 2 1 0 0 0 1 1 
0 0 0 2 1 0 1 1 0 0 
0 0 0 0 0 0 0 1 0 1 
1 0 0 1 1 0 0 1 1 2 
0 1 1 2 0 1 0 1 1 2 
1 1 1 0 1 0 0 0 0 2 
0 1 1 0 1 1 0 1 1 0 
0 1 1 2 1 0 0 0 1 1 
0 0 0 3 1 0 0 0 0 0 
1 1 0 3 0 1 0 0 1 2 
1 0 0 0 0 0 1 0 0 2 
0 0 1 0 0 1 1 0 1 2 
0 0 1 2 1 1 0 1 1 0 
0 0 0 1 0 1 0 0 1 0 
1 0 0 0 0 0 1 0 1 2 
1 0 1 0 0 1 0 0 1 2 
0 0 1 0 1 1 1 1 1 1 
1 1 1 0 1 0 0 0 1 2 
0 1 0 0 1 0 1 1 1 2 
1 1 1 0 0 1 0 1 1 2 
0 0 1 0 0 0 0 0 1 0 
0 1 1 3 0 0 1 0 0 2 
0 1 0 3 0 0 0 0 1 2 
0 0 1 0 0 0 0 0 1 1 
1 1 1 2 0 0 0 0 1 2 
1 1 1 1 0 1 0 1 0 2 
0 0 0 0 0 0 0 0 1 2 
1 0 0 2 0 1 1 1 0 2 
0 1 1 2 0 1 1 1 1 1 
0 1 0 1 1 0 1 1 0 1 
0 0 0 2 1 0 1 0 1 2 
1 1 0 3 0 1 0 0 0 2 
0 0 0 3 1 0 0 0 1 0 
0 0 0 3 1 0 1 1 0 1 
1 1 0 2 1 0 0 1 1 0 
1 0 0 1 0 0 0 1 1 2 
1 0 1 3 1 0 1 1 1 2 
0 1 1 2 1 1 1 1 1 1 
0 1 1 2 1 1 1 1 1 2 
0 0 0 3 0 0 0 0 0 1 
1 0 0 2 1 1 0 0 1 2 
0 1 0 3 1 1 0 1 1 2 
1 0 0 1 0 1 1 0 0 1 
1 0 1 3 0 0 0 0 1 1 
1 1 1 2 1 1 1 0 0 0 
0 0 0 2 1 0 1 0 0 2 
0 1 0 1 1 0 1 1 1 1 
0 0 0 0 0 0 0 0 0 0 
1 0 0 0 1 0 1 0 1 1 
0 0 0 2 1 0 1 0 0 0 
1 0 0 2 0 1 1 1 1 2 
1 1 1 1 0 1 0 1 1 2 
0 0 0 0 1 0 1 0 0 0 
0 0 1 1 1 1 1 1 1 2 
1 1 0 1 1 0 1 0 0 2 
0 0 0 3 1 0 1 1 1 1 
1 0 1 3 1 0 1 1 1 0 
1 0 0 3 1 0 1 0 1 0 
0 1 0 2 0 0 1 0 1 1 
0 1 1 2 0 0 0 1 0 0 
0 0 0 3 0 0 0 0 1 1 
0 1 0 2 0 0 1 0 1 2 
1 0 0 0 1 1 0 1 1 0 
1 0 1 3 1 0 0 0 1 2 
0 0 1 1 0 1 0 0 1 1 
0 0 0 2 0 1 0 1 0 2 
0 0 0 2 1 0 1 0 1 0 
0 0 0 0 0 0 0 0 1 0 
1 0 1 3 0 0 0 0 0 0 
1 1 1 2 1 1 1 0 1 0 
0 0 1 2 1 0 0 1 0 2 
0 1 0 3 0 1 0 0 1 2 
1 1 0 1 0 1 0 0 0 0 
1 0 0 2 0 1 0 1 1 2 
0 1 1 0 1 0 1 1 1 0 
0 0 0 1 0 0 0 0 0 1 
0 1 0 2 1 0 1 0 1 2 
0 0 0 2 1 0 0 1 0 2 
1 0 0 1 1 0 1 1 1 2 
1 0 0 2 0 1 0 1 1 0 
0 0 1 1 0 0 1 0 1 2 
0 0 1 3 1 0 0 1 1 2 
0 0 0 1 1 1 0 0 1 1 
0 0 0 2 0 0 0 0 1 0 
0 1 1 1 0 0 1 1 1 0 
0 1 1 2 0 0 0 1 1 0 
1 1 0 3 1 0 0 1 0 1 
1 0 1 3 1 0 1 0 1 2 
1 0 1 2 1 0 1 0 1 1 
0 0 1 1 0 1 0 0 0 1 
1 1 1 3 1 0 1 1 1 0 
1 1 0 2 0 0 1 0 1 0 
0 1 1 1 0 1 0 1 0 2 
0 1 1 3 1 1 0 0 1 1 
0 0 1 2 1 0 0 1 1 2 
0 1 0 2 0 1 0 0 1 0 
0 1 1 0 1 0 0 0 1 1 
0 1 1 0 1 0 0 0 1 0 
0 0 0 1 0 0 0 0 1 1 
0 1 1 1 0 0 1 1 0 0 
1 0 0 0 1 1 0 0 0 1 
0 0 1 3 1 0 0 1 0 2 
1 0 1 3 0 1 1 1 0 1 
0 0 0 2 0 0 0 0 0 0 
1 0 1 3 0 1 0 0 1 2 
1 0 1 0 0 0 1 1 1 0 
1 0 0 1 1 1 0 1 1 2 
1 0 0 0 1 1 0 0 1 1 
0 1 1 2 1 1 1 1 0 1 
0 1 0 0 0 1 1 0 1 1 
0 0 0 3 0 0 0 1 1 1 
1 0 0 1 1 0 1 0 1 2 
0 1 1 3 0 0 0 1 1 0 
1 0 0 1 1 0 1 0 1 0 
0 1 1 0 1 0 0 0 0 1 
0 1 0 3 1 1 0 1 0 2 
0 0 0 1 1 0 0 1 1 1 
0 0 0 2 0 1 1 0 1 1 
MFS
[ 1 , - , - , 3 , - , - , - , - , - , - ]
[ 1 , - , - , 1 , - , - , - , - , - , - ]
[ - , - , - , - , - , - , - , - , 0 , - ]
precise
1.0
recall
1.0
F-measure
1.0
multi
10
time
all 267 iden 0 gen 267
t-cover
5477
all-cover
5600
coveredNum
(1 : 180)  (2 : 464)  (3 : 672)  (4 : 669)  (5 : 680)  (6 : 559)  (7 : 500)  (8 : 378)  (9 : 309)  (10 : 251)  (11 : 207)  (12 : 164)  (13 : 146)  (14 : 95)  (15 : 73)  (16 : 63)  (17 : 43)  (18 : 27)  (19 : 27)  (20 : 19)  (21 : 21)  (22 : 14)  (23 : 9)  (24 : 7)  (25 : 6)  (26 : 7)  (27 : 3)  (28 : 2)  (29 : 1)  (30 : 3)  (33 : 1)  
real Identify
([ 1 , - , - , 3 , - , - , - , - , - , - ] : 1)  ([ 1 , - , - , 1 , - , - , - , - , - , - ] : 1)  ([ - , - , - , - , - , - , - , - , 0 , - ] : 1)  
testCase Num: 176
regaular Num: 89
identify Num: 88
0 0 1 3 0 1 0 0 1 1 
1 0 0 3 1 1 1 0 0 1 
1 0 1 3 1 1 1 0 0 2 
0 1 1 0 1 0 0 0 0 0 
0 1 0 2 1 0 1 1 1 2 
0 1 1 0 0 0 0 1 1 2 
0 1 1 0 0 0 0 1 1 1 
1 1 0 1 1 0 0 1 0 1 
1 0 0 3 0 1 1 1 1 0 
0 1 1 1 0 0 1 0 1 1 
1 0 0 1 0 0 1 0 1 1 
1 1 1 3 0 1 1 0 1 1 
1 1 0 3 0 1 1 0 1 2 
0 1 1 0 0 1 1 0 0 1 
0 1 1 2 1 1 0 1 0 0 
0 0 1 3 1 1 0 0 1 0 
1 1 1 0 0 1 1 0 1 2 
0 1 1 1 0 1 0 0 0 2 
0 1 0 3 1 1 1 0 0 1 
0 1 1 3 1 1 1 0 0 1 
1 1 1 3 0 0 0 0 1 1 
0 0 1 2 1 0 0 0 1 2 
0 0 1 1 1 0 1 0 1 2 
0 0 0 0 1 1 0 0 1 1 
0 0 0 1 0 0 1 0 0 2 
0 1 0 0 1 0 0 0 1 0 
0 1 0 2 1 0 0 0 1 2 
0 0 0 0 1 1 0 0 1 2 
0 1 1 0 0 0 0 0 0 1 
1 1 0 3 1 1 1 0 1 1 
0 0 0 1 1 1 0 0 0 1 
0 0 1 3 1 0 1 0 1 2 
1 1 0 1 1 0 0 1 1 1 
0 1 1 1 0 0 1 0 0 1 
0 1 1 2 1 1 0 1 1 0 
0 0 1 3 1 1 0 0 0 0 
1 1 0 3 1 0 0 0 1 0 
0 0 0 2 0 1 1 1 1 2 
1 1 1 1 1 1 0 0 1 1 
0 0 1 0 1 1 1 0 1 2 
1 1 0 2 0 0 0 0 1 0 
0 0 1 1 1 0 1 0 0 2 
1 0 1 1 0 1 1 1 1 0 
0 0 0 0 0 0 0 1 1 1 
1 0 0 0 1 0 0 0 1 2 
0 0 0 0 0 0 0 1 1 0 
0 1 0 2 1 0 0 0 0 2 
0 1 0 1 1 0 0 1 1 1 
1 1 1 2 1 1 1 1 1 2 
1 0 0 2 1 1 1 0 1 0 
1 1 1 3 1 1 0 1 1 1 
0 0 0 0 1 1 0 0 0 2 
0 0 0 1 0 0 1 0 1 2 
1 1 1 3 0 0 0 1 0 2 
1 0 0 2 1 0 0 1 1 2 
1 1 0 2 0 1 0 0 1 1 
0 1 1 1 1 1 0 1 1 2 
1 1 1 0 1 1 1 0 1 1 
1 0 1 2 1 0 0 1 1 1 
0 0 1 0 0 1 1 0 1 0 
0 0 0 3 0 0 1 1 1 2 
0 1 0 0 0 1 0 0 1 2 
0 0 0 3 1 1 1 0 0 1 
0 0 1 3 0 0 0 1 0 0 
1 0 0 2 0 0 1 1 1 0 
0 0 1 0 1 0 0 1 1 2 
0 1 1 3 0 0 1 0 1 0 
0 0 0 2 0 1 1 1 0 2 
1 1 0 2 0 0 0 0 0 0 
0 0 0 2 0 1 0 0 1 0 
1 0 0 2 1 1 1 0 0 0 
1 0 0 3 0 0 0 1 1 1 
0 1 0 3 1 1 0 0 1 2 
0 0 1 2 0 1 0 0 1 1 
0 0 1 2 0 1 0 0 1 2 
1 0 0 0 1 0 0 0 0 2 
0 0 0 0 0 0 0 1 0 0 
1 1 1 3 0 0 0 1 1 1 
1 0 1 1 0 1 0 1 1 1 
0 0 0 2 1 0 0 0 1 0 
1 1 1 2 1 1 1 1 0 2 
0 0 0 1 1 0 1 0 1 1 
0 0 1 2 1 0 1 0 0 1 
0 1 1 0 0 0 0 1 0 1 
0 0 1 0 1 1 1 1 0 1 
0 1 1 0 0 0 0 1 0 2 
1 0 0 1 1 0 0 1 1 1 
0 1 0 2 1 0 0 1 1 1 
1 1 1 3 0 0 0 1 1 2 
0 0 1 3 0 1 0 0 0 1 
0 1 1 0 1 1 0 1 1 1 
0 1 0 1 1 1 1 0 1 0 
0 0 0 0 0 1 1 1 1 0 
0 0 0 2 0 0 1 0 1 1 
1 0 1 0 1 1 0 1 1 0 
1 1 0 0 0 0 1 1 1 0 
0 1 1 2 0 0 1 0 1 0 
1 0 1 2 1 0 0 0 1 0 
1 0 0 0 0 0 1 0 1 2 
0 0 0 3 1 1 1 0 1 1 
0 0 1 0 1 0 0 1 0 2 
0 1 0 0 0 1 0 0 0 2 
0 1 1 1 0 1 0 0 1 2 
1 0 0 1 1 0 0 0 0 0 
0 0 1 0 1 1 1 1 1 1 
0 1 0 0 1 0 1 1 1 2 
0 0 1 2 1 0 1 0 1 1 
0 0 0 1 1 0 1 0 0 1 
0 0 1 2 0 1 1 1 1 0 
0 1 0 3 0 0 1 1 0 1 
1 0 1 1 0 1 1 0 1 2 
0 0 1 0 0 0 0 0 1 2 
1 1 1 3 0 0 1 0 1 1 
0 1 0 3 0 1 0 1 1 0 
0 1 1 0 0 0 1 0 0 1 
0 0 1 0 1 0 1 1 1 0 
1 1 0 1 1 0 1 1 1 2 
1 1 0 0 1 1 1 1 1 0 
1 0 1 1 0 0 0 1 1 1 
1 1 0 0 1 1 1 1 0 0 
0 0 1 1 0 1 1 1 1 1 
0 1 0 2 1 1 1 1 1 1 
0 0 0 3 0 0 0 0 0 2 
1 0 0 2 1 1 0 0 1 1 
1 0 1 1 1 0 0 0 1 2 
0 1 0 3 0 0 1 1 1 1 
1 1 0 0 0 1 0 0 0 1 
0 1 0 3 0 1 0 1 0 0 
0 0 0 3 0 1 1 0 1 0 
0 0 0 0 0 0 0 0 0 0 
0 1 1 2 0 1 0 0 1 0 
0 0 0 1 0 0 0 1 1 2 
1 0 0 0 0 0 1 1 0 1 
0 0 0 2 0 0 1 1 1 1 
0 0 0 3 0 0 1 1 0 2 
1 0 1 3 1 0 1 1 0 0 
1 0 0 0 0 0 1 1 1 1 
0 0 0 3 0 0 0 0 1 2 
0 0 1 3 0 0 0 1 1 0 
1 0 0 2 1 1 0 0 0 1 
0 1 0 3 1 1 0 0 0 2 
1 1 0 0 0 1 0 1 1 2 
0 0 0 0 0 0 0 0 1 0 
0 0 1 2 0 1 0 0 0 1 
1 0 1 1 0 1 1 1 1 1 
0 0 0 3 0 1 1 0 0 0 
0 0 1 1 1 0 1 1 0 0 
1 1 1 1 0 1 0 0 0 0 
0 0 0 1 0 0 0 0 0 1 
0 0 0 1 1 1 0 0 1 1 
0 1 1 2 0 0 0 1 1 1 
0 0 0 3 1 1 0 1 1 2 
1 0 0 0 0 0 0 0 1 0 
1 1 1 0 1 0 1 0 1 1 
1 0 1 1 1 0 0 1 1 1 
1 0 1 2 0 0 0 1 0 1 
1 1 0 2 0 0 1 0 1 1 
1 0 0 1 0 1 1 1 0 2 
1 1 1 2 0 0 1 0 1 2 
1 0 0 3 1 1 1 0 1 1 
0 0 1 1 1 0 1 1 1 0 
0 1 1 0 1 0 0 0 1 0 
0 0 0 1 0 0 0 0 1 1 
1 1 1 3 1 1 1 0 1 1 
0 1 0 1 0 0 0 1 1 0 
0 1 1 0 1 1 1 0 0 1 
0 1 1 3 1 0 1 0 1 1 
0 1 1 2 1 1 0 0 1 1 
1 0 0 0 0 0 0 0 0 0 
0 1 0 0 0 1 1 0 1 2 
1 1 0 2 0 0 1 0 0 1 
1 0 1 2 0 0 0 1 1 1 
0 0 0 0 1 1 1 0 1 1 
1 1 0 0 0 1 0 0 1 1 
1 1 1 0 0 1 1 0 0 2 
1 0 1 1 0 1 1 0 1 1 
MFS
[ 1 , - , - , 3 , - , - , - , - , - , - ]
[ 1 , - , - , 1 , - , - , - , - , - , - ]
[ - , - , - , - , - , - , - , - , 0 , - ]
precise
1.0
recall
1.0
F-measure
1.0
multi
8
time
all 304 iden 1 gen 303
t-cover
5508
all-cover
5600
coveredNum
(1 : 220)  (2 : 418)  (3 : 657)  (4 : 647)  (5 : 671)  (6 : 595)  (7 : 518)  (8 : 389)  (9 : 349)  (10 : 245)  (11 : 207)  (12 : 148)  (13 : 121)  (14 : 126)  (15 : 79)  (16 : 69)  (17 : 52)  (18 : 27)  (19 : 25)  (20 : 16)  (21 : 11)  (22 : 7)  (23 : 1)  (24 : 1)  (25 : 1)  
real Identify
([ 1 , - , - , 3 , - , - , - , - , - , - ] : 1)  ([ 1 , - , - , 1 , - , - , - , - , - , - ] : 1)  ([ - , - , - , - , - , - , - , - , 0 , - ] : 1)  
testCase Num: 189
regaular Num: 93
identify Num: 96
1 1 0 0 1 0 0 0 1 2 
1 1 1 1 0 1 1 1 1 0 
0 1 1 0 0 0 0 1 1 2 
0 0 0 1 0 0 1 1 1 2 
0 0 0 0 1 1 1 1 1 2 
0 1 0 2 1 0 1 1 1 1 
0 1 0 2 1 0 1 1 1 0 
0 1 0 0 0 0 0 1 1 1 
0 1 1 0 0 0 0 1 1 1 
1 0 0 2 1 0 1 1 0 1 
0 0 0 0 0 1 0 0 1 2 
0 0 0 0 0 1 0 0 1 1 
0 0 0 0 0 1 0 0 1 0 
1 0 0 3 1 0 0 1 0 0 
0 1 0 2 0 0 0 0 1 1 
0 1 1 2 0 0 0 0 1 1 
0 0 0 2 1 1 1 0 1 2 
0 1 1 2 0 0 0 0 1 0 
0 1 0 0 0 1 1 0 0 2 
0 0 0 3 0 0 1 0 1 2 
0 0 1 2 0 1 1 0 0 0 
1 1 1 2 1 1 0 1 1 1 
0 1 0 3 0 0 0 1 0 0 
0 1 0 1 0 1 0 0 0 1 
1 0 1 3 1 1 1 0 1 1 
1 0 1 0 0 1 1 0 1 2 
0 1 0 2 0 1 0 1 1 2 
0 1 1 0 0 0 0 0 0 0 
1 0 0 3 0 1 0 0 1 1 
0 0 0 0 1 0 0 1 1 0 
0 0 0 0 0 1 0 0 0 2 
0 0 0 0 0 1 0 0 0 1 
1 1 1 0 1 1 0 1 0 2 
1 0 0 2 0 0 0 1 1 2 
0 1 0 2 0 0 0 0 0 1 
1 1 1 1 0 0 1 0 1 2 
0 1 1 0 0 0 0 0 1 0 
1 0 1 0 0 1 1 0 0 2 
0 1 0 1 0 1 0 0 1 1 
1 1 1 1 0 1 1 0 1 0 
0 1 0 3 0 0 0 1 1 0 
0 0 1 2 0 1 1 0 1 0 
0 1 0 3 0 0 0 1 1 2 
1 0 1 3 0 0 1 0 1 1 
1 0 0 0 1 0 1 1 0 1 
1 0 1 3 1 1 0 0 1 1 
0 0 1 0 0 0 0 1 1 2 
1 0 0 3 1 1 1 1 0 2 
0 0 1 0 1 1 0 0 0 2 
1 1 1 3 0 0 0 1 0 1 
1 1 1 1 0 0 1 0 1 0 
1 1 0 2 0 1 1 1 0 0 
0 0 1 1 1 1 0 0 1 2 
0 1 1 2 1 0 0 0 0 2 
0 1 0 0 0 1 0 0 1 2 
1 1 1 1 1 0 0 0 1 0 
0 0 1 3 0 0 0 1 0 0 
1 1 1 1 0 0 1 0 0 2 
0 1 0 2 1 1 1 0 1 1 
1 0 1 1 1 0 1 0 0 2 
1 0 1 1 1 0 1 0 0 0 
0 0 0 0 1 1 0 0 1 0 
1 0 1 0 1 0 1 1 1 2 
1 1 0 2 1 1 0 0 1 0 
0 0 0 2 0 1 0 0 1 2 
1 0 0 0 1 0 1 1 1 1 
0 0 0 2 1 0 0 0 1 0 
0 0 0 2 1 0 0 0 1 1 
0 1 1 2 0 1 0 1 1 2 
0 1 1 0 0 0 0 1 0 2 
1 1 1 3 1 1 0 0 0 1 
0 1 0 0 0 0 1 0 1 1 
1 0 1 2 0 0 1 0 1 1 
0 0 1 1 0 0 0 1 1 0 
1 1 0 2 0 1 1 1 1 0 
0 1 1 2 1 0 0 0 1 2 
1 1 1 0 0 0 1 0 1 1 
0 1 1 2 0 0 1 0 1 2 
0 1 0 0 0 1 0 0 0 2 
0 0 1 0 1 1 1 1 1 1 
0 0 1 2 1 0 1 0 1 0 
1 1 0 2 1 1 0 0 0 0 
1 0 0 1 0 1 0 1 0 0 
0 0 0 2 0 1 0 0 0 2 
1 1 0 3 0 0 1 0 1 1 
1 1 1 1 0 1 0 1 0 2 
1 1 1 3 0 0 1 0 1 0 
1 0 1 3 1 1 0 1 1 1 
1 0 1 2 0 1 0 0 1 2 
1 0 0 2 0 1 0 0 1 0 
0 0 1 2 1 0 1 0 1 2 
0 1 0 2 0 1 1 1 1 1 
1 0 1 0 0 1 0 1 1 0 
0 0 0 0 1 1 0 1 0 2 
0 0 1 0 1 0 1 1 1 2 
1 1 0 3 0 1 0 0 0 2 
0 0 1 1 0 0 0 1 0 0 
0 0 1 3 1 0 0 0 1 2 
0 1 0 3 1 0 1 0 0 1 
1 0 1 3 1 0 1 1 1 2 
1 1 1 1 0 0 1 1 0 2 
0 0 0 1 0 1 1 1 1 1 
0 0 1 0 1 0 1 1 0 2 
0 0 0 2 0 1 0 1 1 0 
1 0 1 0 0 1 0 1 0 0 
0 1 1 0 0 0 1 0 1 0 
1 0 1 0 1 0 1 0 1 0 
1 1 1 1 1 1 0 1 0 2 
0 1 1 1 0 1 1 0 1 1 
1 0 0 1 1 0 0 0 1 0 
0 1 0 3 1 1 0 1 1 2 
0 0 1 2 0 1 0 1 1 1 
0 0 0 0 0 0 0 0 0 0 
1 1 1 1 0 1 0 1 1 2 
0 0 1 0 1 0 1 1 0 0 
1 1 1 1 0 0 0 0 1 0 
0 1 1 0 1 1 0 0 1 1 
0 0 1 3 1 0 0 0 0 2 
0 1 0 1 0 0 0 0 1 0 
0 1 0 1 1 1 0 1 0 2 
1 1 1 2 1 0 0 0 1 0 
1 0 0 0 1 1 0 1 0 2 
0 1 0 3 1 0 1 0 1 1 
1 0 0 1 0 0 0 0 0 1 
1 0 1 0 0 0 1 0 1 1 
0 1 0 2 0 0 1 0 1 2 
1 0 1 2 1 0 0 1 1 0 
0 1 0 2 0 0 1 0 1 0 
0 0 0 1 0 1 1 0 0 0 
0 0 0 1 0 1 1 0 0 2 
1 1 1 1 0 0 0 0 0 1 
0 0 1 0 1 0 0 0 0 2 
0 0 1 3 0 0 0 1 1 0 
0 1 1 1 0 1 1 0 0 1 
0 0 1 1 1 0 0 1 1 1 
0 0 0 0 0 0 0 0 1 0 
0 1 1 3 0 1 1 1 0 2 
0 0 1 3 0 1 1 0 0 0 
0 1 1 0 1 0 1 1 1 0 
0 0 0 1 1 0 0 0 1 0 
0 0 0 1 0 0 0 0 0 2 
0 1 0 2 0 1 0 0 0 1 
1 0 0 3 0 1 0 0 0 0 
0 0 0 3 1 0 1 0 0 0 
0 1 0 1 1 1 0 1 1 2 
0 0 0 2 0 0 0 0 1 0 
0 0 0 2 0 0 0 0 1 1 
1 0 0 2 0 0 0 1 0 2 
1 1 1 2 1 0 1 1 0 2 
1 1 0 1 0 0 1 0 0 0 
1 1 0 1 1 0 0 0 1 0 
0 0 0 1 0 1 1 0 1 0 
0 0 0 3 0 0 0 1 0 1 
1 1 0 1 0 0 1 0 0 2 
0 0 0 1 0 1 1 0 1 2 
1 1 0 1 1 1 1 0 1 1 
0 1 0 3 0 0 1 0 1 1 
1 1 0 0 0 1 1 1 1 0 
0 1 1 3 1 1 0 0 1 0 
0 0 0 3 0 1 1 1 1 0 
1 0 1 3 1 1 0 1 0 1 
0 1 1 3 0 1 1 1 1 2 
0 0 1 3 0 1 1 0 1 0 
0 1 1 0 1 0 1 1 0 0 
1 1 1 1 0 1 0 0 1 0 
0 1 0 2 0 1 0 0 1 1 
0 1 0 2 0 1 1 1 0 1 
1 0 1 3 1 1 0 1 0 2 
1 1 1 1 0 1 1 1 0 0 
0 0 0 1 0 0 0 0 1 2 
1 1 1 1 0 1 1 1 0 1 
0 0 1 0 1 0 1 0 0 2 
0 0 0 3 1 0 1 0 1 0 
1 1 0 1 1 0 1 1 0 1 
1 0 1 3 1 0 1 0 1 1 
1 0 0 2 1 0 1 1 1 1 
1 1 1 0 1 1 0 0 1 1 
0 1 1 1 1 1 1 1 1 0 
1 1 1 2 1 0 1 1 1 2 
0 1 1 2 0 0 0 0 0 0 
1 1 0 0 1 1 0 1 0 2 
0 0 1 0 0 1 0 0 0 2 
1 1 1 0 1 1 0 0 0 1 
1 1 1 1 0 0 0 1 0 2 
0 1 0 0 0 1 1 0 1 2 
0 0 0 3 0 0 0 1 1 1 
0 0 1 2 0 1 0 1 0 1 
0 0 1 3 1 1 1 1 1 1 
1 0 0 3 0 0 1 0 1 1 
MFS
[ - , - , - , - , - , - , - , - , - , - ]
[ 1 , - , - , 3 , - , - , - , - , - , - ]
[ 1 , - , - , 1 , - , - , - , - , - , - ]
[ - , - , - , - , - , - , - , - , 0 , - ]
precise
0.75
recall
1.0
F-measure
0.8571428571428571
multi
14
time
all 334 iden 0 gen 334
t-cover
5502
all-cover
5600
coveredNum
(1 : 148)  (2 : 382)  (3 : 565)  (4 : 605)  (5 : 664)  (6 : 579)  (7 : 483)  (8 : 486)  (9 : 395)  (10 : 297)  (11 : 235)  (12 : 174)  (13 : 145)  (14 : 108)  (15 : 83)  (16 : 73)  (17 : 42)  (18 : 29)  (19 : 30)  (20 : 12)  (21 : 16)  (22 : 11)  (23 : 9)  (24 : 8)  (25 : 7)  (26 : 5)  (27 : 1)  (28 : 2)  (29 : 3)  (30 : 1)  (31 : 1)  (33 : 1)  
real Identify
([ 1 , - , - , 3 , - , - , - , - , - , - ] : 1)  ([ 1 , - , - , 1 , - , - , - , - , - , - ] : 1)  ([ - , - , - , - , - , - , - , - , 0 , - ] : 1)  
testCase Num: 189
regaular Num: 92
identify Num: 97
0 0 0 2 1 0 0 0 0 1 
1 1 1 3 0 0 0 0 0 1 
0 0 0 1 1 0 1 0 0 0 
0 0 0 3 0 1 1 1 0 1 
0 1 0 0 0 0 0 1 1 1 
1 1 1 2 0 1 0 1 1 0 
0 0 1 1 1 1 0 1 1 1 
0 1 1 0 0 1 1 0 1 0 
0 0 1 1 1 1 0 1 1 0 
1 0 0 1 1 1 0 0 1 0 
1 0 1 3 0 1 1 1 1 0 
0 0 0 2 0 0 0 1 1 1 
0 0 1 2 0 0 0 1 1 0 
1 0 1 3 0 1 1 1 1 2 
0 0 0 0 0 1 0 0 1 0 
0 1 0 2 0 0 0 0 1 0 
0 0 1 0 0 1 0 0 1 1 
0 1 1 2 0 0 0 0 1 1 
0 0 1 0 0 1 0 0 1 2 
1 1 0 3 1 0 0 0 0 2 
0 0 0 3 1 1 0 0 1 0 
1 1 1 3 1 0 0 0 0 1 
1 0 0 0 0 1 1 1 1 2 
0 1 1 0 1 0 0 1 1 2 
1 1 1 2 0 0 1 1 1 1 
1 0 0 1 0 1 0 1 1 2 
0 0 1 1 1 0 1 1 1 2 
0 1 0 3 1 1 1 0 0 2 
0 1 1 1 0 1 0 0 0 2 
0 0 0 0 0 0 1 0 1 2 
0 1 0 1 1 0 0 1 0 1 
0 0 1 2 1 0 1 1 0 0 
1 1 0 3 0 0 0 1 1 1 
0 1 0 2 1 0 0 0 1 2 
0 0 0 2 0 0 0 1 0 1 
1 1 1 2 0 1 0 1 0 0 
0 0 1 1 1 1 0 1 0 0 
1 0 0 2 1 0 0 0 0 1 
1 0 0 1 1 1 1 1 1 0 
1 0 1 2 1 0 1 1 1 2 
0 0 0 0 0 1 0 0 0 0 
1 1 1 2 0 1 0 1 0 1 
1 1 0 0 0 0 0 1 1 1 
0 1 0 2 0 0 0 0 0 0 
0 1 1 2 0 0 1 1 1 0 
1 0 0 1 1 1 0 0 1 1 
1 1 0 3 1 0 0 0 1 2 
0 1 0 0 1 1 1 0 1 0 
1 0 1 2 0 0 0 0 1 1 
0 1 0 1 0 1 0 0 1 1 
1 1 1 1 1 1 1 1 0 2 
0 0 1 2 1 0 1 1 1 0 
1 0 1 0 1 0 0 0 1 0 
1 1 1 2 0 0 1 0 0 0 
0 0 0 1 1 0 0 0 1 2 
0 0 1 0 0 0 0 1 1 0 
1 1 1 2 1 1 0 0 0 0 
1 0 1 0 1 0 0 0 1 2 
0 1 0 3 1 1 1 0 1 2 
1 0 1 3 1 1 0 0 1 1 
1 0 0 0 1 0 0 0 1 1 
0 1 0 2 1 0 0 0 0 2 
0 1 0 1 1 0 0 1 1 1 
1 0 0 2 0 1 1 0 0 0 
0 0 1 2 1 0 1 1 1 1 
1 0 1 2 0 1 0 1 1 2 
1 0 1 3 0 1 1 0 1 2 
1 0 0 1 0 0 1 1 1 0 
0 1 1 3 1 0 0 0 1 0 
0 0 1 3 0 0 0 1 0 2 
0 0 1 3 0 0 0 1 0 1 
1 1 1 3 0 1 1 1 1 1 
0 1 1 2 1 1 1 0 1 2 
1 1 1 3 0 1 1 1 1 2 
1 0 0 2 0 0 1 1 1 0 
1 1 0 1 1 1 0 0 0 0 
0 0 1 0 1 1 0 0 1 1 
0 1 0 0 1 0 0 0 1 2 
0 1 1 1 1 0 1 0 1 1 
1 1 1 2 1 1 0 0 1 0 
0 0 0 2 1 0 0 0 1 2 
1 0 1 2 0 1 0 1 0 2 
0 1 1 3 0 1 0 1 0 0 
0 0 0 1 1 0 1 0 1 0 
1 1 0 0 1 0 0 1 0 0 
1 0 1 0 0 1 1 1 1 0 
1 0 0 2 0 1 1 0 1 0 
0 0 0 0 1 1 0 1 1 2 
0 1 1 3 1 0 0 0 0 0 
1 1 1 3 0 1 1 0 0 1 
1 1 1 3 0 1 1 0 0 0 
0 1 1 1 0 1 0 0 1 2 
1 0 0 2 1 1 1 1 1 1 
1 1 0 0 1 0 0 1 1 0 
0 1 0 3 0 0 0 0 1 2 
1 0 0 3 0 0 0 0 0 1 
1 0 1 0 1 0 1 0 0 2 
1 1 1 2 0 0 1 1 0 1 
0 0 0 0 0 0 0 0 1 1 
0 1 1 3 0 1 0 1 1 0 
0 0 0 2 1 0 1 0 1 2 
0 1 0 2 0 1 1 1 1 2 
0 1 1 0 0 0 1 0 0 2 
0 0 0 0 1 1 0 1 0 2 
0 0 0 0 1 0 1 1 1 0 
1 1 1 1 0 0 1 1 1 0 
1 1 1 2 0 1 1 0 0 0 
0 1 1 3 1 0 1 0 0 1 
1 1 1 0 1 1 1 1 1 1 
1 1 0 2 1 0 0 1 1 0 
1 1 1 0 1 1 1 1 0 1 
1 1 1 3 0 1 0 0 0 1 
1 1 0 1 1 0 1 0 0 0 
1 1 1 1 1 0 1 0 0 0 
0 1 1 2 1 1 1 1 1 2 
1 1 1 1 0 0 1 1 0 0 
1 1 1 1 0 0 0 0 1 1 
1 0 1 1 1 0 1 1 0 1 
0 0 0 2 0 1 0 1 1 0 
1 0 1 3 0 0 0 0 1 2 
1 0 1 0 1 0 1 0 1 2 
1 0 0 1 0 1 1 0 0 1 
0 1 0 3 1 1 0 1 1 1 
0 0 0 2 0 1 0 1 1 2 
0 0 0 0 0 0 0 0 0 0 
1 0 0 3 1 1 0 1 0 2 
0 0 0 1 0 0 0 1 1 1 
0 1 1 0 0 0 1 0 1 2 
0 1 0 1 0 0 0 0 1 2 
0 0 1 0 1 0 0 0 1 1 
0 0 1 2 1 1 1 1 0 1 
1 1 1 2 1 0 0 0 0 1 
0 0 1 3 0 0 0 1 1 2 
1 0 1 3 1 0 0 0 1 2 
1 1 1 3 0 1 1 1 0 1 
0 0 1 3 0 0 0 1 1 1 
0 1 0 2 1 1 0 0 1 0 
1 0 0 1 1 0 1 1 1 0 
0 1 1 0 1 0 1 1 1 2 
1 0 0 3 0 0 1 1 1 2 
0 0 0 0 0 0 0 0 1 0 
0 0 0 2 0 1 0 1 0 0 
0 1 1 2 0 1 1 0 1 0 
0 0 0 0 0 0 1 0 0 2 
0 0 0 1 1 0 0 0 1 0 
0 1 0 2 1 0 1 0 1 1 
0 1 1 0 0 0 1 1 0 0 
0 0 1 1 0 0 1 0 1 2 
0 1 0 3 1 0 0 0 1 2 
1 0 1 1 0 0 1 1 1 0 
1 1 0 0 0 0 0 1 0 1 
0 1 1 1 0 0 1 1 1 0 
0 0 0 2 0 0 0 0 1 2 
0 0 1 2 0 0 0 0 1 0 
0 0 1 2 1 1 1 1 1 1 
0 1 0 1 0 1 1 1 1 0 
1 0 0 1 1 0 1 0 0 0 
0 1 1 0 0 0 1 1 1 0 
1 1 0 2 0 0 1 0 1 2 
1 1 1 3 1 0 1 1 1 2 
0 1 0 3 0 0 1 0 1 0 
0 0 0 1 1 0 0 0 0 2 
0 0 0 0 0 0 1 0 1 1 
1 0 1 3 0 0 0 1 1 0 
0 0 1 3 0 1 1 0 1 2 
0 0 0 0 0 0 1 1 1 2 
0 0 0 0 0 0 1 1 1 1 
0 1 0 2 0 1 0 0 1 1 
0 1 0 2 1 0 1 0 0 1 
0 1 0 2 0 1 1 1 0 2 
0 0 0 3 0 1 1 1 1 1 
1 1 1 2 0 1 0 0 0 0 
1 1 1 2 1 0 1 0 0 0 
1 0 1 1 0 0 0 0 1 0 
0 1 1 3 1 0 1 0 1 1 
1 0 1 3 0 1 0 0 1 2 
1 0 0 3 1 0 0 0 1 2 
0 0 1 0 0 1 0 0 0 1 
0 0 1 0 0 1 0 0 0 2 
1 1 0 2 1 0 0 0 0 1 
1 0 0 3 1 0 1 1 0 0 
1 0 0 1 1 1 0 1 1 0 
0 1 0 0 0 1 1 0 1 1 
1 1 0 2 0 0 1 0 0 2 
1 0 0 1 1 0 1 0 1 2 
0 0 1 1 1 0 1 1 0 2 
1 0 0 3 0 0 1 0 1 1 
0 0 0 2 0 1 1 0 1 1 
1 1 0 0 0 1 0 0 1 2 
MFS
[ - , - , - , - , - , - , - , - , - , - ]
[ 1 , - , - , 3 , - , - , - , - , - , - ]
[ 1 , - , - , 1 , - , - , - , - , - , - ]
[ - , - , - , - , - , - , - , - , 0 , - ]
precise
0.75
recall
1.0
F-measure
0.8571428571428571
multi
10
time
all 278 iden 2 gen 276
t-cover
5501
all-cover
5600
coveredNum
(1 : 154)  (2 : 384)  (3 : 524)  (4 : 624)  (5 : 583)  (6 : 635)  (7 : 528)  (8 : 486)  (9 : 374)  (10 : 304)  (11 : 243)  (12 : 194)  (13 : 145)  (14 : 100)  (15 : 71)  (16 : 71)  (17 : 51)  (18 : 33)  (19 : 28)  (20 : 24)  (21 : 8)  (22 : 6)  (23 : 11)  (24 : 8)  (25 : 7)  (26 : 3)  (27 : 1)  
real Identify
([ 1 , - , - , 3 , - , - , - , - , - , - ] : 1)  ([ 1 , - , - , 1 , - , - , - , - , - , - ] : 1)  ([ - , - , - , - , - , - , - , - , 0 , - ] : 1)  
testCase Num: 203
regaular Num: 95
identify Num: 110
1 1 0 0 1 0 0 0 1 2 
0 1 0 0 0 0 0 1 1 0 
0 0 0 1 1 1 0 1 1 1 
0 1 0 3 1 0 0 1 1 1 
1 0 0 2 1 0 1 1 0 1 
0 0 0 2 0 0 0 1 1 0 
0 1 1 1 1 1 0 0 1 0 
0 0 1 0 0 1 0 0 1 1 
1 1 1 3 1 0 0 0 0 1 
0 1 1 0 1 0 0 1 1 1 
0 0 1 3 1 1 1 1 0 1 
1 0 0 2 0 1 0 1 0 1 
0 0 1 2 1 0 0 0 1 2 
0 0 1 0 0 0 0 1 0 0 
0 0 1 2 1 0 0 0 1 1 
0 1 0 2 0 1 0 1 1 1 
0 1 0 2 0 1 0 1 1 2 
1 1 1 1 0 1 1 0 0 2 
0 1 0 2 1 0 0 0 1 0 
1 0 0 2 1 0 0 0 0 1 
0 1 1 1 0 0 1 0 0 0 
0 1 1 1 1 1 0 0 0 0 
1 1 1 0 0 0 1 1 0 1 
0 1 1 1 0 0 1 0 1 0 
1 0 1 2 0 0 0 0 1 1 
1 0 1 2 1 1 0 1 0 0 
0 1 0 1 0 1 0 0 1 2 
0 0 1 0 0 0 0 1 1 0 
1 0 0 3 1 1 0 0 1 1 
1 1 0 3 0 0 0 1 0 0 
0 0 0 1 0 0 1 0 1 1 
0 0 0 3 0 1 0 1 1 2 
0 0 0 2 0 1 0 0 1 0 
0 1 0 3 1 1 0 0 1 1 
0 1 0 2 1 0 0 1 1 0 
0 0 0 3 0 1 0 1 0 2 
0 1 0 3 1 0 0 1 0 1 
0 0 0 1 1 1 0 1 0 1 
0 1 1 2 0 0 1 0 1 0 
0 1 0 3 1 1 1 1 1 0 
0 0 0 2 0 1 0 0 0 0 
0 0 0 0 0 0 0 0 1 2 
0 0 0 0 0 0 1 1 0 1 
0 0 0 0 0 0 0 0 1 1 
0 1 1 2 0 1 1 1 1 1 
0 1 0 1 1 0 0 0 1 2 
0 1 1 1 1 0 1 1 0 1 
0 0 0 0 1 0 1 1 1 0 
0 1 1 0 1 1 0 0 0 0 
0 1 0 3 1 0 1 0 0 2 
1 1 1 2 1 0 0 1 1 1 
1 0 1 0 0 0 1 0 0 1 
1 1 1 2 1 0 0 1 1 2 
0 0 0 1 0 1 1 1 1 0 
1 0 0 2 0 0 1 0 1 2 
0 1 1 0 1 1 0 0 1 0 
1 0 0 2 0 0 1 0 1 1 
1 0 1 1 1 0 1 1 0 1 
1 0 1 3 0 0 1 1 0 1 
1 0 1 3 0 0 1 1 0 2 
1 0 1 3 0 0 0 0 1 1 
0 0 0 0 0 0 0 0 0 0 
0 1 1 2 0 1 1 1 0 1 
1 0 0 1 1 0 1 1 0 1 
1 1 1 1 1 0 1 1 0 1 
0 1 0 3 1 0 1 0 1 2 
0 0 0 0 0 1 1 0 1 2 
0 0 0 2 0 0 1 1 1 0 
1 1 1 2 1 0 0 0 0 1 
1 0 1 0 1 1 0 0 1 1 
1 0 1 0 0 0 1 0 1 1 
1 0 0 2 0 0 1 0 0 1 
0 0 1 1 0 1 0 0 1 1 
1 0 1 1 1 0 0 0 0 1 
0 1 1 0 1 0 1 1 1 2 
0 0 0 0 0 0 0 0 1 0 
1 0 0 3 0 0 1 1 1 1 
0 1 1 2 0 1 1 0 1 2 
1 0 0 1 1 0 1 1 1 2 
0 0 0 2 0 0 1 1 0 0 
0 0 0 2 0 0 0 0 1 0 
0 1 1 1 0 0 1 1 1 2 
1 0 1 0 1 1 1 1 1 2 
0 0 0 2 1 1 1 1 1 1 
0 0 1 1 0 1 0 0 0 1 
0 1 1 2 0 0 0 1 1 2 
1 0 1 2 1 1 0 1 1 0 
0 1 1 0 1 0 1 1 0 2 
1 1 1 2 0 0 1 0 1 1 
1 1 0 1 0 1 0 1 1 1 
0 0 0 0 0 0 1 1 1 1 
0 0 0 0 1 1 1 0 0 1 
1 0 1 1 1 1 1 1 1 0 
0 0 0 0 1 0 0 0 1 0 
1 0 1 3 0 1 0 0 1 1 
0 0 1 0 0 1 0 0 0 1 
1 0 0 3 1 0 0 0 1 0 
1 1 1 1 1 0 1 0 1 1 
0 0 0 0 1 1 1 0 1 1 
0 0 0 2 1 0 0 0 0 1 
0 0 1 3 0 1 0 0 1 0 
1 1 1 3 0 0 0 0 0 1 
0 1 0 0 1 1 1 0 1 1 
0 1 0 1 0 0 1 0 1 1 
1 0 0 1 0 0 1 0 1 1 
1 0 0 1 0 0 1 0 0 2 
0 0 0 1 0 1 0 1 0 2 
1 1 0 0 0 1 1 0 1 2 
0 0 1 2 0 1 1 0 0 2 
1 1 0 2 0 1 0 0 0 0 
1 1 0 2 0 1 0 0 0 1 
1 1 0 0 0 0 0 1 1 1 
0 0 0 1 0 1 0 1 1 2 
1 0 1 2 1 0 1 0 0 0 
1 1 1 1 1 1 1 1 0 1 
1 1 1 1 1 1 0 0 1 2 
1 1 1 1 1 1 0 0 1 1 
1 0 1 3 0 0 1 0 1 1 
1 1 0 0 0 1 1 0 0 2 
0 0 1 2 0 1 1 0 1 2 
1 0 1 3 1 1 0 0 1 1 
0 0 0 2 1 0 1 1 1 2 
1 1 1 3 1 1 0 1 1 2 
1 1 1 1 0 0 1 0 1 1 
1 1 0 2 0 1 0 0 1 1 
0 0 1 1 1 1 0 0 1 2 
1 1 0 2 0 1 0 0 1 0 
1 1 0 0 0 0 1 0 0 0 
1 1 1 3 0 1 1 1 1 1 
0 1 1 0 0 1 0 0 1 0 
1 1 1 3 0 1 1 1 1 2 
0 1 1 0 0 1 0 0 1 1 
1 0 0 2 0 0 1 1 1 2 
0 1 1 3 0 0 1 0 1 2 
0 1 1 1 1 0 1 1 1 1 
0 1 0 1 1 0 0 0 0 2 
1 0 0 2 0 1 1 0 1 0 
1 1 1 1 1 1 1 0 1 1 
0 0 1 1 0 0 0 1 1 0 
0 0 1 1 1 1 0 0 0 2 
0 1 1 0 1 1 0 1 1 2 
0 0 0 2 0 0 1 0 1 2 
0 1 0 1 0 0 1 0 0 1 
1 1 0 0 0 0 1 1 0 1 
1 0 0 3 0 1 1 0 0 2 
0 0 0 2 0 0 1 0 1 1 
1 1 1 2 1 0 0 1 0 2 
1 1 1 3 0 1 1 0 0 1 
1 0 0 2 0 0 1 1 0 2 
1 0 0 2 0 0 1 1 0 1 
0 0 0 1 0 1 1 1 0 0 
1 0 1 0 0 1 0 0 1 2 
1 0 1 3 0 0 1 1 1 1 
0 1 0 2 1 0 0 1 0 0 
1 0 0 2 0 1 1 1 0 1 
1 1 0 3 1 1 0 0 1 1 
1 0 0 2 0 1 0 0 1 1 
0 0 0 3 1 0 0 0 1 2 
1 0 1 3 1 0 1 0 0 0 
1 0 0 0 1 1 0 1 1 1 
1 1 1 3 0 1 0 0 0 0 
0 0 1 1 1 1 1 0 1 1 
1 1 1 3 0 1 0 0 0 1 
1 1 1 1 0 0 1 1 0 1 
1 1 1 1 1 1 0 1 0 2 
1 1 1 1 1 1 0 1 0 1 
1 1 0 2 1 1 1 0 0 2 
1 1 1 0 0 1 1 1 1 0 
0 0 1 0 0 0 1 1 1 2 
1 0 0 0 0 0 1 1 0 1 
1 0 0 0 1 1 0 1 0 1 
1 0 0 1 0 0 0 0 0 0 
0 0 1 2 1 1 0 0 1 0 
1 1 0 0 0 0 1 0 1 0 
1 1 1 3 0 1 1 1 0 1 
0 0 1 0 0 0 1 0 0 2 
0 1 0 0 0 0 0 0 1 1 
1 1 0 3 1 1 1 0 0 1 
0 1 0 1 0 0 0 1 0 0 
0 0 1 0 1 0 1 0 1 0 
0 0 0 0 0 1 0 1 1 2 
1 0 1 2 1 0 1 0 1 0 
0 0 1 2 1 1 1 1 1 0 
0 0 1 3 0 0 1 1 1 0 
1 1 0 1 1 0 0 0 1 0 
1 1 1 1 1 1 0 0 0 1 
0 0 1 0 0 0 1 0 1 2 
1 0 0 2 0 1 0 0 0 2 
1 0 0 2 0 1 0 0 0 1 
0 1 0 0 0 0 0 0 0 1 
0 1 0 0 1 1 0 0 1 1 
0 1 0 1 0 0 0 1 1 0 
0 0 0 0 0 1 0 1 0 2 
1 1 0 2 1 0 0 0 0 1 
1 0 0 0 1 1 0 0 1 0 
1 1 1 1 0 0 0 1 0 2 
0 1 0 0 0 1 1 0 1 1 
1 1 0 1 0 0 1 0 1 1 
0 0 1 3 0 0 0 0 1 1 
0 0 1 3 0 0 1 1 0 0 
1 1 1 1 1 1 0 1 1 1 
0 0 1 3 1 1 1 1 1 1 
1 1 0 2 1 1 1 0 1 2 
MFS
[ - , - , - , - , - , - , - , - , - , - ]
[ 1 , - , - , 3 , - , - , - , - , - , - ]
[ 1 , - , - , 1 , - , - , - , - , - , - ]
[ - , - , - , - , - , - , - , - , 0 , - ]
precise
0.75
recall
1.0
F-measure
0.8571428571428571
multi
12
time
all 298 iden 0 gen 297
t-cover
5506
all-cover
5600
coveredNum
(1 : 128)  (2 : 290)  (3 : 531)  (4 : 564)  (5 : 571)  (6 : 570)  (7 : 492)  (8 : 452)  (9 : 398)  (10 : 316)  (11 : 257)  (12 : 203)  (13 : 172)  (14 : 161)  (15 : 124)  (16 : 103)  (17 : 75)  (18 : 62)  (19 : 40)  (20 : 27)  (21 : 16)  (22 : 16)  (23 : 11)  (24 : 9)  (25 : 8)  (26 : 3)  (29 : 1)  
real Identify
([ 1 , - , - , 3 , - , - , - , - , - , - ] : 1)  ([ 1 , - , - , 1 , - , - , - , - , - , - ] : 1)  ([ - , - , - , - , - , - , - , - , 0 , - ] : 1)  
testCase Num: 181
regaular Num: 93
identify Num: 90
1 0 1 1 0 1 0 0 0 0 
0 0 1 3 0 1 0 0 1 1 
0 0 0 3 0 1 0 0 1 0 
0 1 0 2 1 0 1 1 1 0 
0 1 1 2 1 0 1 1 1 0 
0 1 0 0 1 1 1 0 1 1 
0 0 0 2 0 0 0 1 1 2 
0 1 1 3 1 0 0 1 1 0 
1 0 1 2 1 0 1 1 0 1 
0 1 1 3 1 0 0 1 1 1 
0 1 1 1 0 0 1 0 1 1 
0 0 0 0 0 1 0 0 1 2 
1 0 0 2 1 0 1 1 0 2 
0 0 0 2 0 0 0 1 1 1 
0 0 0 0 0 1 0 0 1 1 
1 1 1 0 0 0 0 0 1 1 
1 1 1 0 0 0 0 0 0 1 
0 1 0 2 0 0 0 0 1 0 
1 0 0 0 1 1 1 0 1 2 
1 0 1 2 1 0 1 1 1 1 
0 1 1 1 1 1 1 1 0 2 
1 0 1 0 0 0 0 1 1 0 
0 0 0 3 0 0 1 0 1 1 
0 0 0 3 0 0 1 0 1 2 
0 0 1 1 0 0 1 0 0 0 
0 1 1 1 0 1 0 0 0 0 
1 0 0 0 0 1 1 1 1 1 
0 1 0 1 0 1 0 0 0 0 
1 1 1 2 1 1 0 1 1 1 
1 0 1 1 0 1 0 0 1 0 
0 1 0 3 0 1 1 1 1 2 
0 0 1 3 0 1 1 1 1 0 
1 1 0 1 0 1 0 0 1 0 
0 1 0 2 1 0 1 1 0 1 
0 0 0 3 0 1 0 0 0 0 
0 1 0 2 1 0 1 1 0 0 
0 1 0 2 1 0 0 0 1 2 
1 1 1 3 0 0 1 1 0 2 
1 0 0 3 0 1 0 0 1 1 
0 0 0 2 0 0 0 1 0 1 
0 0 0 1 1 1 0 0 0 0 
0 1 1 1 0 0 1 0 0 1 
0 0 0 0 0 1 0 0 0 2 
0 1 1 3 1 0 0 1 0 0 
0 1 1 2 1 1 0 1 1 1 
1 0 0 0 0 1 1 1 0 1 
1 1 0 2 0 0 0 0 1 1 
1 0 1 1 1 0 1 0 1 2 
0 0 1 2 0 1 1 0 1 1 
1 0 0 3 0 0 0 1 0 0 
1 1 0 1 0 1 1 0 1 2 
1 1 0 3 1 1 0 1 1 2 
1 1 1 3 1 1 0 1 1 2 
0 0 0 0 0 0 0 1 1 0 
0 0 0 2 1 0 1 1 1 0 
0 0 0 0 0 0 0 1 1 2 
0 1 0 2 1 0 0 0 0 0 
0 1 0 2 0 1 1 0 1 2 
0 0 1 0 1 0 0 0 0 0 
1 1 0 2 0 1 0 0 1 0 
1 1 0 0 0 0 1 1 1 2 
1 0 1 3 1 0 0 0 0 2 
0 1 1 2 0 0 1 0 0 0 
0 0 1 2 1 1 0 1 0 0 
0 1 1 0 0 1 1 1 0 0 
0 1 1 0 0 1 0 0 1 2 
0 1 0 2 1 1 1 0 1 2 
1 0 0 2 0 0 1 1 1 0 
0 0 0 1 0 1 0 0 0 0 
0 0 1 0 1 0 0 1 1 2 
0 1 0 2 1 1 1 0 1 1 
0 0 0 2 0 1 0 0 1 0 
0 0 1 0 1 1 0 0 1 1 
0 0 1 2 0 1 0 0 1 0 
1 1 0 2 1 1 0 0 1 0 
0 1 0 2 1 0 0 1 1 2 
0 0 0 1 1 0 1 0 1 0 
1 1 1 3 0 0 0 1 1 2 
0 0 0 0 1 1 0 1 1 2 
0 0 1 3 0 1 0 0 0 1 
1 1 0 0 0 0 1 1 0 2 
1 1 0 2 0 1 1 1 1 2 
0 0 1 2 1 1 0 1 1 0 
0 1 0 2 1 1 1 0 0 2 
0 1 1 2 0 0 1 0 1 0 
1 1 0 1 0 0 0 0 0 0 
0 0 0 1 0 1 0 0 1 0 
0 1 1 0 0 1 1 1 1 0 
0 0 1 0 1 0 0 1 0 2 
0 1 0 2 1 1 1 0 0 1 
0 0 0 3 0 0 1 0 0 1 
1 1 0 1 1 1 0 0 1 0 
0 1 0 0 1 0 1 1 1 1 
1 0 1 0 1 0 1 0 0 1 
1 1 0 2 1 1 0 0 0 0 
1 0 1 3 0 0 1 1 1 1 
1 1 1 0 0 1 0 1 1 1 
0 1 0 3 0 1 0 1 1 1 
0 0 0 0 0 0 0 0 1 1 
1 1 1 3 0 0 1 0 1 2 
0 0 0 2 1 0 1 0 1 1 
0 0 0 1 0 0 0 1 0 2 
0 1 1 0 1 0 1 0 1 2 
1 0 0 3 1 1 0 1 1 2 
0 0 1 2 1 0 1 0 1 2 
1 0 1 2 0 1 0 0 1 2 
0 0 1 3 1 0 0 0 1 1 
1 1 0 1 1 0 1 1 1 1 
0 0 0 3 1 0 1 1 0 0 
1 0 0 1 0 0 0 1 1 1 
0 0 1 1 0 1 1 1 1 1 
1 0 0 1 1 0 1 1 0 0 
1 1 1 1 1 1 0 1 0 1 
1 0 1 0 0 1 0 1 0 2 
1 0 1 0 1 0 1 0 1 1 
0 0 1 0 0 0 1 1 1 1 
0 0 0 0 0 0 0 0 0 1 
0 0 0 0 0 0 0 0 0 0 
0 1 0 3 0 1 0 1 0 1 
0 0 0 1 0 0 0 1 1 2 
1 0 1 2 0 1 0 0 0 2 
0 0 0 3 1 0 1 1 1 0 
0 0 1 0 1 0 0 0 1 2 
0 1 0 1 0 0 0 0 1 1 
0 0 1 0 1 0 0 0 1 0 
0 0 1 3 1 0 0 0 0 1 
1 0 0 1 0 0 0 0 1 0 
1 1 0 0 0 0 1 0 1 0 
1 1 0 1 1 0 1 0 1 0 
0 1 1 2 0 0 0 1 0 2 
0 0 1 1 0 1 0 0 1 0 
1 0 1 0 0 1 0 1 1 2 
0 1 1 3 0 0 0 0 1 2 
0 0 0 0 0 0 0 0 1 0 
1 1 1 3 0 0 1 1 1 2 
0 1 1 1 1 0 0 1 1 0 
0 1 0 3 0 1 1 1 0 2 
0 0 0 1 0 0 0 0 0 2 
0 1 0 2 0 1 0 0 0 0 
0 1 0 0 0 0 0 0 1 0 
1 1 0 3 1 1 1 0 0 1 
1 0 1 2 0 1 1 0 0 0 
1 1 0 1 1 0 0 0 0 2 
0 0 0 3 1 0 1 0 0 2 
0 0 0 1 1 1 0 0 1 0 
0 0 0 1 1 1 0 0 1 1 
0 0 0 2 0 0 0 0 1 0 
1 0 1 3 0 1 0 0 0 0 
1 1 0 0 1 1 0 1 1 0 
1 1 1 0 1 1 0 1 1 2 
0 0 0 3 1 1 0 1 1 2 
1 1 0 1 1 0 0 0 1 0 
0 0 1 1 0 1 0 0 0 0 
0 1 0 2 1 1 0 0 0 0 
0 1 1 2 0 0 0 1 1 2 
0 1 0 1 0 1 1 1 1 0 
0 1 1 3 1 1 0 0 1 2 
1 0 0 1 1 0 1 0 0 1 
1 0 1 2 0 1 1 0 1 0 
1 1 1 3 0 0 1 0 0 2 
1 1 1 3 0 0 1 0 0 0 
1 1 0 3 0 0 0 0 1 0 
1 1 1 1 0 1 0 0 1 0 
0 0 0 1 0 0 0 0 1 2 
1 1 1 3 1 1 1 0 1 0 
0 1 0 2 1 0 1 0 0 0 
0 1 1 0 0 0 1 1 1 2 
0 0 0 3 1 0 1 0 1 2 
1 0 0 2 1 0 1 1 1 2 
0 0 0 2 0 0 0 0 0 0 
0 0 1 0 0 1 0 0 1 0 
1 1 0 0 1 1 0 1 0 0 
0 1 1 1 1 1 1 1 1 2 
1 0 0 1 0 0 0 1 0 2 
0 1 1 0 1 1 1 0 1 0 
0 0 1 1 0 1 0 1 1 2 
1 1 0 1 1 0 1 1 1 0 
1 1 1 3 0 1 0 1 1 2 
0 0 1 1 0 0 1 0 1 0 
0 1 1 3 1 1 0 0 0 2 
0 0 0 0 1 1 1 0 1 0 
MFS
[ 1 , - , - , 3 , - , - , - , - , - , - ]
[ 1 , - , - , 1 , - , - , - , - , - , - ]
[ - , - , - , - , - , - , - , - , 0 , - ]
precise
1.0
recall
1.0
F-measure
1.0
multi
12
time
all 321 iden 1 gen 320
t-cover
5497
all-cover
5600
coveredNum
(1 : 181)  (2 : 411)  (3 : 629)  (4 : 680)  (5 : 652)  (6 : 595)  (7 : 516)  (8 : 397)  (9 : 312)  (10 : 260)  (11 : 230)  (12 : 174)  (13 : 147)  (14 : 87)  (15 : 96)  (16 : 56)  (17 : 41)  (18 : 23)  (19 : 17)  (20 : 20)  (21 : 12)  (22 : 14)  (23 : 6)  (24 : 10)  (25 : 5)  (26 : 7)  (27 : 8)  (28 : 2)  (29 : 5)  (30 : 3)  (31 : 3)  (32 : 1)  
real Identify
([ 1 , - , - , 3 , - , - , - , - , - , - ] : 1)  ([ 1 , - , - , 1 , - , - , - , - , - , - ] : 1)  ([ - , - , - , - , - , - , - , - , 0 , - ] : 1)  
testCase Num: 197
regaular Num: 95
identify Num: 102
0 0 0 3 0 1 0 0 1 2 
0 1 0 0 0 0 0 1 1 0 
0 1 0 0 0 0 0 1 1 2 
0 1 0 3 1 0 0 1 1 0 
0 0 0 2 0 0 0 1 1 1 
1 1 1 0 0 0 0 0 1 0 
0 0 1 0 0 1 0 0 1 1 
0 1 1 2 0 0 0 0 1 1 
0 0 1 1 0 1 0 1 0 2 
0 1 1 2 0 0 0 0 1 0 
0 0 1 3 1 1 0 0 1 0 
0 1 1 2 0 0 1 1 0 2 
1 0 1 2 0 0 0 0 0 1 
0 0 0 0 1 1 1 0 0 0 
0 0 1 1 1 0 1 0 1 0 
1 0 0 0 0 1 1 1 1 0 
0 0 0 1 0 0 1 0 0 1 
0 0 0 2 0 0 0 1 0 1 
1 0 1 1 0 0 1 0 0 0 
1 0 1 3 0 1 1 0 0 0 
0 1 1 2 0 0 1 1 1 2 
1 0 1 2 0 0 0 0 1 1 
1 1 0 2 0 0 0 0 1 2 
1 1 0 3 0 0 0 1 0 2 
0 0 0 1 0 0 1 0 1 1 
1 0 1 3 0 1 1 0 1 0 
1 0 1 3 0 1 1 0 1 1 
0 1 1 1 1 1 0 1 1 0 
0 0 0 2 0 1 0 0 1 1 
0 0 0 2 0 1 1 1 0 1 
0 0 1 0 0 0 0 0 0 0 
1 1 0 0 0 1 0 1 0 1 
1 1 0 2 0 0 0 0 0 2 
1 0 0 2 1 0 0 1 0 0 
1 1 0 3 0 1 0 0 1 0 
0 1 1 1 1 1 0 1 0 0 
1 1 0 0 1 1 1 1 1 2 
1 0 0 2 1 1 1 1 1 1 
0 1 0 1 0 1 0 1 1 2 
0 0 1 0 0 0 0 0 1 0 
0 0 0 0 0 0 0 0 1 2 
1 0 1 2 1 1 1 1 1 0 
1 1 1 3 1 1 0 0 1 0 
0 1 0 0 1 0 1 0 1 1 
0 1 0 3 1 0 1 0 0 1 
1 0 1 3 0 1 0 1 0 0 
0 1 1 2 1 1 1 1 1 1 
0 0 0 0 1 0 0 0 1 2 
0 1 1 0 1 1 0 0 1 0 
0 1 0 0 1 0 1 0 0 1 
1 0 1 2 1 1 1 1 0 0 
0 1 0 3 0 0 1 1 1 2 
0 0 0 0 0 0 1 1 1 0 
0 0 0 1 1 0 0 1 0 2 
1 0 1 3 1 1 0 0 0 0 
0 0 0 0 0 0 0 0 0 0 
0 1 1 3 0 1 0 0 0 2 
0 1 1 3 0 1 0 0 0 1 
0 0 0 0 0 0 0 0 0 2 
0 1 1 2 0 1 1 1 0 1 
1 1 1 1 1 0 0 0 1 2 
1 0 1 2 1 0 0 1 0 0 
0 0 0 2 0 0 1 1 1 2 
1 1 0 0 1 1 0 0 1 0 
0 1 0 3 1 0 1 0 1 1 
0 1 0 2 0 0 1 0 1 1 
0 1 1 3 0 0 0 0 1 0 
1 0 0 3 0 0 1 1 1 0 
0 0 1 2 0 1 0 0 0 0 
0 0 0 0 0 0 0 0 1 0 
1 0 0 3 0 0 1 1 1 1 
1 1 0 0 0 1 0 1 1 1 
1 1 0 1 0 1 0 0 0 0 
0 1 1 3 0 1 1 1 0 1 
0 1 1 3 0 1 0 0 1 2 
0 1 1 3 0 1 0 0 1 1 
0 0 0 1 0 0 0 0 0 0 
0 1 1 1 0 0 1 1 1 1 
1 0 0 3 1 0 0 0 0 2 
0 0 0 2 1 1 1 1 1 0 
0 1 1 2 1 1 0 0 0 1 
0 1 1 3 1 1 1 1 0 1 
0 0 0 0 0 0 1 1 1 1 
0 1 1 3 0 1 1 1 1 0 
0 0 0 1 0 0 0 0 1 0 
1 0 1 1 1 1 1 1 1 1 
1 0 1 3 0 1 1 1 0 0 
0 1 1 1 0 0 1 1 0 1 
1 1 1 2 1 0 1 1 1 1 
0 0 1 0 0 1 0 0 0 1 
0 1 1 2 0 0 0 0 0 0 
0 1 1 1 1 1 1 1 1 1 
0 1 1 2 1 1 0 0 1 1 
0 0 1 1 0 1 0 1 1 2 
1 0 1 2 0 0 0 1 1 0 
0 0 0 0 1 1 1 0 1 0 
1 0 1 3 0 0 0 1 0 0 
0 0 0 1 1 0 0 1 1 2 
0 0 0 2 0 1 1 0 1 2 
0 0 1 0 1 1 1 1 1 2 
0 1 1 0 0 0 0 1 1 0 
0 1 1 2 0 1 0 1 0 2 
0 1 0 0 1 1 1 0 1 1 
0 1 0 1 0 0 1 0 1 0 
0 0 0 0 0 1 0 0 1 1 
0 1 0 2 0 0 0 0 1 1 
1 0 1 3 1 0 0 1 0 0 
0 0 0 3 1 1 1 1 0 0 
0 0 0 3 0 0 1 0 1 0 
1 1 1 0 1 0 1 1 1 0 
1 1 1 1 1 1 1 1 1 1 
0 0 0 2 1 0 0 1 1 1 
1 0 1 0 0 1 1 0 1 2 
1 1 0 3 1 1 1 0 1 1 
1 0 0 3 0 1 0 0 1 1 
0 1 1 3 1 0 0 1 0 1 
1 0 0 1 1 1 1 1 1 0 
0 0 0 3 1 1 1 1 1 0 
0 1 0 2 0 0 0 0 0 1 
1 0 1 0 0 1 1 0 0 2 
1 0 0 0 1 0 0 0 1 2 
1 0 0 0 1 0 0 0 1 1 
1 1 1 3 0 0 0 1 0 0 
1 0 1 3 1 1 0 0 1 0 
1 0 0 1 1 0 0 1 0 1 
0 0 1 1 1 1 0 0 1 1 
0 1 0 1 1 1 1 0 0 2 
0 1 1 3 1 0 0 0 1 1 
0 1 1 3 1 0 1 1 0 1 
1 0 0 1 0 0 0 0 1 1 
1 0 0 1 1 1 1 1 1 1 
0 0 1 1 0 0 0 0 1 0 
0 0 1 0 1 0 0 1 1 2 
0 0 1 0 1 1 0 0 1 0 
0 0 1 2 0 1 0 0 1 0 
1 0 1 3 0 0 1 0 0 1 
1 0 1 3 1 1 1 1 1 2 
0 1 1 2 0 1 0 1 1 2 
0 1 0 0 0 0 1 0 1 2 
0 0 1 1 1 1 0 0 0 1 
0 1 1 3 1 0 0 0 0 2 
0 1 1 2 1 0 0 0 1 2 
0 0 0 2 0 0 1 0 1 2 
0 1 0 1 0 0 1 0 0 0 
0 1 1 3 1 0 0 0 0 1 
0 1 0 1 1 1 1 0 1 2 
1 0 0 1 0 0 1 1 1 2 
1 0 0 1 0 0 1 1 1 1 
1 0 0 0 0 0 1 0 1 1 
0 0 1 0 1 0 0 1 0 2 
0 0 0 3 0 0 1 0 0 0 
0 0 0 1 0 1 0 0 1 1 
0 0 1 0 1 1 1 1 1 1 
1 1 1 0 1 0 1 1 0 0 
0 0 1 2 0 1 1 1 1 2 
0 1 0 3 0 1 0 1 1 1 
0 0 0 2 1 0 1 0 1 1 
0 0 1 0 0 0 0 0 1 2 
1 1 0 3 0 0 1 0 1 0 
0 1 0 2 1 0 0 1 0 0 
1 0 0 2 0 1 1 1 0 1 
1 1 0 3 1 1 0 0 1 0 
0 1 0 1 0 0 0 0 0 1 
0 1 1 3 1 0 1 0 0 2 
0 0 1 2 0 0 1 0 1 0 
1 0 0 1 0 0 0 1 1 1 
1 0 0 0 0 0 1 0 0 1 
0 1 1 0 0 1 0 1 1 2 
1 0 0 1 0 1 1 0 0 2 
0 1 0 3 0 1 0 1 0 1 
1 0 0 2 0 1 1 1 1 1 
0 1 0 1 0 0 0 0 1 1 
1 1 0 2 0 1 1 0 1 0 
0 1 0 2 1 1 0 0 1 2 
1 0 0 1 0 0 0 0 0 1 
1 1 0 2 1 0 0 1 0 0 
1 0 0 1 0 0 0 0 0 2 
0 0 0 2 1 0 1 0 1 0 
1 1 0 3 0 0 1 1 1 0 
1 1 0 3 0 0 1 1 1 1 
0 0 1 1 0 0 1 0 1 2 
0 0 1 3 1 0 0 1 1 1 
1 0 1 2 1 0 1 0 0 2 
1 0 1 2 1 0 1 0 1 2 
1 0 0 2 1 1 0 1 1 2 
0 0 1 0 0 0 1 0 1 1 
1 1 0 3 0 0 0 0 1 0 
0 1 0 2 0 1 0 0 1 0 
0 1 0 2 0 1 1 1 0 1 
0 1 0 1 0 0 0 1 1 0 
0 0 1 1 0 0 1 0 0 2 
0 1 1 3 1 0 1 0 1 2 
1 1 1 0 0 0 0 0 0 0 
1 1 1 0 0 0 0 1 1 1 
0 1 1 0 0 1 0 1 0 2 
1 1 0 1 0 0 1 0 1 1 
1 0 0 1 0 1 1 1 1 1 
MFS
[ - , - , - , - , - , - , - , - , - , - ]
[ 1 , - , - , 3 , - , - , - , - , - , - ]
[ 1 , - , - , 1 , - , - , - , - , - , - ]
[ - , - , - , - , - , - , - , - , 0 , - ]
precise
0.75
recall
1.0
F-measure
0.8571428571428571
multi
9
time
all 285 iden 0 gen 285
t-cover
5528
all-cover
5600
coveredNum
(1 : 152)  (2 : 341)  (3 : 492)  (4 : 605)  (5 : 655)  (6 : 603)  (7 : 493)  (8 : 450)  (9 : 386)  (10 : 311)  (11 : 222)  (12 : 203)  (13 : 160)  (14 : 127)  (15 : 86)  (16 : 78)  (17 : 48)  (18 : 39)  (19 : 34)  (20 : 19)  (21 : 23)  (22 : 15)  (23 : 17)  (24 : 13)  (25 : 3)  (26 : 6)  (27 : 5)  (28 : 5)  (29 : 3)  (30 : 2)  (31 : 3)  (32 : 1)  
real Identify
([ 1 , - , - , 3 , - , - , - , - , - , - ] : 1)  ([ 1 , - , - , 1 , - , - , - , - , - , - ] : 1)  ([ - , - , - , - , - , - , - , - , 0 , - ] : 1)  
testCase Num: 175
regaular Num: 90
identify Num: 87
0 1 0 3 0 1 1 0 0 1 
1 1 0 0 1 0 0 0 1 2 
1 1 0 3 0 0 0 0 0 2 
1 0 1 0 0 1 1 0 0 1 
0 0 0 3 0 1 1 1 0 0 
0 0 0 1 0 0 1 1 1 1 
0 1 1 0 0 0 0 1 1 0 
1 0 1 2 0 0 0 0 1 0 
0 1 1 0 0 0 0 1 1 1 
0 1 1 0 0 1 1 0 1 0 
1 1 1 1 1 0 0 1 0 1 
1 1 1 1 1 0 0 1 0 0 
1 0 0 2 1 0 0 0 1 1 
1 1 0 2 0 1 0 1 1 2 
0 0 1 2 0 0 0 1 1 2 
0 1 0 3 1 0 0 1 1 0 
0 0 0 2 0 0 0 1 1 0 
0 0 1 0 0 1 0 0 1 1 
0 0 0 2 1 1 1 0 1 1 
0 0 1 0 0 1 1 1 0 2 
0 0 0 2 1 1 1 0 1 2 
1 1 1 1 1 0 0 1 1 0 
0 0 1 1 0 0 1 0 0 0 
1 0 0 0 0 1 1 1 1 1 
1 0 1 0 1 0 0 0 0 1 
1 1 0 1 0 1 1 1 0 1 
1 0 1 3 1 1 1 0 1 1 
1 1 0 0 1 0 0 0 0 2 
1 1 1 1 0 1 1 0 0 2 
0 0 1 1 0 0 1 1 0 0 
0 0 0 1 1 1 0 0 0 2 
1 0 0 2 1 0 0 0 0 1 
0 0 0 2 0 0 0 1 0 0 
1 0 1 3 0 1 1 0 0 1 
1 0 0 3 1 0 0 1 1 1 
0 1 1 2 0 0 1 1 1 1 
0 0 1 0 0 1 1 1 1 2 
0 0 0 2 1 1 1 0 0 2 
1 1 0 3 0 1 1 0 0 1 
0 0 1 1 0 0 1 1 1 0 
0 1 1 2 1 0 1 0 1 0 
0 1 1 1 0 1 0 1 1 1 
0 0 1 0 1 1 1 0 1 2 
0 0 1 2 1 0 1 1 1 0 
1 1 1 1 0 1 1 0 1 0 
0 1 0 1 0 1 0 0 1 2 
1 0 1 3 0 0 1 0 1 1 
1 0 1 3 1 1 0 0 1 1 
1 1 1 2 1 1 1 1 1 1 
1 1 0 1 0 1 1 0 1 0 
0 1 1 2 0 1 0 0 0 1 
1 0 1 0 0 1 0 0 1 1 
1 0 0 0 0 1 0 0 1 0 
0 0 0 0 1 0 1 0 1 1 
1 0 0 2 1 0 0 1 1 2 
0 0 1 1 1 1 1 1 0 1 
1 1 1 1 1 0 0 0 0 1 
1 1 0 2 0 1 0 0 1 0 
0 0 0 0 1 0 1 0 1 0 
0 1 0 1 0 0 1 1 1 2 
1 1 1 1 1 0 0 0 1 0 
0 1 1 3 0 0 1 0 1 0 
1 0 0 0 0 1 0 0 0 0 
1 0 1 0 0 1 0 0 0 1 
0 0 1 0 1 1 0 0 1 0 
0 1 0 3 0 0 0 0 0 0 
1 1 1 2 1 1 1 1 0 1 
0 1 0 3 0 1 1 0 1 1 
0 1 1 0 0 0 0 1 0 1 
0 0 0 0 1 1 0 1 1 2 
0 1 0 0 0 0 1 0 1 1 
0 1 1 0 0 0 0 1 0 0 
1 1 1 1 1 1 1 0 1 0 
1 0 0 3 0 1 1 0 0 1 
0 1 1 2 1 0 0 0 1 1 
0 0 1 2 0 0 0 1 0 2 
1 0 0 1 1 1 1 0 1 1 
1 1 1 2 0 1 1 0 1 0 
1 1 1 2 1 0 0 1 0 0 
0 1 0 2 0 0 1 1 1 2 
1 0 1 2 0 0 1 0 0 2 
0 0 1 2 1 0 1 0 1 1 
0 1 0 3 0 0 0 0 1 0 
1 0 1 0 1 0 1 0 0 1 
1 0 0 1 0 1 1 0 1 0 
1 1 0 3 0 0 1 0 1 1 
0 1 0 3 0 1 0 1 1 1 
1 0 1 3 1 1 0 1 1 1 
0 1 0 2 0 1 1 1 1 1 
1 0 0 0 0 0 1 1 1 2 
1 1 0 0 1 1 1 1 1 0 
1 1 1 2 1 0 0 1 1 0 
1 1 0 0 1 1 1 1 0 0 
0 0 1 1 0 1 1 1 1 2 
0 1 1 0 0 1 0 1 1 0 
1 0 1 2 0 0 1 0 1 2 
0 0 1 2 0 1 0 1 1 0 
1 0 1 3 1 1 0 0 0 0 
0 0 0 0 0 0 0 0 0 0 
0 1 0 3 0 1 0 1 0 1 
0 1 1 2 0 1 0 0 1 1 
0 1 1 2 0 1 0 0 1 0 
0 1 0 0 0 0 1 1 1 2 
1 0 1 1 1 0 0 1 1 2 
1 0 0 2 0 1 1 1 1 1 
1 0 0 2 0 0 1 0 1 0 
0 0 1 0 1 0 0 0 1 2 
0 0 0 0 1 0 1 0 0 1 
0 1 0 0 1 1 0 1 1 1 
0 0 1 1 1 1 1 1 1 1 
0 0 0 3 1 1 0 1 0 2 
0 0 0 3 0 0 0 0 1 0 
1 0 1 0 0 0 1 0 1 1 
1 0 0 3 1 0 1 0 0 0 
1 0 0 1 0 0 0 0 0 2 
0 0 1 1 0 1 1 1 0 2 
1 0 0 2 0 0 1 0 0 0 
0 0 1 0 1 0 0 0 0 2 
0 1 1 0 1 0 1 1 1 2 
0 0 0 0 0 0 0 0 1 0 
1 1 1 0 0 1 0 0 1 2 
0 1 1 2 0 1 1 0 1 2 
0 1 0 1 1 0 1 0 0 2 
0 0 0 1 1 0 0 0 1 0 
0 0 0 0 1 1 1 0 1 2 
1 1 1 1 0 1 0 0 0 0 
0 1 0 0 0 0 0 0 1 2 
0 1 0 2 1 0 1 0 1 0 
0 0 0 1 1 1 0 0 1 2 
0 0 0 3 1 0 1 0 0 1 
0 1 0 1 1 1 0 1 1 0 
0 0 0 2 0 0 0 0 1 2 
0 0 0 2 0 0 0 0 1 1 
1 0 1 3 0 1 0 0 0 1 
0 0 0 3 1 1 0 1 1 2 
0 0 0 1 0 1 1 0 1 0 
0 0 0 0 1 0 0 1 1 1 
0 1 0 2 0 0 0 1 1 1 
0 0 1 3 0 0 1 1 1 1 
1 1 1 0 1 0 1 0 1 1 
0 1 0 3 0 0 1 0 1 1 
0 0 0 1 1 0 0 0 0 0 
0 1 1 3 1 1 0 0 1 1 
1 0 1 0 1 0 0 1 0 1 
1 0 1 0 1 0 0 1 0 2 
0 1 0 1 1 0 1 0 1 2 
0 0 0 3 0 1 1 1 1 0 
0 0 1 2 1 0 0 1 1 2 
1 0 0 3 1 1 1 0 1 2 
0 1 1 3 0 1 1 1 1 2 
1 0 1 3 1 1 0 1 0 1 
0 0 0 1 0 0 1 1 0 1 
1 0 1 3 1 1 0 1 0 2 
0 1 0 2 1 0 1 0 0 0 
0 0 0 1 0 0 0 0 1 1 
0 0 0 3 1 0 1 0 1 1 
1 0 1 3 1 0 1 0 1 1 
0 0 1 2 1 1 1 0 1 0 
1 1 0 2 0 1 0 1 0 2 
1 0 0 1 0 0 0 1 0 0 
1 0 1 0 1 1 1 0 0 1 
0 0 1 2 1 1 1 0 0 0 
1 1 1 3 0 1 0 1 1 0 
0 1 1 2 1 1 0 0 1 2 
1 1 1 1 1 0 1 0 1 0 
0 0 1 3 0 0 1 1 0 1 
0 0 1 1 0 0 1 0 1 0 
0 0 1 3 0 0 0 0 1 2 
0 1 0 2 0 0 0 1 0 1 
1 1 1 3 1 0 1 1 0 2 
1 0 0 3 0 0 1 0 1 1 
1 0 1 0 1 0 0 1 1 0 
0 0 0 2 0 1 1 0 1 0 
1 0 1 0 1 0 0 1 1 1 
0 0 1 2 0 1 0 1 0 0 
MFS
[ 1 , - , - , 3 , - , - , - , - , - , - ]
[ 1 , - , - , 1 , - , - , - , - , - , - ]
[ - , - , - , - , - , - , - , - , 0 , - ]
precise
1.0
recall
1.0
F-measure
1.0
multi
11
time
all 262 iden 0 gen 262
t-cover
5489
all-cover
5600
coveredNum
(1 : 176)  (2 : 439)  (3 : 624)  (4 : 671)  (5 : 675)  (6 : 602)  (7 : 509)  (8 : 433)  (9 : 336)  (10 : 277)  (11 : 222)  (12 : 153)  (13 : 116)  (14 : 105)  (15 : 75)  (16 : 52)  (17 : 51)  (18 : 22)  (19 : 21)  (20 : 13)  (21 : 12)  (22 : 7)  (23 : 5)  (24 : 4)  
real Identify
([ 1 , - , - , 3 , - , - , - , - , - , - ] : 1)  ([ 1 , - , - , 1 , - , - , - , - , - , - ] : 1)  ([ - , - , - , - , - , - , - , - , 0 , - ] : 1)  
