testCase Num: 1576
regaular Num: 1576
identify Num: 0
1 1 0 0 0 0 1 9 9 0 0 0 
1 0 0 0 0 0 0 2 2 2 0 0 
1 1 1 0 0 1 2 9 3 0 1 0 
2 0 1 0 0 0 2 9 0 1 0 0 
0 0 1 0 0 0 0 0 0 0 0 0 
0 1 0 1 0 0 3 4 6 2 0 0 
0 1 0 0 1 0 1 7 9 2 1 1 
1 0 0 0 1 0 0 3 0 1 0 1 
1 0 0 0 1 1 2 4 1 1 0 1 
2 0 0 0 0 0 3 9 5 1 0 1 
2 0 1 1 1 0 2 2 1 1 1 0 
0 1 0 0 0 0 0 2 0 0 0 1 
0 1 0 0 0 1 3 0 0 1 0 0 
1 0 0 1 0 0 1 0 5 2 0 1 
0 0 0 1 0 0 2 7 0 0 0 0 
1 0 0 0 1 0 0 8 7 0 1 0 
1 1 0 1 1 1 1 3 6 1 1 1 
1 0 1 0 0 1 3 7 8 0 0 1 
2 0 0 0 0 0 1 3 1 0 0 0 
1 1 0 0 1 1 0 0 5 0 0 1 
0 0 1 0 0 1 1 2 0 1 1 1 
0 1 0 0 1 0 0 1 7 1 1 0 
0 0 0 1 0 0 1 5 5 0 1 1 
2 1 1 0 0 0 0 5 4 0 0 0 
2 0 0 0 1 1 0 1 9 2 0 0 
2 0 0 0 0 0 0 3 9 1 0 0 
2 0 0 0 0 0 3 5 0 2 0 0 
0 1 0 1 0 1 3 2 8 2 0 0 
1 0 0 0 0 0 2 6 1 0 0 0 
1 1 1 0 0 1 0 3 0 2 0 0 
0 0 1 1 1 1 3 3 7 0 0 0 
1 0 0 0 0 0 2 9 6 1 0 0 
2 1 0 1 1 1 3 8 5 2 0 1 
0 0 0 0 0 0 2 4 3 1 0 0 
2 0 1 0 1 1 2 7 0 2 0 0 
1 1 0 1 1 0 1 4 2 1 0 0 
0 0 0 0 0 0 2 1 9 0 0 1 
2 0 1 1 0 1 2 5 0 0 1 1 
2 0 1 0 0 0 1 1 7 2 0 0 
1 0 0 0 0 0 1 9 4 1 1 1 
0 0 1 0 0 0 0 9 3 0 0 1 
2 0 0 0 1 0 1 3 9 2 0 0 
1 0 0 0 0 1 2 5 7 2 0 0 
2 1 1 1 1 0 3 6 4 1 0 0 
1 1 0 0 0 0 1 3 0 1 1 0 
1 0 0 0 0 0 3 6 5 2 0 0 
0 0 0 0 0 0 0 7 2 0 0 0 
2 1 1 1 1 1 2 1 9 1 0 0 
0 0 1 0 0 0 2 4 1 0 0 0 
1 0 0 1 1 1 3 3 5 2 1 0 
0 0 0 1 1 1 3 0 4 0 0 1 
0 0 0 0 0 0 2 4 6 2 0 1 
2 1 1 1 1 0 3 5 2 1 0 1 
0 0 1 1 1 1 0 0 8 2 0 1 
2 0 1 0 1 0 3 0 8 2 0 0 
0 0 0 0 1 0 1 0 4 0 0 1 
0 0 0 0 0 0 2 1 1 1 0 0 
2 0 0 0 0 0 1 4 5 2 0 0 
0 1 0 0 1 0 0 9 9 0 0 0 
0 1 1 1 1 0 3 4 2 2 0 0 
1 0 0 0 0 0 1 9 3 2 0 1 
1 0 0 0 0 0 2 8 7 2 0 0 
2 0 0 1 1 0 0 5 1 2 0 0 
1 1 0 1 0 1 0 1 1 1 0 1 
2 0 0 1 0 0 0 8 8 2 0 0 
0 0 1 0 0 1 2 7 9 0 0 0 
0 0 0 0 0 0 3 0 0 2 0 0 
0 0 0 0 0 0 2 6 6 2 1 1 
1 0 0 0 0 0 1 1 4 0 0 0 
0 1 0 0 1 1 1 9 4 2 0 0 
0 0 0 0 1 0 2 3 1 0 0 0 
1 0 1 0 0 0 2 3 7 0 0 0 
2 0 1 0 1 0 0 7 9 1 1 0 
0 0 0 0 0 0 0 5 1 1 0 0 
0 1 1 0 1 0 0 9 6 0 1 1 
0 1 0 0 1 1 0 7 7 0 1 0 
1 0 0 1 1 1 0 5 8 0 1 0 
1 0 0 1 0 0 2 5 4 0 1 0 
2 0 0 0 0 0 1 7 8 1 0 0 
2 0 0 1 1 1 3 8 6 0 1 0 
2 1 0 0 0 1 2 7 8 2 1 0 
0 1 0 0 0 0 0 1 8 1 1 0 
2 0 0 0 0 0 2 8 2 0 0 0 
1 1 0 0 0 0 3 8 0 0 1 0 
2 0 0 1 1 0 2 8 4 2 0 0 
2 1 1 0 1 0 3 2 6 1 0 0 
0 0 0 0 0 0 2 2 2 2 0 0 
0 0 0 0 0 0 3 1 4 0 0 0 
0 0 0 0 0 0 2 5 5 1 0 0 
0 1 1 0 0 0 0 0 8 0 0 0 
2 0 1 0 0 0 2 2 2 0 0 0 
1 0 0 1 0 0 0 4 9 0 1 1 
0 0 1 0 1 1 2 5 4 0 0 1 
0 0 0 0 0 0 1 9 0 1 0 0 
1 1 0 0 0 0 2 6 9 0 1 1 
0 0 0 0 0 0 2 8 8 0 1 0 
2 0 0 0 0 0 3 9 4 2 0 0 
1 0 0 0 0 0 1 5 8 0 0 0 
1 1 0 1 0 1 0 7 9 1 0 1 
0 0 1 1 0 0 3 9 2 1 0 1 
1 0 0 0 1 0 2 8 6 2 0 0 
1 0 1 1 0 0 1 6 8 0 0 0 
1 1 0 1 1 1 2 7 6 0 0 0 
1 0 1 0 0 0 3 8 8 0 0 1 
0 0 0 0 0 0 2 0 0 0 0 0 
1 0 0 0 0 0 0 9 9 1 0 0 
1 0 0 0 0 0 2 5 3 0 0 0 
2 1 0 1 0 1 3 1 4 1 1 1 
0 1 0 0 0 0 0 8 1 0 0 1 
1 0 0 0 0 0 3 7 9 0 0 0 
0 1 1 0 0 1 0 3 1 0 0 1 
0 0 0 0 1 0 0 6 6 0 0 0 
0 0 0 0 0 0 3 2 6 0 0 0 
2 0 0 0 0 0 3 1 1 0 0 0 
2 0 0 1 1 0 0 3 2 1 0 0 
1 1 0 0 0 1 2 2 5 2 0 0 
2 0 0 0 0 0 2 6 5 0 0 0 
0 0 1 1 0 1 1 4 9 1 0 0 
2 1 1 0 1 1 0 3 7 2 1 0 
0 0 0 1 0 1 3 8 8 2 0 1 
1 0 1 1 0 0 3 6 9 0 0 0 
0 1 0 0 0 1 2 3 4 1 0 0 
1 0 0 0 0 0 0 8 1 0 0 0 
2 1 0 1 0 0 3 3 7 0 1 1 
2 0 1 1 0 1 2 9 6 2 0 1 
0 0 0 0 0 0 2 1 2 0 0 0 
1 0 0 0 0 0 3 7 0 2 0 0 
2 0 0 0 1 0 1 8 9 1 1 0 
0 1 1 1 0 0 0 0 1 1 0 1 
0 0 0 0 1 0 2 1 0 1 0 1 
1 1 1 0 1 0 2 4 8 0 1 0 
2 0 1 0 0 1 1 4 1 1 1 1 
2 0 0 0 0 1 1 6 8 1 1 1 
2 0 1 0 0 0 1 6 7 1 0 0 
0 0 0 1 0 1 0 5 9 0 0 0 
2 0 0 0 1 0 0 7 4 2 0 0 
1 1 1 1 1 1 0 9 8 2 0 0 
2 0 1 0 0 0 3 7 3 0 0 0 
0 0 0 0 0 0 2 5 9 1 0 0 
0 1 0 0 0 0 0 8 1 0 1 0 
0 0 0 0 0 0 1 2 1 1 0 0 
0 1 0 0 1 0 1 4 3 2 0 0 
0 0 0 0 0 0 3 0 8 1 0 0 
2 0 0 1 0 1 3 2 6 1 1 1 
1 1 0 0 1 0 2 7 5 1 1 0 
2 0 0 0 1 0 0 6 2 2 1 0 
2 0 0 0 0 0 1 7 9 0 0 0 
0 0 0 0 0 0 0 2 7 0 0 1 
1 1 0 1 1 1 3 7 3 1 0 1 
0 1 0 0 1 0 1 5 3 0 0 0 
0 0 1 1 0 1 1 7 3 2 0 0 
1 0 0 0 0 0 3 3 8 0 0 0 
2 1 0 0 0 1 3 9 3 2 1 0 
1 0 0 0 0 1 0 6 9 1 0 0 
0 1 0 1 1 1 3 2 0 1 0 0 
0 0 0 0 0 0 0 1 7 2 0 0 
0 1 0 1 1 1 3 7 4 0 0 1 
1 0 0 1 0 0 2 7 8 0 0 0 
0 0 0 0 0 0 0 4 7 0 0 0 
2 0 0 0 0 0 3 6 7 0 0 0 
0 0 0 0 0 0 1 3 0 0 0 0 
0 0 0 0 0 0 2 3 6 0 0 0 
2 1 1 0 0 0 0 8 5 1 0 0 
0 1 1 0 0 1 0 1 3 2 1 0 
2 0 1 1 0 1 2 4 9 0 1 0 
1 0 0 0 0 1 2 7 7 2 1 1 
2 0 0 0 1 0 2 3 8 1 1 1 
0 0 0 0 0 1 2 0 1 1 1 0 
2 0 0 0 0 0 1 8 2 2 1 1 
1 1 0 0 1 1 0 0 9 0 0 0 
0 0 0 0 0 0 2 8 0 1 0 1 
0 0 1 0 0 1 0 6 7 0 0 0 
2 0 0 0 0 0 1 5 8 1 0 0 
0 0 0 0 0 1 3 6 1 0 0 0 
1 0 0 0 1 0 3 8 1 1 0 1 
2 1 0 0 1 0 0 4 0 0 1 1 
0 0 0 0 1 1 1 2 9 1 0 1 
0 0 1 0 1 0 0 4 2 1 0 1 
1 1 0 0 0 0 2 9 0 0 0 0 
1 0 0 1 1 0 2 8 8 1 0 0 
0 1 0 0 1 1 3 9 5 2 0 0 
2 1 1 1 0 1 2 3 8 0 0 1 
1 1 0 0 0 0 2 3 5 2 0 0 
1 0 0 1 0 0 2 3 4 0 0 0 
2 0 0 0 1 0 2 7 2 0 0 0 
0 1 1 0 1 1 1 2 6 2 0 1 
1 0 0 0 1 0 2 0 8 2 1 0 
0 1 1 1 0 0 0 9 3 2 0 0 
1 1 1 0 0 0 2 6 4 2 1 0 
1 0 0 0 0 0 0 5 6 0 0 0 
0 0 0 0 0 0 1 3 2 2 0 0 
1 1 0 1 0 0 0 2 5 0 1 1 
1 0 0 1 0 1 1 8 5 1 1 0 
2 0 1 0 0 0 1 8 8 0 0 1 
2 0 0 1 0 0 3 5 9 1 0 0 
1 0 0 0 0 0 0 8 0 1 0 0 
2 1 0 0 0 0 3 1 2 0 0 0 
0 1 0 1 0 0 3 9 9 1 0 0 
1 0 1 1 1 1 0 7 5 1 1 1 
0 0 0 1 1 0 2 4 7 1 0 0 
1 1 0 0 0 0 2 3 3 0 1 1 
0 0 0 1 0 0 2 7 2 2 0 1 
0 0 0 0 0 0 2 2 4 0 0 0 
0 0 0 0 0 0 3 2 9 1 0 0 
2 0 0 0 1 0 3 0 9 0 0 0 
0 0 0 0 1 1 0 6 8 0 0 1 
0 1 0 1 1 0 2 8 1 0 0 0 
2 1 1 0 0 1 0 5 1 2 1 0 
1 0 1 0 0 1 3 6 6 0 0 1 
0 0 1 1 0 0 3 9 5 2 1 1 
2 1 0 0 1 0 3 5 5 0 0 1 
0 0 1 0 0 1 0 2 2 1 0 0 
2 0 1 0 0 0 1 3 4 1 1 0 
1 0 0 0 0 0 3 4 7 0 0 0 
1 1 1 1 0 0 1 3 8 2 0 1 
0 0 0 0 0 0 0 0 9 2 0 0 
0 0 0 0 0 1 3 2 3 1 0 0 
0 1 0 0 0 1 3 8 6 0 0 0 
2 0 0 0 1 0 3 1 7 1 0 0 
2 0 0 1 0 0 1 7 5 1 0 1 
0 0 0 0 1 1 1 7 1 0 0 1 
1 0 0 1 0 0 1 2 2 1 0 0 
0 0 0 0 0 1 1 1 5 0 1 0 
1 0 0 0 0 0 3 7 1 0 0 0 
1 1 0 0 0 1 0 8 5 2 1 1 
2 0 0 1 1 0 3 2 2 2 0 0 
2 0 0 0 0 0 2 8 6 0 0 0 
2 0 0 0 0 1 2 3 2 0 1 0 
1 1 1 0 1 1 0 6 8 2 1 1 
0 1 1 1 1 0 3 1 1 0 0 0 
0 1 0 0 0 1 0 4 2 0 1 1 
1 1 1 0 0 1 3 9 1 1 0 1 
2 0 0 1 0 0 0 1 4 0 0 1 
1 0 1 0 1 1 1 9 9 1 1 1 
0 1 0 0 0 0 2 0 8 0 1 0 
0 0 0 0 0 0 0 7 8 2 0 0 
2 0 0 1 0 0 0 3 7 1 0 0 
0 1 1 1 1 0 2 3 0 0 0 1 
1 1 0 1 0 1 1 6 7 0 0 1 
0 0 1 0 1 0 3 3 6 1 1 0 
0 0 1 1 0 0 2 9 7 2 0 0 
0 1 0 0 0 1 0 8 9 1 1 0 
0 1 1 1 0 0 3 8 3 2 1 0 
0 1 0 0 1 0 1 7 3 0 0 1 
1 1 1 1 1 0 1 6 9 2 1 1 
0 0 0 0 0 0 0 8 8 0 1 0 
2 1 1 1 0 0 0 8 7 0 0 1 
0 0 1 1 0 0 1 3 5 0 0 0 
0 0 1 0 0 0 3 7 4 1 0 0 
1 1 0 0 1 1 2 5 1 0 1 0 
1 0 0 0 0 0 0 0 4 0 0 0 
2 0 0 0 0 0 2 9 8 0 0 1 
1 0 0 0 0 1 0 6 6 1 0 0 
2 0 0 0 1 0 0 5 4 2 1 0 
0 0 0 0 0 1 0 8 4 2 0 1 
2 0 1 1 0 1 1 3 3 2 0 1 
1 0 0 1 1 0 1 4 4 2 1 0 
1 0 1 1 1 1 1 7 9 2 0 0 
0 0 1 1 1 0 1 2 2 0 1 1 
1 1 0 0 0 1 0 0 2 0 1 0 
0 1 1 1 0 1 2 7 2 1 1 0 
0 0 0 1 1 0 2 6 3 2 0 1 
0 0 1 1 1 0 0 8 8 1 0 1 
0 0 1 1 1 0 0 2 8 0 1 0 
1 1 1 1 0 1 1 3 1 1 0 0 
2 1 0 1 0 0 0 4 5 2 0 0 
2 0 1 1 1 0 1 9 2 0 0 0 
0 0 0 0 0 0 2 7 3 0 0 0 
1 0 0 0 0 0 1 5 4 0 0 0 
1 0 0 0 0 0 3 9 5 0 0 0 
1 0 1 0 0 0 3 5 8 1 1 0 
0 1 0 1 0 1 0 7 1 1 1 0 
2 0 0 0 0 0 1 2 6 0 0 0 
2 0 1 1 1 0 3 7 8 2 1 1 
0 0 0 0 1 1 1 4 6 0 1 0 
0 0 1 0 0 1 0 5 8 0 0 0 
0 0 0 0 0 0 1 1 1 2 0 1 
0 0 0 0 0 0 3 8 9 1 0 0 
0 1 1 1 0 1 3 6 3 1 1 0 
2 0 0 0 1 1 0 0 0 2 0 0 
2 0 0 1 0 1 1 3 6 2 0 0 
2 0 0 0 0 1 3 0 3 2 1 1 
1 1 0 0 0 0 1 4 9 1 1 0 
1 1 0 0 0 0 0 8 9 0 0 0 
1 0 0 0 0 0 3 1 1 0 0 0 
0 0 0 1 0 0 0 8 1 1 0 0 
2 1 0 1 0 0 0 1 0 1 0 1 
0 0 1 1 0 1 2 5 3 0 0 1 
0 1 1 0 0 0 2 8 6 0 0 0 
0 0 1 1 0 1 3 2 4 2 0 1 
0 0 0 0 0 0 2 0 6 2 0 1 
1 0 0 0 0 0 1 9 8 0 0 0 
0 1 1 0 1 0 1 8 5 2 0 0 
2 0 0 0 0 0 1 3 8 0 0 0 
0 0 0 0 0 0 1 5 6 1 0 0 
2 0 0 0 0 0 3 2 0 0 1 1 
0 0 0 0 1 0 1 3 1 1 1 1 
1 0 0 1 0 0 2 9 4 1 0 1 
1 0 0 0 0 1 1 9 2 1 0 0 
2 0 0 0 0 0 2 7 7 1 0 0 
2 1 0 1 0 0 0 7 7 2 0 0 
1 0 0 1 0 0 3 6 4 0 1 1 
0 0 0 0 1 0 0 8 9 2 0 1 
0 1 0 0 0 0 1 1 7 0 1 1 
0 0 0 0 0 0 3 5 4 0 0 0 
1 0 0 0 0 0 1 8 6 0 0 1 
2 0 1 0 0 1 3 1 0 0 0 0 
2 0 1 1 0 0 0 8 3 1 0 0 
0 0 1 1 0 0 0 0 9 0 1 1 
2 0 0 0 1 0 2 3 5 0 1 1 
0 1 0 1 0 1 1 0 2 0 0 0 
0 0 0 0 1 1 1 8 2 1 0 0 
1 0 1 1 0 0 1 4 6 2 1 0 
1 1 0 0 0 0 0 6 7 2 0 1 
0 0 0 0 1 1 2 2 0 2 0 1 
2 1 0 1 1 1 3 4 4 2 0 1 
2 0 0 1 0 0 2 0 7 2 0 0 
1 1 1 0 0 1 1 8 7 0 0 1 
1 0 0 0 0 0 2 3 6 1 0 0 
2 0 0 0 0 0 3 2 9 2 0 0 
0 0 0 1 1 0 2 7 6 1 1 1 
1 0 0 0 0 1 0 4 1 2 1 0 
1 0 0 0 0 0 3 7 4 1 0 0 
0 1 0 1 1 1 1 2 7 2 0 0 
1 0 0 0 0 0 0 7 6 1 0 0 
1 1 0 0 0 1 3 5 6 1 0 0 
0 1 0 0 1 0 3 2 4 1 1 0 
1 0 0 0 1 1 1 6 3 0 0 0 
0 0 0 0 0 0 0 7 5 1 0 0 
1 0 0 0 0 0 0 6 4 1 1 1 
2 1 1 1 0 1 0 1 5 2 0 1 
2 0 0 0 0 0 3 2 7 0 1 0 
0 0 0 0 0 0 3 5 6 2 0 0 
1 0 0 0 0 0 3 8 6 1 0 0 
1 0 1 0 0 0 0 9 2 2 1 1 
1 0 0 1 1 0 0 9 3 0 1 0 
0 0 0 0 0 0 1 9 0 0 0 0 
1 1 0 0 0 1 2 8 2 2 1 1 
2 0 1 0 0 0 2 7 5 0 0 0 
2 1 0 0 0 0 0 1 3 0 0 0 
0 0 0 1 1 1 2 8 6 1 1 1 
0 0 0 0 0 0 1 4 9 0 0 0 
2 0 0 0 1 0 3 8 3 0 0 0 
1 0 1 0 1 0 3 2 8 2 1 1 
2 0 1 1 0 1 3 8 0 0 0 0 
1 1 0 1 0 1 1 4 7 0 1 1 
2 1 1 0 1 0 0 2 0 1 1 0 
2 1 1 0 0 0 0 4 6 0 0 0 
1 0 0 1 1 1 2 0 6 1 0 0 
0 1 0 1 0 0 0 3 3 0 0 0 
1 1 1 0 1 0 2 0 1 0 0 0 
0 1 0 0 0 0 0 6 4 0 0 0 
2 1 0 0 1 1 0 5 7 1 0 0 
1 1 0 0 1 1 3 5 4 2 1 1 
2 0 1 1 1 1 2 8 5 0 1 0 
0 0 0 0 0 0 0 3 4 2 1 0 
2 1 0 1 0 0 3 7 9 2 0 0 
2 1 0 0 0 0 3 0 6 1 0 1 
0 0 0 0 0 0 2 2 8 0 0 0 
2 0 0 0 0 0 0 5 9 2 0 0 
2 1 0 1 1 0 1 8 6 1 0 1 
0 1 1 1 0 1 1 7 8 1 1 0 
0 0 0 0 1 1 1 9 1 0 0 1 
2 1 1 1 0 1 0 9 0 0 0 1 
1 1 1 1 0 0 0 2 6 0 0 0 
2 1 1 1 1 1 2 8 7 2 0 0 
2 1 1 0 0 0 0 3 6 2 1 1 
2 0 0 0 0 0 1 5 1 0 0 0 
2 0 1 0 0 1 1 1 3 0 0 1 
2 0 0 0 0 1 0 7 0 2 0 0 
0 0 0 0 0 0 0 9 8 2 1 1 
1 0 0 1 1 1 2 3 7 2 0 0 
1 0 0 1 0 1 1 6 0 2 0 0 
0 0 1 0 0 0 3 5 1 0 1 1 
2 1 0 1 1 1 2 1 2 0 0 0 
2 1 1 1 0 1 3 7 2 2 0 0 
2 0 0 0 0 0 3 9 6 0 0 0 
0 0 0 0 0 0 1 7 2 2 0 0 
2 0 0 1 1 1 1 9 9 2 0 0 
1 0 0 0 1 1 3 0 7 0 0 0 
0 0 0 0 0 0 0 5 4 2 0 0 
2 0 0 0 0 0 1 0 9 1 0 1 
0 0 0 0 0 0 1 8 2 0 0 0 
1 1 0 0 0 0 3 4 5 2 0 0 
0 1 0 1 0 1 3 5 0 2 0 0 
2 1 0 0 0 1 0 4 9 2 0 0 
1 0 1 0 1 0 1 3 7 0 1 0 
0 0 0 0 0 0 3 8 1 2 0 0 
0 0 0 0 0 1 2 3 0 1 1 0 
0 0 1 0 0 1 3 8 5 0 1 0 
0 0 1 1 0 0 0 8 6 0 0 0 
0 1 1 0 1 1 0 6 0 2 1 1 
1 1 1 0 1 0 0 4 7 1 0 1 
0 0 0 0 0 0 3 6 9 1 0 0 
0 0 0 0 0 0 2 4 1 0 1 0 
0 0 1 1 1 0 1 0 0 2 1 1 
0 1 0 0 0 0 0 7 6 0 1 0 
1 0 1 0 0 1 0 3 5 0 0 1 
1 0 1 0 1 0 2 7 7 0 0 1 
2 0 0 0 0 0 0 2 5 0 0 0 
0 1 1 1 1 1 3 7 5 0 0 1 
1 0 1 1 0 1 3 0 6 0 0 0 
1 1 1 1 0 0 1 7 7 1 1 0 
1 0 0 0 0 0 3 1 0 1 0 0 
2 0 0 0 0 0 0 7 0 0 0 0 
2 0 0 0 0 0 2 1 4 2 0 0 
2 0 0 1 0 0 0 9 5 0 0 0 
0 0 0 0 0 1 1 1 4 1 0 0 
0 1 0 0 1 1 1 5 8 2 1 1 
2 0 0 0 1 0 0 0 2 2 1 0 
0 0 0 0 0 0 1 1 5 2 0 0 
2 1 0 1 1 0 2 9 3 2 0 1 
0 0 0 0 0 0 0 2 0 0 0 0 
1 1 0 0 1 0 3 3 0 0 0 1 
2 0 0 0 1 0 3 1 6 2 0 0 
1 0 0 1 0 0 0 3 0 0 1 0 
2 1 1 0 0 1 2 8 8 1 0 1 
2 0 0 0 0 0 2 9 1 0 0 0 
1 0 0 0 0 0 3 7 7 2 1 0 
1 1 1 1 1 0 0 7 0 0 1 0 
0 1 0 1 1 0 3 7 7 1 0 1 
0 0 0 0 1 0 0 1 1 0 0 1 
1 1 0 0 0 1 1 0 0 0 0 0 
0 0 1 0 1 1 3 4 6 1 1 1 
1 1 1 0 0 0 3 3 4 1 1 0 
2 1 1 0 0 1 1 2 7 0 0 1 
0 0 0 1 1 0 0 2 6 0 0 0 
2 0 1 1 1 0 3 1 3 2 1 0 
0 0 0 0 0 1 3 6 4 2 0 0 
1 1 0 1 0 1 0 2 3 0 1 1 
2 0 1 1 0 0 1 6 6 0 1 1 
1 0 1 1 1 0 0 4 2 0 1 0 
2 0 0 1 0 1 0 8 2 0 0 1 
1 0 0 0 1 0 3 6 3 2 0 0 
2 1 1 0 0 1 3 6 8 0 1 0 
0 0 0 0 0 0 2 5 5 0 0 0 
0 1 0 1 1 0 2 0 5 2 1 0 
0 1 0 1 0 0 3 5 7 2 0 1 
1 0 0 0 0 0 3 4 2 0 0 0 
0 0 1 0 1 0 3 9 9 0 0 0 
2 1 0 0 0 0 2 5 3 2 0 0 
2 0 1 1 0 1 3 7 7 0 0 0 
2 0 0 1 0 0 0 4 3 2 1 0 
2 1 0 1 1 0 0 3 4 0 0 0 
0 0 0 1 1 0 0 9 5 0 0 0 
2 1 0 1 0 1 0 0 7 0 1 1 
0 1 1 1 1 0 3 0 6 2 1 0 
2 0 0 1 1 0 0 5 2 0 0 0 
1 1 1 0 0 0 0 6 1 2 1 1 
1 1 1 0 0 0 2 3 1 2 1 1 
1 0 0 0 0 0 1 0 2 1 0 0 
1 1 1 0 0 0 0 5 8 0 0 1 
2 0 0 0 0 0 1 5 5 1 0 1 
1 0 0 0 0 0 1 8 3 1 0 0 
2 1 1 1 0 1 3 5 9 0 1 1 
1 0 0 0 0 1 0 2 7 2 1 0 
0 1 0 1 0 0 0 7 0 1 0 1 
1 1 0 0 1 0 1 6 1 0 0 1 
2 0 0 0 0 0 3 4 9 1 1 0 
2 0 1 0 1 0 0 9 1 1 1 1 
1 0 0 1 1 1 2 9 0 1 1 1 
1 0 0 0 0 0 0 2 1 0 0 0 
1 0 1 0 0 0 3 8 5 0 0 0 
2 1 0 1 1 0 0 2 2 0 1 1 
0 0 0 0 1 0 3 7 9 1 0 0 
2 0 0 0 0 0 2 7 1 2 0 0 
2 0 1 1 0 0 3 6 1 0 1 1 
0 0 0 0 0 0 1 9 9 0 0 0 
2 0 1 0 0 0 0 6 0 1 0 1 
0 0 0 0 1 0 0 9 2 0 1 0 
1 1 1 0 0 1 0 5 3 2 0 1 
0 0 0 0 0 0 0 5 1 2 0 0 
1 1 0 1 0 0 3 1 5 0 0 0 
0 0 0 0 0 0 3 8 4 2 0 0 
1 0 1 0 1 1 2 7 4 0 0 1 
0 0 0 0 0 0 0 6 3 2 0 0 
0 0 0 1 0 1 3 1 1 2 1 1 
1 0 1 1 0 0 1 7 3 1 1 1 
1 0 1 1 1 0 2 8 3 2 0 0 
0 1 1 0 1 0 2 7 8 1 0 1 
0 0 0 0 0 0 0 0 2 2 0 0 
1 0 0 1 1 0 0 3 1 0 1 0 
1 0 0 1 1 0 1 5 9 2 0 1 
0 1 1 1 0 0 3 4 1 1 1 0 
1 0 0 0 0 0 0 6 5 0 0 0 
0 0 0 0 0 0 2 5 4 1 1 0 
2 0 0 0 0 0 0 1 7 0 0 0 
0 0 0 0 0 0 2 9 9 0 0 0 
2 0 1 1 1 0 2 3 3 0 0 0 
1 1 1 0 1 0 3 0 7 2 0 1 
0 1 0 0 0 1 0 3 5 0 0 0 
0 0 0 0 0 0 1 3 8 0 0 0 
0 0 0 0 0 0 2 8 9 2 0 0 
2 0 1 0 0 0 3 3 3 0 1 0 
0 0 0 0 0 0 1 0 5 1 0 0 
2 0 0 1 1 0 0 1 8 1 0 1 
0 0 0 0 0 0 3 4 8 1 0 0 
1 0 1 0 0 0 0 2 9 2 0 1 
2 0 0 1 1 0 3 9 3 0 1 1 
2 1 1 0 0 0 0 6 5 2 0 0 
2 1 0 0 1 0 0 3 3 2 1 0 
0 0 0 1 1 0 1 6 7 2 1 0 
0 0 0 0 0 0 1 2 8 2 0 0 
2 1 0 1 1 1 2 1 1 2 1 0 
1 1 1 0 0 0 0 6 2 1 0 0 
0 1 1 1 0 1 3 7 1 2 0 1 
1 0 0 0 0 0 3 1 7 0 1 1 
2 0 0 0 0 0 2 6 6 0 0 0 
1 0 1 0 0 1 2 4 2 1 1 0 
2 1 0 0 0 0 0 2 4 0 0 0 
2 0 0 0 1 0 0 4 8 0 0 0 
1 1 1 1 0 0 1 9 1 0 1 0 
0 0 0 0 0 0 0 0 0 0 0 0 
1 0 0 0 0 0 0 0 8 0 0 0 
2 0 0 0 0 0 2 1 0 0 0 0 
0 0 1 0 0 0 3 1 1 1 0 0 
0 1 0 0 1 0 1 3 2 0 1 1 
2 0 1 0 0 0 3 0 0 1 0 1 
0 0 0 0 0 0 0 3 5 1 0 0 
0 1 0 0 0 0 2 5 0 0 0 0 
2 0 0 0 0 0 3 8 2 1 0 0 
1 0 0 0 0 0 3 5 2 2 0 0 
0 0 0 0 0 0 2 4 5 2 0 0 
1 0 1 1 0 0 0 0 2 1 0 1 
0 0 0 0 1 0 0 4 3 0 0 1 
0 0 0 0 0 0 1 1 7 1 0 0 
1 1 0 1 0 1 1 9 5 1 0 0 
2 1 1 0 1 1 3 3 1 0 1 1 
2 0 0 1 1 0 3 3 6 0 1 0 
1 0 1 0 0 0 1 0 9 0 0 0 
0 0 0 0 0 0 2 9 0 2 0 0 
2 1 1 0 0 0 3 8 4 0 0 1 
0 0 0 0 0 1 0 1 8 2 0 0 
2 1 0 1 1 0 1 9 6 1 0 1 
1 0 0 0 0 0 3 6 2 0 0 0 
1 1 0 0 1 0 2 8 5 0 0 1 
0 0 0 0 0 0 1 9 5 0 0 0 
0 0 0 0 0 0 2 2 3 0 0 1 
2 1 0 1 1 1 2 5 5 2 1 0 
1 0 1 1 0 0 2 0 8 1 0 1 
0 0 1 1 0 1 2 9 8 0 1 0 
2 1 1 0 0 0 2 4 7 2 1 1 
2 0 0 0 0 1 0 9 8 0 0 0 
0 0 0 1 0 1 1 3 4 0 1 0 
1 0 0 0 0 0 3 5 0 0 0 0 
2 0 0 0 0 0 1 5 6 0 0 1 
1 1 1 0 1 0 2 1 4 1 1 0 
1 0 0 0 0 1 1 3 8 1 0 0 
2 0 0 0 0 0 1 4 6 2 0 0 
1 0 0 0 0 0 0 2 4 1 0 0 
1 0 1 0 1 0 2 0 3 2 1 0 
0 1 0 0 1 0 2 4 4 0 1 1 
0 0 1 0 1 0 0 2 9 0 0 0 
2 1 0 0 1 0 3 4 3 1 0 0 
2 0 0 0 1 0 3 8 9 0 1 0 
1 1 0 1 0 1 0 7 2 0 0 0 
0 0 0 0 0 0 3 5 0 0 0 0 
2 0 0 0 0 0 3 4 6 0 0 0 
0 0 0 0 0 0 0 9 2 1 0 0 
1 1 1 0 1 0 2 7 1 1 0 0 
1 0 0 0 1 0 1 7 0 1 0 0 
0 0 0 0 0 1 0 5 7 0 0 1 
2 0 0 1 0 1 0 4 5 0 1 1 
1 0 0 0 0 0 2 1 2 1 0 0 
1 1 0 1 0 1 2 4 5 1 1 0 
1 0 0 0 0 0 0 3 6 1 0 0 
1 0 0 0 0 0 0 1 3 0 0 0 
2 0 1 0 0 0 2 0 4 0 0 1 
0 1 0 1 0 1 1 4 6 1 0 1 
2 0 0 0 0 0 0 6 6 0 0 0 
2 1 0 1 1 0 0 0 8 1 1 0 
1 1 1 1 0 0 1 8 2 1 0 0 
2 0 1 1 0 0 3 7 6 1 0 0 
1 1 1 0 1 0 2 9 4 2 1 0 
2 1 0 1 0 0 2 4 2 0 0 0 
0 1 0 1 0 0 3 7 8 1 1 0 
0 0 0 0 0 0 3 2 8 1 0 0 
2 0 1 0 0 1 0 3 8 2 0 0 
0 1 1 1 1 1 2 6 6 1 0 0 
1 1 1 1 1 0 0 4 1 0 0 1 
2 0 1 0 0 1 1 4 3 0 0 1 
0 0 1 0 1 1 3 5 7 2 1 0 
2 0 0 0 0 0 1 0 3 0 0 0 
1 0 0 0 0 0 3 6 1 1 0 0 
1 0 0 0 0 0 2 2 0 0 0 0 
2 0 1 0 1 0 2 4 5 1 0 1 
0 0 0 1 1 0 0 7 1 0 0 0 
0 0 1 0 1 1 0 2 1 1 0 1 
2 0 0 0 0 0 1 4 7 1 0 0 
1 1 0 1 1 1 1 8 3 0 0 0 
0 0 0 0 1 0 1 4 0 2 0 1 
2 0 0 0 0 0 0 8 6 0 0 0 
2 0 0 1 0 1 1 6 0 0 1 1 
2 0 0 1 0 0 2 3 1 1 0 0 
0 0 0 0 0 0 3 9 7 1 1 0 
0 0 0 0 0 0 1 7 7 2 0 0 
0 0 0 0 0 0 2 4 7 0 0 0 
2 0 0 0 1 1 2 1 7 2 1 1 
1 0 0 0 0 0 0 5 7 0 0 0 
2 0 0 0 0 0 3 4 5 1 0 0 
0 0 0 0 1 0 1 2 8 1 0 1 
2 1 0 1 0 0 3 4 8 0 1 1 
0 1 1 0 1 1 1 4 8 1 1 0 
2 0 0 1 0 1 3 7 0 1 0 0 
1 0 1 1 1 1 1 5 6 0 1 1 
0 0 0 0 0 1 1 9 8 1 0 0 
1 1 1 1 0 1 3 8 1 1 1 0 
1 0 0 0 0 0 1 2 7 0 0 0 
1 0 1 0 0 0 2 1 7 1 0 0 
2 0 0 0 1 0 1 2 4 2 0 0 
2 1 1 0 1 0 0 8 2 0 1 1 
2 1 0 0 0 1 3 9 0 0 1 0 
2 0 1 0 0 0 3 3 1 2 0 0 
0 0 0 0 1 0 0 5 8 1 0 0 
1 1 0 0 0 1 0 1 2 0 1 0 
1 1 0 1 1 1 3 6 1 2 0 0 
1 0 0 1 1 0 2 5 6 2 0 1 
2 0 0 0 0 0 3 3 4 0 0 1 
2 1 0 0 1 0 2 9 6 2 1 0 
1 0 0 1 0 0 1 5 3 2 0 0 
2 0 0 0 0 0 2 2 9 0 0 1 
1 1 1 1 0 1 2 9 9 2 0 0 
0 0 1 1 1 0 3 5 8 0 0 1 
1 0 0 0 0 1 1 6 2 2 0 0 
0 0 0 0 0 0 0 9 3 0 0 0 
0 1 1 1 0 0 1 9 7 1 1 1 
2 0 0 1 1 0 3 9 1 2 1 0 
0 1 0 0 0 0 3 5 2 0 0 0 
2 1 0 1 1 1 0 0 9 1 1 0 
1 0 0 0 1 0 3 6 8 1 0 1 
2 1 1 0 1 0 0 6 9 1 0 1 
2 0 0 0 1 1 2 6 4 0 1 1 
1 0 0 0 0 0 1 0 6 0 0 0 
2 1 0 1 1 0 2 5 9 2 0 0 
0 1 0 0 0 0 0 2 6 1 1 0 
1 1 0 0 1 0 1 3 4 2 0 1 
2 0 0 0 0 0 1 5 9 0 0 0 
2 0 0 0 0 0 3 2 1 2 0 1 
2 1 1 1 0 1 2 1 8 2 0 0 
1 0 0 0 0 0 3 8 2 0 0 0 
1 0 1 0 1 0 2 6 2 0 1 1 
1 0 0 0 0 0 3 2 5 1 0 0 
1 1 0 1 1 0 2 0 4 0 1 0 
2 0 1 0 0 1 2 0 7 0 0 0 
0 1 0 1 0 1 2 6 4 1 0 0 
0 0 1 0 0 0 2 1 3 1 0 0 
2 1 1 0 0 0 2 5 6 2 1 0 
1 0 1 1 0 0 2 8 1 2 1 1 
0 0 0 0 0 0 3 9 9 2 1 0 
1 0 0 0 0 0 0 5 0 0 0 0 
1 0 0 0 0 1 3 7 6 2 1 0 
0 1 1 1 0 1 0 8 0 2 0 1 
0 0 1 1 0 1 1 1 8 1 0 1 
2 1 1 0 1 1 1 9 0 2 0 1 
0 1 0 0 1 1 1 5 4 1 0 0 
0 0 0 0 1 0 0 3 9 0 1 0 
1 0 0 0 0 0 2 4 4 0 0 0 
2 0 1 1 1 1 3 2 3 0 0 0 
2 0 1 1 0 0 3 4 4 0 1 0 
0 1 1 0 0 0 2 4 3 2 1 1 
2 1 0 1 0 1 1 2 8 0 0 0 
1 0 0 0 1 0 3 4 5 0 0 1 
1 0 0 0 0 0 2 9 1 2 1 0 
0 0 0 0 0 0 3 0 5 0 0 0 
0 1 0 1 1 0 0 8 4 1 1 0 
2 1 1 0 0 0 1 4 0 1 0 0 
0 0 0 0 0 0 0 7 9 2 0 0 
1 0 0 1 0 1 1 6 2 1 1 1 
0 0 0 0 0 0 2 5 1 1 0 0 
0 0 0 1 1 1 0 2 5 2 1 0 
0 0 0 0 0 0 3 8 7 2 0 0 
2 0 1 0 1 0 1 0 8 0 1 1 
1 1 0 1 1 0 0 7 8 0 1 0 
0 0 0 0 0 1 3 2 1 0 1 0 
0 0 1 0 0 0 0 4 0 0 0 0 
0 0 1 0 0 0 0 6 3 1 0 1 
2 0 1 0 1 1 2 2 8 2 0 1 
2 0 0 0 0 0 2 0 5 0 0 0 
1 0 0 0 0 1 2 3 9 1 0 0 
2 0 0 0 0 0 0 3 3 1 0 0 
0 1 0 1 0 0 0 5 4 0 0 0 
0 1 1 0 1 0 1 5 7 1 1 1 
0 0 1 0 1 1 3 1 8 0 0 1 
1 0 1 0 1 1 3 6 0 0 0 1 
0 1 0 1 1 0 2 3 5 1 0 1 
2 1 0 1 0 1 0 9 4 2 0 1 
1 1 1 1 1 1 1 0 5 0 1 0 
0 1 0 1 0 1 1 9 6 0 1 0 
2 0 0 0 0 0 3 4 2 1 0 1 
0 0 0 0 0 0 0 6 8 1 0 0 
2 0 0 1 0 0 3 5 7 1 0 0 
2 0 1 0 1 0 3 9 8 2 0 0 
0 0 0 0 1 1 0 5 5 1 0 0 
0 0 1 0 1 0 2 6 5 0 0 0 
2 0 0 0 0 1 2 2 0 1 0 0 
0 0 1 0 1 0 0 5 1 0 0 0 
1 1 0 0 0 0 0 4 3 1 0 0 
1 0 1 0 1 1 0 8 6 1 0 1 
1 0 0 0 0 0 3 4 6 0 0 0 
2 0 0 0 0 0 2 2 7 2 0 0 
2 0 0 0 1 0 1 1 0 1 0 0 
1 0 1 0 0 1 2 8 0 0 1 1 
0 0 0 0 0 0 3 4 3 2 0 0 
1 0 0 0 0 0 2 5 8 2 0 0 
2 0 0 0 0 0 3 9 9 0 0 0 
0 1 1 0 1 1 1 6 2 0 0 0 
0 0 0 1 0 0 3 6 7 1 0 0 
1 0 0 0 1 1 1 1 0 0 1 0 
2 0 1 0 0 1 1 9 5 0 0 1 
0 0 0 0 0 0 3 6 7 2 0 0 
2 0 0 0 0 1 2 0 8 0 0 0 
2 1 1 1 1 1 1 2 5 1 0 1 
2 1 1 1 1 0 1 9 8 1 1 1 
1 0 0 0 0 0 0 7 2 2 0 0 
0 0 0 0 0 0 1 6 8 2 0 0 
2 1 0 1 0 0 2 4 1 2 1 0 
0 0 0 0 0 0 2 5 0 2 0 0 
1 0 1 1 1 0 1 1 5 0 1 1 
1 0 0 0 0 0 0 1 5 2 1 0 
0 1 0 1 0 1 2 3 1 2 0 0 
2 1 1 1 1 1 1 8 1 2 0 0 
2 0 0 0 0 0 2 3 7 0 0 0 
2 1 0 0 0 1 2 8 3 1 1 1 
2 0 1 1 1 0 1 0 2 2 1 1 
2 1 1 1 1 1 3 4 0 2 0 0 
0 1 1 0 0 0 2 5 2 1 1 0 
0 0 0 0 0 0 1 7 8 0 0 1 
0 0 0 0 0 0 0 9 0 0 1 0 
2 0 0 0 0 0 3 8 7 0 0 0 
0 0 0 0 0 1 3 7 0 0 1 1 
1 0 0 0 0 0 1 7 5 0 0 0 
1 0 0 0 0 0 3 0 1 1 0 0 
0 1 1 1 0 0 1 1 0 0 0 1 
1 0 1 0 0 0 1 6 5 1 1 1 
1 0 0 0 0 0 2 0 7 1 0 0 
0 1 0 1 0 0 2 9 2 2 1 0 
2 0 0 1 0 0 0 6 4 2 0 0 
0 0 0 0 0 0 2 8 7 1 0 0 
1 0 1 0 1 0 0 7 7 2 0 1 
2 0 0 0 0 0 3 6 3 0 0 0 
1 0 1 0 1 1 1 8 4 1 1 0 
0 0 1 0 0 0 0 7 2 0 0 1 
2 0 0 0 1 0 3 1 5 2 0 0 
1 1 0 0 0 1 2 7 0 1 1 1 
0 0 0 0 0 0 0 5 2 1 0 0 
0 0 0 0 0 0 0 3 5 2 0 0 
1 0 0 0 0 0 1 5 7 2 0 0 
0 0 1 1 0 1 3 4 5 2 1 1 
0 0 0 0 0 1 3 3 2 1 0 0 
1 0 1 1 1 1 0 3 3 1 1 1 
1 0 0 0 1 1 1 7 4 0 1 0 
2 0 1 0 0 1 2 3 4 2 0 1 
1 1 1 1 0 1 0 4 8 1 0 1 
1 1 0 1 0 0 1 1 4 2 1 0 
1 0 0 1 0 0 0 7 3 0 0 0 
1 0 0 1 0 0 3 5 5 2 0 0 
0 0 0 0 0 0 1 0 4 2 1 0 
0 0 0 0 0 0 2 1 8 1 0 0 
2 0 1 1 0 1 1 1 6 1 1 0 
0 1 0 0 0 0 0 7 5 0 0 0 
1 1 1 0 1 1 2 0 2 2 0 0 
1 0 0 0 0 1 0 1 6 1 1 0 
1 0 0 0 0 0 3 2 2 0 0 0 
2 1 0 0 0 0 0 0 3 1 0 1 
2 0 0 0 0 0 3 7 5 0 0 0 
1 0 0 0 1 0 3 1 9 1 1 0 
2 0 0 0 0 0 2 8 9 0 0 0 
1 1 0 0 1 0 0 9 5 0 1 1 
1 0 0 0 0 0 3 1 2 2 0 0 
1 0 0 0 0 1 2 4 7 1 1 0 
0 0 0 0 0 1 3 1 3 0 0 1 
0 1 0 1 1 1 1 1 6 2 1 1 
2 0 0 1 0 0 0 9 7 1 0 0 
2 0 1 1 0 0 1 7 4 0 0 1 
2 0 1 1 0 0 1 5 3 1 0 0 
2 0 0 0 0 0 2 4 8 1 0 0 
1 1 0 1 0 0 0 6 3 0 1 1 
0 0 0 0 0 0 0 8 7 2 0 0 
2 0 1 0 0 1 2 4 0 0 0 1 
1 0 0 0 0 0 0 9 4 0 0 0 
0 0 1 1 0 1 0 1 7 1 0 1 
1 1 1 0 0 0 1 7 6 0 0 1 
1 0 0 1 0 1 0 9 6 1 1 0 
0 1 1 0 1 1 0 3 9 1 0 0 
0 0 0 0 0 0 0 9 7 0 0 0 
2 1 1 0 0 0 1 1 5 1 0 0 
0 1 1 0 0 1 3 2 9 0 0 0 
0 1 0 1 1 0 2 4 0 0 1 0 
2 0 0 0 0 0 2 2 4 1 0 0 
2 0 0 0 0 0 2 8 0 2 0 0 
1 1 1 1 0 1 1 2 1 2 1 0 
2 0 0 0 0 1 2 8 1 1 0 0 
2 0 0 0 0 0 3 3 8 0 0 0 
0 0 0 1 0 0 3 3 8 2 1 1 
1 0 1 0 0 0 2 1 3 2 0 0 
1 0 0 0 0 0 1 9 0 2 1 0 
0 0 0 0 1 1 0 0 6 1 1 1 
2 1 0 0 1 0 2 6 8 2 0 0 
2 0 0 0 0 1 0 0 2 0 0 0 
1 0 0 1 0 1 3 1 2 1 0 1 
0 1 0 0 0 0 0 8 7 0 1 0 
2 0 0 0 0 0 2 3 6 1 0 0 
0 1 0 0 0 0 2 6 5 1 1 0 
2 1 0 1 1 0 3 1 8 0 1 0 
1 0 1 0 0 1 1 2 8 1 1 0 
2 0 0 0 1 1 0 0 1 0 0 0 
2 0 1 0 0 1 0 4 4 1 0 0 
0 1 0 1 0 1 2 2 1 0 0 1 
0 0 1 0 1 1 3 5 0 1 1 1 
2 1 1 1 1 0 0 3 5 2 1 0 
1 1 1 0 1 0 3 2 7 2 0 1 
0 0 0 0 0 0 3 9 2 2 0 0 
2 0 1 0 0 1 1 6 1 2 0 0 
0 0 0 0 0 0 0 6 5 0 0 1 
1 0 1 0 1 1 0 4 5 2 1 0 
0 1 0 1 1 0 2 0 7 0 1 1 
0 1 0 0 1 0 3 6 6 0 1 0 
1 0 0 0 1 0 1 8 8 2 0 0 
1 1 1 1 0 0 2 1 5 1 1 0 
2 1 0 0 0 0 2 0 2 1 1 1 
0 0 0 0 0 0 0 5 3 0 1 0 
0 0 1 1 0 0 1 5 8 2 0 0 
2 0 0 0 1 1 0 8 0 2 1 1 
0 0 1 0 0 0 1 7 7 0 0 0 
1 0 1 0 0 0 1 1 9 2 0 1 
1 0 0 0 0 0 0 1 7 0 0 0 
2 0 0 0 0 0 2 5 7 0 0 0 
1 0 0 0 0 0 2 7 2 1 0 0 
2 0 0 0 0 1 1 5 2 0 0 0 
0 0 0 0 0 0 1 2 5 1 1 0 
0 0 0 0 0 0 0 5 5 2 0 0 
0 0 0 1 0 0 0 9 1 2 0 1 
1 1 0 1 0 1 1 2 4 0 1 1 
0 0 0 1 0 0 1 6 1 1 1 0 
0 0 0 0 0 0 2 9 8 2 0 0 
2 1 0 0 0 0 0 9 5 2 0 0 
1 0 0 0 0 0 2 3 8 0 0 0 
2 1 0 0 1 0 1 1 1 1 1 0 
0 0 1 0 0 0 1 9 6 1 0 0 
0 0 0 0 0 0 0 9 6 2 0 0 
1 1 0 1 1 0 1 6 5 0 0 0 
0 0 1 0 0 0 0 7 0 1 0 0 
1 0 0 0 0 0 1 7 1 2 1 0 
0 0 0 1 0 0 0 0 6 0 0 0 
0 0 0 1 0 0 3 8 5 1 0 1 
1 1 1 0 0 1 1 4 4 0 0 1 
1 0 1 0 0 0 0 1 8 0 0 0 
0 1 1 1 1 0 1 6 8 1 0 0 
2 0 0 0 0 0 2 6 9 2 0 0 
1 1 1 0 0 1 0 8 8 2 1 0 
0 1 0 1 0 1 1 1 9 0 1 0 
0 0 0 0 0 1 2 6 0 1 0 1 
0 1 0 0 0 1 1 7 4 1 1 0 
0 0 0 0 0 0 2 4 4 2 0 0 
1 1 1 0 1 0 1 6 0 1 1 0 
0 1 1 0 0 1 3 2 2 2 1 1 
0 0 0 0 1 0 0 8 1 0 1 0 
1 0 0 0 0 0 3 4 1 0 0 0 
0 0 1 0 0 1 2 5 9 2 0 1 
1 1 1 0 0 1 1 2 0 0 0 0 
0 1 1 1 1 0 1 4 5 0 1 0 
0 0 0 0 0 0 0 0 3 2 0 0 
0 0 0 0 0 0 0 7 3 1 0 0 
1 0 1 1 1 1 1 7 2 0 1 0 
0 0 0 1 0 0 1 0 8 0 0 0 
0 0 0 0 0 0 0 9 4 0 0 0 
2 1 0 0 0 0 2 9 9 1 0 1 
2 0 0 1 0 0 2 6 1 0 0 0 
0 0 0 0 1 0 0 7 1 2 0 1 
2 0 0 0 0 0 2 9 2 0 0 0 
0 0 0 0 0 0 1 6 3 1 0 0 
0 0 1 0 0 0 2 1 8 0 1 0 
2 0 0 1 0 0 0 1 0 2 1 0 
1 0 1 1 0 0 3 5 4 1 0 0 
0 0 0 0 0 1 3 6 3 0 0 1 
0 0 0 0 1 0 0 2 3 1 0 0 
0 0 0 0 0 0 3 4 7 1 1 0 
1 0 0 0 0 0 2 0 4 2 0 0 
0 0 1 1 1 1 3 8 4 0 1 0 
2 0 1 0 0 0 1 5 0 0 0 0 
1 0 0 0 0 0 1 3 5 1 0 0 
2 0 0 1 1 0 2 0 1 2 0 1 
1 0 0 0 0 0 1 1 2 0 0 0 
0 1 1 1 0 1 3 8 2 0 0 1 
2 0 0 0 0 0 1 6 5 0 0 0 
2 0 1 1 1 0 0 0 3 0 0 0 
1 0 0 0 1 0 3 7 2 0 0 1 
0 1 0 1 0 0 0 6 0 0 0 0 
2 0 0 0 0 0 3 6 0 2 0 0 
1 0 0 0 0 0 3 8 9 0 0 0 
1 1 1 0 0 0 0 0 1 2 1 0 
2 0 1 1 1 0 1 6 2 0 0 1 
1 0 0 0 0 0 1 4 8 0 0 1 
0 0 0 0 1 1 0 1 4 0 1 0 
0 0 0 0 0 1 1 5 6 2 0 0 
0 0 1 1 1 0 3 1 2 1 1 0 
0 1 1 0 0 1 1 3 7 2 0 1 
0 0 0 0 0 0 2 1 0 0 1 0 
1 0 0 1 0 1 2 7 1 0 1 1 
0 0 1 0 1 0 0 0 7 1 0 0 
0 0 0 0 0 0 2 0 9 0 0 0 
2 0 0 0 1 0 3 2 4 0 0 1 
1 0 0 0 0 0 0 5 4 0 0 0 
1 0 0 0 0 0 2 9 8 1 0 0 
2 0 1 0 1 0 2 9 9 0 1 0 
2 0 0 0 0 0 1 2 1 0 0 1 
2 0 0 0 0 0 1 4 4 1 0 0 
2 1 0 1 1 1 0 2 9 0 0 1 
1 0 0 1 0 1 0 3 9 2 1 0 
1 0 1 1 0 1 1 3 9 1 1 1 
2 0 0 0 0 0 2 4 3 0 0 0 
2 1 0 1 0 1 2 5 8 1 0 1 
0 0 0 1 1 1 3 3 1 0 0 1 
0 0 0 0 0 0 1 3 9 0 0 0 
0 0 0 0 0 0 1 7 4 2 0 0 
2 0 0 0 0 0 0 0 6 0 0 0 
2 1 0 0 1 1 2 9 7 0 1 1 
0 0 1 1 1 0 3 5 6 1 1 1 
2 0 1 1 1 1 2 7 3 2 1 1 
0 0 0 0 0 0 1 2 9 2 0 0 
1 0 0 0 1 1 2 1 5 0 0 1 
0 0 0 1 1 1 2 4 8 0 0 1 
1 1 0 1 0 1 3 0 8 0 1 1 
1 0 1 1 0 0 2 5 1 2 0 1 
2 0 1 0 1 1 3 4 7 0 0 0 
0 0 0 0 1 1 0 2 6 0 0 1 
0 0 0 0 0 0 3 9 3 0 0 0 
1 0 1 0 0 0 3 2 0 2 1 0 
1 0 0 0 1 0 0 4 4 1 1 1 
0 1 1 1 0 0 0 2 4 0 0 1 
0 0 0 0 0 0 0 5 7 0 0 0 
0 0 0 0 0 1 1 4 2 0 0 1 
2 0 0 1 1 1 0 5 3 0 0 0 
1 1 0 0 0 0 3 1 6 1 1 0 
0 0 1 1 0 1 3 1 5 1 1 1 
0 0 0 0 0 0 3 9 6 1 0 0 
0 1 0 0 1 0 0 1 5 1 0 1 
0 0 1 1 0 1 3 2 7 1 0 0 
0 0 1 0 0 1 0 6 5 0 0 0 
2 1 1 0 0 0 3 9 7 2 0 0 
2 1 0 1 1 1 0 6 5 1 1 0 
2 0 0 1 0 0 2 0 0 0 0 1 
1 0 0 1 1 0 0 1 3 1 0 1 
0 1 0 0 1 1 0 8 3 1 0 0 
1 1 1 0 1 1 1 5 5 0 0 0 
2 0 0 0 0 0 0 9 9 0 0 0 
0 0 0 0 1 0 0 6 7 1 0 0 
0 0 0 0 0 0 1 1 0 2 0 0 
2 0 0 1 1 1 0 4 1 0 0 0 
0 1 0 0 1 0 0 7 2 1 1 1 
0 0 0 0 1 0 2 9 0 0 0 0 
0 0 0 0 0 0 2 5 8 0 0 0 
2 0 1 0 1 0 0 9 4 1 1 0 
0 0 1 0 0 0 1 5 9 1 0 0 
1 1 0 1 1 1 1 1 7 2 0 0 
2 0 0 0 0 1 2 9 4 0 0 0 
1 0 0 0 0 0 3 5 1 2 0 0 
2 0 0 0 0 0 1 9 2 2 0 0 
1 0 0 1 1 1 2 4 3 2 0 1 
1 0 1 0 1 1 3 4 3 0 1 1 
0 0 0 1 0 0 2 6 2 2 0 0 
0 0 0 0 0 0 3 7 2 1 1 0 
0 0 0 0 0 1 2 5 6 0 0 0 
2 1 0 0 0 1 3 9 2 1 1 0 
0 1 0 0 0 0 3 3 9 1 1 1 
0 1 1 0 1 1 3 0 2 0 1 1 
2 0 0 0 0 0 0 3 0 1 0 0 
0 0 0 0 1 0 3 8 2 2 1 0 
2 0 0 1 0 0 1 3 7 1 0 0 
1 0 0 1 0 0 0 4 6 1 0 1 
2 0 0 0 1 0 2 5 2 2 0 0 
2 0 0 0 1 1 1 7 7 1 1 1 
2 0 0 1 0 0 0 6 8 0 0 0 
1 0 1 1 1 1 3 0 0 0 1 0 
0 1 0 1 0 1 2 9 5 0 0 1 
0 0 1 0 0 0 0 4 4 2 0 0 
0 1 1 1 1 0 3 0 3 2 0 0 
1 1 1 0 0 1 0 9 7 1 0 1 
0 0 0 1 0 0 1 2 3 2 1 1 
1 0 0 0 0 0 2 2 1 2 0 0 
2 1 0 0 0 0 2 5 4 2 0 0 
0 0 1 1 0 1 3 1 6 0 0 1 
2 0 0 0 1 1 0 6 3 1 0 0 
2 0 1 0 0 1 0 8 4 2 1 0 
2 1 0 0 1 0 3 8 8 1 1 0 
0 1 0 0 1 0 1 4 1 2 0 1 
0 1 0 1 0 0 0 2 9 2 1 0 
1 0 0 0 0 0 2 3 3 2 0 0 
2 0 0 0 0 0 0 9 8 1 1 0 
0 0 1 0 1 1 1 0 1 0 0 0 
0 0 0 0 0 0 1 9 8 2 0 0 
0 0 0 1 0 1 1 6 6 2 0 0 
1 0 1 0 0 0 3 9 0 1 1 1 
0 0 0 1 0 0 0 8 3 0 0 1 
0 1 0 0 0 0 0 9 4 1 0 0 
2 0 0 0 1 0 3 6 6 2 0 1 
1 0 1 0 1 0 2 5 0 1 0 0 
0 1 0 0 1 0 0 5 9 1 1 1 
2 0 0 1 0 0 3 0 2 0 0 0 
2 1 1 0 1 1 1 4 2 2 1 0 
2 1 1 1 0 0 1 7 0 2 1 1 
0 0 0 0 0 0 3 1 8 2 0 0 
0 1 0 0 1 0 3 5 1 1 0 0 
0 0 0 0 0 0 0 3 7 0 0 1 
0 1 0 1 1 1 2 1 3 0 1 1 
1 0 0 0 0 0 2 1 0 0 0 0 
1 0 0 0 0 0 3 4 8 0 0 0 
0 0 0 0 0 1 1 0 8 1 0 0 
1 0 1 0 1 0 3 5 3 0 1 0 
1 0 0 0 0 0 1 1 6 0 0 0 
2 1 0 0 0 1 3 5 8 2 0 0 
2 0 0 0 0 0 1 6 9 0 0 0 
0 0 1 1 0 0 0 8 0 0 0 0 
1 1 0 1 1 1 0 9 2 2 0 0 
0 1 0 0 0 0 0 7 3 2 0 0 
1 0 0 0 1 0 1 2 6 0 1 0 
1 0 0 1 1 0 2 7 9 0 1 1 
2 0 0 0 0 0 2 5 1 0 0 0 
1 1 0 0 1 1 3 3 3 1 0 0 
2 0 0 0 0 0 3 5 4 0 0 0 
1 0 0 0 0 0 0 1 6 2 0 0 
2 1 1 0 1 1 0 7 3 0 1 1 
0 0 0 0 0 0 2 8 5 2 0 0 
1 0 0 0 0 0 1 6 4 0 0 0 
2 0 1 1 0 0 0 5 7 0 1 1 
2 0 1 0 1 1 0 5 6 1 1 0 
1 0 0 1 1 1 1 0 1 1 1 1 
2 0 0 0 0 0 0 5 7 2 0 0 
2 0 1 1 1 0 3 6 5 1 0 1 
0 1 1 0 1 0 1 4 7 0 0 0 
1 0 1 0 0 1 3 0 5 2 0 0 
1 0 0 1 0 1 2 6 5 2 0 1 
0 0 0 0 0 0 2 4 9 1 0 0 
1 1 0 0 1 1 2 1 8 2 1 1 
0 0 0 1 0 1 0 4 0 1 0 0 
0 0 0 0 1 0 3 7 3 2 1 0 
2 1 0 0 0 1 2 6 2 1 0 0 
0 1 1 1 0 1 3 1 7 0 0 0 
2 1 1 1 1 1 1 9 3 1 1 0 
1 0 1 0 0 0 0 5 9 0 0 0 
2 1 1 1 1 0 0 2 7 1 1 0 
0 1 0 1 1 0 2 8 0 0 0 0 
1 0 0 0 0 0 0 8 3 0 1 1 
1 0 1 1 1 1 2 3 6 2 1 1 
0 0 1 0 0 1 3 0 9 1 1 0 
0 0 0 0 0 0 1 2 5 2 0 0 
2 1 0 0 0 1 0 2 1 0 1 1 
0 1 1 1 1 1 1 0 9 2 1 1 
2 0 0 1 1 1 0 0 4 1 0 0 
0 0 0 0 0 0 1 8 0 0 0 1 
2 0 0 0 0 0 1 8 3 2 0 0 
0 1 1 0 0 0 0 2 5 1 0 0 
2 0 0 0 0 0 0 5 5 0 0 1 
1 0 0 0 0 0 0 7 3 2 0 0 
2 0 0 1 0 1 0 5 4 1 0 1 
2 0 1 0 1 0 3 0 1 0 1 1 
2 1 0 1 0 0 3 0 5 1 1 1 
0 0 0 0 0 0 0 2 0 2 0 0 
0 0 0 0 1 0 1 3 3 1 1 0 
2 0 0 0 0 0 0 2 2 1 0 0 
0 1 0 0 0 1 3 8 7 1 0 0 
2 0 1 0 0 0 3 4 1 2 0 1 
0 0 1 1 0 0 1 9 4 0 1 0 
0 1 1 0 1 1 2 9 1 2 1 1 
0 0 0 0 0 0 0 3 0 0 0 0 
0 0 0 0 1 1 2 2 9 2 1 0 
2 1 0 0 0 1 1 7 2 1 0 1 
1 0 0 0 0 0 0 0 5 1 0 0 
1 0 1 0 0 1 0 5 2 2 0 1 
2 0 0 0 0 1 0 2 8 1 0 0 
1 1 1 0 1 1 1 5 9 0 1 0 
2 0 0 0 0 0 2 2 6 0 0 1 
2 1 0 1 0 1 2 9 1 1 0 0 
1 0 0 0 0 0 2 9 2 0 0 0 
2 0 0 0 0 0 0 2 3 0 0 0 
0 0 0 0 1 1 3 4 1 0 0 0 
0 0 0 0 0 1 1 0 7 2 0 1 
1 0 1 1 1 1 3 8 7 1 1 1 
1 0 0 0 0 0 3 8 4 1 0 0 
2 0 0 0 0 0 2 1 6 2 0 0 
0 0 1 1 0 0 2 8 7 2 1 1 
0 0 0 1 0 1 2 6 8 2 1 1 
2 1 0 1 0 1 3 0 1 0 0 0 
1 0 0 0 0 0 0 7 1 0 0 0 
0 0 0 0 1 1 2 9 6 0 0 0 
2 0 0 0 0 0 1 1 2 1 0 0 
1 0 0 1 0 0 1 3 2 1 0 0 
1 0 1 0 0 0 3 9 3 1 0 0 
1 0 0 1 0 0 2 2 7 1 0 0 
0 0 0 0 0 0 0 8 1 2 0 0 
0 0 0 0 0 0 0 4 5 1 0 0 
0 0 1 1 1 1 0 3 6 0 0 0 
0 1 0 0 0 0 0 6 2 0 1 1 
1 0 0 0 0 0 3 5 7 0 0 0 
2 0 1 1 1 1 0 2 4 2 1 0 
0 0 0 0 0 0 2 6 1 2 0 0 
1 0 0 0 0 0 2 2 3 0 0 0 
1 1 0 1 0 0 3 0 9 0 1 1 
0 0 0 0 0 0 2 7 1 0 0 0 
0 1 0 1 0 0 0 9 9 0 1 0 
0 1 1 0 0 0 0 4 9 1 0 0 
1 1 0 1 0 0 3 2 1 1 0 1 
2 0 0 0 1 0 1 1 9 0 0 1 
0 0 1 1 1 0 2 3 4 1 1 1 
0 0 1 0 0 1 1 8 6 2 1 0 
0 0 0 0 0 0 2 8 3 0 0 0 
0 0 1 1 0 0 2 2 6 2 1 0 
2 1 1 0 0 1 2 4 6 1 1 0 
2 1 1 1 0 1 1 0 4 2 1 0 
0 1 0 0 1 0 2 9 8 0 0 0 
0 1 1 0 0 0 1 3 6 0 0 0 
2 0 0 0 0 0 0 1 1 0 0 0 
2 0 1 0 1 0 3 5 9 2 1 0 
0 0 0 0 1 1 2 5 2 0 0 1 
0 1 1 0 0 1 0 7 6 1 0 0 
0 1 0 0 0 0 2 6 7 0 0 1 
1 0 0 1 1 1 0 2 0 1 0 1 
2 0 1 0 0 1 3 5 5 1 1 0 
0 1 1 1 0 0 2 5 5 2 0 0 
2 0 0 0 0 0 1 0 0 1 0 0 
0 0 0 0 1 0 3 5 3 2 0 1 
2 0 0 0 0 0 1 8 4 1 0 0 
0 1 0 0 0 1 0 5 6 0 1 1 
2 0 1 1 0 0 0 6 7 2 1 0 
0 1 0 0 1 0 2 4 9 0 0 1 
0 0 0 0 0 0 0 8 6 0 0 0 
0 1 1 0 1 1 3 3 8 1 0 0 
2 0 1 0 0 0 2 1 1 0 0 1 
2 1 1 1 0 0 1 2 9 1 1 0 
0 0 1 1 0 1 1 8 9 0 0 1 
2 0 0 0 0 0 1 9 7 0 0 0 
1 1 0 1 0 0 1 8 4 2 0 0 
2 1 0 0 1 1 2 2 3 2 0 0 
1 1 0 1 0 0 0 8 6 2 1 1 
2 0 0 0 0 1 3 7 4 2 1 0 
0 0 0 0 0 0 0 1 2 2 0 0 
2 0 0 0 0 0 2 0 2 0 0 0 
1 0 1 1 0 1 3 9 7 0 0 0 
2 1 0 0 0 1 1 6 3 2 1 1 
0 0 0 0 0 0 0 4 1 1 0 0 
2 0 0 0 0 0 0 1 4 1 0 0 
1 0 0 0 0 0 3 7 5 2 1 0 
2 0 0 0 1 0 1 0 7 0 1 0 
0 0 0 0 1 0 0 6 1 0 0 0 
0 1 1 0 0 0 0 2 8 2 0 0 
2 1 1 0 0 1 2 6 3 0 0 0 
0 0 0 0 0 0 3 0 3 1 0 0 
0 1 0 1 0 0 3 2 5 0 0 0 
0 1 0 1 1 1 3 3 4 2 0 0 
0 0 1 0 1 1 2 9 2 1 0 1 
0 0 0 0 0 0 1 9 1 1 0 0 
0 0 0 0 1 0 2 8 5 1 0 0 
1 0 0 0 0 0 2 4 9 2 0 0 
2 0 1 0 0 1 0 7 8 0 0 1 
1 0 1 0 0 0 2 6 8 0 1 0 
0 1 0 0 1 0 1 1 2 2 0 1 
0 0 0 0 0 0 0 1 0 0 0 0 
0 0 0 0 0 1 0 3 2 0 0 0 
1 0 0 0 0 0 3 2 3 2 0 0 
0 0 0 0 0 0 1 5 0 2 0 0 
0 0 0 0 0 0 2 8 7 0 0 0 
2 0 1 0 1 0 2 9 5 1 1 0 
0 0 1 0 0 1 0 8 3 2 0 0 
0 0 1 0 0 0 0 1 6 2 0 0 
0 1 1 1 0 1 0 5 2 2 1 0 
1 0 1 0 1 1 3 4 9 1 0 1 
0 0 0 0 0 0 3 4 4 0 0 0 
0 0 0 0 0 0 0 5 3 1 0 0 
1 1 1 1 1 0 3 3 9 2 0 0 
0 0 1 1 1 0 1 5 4 2 1 1 
2 0 0 1 0 0 0 7 5 2 0 0 
2 1 0 1 0 0 2 2 8 1 1 1 
0 0 0 0 0 0 1 6 0 0 0 0 
0 0 0 0 0 1 0 8 7 1 0 0 
1 0 1 1 0 0 2 6 0 2 0 0 
0 0 0 0 1 0 0 4 1 0 1 0 
2 0 1 1 1 0 0 7 6 0 1 0 
1 0 0 0 0 0 2 0 5 0 0 0 
2 1 1 1 0 1 1 0 6 0 1 1 
2 0 0 0 0 0 2 7 9 1 0 0 
0 0 0 0 1 0 0 3 1 2 0 0 
1 0 0 0 0 0 3 4 4 1 0 0 
0 0 0 0 0 1 1 7 0 0 0 0 
0 1 0 1 0 0 3 4 9 0 0 1 
0 0 0 0 0 0 1 7 1 1 0 1 
1 0 0 0 0 0 2 5 9 0 1 0 
1 0 0 0 1 0 1 6 6 1 0 1 
2 0 0 0 0 0 0 9 2 0 0 1 
1 1 1 0 0 1 3 9 4 0 1 1 
0 0 1 1 0 1 3 4 3 1 0 1 
1 1 0 0 0 1 1 2 3 1 0 0 
2 0 0 1 1 1 0 6 9 0 1 0 
1 0 1 1 1 0 0 8 2 2 0 0 
0 0 0 0 0 0 3 8 0 1 0 0 
1 0 0 1 0 0 2 2 8 0 0 0 
0 0 1 1 0 0 1 2 4 1 0 0 
0 1 1 0 1 1 3 1 9 2 0 1 
1 0 1 0 0 0 3 9 6 2 1 0 
2 0 1 1 0 1 2 6 7 1 0 1 
0 0 0 0 0 0 0 7 7 1 0 0 
1 0 0 1 0 0 2 5 2 1 0 0 
2 0 0 1 0 1 0 5 0 1 0 0 
1 0 0 1 0 0 1 0 3 2 0 0 
2 0 0 1 1 0 2 4 6 0 0 1 
2 1 0 0 1 0 2 6 7 0 1 0 
0 0 1 0 0 0 0 3 8 0 1 0 
2 0 0 0 0 1 1 5 3 2 1 1 
2 0 0 0 0 0 2 1 3 1 0 0 
2 1 0 0 1 1 2 0 0 1 1 0 
0 1 0 0 0 1 3 3 6 2 0 1 
2 0 0 0 0 0 3 6 2 0 0 0 
0 1 1 0 1 1 2 6 1 1 1 1 
1 0 1 0 0 1 0 3 4 0 1 1 
0 1 0 0 0 0 0 3 2 1 1 1 
1 1 1 0 0 1 3 0 4 1 1 1 
0 0 0 1 0 0 1 7 9 1 0 0 
1 1 0 0 1 0 1 3 8 0 1 0 
1 0 0 0 0 0 3 3 1 1 0 0 
2 0 0 1 1 0 1 2 0 0 0 0 
1 0 1 0 0 0 2 9 5 2 0 0 
0 0 0 0 0 0 3 3 5 0 0 1 
1 0 0 1 1 1 2 3 2 0 0 1 
2 0 1 0 0 0 0 7 1 0 0 1 
0 0 0 0 0 0 2 3 2 1 0 0 
0 0 1 1 1 1 2 8 2 1 1 1 
0 1 0 0 0 0 2 7 4 2 1 0 
0 0 1 0 0 1 2 3 5 1 0 0 
0 1 0 0 0 0 1 9 2 0 1 1 
0 1 0 0 0 1 2 0 9 2 1 1 
2 0 0 0 0 0 0 9 6 0 0 0 
0 0 0 0 1 0 2 4 2 2 0 1 
0 0 0 0 0 0 1 8 7 2 0 0 
0 0 0 0 0 0 2 5 6 1 0 0 
0 0 0 0 0 0 2 7 9 2 0 0 
2 0 1 0 1 0 1 1 4 1 0 1 
0 0 0 1 0 0 0 7 6 2 0 1 
1 0 0 1 1 1 1 4 0 0 1 1 
0 1 1 0 1 0 0 0 4 2 1 1 
1 1 0 1 1 0 2 2 4 2 1 0 
0 1 1 0 0 1 2 0 5 1 1 1 
0 0 1 1 1 1 2 6 9 1 1 0 
1 0 0 0 0 0 2 7 3 1 0 0 
0 0 0 1 1 0 3 9 4 0 0 1 
2 0 1 1 0 0 2 2 3 1 1 1 
0 1 0 1 1 0 0 2 1 2 1 0 
1 0 0 0 1 1 2 1 6 0 1 1 
2 0 0 0 0 0 0 1 5 0 0 0 
1 1 0 0 0 0 2 3 2 0 0 0 
0 0 0 0 0 0 3 3 7 2 0 0 
1 0 0 0 0 0 2 4 0 2 1 0 
0 1 0 1 0 0 2 7 7 2 0 0 
2 0 0 0 0 0 1 5 4 0 0 0 
1 0 0 0 0 0 1 4 7 2 0 0 
0 0 0 0 0 0 1 5 2 1 0 0 
0 0 0 0 0 0 2 6 8 1 0 0 
1 0 0 1 1 0 3 2 9 0 1 1 
1 0 0 1 0 1 0 5 1 0 0 1 
0 0 0 0 1 0 0 7 0 0 0 1 
1 0 0 0 0 0 0 7 8 1 0 0 
1 0 1 0 0 0 0 0 7 2 1 0 
0 0 0 1 0 0 0 7 4 0 0 0 
0 0 0 0 0 0 3 5 9 0 0 0 
1 0 1 0 0 1 2 5 5 2 0 1 
0 0 1 1 1 0 0 4 9 2 1 0 
2 1 0 0 0 0 2 7 3 0 0 0 
1 1 0 1 1 0 0 3 8 1 0 1 
0 0 0 1 1 0 0 8 5 0 1 0 
0 0 1 1 1 1 1 8 0 1 1 0 
1 1 0 1 0 0 2 0 3 0 1 1 
1 0 0 0 0 0 1 2 5 0 0 0 
1 0 0 0 0 0 1 8 1 1 0 0 
2 0 1 1 0 1 3 3 0 1 1 1 
0 0 0 0 0 0 3 4 9 2 0 0 
2 0 0 0 1 0 2 0 6 0 0 0 
0 0 0 0 1 1 3 9 7 2 0 1 
0 0 0 0 0 1 2 0 4 1 0 0 
0 0 0 0 0 0 3 8 3 1 0 0 
0 1 0 1 0 0 1 6 4 1 0 1 
0 0 1 0 0 1 3 9 4 1 0 0 
2 0 0 0 0 0 2 4 4 0 0 0 
1 0 0 0 0 1 1 2 9 0 0 0 
2 1 0 0 0 0 1 3 5 1 1 0 
0 1 0 1 1 0 3 1 0 2 1 1 
1 1 0 0 0 0 0 3 7 0 0 0 
0 0 0 0 1 1 3 6 2 1 1 0 
1 1 0 1 0 1 2 1 0 2 0 1 
0 0 0 1 0 1 2 7 5 2 0 1 
0 0 0 0 0 0 1 2 7 1 1 1 
0 0 1 0 1 0 1 8 3 0 1 1 
1 0 0 0 0 0 3 1 8 1 0 0 
2 0 0 0 0 0 3 8 1 0 0 0 
2 0 1 0 0 0 1 8 5 0 0 1 
0 0 0 0 0 0 1 5 1 2 0 0 
1 1 0 0 0 0 3 1 3 1 0 0 
2 0 1 1 0 0 0 8 9 1 0 0 
1 0 0 0 1 1 2 6 7 2 0 0 
1 1 0 1 0 0 3 9 8 0 1 0 
2 0 0 0 0 0 1 0 5 0 0 0 
1 0 0 1 0 1 3 4 2 2 1 1 
1 0 0 0 0 0 2 9 7 1 0 0 
0 0 0 0 0 0 0 7 4 1 0 0 
2 1 0 0 1 1 0 6 1 1 0 0 
2 1 1 1 1 0 2 1 7 0 1 0 
0 0 0 0 0 0 0 9 7 2 0 0 
2 0 1 0 1 1 3 4 8 2 0 0 
2 0 0 0 0 0 0 3 9 0 0 1 
2 1 1 1 0 0 1 7 1 0 1 0 
0 0 1 1 0 1 0 4 7 2 0 1 
1 0 1 0 0 0 0 4 0 2 0 0 
1 0 0 0 0 0 1 0 4 1 0 0 
1 0 0 1 1 0 1 5 1 1 1 1 
2 0 0 1 1 1 3 6 9 2 1 1 
2 0 1 0 1 1 3 0 5 1 0 0 
1 1 0 0 1 0 2 2 2 1 1 1 
2 1 1 0 1 1 1 7 5 2 1 0 
2 1 1 0 0 1 1 3 0 0 0 1 
1 1 0 1 0 0 1 1 8 0 1 0 
2 0 0 0 0 0 1 9 1 0 0 0 
0 0 0 1 0 0 0 6 1 1 1 0 
2 1 1 0 0 0 2 3 9 0 1 1 
0 1 1 1 1 1 2 4 4 1 0 0 
2 0 0 0 0 0 2 8 3 0 0 0 
0 0 0 0 0 0 0 4 6 0 0 0 
0 1 0 1 0 0 1 4 8 2 0 0 
1 0 0 0 0 0 2 3 0 0 0 0 
0 0 0 1 0 1 2 0 3 1 0 0 
2 0 0 0 0 0 3 3 5 1 0 0 
2 0 0 0 0 0 1 8 1 2 1 1 
2 0 0 0 0 0 0 3 1 1 0 0 
0 1 1 1 0 1 1 5 1 1 0 1 
1 0 0 0 1 0 2 4 0 1 0 1 
1 0 1 1 1 0 3 8 0 2 0 1 
0 1 0 1 1 1 1 8 8 0 1 1 
1 0 0 0 1 1 3 9 2 0 0 0 
0 0 0 0 0 0 1 5 5 2 0 0 
1 1 1 0 1 1 3 6 7 1 1 1 
0 0 0 1 0 0 3 6 6 1 0 0 
1 1 1 0 0 1 2 2 7 0 1 0 
1 1 0 1 0 1 3 5 3 1 0 1 
2 0 1 0 1 0 0 7 2 2 1 0 
0 0 0 0 0 0 2 4 5 0 0 0 
2 1 0 0 1 1 3 3 2 2 0 1 
1 0 0 0 1 0 0 9 0 1 0 0 
0 0 1 0 0 0 1 0 6 1 0 0 
2 0 0 0 0 0 0 4 2 2 0 0 
2 1 0 1 1 0 2 7 4 1 0 1 
1 1 1 1 0 0 0 6 6 2 1 1 
2 0 1 0 0 0 3 8 6 2 0 1 
2 0 0 1 0 0 1 4 8 1 0 0 
1 0 1 0 1 0 3 2 1 0 0 0 
0 0 0 1 0 1 2 1 4 2 0 1 
1 1 0 1 0 0 1 8 9 2 0 0 
1 0 0 0 1 0 1 9 5 2 1 0 
0 0 0 0 0 0 3 1 7 2 0 0 
0 0 0 0 0 0 2 9 3 1 1 0 
2 0 0 0 1 1 1 3 5 2 0 1 
1 1 0 0 0 1 0 9 1 0 0 0 
1 0 0 0 0 0 2 1 1 0 0 0 
0 0 1 0 0 1 1 0 3 0 1 0 
0 0 0 0 0 0 0 4 8 2 1 1 
0 0 0 1 1 1 2 0 2 1 0 0 
1 0 0 0 0 0 2 6 6 0 0 0 
0 0 0 0 0 0 1 8 8 1 0 0 
0 0 0 0 0 0 1 1 9 1 0 0 
0 1 1 0 1 0 1 0 3 1 0 1 
0 0 0 1 1 1 1 6 5 2 1 0 
0 0 0 0 0 0 1 7 6 1 1 0 
1 0 0 1 1 1 1 5 0 2 0 1 
0 0 0 0 0 0 1 3 1 2 0 0 
1 0 1 0 0 0 0 3 2 2 0 1 
1 0 0 0 0 0 1 5 2 2 0 0 
0 1 1 1 0 0 3 6 2 2 0 1 
1 1 1 1 0 0 0 5 5 1 1 0 
0 0 0 0 0 0 0 8 2 1 0 0 
0 1 1 0 1 0 3 2 3 0 1 1 
0 0 1 0 1 1 0 9 9 2 0 1 
0 1 1 0 1 0 3 7 0 2 0 0 
1 0 0 0 0 1 3 5 9 1 0 0 
0 0 1 1 1 0 2 3 2 2 1 0 
1 1 1 0 0 0 2 0 6 0 1 1 
0 0 0 0 0 0 3 4 0 0 0 1 
2 0 0 0 0 0 2 3 0 2 0 1 
1 0 0 1 0 1 2 8 9 0 1 0 
1 1 0 0 0 0 1 3 9 0 0 0 
1 1 1 0 0 0 0 1 9 0 0 0 
1 0 0 1 0 0 1 4 1 0 0 0 
0 0 1 0 0 1 2 1 0 2 0 0 
0 0 0 0 0 0 2 5 7 0 0 0 
0 0 0 0 1 0 1 8 4 0 0 1 
0 0 0 1 0 1 1 9 0 2 0 1 
1 0 0 0 0 1 3 8 3 2 0 1 
2 1 0 1 1 0 3 4 7 2 1 1 
0 0 0 1 0 1 0 3 8 0 1 0 
0 0 0 0 0 0 3 3 0 2 0 0 
1 0 0 0 0 0 3 0 3 0 0 0 
1 0 0 0 0 0 1 9 6 2 0 0 
2 0 1 0 0 1 1 3 2 1 0 0 
1 0 0 0 1 0 3 9 1 0 0 0 
0 0 1 0 0 0 0 0 5 0 1 0 
1 0 0 0 0 0 3 2 4 0 0 0 
0 1 1 1 0 1 0 4 3 0 1 0 
1 1 1 1 0 1 2 0 0 2 0 1 
1 0 1 0 0 1 2 2 4 1 0 1 
1 1 1 0 0 0 3 4 0 1 1 0 
2 0 0 0 0 0 1 9 4 0 0 0 
1 0 1 1 1 1 0 6 4 0 0 0 
2 0 1 0 0 1 3 7 9 0 1 1 
0 1 0 0 0 1 1 6 9 1 0 0 
1 0 0 0 0 0 0 8 4 0 0 0 
2 0 0 1 0 1 3 3 9 0 0 0 
0 0 0 1 0 0 3 3 3 1 0 1 
0 0 0 0 0 1 3 0 1 2 0 0 
0 0 0 1 1 0 3 0 7 1 1 0 
0 0 1 1 1 0 2 2 5 1 1 1 
1 0 1 0 1 0 0 2 3 2 0 0 
1 0 0 0 0 0 3 3 6 0 0 0 
0 0 0 1 1 0 2 2 7 0 0 1 
1 0 0 0 0 0 3 2 6 2 0 0 
1 1 1 1 0 0 3 3 2 0 1 0 
0 0 0 0 0 0 1 9 3 0 0 0 
1 0 0 0 0 0 2 0 9 1 0 0 
1 1 1 0 1 1 0 1 0 1 1 0 
2 0 0 1 0 1 3 5 1 1 0 1 
2 1 0 1 1 0 0 1 6 0 0 1 
1 0 0 0 0 1 3 7 5 1 0 1 
2 0 0 1 1 0 1 4 9 2 0 1 
0 0 0 0 1 1 0 2 2 0 0 0 
0 0 0 1 0 1 0 6 2 0 0 0 
0 0 0 0 0 0 2 1 5 2 0 0 
0 1 1 0 0 0 0 9 2 0 0 0 
0 0 0 0 0 0 0 9 0 2 0 0 
2 1 0 0 0 0 3 0 4 2 0 0 
1 1 1 1 0 1 0 7 4 2 1 1 
1 0 0 1 1 0 0 9 7 1 1 0 
0 0 0 0 0 0 3 9 8 1 0 0 
1 0 0 1 0 1 2 1 9 2 1 0 
0 0 0 1 0 0 1 2 6 1 0 0 
1 1 0 0 1 1 0 4 6 2 1 0 
0 0 0 1 1 0 2 3 9 0 0 1 
1 0 0 0 1 1 1 7 8 2 0 0 
1 1 0 0 0 1 1 0 8 2 0 0 
2 0 0 0 0 0 2 0 3 0 0 0 
0 0 0 0 0 0 3 9 0 2 0 0 
1 1 1 1 1 0 2 1 6 1 0 0 
2 0 0 0 0 0 1 7 3 1 0 0 
0 0 0 0 1 1 0 9 3 1 0 1 
2 1 0 0 1 0 1 5 0 1 1 1 
2 0 0 0 0 0 1 0 1 1 0 0 
1 0 1 1 1 0 3 1 4 2 0 1 
0 0 0 0 1 0 0 5 0 0 0 1 
2 1 1 1 1 1 3 8 9 2 1 1 
2 0 0 0 0 0 3 5 3 0 0 0 
1 0 0 0 0 0 2 5 7 1 1 1 
0 0 0 0 0 1 2 3 3 1 0 0 
1 1 0 1 0 0 0 0 0 1 1 1 
0 1 0 0 0 1 0 4 1 0 0 0 
1 0 0 0 0 0 0 6 0 0 0 0 
2 1 0 0 1 1 1 6 6 1 1 0 
0 1 1 1 0 0 3 3 5 0 1 0 
1 0 0 1 0 0 1 4 3 1 1 0 
2 0 0 1 0 0 3 5 6 0 0 0 
2 0 0 0 1 0 2 5 8 0 1 0 
0 1 0 0 1 0 0 5 6 0 0 0 
2 0 0 0 0 0 0 5 8 2 0 0 
0 0 0 0 1 0 1 8 7 0 0 0 
1 0 1 0 1 1 1 9 7 2 1 0 
2 1 1 0 0 0 2 5 8 2 0 0 
0 1 0 0 0 1 1 4 5 1 0 1 
0 0 0 1 0 0 3 6 8 2 0 0 
2 1 0 0 0 0 1 8 0 1 0 0 
2 0 0 0 0 0 2 1 5 0 1 0 
1 0 0 0 0 0 3 0 2 2 0 0 
0 0 0 0 0 0 1 4 4 0 0 0 
1 1 0 0 0 0 2 3 6 0 0 1 
2 0 0 1 0 1 1 5 7 0 0 0 
1 0 1 1 0 1 1 1 1 0 1 0 
0 0 0 0 0 0 3 3 3 2 0 0 
0 0 0 0 1 0 1 2 1 2 0 0 
0 0 0 0 0 0 0 7 9 0 0 0 
1 1 1 1 0 0 2 2 9 1 0 0 
0 0 0 0 0 0 0 2 9 1 0 0 
1 1 1 1 0 1 1 0 7 1 0 0 
1 1 0 1 1 1 3 9 6 0 0 1 
0 1 0 0 0 1 3 6 5 0 1 1 
0 0 0 0 0 0 2 3 9 2 0 1 
1 0 1 0 1 0 2 6 3 1 1 0 
1 0 0 0 0 0 2 4 6 0 0 0 
0 0 0 0 0 0 0 6 9 2 0 0 
0 0 0 0 0 0 2 1 6 1 0 1 
0 0 0 0 0 0 2 9 4 0 0 0 
1 1 1 1 0 1 2 2 2 0 1 0 
0 1 1 0 0 1 0 9 5 1 1 0 
0 0 0 0 0 0 3 5 5 0 0 0 
0 1 1 1 0 0 2 2 0 2 1 0 
0 1 0 0 1 1 2 3 7 1 1 1 
2 0 1 0 0 0 2 1 2 2 1 1 
1 1 1 0 1 0 2 8 9 1 0 1 
0 0 0 0 0 0 1 9 1 2 0 0 
1 1 0 0 1 1 0 0 3 1 1 0 
0 0 0 0 0 0 2 1 7 0 0 0 
0 0 0 1 0 0 0 5 6 2 0 0 
0 0 0 0 0 0 0 1 1 0 1 0 
1 0 0 0 0 0 1 8 0 2 0 0 
1 0 1 0 0 0 3 3 7 1 0 1 
0 1 0 0 1 0 3 7 6 0 0 1 
0 0 0 0 0 0 2 0 5 0 0 0 
0 1 1 1 1 0 3 9 0 1 0 0 
1 1 0 1 0 1 1 1 3 1 1 0 
1 1 0 1 0 1 2 8 4 0 1 1 
1 0 0 1 0 1 3 9 9 0 1 1 
1 0 0 0 0 0 2 4 8 2 0 0 
2 0 0 1 0 0 3 1 9 0 1 0 
2 1 0 0 0 0 2 2 5 0 0 0 
2 0 0 1 1 0 1 8 7 1 1 1 
0 0 0 0 0 0 0 3 4 1 0 0 
2 1 0 1 1 0 2 6 0 0 1 0 
2 0 0 0 0 0 0 4 7 1 1 0 
1 1 1 0 0 0 0 0 6 2 0 0 
0 0 0 0 1 0 2 3 8 2 0 0 
2 1 1 1 1 0 1 6 3 2 0 0 
0 0 0 0 0 0 3 2 2 1 0 0 
0 0 1 0 0 0 2 8 4 1 0 1 
2 0 0 1 1 0 1 3 0 2 1 0 
1 1 1 1 0 0 0 5 0 2 1 0 
0 0 0 0 1 1 0 3 0 0 0 0 
0 1 1 0 0 0 2 1 4 0 0 0 
2 0 0 1 0 0 0 0 5 2 0 0 
0 0 0 0 0 0 2 8 8 2 0 0 
2 1 0 0 0 1 1 2 2 2 0 1 
0 0 1 0 0 0 1 7 5 0 1 1 
0 1 1 1 0 0 1 5 6 0 0 0 
2 0 0 0 0 1 3 5 2 1 1 0 
2 0 1 0 0 0 3 2 5 2 1 1 
2 0 0 0 0 0 0 8 1 0 0 0 
2 1 0 0 0 0 1 6 4 0 0 0 
2 0 0 0 0 1 0 2 6 2 0 0 
1 0 1 0 1 1 3 2 5 0 0 0 
2 0 0 0 1 1 1 0 6 2 0 0 
1 0 0 0 0 1 3 9 8 2 0 1 
1 1 0 0 1 0 0 2 8 0 0 1 
2 0 1 0 0 1 2 7 6 2 0 1 
0 0 0 0 0 1 1 8 1 0 0 0 
1 0 1 1 1 0 0 1 2 0 0 1 
2 0 0 0 0 0 3 0 7 1 0 1 
1 0 1 0 1 1 0 1 1 2 0 0 
0 1 1 0 0 1 1 3 3 0 0 0 
1 1 1 0 0 1 0 1 4 2 0 1 
0 0 1 1 0 0 0 1 9 1 1 1 
2 0 1 0 1 0 1 2 3 0 1 0 
0 0 0 0 0 0 3 0 2 1 0 0 
1 0 0 0 0 0 1 4 5 0 0 0 
1 0 0 0 0 0 3 0 9 2 0 0 
0 1 0 1 0 1 0 4 4 0 1 0 
2 1 0 1 1 1 1 7 6 2 0 0 
1 1 0 0 0 0 1 0 1 2 0 0 
1 1 0 0 1 1 2 2 6 1 0 1 
2 0 1 1 1 0 2 0 9 2 0 0 
0 1 0 0 0 0 3 6 9 0 0 1 
2 0 0 0 0 0 0 9 3 0 0 0 
1 1 1 0 0 0 2 7 9 0 0 0 
0 0 0 0 0 0 0 3 3 2 0 0 
2 0 0 0 0 0 1 2 0 2 0 0 
2 0 0 0 0 0 3 2 8 0 0 0 
0 1 0 1 0 0 3 6 0 1 1 0 
0 0 0 0 1 0 1 1 3 2 0 1 
0 0 1 1 0 1 1 1 2 2 1 0 
0 0 0 0 0 0 3 9 1 1 0 0 
2 0 0 0 1 0 1 1 8 2 0 0 
0 1 0 1 1 0 2 5 3 1 1 0 
2 1 1 0 0 0 0 1 2 1 0 0 
0 0 1 0 1 1 1 6 4 2 1 1 
1 1 1 1 1 0 1 5 2 0 1 1 
0 0 1 0 1 1 0 8 1 0 0 1 
1 1 1 1 1 0 2 5 7 0 0 1 
2 0 0 0 1 1 3 7 1 1 1 0 
1 0 0 0 0 0 1 3 3 0 0 0 
MFS
precise
0.0
recall
0.0
F-measure
0.0
multi
0
time
all 22783 iden 15 gen 22768
t-cover
64696
all-cover
64696
coveredNum
(1 : 7705)  (2 : 7193)  (3 : 7060)  (4 : 4866)  (5 : 3330)  (6 : 3205)  (518 : 1)  (7 : 3577)  (8 : 3630)  (520 : 1)  (9 : 3213)  (521 : 1)  (10 : 2380)  (522 : 2)  (11 : 1733)  (523 : 1)  (12 : 1348)  (524 : 1)  (13 : 1020)  (525 : 1)  (14 : 818)  (526 : 4)  (15 : 718)  (527 : 1)  (16 : 705)  (528 : 3)  (17 : 701)  (529 : 3)  (18 : 646)  (19 : 684)  (20 : 711)  (532 : 2)  (21 : 677)  (22 : 566)  (23 : 604)  (535 : 1)  (24 : 543)  (536 : 1)  (25 : 487)  (537 : 1)  (26 : 375)  (538 : 2)  (27 : 288)  (539 : 4)  (28 : 255)  (540 : 2)  (29 : 210)  (30 : 221)  (31 : 196)  (543 : 1)  (32 : 188)  (33 : 253)  (34 : 211)  (35 : 220)  (36 : 156)  (37 : 152)  (549 : 1)  (38 : 120)  (550 : 1)  (39 : 131)  (40 : 114)  (41 : 119)  (42 : 89)  (43 : 99)  (44 : 67)  (45 : 81)  (46 : 59)  (47 : 65)  (48 : 86)  (49 : 67)  (50 : 76)  (51 : 69)  (52 : 70)  (53 : 72)  (54 : 78)  (55 : 78)  (56 : 76)  (57 : 88)  (58 : 110)  (59 : 94)  (60 : 115)  (61 : 125)  (62 : 128)  (63 : 117)  (64 : 98)  (65 : 93)  (66 : 85)  (67 : 72)  (68 : 52)  (69 : 55)  (70 : 45)  (71 : 29)  (72 : 36)  (73 : 25)  (74 : 37)  (75 : 27)  (76 : 10)  (77 : 18)  (78 : 21)  (79 : 15)  (80 : 11)  (81 : 11)  (82 : 6)  (83 : 5)  (84 : 4)  (85 : 6)  (86 : 5)  (87 : 4)  (88 : 4)  (89 : 6)  (90 : 2)  (91 : 3)  (92 : 6)  (93 : 5)  (94 : 7)  (95 : 8)  (96 : 8)  (97 : 7)  (98 : 10)  (99 : 12)  (100 : 14)  (101 : 14)  (102 : 14)  (103 : 15)  (104 : 15)  (105 : 14)  (106 : 14)  (107 : 13)  (108 : 13)  (109 : 15)  (110 : 13)  (111 : 12)  (112 : 4)  (113 : 9)  (114 : 4)  (115 : 4)  (116 : 3)  (117 : 3)  (118 : 3)  (119 : 2)  (120 : 5)  (121 : 3)  (122 : 2)  (123 : 4)  (125 : 2)  (126 : 2)  (129 : 1)  (130 : 1)  (131 : 1)  (132 : 2)  (133 : 1)  (135 : 1)  (136 : 2)  (137 : 1)  (138 : 2)  (141 : 1)  (142 : 2)  (143 : 1)  (144 : 2)  (145 : 2)  (146 : 4)  (147 : 1)  (148 : 4)  (149 : 4)  (150 : 8)  (151 : 7)  (152 : 9)  (153 : 5)  (154 : 4)  (155 : 4)  (156 : 1)  (157 : 5)  (158 : 8)  (159 : 5)  (160 : 5)  (161 : 6)  (162 : 5)  (163 : 2)  (164 : 4)  (166 : 3)  (167 : 3)  (168 : 2)  (169 : 4)  (170 : 2)  (171 : 5)  (172 : 5)  (173 : 5)  (174 : 8)  (175 : 5)  (176 : 6)  (177 : 8)  (178 : 12)  (179 : 13)  (180 : 10)  (181 : 9)  (182 : 2)  (183 : 14)  (184 : 9)  (185 : 6)  (186 : 12)  (187 : 8)  (188 : 4)  (189 : 5)  (190 : 3)  (191 : 1)  (192 : 5)  (193 : 5)  (195 : 1)  (196 : 1)  (197 : 2)  (258 : 4)  (260 : 2)  (261 : 2)  (263 : 2)  (264 : 3)  (265 : 6)  (266 : 3)  (267 : 6)  (268 : 5)  (269 : 2)  (270 : 6)  (271 : 2)  (272 : 3)  (273 : 5)  (274 : 1)  (276 : 4)  (278 : 2)  (279 : 1)  (280 : 1)  (281 : 1)  (282 : 1)  (283 : 1)  (284 : 1)  (285 : 1)  (287 : 3)  (288 : 1)  (289 : 1)  
real Identify

multiple f measure
NaN
multiple f recall
NaN
multiple f precise
0.0
multiple f found
0.0
multiple f found percent
NaN
multipe helpedInTheNextRun
0.0
multipe helpedInTheNextRun percent
NaN
