testCase Num: 14
regaular Num: 14
identify Num: 0
0 1 1 0 1 0 0 1 
0 0 0 0 0 1 1 1 
0 0 0 0 0 0 0 0 
1 0 0 0 0 1 0 0 
1 0 0 1 1 1 1 0 
0 0 1 1 0 1 1 0 
1 1 1 1 0 1 1 1 
1 0 1 1 0 0 0 0 
0 0 1 1 1 0 1 1 
0 0 1 1 1 1 1 0 
1 0 0 1 0 0 1 1 
0 1 0 1 0 0 1 0 
0 1 0 1 1 0 1 0 
1 1 0 1 0 0 1 1 
MFS
[ - , 0 , - , 1 , 0 , - , 1 , - ]
[ - , - , - , 1 , - , - , 0 , - ]
[ - , - , - , 0 , - , - , - , - ]
precise
0.0
recall
0.0
F-measure
0.0
multi
3
time
all 213 iden 96 gen 96
t-cover
84
all-cover
112
coveredNum
(1 : 51)  (2 : 26)  (3 : 22)  (4 : 12)  (7 : 1)  
real Identify

testCase Num: 16
regaular Num: 16
identify Num: 0
0 0 1 0 0 0 1 0 
0 0 0 0 0 0 0 0 
1 1 1 1 1 0 1 1 
1 1 1 1 0 0 0 1 
0 1 1 1 0 0 0 0 
1 1 0 0 1 0 0 0 
1 1 1 1 1 1 0 0 
0 1 1 1 0 1 0 0 
1 0 0 1 0 1 0 1 
0 0 0 0 1 0 1 1 
0 1 0 1 0 1 1 1 
0 1 0 1 0 0 0 0 
0 1 0 1 1 0 1 0 
1 1 0 1 1 1 0 0 
0 1 1 0 1 1 1 0 
1 1 0 1 0 0 0 1 
MFS
[ 1 , - , 0 , 1 , - , - , - , - ]
[ - , - , 0 , 1 , - , - , 0 , - ]
[ - , 0 , - , 1 , - , - , - , - ]
[ - , - , - , 0 , - , - , - , - ]
precise
0.0
recall
0.0
F-measure
0.0
multi
3
time
all 76 iden 7 gen 62
t-cover
83
all-cover
112
coveredNum
(1 : 50)  (2 : 30)  (3 : 18)  (4 : 11)  (5 : 2)  (7 : 1)  
real Identify

testCase Num: 22
regaular Num: 22
identify Num: 0
1 1 1 0 0 1 0 0 
0 0 1 0 0 0 1 1 
0 0 0 0 0 0 0 0 
1 0 0 1 1 0 1 0 
1 0 0 1 1 0 0 0 
0 1 0 0 0 1 0 1 
1 1 0 0 0 1 0 0 
1 1 0 0 0 0 0 1 
1 1 1 1 0 0 0 0 
0 1 1 1 1 0 0 1 
1 1 0 0 1 0 0 0 
0 1 1 1 0 1 1 0 
0 0 0 1 1 1 1 1 
0 0 0 1 0 0 0 0 
1 0 1 1 0 0 1 0 
1 0 0 0 1 1 0 0 
0 0 0 0 1 0 1 0 
0 1 0 1 1 1 0 0 
0 1 0 1 1 0 1 0 
1 1 1 0 1 1 1 1 
1 1 1 0 0 0 0 0 
1 1 1 0 0 0 1 1 
MFS
[ - , - , 0 , - , - , - , 0 , - ]
[ 0 , - , - , 0 , - , - , - , - ]
[ - , - , 0 , 1 , 0 , - , - , - ]
[ - , 0 , 1 , - , - , - , - , - ]
[ - , - , 0 , 0 , - , - , - , - ]
[ - , - , 0 , 0 , - , - , 1 , - ]
[ 1 , 0 , - , 0 , - , - , - , - ]
precise
0.2857142857142857
recall
0.6666666666666666
F-measure
0.4
multi
4
time
all 232 iden 9 gen 201
t-cover
106
all-cover
112
coveredNum
(1 : 25)  (2 : 31)  (3 : 23)  (4 : 14)  (5 : 12)  (6 : 6)  (8 : 1)  
real Identify
([ - , - , 0 , - , - , - , 0 , - ] : 1)  ([ 0 , - , - , 0 , - , - , - , - ] : 1)  
testCase Num: 23
regaular Num: 23
identify Num: 0
1 0 1 0 0 1 0 0 
0 0 1 0 1 0 0 0 
1 1 0 1 1 0 1 0 
0 1 1 0 0 0 0 1 
1 0 1 0 0 0 1 1 
0 0 0 0 0 1 0 1 
0 0 0 0 0 0 0 0 
0 0 1 1 1 0 0 1 
0 0 1 1 0 0 1 1 
0 0 1 1 1 1 0 0 
0 1 0 0 0 0 1 0 
1 1 1 1 1 1 1 0 
1 1 0 0 0 1 1 1 
0 0 0 1 0 0 1 1 
0 0 1 1 1 0 1 0 
1 0 0 0 1 0 1 0 
1 0 0 0 1 0 0 0 
1 0 0 1 0 0 1 1 
0 1 0 1 0 1 0 0 
0 0 0 0 1 0 0 0 
0 0 1 0 0 1 0 1 
1 1 1 0 0 0 1 1 
1 1 0 1 0 0 1 1 
MFS
[ 0 , - , - , - , 0 , - , - , - ]
[ 1 , - , - , - , - , - , 0 , - ]
[ 0 , - , 0 , - , - , - , - , - ]
[ - , - , - , 0 , 1 , - , 0 , - ]
[ - , - , - , - , 0 , - , - , 0 ]
[ 0 , 1 , 1 , - , - , - , - , - ]
[ 1 , 0 , - , - , 0 , - , - , - ]
[ 0 , - , - , 0 , 1 , - , - , - ]
precise
0.0
recall
0.0
F-measure
0.0
multi
4
time
all 206 iden 39 gen 160
t-cover
101
all-cover
112
coveredNum
(1 : 33)  (2 : 32)  (3 : 29)  (4 : 12)  (5 : 5)  (6 : 1)  
real Identify

testCase Num: 17
regaular Num: 17
identify Num: 0
1 0 1 0 0 1 0 0 
1 0 1 0 1 1 0 1 
0 1 1 0 0 0 0 1 
1 0 1 0 0 0 1 1 
0 0 0 0 0 0 0 0 
0 0 1 1 0 1 1 1 
1 1 1 1 0 0 0 1 
1 1 1 1 1 1 0 0 
1 0 1 1 0 0 0 0 
1 0 1 1 1 0 1 0 
1 0 0 0 0 0 1 1 
0 0 0 0 1 1 1 0 
0 0 1 0 0 1 0 0 
1 1 1 0 1 1 1 1 
1 1 1 0 0 0 0 0 
1 1 1 0 0 1 1 0 
1 1 0 1 1 0 0 0 
MFS
[ 0 , - , - , - , - , - , - , - ]
[ 1 , - , 0 , - , - , - , - , - ]
[ 1 , 0 , 1 , - , 0 , - , - , - ]
precise
0.0
recall
0.0
F-measure
0.0
multi
2
time
all 84 iden 7 gen 60
t-cover
84
all-cover
112
coveredNum
(1 : 48)  (2 : 34)  (3 : 17)  (4 : 10)  (5 : 2)  (7 : 1)  
real Identify

testCase Num: 22
regaular Num: 22
identify Num: 0
0 0 1 0 1 0 0 0 
1 1 1 0 0 0 0 1 
0 0 0 0 0 0 0 0 
1 0 0 1 1 0 0 0 
0 0 1 1 0 0 0 0 
1 0 1 1 0 0 0 1 
1 0 1 1 1 1 0 1 
0 1 0 0 0 1 1 0 
0 1 0 0 1 0 0 0 
0 1 0 0 0 1 0 1 
1 1 0 0 0 0 0 0 
1 1 0 0 1 0 1 0 
0 1 1 1 0 1 1 0 
1 0 1 1 1 1 1 1 
1 0 1 1 0 0 0 0 
0 0 1 1 0 0 1 0 
1 0 0 0 0 1 1 0 
0 1 0 1 0 0 1 1 
0 0 1 0 0 1 0 1 
0 1 0 1 1 1 1 0 
1 1 1 0 1 1 0 0 
0 1 1 0 1 0 1 1 
MFS
[ 1 , 1 , 0 , 0 , 0 , - , - , - ]
[ 1 , 1 , - , - , 0 , - , - , 0 ]
[ - , 0 , 0 , 1 , - , - , - , - ]
[ - , 0 , 0 , - , - , - , 1 , - ]
[ 0 , 0 , - , 1 , - , - , - , - ]
[ - , 0 , - , - , 1 , 0 , - , - ]
[ 0 , 1 , - , 0 , - , - , - , - ]
[ 1 , 0 , - , - , - , - , - , 0 ]
[ 0 , - , - , - , - , - , 0 , - ]
[ - , 0 , - , - , 0 , - , - , - ]
[ - , 0 , - , 0 , - , - , - , - ]
[ 0 , - , - , 0 , - , - , - , - ]
[ 1 , - , 0 , - , - , - , 0 , - ]
precise
0.15384615384615385
recall
0.6666666666666666
F-measure
0.25
multi
4
time
all 263 iden 13 gen 185
t-cover
105
all-cover
112
coveredNum
(1 : 35)  (2 : 41)  (3 : 28)  (4 : 8)  
real Identify
([ - , 0 , - , - , 0 , - , - , - ] : 1)  ([ 0 , - , - , 0 , - , - , - , - ] : 1)  
testCase Num: 23
regaular Num: 23
identify Num: 0
1 1 1 0 0 1 0 0 
1 1 1 0 0 0 0 1 
0 0 1 0 0 1 1 0 
0 0 0 0 0 0 0 0 
0 0 0 0 1 0 0 1 
1 0 0 0 0 1 0 1 
1 0 0 1 0 0 1 0 
0 0 1 1 0 0 1 1 
1 0 1 1 0 0 0 1 
1 1 0 0 0 0 0 0 
1 1 0 0 1 1 0 0 
1 1 1 1 0 0 0 0 
1 1 0 0 1 0 0 0 
1 1 0 0 1 1 1 0 
0 1 0 0 1 0 1 0 
0 0 0 1 1 1 1 1 
1 0 1 1 1 0 0 0 
0 0 0 1 0 1 0 0 
0 1 0 1 0 0 0 1 
0 1 0 1 1 1 0 0 
0 1 0 1 1 1 1 0 
1 1 1 0 1 1 1 1 
1 1 1 0 0 0 1 0 
MFS
[ - , - , 0 , - , - , - , 0 , - ]
[ - , - , 0 , - , - , 0 , - , - ]
[ 0 , - , - , 0 , - , - , - , - ]
[ 0 , - , 1 , - , - , - , - , - ]
[ - , - , 0 , - , - , 0 , 1 , - ]
[ - , - , 0 , - , 0 , 1 , - , - ]
[ 1 , 0 , - , 0 , - , - , - , - ]
[ 1 , 0 , 1 , - , 0 , - , - , - ]
precise
0.25
recall
0.6666666666666666
F-measure
0.36363636363636365
multi
5
time
all 137 iden 7 gen 108
t-cover
104
all-cover
112
coveredNum
(1 : 37)  (2 : 30)  (3 : 24)  (4 : 14)  (5 : 5)  (6 : 2)  
real Identify
([ - , - , 0 , - , - , - , 0 , - ] : 1)  ([ 0 , - , - , 0 , - , - , - , - ] : 1)  
testCase Num: 23
regaular Num: 23
identify Num: 0
1 0 1 0 1 1 1 0 
0 1 1 0 0 1 0 1 
0 0 1 0 1 0 0 0 
1 0 1 0 0 1 1 1 
1 1 1 0 0 1 0 0 
1 0 1 0 0 0 1 1 
1 0 1 0 1 1 1 1 
0 0 1 0 0 0 0 0 
0 0 0 0 0 0 0 0 
0 0 0 0 0 0 1 1 
0 0 1 1 0 0 0 0 
1 1 0 0 0 0 0 1 
1 1 0 0 0 1 0 0 
1 1 0 0 0 0 1 0 
0 1 1 1 1 1 0 0 
0 1 0 0 1 0 1 0 
0 1 1 1 0 1 0 1 
0 0 0 1 1 1 0 0 
0 0 1 1 1 0 1 1 
1 0 0 1 0 0 0 1 
1 1 0 1 1 1 1 1 
1 1 0 1 0 0 0 0 
1 0 1 0 0 1 0 1 
MFS
[ 0 , 0 , - , - , 1 , - , - , 0 ]
[ 0 , - , 0 , 1 , - , - , - , - ]
[ 0 , 1 , 1 , 0 , - , - , 0 , - ]
[ 0 , 1 , 0 , - , 1 , - , - , 0 ]
[ - , 1 , 0 , - , - , - , 0 , - ]
[ 0 , 1 , 1 , 0 , 0 , - , 0 , - ]
[ 1 , 0 , - , 0 , - , 0 , 1 , - ]
[ 0 , 0 , - , - , - , 1 , - , - ]
[ 1 , - , - , 1 , 0 , - , - , - ]
[ - , 1 , 0 , - , - , 1 , 0 , - ]
[ 1 , 0 , 0 , - , - , - , - , - ]
[ - , 0 , - , - , - , - , 0 , - ]
[ 0 , 1 , 1 , 0 , - , 1 , 0 , - ]
[ 0 , - , - , 0 , - , 0 , 1 , - ]
[ 0 , - , 0 , - , - , - , - , - ]
[ 0 , - , 0 , - , - , 0 , 1 , - ]
[ - , 0 , - , - , 0 , - , - , - ]
[ 0 , - , - , 0 , - , - , - , - ]
[ 0 , 1 , - , 0 , - , 1 , - , - ]
[ - , - , - , - , - , 0 , 0 , - ]
[ - , 0 , - , - , - , 1 , 0 , - ]
[ 0 , - , 0 , - , - , - , 1 , - ]
[ - , 1 , 0 , - , 0 , - , 0 , - ]
precise
0.08695652173913043
recall
0.6666666666666666
F-measure
0.15384615384615383
multi
4
time
all 260 iden 12 gen 191
t-cover
107
all-cover
112
coveredNum
(1 : 42)  (2 : 30)  (3 : 32)  (4 : 7)  (5 : 1)  
real Identify
([ - , 0 , - , - , 0 , - , - , - ] : 1)  ([ 0 , - , - , 0 , - , - , - , - ] : 1)  
testCase Num: 23
regaular Num: 23
identify Num: 0
1 0 1 0 1 0 0 0 
1 0 1 0 0 1 0 0 
0 0 0 0 1 1 0 1 
0 0 0 0 0 0 0 0 
0 0 0 0 0 1 1 0 
0 0 1 1 1 0 0 1 
0 0 1 1 1 1 1 1 
1 0 1 1 0 1 0 1 
0 0 1 1 0 1 0 0 
1 0 1 1 0 1 0 0 
0 1 0 0 1 0 1 1 
1 1 0 0 0 0 0 1 
1 1 1 1 0 1 1 1 
1 1 0 0 1 1 1 0 
1 1 1 1 0 1 0 1 
0 0 0 1 0 0 0 0 
0 0 1 1 0 0 1 0 
0 0 0 0 1 0 1 0 
0 1 0 1 0 0 0 0 
0 1 0 1 0 0 1 1 
0 1 0 1 0 0 1 0 
1 1 1 0 1 0 0 1 
0 1 1 0 1 0 0 0 
MFS
[ 1 , - , - , - , 0 , - , - , 0 ]
[ - , - , 0 , 0 , - , - , - , 1 ]
[ 0 , 1 , - , 1 , 0 , - , 0 , - ]
[ 0 , 0 , - , 1 , 0 , - , - , - ]
[ - , - , 1 , 0 , 0 , - , - , - ]
[ - , 0 , 0 , - , 1 , - , - , - ]
[ - , 1 , 0 , - , - , - , 0 , - ]
[ 1 , 1 , 0 , 0 , - , 0 , - , - ]
[ 0 , 0 , - , - , - , - , - , 0 ]
[ 0 , 1 , - , - , - , - , 0 , 0 ]
[ 1 , - , - , 0 , 0 , - , - , - ]
[ - , 0 , - , - , 0 , - , - , - ]
[ 0 , - , - , 0 , - , - , - , - ]
[ - , - , - , 0 , 0 , - , - , - ]
[ - , 0 , 0 , - , - , - , - , - ]
[ 0 , 1 , - , 0 , - , 0 , - , - ]
[ - , 1 , - , 1 , - , 0 , 0 , - ]
precise
0.11764705882352941
recall
0.6666666666666666
F-measure
0.2
multi
4
time
all 162 iden 23 gen 135
t-cover
109
all-cover
112
coveredNum
(1 : 28)  (2 : 39)  (3 : 31)  (4 : 12)  (5 : 2)  
real Identify
([ - , 0 , - , - , 0 , - , - , - ] : 1)  ([ 0 , - , - , 0 , - , - , - , - ] : 1)  
testCase Num: 16
regaular Num: 16
identify Num: 0
1 0 1 0 0 0 1 0 
1 0 1 0 1 0 0 0 
1 0 1 0 0 1 0 0 
1 0 1 0 0 0 0 1 
1 1 1 0 0 1 0 0 
1 1 1 0 0 0 0 1 
0 0 1 0 0 0 1 1 
0 0 0 0 0 0 0 0 
0 0 0 0 1 0 0 1 
0 1 0 0 1 1 1 1 
1 1 1 1 0 0 0 0 
1 0 1 1 1 1 1 1 
0 0 0 1 1 1 0 0 
1 0 0 0 0 1 1 0 
1 1 1 0 1 0 1 1 
1 1 1 0 0 0 1 0 
MFS
[ 0 , - , - , - , - , - , - , - ]
[ 1 , - , 0 , - , - , - , - , - ]
[ 1 , 0 , - , - , 0 , - , - , - ]
precise
0.0
recall
0.0
F-measure
0.0
multi
3
time
all 62 iden 1 gen 53
t-cover
84
all-cover
112
coveredNum
(1 : 60)  (2 : 18)  (3 : 17)  (4 : 10)  (5 : 6)  (7 : 1)  
real Identify

