testCase Num: 47
regaular Num: 8
identify Num: 39
1 1 0 1 1 1 0 1 1 1 1 1 
1 1 0 1 0 1 0 1 1 1 1 1 
1 1 0 1 1 1 0 1 0 0 0 0 
1 1 0 1 1 1 0 1 1 1 1 0 
1 0 1 1 0 1 1 1 1 0 0 0 
0 1 1 1 1 0 1 0 0 0 0 0 
1 1 0 0 0 0 0 0 0 0 0 0 
1 1 0 1 1 1 1 0 0 0 0 0 
0 0 1 1 0 1 1 1 1 1 1 1 
0 1 1 0 1 1 1 1 1 1 0 0 
0 1 1 0 1 0 1 0 0 0 0 0 
1 1 0 1 0 0 0 0 0 0 0 0 
1 1 0 1 1 0 0 0 0 0 0 0 
1 1 1 0 0 0 0 0 0 0 0 0 
0 0 0 0 0 0 0 0 0 0 0 0 
0 1 1 0 1 1 1 1 1 1 1 0 
1 0 1 1 0 0 1 0 0 0 0 0 
1 0 1 1 1 0 1 0 0 0 0 0 
1 0 1 1 0 1 1 1 0 0 0 0 
1 0 1 1 0 1 1 1 1 1 1 1 
1 0 0 0 0 0 0 0 0 0 0 0 
1 0 1 0 0 0 1 0 0 0 0 0 
1 0 1 0 1 1 0 1 0 0 1 0 
1 1 0 1 1 1 0 1 1 1 0 0 
1 1 0 1 1 1 0 1 1 0 0 0 
0 1 1 0 1 1 1 0 0 0 0 0 
1 0 1 1 0 1 1 1 1 1 1 0 
0 1 1 0 0 1 1 1 1 1 1 1 
1 0 1 0 0 1 1 1 1 1 1 1 
0 1 1 0 1 1 1 1 0 0 0 0 
0 1 1 0 1 1 1 1 1 1 1 1 
1 1 0 0 0 0 1 1 1 1 1 1 
1 1 0 0 0 0 1 1 0 0 0 1 
0 1 0 1 0 0 1 0 0 1 1 0 
0 0 1 0 0 0 1 0 0 0 0 0 
0 1 0 1 0 1 1 0 0 1 0 1 
1 1 0 1 1 1 0 0 0 0 0 0 
0 0 0 1 1 0 1 0 1 0 0 0 
1 0 1 1 0 1 1 0 0 0 0 0 
0 0 1 1 1 1 0 1 1 1 1 1 
0 1 1 0 1 1 1 1 1 0 0 0 
1 1 1 1 1 0 1 0 0 0 0 0 
1 1 1 0 0 0 1 0 0 0 0 0 
1 0 1 1 0 1 1 1 1 1 0 0 
1 1 1 0 1 0 1 0 0 0 0 0 
0 0 1 0 1 1 1 1 1 1 1 1 
1 1 0 0 1 1 0 1 1 1 1 1 
MFS
[ - , - , 0 , - , - , - , 0 , - , - , - , - , - ]
[ - , 0 , - , - , 0 , - , - , - , - , - , - , - ]
[ 0 , - , - , 0 , - , - , - , - , - , - , - , - ]
precise
1.0
recall
1.0
F-measure
1.0
multi
1
time
all 281 iden 169 gen 96
t-cover
264
all-cover
264
coveredNum
(1 : 45)  (2 : 87)  (3 : 38)  (4 : 19)  (5 : 16)  (6 : 17)  (7 : 14)  (8 : 14)  (9 : 14)  
real Identify
([ - , - , 0 , - , - , - , 0 , - , - , - , - , - ] : 1)  ([ - , 0 , - , - , 0 , - , - , - , - , - , - , - ] : 1)  ([ 0 , - , - , 0 , - , - , - , - , - , - , - , - ] : 1)  
testCase Num: 47
regaular Num: 8
identify Num: 39
1 1 0 1 1 1 0 1 1 1 1 1 
1 1 0 1 0 1 0 1 1 1 1 1 
1 0 0 0 1 0 1 0 1 0 1 0 
1 1 0 1 1 1 0 1 0 0 0 0 
1 1 0 1 1 1 0 1 1 1 1 0 
1 0 1 1 0 1 1 1 1 0 0 0 
0 1 1 1 1 0 1 0 0 0 0 0 
1 1 0 0 0 0 0 0 0 0 0 0 
1 1 0 1 1 1 1 0 0 0 0 0 
0 0 1 1 0 1 1 1 1 1 1 1 
0 1 1 0 1 1 1 1 1 1 0 0 
0 1 1 0 1 0 1 0 0 0 0 0 
1 1 0 1 0 0 0 0 0 0 0 0 
1 1 0 1 1 0 0 0 0 0 0 0 
1 1 1 0 0 0 0 0 0 0 0 0 
0 0 0 0 0 0 0 0 0 0 0 0 
0 1 0 1 0 1 1 0 1 1 0 0 
0 1 1 0 1 1 1 1 1 1 1 0 
1 0 1 1 0 0 1 0 0 0 0 0 
1 0 1 1 1 0 1 0 0 0 0 0 
1 0 1 1 0 1 1 1 0 0 0 0 
1 0 1 1 0 1 1 1 1 1 1 1 
1 0 0 0 0 0 0 0 0 0 0 0 
1 0 1 0 0 0 1 0 0 0 0 0 
1 1 0 1 1 1 0 1 1 1 0 0 
1 1 0 1 1 1 0 1 1 0 0 0 
0 1 1 0 1 1 1 0 0 0 0 0 
1 0 1 1 0 1 1 1 1 1 1 0 
0 1 1 0 0 1 1 1 1 1 1 1 
1 0 1 0 0 1 1 1 1 1 1 1 
0 1 1 0 1 1 1 1 0 0 0 0 
0 1 1 0 1 1 1 1 1 1 1 1 
1 1 0 0 0 0 1 1 1 1 1 1 
0 0 1 0 0 0 1 0 0 0 0 0 
1 1 1 0 0 0 0 0 0 0 0 1 
1 1 0 1 1 1 0 0 0 0 0 0 
1 0 1 1 0 1 1 0 0 0 0 0 
0 1 0 1 1 1 0 1 1 1 1 1 
1 0 0 0 1 1 1 1 0 0 1 0 
0 0 1 1 1 1 0 1 1 1 1 1 
0 1 1 0 1 1 1 1 1 0 0 0 
1 1 1 1 1 0 1 0 0 0 0 0 
1 1 1 0 0 0 1 0 0 0 0 0 
1 0 1 1 0 1 1 1 1 1 0 0 
1 1 1 0 1 0 1 0 0 0 0 0 
0 0 1 0 1 1 1 1 1 1 1 1 
0 0 0 1 1 0 1 1 0 1 0 0 
MFS
[ - , - , 0 , - , - , - , 0 , - , - , - , - , - ]
[ - , 0 , - , - , 0 , - , - , - , - , - , - , - ]
[ 0 , - , - , 0 , - , - , - , - , - , - , - , - ]
precise
1.0
recall
1.0
F-measure
1.0
multi
1
time
all 246 iden 157 gen 76
t-cover
264
all-cover
264
coveredNum
(1 : 50)  (2 : 74)  (3 : 51)  (4 : 17)  (5 : 12)  (6 : 14)  (7 : 15)  (8 : 21)  (9 : 9)  (10 : 1)  
real Identify
([ - , - , 0 , - , - , - , 0 , - , - , - , - , - ] : 1)  ([ - , 0 , - , - , 0 , - , - , - , - , - , - , - ] : 1)  ([ 0 , - , - , 0 , - , - , - , - , - , - , - , - ] : 1)  
testCase Num: 47
regaular Num: 8
identify Num: 39
1 1 0 1 1 1 0 1 1 1 1 1 
0 1 0 0 1 1 1 1 1 1 1 1 
1 1 0 1 0 1 0 1 1 1 1 1 
1 1 0 1 1 1 0 1 0 0 0 0 
1 1 0 1 1 1 0 1 1 1 1 0 
1 0 1 1 0 1 0 1 1 1 1 1 
1 0 1 1 0 1 1 1 1 0 0 0 
0 1 1 1 1 0 1 0 0 0 0 0 
0 1 1 1 0 0 0 0 0 1 1 0 
1 1 0 0 0 0 0 0 0 0 0 0 
1 1 0 1 1 1 1 0 0 0 0 0 
0 0 1 1 0 1 1 1 1 1 1 1 
0 1 1 0 1 1 1 1 1 1 0 0 
0 1 1 0 1 0 1 0 0 0 0 0 
1 1 0 1 0 0 0 0 0 0 0 0 
1 1 0 1 1 0 0 0 0 0 0 0 
1 1 1 0 0 0 0 0 0 0 0 0 
0 0 0 0 0 0 0 0 0 0 0 0 
0 1 1 0 1 1 0 1 1 1 1 1 
0 1 1 0 1 1 1 1 1 1 1 0 
1 0 1 1 0 0 1 0 0 0 0 0 
1 0 1 1 1 0 1 0 0 0 0 0 
1 0 1 1 0 1 1 1 0 0 0 0 
1 0 1 1 0 1 1 1 1 1 1 1 
0 1 1 1 0 1 0 1 1 1 1 1 
1 0 0 0 0 0 0 0 0 0 0 0 
1 0 1 0 0 0 1 0 0 0 0 0 
1 0 0 1 1 1 0 1 1 1 1 1 
0 1 0 1 0 0 1 1 0 1 0 0 
0 0 1 1 1 0 0 0 1 0 0 0 
1 1 0 1 1 1 0 1 1 1 0 0 
1 1 0 1 1 1 0 1 1 0 0 0 
0 1 1 0 1 1 1 0 0 0 0 0 
1 0 1 1 0 1 1 1 1 1 1 0 
0 1 1 0 1 1 1 1 0 0 0 0 
0 1 1 0 1 1 1 1 1 1 1 1 
1 0 1 0 1 1 0 0 0 0 1 1 
0 0 1 0 0 0 1 0 0 0 0 0 
1 1 0 1 1 1 0 0 0 0 0 0 
1 0 1 1 0 1 1 0 0 0 0 0 
0 1 1 0 1 1 1 1 1 0 0 0 
1 1 1 1 1 0 1 0 0 0 0 0 
1 1 1 0 0 0 1 0 0 0 0 0 
1 0 0 0 1 0 1 1 1 1 1 1 
1 0 1 1 0 1 1 1 1 1 0 0 
1 1 1 0 1 0 1 0 0 0 0 0 
0 0 0 1 1 0 1 1 0 0 0 1 
MFS
[ - , - , 0 , - , - , - , 0 , - , - , - , - , - ]
[ - , 0 , - , - , 0 , - , - , - , - , - , - , - ]
[ 0 , - , - , 0 , - , - , - , - , - , - , - , - ]
precise
1.0
recall
1.0
F-measure
1.0
multi
1
time
all 250 iden 160 gen 72
t-cover
264
all-cover
264
coveredNum
(1 : 47)  (2 : 76)  (3 : 52)  (4 : 19)  (5 : 7)  (6 : 18)  (7 : 19)  (8 : 14)  (9 : 12)  
real Identify
([ - , - , 0 , - , - , - , 0 , - , - , - , - , - ] : 1)  ([ - , 0 , - , - , 0 , - , - , - , - , - , - , - ] : 1)  ([ 0 , - , - , 0 , - , - , - , - , - , - , - , - ] : 1)  
testCase Num: 46
regaular Num: 8
identify Num: 38
1 1 0 1 1 1 0 1 1 1 1 1 
1 1 0 1 0 1 0 1 1 1 1 1 
1 1 0 0 0 0 1 0 1 0 0 1 
1 1 0 1 1 1 0 1 0 0 0 0 
1 1 0 1 1 1 0 1 1 1 1 0 
0 1 1 1 0 0 0 0 0 0 1 0 
1 0 1 1 0 1 1 1 1 0 0 0 
0 1 1 1 1 0 1 0 0 0 0 0 
1 1 0 0 0 0 0 0 0 0 0 0 
1 1 0 1 1 1 1 0 0 0 0 0 
0 0 1 1 0 1 1 1 1 1 1 1 
0 1 1 0 1 1 1 1 1 1 0 0 
0 1 1 0 1 0 1 0 0 0 0 0 
1 1 0 1 0 0 0 0 0 0 0 0 
1 1 0 1 1 0 0 0 0 0 0 0 
1 1 1 0 0 0 0 0 0 0 0 0 
0 0 0 0 0 0 0 0 0 0 0 0 
0 1 1 0 1 1 0 1 1 1 1 1 
0 1 0 1 0 1 1 0 1 1 0 0 
0 1 1 0 1 1 1 1 1 1 1 0 
1 0 1 1 0 0 1 0 0 0 0 0 
1 0 1 1 1 0 1 0 0 0 0 0 
1 0 1 1 0 1 1 1 0 0 0 0 
1 0 1 1 0 1 1 1 1 1 1 1 
1 0 0 0 0 0 0 0 0 0 0 0 
1 0 1 0 0 0 1 0 0 0 0 0 
1 0 0 1 1 1 0 1 1 1 1 1 
1 1 0 1 1 1 0 1 1 1 0 0 
1 1 0 1 1 1 0 1 1 0 0 0 
0 1 1 0 1 1 1 0 0 0 0 0 
1 0 1 1 0 1 1 1 1 1 1 0 
0 1 1 0 1 1 1 1 0 0 0 0 
0 1 1 0 1 1 1 1 1 1 1 1 
1 1 0 0 0 0 1 1 1 1 1 1 
1 0 0 0 1 1 1 1 0 0 0 1 
0 0 1 0 0 0 1 0 0 0 0 0 
1 1 0 1 1 1 0 0 0 0 0 0 
1 0 1 1 0 1 1 0 0 0 0 0 
0 0 1 1 1 1 0 1 1 1 1 1 
0 1 1 0 1 1 1 1 1 0 0 0 
1 1 1 1 1 0 1 0 0 0 0 0 
1 1 1 0 0 0 1 0 0 0 0 0 
1 0 1 1 0 1 1 1 1 1 0 0 
1 1 1 0 1 0 1 0 0 0 0 0 
0 0 1 0 1 1 1 1 1 1 1 1 
1 1 1 0 0 0 0 1 0 1 0 0 
MFS
[ - , - , 0 , - , - , - , 0 , - , - , - , - , - ]
[ - , 0 , - , - , 0 , - , - , - , - , - , - , - ]
[ 0 , - , - , 0 , - , - , - , - , - , - , - , - ]
precise
1.0
recall
1.0
F-measure
1.0
multi
1
time
all 251 iden 155 gen 83
t-cover
264
all-cover
264
coveredNum
(1 : 47)  (2 : 89)  (3 : 36)  (4 : 15)  (5 : 21)  (6 : 11)  (7 : 11)  (8 : 20)  (9 : 14)  
real Identify
([ - , - , 0 , - , - , - , 0 , - , - , - , - , - ] : 1)  ([ - , 0 , - , - , 0 , - , - , - , - , - , - , - ] : 1)  ([ 0 , - , - , 0 , - , - , - , - , - , - , - , - ] : 1)  
testCase Num: 47
regaular Num: 8
identify Num: 39
1 1 0 1 1 1 0 1 1 1 1 1 
1 1 0 1 1 1 0 1 0 0 0 0 
1 1 0 1 1 1 0 1 1 1 1 0 
1 0 1 1 0 1 0 1 1 1 1 1 
1 0 1 1 0 1 1 1 1 0 0 0 
0 1 1 1 1 0 1 0 0 0 0 0 
1 1 0 0 0 0 0 0 0 0 0 0 
1 1 0 1 1 1 1 0 0 0 0 0 
0 0 1 1 0 1 1 1 1 1 1 1 
0 1 1 0 1 1 1 1 1 1 0 0 
0 1 1 0 1 0 1 0 0 0 0 0 
1 1 0 1 0 0 0 0 0 0 0 0 
1 1 0 1 1 0 0 0 0 0 0 0 
1 1 1 0 0 0 0 0 0 0 0 0 
0 0 1 1 1 0 0 1 0 0 0 1 
0 0 0 0 0 0 0 0 0 0 0 0 
1 1 0 0 0 1 1 1 0 1 0 0 
0 1 1 0 1 1 0 1 1 1 1 1 
0 1 1 0 1 1 1 1 1 1 1 0 
0 1 0 1 0 1 1 0 0 0 1 1 
1 0 1 1 0 0 1 0 0 0 0 0 
1 0 1 1 1 0 1 0 0 0 0 0 
1 0 1 1 0 1 1 1 0 0 0 0 
1 0 1 1 0 1 1 1 1 1 1 1 
1 0 0 0 0 0 0 0 0 0 0 0 
1 0 1 0 0 0 1 0 0 0 0 0 
1 0 0 1 1 1 0 1 1 1 1 1 
1 1 0 1 1 1 0 1 1 1 0 0 
1 1 0 1 1 1 0 1 1 0 0 0 
0 1 1 0 1 1 1 0 0 0 0 0 
1 0 1 1 0 1 1 1 1 1 1 0 
1 0 0 0 1 0 1 0 1 0 0 0 
0 1 1 0 1 1 1 1 0 0 0 0 
0 1 1 0 1 1 1 1 1 1 1 1 
1 1 0 0 0 0 1 1 1 1 1 1 
1 1 1 0 0 0 0 0 0 1 1 0 
0 0 1 0 0 0 1 0 0 0 0 0 
1 1 0 1 1 1 0 0 0 0 0 0 
1 0 1 1 0 1 1 0 0 0 0 0 
0 1 0 1 1 1 0 1 1 1 1 1 
0 0 1 1 1 1 0 1 1 1 1 1 
0 1 1 0 1 1 1 1 1 0 0 0 
1 1 1 1 1 0 1 0 0 0 0 0 
1 1 1 0 0 0 1 0 0 0 0 0 
1 0 1 1 0 1 1 1 1 1 0 0 
1 1 1 0 1 0 1 0 0 0 0 0 
0 0 1 0 1 1 1 1 1 1 1 1 
MFS
[ - , - , 0 , - , - , - , 0 , - , - , - , - , - ]
[ - , 0 , - , - , 0 , - , - , - , - , - , - , - ]
[ 0 , - , - , 0 , - , - , - , - , - , - , - , - ]
precise
1.0
recall
1.0
F-measure
1.0
multi
1
time
all 275 iden 179 gen 81
t-cover
264
all-cover
264
coveredNum
(1 : 40)  (2 : 96)  (3 : 39)  (4 : 15)  (5 : 14)  (6 : 15)  (7 : 12)  (8 : 23)  (9 : 10)  
real Identify
([ - , - , 0 , - , - , - , 0 , - , - , - , - , - ] : 1)  ([ - , 0 , - , - , 0 , - , - , - , - , - , - , - ] : 1)  ([ 0 , - , - , 0 , - , - , - , - , - , - , - , - ] : 1)  
testCase Num: 47
regaular Num: 8
identify Num: 39
1 1 0 1 1 1 0 1 1 1 1 1 
0 1 0 0 1 1 1 1 1 1 1 1 
1 1 0 1 0 1 0 1 1 1 1 1 
1 1 0 1 1 1 0 1 0 0 0 0 
1 1 0 1 1 1 0 1 1 1 1 0 
1 0 1 1 0 1 0 1 1 1 1 1 
1 0 1 1 0 1 1 1 1 0 0 0 
0 1 1 1 1 0 1 0 0 0 0 0 
1 1 0 0 0 0 0 0 0 0 0 0 
1 1 0 1 1 1 1 0 0 0 0 0 
0 0 1 1 0 1 1 1 1 1 1 1 
0 1 1 0 1 1 1 1 1 1 0 0 
0 1 1 0 1 0 1 0 0 0 0 0 
1 1 0 1 0 0 0 0 0 0 0 0 
1 1 0 1 1 0 0 0 0 0 0 0 
1 1 1 0 0 0 0 0 0 0 0 0 
0 1 1 1 0 1 0 0 0 1 0 1 
0 0 0 0 0 0 0 0 0 0 0 0 
0 1 1 0 1 1 1 1 1 1 1 0 
1 0 1 1 0 0 1 0 0 0 0 0 
1 0 1 1 1 0 1 0 0 0 0 0 
1 0 1 1 0 1 1 1 0 0 0 0 
1 0 1 1 0 1 1 1 1 1 1 1 
1 0 0 0 0 0 0 0 0 0 0 0 
1 0 1 0 0 0 1 0 0 0 0 0 
1 0 0 1 1 1 0 1 1 1 1 1 
1 1 0 1 1 1 0 1 1 1 0 0 
1 1 0 1 1 1 0 1 1 0 0 0 
0 1 1 0 1 1 1 0 0 0 0 0 
1 0 0 0 1 0 1 0 1 1 0 0 
1 0 1 1 0 1 1 1 1 1 1 0 
0 1 1 0 1 1 1 1 0 0 0 0 
0 1 1 0 1 1 1 1 1 1 1 1 
1 1 0 0 0 0 1 1 1 1 1 1 
0 1 0 1 0 0 1 0 0 0 1 0 
1 0 0 0 1 1 1 1 1 0 0 0 
0 0 1 0 0 0 1 0 0 0 0 0 
1 1 0 1 1 1 0 0 0 0 0 0 
1 0 1 1 0 1 1 0 0 0 0 0 
0 0 1 1 1 1 0 1 1 1 1 1 
0 1 1 0 1 1 1 1 1 0 0 0 
1 1 1 1 1 0 1 0 0 0 0 0 
1 1 1 0 0 0 1 0 0 0 0 0 
1 0 0 0 1 0 1 1 0 0 0 1 
1 0 1 1 0 1 1 1 1 1 0 0 
1 1 1 0 1 0 1 0 0 0 0 0 
0 0 1 0 1 1 1 1 1 1 1 1 
MFS
[ - , - , 0 , - , - , - , 0 , - , - , - , - , - ]
[ - , 0 , - , - , 0 , - , - , - , - , - , - , - ]
[ 0 , - , - , 0 , - , - , - , - , - , - , - , - ]
precise
1.0
recall
1.0
F-measure
1.0
multi
1
time
all 265 iden 172 gen 79
t-cover
264
all-cover
264
coveredNum
(1 : 45)  (2 : 86)  (3 : 41)  (4 : 19)  (5 : 15)  (6 : 14)  (7 : 14)  (8 : 16)  (9 : 14)  
real Identify
([ - , - , 0 , - , - , - , 0 , - , - , - , - , - ] : 1)  ([ - , 0 , - , - , 0 , - , - , - , - , - , - , - ] : 1)  ([ 0 , - , - , 0 , - , - , - , - , - , - , - , - ] : 1)  
testCase Num: 47
regaular Num: 8
identify Num: 39
1 1 0 1 1 1 0 1 1 1 1 1 
1 1 0 1 1 1 0 1 0 0 0 0 
1 1 0 1 1 1 0 1 1 1 1 0 
1 1 0 0 0 0 1 0 1 0 0 0 
1 0 1 1 0 1 1 1 1 0 0 0 
0 1 1 1 1 0 1 0 0 0 0 0 
1 1 0 0 0 0 0 0 0 0 0 0 
1 1 0 1 1 1 1 0 0 0 0 0 
0 0 1 1 0 1 1 1 1 1 1 1 
0 1 1 0 1 1 1 1 1 1 0 0 
0 1 1 0 1 0 1 0 0 0 0 0 
1 1 0 1 0 0 0 0 0 0 0 0 
1 1 0 1 1 0 0 0 0 0 0 0 
1 1 1 0 0 0 0 0 0 0 0 0 
0 0 0 0 0 0 0 0 0 0 0 0 
0 1 1 0 1 1 1 1 1 1 1 0 
1 0 1 1 0 0 1 0 0 0 0 0 
1 0 1 1 1 0 1 0 0 0 0 0 
1 0 1 1 0 1 1 1 0 0 0 0 
1 0 1 1 0 1 1 1 1 1 1 1 
0 1 1 1 0 1 0 1 1 1 1 1 
1 0 0 0 0 0 0 0 0 0 0 0 
1 0 1 0 0 0 1 0 0 0 0 0 
1 0 0 1 1 1 0 1 1 1 1 1 
1 1 0 1 1 1 0 1 1 1 0 0 
1 1 0 1 1 1 0 1 1 0 0 0 
0 1 1 0 1 1 1 0 0 0 0 0 
1 0 1 1 0 1 1 1 1 1 1 0 
0 0 0 1 1 0 1 1 0 0 1 0 
0 1 1 0 0 1 1 1 1 1 1 1 
1 0 1 0 0 1 1 1 1 1 1 1 
0 1 1 0 1 1 1 1 0 0 0 0 
0 1 1 0 1 1 1 1 1 1 1 1 
1 1 0 0 0 0 1 1 0 0 0 1 
0 1 0 1 0 0 1 0 0 1 1 0 
0 0 1 0 0 0 1 0 0 0 0 0 
1 1 0 1 1 1 0 0 0 0 0 0 
1 0 1 1 0 1 1 0 0 0 0 0 
0 1 0 1 1 1 0 1 1 1 1 1 
1 0 1 0 1 1 0 0 0 1 0 1 
0 1 1 0 1 1 1 1 1 0 0 0 
1 1 1 1 1 0 1 0 0 0 0 0 
1 1 1 0 0 0 1 0 0 0 0 0 
1 0 0 0 1 0 1 1 1 1 1 1 
1 0 1 1 0 1 1 1 1 1 0 0 
1 1 1 0 1 0 1 0 0 0 0 0 
0 0 1 0 1 1 1 1 1 1 1 1 
MFS
[ - , - , 0 , - , - , - , 0 , - , - , - , - , - ]
[ - , 0 , - , - , 0 , - , - , - , - , - , - , - ]
[ 0 , - , - , 0 , - , - , - , - , - , - , - , - ]
precise
1.0
recall
1.0
F-measure
1.0
multi
1
time
all 264 iden 187 gen 64
t-cover
264
all-cover
264
coveredNum
(1 : 49)  (2 : 88)  (3 : 33)  (4 : 20)  (5 : 14)  (6 : 18)  (7 : 8)  (8 : 18)  (9 : 15)  (10 : 1)  
real Identify
([ - , - , 0 , - , - , - , 0 , - , - , - , - , - ] : 1)  ([ - , 0 , - , - , 0 , - , - , - , - , - , - , - ] : 1)  ([ 0 , - , - , 0 , - , - , - , - , - , - , - , - ] : 1)  
testCase Num: 47
regaular Num: 8
identify Num: 39
1 1 0 1 1 1 0 1 1 1 1 1 
0 1 0 0 1 1 1 1 1 1 1 1 
1 1 0 1 0 1 0 1 1 1 1 1 
1 1 0 1 1 1 0 1 0 0 0 0 
1 1 0 1 1 1 0 1 1 1 1 0 
1 0 1 1 0 1 0 1 1 1 1 1 
1 0 1 1 0 1 1 1 1 0 0 0 
0 1 1 1 1 0 1 0 0 0 0 0 
1 1 0 0 0 0 0 0 0 0 0 0 
1 1 0 1 1 1 1 0 0 0 0 0 
0 0 1 1 0 1 1 1 1 1 1 1 
0 1 1 0 1 1 1 1 1 1 0 0 
0 1 1 0 1 0 1 0 0 0 0 0 
1 1 0 1 0 0 0 0 0 0 0 0 
1 1 0 1 1 0 0 0 0 0 0 0 
1 1 1 0 0 0 0 0 0 0 0 0 
0 0 0 0 0 0 0 0 0 0 0 0 
0 1 1 0 1 1 0 1 1 1 1 1 
0 1 1 0 1 1 1 1 1 1 1 0 
1 0 1 1 0 0 1 0 0 0 0 0 
1 0 1 1 1 0 1 0 0 0 0 0 
1 0 1 1 0 1 1 1 0 0 0 0 
1 0 1 1 0 1 1 1 1 1 1 1 
0 1 1 1 0 1 0 1 1 1 1 1 
1 0 0 0 0 0 0 0 0 0 0 0 
1 0 1 0 0 0 1 0 0 0 0 0 
0 1 0 1 0 0 1 1 0 1 0 0 
1 1 0 1 1 1 0 1 1 1 0 0 
1 1 1 0 0 0 0 1 1 0 0 0 
1 1 0 1 1 1 0 1 1 0 0 0 
0 1 1 0 1 1 1 0 0 0 0 0 
1 0 1 1 0 1 1 1 1 1 1 0 
0 1 1 0 1 1 1 1 0 0 0 0 
0 1 1 0 1 1 1 1 1 1 1 1 
1 0 1 0 1 1 0 0 1 0 0 1 
0 0 0 1 1 0 1 0 0 1 0 1 
0 1 0 1 0 0 1 0 0 0 1 0 
0 0 1 0 0 0 1 0 0 0 0 0 
1 1 0 1 1 1 0 0 0 0 0 0 
1 0 1 1 0 1 1 0 0 0 0 0 
0 1 0 1 1 1 0 1 1 1 1 1 
0 1 1 0 1 1 1 1 1 0 0 0 
1 1 1 1 1 0 1 0 0 0 0 0 
1 1 1 0 0 0 1 0 0 0 0 0 
1 0 0 0 1 0 1 1 1 1 1 1 
1 0 1 1 0 1 1 1 1 1 0 0 
1 1 1 0 1 0 1 0 0 0 0 0 
MFS
[ - , - , 0 , - , - , - , 0 , - , - , - , - , - ]
[ - , 0 , - , - , 0 , - , - , - , - , - , - , - ]
[ 0 , - , - , 0 , - , - , - , - , - , - , - , - ]
precise
1.0
recall
1.0
F-measure
1.0
multi
1
time
all 292 iden 204 gen 77
t-cover
264
all-cover
264
coveredNum
(1 : 52)  (2 : 73)  (3 : 48)  (4 : 18)  (5 : 13)  (6 : 15)  (7 : 16)  (8 : 15)  (9 : 14)  
real Identify
([ - , - , 0 , - , - , - , 0 , - , - , - , - , - ] : 1)  ([ - , 0 , - , - , 0 , - , - , - , - , - , - , - ] : 1)  ([ 0 , - , - , 0 , - , - , - , - , - , - , - , - ] : 1)  
testCase Num: 47
regaular Num: 8
identify Num: 39
1 1 0 1 1 1 0 1 1 1 1 1 
1 1 0 1 0 1 0 1 1 1 1 1 
1 0 0 0 1 1 1 0 0 0 1 0 
1 1 0 1 1 1 0 1 0 0 0 0 
1 1 0 1 1 1 0 1 1 1 1 0 
1 0 1 1 0 1 0 1 1 1 1 1 
1 0 1 1 0 1 1 1 1 0 0 0 
0 1 1 1 1 0 1 0 0 0 0 0 
0 1 1 1 0 0 0 0 1 0 0 1 
1 1 0 0 0 0 0 0 0 0 0 0 
0 1 0 1 0 1 1 1 1 1 1 1 
1 1 0 1 1 1 1 0 0 0 0 0 
0 0 1 1 0 1 1 1 1 1 1 1 
0 1 1 0 1 1 1 1 1 1 0 0 
0 1 1 0 1 0 1 0 0 0 0 0 
1 1 0 1 0 0 0 0 0 0 0 0 
1 1 0 1 1 0 0 0 0 0 0 0 
1 1 1 0 0 0 0 0 0 0 0 0 
0 0 0 0 0 0 0 0 0 0 0 0 
0 1 1 0 1 1 0 1 1 1 1 1 
0 1 1 0 1 1 1 1 1 1 1 0 
1 0 1 1 0 0 1 0 0 0 0 0 
1 0 1 1 1 0 1 0 0 0 0 0 
1 0 1 1 0 1 1 1 0 0 0 0 
1 0 1 1 0 1 1 1 1 1 1 1 
1 0 0 0 0 0 0 0 0 0 0 0 
1 0 1 0 0 0 1 0 0 0 0 0 
1 0 0 1 1 1 0 1 1 1 1 1 
0 1 0 1 0 0 1 1 0 1 0 0 
1 1 0 1 1 1 0 1 1 1 0 0 
1 0 1 0 1 0 0 1 1 1 1 1 
1 1 0 1 1 1 0 1 1 0 0 0 
0 1 1 0 1 1 1 0 0 0 0 0 
1 0 0 0 1 0 1 0 1 1 0 0 
1 0 1 1 0 1 1 1 1 1 1 0 
0 1 1 0 1 1 1 1 0 0 0 0 
0 1 1 0 1 1 1 1 1 1 1 1 
0 0 1 0 0 0 1 0 0 0 0 0 
1 1 0 1 1 1 0 0 0 0 0 0 
1 0 1 1 0 1 1 0 0 0 0 0 
0 1 1 0 1 1 1 1 1 0 0 0 
1 1 1 1 1 0 1 0 0 0 0 0 
0 0 1 1 1 1 0 1 0 0 0 1 
1 1 1 0 0 0 1 0 0 0 0 0 
1 0 1 1 0 1 1 1 1 1 0 0 
1 1 1 0 1 0 1 0 0 0 0 0 
0 0 1 0 1 1 1 1 1 1 1 1 
MFS
[ - , - , 0 , - , - , - , 0 , - , - , - , - , - ]
[ - , 0 , - , - , 0 , - , - , - , - , - , - , - ]
[ 0 , - , - , 0 , - , - , - , - , - , - , - , - ]
precise
1.0
recall
1.0
F-measure
1.0
multi
1
time
all 266 iden 178 gen 75
t-cover
264
all-cover
264
coveredNum
(1 : 38)  (2 : 86)  (3 : 54)  (4 : 14)  (5 : 14)  (6 : 10)  (7 : 25)  (8 : 13)  (9 : 10)  
real Identify
([ - , - , 0 , - , - , - , 0 , - , - , - , - , - ] : 1)  ([ - , 0 , - , - , 0 , - , - , - , - , - , - , - ] : 1)  ([ 0 , - , - , 0 , - , - , - , - , - , - , - , - ] : 1)  
testCase Num: 47
regaular Num: 8
identify Num: 39
1 1 0 1 1 1 0 1 1 1 1 1 
0 1 0 0 1 1 1 1 1 1 1 1 
1 1 0 1 0 1 0 1 1 1 1 1 
1 1 0 1 1 1 0 1 0 0 0 0 
1 1 0 1 1 1 0 1 1 1 1 0 
1 0 1 1 0 1 0 1 1 1 1 1 
1 0 1 1 0 1 1 1 1 0 0 0 
0 1 1 1 1 0 1 0 0 0 0 0 
1 1 0 0 0 0 0 0 0 0 0 0 
1 1 0 1 1 1 1 0 0 0 0 0 
0 0 1 1 0 1 1 1 1 1 1 1 
0 1 1 0 1 1 1 1 1 1 0 0 
0 1 1 0 1 0 1 0 0 0 0 0 
1 1 0 1 0 0 0 0 0 0 0 0 
1 1 0 1 1 0 0 0 0 0 0 0 
1 1 1 0 0 0 0 0 0 0 0 0 
0 0 0 0 0 0 0 0 0 0 0 0 
0 1 1 0 1 1 1 1 1 1 1 0 
1 1 1 0 0 1 0 0 0 0 0 1 
1 0 1 1 0 0 1 0 0 0 0 0 
1 0 1 1 1 0 1 0 0 0 0 0 
1 0 1 1 0 1 1 1 0 0 0 0 
1 0 1 1 0 1 1 1 1 1 1 1 
1 0 0 0 0 0 0 0 0 0 0 0 
1 0 1 0 0 0 1 0 0 0 0 0 
1 1 0 1 1 1 0 1 1 1 0 0 
1 1 0 1 1 1 0 1 1 0 0 0 
0 1 1 0 1 1 1 0 0 0 0 0 
1 0 1 0 1 0 0 1 0 1 0 0 
1 0 1 1 0 1 1 1 1 1 1 0 
0 1 1 0 1 1 1 1 0 0 0 0 
0 1 1 0 1 1 1 1 1 1 1 1 
1 1 0 0 0 0 1 1 1 1 1 1 
0 1 0 1 0 0 1 0 0 1 1 0 
1 0 0 0 1 1 1 1 1 0 0 0 
0 0 1 0 0 0 1 0 0 0 0 0 
1 1 0 1 1 1 0 0 0 0 0 0 
1 0 1 1 0 1 1 0 0 0 0 0 
0 1 0 1 1 1 0 1 1 1 1 1 
0 0 1 1 1 1 0 1 1 1 1 1 
0 1 1 0 1 1 1 1 1 0 0 0 
1 1 1 1 1 0 1 0 0 0 0 0 
1 1 1 0 0 0 1 0 0 0 0 0 
1 0 1 1 0 1 1 1 1 1 0 0 
1 1 1 0 1 0 1 0 0 0 0 0 
0 0 1 0 1 1 1 1 1 1 1 1 
0 0 1 1 1 0 0 0 1 0 1 0 
MFS
[ - , - , 0 , - , - , - , 0 , - , - , - , - , - ]
[ - , 0 , - , - , 0 , - , - , - , - , - , - , - ]
[ 0 , - , - , 0 , - , - , - , - , - , - , - , - ]
precise
1.0
recall
1.0
F-measure
1.0
multi
1
time
all 260 iden 166 gen 82
t-cover
264
all-cover
264
coveredNum
(1 : 39)  (2 : 90)  (3 : 48)  (4 : 14)  (5 : 15)  (6 : 10)  (7 : 21)  (8 : 17)  (9 : 10)  
real Identify
([ - , - , 0 , - , - , - , 0 , - , - , - , - , - ] : 1)  ([ - , 0 , - , - , 0 , - , - , - , - , - , - , - ] : 1)  ([ 0 , - , - , 0 , - , - , - , - , - , - , - , - ] : 1)  
