testCase Num: 110
regaular Num: 110
identify Num: 0
0 0 0 0 0 0 0 3 4 0 0 0 
0 0 0 0 0 0 0 6 3 0 0 0 
0 0 0 0 0 0 0 5 7 0 0 0 
0 0 0 0 0 0 0 8 6 0 0 0 
0 0 0 0 0 0 0 0 5 0 0 0 
0 0 0 0 0 0 0 2 8 0 0 0 
0 1 0 0 0 1 1 2 2 0 0 1 
1 0 0 0 0 0 0 1 2 0 0 0 
0 0 0 0 0 0 0 4 0 0 0 0 
1 0 0 0 1 0 3 2 5 1 0 0 
0 0 0 0 0 0 0 5 4 0 0 0 
0 0 1 0 0 0 1 3 3 2 0 0 
0 0 0 0 0 0 0 1 4 0 0 0 
0 1 1 1 1 0 1 9 9 0 0 1 
0 0 0 0 0 0 0 3 1 0 0 0 
0 0 0 0 0 0 0 8 1 0 0 0 
0 0 0 0 0 0 0 4 3 0 0 0 
0 0 0 0 0 0 0 0 8 0 0 0 
2 0 0 0 0 0 3 0 1 2 0 0 
2 1 0 0 1 1 3 3 3 0 0 1 
0 0 0 0 0 0 0 9 5 0 0 0 
0 0 0 0 0 0 0 1 9 0 0 0 
0 0 0 0 0 0 3 5 9 1 0 0 
0 0 0 0 0 0 0 6 1 0 0 0 
0 0 0 0 0 0 0 3 6 0 0 0 
0 0 0 0 0 0 0 7 8 0 0 0 
1 0 0 0 1 0 1 4 4 1 0 0 
0 0 0 0 0 0 0 0 7 0 0 0 
2 0 0 0 0 0 1 7 7 2 1 1 
0 0 0 0 0 0 1 0 6 0 0 0 
0 0 0 0 0 0 1 8 0 0 0 0 
0 0 0 0 0 0 3 4 7 0 0 0 
0 0 0 0 0 0 0 4 9 0 0 0 
0 0 0 0 0 0 0 9 4 0 0 0 
2 0 0 1 0 0 0 3 5 1 1 0 
1 1 1 1 1 1 2 0 0 1 1 1 
0 0 0 0 0 0 0 1 6 0 0 0 
0 0 0 0 0 0 0 5 2 0 0 0 
0 0 0 0 0 0 2 9 3 0 0 0 
2 0 0 0 0 0 2 4 6 2 0 0 
0 0 0 0 0 0 0 8 3 0 0 0 
0 0 0 0 0 0 0 4 1 0 0 0 
0 0 0 0 0 0 0 2 7 0 0 0 
0 0 0 0 0 0 0 0 2 0 0 0 
2 0 0 0 0 0 3 9 2 1 0 0 
0 0 0 0 0 0 0 7 2 0 0 0 
0 0 0 0 0 0 0 9 7 0 0 0 
2 0 1 1 1 0 2 2 2 2 1 0 
0 0 0 0 0 0 0 6 9 0 0 0 
0 0 0 0 0 0 0 3 0 0 0 0 
1 1 1 1 0 1 1 1 1 1 1 1 
0 0 0 0 0 0 1 6 0 0 0 0 
1 1 1 0 0 0 3 8 8 0 1 0 
0 0 0 0 0 0 0 1 3 0 0 0 
1 0 0 0 0 0 2 3 8 2 0 0 
0 0 0 0 0 0 0 0 9 0 0 0 
0 0 0 0 0 0 0 8 2 0 0 0 
0 0 0 0 0 0 0 2 1 0 0 0 
0 0 0 0 0 0 0 9 6 0 0 0 
0 0 0 0 0 0 0 7 3 0 0 0 
0 0 0 0 0 0 0 2 4 0 0 0 
0 1 1 1 1 1 0 7 7 1 0 0 
0 0 0 0 0 0 0 1 8 0 0 0 
0 0 0 0 0 0 0 5 0 0 0 0 
0 0 0 0 0 0 0 5 6 0 0 0 
0 1 1 1 0 1 0 4 4 0 1 1 
0 0 0 0 0 0 0 8 5 0 0 0 
0 0 0 0 0 0 0 2 9 0 0 0 
2 0 0 0 1 0 1 5 8 0 0 0 
0 0 0 0 0 0 0 0 4 0 0 0 
1 1 1 0 1 1 0 6 6 1 0 0 
0 0 0 1 1 1 0 8 8 1 0 1 
0 0 0 0 0 0 0 7 0 0 0 0 
0 0 0 0 0 0 3 7 4 0 0 0 
0 0 0 1 0 0 3 6 6 0 1 1 
0 0 0 0 0 0 0 6 7 0 0 0 
0 0 0 0 0 0 0 9 1 0 0 0 
0 0 0 0 0 0 0 3 2 0 0 0 
0 0 0 0 0 0 0 1 5 0 0 0 
0 0 0 0 0 0 0 8 4 0 0 0 
0 0 0 0 0 0 0 4 2 0 0 0 
0 0 0 0 0 0 0 6 5 0 0 0 
0 0 0 0 0 0 0 2 6 0 0 0 
1 0 0 0 0 1 0 9 9 2 1 0 
2 0 0 0 0 0 2 8 9 2 0 0 
0 0 0 0 0 0 0 0 3 0 0 0 
0 0 0 0 0 0 0 0 0 0 0 0 
0 0 0 0 0 0 0 7 1 0 0 0 
0 0 0 0 0 0 0 4 5 0 0 0 
0 0 0 0 0 0 0 9 8 0 0 0 
0 0 0 0 1 0 2 1 1 0 0 0 
0 0 0 0 0 0 0 6 8 0 0 0 
0 0 0 0 0 0 0 9 0 0 0 0 
0 1 1 0 0 1 2 5 5 2 0 1 
0 0 0 0 0 0 0 3 9 0 0 0 
0 0 0 0 0 0 0 6 2 0 0 0 
0 0 0 0 0 0 0 3 7 0 0 0 
0 0 0 0 0 0 0 8 7 0 0 0 
0 0 0 0 0 0 0 7 9 0 0 0 
0 0 0 0 0 0 1 7 5 0 0 0 
1 0 0 1 0 0 0 5 3 1 1 0 
1 0 0 0 0 0 2 7 7 0 0 0 
0 0 0 0 0 0 0 2 0 0 0 0 
0 0 0 0 0 0 0 2 3 0 0 0 
0 0 0 0 0 0 0 4 8 0 0 0 
2 0 0 0 0 0 2 6 4 2 0 0 
0 0 0 0 0 0 0 7 6 0 0 0 
0 0 0 0 0 0 0 1 7 0 0 0 
0 0 0 0 0 0 0 5 1 0 0 0 
2 0 0 0 0 0 3 1 0 2 0 0 
MFS
precise
0.0
recall
0.0
F-measure
0.0
multi
0
time
all 218 iden 0 gen 218
t-cover
837
all-cover
837
(1 : 371)  (2 : 54)  (3 : 31)  (4 : 24)  (5 : 37)  (6 : 19)  (7 : 22)  (8 : 45)  (9 : 55)  (73 : 1)  (10 : 120)  (74 : 3)  (11 : 14)  (75 : 1)  (76 : 3)  (77 : 1)  (82 : 1)  (83 : 7)  (84 : 2)  (85 : 4)  (86 : 1)  (91 : 1)  (93 : 1)  (94 : 6)  (95 : 5)  (96 : 3)  (97 : 3)  (98 : 2)  
testCase Num: 111
regaular Num: 111
identify Num: 0
0 0 0 0 0 0 0 3 4 0 0 0 
0 0 0 0 0 0 0 6 3 0 0 0 
1 1 1 0 0 0 0 8 8 1 1 1 
0 0 0 0 0 0 0 5 7 0 0 0 
0 0 0 0 0 0 2 6 9 0 0 0 
0 0 0 0 0 0 0 0 5 0 0 0 
0 0 0 0 0 0 2 4 6 0 0 0 
0 0 0 0 0 0 0 2 8 0 0 0 
1 0 0 0 1 0 0 5 5 0 1 1 
0 0 0 0 0 0 0 9 2 0 0 0 
0 0 0 0 0 0 0 5 4 0 0 0 
2 0 0 1 1 0 3 3 3 2 1 1 
0 0 0 0 0 0 0 8 9 0 0 0 
0 0 0 0 0 0 3 8 7 0 0 0 
0 0 0 0 0 0 0 1 4 0 0 0 
0 0 0 0 0 0 0 3 1 0 0 0 
0 0 1 1 1 1 0 6 6 1 1 1 
0 0 0 0 0 0 0 6 0 0 0 0 
0 0 0 0 0 0 0 8 1 0 0 0 
2 0 0 0 0 0 0 4 0 2 0 0 
0 0 0 0 0 0 0 4 3 0 0 0 
0 0 0 0 0 0 3 9 8 0 0 0 
0 0 0 0 0 0 0 0 8 0 0 0 
0 0 0 0 0 0 0 2 5 0 0 0 
0 0 0 0 0 0 0 7 4 0 0 0 
1 1 0 0 0 0 2 7 7 2 0 1 
0 0 0 0 0 0 0 9 9 2 0 0 
0 0 0 0 0 0 0 9 5 0 0 0 
0 0 0 0 0 0 1 0 3 0 0 0 
0 0 0 0 0 0 0 1 9 0 0 0 
0 0 0 0 0 0 0 6 1 0 0 0 
0 0 0 0 0 0 0 3 6 0 0 0 
0 0 0 0 0 0 0 7 8 0 0 0 
0 0 0 0 0 0 0 8 0 0 0 0 
2 0 0 0 0 0 1 5 5 1 0 0 
0 0 0 0 0 0 0 0 7 0 0 0 
2 0 0 0 0 0 1 9 9 0 0 0 
0 0 0 0 0 0 0 7 5 0 0 0 
0 0 0 0 0 0 0 4 9 0 0 0 
0 0 0 0 0 0 0 9 4 0 0 0 
0 0 0 0 0 0 0 1 6 0 0 0 
2 0 0 0 0 0 2 0 4 2 0 0 
0 0 0 0 0 0 0 5 2 0 0 0 
0 0 0 0 0 0 0 1 0 0 0 0 
2 0 0 0 0 0 0 1 1 2 0 0 
1 0 0 0 1 1 1 4 4 1 0 0 
0 0 0 0 0 0 0 8 3 0 0 0 
0 0 0 0 0 0 0 5 8 0 0 0 
0 0 0 0 0 0 0 4 1 0 0 0 
0 0 0 0 0 0 0 2 7 0 0 0 
0 0 0 0 0 0 0 0 2 0 0 0 
0 1 1 1 0 1 3 5 5 2 0 0 
0 0 0 0 0 0 0 7 2 0 0 0 
0 0 0 0 0 0 0 9 7 0 0 0 
0 0 0 0 0 0 0 3 0 0 0 0 
2 0 0 0 0 0 1 8 6 2 0 0 
1 1 1 1 1 1 1 1 1 0 1 1 
0 0 0 0 0 0 0 3 8 0 0 0 
0 0 0 0 0 0 0 8 2 0 0 0 
0 0 0 0 0 0 0 0 1 0 0 0 
0 0 0 0 0 0 0 2 1 0 0 0 
0 0 0 0 0 0 0 4 7 0 0 0 
0 0 0 0 0 0 0 9 6 0 0 0 
0 0 0 0 0 0 0 2 4 0 0 0 
0 0 0 0 0 0 0 7 3 0 0 0 
2 1 1 0 0 0 2 2 2 1 1 0 
0 0 0 0 0 0 0 1 8 0 0 0 
2 0 0 0 0 0 1 6 8 2 0 0 
0 0 0 0 0 0 0 5 0 0 0 0 
0 0 0 0 0 0 2 5 1 0 0 0 
0 0 0 0 0 0 0 5 6 0 0 0 
0 0 0 0 0 0 0 8 5 0 0 0 
0 0 0 0 0 0 0 2 9 0 0 0 
1 1 1 1 1 1 3 0 9 1 1 1 
0 0 0 0 0 0 0 6 4 0 0 0 
0 0 0 1 1 1 1 2 2 2 0 1 
1 1 1 1 1 1 2 9 0 1 1 1 
0 0 0 0 0 0 0 6 7 0 0 0 
0 0 0 0 0 0 0 9 1 0 0 0 
0 0 0 0 0 0 0 5 3 0 0 0 
0 0 0 0 0 0 0 3 2 0 0 0 
0 0 0 0 0 0 0 1 5 0 0 0 
1 0 0 0 0 0 0 2 2 0 0 0 
0 0 0 0 0 0 0 8 4 0 0 0 
0 0 0 0 0 0 0 5 9 0 0 0 
0 1 1 1 0 0 3 4 4 0 1 1 
0 0 0 0 0 0 0 4 2 0 0 0 
0 0 0 0 0 0 0 6 5 0 0 0 
0 0 0 0 0 0 0 2 6 0 0 0 
2 0 1 1 1 1 0 7 7 0 1 0 
0 0 0 0 0 0 1 3 7 1 0 0 
0 0 0 0 0 0 1 7 0 0 0 0 
0 0 0 0 0 0 0 0 0 0 0 0 
0 0 0 0 0 0 3 2 0 0 0 0 
0 0 0 0 0 0 0 4 5 0 0 0 
0 0 0 0 0 0 2 1 3 1 0 0 
0 0 0 0 0 0 3 7 1 1 0 0 
0 0 0 0 0 0 0 3 9 0 0 0 
1 1 0 0 0 0 3 6 6 0 0 0 
1 1 1 0 0 1 0 3 3 0 0 0 
0 0 0 0 0 0 3 1 2 0 0 0 
0 0 0 0 0 0 0 6 2 0 0 0 
0 0 0 1 1 1 2 8 8 0 0 0 
0 0 0 0 0 0 0 7 9 0 0 0 
0 0 0 0 0 0 0 0 6 0 0 0 
0 0 0 0 0 0 0 2 3 0 0 0 
0 0 0 0 0 0 0 4 8 0 0 0 
0 0 0 0 0 0 0 7 6 0 0 0 
0 0 0 0 0 0 0 9 3 0 0 0 
0 0 0 0 0 0 0 1 7 0 0 0 
0 0 0 0 0 0 2 3 5 0 0 0 
MFS
precise
0.0
recall
0.0
F-measure
0.0
multi
0
time
all 203 iden 0 gen 203
t-cover
837
all-cover
837
(1 : 381)  (2 : 49)  (3 : 40)  (4 : 28)  (5 : 30)  (6 : 13)  (7 : 23)  (8 : 40)  (9 : 54)  (74 : 1)  (10 : 106)  (11 : 28)  (76 : 1)  (77 : 2)  (78 : 3)  (79 : 2)  (84 : 1)  (86 : 1)  (87 : 7)  (88 : 4)  (89 : 2)  (94 : 1)  (96 : 5)  (97 : 3)  (98 : 6)  (99 : 6)  
