testCase Num: 22
regaular Num: 22
identify Num: 0
2 0 0 1 0 1 1 1 2 2 1 1 
0 1 1 1 0 0 1 0 2 0 0 1 
1 0 0 0 0 0 1 0 0 1 0 0 
2 0 0 0 0 0 0 0 1 0 0 0 
2 0 0 0 0 0 0 0 0 0 0 0 
2 0 0 1 0 1 1 0 2 2 1 0 
2 1 0 0 0 1 1 0 2 2 1 0 
1 0 0 1 1 1 0 0 3 0 1 0 
0 0 0 0 0 0 0 0 3 2 0 0 
1 1 1 1 1 1 1 0 1 1 1 1 
0 0 0 0 0 0 0 0 2 1 0 0 
2 0 0 0 0 1 1 0 2 2 1 0 
1 0 0 0 0 0 0 1 1 1 0 1 
0 0 0 0 0 0 0 0 0 0 0 0 
1 0 1 0 1 0 0 0 2 2 1 0 
2 1 1 0 1 0 1 1 3 0 0 1 
0 0 0 0 0 0 0 0 1 2 0 0 
1 0 0 0 0 1 0 0 2 0 0 0 
2 0 0 0 0 0 1 0 2 2 1 0 
2 0 0 1 0 1 1 1 2 2 1 0 
0 1 1 1 1 1 0 1 0 2 1 1 
2 1 0 0 0 1 0 0 3 1 0 0 
MFS
[ 0 , - , - , - , - , 1 , 1 , - , - , - , - , - ]
[ 2 , - , - , 1 , - , - , - , - , - , - , - , - ]
[ - , - , - , - , - , - , - , 1 , - , - , - , 0 ]
[ - , - , - , - , - , - , - , 1 , 2 , - , - , - ]
[ - , - , - , - , 0 , 1 , 1 , - , - , - , - , - ]
[ 2 , 0 , - , - , - , 1 , - , - , - , - , - , - ]
[ 2 , - , - , - , - , 1 , 1 , - , - , - , - , - ]
[ 0 , 0 , - , - , - , 1 , - , - , - , - , - , - ]
precise
0.0
recall
0.0
F-measure
0.0
multi
0
time
all 78 iden 16 gen 62
t-cover
354
all-cover
357
(1 : 99)  (2 : 87)  (3 : 77)  (4 : 40)  (5 : 16)  (6 : 2)  (8 : 1)  (9 : 6)  (10 : 13)  (11 : 15)  (12 : 1)  
testCase Num: 17
regaular Num: 17
identify Num: 0
0 1 0 0 0 0 0 1 2 0 1 1 
2 1 1 1 1 0 0 1 2 2 0 0 
0 1 0 0 0 0 0 0 3 1 0 0 
2 0 0 0 0 0 0 0 1 0 0 0 
2 0 0 1 0 1 1 0 2 1 0 0 
2 0 0 0 0 0 0 0 0 1 0 0 
2 0 0 0 1 1 1 0 3 2 1 1 
1 0 1 0 0 0 1 1 0 2 0 1 
0 0 0 0 0 0 0 0 0 0 0 0 
0 0 0 0 0 1 1 0 2 1 0 0 
0 0 0 0 0 0 0 0 1 2 0 0 
1 0 1 1 0 1 0 1 3 0 0 0 
1 0 0 0 0 0 0 0 2 0 0 0 
0 0 0 0 0 0 1 0 2 1 0 0 
1 0 0 0 1 0 0 0 1 1 0 0 
1 1 1 1 0 1 1 1 1 1 1 1 
0 1 1 1 1 1 1 0 0 0 1 0 
MFS
[ - , - , 0 , 1 , - , - , - , - , - , - , - , - ]
[ - , - , - , - , - , 1 , - , - , 2 , - , - , - ]
precise
0.0
recall
0.0
F-measure
0.0
multi
0
time
all 47 iden 0 gen 47
t-cover
355
all-cover
357
(1 : 106)  (2 : 106)  (3 : 78)  (4 : 22)  (5 : 9)  (7 : 3)  (8 : 15)  (9 : 14)  (10 : 4)  
