testCase Num: 21
regaular Num: 21
identify Num: 0
2 1 1 1 0 0 0 0 0 0 
0 0 0 0 0 0 0 0 0 0 
3 0 0 0 0 0 1 0 0 0 
2 1 1 1 1 1 0 0 0 1 
1 1 1 1 1 1 1 0 1 1 
5 0 1 1 1 1 0 1 0 1 
0 1 0 1 0 0 0 0 1 1 
1 0 0 0 0 0 0 1 0 0 
2 0 0 0 0 0 0 0 0 0 
3 1 1 1 1 1 0 1 0 1 
4 0 0 1 1 1 0 0 0 1 
3 0 0 0 1 0 0 0 1 1 
5 1 0 0 0 0 1 0 1 0 
3 1 1 1 1 1 1 1 0 0 
3 1 1 1 1 1 0 1 0 0 
2 0 0 0 1 0 1 1 1 1 
3 1 1 1 0 1 0 1 0 0 
4 1 1 0 0 0 1 1 1 0 
0 0 1 0 1 1 1 1 0 0 
2 0 0 0 0 1 0 0 0 0 
2 1 1 1 1 1 0 0 0 0 
MFS
[ 2 , - , - , 0 , - , 1 , - , - , - , 0 ]
[ - , - , - , - , 0 , 1 , - , - , - , - ]
[ - , 0 , - , - , - , 1 , 0 , - , - , 0 ]
[ 2 , - , 1 , - , 0 , 0 , - , - , - , - ]
[ - , 1 , - , - , - , - , 0 , - , - , 0 ]
[ - , - , - , 1 , - , - , - , - , - , 0 ]
precise
0.0
recall
0.0
F-measure
0.0
multi
0
time
all 140 iden 16 gen 63
t-cover
250
all-cover
252
(1 : 94)  (2 : 52)  (3 : 27)  (4 : 33)  (5 : 23)  (6 : 12)  (7 : 9)  (8 : 2)  
testCase Num: 19
regaular Num: 19
identify Num: 0
3 0 0 0 0 0 0 0 0 0 
0 0 0 0 0 0 0 0 0 0 
5 0 0 1 1 1 0 1 0 0 
3 0 1 1 1 0 0 1 0 0 
3 0 1 1 1 0 0 1 1 0 
2 1 0 0 0 0 1 0 1 0 
3 0 1 1 1 0 0 1 0 1 
5 1 1 0 0 0 1 0 1 1 
1 1 0 0 1 1 0 0 1 0 
1 0 0 1 0 0 0 0 0 0 
0 1 1 1 1 1 1 1 1 1 
1 0 1 0 0 0 1 1 0 1 
2 0 0 0 1 0 0 0 0 0 
2 1 0 0 0 1 1 0 1 0 
4 1 0 0 0 1 0 1 0 1 
4 0 1 1 1 0 1 0 1 0 
3 0 1 1 1 1 0 1 1 0 
2 0 1 1 0 0 0 1 0 1 
3 1 0 0 0 0 1 0 0 1 
MFS
[ 3 , - , - , - , - , - , - , - , 1 , - ]
[ 2 , - , - , - , - , 1 , - , - , - , - ]
[ 2 , - , - , - , - , 1 , - , - , 1 , - ]
[ - , - , 0 , - , - , 1 , 1 , - , - , 0 ]
[ 3 , - , - , - , - , 1 , - , - , - , - ]
[ 3 , - , 1 , - , - , - , - , - , - , 0 ]
[ 2 , - , 1 , - , - , - , - , - , - , 0 ]
[ 1 , - , 1 , - , - , - , - , - , - , 0 ]
[ 0 , - , 1 , - , - , - , - , - , - , 0 ]
[ 5 , - , 1 , - , - , - , - , - , - , 0 ]
precise
0.0
recall
0.0
F-measure
0.0
multi
0
time
all 47 iden 16 gen 31
t-cover
249
all-cover
252
(1 : 92)  (2 : 59)  (3 : 28)  (4 : 29)  (5 : 19)  (6 : 8)  (7 : 11)  (8 : 6)  
