testCase Num: 17
regaular Num: 17
identify Num: 0
2 1 0 0 1 0 1 1 1 0 0 1 2 2 
0 1 1 0 1 0 0 1 0 0 1 1 3 2 
1 0 0 0 0 0 1 1 0 0 0 1 1 0 
0 0 0 1 0 1 0 0 0 0 1 1 2 1 
1 0 0 0 1 1 0 0 1 1 0 0 1 2 
0 0 0 0 0 0 0 0 0 0 0 0 1 0 
1 1 1 0 0 0 0 0 0 1 0 0 2 0 
2 0 1 1 0 1 0 0 1 1 1 0 3 0 
2 1 1 1 0 1 0 0 1 1 1 0 3 0 
2 0 0 0 0 0 0 0 0 0 0 0 1 1 
1 0 1 0 0 0 1 0 0 1 0 0 2 0 
1 0 0 0 0 0 1 0 0 0 0 0 3 1 
1 1 1 1 1 1 1 1 0 1 1 1 1 1 
0 0 0 0 0 0 0 0 0 0 0 0 0 0 
1 0 0 1 0 0 0 0 0 0 0 0 0 2 
2 1 0 0 1 1 0 0 0 0 1 1 0 0 
0 1 1 1 0 0 1 1 1 1 0 0 0 1 
MFS
[ - , 0 , 1 , - , - , - , - , - , - , - , - , - , - , - ]
precise
1.0
recall
1.0
F-measure
1.0
multi
0
time
all 515 iden 93 gen 422
t-cover
473
all-cover
473
(1 : 108)  (2 : 143)  (3 : 106)  (4 : 51)  (5 : 11)  (6 : 11)  (7 : 19)  (8 : 20)  (9 : 4)  
testCase Num: 20
regaular Num: 20
identify Num: 0
2 1 1 1 1 0 0 1 0 0 1 0 2 0 
1 0 0 0 0 0 0 1 0 0 0 1 3 0 
2 0 0 1 1 0 1 0 1 0 0 0 2 1 
1 1 1 1 1 1 1 1 1 0 1 1 1 1 
1 0 0 0 0 0 1 0 0 1 0 1 1 1 
2 1 0 0 0 1 0 1 1 1 0 1 2 2 
0 0 0 0 0 0 0 0 0 0 0 0 2 1 
0 0 0 1 1 0 1 0 0 1 1 0 3 2 
2 0 0 0 0 0 0 0 0 0 0 0 0 1 
2 0 0 0 0 0 0 0 0 0 0 0 1 2 
1 0 0 0 0 0 0 0 0 0 0 0 2 0 
0 1 1 0 0 0 0 0 0 0 0 0 0 0 
2 0 0 0 0 0 0 0 0 0 0 0 3 0 
0 0 0 0 1 1 1 1 1 1 1 1 0 0 
0 0 1 1 1 0 1 0 0 1 1 0 3 2 
0 0 1 0 0 0 0 0 0 0 0 0 0 0 
1 1 1 1 0 1 0 0 0 0 1 0 0 2 
0 0 0 0 0 0 0 0 0 0 0 0 0 0 
1 1 1 0 0 1 0 0 1 0 0 0 3 1 
0 1 0 0 0 0 0 0 0 0 0 0 1 0 
MFS
[ - , - , 1 , - , - , - , - , - , - , 1 , - , - , - , - ]
[ - , 0 , 1 , - , - , - , - , - , - , - , - , - , - , - ]
precise
0.5
recall
1.0
F-measure
0.6666666666666666
multi
0
time
all 156 iden 0 gen 141
t-cover
472
all-cover
473
(1 : 101)  (2 : 121)  (3 : 107)  (4 : 55)  (5 : 23)  (6 : 6)  (7 : 6)  (8 : 3)  (9 : 8)  (10 : 14)  (11 : 21)  (12 : 8)  
