testCase Num: 64
regaular Num: 64
identify Num: 0
2 1 0 1 0 1 0 0 1 1 0 1 2 2 
1 0 0 1 1 0 1 0 1 0 1 0 2 0 
0 0 1 0 0 1 0 1 0 1 0 0 2 1 
0 0 0 1 0 0 0 1 0 0 0 0 2 0 
0 1 1 1 1 0 0 0 0 0 0 0 1 0 
2 1 0 0 1 1 1 1 0 1 0 0 1 0 
0 1 0 1 1 0 0 1 1 0 1 0 1 1 
2 0 0 1 1 1 1 0 1 0 1 0 2 1 
0 0 0 0 0 0 1 0 0 0 0 0 0 0 
2 0 0 0 0 0 0 0 0 0 1 0 1 1 
2 0 0 0 0 0 0 0 0 0 0 0 0 0 
1 1 1 1 1 0 1 1 0 1 0 0 0 0 
0 0 0 0 0 1 0 0 1 0 0 0 3 1 
1 0 1 1 1 1 1 1 0 1 1 1 1 1 
0 1 1 1 1 1 0 0 0 1 1 1 3 0 
2 1 1 0 1 0 1 0 1 0 0 1 3 1 
0 0 0 1 1 1 1 1 0 0 0 1 3 2 
0 1 1 0 0 0 0 1 0 0 0 0 3 2 
2 0 0 1 0 0 0 0 0 1 1 0 3 2 
0 1 0 1 0 1 1 0 1 0 1 0 0 1 
2 1 1 1 0 1 1 1 1 1 0 1 1 1 
1 0 1 1 1 1 0 1 0 0 0 0 3 1 
0 0 0 0 0 1 1 0 0 0 0 0 1 2 
1 0 0 0 0 0 0 1 1 1 0 0 3 2 
1 0 0 0 0 0 0 1 0 0 0 0 2 1 
0 0 0 0 0 0 1 0 1 1 1 1 1 0 
0 1 1 1 0 1 0 0 0 1 1 0 2 1 
2 0 1 0 1 0 0 1 1 1 0 1 1 2 
0 1 1 0 1 0 0 1 0 1 0 0 0 2 
1 0 0 0 0 0 1 0 0 0 0 0 1 1 
1 0 0 0 0 0 0 0 0 0 0 0 3 0 
0 1 1 0 1 0 1 1 1 0 1 0 2 2 
1 1 1 1 1 0 0 0 1 0 0 1 0 1 
0 0 1 1 0 0 0 0 0 0 0 0 1 0 
0 0 0 0 0 1 0 1 0 1 0 0 2 0 
2 1 1 0 0 0 0 0 0 0 0 0 2 0 
1 1 0 0 0 0 1 0 0 1 1 1 3 1 
1 1 1 0 1 1 0 0 0 1 0 1 2 0 
2 0 0 0 1 0 0 1 1 1 1 0 0 1 
2 0 1 0 0 1 1 0 0 1 1 1 0 2 
0 0 0 0 0 0 0 0 0 0 0 1 0 1 
2 1 1 0 0 1 1 0 0 1 1 1 0 2 
1 0 0 0 0 1 0 1 0 0 1 0 0 0 
2 1 1 0 0 0 0 0 1 0 0 0 1 0 
2 1 0 1 0 0 1 1 0 0 0 1 2 1 
1 0 0 1 1 1 0 1 1 0 0 1 0 2 
2 0 0 0 0 0 0 0 0 0 0 0 2 0 
1 0 0 0 0 1 1 0 0 1 0 0 2 2 
2 0 1 1 0 1 0 1 1 0 1 0 3 0 
0 0 1 1 0 0 0 0 0 0 0 0 2 0 
2 0 1 0 1 1 0 0 1 0 1 0 2 1 
0 1 0 0 0 0 1 0 0 1 0 0 3 0 
2 0 0 1 1 0 0 0 0 0 0 0 1 2 
1 1 1 1 1 1 0 1 1 0 1 0 3 1 
0 0 0 0 0 0 0 0 0 1 1 1 2 2 
0 0 0 0 0 0 0 0 1 0 0 0 1 2 
2 1 0 1 0 0 0 0 1 0 1 1 0 0 
2 0 0 0 0 1 0 1 1 0 0 0 3 0 
0 0 1 0 0 0 1 0 1 1 0 1 1 0 
1 0 0 0 1 0 0 0 0 1 0 0 1 1 
2 0 0 0 1 0 0 1 0 1 0 1 1 2 
1 1 1 1 0 1 0 0 0 0 1 0 1 2 
0 0 0 0 0 0 0 0 0 0 0 0 0 0 
1 1 0 0 0 1 0 1 1 0 1 1 1 0 
MFS
[ - , 0 , 1 , - , - , - , - , - , - , - , - , - , - , - ]
precise
1.0
recall
1.0
F-measure
1.0
multi
0
time
all 1298 iden 0 gen 1282
t-cover
4282
all-cover
4282
(1 : 401)  (2 : 703)  (3 : 835)  (4 : 681)  (5 : 494)  (6 : 368)  (7 : 275)  (8 : 164)  (9 : 98)  (10 : 58)  (11 : 23)  (12 : 13)  (13 : 9)  (14 : 10)  (15 : 20)  (16 : 38)  (17 : 24)  (18 : 29)  (19 : 24)  (20 : 8)  (21 : 4)  (22 : 2)  (23 : 1)  
testCase Num: 65
regaular Num: 65
identify Num: 0
0 0 0 1 1 1 0 1 0 1 1 0 3 2 
2 1 1 0 1 1 0 0 1 1 0 0 3 0 
1 0 0 1 0 1 0 1 1 0 0 0 3 0 
1 1 1 1 1 1 0 1 1 1 0 1 1 1 
1 1 0 0 0 1 1 1 1 0 0 0 2 1 
1 1 1 0 1 0 0 1 0 0 1 0 0 0 
1 1 1 0 1 1 1 0 0 0 1 0 1 0 
1 0 0 0 0 0 0 0 0 0 0 0 2 0 
2 0 1 0 0 0 0 1 1 1 1 1 0 0 
0 0 0 0 0 1 1 0 1 0 1 1 1 2 
2 0 1 0 1 0 0 0 0 0 1 1 3 2 
0 1 1 0 0 1 0 1 0 0 0 1 3 1 
0 0 0 0 1 0 0 1 1 0 0 1 0 1 
1 0 1 1 0 0 1 0 0 1 1 1 0 2 
0 1 1 1 0 0 0 0 0 1 0 1 1 0 
1 0 1 1 1 1 0 1 1 1 1 1 1 1 
0 0 0 0 0 0 0 0 0 0 0 0 3 0 
2 0 0 0 0 0 0 0 0 0 0 0 3 1 
1 0 0 0 0 0 0 0 0 0 0 0 3 2 
2 1 1 0 0 0 1 1 1 1 1 1 3 0 
2 1 1 0 1 1 0 1 0 1 1 1 1 2 
0 0 1 0 0 0 1 0 0 0 1 1 3 0 
2 1 1 0 0 0 0 0 0 0 0 0 2 0 
2 1 1 0 0 0 1 0 0 0 0 0 0 0 
2 1 0 1 0 0 1 1 1 1 0 0 3 2 
2 0 1 0 1 1 0 1 0 0 0 1 1 2 
2 1 1 1 0 1 0 1 0 0 1 1 0 1 
1 0 0 0 1 0 1 0 0 0 0 1 3 0 
1 1 0 0 0 1 0 1 1 0 0 0 0 2 
2 0 1 0 0 0 0 0 0 0 0 0 2 0 
1 1 0 1 1 0 1 1 0 1 0 1 0 0 
2 1 0 1 0 0 0 1 0 0 1 0 1 1 
1 1 1 0 1 0 0 0 0 1 0 1 2 2 
0 0 0 0 1 0 1 1 1 0 0 0 1 0 
2 1 0 1 1 0 0 0 0 0 0 0 0 2 
1 0 0 1 0 0 0 0 0 0 0 0 1 0 
0 0 0 0 0 0 1 0 0 0 0 0 2 0 
0 1 0 1 0 0 1 0 1 0 1 1 3 1 
1 1 0 0 1 1 1 0 0 1 1 1 3 1 
0 1 1 0 0 0 1 0 0 0 0 0 0 2 
0 1 1 0 0 1 1 0 1 1 1 0 0 1 
0 0 0 0 0 0 0 0 0 0 0 0 1 1 
0 1 1 0 0 1 0 1 0 0 1 1 2 0 
2 0 0 1 1 1 0 1 0 1 1 1 2 1 
2 0 0 0 1 0 1 0 1 1 0 0 1 1 
1 0 0 1 0 0 0 0 1 1 1 0 2 2 
2 1 0 1 1 1 0 0 1 0 0 1 2 1 
1 1 0 1 0 0 1 0 1 1 0 0 1 2 
0 0 0 0 0 0 0 0 1 1 0 0 2 0 
2 0 1 1 1 1 1 0 0 0 0 0 0 1 
0 1 1 1 1 0 1 1 1 0 0 0 2 2 
2 0 0 0 0 0 0 0 0 0 0 0 1 0 
2 1 0 0 0 1 1 0 0 1 1 1 2 2 
0 1 1 0 0 0 1 0 0 0 0 0 2 1 
2 1 0 1 1 0 1 1 0 0 1 0 2 0 
1 0 1 0 0 0 1 1 0 0 0 1 3 1 
0 0 1 1 0 0 0 0 0 0 0 0 3 0 
0 0 1 0 0 1 0 1 0 0 0 1 2 0 
0 0 1 0 1 0 1 1 0 1 1 0 2 1 
1 0 0 0 0 0 0 0 0 0 0 0 0 1 
2 0 0 0 0 0 0 0 1 1 1 1 0 2 
0 0 0 0 0 0 0 0 0 0 0 0 0 0 
0 0 0 0 0 0 0 0 0 0 0 0 0 2 
1 1 1 1 0 1 1 1 0 0 0 1 3 2 
0 0 0 1 1 1 1 0 1 0 1 1 0 0 
MFS
[ - , 0 , 1 , - , - , - , - , - , - , - , - , - , - , - ]
precise
1.0
recall
1.0
F-measure
1.0
multi
0
time
all 1045 iden 15 gen 1015
t-cover
4282
all-cover
4282
(1 : 388)  (2 : 754)  (3 : 842)  (4 : 648)  (5 : 538)  (6 : 400)  (7 : 239)  (8 : 132)  (9 : 74)  (10 : 46)  (11 : 37)  (12 : 22)  (13 : 18)  (14 : 16)  (15 : 20)  (16 : 26)  (17 : 28)  (18 : 15)  (19 : 18)  (20 : 15)  (21 : 4)  (22 : 2)  
