testCase Num: 141
regaular Num: 141
identify Num: 0
0 1 0 0 0 0 0 1 0 2 0 0 
1 1 1 0 1 1 0 1 0 2 1 0 
2 0 0 0 0 0 0 0 2 1 0 0 
2 0 0 0 1 0 0 0 0 2 0 0 
0 0 0 0 0 0 0 0 3 1 0 1 
0 1 1 0 0 0 0 1 2 1 1 1 
0 0 0 0 1 0 0 0 2 0 1 0 
1 0 1 1 1 1 1 0 2 2 1 1 
2 1 1 1 1 0 1 1 3 2 1 1 
1 0 0 1 0 1 0 0 3 0 0 0 
0 0 1 1 0 1 0 1 1 0 0 0 
1 1 0 1 0 0 0 1 1 2 1 0 
0 1 1 0 0 1 0 0 2 0 1 1 
2 1 1 0 1 0 0 0 0 1 1 1 
1 0 0 1 1 1 1 0 1 1 1 1 
1 1 0 0 1 1 1 0 0 0 1 1 
2 1 0 1 1 0 1 1 2 1 1 1 
0 1 1 0 1 0 0 0 2 2 0 0 
0 0 1 0 1 0 1 1 0 2 0 1 
2 0 0 0 0 0 1 1 3 1 1 0 
1 1 0 0 0 0 1 0 2 1 0 0 
2 0 1 0 0 0 0 0 2 1 0 0 
1 0 0 0 0 0 1 0 3 0 0 1 
1 1 1 0 1 0 1 1 1 1 1 1 
1 0 1 1 1 1 0 1 3 2 0 1 
1 0 0 0 1 0 0 1 3 2 0 0 
2 1 1 1 0 1 1 1 2 1 0 0 
2 0 1 0 1 1 1 1 3 0 0 1 
1 0 0 1 0 1 1 1 0 2 0 0 
0 0 0 0 1 1 1 0 2 0 0 0 
0 1 0 1 0 1 0 1 2 2 0 0 
0 1 1 0 0 1 0 1 0 0 1 1 
2 0 0 0 0 0 1 0 2 1 0 0 
2 0 0 1 0 0 0 1 1 0 1 1 
2 1 1 0 0 0 1 1 1 0 0 0 
0 1 0 0 0 0 1 1 2 2 1 1 
0 0 1 1 0 1 0 0 0 2 1 0 
2 0 0 1 0 1 1 0 2 0 0 0 
1 0 1 0 0 0 1 1 3 0 1 0 
2 1 0 0 1 1 1 0 2 1 1 1 
2 1 1 1 0 1 1 1 1 2 1 1 
0 0 1 1 1 1 0 0 3 0 1 0 
0 1 0 1 0 1 1 0 3 0 0 1 
1 1 1 0 0 1 0 1 3 1 1 1 
2 1 1 0 0 0 0 0 3 2 0 0 
2 1 0 0 0 0 0 0 0 1 0 0 
2 1 0 1 1 0 0 0 0 0 0 0 
0 1 0 1 1 1 0 0 0 1 0 0 
2 1 0 0 1 1 1 1 0 0 0 1 
2 0 1 0 1 1 0 1 0 1 0 0 
2 0 1 0 0 0 0 1 0 2 0 0 
0 0 0 0 0 0 0 0 3 2 1 0 
2 0 1 1 0 0 0 1 2 2 1 0 
0 1 1 0 0 0 0 1 3 0 0 0 
0 0 0 0 0 1 1 0 1 1 1 0 
0 1 0 0 0 0 0 0 1 2 1 1 
0 0 0 0 1 0 1 0 3 2 0 0 
1 0 1 1 0 0 1 0 0 2 1 0 
2 1 0 0 1 1 1 1 1 1 0 0 
1 0 1 1 1 0 0 1 2 1 1 0 
0 0 0 0 1 1 1 1 1 2 0 0 
0 1 0 1 1 0 1 1 0 0 1 0 
2 0 0 1 0 0 0 1 0 1 0 1 
2 0 1 0 1 1 0 1 2 2 1 0 
0 0 0 1 0 0 0 0 2 1 1 0 
0 0 1 1 0 1 0 1 3 1 1 0 
1 0 0 0 0 1 1 1 0 1 1 0 
0 0 0 1 1 1 0 1 2 0 0 1 
2 0 1 1 1 0 0 1 1 2 1 1 
1 1 1 0 0 1 0 0 0 2 0 1 
2 0 0 0 0 0 1 0 0 0 1 0 
2 0 1 1 0 1 0 0 1 1 0 0 
0 0 0 1 0 0 0 0 2 1 0 1 
1 0 0 0 0 1 0 1 2 0 0 1 
1 0 0 0 1 0 0 0 2 0 0 0 
1 0 0 0 0 0 0 0 2 0 0 1 
1 0 0 0 1 0 0 0 0 1 0 0 
2 1 0 0 0 0 1 1 0 2 1 0 
2 0 0 1 0 0 0 0 0 0 1 0 
0 0 0 1 1 0 0 1 2 2 0 0 
0 1 0 1 1 0 0 1 1 1 0 1 
2 0 0 0 0 0 0 0 1 2 0 0 
1 0 1 0 0 1 0 0 1 0 0 1 
0 0 1 0 1 0 1 0 1 0 1 1 
0 0 1 0 1 0 1 0 2 1 0 1 
2 0 0 1 0 0 1 0 1 1 1 1 
1 0 0 0 0 0 0 1 2 2 0 0 
1 1 0 1 1 0 0 0 3 0 1 1 
0 0 0 0 0 1 0 0 0 1 0 1 
0 1 0 1 0 1 1 0 1 0 1 1 
1 0 0 0 1 1 0 1 1 2 0 1 
1 1 1 1 1 1 1 1 2 0 0 0 
0 1 0 1 0 0 0 0 0 2 0 1 
2 0 0 1 1 1 0 0 0 2 1 1 
0 0 1 0 0 0 1 1 2 0 1 0 
0 0 1 1 0 0 1 1 3 2 0 1 
0 0 1 0 1 1 1 0 2 1 0 1 
0 1 1 1 0 0 1 0 2 0 0 1 
2 0 0 0 0 0 0 0 2 2 0 1 
2 1 0 1 1 0 1 0 2 2 0 0 
2 1 0 1 1 1 0 1 3 1 0 0 
0 1 1 1 0 1 1 1 0 1 1 0 
1 1 0 1 0 0 0 0 2 2 0 1 
1 1 0 0 0 1 0 0 1 1 0 0 
1 0 1 1 0 0 0 0 1 0 0 0 
0 0 0 0 0 0 0 0 0 0 0 0 
2 0 0 1 0 1 0 1 3 0 1 1 
1 0 0 1 1 0 1 1 1 0 0 0 
1 1 1 0 1 0 1 0 3 1 0 0 
2 1 1 1 0 0 0 0 2 0 1 1 
2 0 0 0 0 0 1 0 1 2 0 1 
2 1 1 0 0 1 0 0 2 0 0 0 
1 0 0 0 0 1 0 1 2 1 0 1 
1 1 1 0 0 0 1 0 1 2 0 0 
2 0 1 1 1 1 1 0 3 1 1 1 
2 1 0 0 0 1 0 0 3 0 0 0 
1 0 0 0 0 0 0 0 0 0 0 0 
1 1 0 0 0 1 1 0 2 0 1 0 
0 1 0 0 1 1 0 0 3 2 1 1 
1 0 1 0 0 0 1 0 2 2 0 0 
1 0 1 1 1 0 0 1 0 0 0 1 
0 0 0 1 0 1 0 0 2 0 1 0 
1 1 0 1 0 0 1 0 0 1 0 1 
2 0 1 1 0 1 1 0 0 0 0 0 
0 1 0 0 1 0 1 1 3 1 1 0 
0 0 0 0 1 1 0 0 2 2 1 0 
2 0 0 0 0 1 1 0 3 2 0 0 
2 0 0 0 0 0 0 0 3 0 0 0 
0 1 1 1 1 1 0 0 1 2 0 0 
0 0 1 0 1 0 1 0 0 1 0 0 
2 0 1 0 1 1 1 1 2 0 1 1 
1 0 0 0 0 0 0 1 2 1 0 1 
1 0 1 0 0 0 0 0 0 1 0 0 
1 0 1 1 1 0 1 0 2 2 1 1 
0 0 1 0 0 0 0 1 1 1 1 0 
1 1 0 0 0 0 0 0 1 0 1 0 
1 1 0 1 0 1 1 0 3 2 1 0 
1 0 0 1 0 0 0 0 3 1 0 0 
2 0 0 0 0 0 1 0 0 1 0 0 
2 0 0 0 1 0 0 1 2 0 0 1 
2 1 0 0 1 1 0 0 1 0 1 0 
MFS
[ - , - , - , - , - , 1 , - , - , 2 , 1 , - , - ]
[ - , - , - , - , - , 1 , - , - , 2 , 2 , - , - ]
precise
1.0
recall
1.0
F-measure
1.0
multi
0
time
all 2761 iden 15 gen 2730
t-cover
14136
all-cover
14136
(1 : 968)  (2 : 2279)  (3 : 2752)  (4 : 2363)  (5 : 1805)  (6 : 1278)  (7 : 859)  (8 : 478)  (9 : 337)  (10 : 282)  (11 : 232)  (12 : 178)  (13 : 110)  (14 : 58)  (15 : 21)  (16 : 9)  (17 : 3)  (18 : 5)  (19 : 2)  (20 : 7)  (21 : 16)  (22 : 28)  (23 : 25)  (24 : 18)  (25 : 13)  (26 : 6)  (27 : 4)  
testCase Num: 137
regaular Num: 137
identify Num: 0
2 1 1 1 1 0 1 0 0 0 1 0 
1 1 0 0 0 1 1 0 1 2 1 1 
2 0 1 0 0 0 0 0 3 2 0 0 
1 0 0 0 1 1 0 0 0 1 0 0 
0 0 0 0 1 0 1 1 1 0 1 0 
2 1 0 1 0 0 0 1 2 2 1 0 
2 0 0 0 1 1 1 0 1 1 1 0 
1 1 0 0 1 1 1 1 0 2 0 0 
1 0 0 1 0 0 0 1 1 2 0 1 
0 1 0 1 0 1 1 0 2 0 1 1 
0 1 1 0 1 0 1 1 3 1 0 0 
2 1 0 0 0 0 0 0 0 2 0 0 
0 0 0 0 0 1 0 1 3 0 0 0 
1 0 1 0 1 0 1 0 2 1 0 0 
2 0 1 0 1 1 0 0 2 2 1 1 
0 1 1 1 0 1 0 1 2 1 0 0 
0 1 0 0 0 1 1 1 1 1 0 1 
2 0 0 0 1 1 1 1 2 0 1 1 
2 1 0 0 0 1 0 0 0 0 1 1 
1 0 1 0 1 0 0 1 2 0 0 0 
0 0 1 0 0 0 1 1 3 2 1 1 
2 0 1 0 0 0 0 0 2 1 0 0 
2 1 0 0 0 0 0 0 2 0 0 0 
1 0 0 1 1 1 0 0 3 0 1 0 
0 0 0 0 1 0 0 0 2 0 0 0 
2 1 0 0 1 1 0 1 3 2 1 1 
1 1 1 0 1 1 1 0 3 0 0 1 
1 1 0 0 1 0 0 0 2 1 0 0 
1 0 0 0 0 1 0 0 2 0 0 0 
0 1 0 1 1 1 1 0 3 2 1 1 
1 0 0 0 0 1 0 1 1 1 0 0 
2 0 1 0 1 1 0 0 2 1 0 0 
2 0 1 0 1 1 0 0 0 2 0 0 
1 0 1 1 1 1 1 1 1 2 0 0 
2 0 1 0 0 0 1 1 0 2 0 0 
1 1 1 1 0 1 1 1 3 1 1 0 
0 1 0 1 0 0 1 1 3 0 0 0 
1 0 0 1 0 0 1 0 2 2 0 0 
2 0 1 0 0 0 0 0 2 2 1 1 
2 0 0 1 1 0 0 0 2 1 0 0 
2 0 0 1 1 1 0 1 0 2 1 1 
1 1 0 1 0 0 0 0 3 2 1 1 
2 0 1 1 0 0 0 1 1 1 0 1 
2 0 1 0 0 1 0 0 3 0 0 1 
1 0 0 0 1 0 0 0 0 0 0 0 
1 1 1 0 1 0 0 1 2 2 1 1 
1 0 0 0 1 0 0 0 3 1 1 0 
0 0 0 1 0 1 0 0 1 0 0 1 
0 0 0 0 1 0 0 1 2 2 0 1 
2 0 1 1 0 0 0 0 0 1 0 1 
0 0 0 0 1 1 0 0 3 1 0 0 
0 0 0 0 1 1 0 0 2 0 1 0 
0 0 0 1 0 0 0 1 2 0 0 0 
0 0 0 1 0 0 0 1 0 1 0 0 
0 0 1 0 1 1 1 0 1 1 0 0 
0 1 1 0 0 0 1 0 2 2 1 0 
2 1 0 0 1 0 1 0 3 1 0 1 
1 0 1 0 1 0 1 1 3 2 0 0 
2 0 1 1 0 1 1 1 3 1 0 0 
0 0 0 1 0 1 1 0 0 1 1 0 
2 0 1 0 1 0 0 1 0 1 1 0 
2 1 1 0 0 1 1 1 1 0 1 0 
0 0 0 0 1 0 0 0 1 2 0 1 
0 1 1 0 1 0 1 0 0 2 0 1 
2 0 1 1 0 1 0 0 2 0 0 0 
0 0 0 0 0 1 0 0 0 2 0 0 
1 0 1 1 0 1 0 0 0 1 0 1 
0 1 1 1 1 0 0 0 2 1 1 1 
1 0 0 1 0 1 0 1 2 1 1 1 
0 0 1 1 0 0 0 0 3 1 1 1 
1 1 0 1 0 0 1 0 1 0 0 0 
2 1 0 0 0 1 0 0 0 1 0 0 
2 1 0 1 0 0 0 0 3 2 0 1 
2 0 1 1 0 0 1 0 1 0 1 1 
1 0 0 0 1 0 0 0 0 2 1 1 
1 1 0 0 1 0 0 1 1 0 0 0 
1 0 1 0 1 1 0 0 1 0 1 1 
1 0 1 0 0 1 1 1 0 0 1 1 
1 0 0 0 0 1 0 0 2 2 0 0 
2 0 0 0 0 1 1 0 3 2 1 0 
1 1 0 1 0 0 0 0 0 0 0 0 
2 0 0 0 0 0 1 0 3 0 0 0 
0 1 1 1 1 0 0 1 1 0 0 1 
2 1 1 1 1 0 1 1 2 2 0 1 
0 1 1 0 1 1 0 1 2 0 0 1 
1 1 0 0 1 0 0 0 2 0 1 1 
0 1 0 1 0 1 1 0 1 0 0 0 
1 1 1 1 1 0 1 1 0 1 0 0 
0 0 0 0 0 1 0 0 3 1 0 1 
1 0 0 1 0 0 1 0 0 1 1 1 
0 0 0 1 0 1 0 0 3 0 0 1 
2 0 0 1 1 1 0 0 3 1 1 0 
0 1 1 0 1 0 0 0 3 2 1 0 
2 0 0 1 1 0 1 1 0 0 0 1 
2 1 1 1 1 0 0 1 3 0 1 0 
0 1 1 1 0 0 1 1 0 2 1 0 
1 0 0 1 0 0 0 0 0 0 0 1 
1 0 1 1 0 1 0 0 3 2 0 0 
0 0 1 0 0 0 1 0 2 0 0 1 
0 0 0 1 1 1 0 1 3 2 0 1 
2 0 0 0 0 1 1 0 1 2 0 0 
1 0 1 0 0 1 1 0 2 1 0 1 
0 0 1 1 0 1 0 1 1 2 1 0 
1 1 0 0 0 0 0 0 2 0 0 0 
0 0 0 1 1 1 0 0 2 2 0 0 
0 1 0 1 0 0 1 1 0 0 1 1 
1 0 1 1 0 0 0 1 2 1 1 1 
2 1 1 1 1 0 1 0 1 2 0 1 
0 0 0 0 0 1 0 1 2 2 0 1 
0 1 0 0 1 1 0 1 0 1 1 1 
2 0 0 0 0 1 0 1 1 0 0 1 
2 1 1 0 0 1 1 1 0 1 0 1 
1 1 1 0 0 0 0 0 1 1 1 0 
0 0 0 0 0 0 0 0 0 0 0 0 
0 0 0 1 0 0 1 0 2 1 0 0 
0 1 1 0 0 0 1 0 1 2 0 0 
2 1 0 0 1 0 0 1 1 2 1 0 
1 1 1 1 0 1 0 0 0 2 0 1 
0 0 0 1 1 0 0 0 2 2 0 0 
1 1 1 1 1 1 1 1 2 0 1 0 
1 0 0 0 0 1 1 0 2 0 0 1 
2 1 0 0 0 0 1 1 2 1 1 1 
2 1 0 1 1 1 0 0 1 1 0 0 
2 1 0 0 1 1 1 0 2 2 0 0 
2 0 0 0 1 0 0 0 1 0 0 0 
0 0 0 0 1 0 1 1 2 1 1 0 
2 0 0 0 0 0 1 0 2 0 0 0 
2 1 0 0 0 1 0 1 2 0 0 0 
1 0 0 0 0 0 0 1 2 1 0 1 
1 0 0 1 1 0 1 1 1 1 1 1 
0 0 1 1 1 1 0 1 0 0 0 0 
0 1 1 0 1 1 0 0 3 0 1 1 
1 1 0 0 0 0 0 1 3 1 0 1 
1 1 0 1 0 0 0 1 0 2 1 0 
0 1 0 1 0 0 0 0 1 1 1 1 
0 0 1 0 0 0 0 0 0 1 0 1 
1 0 0 0 0 0 1 1 3 0 1 1 
MFS
[ - , - , - , - , - , 1 , - , - , 2 , 1 , - , - ]
[ - , - , - , - , - , 1 , - , - , 2 , 2 , - , - ]
precise
1.0
recall
1.0
F-measure
1.0
multi
0
time
all 2574 iden 0 gen 2558
t-cover
14136
all-cover
14136
(1 : 1019)  (2 : 2367)  (3 : 2863)  (4 : 2292)  (5 : 1789)  (6 : 1280)  (7 : 797)  (8 : 556)  (9 : 401)  (10 : 236)  (11 : 162)  (12 : 108)  (13 : 63)  (14 : 59)  (15 : 44)  (16 : 19)  (17 : 16)  (18 : 16)  (19 : 10)  (20 : 14)  (21 : 10)  (22 : 8)  (23 : 4)  (24 : 3)  
