testCase Num: 43
regaular Num: 43
identify Num: 0
1 0 2 1 2 2 1 3 3 0 
1 1 1 1 0 1 1 1 1 1 
3 2 1 2 0 1 0 2 2 3 
1 0 3 2 2 1 3 2 2 1 
2 3 3 0 0 1 2 0 3 0 
3 2 1 0 3 3 2 0 1 1 
1 2 0 0 0 2 0 0 3 2 
1 3 1 0 1 0 0 3 1 1 
1 1 0 0 0 0 0 0 0 0 
0 1 2 2 3 0 1 2 3 0 
0 3 0 1 0 0 0 0 0 0 
2 1 1 0 2 3 3 1 0 2 
0 0 1 1 0 0 3 0 2 0 
0 1 2 3 0 2 0 0 1 2 
1 3 2 0 3 2 1 1 2 3 
3 1 0 1 1 3 1 0 2 1 
0 0 0 1 2 3 0 1 0 0 
2 0 3 1 3 3 0 2 1 2 
0 0 0 1 3 0 3 0 0 0 
3 3 2 2 1 1 0 1 0 2 
0 0 3 0 0 2 1 0 0 0 
0 1 0 3 0 0 0 0 0 3 
3 1 0 0 0 0 0 0 0 0 
0 0 0 0 0 0 0 0 0 0 
2 0 0 2 0 0 2 3 1 3 
0 2 0 0 0 2 0 0 3 2 
0 2 2 1 2 3 3 3 1 0 
0 2 3 1 1 0 2 1 0 3 
0 3 2 0 3 2 1 1 2 3 
2 3 1 0 2 0 3 2 0 2 
2 0 0 3 0 3 1 1 2 0 
1 2 0 3 3 1 1 3 0 2 
1 0 0 0 0 0 2 0 0 0 
1 0 3 0 0 2 1 0 0 0 
3 0 1 3 1 2 3 1 3 0 
2 1 1 0 2 0 3 2 0 2 
1 3 0 2 2 3 3 0 3 3 
0 0 0 0 3 0 3 0 0 0 
0 3 0 3 2 1 0 2 3 1 
0 0 1 0 0 0 3 2 0 0 
2 1 0 1 0 0 3 0 0 0 
2 2 2 2 1 2 2 2 0 1 
3 1 3 3 2 0 2 3 2 2 
MFS
[ 0 , - , - , 3 , - , 0 , - , - , - , - ]
[ 2 , 1 , - , 0 , - , - , - , - , - , - ]
[ 0 , 2 , - , 3 , - , - , - , - , - , - ]
[ 2 , 2 , - , 0 , - , - , - , - , - , - ]
[ 1 , 1 , - , 0 , - , - , - , - , - , - ]
[ 1 , 1 , 0 , - , - , - , - , - , - , - ]
[ 0 , 0 , - , 3 , - , - , - , - , - , - ]
[ 0 , - , - , 2 , - , - , - , - , - , - ]
[ 2 , 0 , - , 0 , - , - , - , - , - , - ]
[ 2 , 1 , - , 1 , - , - , - , - , - , - ]
[ 0 , 1 , - , 3 , - , - , - , - , - , - ]
[ 3 , - , 3 , - , - , - , - , - , - , - ]
[ 0 , - , - , 0 , - , - , - , - , - , - ]
[ - , - , 2 , 3 , - , - , - , - , - , - ]
[ - , - , 3 , 3 , - , - , - , - , - , - ]
[ - , - , - , 2 , - , - , - , - , - , 0 ]
[ - , - , - , 3 , - , - , - , - , - , 3 ]
precise
0.058823529411764705
recall
0.5
F-measure
0.10526315789473684
multi
0
time
all 153 iden 0 gen 153
t-cover
692
all-cover
720
coveredNum
(1 : 273)  (2 : 251)  (3 : 121)  (4 : 32)  (5 : 20)  (6 : 7)  (7 : 8)  (8 : 6)  (9 : 1)  (10 : 1)  
real Identify
([ 0 , - , - , 0 , - , - , - , - , - , - ] : 1)  
testCase Num: 42
regaular Num: 42
identify Num: 0
3 0 0 0 0 0 1 0 2 2 
3 3 1 2 2 0 0 3 3 1 
1 1 2 1 2 0 3 3 0 3 
1 3 3 0 3 0 1 2 2 3 
0 0 0 0 0 0 0 3 1 3 
2 0 0 2 2 3 1 0 2 0 
2 1 3 2 0 0 0 2 0 3 
0 0 1 0 0 3 0 1 0 0 
0 3 0 0 0 2 0 0 0 0 
2 2 2 2 2 2 2 2 0 2 
1 0 3 3 2 0 2 0 0 0 
1 0 1 0 3 0 0 0 1 0 
0 2 3 3 1 2 1 0 3 1 
0 0 0 2 3 0 0 0 0 0 
3 0 3 3 1 3 3 3 1 2 
0 1 0 2 1 3 0 0 1 3 
1 0 0 0 0 1 0 2 0 0 
0 3 1 3 1 0 3 2 0 0 
0 0 2 1 3 2 2 3 2 1 
0 1 1 2 0 3 1 0 1 3 
3 1 1 0 3 2 0 0 1 2 
0 0 0 0 0 0 0 0 0 0 
3 0 2 3 0 1 0 1 2 3 
3 0 0 0 0 0 2 0 0 0 
2 1 0 3 3 1 2 3 3 0 
3 1 1 0 3 2 3 0 2 2 
2 0 2 1 3 0 3 1 3 0 
0 0 0 0 0 1 0 2 0 0 
2 2 1 0 1 0 2 1 2 3 
1 3 0 0 0 2 0 0 0 0 
0 3 3 2 2 1 1 1 1 2 
1 3 2 1 1 0 0 0 1 2 
0 0 0 1 0 3 0 1 0 0 
1 0 2 0 0 3 1 3 3 2 
2 3 0 1 0 3 2 2 1 1 
1 2 0 0 2 1 3 0 3 1 
1 0 1 0 0 3 0 0 0 0 
1 1 1 1 1 1 1 1 0 1 
3 2 3 1 3 3 0 3 0 0 
3 0 0 2 1 2 0 2 3 3 
0 1 2 1 2 3 3 0 2 3 
1 2 0 2 0 2 3 1 1 0 
MFS
[ 0 , 3 , - , - , - , 2 , - , - , - , - ]
[ 0 , 1 , - , 1 , - , - , - , - , - , - ]
[ 0 , 1 , - , - , 2 , - , - , - , - , - ]
[ 0 , 0 , - , 0 , - , - , - , - , - , - ]
[ 0 , - , - , 0 , 0 , - , - , - , - , - ]
[ 2 , - , - , 3 , - , - , - , - , - , - ]
[ 0 , - , - , 2 , 0 , - , - , - , - , - ]
[ 0 , 0 , - , 3 , - , - , - , - , - , - ]
[ 0 , - , - , 3 , 0 , - , - , - , - , - ]
[ - , 1 , 3 , - , - , - , - , - , - , - ]
[ 0 , - , - , 0 , - , - , - , - , - , - ]
[ - , 1 , 2 , - , - , - , - , - , - , - ]
[ - , 1 , 1 , - , - , - , - , - , - , - ]
[ 1 , 1 , - , - , - , - , - , - , - , - ]
precise
0.07142857142857142
recall
0.5
F-measure
0.125
multi
0
time
all 147 iden 0 gen 131
t-cover
698
all-cover
720
coveredNum
(1 : 264)  (2 : 261)  (3 : 127)  (4 : 24)  (5 : 15)  (6 : 15)  (7 : 11)  (8 : 1)  (9 : 2)  
real Identify
([ 0 , - , - , 0 , - , - , - , - , - , - ] : 1)  
testCase Num: 44
regaular Num: 44
identify Num: 0
0 0 0 0 0 0 1 1 0 0 
0 3 3 0 2 0 2 1 1 3 
3 3 0 2 2 0 0 3 3 3 
0 0 0 0 0 0 0 3 1 0 
0 0 0 1 0 0 0 1 0 0 
0 1 2 1 3 3 2 0 0 1 
1 0 0 0 0 0 2 0 0 3 
1 3 2 1 0 1 1 3 3 1 
2 2 1 3 1 3 2 0 3 2 
3 0 0 1 2 0 0 0 2 2 
2 2 3 0 3 1 1 3 0 1 
2 3 1 0 1 0 0 3 2 1 
0 0 0 1 0 0 0 1 3 0 
0 1 1 1 0 1 1 1 1 0 
1 0 3 2 0 3 2 0 1 0 
1 0 0 0 2 3 1 2 3 3 
3 0 1 1 3 2 0 2 0 3 
0 3 3 1 2 0 2 1 1 0 
0 0 0 0 0 0 0 0 0 0 
2 0 0 2 3 2 3 1 1 1 
3 1 0 3 2 0 1 2 2 1 
0 0 0 1 0 0 0 3 1 0 
1 1 1 1 1 1 1 1 1 0 
1 2 0 1 3 0 3 2 2 2 
0 1 1 2 0 2 0 3 3 2 
0 0 0 3 0 2 0 0 0 0 
1 0 2 3 0 3 0 1 2 0 
2 2 2 2 2 2 2 2 2 0 
0 3 0 0 0 0 3 2 1 0 
0 1 1 1 1 1 1 1 1 0 
2 1 3 1 0 1 0 2 2 3 
0 2 1 3 2 1 3 0 0 3 
1 0 0 0 0 0 0 0 0 0 
3 3 3 3 3 3 3 3 3 0 
0 0 0 2 0 1 0 0 0 0 
0 0 0 1 0 0 0 0 2 0 
3 2 2 3 0 0 0 1 1 2 
1 3 3 2 1 2 1 0 0 2 
0 1 2 0 1 2 3 2 2 3 
1 3 1 0 0 0 3 2 0 0 
1 1 2 0 1 2 3 1 1 3 
0 0 0 1 1 0 0 2 1 0 
3 0 0 0 1 1 2 3 2 2 
0 0 0 0 0 0 0 1 3 0 
MFS
[ - , - , - , 1 , - , 3 , - , - , - , - ]
[ - , 1 , - , 3 , - , - , - , - , - , - ]
[ - , 1 , - , 2 , - , - , - , - , - , - ]
[ 0 , - , - , 0 , - , - , - , - , - , - ]
[ 2 , 1 , - , - , - , - , - , - , - , - ]
[ 0 , 1 , - , 2 , - , - , - , - , - , - ]
[ 1 , 1 , - , 0 , - , - , - , - , - , - ]
precise
0.14285714285714285
recall
0.5
F-measure
0.22222222222222224
multi
1
time
all 154 iden 0 gen 154
t-cover
701
all-cover
720
coveredNum
(1 : 304)  (2 : 229)  (3 : 97)  (4 : 39)  (5 : 16)  (6 : 6)  (7 : 8)  (8 : 10)  (9 : 2)  (10 : 4)  (11 : 4)  (13 : 1)  
real Identify
([ 0 , - , - , 0 , - , - , - , - , - , - ] : 1)  
testCase Num: 57
regaular Num: 57
identify Num: 0
3 1 0 0 3 2 3 3 3 2 
3 1 3 0 2 0 3 1 2 2 
0 3 0 0 0 0 1 0 0 3 
0 0 0 0 0 3 2 0 0 0 
1 1 0 0 0 0 0 1 2 3 
3 3 2 3 0 3 1 3 3 1 
1 3 0 0 0 0 0 0 0 3 
0 2 0 1 0 0 1 3 1 0 
0 0 2 1 1 3 3 3 2 0 
0 0 3 0 3 0 0 0 0 0 
3 1 3 0 0 2 3 1 2 2 
1 0 3 3 0 2 3 2 1 3 
0 1 3 3 0 0 2 2 0 2 
2 2 1 3 0 1 3 0 2 2 
0 0 0 0 0 0 0 0 0 0 
0 1 3 2 0 3 2 1 0 0 
1 1 1 1 1 1 1 1 1 0 
0 2 2 0 0 2 0 1 1 0 
0 0 0 0 0 1 0 2 0 0 
2 1 0 3 0 0 0 3 2 3 
2 2 3 0 1 0 1 0 3 3 
1 0 0 0 2 0 3 0 0 0 
0 1 0 1 0 0 1 0 3 0 
2 2 0 0 2 3 0 3 1 0 
1 0 1 0 3 3 0 2 2 2 
0 1 3 3 3 2 2 3 0 2 
3 1 2 2 2 1 0 0 1 1 
2 2 0 2 1 2 2 2 2 1 
0 3 0 1 2 2 1 2 0 2 
3 2 2 0 1 0 0 2 0 3 
1 3 3 0 1 1 0 3 0 1 
0 0 1 2 2 1 2 3 3 3 
0 3 0 3 3 1 3 1 0 1 
2 2 2 1 3 3 0 1 0 3 
0 0 0 0 0 1 1 2 0 0 
1 0 3 3 3 1 0 2 3 0 
1 0 0 3 1 0 1 1 3 2 
0 0 0 0 2 0 3 0 0 0 
3 1 3 2 2 3 1 1 2 0 
3 0 0 0 0 2 1 0 0 2 
0 1 3 0 3 2 2 2 3 0 
2 3 1 0 0 2 2 0 2 0 
2 1 0 2 3 0 1 3 2 3 
0 3 0 0 0 0 0 0 0 3 
0 2 2 0 3 2 2 3 1 2 
1 0 2 0 0 2 0 1 0 0 
3 1 0 3 3 2 0 2 3 0 
2 0 3 1 0 3 3 0 3 0 
1 2 0 3 2 0 2 0 0 0 
0 0 0 2 0 0 3 0 0 0 
1 0 0 0 0 3 2 0 0 0 
1 3 2 2 3 0 2 0 1 2 
1 0 0 0 0 2 0 0 3 0 
0 0 0 0 0 2 0 3 0 2 
3 0 1 1 3 0 2 0 0 1 
3 1 0 0 0 0 3 2 2 3 
3 1 0 0 0 0 1 0 0 0 
MFS
[ 3 , 0 , - , - , - , - , 0 , - , - , - ]
[ 0 , 1 , - , 2 , - , - , - , - , - , - ]
[ 1 , 1 , - , 0 , - , - , - , - , - , - ]
[ 0 , - , - , - , - , - , 0 , - , - , - ]
[ 0 , - , - , 3 , 0 , - , - , - , - , - ]
[ - , 1 , 1 , 3 , - , - , - , - , - , - ]
[ 0 , - , - , 0 , - , - , - , - , - , - ]
[ 2 , 1 , - , - , - , - , - , - , - , - ]
[ - , - , - , - , - , - , 2 , 1 , - , - ]
[ 3 , - , 0 , 3 , - , - , - , - , - , - ]
[ 3 , 1 , - , - , - , - , 0 , - , - , - ]
[ 3 , 1 , - , 0 , - , - , - , 3 , - , - ]
[ 0 , - , - , 1 , - , - , - , 0 , - , - ]
[ 3 , 1 , - , 0 , - , - , - , 2 , - , - ]
[ 3 , 3 , - , - , - , - , 0 , - , - , - ]
[ 3 , 1 , - , 3 , - , - , - , - , - , - ]
[ 2 , 1 , - , 3 , - , - , - , - , - , - ]
[ 3 , 1 , - , 2 , - , - , - , - , - , - ]
[ 3 , 1 , - , 1 , - , - , - , - , - , - ]
[ 3 , - , 3 , - , - , - , - , - , - , - ]
[ 1 , - , - , 1 , - , - , - , - , - , - ]
[ - , 1 , 2 , 3 , - , - , - , - , - , - ]
[ - , 1 , 0 , 3 , - , - , - , - , - , - ]
[ 1 , 1 , - , - , - , - , - , - , - , - ]
[ - , - , - , - , 3 , - , 1 , - , - , - ]
[ 3 , - , 3 , 0 , - , - , - , - , - , - ]
[ 3 , - , 3 , - , - , 0 , - , - , - , - ]
precise
0.037037037037037035
recall
0.5
F-measure
0.06896551724137931
multi
1
time
all 264 iden 0 gen 256
t-cover
692
all-cover
720
coveredNum
(1 : 269)  (2 : 236)  (3 : 132)  (4 : 35)  (5 : 18)  (6 : 9)  (7 : 10)  (8 : 10)  (9 : 1)  
real Identify
([ 0 , - , - , 0 , - , - , - , - , - , - ] : 1)  
testCase Num: 46
regaular Num: 46
identify Num: 0
0 2 2 2 3 3 1 0 0 1 
2 0 3 3 1 0 1 2 1 1 
2 2 2 0 1 1 0 0 1 3 
3 0 0 3 1 2 2 3 2 0 
1 1 1 1 0 1 1 1 1 1 
0 0 1 0 3 2 1 1 3 0 
3 1 2 2 2 3 0 3 0 0 
1 0 2 1 3 0 3 1 3 3 
1 3 0 0 0 3 0 2 0 1 
0 0 0 0 0 3 0 0 2 0 
0 0 1 1 0 0 0 2 0 0 
0 3 0 0 0 0 0 0 1 0 
3 3 1 2 1 0 0 1 0 2 
1 1 3 0 0 2 0 0 1 2 
3 3 3 3 0 3 3 3 3 3 
0 0 3 2 0 0 1 0 0 3 
2 1 2 1 2 3 1 3 0 0 
0 0 2 3 0 0 0 0 0 2 
3 1 1 3 1 3 0 1 2 0 
1 0 0 0 0 0 1 0 0 0 
3 1 0 0 3 3 2 1 1 0 
3 3 2 0 2 1 1 2 3 2 
2 0 0 1 0 0 0 3 0 0 
3 2 0 0 0 0 0 0 0 0 
3 1 2 1 2 3 0 3 0 0 
0 0 0 0 0 0 0 0 0 0 
0 1 3 3 2 2 0 1 2 3 
1 2 1 0 2 0 3 3 2 1 
0 1 0 1 1 0 2 2 2 3 
0 0 0 2 2 1 3 3 1 2 
1 2 3 3 3 1 2 2 0 0 
2 0 0 0 0 0 3 2 0 0 
3 1 1 1 0 1 1 1 1 1 
2 2 2 2 0 2 2 2 2 2 
2 2 0 1 3 3 0 1 3 2 
1 3 3 0 2 1 0 1 2 0 
2 0 0 0 3 0 1 3 0 0 
1 1 0 2 1 2 3 0 3 0 
3 3 0 1 3 2 1 0 2 1 
0 0 3 1 0 0 0 0 0 0 
1 3 0 0 0 0 0 0 1 0 
0 0 1 1 3 2 2 1 3 1 
0 0 1 0 1 3 2 2 3 1 
0 3 1 0 3 1 0 3 2 0 
0 0 1 0 0 0 2 2 3 1 
2 3 1 3 2 2 2 0 0 3 
MFS
[ 3 , - , 1 , 3 , - , - , - , - , - , - ]
[ 1 , - , - , 0 , - , - , - , - , - , 2 ]
[ - , 0 , - , - , - , 3 , - , - , - , - ]
[ 1 , - , - , 1 , 0 , - , - , - , - , - ]
[ 3 , - , - , 1 , - , 1 , - , - , - , - ]
[ 0 , 3 , - , - , - , - , - , - , - , - ]
[ 3 , 1 , - , 0 , - , - , - , - , - , - ]
[ 0 , 1 , - , - , - , - , - , - , - , - ]
[ 0 , - , - , 0 , - , - , - , - , - , - ]
[ - , - , - , 1 , 2 , - , - , - , - , - ]
[ 2 , 1 , - , - , - , - , - , - , - , - ]
[ 1 , 1 , - , - , - , - , - , - , - , - ]
[ 0 , 0 , 0 , - , - , 0 , - , - , - , - ]
precise
0.07692307692307693
recall
0.5
F-measure
0.13333333333333336
multi
0
time
all 169 iden 0 gen 153
t-cover
708
all-cover
720
coveredNum
(1 : 272)  (2 : 237)  (3 : 120)  (4 : 50)  (5 : 11)  (6 : 10)  (7 : 9)  (8 : 5)  (9 : 4)  (10 : 2)  
real Identify
([ 0 , - , - , 0 , - , - , - , - , - , - ] : 1)  
testCase Num: 51
regaular Num: 51
identify Num: 0
2 3 1 3 2 0 2 1 3 1 
0 0 0 1 1 0 1 0 0 0 
2 1 0 0 3 0 0 0 0 0 
1 1 1 0 1 1 1 1 1 1 
1 0 2 3 0 1 1 2 3 3 
3 2 1 1 0 0 1 3 1 0 
1 0 1 1 0 0 0 0 0 0 
0 0 0 0 0 1 2 0 0 0 
0 2 3 3 3 1 0 1 2 0 
0 3 2 2 1 3 0 3 1 3 
0 0 0 1 0 1 2 0 0 0 
0 1 3 0 0 0 0 0 0 0 
0 0 0 2 2 0 0 0 0 0 
2 2 3 0 2 1 1 3 0 3 
3 1 2 0 3 0 2 0 0 3 
2 0 1 2 3 0 3 1 2 3 
3 0 0 3 1 0 3 3 3 0 
0 0 0 0 0 0 0 3 2 0 
0 0 0 0 0 0 0 0 0 0 
3 0 0 0 0 0 2 1 0 0 
2 0 3 3 1 0 2 0 1 2 
1 2 0 3 3 2 2 3 0 1 
1 2 0 0 1 2 3 1 2 3 
1 0 3 1 2 2 0 2 1 1 
1 3 2 0 3 0 0 0 0 1 
3 3 0 1 2 1 0 1 3 2 
3 2 3 0 3 3 3 2 3 2 
2 1 0 3 0 3 1 1 2 2 
1 2 2 2 0 1 3 0 1 2 
0 3 0 0 3 0 0 0 3 0 
2 1 1 0 0 0 0 1 0 2 
3 1 2 0 3 0 2 1 1 3 
3 1 2 0 1 1 1 1 1 3 
3 0 2 1 0 0 0 1 0 0 
0 1 1 1 2 3 3 0 0 1 
0 0 0 1 0 0 0 3 2 0 
3 3 3 2 0 2 1 0 2 1 
1 0 0 0 0 0 2 0 3 3 
1 3 0 2 1 0 3 2 0 0 
3 1 1 0 1 1 1 2 0 1 
2 1 2 1 2 2 2 2 2 0 
0 0 0 1 1 0 0 0 0 3 
0 0 2 0 0 0 0 1 0 1 
0 0 1 0 0 0 0 2 0 0 
3 1 0 0 1 1 0 1 1 3 
1 1 1 1 3 0 0 0 3 0 
1 1 3 0 0 0 0 0 0 0 
0 0 0 1 3 3 1 2 1 0 
0 1 1 2 0 2 2 3 3 2 
1 0 0 0 0 3 2 0 0 0 
3 0 1 0 1 1 0 2 0 1 
MFS
[ 3 , - , 2 , 0 , - , - , - , - , - , - ]
[ 1 , - , - , - , 3 , - , - , - , 3 , - ]
[ 3 , 1 , 2 , - , 3 , - , - , 1 , - , - ]
[ 2 , 1 , - , 0 , - , - , - , - , - , - ]
[ 1 , 1 , - , 0 , - , - , - , - , - , - ]
[ 0 , 1 , - , 1 , - , - , - , - , - , - ]
[ 0 , - , - , 2 , - , - , 2 , - , - , - ]
[ 3 , - , - , 0 , - , - , - , 0 , - , - ]
[ 2 , 3 , - , 0 , - , - , - , - , - , - ]
[ 2 , - , - , - , - , 3 , - , - , - , - ]
[ 3 , 1 , 1 , - , - , - , - , - , - , - ]
[ 2 , - , - , 1 , - , - , 2 , - , - , - ]
[ 2 , - , - , - , - , - , - , - , - , 0 ]
[ - , - , - , 1 , - , - , 3 , - , - , - ]
[ 2 , 0 , - , 0 , - , - , - , - , - , - ]
[ 2 , - , - , 1 , - , - , - , - , - , - ]
[ - , 1 , - , 2 , - , - , - , - , - , - ]
[ 0 , - , - , 0 , - , - , - , - , - , - ]
[ 1 , - , 1 , 0 , - , - , - , - , - , - ]
precise
0.05263157894736842
recall
0.5
F-measure
0.09523809523809525
multi
1
time
all 178 iden 0 gen 178
t-cover
681
all-cover
720
coveredNum
(1 : 250)  (2 : 241)  (3 : 122)  (4 : 40)  (5 : 22)  (6 : 18)  (7 : 6)  (8 : 7)  (9 : 6)  (10 : 5)  (11 : 3)  
real Identify
([ 0 , - , - , 0 , - , - , - , - , - , - ] : 1)  
testCase Num: 41
regaular Num: 41
identify Num: 0
2 0 0 0 0 1 0 0 0 3 
2 0 1 3 0 2 3 3 1 2 
1 1 2 2 1 2 0 3 0 0 
1 0 1 0 0 0 0 2 0 0 
0 1 2 3 0 1 0 2 3 2 
3 2 0 2 1 3 2 2 1 0 
0 2 1 1 0 0 1 1 1 0 
0 2 0 1 2 2 0 3 2 0 
1 3 0 1 3 1 2 3 3 0 
1 0 0 0 0 0 0 0 3 2 
2 1 0 1 3 3 3 0 0 0 
0 0 0 3 0 0 0 0 0 1 
0 0 0 0 2 0 3 0 0 0 
1 1 3 2 3 2 0 2 1 3 
0 0 0 0 0 0 0 0 0 0 
2 2 2 2 2 1 1 2 0 2 
0 2 1 0 3 2 0 2 1 3 
3 0 1 2 3 1 1 0 2 1 
2 1 0 0 3 0 3 1 2 2 
3 1 3 3 2 2 2 0 2 3 
3 3 2 2 0 0 2 0 1 1 
0 2 3 2 0 3 3 1 3 1 
3 3 1 2 0 3 1 3 3 3 
3 3 3 1 1 1 3 2 0 1 
1 1 1 0 1 0 0 3 0 1 
0 1 2 3 0 1 1 2 3 0 
1 0 2 1 0 0 3 2 2 3 
0 0 1 3 2 3 2 1 0 0 
3 3 2 0 1 3 0 1 2 2 
1 0 0 0 2 0 3 0 0 0 
2 3 3 0 2 0 0 3 3 1 
1 1 1 1 1 0 1 1 1 1 
0 0 3 1 3 0 0 0 0 2 
1 0 0 0 0 3 0 0 0 0 
0 3 0 3 1 2 1 1 0 3 
1 2 2 3 3 0 2 0 0 2 
3 1 3 3 2 0 2 0 2 0 
1 0 3 0 2 1 1 1 1 0 
1 2 0 0 2 0 2 2 0 3 
3 0 2 0 0 2 0 3 0 0 
2 0 0 0 1 2 2 0 3 1 
MFS
[ - , 1 , - , - , 3 , - , - , - , - , - ]
[ - , 1 , - , - , 1 , - , 3 , - , - , - ]
[ 0 , - , - , 0 , - , - , - , - , - , - ]
[ - , 2 , 1 , 0 , - , - , - , - , - , - ]
[ 2 , 1 , - , 0 , - , - , - , - , - , - ]
[ - , 1 , - , - , 1 , - , 2 , - , - , - ]
[ 0 , 0 , - , 0 , - , - , - , - , - , - ]
[ - , 1 , - , - , 1 , - , 0 , - , - , - ]
[ - , 1 , - , - , 2 , 0 , - , - , - , - ]
precise
0.1111111111111111
recall
0.5
F-measure
0.1818181818181818
multi
0
time
all 137 iden 0 gen 121
t-cover
720
all-cover
720
coveredNum
(1 : 283)  (2 : 229)  (3 : 131)  (4 : 37)  (5 : 13)  (6 : 10)  (7 : 12)  (8 : 5)  
real Identify
([ 0 , - , - , 0 , - , - , - , - , - , - ] : 1)  
testCase Num: 49
regaular Num: 49
identify Num: 0
0 1 3 0 2 3 2 1 2 1 
1 0 0 2 0 3 3 0 1 3 
2 0 0 3 2 0 3 1 2 0 
2 3 0 2 0 0 1 3 3 1 
1 1 1 0 0 2 3 3 2 1 
0 0 0 3 0 0 0 0 0 0 
0 0 0 1 0 3 0 2 3 0 
2 1 2 3 3 3 0 2 0 1 
1 1 0 1 1 1 1 1 1 1 
0 0 0 0 3 0 0 3 0 0 
0 0 0 1 1 0 0 3 0 0 
0 0 0 0 0 0 0 0 0 0 
3 0 0 0 0 0 0 0 0 1 
1 0 3 1 2 2 0 3 3 2 
3 1 2 0 0 0 2 3 0 3 
2 1 3 0 1 3 2 1 3 0 
1 2 1 1 3 0 2 2 1 0 
3 2 0 3 0 3 2 3 1 3 
3 3 1 0 3 2 3 1 3 3 
2 0 0 0 1 0 0 0 0 0 
0 0 0 3 0 2 1 2 1 1 
2 0 2 0 0 1 3 2 1 2 
1 0 3 3 1 1 3 0 0 3 
2 2 3 1 0 2 2 0 0 1 
3 2 2 1 0 1 1 1 0 2 
0 1 2 3 3 3 1 0 3 1 
2 2 1 2 2 1 2 0 2 2 
0 0 1 0 1 3 2 3 3 0 
3 0 3 2 3 1 0 1 2 0 
1 2 2 0 1 0 0 0 1 3 
0 2 2 1 2 1 3 3 3 3 
0 3 2 2 1 2 1 2 2 0 
0 3 2 0 0 0 2 0 0 0 
0 1 3 3 2 1 0 3 0 0 
3 1 0 3 0 0 0 0 0 3 
3 1 3 2 1 0 3 0 0 3 
3 1 2 3 0 0 0 0 0 3 
1 3 0 0 0 0 2 0 0 0 
3 3 3 0 2 1 1 2 1 3 
0 1 2 3 3 3 2 0 3 1 
0 1 3 2 2 0 0 2 0 2 
0 0 1 1 2 3 2 1 2 1 
0 1 2 3 3 3 0 0 3 1 
0 1 0 3 3 0 1 0 3 2 
2 3 1 1 0 0 0 0 2 3 
1 3 1 3 1 3 1 0 0 2 
2 0 0 0 3 0 1 3 0 2 
0 0 0 1 0 3 0 0 0 0 
0 0 0 0 0 0 0 2 3 0 
MFS
[ 0 , - , - , 3 , 3 , - , 0 , - , - , - ]
[ 0 , - , - , 3 , 3 , - , 1 , - , - , - ]
[ 0 , 1 , - , - , - , - , - , 3 , - , - ]
[ 0 , - , - , 3 , 3 , - , 3 , - , - , - ]
[ - , 1 , 0 , 0 , - , - , - , - , - , - ]
[ 0 , 1 , - , 2 , - , - , - , - , - , - ]
[ - , 1 , - , - , - , - , - , 2 , - , - ]
[ 3 , 1 , 1 , - , - , - , - , - , - , - ]
[ - , 1 , - , - , - , - , - , 1 , - , - ]
[ 3 , 1 , 2 , - , - , - , - , - , - , - ]
[ - , 1 , 3 , - , - , - , - , - , - , - ]
[ 0 , - , - , 0 , - , - , - , - , - , - ]
[ 0 , 1 , 0 , - , - , 3 , - , - , - , - ]
[ - , 1 , 1 , - , - , - , - , - , - , - ]
[ 3 , 1 , 3 , - , - , - , - , - , - , - ]
[ 2 , 1 , - , - , - , - , - , - , - , - ]
[ 0 , 1 , 2 , - , - , 3 , 0 , - , - , - ]
[ 3 , 1 , 2 , - , - , - , - , 0 , - , - ]
[ 3 , 1 , 0 , - , - , - , - , 0 , - , - ]
[ - , 1 , - , - , - , - , - , 3 , - , - ]
[ 0 , 0 , - , 0 , - , - , - , - , - , - ]
[ 0 , 1 , - , - , 2 , - , - , - , - , - ]
[ 0 , 3 , - , - , - , - , 2 , - , - , - ]
[ 0 , 1 , - , - , 1 , - , - , - , - , - ]
[ 0 , 1 , - , - , 0 , - , - , - , - , - ]
[ 3 , 1 , - , 3 , - , - , - , - , - , - ]
[ 1 , - , - , - , - , - , - , 1 , - , - ]
[ 3 , - , - , - , 1 , - , - , - , - , - ]
[ - , 1 , 0 , 2 , - , - , - , - , - , - ]
[ 0 , 1 , - , - , 3 , - , 2 , - , - , - ]
[ - , 1 , 0 , 3 , - , - , - , - , - , - ]
[ 1 , 1 , - , - , - , - , - , - , - , - ]
[ 3 , 1 , 1 , - , - , - , - , 0 , - , - ]
[ 0 , 1 , 3 , - , - , 3 , - , - , - , - ]
[ 3 , 1 , 3 , - , - , - , - , 0 , - , - ]
[ 0 , 1 , 1 , - , - , 3 , - , - , - , - ]
[ 0 , - , 3 , 3 , - , - , - , - , - , - ]
[ 1 , - , - , - , - , - , - , - , 2 , - ]
precise
0.02631578947368421
recall
0.5
F-measure
0.05
multi
1
time
all 232 iden 0 gen 230
t-cover
702
all-cover
720
coveredNum
(1 : 261)  (2 : 243)  (3 : 123)  (4 : 53)  (5 : 14)  (6 : 12)  (7 : 8)  (8 : 4)  (9 : 1)  (10 : 1)  
real Identify
([ 0 , - , - , 0 , - , - , - , - , - , - ] : 1)  
testCase Num: 47
regaular Num: 47
identify Num: 0
2 1 1 0 1 1 0 1 3 3 
1 1 1 1 0 1 1 1 1 1 
3 0 0 1 2 1 0 0 0 1 
2 3 3 1 2 0 1 1 0 0 
0 1 0 3 2 3 1 1 2 1 
2 0 0 0 0 0 2 0 0 0 
0 3 0 0 0 2 0 0 2 0 
0 2 3 2 0 1 3 3 1 2 
0 1 1 2 1 0 0 1 0 0 
1 0 0 0 2 0 0 2 0 0 
0 3 1 0 0 2 0 0 0 0 
3 2 0 2 3 2 3 1 0 1 
2 3 2 3 0 0 0 2 1 1 
1 2 0 0 1 3 2 2 2 0 
0 0 1 0 0 3 3 0 0 0 
0 0 1 3 0 0 0 0 0 0 
0 3 1 1 0 2 0 0 1 0 
1 3 1 2 3 0 2 0 2 2 
3 2 0 3 0 0 1 3 3 2 
3 2 2 1 0 3 2 0 1 3 
2 0 0 0 3 3 1 3 1 2 
2 2 2 2 1 2 1 2 2 0 
0 0 3 0 0 0 0 0 2 0 
0 0 1 1 1 0 3 2 3 3 
1 1 2 0 2 2 3 0 3 0 
0 0 0 0 0 0 0 0 0 0 
2 3 0 3 3 1 3 0 2 3 
3 0 1 1 0 2 0 3 2 0 
0 0 2 2 3 1 0 3 3 0 
2 1 1 0 3 0 2 1 3 3 
0 1 1 0 0 0 0 3 0 0 
1 1 0 3 1 1 2 2 0 0 
1 0 0 0 0 1 2 0 0 0 
1 0 0 0 0 3 3 0 0 0 
0 3 3 0 3 0 0 2 1 0 
3 3 3 0 1 3 2 3 3 1 
3 1 3 1 3 0 0 2 2 2 
0 1 2 2 0 0 0 3 0 2 
1 0 3 3 1 2 1 0 1 3 
0 0 0 0 1 0 0 0 0 2 
1 0 3 0 3 0 0 2 2 0 
0 0 2 1 3 0 0 0 0 2 
3 1 3 0 1 1 0 2 0 2 
2 1 0 0 0 0 0 3 0 0 
1 2 1 2 2 3 0 3 0 3 
0 0 2 3 2 2 2 1 1 2 
0 2 0 0 2 3 3 2 1 0 
MFS
[ 2 , 1 , - , 0 , 3 , - , - , - , - , - ]
[ 1 , 1 , - , 0 , - , - , 3 , - , - , - ]
[ - , 1 , 2 , 2 , - , - , - , - , - , - ]
[ 0 , - , - , 0 , - , - , 0 , - , - , - ]
[ 2 , - , - , 0 , - , - , 0 , - , - , - ]
[ 3 , - , - , 0 , - , - , 0 , - , - , - ]
[ 0 , - , - , 0 , - , - , 3 , - , - , - ]
[ 0 , 1 , 2 , - , - , - , - , - , - , - ]
[ 1 , 1 , - , 3 , - , - , - , - , - , - ]
[ 2 , - , - , 0 , - , - , 3 , - , - , - ]
[ 3 , 1 , - , 0 , - , - , - , - , - , - ]
[ 3 , - , - , 0 , - , - , 3 , - , - , - ]
[ 0 , - , 0 , - , - , - , - , - , - , - ]
[ 0 , - , - , 0 , - , - , - , - , - , - ]
[ 1 , - , - , 1 , - , - , - , - , - , - ]
[ 1 , 1 , - , - , - , - , - , - , - , - ]
[ 1 , - , 2 , 0 , - , - , - , - , - , - ]
precise
0.058823529411764705
recall
0.5
F-measure
0.10526315789473684
multi
1
time
all 189 iden 0 gen 183
t-cover
659
all-cover
720
coveredNum
(1 : 279)  (2 : 233)  (3 : 129)  (4 : 39)  (5 : 16)  (6 : 10)  (7 : 9)  (8 : 5)  
real Identify
([ 0 , - , - , 0 , - , - , - , - , - , - ] : 1)  
testCase Num: 50
regaular Num: 50
identify Num: 0
0 1 3 3 1 1 3 1 1 2 
0 0 1 2 2 3 2 0 0 2 
3 0 0 0 0 0 3 0 0 2 
0 2 2 2 3 1 0 1 0 0 
1 0 0 2 0 0 3 0 0 0 
2 0 2 3 0 2 1 0 1 3 
2 2 0 1 1 3 0 3 1 0 
1 0 1 0 0 0 1 0 0 0 
2 2 3 0 3 1 1 0 0 1 
3 3 1 2 3 0 0 2 3 3 
2 0 1 3 2 1 3 3 3 0 
1 3 3 2 1 0 1 0 2 0 
0 0 0 0 0 0 0 0 0 0 
3 0 2 0 0 0 0 0 0 0 
2 0 2 1 3 0 2 3 2 1 
1 0 2 0 1 3 3 2 0 3 
3 0 0 0 2 1 2 1 2 1 
2 3 2 1 1 1 3 0 3 2 
3 1 3 3 1 0 3 0 0 2 
3 1 3 3 2 0 3 0 1 2 
0 0 1 0 0 0 1 0 0 0 
1 1 1 0 1 2 2 0 0 1 
0 1 0 1 1 0 3 0 2 3 
3 1 2 0 3 2 2 1 0 0 
1 2 0 3 3 2 3 3 0 1 
0 2 1 0 0 0 1 0 0 0 
3 0 3 0 1 2 0 2 1 0 
2 2 2 2 2 2 0 2 2 2 
0 1 0 2 0 0 0 3 1 1 
3 1 0 3 1 0 2 0 0 0 
1 3 1 0 0 2 2 3 3 2 
0 2 3 3 1 0 2 1 3 3 
2 1 1 3 0 3 0 1 2 0 
0 1 0 0 1 1 3 0 2 3 
0 1 0 0 1 2 2 0 0 0 
0 1 2 1 0 1 1 2 3 1 
0 0 0 0 3 0 0 0 0 2 
1 1 1 0 1 2 1 0 0 1 
0 1 0 2 0 1 3 1 2 3 
1 0 1 1 0 1 0 1 1 3 
1 1 1 1 1 1 3 1 1 1 
1 0 0 0 2 0 0 0 3 3 
0 3 0 3 3 3 2 2 1 1 
1 0 3 0 2 0 0 0 1 2 
3 0 0 3 0 0 2 0 0 0 
1 0 0 0 3 0 0 0 0 2 
1 1 1 1 1 1 0 1 1 1 
3 2 3 1 0 3 1 3 3 3 
3 1 0 2 1 0 2 0 0 1 
0 3 0 1 2 2 1 1 0 2 
MFS
[ 3 , - , 3 , 3 , 1 , - , - , - , - , - ]
[ 0 , 1 , - , - , - , - , 2 , 0 , - , - ]
[ 0 , 0 , 0 , - , - , - , - , - , - , - ]
[ 0 , - , - , 3 , - , - , 3 , - , - , - ]
[ - , 1 , - , - , - , - , 0 , 0 , - , - ]
[ - , 1 , - , - , - , - , - , - , - , 0 ]
[ - , 1 , - , 1 , - , - , 0 , - , - , 1 ]
[ - , 1 , - , - , - , - , 2 , - , - , - ]
[ - , 1 , - , - , 3 , - , - , - , - , - ]
[ 0 , 0 , - , 3 , - , - , - , - , - , - ]
[ - , 1 , - , - , - , - , 1 , - , - , - ]
[ - , 1 , - , - , 2 , - , - , - , - , - ]
[ - , 1 , - , 1 , - , - , 2 , - , - , 1 ]
[ - , 1 , - , - , - , - , 0 , - , - , - ]
[ - , 1 , - , - , 0 , - , - , - , - , - ]
[ 0 , - , - , 0 , - , - , - , - , - , - ]
[ 2 , 1 , - , - , - , - , - , - , - , - ]
[ - , - , - , 3 , - , - , 0 , - , - , - ]
[ 0 , - , 2 , 1 , - , - , - , - , - , - ]
[ - , 1 , - , - , - , 2 , - , - , - , 3 ]
[ - , 1 , - , 0 , - , - , 3 , - , - , - ]
[ 0 , 0 , - , 1 , - , - , - , - , - , - ]
[ - , 1 , - , - , - , - , 3 , 0 , - , - ]
[ - , 1 , - , 3 , - , - , 3 , - , 2 , - ]
[ 0 , 0 , - , 0 , - , - , - , - , - , - ]
[ - , 1 , - , 3 , - , - , 3 , - , 1 , - ]
[ - , 1 , - , - , - , - , 1 , 0 , - , - ]
[ - , 1 , - , 3 , - , - , 3 , - , 3 , - ]
[ 0 , 0 , 3 , - , - , - , - , - , - , - ]
[ 1 , - , - , 1 , - , - , 3 , - , - , - ]
[ - , 1 , - , 1 , - , - , 1 , - , - , 1 ]
[ 0 , 0 , 2 , - , - , - , - , - , - , - ]
[ 3 , 1 , - , 0 , - , - , - , - , - , - ]
[ - , 2 , 1 , - , - , - , - , - , - , - ]
[ - , 1 , - , 0 , - , - , - , 1 , - , - ]
[ - , 1 , - , - , - , 1 , - , - , - , 3 ]
[ - , 1 , - , 2 , - , - , - , 1 , - , - ]
[ - , 1 , - , - , - , 3 , - , - , - , 3 ]
[ - , 1 , - , 1 , - , - , 0 , 1 , - , - ]
precise
0.02564102564102564
recall
0.5
F-measure
0.048780487804878044
multi
2
time
all 253 iden 0 gen 253
t-cover
694
all-cover
720
coveredNum
(1 : 229)  (2 : 271)  (3 : 126)  (4 : 53)  (5 : 16)  (6 : 9)  (7 : 8)  (8 : 3)  (9 : 2)  (10 : 2)  (11 : 1)  
real Identify
([ 0 , - , - , 0 , - , - , - , - , - , - ] : 1)  
