testCase Num: 43
regaular Num: 43
identify Num: 0
0 0 1 3 0 1 3 3 0 1 
2 3 0 0 0 0 0 0 0 0 
0 2 3 3 2 2 1 3 0 0 
1 1 2 3 0 2 0 2 3 2 
0 0 2 1 0 0 0 0 0 1 
0 1 1 2 3 0 3 2 1 2 
0 0 0 0 1 2 3 0 0 0 
3 3 2 2 2 1 3 2 0 3 
1 3 0 0 0 0 0 0 0 0 
3 3 0 3 1 0 1 3 2 2 
1 2 2 0 1 3 1 2 3 3 
3 3 1 3 3 3 0 0 3 0 
0 0 0 1 3 0 1 1 0 0 
2 0 0 1 2 0 2 2 1 1 
3 2 0 0 0 0 0 0 0 0 
1 0 0 0 2 1 2 0 3 0 
0 0 3 0 0 0 0 2 0 0 
0 0 2 0 0 0 0 2 2 1 
0 0 2 3 3 1 2 1 2 0 
3 1 0 0 0 0 0 0 0 0 
0 0 0 0 0 0 0 0 2 3 
0 0 0 0 0 0 0 0 0 0 
0 3 0 1 1 2 3 0 2 3 
1 1 1 1 1 1 1 0 1 1 
0 2 2 0 1 3 1 2 3 3 
3 3 3 0 0 2 2 3 1 1 
1 1 0 2 2 3 0 3 2 0 
3 3 0 1 3 2 0 1 0 3 
1 2 2 3 0 0 0 3 1 3 
2 1 2 3 1 1 0 2 1 0 
0 0 0 2 0 0 0 0 3 0 
1 0 2 1 1 3 2 0 0 2 
1 1 3 2 1 0 2 1 0 3 
3 0 3 0 0 3 0 1 0 0 
0 0 3 1 0 0 0 2 2 1 
1 1 0 0 3 0 3 1 3 1 
2 2 1 0 2 2 2 1 2 2 
0 2 0 2 3 3 0 1 1 1 
0 3 0 0 2 1 2 0 3 0 
2 0 1 2 0 2 1 0 0 3 
0 2 3 1 0 1 3 0 2 2 
0 0 0 0 3 0 1 1 0 0 
2 0 3 1 3 3 3 3 3 0 
MFS
[ 0 , - , - , 0 , - , - , - , - , - , - ]
precise
1.0
recall
0.5
F-measure
0.6666666666666666
multi
0
time
all 390 iden 70 gen 315
t-cover
720
all-cover
720
coveredNum
(1 : 261)  (2 : 261)  (3 : 101)  (4 : 52)  (5 : 17)  (6 : 12)  (7 : 7)  (8 : 6)  (9 : 2)  (10 : 1)  
real Identify
([ 0 , - , - , 0 , - , - , - , - , - , - ] : 1)  
testCase Num: 37
regaular Num: 37
identify Num: 0
3 0 1 0 3 2 2 0 0 1 
3 1 3 3 2 2 1 2 2 0 
0 0 0 1 3 0 0 0 0 2 
2 0 1 1 0 3 3 3 1 0 
3 0 0 0 0 3 0 0 0 0 
3 2 0 3 1 2 3 3 3 3 
1 0 0 0 0 0 0 3 2 0 
2 0 0 0 0 0 0 1 0 0 
0 3 2 0 3 0 1 3 0 2 
1 3 3 0 2 3 3 1 0 2 
2 2 1 0 3 1 1 0 0 3 
0 0 3 1 1 1 1 0 3 0 
0 2 0 2 1 3 2 0 1 0 
0 0 2 1 0 0 0 0 3 0 
0 0 0 3 0 0 0 0 0 2 
2 0 2 2 1 1 2 2 2 2 
0 2 1 2 0 0 3 2 2 1 
0 3 0 3 3 0 0 1 2 3 
1 1 0 0 0 3 1 0 2 2 
1 2 2 2 0 2 2 1 3 0 
0 0 2 1 1 0 0 0 0 0 
0 0 0 0 0 0 0 0 0 0 
2 1 0 3 2 1 2 2 0 1 
1 0 2 3 3 3 3 2 1 3 
1 0 0 0 0 0 0 2 1 0 
3 0 3 1 3 1 0 1 2 0 
3 0 2 2 2 0 1 0 3 2 
0 2 1 1 2 2 0 2 1 2 
1 1 1 1 1 0 1 1 1 1 
0 3 3 0 1 1 0 3 3 0 
2 2 3 2 2 0 2 3 0 3 
2 3 1 3 0 2 0 2 3 3 
1 1 0 1 1 1 3 0 0 3 
1 3 2 0 1 1 1 3 3 2 
3 3 3 1 0 1 2 0 1 1 
0 1 2 2 3 3 0 3 3 1 
0 3 0 2 0 0 0 0 0 0 
MFS
[ 0 , - , - , 0 , - , - , - , - , - , - ]
precise
1.0
recall
0.5
F-measure
0.6666666666666666
multi
0
time
all 217 iden 4 gen 211
t-cover
720
all-cover
720
coveredNum
(1 : 293)  (2 : 227)  (3 : 124)  (4 : 32)  (5 : 13)  (6 : 12)  (7 : 8)  (8 : 8)  (9 : 3)  
real Identify
([ 0 , - , - , 0 , - , - , - , - , - , - ] : 1)  
testCase Num: 34
regaular Num: 34
identify Num: 0
1 2 3 0 3 3 2 2 0 3 
0 0 3 0 1 0 2 1 0 0 
1 3 0 0 2 0 0 3 0 0 
0 0 2 3 3 1 1 0 0 2 
1 0 0 3 2 2 0 3 2 3 
0 0 0 1 0 0 0 0 0 0 
2 1 3 3 2 0 0 0 1 3 
2 0 1 1 3 0 3 1 0 3 
0 2 0 1 1 2 0 3 2 1 
1 1 1 0 1 1 1 1 1 1 
0 3 1 3 0 2 2 2 1 3 
2 1 2 0 1 2 3 0 3 2 
2 2 2 2 0 1 1 3 1 0 
3 3 2 0 0 3 3 0 1 3 
1 2 0 3 2 3 3 1 3 0 
0 1 0 2 3 1 3 2 2 0 
0 0 3 1 1 0 0 0 0 3 
0 0 1 2 2 3 0 2 3 1 
0 0 0 0 0 0 0 0 0 0 
1 3 2 1 3 0 0 0 3 1 
3 3 2 1 1 2 1 1 0 0 
0 3 0 0 2 3 1 3 2 2 
3 1 1 2 2 0 2 3 0 0 
2 3 0 1 3 0 1 2 1 2 
2 0 2 1 2 1 2 2 2 2 
2 1 3 1 0 3 3 3 0 1 
3 0 0 0 0 1 2 0 3 3 
3 0 0 3 1 3 2 2 1 1 
3 0 3 2 3 2 1 3 3 3 
1 3 3 2 0 1 0 1 2 2 
0 0 3 1 0 0 2 1 0 0 
3 2 1 2 1 0 0 0 2 2 
0 0 0 0 1 0 0 0 0 3 
1 0 0 0 2 3 1 3 2 2 
MFS
[ 0 , - , - , 0 , - , - , - , - , - , - ]
precise
1.0
recall
0.5
F-measure
0.6666666666666666
multi
0
time
all 201 iden 3 gen 194
t-cover
720
all-cover
720
coveredNum
(1 : 312)  (2 : 242)  (3 : 125)  (4 : 29)  (5 : 8)  (6 : 4)  
real Identify
([ 0 , - , - , 0 , - , - , - , - , - , - ] : 1)  
testCase Num: 42
regaular Num: 42
identify Num: 0
1 3 2 0 0 3 0 1 2 2 
3 0 1 1 3 2 0 3 3 2 
0 0 0 0 0 0 3 3 0 0 
0 0 0 0 0 0 1 2 0 1 
0 1 3 0 1 2 2 0 1 3 
1 1 1 1 0 1 1 1 1 1 
1 1 0 0 2 0 0 0 0 0 
3 0 0 1 1 1 1 1 0 2 
1 2 0 0 1 0 1 3 2 3 
2 1 1 1 0 3 2 3 0 3 
1 0 0 2 2 3 2 2 1 3 
0 3 0 1 0 0 0 0 0 1 
3 3 2 1 1 0 3 2 3 3 
3 3 1 0 0 0 0 0 0 0 
0 0 2 3 0 0 2 1 0 2 
0 2 3 1 2 3 1 1 3 0 
0 2 1 3 0 2 3 2 2 0 
2 0 1 0 2 0 3 0 1 2 
1 2 0 0 3 1 3 0 3 1 
2 3 2 3 2 2 1 0 0 1 
0 0 0 0 0 0 0 0 0 0 
1 1 3 0 3 3 3 2 0 2 
0 0 0 0 3 0 0 0 2 0 
0 0 0 1 0 0 1 2 0 1 
2 1 0 3 3 2 0 1 3 3 
0 0 0 1 0 0 3 3 0 0 
0 3 2 2 3 1 2 3 1 0 
3 1 3 2 0 0 2 0 3 1 
0 0 0 0 0 1 0 0 0 3 
1 0 0 2 0 2 0 0 0 0 
0 1 0 0 2 0 0 0 0 0 
0 1 3 1 1 1 0 0 0 3 
1 0 3 0 0 2 2 0 1 0 
3 0 3 3 2 1 0 3 2 1 
3 0 0 2 0 0 3 1 0 0 
0 0 0 1 3 0 0 0 2 0 
3 2 3 3 1 3 0 0 1 1 
2 3 3 0 0 0 0 0 0 0 
2 2 1 2 1 2 2 0 2 2 
2 1 2 1 1 1 0 2 2 0 
1 2 2 2 3 0 1 1 0 0 
1 0 0 3 0 0 0 0 0 0 
MFS
[ 1 , - , 1 , - , - , - , - , - , - , - ]
[ 0 , - , - , 0 , - , - , - , - , - , - ]
[ 3 , 1 , - , - , - , - , - , - , - , - ]
precise
0.3333333333333333
recall
0.5
F-measure
0.4
multi
2
time
all 222 iden 4 gen 216
t-cover
720
all-cover
720
coveredNum
(1 : 276)  (2 : 239)  (3 : 115)  (4 : 41)  (5 : 18)  (6 : 12)  (7 : 7)  (8 : 8)  (9 : 2)  (10 : 2)  
real Identify
([ 0 , - , - , 0 , - , - , - , - , - , - ] : 1)  
testCase Num: 39
regaular Num: 39
identify Num: 0
3 1 1 3 3 3 0 0 2 0 
2 0 1 0 2 0 2 2 1 2 
1 1 1 1 0 1 1 1 1 1 
1 3 0 2 0 3 0 3 2 1 
0 1 2 0 1 2 2 0 1 1 
1 2 2 3 2 0 3 1 3 0 
0 0 0 3 1 0 1 2 2 0 
1 0 0 0 0 0 0 2 0 0 
0 3 0 3 3 3 3 2 1 3 
2 2 0 1 3 1 2 0 0 1 
2 1 1 2 2 0 3 3 0 3 
2 3 3 3 2 1 0 1 2 0 
2 2 2 1 0 3 1 0 3 3 
0 0 0 3 0 0 2 3 0 1 
3 0 3 1 0 0 3 2 0 1 
2 2 2 1 1 2 0 2 2 2 
0 0 0 1 0 0 3 0 2 0 
3 0 2 0 3 1 1 3 3 2 
0 3 0 3 0 2 1 1 0 2 
0 1 3 0 0 0 0 0 0 0 
3 3 3 2 2 2 2 0 3 1 
0 3 2 0 1 0 3 0 0 0 
1 0 0 0 0 1 0 0 0 3 
1 1 2 0 1 2 2 0 1 1 
0 2 3 2 1 1 1 3 1 0 
0 0 0 0 0 0 0 0 0 0 
0 3 1 1 1 2 2 3 3 0 
0 0 0 1 0 2 0 0 0 3 
1 0 3 2 3 2 3 0 0 2 
0 0 0 0 0 1 0 0 0 3 
3 1 0 2 1 1 3 2 3 2 
1 3 2 0 1 0 3 0 0 0 
1 0 3 0 1 3 2 1 2 3 
0 1 3 1 0 0 0 0 0 0 
0 0 2 2 0 0 0 1 3 0 
0 0 0 1 2 3 1 0 0 2 
3 2 1 0 3 0 0 1 1 3 
0 0 0 0 0 2 0 0 0 3 
0 0 0 0 0 0 3 0 2 0 
MFS
[ 0 , - , - , 0 , - , - , - , - , - , - ]
[ 1 , 1 , - , 0 , - , - , - , - , - , - ]
precise
0.5
recall
0.5
F-measure
0.5
multi
2
time
all 201 iden 2 gen 196
t-cover
720
all-cover
720
coveredNum
(1 : 286)  (2 : 266)  (3 : 106)  (4 : 33)  (5 : 11)  (6 : 8)  (7 : 10)  
real Identify
([ 0 , - , - , 0 , - , - , - , - , - , - ] : 1)  
testCase Num: 32
regaular Num: 32
identify Num: 0
1 1 1 2 0 3 1 3 3 3 
1 0 3 3 3 2 1 3 2 0 
1 3 2 1 0 2 3 0 2 1 
1 0 1 1 2 0 2 2 1 2 
2 0 3 1 1 3 3 0 0 2 
0 2 0 3 3 3 1 2 1 1 
3 2 1 1 1 2 1 0 3 0 
2 2 2 2 0 2 2 1 1 2 
2 3 1 3 1 0 2 2 2 0 
2 3 1 0 3 1 0 2 3 2 
3 3 2 3 2 3 3 2 0 3 
0 2 0 0 0 3 3 3 1 0 
0 0 1 2 1 1 3 0 1 3 
0 0 2 1 0 0 1 0 0 0 
1 2 0 0 1 3 0 1 2 3 
1 0 0 0 0 0 3 0 0 0 
3 2 3 1 3 0 2 0 3 1 
3 1 3 0 0 2 0 2 1 1 
3 0 0 0 2 2 1 1 3 2 
0 1 2 3 3 0 3 1 3 0 
0 0 0 0 0 0 0 0 0 0 
0 1 0 1 2 3 2 3 2 2 
3 2 3 2 2 1 0 3 0 0 
0 3 3 1 3 2 2 1 0 3 
2 3 0 2 2 0 1 3 1 1 
1 1 1 1 1 1 1 1 0 1 
3 0 2 0 1 1 2 3 2 1 
2 1 2 3 0 1 0 0 0 2 
0 0 2 0 0 0 1 0 0 0 
0 2 0 1 0 3 3 3 1 0 
2 0 0 2 3 0 0 2 2 3 
0 0 0 1 2 1 0 0 0 0 
MFS
[ 0 , - , - , 0 , - , - , - , - , - , - ]
precise
1.0
recall
0.5
F-measure
0.6666666666666666
multi
0
time
all 178 iden 2 gen 174
t-cover
720
all-cover
720
coveredNum
(1 : 308)  (2 : 270)  (3 : 116)  (4 : 21)  (5 : 4)  (6 : 1)  
real Identify
([ 0 , - , - , 0 , - , - , - , - , - , - ] : 1)  
testCase Num: 37
regaular Num: 37
identify Num: 0
3 0 0 0 0 0 3 0 2 0 
0 1 3 0 0 1 0 0 0 0 
0 0 0 3 2 3 2 0 1 0 
1 1 2 0 0 0 2 2 1 1 
2 3 1 2 0 0 1 1 3 3 
0 3 1 0 3 0 1 3 2 1 
2 2 3 0 2 0 3 1 1 2 
0 0 0 1 0 3 1 0 0 0 
3 1 2 1 2 2 0 3 0 3 
3 0 1 0 1 2 0 1 3 1 
0 2 1 1 0 0 0 0 0 0 
1 2 2 3 0 1 2 1 2 3 
2 0 2 2 2 2 1 2 2 1 
0 2 1 0 3 0 0 0 0 0 
1 3 1 3 2 3 3 2 3 0 
0 0 0 0 0 0 0 0 0 0 
3 2 3 1 0 3 2 3 3 1 
1 3 1 3 3 2 2 0 0 2 
1 1 1 1 1 1 1 1 1 0 
3 3 0 2 3 1 0 2 1 3 
0 2 3 2 1 2 2 2 0 0 
0 0 0 1 3 1 3 1 3 2 
0 0 0 0 0 3 1 0 0 0 
2 1 0 3 1 3 0 3 2 2 
1 2 0 0 3 0 0 0 0 0 
1 0 0 2 0 2 3 3 1 2 
0 1 3 1 0 0 0 0 0 0 
3 0 3 3 1 0 1 0 2 0 
0 3 3 0 0 0 0 0 0 0 
0 1 2 2 1 3 3 0 3 3 
2 1 2 0 3 1 2 3 0 0 
0 0 0 3 0 0 3 0 0 1 
0 3 1 1 3 0 1 3 2 1 
1 0 3 0 3 3 0 1 0 3 
1 3 3 0 0 1 1 0 0 0 
3 3 2 1 1 0 1 2 2 2 
2 2 0 1 2 1 1 0 0 1 
MFS
[ 0 , - , - , 0 , - , - , - , - , - , - ]
precise
1.0
recall
0.5
F-measure
0.6666666666666666
multi
1
time
all 199 iden 2 gen 193
t-cover
720
all-cover
720
coveredNum
(1 : 303)  (2 : 246)  (3 : 116)  (4 : 36)  (5 : 10)  (6 : 6)  (7 : 1)  (8 : 2)  
real Identify
([ 0 , - , - , 0 , - , - , - , - , - , - ] : 1)  
testCase Num: 38
regaular Num: 38
identify Num: 0
0 0 0 0 3 2 0 0 0 0 
1 0 0 3 2 1 3 1 3 2 
0 2 0 0 0 0 0 0 1 0 
3 2 0 2 1 0 1 2 3 3 
0 1 1 2 3 0 2 1 2 2 
3 0 1 2 3 3 0 3 3 0 
2 2 1 1 0 3 3 0 2 0 
1 0 0 1 1 3 2 0 1 3 
3 0 3 0 0 1 0 0 2 3 
1 0 0 0 0 0 3 2 0 1 
1 2 0 0 0 2 1 3 0 0 
0 1 2 0 0 3 1 2 1 2 
0 3 0 1 0 0 0 0 2 0 
2 0 2 2 2 2 1 2 2 1 
1 3 3 2 0 1 0 0 1 1 
0 0 2 3 0 0 0 0 0 0 
3 2 3 3 0 3 2 1 3 1 
2 1 0 3 1 2 0 1 2 3 
3 3 2 2 0 0 3 1 0 3 
1 0 0 0 3 2 0 0 0 0 
1 2 2 0 3 1 2 3 2 3 
0 0 1 3 3 1 1 0 3 1 
0 1 3 1 1 2 3 3 0 1 
0 0 0 0 0 0 0 0 0 0 
2 3 3 3 3 1 1 2 0 0 
1 1 1 1 1 1 1 1 1 0 
3 1 2 1 1 2 0 0 3 2 
2 3 2 0 1 2 2 1 3 0 
0 3 1 1 2 3 2 2 0 3 
1 0 0 1 3 0 0 2 0 1 
0 3 0 0 0 0 0 0 2 0 
2 3 0 3 3 0 3 3 1 2 
0 2 0 1 0 0 0 0 1 0 
3 1 1 0 2 2 2 0 1 0 
0 1 3 0 1 2 3 3 0 1 
0 0 0 0 0 0 3 2 0 0 
0 2 3 1 2 0 0 3 0 2 
1 1 2 0 0 3 1 2 1 2 
MFS
[ 0 , - , - , 0 , - , - , - , - , - , - ]
precise
1.0
recall
0.5
F-measure
0.6666666666666666
multi
2
time
all 232 iden 2 gen 225
t-cover
720
all-cover
720
coveredNum
(1 : 296)  (2 : 255)  (3 : 113)  (4 : 35)  (5 : 16)  (6 : 4)  (7 : 1)  
real Identify
([ 0 , - , - , 0 , - , - , - , - , - , - ] : 1)  
testCase Num: 39
regaular Num: 39
identify Num: 0
0 0 0 0 0 0 1 2 0 0 
0 3 0 3 3 0 2 0 1 1 
0 0 0 0 0 0 3 3 0 0 
0 0 0 0 3 2 0 0 0 0 
2 2 0 1 0 0 0 3 1 2 
0 3 1 0 1 3 1 3 0 3 
3 0 1 1 3 1 1 1 2 0 
2 1 2 0 2 1 3 0 1 2 
0 1 1 3 0 1 2 3 3 0 
3 1 3 1 2 2 2 0 3 1 
2 3 3 0 3 1 0 1 3 3 
3 0 3 2 2 0 1 3 2 0 
1 2 0 0 0 0 0 0 3 0 
1 0 2 1 1 0 2 1 3 2 
0 0 0 0 2 0 3 1 0 3 
3 1 2 3 1 3 0 0 2 3 
1 3 2 2 0 3 1 1 3 3 
1 2 3 0 1 2 3 2 2 0 
1 1 0 1 1 1 1 1 1 1 
0 2 3 3 0 2 1 1 0 2 
3 0 0 2 0 1 0 2 1 1 
2 1 1 2 3 0 3 2 0 1 
3 2 0 0 2 1 2 2 0 3 
0 3 0 2 0 2 0 3 2 1 
0 0 0 0 0 0 0 0 0 0 
2 0 2 1 0 0 0 0 0 0 
0 0 0 1 3 2 0 0 0 0 
0 0 2 1 0 2 3 2 1 3 
1 0 0 0 0 0 1 2 0 0 
2 0 3 3 3 3 1 0 1 2 
1 0 1 0 0 0 1 3 0 3 
0 0 0 1 2 0 3 1 0 0 
3 3 0 3 2 3 3 2 3 2 
1 3 1 1 2 3 0 0 1 0 
0 3 0 1 1 3 3 3 0 0 
0 2 0 0 0 0 0 0 3 0 
2 2 1 2 1 2 2 0 2 2 
1 2 2 0 3 3 2 3 0 1 
1 0 0 3 0 0 0 0 0 0 
MFS
[ 0 , - , - , 0 , - , - , - , - , - , - ]
precise
1.0
recall
0.5
F-measure
0.6666666666666666
multi
0
time
all 206 iden 2 gen 201
t-cover
720
all-cover
720
coveredNum
(1 : 285)  (2 : 262)  (3 : 108)  (4 : 36)  (5 : 12)  (6 : 15)  (7 : 2)  
real Identify
([ 0 , - , - , 0 , - , - , - , - , - , - ] : 1)  
testCase Num: 42
regaular Num: 42
identify Num: 0
3 0 3 3 2 2 3 1 2 2 
2 1 2 2 0 2 1 0 0 2 
1 0 2 1 2 0 2 3 3 2 
1 2 3 1 0 2 2 0 3 3 
3 3 1 2 3 0 3 0 1 3 
0 1 1 2 0 0 3 2 3 0 
1 3 3 0 0 1 2 2 1 2 
2 0 3 0 0 0 0 0 0 0 
3 0 0 1 0 3 1 0 0 0 
1 3 2 3 1 3 0 0 2 0 
1 0 2 0 0 0 3 1 0 3 
0 3 2 0 3 2 2 1 1 0 
2 0 0 1 3 1 3 0 1 1 
1 1 1 0 2 2 0 2 0 3 
2 0 0 2 1 2 0 1 3 3 
1 3 0 1 2 1 3 2 0 1 
0 1 3 1 0 1 0 3 2 3 
2 3 0 3 3 3 1 3 3 3 
0 0 1 0 0 0 2 0 0 0 
2 2 2 2 1 0 2 2 2 1 
1 0 0 0 1 0 0 0 0 2 
0 0 0 0 0 0 0 0 0 0 
0 0 0 0 3 0 0 0 2 2 
0 2 1 2 2 3 0 3 1 2 
0 0 0 1 0 2 0 3 0 1 
0 0 0 3 0 1 0 0 0 0 
1 1 1 1 1 1 1 1 1 0 
0 1 1 0 2 2 0 2 0 3 
3 1 2 0 3 1 0 2 3 1 
2 2 1 0 2 1 1 0 2 0 
0 3 2 1 3 2 2 1 1 0 
0 2 0 3 1 0 0 0 2 0 
3 2 3 0 1 3 3 3 0 0 
0 0 0 0 1 0 0 0 0 2 
1 0 0 0 3 0 0 0 2 2 
0 0 1 1 0 0 2 0 0 0 
0 0 0 2 0 1 0 0 0 0 
0 0 1 3 0 3 1 2 1 1 
3 1 0 3 0 3 2 1 0 2 
0 0 2 0 0 0 3 0 0 3 
0 0 0 0 0 2 0 3 0 1 
1 2 3 2 3 0 1 1 0 1 
MFS
[ 0 , - , - , 0 , - , - , - , - , - , - ]
precise
1.0
recall
0.5
F-measure
0.6666666666666666
multi
1
time
all 223 iden 2 gen 217
t-cover
720
all-cover
720
coveredNum
(1 : 263)  (2 : 256)  (3 : 124)  (4 : 43)  (5 : 13)  (6 : 7)  (7 : 8)  (8 : 5)  (9 : 1)  
real Identify
([ 0 , - , - , 0 , - , - , - , - , - , - ] : 1)  
