testCase Num: 68
regaular Num: 18
identify Num: 50
0 1 1 1 1 0 0 0 1 1 
0 3 2 0 2 1 2 1 1 3 
3 0 2 2 1 3 0 0 1 2 
0 0 0 1 0 0 2 2 0 2 
0 1 1 1 0 0 0 0 0 0 
3 1 3 0 1 2 2 0 3 1 
2 0 2 1 2 0 3 0 2 1 
1 2 2 0 0 2 0 2 3 0 
1 3 2 3 3 3 1 3 2 1 
0 0 0 1 0 1 0 0 2 0 
0 2 0 2 2 2 1 1 0 2 
0 2 2 2 2 0 0 0 2 0 
3 1 1 3 2 2 2 2 2 2 
1 1 3 2 0 0 1 3 1 1 
3 1 3 0 0 2 2 1 1 2 
0 0 0 0 0 0 0 0 0 0 
0 1 1 1 1 0 0 0 0 0 
3 1 0 2 2 3 2 2 1 2 
0 1 1 0 0 0 0 0 0 0 
3 1 3 2 2 2 2 2 1 2 
0 3 3 3 0 0 0 0 0 0 
3 1 3 0 0 1 2 2 1 2 
0 1 1 1 1 1 0 0 0 0 
3 1 2 1 2 2 2 2 0 2 
0 3 3 0 0 0 0 0 0 0 
0 3 3 0 3 2 0 0 0 0 
3 1 0 0 2 2 2 2 1 2 
1 0 0 0 0 1 1 1 0 1 
3 1 0 3 2 2 2 2 1 2 
3 0 3 0 2 2 2 2 1 2 
0 1 1 1 1 0 0 0 1 0 
3 1 3 0 0 2 2 1 2 2 
3 1 3 0 0 2 2 1 2 3 
2 2 3 0 1 3 3 3 1 3 
0 0 0 1 0 0 0 0 0 3 
0 2 3 1 3 0 0 0 3 0 
0 3 3 0 3 0 0 0 0 0 
0 2 1 0 1 3 3 3 2 3 
3 2 1 3 1 0 2 2 2 1 
0 3 3 0 3 2 2 2 3 0 
0 3 3 0 3 2 2 2 3 2 
3 1 0 2 2 2 2 3 1 2 
2 2 2 2 0 1 1 1 3 3 
3 1 3 0 0 2 2 2 1 2 
1 3 1 2 2 1 3 2 1 2 
2 1 3 0 2 2 2 2 1 2 
0 1 1 1 1 0 0 1 0 0 
3 3 1 0 1 2 1 2 3 1 
0 1 0 0 0 0 0 0 0 0 
2 0 0 3 0 0 0 0 0 0 
0 0 0 3 3 1 0 3 0 3 
3 1 0 2 3 2 2 2 1 2 
0 3 0 0 0 0 0 0 0 0 
0 3 3 0 3 2 2 0 0 0 
3 1 3 0 2 2 2 2 1 2 
3 1 0 1 2 2 2 2 2 2 
0 3 3 0 3 2 2 2 0 0 
1 3 0 1 1 2 2 0 2 3 
1 0 0 0 0 0 0 0 0 0 
3 1 0 2 2 2 3 2 1 2 
3 1 1 0 2 2 2 2 1 2 
0 0 1 1 0 3 3 3 3 3 
3 1 0 3 2 2 2 2 3 3 
3 1 3 0 3 2 2 3 0 0 
3 1 0 3 2 2 2 2 3 2 
0 1 1 1 1 0 1 0 0 0 
3 1 3 0 0 2 1 2 1 2 
2 3 1 3 3 3 3 1 0 0 
MFS
[ 0 , - , - , 0 , - , - , - , - , - , - ]
[ 3 , 1 , - , - , 2 , 2 , 2 , 2 , - , 2 ]
precise
0.5
recall
0.5
F-measure
0.5
multi
0
time
all 832 iden 601 gen 162
t-cover
689
all-cover
720
coveredNum
(1 : 222)  (2 : 196)  (3 : 114)  (4 : 39)  (5 : 24)  (6 : 10)  (7 : 11)  (8 : 18)  (9 : 18)  (10 : 12)  (11 : 9)  (12 : 8)  (13 : 8)  (14 : 9)  (15 : 3)  (16 : 3)  (17 : 2)  (18 : 6)  (19 : 5)  (20 : 2)  (21 : 1)  
real Identify
([ 0 , - , - , 0 , - , - , - , - , - , - ] : 1)  
wrong Checked
4
wrong identified
1
testCase Num: 83
regaular Num: 22
identify Num: 61
0 1 1 0 1 0 0 0 0 0 
2 2 0 0 3 0 1 2 3 3 
0 1 0 1 0 0 0 0 0 1 
0 1 1 0 1 1 0 0 0 0 
0 1 0 1 0 0 0 0 0 0 
3 0 2 1 2 0 3 1 1 3 
1 1 1 3 3 1 0 2 2 3 
0 1 1 1 0 0 0 0 0 0 
0 1 0 2 0 0 0 0 1 0 
1 1 1 3 3 1 3 2 1 3 
0 2 1 1 0 0 2 1 2 1 
1 1 0 1 1 3 0 1 1 3 
1 1 0 1 0 2 1 1 1 3 
1 3 0 0 0 0 0 0 0 0 
2 1 1 2 1 1 1 1 1 0 
1 1 2 1 3 1 0 3 3 1 
0 3 3 0 3 3 3 3 3 3 
1 1 1 3 3 2 3 2 1 3 
0 0 0 0 0 0 0 0 0 0 
1 1 3 1 1 1 3 2 1 3 
1 1 1 0 3 1 2 2 0 1 
1 1 2 1 3 1 0 3 3 3 
1 1 2 1 3 1 0 2 1 3 
0 1 1 0 0 0 0 0 0 0 
0 1 1 0 1 1 1 1 0 0 
1 1 1 3 3 1 0 2 1 3 
1 1 1 3 3 1 0 0 1 3 
1 1 3 1 1 0 2 3 1 3 
1 1 3 2 2 3 2 0 3 1 
1 0 0 1 0 0 0 0 0 0 
1 1 3 1 1 0 3 2 1 3 
1 1 3 1 1 0 1 3 1 1 
0 1 0 2 0 0 0 0 0 0 
3 0 1 2 0 3 0 3 3 0 
0 1 1 0 1 1 1 1 1 0 
2 0 0 0 0 0 0 3 0 0 
0 1 0 2 0 0 0 0 0 1 
3 0 2 3 1 2 2 2 2 1 
1 1 2 1 3 1 0 0 2 3 
1 1 2 1 3 1 3 2 1 3 
0 0 3 2 1 2 1 0 2 2 
1 1 0 1 3 1 3 2 1 3 
3 0 0 0 2 2 1 3 0 1 
0 1 0 2 1 0 0 0 0 0 
0 1 0 2 0 1 0 0 0 0 
3 2 3 0 1 2 3 0 0 0 
0 0 0 1 0 0 0 0 0 0 
1 1 2 1 3 1 0 3 0 3 
0 1 1 0 1 1 1 1 1 1 
2 3 2 1 1 3 1 0 0 2 
1 1 1 3 3 1 0 2 0 2 
1 1 3 1 1 0 1 2 1 3 
1 1 2 1 2 1 3 2 1 3 
1 1 3 3 3 1 1 2 2 0 
0 1 0 2 0 0 1 0 0 0 
0 1 1 0 1 1 1 0 0 0 
1 1 1 3 0 1 3 2 1 3 
2 3 0 3 0 0 2 1 3 2 
1 1 0 2 3 1 2 2 2 0 
0 3 3 2 3 2 0 1 0 3 
1 1 3 0 3 1 3 2 1 3 
0 1 0 3 0 0 0 0 0 1 
1 1 2 1 3 3 3 2 1 3 
1 1 2 0 3 1 3 2 1 3 
3 3 3 0 0 1 3 3 2 2 
1 2 2 2 0 0 0 0 0 0 
0 1 0 0 0 0 0 0 0 0 
3 1 2 1 3 1 3 2 1 3 
1 1 2 1 3 1 0 3 1 3 
1 0 1 1 1 1 1 1 1 0 
2 0 3 0 2 3 0 1 2 0 
1 1 3 1 1 0 1 3 3 3 
0 2 2 0 2 2 2 2 2 2 
1 1 0 1 0 0 0 0 0 0 
1 0 0 0 0 0 0 0 0 0 
0 2 0 3 2 3 3 3 1 2 
2 3 1 0 2 2 3 2 1 1 
0 1 0 2 0 0 0 1 0 0 
1 0 0 0 0 2 0 0 3 0 
0 2 2 2 3 1 3 2 3 0 
1 1 1 1 3 1 3 2 1 3 
1 1 3 1 3 1 3 2 1 3 
1 0 2 1 3 1 3 2 1 3 
MFS
[ 0 , - , - , 0 , - , - , - , - , - , - ]
[ 1 , 1 , 2 , 1 , 3 , 1 , - , - , - , 3 ]
[ 0 , 1 , 0 , - , 0 , 0 , 0 , 0 , 0 , - ]
precise
0.3333333333333333
recall
0.5
F-measure
0.4
multi
0
time
all 585 iden 386 gen 115
t-cover
695
all-cover
720
coveredNum
(1 : 174)  (2 : 168)  (3 : 113)  (4 : 69)  (5 : 29)  (6 : 31)  (7 : 27)  (8 : 16)  (9 : 7)  (10 : 10)  (11 : 13)  (12 : 8)  (13 : 12)  (14 : 5)  (15 : 4)  (16 : 2)  (17 : 2)  (18 : 2)  (19 : 2)  (20 : 1)  (21 : 1)  (22 : 3)  (24 : 4)  (25 : 2)  (26 : 3)  (27 : 2)  (28 : 4)  (30 : 3)  (31 : 1)  (32 : 1)  (35 : 1)  
real Identify
([ 0 , - , - , 0 , - , - , - , - , - , - ] : 1)  
wrong Checked
5
wrong identified
2
testCase Num: 83
regaular Num: 22
identify Num: 63
3 3 1 2 3 3 0 3 3 0 
0 1 3 3 3 0 2 2 3 0 
0 1 1 0 1 0 0 0 0 0 
0 1 3 3 3 3 2 2 0 0 
0 1 3 3 3 3 2 2 0 1 
0 1 1 0 1 1 0 0 0 0 
2 3 3 1 0 2 3 3 1 1 
0 1 1 1 0 0 0 0 0 0 
2 1 2 0 1 0 1 3 2 1 
3 0 0 2 2 0 0 0 1 0 
1 1 2 0 1 0 0 2 2 2 
1 1 2 0 1 0 0 0 2 2 
0 3 3 0 3 3 3 3 3 3 
0 0 3 3 3 3 2 2 3 0 
1 1 2 0 1 0 2 1 2 0 
1 1 2 0 1 0 0 0 2 0 
0 3 2 1 1 3 0 3 0 1 
0 2 3 1 1 2 0 2 1 2 
0 0 0 0 0 0 0 0 0 0 
2 0 1 0 2 2 2 3 3 2 
0 1 3 3 3 3 0 2 3 0 
1 2 2 1 0 2 3 0 3 1 
0 1 3 3 3 3 2 2 1 0 
0 1 1 0 0 0 0 0 0 0 
1 1 2 0 2 0 1 3 2 1 
0 1 1 0 1 1 1 1 0 0 
1 0 0 1 0 0 0 0 0 0 
1 3 3 2 2 0 0 1 3 3 
1 1 3 3 3 3 2 2 3 0 
0 1 1 0 1 1 1 1 1 0 
1 1 2 0 1 0 1 2 2 2 
1 1 1 0 1 0 1 3 2 1 
1 1 2 0 1 0 1 2 2 0 
1 1 2 0 1 0 1 0 2 2 
0 1 3 3 3 3 2 2 2 0 
1 1 2 0 1 0 3 1 2 3 
1 1 2 0 1 0 3 3 2 1 
1 1 2 0 1 0 1 2 2 1 
1 1 2 0 1 0 1 0 2 3 
1 1 2 0 1 0 1 0 2 0 
1 1 2 0 1 0 1 0 2 1 
1 0 2 0 1 0 1 3 2 1 
1 2 0 1 3 3 2 3 1 1 
3 1 0 2 1 2 3 2 0 2 
2 3 0 3 0 1 0 0 0 2 
0 1 1 0 1 1 1 1 1 1 
0 0 1 1 3 1 3 1 0 0 
0 0 0 2 0 2 2 3 2 3 
2 2 2 2 1 1 1 1 1 0 
0 1 1 0 1 1 1 0 0 0 
1 1 2 0 1 0 1 2 1 1 
1 1 2 0 1 0 0 3 2 1 
0 1 3 3 3 3 2 0 3 0 
1 1 2 0 1 0 0 1 2 0 
0 1 3 3 3 3 2 2 3 1 
0 1 3 3 3 3 2 2 3 0 
1 0 0 0 3 2 0 0 0 0 
1 1 2 0 1 0 2 0 2 1 
1 1 2 0 1 0 2 0 2 0 
1 1 2 0 1 0 3 0 3 1 
0 0 2 3 3 3 3 1 2 3 
3 2 1 3 2 2 1 0 1 3 
0 1 1 3 3 3 2 2 3 0 
0 1 0 0 0 0 0 0 0 0 
0 1 3 3 3 3 2 2 3 3 
0 1 3 1 3 3 2 2 3 0 
1 1 2 0 1 1 1 3 2 1 
3 2 0 1 0 0 1 1 2 3 
3 3 3 3 0 1 2 2 2 1 
0 1 3 3 2 3 2 2 3 0 
2 3 3 0 3 3 1 0 0 2 
0 2 2 0 2 2 2 2 2 2 
2 0 0 1 2 1 3 2 0 3 
1 0 0 0 0 0 0 0 0 0 
0 0 0 1 0 3 0 0 0 0 
1 1 2 0 1 0 1 3 2 1 
1 1 2 3 1 0 1 3 2 1 
1 1 2 0 1 0 1 1 2 1 
1 1 2 0 1 0 1 1 2 2 
3 2 2 0 0 2 2 1 0 0 
1 1 2 0 1 0 1 1 2 0 
0 0 0 2 0 1 1 3 3 1 
1 1 2 0 1 0 3 0 2 0 
MFS
[ 0 , 1 , 3 , 3 , 3 , 3 , 2 , 2 , - , 0 ]
[ 0 , - , - , 0 , - , - , - , - , - , - ]
[ 1 , 1 , 2 , 0 , 1 , 0 , 1 , - , 2 , 1 ]
precise
0.3333333333333333
recall
0.5
F-measure
0.4
multi
0
time
all 970 iden 748 gen 153
t-cover
702
all-cover
720
coveredNum
(64 : 3)  (1 : 153)  (65 : 3)  (66 : 3)  (2 : 117)  (3 : 92)  (67 : 3)  (4 : 51)  (69 : 2)  (5 : 53)  (6 : 34)  (70 : 1)  (7 : 26)  (8 : 25)  (9 : 21)  (10 : 20)  (11 : 14)  (12 : 28)  (13 : 17)  (14 : 11)  (15 : 5)  (16 : 4)  (17 : 2)  (19 : 1)  (25 : 1)  (28 : 1)  (31 : 2)  (32 : 2)  (33 : 2)  (35 : 1)  (45 : 2)  (46 : 2)  (47 : 1)  (48 : 4)  (49 : 5)  (51 : 1)  (52 : 1)  (60 : 1)  (62 : 1)  (63 : 4)  
real Identify
([ 0 , - , - , 0 , - , - , - , - , - , - ] : 1)  
wrong Checked
22
wrong identified
2
testCase Num: 83
regaular Num: 25
identify Num: 59
3 1 3 0 2 3 3 2 1 0 
0 1 1 0 1 0 0 0 0 0 
3 1 3 0 2 3 1 3 1 0 
3 1 3 0 2 3 1 3 1 1 
0 1 1 0 1 1 0 0 0 0 
3 1 3 0 0 3 1 0 2 1 
0 1 1 1 0 0 0 0 0 0 
3 1 3 0 0 3 1 0 2 2 
3 1 3 0 0 3 2 3 1 0 
0 1 2 1 0 0 0 0 0 0 
3 1 3 0 0 3 2 3 1 1 
3 1 3 0 0 3 0 2 1 0 
1 1 3 0 1 3 1 3 1 0 
3 1 3 0 0 3 0 0 1 0 
3 1 3 0 3 3 1 0 0 3 
1 0 2 2 1 0 3 0 1 2 
1 3 3 0 0 1 3 3 3 1 
1 2 2 0 2 1 2 0 3 2 
3 2 3 1 3 0 3 1 2 3 
1 0 1 2 1 1 1 0 2 3 
3 1 3 0 1 3 1 3 1 0 
0 3 3 0 3 3 3 3 3 3 
3 0 2 1 2 1 0 2 1 1 
0 0 0 0 0 0 0 0 0 0 
3 1 3 0 2 3 3 2 0 0 
2 2 2 1 1 0 0 0 3 0 
3 1 1 0 1 3 1 3 1 0 
2 0 1 0 3 3 2 2 2 2 
3 1 3 0 2 3 1 0 2 1 
3 3 0 1 1 0 2 3 0 2 
0 1 1 0 0 0 0 0 0 0 
0 2 1 3 1 1 0 3 1 0 
3 3 3 3 2 2 1 0 1 2 
0 1 0 2 1 2 3 2 3 3 
3 1 3 0 2 3 1 3 0 0 
0 1 1 0 1 1 1 1 0 0 
2 3 2 2 3 2 0 3 2 0 
0 0 1 3 1 0 1 3 3 1 
0 0 0 3 3 0 0 0 2 0 
3 1 3 0 0 3 1 1 1 0 
3 1 3 0 0 3 1 3 1 0 
1 0 0 1 0 0 0 0 0 0 
3 1 3 0 0 3 1 3 0 0 
3 1 3 0 3 3 1 3 1 0 
0 1 1 0 1 1 1 1 1 0 
3 1 3 0 2 0 1 3 1 0 
3 1 3 0 3 3 1 0 3 1 
3 1 3 0 3 3 1 0 3 0 
0 3 0 1 0 3 0 0 0 0 
0 3 1 2 2 2 2 1 2 1 
3 1 3 0 2 3 3 3 1 0 
2 1 0 3 3 1 3 0 1 1 
3 1 3 0 2 3 2 3 0 0 
0 0 3 2 0 2 0 1 0 2 
0 1 1 0 1 1 1 1 1 1 
3 1 3 0 0 3 2 0 1 0 
2 2 2 2 1 1 1 1 0 1 
3 1 3 0 0 3 1 3 2 0 
3 1 3 0 0 3 1 0 0 1 
1 2 0 1 1 2 1 2 0 0 
3 1 3 0 0 3 1 3 2 1 
3 1 3 0 0 3 1 3 1 1 
3 1 3 0 0 3 0 1 1 0 
3 1 3 0 3 3 1 3 0 0 
0 1 1 0 1 1 1 0 0 0 
1 0 1 0 0 0 3 0 0 0 
3 1 3 0 2 3 0 3 1 3 
1 0 0 0 3 2 0 0 0 0 
3 0 3 0 1 3 1 3 1 0 
2 0 0 0 2 0 0 0 0 0 
3 1 3 0 2 3 1 1 2 1 
0 2 2 3 0 3 2 3 1 3 
0 1 0 0 0 0 0 0 0 0 
3 1 3 0 0 3 1 0 1 0 
3 1 3 0 0 3 0 3 1 1 
3 1 3 0 0 3 0 1 1 2 
3 1 3 0 0 3 0 3 1 0 
3 1 3 0 0 3 3 3 1 1 
3 1 3 2 1 3 1 3 1 0 
2 3 3 3 0 0 0 2 0 3 
0 2 2 0 2 2 2 2 2 2 
1 0 0 0 0 0 0 0 0 0 
1 1 0 3 2 3 2 1 3 0 
MFS
[ 3 , 1 , 3 , 0 , - , 3 , 1 , - , - , - ]
[ 0 , - , - , 0 , - , - , - , - , - , - ]
precise
0.5
recall
0.5
F-measure
0.5
multi
0
time
all 716 iden 485 gen 161
t-cover
692
all-cover
720
coveredNum
(1 : 172)  (2 : 131)  (3 : 77)  (4 : 55)  (5 : 43)  (6 : 46)  (7 : 17)  (8 : 33)  (9 : 28)  (10 : 23)  (11 : 8)  (12 : 9)  (13 : 7)  (14 : 1)  (15 : 5)  (16 : 1)  (17 : 6)  (18 : 4)  (19 : 3)  (20 : 2)  (21 : 1)  (22 : 2)  (23 : 1)  (24 : 1)  (26 : 1)  (28 : 1)  (29 : 1)  (32 : 3)  (33 : 2)  (34 : 1)  (35 : 1)  (36 : 4)  (37 : 2)  (39 : 1)  (40 : 1)  (41 : 2)  (42 : 1)  (43 : 2)  (48 : 1)  (53 : 1)  (54 : 5)  (55 : 1)  (56 : 1)  (57 : 2)  (63 : 1)  (64 : 2)  (65 : 4)  (66 : 1)  (67 : 1)  (69 : 1)  
real Identify
([ 0 , - , - , 0 , - , - , - , - , - , - ] : 1)  
wrong Checked
14
wrong identified
1
testCase Num: 83
regaular Num: 18
identify Num: 66
2 2 1 2 1 2 2 0 2 1 
0 1 1 0 1 0 0 0 0 0 
3 0 1 3 2 3 3 3 0 2 
2 2 0 3 2 1 0 1 3 3 
1 3 1 2 1 1 1 1 3 0 
0 1 1 0 1 1 0 0 0 0 
1 0 0 0 0 0 0 3 0 1 
3 1 3 0 3 1 1 1 1 0 
2 1 0 1 0 3 3 1 1 0 
0 1 2 3 2 1 2 1 1 0 
0 1 1 1 0 0 0 0 0 0 
3 1 2 2 1 3 3 0 3 2 
3 1 2 2 0 0 1 0 3 2 
3 1 2 2 1 1 3 0 2 0 
2 1 2 3 3 0 0 3 1 3 
3 1 2 2 0 0 3 0 1 2 
3 1 2 2 1 3 3 2 3 2 
0 2 3 1 1 3 0 0 0 0 
3 1 2 2 3 2 3 0 0 3 
0 1 2 3 2 1 1 2 1 0 
2 2 2 0 1 0 0 3 2 2 
2 1 1 2 1 1 1 1 1 0 
1 3 0 1 2 3 2 1 0 1 
0 1 1 2 1 1 1 1 1 0 
0 1 2 2 1 1 1 1 1 0 
0 0 3 1 0 0 2 1 3 2 
0 3 3 0 3 3 3 3 3 3 
1 2 3 0 3 3 3 2 2 3 
0 0 0 0 0 0 0 0 0 0 
2 1 1 1 3 0 0 3 0 0 
0 1 1 0 0 0 0 0 0 0 
2 1 0 2 1 1 1 1 1 0 
3 1 2 2 0 0 3 0 2 2 
0 1 1 0 1 1 1 1 0 0 
2 1 0 1 0 1 1 1 1 0 
1 0 0 1 0 0 0 0 0 0 
3 1 2 1 0 0 3 0 3 2 
0 1 1 0 1 1 1 1 1 0 
3 3 0 3 0 0 1 0 2 3 
3 1 2 2 1 0 3 0 3 2 
1 1 1 2 1 1 1 1 1 0 
1 0 0 1 1 2 1 3 2 2 
3 1 2 2 3 3 0 0 3 2 
3 3 2 2 0 0 3 0 3 2 
3 1 2 2 0 0 3 0 3 2 
0 1 2 2 0 0 3 0 3 2 
2 1 0 1 0 3 3 2 1 2 
0 1 1 0 1 1 1 1 1 1 
3 1 3 2 0 0 3 0 3 2 
3 1 2 2 0 0 3 0 3 0 
2 1 0 1 0 3 1 1 1 0 
2 1 0 1 0 3 3 2 1 0 
3 1 2 2 0 0 3 0 3 1 
0 1 2 3 2 1 1 1 2 0 
3 1 2 2 0 0 3 2 3 2 
3 1 2 2 1 3 3 0 0 3 
0 0 0 1 0 1 0 0 0 2 
0 1 2 3 2 1 1 1 1 0 
1 1 3 3 0 1 1 1 1 0 
0 1 1 0 1 1 1 0 0 0 
2 1 0 3 0 3 3 2 3 0 
0 2 1 2 1 1 1 1 1 0 
0 1 2 3 2 2 1 1 1 0 
3 1 2 2 2 0 3 0 3 2 
0 1 0 0 0 0 0 0 0 0 
3 1 2 0 2 1 1 1 1 1 
3 3 3 0 2 2 0 2 3 1 
3 2 1 0 0 0 2 2 0 3 
2 1 3 0 2 3 3 0 1 1 
3 1 2 2 0 0 3 0 0 3 
3 1 2 2 1 3 3 0 0 2 
3 1 2 2 1 1 3 0 1 1 
3 1 2 2 0 0 3 0 0 2 
2 0 3 2 0 1 0 3 1 3 
3 1 2 2 0 2 3 0 3 2 
0 2 2 0 2 2 2 2 2 2 
2 3 1 2 1 1 1 1 1 0 
1 0 2 0 0 0 0 2 0 0 
1 0 0 0 0 0 0 0 0 0 
0 3 0 1 3 0 2 3 3 3 
0 0 2 3 3 1 1 0 0 1 
2 1 0 1 1 1 1 1 1 0 
0 1 2 3 1 1 1 1 1 0 
MFS
[ 0 , - , - , 0 , - , - , - , - , - , - ]
[ 3 , 1 , 2 , 2 , 0 , 0 , 3 , 0 , - , 2 ]
[ 2 , 1 , - , - , - , - , - , - , 1 , - ]
precise
0.3333333333333333
recall
0.5
F-measure
0.4
multi
0
time
all 847 iden 578 gen 154
t-cover
701
all-cover
720
coveredNum
(1 : 178)  (2 : 155)  (3 : 98)  (4 : 66)  (5 : 52)  (6 : 33)  (7 : 24)  (8 : 14)  (9 : 14)  (10 : 8)  (11 : 4)  (12 : 7)  (13 : 7)  (14 : 4)  (15 : 6)  (16 : 6)  (17 : 9)  (18 : 6)  (19 : 7)  (20 : 5)  (21 : 2)  (23 : 1)  (24 : 2)  (25 : 7)  (26 : 1)  (27 : 1)  (28 : 1)  (29 : 1)  (33 : 1)  
real Identify
([ 0 , - , - , 0 , - , - , - , - , - , - ] : 1)  
wrong Checked
7
wrong identified
2
testCase Num: 106
regaular Num: 17
identify Num: 90
0 1 2 1 0 1 2 0 3 0 
1 1 2 2 2 2 0 3 3 1 
1 1 2 3 2 1 1 0 3 3 
0 1 1 0 1 0 0 0 0 0 
0 1 1 3 0 1 0 0 3 1 
1 1 2 3 0 2 1 1 0 3 
1 1 2 3 1 0 2 0 3 3 
0 0 0 1 0 0 0 0 2 1 
2 1 3 2 0 1 2 0 3 0 
1 1 2 1 2 1 1 0 0 3 
1 1 2 1 2 1 1 0 1 3 
2 3 2 3 1 3 3 3 0 0 
2 1 1 1 0 1 3 0 3 2 
1 1 2 1 2 1 1 0 1 0 
0 1 0 3 1 1 0 0 3 2 
3 3 2 0 2 1 1 0 3 3 
0 2 0 3 0 0 0 0 0 0 
1 1 2 1 2 0 3 2 3 3 
1 1 2 0 0 1 2 0 0 3 
3 1 2 2 0 1 0 0 3 0 
2 1 0 3 3 1 2 0 3 1 
0 1 1 0 0 0 0 0 0 0 
1 1 2 2 2 2 0 1 0 3 
0 1 2 1 1 1 0 0 3 0 
2 0 0 0 0 2 3 0 1 0 
1 1 2 0 2 1 1 0 3 3 
2 3 0 0 1 1 1 0 2 0 
1 1 2 1 0 0 1 3 1 3 
3 0 0 0 3 3 3 1 3 2 
1 1 2 1 2 0 0 1 3 3 
0 1 2 1 0 1 0 0 3 0 
3 1 2 1 3 1 3 0 0 3 
0 1 2 1 0 1 0 0 3 1 
1 1 2 2 2 2 0 0 3 3 
1 1 2 0 0 1 0 0 3 0 
2 1 0 0 2 1 1 0 3 3 
1 2 1 0 2 3 1 3 2 3 
1 1 2 1 0 0 1 1 2 3 
2 0 1 2 1 1 1 1 1 1 
0 0 0 2 0 3 2 0 0 0 
2 1 0 3 0 1 0 2 3 3 
1 1 2 1 2 0 1 0 3 3 
1 3 2 0 2 2 1 1 1 3 
3 1 2 0 2 1 1 0 3 3 
3 1 0 3 1 1 2 0 3 3 
1 1 2 0 0 0 1 0 3 3 
0 1 3 1 1 1 0 0 3 0 
1 1 3 0 2 1 1 0 3 3 
1 1 2 1 2 1 0 0 3 3 
0 0 3 3 0 2 2 3 0 3 
3 1 0 3 2 1 1 0 3 3 
0 1 2 1 2 1 1 0 3 3 
1 1 2 2 2 0 1 0 3 3 
1 1 2 0 0 1 2 0 3 0 
1 1 2 0 0 1 2 0 3 3 
1 1 2 2 2 2 0 1 3 3 
3 2 0 2 1 0 0 2 0 0 
0 1 1 0 1 1 0 0 0 0 
0 1 1 1 0 0 0 0 0 0 
1 1 2 2 1 0 1 2 0 3 
2 3 3 2 0 0 2 1 0 1 
0 1 0 3 1 1 2 0 1 3 
1 1 2 1 0 0 1 1 0 3 
0 3 3 0 3 3 3 3 3 3 
0 1 2 2 0 1 0 0 3 0 
3 1 1 0 2 1 1 0 3 3 
3 1 2 1 3 1 3 0 3 3 
0 0 0 0 0 0 0 0 0 0 
0 1 0 2 0 1 0 0 3 0 
3 0 1 0 0 0 2 0 0 0 
0 1 2 1 3 1 1 0 3 3 
1 1 2 3 1 0 1 0 3 3 
0 1 1 0 1 1 1 1 0 0 
3 1 2 1 3 1 3 0 3 1 
1 0 0 1 0 0 0 0 0 0 
0 1 1 0 1 1 1 1 1 0 
1 3 0 0 3 0 0 3 1 2 
1 1 2 2 2 1 1 0 0 3 
1 1 2 1 0 1 1 0 3 3 
1 1 2 2 1 1 1 0 3 3 
1 1 2 0 0 1 2 3 3 3 
2 2 3 0 2 1 3 0 3 2 
3 1 0 3 1 2 1 0 3 3 
2 1 2 0 2 1 1 0 3 3 
0 1 2 1 3 3 1 0 3 3 
3 1 2 1 3 1 0 3 3 3 
0 1 1 0 1 1 1 1 1 1 
1 1 2 1 2 1 1 0 3 3 
0 1 1 0 1 1 1 0 0 0 
1 1 2 3 1 0 1 2 3 3 
3 1 1 1 3 1 3 0 3 1 
1 1 2 0 0 1 1 0 3 3 
3 1 0 3 0 1 1 0 3 3 
0 1 0 0 0 0 0 0 0 0 
0 3 1 1 2 0 1 2 0 3 
3 0 2 3 2 2 2 2 2 2 
1 1 2 2 2 1 1 0 3 3 
0 1 3 2 3 0 3 3 2 3 
1 1 2 0 1 1 0 0 3 0 
0 2 1 1 3 2 2 1 3 0 
0 2 2 0 2 2 2 2 2 2 
1 2 2 0 2 1 1 0 3 3 
1 0 0 0 0 0 0 0 0 0 
3 2 3 0 0 3 0 2 1 1 
1 1 2 2 3 0 1 2 0 2 
1 1 2 3 2 1 1 1 3 3 
MFS
[ - , 1 , 2 , - , - , 1 , - , 0 , 3 , - ]
[ 0 , - , - , 0 , - , - , - , - , - , - ]
[ 1 , 1 , 2 , 0 , - , 1 , - , 0 , 3 , - ]
precise
0.3333333333333333
recall
0.5
F-measure
0.4
multi
0
time
all 985 iden 754 gen 169
t-cover
716
all-cover
720
coveredNum
(1 : 126)  (2 : 95)  (3 : 69)  (4 : 37)  (5 : 44)  (6 : 41)  (7 : 40)  (8 : 22)  (9 : 26)  (10 : 18)  (11 : 25)  (12 : 13)  (13 : 14)  (14 : 12)  (15 : 8)  (16 : 10)  (17 : 14)  (18 : 6)  (19 : 7)  (20 : 1)  (21 : 5)  (22 : 6)  (23 : 4)  (24 : 3)  (25 : 7)  (26 : 5)  (27 : 2)  (28 : 2)  (29 : 3)  (30 : 1)  (31 : 2)  (32 : 4)  (33 : 1)  (34 : 2)  (35 : 1)  (36 : 3)  (37 : 2)  (39 : 2)  (40 : 2)  (43 : 3)  (45 : 1)  (46 : 1)  (48 : 1)  (49 : 1)  (52 : 1)  (53 : 2)  (54 : 2)  (58 : 1)  (61 : 1)  (62 : 2)  (64 : 1)  (66 : 1)  (67 : 3)  (73 : 2)  (78 : 1)  (80 : 1)  (83 : 1)  (84 : 1)  (86 : 2)  (88 : 2)  (89 : 1)  (90 : 1)  (94 : 1)  (101 : 1)  
real Identify
([ 0 , - , - , 0 , - , - , - , - , - , - ] : 1)  
wrong Checked
19
wrong identified
2
testCase Num: 85
regaular Num: 19
identify Num: 66
3 1 1 0 2 1 2 1 1 1 
2 1 1 3 1 0 1 1 1 1 
0 1 1 0 1 0 0 0 0 0 
3 1 1 0 2 1 2 1 1 2 
0 1 1 0 1 1 0 0 0 0 
1 3 3 0 3 2 3 1 1 2 
1 1 1 0 1 1 1 1 1 1 
2 1 1 3 1 1 1 3 1 1 
0 1 1 1 0 0 0 0 0 0 
2 1 1 3 1 1 1 1 1 1 
0 0 3 2 0 0 0 0 0 0 
2 1 1 0 2 1 0 3 1 1 
2 1 1 0 2 1 0 1 1 3 
3 1 1 0 2 2 1 1 1 1 
0 2 3 3 2 0 2 3 3 0 
2 1 1 2 1 1 1 2 3 1 
0 3 2 1 0 0 2 0 2 3 
2 1 1 0 3 1 0 2 1 1 
0 2 0 1 3 3 3 0 0 2 
0 3 3 0 3 3 3 3 3 3 
2 1 1 1 1 1 1 2 2 1 
0 0 0 0 0 0 0 0 0 0 
3 1 1 0 2 1 2 1 2 1 
2 2 2 2 1 2 1 0 2 1 
2 3 1 0 1 1 1 1 1 1 
0 1 1 0 0 0 0 0 0 0 
3 1 1 0 2 1 1 1 1 1 
2 1 1 0 2 1 2 1 1 0 
3 0 0 0 3 0 3 0 3 0 
0 1 1 0 1 1 1 1 0 0 
2 1 1 0 0 1 2 3 1 3 
2 1 1 0 2 1 0 0 1 1 
3 1 1 0 0 1 0 1 1 0 
2 1 1 3 1 1 3 1 1 1 
1 0 0 1 0 0 0 0 0 0 
1 1 1 0 2 1 3 1 1 0 
3 2 1 0 1 1 1 1 1 1 
1 0 2 3 2 3 3 2 2 2 
0 1 1 0 1 1 1 1 1 0 
2 1 1 0 0 1 1 1 1 1 
0 3 2 2 3 0 0 2 0 0 
3 1 2 0 1 1 1 1 1 1 
0 2 3 3 0 2 0 2 2 3 
1 1 1 0 0 1 2 1 1 3 
2 1 1 1 1 1 1 0 3 1 
3 3 3 3 1 3 1 0 0 1 
1 3 2 2 0 0 0 3 3 2 
2 1 1 3 3 1 1 1 1 1 
3 1 1 0 2 1 2 2 1 1 
2 1 1 0 2 1 3 0 1 1 
0 1 1 0 1 1 1 1 1 1 
3 1 1 0 3 1 3 1 1 3 
0 1 0 3 1 2 1 2 3 0 
2 1 1 2 1 1 1 2 0 1 
2 1 1 0 2 1 1 1 1 1 
2 1 1 0 2 1 0 1 0 1 
3 3 0 1 2 2 2 3 0 3 
1 2 0 0 0 0 0 0 0 0 
0 1 1 0 1 1 1 0 0 0 
2 1 1 0 3 1 0 1 1 0 
2 1 1 0 3 1 0 1 1 1 
2 1 1 0 3 1 2 0 1 1 
2 1 1 0 1 1 1 1 1 1 
1 1 1 0 3 1 3 1 1 3 
2 1 3 0 1 1 1 1 1 1 
2 1 1 1 1 1 1 3 2 1 
0 1 0 0 0 0 0 0 0 0 
2 1 1 0 0 3 1 1 1 1 
3 0 0 2 2 0 3 0 1 3 
2 1 1 2 1 1 1 1 1 1 
0 0 0 2 1 3 1 1 3 3 
2 1 1 3 1 1 1 3 0 2 
2 1 1 3 1 1 1 3 0 1 
2 1 1 0 2 1 0 1 1 1 
0 1 1 1 1 1 1 1 1 1 
0 0 3 1 0 3 0 3 0 0 
0 2 2 0 2 2 2 2 2 2 
2 0 0 2 3 1 2 3 2 0 
1 0 0 0 0 0 0 0 0 0 
2 1 1 0 0 1 3 2 3 1 
1 0 1 0 1 3 2 0 0 0 
2 1 1 0 0 1 3 3 1 1 
3 1 1 0 1 1 1 1 1 1 
1 1 1 0 0 1 0 1 1 2 
0 0 0 1 1 2 0 1 0 1 
MFS
[ 0 , - , - , 0 , - , - , - , - , - , - ]
[ 2 , 1 , 1 , 0 , - , 1 , - , - , 1 , 1 ]
[ 2 , 1 , 1 , 0 , - , 1 , - , 1 , 1 , - ]
precise
0.3333333333333333
recall
0.5
F-measure
0.4
multi
0
time
all 1253 iden 983 gen 169
t-cover
679
all-cover
720
coveredNum
(1 : 155)  (2 : 154)  (3 : 110)  (4 : 81)  (5 : 42)  (6 : 56)  (7 : 19)  (8 : 19)  (9 : 7)  (10 : 4)  (11 : 5)  (12 : 2)  (13 : 2)  (14 : 5)  (15 : 4)  (16 : 4)  (17 : 1)  (18 : 1)  (19 : 1)  (20 : 2)  (21 : 3)  (23 : 1)  (24 : 1)  (25 : 2)  (27 : 2)  (28 : 1)  (30 : 1)  (31 : 1)  (32 : 3)  (33 : 1)  (34 : 1)  (35 : 2)  (36 : 2)  (37 : 2)  (38 : 1)  (39 : 2)  (40 : 3)  (41 : 2)  (42 : 2)  (43 : 3)  (45 : 2)  (46 : 2)  (48 : 2)  (49 : 1)  (51 : 1)  (52 : 1)  (54 : 1)  
real Identify
([ 0 , - , - , 0 , - , - , - , - , - , - ] : 1)  
wrong Checked
8
wrong identified
2
testCase Num: 91
regaular Num: 21
identify Num: 72
0 1 3 1 0 1 3 1 2 3 
0 1 3 1 0 1 2 1 1 1 
0 1 3 1 0 1 3 1 2 1 
0 1 1 0 1 0 0 0 0 0 
0 0 3 1 0 1 2 0 1 1 
3 0 0 0 0 0 3 0 0 0 
0 2 0 3 2 2 1 1 2 1 
0 1 3 1 3 1 2 0 1 1 
2 1 1 2 1 1 0 0 1 2 
2 1 1 2 1 1 0 2 1 0 
0 1 1 0 1 1 0 0 0 0 
2 1 1 2 1 1 0 0 1 1 
2 1 1 2 1 1 0 2 1 2 
2 1 1 2 1 1 0 2 1 1 
2 1 1 2 1 1 0 0 1 3 
0 1 1 1 0 0 0 0 0 0 
2 2 1 2 1 1 0 1 1 1 
1 2 3 0 1 0 0 0 0 0 
0 1 3 2 0 1 2 0 1 1 
2 1 3 0 2 0 1 2 1 3 
0 3 3 0 3 3 3 3 3 3 
2 1 3 0 2 0 1 0 1 3 
0 1 3 1 0 1 3 1 1 1 
3 0 0 2 2 3 2 0 1 1 
0 0 0 0 0 0 0 0 0 0 
0 1 3 1 0 1 1 0 1 1 
0 0 3 3 3 3 3 2 0 3 
1 3 3 1 2 2 1 3 0 2 
0 1 3 1 0 1 2 0 2 1 
3 0 0 0 2 2 1 2 1 3 
0 1 1 0 0 0 0 0 0 0 
3 0 1 1 1 0 1 2 3 3 
2 0 2 1 0 3 1 3 2 0 
0 1 1 0 1 1 1 1 0 0 
2 1 1 3 1 1 0 1 1 1 
1 3 2 2 2 0 3 2 3 0 
1 0 0 1 0 0 0 0 0 0 
0 1 1 0 1 1 1 1 1 0 
0 1 1 2 1 1 0 1 1 1 
1 2 1 0 1 3 3 2 2 1 
1 0 0 2 3 0 0 1 1 2 
2 1 1 2 1 1 0 0 1 0 
2 1 3 0 2 2 1 2 1 3 
0 1 3 1 0 1 2 0 1 3 
0 1 3 1 0 1 2 0 1 1 
3 1 3 1 0 1 2 0 1 1 
0 1 3 1 0 1 2 0 1 2 
0 1 3 1 0 1 0 2 3 0 
0 1 3 1 0 1 2 0 1 0 
1 2 1 3 0 2 2 0 3 2 
3 3 2 0 0 3 2 1 3 2 
2 1 1 2 1 1 0 1 1 1 
2 1 1 2 1 1 0 1 1 0 
0 1 1 0 1 1 1 1 1 1 
2 1 2 2 1 1 0 1 1 1 
2 1 1 2 1 1 0 3 1 1 
2 0 0 0 0 0 2 2 0 0 
2 1 1 2 1 1 0 3 1 3 
0 1 3 1 0 0 2 0 1 1 
3 1 1 1 2 2 1 2 1 3 
0 3 2 3 1 2 2 0 0 3 
0 2 1 1 0 0 0 0 0 0 
0 1 1 0 1 1 1 0 0 0 
2 1 1 2 1 2 0 1 1 1 
1 1 0 0 2 2 1 2 1 3 
0 3 0 1 0 0 0 0 2 0 
1 0 0 0 0 1 0 0 0 0 
3 3 1 0 3 2 0 0 1 0 
0 0 0 1 3 0 1 0 0 0 
2 1 1 2 2 1 0 1 1 1 
0 1 3 1 0 1 3 0 1 1 
0 1 0 0 0 0 0 0 0 0 
3 2 2 3 3 0 2 3 2 0 
2 1 1 2 1 1 0 2 2 1 
3 1 1 0 2 3 1 2 0 0 
2 1 1 2 1 1 1 1 1 1 
3 1 0 0 2 2 1 2 1 3 
2 1 3 0 3 2 1 2 1 3 
2 1 1 2 1 1 0 1 0 1 
1 2 0 1 1 2 3 0 1 3 
2 3 0 0 3 1 3 3 3 1 
0 2 2 0 2 2 2 2 2 2 
1 0 0 0 0 0 0 0 0 0 
2 1 3 0 2 0 1 2 0 3 
2 1 3 0 2 0 2 2 1 3 
2 1 3 0 2 0 1 2 0 1 
1 1 0 0 0 3 0 0 0 0 
0 1 0 1 0 1 2 0 1 1 
0 1 3 1 0 1 1 1 0 0 
0 1 3 1 0 1 3 3 2 2 
2 1 1 0 2 0 1 2 0 0 
MFS
[ 0 , 1 , 3 , 1 , 0 , 1 , 2 , 0 , 1 , - ]
[ - , 1 , - , 0 , 2 , - , 1 , 2 , - , - ]
[ 0 , - , - , 0 , - , - , - , - , - , - ]
[ 2 , 1 , 1 , 2 , 1 , 1 , 0 , - , 1 , - ]
precise
0.25
recall
0.5
F-measure
0.3333333333333333
multi
0
time
all 1147 iden 863 gen 184
t-cover
708
all-cover
720
coveredNum
(1 : 155)  (2 : 123)  (3 : 110)  (4 : 70)  (5 : 54)  (6 : 34)  (7 : 43)  (8 : 20)  (9 : 12)  (10 : 3)  (11 : 7)  (12 : 4)  (13 : 3)  (14 : 4)  (15 : 3)  (16 : 3)  (17 : 4)  (18 : 8)  (19 : 3)  (20 : 2)  (21 : 3)  (22 : 7)  (23 : 3)  (24 : 6)  (25 : 3)  (26 : 2)  (27 : 4)  (28 : 7)  (29 : 4)  (30 : 7)  (31 : 2)  (33 : 1)  (36 : 1)  (37 : 1)  (39 : 1)  (42 : 2)  (47 : 1)  
real Identify
([ 0 , - , - , 0 , - , - , - , - , - , - ] : 1)  
wrong Checked
10
wrong identified
3
testCase Num: 95
regaular Num: 20
identify Num: 75
0 1 1 0 1 0 0 0 0 0 
2 1 0 3 2 3 2 1 0 2 
2 1 0 3 1 0 0 3 0 2 
0 1 2 1 2 1 1 3 1 1 
0 1 1 0 1 1 0 0 0 0 
2 1 2 3 3 2 2 1 0 2 
0 1 2 2 2 1 1 0 0 1 
0 1 1 1 0 0 0 0 0 0 
2 1 0 1 0 3 2 1 0 2 
3 0 2 2 2 2 2 1 2 2 
0 1 3 1 1 1 3 1 3 2 
0 1 2 3 2 1 1 0 1 1 
0 1 2 2 2 1 1 0 1 1 
2 1 1 3 3 3 2 1 0 2 
3 3 0 2 3 0 0 3 1 0 
0 1 2 1 2 1 1 0 0 0 
0 1 2 1 2 1 1 0 0 1 
0 3 3 0 3 3 3 3 3 3 
0 1 2 1 0 1 1 0 1 1 
2 2 0 3 0 3 2 1 0 2 
2 2 1 0 1 1 1 1 1 1 
0 0 0 0 0 0 0 0 0 0 
2 1 3 3 2 3 0 1 1 3 
1 2 0 0 0 1 0 3 2 0 
2 1 0 3 1 0 1 1 0 2 
1 1 2 0 2 3 1 3 3 3 
1 1 2 0 2 3 1 2 1 2 
0 1 1 0 0 0 0 0 0 0 
2 1 1 0 0 3 2 1 0 2 
2 1 0 3 2 1 0 1 0 2 
1 1 2 0 2 3 1 2 1 3 
1 1 2 2 2 1 1 0 1 1 
2 0 0 0 3 0 0 2 3 0 
0 1 1 0 1 1 1 1 0 0 
2 1 0 3 1 3 2 1 0 2 
1 0 0 1 0 0 0 0 0 0 
2 1 1 3 3 3 1 3 0 2 
2 1 2 3 1 3 3 1 2 1 
0 1 1 0 1 1 1 1 1 0 
2 1 1 3 3 3 1 1 0 2 
0 1 2 1 2 1 1 0 1 1 
3 1 0 3 0 3 2 1 0 2 
3 3 2 1 0 1 2 2 1 0 
3 2 1 2 2 0 3 2 0 3 
2 1 0 3 1 0 2 1 0 2 
1 1 1 0 2 3 1 0 2 3 
2 1 0 3 2 1 3 0 0 2 
1 0 1 3 3 2 2 3 3 1 
0 1 2 1 2 0 1 0 1 1 
3 1 3 0 2 3 1 3 3 3 
1 1 0 0 2 3 1 1 0 3 
3 3 3 3 1 0 2 0 0 1 
0 1 1 0 1 1 1 1 1 1 
2 1 1 3 3 3 1 1 2 0 
0 0 3 1 0 0 0 2 0 0 
0 3 0 3 3 1 3 2 2 3 
0 0 0 2 1 3 0 3 1 1 
2 1 3 3 1 3 0 1 3 3 
2 1 0 3 0 3 2 1 0 2 
2 1 1 3 0 3 2 1 0 2 
2 2 3 2 0 2 3 3 3 0 
2 1 0 3 2 2 0 2 1 2 
0 1 1 0 1 1 1 0 0 0 
1 3 1 2 0 3 2 1 2 2 
0 0 2 2 2 1 1 0 1 1 
1 1 2 0 2 2 1 3 3 3 
1 1 2 0 2 3 3 3 3 3 
0 1 2 1 2 1 0 0 1 1 
0 1 2 1 2 1 1 0 2 1 
1 1 2 3 2 3 1 3 3 3 
2 1 2 3 0 3 2 1 0 2 
2 3 0 0 0 2 0 0 0 0 
2 2 2 1 3 0 0 0 2 2 
2 1 0 3 2 1 2 1 0 2 
1 0 0 0 1 2 3 0 0 0 
2 1 0 3 1 0 1 2 0 1 
0 1 0 0 0 0 0 0 0 0 
1 1 2 0 2 3 1 2 3 3 
0 2 0 1 0 2 2 3 0 2 
1 1 3 0 2 3 1 3 3 3 
2 1 0 3 2 1 0 2 0 2 
2 1 3 3 3 3 3 1 1 3 
0 1 0 2 2 1 1 0 1 1 
1 3 3 0 2 3 1 3 3 3 
3 0 0 1 0 3 1 0 3 3 
3 0 3 0 0 3 2 1 2 3 
0 2 2 0 2 2 2 2 2 2 
0 1 2 3 2 1 1 0 0 1 
2 1 1 3 3 3 1 1 2 2 
1 0 0 0 0 0 0 0 0 0 
2 1 0 3 2 2 0 2 0 3 
1 1 2 0 3 3 1 3 3 3 
2 1 0 3 2 1 3 0 0 0 
2 1 0 3 1 0 0 0 0 2 
2 1 0 3 1 2 1 0 0 0 
MFS
[ 0 , - , - , 0 , - , - , - , - , - , - ]
[ 2 , 1 , 0 , 3 , - , - , - , - , 0 , 2 ]
[ 0 , 1 , 2 , - , 2 , 1 , 1 , 0 , - , 1 ]
[ 1 , 1 , - , 0 , 2 , 3 , 1 , - , - , 3 ]
precise
0.25
recall
0.5
F-measure
0.3333333333333333
multi
0
time
all 770 iden 502 gen 166
t-cover
712
all-cover
720
coveredNum
(1 : 136)  (2 : 133)  (3 : 108)  (4 : 88)  (5 : 46)  (6 : 37)  (7 : 28)  (8 : 22)  (9 : 14)  (10 : 10)  (11 : 19)  (12 : 7)  (13 : 15)  (14 : 12)  (15 : 5)  (16 : 8)  (17 : 4)  (18 : 2)  (19 : 1)  (20 : 2)  (21 : 1)  (22 : 2)  (23 : 4)  (24 : 3)  (25 : 4)  (26 : 3)  (27 : 2)  (30 : 1)  (31 : 1)  (32 : 2)  
real Identify
([ 0 , - , - , 0 , - , - , - , - , - , - ] : 1)  
wrong Checked
7
wrong identified
3
testCase Num: 73
regaular Num: 21
identify Num: 53
2 2 3 0 1 3 3 2 1 3 
0 1 1 1 1 0 1 1 0 0 
3 1 3 0 2 3 2 1 2 0 
3 1 3 3 1 1 0 3 2 0 
0 0 1 3 0 1 3 2 0 0 
3 0 0 0 0 3 0 1 0 0 
3 0 2 3 3 3 1 0 1 0 
3 1 3 0 2 0 3 3 2 0 
1 0 0 0 2 0 0 0 0 0 
0 1 1 1 0 0 0 0 0 0 
1 0 2 1 0 2 0 2 0 0 
0 3 3 0 3 2 3 2 2 2 
3 3 0 0 2 2 1 2 2 2 
1 3 2 2 0 1 1 1 2 3 
0 3 3 0 3 2 3 2 2 0 
1 2 3 3 3 2 3 1 3 2 
0 2 2 2 2 0 2 0 0 0 
2 1 2 3 1 2 2 3 2 1 
3 1 0 0 3 0 2 2 0 3 
3 1 3 0 2 3 3 3 2 0 
0 0 0 0 0 0 0 0 0 0 
0 1 1 1 1 0 0 0 0 0 
0 1 1 0 0 0 0 0 0 0 
3 1 3 0 2 3 2 3 1 0 
0 3 3 3 0 0 0 0 0 0 
3 1 3 2 0 0 3 3 2 0 
0 1 1 1 1 1 0 0 0 0 
0 3 3 0 0 0 0 0 0 0 
3 0 1 2 3 3 0 3 3 3 
0 3 3 0 3 2 0 0 0 0 
3 1 0 0 3 1 2 2 3 3 
0 3 0 1 0 0 0 0 1 0 
3 1 0 0 3 0 2 0 3 3 
3 1 0 0 3 0 2 2 3 1 
3 1 0 0 3 0 2 2 3 0 
3 1 0 0 3 0 2 2 3 3 
3 1 0 0 3 0 2 2 3 2 
2 3 1 0 2 1 2 1 0 2 
1 3 1 2 1 3 3 3 0 1 
0 1 1 1 1 0 1 0 0 1 
3 1 3 1 1 2 0 3 2 0 
3 1 3 0 2 3 0 3 2 0 
0 0 0 2 1 3 0 3 1 2 
1 3 2 0 0 0 0 0 3 1 
0 1 2 0 1 3 2 3 3 3 
3 1 3 0 2 3 0 3 2 2 
0 3 2 1 3 0 3 0 0 0 
0 3 3 0 3 0 0 0 0 0 
0 3 3 0 3 2 3 2 0 0 
0 3 3 0 3 2 3 0 0 0 
1 1 0 0 3 0 2 2 3 3 
0 0 1 3 2 2 3 3 1 3 
3 1 0 1 3 0 2 2 3 3 
3 1 0 0 3 0 3 2 3 3 
0 1 1 1 1 0 1 0 1 0 
0 2 1 0 2 3 1 2 2 1 
2 2 3 1 2 1 1 3 3 1 
0 1 0 0 0 0 0 0 0 0 
2 2 1 2 3 2 0 0 2 2 
2 0 0 3 0 0 0 0 0 0 
0 1 3 2 0 0 3 3 2 0 
3 1 0 0 1 0 2 2 3 3 
0 3 0 0 0 0 0 0 0 0 
3 1 0 2 0 0 3 3 2 0 
3 0 3 2 0 0 3 3 2 0 
1 0 0 0 0 0 0 0 0 0 
0 0 2 1 0 3 2 2 2 2 
0 2 0 2 0 0 3 2 3 1 
3 1 1 0 3 0 2 2 3 3 
1 0 0 0 0 1 0 1 1 1 
3 2 0 0 3 0 2 2 3 3 
0 1 1 1 1 0 1 0 0 0 
3 1 3 0 0 0 3 3 2 0 
MFS
[ 3 , 1 , 0 , 0 , 3 , 0 , 2 , 2 , 3 , 3 ]
[ 3 , 1 , 3 , - , - , - , - , 3 , 2 , 0 ]
[ 0 , - , - , 0 , - , - , - , - , - , - ]
precise
0.3333333333333333
recall
0.5
F-measure
0.4
multi
0
time
all 785 iden 538 gen 184
t-cover
708
all-cover
720
coveredNum
(1 : 199)  (2 : 126)  (3 : 95)  (4 : 83)  (5 : 62)  (6 : 35)  (7 : 20)  (8 : 20)  (9 : 10)  (10 : 7)  (11 : 6)  (12 : 5)  (13 : 2)  (14 : 2)  (15 : 1)  (16 : 1)  (18 : 1)  (25 : 1)  (26 : 3)  (27 : 8)  (28 : 5)  (29 : 9)  (30 : 9)  (31 : 3)  (32 : 1)  (33 : 2)  (34 : 1)  (35 : 1)  (37 : 2)  
real Identify
([ 0 , - , - , 0 , - , - , - , - , - , - ] : 1)  
wrong Checked
10
wrong identified
2
