testCase Num: 73
regaular Num: 24
identify Num: 50
3 0 1 1 3 2 0 2 1 1 
2 2 1 3 2 3 0 3 0 0 
1 1 2 0 3 1 3 2 2 3 
1 1 1 0 3 1 3 2 2 3 
0 1 1 0 1 0 0 0 0 0 
1 1 2 0 3 1 3 2 2 2 
1 1 2 0 3 1 3 2 2 1 
1 1 2 0 3 1 3 2 2 0 
1 1 2 0 3 0 3 2 2 1 
0 1 1 0 1 1 0 0 0 0 
3 1 2 3 0 0 1 0 0 0 
1 1 2 0 3 0 3 2 2 3 
0 1 1 1 0 0 0 0 0 0 
1 0 1 0 0 0 0 0 3 0 
1 1 2 0 3 2 3 2 3 3 
1 1 2 0 3 2 2 2 2 3 
3 2 0 1 0 3 2 3 3 3 
0 0 2 3 2 3 3 2 3 1 
1 3 0 0 3 0 0 3 0 1 
1 1 2 0 3 2 3 2 3 2 
0 0 0 2 2 0 0 0 0 0 
1 3 3 2 1 3 1 0 3 0 
0 3 3 0 3 3 3 3 3 3 
0 0 0 1 1 0 0 0 2 3 
0 0 0 0 0 0 0 0 0 0 
3 0 3 2 1 2 2 1 0 0 
1 1 2 0 3 3 3 2 2 3 
0 1 1 0 0 0 0 0 0 0 
2 3 3 1 0 1 0 1 3 1 
1 1 2 0 3 1 3 2 3 0 
0 1 1 0 1 1 1 1 0 0 
1 1 2 0 3 0 3 2 3 3 
1 1 0 3 2 0 2 0 0 1 
1 0 0 1 0 0 0 0 0 0 
1 1 2 0 3 2 3 2 2 3 
0 1 1 0 1 1 1 1 1 0 
3 3 3 0 3 0 3 0 2 3 
1 1 2 0 3 1 1 2 2 3 
0 3 0 3 2 2 1 1 2 3 
1 1 2 0 3 1 3 2 0 3 
1 1 2 0 3 1 3 2 0 2 
0 3 2 1 2 0 0 2 0 0 
1 1 2 0 3 1 3 2 0 1 
1 1 2 0 3 3 3 2 1 3 
1 1 2 0 3 1 3 1 2 3 
1 1 2 0 3 1 3 2 0 0 
3 3 3 3 2 1 2 0 1 2 
2 0 0 0 0 0 2 0 0 0 
0 1 1 0 1 1 1 1 1 1 
1 1 2 0 3 0 3 2 0 3 
2 1 2 0 3 1 3 2 2 3 
0 1 1 0 1 1 1 0 0 0 
0 0 0 1 0 0 3 0 0 0 
1 1 2 0 3 3 3 2 0 3 
2 2 2 2 1 0 1 1 1 1 
1 1 2 0 3 1 3 2 1 3 
2 2 2 1 0 2 1 0 2 2 
0 1 0 0 0 0 0 0 0 0 
1 1 2 0 3 1 3 2 1 0 
2 0 0 2 0 1 0 2 1 2 
0 0 0 3 1 0 0 0 0 0 
1 1 2 0 1 1 3 2 2 3 
1 1 2 0 3 0 3 2 1 3 
1 1 3 0 0 0 0 2 0 0 
1 3 1 0 2 3 2 1 0 2 
0 0 1 2 1 1 1 3 2 2 
1 1 2 0 3 2 3 2 0 3 
0 2 2 0 2 2 2 2 2 2 
1 1 2 0 3 2 3 3 2 3 
1 0 0 0 0 0 0 0 0 0 
1 1 2 2 3 1 3 2 2 3 
1 2 2 0 3 1 3 2 2 3 
0 2 3 3 3 0 2 3 1 2 
MFS
[ 1 , 1 , 2 , 0 , 3 , 1 , 3 , 2 , - , - ]
[ 0 , - , - , 0 , - , - , - , - , - , - ]
precise
0.5
recall
0.5
F-measure
0.5
multi
0
time
all 1654 iden 1407 gen 169
t-cover
718
all-cover
720
coveredNum
(1 : 148)  (2 : 93)  (3 : 49)  (4 : 31)  (5 : 38)  (6 : 40)  (7 : 51)  (8 : 66)  (9 : 35)  (10 : 20)  (11 : 4)  (12 : 12)  (13 : 14)  (14 : 11)  (15 : 14)  (16 : 13)  (17 : 3)  (19 : 4)  (20 : 5)  (148 : 1)  (21 : 1)  (151 : 1)  (23 : 2)  (152 : 2)  (24 : 2)  (153 : 6)  (25 : 1)  (154 : 1)  (26 : 2)  (27 : 4)  (156 : 4)  (157 : 2)  (29 : 2)  (30 : 1)  (159 : 3)  (31 : 2)  (32 : 1)  (163 : 1)  (36 : 1)  (38 : 3)  (39 : 2)  (75 : 1)  (87 : 1)  (92 : 2)  (93 : 2)  (94 : 1)  (95 : 1)  (96 : 1)  (105 : 1)  (107 : 1)  (108 : 1)  (111 : 1)  (112 : 1)  (113 : 3)  (119 : 1)  (120 : 1)  (123 : 2)  (125 : 3)  
real Identify
([ 0 , - , - , 0 , - , - , - , - , - , - ] : 1)  
wrong Checked
35
wrong identified
1
testCase Num: 43
regaular Num: 30
identify Num: 13
0 1 1 0 1 0 0 0 0 0 
3 0 3 1 2 3 0 2 1 1 
1 2 1 3 3 0 0 1 2 1 
3 2 2 2 2 2 2 0 2 2 
1 1 1 0 2 0 1 2 3 2 
0 1 1 0 1 1 0 0 0 0 
0 1 1 0 1 1 1 1 1 1 
3 2 0 0 0 1 3 1 3 3 
3 1 3 0 1 2 1 1 2 0 
0 1 1 1 0 0 0 0 0 0 
0 1 0 2 0 2 3 0 1 1 
1 3 2 0 1 0 2 3 1 1 
0 0 0 1 0 1 0 3 0 0 
3 3 1 3 2 3 1 0 0 0 
0 1 1 0 1 1 1 0 0 0 
1 2 1 0 0 2 0 2 1 3 
2 2 1 2 0 3 2 3 3 0 
3 0 3 0 3 0 3 3 1 2 
2 0 1 2 1 1 1 1 1 1 
2 3 3 0 0 0 1 0 0 1 
0 3 3 0 3 3 3 3 3 3 
2 2 2 1 3 0 1 0 3 3 
0 0 0 0 0 0 0 0 0 0 
2 0 0 1 2 2 2 3 0 3 
0 1 0 0 0 0 0 0 0 0 
0 1 1 0 0 0 0 0 0 0 
0 1 0 3 3 3 1 3 2 3 
0 1 1 0 1 1 1 1 0 0 
1 3 3 2 1 1 0 0 3 3 
2 3 3 3 3 2 3 2 3 0 
0 0 0 2 0 0 0 0 0 0 
1 0 0 1 0 0 0 0 0 0 
0 2 2 0 2 2 2 2 2 2 
0 3 2 1 1 3 3 1 0 2 
1 0 0 0 0 0 0 0 0 0 
0 1 1 0 1 1 1 1 1 0 
2 0 2 3 0 1 0 2 2 2 
0 2 0 3 1 0 0 3 0 0 
0 2 3 2 3 1 2 2 0 0 
0 0 0 1 0 0 0 0 2 0 
2 1 2 3 2 1 2 1 1 0 
1 3 0 0 1 3 3 2 2 2 
0 0 1 1 2 1 3 0 3 1 
MFS
[ 0 , - , - , 0 , - , - , - , - , - , - ]
precise
1.0
recall
0.5
F-measure
0.6666666666666666
multi
0
time
all 316 iden 131 gen 132
t-cover
720
all-cover
720
coveredNum
(1 : 296)  (2 : 263)  (3 : 105)  (4 : 13)  (5 : 17)  (6 : 17)  (7 : 7)  (8 : 2)  
real Identify
([ 0 , - , - , 0 , - , - , - , - , - , - ] : 1)  
wrong Checked
0
wrong identified
0
testCase Num: 66
regaular Num: 27
identify Num: 40
0 0 3 2 1 2 3 3 2 3 
2 2 2 2 0 2 0 2 3 3 
0 1 1 0 1 0 0 0 0 0 
3 1 2 0 1 3 3 2 0 3 
0 1 1 0 1 1 0 0 0 0 
3 1 2 0 1 2 3 2 0 0 
1 0 3 3 0 1 0 1 0 3 
1 0 1 0 2 0 0 3 2 2 
0 1 1 1 0 0 0 0 0 0 
3 1 2 0 1 1 3 2 0 0 
0 3 0 2 0 0 1 0 2 1 
0 3 3 0 3 3 3 3 3 3 
2 2 1 0 1 1 1 1 1 1 
3 2 3 1 2 3 1 0 3 0 
0 0 0 0 0 0 0 0 0 0 
3 0 0 0 3 0 0 0 0 0 
3 1 2 0 1 0 3 2 2 0 
3 1 2 0 1 0 3 0 2 3 
3 1 2 0 1 0 3 2 2 1 
3 2 1 3 2 0 3 3 0 1 
0 1 1 0 0 0 0 0 0 0 
0 1 1 0 1 1 1 1 0 0 
1 0 0 0 0 0 1 3 0 0 
3 1 2 0 1 0 3 0 2 0 
1 0 0 1 0 0 0 0 0 0 
3 1 2 0 1 1 3 2 1 0 
0 1 1 0 1 1 1 1 1 0 
2 0 0 0 2 3 0 0 0 0 
1 3 1 1 3 2 1 0 0 3 
3 1 2 0 1 3 3 2 0 0 
3 1 2 0 1 1 0 2 2 0 
0 0 0 1 2 3 0 2 1 1 
2 3 1 1 1 0 2 3 2 0 
0 0 0 1 0 2 1 1 0 2 
3 1 2 0 1 0 0 2 2 0 
1 3 3 0 0 3 3 3 1 2 
2 1 0 3 3 1 3 3 3 2 
1 3 0 0 0 0 0 0 3 0 
0 1 1 0 1 1 1 1 1 1 
3 1 2 0 1 2 3 2 2 0 
3 1 2 0 1 0 3 0 1 0 
3 1 2 0 1 1 3 2 2 0 
0 1 1 0 1 1 1 0 0 0 
1 1 1 2 1 3 1 2 3 1 
3 1 2 0 1 1 3 0 2 0 
3 1 2 0 1 0 3 2 0 0 
3 0 2 0 1 0 3 2 2 0 
3 1 2 0 1 0 3 3 2 0 
0 1 0 0 0 0 0 0 0 0 
1 2 0 2 3 3 2 0 1 0 
0 0 0 3 1 0 0 0 0 0 
0 0 2 3 3 0 1 2 1 0 
3 1 3 0 1 0 3 2 2 0 
3 1 2 0 1 0 3 1 2 0 
0 0 3 2 0 0 2 1 3 2 
3 1 2 0 1 2 3 2 3 0 
0 2 0 1 1 1 0 0 2 2 
0 2 2 0 2 2 2 2 2 2 
3 3 2 2 2 1 2 2 0 2 
1 0 0 0 0 0 0 0 0 0 
1 3 2 3 3 3 0 1 2 1 
3 1 0 0 2 2 2 1 1 3 
2 0 3 3 3 2 2 0 0 1 
3 1 2 1 1 0 3 2 2 0 
3 1 2 0 0 0 3 2 2 0 
1 1 2 0 1 0 3 2 2 0 
MFS
[ 3 , 1 , 2 , 0 , 1 , 0 , 3 , 2 , 2 , 0 ]
[ 0 , - , - , 0 , - , - , - , - , - , - ]
precise
0.5
recall
0.5
F-measure
0.5
multi
0
time
all 568 iden 349 gen 152
t-cover
717
all-cover
720
coveredNum
(1 : 194)  (2 : 153)  (3 : 43)  (4 : 9)  (5 : 3)  (6 : 3)  (7 : 4)  (8 : 20)  (9 : 27)  (10 : 20)  (11 : 41)  (12 : 39)  (13 : 35)  (14 : 10)  (142 : 1)  (15 : 7)  (16 : 6)  (17 : 4)  (18 : 9)  (19 : 5)  (20 : 2)  (21 : 5)  (22 : 3)  (23 : 1)  (24 : 2)  (153 : 1)  (25 : 1)  (154 : 1)  (26 : 1)  (155 : 2)  (27 : 1)  (156 : 1)  (157 : 1)  (29 : 1)  (31 : 1)  (159 : 1)  (32 : 8)  (33 : 2)  (161 : 2)  (34 : 3)  (35 : 1)  (36 : 3)  (164 : 1)  (37 : 1)  (39 : 1)  (167 : 1)  (169 : 1)  (170 : 1)  (171 : 1)  (172 : 3)  (46 : 1)  (47 : 4)  (175 : 1)  (176 : 1)  (48 : 1)  (177 : 1)  (180 : 2)  (187 : 1)  (197 : 1)  (198 : 1)  (199 : 1)  (200 : 1)  (201 : 2)  (202 : 1)  (203 : 1)  (205 : 2)  (210 : 1)  (211 : 1)  (212 : 4)  (214 : 2)  (216 : 2)  (122 : 1)  
real Identify
([ 0 , - , - , 0 , - , - , - , - , - , - ] : 1)  
wrong Checked
65
wrong identified
1
testCase Num: 52
regaular Num: 27
identify Num: 25
1 2 0 1 3 3 2 3 3 1 
0 3 3 0 2 2 2 0 0 0 
0 1 1 1 0 0 0 0 0 0 
0 1 1 1 0 0 0 0 0 1 
0 0 0 1 3 3 0 0 2 0 
0 3 2 1 0 0 0 0 0 3 
0 3 0 1 0 0 0 0 0 2 
0 0 1 3 2 1 0 0 3 1 
2 3 3 0 1 2 1 3 2 1 
0 1 1 1 0 1 0 0 0 0 
3 0 3 1 0 0 0 3 1 1 
2 3 2 2 3 1 3 2 1 1 
1 1 0 3 0 0 3 2 2 3 
0 0 0 0 0 0 0 0 0 0 
0 1 1 1 1 0 0 0 0 0 
1 0 3 0 0 1 0 0 0 0 
0 3 3 0 2 0 0 0 0 0 
0 1 1 0 0 0 0 0 0 0 
0 3 3 3 0 0 0 0 0 0 
3 2 1 2 1 1 2 0 2 3 
1 0 2 0 0 2 1 0 1 3 
0 1 1 1 0 0 1 0 0 0 
2 1 0 2 2 0 2 1 1 2 
0 3 3 0 0 0 0 0 0 0 
0 0 1 2 2 2 3 3 3 3 
0 3 3 0 2 2 2 2 0 0 
1 3 1 1 2 2 0 1 0 1 
3 3 0 2 0 3 2 0 3 0 
0 3 3 0 2 2 2 2 2 0 
1 1 2 3 1 1 2 3 3 2 
2 1 1 0 1 3 3 0 1 0 
0 1 1 1 0 0 0 1 0 0 
2 2 3 0 3 3 3 1 3 3 
0 2 0 3 3 2 0 2 1 0 
1 0 0 0 1 1 1 1 1 0 
3 1 3 0 2 2 2 2 2 2 
1 0 0 0 1 0 0 2 0 0 
1 1 3 2 3 0 1 2 3 2 
0 1 0 0 0 0 0 0 0 0 
0 0 2 1 0 2 2 3 0 0 
2 0 0 1 0 0 0 0 0 0 
2 0 0 3 0 0 0 0 0 0 
0 1 1 1 0 0 0 0 1 0 
0 3 0 0 0 0 0 0 0 0 
0 1 1 0 3 3 3 3 3 2 
3 2 2 3 2 3 1 1 2 0 
3 0 1 1 3 3 3 2 0 2 
1 0 0 0 0 0 0 0 0 0 
0 3 3 0 2 2 0 0 0 0 
0 3 3 0 2 2 2 2 2 3 
0 2 2 0 2 1 3 1 2 1 
0 2 2 2 0 0 0 0 0 2 
MFS
[ 0 , - , - , 0 , - , - , - , - , - , - ]
precise
1.0
recall
0.5
F-measure
0.6666666666666666
multi
0
time
all 631 iden 398 gen 200
t-cover
693
all-cover
720
coveredNum
(1 : 280)  (2 : 212)  (3 : 112)  (4 : 36)  (5 : 15)  (6 : 4)  (7 : 7)  (8 : 6)  (9 : 1)  (10 : 5)  (11 : 4)  (12 : 5)  (13 : 4)  (14 : 7)  (15 : 1)  (16 : 8)  (17 : 6)  (18 : 1)  (19 : 5)  (20 : 1)  
real Identify
([ 0 , - , - , 0 , - , - , - , - , - , - ] : 1)  
wrong Checked
2
wrong identified
0
testCase Num: 64
regaular Num: 29
identify Num: 36
3 0 0 0 0 0 0 0 1 0 
1 1 0 1 3 1 2 1 0 3 
0 1 1 0 1 0 0 0 0 0 
0 1 1 0 1 1 0 0 0 0 
1 0 0 0 2 0 0 2 0 0 
0 1 1 1 0 0 0 0 0 0 
1 1 3 0 3 2 2 1 0 3 
0 3 2 1 0 0 0 0 0 0 
3 0 2 2 0 3 0 3 2 0 
1 1 0 0 3 1 0 1 0 3 
2 2 3 2 0 1 2 0 0 2 
0 3 3 0 3 3 3 3 3 3 
1 2 1 0 3 3 1 2 2 1 
1 1 3 0 3 1 2 1 0 3 
1 1 0 0 0 1 2 1 0 3 
1 1 3 0 3 1 2 3 0 3 
1 1 3 0 3 1 0 1 0 3 
0 0 0 0 0 0 0 0 0 0 
0 2 0 1 1 2 2 3 3 1 
1 1 3 0 0 1 2 1 0 3 
1 1 0 0 3 1 2 1 0 0 
0 1 1 0 0 0 0 0 0 0 
0 1 1 0 1 1 1 1 0 0 
1 3 3 3 1 1 3 0 2 0 
1 0 0 1 0 0 0 0 0 0 
0 2 2 3 1 0 0 0 2 3 
1 1 0 0 3 0 2 1 0 3 
0 3 0 1 0 3 0 2 0 3 
3 1 2 1 1 1 3 2 0 1 
2 3 0 2 2 0 0 3 2 1 
1 3 1 0 2 1 0 3 1 2 
0 1 1 0 1 1 1 1 1 0 
3 3 3 2 3 2 0 2 3 3 
0 0 0 3 0 3 0 0 0 2 
3 2 2 3 2 0 2 1 2 2 
1 1 3 1 3 1 2 1 0 3 
2 1 0 0 3 1 2 1 0 3 
3 0 1 0 1 3 2 0 3 3 
1 1 0 0 3 1 2 1 1 3 
1 1 2 0 3 1 2 1 1 0 
3 1 0 3 0 1 1 3 0 1 
1 1 1 0 3 1 2 1 1 0 
0 3 3 1 2 3 1 1 0 3 
0 1 1 0 1 1 1 1 1 1 
0 1 1 0 1 1 1 0 0 0 
0 0 0 1 0 1 0 0 0 0 
1 1 2 2 2 2 1 1 3 0 
0 0 0 1 1 2 1 0 2 2 
2 0 1 2 1 1 1 1 1 1 
1 1 3 0 3 1 2 1 2 3 
1 1 0 0 3 1 2 1 0 3 
1 1 1 0 3 1 2 1 0 3 
1 1 0 0 3 1 2 0 0 3 
0 1 0 0 0 0 0 0 0 0 
2 1 2 0 0 3 3 3 1 3 
0 0 3 2 2 0 3 0 1 1 
1 3 0 0 3 1 2 1 0 3 
0 0 0 3 3 2 3 2 1 2 
2 2 1 3 0 2 3 1 3 0 
0 2 2 0 2 2 2 2 2 2 
1 0 0 0 0 0 0 0 0 0 
1 1 3 0 3 1 2 1 3 2 
0 0 0 1 3 0 1 0 3 0 
2 2 2 1 3 0 2 2 1 0 
MFS
[ 0 , - , - , 0 , - , - , - , - , - , - ]
[ 1 , 1 , - , 0 , 3 , 1 , 2 , 1 , - , - ]
precise
0.5
recall
0.5
F-measure
0.5
multi
0
time
all 385 iden 179 gen 121
t-cover
718
all-cover
720
coveredNum
(1 : 217)  (2 : 207)  (3 : 125)  (4 : 52)  (5 : 15)  (6 : 20)  (7 : 10)  (8 : 11)  (9 : 4)  (10 : 3)  (11 : 4)  (12 : 5)  (13 : 5)  (14 : 4)  (15 : 1)  (18 : 1)  (19 : 1)  (20 : 1)  (21 : 6)  (22 : 9)  (23 : 11)  (24 : 7)  (26 : 1)  
real Identify
([ 0 , - , - , 0 , - , - , - , - , - , - ] : 1)  
wrong Checked
2
wrong identified
1
testCase Num: 50
regaular Num: 26
identify Num: 25
0 3 0 1 1 2 2 2 0 2 
1 1 3 2 1 1 0 2 0 2 
0 1 1 0 1 0 0 0 0 0 
0 1 1 0 1 1 0 0 0 0 
2 0 0 0 3 2 3 2 2 0 
1 1 3 3 1 1 0 2 1 2 
0 1 1 1 0 0 0 0 0 0 
2 3 0 3 3 0 3 2 3 1 
3 1 3 0 2 2 2 1 2 1 
3 3 2 2 3 2 0 0 0 3 
0 1 3 1 1 0 3 2 1 3 
0 3 3 0 3 3 3 3 3 3 
0 0 0 0 0 0 0 0 0 0 
2 0 0 2 3 0 2 3 1 0 
1 1 0 3 1 1 0 2 0 2 
0 1 1 0 0 0 0 0 0 0 
1 3 1 0 2 3 1 3 1 2 
2 2 1 0 2 1 3 1 0 3 
1 2 3 3 1 1 0 2 0 2 
0 1 1 0 1 1 1 1 0 0 
3 0 1 3 0 2 1 2 1 0 
1 0 0 1 0 0 0 0 0 0 
2 2 2 1 0 3 2 0 1 1 
0 1 1 0 1 1 1 1 1 0 
0 0 2 2 2 3 3 2 3 1 
1 1 3 3 1 3 0 2 0 2 
1 3 3 0 1 1 3 0 3 0 
0 1 1 0 1 1 1 1 1 1 
3 2 0 1 2 0 0 0 2 0 
1 1 3 3 1 1 1 2 0 2 
2 2 2 2 1 1 1 1 1 0 
0 0 1 2 3 0 1 1 3 1 
2 1 3 3 1 1 0 2 0 2 
3 2 3 1 0 2 3 3 3 2 
1 1 3 3 3 1 0 2 0 2 
0 0 0 1 0 0 2 0 3 0 
0 1 1 0 1 1 1 0 0 0 
0 2 0 1 3 3 1 1 2 3 
1 0 0 0 0 2 0 3 0 1 
0 1 0 0 0 0 0 0 0 0 
1 3 2 2 0 0 2 1 2 2 
3 0 2 3 2 3 0 1 0 0 
1 1 3 3 1 1 0 0 0 2 
1 1 3 3 1 1 0 2 0 1 
1 1 3 3 1 1 0 2 0 2 
0 2 2 0 2 2 2 2 2 2 
1 0 0 0 0 0 0 0 0 0 
3 0 3 1 1 1 1 0 0 2 
0 0 1 3 1 1 2 3 2 3 
1 1 2 0 0 1 0 3 3 3 
MFS
[ 0 , - , - , 0 , - , - , - , - , - , - ]
[ 1 , 1 , 3 , 3 , 1 , 1 , 0 , 2 , 0 , 2 ]
precise
0.5
recall
0.5
F-measure
0.5
multi
0
time
all 464 iden 246 gen 130
t-cover
717
all-cover
720
coveredNum
(1 : 251)  (2 : 173)  (3 : 81)  (4 : 15)  (5 : 14)  (6 : 17)  (7 : 49)  (8 : 50)  (9 : 16)  (10 : 5)  (11 : 2)  (12 : 2)  (78 : 3)  (79 : 13)  (80 : 11)  (81 : 8)  (82 : 7)  (83 : 2)  (87 : 1)  
real Identify
([ 0 , - , - , 0 , - , - , - , - , - , - ] : 1)  
wrong Checked
27
wrong identified
1
testCase Num: 54
regaular Num: 30
identify Num: 25
3 1 1 0 2 1 2 1 1 1 
3 1 0 0 2 1 2 1 1 0 
0 1 1 0 1 0 0 0 0 0 
3 1 0 0 2 1 2 1 1 1 
0 0 3 1 0 2 1 0 0 2 
0 1 1 0 1 1 0 0 0 0 
1 0 0 0 0 0 0 2 2 1 
0 1 1 1 0 0 0 0 0 0 
2 2 2 2 1 1 1 0 1 1 
0 3 3 0 3 3 3 3 3 3 
3 1 2 2 1 0 2 3 3 0 
2 3 3 3 2 0 0 1 2 1 
3 1 0 0 2 1 3 1 1 1 
0 0 0 0 0 0 0 0 0 0 
0 0 0 1 0 0 0 3 1 0 
0 1 2 1 2 0 1 0 2 2 
0 1 1 0 0 0 0 0 0 0 
3 1 0 0 2 1 2 1 0 1 
0 0 0 2 3 3 3 1 3 1 
0 1 1 0 1 1 1 1 0 0 
0 3 0 3 1 1 1 3 2 3 
1 0 0 1 0 0 0 0 0 0 
1 3 0 0 0 0 0 1 1 3 
3 1 0 0 3 1 2 1 1 1 
0 1 1 0 1 1 1 1 1 0 
2 0 2 1 0 3 3 2 3 3 
0 2 0 2 0 2 0 2 1 2 
2 1 1 3 3 2 1 0 3 0 
0 2 0 3 0 0 3 0 0 3 
0 3 0 1 1 2 0 0 0 0 
3 1 0 0 2 1 2 0 1 1 
3 0 0 0 0 0 1 0 0 0 
1 0 3 2 1 1 0 3 2 0 
1 0 3 0 0 3 2 0 0 0 
0 1 1 0 1 1 1 1 1 1 
1 2 2 0 1 3 1 1 2 0 
3 3 2 3 3 3 0 0 0 3 
3 0 0 0 2 1 2 1 1 1 
2 2 1 0 2 3 2 3 0 2 
0 2 0 1 3 0 0 0 3 2 
0 1 1 0 1 1 1 0 0 0 
1 1 0 0 2 1 2 1 1 1 
3 1 0 1 2 1 2 1 1 1 
1 0 1 3 1 1 3 2 1 2 
0 3 1 2 2 0 2 2 0 3 
0 1 0 0 0 0 0 0 0 0 
1 1 3 0 2 2 1 2 3 3 
3 1 0 0 2 3 2 1 1 1 
2 3 0 0 0 1 0 3 3 1 
0 2 2 0 2 2 2 2 2 2 
1 0 0 0 0 0 0 0 0 0 
3 2 3 1 3 0 3 2 1 0 
1 3 1 1 3 2 3 3 2 1 
3 3 2 3 0 2 2 1 2 2 
MFS
[ 0 , - , - , 0 , - , - , - , - , - , - ]
[ 3 , 1 , 0 , 0 , 2 , 1 , 2 , 1 , 1 , 1 ]
precise
0.5
recall
0.5
F-measure
0.5
multi
0
time
all 421 iden 190 gen 153
t-cover
705
all-cover
720
coveredNum
(1 : 211)  (2 : 195)  (3 : 81)  (4 : 17)  (68 : 1)  (5 : 24)  (69 : 3)  (6 : 35)  (70 : 5)  (7 : 38)  (71 : 7)  (8 : 39)  (72 : 11)  (9 : 25)  (73 : 8)  (10 : 3)  (74 : 5)  (11 : 5)  (75 : 4)  (76 : 1)  (13 : 1)  (14 : 1)  
real Identify
([ 0 , - , - , 0 , - , - , - , - , - , - ] : 1)  
wrong Checked
27
wrong identified
1
testCase Num: 44
regaular Num: 31
identify Num: 13
0 1 1 0 1 0 0 0 0 0 
1 2 1 0 1 1 3 2 3 0 
2 3 2 0 0 2 1 2 0 3 
0 2 3 1 1 2 0 0 2 3 
1 1 0 0 2 0 0 0 0 0 
3 3 2 1 2 0 3 0 1 0 
0 1 1 0 1 1 0 0 0 0 
0 1 1 0 1 1 1 1 1 1 
0 1 1 1 0 0 0 0 0 0 
2 2 3 3 3 0 2 0 0 1 
1 0 1 0 2 2 2 1 3 3 
3 3 1 0 3 0 2 2 2 0 
1 3 1 0 0 2 0 0 1 2 
0 1 1 0 1 1 1 0 0 0 
3 0 1 2 0 2 3 1 2 1 
0 3 0 1 3 0 0 3 0 1 
3 2 0 2 2 3 0 0 3 0 
0 0 0 2 0 1 1 1 0 3 
3 0 3 1 1 3 1 1 0 0 
0 3 3 0 3 3 3 3 3 3 
2 3 0 1 1 0 2 3 3 2 
2 1 3 3 0 1 0 2 3 1 
2 0 1 3 2 3 1 3 2 0 
0 0 0 1 2 1 0 2 1 1 
1 0 0 3 0 2 0 0 0 0 
2 2 2 2 1 0 1 1 1 1 
0 0 0 0 0 0 0 0 0 0 
1 1 3 0 0 3 2 1 1 1 
0 1 0 0 0 0 0 0 0 0 
0 1 1 0 0 0 0 0 0 0 
0 3 2 3 3 3 0 1 3 2 
0 1 1 0 1 1 1 1 0 0 
0 2 3 2 0 1 3 3 0 2 
1 0 0 1 0 0 0 0 0 0 
3 1 0 3 3 2 3 3 1 3 
0 1 2 3 1 0 2 0 0 3 
0 2 2 0 2 2 2 2 2 2 
3 3 3 2 2 1 2 2 0 2 
1 0 2 0 3 0 0 3 0 2 
1 0 0 0 0 0 0 0 0 0 
0 1 1 0 1 1 1 1 1 0 
1 1 2 2 3 1 1 0 2 2 
0 0 0 1 0 0 1 0 3 0 
2 0 0 0 0 3 3 2 2 3 
MFS
[ 0 , - , - , 0 , - , - , - , - , - , - ]
precise
1.0
recall
0.5
F-measure
0.6666666666666666
multi
0
time
all 346 iden 147 gen 131
t-cover
703
all-cover
720
coveredNum
(1 : 296)  (2 : 241)  (3 : 108)  (4 : 34)  (5 : 14)  (6 : 15)  (7 : 8)  (8 : 4)  
real Identify
([ 0 , - , - , 0 , - , - , - , - , - , - ] : 1)  
wrong Checked
0
wrong identified
0
testCase Num: 45
regaular Num: 32
identify Num: 13
3 3 1 0 2 3 1 1 3 3 
0 3 2 1 0 1 1 1 0 2 
3 3 3 3 1 1 0 2 2 2 
0 1 1 0 1 0 0 0 0 0 
0 0 0 1 0 0 0 2 2 0 
0 1 1 0 1 1 0 0 0 0 
0 1 1 0 1 1 1 1 1 1 
1 1 3 2 2 1 1 0 2 1 
0 1 1 1 0 0 0 0 0 0 
2 1 0 0 3 2 0 0 0 2 
0 1 1 0 1 1 1 0 0 0 
0 0 0 2 2 2 2 3 3 2 
3 1 2 3 1 0 3 3 3 0 
3 0 0 0 3 1 0 0 0 1 
1 3 3 0 2 0 3 3 0 2 
2 3 3 1 3 2 2 1 1 0 
0 3 3 0 3 3 3 3 3 3 
0 2 3 1 0 3 3 3 2 1 
1 0 0 0 1 0 0 0 0 3 
2 2 2 2 1 0 1 1 1 1 
0 0 0 0 0 0 0 0 0 0 
0 1 0 0 0 0 0 0 0 0 
0 0 0 1 0 0 1 3 0 0 
3 0 1 2 0 2 1 2 0 1 
0 1 0 3 0 3 2 1 1 1 
0 1 1 0 0 0 0 0 0 0 
1 2 2 3 3 2 2 0 0 3 
3 2 0 1 2 1 0 3 1 2 
2 0 1 2 3 3 0 3 2 3 
1 2 1 1 0 1 2 2 3 1 
0 1 1 0 1 1 1 1 0 0 
2 2 2 0 2 1 0 2 3 0 
1 0 0 1 0 0 0 0 0 0 
1 0 2 0 0 3 0 2 0 3 
0 2 2 0 2 2 2 2 2 2 
0 0 3 1 3 0 1 0 3 3 
1 0 0 0 0 0 0 0 0 0 
0 1 1 0 1 1 1 1 1 0 
1 3 0 2 1 2 3 1 0 0 
2 1 0 0 3 1 3 2 1 3 
0 0 2 1 1 2 0 1 2 1 
3 3 0 0 1 0 2 0 2 1 
0 0 0 3 2 0 0 0 0 0 
1 0 1 3 1 3 3 0 1 2 
2 2 0 3 0 3 1 0 0 0 
MFS
[ 0 , - , - , 0 , - , - , - , - , - , - ]
precise
1.0
recall
0.5
F-measure
0.6666666666666666
multi
0
time
all 349 iden 132 gen 149
t-cover
706
all-cover
720
coveredNum
(1 : 288)  (2 : 238)  (3 : 118)  (4 : 32)  (5 : 12)  (6 : 11)  (7 : 12)  (8 : 6)  (9 : 3)  
real Identify
([ 0 , - , - , 0 , - , - , - , - , - , - ] : 1)  
wrong Checked
0
wrong identified
0
testCase Num: 72
regaular Num: 21
identify Num: 53
0 1 0 2 2 3 3 3 1 3 
3 1 0 0 0 2 1 1 3 0 
0 1 1 0 1 0 0 0 0 0 
2 1 0 1 0 2 1 1 3 0 
0 3 1 3 3 0 0 3 3 3 
0 1 1 0 1 1 0 0 0 0 
0 1 0 2 3 2 3 3 1 3 
0 1 1 1 0 0 0 0 0 0 
0 1 0 3 1 2 3 3 1 3 
2 0 1 0 3 2 3 3 0 3 
0 1 0 3 3 2 3 3 2 3 
1 3 0 2 2 0 3 1 2 0 
1 2 2 1 0 1 2 2 3 1 
2 1 0 0 1 2 1 1 3 0 
2 3 2 3 3 0 1 2 0 0 
0 1 0 3 3 2 2 3 1 3 
2 0 2 1 0 3 0 0 3 2 
0 1 0 1 1 2 2 3 1 3 
0 3 3 0 3 3 3 3 3 3 
3 3 2 0 1 0 0 0 1 1 
2 1 0 0 0 3 1 1 3 0 
0 0 2 1 1 0 0 1 0 1 
0 0 0 0 0 0 0 0 0 0 
0 1 0 2 1 2 3 3 1 3 
0 1 0 1 3 2 3 3 1 3 
0 1 1 0 0 0 0 0 0 0 
0 1 1 0 1 1 1 1 0 0 
2 1 0 0 0 2 1 1 3 0 
2 1 2 0 0 2 1 1 3 0 
0 1 0 1 0 2 3 3 1 3 
1 0 0 1 0 0 0 0 0 0 
1 2 1 0 2 1 1 0 3 3 
1 0 3 0 1 3 2 2 2 1 
0 1 1 0 1 1 1 1 1 0 
0 1 0 3 3 2 3 0 1 3 
3 2 2 2 2 2 0 2 2 2 
0 1 0 1 1 2 3 2 1 3 
0 2 0 3 3 2 3 3 1 3 
3 1 3 2 3 1 0 1 0 0 
3 3 1 1 0 1 1 3 2 2 
0 1 0 2 0 2 3 3 1 3 
0 1 1 0 1 1 1 1 1 1 
0 0 1 1 0 0 0 2 0 0 
2 1 0 0 0 2 0 1 3 0 
2 1 0 0 0 2 1 0 2 0 
1 0 0 0 0 0 0 0 0 2 
0 1 1 0 1 1 1 0 0 0 
2 1 0 0 0 2 1 3 3 0 
0 1 0 1 2 2 3 3 1 3 
1 1 0 3 3 2 3 3 1 3 
2 0 1 2 1 1 1 1 1 1 
3 0 3 0 0 0 3 3 1 0 
2 3 0 0 0 2 1 1 3 0 
0 1 0 2 1 2 3 3 3 3 
0 1 0 3 3 1 3 3 1 3 
0 1 0 0 0 0 0 0 0 0 
2 1 0 0 0 2 1 0 3 0 
2 1 0 0 0 2 1 0 3 2 
2 1 0 0 0 2 1 2 3 0 
2 2 3 1 2 0 2 1 0 2 
3 3 3 3 0 3 2 1 3 3 
0 1 0 3 3 2 3 3 1 2 
0 1 0 3 3 2 3 3 1 3 
0 0 0 1 3 3 0 0 0 0 
0 2 2 0 2 2 2 2 2 2 
0 2 1 2 1 3 2 0 0 0 
1 0 0 0 0 0 0 0 0 0 
0 1 2 3 3 2 3 3 1 3 
0 1 0 3 3 2 3 3 1 0 
0 1 0 3 3 2 3 3 1 1 
0 1 0 1 1 2 3 3 1 2 
0 0 3 3 2 2 1 0 0 1 
MFS
[ 0 , - , - , 0 , - , - , - , - , - , - ]
[ 2 , 1 , 0 , 0 , 0 , 2 , 1 , - , 3 , 0 ]
[ 0 , 1 , 0 , 3 , 3 , 2 , 3 , 3 , 1 , 3 ]
precise
0.3333333333333333
recall
0.5
F-measure
0.4
multi
0
time
all 1003 iden 780 gen 129
t-cover
709
all-cover
720
coveredNum
(128 : 1)  (1 : 153)  (129 : 4)  (2 : 75)  (130 : 3)  (3 : 34)  (4 : 43)  (132 : 2)  (5 : 28)  (133 : 2)  (6 : 45)  (7 : 60)  (136 : 2)  (8 : 56)  (9 : 34)  (10 : 21)  (11 : 25)  (12 : 9)  (13 : 1)  (14 : 9)  (15 : 6)  (16 : 3)  (17 : 4)  (19 : 3)  (20 : 5)  (21 : 3)  (22 : 1)  (23 : 1)  (24 : 1)  (25 : 2)  (26 : 2)  (27 : 4)  (28 : 1)  (30 : 1)  (31 : 7)  (32 : 7)  (33 : 5)  (161 : 2)  (34 : 2)  (35 : 3)  (36 : 2)  (165 : 1)  (37 : 2)  (38 : 7)  (39 : 3)  (40 : 5)  (42 : 2)  (83 : 1)  (84 : 2)  (86 : 3)  (87 : 2)  (89 : 1)  (91 : 2)  (92 : 1)  (93 : 4)  (94 : 1)  (119 : 2)  (121 : 1)  (123 : 2)  (124 : 2)  (125 : 1)  (126 : 1)  (127 : 2)  
real Identify
([ 0 , - , - , 0 , - , - , - , - , - , - ] : 1)  
wrong Checked
40
wrong identified
2
