testCase Num: 45
regaular Num: 32
identify Num: 13
3 3 3 2 3 0 3 3 1 0 
0 2 1 1 3 1 2 2 1 0 
0 1 1 0 1 0 0 0 0 0 
0 1 1 0 1 1 0 0 0 0 
2 2 2 1 2 0 2 1 3 0 
1 3 2 3 0 0 2 2 0 1 
0 1 1 0 1 1 1 1 1 1 
0 1 1 1 0 0 0 0 0 0 
2 3 0 2 3 0 0 0 2 3 
2 2 2 2 1 1 1 0 1 1 
2 2 0 1 2 3 1 2 0 2 
1 0 3 0 1 3 0 1 1 1 
0 3 0 1 0 2 1 1 2 1 
0 1 1 0 1 1 1 0 0 0 
3 1 0 2 2 2 2 0 1 3 
1 2 2 0 1 2 3 2 2 0 
1 0 0 0 0 0 3 1 0 0 
2 1 3 3 3 2 0 2 3 1 
2 0 1 0 0 1 3 3 0 1 
0 3 3 0 3 3 3 3 3 3 
1 1 3 0 3 1 2 1 0 2 
0 0 3 3 3 3 1 0 2 0 
0 0 0 0 0 0 0 0 0 0 
0 0 0 1 0 0 1 3 0 2 
0 1 0 0 0 0 0 0 0 0 
3 2 3 2 0 1 0 1 3 3 
1 0 3 1 2 2 0 3 3 1 
0 1 1 0 0 0 0 0 0 0 
0 3 0 1 0 1 0 0 0 0 
3 1 2 1 1 3 3 3 0 3 
0 1 1 0 1 1 1 1 0 0 
1 3 1 0 2 3 1 2 3 3 
1 0 0 1 0 0 0 0 0 0 
0 2 0 3 2 1 3 3 2 3 
1 0 1 2 0 2 0 0 0 3 
0 0 0 3 0 0 0 0 1 0 
0 2 2 0 2 2 2 2 2 2 
0 0 2 1 3 0 0 0 0 0 
1 0 0 0 0 0 0 0 0 0 
0 1 1 0 1 1 1 1 1 0 
0 3 0 3 1 0 3 0 3 2 
0 0 0 1 0 3 2 3 0 0 
3 0 1 3 1 2 2 1 2 2 
0 0 2 2 0 3 0 2 1 2 
3 1 0 0 0 0 1 2 2 1 
MFS
[ 0 , - , - , 0 , - , - , - , - , - , - ]
precise
1.0
recall
0.5
F-measure
0.6666666666666666
multi
0
time
all 420 iden 187 gen 173
t-cover
720
all-cover
720
coveredNum
(1 : 290)  (2 : 251)  (3 : 105)  (4 : 25)  (5 : 9)  (6 : 16)  (7 : 13)  (8 : 8)  (9 : 2)  (10 : 1)  
real Identify
([ 0 , - , - , 0 , - , - , - , - , - , - ] : 1)  
wrong Checked
0
wrong identified
0
testCase Num: 44
regaular Num: 31
identify Num: 13
3 2 3 2 0 3 1 2 0 0 
0 1 1 0 1 0 0 0 0 0 
3 3 2 3 2 2 1 0 2 2 
2 3 3 1 2 0 2 2 1 1 
2 2 1 3 3 2 0 0 0 2 
0 1 1 0 1 1 0 0 0 0 
0 2 2 1 1 0 3 3 2 3 
0 1 1 0 1 1 1 1 1 1 
2 3 3 1 0 0 0 3 3 2 
0 0 2 1 1 3 2 1 0 2 
0 1 1 1 0 0 0 0 0 0 
2 2 2 2 1 1 0 1 1 1 
3 3 3 0 1 1 3 0 0 3 
2 0 1 0 2 1 0 2 2 0 
1 3 1 0 1 2 2 1 3 0 
2 0 0 0 0 0 1 0 0 3 
0 1 1 0 1 1 1 0 0 0 
0 1 2 1 0 2 3 2 3 0 
0 0 1 3 0 3 1 3 0 3 
3 1 0 3 1 0 1 1 3 1 
3 1 0 3 2 2 0 1 0 0 
0 3 3 0 3 3 3 3 3 3 
0 0 0 1 1 0 0 2 0 0 
1 1 3 3 0 2 3 1 1 3 
0 0 0 0 0 0 0 0 0 0 
1 2 2 0 3 3 1 1 2 1 
3 0 0 0 0 0 2 3 0 1 
2 1 0 0 3 3 3 3 1 2 
0 1 0 0 0 0 0 0 0 0 
0 1 1 0 0 0 0 0 0 0 
0 2 0 1 2 0 0 0 3 0 
0 3 0 2 2 3 0 0 3 3 
1 1 0 2 0 1 2 2 2 2 
1 3 0 0 3 0 0 0 0 0 
0 1 1 0 1 1 1 1 0 0 
0 2 0 2 3 0 2 0 1 1 
3 0 1 1 3 1 1 3 1 0 
1 0 0 1 0 0 0 0 0 0 
0 2 2 0 2 2 2 2 2 2 
1 0 0 0 0 0 0 0 0 0 
0 1 1 0 1 1 1 1 1 0 
0 0 3 1 0 0 0 0 2 0 
0 0 3 3 3 1 2 2 3 3 
1 0 1 2 2 2 3 3 0 1 
MFS
[ 0 , - , - , 0 , - , - , - , - , - , - ]
precise
1.0
recall
0.5
F-measure
0.6666666666666666
multi
0
time
all 347 iden 147 gen 147
t-cover
720
all-cover
720
coveredNum
(1 : 300)  (2 : 242)  (3 : 105)  (4 : 33)  (5 : 13)  (6 : 8)  (7 : 12)  (8 : 5)  (9 : 2)  
real Identify
([ 0 , - , - , 0 , - , - , - , - , - , - ] : 1)  
wrong Checked
0
wrong identified
0
testCase Num: 44
regaular Num: 31
identify Num: 13
1 2 1 0 2 0 3 1 1 3 
0 1 1 0 1 0 0 0 0 0 
3 1 0 3 1 0 1 1 2 3 
0 3 2 3 0 2 2 1 0 3 
0 1 1 0 1 1 0 0 0 0 
0 1 1 0 1 1 1 1 1 1 
3 3 1 0 1 3 2 2 3 3 
0 1 1 1 0 0 0 0 0 0 
2 1 0 2 2 2 2 3 0 3 
2 2 2 2 1 1 0 1 1 1 
2 0 3 2 3 3 0 0 2 3 
0 1 1 0 1 1 1 0 0 0 
1 1 0 0 3 2 3 2 3 1 
2 2 1 3 2 2 0 2 3 0 
0 0 0 1 0 0 0 1 3 0 
0 3 2 2 2 0 2 0 2 1 
0 0 0 1 0 0 0 0 3 0 
1 2 3 0 0 1 2 3 2 0 
0 3 3 0 3 3 3 3 3 3 
3 2 2 1 0 3 1 3 0 1 
0 0 0 0 0 0 0 0 0 0 
0 0 3 1 1 2 2 1 1 2 
0 1 0 0 0 0 0 0 0 0 
0 1 1 0 0 0 0 0 0 0 
0 3 0 1 3 1 0 3 0 2 
2 0 1 0 2 3 1 2 0 2 
0 1 1 0 1 1 1 1 0 0 
2 3 3 2 0 0 3 2 3 2 
1 0 0 2 1 0 1 3 3 2 
0 0 1 2 0 0 0 0 0 0 
1 0 0 1 0 0 0 0 0 0 
0 2 0 1 3 0 2 2 2 0 
3 1 2 0 1 1 3 0 1 2 
0 2 0 1 1 3 3 0 0 0 
0 2 2 0 2 2 2 2 2 2 
1 3 2 3 3 3 1 1 1 0 
1 0 0 0 0 0 0 0 0 0 
0 1 1 0 1 1 1 1 1 0 
3 0 0 2 3 0 0 3 1 0 
0 1 3 1 0 3 0 0 0 1 
2 0 0 1 0 0 0 2 1 0 
3 2 3 3 2 2 1 0 2 2 
0 0 1 3 3 1 3 3 2 1 
0 0 2 1 2 1 1 2 3 3 
MFS
[ 0 , - , - , 0 , - , - , - , - , - , - ]
precise
1.0
recall
0.5
F-measure
0.6666666666666666
multi
0
time
all 337 iden 137 gen 122
t-cover
720
all-cover
720
coveredNum
(1 : 290)  (2 : 274)  (3 : 91)  (4 : 21)  (5 : 8)  (6 : 16)  (7 : 9)  (8 : 7)  (9 : 4)  
real Identify
([ 0 , - , - , 0 , - , - , - , - , - , - ] : 1)  
wrong Checked
0
wrong identified
0
testCase Num: 45
regaular Num: 32
identify Num: 13
0 0 0 1 1 0 3 0 0 0 
3 3 2 3 3 0 0 1 3 0 
0 1 1 0 1 0 0 0 0 0 
1 0 3 0 0 3 0 0 0 0 
0 1 1 0 1 1 0 0 0 0 
0 1 1 0 1 1 1 1 1 1 
1 2 3 0 3 2 3 0 3 1 
1 2 1 2 2 0 0 3 0 3 
1 0 2 0 0 0 2 3 0 3 
0 1 1 1 0 0 0 0 0 0 
3 2 0 1 0 0 3 2 2 2 
2 3 3 1 2 2 0 3 1 3 
0 1 1 0 1 1 1 0 0 0 
2 0 1 0 1 0 2 1 1 2 
2 0 1 2 3 3 1 2 3 0 
1 3 2 1 1 1 2 0 2 0 
1 1 2 0 3 3 1 3 2 2 
2 2 2 2 0 1 1 1 1 1 
0 3 3 0 3 3 3 3 3 3 
3 0 2 0 2 2 3 3 1 0 
0 0 0 1 2 1 2 0 3 2 
0 1 0 2 3 1 2 1 3 3 
0 0 0 0 0 0 0 0 0 0 
1 0 3 3 0 0 1 1 0 1 
0 3 3 3 0 2 1 1 2 0 
0 0 0 1 1 0 1 0 3 3 
0 1 0 0 0 0 0 0 0 0 
0 1 1 0 0 0 0 0 0 0 
3 3 1 0 3 1 3 3 0 1 
2 1 2 1 2 3 3 1 0 1 
0 1 1 0 1 1 1 1 0 0 
1 0 0 0 0 0 0 2 1 0 
0 1 1 1 0 2 0 0 0 0 
3 1 0 3 2 3 1 0 1 3 
3 3 3 2 1 2 2 2 0 2 
0 0 1 3 2 1 3 2 2 3 
1 0 0 1 0 0 0 0 0 0 
0 2 2 0 2 2 2 2 2 2 
3 1 3 0 1 1 0 2 2 1 
1 0 0 0 0 0 0 0 0 0 
0 1 1 0 1 1 1 1 1 0 
0 0 2 1 3 0 1 2 1 2 
2 3 0 3 0 3 0 0 3 2 
2 2 0 2 0 2 3 0 2 0 
0 2 0 3 1 3 2 3 3 1 
MFS
[ 0 , - , - , 0 , - , - , - , - , - , - ]
precise
1.0
recall
0.5
F-measure
0.6666666666666666
multi
0
time
all 332 iden 116 gen 147
t-cover
720
all-cover
720
coveredNum
(1 : 265)  (2 : 261)  (3 : 126)  (4 : 23)  (5 : 13)  (6 : 20)  (7 : 8)  (8 : 3)  (9 : 1)  
real Identify
([ 0 , - , - , 0 , - , - , - , - , - , - ] : 1)  
wrong Checked
0
wrong identified
0
testCase Num: 44
regaular Num: 31
identify Num: 13
1 0 1 2 3 3 2 1 0 1 
0 1 1 0 1 0 0 0 0 0 
2 0 1 0 1 1 0 2 3 2 
1 3 0 3 2 1 2 0 0 2 
3 0 3 0 0 2 3 1 1 0 
0 1 0 2 0 2 0 2 0 2 
3 0 1 3 2 2 1 1 2 2 
0 1 1 0 1 1 0 0 0 0 
0 1 1 0 1 1 1 1 1 1 
3 2 0 0 0 1 0 0 2 0 
0 1 1 1 0 0 0 0 0 0 
2 2 2 2 1 1 1 0 1 1 
1 1 0 3 1 2 3 2 2 3 
0 3 0 2 2 3 3 3 3 0 
0 1 1 0 1 1 1 0 0 0 
0 3 3 2 0 2 0 0 2 1 
0 0 2 3 3 1 3 0 1 2 
1 3 2 0 0 0 0 0 0 0 
3 2 2 1 0 3 0 1 3 3 
0 3 3 0 3 3 3 3 3 3 
1 0 3 3 1 3 0 3 1 0 
1 1 2 0 0 3 1 2 2 0 
1 2 2 0 2 0 3 2 0 1 
0 3 3 1 1 1 1 1 0 3 
2 0 0 0 0 3 0 0 0 0 
2 0 0 0 2 0 0 0 2 3 
0 0 0 0 0 0 0 0 0 0 
0 0 3 1 1 2 2 2 3 1 
0 1 0 0 0 0 0 0 0 0 
0 1 1 0 0 0 0 0 0 0 
3 1 0 3 3 0 1 0 3 1 
3 2 1 2 1 0 3 3 0 3 
0 1 1 0 1 1 1 1 0 0 
2 3 1 0 3 1 0 3 1 0 
1 0 0 1 0 0 0 0 0 0 
3 3 3 0 3 0 2 2 1 3 
0 2 3 3 2 3 0 0 0 2 
0 2 2 0 2 2 2 2 2 2 
2 1 0 1 2 0 3 1 1 2 
1 0 0 0 0 0 1 3 3 1 
1 0 0 0 0 0 0 0 0 0 
0 1 1 0 1 1 1 1 1 0 
2 2 2 1 3 2 2 3 2 0 
2 1 3 3 0 1 2 3 0 2 
MFS
[ 0 , - , - , 0 , - , - , - , - , - , - ]
precise
1.0
recall
0.5
F-measure
0.6666666666666666
multi
0
time
all 365 iden 132 gen 164
t-cover
720
all-cover
720
coveredNum
(1 : 282)  (2 : 257)  (3 : 114)  (4 : 27)  (5 : 18)  (6 : 10)  (7 : 8)  (8 : 2)  (9 : 2)  
real Identify
([ 0 , - , - , 0 , - , - , - , - , - , - ] : 1)  
wrong Checked
0
wrong identified
0
testCase Num: 44
regaular Num: 31
identify Num: 13
3 1 0 0 1 3 2 3 3 3 
0 0 2 3 0 1 2 2 1 3 
0 0 0 1 1 0 0 0 1 0 
0 1 1 0 1 0 0 0 0 0 
0 0 0 1 3 0 0 3 0 0 
2 2 3 1 1 0 1 0 3 3 
1 0 2 0 2 2 0 0 3 0 
0 1 1 0 1 1 0 0 0 0 
0 1 1 0 1 1 1 1 1 1 
2 0 1 0 3 2 3 2 2 2 
3 1 2 1 2 0 2 3 0 2 
0 1 1 1 0 0 0 0 0 0 
3 3 1 2 2 1 3 2 3 0 
3 3 0 0 1 1 0 0 2 2 
2 2 2 2 1 1 1 1 0 1 
3 2 2 2 3 2 3 0 0 3 
1 3 2 1 2 3 0 1 2 3 
0 1 1 0 1 1 1 0 0 0 
1 1 0 2 0 2 3 1 2 1 
2 3 1 2 0 1 2 3 0 0 
1 1 3 1 3 1 0 2 1 1 
0 3 3 0 3 3 3 3 3 3 
1 2 1 3 1 2 1 3 2 0 
2 0 2 2 0 0 0 3 3 1 
0 2 3 2 0 3 3 3 1 2 
0 0 0 0 0 0 0 0 0 0 
0 0 1 1 0 2 0 0 0 3 
0 3 0 3 3 0 1 1 3 2 
0 1 0 0 0 0 0 0 0 0 
0 2 0 3 2 2 0 2 0 0 
0 1 1 0 0 0 0 0 0 0 
0 1 1 0 1 1 1 1 0 0 
1 0 0 1 0 0 0 0 0 0 
1 0 0 0 0 3 0 0 0 2 
1 0 0 0 0 0 2 0 2 0 
0 2 2 0 2 2 2 2 2 2 
1 0 0 0 0 0 0 0 0 0 
0 1 1 0 1 1 1 1 1 0 
0 0 0 3 0 0 3 0 0 0 
3 0 1 0 0 3 1 1 1 1 
3 3 3 3 2 2 2 0 1 1 
0 0 3 1 1 0 3 2 2 1 
2 1 0 3 2 3 1 2 1 0 
1 2 3 0 3 3 2 1 0 0 
MFS
[ 0 , - , - , 0 , - , - , - , - , - , - ]
precise
1.0
recall
0.5
F-measure
0.6666666666666666
multi
0
time
all 334 iden 133 gen 135
t-cover
720
all-cover
720
coveredNum
(1 : 309)  (2 : 241)  (3 : 101)  (4 : 18)  (5 : 16)  (6 : 13)  (7 : 15)  (8 : 6)  (9 : 1)  
real Identify
([ 0 , - , - , 0 , - , - , - , - , - , - ] : 1)  
wrong Checked
0
wrong identified
0
testCase Num: 45
regaular Num: 32
identify Num: 13
0 1 1 0 1 0 0 0 0 0 
1 2 2 0 0 0 1 0 0 0 
0 1 1 0 1 1 0 0 0 0 
2 3 2 3 1 0 0 0 2 3 
0 1 1 0 1 1 1 1 1 1 
1 1 0 3 2 2 1 2 3 1 
3 1 0 0 1 2 3 1 2 3 
3 0 2 0 0 3 2 2 0 3 
3 0 3 1 0 1 1 2 2 3 
0 1 1 1 0 0 0 0 0 0 
0 0 0 2 0 2 0 3 0 0 
0 2 3 1 3 0 1 3 1 3 
0 1 1 0 1 1 1 0 0 0 
0 3 2 2 2 0 3 2 3 0 
0 2 0 1 0 0 0 2 0 0 
1 0 0 0 0 0 3 0 0 1 
0 0 0 3 0 0 0 1 0 0 
0 0 0 2 3 1 2 3 3 3 
2 2 2 2 0 1 1 1 1 1 
0 3 3 0 3 3 3 3 3 3 
2 0 1 1 2 0 0 0 3 2 
0 0 0 0 0 0 0 0 0 0 
0 1 0 0 0 0 0 0 0 0 
3 2 1 3 3 0 2 0 0 1 
2 0 2 1 3 2 3 2 0 2 
1 1 3 2 3 0 2 1 2 2 
1 3 3 0 3 0 0 0 0 0 
0 1 1 0 0 0 0 0 0 0 
0 1 1 0 1 1 1 1 0 0 
2 1 0 1 2 1 2 0 0 0 
2 2 3 0 1 2 0 1 3 0 
3 2 3 3 2 3 3 3 2 0 
1 3 1 2 1 1 1 3 0 2 
1 0 0 1 0 0 0 0 0 0 
0 0 0 3 1 1 0 2 2 1 
0 2 2 0 2 2 2 2 2 2 
0 3 3 1 1 3 1 1 0 1 
1 0 0 0 0 0 0 0 0 0 
0 1 1 0 1 1 1 1 1 0 
1 0 1 0 0 3 2 3 2 1 
0 3 0 3 0 2 3 0 1 2 
1 0 1 0 2 1 3 1 1 3 
3 3 1 0 1 2 2 2 1 2 
2 1 2 0 3 3 0 3 1 0 
3 2 0 2 0 3 0 0 3 2 
MFS
[ 0 , - , - , 0 , - , - , - , - , - , - ]
precise
1.0
recall
0.5
F-measure
0.6666666666666666
multi
0
time
all 384 iden 147 gen 168
t-cover
720
all-cover
720
coveredNum
(1 : 270)  (2 : 267)  (3 : 113)  (4 : 26)  (5 : 15)  (6 : 9)  (7 : 10)  (8 : 5)  (9 : 5)  
real Identify
([ 0 , - , - , 0 , - , - , - , - , - , - ] : 1)  
wrong Checked
0
wrong identified
0
testCase Num: 46
regaular Num: 33
identify Num: 13
0 0 3 3 3 3 1 3 3 2 
3 1 0 0 0 2 3 1 3 2 
0 1 1 0 1 0 0 0 0 0 
3 2 2 1 3 1 2 0 3 2 
3 0 1 3 1 2 0 3 0 1 
2 1 3 0 2 3 3 0 2 1 
0 1 1 0 1 1 0 0 0 0 
0 2 0 2 2 1 3 3 0 3 
3 1 3 2 0 0 1 0 1 0 
0 1 1 0 1 1 1 1 1 1 
0 1 1 1 0 0 0 0 0 0 
0 0 0 1 3 3 3 1 1 0 
0 1 1 0 1 1 1 0 0 0 
0 1 0 1 3 0 1 2 2 1 
1 0 2 0 0 0 3 0 0 1 
1 0 0 0 0 0 1 0 0 0 
1 1 2 3 1 0 2 1 2 3 
1 2 3 3 0 1 3 2 1 0 
0 3 3 0 3 3 3 3 3 3 
1 0 0 0 1 0 0 2 0 2 
2 2 1 0 1 1 1 1 1 1 
3 3 2 2 2 2 1 2 2 0 
0 0 0 0 0 0 0 0 0 0 
0 0 0 3 2 0 2 1 3 0 
0 1 0 0 0 0 0 0 0 0 
0 1 1 0 0 0 0 0 0 0 
2 3 3 1 3 2 0 2 1 3 
0 3 0 1 0 1 0 0 0 0 
3 0 2 0 0 3 1 2 0 3 
1 0 1 1 2 1 0 3 2 2 
0 1 1 0 1 1 1 1 0 0 
0 1 0 1 1 1 0 3 0 0 
2 0 1 0 3 0 3 0 0 3 
1 0 0 1 0 0 0 0 0 0 
1 3 0 0 3 2 2 3 0 0 
0 2 2 2 3 2 0 0 3 3 
0 2 2 0 2 2 2 2 2 2 
2 0 2 2 2 0 2 3 1 2 
1 3 1 2 0 3 2 2 3 1 
1 0 0 0 0 0 0 0 0 0 
0 1 1 0 1 1 1 1 1 0 
2 3 0 3 1 0 3 0 3 0 
0 0 3 1 0 0 2 0 0 0 
0 3 3 2 1 3 0 1 0 2 
0 2 0 1 0 3 0 0 0 0 
2 2 0 0 0 0 0 3 2 0 
MFS
[ 0 , - , - , 0 , - , - , - , - , - , - ]
precise
1.0
recall
0.5
F-measure
0.6666666666666666
multi
0
time
all 332 iden 132 gen 131
t-cover
720
all-cover
720
coveredNum
(1 : 285)  (2 : 251)  (3 : 103)  (4 : 28)  (5 : 8)  (6 : 19)  (7 : 10)  (8 : 3)  (9 : 11)  (10 : 1)  (11 : 1)  
real Identify
([ 0 , - , - , 0 , - , - , - , - , - , - ] : 1)  
wrong Checked
0
wrong identified
0
testCase Num: 45
regaular Num: 32
identify Num: 13
0 1 1 0 1 0 0 0 0 0 
0 0 2 2 3 3 2 0 3 2 
0 0 0 1 0 0 0 1 0 0 
2 0 1 3 0 2 3 2 1 3 
0 1 1 0 1 1 0 0 0 0 
0 1 1 0 1 1 1 1 1 1 
0 0 0 3 2 3 3 1 2 3 
3 1 1 0 3 1 1 2 3 3 
0 1 1 1 0 0 0 0 0 0 
2 2 3 3 3 0 0 0 2 1 
1 1 1 2 1 2 0 1 2 2 
3 3 3 0 2 2 1 1 3 0 
0 0 3 1 1 1 1 2 0 2 
0 3 2 1 3 2 3 3 0 1 
0 0 0 1 0 3 1 0 0 0 
1 3 0 3 3 1 1 3 1 0 
0 1 1 0 1 1 1 0 0 0 
0 0 0 1 0 1 2 0 0 0 
3 0 0 1 0 0 1 0 2 2 
3 2 0 0 0 0 0 0 0 0 
2 2 2 2 0 1 1 1 1 1 
0 3 3 0 3 3 3 3 3 3 
1 2 3 2 3 0 2 1 0 3 
2 3 1 0 0 0 2 0 1 0 
3 3 2 1 0 3 0 0 3 3 
0 0 0 0 0 0 0 0 0 0 
0 1 0 0 0 0 0 0 0 0 
0 1 1 0 0 0 0 0 0 0 
0 2 1 1 2 1 0 0 1 0 
1 1 3 3 0 3 0 2 0 1 
0 1 1 0 1 1 1 1 0 0 
2 2 0 1 2 2 2 2 0 2 
2 1 1 0 2 3 2 3 1 1 
1 3 2 2 2 0 2 2 2 0 
1 0 0 1 0 0 0 0 0 0 
3 3 3 3 1 2 2 0 1 2 
1 0 0 0 0 0 3 0 3 0 
0 2 2 0 2 2 2 2 2 2 
1 0 0 0 0 0 0 0 0 0 
0 1 1 0 1 1 1 1 1 0 
3 1 0 0 1 0 0 3 0 3 
0 0 2 3 1 0 0 0 3 0 
2 2 3 0 1 3 3 3 3 0 
3 0 0 2 1 0 3 3 3 1 
1 1 2 0 0 1 3 3 2 2 
MFS
[ 0 , - , - , 0 , - , - , - , - , - , - ]
precise
1.0
recall
0.5
F-measure
0.6666666666666666
multi
0
time
all 348 iden 132 gen 147
t-cover
720
all-cover
720
coveredNum
(1 : 297)  (2 : 248)  (3 : 99)  (4 : 31)  (5 : 7)  (6 : 9)  (7 : 12)  (8 : 11)  (9 : 4)  (10 : 2)  
real Identify
([ 0 , - , - , 0 , - , - , - , - , - , - ] : 1)  
wrong Checked
0
wrong identified
0
testCase Num: 45
regaular Num: 32
identify Num: 13
3 0 1 3 3 1 1 0 0 2 
2 2 3 0 3 0 0 2 2 2 
0 1 1 0 1 0 0 0 0 0 
3 1 0 3 1 2 2 1 2 2 
3 2 3 3 2 0 0 3 0 1 
0 1 1 0 1 1 0 0 0 0 
3 3 1 0 0 3 3 0 2 1 
0 1 1 0 1 1 1 1 1 1 
3 3 0 1 3 0 2 1 1 0 
0 1 1 1 0 0 0 0 0 0 
0 3 2 1 2 1 0 2 2 2 
3 2 2 1 1 3 3 2 0 0 
0 3 0 1 0 0 0 0 0 0 
0 2 3 1 0 2 2 3 3 2 
0 2 1 1 0 0 0 0 0 0 
0 0 1 2 3 2 2 2 3 1 
0 1 1 0 1 1 1 0 0 0 
1 2 0 2 2 3 2 0 1 1 
2 2 2 2 0 1 1 1 1 1 
0 3 3 0 3 3 3 3 3 3 
1 1 3 0 3 1 3 3 1 2 
1 3 3 0 2 2 1 1 3 0 
0 0 3 2 1 0 3 1 2 0 
2 1 1 2 2 3 0 1 0 2 
1 3 1 2 1 0 1 3 2 3 
0 0 0 0 0 0 0 0 0 0 
2 0 0 1 1 1 0 3 3 0 
0 1 0 0 0 0 0 0 0 0 
2 2 2 0 3 2 2 0 0 3 
0 1 1 0 0 0 0 0 0 0 
1 1 2 3 1 0 1 2 3 1 
1 0 0 0 0 1 2 0 0 0 
0 1 1 0 1 1 1 1 0 0 
3 0 0 0 1 0 0 0 3 0 
3 0 1 2 1 1 0 0 1 3 
0 1 0 1 0 2 0 1 0 3 
1 0 0 1 0 0 0 0 0 0 
0 0 0 3 0 2 3 0 1 0 
0 0 0 1 3 3 0 0 0 0 
0 2 2 0 2 2 2 2 2 2 
2 3 3 3 2 3 3 0 3 3 
1 0 0 0 0 0 0 0 0 0 
0 1 1 0 1 1 1 1 1 0 
0 0 0 3 0 3 1 2 1 3 
0 0 2 1 2 3 1 3 0 1 
MFS
[ 0 , - , - , 0 , - , - , - , - , - , - ]
precise
1.0
recall
0.5
F-measure
0.6666666666666666
multi
0
time
all 351 iden 119 gen 169
t-cover
720
all-cover
720
coveredNum
(1 : 282)  (2 : 259)  (3 : 109)  (4 : 26)  (5 : 9)  (6 : 12)  (7 : 5)  (8 : 14)  (9 : 4)  
real Identify
([ 0 , - , - , 0 , - , - , - , - , - , - ] : 1)  
wrong Checked
0
wrong identified
0
