testCase Num: 81
regaular Num: 33
identify Num: 48
0 2 1 1 2 0 3 2 3 3 
3 3 1 0 2 0 1 1 0 0 
0 0 1 3 3 2 2 2 2 0 
1 1 0 0 0 0 0 0 0 1 
0 3 3 0 1 1 0 2 0 2 
0 3 0 0 2 2 1 3 0 2 
3 0 3 3 1 0 2 3 2 1 
3 1 0 2 3 0 3 2 3 2 
0 3 0 0 1 1 0 2 0 2 
3 3 2 3 3 2 0 3 3 2 
1 1 0 3 2 1 1 0 2 2 
1 1 1 3 2 1 1 0 2 2 
1 1 1 2 1 1 0 1 1 1 
1 3 3 0 1 3 2 2 0 3 
0 3 0 0 2 1 0 2 0 2 
1 1 1 2 2 2 1 2 1 1 
0 0 0 0 0 0 0 0 0 0 
3 1 1 1 2 3 3 2 3 2 
2 2 2 1 1 1 0 2 1 1 
1 1 0 0 2 2 1 0 3 3 
0 2 0 2 1 2 3 1 3 3 
1 1 0 0 2 2 1 0 3 2 
2 3 3 0 1 2 3 0 2 0 
2 0 0 0 0 0 0 0 3 0 
0 3 2 0 1 3 1 0 3 1 
1 0 0 1 0 0 0 0 0 0 
1 0 1 0 0 0 1 3 3 1 
0 3 0 0 2 2 0 2 0 2 
3 1 0 2 3 3 0 3 3 2 
0 0 0 0 2 1 0 3 1 0 
1 1 2 1 1 1 0 1 1 1 
1 2 3 0 1 1 0 2 0 2 
2 2 1 2 0 3 0 3 2 3 
3 1 0 2 2 3 3 2 3 2 
1 3 2 1 0 0 3 2 1 0 
1 2 1 1 1 1 0 1 1 1 
1 3 2 1 1 3 1 0 3 1 
1 1 1 2 2 2 0 1 1 1 
1 1 0 0 3 1 1 0 2 2 
1 1 1 2 2 2 1 1 2 1 
2 1 0 3 2 1 1 0 2 2 
1 1 1 2 2 2 1 1 2 2 
0 3 0 2 2 0 2 1 1 2 
1 0 0 1 2 1 0 3 1 0 
1 0 3 2 3 2 0 1 0 1 
1 1 0 0 2 2 1 0 2 2 
1 3 0 1 0 1 0 0 0 3 
3 1 0 2 3 3 0 3 0 3 
2 2 0 1 3 3 2 0 1 0 
1 2 0 0 0 0 0 0 0 0 
0 3 0 0 2 2 1 2 0 2 
3 1 0 2 3 3 0 3 0 2 
0 0 3 1 2 2 1 3 1 3 
0 2 3 0 1 1 0 2 0 2 
2 1 2 0 3 1 3 3 0 1 
0 0 2 3 0 0 0 1 0 0 
3 1 3 2 0 1 2 0 3 0 
1 1 0 0 2 1 1 0 2 2 
1 2 0 3 2 1 1 0 2 2 
3 2 0 1 2 3 3 2 3 2 
0 1 0 1 2 3 3 2 3 2 
2 1 1 1 1 1 0 1 1 1 
3 1 0 1 2 3 3 2 3 2 
1 2 3 1 1 1 0 2 0 2 
1 1 1 2 2 2 1 1 1 1 
3 2 1 3 3 0 1 0 1 3 
3 1 0 2 3 3 3 2 3 2 
0 1 2 1 0 2 2 0 0 3 
2 2 2 2 2 0 1 2 2 1 
1 1 0 0 2 2 2 0 2 2 
2 0 1 3 0 3 3 1 2 2 
0 3 0 0 2 2 1 3 1 2 
0 3 0 0 2 2 1 3 1 3 
1 1 0 0 2 2 1 1 2 2 
1 1 1 2 2 1 0 1 1 1 
3 1 0 2 3 3 0 2 3 2 
1 1 1 1 1 1 0 1 1 1 
0 0 0 1 0 0 0 0 2 0 
0 3 0 0 0 1 0 0 0 3 
2 2 1 3 3 1 2 1 2 3 
0 3 0 1 1 1 0 2 0 2 
MFS
[ 3 , 1 , 0 , - , - , 3 , - , - , - , 2 ]
[ 0 , - , - , 0 , - , - , - , - , - , - ]
[ 1 , 1 , 0 , - , 2 , - , 1 , 0 , - , 2 ]
[ 1 , 1 , 1 , - , - , - , - , 1 , - , - ]
precise
0.25
recall
0.5
F-measure
0.3333333333333333
multi
0
time
all 21 iden 0 gen 21
t-cover
696
all-cover
720
coveredNum
(1 : 90)  (2 : 133)  (3 : 125)  (4 : 70)  (5 : 54)  (6 : 46)  (7 : 35)  (8 : 38)  (9 : 28)  (10 : 27)  (11 : 22)  (12 : 15)  (13 : 10)  (14 : 6)  (15 : 5)  (16 : 2)  (17 : 1)  (18 : 4)  (19 : 4)  (20 : 2)  (21 : 1)  (22 : 1)  (26 : 1)  
real Identify
([ 0 , - , - , 0 , - , - , - , - , - , - ] : 1)  
testCase Num: 101
regaular Num: 32
identify Num: 69
1 0 1 0 1 2 1 3 3 0 
1 1 1 1 0 1 1 1 1 1 
1 3 3 3 0 0 0 2 0 2 
1 1 1 0 1 1 2 0 0 2 
0 2 1 0 1 1 0 1 0 0 
0 2 1 0 1 1 0 1 0 1 
0 1 0 1 1 1 3 1 3 0 
0 1 0 1 1 1 3 0 0 1 
1 2 0 1 2 1 3 2 0 3 
0 2 2 0 2 2 1 0 0 1 
3 1 0 0 0 0 3 0 3 0 
0 0 0 0 3 0 0 1 0 3 
0 0 3 0 0 0 2 0 0 0 
1 2 2 3 2 1 2 0 3 3 
3 2 2 1 3 1 0 0 2 0 
0 1 0 1 1 1 0 0 3 0 
0 1 1 1 0 0 3 0 3 0 
3 1 3 0 2 0 0 1 0 0 
3 0 2 0 0 3 2 1 2 1 
0 3 3 0 3 3 1 0 0 1 
0 2 1 0 1 0 3 0 3 0 
1 2 2 2 0 0 2 1 3 2 
3 1 3 3 2 0 0 1 0 0 
0 1 3 0 3 2 3 0 3 3 
2 0 0 1 3 0 2 0 3 1 
2 1 0 2 3 3 1 3 0 2 
0 1 0 1 1 1 3 0 3 0 
3 2 1 1 0 0 0 1 3 0 
2 1 1 2 0 1 1 1 1 1 
0 2 0 0 0 0 3 0 3 0 
0 2 1 0 0 0 3 0 3 0 
1 2 2 1 0 2 1 1 1 1 
0 1 3 0 3 2 2 0 3 3 
1 2 2 2 0 2 3 2 2 0 
1 1 2 3 2 1 2 0 3 3 
1 2 2 1 2 2 1 0 0 1 
3 0 0 0 3 0 3 2 1 1 
2 2 2 1 1 2 2 2 2 0 
2 3 1 0 2 3 3 0 1 0 
3 1 3 3 3 0 0 1 0 0 
3 3 0 3 1 2 3 1 0 1 
0 3 0 2 1 2 0 0 2 3 
2 1 1 1 0 1 1 1 1 1 
0 2 1 1 0 0 3 0 3 0 
0 1 0 1 0 0 3 0 3 0 
0 3 3 1 3 2 1 0 1 2 
2 1 1 2 1 2 1 1 1 1 
0 2 2 3 2 1 2 0 3 3 
3 2 3 3 2 0 0 1 0 0 
3 1 3 3 3 1 1 1 0 0 
0 1 3 0 2 1 2 0 3 3 
0 1 3 0 3 2 3 1 3 3 
0 1 3 3 2 1 2 0 3 3 
0 1 2 3 2 1 2 0 3 3 
0 2 1 0 1 1 0 0 3 0 
0 3 3 0 3 2 1 0 0 1 
3 1 3 3 3 1 0 1 0 0 
0 1 3 0 3 2 3 1 0 3 
0 1 0 0 0 0 3 0 3 0 
0 1 3 0 3 2 3 1 0 0 
0 0 0 0 0 0 0 0 0 0 
1 3 3 0 3 3 0 2 3 3 
2 1 3 3 2 0 0 1 0 0 
2 1 1 2 1 1 2 2 2 2 
0 1 3 0 3 1 2 0 3 3 
0 2 0 1 0 0 3 0 3 0 
3 1 0 1 0 0 3 0 3 0 
1 0 0 1 0 0 0 0 0 0 
0 1 2 2 0 2 3 2 2 0 
2 2 1 1 0 1 1 1 1 1 
0 2 1 0 1 1 3 0 3 0 
0 0 0 1 0 3 0 3 0 0 
2 1 1 2 1 1 2 1 1 1 
1 0 0 0 0 0 0 0 2 0 
2 2 0 0 2 0 1 1 0 1 
3 0 3 2 2 1 3 3 2 2 
1 2 2 0 2 2 1 0 0 1 
0 3 3 0 3 3 2 1 1 1 
2 1 1 2 1 1 2 2 1 1 
3 0 1 3 3 0 1 2 2 3 
1 0 3 1 0 0 2 0 0 0 
2 1 2 1 0 1 1 1 1 1 
0 2 1 0 1 1 0 1 3 0 
2 1 1 2 1 1 2 2 2 1 
0 3 2 0 2 2 1 0 0 1 
0 3 3 0 2 2 1 0 0 1 
0 1 0 1 1 0 3 0 3 0 
3 1 3 3 3 1 0 2 0 0 
0 3 3 0 3 3 2 1 0 1 
2 3 2 3 0 1 2 3 1 3 
0 3 3 0 3 3 2 0 0 1 
0 2 1 2 1 0 0 3 1 1 
2 1 1 2 1 1 1 1 1 1 
1 0 0 1 3 0 0 1 0 3 
0 1 0 1 1 1 3 0 0 0 
3 1 3 3 3 1 0 2 1 0 
0 2 3 3 1 3 1 1 0 1 
3 1 3 3 3 1 0 2 1 1 
0 3 3 0 3 3 2 1 1 2 
3 1 0 3 2 0 0 1 0 0 
0 3 3 1 2 2 1 0 0 1 
MFS
[ 0 , 1 , - , - , - , - , - , - , - , - ]
[ 0 , - , - , 0 , - , - , - , - , - , - ]
[ - , 1 , 0 , - , - , - , 3 , 0 , - , - ]
[ - , 1 , 1 , - , - , 1 , - , - , - , - ]
[ - , 1 , 3 , 3 , - , - , 0 , - , - , 0 ]
[ - , - , - , 0 , - , - , - , - , - , - ]
precise
0.16666666666666666
recall
0.5
F-measure
0.25
multi
0
time
all 31 iden 0 gen 31
t-cover
711
all-cover
720
coveredNum
(1 : 113)  (2 : 93)  (3 : 73)  (4 : 53)  (5 : 57)  (6 : 38)  (7 : 46)  (8 : 39)  (9 : 37)  (10 : 30)  (11 : 40)  (12 : 14)  (13 : 21)  (14 : 14)  (15 : 9)  (16 : 10)  (17 : 8)  (18 : 6)  (19 : 7)  (20 : 2)  (21 : 1)  (22 : 1)  (23 : 4)  (25 : 2)  (28 : 1)  (33 : 1)  
real Identify
([ 0 , - , - , 0 , - , - , - , - , - , - ] : 1)  
testCase Num: 108
regaular Num: 32
identify Num: 76
1 1 1 1 0 1 1 1 1 1 
1 3 2 3 2 1 0 0 2 2 
1 1 2 1 0 1 1 1 1 1 
2 1 1 3 0 0 3 1 2 3 
2 1 1 3 0 0 0 1 3 3 
0 1 1 1 0 0 1 0 1 3 
3 1 2 1 1 3 2 1 3 0 
1 0 0 0 3 0 0 0 1 0 
1 0 1 2 0 2 3 0 0 3 
2 2 2 3 0 3 1 2 1 0 
1 1 2 2 0 2 1 1 2 1 
0 1 3 0 2 1 0 2 2 0 
3 0 0 0 0 0 0 0 0 0 
0 2 3 0 2 0 3 1 3 0 
2 0 3 1 0 2 1 3 2 0 
1 0 0 0 0 1 0 0 2 0 
1 3 3 2 3 3 3 3 3 0 
0 1 1 1 0 0 1 0 0 3 
0 2 3 0 1 3 2 1 3 0 
0 1 1 1 0 0 1 0 1 0 
0 1 1 0 3 0 0 0 1 0 
1 1 0 0 2 1 0 2 2 0 
0 1 2 0 1 3 2 1 3 0 
0 3 0 0 0 1 1 0 3 3 
1 2 0 0 3 1 1 2 2 1 
1 1 2 2 1 1 1 1 1 1 
0 0 0 0 3 0 0 0 1 0 
0 2 3 0 2 0 3 2 0 0 
1 0 0 1 1 0 0 1 0 0 
0 2 3 0 2 0 3 2 0 1 
0 1 1 1 3 1 0 0 1 0 
2 2 1 1 1 1 2 2 2 2 
1 2 0 1 1 0 2 2 0 3 
1 2 1 1 0 1 1 1 1 1 
0 0 0 0 0 3 0 0 0 3 
1 1 3 1 2 1 0 2 2 0 
0 2 3 1 1 3 2 1 3 0 
2 2 1 0 3 3 0 0 2 1 
0 2 3 0 2 3 2 1 3 0 
1 1 3 1 2 2 1 2 2 0 
1 3 0 1 1 1 1 1 3 3 
2 1 1 0 3 0 3 1 2 3 
0 2 0 0 3 2 1 2 2 1 
1 2 0 1 3 1 1 2 2 1 
0 0 1 3 3 2 2 2 3 0 
2 1 1 1 0 1 1 1 1 1 
0 1 1 1 0 3 0 0 0 3 
2 2 0 3 3 0 3 1 2 3 
0 2 2 0 1 3 2 1 3 0 
0 3 3 3 1 2 2 0 1 1 
3 0 3 0 3 1 1 3 2 2 
1 1 3 0 2 1 0 2 2 0 
0 3 1 2 1 0 1 3 0 1 
1 1 2 2 0 2 1 1 1 1 
1 1 2 2 0 2 1 1 1 2 
1 0 3 0 1 0 0 1 1 3 
3 1 2 0 1 3 2 1 3 0 
1 1 3 1 2 2 0 3 2 0 
0 2 3 0 2 0 2 1 3 0 
0 2 0 0 3 2 1 3 3 1 
2 3 0 0 2 2 2 1 0 0 
0 1 0 0 0 3 0 0 0 3 
0 1 1 1 0 0 0 0 0 3 
3 1 0 3 3 0 3 1 2 3 
0 1 1 1 3 0 1 1 2 0 
0 1 1 0 0 3 0 0 0 3 
2 0 2 2 1 1 2 2 2 2 
2 2 2 0 0 0 2 0 3 1 
2 1 1 3 0 1 3 1 2 3 
1 0 0 1 1 0 3 0 0 0 
0 0 0 0 0 0 0 0 0 0 
0 0 0 0 0 0 2 3 0 0 
0 1 2 1 3 3 3 0 0 2 
0 2 0 0 3 2 1 3 2 1 
2 1 1 3 0 0 0 2 2 3 
3 2 0 0 3 1 3 2 2 3 
1 0 0 1 0 0 2 3 0 0 
1 0 0 0 0 3 0 0 0 3 
1 2 3 0 2 1 0 2 2 0 
2 1 0 3 3 0 3 1 2 3 
0 1 1 1 3 0 1 0 1 0 
1 1 2 2 0 2 1 2 1 1 
1 1 3 1 2 2 0 2 2 0 
3 2 2 3 2 2 1 3 0 3 
0 1 1 1 1 3 0 0 0 3 
1 0 0 0 1 3 0 1 0 3 
3 0 0 0 2 3 3 2 1 1 
0 2 3 2 2 1 3 1 0 2 
0 1 1 1 3 0 0 0 1 0 
0 2 0 0 3 1 1 2 2 1 
1 1 2 2 0 2 2 1 1 1 
1 1 3 1 2 2 0 3 3 0 
1 1 3 1 2 2 0 3 3 1 
0 2 3 0 2 0 3 2 3 0 
3 3 1 1 2 0 0 2 3 2 
0 1 1 1 0 0 1 1 0 3 
0 0 0 0 1 0 3 0 0 0 
3 1 0 2 0 2 0 3 1 2 
0 1 1 1 0 0 0 0 1 0 
1 1 2 2 0 1 1 1 1 1 
2 1 1 3 0 0 0 1 2 3 
2 1 1 3 3 0 3 1 2 3 
2 1 1 3 0 0 0 1 3 0 
0 1 1 1 3 0 1 1 1 1 
0 1 1 1 3 0 1 1 1 0 
0 1 0 0 3 0 0 0 1 0 
1 1 3 1 3 1 0 2 2 0 
0 2 0 1 3 1 1 2 2 1 
MFS
[ 1 , 1 , - , - , 0 , - , 1 , 1 , 1 , 1 ]
[ 0 , - , - , - , 3 , 0 , - , - , 1 , - ]
[ 0 , - , - , - , 0 , - , - , 0 , - , - ]
[ - , 1 , 3 , - , 2 , - , 0 , - , - , 0 ]
[ 0 , - , - , 0 , - , - , - , - , - , - ]
[ 2 , 1 , - , 3 , - , 0 , - , 1 , - , - ]
[ - , - , - , 0 , - , - , - , - , - , - ]
precise
0.14285714285714285
recall
0.5
F-measure
0.22222222222222224
multi
1
time
all 32 iden 0 gen 32
t-cover
708
all-cover
720
coveredNum
(1 : 78)  (2 : 98)  (3 : 95)  (4 : 59)  (5 : 39)  (6 : 36)  (7 : 36)  (8 : 38)  (9 : 47)  (10 : 36)  (11 : 27)  (12 : 32)  (13 : 20)  (14 : 17)  (15 : 12)  (16 : 14)  (17 : 7)  (18 : 8)  (19 : 3)  (20 : 1)  (21 : 4)  (22 : 4)  (23 : 2)  (24 : 3)  (25 : 2)  (26 : 2)  
real Identify
([ 0 , - , - , 0 , - , - , - , - , - , - ] : 1)  
testCase Num: 130
regaular Num: 31
identify Num: 99
0 3 3 1 3 3 0 1 2 0 
2 1 2 2 0 2 2 1 1 1 
1 1 1 1 0 1 1 1 1 1 
0 0 0 0 0 0 1 3 0 2 
0 1 1 1 1 0 1 3 0 2 
3 2 0 2 1 0 1 2 1 0 
0 0 1 0 2 3 1 0 1 1 
0 2 3 1 1 0 1 2 0 0 
0 2 0 2 3 0 2 0 0 0 
0 1 1 1 3 2 1 2 0 2 
2 0 3 0 0 0 0 0 0 0 
0 1 1 1 1 1 1 1 0 0 
3 2 0 3 0 2 0 2 1 2 
0 1 1 1 1 1 1 1 0 1 
2 1 2 2 1 1 1 1 1 1 
0 0 1 0 2 3 1 1 2 2 
1 2 1 3 1 2 0 0 3 0 
2 1 2 2 0 2 2 1 2 1 
0 1 1 1 3 2 0 1 0 2 
0 1 1 0 0 0 0 0 0 0 
0 1 3 1 2 0 1 2 0 0 
1 0 0 0 0 0 1 3 0 2 
1 1 2 3 2 2 2 3 1 0 
0 1 1 1 1 1 0 0 0 0 
3 1 2 0 3 3 1 0 1 2 
3 1 3 1 0 0 1 1 1 2 
3 1 3 1 0 0 1 1 1 3 
0 1 3 1 2 1 2 2 0 0 
0 0 1 0 2 2 0 0 1 1 
2 1 0 2 2 3 0 0 3 3 
3 0 3 2 2 3 3 3 1 3 
1 1 2 0 3 3 3 0 1 0 
0 1 0 0 0 0 1 3 0 2 
0 1 1 0 0 0 1 3 0 2 
0 1 0 1 1 0 1 2 0 0 
1 1 2 0 2 2 2 3 1 0 
0 1 3 1 2 1 2 3 0 1 
3 1 3 1 0 3 1 0 1 2 
1 3 0 1 1 2 0 0 1 1 
2 1 2 2 0 1 1 1 1 1 
2 1 1 2 1 2 0 0 3 3 
0 1 3 1 2 1 2 3 1 0 
3 1 3 1 0 0 2 0 1 2 
2 1 2 0 3 3 1 0 1 2 
3 1 2 2 0 1 3 1 2 0 
0 1 1 0 2 1 0 1 0 2 
2 1 2 2 0 2 2 1 2 2 
3 3 0 0 3 1 2 3 3 1 
1 1 2 0 3 3 2 3 1 0 
0 1 1 1 0 0 1 3 0 2 
1 1 1 3 2 2 2 3 1 0 
1 3 0 0 1 2 0 0 1 1 
2 1 1 1 0 1 1 1 1 1 
1 2 1 3 2 2 2 0 1 0 
1 1 0 2 1 2 0 0 3 3 
1 0 3 1 2 1 2 0 1 0 
3 1 3 0 3 3 1 0 1 2 
0 1 3 1 2 1 2 3 0 0 
2 1 0 2 2 3 1 1 0 0 
0 1 3 1 1 0 1 2 0 0 
2 1 0 2 2 3 1 1 0 3 
0 1 1 1 1 0 2 3 1 2 
0 1 1 1 1 0 2 3 1 3 
1 3 1 2 3 0 3 2 0 2 
1 1 2 0 3 3 3 3 1 1 
1 1 2 0 3 3 3 3 1 0 
0 1 1 1 2 1 0 1 0 2 
3 1 3 1 3 3 1 0 1 2 
1 0 1 0 2 0 0 3 2 1 
0 1 1 1 0 0 0 0 0 0 
1 2 1 0 1 3 2 1 0 3 
2 2 2 0 3 3 2 0 2 2 
0 1 1 1 1 1 1 3 0 2 
2 1 0 2 2 3 1 0 3 3 
0 1 3 1 2 1 1 2 0 0 
2 2 0 2 1 2 0 0 3 3 
0 2 3 3 1 1 3 0 2 1 
0 0 0 0 2 1 0 1 0 2 
0 1 1 1 3 1 0 1 0 2 
1 2 1 1 1 1 1 2 1 1 
0 0 0 0 0 0 0 0 0 0 
0 1 1 1 1 0 2 3 0 2 
0 1 1 1 1 0 0 0 0 0 
0 1 1 1 3 2 1 1 1 2 
0 1 3 2 1 0 1 2 0 0 
2 1 0 2 2 2 0 0 3 3 
1 2 1 3 2 2 2 3 1 0 
1 0 3 1 0 2 3 1 3 2 
1 3 2 3 0 0 2 0 1 3 
2 2 1 1 0 1 1 1 1 1 
0 0 0 0 1 2 0 0 1 1 
3 1 3 1 1 0 1 2 0 0 
0 0 3 0 0 2 3 1 3 2 
1 0 0 0 2 1 0 1 0 2 
2 1 2 2 0 2 2 2 1 1 
0 1 1 1 3 2 1 1 0 2 
0 1 1 1 3 2 1 1 0 3 
2 1 2 1 0 1 1 1 1 1 
3 1 3 1 0 0 1 1 2 2 
0 1 1 1 1 1 1 0 0 0 
3 0 1 3 3 2 1 0 3 3 
1 0 0 0 0 0 0 0 1 0 
0 3 0 2 2 1 1 2 2 3 
0 0 1 0 2 3 0 0 1 1 
2 1 0 2 1 2 0 0 3 3 
2 3 2 2 0 1 0 3 0 1 
0 0 1 1 1 2 0 0 1 1 
2 1 0 2 2 3 1 1 3 3 
0 1 0 0 2 1 0 1 0 2 
2 2 2 3 2 0 1 1 3 0 
2 2 0 1 1 3 3 3 3 3 
2 1 2 2 0 2 1 1 1 1 
0 1 1 1 1 0 2 0 0 2 
1 0 0 0 2 1 0 2 1 2 
0 1 1 3 2 2 2 3 0 0 
0 1 0 0 0 0 0 0 0 0 
0 0 2 3 0 3 0 2 1 1 
2 0 1 0 0 0 0 2 3 0 
0 0 1 0 2 3 1 1 2 1 
3 2 2 0 3 3 1 0 1 2 
2 0 2 1 1 2 2 2 2 2 
3 1 3 1 0 0 1 0 1 2 
0 1 1 1 1 1 1 1 1 0 
1 1 2 0 3 2 2 3 1 0 
0 0 1 0 1 2 0 0 1 1 
1 0 0 0 0 0 0 0 0 0 
0 0 1 0 2 3 1 1 1 1 
0 3 0 0 1 2 0 0 1 1 
1 0 0 0 0 1 1 0 0 3 
2 1 0 3 1 2 0 0 3 3 
MFS
[ 0 , - , - , - , - , 0 , - , 3 , - , 2 ]
[ - , 1 , 3 , 1 , - , - , - , - , 0 , - ]
[ - , 1 , 0 , 2 , - , - , - , - , - , 3 ]
[ 0 , - , - , 0 , - , - , - , - , - , - ]
[ 0 , - , - , - , - , - , - , 1 , 0 , - ]
[ - , 1 , - , - , 0 , - , - , 1 , - , - ]
[ - , 1 , - , - , - , - , 1 , - , 1 , - ]
[ 0 , - , - , - , - , - , - , - , 0 , - ]
[ - , 1 , - , - , - , - , - , 3 , - , - ]
precise
0.1111111111111111
recall
0.5
F-measure
0.1818181818181818
multi
0
time
all 22 iden 0 gen 22
t-cover
718
all-cover
720
coveredNum
(1 : 53)  (2 : 86)  (3 : 70)  (4 : 63)  (5 : 45)  (6 : 43)  (7 : 34)  (8 : 42)  (9 : 33)  (10 : 40)  (11 : 32)  (12 : 35)  (13 : 28)  (14 : 13)  (15 : 15)  (16 : 9)  (17 : 12)  (18 : 12)  (19 : 12)  (20 : 8)  (21 : 7)  (22 : 7)  (23 : 4)  (25 : 2)  (26 : 3)  (27 : 2)  (28 : 1)  (29 : 1)  (30 : 1)  (32 : 1)  (33 : 1)  (35 : 1)  (37 : 2)  (38 : 1)  (40 : 1)  
real Identify
([ 0 , - , - , 0 , - , - , - , - , - , - ] : 1)  
testCase Num: 93
regaular Num: 31
identify Num: 62
0 0 0 0 0 0 0 2 1 0 
0 1 1 1 1 0 0 2 1 0 
3 1 2 3 2 2 3 2 0 0 
0 3 2 2 1 1 3 0 2 2 
2 1 1 0 1 1 1 0 0 2 
0 1 1 0 1 0 0 0 0 0 
2 2 2 1 2 2 1 2 0 2 
0 1 1 0 1 1 0 0 0 0 
0 2 1 1 3 0 2 0 3 0 
1 1 1 0 1 1 1 1 1 1 
1 1 0 0 0 0 0 0 0 2 
0 2 2 0 2 2 3 3 1 0 
0 1 1 1 0 0 0 0 0 0 
1 1 2 2 2 3 1 0 2 3 
0 2 2 0 2 2 3 3 0 0 
0 1 1 1 0 1 0 3 2 0 
0 1 1 1 0 1 1 2 1 0 
1 1 2 2 2 0 1 0 2 3 
3 0 0 0 2 2 0 0 0 1 
2 1 1 0 1 1 0 1 0 2 
2 1 1 0 1 1 0 1 0 3 
0 0 0 0 0 0 0 0 0 0 
0 1 1 0 0 0 0 0 0 0 
1 0 0 0 0 0 0 2 1 0 
0 1 1 0 1 1 1 1 0 0 
1 1 1 1 2 3 1 0 2 3 
0 3 1 0 0 0 0 0 0 0 
1 1 2 2 2 3 1 1 2 0 
3 0 2 1 0 3 2 1 1 1 
1 0 0 1 0 0 0 0 0 0 
2 1 1 0 1 0 0 0 0 2 
0 2 0 2 0 2 2 0 3 0 
1 2 0 2 2 3 3 1 1 0 
3 1 2 0 1 1 2 2 0 0 
1 0 3 0 0 2 3 2 2 3 
0 1 1 0 1 1 1 1 1 0 
2 1 0 0 0 0 0 0 0 2 
1 2 0 1 0 0 1 0 1 3 
1 0 2 3 2 2 0 1 2 0 
2 1 0 3 3 2 3 0 3 1 
2 1 1 0 1 1 0 1 1 2 
2 1 1 1 0 2 3 3 1 0 
1 3 1 1 0 0 0 0 0 0 
0 1 1 1 0 1 0 3 1 1 
0 1 1 3 1 1 2 2 0 0 
0 2 3 3 3 0 0 1 1 2 
0 1 1 1 0 1 0 3 1 0 
3 2 1 3 1 1 2 2 0 0 
1 0 0 0 1 0 1 2 2 1 
3 1 2 3 2 2 3 3 0 0 
2 0 1 2 0 0 1 3 3 2 
0 1 1 1 2 3 1 0 2 3 
2 0 0 3 1 3 3 1 0 2 
2 3 3 3 0 1 1 0 1 3 
3 1 2 3 1 1 2 2 0 0 
0 1 0 0 0 0 0 2 1 0 
0 1 1 0 0 0 0 2 1 0 
0 3 3 2 1 2 1 3 0 1 
1 1 2 1 3 0 2 0 0 3 
0 1 1 0 1 1 1 1 1 1 
0 2 1 0 1 1 2 3 0 0 
1 1 2 2 2 3 1 1 2 3 
0 2 2 0 1 1 2 3 0 0 
0 1 1 0 1 1 1 0 0 0 
3 2 1 2 3 3 0 3 2 3 
0 1 3 2 0 3 0 2 0 1 
2 1 1 0 1 1 0 0 0 2 
2 1 1 1 0 0 0 0 0 2 
3 1 2 3 2 2 3 2 1 1 
3 1 2 3 2 2 2 2 0 0 
3 1 2 3 2 2 3 2 1 0 
0 1 0 0 0 0 0 0 0 0 
0 2 2 0 2 1 2 3 0 0 
1 3 3 3 2 0 2 3 3 0 
1 1 2 2 3 3 1 0 2 3 
2 3 0 1 1 1 0 1 3 3 
3 3 0 0 3 3 1 2 3 0 
1 1 2 1 2 3 1 0 2 3 
1 2 1 1 2 3 1 0 2 3 
0 1 1 1 0 0 0 2 1 0 
3 1 2 3 2 1 2 2 0 0 
1 1 2 2 2 3 2 0 2 3 
0 2 2 0 2 2 2 3 0 0 
1 1 2 2 2 3 1 1 3 3 
0 2 2 0 2 2 3 3 1 1 
2 2 0 0 2 1 2 3 2 2 
1 0 0 0 0 0 0 0 0 0 
3 0 2 0 3 1 0 3 3 2 
0 1 1 1 0 1 0 2 1 0 
3 1 1 3 1 1 2 2 0 0 
2 1 1 0 0 0 0 0 0 2 
3 2 3 1 1 0 3 0 2 1 
2 2 0 0 0 0 0 0 0 2 
MFS
[ - , - , - , - , - , - , - , - , - , - ]
[ - , 1 , - , 0 , - , - , 0 , - , 0 , 2 ]
[ 0 , - , - , 0 , - , - , - , - , - , - ]
[ - , 1 , - , - , 2 , 3 , 1 , - , 2 , 3 ]
[ 0 , - , - , - , 0 , - , 0 , - , 1 , 0 ]
[ 3 , 1 , - , 3 , - , - , - , 2 , - , - ]
precise
0.16666666666666666
recall
0.5
F-measure
0.25
multi
0
time
all 16 iden 0 gen 16
t-cover
697
all-cover
720
coveredNum
(1 : 99)  (2 : 147)  (3 : 115)  (4 : 38)  (5 : 42)  (6 : 35)  (7 : 37)  (8 : 41)  (9 : 23)  (10 : 32)  (11 : 21)  (12 : 15)  (13 : 10)  (14 : 7)  (15 : 6)  (16 : 9)  (17 : 7)  (18 : 7)  (19 : 2)  (20 : 7)  (21 : 7)  (22 : 5)  (23 : 2)  (25 : 1)  (26 : 2)  (27 : 1)  (28 : 1)  (30 : 1)  
real Identify
([ 0 , - , - , 0 , - , - , - , - , - , - ] : 1)  
testCase Num: 99
regaular Num: 31
identify Num: 68
0 3 1 2 3 3 0 2 1 0 
2 0 3 3 3 1 3 3 3 3 
1 1 1 1 0 1 1 1 1 1 
1 1 2 1 0 1 1 1 1 1 
3 2 3 0 0 2 0 2 2 2 
2 1 2 3 1 3 1 3 2 1 
1 1 1 1 0 2 2 1 2 2 
3 1 3 2 0 0 1 3 0 2 
0 3 0 1 0 0 0 0 0 3 
1 1 1 1 0 2 2 1 2 1 
3 3 2 3 2 3 1 0 2 2 
1 1 1 1 1 1 1 1 1 1 
0 1 1 1 0 1 0 0 0 0 
0 1 3 2 1 1 1 3 1 2 
0 1 3 2 1 1 1 3 1 3 
0 2 0 3 0 3 2 1 3 3 
1 0 1 1 1 2 0 1 0 0 
2 0 2 2 2 1 0 1 1 1 
0 1 1 0 0 0 0 0 0 0 
0 0 0 0 0 1 0 0 0 2 
2 1 2 3 1 3 1 3 3 2 
2 1 2 3 1 3 1 3 3 1 
0 1 0 2 3 2 3 0 3 0 
0 1 3 3 0 0 1 3 0 2 
0 1 0 2 2 2 2 3 2 0 
1 1 3 1 2 2 2 3 2 0 
1 2 2 1 3 3 1 3 0 0 
3 2 1 3 1 0 0 3 1 3 
1 2 1 1 0 1 1 1 1 1 
0 1 0 2 3 2 2 3 2 0 
0 3 3 0 0 0 2 0 0 0 
0 1 0 2 3 2 3 0 2 1 
0 3 3 0 0 0 1 3 0 0 
0 1 0 2 3 2 3 0 2 0 
2 3 2 1 3 0 2 1 0 1 
0 1 3 2 1 1 2 3 0 2 
3 2 0 3 0 0 2 0 0 3 
1 2 1 0 2 0 3 2 0 3 
0 2 3 2 0 0 1 3 0 2 
0 2 3 1 2 2 2 3 2 0 
0 1 3 2 1 0 1 3 0 2 
3 2 0 1 1 1 3 1 2 0 
0 3 3 0 0 0 2 0 1 1 
2 1 1 1 0 1 1 1 1 1 
2 1 2 3 1 3 0 2 2 1 
0 3 3 0 0 0 2 0 1 0 
1 3 0 0 0 2 3 3 1 1 
3 1 3 0 1 3 0 1 3 1 
0 1 1 1 0 1 1 1 0 0 
2 3 1 0 0 0 3 0 3 2 
0 0 1 0 0 2 0 0 0 0 
2 1 3 3 0 2 0 2 2 1 
2 1 2 3 0 2 0 2 2 1 
1 2 3 1 2 3 2 3 3 0 
0 1 1 1 0 0 0 0 0 0 
1 1 1 1 0 2 1 1 1 1 
0 1 3 2 0 0 1 3 0 2 
0 1 0 1 2 2 2 3 2 0 
0 1 0 2 0 0 1 3 0 2 
2 1 2 0 0 2 0 2 2 1 
0 1 1 1 0 1 1 0 1 1 
0 1 1 1 0 1 1 0 1 0 
2 1 2 3 1 2 0 2 2 1 
1 2 2 0 3 3 1 3 0 0 
2 2 0 2 1 2 2 2 1 2 
0 0 0 0 0 0 0 0 0 0 
0 1 1 1 1 0 0 0 0 0 
0 3 3 1 3 3 1 3 0 0 
1 0 1 0 3 1 2 0 2 2 
3 1 0 1 3 2 0 1 0 2 
0 1 3 1 2 2 2 3 2 0 
1 1 1 2 0 1 1 1 1 1 
0 2 3 1 1 3 3 0 1 1 
2 2 2 2 1 1 1 2 1 1 
1 0 0 0 1 1 0 1 0 2 
1 1 1 1 0 2 2 2 1 1 
0 3 3 0 0 0 2 3 0 0 
1 0 0 0 0 3 0 0 0 0 
0 1 3 2 1 1 1 0 0 2 
0 3 2 0 3 3 1 3 0 0 
0 1 1 1 0 1 1 0 0 0 
2 2 2 3 0 2 0 2 2 1 
2 1 2 3 1 3 1 2 2 1 
2 0 0 1 2 3 1 2 3 0 
2 1 2 2 0 0 3 0 2 3 
0 1 0 2 3 3 2 3 2 0 
1 0 0 0 1 0 0 1 0 0 
3 0 0 0 0 0 2 2 0 0 
0 1 0 0 0 0 0 0 0 0 
0 1 0 2 3 2 3 3 2 0 
3 1 2 3 0 2 0 2 2 1 
1 1 1 1 0 2 2 1 1 1 
1 0 2 2 1 2 1 0 3 3 
1 3 3 3 1 1 0 2 0 0 
1 0 0 0 0 0 0 0 0 0 
0 2 2 0 3 3 1 3 0 0 
0 3 3 0 3 3 1 3 0 0 
0 3 3 0 0 3 1 3 0 0 
0 1 3 2 1 1 1 3 0 2 
MFS
[ 0 , - , - , - , 0 , - , - , 0 , - , - ]
[ 0 , 1 , - , - , - , 2 , - , - , 2 , - ]
[ - , 1 , 3 , 2 , - , - , 1 , 3 , - , 2 ]
[ 0 , - , - , 0 , - , - , - , - , - , - ]
[ 2 , 1 , 2 , 3 , - , - , - , - , - , 1 ]
[ 1 , 1 , 1 , 1 , 0 , - , - , 1 , - , - ]
precise
0.16666666666666666
recall
0.5
F-measure
0.25
multi
0
time
all 47 iden 0 gen 47
t-cover
707
all-cover
720
coveredNum
(1 : 79)  (2 : 111)  (3 : 93)  (4 : 73)  (5 : 55)  (6 : 46)  (7 : 33)  (8 : 31)  (9 : 40)  (10 : 36)  (11 : 22)  (12 : 29)  (13 : 17)  (14 : 3)  (15 : 8)  (16 : 6)  (17 : 9)  (18 : 6)  (19 : 5)  (20 : 7)  (21 : 2)  (23 : 4)  (25 : 1)  (26 : 1)  (27 : 2)  (29 : 1)  
real Identify
([ 0 , - , - , 0 , - , - , - , - , - , - ] : 1)  
testCase Num: 109
regaular Num: 34
identify Num: 75
1 1 2 0 2 3 0 2 3 3 
0 1 2 0 0 2 0 0 0 0 
1 2 2 2 2 1 1 1 2 1 
1 2 2 0 1 0 2 2 1 3 
2 2 0 3 1 3 2 0 3 2 
1 1 2 3 3 3 0 2 3 3 
0 2 1 0 0 2 0 3 0 2 
0 1 0 0 3 1 3 2 0 2 
3 2 2 2 1 3 1 3 0 0 
0 2 1 0 0 1 3 2 0 2 
0 2 2 1 3 1 0 3 2 2 
1 1 0 1 2 0 0 2 2 0 
0 2 3 3 0 0 2 2 0 0 
0 0 0 3 0 1 0 0 0 0 
2 1 1 1 2 1 1 0 1 1 
1 0 0 0 2 0 1 2 2 0 
3 2 2 2 0 0 2 0 3 0 
2 1 1 3 0 0 2 3 2 0 
0 3 0 1 2 3 1 3 1 1 
1 1 1 3 2 3 0 2 3 3 
0 2 2 0 3 0 1 3 0 0 
2 1 2 1 1 1 1 0 1 1 
2 3 1 0 3 0 3 1 3 1 
1 1 0 1 2 0 3 1 2 0 
1 1 2 3 2 3 1 3 0 0 
0 2 1 1 3 1 3 2 0 2 
1 0 3 0 2 1 3 3 3 0 
1 1 2 3 2 3 1 3 0 3 
0 2 1 0 0 2 0 2 0 2 
3 1 0 1 3 1 3 2 0 2 
0 2 2 0 3 0 1 3 0 3 
3 3 3 2 3 2 3 0 2 3 
0 1 1 3 2 3 0 2 3 3 
2 1 1 3 1 1 3 3 2 0 
1 1 3 0 0 2 0 0 0 0 
3 0 2 1 2 2 0 0 3 0 
0 0 0 0 2 0 1 2 2 0 
0 2 0 0 3 1 3 2 0 2 
1 1 2 3 2 3 1 3 3 3 
0 2 1 0 0 2 0 3 1 2 
1 1 1 1 1 1 1 0 1 1 
1 1 0 1 1 3 3 1 2 0 
3 2 1 0 0 3 2 0 0 0 
2 1 1 1 1 2 1 0 1 1 
2 1 1 3 1 1 3 3 3 0 
0 2 1 0 0 2 0 3 1 3 
2 1 1 3 1 1 3 3 2 1 
0 2 2 0 3 0 0 2 3 3 
1 1 2 0 0 3 0 0 0 0 
1 1 2 3 2 3 0 2 3 3 
2 1 1 3 1 0 2 3 2 0 
0 2 1 0 3 0 0 2 3 3 
2 2 1 2 0 0 2 3 2 0 
2 1 1 3 1 1 3 0 2 0 
2 1 1 1 1 2 2 1 1 1 
3 1 1 2 0 0 2 3 2 0 
2 3 0 1 1 1 2 1 0 3 
1 0 0 0 0 0 0 3 0 3 
2 0 1 2 0 1 0 0 3 2 
2 1 1 3 1 1 2 3 2 0 
0 2 2 0 3 0 1 3 3 3 
1 1 0 1 2 3 3 1 2 0 
1 3 2 0 0 0 0 0 0 0 
1 1 2 3 2 3 1 2 3 3 
1 1 2 0 0 3 1 1 0 0 
0 0 0 0 0 0 0 0 0 0 
3 2 2 3 0 0 3 1 1 1 
1 1 3 1 1 3 3 1 2 0 
0 2 1 0 0 2 3 2 0 2 
1 2 2 0 0 2 0 0 0 0 
3 1 0 0 3 1 3 2 0 2 
0 1 3 0 1 3 3 1 2 0 
2 1 2 2 0 0 2 3 2 0 
2 2 1 1 1 1 1 0 1 1 
1 1 2 0 1 2 0 0 0 0 
1 2 3 1 1 3 3 2 3 0 
1 1 2 0 0 3 1 0 1 0 
1 1 0 1 2 0 0 1 3 0 
1 0 1 0 0 2 1 1 0 3 
1 0 0 0 0 0 0 0 0 2 
1 1 2 3 2 0 0 2 3 3 
1 2 1 0 3 0 0 2 3 3 
2 1 1 1 1 2 2 0 1 2 
2 1 1 1 1 2 2 0 1 1 
1 3 3 2 2 0 0 1 0 1 
1 1 2 1 0 2 0 0 0 0 
2 3 3 1 0 0 1 2 3 2 
0 2 2 0 3 0 1 2 3 3 
0 0 0 1 0 0 3 0 0 0 
2 1 1 2 1 1 1 0 1 1 
2 2 2 0 2 2 2 1 1 2 
0 2 1 0 3 1 3 2 0 2 
1 1 2 0 0 3 1 0 0 0 
1 1 2 0 0 3 1 0 0 1 
1 2 3 1 1 3 3 1 2 0 
1 1 0 1 2 0 0 1 2 0 
1 1 0 1 2 0 0 1 2 1 
1 0 0 3 3 3 2 1 2 1 
0 2 3 1 1 2 0 1 1 1 
0 0 0 0 0 0 0 3 0 3 
2 1 1 1 1 2 2 0 2 1 
1 1 2 0 0 2 0 0 0 0 
0 3 2 0 0 0 0 0 0 0 
1 0 0 0 0 0 0 0 0 0 
2 1 1 2 0 0 2 3 2 0 
0 0 0 2 1 2 0 2 1 1 
0 3 3 3 3 2 1 3 1 0 
1 2 1 3 2 3 0 2 3 3 
2 1 1 1 1 1 1 0 1 1 
MFS
[ 0 , - , - , - , - , - , - , - , - , - ]
[ - , 1 , - , 3 , 2 , 3 , - , - , - , - ]
[ 2 , 1 , 1 , - , - , - , - , 3 , 2 , - ]
[ - , 1 , 1 , 1 , 1 , - , - , 0 , 1 , - ]
[ - , 1 , 2 , 0 , 0 , - , - , 0 , 0 , 0 ]
[ - , - , - , 0 , - , - , - , - , - , - ]
[ - , 1 , - , - , - , - , - , 1 , 2 , - ]
precise
0.0
recall
0.0
F-measure
0.0
multi
2
time
all 38 iden 0 gen 38
t-cover
710
all-cover
720
coveredNum
(1 : 72)  (2 : 88)  (3 : 92)  (4 : 61)  (5 : 48)  (6 : 38)  (7 : 39)  (8 : 41)  (9 : 41)  (10 : 46)  (11 : 29)  (12 : 37)  (13 : 20)  (14 : 13)  (15 : 8)  (16 : 6)  (17 : 6)  (18 : 6)  (19 : 13)  (20 : 6)  (21 : 2)  (22 : 1)  (23 : 2)  (24 : 1)  (25 : 1)  (27 : 2)  (28 : 1)  
real Identify

testCase Num: 100
regaular Num: 33
identify Num: 67
0 1 2 2 3 3 3 0 0 1 
1 1 1 2 1 1 2 3 0 0 
1 1 1 2 1 1 2 3 0 1 
1 2 1 0 0 1 3 2 2 3 
1 1 0 3 1 2 3 1 2 2 
1 1 0 3 1 2 0 1 3 2 
1 2 2 0 0 0 0 3 0 1 
1 1 0 3 1 2 0 1 3 3 
0 1 2 2 0 3 0 1 0 1 
0 1 2 2 0 3 0 1 0 2 
0 0 1 2 3 3 3 2 1 3 
0 1 0 1 1 2 1 3 0 2 
0 1 0 1 1 2 1 3 0 1 
0 0 2 0 0 0 0 1 0 0 
0 1 0 1 0 2 0 2 0 1 
1 1 2 0 2 2 1 1 1 1 
0 1 2 2 0 0 3 0 0 1 
0 2 0 0 0 0 0 0 0 3 
0 2 1 0 1 1 3 2 2 3 
1 0 2 0 0 0 0 1 0 0 
1 1 0 3 1 2 0 1 2 2 
0 1 0 1 1 2 1 3 1 1 
0 1 2 2 0 3 0 1 1 1 
2 0 0 3 2 1 2 3 3 1 
0 0 3 0 0 2 0 2 0 1 
0 1 2 2 0 3 3 0 0 1 
3 3 0 0 2 3 3 3 1 3 
0 1 0 1 0 0 1 2 3 0 
0 1 0 1 1 3 0 2 0 1 
2 2 2 1 2 0 1 2 2 2 
1 1 2 0 2 1 2 1 1 1 
1 2 0 0 0 0 0 0 0 3 
0 1 0 1 1 2 1 2 0 1 
0 2 1 0 0 1 3 2 2 3 
1 0 3 0 0 3 0 2 1 2 
0 1 2 2 0 3 0 0 0 1 
1 1 1 2 1 1 2 3 3 0 
1 1 1 2 0 0 1 2 3 0 
2 1 1 0 1 1 1 1 1 1 
0 2 2 1 3 3 3 0 0 1 
2 3 3 0 1 0 2 0 0 3 
2 2 3 0 3 2 3 0 1 2 
2 2 1 3 3 2 0 0 1 1 
3 1 2 1 3 3 3 0 0 1 
3 2 0 0 3 3 1 1 3 2 
1 0 0 0 0 0 3 0 3 0 
1 1 0 3 0 1 3 1 2 2 
1 2 1 0 1 1 1 1 1 1 
1 0 0 1 1 0 3 1 1 0 
1 1 1 2 1 1 1 2 3 0 
2 1 3 2 2 1 0 1 0 3 
1 1 0 0 0 1 3 1 2 2 
0 1 3 0 0 2 0 2 0 1 
0 1 0 0 0 2 0 2 0 1 
1 1 0 3 1 1 3 1 2 2 
1 1 1 1 0 0 1 2 3 0 
1 0 3 0 2 2 1 0 2 3 
1 1 2 0 1 1 1 1 1 1 
1 1 0 1 0 0 1 2 3 0 
1 1 1 0 1 1 1 1 1 1 
1 2 3 3 1 3 0 3 2 0 
2 1 1 3 3 2 0 0 1 0 
0 2 1 0 1 2 0 2 2 3 
3 3 1 3 3 0 0 3 2 1 
1 1 1 2 2 0 2 0 3 0 
1 1 1 2 1 1 2 2 3 0 
2 0 0 0 0 3 0 0 0 0 
0 0 0 0 0 0 0 0 0 0 
0 1 2 0 0 0 0 3 0 0 
0 1 2 1 3 3 3 0 0 1 
3 0 0 2 0 0 0 0 0 2 
1 3 0 2 3 1 2 0 2 2 
1 1 1 3 0 1 3 1 2 2 
2 2 1 1 0 1 0 3 0 2 
1 1 2 0 2 1 1 1 1 1 
1 2 0 3 0 1 3 1 2 2 
0 0 3 0 2 2 1 0 2 3 
0 2 1 0 1 2 0 2 3 3 
0 2 1 0 1 2 3 2 2 3 
0 2 2 2 0 3 2 2 1 1 
0 1 0 3 0 1 3 1 2 2 
0 3 0 2 1 2 1 3 0 2 
3 3 2 0 1 1 0 2 3 0 
1 1 1 2 1 0 1 2 3 0 
1 1 2 0 2 1 1 2 2 1 
1 1 2 0 2 1 1 2 2 2 
0 0 0 0 0 0 3 0 3 0 
0 1 3 1 3 3 3 0 0 1 
1 1 2 1 1 1 1 1 1 1 
1 0 3 0 0 2 0 2 0 1 
3 3 3 1 0 2 2 1 3 3 
1 1 0 3 1 2 0 2 2 2 
1 0 0 0 0 0 0 0 0 0 
1 1 2 0 2 1 1 2 1 1 
2 2 1 1 1 2 2 1 1 2 
3 2 3 1 3 0 3 0 1 2 
1 0 2 3 0 2 1 2 0 3 
0 1 0 1 1 2 0 2 0 1 
1 2 0 1 0 0 1 2 3 0 
1 2 0 1 0 0 1 2 3 1 
MFS
[ 0 , - , - , - , - , - , - , - , - , - ]
[ - , 1 , - , - , - , - , - , - , - , 0 ]
[ 0 , - , - , - , - , 2 , - , - , 0 , 1 ]
[ - , 1 , 2 , - , - , 3 , - , - , 0 , 1 ]
[ - , 1 , 0 , 3 , - , - , - , 1 , - , 2 ]
[ 1 , 1 , - , 0 , - , 1 , 1 , - , - , 1 ]
precise
0.0
recall
0.0
F-measure
0.0
multi
1
time
all 31 iden 0 gen 31
t-cover
707
all-cover
720
coveredNum
(1 : 98)  (2 : 88)  (3 : 91)  (4 : 58)  (5 : 57)  (6 : 39)  (7 : 39)  (8 : 51)  (9 : 39)  (10 : 25)  (11 : 33)  (12 : 27)  (13 : 15)  (14 : 17)  (15 : 7)  (16 : 5)  (17 : 3)  (18 : 9)  (19 : 6)  (20 : 3)  (21 : 4)  (22 : 3)  (23 : 1)  (27 : 1)  (28 : 1)  
real Identify

testCase Num: 89
regaular Num: 32
identify Num: 57
1 1 1 1 0 3 2 3 3 0 
2 1 3 3 1 2 3 3 0 0 
2 3 3 0 1 0 2 3 3 1 
1 0 2 1 2 2 0 0 2 3 
2 2 1 1 1 0 1 1 1 1 
0 1 3 3 0 1 3 1 0 2 
2 1 1 2 1 1 2 1 1 2 
1 0 3 2 2 3 0 3 1 3 
0 2 2 0 3 3 3 1 2 1 
0 1 3 2 3 0 2 1 0 2 
2 1 1 2 2 0 1 1 1 1 
0 3 3 0 0 0 0 2 3 2 
0 3 3 0 0 0 0 2 3 1 
2 1 1 2 1 1 2 1 2 1 
2 2 1 0 0 2 1 3 3 0 
0 3 3 1 3 3 3 1 2 1 
1 2 0 2 3 0 2 2 0 3 
0 3 0 0 0 3 0 0 0 0 
1 1 0 1 3 3 1 3 3 0 
1 1 1 1 3 3 1 3 3 0 
0 0 0 0 0 0 0 0 0 0 
1 2 0 1 3 0 2 0 3 1 
1 2 2 0 3 3 3 1 2 1 
1 1 3 2 3 0 2 1 0 2 
3 0 0 2 0 2 0 1 1 1 
2 1 1 2 1 0 1 1 1 1 
1 0 0 1 2 0 0 0 0 1 
0 1 3 3 0 1 2 1 0 2 
0 1 3 3 0 1 3 1 1 3 
0 1 3 3 0 1 3 1 1 2 
0 3 3 0 0 0 3 1 2 1 
1 3 0 1 0 3 0 0 0 0 
0 2 1 2 1 0 0 2 1 0 
0 1 0 2 3 0 2 1 0 2 
1 0 0 1 0 0 0 0 0 0 
2 0 0 3 3 3 2 1 1 2 
2 3 1 1 0 1 0 2 0 3 
0 3 3 0 0 0 0 1 2 1 
1 1 1 1 1 0 1 1 1 1 
0 0 0 0 2 0 0 0 0 1 
2 1 1 2 1 1 2 1 1 1 
3 1 2 0 2 0 3 2 3 2 
1 3 1 3 3 1 0 1 3 0 
3 0 3 3 0 1 1 2 2 1 
2 2 1 2 2 1 2 0 2 2 
0 3 3 0 3 3 3 1 2 1 
0 3 2 0 3 3 3 1 2 1 
1 1 1 1 0 3 1 3 0 0 
0 2 3 2 3 0 2 1 0 2 
2 2 2 3 1 2 3 3 0 0 
1 1 1 1 0 3 1 3 0 1 
0 1 3 3 0 1 3 2 0 2 
1 1 1 1 0 0 1 3 3 0 
2 1 1 2 1 1 2 2 1 1 
1 0 0 0 0 0 0 0 0 2 
2 1 1 1 1 0 1 1 1 1 
2 1 2 1 1 0 1 1 1 1 
3 3 0 1 3 2 2 2 3 3 
0 1 0 0 3 3 1 3 3 0 
2 1 2 0 2 3 3 3 0 0 
2 1 2 0 2 3 0 3 0 0 
3 2 3 3 1 2 3 0 0 0 
3 0 1 2 1 3 3 0 3 3 
0 3 2 2 0 2 1 0 1 2 
3 0 0 0 0 0 0 3 0 0 
1 1 0 0 0 1 3 0 1 3 
0 1 3 3 0 0 2 1 0 2 
1 1 1 1 0 3 1 0 3 0 
2 1 2 0 2 2 3 3 0 0 
0 2 0 3 2 0 1 1 0 3 
1 2 0 1 3 3 1 3 3 0 
1 1 1 1 0 3 1 3 3 0 
0 1 3 3 3 0 2 1 0 2 
0 0 2 3 0 1 2 0 0 0 
3 3 3 1 2 0 3 0 2 0 
2 1 1 2 1 1 1 1 1 1 
3 1 2 3 1 2 3 3 0 0 
1 2 3 1 0 3 2 2 0 0 
0 1 0 1 1 1 0 3 2 2 
2 1 2 0 2 3 0 3 1 0 
3 2 3 2 3 2 0 0 0 1 
2 1 2 0 2 3 0 3 1 1 
0 3 3 0 0 0 0 2 2 1 
2 1 2 0 2 3 0 0 0 0 
2 1 2 0 1 2 3 3 0 0 
1 2 2 1 2 0 1 2 2 1 
1 2 2 1 3 3 3 1 2 1 
0 3 3 0 0 3 3 1 2 1 
2 1 2 3 1 2 3 3 0 0 
MFS
[ - , 1 , 1 , - , 1 , - , - , 1 , 1 , - ]
[ 0 , - , - , 0 , - , - , - , - , - , - ]
[ - , 1 , - , - , - , 3 , 1 , 3 , - , 0 ]
[ 2 , 1 , 2 , - , - , - , - , 3 , - , - ]
[ 0 , 1 , 3 , - , - , - , - , 1 , - , 2 ]
precise
0.2
recall
0.5
F-measure
0.28571428571428575
multi
1
time
all 31 iden 0 gen 31
t-cover
698
all-cover
720
coveredNum
(1 : 84)  (2 : 114)  (3 : 95)  (4 : 68)  (5 : 52)  (6 : 38)  (7 : 56)  (8 : 43)  (9 : 44)  (10 : 41)  (11 : 28)  (12 : 19)  (13 : 13)  (14 : 8)  (15 : 4)  (16 : 2)  (17 : 3)  (18 : 6)  (19 : 2)  
real Identify
([ 0 , - , - , 0 , - , - , - , - , - , - ] : 1)  
testCase Num: 83
regaular Num: 34
identify Num: 49
1 1 1 2 0 3 2 3 0 2 
2 1 0 1 3 0 0 0 1 0 
0 1 1 0 1 0 0 0 0 0 
3 1 0 0 2 1 0 0 1 3 
3 1 0 0 2 1 0 0 1 2 
0 1 1 0 1 1 0 0 0 0 
2 0 2 2 1 0 0 2 3 1 
0 0 1 3 0 0 2 0 3 2 
1 1 2 0 0 2 0 0 1 2 
0 1 1 1 0 0 0 0 0 0 
0 1 2 0 3 1 3 0 1 2 
1 3 3 0 1 2 2 2 0 2 
0 0 0 2 0 0 1 0 0 0 
2 3 0 1 3 3 2 0 0 1 
1 1 2 0 0 2 3 0 1 2 
0 1 0 1 2 2 1 2 3 3 
3 1 0 3 1 1 0 3 1 2 
2 2 3 3 0 0 1 1 2 2 
0 1 0 3 1 1 0 3 1 2 
1 2 2 0 3 1 3 0 1 2 
1 2 2 3 1 2 1 0 0 3 
3 1 1 3 1 1 0 3 1 2 
1 1 2 0 0 1 3 0 1 2 
0 0 0 0 0 0 0 0 0 0 
2 1 0 1 3 0 0 3 2 0 
0 1 1 0 0 0 0 0 0 0 
0 3 1 0 1 3 0 1 2 3 
0 2 1 3 1 2 1 3 2 2 
0 1 1 0 1 1 1 1 0 0 
1 1 2 0 0 2 0 0 2 3 
0 2 3 2 0 1 2 2 1 3 
1 1 2 0 0 2 0 0 2 2 
1 2 3 2 0 1 1 0 2 1 
1 0 0 1 0 0 0 0 0 0 
0 1 1 0 1 1 1 1 1 0 
2 2 0 1 0 1 0 3 2 3 
3 1 0 0 2 1 0 3 1 2 
1 3 1 1 1 3 0 1 2 3 
2 2 3 1 3 0 0 3 1 0 
3 2 1 3 3 3 3 2 3 0 
1 3 3 0 2 0 1 3 3 2 
2 1 0 1 0 0 0 3 1 0 
2 1 0 1 3 0 0 3 1 1 
1 1 2 1 3 1 3 0 1 2 
2 1 0 1 3 0 0 3 1 0 
0 0 0 1 0 0 0 0 0 2 
3 1 0 0 2 2 0 3 1 2 
0 0 2 3 2 3 1 1 0 1 
3 3 2 1 0 0 2 1 3 3 
0 1 1 0 1 1 1 1 1 1 
1 0 0 2 3 0 3 1 2 3 
2 1 0 1 3 1 0 3 1 0 
1 1 2 0 0 2 0 1 1 2 
0 1 1 0 1 1 1 0 0 0 
1 1 3 0 3 1 3 0 1 2 
3 1 0 0 2 1 1 3 1 2 
2 2 1 0 2 2 0 0 1 1 
0 2 3 1 3 1 3 1 1 2 
3 2 0 3 1 1 0 3 1 2 
1 0 0 1 0 1 0 0 3 0 
3 0 0 0 3 2 1 0 2 0 
0 0 0 0 0 0 0 2 2 0 
0 0 2 0 0 0 0 3 0 0 
2 1 0 2 3 0 0 3 1 0 
2 1 0 1 3 0 1 3 1 0 
0 3 3 3 1 3 3 0 1 0 
3 1 0 0 2 1 0 0 2 2 
0 1 0 0 0 0 0 0 0 0 
1 1 2 0 3 1 3 0 1 2 
3 1 0 0 1 1 0 3 1 2 
0 1 0 0 0 0 0 0 0 1 
3 3 3 2 2 1 3 0 0 0 
1 0 1 1 1 1 1 1 1 1 
1 1 3 1 3 0 0 3 1 0 
2 0 0 0 0 0 3 0 0 0 
1 0 0 1 0 0 0 2 2 0 
0 0 0 0 0 1 0 0 3 0 
2 1 2 2 2 2 2 1 2 0 
1 0 2 1 0 0 0 3 0 0 
1 0 0 0 0 0 0 0 0 0 
1 1 0 1 0 0 0 0 0 1 
3 0 3 1 0 2 3 3 2 1 
2 1 3 1 3 0 0 3 1 0 
MFS
[ - , 1 , 2 , 0 , - , - , - , 0 , - , - ]
[ - , 1 , - , 1 , 3 , 0 , 0 , 3 , 1 , 0 ]
[ 3 , 1 , 0 , - , - , 1 , 0 , - , 1 , - ]
[ 0 , - , - , 0 , - , - , - , - , - , - ]
precise
0.25
recall
0.5
F-measure
0.3333333333333333
multi
2
time
all 38 iden 0 gen 38
t-cover
709
all-cover
720
coveredNum
(1 : 119)  (2 : 156)  (3 : 109)  (4 : 74)  (5 : 42)  (6 : 33)  (7 : 27)  (8 : 19)  (9 : 20)  (10 : 23)  (11 : 14)  (12 : 14)  (13 : 12)  (14 : 10)  (15 : 12)  (16 : 3)  (17 : 8)  (18 : 3)  (19 : 5)  (20 : 2)  (21 : 6)  (22 : 2)  (23 : 1)  (24 : 2)  (25 : 1)  (28 : 2)  (29 : 1)  
real Identify
([ 0 , - , - , 0 , - , - , - , - , - , - ] : 1)  
