
the 0 th
fb num :68.0 72.0 74.0 75.0 63.0 80.0 76.0 123.0 74.0 90.0 76.0 69.0 68.0 82.0 72.0 85.0 78.0 82.0 72.0 66.0 76.0 82.0 88.0 72.0 74.0 71.0 80.0 65.0 78.0 67.0 
avg : 76.6
fb metric :0.25 0.5714285714285714 0.725 0.5 0.6666666666666666 0.75 0.6363636363636364 0.6222222222222222 0.53125 0.6 0.2727272727272727 0.75 0.4625 0.3 0.5208333333333334 0.5409090909090909 0.5909090909090909 0.7227272727272727 0.3125 0.10714285714285714 0.41250000000000003 0.55 0.28500000000000003 0.5041666666666667 0.71875 0.6699999999999999 0.2 0.4 0.65625 0.375 
avg : 0.5068282227032228
fb accuate :1.0 1.0 2.0 1.0 3.0 3.0 1.0 2.0 2.0 3.0 0.0 3.0 1.0 0.0 1.0 1.0 2.0 2.0 1.0 0.0 0.0 1.0 0.0 2.0 2.0 1.0 1.0 4.0 3.0 0.0 
avg : 1.4666666666666666
fb parent :1.0 4.0 7.0 6.0 4.0 5.0 8.0 5.0 3.0 4.0 4.0 3.0 4.0 4.0 7.0 7.0 6.0 9.0 2.0 2.0 7.0 6.0 4.0 6.0 5.0 8.0 2.0 0.0 3.0 4.0 
avg : 4.666666666666667
fb child :0.0 0.0 0.0 0.0 0.0 0.0 0.0 0.0 0.0 0.0 0.0 0.0 0.0 0.0 0.0 0.0 0.0 0.0 0.0 0.0 0.0 0.0 0.0 0.0 0.0 0.0 0.0 0.0 0.0 0.0 
avg : 0.0
fb ignore :3.0 0.0 0.0 1.0 0.0 0.0 0.0 0.0 0.0 0.0 1.0 0.0 0.0 1.0 1.0 0.0 0.0 0.0 2.0 3.0 1.0 0.0 1.0 1.0 0.0 0.0 2.0 1.0 0.0 1.0 
avg : 0.6333333333333333
fb irrlevant :2.0 2.0 1.0 3.0 2.0 1.0 2.0 2.0 3.0 3.0 6.0 1.0 3.0 5.0 3.0 3.0 3.0 0.0 3.0 9.0 4.0 3.0 5.0 3.0 1.0 1.0 6.0 5.0 2.0 3.0 
avg : 3.0
fic num :201.0 234.0 239.0 261.0 265.0 192.0 259.0 230.0 234.0 271.0 300.0 195.0 220.0 292.0 242.0 253.0 216.0 190.0 315.0 303.0 271.0 286.0 305.0 184.0 251.0 245.0 185.0 224.0 222.0 169.0 
avg : 241.8
fic metric :0.6428571428571429 0.9166666666666666 0.75 0.9166666666666666 0.875 0.7916666666666666 0.9166666666666666 0.9166666666666666 0.9 0.875 0.8928571428571429 0.95 0.9583333333333334 0.8333333333333334 0.9166666666666666 0.85 0.75 0.75 0.8928571428571429 0.875 0.9166666666666666 0.7916666666666666 0.90625 0.7916666666666666 0.9166666666666666 0.75 0.95 0.9583333333333334 0.9166666666666666 0.95 
avg : 0.8672718253968255
fic accuate :3.0 4.0 3.0 4.0 3.0 4.0 4.0 4.0 3.0 3.0 4.0 4.0 5.0 2.0 4.0 2.0 3.0 3.0 4.0 3.0 4.0 4.0 5.0 4.0 4.0 3.0 4.0 5.0 4.0 4.0 
avg : 3.6666666666666665
fic parent :2.0 2.0 2.0 2.0 3.0 1.0 2.0 2.0 2.0 3.0 3.0 1.0 1.0 4.0 2.0 3.0 2.0 1.0 3.0 3.0 2.0 1.0 3.0 1.0 2.0 2.0 1.0 1.0 2.0 1.0 
avg : 2.0
fic child :0.0 0.0 0.0 0.0 0.0 0.0 0.0 0.0 0.0 0.0 0.0 0.0 0.0 0.0 0.0 0.0 0.0 0.0 0.0 0.0 0.0 0.0 0.0 0.0 0.0 0.0 0.0 0.0 0.0 0.0 
avg : 0.0
fic ignore :2.0 0.0 1.0 0.0 0.0 1.0 0.0 0.0 0.0 0.0 0.0 0.0 0.0 0.0 0.0 0.0 1.0 1.0 0.0 0.0 0.0 1.0 0.0 1.0 0.0 1.0 0.0 0.0 0.0 0.0 
avg : 0.3
fic irrlevant :0.0 0.0 0.0 0.0 0.0 0.0 0.0 0.0 0.0 0.0 0.0 0.0 0.0 0.0 0.0 0.0 0.0 0.0 0.0 0.0 0.0 0.0 0.0 0.0 0.0 0.0 0.0 0.0 0.0 0.0 
avg : 0.0
fba metric :0.3611111111111111 0.725 0.6444444444444444 0.6444444444444444 0.6571428571428571 0.3611111111111111 0.711111111111111 0.711111111111111 0.5777777777777777 0.5 0.6444444444444444 0.25 0.6444444444444444 0.6571428571428571 0.575 0.575 0.3611111111111111 0.6111111111111112 0.711111111111111 0.6499999999999999 0.711111111111111 0.5611111111111111 0.6444444444444444 0.485 0.711111111111111 0.575 0.711111111111111 0.711111111111111 0.5777777777777777 0.725 
avg : 0.5995132275132274
fba accuate :1.0 1.0 1.0 1.0 1.0 1.0 1.0 1.0 1.0 1.0 1.0 1.0 1.0 1.0 1.0 1.0 1.0 1.0 1.0 1.0 1.0 1.0 1.0 1.0 1.0 1.0 1.0 1.0 1.0 1.0 
avg : 1.0
fba parent :3.0 7.0 7.0 7.0 5.0 3.0 8.0 8.0 6.0 4.0 7.0 2.0 7.0 5.0 5.0 5.0 3.0 7.0 8.0 6.0 8.0 6.0 7.0 6.0 8.0 5.0 8.0 8.0 6.0 7.0 
avg : 6.066666666666666
fba child :0.0 0.0 0.0 0.0 0.0 0.0 0.0 0.0 0.0 0.0 0.0 0.0 0.0 0.0 0.0 0.0 0.0 0.0 0.0 0.0 0.0 0.0 0.0 0.0 0.0 0.0 0.0 0.0 0.0 0.0 
avg : 0.0
fba ignore :1.0 0.0 0.0 0.0 0.0 1.0 0.0 0.0 0.0 0.0 0.0 2.0 0.0 0.0 0.0 0.0 1.0 0.0 0.0 0.0 0.0 0.0 0.0 0.0 0.0 0.0 0.0 0.0 0.0 0.0 
avg : 0.16666666666666666
fba irrlevant :4.0 0.0 1.0 1.0 1.0 4.0 0.0 0.0 2.0 3.0 1.0 5.0 1.0 1.0 2.0 2.0 4.0 1.0 0.0 1.0 0.0 2.0 1.0 3.0 0.0 2.0 0.0 0.0 2.0 0.0 
avg : 1.4666666666666666

the 1 th
fb num :51.0 55.0 56.0 58.0 54.0 56.0 53.0 52.0 55.0 58.0 175.0 57.0 59.0 60.0 51.0 53.0 59.0 61.0 157.0 61.0 53.0 51.0 49.0 145.0 56.0 60.0 53.0 60.0 70.0 73.0 
avg : 67.03333333333333
fb metric :0.5 0.5277777777777778 0.5277777777777778 0.5 0.5277777777777778 0.5 0.5277777777777778 0.5277777777777778 0.5277777777777778 0.5277777777777778 0.5277777777777778 0.5 0.5277777777777778 0.5277777777777778 0.5277777777777778 0.5277777777777778 0.5 0.5 0.5 0.5 0.5 0.5 0.5277777777777778 0.5277777777777778 0.5 0.5 0.5277777777777778 0.5277777777777778 0.5277777777777778 0.5277777777777778 
avg : 0.5166666666666668
fb accuate :0.0 0.0 0.0 0.0 0.0 0.0 0.0 0.0 0.0 0.0 0.0 0.0 0.0 0.0 0.0 0.0 0.0 0.0 0.0 0.0 0.0 0.0 0.0 0.0 0.0 0.0 0.0 0.0 0.0 0.0 
avg : 0.0
fb parent :5.0 5.0 5.0 5.0 5.0 5.0 5.0 5.0 5.0 5.0 5.0 5.0 5.0 5.0 5.0 5.0 5.0 5.0 5.0 5.0 5.0 5.0 5.0 5.0 5.0 5.0 5.0 5.0 5.0 5.0 
avg : 5.0
fb child :0.0 0.0 0.0 0.0 0.0 0.0 0.0 0.0 0.0 0.0 0.0 0.0 0.0 0.0 0.0 0.0 0.0 0.0 0.0 0.0 0.0 0.0 0.0 0.0 0.0 0.0 0.0 0.0 0.0 0.0 
avg : 0.0
fb ignore :0.0 0.0 0.0 0.0 0.0 0.0 0.0 0.0 0.0 0.0 0.0 0.0 0.0 0.0 0.0 0.0 0.0 0.0 0.0 0.0 0.0 0.0 0.0 0.0 0.0 0.0 0.0 0.0 0.0 0.0 
avg : 0.0
fb irrlevant :0.0 0.0 0.0 0.0 0.0 0.0 0.0 0.0 0.0 0.0 0.0 0.0 0.0 0.0 0.0 0.0 0.0 0.0 0.0 0.0 0.0 0.0 0.0 0.0 0.0 0.0 0.0 0.0 0.0 0.0 
avg : 0.0
fic num :162.0 219.0 210.0 186.0 197.0 228.0 215.0 216.0 216.0 166.0 216.0 208.0 172.0 203.0 180.0 211.0 214.0 187.0 201.0 194.0 201.0 164.0 198.0 217.0 190.0 226.0 216.0 207.0 222.0 230.0 
avg : 202.4
fic metric :0.8333333333333334 0.8333333333333334 0.8333333333333334 0.8333333333333334 0.8333333333333334 0.8333333333333334 0.8333333333333334 0.8333333333333334 0.8333333333333334 0.8333333333333334 0.8333333333333334 0.8333333333333334 0.8333333333333334 0.8333333333333334 0.8333333333333334 0.8333333333333334 0.8333333333333334 0.8333333333333334 0.8333333333333334 0.8333333333333334 0.8333333333333334 0.8333333333333334 0.8333333333333334 0.8333333333333334 0.8333333333333334 0.8333333333333334 0.8333333333333334 0.8333333333333334 0.8333333333333334 0.8333333333333334 
avg : 0.8333333333333331
fic accuate :2.0 2.0 2.0 2.0 2.0 2.0 2.0 2.0 2.0 2.0 2.0 2.0 2.0 2.0 2.0 2.0 2.0 2.0 2.0 2.0 2.0 2.0 2.0 2.0 2.0 2.0 2.0 2.0 2.0 2.0 
avg : 2.0
fic parent :1.0 1.0 1.0 1.0 1.0 1.0 1.0 1.0 1.0 1.0 1.0 1.0 1.0 1.0 1.0 1.0 1.0 1.0 1.0 1.0 1.0 1.0 1.0 1.0 1.0 1.0 1.0 1.0 1.0 1.0 
avg : 1.0
fic child :0.0 0.0 0.0 0.0 0.0 0.0 0.0 0.0 0.0 0.0 0.0 0.0 0.0 0.0 0.0 0.0 0.0 0.0 0.0 0.0 0.0 0.0 0.0 0.0 0.0 0.0 0.0 0.0 0.0 0.0 
avg : 0.0
fic ignore :0.0 0.0 0.0 0.0 0.0 0.0 0.0 0.0 0.0 0.0 0.0 0.0 0.0 0.0 0.0 0.0 0.0 0.0 0.0 0.0 0.0 0.0 0.0 0.0 0.0 0.0 0.0 0.0 0.0 0.0 
avg : 0.0
fic irrlevant :0.0 0.0 0.0 0.0 0.0 0.0 0.0 0.0 0.0 0.0 0.0 0.0 0.0 0.0 0.0 0.0 0.0 0.0 0.0 0.0 0.0 0.0 0.0 0.0 0.0 0.0 0.0 0.0 0.0 0.0 
avg : 0.0
fba metric :0.5277777777777778 0.611111111111111 0.611111111111111 0.5277777777777778 0.5277777777777778 0.611111111111111 0.611111111111111 0.611111111111111 0.611111111111111 0.5277777777777778 0.611111111111111 0.5277777777777778 0.5277777777777778 0.5277777777777778 0.5277777777777778 0.611111111111111 0.5277777777777778 0.5277777777777778 0.5277777777777778 0.5277777777777778 0.5277777777777778 0.5277777777777778 0.611111111111111 0.5277777777777778 0.5277777777777778 0.5277777777777778 0.611111111111111 0.611111111111111 0.5277777777777778 0.611111111111111 
avg : 0.5611111111111112
fba accuate :0.0 1.0 1.0 0.0 0.0 1.0 1.0 1.0 1.0 0.0 1.0 0.0 0.0 0.0 0.0 1.0 0.0 0.0 0.0 0.0 0.0 0.0 1.0 0.0 0.0 0.0 1.0 1.0 0.0 1.0 
avg : 0.4
fba parent :5.0 2.0 2.0 5.0 5.0 2.0 2.0 2.0 2.0 5.0 2.0 5.0 5.0 5.0 5.0 2.0 5.0 5.0 5.0 5.0 5.0 5.0 2.0 5.0 5.0 5.0 2.0 2.0 5.0 2.0 
avg : 3.8
fba child :0.0 0.0 0.0 0.0 0.0 0.0 0.0 0.0 0.0 0.0 0.0 0.0 0.0 0.0 0.0 0.0 0.0 0.0 0.0 0.0 0.0 0.0 0.0 0.0 0.0 0.0 0.0 0.0 0.0 0.0 
avg : 0.0
fba ignore :0.0 0.0 0.0 0.0 0.0 0.0 0.0 0.0 0.0 0.0 0.0 0.0 0.0 0.0 0.0 0.0 0.0 0.0 0.0 0.0 0.0 0.0 0.0 0.0 0.0 0.0 0.0 0.0 0.0 0.0 
avg : 0.0
fba irrlevant :0.0 0.0 0.0 0.0 0.0 0.0 0.0 0.0 0.0 0.0 0.0 0.0 0.0 0.0 0.0 0.0 0.0 0.0 0.0 0.0 0.0 0.0 0.0 0.0 0.0 0.0 0.0 0.0 0.0 0.0 
avg : 0.0

the 2 th
fb num :66.0 159.0 62.0 63.0 64.0 57.0 61.0 52.0 51.0 67.0 175.0 57.0 60.0 56.0 61.0 58.0 59.0 54.0 62.0 58.0 58.0 57.0 64.0 234.0 58.0 65.0 58.0 62.0 63.0 64.0 
avg : 72.83333333333333
fb metric :0.5 0.6363636363636364 0.6363636363636364 0.625 0.6363636363636364 0.6363636363636364 0.6363636363636364 0.4444444444444444 0.4333333333333333 0.6363636363636364 0.6363636363636364 0.6666666666666666 0.6363636363636364 0.6363636363636364 0.6363636363636364 0.6363636363636364 0.42857142857142855 0.6363636363636364 0.5625 0.6363636363636364 0.6666666666666666 0.625 0.6363636363636364 0.6666666666666667 0.625 0.6363636363636364 0.6666666666666667 0.6363636363636364 0.6363636363636364 0.6666666666666666 
avg : 0.6131788119288121
fb accuate :1.0 1.0 1.0 1.0 1.0 1.0 1.0 1.0 1.0 1.0 1.0 1.0 1.0 1.0 1.0 1.0 1.0 1.0 1.0 1.0 1.0 1.0 1.0 1.0 1.0 1.0 1.0 1.0 1.0 1.0 
avg : 1.0
fb parent :4.0 6.0 6.0 5.0 6.0 6.0 6.0 3.0 2.0 6.0 6.0 4.0 6.0 6.0 6.0 6.0 4.0 6.0 4.0 6.0 4.0 5.0 6.0 4.0 5.0 6.0 4.0 6.0 6.0 4.0 
avg : 5.133333333333334
fb child :0.0 0.0 0.0 0.0 0.0 0.0 0.0 0.0 0.0 0.0 0.0 0.0 0.0 0.0 0.0 0.0 0.0 0.0 0.0 0.0 0.0 0.0 0.0 0.0 0.0 0.0 0.0 0.0 0.0 0.0 
avg : 0.0
fb ignore :0.0 0.0 0.0 0.0 0.0 0.0 0.0 2.0 2.0 0.0 0.0 0.0 0.0 0.0 0.0 0.0 2.0 0.0 0.0 0.0 0.0 0.0 0.0 0.0 0.0 0.0 0.0 0.0 0.0 0.0 
avg : 0.2
fb irrlevant :2.0 0.0 0.0 0.0 0.0 0.0 0.0 0.0 0.0 0.0 0.0 0.0 0.0 0.0 0.0 0.0 0.0 0.0 1.0 0.0 0.0 0.0 0.0 0.0 0.0 0.0 0.0 0.0 0.0 0.0 
avg : 0.1
fic num :213.0 265.0 247.0 242.0 272.0 199.0 259.0 222.0 206.0 232.0 194.0 202.0 233.0 208.0 198.0 215.0 223.0 220.0 255.0 198.0 193.0 194.0 230.0 258.0 204.0 264.0 217.0 215.0 213.0 161.0 
avg : 221.73333333333332
fic metric :0.7999999999999999 0.7999999999999999 0.7999999999999999 0.7999999999999999 0.7999999999999999 0.7999999999999999 0.7999999999999999 0.7999999999999999 0.8333333333333333 0.7999999999999999 0.7999999999999999 0.7999999999999999 0.7999999999999999 0.7999999999999999 0.7999999999999999 0.7999999999999999 0.7999999999999999 0.7999999999999999 0.7999999999999999 0.7999999999999999 0.7999999999999999 0.7999999999999999 0.7999999999999999 0.7999999999999999 0.7999999999999999 0.7999999999999999 0.7999999999999999 0.7999999999999999 0.7999999999999999 0.8333333333333333 
avg : 0.8022222222222226
fic accuate :2.0 2.0 2.0 2.0 2.0 2.0 2.0 2.0 2.0 2.0 2.0 2.0 2.0 2.0 2.0 2.0 2.0 2.0 2.0 2.0 2.0 2.0 2.0 2.0 2.0 2.0 2.0 2.0 2.0 2.0 
avg : 2.0
fic parent :1.0 1.0 1.0 1.0 1.0 1.0 1.0 1.0 0.0 1.0 1.0 1.0 1.0 1.0 1.0 1.0 1.0 1.0 1.0 1.0 1.0 1.0 1.0 1.0 1.0 1.0 1.0 1.0 1.0 0.0 
avg : 0.9333333333333333
fic child :1.0 1.0 1.0 1.0 1.0 1.0 1.0 1.0 1.0 1.0 1.0 1.0 1.0 1.0 1.0 1.0 1.0 1.0 1.0 1.0 1.0 1.0 1.0 1.0 1.0 1.0 1.0 1.0 1.0 1.0 
avg : 1.0
fic ignore :0.0 0.0 0.0 0.0 0.0 0.0 0.0 0.0 0.0 0.0 0.0 0.0 0.0 0.0 0.0 0.0 0.0 0.0 0.0 0.0 0.0 0.0 0.0 0.0 0.0 0.0 0.0 0.0 0.0 0.0 
avg : 0.0
fic irrlevant :0.0 0.0 0.0 0.0 0.0 0.0 0.0 0.0 0.0 0.0 0.0 0.0 0.0 0.0 0.0 0.0 0.0 0.0 0.0 0.0 0.0 0.0 0.0 0.0 0.0 0.0 0.0 0.0 0.0 0.0 
avg : 0.0
fba metric :0.6363636363636364 0.5416666666666666 0.5291666666666666 0.6363636363636364 0.5416666666666666 0.6363636363636364 0.5291666666666666 0.6363636363636364 0.6363636363636364 0.5416666666666666 0.6363636363636364 0.6363636363636364 0.6363636363636364 0.6363636363636364 0.5416666666666666 0.6363636363636364 0.6363636363636364 0.5291666666666666 0.5291666666666666 0.6363636363636364 0.6363636363636364 0.6363636363636364 0.6363636363636364 0.6363636363636364 0.6363636363636364 0.5291666666666666 0.6363636363636364 0.6363636363636364 0.6363636363636364 0.6363636363636364 
avg : 0.6058712121212122
fba accuate :1.0 1.0 0.0 1.0 1.0 1.0 0.0 1.0 1.0 1.0 1.0 1.0 1.0 1.0 1.0 1.0 1.0 0.0 0.0 1.0 1.0 1.0 1.0 1.0 1.0 0.0 1.0 1.0 1.0 1.0 
avg : 0.8333333333333334
fba parent :6.0 8.0 11.0 6.0 8.0 6.0 11.0 6.0 6.0 8.0 6.0 6.0 6.0 6.0 8.0 6.0 6.0 11.0 11.0 6.0 6.0 6.0 6.0 6.0 6.0 11.0 6.0 6.0 6.0 6.0 
avg : 7.1
fba child :0.0 0.0 0.0 0.0 0.0 0.0 0.0 0.0 0.0 0.0 0.0 0.0 0.0 0.0 0.0 0.0 0.0 0.0 0.0 0.0 0.0 0.0 0.0 0.0 0.0 0.0 0.0 0.0 0.0 0.0 
avg : 0.0
fba ignore :0.0 0.0 0.0 0.0 0.0 0.0 0.0 0.0 0.0 0.0 0.0 0.0 0.0 0.0 0.0 0.0 0.0 0.0 0.0 0.0 0.0 0.0 0.0 0.0 0.0 0.0 0.0 0.0 0.0 0.0 
avg : 0.0
fba irrlevant :0.0 0.0 0.0 0.0 0.0 0.0 0.0 0.0 0.0 0.0 0.0 0.0 0.0 0.0 0.0 0.0 0.0 0.0 0.0 0.0 0.0 0.0 0.0 0.0 0.0 0.0 0.0 0.0 0.0 0.0 
avg : 0.0

the 3 th
fb num :77.0 73.0 75.0 73.0 72.0 72.0 71.0 70.0 75.0 72.0 76.0 72.0 72.0 79.0 72.0 74.0 72.0 77.0 73.0 78.0 73.0 75.0 73.0 72.0 73.0 74.0 73.0 70.0 73.0 70.0 
avg : 73.36666666666666
fb metric :0.5 0.5 0.5 0.5 0.5 0.5 0.5 0.5 0.5 0.5 0.5 0.5 0.5 0.5 0.5 0.5 0.5 0.5 0.5 0.5 0.5 0.5 0.5 0.5 0.5 0.5 0.5 0.5 0.5 0.5 
avg : 0.5
fb accuate :0.0 0.0 0.0 0.0 0.0 0.0 0.0 0.0 0.0 0.0 0.0 0.0 0.0 0.0 0.0 0.0 0.0 0.0 0.0 0.0 0.0 0.0 0.0 0.0 0.0 0.0 0.0 0.0 0.0 0.0 
avg : 0.0
fb parent :4.0 4.0 4.0 4.0 4.0 4.0 4.0 4.0 4.0 4.0 4.0 4.0 4.0 4.0 4.0 4.0 4.0 4.0 4.0 4.0 4.0 4.0 4.0 4.0 4.0 4.0 4.0 4.0 4.0 4.0 
avg : 4.0
fb child :0.0 0.0 0.0 0.0 0.0 0.0 0.0 0.0 0.0 0.0 0.0 0.0 0.0 0.0 0.0 0.0 0.0 0.0 0.0 0.0 0.0 0.0 0.0 0.0 0.0 0.0 0.0 0.0 0.0 0.0 
avg : 0.0
fb ignore :0.0 0.0 0.0 0.0 0.0 0.0 0.0 0.0 0.0 0.0 0.0 0.0 0.0 0.0 0.0 0.0 0.0 0.0 0.0 0.0 0.0 0.0 0.0 0.0 0.0 0.0 0.0 0.0 0.0 0.0 
avg : 0.0
fb irrlevant :0.0 0.0 0.0 0.0 0.0 0.0 0.0 0.0 0.0 0.0 0.0 0.0 0.0 0.0 0.0 0.0 0.0 0.0 0.0 0.0 0.0 0.0 0.0 0.0 0.0 0.0 0.0 0.0 0.0 0.0 
avg : 0.0
fic num :306.0 266.0 279.0 277.0 271.0 272.0 265.0 248.0 267.0 265.0 293.0 260.0 261.0 299.0 256.0 281.0 261.0 275.0 268.0 284.0 249.0 260.0 263.0 262.0 277.0 275.0 272.0 249.0 269.0 247.0 
avg : 269.23333333333335
fic metric :1.0 1.0 1.0 1.0 1.0 1.0 1.0 1.0 1.0 1.0 1.0 1.0 1.0 1.0 1.0 1.0 1.0 1.0 1.0 1.0 1.0 1.0 1.0 1.0 1.0 1.0 1.0 1.0 1.0 1.0 
avg : 1.0
fic accuate :2.0 2.0 2.0 2.0 2.0 2.0 2.0 2.0 2.0 2.0 2.0 2.0 2.0 2.0 2.0 2.0 2.0 2.0 2.0 2.0 2.0 2.0 2.0 2.0 2.0 2.0 2.0 2.0 2.0 2.0 
avg : 2.0
fic parent :0.0 0.0 0.0 0.0 0.0 0.0 0.0 0.0 0.0 0.0 0.0 0.0 0.0 0.0 0.0 0.0 0.0 0.0 0.0 0.0 0.0 0.0 0.0 0.0 0.0 0.0 0.0 0.0 0.0 0.0 
avg : 0.0
fic child :0.0 0.0 0.0 0.0 0.0 0.0 0.0 0.0 0.0 0.0 0.0 0.0 0.0 0.0 0.0 0.0 0.0 0.0 0.0 0.0 0.0 0.0 0.0 0.0 0.0 0.0 0.0 0.0 0.0 0.0 
avg : 0.0
fic ignore :0.0 0.0 0.0 0.0 0.0 0.0 0.0 0.0 0.0 0.0 0.0 0.0 0.0 0.0 0.0 0.0 0.0 0.0 0.0 0.0 0.0 0.0 0.0 0.0 0.0 0.0 0.0 0.0 0.0 0.0 
avg : 0.0
fic irrlevant :0.0 0.0 0.0 0.0 0.0 0.0 0.0 0.0 0.0 0.0 0.0 0.0 0.0 0.0 0.0 0.0 0.0 0.0 0.0 0.0 0.0 0.0 0.0 0.0 0.0 0.0 0.0 0.0 0.0 0.0 
avg : 0.0
fba metric :0.5 0.5 0.5 0.5 0.5 0.5 0.5 0.5 0.5 0.5 0.5 0.5 0.5 0.5 0.5 0.5 0.5 0.5 0.5 0.5 0.5 0.5 0.5 0.5 0.5 0.5 0.5 0.5 0.5 0.5 
avg : 0.5
fba accuate :0.0 0.0 0.0 0.0 0.0 0.0 0.0 0.0 0.0 0.0 0.0 0.0 0.0 0.0 0.0 0.0 0.0 0.0 0.0 0.0 0.0 0.0 0.0 0.0 0.0 0.0 0.0 0.0 0.0 0.0 
avg : 0.0
fba parent :4.0 4.0 4.0 4.0 4.0 4.0 4.0 4.0 4.0 4.0 4.0 4.0 4.0 4.0 4.0 4.0 4.0 4.0 4.0 4.0 4.0 4.0 4.0 4.0 4.0 4.0 4.0 4.0 4.0 4.0 
avg : 4.0
fba child :0.0 0.0 0.0 0.0 0.0 0.0 0.0 0.0 0.0 0.0 0.0 0.0 0.0 0.0 0.0 0.0 0.0 0.0 0.0 0.0 0.0 0.0 0.0 0.0 0.0 0.0 0.0 0.0 0.0 0.0 
avg : 0.0
fba ignore :0.0 0.0 0.0 0.0 0.0 0.0 0.0 0.0 0.0 0.0 0.0 0.0 0.0 0.0 0.0 0.0 0.0 0.0 0.0 0.0 0.0 0.0 0.0 0.0 0.0 0.0 0.0 0.0 0.0 0.0 
avg : 0.0
fba irrlevant :0.0 0.0 0.0 0.0 0.0 0.0 0.0 0.0 0.0 0.0 0.0 0.0 0.0 0.0 0.0 0.0 0.0 0.0 0.0 0.0 0.0 0.0 0.0 0.0 0.0 0.0 0.0 0.0 0.0 0.0 
avg : 0.0

the 4 th
fb num :74.0 69.0 72.0 73.0 68.0 75.0 71.0 73.0 72.0 72.0 68.0 71.0 73.0 76.0 76.0 72.0 67.0 68.0 70.0 74.0 74.0 76.0 70.0 76.0 77.0 69.0 71.0 74.0 75.0 74.0 
avg : 72.33333333333333
fb metric :0.5277777777777778 0.5277777777777778 0.5277777777777778 0.4166666666666667 0.5277777777777778 0.5277777777777778 0.5277777777777778 0.5277777777777778 0.5277777777777778 0.5277777777777778 0.5277777777777778 0.5 0.5277777777777778 0.5277777777777778 0.5277777777777778 0.5277777777777778 0.5277777777777778 0.5277777777777778 0.5277777777777778 0.5277777777777778 0.5277777777777778 0.5277777777777778 0.5277777777777778 0.5277777777777778 0.5277777777777778 0.5277777777777778 0.5277777777777778 0.5277777777777778 0.4523809523809524 0.5277777777777778 
avg : 0.520634920634921
fb accuate :0.0 0.0 0.0 0.0 0.0 0.0 0.0 0.0 0.0 0.0 0.0 0.0 0.0 0.0 0.0 0.0 0.0 0.0 0.0 0.0 0.0 0.0 0.0 0.0 0.0 0.0 0.0 0.0 0.0 0.0 
avg : 0.0
fb parent :5.0 5.0 5.0 4.0 5.0 5.0 5.0 5.0 5.0 5.0 5.0 5.0 5.0 5.0 5.0 5.0 5.0 5.0 5.0 5.0 5.0 5.0 5.0 5.0 5.0 5.0 5.0 5.0 6.0 5.0 
avg : 5.0
fb child :0.0 0.0 0.0 0.0 0.0 0.0 0.0 0.0 0.0 0.0 0.0 0.0 0.0 0.0 0.0 0.0 0.0 0.0 0.0 0.0 0.0 0.0 0.0 0.0 0.0 0.0 0.0 0.0 0.0 0.0 
avg : 0.0
fb ignore :0.0 0.0 0.0 0.0 0.0 0.0 0.0 0.0 0.0 0.0 0.0 0.0 0.0 0.0 0.0 0.0 0.0 0.0 0.0 0.0 0.0 0.0 0.0 0.0 0.0 0.0 0.0 0.0 0.0 0.0 
avg : 0.0
fb irrlevant :0.0 0.0 0.0 1.0 0.0 0.0 0.0 0.0 0.0 0.0 0.0 0.0 0.0 0.0 0.0 0.0 0.0 0.0 0.0 0.0 0.0 0.0 0.0 0.0 0.0 0.0 0.0 0.0 0.0 0.0 
avg : 0.03333333333333333
fic num :343.0 297.0 324.0 272.0 269.0 359.0 320.0 297.0 297.0 341.0 281.0 304.0 304.0 294.0 350.0 302.0 311.0 282.0 261.0 254.0 292.0 274.0 341.0 361.0 270.0 299.0 341.0 300.0 321.0 310.0 
avg : 305.7
fic metric :0.8333333333333334 0.8333333333333334 0.8333333333333334 0.8333333333333334 0.8333333333333334 0.8333333333333334 0.8333333333333334 0.8333333333333334 0.8333333333333334 0.8333333333333334 0.8333333333333334 0.8333333333333334 0.8333333333333334 0.8333333333333334 0.8333333333333334 0.8333333333333334 0.8333333333333334 0.8333333333333334 0.8333333333333334 0.8333333333333334 0.8333333333333334 0.8333333333333334 0.8333333333333334 0.8333333333333334 0.8333333333333334 0.8333333333333334 0.8333333333333334 0.8333333333333334 0.8333333333333334 0.8333333333333334 
avg : 0.8333333333333331
fic accuate :2.0 2.0 2.0 2.0 2.0 2.0 2.0 2.0 2.0 2.0 2.0 2.0 2.0 2.0 2.0 2.0 2.0 2.0 2.0 2.0 2.0 2.0 2.0 2.0 2.0 2.0 2.0 2.0 2.0 2.0 
avg : 2.0
fic parent :1.0 1.0 1.0 1.0 1.0 1.0 1.0 1.0 1.0 1.0 1.0 1.0 1.0 1.0 1.0 1.0 1.0 1.0 1.0 1.0 1.0 1.0 1.0 1.0 1.0 1.0 1.0 1.0 1.0 1.0 
avg : 1.0
fic child :0.0 0.0 0.0 0.0 0.0 0.0 0.0 0.0 0.0 0.0 0.0 0.0 0.0 0.0 0.0 0.0 0.0 0.0 0.0 0.0 0.0 0.0 0.0 0.0 0.0 0.0 0.0 0.0 0.0 0.0 
avg : 0.0
fic ignore :0.0 0.0 0.0 0.0 0.0 0.0 0.0 0.0 0.0 0.0 0.0 0.0 0.0 0.0 0.0 0.0 0.0 0.0 0.0 0.0 0.0 0.0 0.0 0.0 0.0 0.0 0.0 0.0 0.0 0.0 
avg : 0.0
fic irrlevant :0.0 0.0 0.0 0.0 0.0 0.0 0.0 0.0 0.0 0.0 0.0 0.0 0.0 0.0 0.0 0.0 0.0 0.0 0.0 0.0 0.0 0.0 0.0 0.0 0.0 0.0 0.0 0.0 0.0 0.0 
avg : 0.0
fba metric :0.611111111111111 0.611111111111111 0.611111111111111 0.611111111111111 0.611111111111111 0.611111111111111 0.611111111111111 0.611111111111111 0.611111111111111 0.611111111111111 0.611111111111111 0.611111111111111 0.611111111111111 0.611111111111111 0.611111111111111 0.611111111111111 0.611111111111111 0.611111111111111 0.5277777777777778 0.611111111111111 0.611111111111111 0.611111111111111 0.611111111111111 0.611111111111111 0.611111111111111 0.611111111111111 0.611111111111111 0.611111111111111 0.611111111111111 0.611111111111111 
avg : 0.6083333333333331
fba accuate :1.0 1.0 1.0 1.0 1.0 1.0 1.0 1.0 1.0 1.0 1.0 1.0 1.0 1.0 1.0 1.0 1.0 1.0 0.0 1.0 1.0 1.0 1.0 1.0 1.0 1.0 1.0 1.0 1.0 1.0 
avg : 0.9666666666666667
fba parent :2.0 2.0 2.0 2.0 2.0 2.0 2.0 2.0 2.0 2.0 2.0 2.0 2.0 2.0 2.0 2.0 2.0 2.0 5.0 2.0 2.0 2.0 2.0 2.0 2.0 2.0 2.0 2.0 2.0 2.0 
avg : 2.1
fba child :0.0 0.0 0.0 0.0 0.0 0.0 0.0 0.0 0.0 0.0 0.0 0.0 0.0 0.0 0.0 0.0 0.0 0.0 0.0 0.0 0.0 0.0 0.0 0.0 0.0 0.0 0.0 0.0 0.0 0.0 
avg : 0.0
fba ignore :0.0 0.0 0.0 0.0 0.0 0.0 0.0 0.0 0.0 0.0 0.0 0.0 0.0 0.0 0.0 0.0 0.0 0.0 0.0 0.0 0.0 0.0 0.0 0.0 0.0 0.0 0.0 0.0 0.0 0.0 
avg : 0.0
fba irrlevant :0.0 0.0 0.0 0.0 0.0 0.0 0.0 0.0 0.0 0.0 0.0 0.0 0.0 0.0 0.0 0.0 0.0 0.0 0.0 0.0 0.0 0.0 0.0 0.0 0.0 0.0 0.0 0.0 0.0 0.0 
avg : 0.0

the 5 th
fb num :80.0 84.0 75.0 81.0 80.0 79.0 83.0 87.0 78.0 80.0 81.0 81.0 98.0 86.0 79.0 76.0 81.0 83.0 81.0 83.0 92.0 86.0 82.0 175.0 97.0 81.0 195.0 197.0 81.0 81.0 
avg : 93.43333333333334
fb metric :0.7777777777777777 0.7777777777777777 0.7777777777777777 0.7777777777777777 0.7777777777777777 0.7777777777777777 0.7777777777777777 0.7777777777777777 0.7777777777777777 0.7777777777777777 0.7777777777777777 0.7777777777777777 0.7777777777777777 0.7777777777777777 0.7777777777777777 0.7777777777777777 0.7777777777777777 0.7777777777777777 0.7777777777777777 0.7777777777777777 0.7777777777777777 0.7777777777777777 0.7777777777777777 0.7777777777777777 0.7777777777777777 0.7777777777777777 0.7777777777777777 0.7777777777777777 0.7777777777777777 0.7777777777777777 
avg : 0.7777777777777782
fb accuate :1.0 1.0 1.0 1.0 1.0 1.0 1.0 1.0 1.0 1.0 1.0 1.0 1.0 1.0 1.0 1.0 1.0 1.0 1.0 1.0 1.0 1.0 1.0 1.0 1.0 1.0 1.0 1.0 1.0 1.0 
avg : 1.0
fb parent :2.0 2.0 2.0 2.0 2.0 2.0 2.0 2.0 2.0 2.0 2.0 2.0 2.0 2.0 2.0 2.0 2.0 2.0 2.0 2.0 2.0 2.0 2.0 2.0 2.0 2.0 2.0 2.0 2.0 2.0 
avg : 2.0
fb child :0.0 0.0 0.0 0.0 0.0 0.0 0.0 0.0 0.0 0.0 0.0 0.0 0.0 0.0 0.0 0.0 0.0 0.0 0.0 0.0 0.0 0.0 0.0 0.0 0.0 0.0 0.0 0.0 0.0 0.0 
avg : 0.0
fb ignore :0.0 0.0 0.0 0.0 0.0 0.0 0.0 0.0 0.0 0.0 0.0 0.0 0.0 0.0 0.0 0.0 0.0 0.0 0.0 0.0 0.0 0.0 0.0 0.0 0.0 0.0 0.0 0.0 0.0 0.0 
avg : 0.0
fb irrlevant :0.0 0.0 0.0 0.0 0.0 0.0 0.0 0.0 0.0 0.0 0.0 0.0 0.0 0.0 0.0 0.0 0.0 0.0 0.0 0.0 0.0 0.0 0.0 0.0 0.0 0.0 0.0 0.0 0.0 0.0 
avg : 0.0
fic num :794.0 949.0 743.0 839.0 784.0 659.0 800.0 918.0 786.0 775.0 834.0 858.0 777.0 843.0 801.0 819.0 734.0 833.0 858.0 866.0 812.0 624.0 827.0 759.0 938.0 836.0 702.0 899.0 893.0 713.0 
avg : 809.1
fic metric :0.11666666666666665 0.11666666666666665 0.12280701754385963 0.11666666666666665 0.12280701754385963 0.11666666666666665 0.11666666666666665 0.11666666666666665 0.12280701754385963 0.12280701754385963 0.11666666666666665 0.11666666666666665 0.11666666666666665 0.11666666666666665 0.12280701754385963 0.11666666666666665 0.11666666666666665 0.11666666666666665 0.11666666666666665 0.11666666666666665 0.11666666666666665 0.12280701754385963 0.11666666666666665 0.11666666666666665 0.11666666666666665 0.12280701754385963 0.12280701754385963 0.11666666666666665 0.11666666666666665 0.11666666666666665 
avg : 0.11830409356725147
fic accuate :1.0 1.0 1.0 1.0 1.0 1.0 1.0 1.0 1.0 1.0 1.0 1.0 1.0 1.0 1.0 1.0 1.0 1.0 1.0 1.0 1.0 1.0 1.0 1.0 1.0 1.0 1.0 1.0 1.0 1.0 
avg : 1.0
fic parent :2.0 2.0 2.0 2.0 2.0 2.0 2.0 2.0 2.0 2.0 2.0 2.0 2.0 2.0 2.0 2.0 2.0 2.0 2.0 2.0 2.0 2.0 2.0 2.0 2.0 2.0 2.0 2.0 2.0 2.0 
avg : 2.0
fic child :0.0 0.0 0.0 0.0 0.0 0.0 0.0 0.0 0.0 0.0 0.0 0.0 0.0 0.0 0.0 0.0 0.0 0.0 0.0 0.0 0.0 0.0 0.0 0.0 0.0 0.0 0.0 0.0 0.0 0.0 
avg : 0.0
fic ignore :0.0 0.0 0.0 0.0 0.0 0.0 0.0 0.0 0.0 0.0 0.0 0.0 0.0 0.0 0.0 0.0 0.0 0.0 0.0 0.0 0.0 0.0 0.0 0.0 0.0 0.0 0.0 0.0 0.0 0.0 
avg : 0.0
fic irrlevant :17.0 17.0 16.0 17.0 16.0 17.0 17.0 17.0 16.0 16.0 17.0 17.0 17.0 17.0 16.0 17.0 17.0 17.0 17.0 17.0 17.0 16.0 17.0 17.0 17.0 16.0 16.0 17.0 17.0 17.0 
avg : 16.733333333333334
fba metric :0.7777777777777777 0.7777777777777777 0.7777777777777777 0.7777777777777777 0.7777777777777777 0.7777777777777777 0.7777777777777777 0.7777777777777777 0.7777777777777777 0.7777777777777777 0.7777777777777777 0.7777777777777777 0.7777777777777777 0.7777777777777777 0.7777777777777777 0.7777777777777777 0.7777777777777777 0.7777777777777777 0.7777777777777777 0.7777777777777777 0.7777777777777777 0.7777777777777777 0.7777777777777777 0.7777777777777777 0.7777777777777777 0.7777777777777777 0.7777777777777777 0.7777777777777777 0.7777777777777777 0.7777777777777777 
avg : 0.7777777777777782
fba accuate :1.0 1.0 1.0 1.0 1.0 1.0 1.0 1.0 1.0 1.0 1.0 1.0 1.0 1.0 1.0 1.0 1.0 1.0 1.0 1.0 1.0 1.0 1.0 1.0 1.0 1.0 1.0 1.0 1.0 1.0 
avg : 1.0
fba parent :2.0 2.0 2.0 2.0 2.0 2.0 2.0 2.0 2.0 2.0 2.0 2.0 2.0 2.0 2.0 2.0 2.0 2.0 2.0 2.0 2.0 2.0 2.0 2.0 2.0 2.0 2.0 2.0 2.0 2.0 
avg : 2.0
fba child :0.0 0.0 0.0 0.0 0.0 0.0 0.0 0.0 0.0 0.0 0.0 0.0 0.0 0.0 0.0 0.0 0.0 0.0 0.0 0.0 0.0 0.0 0.0 0.0 0.0 0.0 0.0 0.0 0.0 0.0 
avg : 0.0
fba ignore :0.0 0.0 0.0 0.0 0.0 0.0 0.0 0.0 0.0 0.0 0.0 0.0 0.0 0.0 0.0 0.0 0.0 0.0 0.0 0.0 0.0 0.0 0.0 0.0 0.0 0.0 0.0 0.0 0.0 0.0 
avg : 0.0
fba irrlevant :0.0 0.0 0.0 0.0 0.0 0.0 0.0 0.0 0.0 0.0 0.0 0.0 0.0 0.0 0.0 0.0 0.0 0.0 0.0 0.0 0.0 0.0 0.0 0.0 0.0 0.0 0.0 0.0 0.0 0.0 
avg : 0.0

the 6 th
fb num :74.0 60.0 56.0 88.0 69.0 61.0 55.0 60.0 73.0 60.0 55.0 62.0 52.0 57.0 48.0 59.0 52.0 54.0 55.0 68.0 64.0 59.0 49.0 55.0 51.0 56.0 58.0 58.0 57.0 61.0 
avg : 59.53333333333333
fb metric :0.35 0.4375 0.14285714285714285 0.4375 0.14285714285714285 0.45 0.35 0.4277777777777778 0.4 0.375 0.16666666666666666 0.375 0.4375 0.4375 0.45 0.31428571428571433 0.5833333333333334 0.14285714285714285 0.35 0.4928571428571429 0.47000000000000003 0.17777777777777778 0.5833333333333334 0.125 0.16666666666666666 0.3875 0.5357142857142857 0.4375 0.26666666666666666 0.35 
avg : 0.35878835978835977
fb accuate :1.0 1.0 1.0 1.0 1.0 0.0 1.0 0.0 1.0 0.0 1.0 0.0 1.0 1.0 0.0 1.0 1.0 1.0 1.0 0.0 1.0 1.0 1.0 1.0 1.0 0.0 0.0 1.0 1.0 1.0 
avg : 0.7333333333333333
fb parent :1.0 1.0 0.0 1.0 0.0 4.0 1.0 6.0 3.0 4.0 0.0 5.0 1.0 1.0 3.0 2.0 1.0 0.0 1.0 5.0 2.0 1.0 1.0 0.0 0.0 5.0 5.0 1.0 1.0 1.0 
avg : 1.9
fb child :0.0 0.0 0.0 0.0 0.0 0.0 0.0 0.0 0.0 0.0 0.0 0.0 0.0 0.0 0.0 0.0 0.0 0.0 0.0 0.0 0.0 0.0 0.0 0.0 0.0 0.0 0.0 0.0 0.0 0.0 
avg : 0.0
fb ignore :1.0 1.0 2.0 1.0 2.0 1.0 1.0 1.0 1.0 1.0 2.0 1.0 1.0 1.0 1.0 1.0 1.0 2.0 1.0 1.0 1.0 1.0 1.0 2.0 2.0 1.0 1.0 1.0 1.0 1.0 
avg : 1.2
fb irrlevant :2.0 1.0 4.0 1.0 4.0 1.0 2.0 2.0 2.0 3.0 3.0 3.0 1.0 1.0 1.0 3.0 0.0 4.0 2.0 1.0 1.0 6.0 0.0 5.0 3.0 2.0 1.0 1.0 3.0 2.0 
avg : 2.1666666666666665
fic num :216.0 149.0 177.0 235.0 163.0 152.0 188.0 186.0 217.0 169.0 110.0 184.0 172.0 166.0 129.0 154.0 158.0 128.0 203.0 238.0 219.0 153.0 156.0 191.0 141.0 128.0 146.0 175.0 187.0 156.0 
avg : 171.53333333333333
fic metric :0.9 0.6875 0.7 0.9166666666666666 0.9375 0.7 0.9375 0.9375 0.9166666666666666 0.9375 1.0 0.9166666666666666 0.7083333333333334 0.7 0.6666666666666666 0.9166666666666666 0.65 0.6875 0.875 0.9 0.9166666666666666 0.9375 0.625 0.7 0.625 1.0 0.875 0.6875 0.9375 0.5833333333333334 
avg : 0.8159722222222221
fic accuate :3.0 2.0 2.0 2.0 3.0 2.0 3.0 3.0 2.0 3.0 3.0 2.0 2.0 2.0 2.0 2.0 2.0 2.0 2.0 3.0 2.0 3.0 1.0 2.0 1.0 3.0 2.0 2.0 3.0 1.0 
avg : 2.2333333333333334
fic parent :2.0 1.0 2.0 1.0 1.0 2.0 1.0 1.0 1.0 1.0 0.0 1.0 3.0 2.0 0.0 1.0 1.0 1.0 2.0 2.0 1.0 1.0 2.0 2.0 2.0 0.0 2.0 1.0 1.0 1.0 
avg : 1.3
fic child :0.0 0.0 0.0 0.0 0.0 0.0 0.0 0.0 0.0 0.0 0.0 0.0 0.0 0.0 0.0 0.0 0.0 0.0 0.0 0.0 0.0 0.0 0.0 0.0 0.0 0.0 0.0 0.0 0.0 0.0 
avg : 0.0
fic ignore :0.0 1.0 1.0 0.0 0.0 1.0 0.0 0.0 0.0 0.0 0.0 0.0 1.0 1.0 1.0 0.0 1.0 1.0 0.0 0.0 0.0 0.0 1.0 1.0 1.0 0.0 0.0 1.0 0.0 1.0 
avg : 0.43333333333333335
fic irrlevant :0.0 0.0 0.0 0.0 0.0 0.0 0.0 0.0 0.0 0.0 0.0 0.0 0.0 0.0 0.0 0.0 0.0 0.0 0.0 0.0 0.0 0.0 0.0 0.0 0.0 0.0 0.0 0.0 0.0 0.0 
avg : 0.0
fba metric :0.33571428571428574 0.5875 0.4396825396825397 0.4411764705882352 0.5566666666666666 0.5875 0.33571428571428574 0.5333333333333333 0.45 0.5287878787878788 0.5228174603174603 0.44166666666666665 0.5 0.5875 0.6437499999999999 0.5333333333333333 0.4857142857142857 0.5875 0.439047619047619 0.605 0.5604395604395604 0.5073593073593073 0.5875 0.5181818181818181 0.4821428571428571 0.4999999999999999 0.5636363636363636 0.5875 0.5579365079365078 0.5875 
avg : 0.5198200413421002
fba accuate :1.0 1.0 1.0 0.0 0.0 1.0 1.0 1.0 1.0 0.0 0.0 0.0 0.0 1.0 0.0 1.0 0.0 1.0 1.0 0.0 0.0 1.0 1.0 0.0 0.0 0.0 0.0 1.0 0.0 1.0 
avg : 0.5
fba parent :2.0 2.0 6.0 13.0 14.0 2.0 2.0 6.0 6.0 9.0 10.0 9.0 9.0 2.0 7.0 6.0 10.0 2.0 11.0 9.0 12.0 9.0 2.0 9.0 12.0 12.0 9.0 2.0 8.0 2.0 
avg : 7.133333333333334
fba child :0.0 0.0 0.0 0.0 0.0 0.0 0.0 0.0 0.0 0.0 0.0 0.0 0.0 0.0 0.0 0.0 0.0 0.0 0.0 0.0 0.0 0.0 0.0 0.0 0.0 0.0 0.0 0.0 0.0 0.0 
avg : 0.0
fba ignore :1.0 1.0 1.0 1.0 0.0 1.0 1.0 0.0 0.0 0.0 0.0 1.0 0.0 1.0 0.0 0.0 1.0 1.0 1.0 0.0 0.0 0.0 1.0 0.0 1.0 1.0 0.0 1.0 0.0 1.0 
avg : 0.5333333333333333
fba irrlevant :3.0 0.0 1.0 3.0 1.0 0.0 3.0 2.0 3.0 2.0 2.0 2.0 2.0 0.0 1.0 2.0 1.0 0.0 2.0 1.0 1.0 1.0 0.0 2.0 1.0 1.0 2.0 0.0 1.0 0.0 
avg : 1.3333333333333333

the 7 th
fb num :159.0 75.0 80.0 74.0 74.0 234.0 65.0 107.0 189.0 91.0 63.0 354.0 62.0 61.0 68.0 63.0 64.0 71.0 59.0 139.0 71.0 63.0 80.0 205.0 70.0 73.0 66.0 58.0 256.0 95.0 
avg : 106.3
fb metric :0.35454545454545455 0.39666666666666667 0.3566666666666667 0.38484848484848494 0.3666666666666667 0.37333333333333335 0.40606060606060607 0.3666666666666667 0.3708333333333334 0.2972222222222222 0.44666666666666666 0.3606060606060606 0.3333333333333333 0.3733333333333334 0.3566666666666667 0.44666666666666666 0.42777777777777776 0.3242424242424242 0.36666666666666664 0.44666666666666666 0.3666666666666667 0.425 0.35666666666666663 0.38518518518518513 0.37777777777777777 0.29081632653061223 0.3181818181818182 0.44666666666666666 0.3962962962962963 0.4066666666666666 
avg : 0.3775353478091573
fb accuate :0.0 0.0 0.0 0.0 0.0 0.0 0.0 0.0 0.0 0.0 1.0 0.0 0.0 0.0 0.0 1.0 1.0 0.0 1.0 1.0 0.0 0.0 0.0 0.0 0.0 0.0 0.0 1.0 0.0 0.0 
avg : 0.2
fb parent :9.0 9.0 7.0 10.0 7.0 8.0 9.0 8.0 10.0 9.0 3.0 8.0 6.0 8.0 8.0 3.0 4.0 9.0 4.0 3.0 8.0 7.0 7.0 8.0 9.0 9.0 8.0 3.0 8.0 8.0 
avg : 7.233333333333333
fb child :0.0 0.0 0.0 0.0 0.0 0.0 0.0 0.0 0.0 0.0 0.0 0.0 0.0 0.0 0.0 0.0 0.0 0.0 0.0 0.0 0.0 0.0 0.0 0.0 0.0 0.0 0.0 0.0 0.0 0.0 
avg : 0.0
fb ignore :0.0 0.0 0.0 0.0 1.0 0.0 0.0 0.0 0.0 1.0 0.0 0.0 0.0 0.0 0.0 0.0 0.0 0.0 0.0 0.0 0.0 0.0 0.0 0.0 0.0 0.0 0.0 0.0 0.0 0.0 
avg : 0.06666666666666667
fb irrlevant :1.0 0.0 1.0 0.0 0.0 1.0 0.0 1.0 0.0 1.0 1.0 1.0 2.0 1.0 1.0 1.0 1.0 1.0 2.0 1.0 1.0 0.0 1.0 0.0 0.0 3.0 2.0 1.0 0.0 0.0 
avg : 0.8333333333333334
fic num :307.0 324.0 315.0 348.0 325.0 296.0 318.0 324.0 322.0 308.0 323.0 332.0 308.0 281.0 340.0 308.0 333.0 339.0 329.0 293.0 301.0 320.0 321.0 306.0 315.0 347.0 304.0 252.0 314.0 306.0 
avg : 315.3
fic metric :0.34375 0.34375 0.31764705882352945 0.35294117647058826 0.36666666666666664 0.4266666666666667 0.34375 0.36875 0.39285714285714285 0.39333333333333337 0.4583333333333333 0.46153846153846156 0.4 0.3266666666666667 0.36875 0.36666666666666664 0.3333333333333333 0.35555555555555557 0.34375 0.34375 0.4230769230769231 0.45454545454545453 0.3375 0.35714285714285715 0.34375 0.36875 0.42857142857142855 0.4090909090909091 0.375 0.36666666666666664 
avg : 0.37575167670020615
fic accuate :3.0 3.0 3.0 3.0 3.0 3.0 3.0 3.0 3.0 3.0 3.0 3.0 3.0 3.0 3.0 3.0 3.0 3.0 3.0 3.0 3.0 3.0 3.0 3.0 3.0 3.0 3.0 3.0 3.0 3.0 
avg : 3.0
fic parent :4.0 4.0 4.0 4.0 3.0 5.0 3.0 4.0 3.0 4.0 3.0 4.0 4.0 4.0 4.0 3.0 4.0 5.0 4.0 3.0 3.0 4.0 4.0 3.0 3.0 4.0 4.0 1.0 4.0 4.0 
avg : 3.6666666666666665
fic child :1.0 1.0 1.0 2.0 2.0 2.0 2.0 2.0 2.0 2.0 2.0 2.0 2.0 0.0 2.0 2.0 0.0 2.0 1.0 2.0 2.0 0.0 1.0 1.0 2.0 2.0 2.0 2.0 2.0 1.0 
avg : 1.5666666666666667
fic ignore :0.0 0.0 0.0 0.0 0.0 0.0 0.0 0.0 0.0 0.0 0.0 0.0 0.0 0.0 0.0 0.0 0.0 0.0 0.0 0.0 0.0 0.0 0.0 0.0 0.0 0.0 0.0 0.0 0.0 0.0 
avg : 0.0
fic irrlevant :8.0 8.0 9.0 8.0 7.0 5.0 8.0 7.0 6.0 6.0 4.0 4.0 6.0 8.0 7.0 7.0 8.0 8.0 8.0 8.0 5.0 4.0 8.0 7.0 8.0 7.0 5.0 5.0 7.0 7.0 
avg : 6.766666666666667
fba metric :0.4 0.45 0.45 0.45 0.45 0.4 0.45 0.45 0.39285714285714285 0.45 0.45 0.45 0.45 0.45 0.45000000000000007 0.4404761904761905 0.45 0.45 0.45 0.3780952380952381 0.40238095238095234 0.45 0.45 0.45 0.45 0.45 0.45 0.3833333333333333 0.45000000000000007 0.45 
avg : 0.43823809523809504
fba accuate :0.0 1.0 1.0 1.0 1.0 0.0 1.0 1.0 1.0 1.0 1.0 1.0 1.0 1.0 1.0 1.0 1.0 1.0 1.0 0.0 1.0 1.0 1.0 1.0 1.0 1.0 1.0 0.0 1.0 1.0 
avg : 0.8666666666666667
fba parent :9.0 6.0 6.0 6.0 6.0 9.0 6.0 6.0 5.0 6.0 6.0 6.0 6.0 6.0 6.0 6.0 6.0 6.0 6.0 13.0 5.0 6.0 6.0 6.0 6.0 6.0 6.0 12.0 6.0 6.0 
avg : 6.566666666666666
fba child :0.0 0.0 0.0 0.0 0.0 0.0 0.0 0.0 0.0 0.0 0.0 0.0 0.0 0.0 0.0 0.0 0.0 0.0 0.0 0.0 0.0 0.0 0.0 0.0 0.0 0.0 0.0 0.0 0.0 0.0 
avg : 0.0
fba ignore :0.0 0.0 0.0 0.0 0.0 0.0 0.0 0.0 0.0 0.0 0.0 0.0 0.0 0.0 0.0 0.0 0.0 0.0 0.0 0.0 0.0 0.0 0.0 0.0 0.0 0.0 0.0 0.0 0.0 0.0 
avg : 0.0
fba irrlevant :0.0 0.0 0.0 0.0 0.0 0.0 0.0 0.0 1.0 0.0 0.0 0.0 0.0 0.0 0.0 0.0 0.0 0.0 0.0 0.0 1.0 0.0 0.0 0.0 0.0 0.0 0.0 0.0 0.0 0.0 
avg : 0.06666666666666667

the 8 th
fb num :89.0 93.0 85.0 96.0 82.0 83.0 76.0 86.0 77.0 94.0 77.0 84.0 122.0 92.0 78.0 84.0 84.0 72.0 78.0 85.0 100.0 93.0 79.0 87.0 85.0 94.0 72.0 72.0 81.0 115.0 
avg : 86.5
fb metric :0.2833333333333333 0.4291666666666667 0.55 0.39999999999999997 0.43888888888888883 0.5133333333333333 0.48518518518518516 0.5592592592592592 0.36875 0.36410256410256403 0.36851851851851847 0.419047619047619 0.3833333333333333 0.43611111111111106 0.3083333333333333 0.3974358974358974 0.25111111111111106 0.5645833333333333 0.21666666666666665 0.3933333333333333 0.3999999999999999 0.32272727272727275 0.37037037037037035 0.374074074074074 0.4574074074074075 0.3333333333333333 0.2727272727272727 0.36296296296296293 0.24848484848484845 0.37619047619047613 
avg : 0.38829238354238355
fb accuate :1.0 0.0 1.0 0.0 0.0 1.0 0.0 0.0 1.0 0.0 0.0 1.0 1.0 0.0 0.0 0.0 0.0 0.0 1.0 0.0 0.0 0.0 1.0 1.0 0.0 1.0 0.0 1.0 0.0 0.0 
avg : 0.36666666666666664
fb parent :3.0 10.0 5.0 10.0 10.0 7.0 8.0 8.0 3.0 9.0 6.0 3.0 5.0 10.0 5.0 9.0 8.0 7.0 2.0 7.0 10.0 7.0 5.0 4.0 7.0 3.0 5.0 4.0 5.0 10.0 
avg : 6.5
fb child :0.0 0.0 0.0 0.0 0.0 0.0 0.0 0.0 0.0 0.0 0.0 0.0 0.0 0.0 0.0 0.0 0.0 0.0 0.0 0.0 0.0 0.0 0.0 0.0 0.0 0.0 0.0 0.0 0.0 0.0 
avg : 0.0
fb ignore :1.0 0.0 0.0 1.0 1.0 0.0 0.0 0.0 0.0 1.0 1.0 0.0 1.0 1.0 1.0 1.0 2.0 0.0 2.0 1.0 1.0 1.0 1.0 1.0 0.0 1.0 2.0 1.0 2.0 1.0 
avg : 0.8333333333333334
fb irrlevant :5.0 2.0 1.0 2.0 1.0 1.0 1.0 1.0 4.0 3.0 2.0 3.0 2.0 1.0 4.0 2.0 5.0 0.0 5.0 2.0 1.0 3.0 2.0 3.0 2.0 3.0 4.0 3.0 4.0 3.0 
avg : 2.5
fic num :382.0 404.0 404.0 417.0 250.0 454.0 396.0 346.0 336.0 369.0 319.0 377.0 376.0 382.0 431.0 387.0 353.0 301.0 357.0 414.0 298.0 421.0 367.0 379.0 474.0 334.0 299.0 310.0 454.0 404.0 
avg : 373.1666666666667
fic metric :0.4930555555555556 0.4166666666666667 0.48076923076923084 0.4551282051282052 0.5462962962962963 0.48076923076923084 0.5178571428571429 0.5448717948717949 0.4935897435897436 0.7395833333333334 0.5227272727272727 0.5462962962962963 0.6250000000000001 0.5583333333333333 0.5681818181818182 0.44270833333333337 0.5583333333333333 0.5681818181818182 0.5448717948717949 0.505952380952381 0.5000000000000001 0.5227272727272727 0.5486111111111112 0.5208333333333334 0.5347222222222222 0.5277777777777778 0.6574074074074074 0.46527777777777785 0.5347222222222222 0.6416666666666667 
avg : 0.5354306457431458
fic accuate :2.0 3.0 3.0 3.0 3.0 3.0 3.0 3.0 3.0 3.0 3.0 3.0 3.0 3.0 3.0 3.0 3.0 3.0 3.0 3.0 3.0 3.0 3.0 3.0 3.0 3.0 3.0 3.0 3.0 3.0 
avg : 2.966666666666667
fic parent :5.0 4.0 4.0 3.0 2.0 4.0 5.0 4.0 3.0 3.0 4.0 2.0 4.0 3.0 4.0 4.0 3.0 4.0 4.0 4.0 3.0 4.0 4.0 4.0 3.0 3.0 3.0 3.0 3.0 3.0 
avg : 3.533333333333333
fic child :1.0 2.0 1.0 1.0 1.0 1.0 1.0 2.0 2.0 1.0 0.0 1.0 1.0 1.0 1.0 2.0 1.0 1.0 2.0 2.0 1.0 0.0 1.0 1.0 2.0 2.0 1.0 1.0 2.0 2.0 
avg : 1.2666666666666666
fic ignore :1.0 0.0 0.0 0.0 0.0 0.0 0.0 0.0 0.0 0.0 0.0 0.0 0.0 0.0 0.0 0.0 0.0 0.0 0.0 0.0 1.0 0.0 0.0 0.0 0.0 0.0 0.0 0.0 0.0 0.0 
avg : 0.06666666666666667
fic irrlevant :3.0 7.0 5.0 5.0 3.0 5.0 4.0 3.0 4.0 0.0 4.0 3.0 2.0 3.0 3.0 6.0 3.0 3.0 3.0 4.0 3.0 4.0 3.0 4.0 3.0 3.0 1.0 5.0 3.0 1.0 
avg : 3.433333333333333
fba metric :0.4672619047619047 0.5128205128205128 0.5303030303030302 0.4071428571428571 0.4604166666666666 0.49333333333333323 0.5238095238095237 0.48571428571428565 0.486111111111111 0.5757575757575757 0.5138888888888888 0.49629629629629624 0.5757575757575757 0.47835497835497826 0.5179487179487179 0.5138888888888888 0.5555555555555555 0.5555555555555555 0.5466666666666666 0.4933333333333333 0.5023809523809523 0.4688888888888888 0.5138888888888888 0.5138888888888888 0.5138888888888888 0.491111111111111 0.46666666666666656 0.4350877192982456 0.5833333333333333 0.5138888888888888 
avg : 0.5064313828634004
fba accuate :0.0 0.0 0.0 0.0 0.0 0.0 0.0 0.0 0.0 0.0 0.0 0.0 0.0 1.0 1.0 0.0 0.0 0.0 0.0 0.0 0.0 0.0 0.0 0.0 0.0 0.0 0.0 0.0 0.0 0.0 
avg : 0.06666666666666667
fba parent :11.0 11.0 9.0 9.0 12.0 12.0 12.0 13.0 9.0 10.0 10.0 16.0 10.0 8.0 11.0 10.0 11.0 11.0 13.0 12.0 11.0 11.0 10.0 10.0 10.0 12.0 12.0 14.0 9.0 10.0 
avg : 10.966666666666667
fba child :0.0 0.0 0.0 0.0 0.0 0.0 0.0 0.0 0.0 0.0 0.0 0.0 0.0 0.0 0.0 0.0 0.0 0.0 0.0 0.0 0.0 0.0 0.0 0.0 0.0 0.0 0.0 0.0 0.0 0.0 
avg : 0.0
fba ignore :0.0 0.0 0.0 0.0 0.0 0.0 0.0 0.0 0.0 0.0 0.0 0.0 0.0 0.0 0.0 0.0 0.0 0.0 0.0 0.0 0.0 0.0 0.0 0.0 0.0 0.0 0.0 0.0 0.0 0.0 
avg : 0.0
fba irrlevant :2.0 1.0 1.0 4.0 2.0 1.0 0.0 1.0 2.0 0.0 1.0 0.0 0.0 2.0 0.0 1.0 0.0 0.0 0.0 1.0 1.0 2.0 1.0 1.0 1.0 1.0 2.0 2.0 0.0 1.0 
avg : 1.0333333333333334

the 9 th
fb num :76.0 75.0 75.0 79.0 77.0 84.0 82.0 80.0 73.0 77.0 77.0 74.0 78.0 78.0 76.0 75.0 77.0 79.0 76.0 79.0 72.0 77.0 72.0 83.0 75.0 80.0 76.0 74.0 78.0 73.0 
avg : 76.9
fb metric :0.5 0.3333333333333333 0.5 0.3333333333333333 0.5 0.3333333333333333 0.6 0.3333333333333333 0.5 0.5 0.5 0.5 0.5 0.6 0.3333333333333333 0.5 0.5 0.5 0.6 0.5625 0.5 0.5 0.3333333333333333 0.5 0.25 0.5 0.3333333333333333 0.5 0.5 0.25 
avg : 0.4565277777777778
fb accuate :1.0 1.0 1.0 1.0 1.0 1.0 0.0 1.0 1.0 1.0 1.0 1.0 1.0 0.0 1.0 1.0 1.0 1.0 0.0 0.0 1.0 1.0 1.0 1.0 1.0 1.0 1.0 1.0 1.0 1.0 
avg : 0.8666666666666667
fb parent :0.0 0.0 0.0 0.0 0.0 0.0 4.0 0.0 0.0 0.0 0.0 0.0 0.0 4.0 0.0 0.0 0.0 0.0 4.0 3.0 0.0 0.0 0.0 0.0 0.0 0.0 0.0 0.0 0.0 0.0 
avg : 0.5
fb child :0.0 0.0 0.0 0.0 0.0 0.0 0.0 0.0 0.0 0.0 0.0 0.0 0.0 0.0 0.0 0.0 0.0 0.0 0.0 0.0 0.0 0.0 0.0 0.0 0.0 0.0 0.0 0.0 0.0 0.0 
avg : 0.0
fb ignore :1.0 1.0 1.0 1.0 1.0 1.0 1.0 1.0 1.0 1.0 1.0 1.0 1.0 1.0 1.0 1.0 1.0 1.0 1.0 1.0 1.0 1.0 1.0 1.0 1.0 1.0 1.0 1.0 1.0 1.0 
avg : 1.0
fb irrlevant :0.0 1.0 0.0 1.0 0.0 1.0 0.0 1.0 0.0 0.0 0.0 0.0 0.0 0.0 1.0 0.0 0.0 0.0 0.0 0.0 0.0 0.0 1.0 0.0 2.0 0.0 1.0 0.0 0.0 2.0 
avg : 0.36666666666666664
fic num :131.0 140.0 153.0 164.0 137.0 194.0 139.0 164.0 108.0 164.0 133.0 143.0 162.0 149.0 154.0 149.0 124.0 170.0 149.0 153.0 116.0 148.0 113.0 182.0 152.0 149.0 184.0 138.0 176.0 170.0 
avg : 150.26666666666668
fic metric :0.5 0.5833333333333334 0.5 1.0 0.5 1.0 1.0 1.0 0.5 0.5 0.5 0.5 0.5833333333333334 1.0 1.0 0.5 0.5 0.5 1.0 1.0 0.5 0.5833333333333334 1.0 0.5833333333333334 1.0 0.5 1.0 0.5833333333333334 0.5833333333333334 0.9166666666666666 
avg : 0.7138888888888888
fic accuate :1.0 1.0 1.0 2.0 1.0 2.0 2.0 2.0 1.0 1.0 1.0 1.0 1.0 2.0 2.0 1.0 1.0 1.0 2.0 2.0 1.0 1.0 2.0 1.0 2.0 1.0 2.0 1.0 1.0 2.0 
avg : 1.4
fic parent :0.0 1.0 0.0 0.0 0.0 0.0 0.0 0.0 0.0 0.0 0.0 0.0 1.0 0.0 0.0 0.0 0.0 0.0 0.0 0.0 0.0 1.0 0.0 1.0 0.0 0.0 0.0 1.0 1.0 1.0 
avg : 0.23333333333333334
fic child :0.0 0.0 0.0 0.0 0.0 0.0 0.0 0.0 0.0 0.0 0.0 0.0 0.0 0.0 0.0 0.0 0.0 0.0 0.0 0.0 0.0 0.0 0.0 0.0 0.0 0.0 0.0 0.0 0.0 0.0 
avg : 0.0
fic ignore :1.0 1.0 1.0 0.0 1.0 0.0 0.0 0.0 1.0 1.0 1.0 1.0 1.0 0.0 0.0 1.0 1.0 1.0 0.0 0.0 1.0 1.0 0.0 1.0 0.0 1.0 0.0 1.0 1.0 0.0 
avg : 0.6
fic irrlevant :0.0 0.0 0.0 0.0 0.0 0.0 0.0 0.0 0.0 0.0 0.0 0.0 0.0 0.0 0.0 0.0 0.0 0.0 0.0 0.0 0.0 0.0 0.0 0.0 0.0 0.0 0.0 0.0 0.0 0.0 
avg : 0.0
fba metric :0.5 0.38571428571428573 0.5 0.16666666666666666 0.3333333333333333 0.3055555555555556 0.5261904761904762 0.16666666666666666 0.5 0.5 0.5 0.9166666666666667 0.4928571428571429 0.385 0.3875 0.6111111111111112 0.3333333333333333 0.5 0.3785714285714285 0.37357142857142855 0.5 0.48125 0.14285714285714285 0.45 0.49333333333333335 0.5 0.47121212121212125 0.45 0.41111111111111115 0.35512820512820514 
avg : 0.4339210002960002
fba accuate :1.0 0.0 1.0 1.0 1.0 1.0 0.0 1.0 1.0 1.0 1.0 1.0 0.0 0.0 0.0 1.0 1.0 1.0 0.0 0.0 1.0 0.0 1.0 0.0 0.0 1.0 0.0 0.0 0.0 0.0 
avg : 0.5333333333333333
fba parent :0.0 4.0 0.0 0.0 0.0 1.0 6.0 0.0 0.0 0.0 0.0 1.0 5.0 6.0 5.0 1.0 0.0 0.0 8.0 7.0 0.0 6.0 0.0 6.0 8.0 0.0 8.0 6.0 6.0 7.0 
avg : 3.033333333333333
fba child :0.0 0.0 0.0 0.0 0.0 0.0 0.0 0.0 0.0 0.0 0.0 0.0 0.0 0.0 0.0 0.0 0.0 0.0 0.0 0.0 0.0 0.0 0.0 0.0 0.0 0.0 0.0 0.0 0.0 0.0 
avg : 0.0
fba ignore :1.0 1.0 1.0 1.0 1.0 0.0 0.0 1.0 1.0 1.0 1.0 0.0 1.0 1.0 1.0 0.0 1.0 1.0 1.0 1.0 1.0 1.0 1.0 1.0 0.0 1.0 0.0 1.0 1.0 0.0 
avg : 0.7666666666666667
fba irrlevant :0.0 2.0 0.0 4.0 1.0 4.0 1.0 4.0 0.0 0.0 0.0 0.0 1.0 3.0 2.0 1.0 1.0 0.0 2.0 2.0 0.0 1.0 5.0 1.0 2.0 0.0 3.0 1.0 2.0 6.0 
avg : 1.6333333333333333

the 10 th
fb num :56.0 58.0 226.0 209.0 64.0 62.0 76.0 74.0 56.0 65.0 147.0 77.0 136.0 71.0 60.0 59.0 79.0 186.0 299.0 58.0 262.0 67.0 63.0 57.0 59.0 75.0 73.0 73.0 61.0 77.0 
avg : 99.5
fb metric :0.22727272727272727 0.19166666666666668 0.33333333333333337 0.20833333333333334 0.31481481481481477 0.2518518518518518 0.2906593406593406 0.31666666666666665 0.23611111111111108 0.25860805860805863 0.36666666666666664 0.32783882783882784 0.48138528138528136 0.2965367965367965 0.4541666666666667 0.525 0.3392857142857143 0.3273809523809524 0.28138528138528135 0.3925925925925926 0.21538461538461537 0.3577380952380952 0.31798941798941793 0.25 0.3266666666666667 0.3242424242424243 0.2912698412698413 0.3820512820512821 0.2424242424242424 0.3121212121212121 
avg : 0.31471481604814944
fb accuate :0.0 0.0 0.0 0.0 1.0 0.0 0.0 0.0 1.0 0.0 0.0 0.0 0.0 0.0 0.0 1.0 0.0 0.0 0.0 0.0 0.0 0.0 0.0 0.0 0.0 0.0 0.0 0.0 0.0 0.0 
avg : 0.1
fb parent :6.0 5.0 8.0 6.0 4.0 5.0 7.0 9.0 6.0 8.0 9.0 9.0 11.0 7.0 7.0 6.0 10.0 9.0 7.0 8.0 7.0 6.0 6.0 6.0 8.0 8.0 8.0 11.0 6.0 8.0 
avg : 7.366666666666666
fb child :0.0 0.0 0.0 0.0 0.0 0.0 0.0 0.0 0.0 0.0 0.0 0.0 0.0 0.0 0.0 0.0 0.0 0.0 0.0 0.0 0.0 0.0 0.0 0.0 0.0 0.0 0.0 0.0 0.0 0.0 
avg : 0.0
fb ignore :2.0 3.0 1.0 2.0 1.0 2.0 1.0 2.0 2.0 1.0 0.0 1.0 0.0 1.0 0.0 0.0 1.0 0.0 1.0 1.0 3.0 1.0 1.0 2.0 1.0 1.0 1.0 1.0 2.0 1.0 
avg : 1.2
fb irrlevant :3.0 5.0 2.0 4.0 3.0 2.0 4.0 2.0 3.0 4.0 2.0 2.0 0.0 3.0 1.0 1.0 2.0 3.0 3.0 0.0 3.0 1.0 2.0 2.0 1.0 2.0 3.0 1.0 3.0 2.0 
avg : 2.3
fic num :339.0 381.0 393.0 339.0 359.0 349.0 304.0 332.0 392.0 292.0 335.0 333.0 287.0 364.0 317.0 364.0 355.0 383.0 343.0 292.0 315.0 307.0 310.0 336.0 215.0 315.0 400.0 347.0 455.0 316.0 
avg : 338.96666666666664
fic metric :0.38030303030303025 0.36666666666666664 0.37460317460317455 0.3490196078431373 0.5222222222222223 0.3574074074074074 0.39122807017543854 0.3684210526315789 0.3549999999999999 0.33958333333333335 0.38 0.4399999999999999 0.3466666666666666 0.3733333333333333 0.40625 0.42222222222222217 0.35490196078431374 0.3784313725490196 0.47272727272727266 0.3784313725490196 0.35185185185185186 0.3466666666666666 0.44 0.3466666666666666 0.40277777777777785 0.38125 0.4037037037037037 0.4037037037037037 0.36818181818181817 0.3473684210526315 
avg : 0.3849863125207552
fic accuate :3.0 3.0 3.0 3.0 3.0 3.0 3.0 3.0 3.0 3.0 3.0 3.0 3.0 3.0 3.0 3.0 3.0 3.0 3.0 3.0 3.0 3.0 3.0 3.0 3.0 3.0 3.0 3.0 3.0 3.0 
avg : 3.0
fic parent :6.0 3.0 5.0 4.0 5.0 2.0 4.0 4.0 4.0 3.0 4.0 3.0 3.0 3.0 5.0 7.0 4.0 5.0 4.0 2.0 2.0 3.0 5.0 3.0 2.0 4.0 4.0 4.0 5.0 3.0 
avg : 3.8333333333333335
fic child :3.0 3.0 3.0 2.0 1.0 4.0 4.0 3.0 3.0 2.0 4.0 3.0 4.0 2.0 2.0 3.0 2.0 2.0 0.0 4.0 4.0 4.0 2.0 4.0 2.0 2.0 3.0 3.0 4.0 3.0 
avg : 2.8333333333333335
fic ignore :0.0 0.0 0.0 1.0 0.0 0.0 0.0 0.0 0.0 1.0 0.0 0.0 0.0 1.0 0.0 0.0 0.0 0.0 0.0 0.0 0.0 0.0 0.0 0.0 1.0 1.0 0.0 0.0 0.0 0.0 
avg : 0.16666666666666666
fic irrlevant :8.0 7.0 8.0 7.0 3.0 7.0 6.0 7.0 8.0 7.0 7.0 4.0 8.0 6.0 6.0 6.0 8.0 7.0 4.0 6.0 7.0 8.0 5.0 8.0 4.0 6.0 6.0 6.0 8.0 8.0 
avg : 6.533333333333333
fba metric :0.44246031746031744 0.4404761904761905 0.48452380952380947 0.4083333333333333 0.4432773109243697 0.45357142857142857 0.4174107142857143 0.41857142857142854 0.44246031746031744 0.390625 0.4139097744360902 0.43907563025210083 0.4471428571428572 0.44246031746031744 0.359375 0.4163865546218487 0.4519047619047619 0.38999999999999996 0.4146825396825397 0.44999999999999996 0.44246031746031744 0.41857142857142854 0.45357142857142857 0.38999999999999996 0.384453781512605 0.48452380952380947 0.4519047619047619 0.4486607142857143 0.41857142857142854 0.41857142857142854 
avg : 0.429264546169345
fba accuate :0.0 0.0 1.0 1.0 0.0 0.0 0.0 0.0 0.0 0.0 0.0 0.0 0.0 0.0 0.0 0.0 0.0 0.0 0.0 0.0 0.0 0.0 0.0 0.0 0.0 1.0 0.0 0.0 0.0 0.0 
avg : 0.1
fba parent :15.0 13.0 9.0 7.0 14.0 12.0 13.0 12.0 15.0 12.0 15.0 14.0 13.0 15.0 11.0 14.0 13.0 11.0 14.0 11.0 15.0 12.0 12.0 11.0 12.0 9.0 13.0 14.0 12.0 12.0 
avg : 12.5
fba child :0.0 0.0 0.0 0.0 0.0 0.0 0.0 0.0 0.0 0.0 0.0 0.0 0.0 0.0 0.0 0.0 0.0 0.0 0.0 0.0 0.0 0.0 0.0 0.0 0.0 0.0 0.0 0.0 0.0 0.0 
avg : 0.0
fba ignore :0.0 0.0 0.0 0.0 0.0 0.0 0.0 0.0 0.0 0.0 0.0 0.0 0.0 0.0 0.0 0.0 0.0 0.0 0.0 0.0 0.0 0.0 0.0 0.0 1.0 0.0 0.0 0.0 0.0 0.0 
avg : 0.03333333333333333
fba irrlevant :0.0 0.0 0.0 2.0 0.0 0.0 1.0 1.0 0.0 2.0 1.0 0.0 0.0 0.0 3.0 1.0 0.0 2.0 1.0 0.0 0.0 1.0 0.0 2.0 1.0 0.0 0.0 0.0 1.0 1.0 
avg : 0.6666666666666666

the 11 th
fb num :65.0 52.0 59.0 49.0 47.0 50.0 49.0 55.0 48.0 53.0 53.0 59.0 53.0 57.0 52.0 52.0 52.0 55.0 50.0 54.0 49.0 51.0 55.0 58.0 44.0 57.0 49.0 53.0 50.0 49.0 
avg : 52.63333333333333
fb metric :0.125 0.45 0.3 0.2 0.2 0.2 0.16666666666666666 0.17142857142857143 0.2 0.16666666666666666 0.16666666666666666 0.23809523809523808 0.16666666666666666 0.25 0.16666666666666666 0.36 0.14285714285714285 0.16875 0.125 0.36 0.0 0.16666666666666666 0.125 0.14285714285714285 0.16666666666666666 0.125 0.35 0.225 0.2 0.14285714285714285 
avg : 0.19895039682539684
fb accuate :1.0 1.0 1.0 1.0 1.0 1.0 1.0 0.0 1.0 1.0 1.0 1.0 1.0 0.0 1.0 1.0 1.0 0.0 1.0 1.0 0.0 1.0 1.0 1.0 1.0 1.0 1.0 1.0 1.0 1.0 
avg : 0.8666666666666667
fb parent :0.0 1.0 1.0 0.0 0.0 0.0 0.0 2.0 0.0 0.0 0.0 1.0 0.0 2.0 0.0 1.0 0.0 2.0 0.0 1.0 0.0 0.0 0.0 0.0 0.0 0.0 1.0 1.0 0.0 0.0 
avg : 0.43333333333333335
fb child :0.0 0.0 0.0 0.0 0.0 0.0 0.0 0.0 0.0 0.0 0.0 0.0 0.0 0.0 0.0 0.0 0.0 0.0 0.0 0.0 0.0 0.0 0.0 0.0 0.0 0.0 0.0 0.0 0.0 0.0 
avg : 0.0
fb ignore :2.0 1.0 1.0 2.0 2.0 2.0 2.0 2.0 2.0 2.0 2.0 1.0 2.0 1.0 2.0 1.0 2.0 2.0 2.0 1.0 3.0 2.0 2.0 2.0 2.0 2.0 1.0 1.0 2.0 2.0 
avg : 1.7666666666666666
fb irrlevant :5.0 1.0 3.0 2.0 2.0 2.0 3.0 3.0 2.0 3.0 3.0 4.0 3.0 3.0 3.0 2.0 4.0 4.0 5.0 2.0 4.0 3.0 5.0 4.0 3.0 5.0 2.0 5.0 2.0 4.0 
avg : 3.2
fic num :185.0 202.0 127.0 159.0 121.0 149.0 148.0 182.0 111.0 186.0 137.0 197.0 182.0 199.0 155.0 192.0 189.0 132.0 163.0 228.0 146.0 129.0 163.0 256.0 103.0 148.0 120.0 185.0 188.0 161.0 
avg : 164.76666666666668
fic metric :0.8375 0.85 1.0 0.95 0.9333333333333332 0.6 0.9333333333333332 0.95 0.6666666666666666 0.8875 1.0 0.72 0.9166666666666666 0.8999999999999999 0.9333333333333332 0.7 0.9166666666666666 0.9333333333333332 0.9333333333333332 0.82 0.8999999999999999 0.6666666666666666 0.9166666666666666 0.95 0.9375 0.9333333333333332 0.9333333333333332 0.95 0.95 0.8875 
avg : 0.8802222222222222
fic accuate :1.0 2.0 3.0 3.0 2.0 1.0 2.0 3.0 2.0 2.0 3.0 2.0 2.0 2.0 2.0 2.0 2.0 2.0 2.0 1.0 2.0 2.0 2.0 3.0 3.0 2.0 2.0 3.0 3.0 2.0 
avg : 2.1666666666666665
fic parent :3.0 2.0 0.0 1.0 1.0 1.0 1.0 1.0 0.0 2.0 0.0 2.0 1.0 2.0 1.0 1.0 1.0 1.0 1.0 4.0 2.0 0.0 1.0 1.0 1.0 1.0 1.0 1.0 1.0 2.0 
avg : 1.2333333333333334
fic child :0.0 0.0 0.0 0.0 0.0 0.0 0.0 0.0 0.0 0.0 0.0 0.0 0.0 0.0 0.0 0.0 0.0 0.0 0.0 0.0 0.0 0.0 0.0 0.0 0.0 0.0 0.0 0.0 0.0 0.0 
avg : 0.0
fic ignore :0.0 0.0 0.0 0.0 0.0 1.0 0.0 0.0 1.0 0.0 0.0 1.0 0.0 0.0 0.0 1.0 0.0 0.0 0.0 0.0 0.0 1.0 0.0 0.0 0.0 0.0 0.0 0.0 0.0 0.0 
avg : 0.16666666666666666
fic irrlevant :0.0 0.0 0.0 0.0 0.0 0.0 0.0 0.0 0.0 0.0 0.0 0.0 0.0 0.0 0.0 0.0 0.0 0.0 0.0 0.0 0.0 0.0 0.0 0.0 0.0 0.0 0.0 0.0 0.0 0.0 
avg : 0.0
fba metric :0.2571428571428571 0.6194444444444445 0.4238095238095238 0.4556547619047619 0.2571428571428572 0.2 0.5027777777777778 0.4916666666666667 0.6 0.5027777777777778 0.5119047619047619 0.33015873015873015 0.4733333333333333 0.41428571428571426 0.45999999999999996 0.6133333333333334 0.43571428571428567 0.6 0.36428571428571427 0.425 0.425 0.25 0.5916666666666666 0.5986111111111111 0.3238095238095238 0.3410714285714285 0.25 0.530952380952381 0.40208333333333335 0.6194444444444445 
avg : 0.4423690476190477
fba accuate :1.0 1.0 1.0 1.0 1.0 1.0 1.0 1.0 1.0 1.0 1.0 1.0 0.0 1.0 1.0 1.0 1.0 1.0 1.0 1.0 1.0 1.0 0.0 1.0 1.0 1.0 1.0 1.0 1.0 1.0 
avg : 0.9333333333333333
fba parent :3.0 4.0 3.0 4.0 1.0 1.0 3.0 4.0 2.0 3.0 4.0 3.0 6.0 3.0 2.0 3.0 3.0 2.0 2.0 2.0 2.0 2.0 6.0 4.0 2.0 3.0 1.0 4.0 3.0 4.0 
avg : 2.966666666666667
fba child :0.0 0.0 0.0 0.0 0.0 0.0 0.0 0.0 0.0 0.0 0.0 0.0 0.0 0.0 0.0 0.0 0.0 0.0 0.0 0.0 0.0 0.0 0.0 0.0 0.0 0.0 0.0 0.0 0.0 0.0 
avg : 0.0
fba ignore :0.0 0.0 0.0 0.0 1.0 1.0 0.0 0.0 0.0 0.0 0.0 0.0 0.0 0.0 0.0 0.0 0.0 0.0 0.0 0.0 0.0 1.0 0.0 0.0 0.0 0.0 1.0 0.0 0.0 0.0 
avg : 0.13333333333333333
fba irrlevant :7.0 1.0 3.0 3.0 4.0 6.0 2.0 2.0 1.0 2.0 2.0 5.0 3.0 3.0 2.0 1.0 3.0 1.0 4.0 3.0 3.0 4.0 1.0 1.0 4.0 4.0 4.0 2.0 4.0 1.0 
avg : 2.8666666666666667

the 12 th
weka.core.UnsupportedAttributeTypeException: weka.classifiers.trees.j48.C45PruneableClassifierTree: Cannot handle unary class!
	at weka.core.Capabilities.test(Capabilities.java:931)
	at weka.core.Capabilities.test(Capabilities.java:1110)
	at weka.core.Capabilities.test(Capabilities.java:1023)
	at weka.core.Capabilities.testWithFail(Capabilities.java:1302)
	at weka.classifiers.trees.j48.C45PruneableClassifierTree.buildClassifier(C45PruneableClassifierTree.java:116)
	at weka.classifiers.trees.J48.buildClassifier(J48.java:236)
	at maskAlogrithms.CTA.constructClassifier(CTA.java:114)
	at maskAlogrithms.CTA.process(CTA.java:55)
	at maskTool.CoveringArrayGenFeedBack.executeAndCharactersiz(CoveringArrayGenFeedBack.java:287)
	at maskTool.CoveringArrayGenFeedBack.get(CoveringArrayGenFeedBack.java:217)
	at maskSimulateExperiment.Unit_FB_OUR.testFB_OUR(Unit_FB_OUR.java:82)
	at maskSimulateExperiment.Experiment_FB_OUR.test(Experiment_FB_OUR.java:55)
	at maskSimulateExperiment.Experiment_FB_OUR.main(Experiment_FB_OUR.java:99)
weka.core.UnsupportedAttributeTypeException: weka.classifiers.trees.j48.C45PruneableClassifierTree: Cannot handle unary class!
	at weka.core.Capabilities.test(Capabilities.java:931)
	at weka.core.Capabilities.test(Capabilities.java:1110)
	at weka.core.Capabilities.test(Capabilities.java:1023)
	at weka.core.Capabilities.testWithFail(Capabilities.java:1302)
	at weka.classifiers.trees.j48.C45PruneableClassifierTree.buildClassifier(C45PruneableClassifierTree.java:116)
	at weka.classifiers.trees.J48.buildClassifier(J48.java:236)
	at maskAlogrithms.CTA.constructClassifier(CTA.java:114)
	at maskAlogrithms.CTA.process(CTA.java:55)
	at maskTool.CoveringArrayGenFeedBack.executeAndCharactersiz(CoveringArrayGenFeedBack.java:287)
	at maskTool.CoveringArrayGenFeedBack.get(CoveringArrayGenFeedBack.java:217)
	at maskSimulateExperiment.Unit_FB_OUR.testFB_OUR(Unit_FB_OUR.java:82)
	at maskSimulateExperiment.Experiment_FB_OUR.test(Experiment_FB_OUR.java:55)
	at maskSimulateExperiment.Experiment_FB_OUR.main(Experiment_FB_OUR.java:99)
weka.core.UnsupportedAttributeTypeException: weka.classifiers.trees.j48.C45PruneableClassifierTree: Cannot handle unary class!
	at weka.core.Capabilities.test(Capabilities.java:931)
	at weka.core.Capabilities.test(Capabilities.java:1110)
	at weka.core.Capabilities.test(Capabilities.java:1023)
	at weka.core.Capabilities.testWithFail(Capabilities.java:1302)
	at weka.classifiers.trees.j48.C45PruneableClassifierTree.buildClassifier(C45PruneableClassifierTree.java:116)
	at weka.classifiers.trees.J48.buildClassifier(J48.java:236)
	at maskAlogrithms.CTA.constructClassifier(CTA.java:114)
	at maskAlogrithms.CTA.process(CTA.java:55)
	at maskTool.CoveringArrayGenFeedBack.executeAndCharactersiz(CoveringArrayGenFeedBack.java:287)
	at maskTool.CoveringArrayGenFeedBack.get(CoveringArrayGenFeedBack.java:217)
	at maskSimulateExperiment.Unit_FB_OUR.testFB_OUR(Unit_FB_OUR.java:82)
	at maskSimulateExperiment.Experiment_FB_OUR.test(Experiment_FB_OUR.java:55)
	at maskSimulateExperiment.Experiment_FB_OUR.main(Experiment_FB_OUR.java:99)
weka.core.UnsupportedAttributeTypeException: weka.classifiers.trees.j48.C45PruneableClassifierTree: Cannot handle unary class!
	at weka.core.Capabilities.test(Capabilities.java:931)
	at weka.core.Capabilities.test(Capabilities.java:1110)
	at weka.core.Capabilities.test(Capabilities.java:1023)
	at weka.core.Capabilities.testWithFail(Capabilities.java:1302)
	at weka.classifiers.trees.j48.C45PruneableClassifierTree.buildClassifier(C45PruneableClassifierTree.java:116)
	at weka.classifiers.trees.J48.buildClassifier(J48.java:236)
	at maskAlogrithms.CTA.constructClassifier(CTA.java:114)
	at maskAlogrithms.CTA.process(CTA.java:55)
	at maskTool.CoveringArrayGenFeedBack.executeAndCharactersiz(CoveringArrayGenFeedBack.java:287)
	at maskTool.CoveringArrayGenFeedBack.get(CoveringArrayGenFeedBack.java:217)
	at maskSimulateExperiment.Unit_FB_OUR.testFB_OUR(Unit_FB_OUR.java:82)
	at maskSimulateExperiment.Experiment_FB_OUR.test(Experiment_FB_OUR.java:55)
	at maskSimulateExperiment.Experiment_FB_OUR.main(Experiment_FB_OUR.java:99)
weka.core.UnsupportedAttributeTypeException: weka.classifiers.trees.j48.C45PruneableClassifierTree: Cannot handle unary class!
	at weka.core.Capabilities.test(Capabilities.java:931)
	at weka.core.Capabilities.test(Capabilities.java:1110)
	at weka.core.Capabilities.test(Capabilities.java:1023)
	at weka.core.Capabilities.testWithFail(Capabilities.java:1302)
	at weka.classifiers.trees.j48.C45PruneableClassifierTree.buildClassifier(C45PruneableClassifierTree.java:116)
	at weka.classifiers.trees.J48.buildClassifier(J48.java:236)
	at maskAlogrithms.CTA.constructClassifier(CTA.java:114)
	at maskAlogrithms.CTA.process(CTA.java:55)
	at maskTool.CoveringArrayGenFeedBack.executeAndCharactersiz(CoveringArrayGenFeedBack.java:287)
	at maskTool.CoveringArrayGenFeedBack.get(CoveringArrayGenFeedBack.java:217)
	at maskSimulateExperiment.Unit_FB_OUR.testFB_OUR(Unit_FB_OUR.java:82)
	at maskSimulateExperiment.Experiment_FB_OUR.test(Experiment_FB_OUR.java:55)
	at maskSimulateExperiment.Experiment_FB_OUR.main(Experiment_FB_OUR.java:99)
weka.core.UnsupportedAttributeTypeException: weka.classifiers.trees.j48.C45PruneableClassifierTree: Cannot handle unary class!
	at weka.core.Capabilities.test(Capabilities.java:931)
	at weka.core.Capabilities.test(Capabilities.java:1110)
	at weka.core.Capabilities.test(Capabilities.java:1023)
	at weka.core.Capabilities.testWithFail(Capabilities.java:1302)
	at weka.classifiers.trees.j48.C45PruneableClassifierTree.buildClassifier(C45PruneableClassifierTree.java:116)
	at weka.classifiers.trees.J48.buildClassifier(J48.java:236)
	at maskAlogrithms.CTA.constructClassifier(CTA.java:114)
	at maskAlogrithms.CTA.process(CTA.java:55)
	at maskTool.CoveringArrayGenFeedBack.executeAndCharactersiz(CoveringArrayGenFeedBack.java:287)
	at maskTool.CoveringArrayGenFeedBack.get(CoveringArrayGenFeedBack.java:217)
	at maskSimulateExperiment.Unit_FB_OUR.testFB_OUR(Unit_FB_OUR.java:82)
	at maskSimulateExperiment.Experiment_FB_OUR.test(Experiment_FB_OUR.java:55)
	at maskSimulateExperiment.Experiment_FB_OUR.main(Experiment_FB_OUR.java:99)
weka.core.UnsupportedAttributeTypeException: weka.classifiers.trees.j48.C45PruneableClassifierTree: Cannot handle unary class!
	at weka.core.Capabilities.test(Capabilities.java:931)
	at weka.core.Capabilities.test(Capabilities.java:1110)
	at weka.core.Capabilities.test(Capabilities.java:1023)
	at weka.core.Capabilities.testWithFail(Capabilities.java:1302)
	at weka.classifiers.trees.j48.C45PruneableClassifierTree.buildClassifier(C45PruneableClassifierTree.java:116)
	at weka.classifiers.trees.J48.buildClassifier(J48.java:236)
	at maskAlogrithms.CTA.constructClassifier(CTA.java:114)
	at maskAlogrithms.CTA.process(CTA.java:55)
	at maskTool.CoveringArrayGenFeedBack.executeAndCharactersiz(CoveringArrayGenFeedBack.java:287)
	at maskTool.CoveringArrayGenFeedBack.get(CoveringArrayGenFeedBack.java:217)
	at maskSimulateExperiment.Unit_FB_OUR.testFB_OUR(Unit_FB_OUR.java:82)
	at maskSimulateExperiment.Experiment_FB_OUR.test(Experiment_FB_OUR.java:55)
	at maskSimulateExperiment.Experiment_FB_OUR.main(Experiment_FB_OUR.java:99)
weka.core.UnsupportedAttributeTypeException: weka.classifiers.trees.j48.C45PruneableClassifierTree: Cannot handle unary class!
	at weka.core.Capabilities.test(Capabilities.java:931)
	at weka.core.Capabilities.test(Capabilities.java:1110)
	at weka.core.Capabilities.test(Capabilities.java:1023)
	at weka.core.Capabilities.testWithFail(Capabilities.java:1302)
	at weka.classifiers.trees.j48.C45PruneableClassifierTree.buildClassifier(C45PruneableClassifierTree.java:116)
	at weka.classifiers.trees.J48.buildClassifier(J48.java:236)
	at maskAlogrithms.CTA.constructClassifier(CTA.java:114)
	at maskAlogrithms.CTA.process(CTA.java:55)
	at maskTool.CoveringArrayGenFeedBack.executeAndCharactersiz(CoveringArrayGenFeedBack.java:287)
	at maskTool.CoveringArrayGenFeedBack.get(CoveringArrayGenFeedBack.java:217)
	at maskSimulateExperiment.Unit_FB_OUR.testFB_OUR(Unit_FB_OUR.java:82)
	at maskSimulateExperiment.Experiment_FB_OUR.test(Experiment_FB_OUR.java:55)
	at maskSimulateExperiment.Experiment_FB_OUR.main(Experiment_FB_OUR.java:99)
weka.core.UnsupportedAttributeTypeException: weka.classifiers.trees.j48.C45PruneableClassifierTree: Cannot handle unary class!
	at weka.core.Capabilities.test(Capabilities.java:931)
	at weka.core.Capabilities.test(Capabilities.java:1110)
	at weka.core.Capabilities.test(Capabilities.java:1023)
	at weka.core.Capabilities.testWithFail(Capabilities.java:1302)
	at weka.classifiers.trees.j48.C45PruneableClassifierTree.buildClassifier(C45PruneableClassifierTree.java:116)
	at weka.classifiers.trees.J48.buildClassifier(J48.java:236)
	at maskAlogrithms.CTA.constructClassifier(CTA.java:114)
	at maskAlogrithms.CTA.process(CTA.java:55)
	at maskTool.CoveringArrayGenFeedBack.executeAndCharactersiz(CoveringArrayGenFeedBack.java:287)
	at maskTool.CoveringArrayGenFeedBack.get(CoveringArrayGenFeedBack.java:217)
	at maskSimulateExperiment.Unit_FB_OUR.testFB_OUR(Unit_FB_OUR.java:82)
	at maskSimulateExperiment.Experiment_FB_OUR.test(Experiment_FB_OUR.java:55)
	at maskSimulateExperiment.Experiment_FB_OUR.main(Experiment_FB_OUR.java:99)
weka.core.UnsupportedAttributeTypeException: weka.classifiers.trees.j48.C45PruneableClassifierTree: Cannot handle unary class!
	at weka.core.Capabilities.test(Capabilities.java:931)
	at weka.core.Capabilities.test(Capabilities.java:1110)
	at weka.core.Capabilities.test(Capabilities.java:1023)
	at weka.core.Capabilities.testWithFail(Capabilities.java:1302)
	at weka.classifiers.trees.j48.C45PruneableClassifierTree.buildClassifier(C45PruneableClassifierTree.java:116)
	at weka.classifiers.trees.J48.buildClassifier(J48.java:236)
	at maskAlogrithms.CTA.constructClassifier(CTA.java:114)
	at maskAlogrithms.CTA.process(CTA.java:55)
	at maskTool.CoveringArrayGenFeedBack.executeAndCharactersiz(CoveringArrayGenFeedBack.java:287)
	at maskTool.CoveringArrayGenFeedBack.get(CoveringArrayGenFeedBack.java:217)
	at maskSimulateExperiment.Unit_FB_OUR.testFB_OUR(Unit_FB_OUR.java:82)
	at maskSimulateExperiment.Experiment_FB_OUR.test(Experiment_FB_OUR.java:55)
	at maskSimulateExperiment.Experiment_FB_OUR.main(Experiment_FB_OUR.java:99)
weka.core.UnsupportedAttributeTypeException: weka.classifiers.trees.j48.C45PruneableClassifierTree: Cannot handle unary class!
	at weka.core.Capabilities.test(Capabilities.java:931)
	at weka.core.Capabilities.test(Capabilities.java:1110)
	at weka.core.Capabilities.test(Capabilities.java:1023)
	at weka.core.Capabilities.testWithFail(Capabilities.java:1302)
	at weka.classifiers.trees.j48.C45PruneableClassifierTree.buildClassifier(C45PruneableClassifierTree.java:116)
	at weka.classifiers.trees.J48.buildClassifier(J48.java:236)
	at maskAlogrithms.CTA.constructClassifier(CTA.java:114)
	at maskAlogrithms.CTA.process(CTA.java:55)
	at maskTool.CoveringArrayGenFeedBack.executeAndCharactersiz(CoveringArrayGenFeedBack.java:287)
	at maskTool.CoveringArrayGenFeedBack.get(CoveringArrayGenFeedBack.java:217)
	at maskSimulateExperiment.Unit_FB_OUR.testFB_OUR(Unit_FB_OUR.java:82)
	at maskSimulateExperiment.Experiment_FB_OUR.test(Experiment_FB_OUR.java:55)
	at maskSimulateExperiment.Experiment_FB_OUR.main(Experiment_FB_OUR.java:99)
weka.core.UnsupportedAttributeTypeException: weka.classifiers.trees.j48.C45PruneableClassifierTree: Cannot handle unary class!
	at weka.core.Capabilities.test(Capabilities.java:931)
	at weka.core.Capabilities.test(Capabilities.java:1110)
	at weka.core.Capabilities.test(Capabilities.java:1023)
	at weka.core.Capabilities.testWithFail(Capabilities.java:1302)
	at weka.classifiers.trees.j48.C45PruneableClassifierTree.buildClassifier(C45PruneableClassifierTree.java:116)
	at weka.classifiers.trees.J48.buildClassifier(J48.java:236)
	at maskAlogrithms.CTA.constructClassifier(CTA.java:114)
	at maskAlogrithms.CTA.process(CTA.java:55)
	at maskTool.CoveringArrayGenFeedBack.executeAndCharactersiz(CoveringArrayGenFeedBack.java:287)
	at maskTool.CoveringArrayGenFeedBack.get(CoveringArrayGenFeedBack.java:217)
	at maskSimulateExperiment.Unit_FB_OUR.testFB_OUR(Unit_FB_OUR.java:82)
	at maskSimulateExperiment.Experiment_FB_OUR.test(Experiment_FB_OUR.java:55)
	at maskSimulateExperiment.Experiment_FB_OUR.main(Experiment_FB_OUR.java:99)
weka.core.UnsupportedAttributeTypeException: weka.classifiers.trees.j48.C45PruneableClassifierTree: Cannot handle unary class!
	at weka.core.Capabilities.test(Capabilities.java:931)
	at weka.core.Capabilities.test(Capabilities.java:1110)
	at weka.core.Capabilities.test(Capabilities.java:1023)
	at weka.core.Capabilities.testWithFail(Capabilities.java:1302)
	at weka.classifiers.trees.j48.C45PruneableClassifierTree.buildClassifier(C45PruneableClassifierTree.java:116)
	at weka.classifiers.trees.J48.buildClassifier(J48.java:236)
	at maskAlogrithms.CTA.constructClassifier(CTA.java:114)
	at maskAlogrithms.CTA.process(CTA.java:55)
	at maskTool.CoveringArrayGenFeedBack.executeAndCharactersiz(CoveringArrayGenFeedBack.java:287)
	at maskTool.CoveringArrayGenFeedBack.get(CoveringArrayGenFeedBack.java:217)
	at maskSimulateExperiment.Unit_FB_OUR.testFB_OUR(Unit_FB_OUR.java:82)
	at maskSimulateExperiment.Experiment_FB_OUR.test(Experiment_FB_OUR.java:55)
	at maskSimulateExperiment.Experiment_FB_OUR.main(Experiment_FB_OUR.java:99)
weka.core.UnsupportedAttributeTypeException: weka.classifiers.trees.j48.C45PruneableClassifierTree: Cannot handle unary class!
fb num :45.0 43.0 51.0 45.0 43.0 0.0 42.0 0.0 0.0 	at weka.core.Capabilities.test(Capabilities.java:931)
	at weka.core.Capabilities.test(Capabilities.java:1110)
	at weka.core.Capabilities.test(Capabilities.java:1023)
	at weka.core.Capabilities.testWithFail(Capabilities.java:1302)
	at weka.classifiers.trees.j48.C45PruneableClassifierTree.buildClassifier(C45PruneableClassifierTree.java:116)
	at weka.classifiers.trees.J48.buildClassifier(J48.java:236)
	at maskAlogrithms.CTA.constructClassifier(CTA.java:114)
	at maskAlogrithms.CTA.process(CTA.java:55)
	at maskTool.CoveringArrayGenFeedBack.executeAndCharactersiz(CoveringArrayGenFeedBack.java:287)
	at maskTool.CoveringArrayGenFeedBack.get(CoveringArrayGenFeedBack.java:217)
	at maskSimulateExperiment.Unit_FB_OUR.testFB_OUR(Unit_FB_OUR.java:82)
	at maskSimulateExperiment.Experiment_FB_OUR.test(Experiment_FB_OUR.java:55)
	at maskSimulateExperiment.Experiment_FB_OUR.main(Experiment_FB_OUR.java:99)
42.0 43.0 0.0 42.0 42.0 0.0 0.0 40.0 0.0 0.0 40.0 43.0 0.0 0.0 0.0 0.0 0.0 43.0 43.0 45.0 0.0 
avg : 23.066666666666666
fb metric :0.3333333333333333 0.0 0.13333333333333333 0.0 0.0 0.0 0.0 0.0 0.0 0.0 0.0 0.0 0.0 0.0 0.0 0.0 0.0 0.0 0.0 0.0 0.0 0.0 0.0 0.0 0.0 0.0 0.0 0.25 0.0 0.0 
avg : 0.02388888888888889
fb accuate :0.0 0.0 0.0 0.0 0.0 0.0 0.0 0.0 0.0 0.0 0.0 0.0 0.0 0.0 0.0 0.0 0.0 0.0 0.0 0.0 0.0 0.0 0.0 0.0 0.0 0.0 0.0 0.0 0.0 0.0 
avg : 0.0
fb parent :0.0 0.0 0.0 0.0 0.0 0.0 0.0 0.0 0.0 0.0 0.0 0.0 0.0 0.0 0.0 0.0 0.0 0.0 0.0 0.0 0.0 0.0 0.0 0.0 0.0 0.0 0.0 0.0 0.0 0.0 
avg : 0.0
fb child :1.0 0.0 1.0 0.0 0.0 0.0 0.0 0.0 0.0 0.0 0.0 0.0 0.0 0.0 0.0 0.0 0.0 0.0 0.0 0.0 0.0 0.0 0.0 0.0 0.0 0.0 0.0 1.0 0.0 0.0 
avg : 0.1
fb ignore :1.0 2.0 1.0 2.0 2.0 0.0 2.0 0.0 0.0 2.0 2.0 0.0 2.0 2.0 0.0 0.0 2.0 0.0 0.0 2.0 2.0 0.0 0.0 0.0 0.0 0.0 2.0 1.0 2.0 0.0 
avg : 0.9666666666666667
fb irrlevant :0.0 1.0 3.0 1.0 1.0 0.0 1.0 0.0 0.0 1.0 1.0 0.0 1.0 2.0 0.0 0.0 2.0 0.0 0.0 1.0 1.0 0.0 0.0 0.0 0.0 0.0 1.0 0.0 2.0 0.0 
avg : 0.6333333333333333
fic num :92.0 91.0 141.0 66.0 67.0 0.0 66.0 0.0 0.0 89.0 67.0 0.0 66.0 66.0 0.0 0.0 64.0 0.0 0.0 63.0 66.0 0.0 0.0 0.0 0.0 0.0 67.0 91.0 91.0 0.0 
avg : 41.766666666666666
fic metric :0.5 0.5 1.0 0.5 0.5 0.0 0.5 0.0 0.0 0.5 0.5 0.0 0.5 0.5 0.0 0.0 0.5 0.0 0.0 0.5 0.5 0.0 0.0 0.0 0.0 0.0 0.5 0.5 1.0 0.0 
avg : 0.3
fic accuate :1.0 1.0 2.0 1.0 1.0 0.0 1.0 0.0 0.0 1.0 1.0 0.0 1.0 1.0 0.0 0.0 1.0 0.0 0.0 1.0 1.0 0.0 0.0 0.0 0.0 0.0 1.0 1.0 2.0 0.0 
avg : 0.6
fic parent :0.0 0.0 0.0 0.0 0.0 0.0 0.0 0.0 0.0 0.0 0.0 0.0 0.0 0.0 0.0 0.0 0.0 0.0 0.0 0.0 0.0 0.0 0.0 0.0 0.0 0.0 0.0 0.0 0.0 0.0 
avg : 0.0
fic child :0.0 0.0 0.0 0.0 0.0 0.0 0.0 0.0 0.0 0.0 0.0 0.0 0.0 0.0 0.0 0.0 0.0 0.0 0.0 0.0 0.0 0.0 0.0 0.0 0.0 0.0 0.0 0.0 0.0 0.0 
avg : 0.0
fic ignore :1.0 1.0 0.0 1.0 1.0 0.0 1.0 0.0 0.0 1.0 1.0 0.0 1.0 1.0 0.0 0.0 1.0 0.0 0.0 1.0 1.0 0.0 0.0 0.0 0.0 0.0 1.0 1.0 0.0 0.0 
avg : 0.4666666666666667
fic irrlevant :0.0 0.0 0.0 0.0 0.0 0.0 0.0 0.0 0.0 0.0 0.0 0.0 0.0 0.0 0.0 0.0 0.0 0.0 0.0 0.0 0.0 0.0 0.0 0.0 0.0 0.0 0.0 0.0 0.0 0.0 
avg : 0.0
fba metric :0.25 0.25 0.37142857142857144 0.5 0.25 0.0 0.3333333333333333 0.0 0.0 0.3333333333333333 0.25 0.0 0.5 0.0 0.0 0.0 0.25 0.0 0.0 0.5 0.5 0.0 0.0 0.0 0.0 0.0 0.3333333333333333 0.2 0.25 0.0 
avg : 0.16904761904761903
fba accuate :1.0 1.0 1.0 1.0 1.0 0.0 1.0 0.0 0.0 1.0 1.0 0.0 1.0 0.0 0.0 0.0 1.0 0.0 0.0 1.0 1.0 0.0 0.0 0.0 0.0 0.0 1.0 1.0 1.0 0.0 
avg : 0.5
fba parent :0.0 0.0 1.0 0.0 0.0 0.0 0.0 0.0 0.0 0.0 0.0 0.0 0.0 0.0 0.0 0.0 0.0 0.0 0.0 0.0 0.0 0.0 0.0 0.0 0.0 0.0 0.0 0.0 0.0 0.0 
avg : 0.03333333333333333
fba child :0.0 0.0 0.0 0.0 0.0 0.0 0.0 0.0 0.0 0.0 0.0 0.0 0.0 0.0 0.0 0.0 0.0 0.0 0.0 0.0 0.0 0.0 0.0 0.0 0.0 0.0 0.0 0.0 0.0 0.0 
avg : 0.0
fba ignore :1.0 1.0 0.0 1.0 1.0 0.0 1.0 0.0 0.0 1.0 1.0 0.0 1.0 2.0 0.0 0.0 1.0 0.0 0.0 1.0 1.0 0.0 0.0 0.0 0.0 0.0 1.0 1.0 1.0 0.0 
avg : 0.5333333333333333
fba irrlevant :2.0 2.0 3.0 0.0 2.0 0.0 1.0 0.0 0.0 1.0 2.0 0.0 0.0 5.0 0.0 0.0 2.0 0.0 0.0 0.0 0.0 0.0 0.0 0.0 0.0 0.0 1.0 3.0 2.0 0.0 
avg : 0.8666666666666667

the 13 th
fb num :88.0 82.0 81.0 96.0 83.0 88.0 75.0 82.0 82.0 82.0 80.0 80.0 80.0 80.0 80.0 81.0 83.0 85.0 93.0 93.0 89.0 83.0 81.0 80.0 91.0 78.0 77.0 79.0 88.0 108.0 
avg : 84.26666666666667
fb metric :0.8333333333333333 0.8333333333333333 0.8333333333333333 0.8333333333333333 0.8333333333333333 0.8333333333333333 0.8333333333333333 0.8333333333333333 0.8333333333333333 0.8333333333333333 0.8333333333333333 0.8333333333333333 0.8333333333333333 0.8333333333333333 0.8333333333333333 0.8333333333333333 0.8333333333333333 0.8333333333333333 0.8333333333333333 0.8333333333333333 0.8333333333333333 0.8333333333333333 0.8333333333333333 0.8333333333333333 0.8333333333333333 0.75 0.8333333333333333 0.8333333333333333 0.8333333333333333 0.8333333333333333 
avg : 0.8305555555555554
fb accuate :1.0 1.0 1.0 1.0 1.0 1.0 1.0 1.0 1.0 1.0 1.0 1.0 1.0 1.0 1.0 1.0 1.0 1.0 1.0 1.0 1.0 1.0 1.0 1.0 1.0 1.0 1.0 1.0 1.0 1.0 
avg : 1.0
fb parent :1.0 1.0 1.0 1.0 1.0 1.0 1.0 1.0 1.0 1.0 1.0 1.0 1.0 1.0 1.0 1.0 1.0 1.0 1.0 1.0 1.0 1.0 1.0 1.0 1.0 1.0 1.0 1.0 1.0 1.0 
avg : 1.0
fb child :0.0 0.0 0.0 0.0 0.0 0.0 0.0 0.0 0.0 0.0 0.0 0.0 0.0 0.0 0.0 0.0 0.0 0.0 0.0 0.0 0.0 0.0 0.0 0.0 0.0 0.0 0.0 0.0 0.0 0.0 
avg : 0.0
fb ignore :0.0 0.0 0.0 0.0 0.0 0.0 0.0 0.0 0.0 0.0 0.0 0.0 0.0 0.0 0.0 0.0 0.0 0.0 0.0 0.0 0.0 0.0 0.0 0.0 0.0 0.0 0.0 0.0 0.0 0.0 
avg : 0.0
fb irrlevant :0.0 0.0 0.0 0.0 0.0 0.0 0.0 0.0 0.0 0.0 0.0 0.0 0.0 0.0 0.0 0.0 0.0 0.0 0.0 0.0 0.0 0.0 0.0 0.0 0.0 0.0 0.0 0.0 0.0 0.0 
avg : 0.0
fic num :158.0 140.0 130.0 144.0 162.0 141.0 142.0 158.0 141.0 157.0 131.0 141.0 133.0 149.0 138.0 147.0 150.0 138.0 138.0 160.0 132.0 149.0 132.0 135.0 155.0 134.0 146.0 161.0 162.0 146.0 
avg : 145.0
fic metric :0.8333333333333333 0.8333333333333333 0.8333333333333333 0.8333333333333333 0.8333333333333333 0.8333333333333333 0.8333333333333333 0.8333333333333333 0.8333333333333333 0.8333333333333333 0.8333333333333333 0.8333333333333333 0.8333333333333333 0.8333333333333333 0.8333333333333333 0.8333333333333333 0.8333333333333333 0.8333333333333333 0.8333333333333333 0.8333333333333333 0.8333333333333333 0.8333333333333333 0.8333333333333333 0.8333333333333333 0.8333333333333333 0.8333333333333333 0.8333333333333333 0.8333333333333333 0.8333333333333333 0.8333333333333333 
avg : 0.8333333333333331
fic accuate :1.0 1.0 1.0 1.0 1.0 1.0 1.0 1.0 1.0 1.0 1.0 1.0 1.0 1.0 1.0 1.0 1.0 1.0 1.0 1.0 1.0 1.0 1.0 1.0 1.0 1.0 1.0 1.0 1.0 1.0 
avg : 1.0
fic parent :1.0 1.0 1.0 1.0 1.0 1.0 1.0 1.0 1.0 1.0 1.0 1.0 1.0 1.0 1.0 1.0 1.0 1.0 1.0 1.0 1.0 1.0 1.0 1.0 1.0 1.0 1.0 1.0 1.0 1.0 
avg : 1.0
fic child :0.0 0.0 0.0 0.0 0.0 0.0 0.0 0.0 0.0 0.0 0.0 0.0 0.0 0.0 0.0 0.0 0.0 0.0 0.0 0.0 0.0 0.0 0.0 0.0 0.0 0.0 0.0 0.0 0.0 0.0 
avg : 0.0
fic ignore :0.0 0.0 0.0 0.0 0.0 0.0 0.0 0.0 0.0 0.0 0.0 0.0 0.0 0.0 0.0 0.0 0.0 0.0 0.0 0.0 0.0 0.0 0.0 0.0 0.0 0.0 0.0 0.0 0.0 0.0 
avg : 0.0
fic irrlevant :0.0 0.0 0.0 0.0 0.0 0.0 0.0 0.0 0.0 0.0 0.0 0.0 0.0 0.0 0.0 0.0 0.0 0.0 0.0 0.0 0.0 0.0 0.0 0.0 0.0 0.0 0.0 0.0 0.0 0.0 
avg : 0.0
fba metric :0.8333333333333333 0.8333333333333333 0.8333333333333333 0.8333333333333333 0.8333333333333333 0.8333333333333333 0.8333333333333333 0.8333333333333333 0.8333333333333333 0.8333333333333333 0.8333333333333333 0.8333333333333333 0.8333333333333333 0.8333333333333333 0.8333333333333333 0.8333333333333333 0.8333333333333333 0.8333333333333333 0.8333333333333333 0.8333333333333333 0.8333333333333333 0.8333333333333333 0.8333333333333333 0.8333333333333333 0.8333333333333333 0.8333333333333333 0.8333333333333333 0.8333333333333333 0.8333333333333333 0.8333333333333333 
avg : 0.8333333333333331
fba accuate :1.0 1.0 1.0 1.0 1.0 1.0 1.0 1.0 1.0 1.0 1.0 1.0 1.0 1.0 1.0 1.0 1.0 1.0 1.0 1.0 1.0 1.0 1.0 1.0 1.0 1.0 1.0 1.0 1.0 1.0 
avg : 1.0
fba parent :1.0 1.0 1.0 1.0 1.0 1.0 1.0 1.0 1.0 1.0 1.0 1.0 1.0 1.0 1.0 1.0 1.0 1.0 1.0 1.0 1.0 1.0 1.0 1.0 1.0 1.0 1.0 1.0 1.0 1.0 
avg : 1.0
fba child :0.0 0.0 0.0 0.0 0.0 0.0 0.0 0.0 0.0 0.0 0.0 0.0 0.0 0.0 0.0 0.0 0.0 0.0 0.0 0.0 0.0 0.0 0.0 0.0 0.0 0.0 0.0 0.0 0.0 0.0 
avg : 0.0
fba ignore :0.0 0.0 0.0 0.0 0.0 0.0 0.0 0.0 0.0 0.0 0.0 0.0 0.0 0.0 0.0 0.0 0.0 0.0 0.0 0.0 0.0 0.0 0.0 0.0 0.0 0.0 0.0 0.0 0.0 0.0 
avg : 0.0
fba irrlevant :0.0 0.0 0.0 0.0 0.0 0.0 0.0 0.0 0.0 0.0 0.0 0.0 0.0 0.0 0.0 0.0 0.0 0.0 0.0 0.0 0.0 0.0 0.0 0.0 0.0 0.0 0.0 0.0 0.0 0.0 
avg : 0.0

the 14 th
fb num :71.0 70.0 71.0 75.0 73.0 72.0 65.0 72.0 73.0 74.0 76.0 74.0 82.0 80.0 74.0 66.0 73.0 74.0 74.0 73.0 72.0 76.0 75.0 71.0 75.0 82.0 72.0 74.0 71.0 72.0 
avg : 73.4
fb metric :0.1 0.26666666666666666 0.0 0.3333333333333333 0.0 0.1142857142857143 0.3333333333333333 0.0 0.0 0.1142857142857143 0.3333333333333333 0.0 0.0 0.0 0.0 0.3333333333333333 0.4916666666666667 0.4642857142857143 0.3333333333333333 0.0 0.0 0.0 0.0 0.0 0.1 0.0 0.0 0.0 0.1 0.3333333333333333 
avg : 0.12503968253968256
fb accuate :0.0 0.0 0.0 0.0 0.0 0.0 0.0 0.0 0.0 0.0 0.0 0.0 0.0 0.0 0.0 0.0 1.0 1.0 0.0 0.0 0.0 0.0 0.0 0.0 0.0 0.0 0.0 0.0 0.0 0.0 
avg : 0.06666666666666667
fb parent :1.0 0.0 0.0 0.0 0.0 1.0 0.0 0.0 0.0 1.0 0.0 0.0 0.0 0.0 0.0 0.0 3.0 3.0 0.0 0.0 0.0 0.0 0.0 0.0 1.0 0.0 0.0 0.0 1.0 0.0 
avg : 0.36666666666666664
fb child :0.0 1.0 0.0 1.0 0.0 0.0 1.0 0.0 0.0 0.0 1.0 0.0 0.0 0.0 0.0 1.0 0.0 0.0 1.0 0.0 0.0 0.0 0.0 0.0 0.0 0.0 0.0 0.0 0.0 1.0 
avg : 0.23333333333333334
fb ignore :2.0 1.0 3.0 1.0 3.0 2.0 1.0 3.0 3.0 2.0 1.0 3.0 3.0 3.0 3.0 1.0 1.0 1.0 1.0 3.0 3.0 3.0 3.0 3.0 2.0 3.0 3.0 3.0 2.0 1.0 
avg : 2.2333333333333334
fb irrlevant :5.0 2.0 6.0 1.0 5.0 4.0 1.0 6.0 4.0 4.0 1.0 5.0 6.0 7.0 6.0 1.0 1.0 2.0 1.0 6.0 5.0 5.0 5.0 5.0 5.0 6.0 5.0 5.0 5.0 1.0 
avg : 4.033333333333333
fic num :239.0 259.0 229.0 177.0 288.0 216.0 200.0 263.0 289.0 306.0 281.0 314.0 227.0 307.0 318.0 209.0 331.0 248.0 259.0 265.0 200.0 307.0 267.0 185.0 337.0 298.0 325.0 252.0 254.0 246.0 
avg : 263.2
fic metric :0.5833333333333333 0.5833333333333333 0.7777777777777777 0.4444444444444444 0.7777777777777777 0.5833333333333333 0.5833333333333333 0.5833333333333333 0.7777777777777777 0.7777777777777777 0.7777777777777777 0.7777777777777777 0.5833333333333333 0.5833333333333333 0.5833333333333333 0.5833333333333333 0.7777777777777777 0.7777777777777777 0.5833333333333333 0.5833333333333333 0.7777777777777777 0.7777777777777777 0.5833333333333333 0.7777777777777777 0.7777777777777777 0.5833333333333333 0.5833333333333333 0.5833333333333333 0.7777777777777777 0.5833333333333333 
avg : 0.662962962962963
fic accuate :1.0 1.0 1.0 0.0 1.0 1.0 1.0 1.0 1.0 1.0 1.0 1.0 1.0 1.0 1.0 1.0 1.0 1.0 1.0 1.0 1.0 1.0 1.0 1.0 1.0 1.0 1.0 1.0 1.0 1.0 
avg : 0.9666666666666667
fic parent :0.0 0.0 0.0 0.0 0.0 0.0 0.0 0.0 0.0 0.0 0.0 0.0 0.0 0.0 0.0 0.0 0.0 0.0 0.0 0.0 0.0 0.0 0.0 0.0 0.0 0.0 0.0 0.0 0.0 0.0 
avg : 0.0
fic child :1.0 1.0 1.0 1.0 1.0 1.0 1.0 1.0 1.0 1.0 1.0 1.0 1.0 1.0 1.0 1.0 1.0 1.0 1.0 1.0 1.0 1.0 1.0 1.0 1.0 1.0 1.0 1.0 1.0 1.0 
avg : 1.0
fic ignore :0.0 0.0 0.0 1.0 0.0 0.0 0.0 0.0 0.0 0.0 0.0 0.0 0.0 0.0 0.0 0.0 0.0 0.0 0.0 0.0 0.0 0.0 0.0 0.0 0.0 0.0 0.0 0.0 0.0 0.0 
avg : 0.03333333333333333
fic irrlevant :1.0 1.0 0.0 0.0 0.0 1.0 1.0 1.0 0.0 0.0 0.0 0.0 1.0 1.0 1.0 1.0 0.0 0.0 1.0 1.0 0.0 0.0 1.0 0.0 0.0 1.0 1.0 1.0 0.0 1.0 
avg : 0.5333333333333333
fba metric :0.2 0.1 0.2 0.4444444444444444 0.2 0.2 0.2 0.2 0.2 0.2 0.2 0.16296296296296298 0.2 0.2 0.2 0.2 0.2 0.2 0.2 0.2 0.17777777777777778 0.2 0.2 0.2 0.2 0.2 0.2 0.2 0.2 0.2 
avg : 0.2028395061728396
fba accuate :0.0 0.0 0.0 0.0 0.0 0.0 0.0 0.0 0.0 0.0 0.0 0.0 0.0 0.0 0.0 0.0 0.0 0.0 0.0 0.0 0.0 0.0 0.0 0.0 0.0 0.0 0.0 0.0 0.0 0.0 
avg : 0.0
fba parent :2.0 1.0 2.0 0.0 2.0 2.0 2.0 2.0 2.0 2.0 2.0 2.0 2.0 2.0 2.0 2.0 2.0 2.0 2.0 2.0 2.0 2.0 2.0 2.0 2.0 2.0 2.0 2.0 2.0 2.0 
avg : 1.9
fba child :0.0 0.0 0.0 1.0 0.0 0.0 0.0 0.0 0.0 0.0 0.0 0.0 0.0 0.0 0.0 0.0 0.0 0.0 0.0 0.0 0.0 0.0 0.0 0.0 0.0 0.0 0.0 0.0 0.0 0.0 
avg : 0.03333333333333333
fba ignore :2.0 2.0 2.0 1.0 2.0 2.0 2.0 2.0 2.0 2.0 2.0 2.0 2.0 2.0 2.0 2.0 2.0 2.0 2.0 2.0 2.0 2.0 2.0 2.0 2.0 2.0 2.0 2.0 2.0 2.0 
avg : 1.9666666666666666
fba irrlevant :4.0 5.0 4.0 0.0 4.0 4.0 4.0 4.0 4.0 4.0 4.0 5.0 4.0 4.0 4.0 4.0 4.0 4.0 4.0 4.0 5.0 4.0 4.0 4.0 4.0 4.0 4.0 4.0 4.0 4.0 
avg : 3.966666666666667
