testCase Num: 40
regaular Num: 40
identify Num: 0
3 3 2 1 3 3 1 0 2 3 2 0 0 1 3 
0 0 0 0 0 0 0 0 0 2 3 0 0 0 0 
2 2 3 3 2 0 3 0 3 0 0 2 1 3 1 
3 2 1 0 0 2 0 0 0 3 3 3 2 1 1 
0 0 2 1 2 2 1 3 3 2 0 3 3 1 1 
0 0 0 2 3 0 1 0 0 0 0 0 2 0 1 
0 0 1 3 1 0 3 3 2 3 1 3 2 3 2 
1 2 3 0 2 1 0 3 3 1 2 3 0 2 3 
2 3 1 2 1 2 0 1 1 0 1 2 0 2 0 
1 3 0 2 0 1 3 1 0 1 0 1 2 3 0 
3 3 3 3 3 3 3 1 3 3 3 0 3 2 1 
0 2 3 2 1 0 1 0 1 2 2 0 3 1 0 
3 0 1 3 0 3 3 1 1 2 0 2 2 1 3 
0 0 0 0 1 3 0 0 0 0 0 0 0 0 0 
1 1 1 1 1 1 1 0 1 1 1 1 1 1 1 
0 0 1 0 0 0 2 1 0 0 0 3 3 1 0 
1 0 2 1 0 0 2 0 2 1 3 0 2 2 1 
2 2 0 1 0 3 1 2 0 0 3 2 3 1 2 
3 2 1 0 3 3 0 2 2 1 1 1 3 0 0 
0 3 0 3 0 0 1 3 3 1 1 1 0 2 0 
0 1 1 1 2 3 3 1 3 1 3 0 0 3 2 
1 1 3 3 0 2 0 2 0 2 2 0 1 2 2 
0 0 3 2 1 1 2 2 3 0 3 1 2 0 3 
2 2 2 2 2 2 2 1 2 2 2 1 2 0 2 
3 1 2 0 3 0 2 2 1 2 0 2 1 3 3 
0 3 0 0 2 0 0 2 0 0 0 3 0 0 0 
1 1 2 1 2 1 3 2 0 0 1 2 3 0 0 
1 0 0 1 3 3 0 2 2 3 0 1 1 3 0 
0 0 0 0 0 0 0 0 0 0 0 0 0 0 0 
0 0 0 0 0 0 1 0 0 0 0 0 0 3 0 
2 1 1 0 0 2 0 3 0 1 2 2 0 0 1 
0 0 0 0 0 0 0 0 1 0 0 0 0 0 2 
3 1 2 0 1 1 0 0 2 0 0 0 2 2 2 
2 0 0 0 3 2 3 3 0 0 2 3 3 3 3 
0 0 2 3 0 0 0 0 0 0 0 0 0 0 0 
0 3 3 0 3 1 1 1 2 3 0 2 1 0 2 
0 0 3 1 0 0 0 3 0 0 1 0 0 0 3 
2 3 0 3 1 1 2 2 0 2 1 0 0 0 1 
2 0 0 0 0 0 0 0 0 3 0 0 0 0 0 
3 1 0 2 2 3 2 3 1 3 3 3 1 0 0 
MFS
[ - , - , 0 , - , 0 , - , 0 , 0 , 0 , 0 , - , - , - , - , - ]
precise
0.0
recall
0.0
F-measure
0.0
multi
0
time
all 316 iden 0 gen 316
t-cover
1680
all-cover
1680
coveredNum
(1 : 519)  (2 : 576)  (3 : 347)  (4 : 119)  (5 : 13)  (6 : 12)  (7 : 33)  (8 : 26)  (9 : 23)  (10 : 8)  (11 : 4)  
real Identify

testCase Num: 36
regaular Num: 36
identify Num: 0
2 0 3 3 3 2 3 3 0 3 1 3 3 1 0 
3 2 3 1 2 0 1 0 3 2 3 3 1 0 1 
1 3 0 3 3 0 2 0 1 0 1 2 0 1 2 
2 2 1 1 1 0 2 1 0 1 3 2 2 3 0 
0 3 2 0 1 1 0 0 0 3 3 0 3 3 2 
1 0 0 1 0 0 0 0 3 0 0 0 0 0 2 
3 1 0 3 0 2 0 1 3 3 0 2 2 0 1 
0 1 3 2 2 2 1 1 2 0 3 0 0 3 2 
1 3 1 0 2 1 2 2 0 3 3 1 1 0 0 
0 0 0 0 0 0 3 3 1 0 3 2 1 0 0 
2 1 0 1 0 0 1 0 2 3 3 1 3 2 0 
1 0 1 0 3 2 1 0 2 2 0 2 3 0 3 
2 3 3 0 1 2 2 3 3 1 0 1 0 1 1 
1 3 1 2 0 1 0 3 2 2 0 3 3 3 2 
0 2 3 2 3 1 0 0 3 1 2 2 2 1 0 
3 3 2 1 0 2 1 3 1 0 2 3 0 2 0 
1 1 1 1 1 1 1 1 1 1 1 1 0 1 1 
0 2 3 2 0 3 0 1 0 3 1 3 0 2 3 
0 0 0 0 0 0 0 0 0 0 2 1 0 3 0 
0 0 1 1 3 1 3 2 3 0 2 0 3 2 1 
2 1 0 2 1 0 3 1 1 0 2 0 1 0 1 
2 2 2 1 0 3 0 2 1 0 0 1 1 1 3 
2 2 0 2 2 2 2 2 2 1 2 2 1 2 2 
0 0 0 0 0 0 0 0 0 0 0 0 0 0 0 
1 2 2 3 2 0 3 2 2 2 0 0 0 1 1 
1 1 0 0 1 3 1 2 0 2 2 3 2 2 0 
3 0 2 2 1 3 3 0 2 1 1 1 2 0 2 
3 0 3 0 2 1 0 2 3 0 1 0 2 3 1 
3 3 2 0 3 3 3 1 3 2 3 2 2 3 3 
0 1 2 3 1 0 2 3 1 3 2 0 2 2 3 
3 0 1 3 0 3 2 1 0 1 3 0 3 1 1 
1 2 3 0 2 3 0 3 1 1 1 0 3 0 3 
0 1 0 0 3 0 0 0 0 0 0 0 0 0 0 
0 0 0 3 3 1 1 0 1 2 1 1 1 3 3 
2 0 0 0 0 1 2 0 0 2 0 3 0 2 0 
0 0 0 0 0 0 0 0 0 1 0 3 0 0 0 
MFS
[ 0 , 0 , - , - , - , - , - , - , - , 0 , 0 , - , - , - , - ]
precise
0.0
recall
0.0
F-measure
0.0
multi
0
time
all 318 iden 0 gen 317
t-cover
1680
all-cover
1680
coveredNum
(1 : 546)  (2 : 601)  (3 : 334)  (4 : 120)  (5 : 42)  (6 : 27)  (7 : 7)  (8 : 3)  
real Identify

testCase Num: 39
regaular Num: 39
identify Num: 0
0 0 0 0 0 0 0 0 0 1 0 0 2 0 0 
2 1 2 0 0 0 1 2 3 0 3 1 1 3 3 
3 1 1 2 0 0 0 3 0 2 1 1 0 2 3 
0 1 3 2 2 3 0 2 2 0 1 3 0 1 0 
0 1 0 0 0 0 0 0 0 0 2 0 0 0 0 
0 0 0 0 0 0 0 0 3 2 0 0 0 0 0 
3 2 3 1 0 3 3 3 2 3 2 3 2 3 3 
1 0 3 3 3 2 0 1 1 1 3 2 0 3 3 
0 0 1 1 3 2 1 2 0 3 3 2 2 2 0 
0 2 1 2 0 2 3 1 1 0 2 2 3 0 1 
1 3 2 2 0 1 2 0 0 1 2 3 0 3 2 
0 2 1 1 2 3 0 0 2 1 3 3 0 3 1 
3 0 0 2 3 3 0 1 3 1 0 3 1 0 2 
0 2 0 0 0 0 0 0 0 0 0 1 0 0 0 
0 0 2 1 1 1 2 3 2 2 2 0 1 0 3 
2 3 3 1 2 0 2 1 1 3 1 0 0 0 2 
1 0 0 0 0 0 0 0 0 3 0 0 0 0 0 
0 0 0 0 0 0 0 0 2 0 0 2 0 0 0 
2 3 0 0 1 0 1 1 2 2 2 3 3 2 0 
2 0 0 0 0 1 3 0 2 2 3 1 0 1 2 
0 0 0 1 0 0 0 0 0 0 0 0 3 0 0 
1 3 3 0 3 2 1 0 3 1 2 2 3 0 1 
2 2 2 2 2 2 2 2 1 2 0 2 1 2 2 
3 1 3 0 1 3 2 0 0 2 0 2 3 3 3 
3 3 3 3 3 1 3 0 1 3 0 1 1 2 0 
1 2 0 1 1 1 0 3 3 0 0 2 2 2 1 
2 2 1 3 3 0 3 0 0 2 1 2 2 1 1 
1 1 2 0 3 3 2 1 2 0 0 0 2 1 0 
0 0 0 0 0 0 0 0 0 0 0 0 0 0 0 
3 0 2 0 2 1 3 2 3 3 1 0 3 1 1 
3 1 0 2 1 2 1 0 1 3 3 0 2 0 2 
1 1 1 1 1 1 1 1 0 1 1 1 1 1 1 
3 0 0 0 2 0 2 2 0 0 0 0 0 0 1 
0 3 1 3 3 3 2 3 3 0 3 1 3 0 2 
2 2 1 0 2 3 1 3 1 1 0 0 0 2 0 
2 0 2 3 0 2 0 3 1 0 1 3 3 1 0 
1 3 0 3 2 2 0 2 2 2 2 1 2 1 3 
1 1 0 3 1 0 3 2 3 1 1 0 0 3 0 
0 0 0 3 0 0 1 0 0 0 0 0 0 0 0 
MFS
[ 0 , 0 , - , 0 , - , - , - , - , 0 , 0 , - , - , - , - , - ]
precise
0.0
recall
0.0
F-measure
0.0
multi
0
time
all 321 iden 0 gen 321
t-cover
1680
all-cover
1680
coveredNum
(1 : 545)  (2 : 581)  (3 : 359)  (4 : 83)  (5 : 13)  (6 : 11)  (7 : 20)  (8 : 26)  (9 : 27)  (10 : 13)  (11 : 2)  
real Identify

testCase Num: 38
regaular Num: 38
identify Num: 0
0 3 1 0 0 0 1 2 2 3 0 2 0 2 2 
2 3 2 3 1 0 0 1 2 2 1 0 3 0 0 
0 0 0 1 0 0 2 0 0 0 0 1 3 1 0 
2 0 1 3 2 3 1 0 3 3 1 3 2 0 0 
1 1 2 0 1 0 2 3 3 1 0 3 3 3 2 
1 0 3 1 3 2 2 3 2 2 2 2 1 0 0 
0 0 0 0 0 0 0 0 3 2 0 0 0 0 0 
1 0 3 0 2 1 3 2 2 1 1 0 0 2 3 
1 2 0 3 3 2 0 2 3 3 0 0 0 1 3 
3 0 2 2 0 2 1 1 0 3 1 2 0 0 2 
3 0 1 2 1 0 3 2 1 1 2 1 0 3 0 
0 0 0 2 0 3 0 0 0 0 0 0 0 0 0 
2 3 2 0 2 2 1 3 0 0 2 2 0 1 1 
0 0 1 0 0 2 0 0 0 0 0 0 0 0 0 
0 0 3 0 0 0 1 0 0 0 0 0 0 0 0 
1 0 3 1 0 3 0 1 0 0 2 1 2 1 2 
0 1 0 3 0 0 0 0 1 0 2 1 1 2 0 
0 1 2 1 3 3 3 2 0 0 3 1 1 3 3 
0 0 2 3 2 1 1 2 1 1 3 3 3 0 1 
0 2 1 3 1 3 2 3 0 0 1 0 3 2 2 
0 2 1 2 0 1 3 0 3 0 3 3 1 1 3 
2 1 3 0 0 3 3 0 1 1 0 2 1 0 2 
0 0 0 0 2 0 0 0 0 0 0 0 0 3 0 
3 1 0 1 2 0 0 1 3 3 0 1 1 2 1 
0 0 0 0 0 0 0 0 0 0 0 0 0 0 0 
1 3 0 2 3 2 0 0 1 1 3 3 3 2 2 
3 2 0 2 1 1 0 3 0 1 3 2 2 0 0 
0 3 0 2 1 2 2 3 1 3 2 1 1 0 3 
1 1 1 1 1 1 1 1 1 1 1 0 1 1 1 
2 2 1 1 3 0 0 1 0 2 2 3 2 3 1 
0 0 0 0 0 0 0 0 0 3 3 0 0 0 0 
3 1 2 1 3 3 2 0 2 0 2 0 0 1 1 
3 3 3 3 0 1 3 3 3 3 2 2 3 3 3 
3 2 3 0 1 0 2 1 2 2 3 3 0 1 3 
0 1 3 2 0 2 3 1 2 2 1 0 2 3 1 
2 2 0 0 3 1 1 0 1 2 1 1 2 3 3 
2 3 0 1 1 3 3 0 2 2 3 0 2 1 0 
2 2 2 2 2 1 2 2 2 2 0 1 2 2 2 
MFS
[ - , - , 0 , 0 , 0 , - , - , - , - , 0 , - , - , - , - , - ]
precise
0.0
recall
0.0
F-measure
0.0
multi
0
time
all 316 iden 0 gen 316
t-cover
1680
all-cover
1680
coveredNum
(1 : 534)  (2 : 595)  (3 : 339)  (4 : 100)  (5 : 27)  (6 : 30)  (7 : 28)  (8 : 13)  (9 : 11)  (10 : 3)  
real Identify

testCase Num: 43
regaular Num: 43
identify Num: 0
0 0 0 1 0 0 1 0 0 0 0 0 0 0 2 
0 0 1 1 0 1 3 1 0 3 3 2 2 1 3 
3 0 0 0 0 0 2 0 0 0 0 0 0 0 0 
2 2 0 1 3 0 1 0 3 2 0 2 3 2 0 
1 0 0 0 3 2 0 0 2 0 1 1 2 0 1 
0 3 2 0 1 2 3 3 0 2 0 2 2 3 1 
0 0 2 0 0 1 1 3 0 3 2 1 0 3 0 
3 0 2 1 2 2 1 3 1 0 1 0 3 1 3 
0 0 3 0 0 2 0 0 0 0 0 0 0 0 0 
0 0 0 0 2 0 0 1 3 2 2 0 0 1 0 
1 1 3 0 3 3 3 2 0 0 2 0 0 1 3 
3 3 0 1 1 0 0 2 2 3 1 3 0 3 1 
0 3 0 2 3 3 1 3 1 1 1 1 0 3 0 
0 2 0 2 1 0 0 1 0 0 0 0 3 0 3 
2 3 1 3 2 1 3 0 0 0 2 1 3 3 3 
0 0 0 0 0 0 0 0 0 0 3 0 0 3 0 
0 0 1 0 0 2 0 0 0 0 0 0 0 0 0 
2 2 1 0 2 1 0 1 1 1 3 0 2 2 1 
3 2 3 0 3 3 1 3 3 3 2 3 2 2 3 
3 2 0 0 2 0 3 0 1 1 2 2 1 0 2 
0 3 2 3 3 2 3 1 3 1 3 0 1 2 0 
1 3 3 0 0 0 2 3 2 1 1 1 3 0 0 
1 2 2 2 1 0 0 0 3 3 0 0 1 3 2 
2 1 0 0 0 0 2 0 0 3 0 0 0 0 0 
1 1 1 1 1 1 1 1 1 1 0 1 1 1 1 
0 0 0 0 0 0 0 0 0 0 0 0 0 0 0 
2 0 3 1 1 3 2 1 2 1 2 0 1 0 3 
1 1 3 2 0 3 0 3 1 2 3 2 3 0 2 
3 1 0 2 0 0 3 1 0 1 1 3 1 3 2 
0 0 0 3 0 0 0 0 0 0 1 0 0 0 2 
0 0 0 0 0 0 0 2 0 0 0 0 3 0 0 
0 0 1 2 3 1 2 2 3 0 1 1 2 2 2 
1 1 0 3 1 1 3 1 2 0 3 3 0 2 0 
0 0 2 0 0 3 0 0 0 0 0 0 0 0 0 
2 0 1 3 0 0 0 3 0 2 0 3 1 2 3 
2 2 2 2 2 2 2 2 2 2 1 2 0 1 2 
0 1 2 2 0 2 0 0 3 3 2 3 3 0 1 
3 3 0 0 0 0 0 2 1 1 0 0 1 1 2 
0 0 1 0 0 3 0 0 0 0 0 0 0 0 0 
3 2 1 3 0 1 1 2 2 2 3 1 0 0 0 
0 2 3 3 2 3 2 0 2 0 0 2 1 3 1 
1 1 0 3 2 0 2 0 1 3 3 3 2 1 0 
0 0 3 0 0 1 0 0 0 0 0 0 0 0 0 
MFS
[ 0 , - , 0 , 0 , - , - , - , 0 , - , - , 0 , - , - , - , - ]
precise
0.0
recall
0.0
F-measure
0.0
multi
0
time
all 390 iden 0 gen 390
t-cover
1680
all-cover
1680
coveredNum
(1 : 542)  (2 : 517)  (3 : 361)  (4 : 123)  (5 : 29)  (6 : 5)  (7 : 5)  (8 : 11)  (9 : 12)  (10 : 23)  (11 : 20)  (12 : 17)  (13 : 12)  (14 : 2)  (15 : 1)  
real Identify

testCase Num: 39
regaular Num: 39
identify Num: 0
3 1 1 0 0 3 0 3 0 3 2 0 0 3 2 
3 2 1 3 0 1 3 2 2 0 1 0 1 0 1 
1 3 2 0 0 3 3 3 1 0 3 3 3 2 3 
2 2 3 0 1 1 0 1 0 0 3 1 3 0 0 
1 1 2 2 0 0 2 2 3 2 1 0 3 3 0 
1 0 2 3 3 2 0 1 0 1 0 3 1 2 1 
0 0 0 3 0 1 1 3 0 3 0 0 2 3 0 
0 1 2 1 1 3 2 0 0 2 0 1 2 0 0 
2 1 3 1 0 2 3 0 2 0 0 2 1 3 1 
0 0 0 2 0 0 0 0 0 0 0 3 0 0 0 
0 0 0 0 0 0 2 3 1 1 0 0 0 0 0 
1 1 1 1 1 0 1 1 1 1 1 1 1 1 1 
0 0 1 0 2 2 2 0 3 0 2 2 1 1 3 
3 3 0 1 2 1 2 1 3 0 2 3 2 0 1 
3 3 2 3 1 0 0 2 1 2 0 1 0 2 0 
0 0 3 1 1 1 3 1 2 3 0 3 3 3 2 
0 0 0 0 0 2 0 0 0 0 1 0 0 0 0 
2 2 0 3 3 0 3 1 2 2 3 3 0 1 0 
2 3 1 2 3 2 0 3 3 2 0 0 1 1 0 
2 2 2 2 0 1 1 1 1 3 0 0 3 1 3 
3 0 0 2 2 0 3 3 0 3 3 1 1 1 2 
0 3 0 1 3 1 0 2 0 3 1 2 0 0 3 
0 3 3 2 2 3 1 0 2 0 0 0 1 2 1 
0 0 0 0 0 0 0 0 0 0 0 0 3 0 1 
1 3 3 2 1 0 0 3 1 3 2 2 0 0 1 
0 0 0 0 0 0 0 0 0 0 0 0 0 0 0 
0 1 0 1 1 2 1 2 3 1 3 0 0 2 3 
1 2 0 0 0 0 0 0 2 0 0 0 0 0 0 
0 0 1 0 0 0 0 0 0 3 0 0 0 2 0 
3 2 0 3 2 3 1 1 0 1 2 2 3 0 0 
0 0 0 0 0 0 0 0 0 0 3 2 2 0 1 
2 0 3 0 3 3 1 2 0 2 1 3 2 1 1 
3 2 3 3 3 2 2 0 3 3 3 1 2 3 3 
2 2 1 0 3 3 3 0 3 1 2 1 2 0 2 
0 2 3 1 0 0 0 3 2 1 1 1 2 2 3 
0 0 0 0 0 0 0 0 0 2 0 0 0 0 3 
2 1 2 2 2 1 2 2 2 2 2 2 0 2 2 
0 1 1 3 3 2 1 0 1 0 3 3 3 0 2 
1 3 0 2 2 1 0 0 1 1 1 1 2 3 2 
MFS
[ - , 0 , - , 0 , - , 0 , - , - , - , 0 , - , - , - , - , 0 ]
precise
0.0
recall
0.0
F-measure
0.0
multi
0
time
all 316 iden 0 gen 316
t-cover
1680
all-cover
1680
coveredNum
(1 : 525)  (2 : 591)  (3 : 333)  (4 : 116)  (5 : 22)  (6 : 19)  (7 : 27)  (8 : 23)  (9 : 18)  (10 : 5)  (11 : 1)  
real Identify

testCase Num: 36
regaular Num: 36
identify Num: 0
0 0 1 2 3 2 0 1 0 2 0 2 0 0 3 
0 3 2 1 3 3 0 0 0 1 0 3 2 3 3 
2 1 2 2 2 2 1 2 2 2 2 2 2 0 2 
0 1 1 3 2 3 3 2 1 3 0 2 0 1 0 
0 0 3 2 2 1 1 0 1 0 1 3 0 1 2 
3 2 0 1 2 0 1 0 3 2 1 2 0 2 1 
0 0 3 0 0 2 0 0 0 0 0 0 0 0 1 
2 3 3 3 1 0 2 1 1 2 2 3 0 3 0 
2 1 3 1 0 1 2 0 3 1 3 1 1 0 2 
3 0 3 3 0 1 3 1 0 1 2 0 2 1 3 
2 3 1 0 3 1 2 2 1 0 0 2 3 1 2 
0 0 0 0 0 0 0 3 0 0 0 0 2 0 0 
3 1 3 0 3 3 2 3 3 3 3 3 3 2 3 
1 1 1 1 1 1 0 1 1 1 1 1 1 1 1 
2 0 0 0 0 0 3 0 0 0 0 0 0 0 0 
0 3 1 2 2 2 0 3 1 0 2 3 1 2 1 
1 2 3 2 1 3 2 1 2 0 0 0 3 2 2 
1 2 1 3 2 2 3 0 3 0 3 0 2 3 1 
0 1 2 0 0 0 2 2 0 3 0 0 0 3 1 
3 0 1 0 3 1 0 0 2 2 2 0 3 0 1 
1 3 0 2 0 0 0 0 2 3 3 3 2 1 0 
3 1 0 1 0 0 3 2 1 0 3 0 2 2 0 
2 0 0 0 2 2 2 1 0 1 1 1 2 1 3 
0 0 0 0 0 0 0 0 0 0 0 0 0 0 0 
0 2 0 0 0 3 0 0 3 0 2 1 0 0 0 
0 2 2 3 3 1 1 3 2 1 1 1 0 2 0 
3 0 0 0 0 0 0 3 2 0 0 0 1 3 0 
2 2 0 3 1 3 0 3 1 3 1 0 1 0 2 
1 2 2 0 1 0 3 3 0 2 3 1 1 1 0 
0 0 3 2 1 0 0 2 3 1 3 2 2 1 2 
3 3 2 1 1 2 1 0 1 0 0 0 3 1 3 
0 3 1 3 2 0 2 1 3 1 0 1 3 0 0 
3 3 0 2 0 1 3 2 0 3 1 1 3 3 2 
1 0 2 0 0 2 1 1 3 3 3 2 0 3 0 
2 0 1 1 0 3 1 3 0 2 0 2 1 2 1 
1 2 0 1 3 0 3 2 2 3 2 3 1 0 3 
MFS
[ 0 , - , - , - , - , 0 , - , 0 , 0 , - , - , - , - , 0 , - ]
precise
0.0
recall
0.0
F-measure
0.0
multi
0
time
all 316 iden 0 gen 316
t-cover
1680
all-cover
1680
coveredNum
(1 : 557)  (2 : 580)  (3 : 342)  (4 : 124)  (5 : 45)  (6 : 15)  (7 : 15)  (8 : 2)  
real Identify

testCase Num: 37
regaular Num: 37
identify Num: 0
2 0 0 2 2 3 1 3 2 0 0 1 3 0 0 
1 2 1 0 0 2 3 1 3 2 0 0 3 0 1 
3 1 1 3 1 2 2 3 1 3 3 0 1 0 0 
0 0 0 0 2 0 0 3 0 0 1 0 0 0 0 
2 3 3 1 0 1 2 0 3 3 1 3 2 0 0 
2 1 2 3 2 1 1 2 3 0 0 2 3 0 3 
3 0 0 2 1 1 1 0 1 1 2 3 3 3 2 
3 0 0 0 0 0 0 0 3 1 0 0 0 0 3 
2 2 2 2 1 2 2 0 2 2 1 2 2 2 2 
0 3 3 0 2 1 2 3 2 1 0 0 0 2 1 
1 2 0 3 0 0 2 2 2 0 0 1 1 2 3 
0 3 0 3 0 2 1 2 1 2 3 0 2 1 2 
0 2 0 0 0 0 0 0 0 0 0 3 0 0 0 
0 1 0 0 1 3 2 1 3 0 1 0 3 3 3 
0 3 2 2 3 1 0 1 0 0 3 3 0 0 2 
3 2 1 2 0 3 0 1 1 0 0 2 2 2 1 
3 0 3 0 3 0 0 0 1 0 0 2 0 3 1 
1 2 3 2 2 3 1 2 0 1 3 2 2 0 0 
2 1 3 0 2 0 0 3 0 2 0 3 1 1 2 
0 0 0 0 0 0 3 0 0 0 3 0 0 0 0 
1 1 0 1 3 2 3 0 2 0 2 3 3 0 2 
0 2 0 2 3 1 3 3 3 0 2 2 1 1 3 
1 0 2 3 3 3 2 0 0 1 0 0 1 1 1 
0 0 0 0 0 0 0 0 0 0 0 0 0 0 0 
1 0 3 1 1 2 0 3 0 1 2 1 3 2 1 
0 0 0 0 1 0 0 0 0 3 0 0 3 1 1 
3 3 3 3 2 3 3 1 0 2 2 3 3 3 3 
0 0 1 1 0 0 2 2 0 2 2 0 0 0 2 
3 3 1 1 1 0 3 2 0 3 1 2 1 3 0 
1 1 1 1 0 1 1 1 1 1 1 1 1 1 1 
0 2 1 1 2 2 1 0 2 3 3 1 0 3 3 
2 0 2 0 0 0 3 3 1 1 2 1 2 3 3 
3 0 2 3 3 1 0 1 2 2 1 1 0 1 0 
1 3 2 1 1 3 0 2 3 3 0 1 0 3 2 
2 1 0 2 2 0 3 1 1 3 2 0 0 2 0 
0 1 0 0 3 0 0 0 0 0 0 0 2 0 0 
2 0 1 0 3 0 1 2 3 3 3 3 3 2 1 
MFS
[ - , 0 , - , - , 0 , - , 0 , - , 0 , - , - , - , - , - , - ]
precise
0.0
recall
0.0
F-measure
0.0
multi
1
time
all 305 iden 0 gen 305
t-cover
1680
all-cover
1680
coveredNum
(1 : 528)  (2 : 608)  (3 : 344)  (4 : 105)  (5 : 33)  (6 : 31)  (7 : 18)  (8 : 11)  (9 : 1)  (10 : 1)  
real Identify

testCase Num: 41
regaular Num: 41
identify Num: 0
2 0 2 0 3 1 1 0 1 1 3 0 3 3 1 
0 0 1 0 0 0 0 0 0 2 3 0 0 0 0 
2 1 1 3 2 0 3 3 1 3 1 0 3 1 0 
1 3 3 0 1 2 1 0 1 2 3 0 2 0 0 
3 3 3 1 2 2 0 3 2 3 3 2 3 3 3 
3 0 1 1 1 3 3 0 0 3 1 0 2 2 3 
0 1 2 1 0 3 2 0 1 1 3 3 0 0 2 
3 3 2 2 1 0 0 1 1 0 0 0 3 3 2 
2 0 0 0 1 0 0 0 2 0 0 3 3 0 0 
2 1 3 1 3 2 0 1 1 2 0 2 0 2 1 
0 0 0 0 0 3 0 0 0 0 0 2 1 1 0 
0 0 3 3 2 2 2 0 3 2 1 3 1 1 2 
0 0 2 0 0 0 3 0 0 0 0 0 0 0 1 
1 2 3 0 0 0 0 0 0 1 2 1 0 3 3 
1 1 3 0 2 3 3 1 2 2 2 0 3 0 2 
0 3 1 0 0 1 2 3 3 1 2 2 2 1 3 
0 3 3 0 2 0 2 3 2 0 1 2 0 2 1 
1 3 2 3 1 0 0 3 0 1 0 3 0 2 3 
0 2 0 1 1 0 2 1 3 0 3 1 3 2 0 
0 1 3 2 0 1 3 2 0 2 3 1 1 3 2 
0 0 0 0 0 0 0 0 0 0 1 0 0 3 0 
2 2 2 2 1 0 2 2 1 2 2 2 2 2 2 
3 2 2 0 0 1 0 2 3 3 1 0 1 0 1 
0 0 1 2 3 0 1 0 2 3 2 2 1 0 2 
1 3 1 1 3 2 0 2 0 0 2 2 2 1 0 
3 0 0 3 2 1 1 3 3 2 0 1 0 0 3 
3 1 0 3 0 1 1 1 2 0 2 3 2 2 1 
0 0 0 0 0 0 0 0 0 0 0 0 0 0 0 
1 0 0 2 2 2 2 1 0 3 0 1 2 3 1 
0 0 0 0 0 0 0 1 0 0 0 0 0 0 3 
0 0 0 0 0 0 0 2 0 0 0 0 0 0 3 
1 2 1 3 3 3 3 2 3 3 0 3 0 3 0 
1 1 1 1 1 1 1 1 0 1 1 1 1 1 1 
2 3 0 2 3 3 3 3 1 0 1 1 1 0 3 
0 0 0 0 0 3 1 0 0 0 0 0 0 0 1 
0 0 0 0 0 0 0 0 0 0 0 0 1 2 0 
0 2 0 0 0 0 0 3 0 0 0 0 0 0 2 
3 2 2 2 2 2 1 2 2 1 0 1 0 1 0 
2 0 0 3 0 2 3 2 0 1 3 2 3 1 2 
3 0 0 0 3 1 2 0 0 0 0 0 0 0 0 
2 1 0 2 0 0 0 0 3 0 0 3 0 0 3 
MFS
[ - , - , 0 , - , 0 , - , - , - , - , - , - , - , - , 0 , 0 ]
precise
0.0
recall
0.0
F-measure
0.0
multi
0
time
all 311 iden 0 gen 311
t-cover
1680
all-cover
1680
coveredNum
(1 : 515)  (2 : 580)  (3 : 354)  (4 : 109)  (5 : 19)  (6 : 9)  (7 : 12)  (8 : 16)  (9 : 23)  (10 : 24)  (11 : 11)  (12 : 6)  (13 : 2)  
real Identify

testCase Num: 41
regaular Num: 41
identify Num: 0
0 0 0 2 0 1 0 2 0 0 0 2 0 0 3 
3 3 0 0 0 0 0 0 0 0 0 3 0 1 1 
2 1 3 1 2 3 0 0 2 2 3 1 0 2 3 
0 2 3 2 2 3 3 2 1 0 2 1 2 0 1 
0 0 3 0 0 2 0 0 0 0 0 0 0 0 0 
0 1 2 1 3 1 0 1 3 0 2 0 2 3 2 
2 2 0 3 0 2 1 0 3 0 3 0 3 0 1 
0 0 1 0 0 0 3 0 2 0 0 0 1 0 0 
1 0 3 2 3 3 1 1 0 3 1 2 2 2 2 
3 0 1 0 3 2 1 0 1 2 2 3 2 3 3 
0 0 0 0 0 0 0 0 0 0 0 3 0 0 2 
1 2 0 3 3 0 3 0 2 1 0 2 2 1 0 
2 3 0 0 0 1 3 3 2 3 1 0 3 0 3 
0 0 2 0 0 0 1 0 0 0 0 0 0 0 0 
2 2 2 2 1 2 2 2 2 0 2 2 2 2 1 
1 3 0 2 2 0 0 1 0 0 2 1 1 3 0 
0 0 0 3 0 0 0 0 1 0 0 0 0 0 0 
0 2 1 3 0 3 0 0 3 1 2 0 1 2 0 
0 0 1 0 3 0 2 1 0 1 3 2 0 0 1 
2 0 3 0 2 0 2 2 3 1 0 0 1 1 2 
0 2 0 3 2 1 3 1 2 3 1 3 0 2 3 
1 3 2 2 0 2 2 3 3 0 2 3 0 1 3 
0 3 1 2 1 0 1 3 1 3 0 0 3 2 1 
2 0 3 1 1 1 3 3 1 1 0 3 0 3 0 
3 1 2 0 2 2 3 1 0 1 0 1 3 2 3 
3 3 3 3 0 3 3 3 3 2 3 2 3 3 2 
0 1 0 0 2 3 0 3 0 3 0 0 2 1 0 
0 0 0 0 0 0 0 0 0 0 0 0 0 0 0 
1 1 2 1 1 3 2 2 0 3 3 3 3 0 0 
2 2 1 0 2 1 1 1 0 2 3 2 1 0 0 
1 0 0 0 1 3 0 1 2 2 3 0 3 1 1 
2 1 0 3 3 2 0 2 0 3 2 2 3 3 1 
0 1 2 2 1 0 0 0 1 2 3 3 1 0 3 
0 2 0 0 0 0 0 3 0 0 0 0 0 0 0 
3 2 1 1 0 0 1 2 2 0 1 0 0 3 2 
1 1 1 1 0 1 1 1 1 1 1 1 1 1 1 
0 0 0 0 0 0 0 0 0 0 3 0 2 0 0 
3 0 2 3 1 1 2 0 3 3 1 1 1 3 2 
0 0 0 0 0 0 0 0 0 2 1 0 0 0 0 
0 3 0 1 0 2 2 2 1 2 0 2 2 0 2 
3 3 0 2 3 2 0 3 0 1 1 1 1 0 0 
MFS
[ - , 0 , 0 , 0 , - , - , - , - , - , 0 , - , 0 , 0 , - , - ]
precise
0.0
recall
0.0
F-measure
0.0
multi
0
time
all 332 iden 0 gen 332
t-cover
1680
all-cover
1680
coveredNum
(1 : 501)  (2 : 591)  (3 : 349)  (4 : 116)  (5 : 17)  (6 : 6)  (7 : 11)  (8 : 34)  (9 : 30)  (10 : 14)  (11 : 7)  (12 : 3)  (13 : 1)  
real Identify

