testCase Num: 41
regaular Num: 29
identify Num: 13
2 1 0 3 1 2 1 0 3 
0 0 0 1 0 0 1 0 2 
0 0 0 1 0 0 0 0 3 
3 3 2 2 1 3 3 3 3 
1 0 1 2 1 3 3 1 2 
3 3 1 3 1 1 0 1 1 
3 3 0 1 2 3 2 0 0 
1 0 0 0 0 0 0 0 0 
0 1 0 0 0 3 0 0 0 
0 0 0 0 0 1 0 0 0 
0 0 0 0 0 0 0 1 0 
2 0 2 1 0 2 3 3 1 
0 0 0 0 0 0 1 3 0 
0 0 0 0 1 0 0 0 0 
0 1 3 0 2 1 3 3 2 
0 0 0 3 2 0 0 0 0 
1 1 1 1 1 1 1 1 1 
0 3 2 3 3 3 0 2 2 
1 3 2 0 2 2 2 1 0 
0 0 0 2 3 0 0 0 0 
0 0 0 1 0 0 0 0 0 
2 2 0 3 3 0 3 3 0 
3 2 0 0 0 0 3 0 0 
0 0 1 0 1 1 2 3 1 
0 2 2 2 2 1 1 0 3 
2 3 0 0 0 1 0 2 0 
2 2 1 2 2 2 2 2 2 
0 0 3 2 2 2 0 2 1 
3 1 0 2 0 0 2 2 2 
2 2 3 0 0 3 0 1 3 
0 0 0 0 0 0 1 0 0 
0 0 0 0 0 0 0 0 1 
0 0 0 0 0 0 0 0 0 
0 1 0 0 0 0 0 0 0 
0 0 1 0 0 0 0 0 0 
1 1 1 1 3 1 1 1 1 
1 2 3 1 1 3 1 2 1 
1 3 1 3 0 0 3 2 3 
3 0 3 3 3 2 2 0 3 
3 3 3 0 3 0 1 2 0 
1 1 2 2 2 0 0 3 0 
MFS
[ 0 , 0 , 0 , 0 , 0 , 0 , 0 , 0 , 0 ]
precise
1.0
recall
0.16666666666666666
F-measure
0.2857142857142857
multi
0
time
all 400 iden 147 gen 200
t-cover
576
all-cover
576
coveredNum
(1 : 231)  (2 : 203)  (3 : 86)  (4 : 20)  (9 : 2)  (10 : 3)  (11 : 11)  (12 : 9)  (13 : 5)  (14 : 3)  (15 : 3)  
real Identify
([ 0 , 0 , 0 , 0 , 0 , 0 , 0 , 0 , 0 ] : 1)  
wrong Checked
1
wrong identified
0
testCase Num: 39
regaular Num: 27
identify Num: 13
0 0 2 3 3 3 2 0 3 
3 3 3 3 2 3 3 1 2 
0 0 0 3 3 1 0 2 2 
2 2 2 2 2 2 2 2 1 
0 0 1 0 2 2 3 3 3 
3 2 3 0 0 3 2 0 1 
3 3 0 2 3 2 0 3 3 
1 3 2 1 2 1 1 3 1 
1 0 0 0 0 0 0 0 0 
0 0 0 3 0 2 0 1 0 
2 2 3 0 3 0 3 3 0 
0 0 0 0 0 1 0 0 0 
0 0 0 0 0 0 0 1 0 
1 2 0 3 2 3 0 3 2 
3 0 3 2 2 0 0 0 0 
0 0 0 0 1 0 0 0 0 
1 1 1 1 1 1 1 1 1 
3 2 1 3 0 3 1 2 0 
1 0 0 0 1 0 0 0 0 
1 1 3 1 0 2 3 2 3 
0 0 0 1 0 0 0 0 0 
0 1 2 2 2 3 3 0 0 
0 0 0 0 0 0 1 0 0 
0 0 0 0 0 0 0 0 1 
0 0 0 0 0 0 0 0 0 
2 0 0 3 0 0 0 3 3 
3 1 2 1 1 1 2 3 2 
0 0 1 0 0 0 2 0 0 
0 1 0 0 0 0 0 0 0 
0 0 1 0 0 0 0 0 0 
1 1 1 1 3 1 1 1 1 
2 3 1 2 1 2 1 0 2 
0 3 2 0 2 0 0 2 2 
0 0 3 0 0 0 1 0 3 
2 3 2 1 0 1 2 1 0 
1 0 0 2 0 0 2 2 2 
0 2 3 2 1 1 3 1 3 
2 1 0 3 1 3 3 2 1 
0 2 0 1 0 3 0 0 0 
MFS
[ 0 , 0 , 0 , 0 , 0 , 0 , 0 , 0 , 0 ]
precise
1.0
recall
0.16666666666666666
F-measure
0.2857142857142857
multi
0
time
all 386 iden 154 gen 202
t-cover
576
all-cover
576
coveredNum
(1 : 248)  (2 : 205)  (3 : 72)  (4 : 13)  (5 : 2)  (8 : 1)  (9 : 2)  (10 : 8)  (11 : 14)  (12 : 8)  (13 : 2)  (14 : 1)  
real Identify
([ 0 , 0 , 0 , 0 , 0 , 0 , 0 , 0 , 0 ] : 1)  
wrong Checked
1
wrong identified
0
testCase Num: 40
regaular Num: 28
identify Num: 13
0 2 3 3 2 3 0 3 3 
3 2 0 2 2 0 1 0 0 
1 1 3 1 1 1 1 1 1 
0 1 2 0 0 2 0 0 0 
0 2 2 3 0 0 3 2 0 
3 3 2 0 0 2 0 0 2 
0 2 1 2 3 2 2 1 1 
1 0 0 0 0 0 0 0 0 
1 2 1 2 1 1 1 2 3 
0 0 2 2 1 3 1 1 2 
0 0 0 0 0 1 0 0 0 
0 0 0 0 0 0 0 1 0 
2 2 2 1 2 2 2 2 2 
0 0 0 0 1 0 0 0 0 
1 0 0 3 3 3 2 0 2 
1 1 1 1 1 1 1 1 1 
3 1 1 3 2 1 3 1 2 
1 0 2 0 2 0 3 3 2 
0 0 0 1 0 0 0 0 0 
3 0 0 1 1 3 3 2 1 
2 1 0 2 3 1 0 2 3 
0 0 0 0 0 0 1 0 0 
0 0 0 0 0 0 0 0 1 
0 0 0 0 0 0 0 0 0 
2 3 2 1 1 1 2 1 3 
0 3 1 0 0 3 2 3 0 
3 3 3 0 3 0 2 2 3 
0 2 0 0 0 0 0 0 0 
0 0 0 0 0 1 0 3 0 
0 1 0 0 0 0 0 0 0 
0 0 0 0 3 0 1 0 0 
0 0 1 0 0 0 0 0 0 
0 0 0 3 0 0 0 0 1 
2 0 3 2 0 2 3 0 3 
2 3 0 0 2 0 0 0 1 
1 3 3 0 0 2 0 0 0 
0 0 3 0 0 0 0 0 2 
2 3 0 3 1 2 1 3 0 
2 1 1 1 3 3 2 3 0 
3 3 2 2 3 3 3 3 1 
MFS
[ 0 , 0 , 0 , 0 , 0 , 0 , 0 , 0 , 0 ]
precise
1.0
recall
0.16666666666666666
F-measure
0.2857142857142857
multi
0
time
all 416 iden 153 gen 231
t-cover
576
all-cover
576
coveredNum
(1 : 258)  (2 : 188)  (3 : 81)  (4 : 12)  (5 : 1)  (9 : 1)  (10 : 2)  (11 : 9)  (12 : 9)  (13 : 8)  (14 : 7)  
real Identify
([ 0 , 0 , 0 , 0 , 0 , 0 , 0 , 0 , 0 ] : 1)  
wrong Checked
1
wrong identified
0
testCase Num: 40
regaular Num: 28
identify Num: 13
1 1 1 1 1 1 1 3 1 
0 1 0 0 3 3 0 0 0 
2 1 2 2 2 2 2 2 2 
1 0 0 3 2 0 2 2 0 
0 0 1 0 0 3 0 0 0 
1 0 0 0 0 0 0 0 0 
1 2 3 2 0 3 2 0 2 
1 1 2 1 2 3 1 1 1 
0 0 0 0 0 1 0 0 0 
3 3 0 2 3 0 3 3 2 
3 0 3 0 1 0 0 0 3 
0 0 0 0 0 0 0 1 0 
0 0 0 0 1 0 0 0 0 
1 1 1 1 1 1 1 1 1 
3 2 3 3 3 3 1 2 3 
0 0 0 1 0 0 0 0 0 
2 0 2 3 0 3 3 3 0 
0 0 0 1 0 0 0 2 2 
3 1 3 2 1 1 3 1 0 
1 3 0 2 0 2 3 2 3 
0 0 1 2 3 2 0 2 2 
0 0 0 0 2 1 0 0 0 
0 0 0 0 0 0 1 0 0 
0 0 0 0 0 0 0 0 1 
1 3 2 3 3 0 0 0 3 
0 0 0 0 0 0 0 0 0 
3 2 2 0 0 1 2 2 2 
0 1 0 0 0 0 0 0 3 
0 2 0 0 0 0 0 0 0 
0 1 0 0 0 0 0 0 0 
0 0 1 0 0 0 0 0 0 
2 2 3 0 3 0 0 0 1 
0 3 2 0 1 3 3 2 1 
0 3 3 1 2 2 1 0 0 
0 0 0 2 0 0 1 0 1 
3 2 1 1 2 2 3 0 1 
2 2 0 3 1 2 1 1 2 
2 3 1 1 3 1 2 1 3 
0 1 1 3 1 1 2 3 1 
0 2 3 0 2 2 0 3 3 
MFS
[ 0 , 0 , 0 , 0 , 0 , 0 , 0 , 0 , 0 ]
precise
1.0
recall
0.16666666666666666
F-measure
0.2857142857142857
multi
0
time
all 385 iden 154 gen 199
t-cover
576
all-cover
576
coveredNum
(1 : 250)  (2 : 195)  (3 : 82)  (4 : 13)  (9 : 1)  (10 : 2)  (11 : 14)  (12 : 9)  (13 : 4)  (14 : 3)  (15 : 3)  
real Identify
([ 0 , 0 , 0 , 0 , 0 , 0 , 0 , 0 , 0 ] : 1)  
wrong Checked
1
wrong identified
0
testCase Num: 39
regaular Num: 27
identify Num: 13
2 1 1 2 2 1 1 2 3 
2 1 1 0 3 3 2 1 2 
3 2 3 0 2 1 3 1 1 
1 1 2 1 1 0 3 3 1 
0 3 0 2 0 3 3 2 0 
0 0 0 2 0 0 0 1 0 
1 0 3 0 3 0 0 0 0 
2 2 2 2 2 2 1 2 2 
3 3 2 0 0 1 3 1 3 
1 0 0 0 0 0 0 0 0 
0 0 0 0 0 1 0 0 0 
0 0 0 0 0 0 0 1 0 
3 0 0 0 2 2 0 3 0 
0 0 0 0 1 0 0 0 0 
2 3 0 0 1 0 0 2 0 
1 1 1 1 1 1 1 1 1 
0 0 0 1 0 0 0 0 0 
3 2 0 1 1 3 0 0 2 
3 0 3 2 1 0 2 2 2 
2 2 0 3 0 0 0 3 3 
0 0 0 0 0 0 1 0 0 
0 0 0 0 0 0 0 0 1 
0 0 0 0 0 0 0 0 0 
1 0 1 3 0 3 1 1 1 
2 0 3 1 3 2 3 0 1 
0 0 2 3 2 2 2 0 3 
0 1 0 0 0 0 0 0 0 
3 1 3 3 0 2 0 2 0 
0 0 1 0 0 0 0 0 0 
0 0 0 0 0 0 0 2 1 
3 3 3 3 3 3 1 3 3 
1 3 2 2 2 3 0 0 2 
0 0 3 0 0 0 2 0 2 
3 0 1 0 0 0 0 0 0 
1 2 2 1 3 1 2 2 0 
1 3 1 1 1 2 1 1 3 
0 3 0 2 3 0 2 3 1 
0 0 0 1 2 0 0 0 0 
0 2 1 3 1 1 3 3 2 
MFS
[ 0 , 0 , 0 , 0 , 0 , 0 , 0 , 0 , 0 ]
precise
1.0
recall
0.16666666666666666
F-measure
0.2857142857142857
multi
0
time
all 401 iden 170 gen 200
t-cover
576
all-cover
576
coveredNum
(1 : 258)  (2 : 199)  (3 : 71)  (4 : 12)  (9 : 3)  (10 : 6)  (11 : 7)  (12 : 13)  (13 : 3)  (14 : 4)  
real Identify
([ 0 , 0 , 0 , 0 , 0 , 0 , 0 , 0 , 0 ] : 1)  
wrong Checked
1
wrong identified
0
testCase Num: 38
regaular Num: 26
identify Num: 13
0 0 1 2 0 1 0 3 2 
1 1 1 1 1 3 1 1 1 
0 0 2 0 3 0 0 1 0 
0 0 0 0 1 0 0 2 0 
0 1 2 1 2 2 3 3 0 
1 1 3 2 0 1 1 1 2 
0 0 0 2 2 2 1 2 1 
3 0 2 0 0 0 3 0 2 
0 3 3 3 1 1 2 0 0 
1 0 0 0 0 0 0 0 0 
0 0 0 0 0 1 0 0 0 
0 0 0 0 0 0 0 1 0 
2 2 3 3 0 2 0 3 1 
0 0 0 0 1 0 0 0 0 
1 1 1 1 1 1 1 1 1 
0 0 0 1 0 0 0 0 0 
0 3 2 2 0 3 0 2 1 
3 0 0 0 0 0 2 0 1 
1 1 1 3 3 1 3 2 1 
3 1 3 1 0 1 2 2 3 
0 0 0 3 3 3 2 3 2 
1 2 2 0 1 0 2 3 3 
0 2 0 1 3 0 1 0 3 
2 1 0 0 0 3 0 0 0 
0 0 0 0 0 0 1 0 0 
0 0 0 0 0 0 0 0 1 
2 2 2 2 2 1 2 2 2 
0 0 0 0 0 0 0 0 0 
2 0 1 3 2 0 0 1 3 
0 1 0 0 0 0 0 0 0 
0 0 1 0 0 0 0 0 0 
3 3 2 3 3 2 1 3 3 
2 3 3 0 3 0 3 2 0 
1 3 1 0 2 2 2 1 2 
3 2 0 2 1 0 3 1 3 
3 2 1 2 3 3 0 0 0 
3 0 3 2 2 3 3 0 3 
2 3 0 1 1 2 1 0 2 
MFS
[ 0 , 0 , 0 , 0 , 0 , 0 , 0 , 0 , 0 ]
precise
1.0
recall
0.16666666666666666
F-measure
0.2857142857142857
multi
0
time
all 369 iden 153 gen 185
t-cover
576
all-cover
576
coveredNum
(1 : 247)  (2 : 208)  (3 : 74)  (4 : 11)  (8 : 1)  (9 : 9)  (10 : 12)  (11 : 11)  (12 : 2)  (13 : 1)  
real Identify
([ 0 , 0 , 0 , 0 , 0 , 0 , 0 , 0 , 0 ] : 1)  
wrong Checked
1
wrong identified
0
testCase Num: 41
regaular Num: 29
identify Num: 13
1 1 3 0 2 3 1 3 1 
1 1 1 3 3 2 3 2 0 
3 2 0 2 2 2 1 0 0 
2 3 0 3 3 3 2 0 3 
0 0 3 2 2 2 0 3 3 
1 3 2 2 1 3 3 3 0 
2 1 2 2 2 2 2 2 2 
3 3 1 2 2 0 3 1 1 
3 3 2 1 1 1 2 2 1 
1 0 0 0 0 0 0 0 0 
2 0 0 0 0 0 3 2 3 
0 0 0 0 0 1 0 0 0 
0 0 0 0 0 0 0 1 0 
0 0 0 1 3 0 0 3 0 
0 0 0 0 1 0 0 0 0 
1 1 1 1 1 1 1 1 3 
0 3 2 0 0 0 2 0 2 
3 1 0 0 0 0 0 0 0 
2 0 1 0 0 0 2 3 0 
1 1 1 1 1 1 1 1 1 
3 0 0 0 0 0 0 0 0 
0 0 0 1 2 3 3 0 2 
0 0 0 2 3 0 0 0 0 
0 0 0 1 0 0 0 0 0 
0 0 2 3 3 0 1 2 1 
2 0 0 2 0 1 1 3 0 
1 3 3 0 0 2 1 0 2 
3 2 2 0 0 3 0 2 3 
0 2 3 0 3 0 0 1 0 
1 2 1 3 0 0 2 0 0 
0 0 0 0 0 0 1 0 0 
0 0 0 0 0 0 0 0 1 
0 0 0 0 0 0 0 0 0 
2 2 3 1 1 2 2 1 1 
2 3 1 3 1 3 0 1 2 
0 1 0 0 0 0 0 0 0 
3 2 3 3 3 1 3 3 2 
0 0 1 0 0 0 0 0 0 
0 0 0 3 2 1 0 0 0 
0 0 2 0 0 0 0 1 0 
0 0 3 0 0 0 0 2 0 
MFS
[ 0 , 0 , 0 , 0 , 0 , 0 , 0 , 0 , 0 ]
precise
1.0
recall
0.16666666666666666
F-measure
0.2857142857142857
multi
0
time
all 385 iden 147 gen 200
t-cover
576
all-cover
576
coveredNum
(16 : 2)  (1 : 255)  (2 : 190)  (3 : 79)  (4 : 16)  (10 : 2)  (11 : 7)  (12 : 6)  (13 : 5)  (14 : 8)  (15 : 6)  
real Identify
([ 0 , 0 , 0 , 0 , 0 , 0 , 0 , 0 , 0 ] : 1)  
wrong Checked
1
wrong identified
0
testCase Num: 37
regaular Num: 25
identify Num: 13
2 1 0 3 1 1 3 1 1 
0 2 0 2 0 3 3 0 0 
3 2 3 3 0 0 2 3 0 
0 3 0 0 2 1 3 3 2 
1 1 1 3 2 2 1 2 1 
1 0 0 0 0 0 0 0 0 
0 0 0 0 0 1 0 0 0 
0 0 0 0 0 0 0 1 0 
3 1 3 1 1 3 2 0 2 
0 0 0 0 1 0 0 0 0 
1 1 1 1 1 1 1 1 3 
1 1 1 1 1 1 1 1 1 
3 0 0 1 1 2 2 3 1 
0 1 2 0 0 0 0 0 3 
3 2 1 0 2 3 1 1 0 
1 3 2 1 3 0 1 2 0 
0 0 0 1 0 0 0 0 0 
3 3 0 0 0 0 0 0 3 
3 2 2 2 1 1 0 2 1 
1 0 3 2 2 0 3 0 3 
0 0 3 3 3 1 1 0 0 
3 3 3 2 3 3 3 2 1 
2 2 2 2 2 2 2 1 2 
0 0 0 0 0 0 1 0 0 
0 0 0 0 0 0 0 0 1 
2 0 2 3 3 3 0 3 3 
0 0 0 0 0 0 0 0 0 
2 0 3 0 0 2 0 2 2 
0 0 3 0 3 0 0 1 0 
0 1 0 0 0 0 0 0 0 
0 0 1 0 0 0 0 0 0 
2 1 1 2 3 0 1 3 2 
0 0 1 0 0 0 3 0 0 
1 3 1 3 1 1 2 1 2 
0 2 0 0 3 2 2 2 3 
2 3 2 1 0 2 3 0 0 
1 2 0 1 2 3 0 3 0 
MFS
[ 0 , 0 , 0 , 0 , 0 , 0 , 0 , 0 , 0 ]
precise
1.0
recall
0.16666666666666666
F-measure
0.2857142857142857
multi
0
time
all 360 iden 147 gen 160
t-cover
576
all-cover
576
coveredNum
(1 : 267)  (2 : 195)  (3 : 71)  (4 : 7)  (8 : 2)  (9 : 8)  (10 : 14)  (11 : 10)  (12 : 2)  
real Identify
([ 0 , 0 , 0 , 0 , 0 , 0 , 0 , 0 , 0 ] : 1)  
wrong Checked
1
wrong identified
0
testCase Num: 38
regaular Num: 26
identify Num: 13
0 3 0 3 1 3 2 1 3 
2 1 1 0 3 3 2 3 0 
0 1 1 1 2 3 3 1 2 
0 0 0 2 0 0 0 1 0 
2 2 3 3 0 3 3 0 3 
1 1 1 2 1 0 3 2 3 
2 3 3 1 1 1 1 1 1 
1 0 0 0 0 0 0 0 0 
0 0 0 0 0 1 0 0 0 
0 0 0 0 0 0 0 1 0 
2 0 0 0 0 0 0 2 0 
1 3 0 1 0 2 2 0 2 
0 0 0 0 1 0 0 0 0 
1 1 1 1 1 1 1 1 1 
0 0 0 1 0 0 0 0 0 
3 0 3 3 2 0 2 3 2 
0 0 0 0 0 0 1 0 0 
0 0 0 0 0 0 0 0 1 
2 2 2 2 2 1 2 2 2 
0 0 0 0 0 0 0 0 0 
0 0 0 2 0 1 0 3 3 
3 0 0 2 3 1 3 0 0 
0 3 1 0 0 0 0 0 0 
3 3 2 1 3 2 3 3 3 
1 2 2 0 1 0 1 3 1 
3 0 0 2 3 3 1 2 1 
0 1 0 0 0 0 0 0 0 
0 0 1 0 0 0 0 0 0 
0 3 3 2 2 2 0 2 0 
3 2 1 0 1 2 3 1 2 
2 0 2 0 2 2 1 0 3 
1 3 3 0 3 0 1 0 2 
0 0 0 3 0 2 2 2 1 
0 2 2 3 3 3 0 1 0 
1 1 1 3 1 1 1 1 1 
1 2 0 1 2 3 3 3 1 
3 1 2 1 0 2 0 2 2 
0 1 3 0 0 0 0 0 0 
MFS
[ 0 , 0 , 0 , 0 , 0 , 0 , 0 , 0 , 0 ]
precise
1.0
recall
0.16666666666666666
F-measure
0.2857142857142857
multi
0
time
all 403 iden 156 gen 216
t-cover
576
all-cover
576
coveredNum
(1 : 265)  (2 : 186)  (3 : 78)  (4 : 10)  (5 : 1)  (8 : 1)  (9 : 7)  (10 : 11)  (11 : 9)  (12 : 4)  (13 : 4)  
real Identify
([ 0 , 0 , 0 , 0 , 0 , 0 , 0 , 0 , 0 ] : 1)  
wrong Checked
1
wrong identified
0
testCase Num: 39
regaular Num: 27
identify Num: 13
0 3 0 1 2 0 2 1 3 
2 0 2 3 0 2 1 0 2 
3 2 0 3 3 0 0 1 2 
3 2 2 0 0 2 2 0 3 
1 0 0 0 0 0 0 0 0 
0 0 0 0 0 1 0 0 0 
0 0 0 0 0 0 0 1 0 
1 0 2 2 3 0 0 3 3 
1 0 3 3 1 1 2 1 2 
2 1 0 0 0 3 3 1 3 
0 1 3 2 0 2 1 2 2 
2 1 1 2 3 1 1 1 3 
0 0 0 0 1 0 0 0 0 
1 1 1 1 1 1 1 1 1 
0 0 2 3 3 3 2 2 0 
3 3 1 0 2 0 1 2 0 
0 0 0 1 0 0 0 0 0 
3 3 2 2 1 2 0 2 1 
2 1 2 1 1 0 3 2 3 
1 3 1 0 0 3 3 3 2 
0 0 0 0 0 0 1 0 0 
0 0 0 0 0 0 0 0 1 
2 2 2 2 2 1 2 2 2 
0 0 0 0 0 0 0 0 0 
3 2 3 1 1 3 1 3 0 
0 2 3 0 3 0 3 3 1 
3 0 0 1 3 1 3 0 2 
0 1 0 0 0 0 0 0 0 
2 3 3 2 2 3 0 0 1 
1 1 1 3 2 1 2 2 1 
0 0 1 0 0 0 0 0 0 
0 0 0 0 0 0 0 2 0 
0 0 0 0 3 2 0 0 0 
1 2 1 0 0 0 0 0 0 
0 0 2 0 0 0 0 1 0 
1 1 1 1 1 2 1 1 1 
2 0 0 2 2 2 3 3 0 
3 1 0 0 0 0 2 3 0 
3 3 3 3 3 1 3 3 3 
MFS
[ 0 , 0 , 0 , 0 , 0 , 0 , 0 , 0 , 0 ]
precise
1.0
recall
0.16666666666666666
F-measure
0.2857142857142857
multi
0
time
all 369 iden 153 gen 184
t-cover
576
all-cover
576
coveredNum
(1 : 243)  (2 : 195)  (3 : 92)  (4 : 10)  (8 : 2)  (9 : 2)  (10 : 13)  (11 : 13)  (12 : 3)  (13 : 2)  (14 : 1)  
real Identify
([ 0 , 0 , 0 , 0 , 0 , 0 , 0 , 0 , 0 ] : 1)  
wrong Checked
1
wrong identified
0
