testCase Num: 129
regaular Num: 18
identify Num: 112
1 2 3 1 0 0 0 0 0 0 
0 3 3 2 1 1 1 0 0 1 
1 1 1 1 1 1 1 0 0 0 
0 0 0 0 0 3 2 3 2 2 
3 2 2 1 1 1 3 2 3 1 
0 1 3 2 3 0 2 2 2 1 
2 0 0 0 0 0 0 0 0 0 
2 2 2 2 2 0 0 0 0 0 
1 1 0 0 0 0 0 0 0 0 
0 0 0 2 0 2 1 2 1 1 
2 2 2 2 2 2 0 0 0 0 
2 0 0 0 0 2 1 2 1 1 
0 1 3 0 1 1 2 2 3 3 
3 1 0 1 2 2 3 0 2 3 
3 3 3 0 0 0 0 0 0 0 
0 1 2 0 1 1 3 3 2 2 
0 0 0 1 1 0 0 3 0 1 
0 1 1 1 0 1 0 0 0 0 
2 1 1 0 2 2 2 2 3 0 
3 1 3 2 1 2 1 3 3 0 
3 0 0 0 0 0 0 0 0 0 
3 3 3 3 3 0 0 0 0 0 
3 0 1 0 1 3 2 1 2 2 
0 0 0 1 0 0 1 0 0 3 
1 1 1 1 1 1 1 1 1 0 
2 3 2 2 2 0 0 0 1 0 
0 3 3 2 1 1 0 3 0 1 
1 3 2 1 3 3 0 1 2 0 
3 3 0 0 0 0 0 0 0 0 
0 0 0 0 0 1 0 0 0 0 
2 1 3 1 2 0 0 0 0 0 
2 1 1 0 0 1 2 1 2 1 
3 3 3 3 3 3 3 3 3 0 
0 3 2 0 2 2 2 2 2 2 
3 1 2 1 0 0 0 0 0 0 
1 1 1 1 1 1 1 1 0 0 
2 3 2 2 2 0 0 0 0 1 
0 0 0 0 3 2 1 2 1 1 
1 0 2 3 0 0 0 2 2 3 
1 2 0 0 0 3 1 3 3 0 
1 0 0 1 0 1 0 0 0 0 
2 3 2 2 3 1 3 0 0 2 
0 0 2 0 0 2 1 2 1 1 
2 1 2 2 1 3 1 2 1 1 
0 3 3 2 1 1 1 3 0 1 
2 1 0 0 0 0 0 0 0 0 
1 3 3 0 0 0 0 0 3 0 
3 1 3 2 0 0 1 3 3 0 
1 3 0 1 1 0 1 3 3 0 
0 1 2 2 1 1 1 2 1 3 
1 1 1 1 1 0 1 1 0 0 
1 0 0 0 0 1 0 0 0 0 
0 1 3 1 1 0 1 3 3 0 
2 2 3 1 3 0 2 3 2 2 
1 1 0 0 1 0 1 3 3 0 
1 1 0 3 2 1 1 1 2 2 
3 3 3 3 0 0 0 0 0 0 
0 3 2 2 1 1 3 0 1 2 
3 3 1 3 3 0 3 3 3 3 
0 1 1 1 1 0 0 3 0 1 
3 3 3 3 3 3 3 3 0 0 
0 1 3 3 1 0 2 2 3 0 
0 1 2 3 1 0 2 3 3 0 
0 1 0 0 0 1 0 0 0 0 
1 1 1 1 1 0 0 0 0 0 
3 1 1 0 3 2 2 2 0 2 
2 2 2 0 0 0 0 0 0 0 
3 1 1 0 3 2 2 2 0 0 
3 1 3 0 1 0 1 3 3 0 
3 0 1 3 2 3 1 0 0 2 
2 3 2 2 2 0 2 0 0 0 
2 2 2 2 2 0 2 2 2 2 
0 1 1 0 1 1 0 0 0 0 
1 0 3 2 0 1 2 3 1 3 
3 1 0 0 1 0 1 3 3 0 
0 3 0 0 0 2 1 2 1 1 
0 1 3 3 1 0 2 2 2 1 
0 0 0 3 0 2 2 0 3 2 
1 1 1 1 1 0 1 0 0 0 
2 1 1 0 2 0 1 3 3 0 
0 2 1 2 1 1 1 0 1 1 
1 3 2 0 0 0 0 0 0 0 
2 1 2 0 3 1 0 3 3 0 
3 1 0 0 0 0 0 0 0 0 
0 0 0 0 0 0 0 0 0 0 
0 2 1 2 2 0 0 3 0 1 
0 1 0 1 1 0 0 3 0 1 
0 1 1 0 1 1 1 1 0 0 
2 2 2 2 2 2 2 0 0 0 
0 0 0 0 0 1 1 1 3 3 
0 1 2 3 1 0 2 1 1 0 
3 1 2 1 3 0 0 0 0 0 
2 1 1 0 1 0 1 3 3 0 
1 1 1 1 1 0 1 1 1 1 
1 1 1 1 1 0 1 1 1 0 
0 1 1 0 0 1 0 0 0 0 
0 1 1 0 1 1 1 1 1 0 
1 1 1 1 0 0 0 0 0 0 
1 2 3 3 1 2 0 0 0 0 
2 3 2 2 2 0 0 2 0 0 
0 0 0 0 0 2 1 2 1 1 
1 0 0 1 1 0 0 3 0 1 
2 1 3 0 0 0 0 0 0 0 
3 3 3 3 3 3 0 0 0 0 
3 0 0 0 1 0 1 3 3 0 
0 1 1 0 1 1 1 1 1 1 
0 2 1 2 1 0 0 3 0 1 
2 2 2 2 0 0 0 0 0 0 
2 2 2 2 2 2 2 2 0 0 
0 1 1 0 1 1 1 0 0 0 
3 3 3 3 3 3 3 0 0 0 
1 0 0 0 0 0 3 0 0 0 
1 0 0 1 2 0 0 3 0 1 
1 1 1 1 1 1 0 0 0 0 
3 2 1 2 2 0 0 0 0 0 
1 2 1 3 0 2 3 1 1 1 
0 1 1 2 1 1 3 0 1 0 
2 2 2 2 2 2 2 2 2 0 
1 1 1 0 0 0 0 0 0 0 
2 1 0 0 1 0 1 3 3 0 
1 0 0 0 0 0 0 0 0 0 
2 1 2 0 0 3 3 0 0 2 
1 3 2 2 1 0 0 0 0 0 
2 2 0 0 0 0 0 0 0 0 
0 2 3 0 2 3 3 1 3 3 
2 1 1 2 1 0 3 1 0 3 
2 1 2 3 1 0 1 3 3 0 
2 1 1 0 3 1 1 3 3 0 
3 1 1 1 1 0 0 2 1 2 
MFS
[ 0 , 0 , 0 , 0 , 0 , - , - , - , - , - ]
[ 0 , - , - , - , 1 , - , - , - , - , - ]
[ 0 , - , - , 0 , - , - , - , - , - , - ]
[ - , 1 , - , 0 , - , - , - , - , - , - ]
[ - , - , - , - , - , 0 , 0 , 0 , 0 , 0 ]
precise
0.4
recall
1.0
F-measure
0.5714285714285715
multi
0
time
all 3318 iden 3095 gen 191
t-cover
720
all-cover
720
coveredNum
(1 : 219)  (2 : 164)  (3 : 107)  (4 : 68)  (5 : 38)  (6 : 44)  (7 : 31)  (8 : 14)  (9 : 9)  (10 : 7)  (11 : 10)  (12 : 6)  (13 : 1)  (14 : 2)  
real Identify
([ 0 , - , - , - , 1 , - , - , - , - , - ] : 1)  ([ - , 1 , - , 0 , - , - , - , - , - , - ] : 1)  
wrong Checked
5
wrong identified
3
testCase Num: 121
regaular Num: 25
identify Num: 97
0 1 1 2 1 2 0 3 1 0 
3 3 2 3 3 0 3 0 0 0 
3 3 1 0 0 1 2 2 2 0 
0 0 2 1 0 2 0 0 3 3 
1 1 1 1 1 1 1 0 0 0 
0 0 0 0 0 3 1 1 1 1 
3 1 3 0 2 0 2 1 1 1 
2 0 0 0 0 0 0 0 0 0 
2 2 2 2 2 0 0 0 0 0 
1 1 0 0 0 0 0 0 0 0 
0 0 2 0 0 3 1 1 1 1 
2 1 0 0 1 2 3 0 3 0 
2 2 2 2 2 2 0 0 0 0 
3 3 3 0 0 0 0 0 0 0 
1 0 0 0 3 0 3 1 2 1 
1 0 0 0 0 0 0 2 3 0 
0 1 1 1 0 1 0 0 0 0 
1 1 0 0 0 3 3 3 2 0 
0 1 1 2 0 3 2 0 0 0 
3 0 0 0 0 0 0 0 0 0 
3 3 3 3 3 0 0 0 0 0 
0 1 1 2 1 2 0 3 0 0 
1 1 1 1 1 1 1 1 1 0 
3 0 1 3 2 3 0 2 2 2 
1 2 0 1 0 3 2 0 0 0 
3 3 0 0 0 0 0 0 0 0 
0 0 0 0 0 1 0 0 0 0 
1 1 2 3 3 1 1 3 3 1 
0 1 1 2 1 3 2 0 0 0 
2 3 1 1 2 0 2 3 3 3 
3 3 3 3 3 3 3 3 3 0 
1 0 3 0 3 0 0 0 0 1 
1 1 1 1 1 1 1 1 0 0 
0 1 2 0 2 1 2 2 3 1 
1 0 0 1 0 1 0 0 0 0 
2 1 1 0 3 3 1 0 0 3 
1 0 1 0 0 2 0 2 1 1 
0 0 0 1 0 0 0 3 2 0 
0 0 0 1 1 3 2 0 0 0 
2 1 0 0 0 0 0 0 0 0 
1 2 1 1 3 0 0 0 0 0 
0 0 1 1 1 3 2 0 0 0 
3 1 2 1 2 0 0 0 0 0 
2 1 1 0 1 2 3 2 1 1 
1 1 1 1 1 0 1 1 0 0 
1 0 0 0 0 1 0 0 0 0 
2 0 0 0 0 3 1 1 1 1 
0 3 0 0 0 3 1 1 1 1 
3 3 3 3 0 0 0 0 0 0 
1 0 3 0 2 0 2 1 1 1 
1 1 0 0 2 0 2 1 1 1 
0 0 1 2 1 0 0 3 1 3 
0 1 1 2 1 2 0 0 0 0 
3 0 3 1 2 0 2 1 1 1 
1 0 0 0 0 0 0 3 1 2 
3 3 3 3 3 3 3 3 0 0 
2 1 1 0 3 2 3 1 1 1 
3 2 2 3 1 0 0 1 0 0 
0 1 0 0 0 1 0 0 0 0 
1 1 1 1 1 0 0 0 0 0 
2 1 1 0 1 2 2 1 1 1 
3 1 0 2 2 0 1 0 0 3 
3 1 1 2 1 0 0 0 0 0 
1 2 0 1 1 3 2 0 0 0 
1 0 0 0 1 2 0 0 0 0 
2 2 2 0 0 0 0 0 0 0 
0 1 1 0 1 1 0 0 0 0 
1 1 0 3 2 0 2 1 1 1 
0 0 2 1 2 0 0 0 0 1 
3 0 0 2 1 3 3 3 3 0 
1 1 1 1 1 0 1 0 0 0 
1 2 1 1 1 1 3 1 1 3 
1 3 3 2 2 1 0 0 0 0 
3 1 0 0 0 0 0 0 0 0 
0 0 0 0 0 0 0 0 0 0 
2 0 1 1 3 3 0 0 1 3 
0 1 1 2 1 2 2 0 0 0 
1 1 3 0 2 0 2 1 1 1 
0 1 1 0 1 1 1 1 0 0 
2 2 2 2 2 2 2 0 0 0 
3 2 2 3 1 0 0 0 1 0 
2 1 3 3 0 2 3 2 0 3 
3 2 2 3 1 0 0 0 0 1 
1 1 1 1 1 0 1 1 1 1 
0 2 0 3 0 0 1 3 0 2 
1 1 1 1 1 0 1 1 1 0 
0 1 1 0 0 1 0 0 0 0 
0 1 1 0 1 1 1 1 1 0 
1 1 1 1 0 0 0 0 0 0 
2 2 2 2 3 0 2 2 2 2 
1 1 0 0 1 0 2 1 1 1 
0 0 0 0 3 2 2 2 2 3 
2 1 3 3 1 0 0 0 0 0 
0 1 1 2 1 2 0 2 1 1 
2 3 1 0 0 0 0 0 0 0 
1 2 1 3 0 0 0 0 0 0 
2 2 1 2 0 2 1 0 2 0 
3 3 3 3 3 3 0 0 0 0 
0 1 1 0 1 1 1 1 1 1 
0 2 3 0 2 2 3 3 3 2 
2 1 0 0 1 2 3 2 0 1 
2 2 2 2 0 0 0 0 0 0 
3 1 1 2 0 0 0 0 0 0 
2 2 2 2 2 2 2 2 0 0 
0 2 0 1 1 3 2 0 0 0 
0 1 1 0 1 1 1 0 0 0 
1 0 0 0 0 0 0 1 3 2 
3 3 3 3 3 3 3 0 0 0 
1 1 1 1 1 1 0 0 0 0 
3 2 1 0 0 0 0 0 0 0 
1 1 3 1 1 3 1 2 2 2 
0 0 0 2 0 3 1 1 1 1 
0 0 1 2 1 0 0 1 1 2 
0 0 0 0 1 3 1 1 1 1 
2 3 0 0 1 1 2 0 0 2 
2 2 2 2 2 2 2 2 2 0 
1 1 1 0 0 0 0 0 0 0 
0 1 3 0 3 3 1 2 2 3 
1 0 0 0 0 0 0 0 0 0 
2 2 0 0 0 0 0 0 0 0 
3 3 2 3 0 2 1 1 1 1 
MFS
[ 0 , - , - , - , 1 , - , - , - , - , - ]
[ 0 , - , - , 0 , - , - , - , - , - , - ]
[ - , 1 , - , 0 , - , - , - , - , - , - ]
[ - , - , - , - , - , 0 , 0 , 0 , 0 , 0 ]
precise
0.5
recall
1.0
F-measure
0.6666666666666666
multi
0
time
all 3072 iden 2756 gen 269
t-cover
720
all-cover
720
coveredNum
(1 : 205)  (2 : 190)  (3 : 127)  (4 : 65)  (5 : 50)  (6 : 22)  (7 : 13)  (8 : 7)  (9 : 15)  (10 : 9)  (11 : 1)  (12 : 5)  (13 : 5)  (14 : 2)  (15 : 3)  (18 : 1)  
real Identify
([ 0 , - , - , - , 1 , - , - , - , - , - ] : 1)  ([ - , 1 , - , 0 , - , - , - , - , - , - ] : 1)  
wrong Checked
4
wrong identified
2
testCase Num: 146
regaular Num: 21
identify Num: 126
1 2 3 1 0 0 0 0 0 0 
0 0 0 0 0 0 2 1 1 2 
3 3 0 2 3 1 3 1 1 3 
1 1 1 1 1 1 1 0 0 0 
1 1 1 1 1 2 0 1 1 0 
0 0 0 0 0 3 1 1 1 1 
1 1 1 1 1 0 0 1 0 2 
2 0 0 0 0 0 0 0 0 0 
2 2 2 2 2 0 0 0 0 0 
2 0 2 3 2 0 0 1 3 3 
2 3 3 3 1 0 0 1 0 0 
1 1 0 0 0 0 0 0 0 0 
0 0 2 0 0 3 1 1 1 1 
3 1 1 0 1 2 1 0 2 0 
2 2 2 2 2 2 0 0 0 0 
3 3 3 0 0 0 0 0 0 0 
1 1 1 1 1 0 0 1 1 0 
2 1 1 3 2 2 0 3 1 2 
0 1 1 1 0 1 0 0 0 0 
2 3 1 3 0 3 1 1 1 1 
1 0 0 3 1 3 2 2 1 0 
3 0 0 0 0 0 0 0 0 0 
3 1 1 0 1 0 1 0 2 0 
3 3 3 3 3 0 0 0 0 0 
0 0 0 0 0 0 2 1 0 2 
1 1 1 1 1 2 0 0 0 2 
2 0 1 1 0 0 3 0 3 1 
1 1 1 1 1 1 1 1 1 0 
3 3 0 0 0 0 0 0 0 0 
1 1 1 1 0 0 1 0 2 0 
1 1 1 1 1 0 0 2 1 0 
0 0 0 0 0 1 0 0 0 2 
0 0 0 0 0 1 0 0 0 0 
1 0 0 3 2 3 2 2 1 0 
3 1 2 0 2 2 2 1 3 1 
1 1 3 0 1 1 0 1 0 2 
3 3 3 3 3 3 3 3 3 0 
1 1 1 1 1 1 1 1 0 0 
2 1 1 2 3 0 0 0 0 0 
3 1 0 0 0 0 1 0 2 0 
0 0 0 0 3 2 1 3 3 2 
0 0 0 0 0 0 2 1 1 0 
1 0 0 1 0 1 0 0 0 0 
1 3 3 0 0 3 0 3 2 2 
1 1 1 1 1 1 2 1 1 0 
3 0 1 0 0 2 0 0 0 1 
0 3 3 0 2 2 3 2 3 3 
2 3 2 3 1 0 0 0 0 0 
1 1 1 1 1 0 0 0 0 2 
2 3 3 3 1 0 0 0 0 1 
0 0 0 1 0 1 0 0 0 2 
1 2 0 0 0 0 0 0 0 0 
2 3 3 3 1 0 0 0 1 0 
1 1 1 1 1 0 1 1 0 0 
3 1 1 0 1 2 0 3 0 0 
1 0 0 0 0 1 0 0 0 0 
1 0 0 0 0 1 0 0 0 2 
1 1 1 1 1 1 2 1 0 2 
0 1 0 2 2 2 1 3 0 0 
2 0 0 0 0 3 1 1 1 1 
3 3 3 3 0 0 0 0 0 0 
0 1 2 0 1 2 1 0 3 1 
3 1 1 0 1 2 0 0 2 0 
0 3 2 0 2 1 2 3 2 1 
1 1 3 1 3 0 1 2 0 1 
1 1 1 1 1 0 0 1 1 2 
3 3 3 3 3 3 3 3 0 0 
0 1 3 0 1 1 1 0 1 0 
0 1 0 0 0 1 0 0 0 0 
1 2 1 3 2 0 0 0 0 0 
1 1 1 1 1 0 0 0 0 0 
1 1 2 1 1 2 3 1 2 2 
0 0 0 3 1 3 2 2 1 0 
0 1 0 0 0 0 1 0 2 0 
1 1 1 1 1 1 1 0 0 2 
3 1 1 0 0 0 1 0 2 0 
0 2 2 3 1 3 2 2 1 0 
2 2 2 0 0 0 0 0 0 0 
3 0 0 0 0 0 1 0 2 0 
0 1 1 0 1 1 0 0 0 0 
0 2 1 0 1 3 2 2 1 0 
0 2 0 0 0 3 1 1 1 1 
1 1 2 1 1 0 1 0 0 2 
1 1 1 1 1 0 1 0 0 0 
1 3 0 0 0 0 0 0 0 0 
2 1 1 0 1 1 0 3 0 3 
3 1 1 2 1 0 2 3 3 3 
0 1 3 0 3 2 1 3 2 2 
0 3 1 1 3 3 2 2 1 0 
0 0 0 0 0 0 1 1 1 0 
0 0 0 0 0 0 0 0 0 0 
0 0 0 0 0 0 0 0 0 2 
1 2 0 0 1 0 0 1 0 0 
0 1 1 0 1 1 1 1 0 0 
2 2 2 2 2 2 2 0 0 0 
0 0 1 0 0 3 1 0 3 0 
1 1 1 1 1 0 1 1 1 1 
1 1 1 1 1 0 1 1 1 0 
0 1 1 0 0 1 0 0 0 0 
0 1 1 0 1 1 1 1 1 0 
1 1 1 1 0 0 0 0 0 0 
2 2 2 2 3 0 2 2 2 2 
0 0 0 0 2 0 2 1 0 0 
3 1 1 0 1 1 0 3 2 0 
1 1 1 1 1 1 2 1 1 2 
0 1 1 0 1 0 0 0 2 3 
1 3 3 1 3 0 0 0 0 0 
0 2 0 0 0 1 0 0 0 2 
2 1 1 1 1 1 1 1 1 0 
0 2 0 3 0 0 1 0 2 0 
0 0 0 0 0 0 1 0 0 2 
2 3 1 0 0 0 0 0 0 0 
2 1 3 0 0 0 0 0 0 0 
2 0 3 0 1 1 1 0 0 3 
3 3 3 3 3 3 0 0 0 0 
0 1 1 0 1 1 1 1 1 1 
2 2 2 2 0 0 0 0 0 0 
1 1 1 1 1 0 2 1 0 2 
0 2 1 0 1 1 1 2 1 0 
1 2 3 1 2 3 3 3 1 3 
2 2 2 2 2 2 2 2 0 0 
3 2 3 2 0 2 2 0 0 2 
1 1 1 1 1 0 2 1 1 2 
0 1 1 0 1 1 1 0 0 0 
0 1 1 0 1 1 2 2 1 0 
3 3 3 3 3 3 3 0 0 0 
1 1 1 1 1 1 0 0 0 0 
0 0 0 0 2 1 0 0 0 2 
1 1 1 1 1 1 0 0 0 2 
0 0 0 2 0 3 1 1 1 1 
0 2 1 0 1 0 1 0 2 0 
3 1 2 1 2 3 0 0 0 0 
0 0 0 0 1 3 1 1 1 1 
1 1 1 1 1 0 1 0 0 2 
2 2 2 2 2 2 2 2 2 0 
2 3 3 3 3 0 3 0 0 0 
2 1 1 3 0 0 0 0 0 0 
1 1 1 0 0 0 0 0 0 0 
1 2 1 2 3 1 0 2 3 0 
0 2 1 0 1 1 3 1 3 1 
0 0 1 0 0 1 0 0 0 2 
1 0 0 0 0 0 0 0 0 0 
0 2 0 3 1 3 2 2 1 0 
2 2 0 0 0 0 0 0 0 0 
3 0 0 3 0 1 1 2 2 3 
0 0 0 0 0 0 1 1 2 0 
MFS
[ 0 , - , - , - , 1 , - , - , - , - , - ]
[ 0 , 0 , 0 , 0 , 0 , - , - , - , - , - ]
[ - , 1 , - , 0 , - , - , - , - , - , - ]
[ - , - , - , - , - , 0 , 0 , 0 , 0 , 0 ]
[ - , - , - , - , - , - , 0 , - , - , - ]
precise
0.4
recall
1.0
F-measure
0.5714285714285715
multi
0
time
all 3217 iden 2953 gen 217
t-cover
720
all-cover
720
coveredNum
(1 : 193)  (2 : 190)  (3 : 119)  (4 : 68)  (5 : 46)  (6 : 25)  (7 : 23)  (8 : 13)  (9 : 9)  (10 : 11)  (11 : 5)  (12 : 7)  (13 : 4)  (14 : 1)  (15 : 2)  (16 : 1)  (17 : 2)  (19 : 1)  
real Identify
([ 0 , - , - , - , 1 , - , - , - , - , - ] : 1)  ([ - , 1 , - , 0 , - , - , - , - , - , - ] : 1)  
wrong Checked
6
wrong identified
3
testCase Num: 144
regaular Num: 21
identify Num: 124
1 2 3 2 2 1 3 3 0 0 
1 1 1 1 1 1 1 0 0 0 
2 0 0 0 0 0 0 0 0 0 
2 2 2 2 2 0 0 0 0 0 
3 2 3 1 1 3 0 0 0 3 
1 1 0 0 0 0 0 0 0 0 
2 2 2 2 2 2 0 0 0 0 
3 3 3 0 0 0 0 0 0 0 
3 0 1 2 1 1 1 2 2 0 
0 1 1 1 0 1 0 0 0 0 
1 1 1 1 2 0 0 1 2 0 
0 0 3 0 0 0 2 0 0 0 
0 1 1 3 1 3 0 3 2 1 
3 0 0 0 0 0 0 0 0 0 
3 3 3 3 3 0 0 0 0 0 
3 1 1 2 2 0 0 0 0 0 
0 2 1 1 1 0 0 1 0 0 
0 2 1 1 1 0 0 1 0 1 
1 1 1 1 1 1 1 1 1 0 
2 3 2 2 2 0 0 0 1 0 
0 2 1 0 3 3 3 1 3 1 
3 3 0 0 0 0 0 0 0 0 
0 1 1 1 0 2 3 2 1 0 
0 2 0 0 0 0 0 1 2 0 
0 0 0 0 1 2 3 2 1 0 
3 3 0 0 1 3 0 3 2 1 
0 0 0 0 0 1 0 0 0 0 
0 0 0 0 0 1 0 1 2 0 
3 3 3 3 3 3 3 3 3 0 
0 0 0 0 2 0 0 1 2 0 
1 1 1 1 1 1 1 1 0 0 
2 3 2 2 2 0 0 0 0 1 
0 1 2 3 1 1 0 3 2 1 
1 0 0 1 0 1 0 0 0 0 
2 0 1 1 0 0 2 3 3 2 
0 1 2 3 1 1 1 0 3 1 
0 2 1 1 1 2 3 2 1 0 
3 1 2 0 3 1 1 1 3 0 
0 2 1 1 1 0 0 0 1 0 
3 3 3 3 1 0 3 3 3 3 
1 1 1 1 0 0 3 0 3 0 
0 0 0 0 0 1 1 0 0 2 
0 0 0 2 0 2 1 1 1 1 
0 0 0 0 0 1 1 0 0 1 
0 0 0 0 0 1 1 0 0 0 
2 1 1 0 2 1 0 2 1 3 
1 2 0 0 0 0 0 0 0 0 
1 1 1 1 1 0 1 1 0 0 
1 0 0 0 0 1 0 0 0 0 
1 2 3 1 2 0 0 0 0 0 
0 0 1 0 0 0 0 1 2 0 
0 1 2 3 1 1 1 0 2 1 
0 0 0 0 0 0 0 1 2 0 
3 0 2 3 0 3 3 2 2 3 
3 3 3 3 0 0 0 0 0 0 
3 1 1 0 1 3 0 3 2 1 
0 2 1 1 1 0 0 0 0 1 
0 0 2 0 2 1 0 0 2 1 
1 1 1 0 0 0 3 0 3 0 
0 0 0 3 0 0 3 0 3 0 
0 0 0 0 3 3 2 3 1 3 
3 1 2 0 3 1 1 1 2 3 
3 3 3 3 3 3 3 3 0 0 
2 3 2 2 0 2 1 1 1 1 
0 0 0 0 0 1 1 1 2 0 
0 1 0 0 0 1 0 0 0 0 
1 0 0 0 0 0 3 0 3 0 
1 3 2 1 1 2 2 2 2 1 
1 1 1 1 1 0 0 0 0 0 
2 3 2 2 2 0 0 1 0 0 
0 2 2 0 2 3 2 2 2 2 
2 2 2 0 0 0 0 0 0 0 
1 1 2 0 3 1 0 0 3 0 
2 3 2 2 2 0 2 0 0 0 
2 2 2 2 2 0 2 2 2 2 
0 1 1 0 1 1 0 0 0 0 
3 0 2 3 3 2 1 2 0 2 
0 0 0 2 0 3 0 0 0 0 
0 0 0 0 1 2 1 1 1 1 
1 1 1 1 1 0 1 0 0 0 
1 3 0 0 0 0 0 0 0 0 
3 1 2 0 0 0 0 0 0 0 
0 1 2 3 1 1 1 3 2 1 
0 1 0 0 0 0 3 0 3 0 
0 2 0 0 1 2 3 2 1 0 
0 2 1 0 1 2 3 2 1 0 
1 2 0 1 0 3 1 1 1 0 
0 0 0 0 0 0 0 0 0 0 
2 2 0 0 0 3 0 3 2 1 
3 1 0 0 1 3 0 3 2 1 
0 2 1 1 1 0 0 0 2 1 
1 2 3 0 0 0 0 0 0 0 
0 1 1 0 1 1 1 1 0 0 
3 1 1 3 2 3 0 3 2 1 
1 1 0 0 0 0 3 0 3 0 
0 1 2 0 3 1 2 3 3 3 
2 2 2 2 2 2 2 0 0 0 
0 1 1 3 1 0 3 0 1 3 
0 0 0 0 0 1 1 0 1 1 
0 0 0 0 0 1 1 0 2 0 
1 1 1 1 1 0 1 1 1 1 
2 1 0 0 1 3 0 3 2 1 
1 1 1 1 1 0 1 1 1 0 
0 1 1 0 0 1 0 0 0 0 
0 1 1 0 1 1 1 1 1 0 
3 1 2 0 3 2 3 0 3 0 
1 1 1 1 0 0 0 0 0 0 
0 0 3 0 0 2 1 1 1 1 
2 3 1 3 1 1 0 1 1 3 
1 2 0 1 2 0 1 0 0 2 
1 0 0 0 1 2 3 2 1 0 
0 1 1 1 1 0 1 2 0 0 
0 2 1 1 1 0 0 2 1 0 
1 1 1 0 2 1 0 2 0 1 
0 0 0 1 0 0 0 1 2 0 
3 3 3 3 3 3 0 0 0 0 
0 1 1 0 1 1 1 1 1 1 
2 2 2 2 0 0 0 0 0 0 
1 1 1 0 2 0 3 0 3 0 
0 3 0 0 0 2 1 1 1 1 
3 1 1 2 0 0 0 0 0 0 
2 0 0 0 0 2 1 1 1 1 
0 1 1 3 1 0 1 0 3 0 
2 2 2 2 2 2 2 2 0 0 
0 1 1 0 1 1 1 0 0 0 
2 3 2 1 3 0 0 0 0 0 
3 3 3 3 3 3 3 0 0 0 
1 0 0 0 0 2 3 2 1 0 
1 1 1 0 2 1 0 2 1 0 
0 2 1 1 1 0 3 2 1 0 
1 1 1 1 1 1 0 0 0 0 
3 1 0 3 1 1 2 1 1 2 
1 2 1 3 3 2 0 0 0 0 
1 1 2 2 2 2 1 3 3 3 
2 2 2 2 2 2 2 2 2 0 
2 1 1 3 0 0 0 0 0 0 
1 1 1 0 0 0 0 0 0 0 
1 0 0 0 0 0 0 1 2 0 
1 0 0 0 0 0 0 0 0 0 
2 3 0 2 3 1 0 2 3 2 
2 1 3 1 3 0 3 2 2 2 
2 2 0 0 0 0 0 0 0 0 
2 1 2 3 1 0 0 0 0 0 
0 0 0 0 0 2 1 1 1 1 
MFS
[ 0 , - , - , - , 1 , - , - , - , - , - ]
[ 0 , 0 , 0 , 0 , 0 , - , - , - , - , - ]
[ - , 1 , - , - , 1 , - , - , - , - , - ]
[ - , 1 , - , 0 , - , - , - , - , - , - ]
[ - , - , - , - , - , 0 , 0 , 0 , 0 , 0 ]
precise
0.4
recall
1.0
F-measure
0.5714285714285715
multi
0
time
all 3201 iden 2932 gen 222
t-cover
720
all-cover
720
coveredNum
(1 : 194)  (2 : 184)  (3 : 121)  (4 : 52)  (5 : 50)  (6 : 39)  (7 : 20)  (8 : 20)  (9 : 11)  (10 : 8)  (11 : 1)  (12 : 5)  (13 : 5)  (14 : 3)  (15 : 3)  (16 : 1)  (17 : 2)  (18 : 1)  
real Identify
([ 0 , - , - , - , 1 , - , - , - , - , - ] : 1)  ([ - , 1 , - , 0 , - , - , - , - , - , - ] : 1)  
wrong Checked
5
wrong identified
3
testCase Num: 117
regaular Num: 19
identify Num: 99
2 1 1 3 2 3 0 0 0 0 
1 1 1 1 1 1 1 0 0 0 
0 0 0 0 0 3 1 1 1 1 
0 1 2 0 3 1 3 2 1 2 
2 0 0 0 0 0 0 0 0 0 
2 2 2 2 2 0 0 0 0 0 
1 1 0 0 1 3 2 0 0 2 
1 1 0 0 0 0 0 0 0 0 
0 0 2 0 0 3 1 1 1 1 
2 2 2 2 2 2 0 0 0 0 
1 1 1 0 1 3 2 0 0 2 
3 1 1 2 3 0 0 0 0 0 
3 3 3 0 0 0 0 0 0 0 
1 0 1 3 3 1 2 1 1 2 
1 1 3 2 3 1 0 0 2 3 
0 1 1 1 0 1 0 0 0 0 
2 2 3 2 0 1 1 1 1 1 
0 3 1 2 1 1 0 0 2 3 
1 0 3 3 0 0 2 1 3 1 
3 0 0 0 0 0 0 0 0 3 
3 0 0 0 0 0 0 0 0 0 
3 3 3 3 3 0 0 0 0 0 
2 1 2 1 3 0 0 0 0 0 
1 1 1 1 1 1 1 1 1 0 
0 0 0 0 2 2 2 1 2 3 
3 3 0 0 0 0 0 0 0 0 
0 0 0 0 0 1 0 0 0 0 
2 0 0 0 1 0 1 3 3 0 
3 3 3 3 3 3 3 3 3 0 
1 1 1 1 1 1 1 1 0 0 
1 0 0 1 0 1 0 0 0 0 
2 1 3 1 0 2 1 2 1 2 
1 3 2 1 0 0 0 0 0 0 
2 0 0 2 0 0 3 3 1 3 
2 1 0 0 0 0 0 0 0 0 
1 1 1 0 0 2 0 3 1 3 
0 1 0 1 0 0 0 3 0 2 
1 1 1 0 0 0 1 1 2 0 
1 2 0 0 0 0 0 0 0 0 
3 3 3 2 1 0 0 0 1 0 
1 1 1 1 1 0 1 1 0 0 
0 0 3 2 1 1 0 0 2 3 
0 2 0 3 1 3 2 3 0 2 
1 2 3 0 0 0 0 2 0 0 
1 0 0 0 0 1 0 0 0 0 
1 3 2 3 0 3 1 3 2 3 
0 0 1 1 1 0 2 2 2 3 
3 3 3 3 0 0 0 0 0 0 
0 3 1 3 3 1 0 0 2 3 
3 3 3 3 3 3 3 3 0 0 
0 3 3 0 3 2 3 3 3 2 
3 3 3 2 1 0 0 0 0 1 
1 1 1 0 0 0 1 0 0 2 
0 1 0 0 0 1 0 0 0 0 
1 1 1 1 1 0 0 0 0 0 
2 1 0 0 1 3 2 0 0 2 
1 1 1 0 0 3 2 0 0 2 
0 3 1 1 1 1 0 0 2 3 
2 2 2 0 0 0 0 0 0 0 
2 2 1 3 1 0 3 2 3 3 
3 0 0 0 0 3 1 1 1 1 
0 1 1 0 1 1 0 0 0 0 
0 3 1 1 1 0 1 0 2 3 
1 2 2 2 1 2 0 0 3 0 
3 0 0 3 0 2 3 2 0 1 
0 2 0 0 0 3 1 1 1 1 
0 1 3 0 2 2 2 1 2 3 
1 3 0 0 1 3 2 0 0 2 
1 1 1 0 0 0 0 2 0 2 
1 3 2 1 2 0 0 0 0 0 
1 1 1 1 1 0 1 0 0 0 
0 2 0 1 0 0 0 3 0 0 
0 1 3 2 1 1 0 0 2 3 
3 1 1 1 2 1 2 3 3 1 
0 0 0 0 0 0 0 0 0 0 
3 2 2 2 2 0 2 2 2 2 
2 3 0 1 1 3 2 0 0 2 
0 0 2 3 1 2 1 1 0 1 
1 2 3 0 0 0 0 0 0 0 
1 3 3 1 2 3 3 2 1 0 
0 1 1 0 1 1 1 1 0 0 
2 2 2 2 2 2 2 0 0 0 
1 1 1 0 0 0 2 0 0 2 
3 3 3 2 1 0 0 1 0 0 
1 1 1 1 1 0 1 1 1 1 
1 1 1 1 1 0 1 1 1 0 
0 1 1 0 0 1 0 0 0 0 
0 1 1 0 1 1 1 1 1 0 
1 1 1 1 0 0 0 0 0 0 
1 1 2 1 1 3 2 0 0 2 
0 2 0 1 3 1 1 2 0 3 
0 0 0 1 1 0 3 2 0 1 
3 3 3 2 3 0 2 0 0 0 
1 1 3 2 1 1 0 0 2 3 
1 2 1 3 0 0 0 0 0 0 
0 3 0 3 1 3 2 1 3 3 
1 2 3 1 3 0 0 0 0 0 
3 3 3 3 3 3 0 0 0 0 
0 1 1 0 1 1 1 1 1 1 
2 2 2 2 0 0 0 0 0 0 
1 0 1 0 3 3 3 0 3 0 
1 1 1 0 0 0 0 2 3 1 
2 2 2 2 2 2 2 2 0 0 
0 1 1 0 1 1 1 0 0 0 
3 3 3 3 3 3 3 0 0 0 
1 1 1 1 1 1 0 0 0 0 
3 2 1 0 0 0 0 0 0 0 
0 0 0 2 0 3 1 1 1 1 
0 0 0 0 1 3 1 1 1 1 
0 3 1 1 1 0 0 0 2 3 
0 0 1 2 2 2 1 0 2 0 
2 2 2 2 2 2 2 2 2 0 
1 1 1 0 0 0 0 0 0 0 
1 1 1 0 0 0 0 2 3 2 
1 0 0 0 0 0 0 0 0 0 
2 1 2 1 3 1 3 1 2 1 
2 2 0 0 0 0 0 0 0 0 
MFS
[ 0 , - , - , - , 1 , - , - , - , - , - ]
[ 0 , - , - , 0 , - , - , - , - , - , - ]
[ - , 1 , - , 0 , - , - , - , - , - , - ]
[ - , - , - , - , - , 0 , 0 , 0 , 0 , 0 ]
precise
0.5
recall
1.0
F-measure
0.6666666666666666
multi
0
time
all 3057 iden 2827 gen 183
t-cover
720
all-cover
720
coveredNum
(1 : 237)  (2 : 190)  (3 : 115)  (4 : 61)  (5 : 46)  (6 : 28)  (7 : 22)  (8 : 5)  (9 : 3)  (10 : 2)  (11 : 4)  (12 : 2)  (13 : 2)  (14 : 2)  (15 : 1)  
real Identify
([ 0 , - , - , - , 1 , - , - , - , - , - ] : 1)  ([ - , 1 , - , 0 , - , - , - , - , - , - ] : 1)  
wrong Checked
5
wrong identified
2
testCase Num: 151
regaular Num: 23
identify Num: 129
0 2 1 0 1 0 0 3 0 1 
1 1 1 1 1 1 1 0 0 0 
2 0 0 0 0 0 0 0 0 0 
2 2 2 2 2 0 0 0 0 0 
1 1 0 0 0 0 0 0 0 0 
1 3 1 2 2 0 0 0 0 0 
1 1 1 2 1 2 3 3 1 0 
1 1 0 0 0 0 3 0 0 2 
2 2 2 2 2 2 0 0 0 0 
1 1 1 1 1 0 2 1 3 2 
3 3 3 0 0 0 0 0 0 0 
1 0 1 0 3 2 0 0 2 3 
0 1 1 2 1 2 3 0 3 0 
0 1 1 1 0 1 0 0 0 0 
3 3 1 3 1 1 1 0 2 0 
0 0 0 0 0 0 1 0 3 0 
0 0 0 0 0 2 3 2 0 0 
3 0 0 0 0 0 0 0 0 0 
2 2 2 2 1 0 0 0 0 1 
3 3 3 3 3 0 0 0 0 0 
1 2 0 3 0 0 3 0 0 2 
2 3 1 2 2 1 0 2 1 1 
1 1 1 1 1 1 1 1 1 0 
3 3 0 0 0 0 0 0 0 0 
1 1 1 1 1 0 0 2 1 0 
0 1 1 1 1 1 2 0 3 1 
0 0 0 0 0 1 0 0 0 0 
0 1 1 1 1 1 2 3 0 1 
0 1 1 1 1 1 1 2 1 3 
3 3 3 3 3 3 3 3 3 0 
3 1 2 1 0 0 0 0 0 0 
1 0 0 0 0 0 1 0 3 1 
1 1 1 1 1 1 2 3 1 2 
1 1 1 1 1 1 1 1 0 0 
3 1 2 0 1 3 3 0 0 2 
3 0 2 0 0 0 1 0 0 0 
0 2 0 0 1 0 0 3 0 1 
0 0 0 0 2 1 0 3 1 2 
2 2 2 2 1 0 0 0 1 0 
0 0 1 0 0 0 2 1 3 2 
1 0 0 1 0 1 0 0 0 0 
3 1 3 1 3 1 2 1 1 1 
2 1 0 0 0 0 0 0 0 0 
0 0 0 0 3 3 1 2 3 2 
0 0 0 0 0 1 0 3 1 2 
1 0 0 0 0 0 1 0 1 3 
0 0 0 2 0 2 1 1 1 1 
1 1 1 1 1 0 1 1 0 0 
3 2 1 2 0 2 0 2 2 2 
0 0 1 0 0 1 0 3 1 2 
1 0 0 0 0 1 0 0 0 0 
2 2 3 1 0 0 0 0 0 0 
0 0 0 1 0 0 1 0 2 1 
0 2 2 0 2 1 3 3 3 3 
3 3 3 3 0 0 0 0 0 0 
3 3 1 3 3 0 3 3 3 3 
0 0 0 0 0 0 1 3 1 2 
0 1 1 1 1 0 0 3 0 1 
3 3 3 3 3 3 3 3 0 0 
2 3 2 2 0 2 1 1 1 1 
2 2 2 2 3 0 2 0 0 0 
0 1 0 0 0 1 0 0 0 0 
0 1 1 0 1 2 0 3 1 3 
1 1 1 1 1 0 0 0 0 0 
1 0 2 1 1 2 2 3 3 0 
1 1 1 1 1 1 1 0 0 2 
3 2 0 0 0 0 3 0 0 2 
1 1 0 2 1 3 1 3 2 3 
0 3 0 0 0 3 1 0 0 0 
1 1 1 1 1 1 0 3 1 2 
0 2 2 0 2 3 2 2 2 2 
0 1 1 0 2 1 0 1 3 1 
2 2 2 0 0 0 0 0 0 0 
2 3 2 1 1 0 0 0 0 0 
3 1 2 0 1 3 1 3 0 2 
1 1 1 1 1 1 2 1 3 2 
2 0 0 3 0 0 1 0 0 0 
2 2 2 2 2 0 2 2 2 2 
0 1 1 0 1 1 0 0 0 0 
1 0 0 0 0 0 0 3 0 1 
3 2 1 1 2 0 0 0 0 0 
0 1 1 1 1 1 2 1 1 2 
0 0 0 0 1 2 1 1 1 1 
1 1 1 1 1 0 1 0 0 0 
3 1 2 3 1 0 0 0 0 0 
2 1 3 2 0 3 0 3 3 3 
1 1 1 1 1 0 0 0 3 1 
1 3 2 0 0 0 0 0 0 0 
1 0 0 0 1 0 0 3 0 1 
3 1 0 0 0 0 0 0 0 0 
0 0 0 0 0 0 0 0 0 0 
3 2 3 1 0 3 1 0 0 0 
1 1 1 1 1 1 1 0 3 2 
1 2 3 0 0 0 0 0 0 0 
0 1 1 0 1 1 1 1 0 0 
1 2 1 1 1 0 0 3 1 2 
2 2 2 2 2 2 2 0 0 0 
1 1 1 1 1 0 2 3 1 2 
1 1 1 1 1 0 2 3 1 3 
0 0 0 1 0 1 0 3 1 2 
1 1 1 1 1 0 1 1 1 1 
1 1 1 1 1 0 1 1 1 0 
0 1 1 0 0 1 0 0 0 0 
0 1 1 0 1 1 1 1 1 0 
0 0 0 0 1 0 0 3 0 1 
1 1 1 1 0 0 0 0 0 0 
1 1 1 1 1 0 0 0 2 0 
1 1 1 1 1 1 2 1 1 2 
0 0 3 0 0 2 1 1 1 1 
3 1 0 0 0 0 3 0 0 2 
3 1 2 0 0 0 3 0 0 2 
0 0 0 0 0 0 0 3 1 2 
0 1 1 1 0 0 0 3 0 1 
3 3 3 3 3 3 0 0 0 0 
0 1 1 0 1 1 1 1 1 1 
1 1 1 1 1 0 0 2 0 0 
2 2 2 2 0 0 0 0 0 0 
1 1 3 3 2 2 0 0 0 0 
0 3 0 0 0 2 1 1 1 1 
2 0 0 0 0 2 1 1 1 1 
1 3 0 3 0 1 2 2 0 3 
2 2 2 2 2 2 2 2 0 0 
1 1 1 1 1 0 2 1 1 2 
0 1 1 0 1 1 1 0 0 0 
3 3 3 3 3 3 3 0 0 0 
1 1 1 1 1 1 0 0 0 0 
2 3 3 1 1 0 3 2 2 2 
0 0 0 0 0 0 1 1 3 2 
0 2 0 0 0 1 0 3 1 2 
2 2 2 2 1 0 0 1 0 0 
3 1 2 0 1 0 3 0 0 2 
0 0 0 0 0 0 1 1 1 2 
1 1 1 2 1 1 3 2 0 0 
1 0 1 3 0 3 3 1 1 1 
1 1 1 1 1 0 0 3 1 2 
0 1 1 1 1 1 0 3 0 1 
2 2 2 2 2 2 2 2 2 0 
2 1 1 0 2 1 2 2 1 2 
1 1 1 1 1 0 2 2 1 3 
2 1 1 0 2 1 2 2 1 0 
1 1 1 0 0 0 0 0 0 0 
1 1 1 1 1 0 0 3 1 3 
3 0 0 1 2 0 1 1 2 3 
0 1 1 1 1 1 2 2 0 1 
1 0 0 0 0 0 0 0 0 0 
0 1 2 3 0 0 3 0 0 2 
2 2 0 0 0 0 0 0 0 0 
3 1 2 0 1 3 1 0 0 2 
1 0 0 0 0 1 0 3 1 2 
0 0 0 0 0 0 1 0 0 0 
0 0 0 0 0 2 1 1 1 1 
MFS
[ 0 , - , - , - , 1 , - , - , - , - , - ]
[ 0 , 0 , 0 , 0 , 0 , - , - , - , - , - ]
[ - , 1 , - , 0 , - , - , - , - , - , - ]
[ - , - , - , - , - , 0 , 0 , 0 , 0 , 0 ]
[ - , - , - , - , - , - , 0 , - , - , - ]
[ - , - , - , - , - , 1 , - , - , - , 2 ]
precise
0.3333333333333333
recall
1.0
F-measure
0.5
multi
0
time
all 3401 iden 3066 gen 289
t-cover
720
all-cover
720
coveredNum
(1 : 206)  (2 : 171)  (3 : 98)  (4 : 70)  (5 : 41)  (6 : 39)  (7 : 29)  (8 : 19)  (9 : 7)  (10 : 9)  (11 : 13)  (12 : 4)  (13 : 2)  (14 : 2)  (15 : 4)  (16 : 2)  (17 : 2)  (18 : 1)  (19 : 1)  
real Identify
([ 0 , - , - , - , 1 , - , - , - , - , - ] : 1)  ([ - , 1 , - , 0 , - , - , - , - , - , - ] : 1)  
wrong Checked
5
wrong identified
4
testCase Num: 129
regaular Num: 20
identify Num: 110
0 2 3 1 1 2 2 3 0 3 
0 2 1 1 1 0 1 2 0 3 
1 1 1 1 1 1 1 0 0 0 
0 0 0 0 0 3 1 1 1 1 
2 0 0 0 0 0 0 0 0 0 
0 1 0 3 1 0 1 2 0 3 
2 2 2 2 2 0 0 0 0 0 
1 1 0 0 0 0 0 0 0 0 
0 0 2 0 0 3 1 1 1 1 
2 2 2 2 2 2 0 0 0 0 
0 3 0 1 0 0 0 0 0 2 
3 3 3 0 0 0 0 0 0 0 
3 1 1 1 1 3 3 2 2 2 
3 1 0 0 3 1 3 1 3 2 
0 1 1 1 0 1 0 0 0 0 
3 1 1 0 0 0 0 3 2 1 
0 0 0 0 3 2 1 3 2 2 
1 3 1 2 2 1 1 1 3 1 
0 0 2 1 2 3 2 3 0 0 
3 0 0 0 0 0 0 0 0 0 
3 1 0 0 0 0 0 3 2 1 
3 3 3 3 3 0 0 0 0 0 
1 1 1 1 1 1 1 1 1 0 
2 3 3 2 1 0 0 0 0 1 
1 1 3 0 1 3 1 0 3 0 
3 3 0 0 0 0 0 0 0 0 
3 2 0 1 0 0 0 1 3 2 
2 1 2 3 0 0 0 0 0 0 
0 0 0 0 0 1 0 0 0 0 
1 1 1 1 1 0 1 0 3 0 
3 1 2 3 1 0 2 3 3 3 
3 3 3 3 3 3 3 3 3 0 
0 3 0 1 0 2 2 3 0 0 
3 1 2 2 1 0 0 0 0 0 
2 3 3 2 1 0 0 0 1 0 
1 1 1 1 1 1 1 2 2 2 
1 1 1 1 1 1 1 1 0 0 
0 2 2 1 1 2 2 0 2 0 
3 3 2 1 0 3 1 1 1 1 
1 0 0 1 0 1 0 0 0 0 
0 3 3 0 2 2 3 2 3 3 
2 1 0 0 0 0 0 0 0 0 
1 1 1 1 1 0 1 3 3 2 
3 1 0 0 3 3 3 3 2 1 
1 2 0 0 0 0 0 0 0 0 
1 1 1 1 1 0 1 1 0 0 
1 0 0 0 0 0 3 2 0 1 
1 1 2 0 1 1 1 2 0 2 
1 1 1 1 1 2 2 0 0 0 
1 0 0 0 0 1 0 0 0 0 
2 0 1 1 3 3 0 0 3 3 
1 2 3 1 2 0 0 0 0 0 
3 1 2 2 1 2 0 0 2 0 
2 0 0 0 0 3 1 1 1 1 
3 3 3 3 0 0 0 0 0 0 
1 1 1 3 1 3 3 2 2 2 
1 1 3 1 1 3 3 2 2 2 
2 1 1 3 2 0 0 0 0 0 
3 3 3 3 3 3 3 3 0 0 
1 1 1 1 2 3 3 2 2 2 
0 1 0 0 0 1 0 0 0 0 
1 1 1 1 1 0 0 0 0 0 
3 1 0 0 3 1 3 2 2 1 
2 2 2 0 0 0 0 0 0 0 
0 2 2 1 1 2 0 2 0 3 
1 1 1 1 1 1 3 2 2 2 
0 1 1 0 1 1 0 0 0 0 
0 0 1 1 2 0 1 2 0 3 
0 2 0 0 0 3 1 1 1 1 
0 2 3 1 1 1 1 2 0 3 
3 1 0 0 3 1 3 2 1 1 
1 1 1 1 1 0 1 0 0 0 
1 1 1 1 1 3 3 2 2 2 
2 2 0 0 0 2 0 0 0 0 
0 1 3 0 2 3 2 3 1 1 
0 3 0 3 1 0 1 2 0 3 
0 3 1 3 1 0 1 2 0 3 
0 1 1 0 3 2 1 3 2 2 
0 0 0 0 0 0 0 0 0 0 
0 1 1 0 1 1 1 1 0 0 
1 0 0 0 0 0 0 0 1 2 
2 2 2 2 2 2 2 0 0 0 
2 1 0 3 2 0 1 2 0 3 
0 0 3 1 0 0 1 0 3 0 
1 1 1 1 1 0 1 1 1 1 
1 1 1 1 1 0 1 1 1 0 
0 1 1 0 0 1 0 0 0 0 
0 1 1 0 1 1 1 1 1 0 
1 1 1 1 0 0 0 0 0 0 
2 2 2 2 3 0 2 2 2 2 
0 2 3 1 1 1 2 1 2 3 
1 1 1 3 3 2 2 1 1 1 
2 3 1 0 0 0 0 0 0 0 
2 1 3 0 0 0 0 0 0 0 
3 3 3 3 3 3 0 0 0 0 
0 1 1 0 1 1 1 1 1 1 
2 2 2 2 0 0 0 0 0 0 
2 3 3 2 3 0 3 0 0 0 
3 1 0 0 3 1 0 3 2 1 
3 2 1 3 2 1 0 0 0 0 
2 2 2 2 2 2 2 2 0 0 
1 0 1 1 1 3 3 2 2 2 
0 1 1 0 1 1 1 0 0 0 
3 3 3 3 3 3 3 0 0 0 
0 1 3 3 0 0 0 3 2 1 
1 1 1 1 1 1 0 0 0 0 
1 2 2 2 2 1 3 3 1 3 
3 1 3 0 3 0 0 3 2 1 
1 1 1 1 1 1 1 3 3 3 
0 0 0 2 0 3 1 1 1 1 
2 2 3 0 1 1 2 0 2 2 
3 0 3 3 0 3 3 2 2 2 
0 0 0 0 1 3 1 1 1 1 
1 3 1 2 3 0 0 0 0 0 
1 3 1 2 0 0 0 0 0 0 
2 3 3 2 1 0 0 1 0 0 
0 0 0 1 0 0 3 1 2 3 
3 3 1 0 0 0 0 3 2 1 
0 3 1 2 1 2 0 1 2 2 
2 2 2 2 2 2 2 2 2 0 
1 1 1 0 0 0 0 0 0 0 
2 3 1 3 0 0 0 3 2 1 
1 1 0 3 1 0 1 2 0 3 
1 0 0 0 0 0 0 0 0 0 
3 0 0 0 3 1 0 2 1 0 
2 1 1 0 0 0 0 3 2 1 
1 1 1 1 1 1 1 3 2 2 
2 2 0 0 0 0 0 0 0 0 
0 3 3 1 1 1 2 3 2 1 
MFS
[ 1 , 1 , 1 , 1 , 1 , - , - , - , - , - ]
[ 0 , - , - , - , 1 , - , - , - , - , - ]
[ 0 , - , - , 0 , - , - , - , - , - , - ]
[ - , 1 , - , 0 , - , - , - , - , - , - ]
[ - , - , - , - , - , 0 , 0 , 0 , 0 , 0 ]
precise
0.4
recall
1.0
F-measure
0.5714285714285715
multi
0
time
all 3118 iden 2855 gen 200
t-cover
720
all-cover
720
coveredNum
(1 : 216)  (2 : 161)  (3 : 111)  (4 : 79)  (5 : 57)  (6 : 39)  (7 : 24)  (8 : 7)  (9 : 11)  (10 : 5)  (11 : 1)  (12 : 3)  (13 : 4)  (14 : 1)  (15 : 1)  
real Identify
([ 0 , - , - , - , 1 , - , - , - , - , - ] : 1)  ([ - , 1 , - , 0 , - , - , - , - , - , - ] : 1)  
wrong Checked
4
wrong identified
3
testCase Num: 146
regaular Num: 17
identify Num: 130
1 1 1 0 1 0 1 1 0 2 
1 1 1 1 1 1 1 0 0 0 
0 0 0 0 0 3 1 1 1 1 
2 0 0 0 0 0 0 0 0 0 
1 1 2 1 3 0 0 0 0 0 
2 2 2 2 2 0 0 0 0 0 
3 2 2 1 0 2 0 0 3 3 
0 0 1 2 1 3 1 0 2 3 
1 1 0 0 0 0 0 0 0 0 
0 0 2 0 0 3 1 1 1 1 
2 2 2 2 2 2 0 0 0 0 
1 1 1 3 1 2 1 1 0 2 
3 3 3 0 0 0 0 0 0 0 
3 3 3 3 2 0 3 0 0 0 
1 1 3 0 1 0 2 2 0 3 
0 1 1 1 0 1 0 0 0 0 
0 2 2 0 2 1 3 1 1 0 
3 1 1 1 1 2 1 1 0 2 
0 3 3 0 3 1 1 2 2 3 
3 0 0 0 0 0 0 0 0 0 
3 3 3 3 3 0 0 0 0 0 
2 0 0 2 1 1 1 3 3 2 
0 0 0 0 0 2 1 0 2 0 
1 1 1 0 1 2 1 1 0 2 
1 1 1 1 1 1 1 1 1 0 
0 0 0 0 2 2 2 1 2 3 
1 1 1 3 1 1 0 2 2 0 
3 3 0 0 0 0 0 0 0 0 
3 3 3 3 1 0 0 0 1 0 
1 1 3 0 3 0 2 2 0 3 
0 0 0 0 0 1 0 0 0 0 
3 3 3 3 1 0 0 0 0 1 
1 1 1 1 1 3 2 1 0 2 
3 3 3 3 3 3 3 3 3 0 
1 1 1 1 1 1 1 1 0 0 
0 0 0 0 0 0 1 0 2 0 
1 0 0 1 0 1 0 0 0 0 
0 0 0 0 0 2 2 0 2 0 
0 0 0 0 0 2 3 2 3 0 
1 3 2 1 0 0 0 0 0 0 
3 1 2 1 3 1 2 3 1 1 
1 2 3 2 1 0 0 0 0 0 
0 0 1 2 1 0 2 2 0 3 
1 1 2 1 1 2 1 1 0 2 
1 1 1 3 2 0 2 3 3 3 
2 2 2 3 0 2 1 1 1 1 
1 2 0 0 0 0 0 0 0 0 
1 1 1 0 1 3 2 1 0 2 
0 2 1 2 1 1 0 3 0 3 
1 1 1 1 1 0 1 1 0 0 
1 3 1 1 1 2 1 1 0 2 
1 1 1 1 1 3 2 0 3 3 
1 0 0 0 0 0 1 0 2 0 
1 0 0 0 0 1 0 0 0 0 
0 0 0 1 0 0 1 0 2 0 
1 2 1 1 1 3 3 2 2 1 
3 3 3 3 0 0 0 0 0 0 
0 0 0 0 0 2 3 2 2 0 
2 0 3 1 0 0 3 2 1 3 
0 0 1 1 1 2 1 0 2 0 
1 1 3 0 2 3 0 2 0 3 
0 0 1 2 1 2 2 2 0 3 
1 3 0 2 3 0 2 2 0 3 
1 3 0 0 1 0 2 2 0 3 
0 0 0 0 0 1 0 3 0 1 
3 3 3 3 3 3 3 3 0 0 
2 1 1 2 3 3 0 0 0 0 
0 3 3 0 3 2 3 3 3 2 
2 3 3 0 0 3 2 3 2 0 
0 1 0 0 0 1 0 0 0 0 
1 1 1 0 2 1 3 1 3 1 
1 1 1 1 1 0 0 0 0 0 
3 3 3 3 1 0 0 1 0 0 
1 1 3 2 1 0 2 2 0 3 
1 1 1 1 0 2 1 1 0 2 
1 1 1 1 1 0 2 0 2 0 
0 1 0 0 1 0 2 2 0 3 
0 2 1 1 1 3 0 3 1 2 
1 1 1 2 1 1 3 0 1 1 
2 2 2 0 0 0 0 0 0 0 
2 3 2 1 1 0 0 0 0 0 
3 0 0 0 0 3 1 1 1 1 
0 1 1 0 1 1 0 0 0 0 
3 2 1 1 2 0 0 0 0 0 
0 2 0 0 0 3 1 1 1 1 
2 3 2 1 2 2 1 1 0 2 
1 1 1 0 1 3 2 2 0 2 
1 1 1 1 1 0 1 0 0 0 
1 3 0 0 0 0 0 0 0 0 
1 1 1 2 3 2 1 1 0 2 
0 0 0 0 2 0 0 0 3 1 
1 1 1 1 1 3 2 0 1 2 
0 3 0 2 1 0 2 2 0 3 
0 0 1 2 1 2 0 2 0 3 
1 3 2 0 0 0 0 0 0 0 
0 0 0 0 0 0 0 0 0 0 
3 2 2 2 2 0 2 2 2 2 
1 1 3 0 2 3 0 3 0 3 
0 1 0 1 0 2 3 2 3 0 
0 1 1 0 1 1 1 1 0 0 
1 1 1 1 1 0 1 1 0 2 
2 2 2 2 2 2 2 0 0 0 
1 1 1 0 0 2 1 0 2 0 
1 1 1 1 1 0 1 1 1 1 
1 1 1 1 1 0 1 1 1 0 
0 1 1 0 0 1 0 0 0 0 
0 1 1 0 1 1 1 1 1 0 
0 2 0 0 0 0 1 0 2 0 
1 1 1 1 0 0 0 0 0 0 
1 3 0 2 1 0 2 2 0 3 
2 3 1 0 0 0 0 0 0 0 
1 2 1 3 0 0 0 0 0 0 
1 1 1 1 1 2 1 1 0 2 
3 3 3 3 3 3 0 0 0 0 
0 1 1 0 1 1 1 1 1 1 
0 2 2 1 1 1 3 1 3 0 
2 2 2 2 0 0 0 0 0 0 
0 2 0 0 0 0 2 0 1 2 
0 0 0 0 0 1 3 2 3 1 
0 0 0 0 2 0 1 0 2 0 
2 2 2 2 2 2 2 2 0 0 
0 1 1 0 1 1 1 0 0 0 
3 3 3 3 3 3 3 0 0 0 
0 0 1 0 2 3 0 1 3 2 
1 1 1 1 1 3 0 3 3 0 
1 1 2 1 1 0 1 0 2 0 
1 1 1 1 1 1 0 0 0 0 
0 2 0 0 0 3 0 0 0 3 
0 0 0 0 1 3 1 1 1 1 
1 1 0 0 1 0 2 2 0 3 
2 2 2 2 2 2 2 2 2 0 
0 0 0 0 0 1 0 1 0 1 
1 1 3 0 0 2 2 2 0 3 
1 1 1 0 0 0 0 0 0 0 
0 0 1 2 3 0 2 2 0 3 
1 1 1 0 1 3 2 0 1 2 
0 2 0 3 3 2 0 3 0 0 
1 1 1 0 1 3 2 0 1 3 
0 2 3 2 0 2 1 1 0 2 
1 1 1 1 1 3 2 0 0 2 
1 0 0 0 0 0 0 0 0 0 
0 0 0 3 0 3 1 1 1 1 
1 1 3 0 2 3 0 1 3 3 
1 1 3 0 2 3 0 0 1 2 
2 2 0 0 0 0 0 0 0 0 
0 0 1 0 0 0 1 0 2 0 
MFS
[ 1 , 1 , 1 , 1 , 1 , - , - , - , - , - ]
[ 0 , - , - , - , 1 , - , - , - , - , - ]
[ 0 , 0 , 0 , 0 , 0 , - , - , - , - , - ]
[ - , 1 , - , 0 , - , - , - , - , - , - ]
[ - , - , - , - , - , 0 , 0 , 0 , 0 , 0 ]
precise
0.4
recall
1.0
F-measure
0.5714285714285715
multi
1
time
all 3101 iden 2895 gen 156
t-cover
720
all-cover
720
coveredNum
(1 : 177)  (2 : 140)  (3 : 118)  (4 : 72)  (5 : 60)  (6 : 30)  (7 : 34)  (8 : 22)  (9 : 22)  (10 : 6)  (11 : 11)  (12 : 8)  (13 : 10)  (14 : 6)  (15 : 1)  (16 : 2)  (18 : 1)  
real Identify
([ 0 , - , - , - , 1 , - , - , - , - , - ] : 1)  ([ - , 1 , - , 0 , - , - , - , - , - , - ] : 1)  
wrong Checked
7
wrong identified
3
testCase Num: 142
regaular Num: 20
identify Num: 123
0 0 1 0 1 3 1 0 0 1 
1 1 1 1 1 1 1 0 0 0 
2 0 0 0 0 0 0 0 0 0 
0 0 3 2 1 1 3 2 0 1 
2 2 2 2 2 0 0 0 0 0 
1 1 0 0 0 0 0 0 0 0 
0 0 0 0 0 1 0 0 1 0 
0 0 0 0 2 0 2 0 1 0 
2 2 2 2 2 2 0 0 0 0 
2 0 0 0 0 2 1 2 1 2 
3 3 3 0 0 0 0 0 0 0 
1 0 3 1 2 3 1 0 0 1 
1 0 0 0 0 0 2 0 1 0 
0 0 3 2 0 3 0 3 2 0 
0 1 1 1 0 1 0 0 0 0 
2 1 3 0 2 2 0 3 3 2 
3 0 0 0 0 0 0 0 0 0 
2 2 2 3 2 0 2 0 0 0 
3 3 3 3 3 0 0 0 0 0 
2 1 2 1 3 0 0 0 0 0 
1 1 1 1 1 1 1 1 1 0 
1 1 2 0 2 0 1 0 0 1 
3 3 0 0 0 0 0 0 0 0 
3 1 1 2 2 2 3 2 2 0 
1 1 0 1 2 3 1 0 0 1 
0 0 0 0 0 1 0 0 0 0 
1 0 0 2 1 0 1 3 3 3 
0 0 0 2 0 0 0 1 0 0 
1 3 0 3 0 0 1 0 0 0 
1 3 0 2 3 1 0 2 0 1 
0 2 0 0 0 0 2 0 3 2 
3 3 3 3 3 3 3 3 3 0 
2 1 1 3 0 3 1 0 2 0 
1 1 1 1 1 1 1 1 0 0 
0 3 3 0 2 3 3 1 3 1 
1 1 1 1 2 0 2 0 1 0 
0 0 3 0 1 3 1 0 0 1 
3 1 1 0 1 3 1 0 0 1 
0 0 0 0 3 0 3 0 0 2 
0 3 0 3 1 0 0 3 2 2 
1 0 0 1 0 1 0 0 0 0 
0 0 1 0 0 0 2 0 1 0 
0 2 0 0 0 2 1 2 1 2 
0 0 2 0 0 2 1 2 1 2 
1 3 3 1 2 1 1 1 1 1 
2 1 0 0 0 0 0 0 0 0 
3 0 1 1 2 3 1 0 0 1 
0 0 3 2 1 1 1 0 0 1 
1 1 2 0 0 0 0 2 2 3 
0 0 3 2 1 3 1 0 0 1 
1 2 0 0 0 0 0 0 0 0 
1 1 1 1 1 0 1 1 0 0 
1 0 0 0 0 1 0 0 0 0 
1 2 3 1 0 2 1 1 1 1 
3 1 1 2 2 1 1 1 1 1 
1 3 1 2 2 1 1 1 1 1 
3 3 3 3 0 0 0 0 0 0 
3 1 3 3 3 0 3 3 3 3 
1 3 0 3 1 1 1 1 1 1 
3 3 3 3 3 3 3 3 0 0 
3 1 1 3 2 1 0 1 1 2 
1 1 1 0 1 3 1 0 0 1 
2 0 0 0 0 0 3 0 0 0 
0 1 0 0 0 1 0 0 0 0 
1 2 3 1 0 1 3 1 1 1 
2 2 2 2 0 3 1 2 1 2 
1 1 1 1 1 0 0 0 0 0 
1 1 3 2 2 0 0 0 0 0 
3 0 2 0 0 0 3 0 0 0 
1 1 2 0 2 3 1 0 0 1 
2 3 3 1 0 1 1 1 1 3 
1 0 1 0 2 3 1 0 0 1 
0 0 0 0 0 0 2 0 1 0 
2 2 2 0 0 0 0 0 0 0 
3 0 0 0 0 2 1 0 3 0 
1 1 1 0 2 3 1 0 0 1 
2 2 2 3 1 0 0 0 0 1 
2 3 2 1 0 1 1 1 3 1 
2 2 2 2 2 0 2 2 2 2 
0 0 3 2 1 1 3 0 0 1 
0 1 1 0 1 1 0 0 0 0 
3 2 1 1 2 0 0 0 0 0 
1 3 3 1 0 1 1 1 1 1 
1 1 1 1 1 0 1 0 0 0 
0 0 0 1 0 0 2 0 1 0 
2 2 2 3 1 0 0 0 1 0 
1 3 2 0 0 0 0 0 0 0 
0 0 0 0 0 0 0 0 0 0 
2 3 1 1 0 0 0 0 0 0 
0 0 3 2 1 1 3 1 3 2 
0 1 1 0 1 1 1 1 0 0 
0 0 0 0 0 1 0 2 0 1 
2 2 2 2 2 2 2 0 0 0 
1 1 3 0 0 0 2 0 0 1 
1 1 2 0 0 0 2 2 2 1 
3 2 1 1 0 0 0 0 0 0 
1 1 1 1 1 0 1 1 1 1 
1 1 1 1 1 0 1 1 1 0 
0 1 1 0 0 1 0 0 0 0 
0 1 1 0 1 1 1 1 1 0 
1 1 1 1 0 0 0 0 0 0 
0 0 0 3 0 2 1 2 1 2 
2 3 2 1 3 1 1 3 1 1 
0 0 0 0 0 2 1 2 1 2 
0 2 1 0 3 1 2 3 2 3 
1 1 2 2 0 2 2 0 2 3 
1 3 1 2 3 2 0 0 0 0 
2 2 2 3 1 0 0 1 0 0 
3 2 1 0 0 0 0 2 3 3 
3 3 3 3 3 3 0 0 0 0 
0 1 1 0 1 1 1 1 1 1 
2 2 2 2 0 0 0 0 0 0 
0 0 3 2 1 1 0 2 3 1 
0 0 0 0 0 1 0 1 1 0 
0 0 0 0 1 2 1 2 1 2 
2 2 2 2 2 2 2 2 0 0 
1 1 1 2 2 1 1 1 1 1 
1 0 0 0 2 2 0 3 0 2 
0 1 1 0 1 1 1 0 0 0 
3 3 3 3 3 3 3 0 0 0 
3 3 3 1 1 0 2 2 2 2 
1 1 0 0 2 1 2 1 1 2 
1 1 1 1 1 1 0 0 0 0 
3 2 1 0 0 0 0 0 0 0 
1 2 2 3 1 0 0 0 0 0 
1 3 3 2 2 1 1 1 1 1 
0 2 3 1 1 2 0 2 3 3 
0 0 0 0 0 1 0 1 0 2 
2 2 2 2 2 2 2 2 2 0 
0 0 0 0 0 1 0 1 0 1 
3 1 1 0 0 3 1 0 0 1 
1 1 2 0 0 0 2 2 0 1 
0 0 0 0 0 1 0 1 0 0 
0 0 0 0 0 1 2 0 1 0 
1 1 1 0 0 0 0 0 0 0 
0 0 0 0 2 3 0 0 0 3 
0 2 2 0 2 2 2 2 2 2 
0 0 0 0 3 3 2 1 2 1 
1 0 0 0 0 0 0 0 0 0 
0 0 3 0 1 1 1 1 1 1 
0 2 0 0 0 0 2 0 1 0 
2 2 0 0 0 0 0 0 0 0 
MFS
[ 0 , 0 , 0 , 0 , 0 , - , - , - , - , - ]
[ - , - , - , - , - , 1 , 1 , 1 , 1 , 1 ]
[ - , 1 , - , 0 , - , - , - , - , - , - ]
[ - , - , - , - , - , 0 , 0 , 0 , 0 , 0 ]
[ - , - , - , - , 1 , - , - , - , - , - ]
precise
0.2
recall
0.5
F-measure
0.28571428571428575
multi
0
time
all 3287 iden 3025 gen 209
t-cover
712
all-cover
720
coveredNum
(1 : 219)  (2 : 145)  (3 : 124)  (4 : 64)  (5 : 51)  (6 : 32)  (7 : 24)  (8 : 12)  (9 : 14)  (10 : 6)  (11 : 4)  (12 : 5)  (13 : 6)  (14 : 4)  (15 : 4)  (16 : 1)  (17 : 3)  (19 : 1)  (21 : 1)  
real Identify
([ - , 1 , - , 0 , - , - , - , - , - , - ] : 1)  
wrong Checked
5
wrong identified
4
testCase Num: 120
regaular Num: 23
identify Num: 98
3 0 1 0 1 3 3 2 2 2 
1 1 1 1 1 1 1 0 0 0 
0 0 0 0 0 3 1 1 1 1 
1 0 0 0 0 0 0 1 0 2 
2 2 3 1 0 1 3 2 1 2 
2 1 1 0 2 1 3 1 1 1 
2 1 1 0 3 2 2 1 1 1 
2 0 0 0 0 0 0 0 0 0 
2 2 2 2 2 0 0 0 0 0 
2 3 3 3 1 0 0 1 0 0 
2 1 0 0 2 1 3 1 1 1 
1 1 0 0 0 0 0 0 0 0 
0 0 2 0 0 3 1 1 1 1 
2 2 2 2 2 2 0 0 0 0 
0 3 0 1 1 1 1 3 0 3 
3 3 3 0 0 0 0 0 0 0 
0 1 1 2 2 1 3 1 1 1 
1 2 2 2 1 2 2 0 0 3 
0 1 1 1 0 1 0 0 0 0 
2 1 1 0 3 3 2 2 0 1 
0 0 1 2 1 0 0 0 1 0 
3 0 0 0 0 0 0 0 0 0 
2 1 1 0 0 3 0 0 0 2 
0 0 1 2 1 0 0 0 1 3 
3 3 3 3 3 0 0 0 0 0 
1 1 1 1 1 1 1 1 1 0 
3 3 0 0 0 0 0 0 0 0 
1 1 1 3 2 0 0 0 0 0 
0 0 0 0 0 1 0 0 0 0 
3 1 1 2 3 0 2 3 1 3 
2 1 3 1 2 0 0 0 0 0 
0 0 3 3 3 2 0 2 2 3 
0 0 1 2 1 1 1 3 0 3 
3 3 3 3 3 3 3 3 3 0 
3 1 2 2 1 0 0 0 0 0 
1 1 1 1 1 1 1 1 0 0 
1 0 0 1 0 1 0 0 0 0 
1 3 2 1 0 0 0 0 0 0 
0 0 1 2 1 0 0 3 0 3 
2 1 0 0 0 0 0 0 0 0 
0 0 0 1 1 1 1 3 0 3 
2 3 3 3 1 0 0 0 0 1 
3 3 1 1 0 2 2 1 3 3 
1 2 0 0 0 0 0 0 0 0 
2 3 3 3 1 0 0 0 1 0 
1 1 1 1 1 0 1 1 0 0 
2 0 0 0 2 1 3 1 1 1 
1 0 0 0 0 1 0 0 0 0 
0 1 3 0 3 2 1 2 2 2 
2 3 0 1 0 1 1 3 0 3 
2 0 0 0 0 3 1 1 1 1 
0 3 0 0 0 3 1 1 1 1 
3 3 3 3 0 0 0 0 0 0 
0 0 2 3 0 3 3 0 0 0 
2 1 1 0 0 3 2 2 0 0 
3 2 2 1 3 1 0 0 0 0 
3 3 3 3 3 3 3 3 0 0 
1 0 0 2 2 1 3 1 1 1 
0 1 0 0 0 1 0 0 0 0 
1 1 1 1 1 0 0 0 0 0 
1 1 0 0 2 1 3 1 1 1 
3 0 3 2 0 0 2 0 3 1 
0 0 0 1 0 3 0 0 0 3 
1 1 0 3 1 2 1 2 3 2 
0 0 0 0 1 1 3 2 3 3 
2 2 2 0 0 0 0 0 0 0 
0 0 0 0 3 2 2 2 2 2 
2 2 1 3 1 0 0 0 0 0 
0 0 1 2 1 0 0 2 0 3 
0 1 1 0 1 1 0 0 0 0 
0 0 1 2 1 3 0 0 1 0 
1 1 1 1 1 0 1 0 0 0 
3 0 0 3 2 1 2 3 3 0 
3 1 2 0 0 0 0 0 0 0 
0 0 0 0 0 0 0 0 0 0 
0 0 1 2 1 0 1 3 0 3 
0 1 1 0 1 1 1 1 0 0 
2 2 2 2 2 2 2 0 0 0 
2 1 2 0 3 2 3 1 1 1 
1 1 1 1 1 0 1 1 1 1 
2 1 1 0 0 2 1 3 0 0 
1 1 1 1 1 0 1 1 1 0 
0 1 1 0 0 1 0 0 0 0 
0 1 1 0 1 1 1 1 1 0 
1 1 1 1 0 0 0 0 0 0 
0 0 1 2 1 2 0 2 1 0 
3 0 0 0 0 0 1 0 0 0 
1 2 1 3 0 0 0 0 0 0 
2 3 2 2 2 0 2 2 2 2 
0 1 2 0 1 3 2 3 3 2 
2 1 3 0 0 0 0 0 0 0 
2 1 1 0 3 2 2 2 1 1 
3 3 3 3 3 3 0 0 0 0 
0 1 1 0 1 1 1 1 1 1 
2 2 2 2 0 0 0 0 0 0 
0 2 3 0 2 2 3 3 3 3 
1 2 0 0 3 0 1 1 2 3 
0 0 1 1 1 1 1 3 0 3 
2 0 0 0 0 2 2 2 1 0 
2 1 2 2 3 3 0 3 3 2 
2 2 2 2 2 2 2 2 0 0 
0 1 1 0 1 1 1 0 0 0 
1 3 1 2 0 1 1 0 2 0 
3 3 3 3 3 3 3 0 0 0 
1 1 1 1 1 1 0 0 0 0 
0 0 1 2 0 1 1 3 0 3 
0 0 0 2 0 3 1 1 1 1 
2 2 1 3 0 3 1 1 1 1 
0 0 0 1 2 3 2 0 0 2 
0 0 0 0 1 3 1 1 1 1 
0 0 0 1 3 2 0 0 0 1 
2 1 2 0 1 1 3 1 1 1 
2 2 2 2 2 2 2 2 2 0 
2 3 3 3 3 0 3 0 0 0 
1 1 3 1 2 3 1 3 2 1 
2 3 0 1 1 1 1 3 0 3 
1 1 1 0 0 0 0 0 0 0 
0 0 0 1 2 0 0 2 0 1 
1 0 0 0 0 0 0 0 0 0 
2 2 0 0 0 0 0 0 0 0 
MFS
[ 0 , 0 , 0 , 0 , - , - , - , - , - , - ]
[ 0 , - , - , - , 1 , - , - , - , - , - ]
[ 0 , - , - , 0 , - , - , - , - , - , - ]
[ - , 1 , - , 0 , - , - , - , - , - , - ]
[ - , - , - , - , - , 0 , 0 , 0 , 0 , 0 ]
precise
0.4
recall
1.0
F-measure
0.5714285714285715
multi
0
time
all 3049 iden 2787 gen 231
t-cover
720
all-cover
720
coveredNum
(1 : 228)  (2 : 186)  (3 : 126)  (4 : 72)  (5 : 29)  (6 : 25)  (7 : 8)  (8 : 17)  (9 : 10)  (10 : 5)  (11 : 2)  (12 : 7)  (13 : 1)  (14 : 2)  (16 : 2)  
real Identify
([ 0 , - , - , - , 1 , - , - , - , - , - ] : 1)  ([ - , 1 , - , 0 , - , - , - , - , - , - ] : 1)  
wrong Checked
3
wrong identified
3
