testCase Num: 90
regaular Num: 90
identify Num: 0
1 1 1 0 0 1 1 0 2 1 
2 2 2 2 1 0 1 2 0 1 
1 2 2 1 0 0 2 0 2 1 
2 1 2 2 0 2 1 1 0 0 
2 0 0 1 1 1 0 0 2 1 
1 2 2 1 2 2 0 1 0 1 
2 0 2 2 1 0 2 0 1 2 
0 1 0 0 0 2 0 2 0 0 
1 1 2 2 2 2 1 1 0 1 
0 0 1 1 0 2 0 1 1 1 
1 0 2 1 0 0 0 0 0 0 
2 0 0 2 0 1 1 1 1 1 
1 0 1 0 2 2 1 0 2 1 
2 2 2 2 2 2 0 2 0 1 
1 2 1 1 2 1 0 0 1 1 
2 2 1 0 2 0 2 0 0 0 
1 1 2 1 0 2 0 0 2 1 
2 2 1 1 0 1 0 0 1 1 
1 1 1 0 1 1 1 1 0 1 
1 1 1 0 2 1 1 0 0 1 
2 2 1 1 1 1 2 0 1 1 
1 2 2 2 1 0 0 0 1 1 
1 0 1 2 0 0 0 0 0 0 
1 2 1 0 1 1 2 2 1 1 
1 1 1 0 1 0 1 1 1 1 
0 0 0 0 0 0 2 0 0 1 
2 2 2 2 1 0 2 2 2 1 
0 0 0 0 0 0 0 0 0 0 
2 2 0 1 0 0 0 0 0 1 
2 2 2 0 0 0 1 0 0 1 
1 2 1 2 0 0 1 2 1 1 
1 0 1 1 2 2 1 0 2 0 
2 2 1 2 0 0 0 2 1 1 
1 2 2 0 1 0 0 1 0 1 
2 2 1 0 0 1 0 1 1 1 
2 0 0 0 0 2 2 0 0 1 
1 1 0 0 1 1 0 0 0 1 
1 0 2 0 0 0 2 0 0 1 
1 1 1 1 2 1 1 0 0 1 
1 1 1 1 1 0 1 1 1 1 
1 2 1 0 0 0 2 2 1 1 
1 2 2 0 1 2 2 1 2 1 
1 2 2 1 2 0 0 1 1 1 
1 0 1 0 2 1 0 1 0 1 
1 1 1 0 0 1 1 2 2 1 
1 1 1 2 0 0 1 2 0 1 
0 0 0 2 0 1 0 1 0 0 
2 1 1 0 2 0 0 0 1 1 
2 2 2 0 0 0 2 2 0 1 
1 1 1 0 0 1 1 1 0 1 
0 0 0 0 0 0 1 0 0 2 
1 2 1 2 0 0 2 2 1 1 
2 2 2 2 2 1 0 2 2 1 
1 1 1 1 1 1 1 0 2 1 
1 2 2 1 2 1 2 1 0 1 
1 2 1 1 0 1 2 2 0 2 
2 2 1 0 1 0 2 2 1 1 
1 1 1 1 2 1 1 1 0 1 
0 2 0 0 1 1 1 2 1 0 
2 2 1 0 1 2 2 2 1 1 
1 0 2 0 0 0 0 0 1 1 
1 1 1 2 1 0 1 2 2 1 
1 2 2 1 2 1 0 1 1 1 
0 0 0 0 2 0 0 0 1 0 
2 1 0 1 2 1 2 2 0 1 
2 2 2 1 1 2 0 0 0 1 
2 2 2 2 0 1 1 2 1 1 
1 2 2 1 2 0 2 1 0 1 
0 2 0 0 1 2 0 1 2 0 
1 2 1 2 0 2 2 2 1 1 
1 1 1 2 0 0 0 0 0 1 
1 1 1 2 0 0 1 2 1 1 
1 2 1 0 2 0 0 0 1 1 
2 2 2 2 0 2 0 2 0 1 
0 0 2 0 0 0 0 2 2 2 
1 2 1 2 1 1 2 0 1 1 
2 0 0 1 0 0 0 0 0 0 
1 1 1 1 0 0 1 1 2 1 
2 2 2 0 1 0 2 2 0 1 
0 1 0 0 2 2 2 1 2 2 
2 2 2 1 2 0 2 2 0 1 
1 1 1 0 1 1 1 0 2 1 
1 2 1 1 0 2 0 1 1 1 
2 2 2 2 2 0 0 2 0 1 
1 2 1 2 2 1 0 0 1 1 
1 2 2 1 2 0 2 1 1 1 
2 2 1 0 1 1 2 0 1 1 
1 0 2 0 1 0 1 2 2 1 
2 2 0 2 1 0 1 0 0 1 
1 1 1 1 2 0 1 1 0 1 
MFS
[ 2 , - , 1 , 0 , - , 1 , 2 , - , - , 1 ]
[ - , - , - , 1 , 0 , - , - , - , - , 1 ]
[ - , - , - , 0 , - , - , 1 , 2 , - , 1 ]
[ 1 , - , - , 1 , 2 , 0 , - , - , 0 , 1 ]
[ - , - , - , - , 0 , - , - , 0 , - , 1 ]
[ - , 2 , 0 , - , - , - , - , - , - , - ]
[ - , - , - , 0 , 2 , - , - , - , - , 1 ]
[ 2 , - , - , 1 , 2 , - , - , - , - , 1 ]
[ 1 , 2 , 2 , 1 , 2 , 0 , - , - , 0 , 1 ]
[ - , 1 , - , - , - , - , 2 , - , - , - ]
[ - , - , - , 2 , - , 0 , - , - , 1 , 1 ]
[ - , 1 , - , - , - , - , 0 , - , - , - ]
[ - , - , - , 1 , - , - , - , 2 , - , 1 ]
[ - , 1 , - , 2 , 0 , - , 1 , - , - , 1 ]
[ - , - , - , - , - , - , - , - , - , 0 ]
[ - , - , - , - , - , - , - , - , - , 2 ]
[ - , - , 1 , 0 , 1 , - , - , 1 , 1 , 1 ]
[ - , - , 0 , - , - , 1 , - , 0 , - , 1 ]
[ - , 0 , - , - , - , - , - , - , - , - ]
[ 1 , 2 , - , 1 , 2 , 1 , - , 0 , - , 1 ]
[ - , - , 2 , 2 , 2 , 0 , - , - , - , 1 ]
[ - , 0 , - , - , - , - , - , 1 , - , 1 ]
[ - , - , - , 2 , 0 , - , 0 , - , - , 1 ]
[ - , - , - , - , 0 , - , - , 1 , - , 1 ]
[ - , - , 1 , 0 , - , 1 , 1 , - , - , 1 ]
[ 2 , - , - , 2 , 0 , 2 , - , - , - , 1 ]
[ - , - , - , - , 0 , - , - , 2 , 0 , 1 ]
[ - , 0 , - , - , 1 , - , 1 , - , - , 1 ]
[ - , 0 , - , 2 , 0 , 1 , - , - , - , 1 ]
[ - , 2 , 1 , - , - , - , - , - , 0 , - ]
[ - , 0 , - , - , 1 , - , - , - , 2 , 1 ]
[ 1 , 2 , 1 , 1 , 2 , - , - , - , - , 1 ]
[ 1 , - , - , 1 , 2 , 0 , - , - , 2 , 1 ]
[ - , 2 , 1 , - , - , - , - , - , 2 , - ]
[ - , - , - , 0 , - , - , 0 , 2 , - , 1 ]
[ - , - , - , 0 , 0 , - , - , - , - , 1 ]
[ - , - , - , 0 , - , 0 , - , - , 1 , 1 ]
[ - , - , - , 1 , - , 0 , - , - , 2 , 1 ]
[ - , - , - , 2 , 0 , 0 , - , - , - , 1 ]
[ - , - , - , - , 1 , - , 0 , - , - , 1 ]
[ - , - , 1 , 0 , 1 , 0 , - , - , 1 , 1 ]
[ 1 , - , 0 , - , - , - , - , - , - , 1 ]
[ - , - , - , - , - , 0 , - , - , 0 , 1 ]
[ 2 , - , 1 , 0 , 1 , 1 , - , - , 1 , 1 ]
[ 0 , - , - , - , - , - , - , - , - , 1 ]
[ 2 , 2 , - , - , - , - , - , 1 , - , 1 ]
[ 2 , - , - , - , 0 , 2 , - , 2 , - , 1 ]
[ - , - , 1 , 0 , 1 , - , - , 0 , 1 , 1 ]
[ - , - , 2 , - , - , 1 , - , 0 , - , 1 ]
[ - , - , 1 , - , - , 2 , - , 1 , - , 1 ]
[ 1 , - , - , 1 , 2 , 0 , 0 , - , 1 , 1 ]
[ - , - , 1 , - , - , 1 , 0 , - , - , 1 ]
[ - , 1 , - , 0 , 1 , - , - , - , 2 , 1 ]
[ - , 0 , - , 2 , 0 , - , 1 , - , - , 1 ]
[ - , - , - , - , - , 0 , - , 0 , - , 1 ]
[ - , - , 1 , 2 , 2 , - , - , - , - , 1 ]
[ 2 , 1 , - , - , - , - , 1 , - , - , - ]
[ - , - , 2 , - , 1 , - , - , - , 1 , 1 ]
[ - , - , - , 1 , - , 0 , 0 , - , 1 , 1 ]
[ - , - , - , 0 , - , 0 , - , - , 2 , 1 ]
[ - , - , 0 , - , - , 1 , - , - , - , 1 ]
[ - , - , - , - , - , 2 , - , 0 , - , 1 ]
[ - , - , 1 , 2 , - , 1 , 1 , - , - , 1 ]
[ - , - , 1 , 2 , 0 , - , 1 , - , - , 1 ]
[ - , - , - , - , 1 , - , - , - , 0 , 1 ]
[ - , - , - , - , 0 , - , - , 2 , 2 , 1 ]
[ - , 2 , - , - , 1 , - , 1 , - , - , 1 ]
[ - , - , 0 , 2 , 0 , - , 1 , - , - , 1 ]
precise
0.0
recall
0.0
F-measure
0.0
multi
49
time
all 359 iden 0 gen 344
t-cover
249
all-cover
405
coveredNum
(1 : 195)  (2 : 61)  (3 : 50)  (4 : 31)  (5 : 15)  (6 : 26)  (7 : 7)  (8 : 8)  (9 : 7)  (10 : 3)  (14 : 2)  
real Identify

testCase Num: 85
regaular Num: 85
identify Num: 0
1 1 1 1 0 1 0 1 0 2 
1 0 0 1 1 2 0 2 1 1 
2 1 0 2 2 1 1 1 1 0 
1 1 1 1 0 1 1 1 1 0 
2 1 0 0 0 0 1 1 1 0 
1 1 1 1 0 1 1 1 1 2 
2 1 0 2 1 1 1 1 0 0 
1 0 2 2 1 0 1 1 0 2 
2 1 0 2 0 1 0 1 2 1 
2 1 0 2 0 1 0 1 2 0 
1 2 1 1 2 1 1 1 0 0 
1 2 1 2 1 2 2 1 2 0 
2 0 1 2 2 2 2 1 1 0 
2 0 1 2 2 2 2 1 1 1 
2 0 2 2 2 2 2 1 1 2 
2 1 0 0 0 1 1 1 2 0 
0 2 1 0 1 2 0 1 0 2 
2 0 0 2 2 2 2 1 1 0 
1 1 1 1 1 1 0 1 0 2 
1 1 1 1 1 1 0 1 0 1 
2 1 1 0 2 0 1 0 1 2 
2 2 1 0 0 0 2 1 1 1 
0 0 0 0 0 0 0 0 0 0 
2 0 0 0 2 2 2 1 1 1 
2 2 0 2 0 2 2 1 2 0 
1 2 2 2 2 2 0 0 0 0 
2 2 2 0 2 1 1 1 0 1 
2 2 0 0 0 1 1 1 0 0 
1 1 2 2 0 1 0 1 2 1 
2 1 0 1 2 1 2 1 2 0 
0 1 1 2 0 2 1 2 2 0 
1 2 2 1 2 1 0 1 1 0 
2 0 1 0 0 2 2 1 0 0 
2 0 0 0 0 2 2 1 2 0 
1 1 1 1 2 1 0 1 0 0 
2 1 0 1 0 1 1 1 1 2 
0 0 0 1 2 0 0 1 0 1 
2 2 0 2 2 2 2 1 1 2 
1 2 1 1 2 1 2 1 0 1 
1 2 2 1 2 1 0 1 0 0 
2 1 2 2 1 1 1 1 2 2 
1 0 2 2 0 2 2 1 2 2 
2 0 0 1 0 2 2 1 0 0 
1 1 1 1 1 1 1 1 0 1 
2 1 0 2 2 1 0 1 2 2 
2 2 2 1 1 0 2 0 2 1 
0 2 2 1 0 1 2 1 1 0 
2 2 0 2 0 2 2 1 1 0 
2 1 0 2 1 1 0 1 1 1 
2 1 2 0 0 0 0 0 0 0 
2 0 0 1 0 1 1 1 2 2 
2 0 0 1 0 1 1 0 0 2 
1 0 2 2 1 2 2 1 0 2 
2 0 0 2 1 2 2 1 2 0 
0 2 2 0 0 0 1 2 0 0 
1 2 1 1 2 1 0 1 2 0 
1 0 1 0 2 2 1 1 2 1 
2 1 0 2 0 1 1 1 1 0 
1 2 1 2 2 1 0 1 2 0 
2 1 0 0 1 1 0 1 2 2 
1 1 1 0 0 1 0 1 0 1 
1 0 1 2 1 1 2 1 1 0 
1 1 1 1 0 1 1 1 0 0 
2 1 0 2 1 1 0 1 2 1 
2 1 0 0 1 2 0 1 0 0 
2 0 1 2 1 0 2 2 0 0 
2 1 1 1 0 1 0 1 0 2 
1 0 2 0 0 0 0 1 2 0 
1 1 0 0 0 0 2 1 2 1 
2 2 0 0 1 2 2 1 1 0 
1 2 1 0 0 2 2 1 0 2 
2 1 0 2 0 1 1 1 2 0 
1 2 1 1 2 1 0 1 0 0 
2 2 0 1 1 0 0 1 2 1 
1 1 1 0 2 0 0 1 0 2 
1 1 1 1 1 1 0 1 1 0 
2 2 0 2 1 2 2 1 2 2 
1 0 2 0 2 1 0 2 2 2 
1 1 2 2 0 2 2 1 2 1 
2 2 0 2 1 2 2 1 2 0 
1 2 1 2 0 2 2 1 2 1 
2 1 0 2 2 1 1 1 1 2 
2 0 2 2 0 0 0 1 0 0 
1 1 1 0 0 1 0 1 1 0 
0 0 0 2 0 1 0 0 0 1 
MFS
[ 0 , - , - , - , - , - , - , - , - , - ]
[ - , - , - , 2 , 1 , - , - , - , 1 , - ]
[ - , - , - , - , - , 2 , 0 , - , - , - ]
[ 1 , - , - , 2 , - , - , - , - , - , 2 ]
[ 2 , - , - , 0 , - , - , - , - , - , 2 ]
[ 1 , - , - , 1 , - , 2 , - , - , - , - ]
[ 2 , - , - , - , - , - , - , - , - , 0 ]
[ - , 2 , - , - , 0 , 1 , - , - , - , - ]
[ 1 , - , - , 1 , 0 , - , - , - , 1 , 0 ]
[ 2 , - , - , 1 , - , - , - , - , - , - ]
[ - , - , 0 , 1 , - , - , - , - , - , - ]
[ - , - , - , 1 , - , 2 , 2 , - , - , - ]
[ 1 , - , - , 1 , 0 , - , - , - , 2 , - ]
[ 1 , - , - , 1 , 0 , - , - , - , 0 , - ]
[ 1 , - , - , 1 , 0 , 1 , - , - , 2 , - ]
[ - , - , - , - , - , 0 , - , - , - , - ]
[ 1 , - , - , 2 , - , - , - , - , 1 , 0 ]
[ 1 , - , - , 1 , 0 , 1 , - , - , 0 , - ]
[ 1 , - , 0 , - , - , - , - , 1 , - , - ]
[ 2 , - , 0 , - , - , - , - , - , - , 1 ]
[ - , - , - , 2 , 0 , - , - , - , 1 , - ]
[ 1 , 2 , 2 , 2 , - , - , - , - , - , - ]
[ - , - , 2 , 1 , - , - , 2 , - , - , - ]
[ - , - , 2 , 1 , - , - , 1 , - , - , - ]
[ 1 , - , - , 2 , - , - , - , - , 1 , - ]
[ 2 , - , - , 1 , - , - , - , - , - , 2 ]
[ - , 1 , 1 , 2 , 1 , - , - , - , - , - ]
[ - , - , - , 2 , - , 0 , - , - , - , 1 ]
[ - , 0 , - , - , - , 1 , - , - , - , - ]
[ - , 2 , - , - , 1 , 1 , - , - , - , - ]
[ - , - , - , - , - , 2 , 1 , - , - , - ]
[ 2 , 2 , 1 , - , - , - , - , - , - , 1 ]
[ 2 , - , - , 2 , - , - , 0 , - , - , 2 ]
[ 1 , - , - , 1 , 0 , 1 , 0 , - , - , - ]
[ - , - , - , 2 , 0 , - , - , - , - , 2 ]
[ - , - , - , 2 , 0 , - , - , - , - , 0 ]
[ 0 , - , - , 2 , 0 , - , - , - , - , 1 ]
[ - , - , - , 2 , 2 , - , - , 0 , - , - ]
[ 0 , - , - , 2 , - , - , - , - , - , 0 ]
[ 2 , - , - , 2 , - , - , - , - , - , 0 ]
[ 0 , - , - , 1 , - , - , - , - , - , - ]
[ 1 , 0 , - , 2 , - , - , - , - , - , - ]
[ - , - , - , 2 , - , 1 , - , - , - , 1 ]
[ - , - , - , - , - , - , - , 0 , - , - ]
[ - , 0 , - , 2 , 1 , - , - , - , - , - ]
[ 2 , - , 2 , - , - , - , - , - , - , 1 ]
[ - , - , - , - , - , - , - , 2 , - , - ]
[ - , 0 , - , 2 , - , - , - , - , 2 , - ]
[ - , - , - , 0 , - , - , - , - , - , - ]
[ 0 , - , - , - , - , - , - , 1 , - , - ]
[ - , 1 , 1 , 2 , - , - , - , - , 2 , - ]
[ 1 , 0 , - , 1 , 1 , - , - , - , - , - ]
[ 0 , - , - , 2 , - , - , - , - , 2 , - ]
[ - , 1 , 0 , 2 , 1 , - , - , - , - , - ]
[ 1 , - , - , 0 , - , - , - , - , - , - ]
[ 1 , - , - , 2 , - , - , - , - , 0 , 0 ]
[ - , - , - , 2 , - , - , - , - , 0 , - ]
[ - , 0 , 0 , 2 , 2 , - , - , 1 , - , - ]
precise
0.0
recall
0.0
F-measure
0.0
multi
46
time
all 328 iden 0 gen 280
t-cover
248
all-cover
405
coveredNum
(1 : 197)  (2 : 63)  (3 : 41)  (4 : 25)  (5 : 20)  (6 : 8)  (7 : 20)  (8 : 10)  (9 : 8)  (10 : 2)  (11 : 2)  (12 : 4)  (13 : 2)  (14 : 1)  (15 : 1)  (16 : 1)  
real Identify

testCase Num: 81
regaular Num: 81
identify Num: 0
2 1 1 1 0 0 1 0 0 2 
1 2 2 2 0 0 1 1 0 2 
1 1 2 0 0 1 1 2 2 0 
0 2 2 1 1 0 1 0 0 2 
1 0 2 0 2 2 1 1 0 2 
2 1 1 1 0 1 1 2 0 0 
0 0 0 1 1 2 1 1 2 0 
0 1 2 0 0 0 0 0 0 0 
2 0 1 2 1 1 1 2 1 0 
2 0 1 2 1 1 1 0 1 2 
2 0 1 2 1 1 1 0 1 1 
0 0 1 0 0 0 1 1 1 0 
2 1 0 0 2 0 0 1 2 0 
0 0 0 0 0 0 0 0 0 0 
1 0 2 0 1 2 1 0 0 0 
2 0 1 0 1 1 1 1 1 0 
0 0 1 0 2 1 2 0 0 1 
2 1 2 1 2 2 1 2 1 2 
0 0 1 2 0 2 1 0 0 0 
0 0 1 2 0 0 1 0 2 0 
1 0 1 0 1 1 1 1 0 0 
0 1 1 0 2 2 1 1 2 1 
2 0 1 2 1 2 1 1 1 2 
0 1 0 1 2 2 2 2 1 0 
0 0 1 2 1 1 1 2 2 1 
2 0 1 1 1 2 1 0 1 2 
2 0 0 0 1 1 0 1 1 2 
0 2 1 1 2 1 1 0 1 0 
0 0 1 0 2 2 1 0 2 2 
1 1 2 0 2 2 1 1 0 2 
1 1 1 1 1 1 1 1 0 1 
2 1 1 2 0 0 2 0 2 2 
2 2 1 1 1 1 1 0 1 0 
1 1 1 1 1 1 1 1 0 0 
1 0 1 0 0 1 1 2 0 0 
1 2 1 2 0 2 0 2 0 0 
2 2 2 0 2 2 1 0 1 2 
2 0 1 0 0 1 1 2 1 1 
2 0 1 0 0 1 1 2 1 0 
2 0 1 1 2 2 1 1 0 0 
0 1 1 2 0 1 1 0 1 0 
2 0 2 0 2 2 1 0 1 2 
2 2 2 0 2 2 1 2 1 2 
2 0 2 1 0 2 1 0 1 2 
2 0 1 0 2 2 1 0 1 2 
2 2 1 1 1 1 1 2 1 1 
2 2 1 1 1 1 1 2 1 0 
0 2 1 0 0 0 1 0 0 1 
1 2 2 2 2 2 1 1 0 2 
0 0 0 2 0 0 0 0 1 0 
0 1 1 0 2 2 1 0 0 2 
1 0 1 0 0 0 2 1 1 2 
1 0 1 0 1 1 1 1 1 0 
2 0 2 1 1 2 1 0 2 2 
2 1 1 2 0 1 1 1 1 0 
2 2 0 1 0 1 1 2 0 1 
2 1 1 2 1 1 1 0 1 1 
2 2 1 2 0 1 1 0 1 1 
2 1 2 1 2 2 1 0 1 2 
2 0 2 0 1 2 1 0 1 2 
1 1 2 2 0 2 1 0 2 2 
0 0 1 0 0 2 1 2 0 1 
1 0 0 2 2 0 1 2 2 1 
2 0 1 0 0 1 1 1 2 1 
0 2 1 0 1 0 1 0 2 2 
2 2 1 0 1 1 1 0 1 1 
0 2 2 2 1 1 2 1 2 0 
2 0 1 2 1 1 1 2 1 2 
0 2 1 0 0 1 1 0 2 0 
2 0 1 0 1 1 1 2 1 1 
0 0 1 1 2 2 1 1 0 2 
1 1 1 0 1 1 1 1 0 0 
1 0 2 1 0 2 0 0 1 1 
2 0 1 2 1 2 1 0 1 2 
0 0 0 0 1 0 0 2 0 0 
0 2 1 1 1 1 1 0 1 1 
2 1 1 0 0 1 1 0 1 0 
1 1 1 2 2 0 1 0 1 1 
2 1 2 0 2 2 1 0 1 2 
1 2 2 0 2 2 1 1 0 2 
2 1 2 1 0 0 1 2 2 1 
MFS
[ 0 , - , - , - , - , - , - , - , - , - ]
[ - , 0 , - , 2 , 1 , 1 , - , - , - , 0 ]
[ - , 0 , - , 2 , 1 , 1 , - , - , - , 1 ]
[ 2 , 1 , - , 1 , 1 , - , - , - , - , - ]
[ 1 , 2 , 1 , - , 1 , - , - , - , - , - ]
[ 1 , 0 , 1 , - , 1 , - , - , - , - , - ]
[ - , - , 0 , - , - , 1 , - , - , - , - ]
[ - , - , 2 , - , 1 , - , - , - , - , - ]
[ - , 0 , - , 2 , 1 , - , - , 0 , - , - ]
[ - , - , - , - , - , 0 , - , - , - , - ]
[ - , - , - , 2 , 1 , 0 , - , - , - , - ]
[ - , 0 , - , 2 , 1 , 1 , - , 0 , - , 2 ]
[ - , 0 , - , 2 , 1 , - , - , - , - , 1 ]
[ - , - , - , 2 , 1 , - , - , - , - , 0 ]
[ - , 1 , 2 , 0 , 2 , - , - , - , - , - ]
[ 2 , - , - , 2 , 1 , - , - , - , - , 0 ]
[ - , 0 , 2 , - , 2 , - , - , - , - , - ]
[ 1 , - , - , 2 , 1 , - , - , - , - , - ]
[ - , - , 2 , 0 , 2 , - , - , 1 , - , - ]
[ - , - , 2 , 0 , 2 , - , - , 0 , - , - ]
[ - , - , - , 0 , 1 , - , - , - , - , - ]
[ - , 2 , - , 2 , 1 , 1 , - , - , - , - ]
[ 0 , - , 2 , - , - , - , 1 , - , - , - ]
[ - , - , - , - , - , - , 0 , - , - , - ]
[ - , - , - , - , - , - , 2 , - , - , - ]
[ 2 , 0 , - , 1 , 1 , - , - , - , - , - ]
[ - , 0 , 2 , 0 , 2 , - , - , - , - , - ]
[ 2 , - , - , - , - , - , - , - , 0 , - ]
[ 0 , - , - , 1 , 1 , - , - , - , - , - ]
[ - , - , 0 , - , - , - , 1 , - , - , - ]
[ - , - , 0 , - , 2 , - , - , - , - , - ]
[ - , - , 0 , - , 1 , - , - , - , - , - ]
[ - , - , 2 , - , - , 1 , - , - , - , - ]
[ - , - , 1 , - , 2 , 1 , - , - , - , - ]
[ - , 2 , - , 2 , 1 , - , - , - , - , - ]
[ - , 0 , - , 2 , 1 , - , - , 2 , - , 0 ]
[ 2 , - , - , - , - , - , - , - , 2 , - ]
[ - , 0 , - , 2 , 1 , - , - , 2 , - , 1 ]
[ 0 , - , 1 , - , 1 , - , - , - , - , - ]
[ 1 , - , - , - , 0 , - , - , 1 , 0 , - ]
[ - , - , - , 1 , 1 , 0 , - , - , - , - ]
[ - , - , - , 1 , 1 , 2 , - , - , - , - ]
[ 1 , - , - , - , - , - , - , 1 , 2 , - ]
[ 1 , - , - , - , - , - , - , 1 , 1 , - ]
[ - , 2 , - , 2 , 1 , - , - , - , - , 1 ]
[ 1 , - , - , - , - , - , - , 0 , - , - ]
[ 0 , - , - , 2 , 1 , - , - , - , - , - ]
[ - , - , 1 , - , 2 , - , - , - , - , - ]
[ 0 , - , - , 1 , 1 , 1 , - , - , - , - ]
[ - , - , - , - , - , 2 , - , - , - , 0 ]
[ 2 , - , - , - , - , - , 0 , - , 1 , - ]
[ - , - , - , - , - , 2 , - , - , - , 1 ]
[ - , - , - , - , 0 , - , - , - , - , - ]
[ 1 , - , - , - , - , - , - , 2 , - , - ]
precise
0.0
recall
0.0
F-measure
0.0
multi
48
time
all 282 iden 0 gen 266
t-cover
200
all-cover
405
coveredNum
(1 : 263)  (2 : 54)  (3 : 43)  (4 : 14)  (5 : 16)  (6 : 5)  (7 : 4)  (8 : 3)  (9 : 3)  
real Identify

testCase Num: 88
regaular Num: 88
identify Num: 0
1 1 0 0 1 0 0 2 1 1 
2 1 2 0 1 1 0 1 1 1 
1 2 1 0 2 2 2 1 1 1 
0 0 2 0 1 0 2 0 0 1 
1 1 0 2 2 2 0 2 1 1 
1 1 1 0 2 0 1 1 1 1 
2 2 1 1 2 2 1 0 0 1 
2 1 1 1 1 0 1 2 1 1 
2 2 0 2 2 2 1 0 1 1 
1 1 2 2 1 2 0 0 0 0 
2 1 1 1 0 1 2 0 2 2 
2 1 1 2 1 2 0 2 1 1 
2 2 1 2 2 2 0 2 0 1 
1 0 2 2 2 0 2 2 1 0 
1 2 0 0 2 2 2 1 0 1 
2 1 0 1 1 1 2 1 1 1 
0 0 0 0 0 0 0 0 0 0 
0 2 1 0 2 1 0 2 0 1 
2 1 0 1 1 1 2 2 1 1 
2 0 1 1 2 2 0 2 0 2 
0 0 0 1 1 0 0 0 2 1 
1 0 2 0 0 1 0 2 2 1 
1 2 1 0 2 2 0 0 2 1 
2 1 2 0 1 1 2 1 2 1 
0 1 2 1 2 1 1 2 0 0 
1 0 0 1 2 0 1 0 1 1 
2 0 1 2 1 0 0 1 2 1 
1 1 2 2 2 1 2 2 2 1 
2 2 0 1 2 2 0 0 2 1 
2 2 0 1 2 2 2 0 0 1 
1 1 0 2 1 2 0 2 1 1 
2 1 2 0 1 0 2 1 2 1 
1 2 2 2 2 0 1 1 0 1 
2 2 0 2 2 2 1 2 2 1 
0 2 0 1 0 0 1 1 2 0 
1 1 2 2 2 0 0 1 2 1 
1 1 2 1 1 1 0 1 1 1 
2 1 0 0 2 0 2 2 1 1 
1 1 1 1 2 0 0 1 1 1 
1 2 0 2 1 1 2 1 0 1 
0 0 0 2 1 0 2 2 0 1 
1 2 2 0 2 0 0 0 2 1 
2 2 0 0 2 2 2 1 0 1 
1 2 0 0 2 2 2 0 1 1 
1 1 0 0 2 0 1 0 1 2 
0 0 0 1 1 1 0 2 1 1 
2 2 1 2 2 0 0 0 2 1 
2 2 0 0 2 1 1 0 1 1 
2 1 2 1 1 0 1 1 1 1 
2 1 2 1 1 0 0 2 2 1 
2 2 1 1 2 2 1 1 0 1 
2 1 0 0 1 0 0 2 0 1 
1 1 2 2 1 0 2 1 2 1 
2 0 1 0 1 0 1 1 2 0 
1 1 1 2 1 0 1 1 0 1 
2 2 2 1 2 2 2 0 0 1 
2 2 1 2 2 2 0 2 2 1 
1 1 0 2 1 0 0 2 1 1 
2 1 1 0 1 0 2 1 1 1 
2 1 1 1 1 0 0 2 1 1 
2 2 1 1 2 2 0 0 2 1 
1 2 0 0 2 2 2 0 0 1 
1 1 0 2 1 1 0 2 1 1 
0 2 2 0 1 2 2 1 0 2 
1 1 0 1 1 1 0 2 0 1 
1 1 0 0 1 2 2 1 1 1 
0 1 1 0 1 0 1 0 2 1 
0 0 0 0 1 1 1 0 0 1 
2 0 0 0 1 2 0 0 0 1 
0 0 0 2 0 0 0 0 0 2 
2 0 2 0 0 0 0 0 1 1 
2 1 0 1 1 0 2 2 1 1 
2 2 0 2 2 2 1 2 0 1 
1 1 0 0 1 1 1 1 1 1 
0 0 0 0 1 0 0 2 0 0 
0 1 0 0 1 2 1 1 0 1 
1 1 0 1 1 0 2 1 2 1 
2 2 2 1 2 2 0 0 1 1 
1 1 2 2 2 0 2 1 2 1 
0 0 0 0 2 0 0 1 0 0 
2 1 2 2 1 1 0 0 1 1 
0 2 1 2 0 2 0 0 1 1 
1 1 1 1 1 1 0 1 1 1 
2 2 1 0 2 2 2 0 2 1 
1 2 0 0 2 2 2 1 1 1 
1 2 0 0 2 2 1 1 0 1 
1 1 0 0 1 0 2 2 1 1 
1 1 0 2 1 1 1 2 1 1 
MFS
[ - , 1 , 1 , - , - , - , - , - , 2 , - ]
[ - , - , 0 , 2 , 1 , - , 0 , 2 , - , 1 ]
[ - , - , 0 , 2 , 1 , - , 2 , 2 , - , 1 ]
[ - , 2 , - , - , 1 , - , - , - , - , 1 ]
[ - , - , - , 1 , - , - , - , - , 2 , 1 ]
[ 0 , 1 , - , - , - , - , - , 1 , - , - ]
[ 0 , 1 , - , - , - , - , - , 2 , - , - ]
[ - , - , - , 1 , 1 , - , 0 , 2 , 1 , 1 ]
[ - , 1 , - , - , - , - , - , - , 0 , - ]
[ - , 2 , - , - , 0 , 2 , - , - , - , - ]
[ - , - , 2 , 2 , 1 , - , - , 2 , - , 1 ]
[ 2 , - , - , 0 , - , - , 1 , - , - , 1 ]
[ - , - , - , 0 , - , - , - , 0 , - , 1 ]
[ - , - , - , 2 , - , - , - , 0 , - , 1 ]
[ - , - , - , - , - , - , - , - , - , 0 ]
[ - , - , - , 2 , - , - , - , 1 , 1 , 1 ]
[ 2 , - , - , - , - , - , 0 , 1 , - , 1 ]
[ - , - , - , - , - , - , - , - , - , 2 ]
[ - , - , 1 , 1 , - , - , 2 , - , - , 1 ]
[ - , - , 0 , 1 , - , - , 1 , - , - , 1 ]
[ - , 0 , - , - , - , - , - , - , - , - ]
[ - , - , - , 0 , - , - , 0 , - , - , 1 ]
[ 1 , - , 0 , 1 , - , - , 2 , - , - , 1 ]
[ - , - , - , 1 , - , - , 0 , 2 , - , 1 ]
[ - , 1 , 0 , - , - , - , - , - , 2 , - ]
[ - , - , - , 1 , 1 , 0 , 2 , 2 , 1 , 1 ]
[ - , 0 , 1 , 0 , - , - , - , 1 , - , 1 ]
[ - , - , - , 2 , - , - , 1 , 1 , - , 1 ]
[ - , - , 0 , 2 , - , - , 0 , 2 , - , 1 ]
[ - , - , 0 , 2 , - , - , 2 , 2 , - , 1 ]
[ 1 , 2 , - , 2 , - , - , - , - , - , - ]
[ 1 , 2 , - , 1 , - , - , - , - , - , - ]
[ 0 , - , - , 0 , - , - , 2 , - , - , 1 ]
[ 1 , - , - , 0 , - , 1 , - , - , 1 , 1 ]
[ 1 , - , - , 1 , - , - , 1 , - , - , 1 ]
[ - , 2 , - , - , 1 , 2 , - , - , - , - ]
[ - , - , 2 , 0 , - , 2 , - , 1 , - , 1 ]
[ - , - , 2 , 0 , - , 0 , - , 1 , - , 1 ]
[ - , 0 , - , 1 , 1 , - , - , - , 1 , 1 ]
[ 1 , - , - , - , - , - , - , - , 0 , 1 ]
[ 2 , - , - , 2 , - , - , - , 1 , 2 , 1 ]
[ 1 , - , - , 1 , - , - , - , - , 0 , 1 ]
[ - , - , - , 0 , - , - , - , 1 , 0 , 1 ]
[ 1 , - , - , 0 , - , - , - , - , 2 , 1 ]
[ - , - , 0 , 1 , - , - , 0 , - , - , 1 ]
[ - , - , - , 0 , - , - , 1 , - , - , 1 ]
[ - , - , - , 2 , - , 1 , 0 , 2 , - , 1 ]
[ - , 1 , - , 0 , - , - , - , 1 , 1 , 1 ]
[ - , - , - , 1 , 0 , - , - , - , 1 , 1 ]
[ - , - , - , 1 , 2 , - , - , - , 1 , 1 ]
[ 0 , - , - , 2 , - , - , - , 2 , - , 1 ]
[ - , 1 , 1 , 0 , - , - , - , 1 , - , 1 ]
[ - , 1 , - , - , - , - , - , 0 , - , - ]
[ - , - , - , 0 , - , - , - , 2 , - , 1 ]
[ - , - , - , 1 , 2 , - , 0 , 1 , - , 1 ]
[ 0 , 2 , - , - , - , - , - , - , - , - ]
[ - , 0 , - , 0 , - , - , - , 1 , 1 , 1 ]
[ - , - , 2 , 0 , - , 1 , 0 , 1 , - , 1 ]
[ - , - , - , 2 , - , 0 , - , 2 , - , 1 ]
[ 0 , - , - , - , - , - , - , - , - , 1 ]
[ - , - , - , - , 0 , - , - , - , - , 1 ]
[ - , 1 , - , - , - , - , - , 0 , 1 , - ]
[ - , 2 , - , 2 , - , - , 2 , 1 , - , 1 ]
[ - , - , 0 , 2 , - , - , 1 , 2 , 0 , 1 ]
[ - , - , - , 2 , - , - , 0 , 1 , - , 1 ]
[ 2 , - , - , 2 , - , - , 1 , 0 , - , 1 ]
[ - , - , - , 1 , - , - , 0 , 0 , - , 1 ]
[ - , - , 0 , 1 , - , - , - , - , 0 , 1 ]
[ 1 , - , - , - , - , 0 , - , - , 1 , 1 ]
[ 2 , - , 0 , - , - , - , 0 , 2 , - , 1 ]
[ - , - , 0 , 0 , - , - , - , 1 , - , 1 ]
[ - , - , 0 , 1 , - , 2 , 2 , - , - , 1 ]
[ - , 2 , - , - , - , 1 , - , - , - , - ]
[ - , 2 , - , - , - , 0 , - , - , - , - ]
[ - , - , - , 2 , - , - , - , 1 , 0 , 1 ]
[ 2 , - , - , - , - , - , 0 , 0 , - , 1 ]
[ 1 , - , - , 1 , - , - , - , - , 2 , 1 ]
[ - , - , 0 , 1 , - , 0 , 2 , - , - , 1 ]
precise
0.0
recall
0.0
F-measure
0.0
multi
42
time
all 344 iden 31 gen 283
t-cover
249
all-cover
405
coveredNum
(1 : 205)  (2 : 45)  (3 : 52)  (4 : 35)  (5 : 19)  (6 : 17)  (7 : 13)  (8 : 8)  (9 : 4)  (10 : 3)  (11 : 2)  (12 : 1)  (13 : 1)  
real Identify

testCase Num: 74
regaular Num: 74
identify Num: 0
1 0 1 2 2 2 2 0 1 0 
1 0 0 2 0 1 2 1 1 1 
2 2 0 2 1 1 0 1 1 2 
1 1 1 2 2 1 2 1 1 1 
1 0 0 0 1 1 0 1 1 1 
0 0 0 0 0 1 1 2 2 1 
2 2 1 2 1 1 0 1 1 2 
1 0 1 1 2 1 1 1 1 1 
0 1 0 0 0 1 2 0 1 2 
0 1 0 0 0 1 0 1 1 2 
1 0 1 0 2 1 2 1 1 1 
1 1 0 1 1 1 1 1 1 1 
2 1 2 0 2 2 1 0 2 1 
2 0 0 1 2 0 1 2 0 1 
2 1 1 1 1 1 2 1 1 2 
2 2 1 1 2 1 1 1 1 2 
1 0 0 0 2 1 2 1 1 1 
0 0 0 0 0 0 0 0 0 0 
0 1 2 2 1 2 0 2 0 2 
0 1 1 1 0 1 2 0 2 0 
2 2 0 0 0 1 1 1 0 0 
0 1 0 2 2 1 1 1 1 0 
0 2 0 0 1 1 0 2 1 0 
2 1 0 1 0 1 0 2 2 2 
1 1 0 2 2 1 0 1 1 1 
1 0 0 0 1 1 0 1 1 0 
2 0 0 0 1 0 0 0 0 0 
0 0 0 2 0 1 0 2 2 0 
0 0 0 0 0 2 0 0 0 2 
0 0 0 0 1 1 2 0 0 0 
1 1 0 1 1 1 0 1 1 1 
1 0 1 0 2 1 1 1 1 1 
2 0 1 0 0 1 2 0 2 1 
0 2 1 0 1 0 1 0 1 2 
2 1 1 0 1 1 1 2 2 0 
0 1 0 1 2 1 0 1 2 0 
2 1 0 1 1 1 0 2 2 2 
2 1 1 1 1 1 0 2 2 2 
1 0 1 2 0 1 0 1 1 1 
2 0 2 1 0 0 1 1 2 0 
0 0 0 0 2 1 2 1 1 1 
2 2 1 0 2 1 2 2 2 2 
2 0 0 1 0 1 0 1 1 0 
0 2 0 1 2 1 2 0 0 1 
1 1 0 2 0 1 2 1 1 2 
0 0 0 2 0 0 1 1 0 0 
1 0 0 2 2 1 1 0 1 2 
2 2 0 2 1 1 1 2 2 2 
2 2 0 2 1 1 2 1 1 2 
0 0 0 1 0 1 0 0 0 2 
0 2 1 1 2 2 0 1 0 1 
2 2 0 1 0 1 0 1 1 2 
2 0 1 1 0 1 1 2 1 0 
0 2 0 1 1 1 1 2 2 2 
1 0 0 0 0 1 0 2 0 0 
0 0 0 0 1 1 2 1 1 0 
1 1 0 0 0 1 1 1 1 1 
1 1 0 0 1 0 0 1 2 0 
1 2 0 2 0 0 2 2 2 1 
2 0 0 2 1 1 1 1 1 2 
2 1 0 2 1 1 0 2 0 1 
0 0 0 0 1 1 1 1 2 2 
1 0 2 1 1 1 2 1 0 2 
1 2 0 1 0 1 2 1 1 0 
2 2 0 0 0 1 0 1 1 2 
1 0 1 2 2 1 1 1 1 1 
1 2 1 2 0 1 2 1 2 0 
1 1 1 0 1 1 0 0 0 2 
1 1 1 0 2 1 1 1 1 1 
1 0 1 1 2 1 0 1 1 0 
0 0 0 2 0 1 0 0 0 0 
1 1 1 1 1 1 0 1 1 1 
2 2 2 2 0 1 0 2 1 0 
2 2 1 2 0 1 0 1 1 1 
MFS
[ 1 , - , 0 , - , 1 , - , 1 , - , - , 2 ]
[ 2 , 0 , 0 , - , 1 , - , 1 , - , - , 2 ]
[ - , - , 0 , 0 , 1 , - , - , - , - , - ]
[ 1 , - , - , - , - , - , - , 2 , 2 , - ]
[ - , 0 , 0 , 2 , 1 , - , - , - , - , - ]
[ 0 , - , 0 , - , 1 , - , 1 , - , - , 2 ]
[ - , - , 2 , - , 2 , - , - , - , - , - ]
[ - , - , - , - , - , - , - , - , - , 0 ]
[ - , 1 , - , 2 , 1 , - , - , - , - , - ]
[ - , - , - , - , - , 0 , - , - , - , - ]
[ - , - , - , - , - , 2 , - , - , - , - ]
[ 0 , - , 0 , 1 , 1 , - , 1 , - , - , - ]
[ 2 , - , - , - , - , - , - , - , - , 1 ]
[ - , 0 , 1 , - , 2 , 1 , 2 , - , - , - ]
[ - , 0 , 1 , 2 , 0 , - , - , - , - , 1 ]
[ - , - , 1 , - , - , - , - , - , - , 0 ]
[ - , - , - , 0 , 1 , - , - , - , - , - ]
[ 0 , - , 1 , - , - , - , - , - , - , 2 ]
[ - , - , - , - , - , - , - , 0 , 2 , - ]
[ - , 0 , - , 1 , 1 , - , - , - , - , - ]
[ - , - , - , - , - , - , - , 0 , 1 , - ]
[ 0 , - , 1 , - , - , 1 , - , - , - , - ]
[ - , - , 2 , - , - , - , - , - , - , - ]
[ - , - , 0 , 1 , 1 , - , 2 , - , - , - ]
[ - , 2 , - , 1 , 1 , - , - , - , - , - ]
[ - , - , 1 , 0 , 1 , - , - , - , - , - ]
[ - , - , 0 , 1 , 1 , - , 0 , - , - , - ]
[ - , - , 0 , - , 2 , - , - , - , - , - ]
[ - , - , 0 , - , 1 , - , 0 , - , - , - ]
[ - , - , 2 , - , - , 1 , - , - , - , - ]
[ - , - , 0 , - , 0 , - , - , - , - , - ]
[ - , 0 , - , 2 , 1 , - , - , - , - , - ]
[ - , - , 1 , - , 2 , 2 , - , - , - , - ]
[ - , - , - , - , - , - , - , 1 , 2 , - ]
[ - , - , 1 , - , 2 , 0 , - , - , - , - ]
[ - , 0 , 1 , 0 , - , - , - , - , - , 1 ]
[ 0 , - , - , - , - , - , - , - , - , 1 ]
[ - , - , 1 , - , 2 , 1 , 0 , - , - , - ]
[ 0 , - , - , - , - , - , - , - , - , 2 ]
[ 0 , - , 0 , - , 1 , - , 2 , - , - , - ]
[ - , 2 , 1 , - , - , - , - , - , - , 1 ]
[ 2 , 0 , - , - , - , - , - , - , - , 2 ]
[ - , 1 , 0 , 2 , 1 , - , - , - , - , - ]
[ 1 , 2 , - , - , - , - , - , - , - , 1 ]
[ - , - , 1 , - , 0 , - , - , - , - , - ]
[ - , - , - , - , - , - , - , - , 0 , - ]
[ 1 , - , 1 , - , - , - , - , - , - , 2 ]
[ - , - , - , - , - , - , - , 2 , 1 , - ]
[ - , - , 0 , - , 1 , - , 1 , - , - , 0 ]
[ 1 , - , - , - , - , - , - , - , - , 2 ]
[ - , - , - , - , 0 , - , - , - , - , - ]
[ 1 , - , 0 , - , 1 , - , 2 , - , - , - ]
precise
0.019230769230769232
recall
0.025
F-measure
0.021739130434782608
multi
47
time
all 234 iden 0 gen 171
t-cover
192
all-cover
405
coveredNum
(1 : 258)  (2 : 53)  (3 : 31)  (4 : 19)  (5 : 22)  (6 : 12)  (7 : 4)  (8 : 2)  (10 : 4)  
real Identify
([ - , - , 0 , - , 0 , - , - , - , - , - ] : 1)  
