testCase Num: 27
regaular Num: 27
identify Num: 0
0 1 0 1 1 0 1 2 0 0 
0 2 0 0 0 0 0 0 1 0 
1 0 0 0 0 0 2 2 0 1 
0 1 1 0 2 2 0 2 1 1 
1 0 2 0 1 1 0 0 2 1 
0 1 2 2 1 0 2 0 1 2 
1 0 0 2 0 2 1 1 0 2 
1 1 0 1 1 1 1 1 1 1 
1 1 0 2 0 0 0 0 2 0 
2 0 1 1 2 2 2 2 2 2 
2 2 2 2 0 1 0 2 0 1 
0 0 1 2 0 1 0 0 1 2 
1 1 1 0 0 1 2 1 0 0 
0 0 0 0 0 0 0 0 0 0 
1 0 0 0 1 0 1 2 1 0 
1 2 1 0 2 0 1 1 2 0 
1 2 0 0 0 1 0 0 2 2 
2 0 0 2 2 1 1 0 0 0 
2 0 2 0 2 2 1 0 0 0 
2 2 1 1 1 2 2 0 0 0 
1 1 1 2 1 0 2 0 1 2 
1 0 2 0 0 0 2 0 0 2 
0 1 0 2 0 0 0 0 2 0 
1 2 0 0 0 0 0 0 1 0 
1 1 1 0 2 2 0 2 1 1 
0 2 0 0 0 1 2 1 2 2 
2 1 2 1 0 0 0 1 1 0 
MFS
[ 0 , - , - , - , - , - , - , - , - , - ]
precise
0.0
recall
0.0
F-measure
0.0
multi
6
time
all 84 iden 16 gen 68
t-cover
378
all-cover
405
coveredNum
(1 : 154)  (2 : 113)  (3 : 83)  (4 : 33)  (5 : 17)  (6 : 1)  (7 : 3)  (9 : 1)  
real Identify

testCase Num: 34
regaular Num: 34
identify Num: 0
0 1 0 2 1 0 0 1 0 2 
1 1 0 0 2 1 0 1 0 1 
0 0 0 0 1 0 0 0 2 0 
2 1 0 2 2 2 2 2 2 1 
0 1 0 0 1 1 0 2 0 0 
2 0 2 1 2 1 1 0 2 0 
2 2 2 0 0 1 2 1 0 2 
1 0 0 1 0 0 2 0 0 1 
0 1 2 1 0 0 2 0 1 1 
1 1 2 0 0 0 0 2 0 0 
1 2 0 0 0 2 1 1 0 1 
1 0 0 0 0 0 2 0 1 0 
2 0 1 0 1 2 2 2 0 0 
0 2 1 2 1 1 0 0 0 0 
1 0 0 0 0 1 0 2 0 0 
0 0 0 0 0 0 0 0 0 0 
1 2 1 1 2 0 0 2 2 2 
1 1 1 1 1 1 1 1 1 0 
0 0 0 2 0 0 0 0 0 2 
1 0 2 2 1 2 0 0 1 1 
1 2 0 0 1 0 1 2 1 2 
0 0 2 0 0 1 0 2 0 0 
0 1 0 2 1 1 2 2 1 2 
0 2 1 2 0 2 1 1 0 1 
1 0 0 0 0 0 2 1 2 2 
0 1 1 2 1 1 2 0 1 2 
2 0 0 2 2 0 0 0 1 0 
0 1 2 2 1 1 1 1 2 1 
0 1 0 2 1 1 2 0 1 2 
0 2 1 1 2 0 0 2 2 2 
0 2 0 0 1 2 1 1 2 1 
1 0 1 2 0 0 1 2 0 1 
0 1 2 1 1 0 2 2 1 1 
2 1 0 1 0 2 0 0 0 2 
MFS
[ 0 , - , - , - , 2 , - , - , - , - , - ]
[ 0 , - , - , - , - , 2 , - , - , - , - ]
[ 0 , - , - , - , 0 , - , - , - , - , - ]
[ 0 , - , - , - , - , 1 , - , 2 , - , - ]
[ 0 , - , - , - , - , 0 , - , - , - , - ]
[ 0 , - , 0 , - , - , 1 , - , - , - , - ]
[ 0 , 0 , - , - , 1 , - , - , - , - , - ]
[ 0 , - , - , 1 , - , 1 , - , - , - , - ]
[ 0 , 0 , 2 , - , - , 1 , - , - , - , - ]
[ 0 , - , - , 0 , - , 1 , - , - , - , - ]
precise
0.2
recall
0.4
F-measure
0.26666666666666666
multi
8
time
all 148 iden 0 gen 132
t-cover
398
all-cover
405
coveredNum
(1 : 101)  (2 : 156)  (3 : 90)  (4 : 35)  (5 : 12)  (6 : 6)  (7 : 5)  
real Identify
([ 0 , - , - , - , 0 , - , - , - , - , - ] : 1)  ([ 0 , - , - , - , - , 0 , - , - , - , - ] : 1)  
testCase Num: 25
regaular Num: 25
identify Num: 0
0 1 0 1 2 1 0 0 0 2 
1 2 0 1 0 1 0 2 0 1 
1 2 2 0 2 2 0 1 1 0 
2 2 2 1 1 2 1 0 0 0 
1 0 1 0 0 2 1 2 0 1 
1 1 0 0 2 2 1 0 2 1 
1 0 0 0 2 0 0 0 2 0 
1 0 2 0 0 0 2 2 1 0 
2 2 0 2 2 2 2 2 2 2 
0 0 2 2 1 1 2 1 0 2 
1 0 1 1 2 1 2 1 0 2 
1 1 0 1 1 1 1 1 1 1 
0 2 0 0 0 1 1 0 2 1 
2 1 2 1 0 0 2 0 2 1 
0 0 1 0 0 0 2 0 0 0 
1 0 0 0 1 0 2 0 0 2 
0 0 0 0 0 0 0 0 0 0 
2 1 1 0 1 1 0 2 2 0 
1 2 1 2 0 0 1 0 1 2 
0 1 0 0 0 2 0 0 1 2 
1 1 2 2 0 1 0 0 0 2 
2 0 0 0 0 0 0 0 1 0 
0 0 1 1 2 2 1 2 0 1 
1 1 0 2 1 0 0 0 0 0 
2 0 1 2 0 0 0 1 2 1 
MFS
[ 0 , - , - , - , - , - , - , - , - , - ]
precise
0.0
recall
0.0
F-measure
0.0
multi
4
time
all 84 iden 0 gen 68
t-cover
378
all-cover
405
coveredNum
(1 : 150)  (2 : 138)  (3 : 77)  (4 : 25)  (5 : 10)  (6 : 5)  
real Identify

testCase Num: 27
regaular Num: 27
identify Num: 0
1 0 0 0 2 1 0 2 0 0 
1 2 0 1 1 0 0 2 0 1 
2 2 1 0 2 1 2 0 0 1 
1 1 2 0 1 1 0 1 0 0 
1 1 0 2 1 2 0 0 2 2 
0 2 2 2 0 2 1 2 1 0 
1 1 2 0 0 2 1 0 1 1 
1 2 2 2 0 1 0 0 1 1 
0 1 1 0 0 1 1 1 2 2 
0 0 1 0 2 2 1 0 1 0 
0 0 2 1 0 2 2 0 2 1 
2 0 0 2 2 2 2 1 1 0 
1 0 0 0 0 1 0 0 0 2 
1 0 0 0 1 0 2 0 0 0 
0 0 0 0 0 0 0 0 0 0 
2 0 1 2 0 0 0 2 1 2 
1 0 1 1 1 1 1 1 1 1 
0 0 0 0 1 2 2 0 0 0 
1 0 1 0 2 0 1 0 2 0 
1 2 0 0 0 2 0 0 0 0 
1 1 1 1 0 2 1 2 0 0 
1 0 2 0 0 0 0 1 2 2 
1 0 0 0 0 0 0 0 2 1 
2 1 2 1 2 0 2 2 2 2 
1 2 0 1 0 1 2 0 2 0 
0 1 0 2 1 1 0 0 1 1 
2 2 0 2 1 0 1 1 0 2 
MFS
[ 0 , - , - , - , - , - , - , - , - , - ]
precise
0.0
recall
0.0
F-measure
0.0
multi
5
time
all 85 iden 0 gen 69
t-cover
378
all-cover
405
coveredNum
(1 : 143)  (2 : 130)  (3 : 71)  (4 : 29)  (5 : 14)  (6 : 9)  (7 : 4)  (8 : 2)  (9 : 3)  
real Identify

testCase Num: 25
regaular Num: 25
identify Num: 0
0 2 1 0 2 1 1 0 0 2 
2 2 2 1 2 2 0 2 1 2 
1 1 0 2 1 2 0 1 0 2 
1 1 1 0 1 1 1 1 1 1 
2 1 1 0 2 1 0 0 0 0 
2 2 2 0 1 2 2 0 2 1 
1 2 0 0 0 0 0 0 0 0 
1 0 1 2 0 2 0 0 1 0 
2 0 0 1 2 0 2 1 1 1 
0 1 1 1 1 0 2 2 2 0 
1 0 0 1 0 1 1 2 0 1 
0 1 2 1 0 1 0 0 2 1 
0 0 0 0 0 2 1 1 2 0 
1 1 2 0 0 1 0 1 2 1 
0 0 0 0 0 0 0 0 0 0 
0 0 0 2 1 0 0 2 1 1 
1 2 1 0 0 1 0 0 0 0 
0 1 0 2 1 2 0 1 0 2 
1 0 0 2 1 0 0 2 0 1 
1 0 0 0 2 0 1 0 0 0 
2 2 2 2 0 0 1 1 0 0 
1 0 1 1 0 2 1 0 2 2 
1 0 0 2 2 1 2 0 2 2 
1 1 1 1 1 0 2 2 2 0 
1 0 2 0 0 0 2 2 0 2 
MFS
[ 0 , - , - , - , - , - , - , - , - , - ]
precise
0.0
recall
0.0
F-measure
0.0
multi
3
time
all 84 iden 0 gen 84
t-cover
378
all-cover
405
coveredNum
(1 : 158)  (2 : 138)  (3 : 63)  (4 : 26)  (5 : 13)  (6 : 4)  (7 : 3)  
real Identify

