testCase Num: 36
regaular Num: 36
identify Num: 0
0 0 0 0 0 0 1 0 0 1 
2 1 1 1 1 1 0 0 0 2 
0 0 2 0 1 0 0 0 0 0 
1 0 0 1 0 2 1 2 1 2 
1 1 1 0 1 1 1 1 1 1 
1 0 2 2 2 1 1 0 0 0 
2 0 1 0 0 2 1 1 2 0 
1 0 2 2 2 1 0 2 0 1 
0 0 0 0 2 0 1 0 0 1 
1 1 0 1 2 2 0 2 1 0 
1 0 0 0 1 0 2 0 2 1 
2 2 1 2 1 2 1 2 2 1 
2 1 1 0 2 0 1 2 1 0 
1 1 0 1 2 0 1 2 1 0 
0 0 0 0 0 0 0 0 0 0 
0 2 2 1 0 1 1 0 1 0 
1 0 1 1 2 0 2 2 0 0 
1 1 0 1 2 0 0 2 2 0 
0 0 0 0 0 0 2 2 0 1 
0 0 0 1 1 2 2 0 1 0 
0 0 0 1 0 2 0 0 0 1 
0 1 0 0 0 0 0 0 0 1 
2 0 1 0 0 0 0 0 1 1 
0 0 0 2 0 0 0 0 0 2 
0 1 1 1 2 0 1 0 0 0 
1 2 0 2 2 0 0 1 1 1 
2 2 2 1 2 0 2 1 2 2 
2 1 0 2 0 1 2 0 2 1 
0 2 0 0 0 0 0 1 0 2 
0 0 0 0 0 1 0 2 0 0 
0 2 1 2 1 2 2 2 0 0 
0 1 2 0 2 2 0 2 2 1 
2 0 2 1 1 2 0 1 2 0 
0 0 1 0 2 0 2 0 0 1 
0 0 0 0 0 0 2 0 1 0 
1 1 0 1 2 0 1 2 0 0 
MFS
[ - , - , 1 , 1 , - , - , - , - , - , 0 ]
[ - , - , - , 0 , - , - , - , - , 1 , 0 ]
[ - , - , 1 , - , - , 2 , - , - , - , 0 ]
[ - , - , - , 2 , - , 2 , - , - , - , 0 ]
[ - , 0 , - , - , - , 1 , - , - , - , 0 ]
[ - , - , - , - , - , 0 , - , - , 1 , 0 ]
[ - , 1 , - , - , - , 1 , - , - , - , 0 ]
[ - , - , - , - , - , - , - , - , 0 , 0 ]
[ - , - , - , 0 , - , 2 , - , - , - , 0 ]
[ - , - , - , 2 , - , - , - , - , - , 0 ]
[ - , - , - , - , - , 0 , - , - , - , 0 ]
[ - , - , - , 0 , - , - , - , - , - , 0 ]
[ - , - , 1 , - , - , - , - , - , 2 , 0 ]
precise
0.23076923076923078
recall
1.0
F-measure
0.375
multi
8
time
all 95 iden 6 gen 87
t-cover
403
all-cover
405
coveredNum
(1 : 121)  (2 : 135)  (3 : 73)  (4 : 30)  (5 : 8)  (6 : 11)  (7 : 13)  (8 : 13)  (9 : 1)  
real Identify
([ - , - , - , - , - , - , - , - , 0 , 0 ] : 1)  ([ - , - , - , - , - , 0 , - , - , - , 0 ] : 1)  ([ - , - , - , 0 , - , - , - , - , - , 0 ] : 1)  
testCase Num: 26
regaular Num: 26
identify Num: 0
1 2 0 0 2 0 1 2 1 0 
1 1 1 1 0 1 1 1 1 1 
2 2 2 1 1 0 2 2 2 2 
2 0 2 0 1 1 0 1 1 0 
2 2 1 0 2 1 0 0 2 1 
0 2 0 0 0 0 1 2 2 1 
1 0 0 2 1 2 1 0 1 2 
0 2 2 0 0 0 0 0 1 1 
0 1 0 1 0 0 0 2 0 0 
0 0 1 2 1 1 2 2 0 1 
0 1 0 0 1 2 2 0 0 1 
1 2 2 1 0 2 0 2 0 1 
1 0 1 0 1 0 0 1 2 1 
0 0 0 1 2 1 2 0 1 2 
1 0 2 2 2 2 2 1 0 1 
0 1 1 0 1 0 1 0 2 0 
0 0 0 0 0 0 0 0 0 0 
2 1 0 2 0 2 0 1 2 2 
2 0 0 0 0 0 0 0 1 1 
0 1 2 0 2 0 1 2 1 1 
2 0 1 0 0 2 1 0 0 2 
0 0 2 0 0 1 0 0 0 1 
0 2 0 2 0 0 2 1 0 1 
1 0 2 0 0 0 2 0 2 0 
0 1 2 2 2 2 2 1 0 0 
0 0 2 0 0 0 1 0 0 0 
MFS
[ - , - , - , - , - , - , - , - , - , 0 ]
precise
0.0
recall
0.0
F-measure
0.0
multi
6
time
all 54 iden 6 gen 45
t-cover
378
all-cover
405
coveredNum
(1 : 166)  (2 : 118)  (3 : 77)  (4 : 27)  (5 : 10)  (6 : 4)  (7 : 2)  (8 : 1)  
real Identify

testCase Num: 29
regaular Num: 29
identify Num: 0
2 0 0 1 2 2 1 2 0 0 
0 0 0 0 0 0 0 2 1 0 
0 0 0 2 1 0 0 0 0 1 
0 0 2 0 0 0 0 2 1 1 
0 2 0 1 2 0 2 0 2 1 
2 0 1 0 2 2 2 0 0 1 
0 1 0 0 1 1 2 1 0 1 
0 1 0 1 2 0 2 0 2 0 
0 0 0 2 0 0 1 0 0 1 
2 1 2 2 2 2 0 1 2 2 
0 0 2 1 1 1 1 2 2 2 
1 0 0 1 0 2 0 1 0 0 
1 0 0 2 2 1 2 0 1 2 
2 2 2 0 0 1 0 0 1 0 
0 2 0 0 2 0 0 0 0 0 
0 2 1 2 2 2 1 2 0 1 
0 2 1 2 1 1 2 1 0 0 
0 0 1 0 0 0 0 0 2 1 
1 1 1 2 0 0 0 2 0 0 
0 0 1 0 0 0 0 0 2 0 
0 0 0 0 0 0 0 0 0 0 
0 2 0 1 1 2 0 1 1 1 
1 0 1 0 0 2 0 1 0 1 
1 1 1 1 1 1 1 0 1 1 
1 2 2 0 0 0 2 2 2 1 
2 1 0 1 0 1 0 2 0 1 
2 1 2 0 1 0 0 0 0 2 
0 2 0 0 0 1 0 0 0 1 
2 2 1 0 0 0 1 1 1 2 
MFS
[ - , - , - , - , - , - , - , - , - , 0 ]
precise
0.0
recall
0.0
F-measure
0.0
multi
5
time
all 55 iden 2 gen 51
t-cover
378
all-cover
405
coveredNum
(1 : 152)  (2 : 130)  (3 : 72)  (4 : 22)  (5 : 18)  (6 : 4)  (7 : 5)  (8 : 1)  (9 : 1)  
real Identify

testCase Num: 34
regaular Num: 34
identify Num: 0
2 2 0 1 0 2 2 1 2 0 
1 0 2 0 1 2 0 0 2 1 
0 0 0 0 0 0 0 2 1 0 
0 0 0 0 0 2 2 1 2 0 
0 0 0 1 0 0 0 2 0 1 
0 0 2 0 1 0 2 0 0 2 
2 2 1 2 0 2 1 0 0 0 
1 2 0 2 1 1 2 2 0 1 
0 0 1 1 0 1 1 0 2 1 
1 2 0 1 2 1 1 0 1 0 
2 1 0 0 1 0 0 0 1 0 
1 2 1 2 2 0 1 0 2 0 
1 0 0 0 0 1 1 1 1 2 
1 2 0 0 2 2 1 1 1 0 
0 0 0 0 0 2 2 1 1 0 
0 0 0 0 0 0 0 0 0 0 
0 1 2 2 0 1 0 2 1 0 
2 0 2 2 2 1 1 2 2 2 
0 1 0 0 0 0 0 0 2 1 
0 0 0 1 0 0 0 2 1 0 
0 0 0 1 0 2 0 2 0 0 
0 0 0 2 0 0 0 2 0 1 
0 0 1 2 0 2 0 1 1 0 
0 2 1 0 0 0 0 0 0 1 
0 0 0 2 0 0 0 1 0 0 
0 1 1 0 2 2 2 0 1 2 
2 1 1 0 1 0 0 2 2 0 
1 1 1 1 1 0 1 1 1 1 
2 1 1 0 0 2 1 2 0 1 
1 2 0 0 2 1 1 0 1 0 
1 1 0 2 2 0 2 0 0 0 
2 2 0 0 2 0 0 0 1 1 
2 0 0 2 1 1 0 0 1 0 
0 2 2 1 2 0 0 1 0 2 
MFS
[ 2 , - , - , 2 , - , 2 , - , - , - , 0 ]
[ 0 , - , - , 1 , - , 2 , - , - , - , 0 ]
[ - , - , - , - , - , 2 , - , 0 , - , 0 ]
[ - , - , - , - , - , 2 , - , 2 , - , 0 ]
[ - , - , 0 , - , - , 2 , - , - , 1 , 0 ]
[ - , - , 0 , - , - , 2 , 0 , - , - , 0 ]
[ - , - , 2 , - , - , 2 , - , - , 1 , 0 ]
[ - , 1 , - , - , - , - , - , - , 2 , 0 ]
[ - , - , - , 0 , - , 1 , - , - , - , 0 ]
[ - , - , - , - , - , - , - , - , 0 , 0 ]
[ - , - , - , 0 , - , 2 , - , - , - , 0 ]
[ - , - , - , - , - , 0 , - , - , - , 0 ]
[ - , - , - , - , - , 2 , - , - , 0 , 0 ]
[ - , - , - , - , - , 2 , 1 , - , - , 0 ]
precise
0.14285714285714285
recall
0.6666666666666666
F-measure
0.23529411764705882
multi
6
time
all 77 iden 5 gen 70
t-cover
404
all-cover
405
coveredNum
(1 : 136)  (2 : 129)  (3 : 85)  (4 : 32)  (5 : 14)  (6 : 7)  (7 : 2)  
real Identify
([ - , - , - , - , - , - , - , - , 0 , 0 ] : 1)  ([ - , - , - , - , - , 0 , - , - , - , 0 ] : 1)  
testCase Num: 32
regaular Num: 32
identify Num: 0
0 2 1 2 0 1 0 2 2 0 
2 0 2 1 1 1 0 0 0 0 
2 0 2 1 0 0 1 2 2 2 
2 0 0 1 0 0 0 0 1 0 
1 1 0 1 0 1 2 0 0 2 
0 0 0 2 0 0 1 0 0 1 
1 0 1 0 0 0 2 2 1 1 
2 2 1 2 2 2 2 2 0 1 
0 2 2 1 0 0 0 0 0 0 
0 0 0 0 2 0 1 0 0 1 
1 0 2 2 0 2 2 1 1 1 
2 0 0 0 1 1 0 1 0 1 
0 2 0 1 2 2 2 1 2 0 
1 0 1 0 1 0 2 2 2 0 
0 1 2 0 2 1 2 0 2 1 
0 2 1 0 1 2 1 0 1 2 
0 1 0 2 1 2 2 0 0 1 
0 0 0 0 0 0 0 0 0 0 
1 1 1 1 1 1 1 1 1 0 
0 1 2 2 1 2 2 0 0 0 
1 0 0 0 0 2 0 0 2 1 
1 2 0 2 2 0 0 1 1 2 
2 0 0 0 0 0 0 2 1 0 
0 2 2 0 0 0 0 0 0 0 
0 2 2 0 0 0 0 0 0 1 
0 0 0 1 2 0 1 0 0 0 
2 0 0 0 2 1 1 1 0 0 
0 0 2 1 1 1 0 0 1 0 
2 1 0 1 1 0 0 2 2 1 
2 0 1 1 0 1 0 0 1 0 
2 1 2 2 1 2 0 0 0 0 
2 0 2 1 2 0 0 0 0 0 
MFS
[ 1 , - , - , - , - , - , - , - , 2 , 0 ]
[ - , 1 , - , - , - , 2 , - , - , - , 0 ]
[ - , - , - , - , - , 0 , - , - , 1 , 0 ]
[ 2 , - , - , 2 , - , - , - , - , - , 0 ]
[ - , 0 , - , - , - , 2 , - , - , - , 0 ]
[ - , - , - , - , - , - , - , - , 0 , 0 ]
[ - , - , - , - , - , 0 , - , - , - , 0 ]
[ - , - , - , 0 , - , - , - , - , - , 0 ]
[ - , - , 0 , - , - , 1 , - , - , - , 0 ]
[ - , - , 0 , - , - , - , - , - , 1 , 0 ]
precise
0.3
recall
1.0
F-measure
0.4615384615384615
multi
8
time
all 70 iden 2 gen 66
t-cover
405
all-cover
405
coveredNum
(1 : 122)  (2 : 136)  (3 : 104)  (4 : 26)  (5 : 10)  (6 : 6)  (7 : 1)  
real Identify
([ - , - , - , - , - , - , - , - , 0 , 0 ] : 1)  ([ - , - , - , - , - , 0 , - , - , - , 0 ] : 1)  ([ - , - , - , 0 , - , - , - , - , - , 0 ] : 1)  
