testCase Num: 25
regaular Num: 25
identify Num: 0
2 2 1 2 0 2 2 2 1 2 
1 1 0 2 2 0 0 0 0 1 
1 0 1 0 2 0 0 1 0 1 
2 0 2 1 1 0 2 1 0 2 
1 0 2 2 1 0 0 2 2 0 
1 0 2 1 0 0 0 2 1 1 
0 1 1 0 0 1 1 1 2 2 
1 1 0 1 0 2 0 0 0 2 
1 2 0 0 1 0 2 1 2 1 
1 1 0 1 1 1 1 1 1 1 
1 1 1 0 0 1 0 2 2 2 
0 2 1 2 1 1 0 0 0 1 
0 0 0 1 0 2 0 0 0 0 
0 0 0 0 0 0 0 0 0 0 
1 2 0 0 0 1 0 1 0 0 
2 1 2 0 2 1 2 0 1 0 
0 1 2 0 2 2 0 2 2 1 
2 0 0 2 1 2 0 1 2 0 
0 0 1 1 1 1 2 2 1 0 
0 0 0 0 2 0 0 1 0 0 
0 1 2 2 0 0 0 0 0 2 
1 2 1 1 2 0 1 0 2 0 
1 0 0 2 2 2 1 2 0 2 
2 2 2 0 0 2 1 0 0 1 
1 0 1 2 1 1 0 0 0 0 
MFS
[ 0 , - , - , - , - , - , - , - , - , - ]
precise
0.0
recall
0.0
F-measure
0.0
multi
7
time
all 85 iden 0 gen 85
t-cover
378
all-cover
405
coveredNum
(1 : 168)  (2 : 137)  (3 : 64)  (4 : 28)  (5 : 4)  (6 : 3)  (8 : 1)  
real Identify

testCase Num: 26
regaular Num: 26
identify Num: 0
2 1 0 2 0 2 1 0 0 1 
1 1 1 1 0 1 1 1 1 1 
1 0 0 1 1 0 2 2 0 1 
2 2 1 2 2 0 2 1 0 0 
0 2 0 0 2 0 1 0 0 0 
2 0 2 2 1 2 1 2 2 2 
1 0 2 2 0 1 2 0 0 0 
1 2 0 0 1 1 2 0 1 2 
1 0 0 0 0 2 2 0 0 0 
0 0 2 1 0 2 2 0 0 0 
1 2 1 1 0 0 1 0 0 0 
1 1 0 0 0 1 0 2 2 0 
1 0 1 0 1 0 0 0 2 1 
0 0 1 0 0 0 0 2 2 0 
1 1 2 0 1 0 2 1 2 0 
1 2 0 0 2 0 0 2 1 0 
0 0 0 0 0 0 0 0 0 0 
0 1 2 0 1 0 1 1 2 0 
2 0 1 0 2 2 0 1 1 0 
1 1 1 0 2 1 1 2 0 2 
2 0 0 1 0 1 0 1 0 2 
1 0 2 2 0 0 0 0 1 2 
0 2 2 0 0 1 2 2 2 1 
1 2 2 1 2 2 0 0 2 1 
0 2 1 2 1 1 0 0 1 2 
0 1 0 0 2 1 2 2 1 2 
MFS
[ 0 , - , - , - , - , - , - , - , - , - ]
precise
0.0
recall
0.0
F-measure
0.0
multi
8
time
all 85 iden 0 gen 82
t-cover
378
all-cover
405
coveredNum
(1 : 152)  (2 : 134)  (3 : 80)  (4 : 25)  (5 : 9)  (6 : 3)  (7 : 2)  
real Identify

testCase Num: 30
regaular Num: 30
identify Num: 0
2 2 0 0 0 0 2 0 0 1 
0 2 0 0 0 2 0 0 0 0 
0 1 1 2 0 2 0 1 0 1 
1 1 0 1 0 0 1 0 1 0 
1 1 2 0 2 2 1 0 0 0 
1 1 1 0 1 1 1 1 1 1 
0 0 2 1 1 1 1 0 0 2 
2 0 0 1 1 2 2 1 1 0 
2 0 1 1 0 1 0 0 2 0 
0 0 0 0 2 0 0 0 1 2 
1 0 0 0 0 0 1 0 2 0 
1 1 0 2 0 0 0 1 2 2 
0 2 2 1 2 0 0 1 1 1 
1 0 2 2 2 0 0 1 1 2 
1 2 2 1 0 2 0 1 0 1 
0 0 0 0 0 0 0 0 0 0 
2 2 0 2 2 1 1 2 0 0 
1 0 1 2 2 2 2 0 2 1 
1 0 0 1 2 0 0 0 0 0 
0 0 2 2 1 0 0 2 1 1 
1 0 0 0 0 1 2 0 0 0 
1 2 1 0 1 0 0 2 2 2 
1 0 0 0 0 0 0 2 1 1 
1 0 0 2 1 0 0 0 0 0 
1 0 2 0 1 1 1 0 0 2 
1 2 0 0 0 0 0 0 1 0 
1 0 1 0 0 0 0 0 0 0 
0 0 0 0 0 0 1 0 2 0 
2 1 2 1 0 2 2 2 2 2 
0 0 0 2 0 1 2 1 2 2 
MFS
[ 0 , - , - , - , - , - , - , - , - , - ]
precise
0.0
recall
0.0
F-measure
0.0
multi
9
time
all 84 iden 15 gen 69
t-cover
378
all-cover
405
coveredNum
(1 : 155)  (2 : 115)  (3 : 70)  (4 : 22)  (5 : 12)  (6 : 9)  (7 : 9)  (8 : 7)  (9 : 4)  (10 : 2)  
real Identify

testCase Num: 29
regaular Num: 29
identify Num: 0
0 2 1 0 0 2 0 2 2 2 
1 0 0 0 1 0 1 0 2 1 
1 1 1 1 0 1 1 1 1 1 
0 0 0 0 2 2 1 1 0 1 
1 2 2 0 0 0 2 0 1 2 
2 0 0 0 0 0 0 1 0 0 
1 2 2 1 2 1 2 1 0 1 
1 0 0 1 0 2 0 0 2 0 
0 2 0 2 1 0 2 1 2 1 
0 2 0 1 0 0 0 0 0 0 
1 0 0 2 0 0 0 0 0 0 
2 0 1 0 2 1 2 2 2 0 
1 0 0 1 1 1 0 2 0 2 
1 2 0 2 2 1 1 0 1 0 
2 2 2 2 1 2 1 2 0 2 
1 1 2 1 2 0 0 0 2 2 
0 0 2 0 0 0 0 0 0 1 
0 0 2 2 0 1 2 1 1 2 
0 0 0 0 0 0 0 0 0 0 
1 2 1 2 0 0 0 1 2 2 
1 0 2 0 1 2 0 1 1 0 
2 1 1 0 0 0 1 0 0 0 
1 0 0 0 2 2 0 0 0 0 
0 1 1 2 0 0 0 0 0 1 
1 1 1 2 1 2 2 0 2 1 
1 0 0 0 0 0 2 0 0 0 
0 1 1 1 1 2 2 0 0 2 
2 1 0 1 0 0 0 2 1 1 
0 0 0 0 0 0 1 0 2 0 
MFS
[ 0 , - , - , - , - , - , - , - , - , - ]
precise
0.0
recall
0.0
F-measure
0.0
multi
10
time
all 78 iden 0 gen 63
t-cover
378
all-cover
405
coveredNum
(1 : 157)  (2 : 141)  (3 : 47)  (4 : 25)  (5 : 17)  (6 : 11)  (7 : 6)  (9 : 1)  
real Identify

testCase Num: 26
regaular Num: 26
identify Num: 0
0 2 0 2 0 1 2 1 2 2 
1 1 1 2 0 0 2 0 1 1 
0 0 0 2 1 0 0 0 0 0 
2 2 2 1 1 0 2 2 0 0 
1 1 1 0 2 0 2 1 0 0 
1 0 0 2 0 1 1 2 2 2 
1 1 0 1 1 0 0 1 2 2 
1 0 1 1 0 2 2 1 0 2 
0 0 2 2 0 2 1 2 1 0 
0 0 2 1 2 0 0 0 2 1 
2 1 2 2 2 2 1 0 2 2 
2 2 1 2 0 1 0 0 0 0 
1 2 0 2 0 2 2 1 1 0 
1 1 1 0 0 1 2 2 2 1 
0 0 0 0 0 0 0 0 0 0 
1 0 0 1 2 0 0 0 0 0 
0 1 0 0 0 0 0 0 0 2 
1 0 1 1 1 1 1 1 1 1 
1 2 2 0 0 0 0 0 2 2 
1 0 0 2 1 0 0 0 0 0 
0 1 1 1 1 1 0 2 2 2 
1 0 2 0 0 0 0 0 0 1 
2 0 2 0 2 1 0 1 1 2 
2 2 0 1 1 2 1 0 0 1 
1 2 0 0 2 2 0 2 1 1 
1 0 2 0 1 0 1 0 2 0 
MFS
[ 0 , - , - , - , - , - , - , - , - , - ]
precise
0.0
recall
0.0
F-measure
0.0
multi
6
time
all 69 iden 0 gen 69
t-cover
378
all-cover
405
coveredNum
(1 : 141)  (2 : 133)  (3 : 82)  (4 : 28)  (5 : 13)  (6 : 5)  (7 : 2)  (8 : 1)  
real Identify

