testCase Num: 66
regaular Num: 66
identify Num: 0
0 1 2 1 1 2 2 0 0 2 
2 1 0 2 0 2 2 1 1 0 
2 2 2 2 1 2 2 0 2 1 
2 1 0 2 0 0 2 2 2 1 
2 0 0 0 0 0 2 1 0 0 
2 0 0 0 0 0 0 1 2 0 
2 0 0 0 1 1 1 0 2 1 
2 1 2 2 2 0 0 0 2 0 
0 0 0 0 0 1 2 0 0 0 
2 0 1 2 0 1 0 0 2 2 
1 1 0 2 2 1 0 0 0 2 
2 0 0 0 2 1 2 1 2 2 
2 2 1 0 1 2 2 1 2 1 
2 0 2 0 1 2 2 1 2 0 
2 2 0 1 1 2 2 1 2 1 
2 0 2 0 2 1 2 1 2 1 
2 2 2 2 0 2 2 0 2 1 
2 2 0 0 0 2 2 2 2 1 
1 1 0 1 1 1 1 1 1 1 
2 1 2 1 1 1 1 2 2 2 
2 1 0 1 2 2 2 1 2 1 
2 0 1 0 1 2 2 1 2 1 
2 2 1 0 0 2 2 2 2 1 
2 2 0 2 1 0 0 2 2 0 
0 0 0 0 0 0 0 0 0 0 
2 2 0 2 0 2 2 1 2 1 
2 2 2 2 2 2 2 1 2 1 
2 2 1 2 2 2 2 0 2 1 
0 0 2 2 2 2 0 0 0 0 
2 0 0 1 0 2 2 2 2 2 
2 0 2 2 1 0 0 2 1 2 
2 2 1 1 1 1 0 1 2 0 
2 1 2 1 1 1 2 2 2 1 
2 2 0 2 1 2 2 2 2 1 
2 2 0 2 1 2 2 0 2 1 
2 2 0 0 2 2 2 2 2 1 
2 2 0 0 2 2 2 0 2 1 
1 2 2 1 0 0 0 2 0 1 
0 2 1 0 1 0 1 0 1 2 
2 1 1 0 0 0 2 0 2 0 
2 2 1 1 0 2 2 2 2 1 
2 1 0 2 0 2 1 1 2 1 
2 0 0 0 0 0 2 1 2 1 
2 2 2 1 2 2 2 1 2 1 
2 2 0 0 0 2 2 1 2 1 
2 2 2 0 0 2 0 2 2 1 
2 2 0 1 0 0 2 0 2 1 
0 2 2 0 0 1 1 1 2 2 
0 0 0 0 0 2 1 0 0 0 
2 0 2 2 1 0 2 0 2 1 
2 2 0 2 2 1 1 2 0 0 
2 2 2 0 0 2 2 2 2 1 
2 2 1 0 0 2 2 1 2 1 
2 0 0 1 0 0 0 0 0 0 
1 0 1 1 2 0 0 1 2 0 
0 0 1 0 2 1 1 0 1 1 
2 2 2 1 1 2 2 0 2 1 
1 1 1 0 0 2 2 2 0 0 
2 2 0 2 1 1 2 1 2 1 
2 0 0 0 0 0 1 0 2 0 
2 1 1 0 0 1 2 0 2 1 
2 2 1 0 2 0 1 2 2 2 
0 1 0 0 1 0 0 2 2 0 
2 2 0 2 1 2 2 1 2 1 
2 0 1 1 2 0 2 2 2 1 
2 0 0 1 2 0 0 0 2 1 
MFS
[ - , 1 , - , - , - , - , - , - , - , - ]
[ - , 2 , - , 1 , - , 2 , - , - , - , - ]
[ - , 2 , - , 0 , - , 2 , 0 , - , - , - ]
[ - , 2 , 2 , 0 , - , 2 , 0 , - , - , - ]
[ - , 2 , - , 0 , - , 2 , 2 , 0 , - , - ]
[ - , 2 , - , 2 , 0 , 2 , - , - , - , - ]
[ - , 2 , - , - , - , 1 , - , - , - , - ]
[ - , 2 , 0 , 0 , 1 , 2 , - , - , - , - ]
[ - , 2 , - , - , - , 0 , - , - , - , - ]
[ - , 2 , 0 , 0 , 0 , 2 , - , - , - , - ]
[ - , - , - , - , - , - , - , - , - , 0 ]
[ - , 2 , 0 , 0 , 2 , 2 , - , 0 , - , - ]
[ - , - , - , - , - , - , - , - , 0 , - ]
[ - , 2 , 0 , 0 , - , 2 , - , 0 , - , - ]
[ - , - , - , - , - , - , - , - , 1 , - ]
[ - , - , - , - , - , - , - , - , - , 2 ]
[ - , 2 , 0 , 0 , - , 2 , - , 1 , - , - ]
[ - , - , - , - , - , - , 1 , - , - , 1 ]
[ 0 , - , - , - , - , - , - , - , 2 , - ]
[ - , - , - , - , - , - , 0 , - , - , 1 ]
[ 1 , - , - , - , - , - , - , - , 2 , - ]
[ - , 0 , - , - , - , - , - , - , - , - ]
[ - , 2 , - , - , - , 2 , 0 , - , - , - ]
precise
0.0
recall
0.0
F-measure
0.0
multi
37
time
all 226 iden 1 gen 196
t-cover
122
all-cover
405
coveredNum
(1 : 307)  (2 : 10)  (3 : 30)  (4 : 25)  (5 : 12)  (6 : 6)  (11 : 15)  
real Identify

testCase Num: 75
regaular Num: 75
identify Num: 0
1 1 1 1 0 1 1 1 1 1 
0 1 1 2 1 2 2 0 1 0 
0 1 1 0 0 2 0 0 0 2 
0 1 2 0 0 2 0 0 0 1 
0 1 2 2 1 2 1 1 2 2 
2 0 0 0 0 0 0 0 0 1 
2 1 0 2 2 2 0 2 2 0 
1 1 1 2 1 2 1 2 1 1 
1 1 2 2 1 2 0 1 2 1 
0 0 2 1 2 2 0 0 1 1 
1 1 2 2 1 2 1 0 2 1 
0 1 0 0 1 2 0 2 0 0 
0 1 2 2 1 2 2 0 2 1 
0 1 2 0 0 2 1 0 2 0 
0 0 0 0 0 0 0 0 0 0 
0 2 2 2 2 0 1 2 1 0 
1 0 2 2 0 0 0 1 2 1 
2 1 2 2 1 2 1 1 2 0 
0 1 2 2 1 2 2 0 2 2 
0 1 0 2 1 2 0 0 0 0 
1 1 0 0 0 2 0 0 2 0 
1 1 2 2 1 2 1 2 2 1 
1 1 2 2 1 2 1 2 2 0 
1 1 2 2 1 2 0 0 2 0 
2 1 0 2 1 2 2 2 0 0 
2 1 0 2 1 2 1 1 1 1 
2 1 1 2 1 2 0 1 2 1 
2 1 2 2 1 2 0 0 2 2 
2 1 2 2 1 2 0 2 2 1 
2 1 1 1 0 2 2 1 2 1 
1 1 0 1 2 2 2 0 0 0 
0 1 2 2 1 2 1 2 2 0 
0 1 0 0 0 2 0 1 0 0 
1 2 0 0 1 2 2 2 0 1 
0 1 2 2 1 2 1 2 2 2 
2 1 2 2 1 2 2 0 2 2 
0 1 2 2 1 2 1 2 2 1 
0 1 2 0 1 1 0 1 0 0 
0 1 1 2 0 2 0 0 0 1 
1 1 0 2 1 2 2 1 2 0 
1 1 2 2 1 2 0 2 2 2 
1 1 2 2 1 2 0 0 2 2 
2 0 1 0 1 0 1 0 0 0 
2 0 1 1 2 1 0 2 0 2 
1 1 0 2 2 1 2 0 0 2 
0 2 0 1 0 0 0 0 0 2 
2 1 0 0 0 2 1 2 1 1 
2 1 0 0 0 0 2 2 1 2 
0 1 2 2 1 2 2 1 2 0 
1 2 1 2 0 2 1 0 0 0 
0 1 0 1 1 2 1 0 0 1 
1 1 1 0 1 2 0 0 1 0 
0 0 0 0 0 0 0 2 2 0 
0 0 1 1 1 0 2 1 2 0 
0 1 1 2 1 2 0 2 0 2 
0 1 2 2 1 2 0 0 2 0 
0 1 0 2 1 2 0 1 0 0 
0 1 2 2 1 2 0 2 2 1 
0 1 2 2 1 2 2 0 0 1 
0 1 2 2 1 2 0 0 2 2 
2 1 2 2 1 2 1 0 2 2 
2 1 2 2 1 2 1 2 2 0 
1 1 0 2 1 2 1 0 0 2 
0 1 0 0 2 2 0 1 0 0 
2 2 0 0 2 1 1 1 2 2 
0 0 0 0 1 0 0 0 1 0 
1 1 2 2 1 2 0 1 1 2 
0 1 2 0 2 2 2 2 0 2 
1 1 2 2 1 2 2 2 2 0 
1 1 2 2 1 2 2 0 2 2 
0 1 0 0 1 2 2 1 1 2 
1 1 2 2 0 2 1 1 1 2 
1 1 1 1 2 2 1 2 1 1 
0 0 0 0 0 2 0 1 0 0 
2 1 2 1 0 2 0 0 0 2 
MFS
[ - , - , - , 2 , 0 , - , - , - , - , - ]
[ 0 , - , - , - , - , - , - , 0 , 2 , - ]
[ 1 , - , - , - , - , - , - , 0 , 2 , - ]
[ - , - , 1 , - , - , - , - , 2 , 2 , - ]
[ - , - , 0 , - , - , - , - , 2 , 2 , - ]
[ - , 1 , - , - , - , 1 , - , - , - , - ]
[ - , 1 , - , - , - , 0 , - , - , - , - ]
[ 2 , - , 0 , - , - , - , - , 2 , 2 , - ]
[ - , - , - , - , - , - , - , 1 , 2 , - ]
[ - , - , - , 0 , - , - , - , - , - , - ]
[ 0 , - , 2 , - , - , - , 0 , 2 , 2 , - ]
[ - , - , - , 1 , - , - , - , - , - , - ]
[ - , 0 , - , - , - , - , - , - , - , - ]
[ - , - , 0 , - , - , - , - , - , 2 , - ]
[ - , 2 , - , - , - , - , - , - , - , - ]
[ 0 , - , - , - , - , - , 0 , 2 , 2 , - ]
[ 0 , - , - , - , - , - , - , 1 , 2 , - ]
[ 2 , - , - , - , - , - , - , 1 , 2 , - ]
[ - , - , 1 , - , - , - , - , - , 2 , - ]
[ 1 , - , 2 , - , - , - , - , 2 , 2 , - ]
[ - , - , - , 2 , 2 , - , - , - , - , - ]
[ - , - , 2 , - , 0 , - , - , - , 2 , - ]
[ 2 , - , - , - , - , - , 0 , 0 , 2 , - ]
[ - , - , - , - , - , - , - , - , 0 , - ]
[ - , - , - , - , - , - , - , - , 1 , - ]
[ - , - , - , - , - , - , 0 , 2 , 2 , 2 ]
[ - , - , - , - , - , - , - , 0 , 2 , 0 ]
[ - , - , - , - , - , - , - , 0 , 2 , 1 ]
[ - , - , - , - , - , - , 0 , 2 , 2 , 0 ]
[ - , - , - , - , - , - , 2 , 2 , 2 , - ]
[ 1 , - , - , - , - , - , - , - , 2 , - ]
precise
0.0
recall
0.0
F-measure
0.0
multi
52
time
all 232 iden 2 gen 203
t-cover
101
all-cover
405
coveredNum
(1 : 330)  (2 : 27)  (3 : 14)  (4 : 7)  (5 : 12)  (7 : 15)  
real Identify

testCase Num: 88
regaular Num: 88
identify Num: 0
0 1 0 1 1 0 1 2 2 1 
1 1 2 2 1 1 0 0 0 1 
1 0 0 2 2 2 2 0 1 0 
2 1 1 0 0 1 0 1 0 0 
2 1 1 2 1 2 2 1 2 1 
2 1 2 1 2 2 0 2 1 2 
1 2 0 0 1 1 2 2 2 0 
2 2 2 2 2 0 2 1 0 1 
2 0 2 2 1 2 2 2 2 1 
2 0 1 1 0 1 0 2 1 2 
2 2 0 2 2 0 2 1 0 0 
2 1 0 1 0 1 0 1 1 2 
2 2 1 2 2 0 0 1 1 2 
2 0 1 1 2 2 2 1 0 2 
2 1 0 0 2 0 0 1 2 0 
0 0 0 0 0 0 0 0 0 0 
2 2 0 1 0 2 2 2 1 0 
2 0 1 1 0 0 2 1 0 2 
2 1 0 2 0 0 0 2 1 0 
2 1 0 2 0 0 0 2 1 1 
2 0 2 1 2 1 2 1 0 2 
2 2 2 2 0 0 0 1 1 1 
2 0 2 2 1 2 2 1 1 1 
1 0 2 1 0 0 0 2 1 0 
0 0 0 0 0 1 0 1 2 2 
2 0 0 2 1 2 2 1 1 0 
2 0 0 0 2 1 1 0 2 2 
0 0 2 0 2 0 2 1 0 1 
2 2 2 2 2 2 0 2 1 1 
2 0 1 2 2 0 0 2 1 1 
2 1 1 1 2 0 2 1 0 2 
2 0 1 1 0 2 0 1 0 0 
2 1 0 2 1 2 2 1 2 1 
0 2 2 2 0 2 1 0 2 1 
2 1 1 2 1 2 2 1 0 0 
2 1 2 2 0 0 0 2 2 0 
2 2 0 2 1 2 2 2 2 1 
2 0 1 1 2 0 2 1 2 2 
2 2 0 1 1 1 0 2 0 1 
2 1 0 1 1 1 0 1 0 2 
2 0 1 2 0 0 0 2 0 1 
2 0 0 2 1 1 2 1 1 2 
2 1 1 1 2 2 0 1 1 2 
2 1 2 1 2 2 0 1 1 2 
2 1 2 2 0 0 0 2 2 1 
2 0 1 0 0 0 2 2 0 1 
2 2 2 1 1 1 0 1 2 2 
2 0 0 2 1 2 2 1 2 1 
2 1 1 2 2 0 2 1 0 1 
2 1 1 1 0 1 0 2 1 2 
2 1 0 1 1 0 0 2 1 2 
2 2 1 1 0 1 1 0 0 0 
2 1 2 0 1 2 1 1 1 1 
2 2 1 1 0 1 1 1 2 2 
2 0 1 2 2 0 2 1 2 0 
2 0 0 2 2 0 2 1 2 1 
2 0 2 2 2 2 0 1 1 1 
2 2 1 2 1 2 1 1 0 0 
1 0 0 0 1 0 0 0 0 2 
2 0 0 0 0 1 1 1 2 0 
2 2 2 0 0 0 1 2 2 2 
2 1 2 2 0 2 0 2 2 1 
2 1 2 2 0 2 0 2 2 0 
2 1 2 2 1 0 1 1 1 1 
0 1 1 0 0 2 2 1 1 0 
2 2 1 1 1 0 1 1 2 0 
2 2 0 1 2 1 2 1 2 2 
2 0 0 0 1 2 0 0 0 1 
2 0 2 2 2 1 1 1 0 0 
2 1 2 1 2 2 2 2 0 2 
2 2 2 1 0 0 0 1 0 2 
2 1 1 2 0 0 0 2 1 0 
2 0 0 2 2 2 0 1 1 1 
2 1 2 1 2 1 2 1 0 2 
2 1 1 1 2 0 0 2 1 2 
1 0 1 1 1 1 1 1 1 1 
2 0 1 2 1 2 2 1 1 1 
2 1 1 2 2 0 1 1 0 0 
0 0 1 2 0 0 0 2 2 0 
2 2 2 2 2 2 0 1 1 1 
2 1 0 2 1 2 2 1 0 1 
2 1 0 1 2 0 2 1 0 2 
2 0 2 2 2 0 2 1 1 1 
2 1 2 1 2 0 2 1 0 2 
2 0 1 1 2 0 2 1 0 2 
2 0 0 1 1 1 1 2 1 2 
2 0 0 2 0 2 2 1 1 0 
2 1 0 1 0 0 0 2 1 2 
MFS
[ 0 , - , - , - , - , - , - , - , - , - ]
[ 2 , 0 , 2 , - , - , 2 , 0 , - , - , - ]
[ 1 , - , - , - , - , - , - , - , - , - ]
[ - , - , - , 0 , 1 , - , - , - , 2 , - ]
[ 1 , - , - , - , - , - , 2 , - , 2 , - ]
[ 2 , 1 , 1 , 2 , - , - , 0 , 2 , - , - ]
[ 0 , - , 2 , - , - , - , 2 , - , 0 , - ]
[ - , - , - , 2 , 2 , - , - , - , - , 0 ]
[ 2 , 0 , - , - , - , - , 2 , - , 0 , 1 ]
[ 2 , - , - , - , 0 , - , 2 , - , 0 , - ]
[ - , 0 , 1 , - , - , - , 0 , - , - , - ]
[ 2 , - , - , - , - , - , - , 0 , - , - ]
[ - , - , - , - , 1 , - , 2 , - , - , 2 ]
[ - , - , - , - , 1 , - , 2 , - , - , 0 ]
[ - , - , - , - , - , - , 2 , - , 1 , - ]
[ 2 , - , - , - , 0 , - , 2 , - , - , 2 ]
[ - , - , 1 , - , - , - , 0 , - , 2 , - ]
[ - , - , - , - , 0 , - , 2 , - , - , - ]
[ - , 1 , - , - , 0 , 0 , - , - , 1 , - ]
[ 2 , 1 , - , - , 2 , 0 , 2 , - , 0 , - ]
[ 2 , 2 , 0 , - , 2 , - , 2 , - , 0 , - ]
[ - , - , - , 1 , - , - , - , - , - , 0 ]
[ - , - , - , 1 , - , - , - , - , - , 1 ]
[ 2 , 0 , 1 , - , 0 , - , 2 , - , 0 , - ]
[ - , - , 0 , - , - , - , 2 , - , 0 , - ]
[ 0 , - , - , - , 2 , - , 2 , - , - , - ]
[ 2 , 0 , 1 , - , - , - , 0 , - , - , 2 ]
[ 2 , 2 , 0 , - , 2 , 0 , 2 , - , 0 , - ]
[ 2 , 0 , - , - , - , - , 2 , - , 1 , 1 ]
[ - , - , 2 , - , - , 0 , 0 , - , - , - ]
[ - , 1 , - , 2 , 2 , - , - , - , - , 1 ]
[ 2 , 1 , - , - , 2 , - , 2 , 0 , 0 , - ]
[ 2 , 2 , 1 , - , - , - , 2 , - , 0 , - ]
[ 2 , - , 2 , - , - , 1 , 0 , - , - , - ]
[ - , - , - , 0 , 2 , - , - , - , - , - ]
[ - , 1 , 1 , - , - , - , 0 , - , - , 1 ]
[ - , 1 , 1 , - , - , - , 0 , - , - , 0 ]
[ - , 2 , - , - , 0 , - , - , - , - , - ]
[ 2 , - , 1 , 2 , - , - , 2 , - , 2 , - ]
[ 2 , 1 , 0 , - , 2 , - , 2 , - , - , 2 ]
[ - , - , - , - , 1 , - , 0 , - , - , - ]
[ - , - , - , - , 1 , - , 1 , - , - , - ]
[ 1 , - , - , - , - , - , 0 , - , 1 , - ]
[ - , - , - , - , - , - , 1 , - , - , - ]
[ - , - , - , - , 1 , - , - , - , 0 , - ]
[ 2 , - , 2 , - , - , 1 , 0 , 2 , - , - ]
[ - , - , - , - , 1 , - , - , - , 1 , - ]
[ - , - , - , - , 1 , 0 , 2 , - , - , - ]
[ 2 , 2 , 2 , - , - , 2 , 0 , 2 , - , - ]
[ 2 , - , 0 , - , - , - , 2 , - , 0 , - ]
[ 2 , - , - , - , - , - , 2 , - , 1 , - ]
[ - , - , - , 1 , 1 , - , - , - , 2 , - ]
[ - , 1 , - , - , 0 , - , - , - , 0 , - ]
[ - , - , 2 , - , - , 1 , 0 , - , - , - ]
[ - , - , 1 , 2 , - , - , 2 , - , 0 , - ]
[ 2 , - , 1 , 0 , - , - , 2 , - , 2 , - ]
[ 2 , - , 1 , 2 , - , - , 2 , - , 0 , - ]
[ - , - , 1 , 0 , - , - , 2 , - , 0 , - ]
[ 2 , - , 1 , 0 , - , - , 2 , - , 0 , - ]
[ 2 , 0 , - , - , - , - , 2 , - , 2 , 0 ]
[ 2 , 1 , - , - , 2 , - , 2 , 1 , 0 , - ]
[ 2 , 1 , 1 , - , - , - , 2 , - , 0 , - ]
[ 2 , - , - , - , 1 , - , 2 , - , 0 , - ]
[ 2 , 0 , 1 , - , - , - , 0 , - , - , - ]
[ 2 , - , - , 2 , - , 1 , - , - , - , - ]
[ 2 , - , 2 , - , - , 0 , 0 , - , - , - ]
[ 0 , - , - , 2 , - , - , - , - , - , - ]
[ - , - , 0 , - , - , - , 0 , - , - , - ]
[ 2 , - , - , - , - , - , 1 , - , - , - ]
[ 2 , - , 1 , - , - , - , 0 , - , - , 0 ]
[ 2 , - , 1 , - , - , - , 0 , - , - , 1 ]
[ - , 1 , 0 , - , 0 , 1 , - , - , 1 , - ]
[ 2 , - , - , - , 1 , - , 2 , - , - , 2 ]
[ 2 , 1 , 1 , - , - , - , 0 , 1 , - , - ]
[ - , - , - , - , - , - , 0 , - , 0 , - ]
[ - , - , 0 , - , - , - , 0 , - , 2 , - ]
[ 2 , 1 , 1 , - , - , - , 0 , 0 , - , - ]
[ - , - , - , 0 , - , - , - , - , - , - ]
[ - , - , - , - , 1 , 1 , 2 , - , - , - ]
[ - , 1 , - , - , 0 , 2 , - , - , 1 , - ]
[ 2 , 1 , - , - , - , - , 2 , - , 2 , - ]
[ 1 , - , - , - , 2 , - , 2 , - , - , - ]
[ 2 , - , - , - , - , - , 2 , - , - , 0 ]
[ - , - , 1 , 2 , 2 , - , - , - , - , 1 ]
[ 2 , 1 , - , - , - , - , 2 , - , - , 1 ]
[ - , 1 , - , - , 0 , - , - , 1 , - , - ]
[ - , 1 , - , - , 0 , - , - , 0 , - , - ]
[ 2 , - , 2 , - , - , - , 0 , 1 , - , - ]
[ 1 , - , - , 2 , - , - , - , - , - , - ]
[ - , 0 , - , - , 0 , - , - , - , - , - ]
[ 2 , - , 2 , - , - , - , 0 , 0 , - , - ]
[ - , - , 1 , 1 , 0 , - , 2 , - , 0 , - ]
[ 2 , - , 2 , - , - , 0 , 0 , 2 , - , - ]
[ 2 , - , 1 , 1 , 0 , - , 2 , - , 0 , - ]
[ 2 , - , 0 , - , - , - , 0 , - , - , - ]
precise
0.042105263157894736
recall
0.13333333333333333
F-measure
0.064
multi
50
time
all 405 iden 7 gen 366
t-cover
240
all-cover
405
coveredNum
(1 : 230)  (2 : 36)  (3 : 55)  (4 : 32)  (5 : 18)  (6 : 16)  (7 : 3)  (8 : 8)  (9 : 4)  (10 : 1)  (11 : 2)  
real Identify
([ - , - , 0 , - , - , - , 0 , - , - , - ] : 1)  ([ - , 0 , - , - , 0 , - , - , - , - , - ] : 1)  ([ - , - , - , - , 1 , - , - , - , 1 , - ] : 1)  ([ - , - , - , 1 , - , - , - , - , - , 1 ] : 1)  
testCase Num: 74
regaular Num: 74
identify Num: 0
1 2 2 2 0 0 1 2 2 2 
1 2 1 0 2 0 2 1 0 2 
1 2 0 1 2 2 2 1 2 2 
1 2 0 0 0 1 2 2 1 2 
0 1 0 0 0 0 2 2 1 2 
1 2 2 0 1 1 2 0 2 2 
1 1 1 1 0 1 1 1 1 1 
2 0 0 1 0 1 1 2 2 1 
1 0 0 0 2 0 0 1 2 2 
1 1 0 0 0 0 0 2 0 2 
1 1 0 1 2 1 2 2 1 2 
0 1 0 2 0 2 0 0 2 0 
1 0 1 0 2 2 1 2 2 2 
1 2 2 1 1 0 2 1 1 2 
1 0 2 0 1 1 1 2 0 2 
0 2 2 2 2 1 0 0 1 1 
1 2 0 2 1 2 1 1 1 2 
1 2 1 2 0 2 2 1 1 2 
2 2 2 2 1 2 2 2 1 0 
1 0 1 0 1 0 0 0 0 2 
1 2 2 2 0 0 1 1 1 2 
0 0 0 0 0 0 0 0 0 0 
1 0 2 1 2 0 0 0 0 2 
1 2 2 1 2 2 2 1 1 2 
1 2 1 2 2 2 1 1 1 2 
1 2 2 0 0 0 2 1 2 2 
1 2 1 0 0 0 2 0 2 2 
1 2 2 2 2 0 1 2 2 2 
1 2 1 0 0 2 2 1 2 2 
1 2 1 1 1 0 2 2 1 2 
1 2 2 2 0 1 0 0 2 2 
1 2 1 1 0 2 2 1 1 2 
1 2 0 0 0 0 2 1 1 2 
2 1 1 1 2 0 0 2 0 0 
1 0 2 0 1 0 2 0 1 2 
0 0 1 2 1 0 1 1 1 0 
1 2 0 1 0 0 0 0 0 2 
0 1 1 1 1 2 2 0 2 2 
1 2 0 0 0 1 1 1 0 2 
1 2 1 1 2 0 2 2 1 2 
1 2 0 0 1 2 2 0 0 2 
1 2 1 2 2 0 1 2 1 2 
1 2 0 2 2 0 1 2 1 2 
1 2 2 0 0 0 1 0 2 0 
1 2 1 1 1 0 0 1 0 1 
2 0 2 0 2 1 0 1 2 2 
1 2 0 2 0 2 1 2 0 2 
1 2 1 0 1 0 2 1 2 2 
1 1 2 1 1 2 2 1 2 2 
1 2 0 2 1 2 0 0 0 2 
1 0 0 2 0 0 2 0 0 2 
1 1 1 1 0 0 1 0 0 2 
1 2 1 2 2 1 1 0 1 2 
1 2 2 0 2 2 2 2 0 2 
1 2 2 0 2 0 2 2 1 2 
1 1 0 2 0 0 0 0 0 2 
1 2 2 2 0 0 1 0 1 2 
1 2 1 1 2 0 2 2 0 2 
1 2 2 0 1 1 2 1 1 2 
1 2 0 1 0 1 2 1 1 2 
1 2 0 2 2 0 1 2 0 2 
1 2 1 1 2 1 2 2 0 2 
1 0 0 0 0 0 1 0 1 2 
1 2 2 1 2 1 2 1 0 2 
0 0 1 0 2 2 1 0 0 0 
0 0 0 0 2 0 2 0 0 0 
1 2 2 2 1 2 1 1 0 2 
2 1 2 1 1 1 2 0 0 0 
1 2 0 1 0 0 2 0 0 2 
1 2 1 2 0 2 1 1 1 2 
1 0 1 0 0 1 0 0 1 2 
1 2 1 2 2 1 1 2 2 2 
1 2 0 0 2 2 2 1 1 2 
1 0 0 0 1 2 2 1 0 1 
MFS
[ - , 2 , - , - , - , - , - , 1 , 0 , - ]
[ 2 , 2 , - , - , - , - , 2 , - , - , - ]
[ - , 2 , - , - , 1 , - , - , 2 , - , - ]
[ - , 2 , - , - , 0 , 1 , - , - , - , - ]
[ - , 2 , - , - , 0 , - , - , 2 , - , - ]
[ - , 1 , - , - , 2 , - , - , - , - , - ]
[ - , 2 , - , - , 0 , 0 , - , - , - , - ]
[ - , - , - , - , - , - , - , - , - , 0 ]
[ - , - , - , - , - , - , - , - , - , 1 ]
[ - , - , 0 , - , 0 , 2 , - , - , - , - ]
[ - , - , - , - , 0 , 0 , - , - , - , - ]
[ - , 2 , - , 0 , - , - , 1 , - , - , - ]
[ - , - , - , - , 0 , 1 , - , - , - , - ]
[ 0 , - , - , - , - , - , - , - , - , 2 ]
[ - , 2 , - , - , 2 , 2 , 1 , - , - , - ]
[ 2 , - , - , - , - , - , - , - , - , 2 ]
[ - , 0 , - , - , - , - , - , - , - , - ]
[ - , 2 , - , - , 0 , 2 , 1 , - , - , - ]
[ - , 1 , - , - , - , - , - , - , - , - ]
[ - , 2 , - , 2 , 2 , 0 , - , - , 1 , - ]
[ - , - , 2 , - , 0 , 2 , - , - , - , - ]
[ - , 2 , - , 0 , 2 , 0 , - , - , - , - ]
[ - , 2 , 1 , 2 , 2 , 0 , - , - , - , - ]
[ - , 2 , - , - , 2 , 0 , - , 1 , - , - ]
[ - , 2 , - , - , 2 , 1 , - , - , - , - ]
[ - , 0 , - , - , 2 , - , - , - , - , - ]
[ - , 2 , - , - , - , - , - , 0 , - , - ]
[ - , 2 , - , - , - , - , 0 , - , - , - ]
[ - , 2 , - , - , 1 , - , - , - , - , - ]
[ - , 2 , - , 1 , - , - , 1 , - , - , - ]
[ - , - , - , - , 1 , - , - , - , - , - ]
precise
0.03225806451612903
recall
0.03333333333333333
F-measure
0.03278688524590164
multi
49
time
all 266 iden 2 gen 233
t-cover
163
all-cover
405
coveredNum
(1 : 289)  (2 : 31)  (3 : 41)  (4 : 9)  (5 : 16)  (6 : 6)  (7 : 4)  (8 : 3)  (9 : 3)  (11 : 3)  
real Identify
([ - , - , - , - , 0 , 0 , - , - , - , - ] : 1)  
testCase Num: 117
regaular Num: 117
identify Num: 0
1 0 2 2 2 2 1 0 0 1 
1 1 1 1 0 1 1 1 1 1 
0 2 0 0 0 0 0 0 1 0 
2 2 1 1 1 1 2 0 0 2 
0 2 1 1 2 1 2 1 0 2 
2 0 0 0 0 0 0 0 0 0 
0 2 1 2 1 2 1 0 2 2 
2 0 2 1 1 0 0 1 0 2 
0 2 2 0 2 2 1 0 0 2 
0 2 2 2 2 1 1 2 2 2 
1 2 1 1 2 1 2 1 1 2 
0 0 1 1 0 0 1 0 0 0 
2 2 1 1 1 2 1 1 1 2 
1 2 1 1 1 1 2 1 0 2 
2 2 2 2 1 2 2 0 1 2 
2 0 0 1 2 0 2 0 1 0 
0 0 2 2 0 1 2 2 1 1 
0 2 0 0 2 1 2 0 0 1 
2 0 0 0 0 1 0 2 1 1 
0 2 0 2 1 0 1 1 2 2 
1 2 2 1 2 1 2 0 1 2 
0 2 2 1 2 1 2 1 1 2 
2 2 1 2 1 1 0 0 2 2 
1 2 1 1 1 0 2 0 2 2 
0 2 2 1 0 0 0 1 1 2 
1 2 1 1 2 1 2 1 0 2 
0 2 2 1 2 1 2 1 2 2 
2 2 0 2 1 0 1 0 2 2 
0 0 0 0 0 2 2 1 0 0 
2 2 1 2 2 1 0 0 2 2 
0 1 0 2 0 1 2 2 2 2 
1 2 1 1 2 0 2 2 1 2 
2 1 0 0 0 0 0 0 0 0 
2 1 2 2 0 0 0 1 0 0 
0 2 2 1 2 1 2 2 0 2 
2 2 1 1 1 1 2 1 0 2 
2 2 2 2 2 0 0 0 2 2 
0 2 0 2 1 0 0 2 2 2 
1 0 1 0 2 2 2 0 1 2 
1 2 0 1 1 2 2 2 1 2 
2 2 2 2 2 2 0 2 2 2 
2 0 2 1 0 1 1 2 1 0 
1 2 1 2 1 0 1 1 2 2 
2 2 0 2 1 2 1 0 2 2 
1 0 0 0 0 1 0 0 0 2 
0 2 1 1 2 0 2 1 1 2 
2 2 1 2 1 0 0 1 2 2 
0 2 1 2 2 2 1 1 2 2 
0 2 0 2 2 0 1 1 1 1 
0 1 1 0 1 2 2 2 2 0 
1 0 0 0 0 2 0 0 2 2 
0 0 1 1 2 2 0 0 1 2 
2 2 0 0 1 0 0 0 1 2 
0 2 1 1 1 1 0 2 0 2 
2 2 0 2 1 2 2 1 2 2 
0 2 2 2 2 0 2 0 1 2 
2 2 0 2 2 1 2 0 2 2 
1 2 2 0 2 0 0 0 0 2 
2 2 1 1 1 0 2 0 0 2 
0 2 0 1 1 0 1 0 0 2 
2 1 2 0 2 1 2 1 0 0 
0 0 0 0 1 0 0 0 2 0 
2 2 1 2 0 0 2 2 0 0 
1 1 1 0 1 1 1 1 1 1 
0 2 0 0 1 1 1 1 1 2 
2 2 2 1 2 2 2 0 2 1 
1 2 0 0 1 0 2 0 2 2 
1 0 0 1 1 0 1 2 2 0 
0 2 1 0 1 2 0 1 0 2 
1 2 1 1 2 0 2 1 2 2 
2 2 0 0 1 1 0 2 0 1 
1 2 1 1 1 1 1 2 1 2 
0 0 0 0 0 0 0 0 0 0 
1 2 1 1 2 0 2 1 0 2 
0 2 2 1 2 1 0 0 1 2 
1 1 2 0 0 0 2 2 2 0 
1 2 1 1 1 2 0 1 0 2 
1 1 0 1 2 1 0 0 1 0 
1 2 0 0 2 1 2 1 0 0 
0 2 1 0 2 0 0 2 1 2 
2 2 1 2 1 2 0 0 2 2 
2 2 0 2 1 0 1 2 2 2 
0 2 0 2 1 1 1 1 2 2 
0 0 0 0 0 2 0 0 0 0 
2 1 2 0 1 1 0 0 1 2 
2 2 0 0 1 1 1 2 0 2 
0 2 1 1 1 0 2 1 1 2 
1 2 0 0 1 0 1 2 2 1 
2 1 1 0 0 2 1 0 2 2 
1 1 1 1 0 0 0 1 2 0 
0 0 1 1 2 2 0 2 2 2 
1 0 1 2 1 2 0 2 0 1 
0 2 1 0 1 1 0 0 0 2 
0 2 1 2 1 0 0 0 2 2 
1 2 1 1 1 0 0 0 2 2 
2 2 1 2 1 1 1 2 2 2 
2 2 1 1 2 0 2 1 1 2 
2 1 0 2 2 0 1 0 1 1 
1 2 2 0 0 2 1 0 2 2 
1 2 2 1 2 1 1 0 0 2 
0 1 0 2 1 1 0 1 2 1 
0 2 1 0 0 1 1 1 2 1 
0 0 1 1 1 2 1 1 0 0 
1 2 1 2 2 2 0 2 0 0 
0 2 2 2 2 0 0 0 2 2 
2 2 1 1 1 0 2 0 1 2 
0 1 2 2 1 2 2 0 0 0 
2 2 0 2 1 1 0 2 2 2 
2 2 2 2 2 0 1 0 2 2 
2 2 0 2 1 1 0 1 0 2 
0 2 0 2 1 2 2 0 2 2 
1 2 2 1 2 1 2 1 1 2 
1 0 2 1 0 2 1 1 0 2 
1 2 0 1 2 1 0 0 0 2 
0 2 1 1 2 2 0 0 1 2 
1 1 1 1 1 1 0 1 1 1 
2 0 1 2 0 0 2 2 2 1 
MFS
[ 2 , 2 , - , - , - , 0 , 0 , 0 , - , 2 ]
[ 1 , 2 , - , - , 2 , 2 , 2 , - , - , 2 ]
[ 0 , 2 , - , - , 1 , 0 , 0 , - , - , 2 ]
[ 0 , 2 , - , 2 , 2 , - , 2 , - , - , 2 ]
[ 0 , 2 , - , 2 , 2 , - , - , 2 , - , 2 ]
[ 2 , 2 , - , - , 1 , - , 2 , 0 , 2 , 2 ]
[ 0 , 2 , - , 2 , - , - , 2 , - , 2 , - ]
[ 0 , 2 , - , 2 , - , - , - , 0 , - , 2 ]
[ 1 , 2 , - , - , 1 , 0 , - , - , - , 2 ]
[ 0 , 2 , - , - , 2 , - , - , 0 , - , 2 ]
[ 2 , 2 , - , 2 , - , - , - , - , 1 , 2 ]
[ - , 2 , - , 0 , - , - , 1 , - , - , 2 ]
[ 2 , 2 , 2 , 2 , - , 0 , 0 , - , 2 , 2 ]
[ 2 , 2 , - , - , 2 , - , 0 , 0 , - , 2 ]
[ 2 , 2 , - , - , 1 , 0 , - , - , 1 , 2 ]
[ - , 2 , - , - , 0 , - , 2 , - , - , 2 ]
[ 1 , 2 , - , 2 , - , - , - , - , 2 , 2 ]
[ - , 0 , - , - , - , - , - , - , - , - ]
[ - , 1 , - , - , - , - , - , - , - , - ]
[ 0 , 2 , - , - , - , - , 0 , - , - , 2 ]
[ 1 , 2 , - , - , 2 , 1 , - , 1 , - , 2 ]
[ - , 2 , - , 2 , - , - , - , - , 0 , 2 ]
[ 0 , 2 , - , 1 , 1 , - , 2 , - , - , 2 ]
[ 2 , 2 , - , - , 1 , - , 2 , 0 , 1 , 2 ]
[ 2 , 2 , - , - , - , - , 0 , 0 , - , 2 ]
[ 2 , 2 , - , 2 , 0 , 1 , - , - , 2 , 2 ]
[ 2 , 2 , - , - , 1 , 1 , 2 , 0 , 0 , 2 ]
[ - , 2 , - , 1 , 2 , - , 2 , 0 , - , 2 ]
[ - , 2 , - , - , 1 , 1 , - , - , - , 2 ]
[ - , 2 , - , 1 , - , - , 0 , - , - , 2 ]
[ 2 , 2 , - , 2 , - , - , - , - , 0 , 2 ]
[ - , 2 , 0 , 1 , - , - , - , - , - , - ]
[ - , 2 , 1 , - , 1 , 2 , - , - , - , 2 ]
[ - , 2 , 2 , 1 , - , 0 , - , - , - , - ]
[ 1 , 2 , - , 2 , - , - , - , - , 2 , - ]
[ 2 , 2 , - , - , 1 , - , 2 , 2 , - , 2 ]
[ - , 2 , 2 , 1 , - , 2 , - , - , - , - ]
[ 1 , 2 , - , - , 2 , - , - , 0 , - , 2 ]
[ 1 , 2 , - , 2 , - , 0 , 1 , - , - , 2 ]
[ - , 2 , 2 , - , 1 , - , - , - , - , 2 ]
[ - , 2 , - , 0 , 2 , - , - , 2 , - , 2 ]
[ 2 , 2 , - , - , - , 0 , 0 , 2 , - , 2 ]
[ 0 , 2 , - , 2 , 1 , 2 , 1 , - , - , 2 ]
[ 1 , 2 , - , 2 , - , - , - , - , - , 2 ]
[ - , 2 , - , 2 , - , - , - , - , 1 , 2 ]
[ - , 2 , - , 1 , 0 , - , 2 , - , - , 2 ]
[ 1 , 2 , - , - , 2 , 1 , 2 , - , - , 2 ]
[ - , 2 , - , 2 , - , 1 , 1 , - , - , 2 ]
[ 1 , 2 , - , - , 2 , - , 2 , 1 , 1 , 2 ]
[ 0 , 2 , - , 2 , - , - , 0 , - , 2 , - ]
[ 0 , 2 , - , - , 1 , 0 , 2 , - , - , 2 ]
[ 0 , 2 , - , 1 , 1 , 0 , 1 , - , - , 2 ]
[ - , 2 , 2 , - , 1 , 2 , - , - , - , 2 ]
[ 0 , 2 , - , 2 , - , - , - , 2 , - , 2 ]
[ 2 , 2 , - , 2 , 1 , 1 , - , - , 2 , 2 ]
[ 2 , 2 , 0 , - , - , - , 0 , 2 , - , 2 ]
[ 1 , 2 , - , - , - , - , 0 , - , - , 2 ]
[ 2 , 2 , - , 1 , 1 , - , 2 , - , 1 , 2 ]
[ - , 2 , - , 1 , - , - , 1 , - , - , 2 ]
[ - , 2 , - , - , 2 , - , 2 , 0 , 1 , 2 ]
[ 2 , 2 , 0 , 2 , - , - , 0 , - , 2 , 2 ]
[ 2 , 2 , - , - , - , 1 , 0 , - , - , 2 ]
[ 0 , 2 , - , 2 , - , - , - , 0 , 2 , 2 ]
[ 2 , 2 , - , 2 , 2 , 0 , 0 , - , 2 , 2 ]
[ 0 , 2 , - , 2 , - , - , - , 2 , 2 , 2 ]
[ 2 , 2 , - , - , 1 , - , 2 , - , 1 , 2 ]
[ 1 , 2 , 2 , 1 , 2 , - , 2 , - , - , 2 ]
[ - , 2 , - , 2 , - , - , - , - , 0 , - ]
[ - , 2 , - , 2 , - , - , - , - , 1 , - ]
[ 0 , 2 , 0 , - , 1 , 2 , - , - , - , 2 ]
[ 1 , 2 , - , - , 1 , - , 2 , - , - , 2 ]
[ 1 , 2 , 0 , - , 1 , 2 , - , - , - , 2 ]
[ 2 , 2 , 0 , - , - , - , 0 , 1 , - , 2 ]
[ 1 , 2 , - , - , 2 , 2 , - , 1 , - , 2 ]
[ - , 2 , - , - , 0 , - , - , - , - , 2 ]
[ - , 2 , - , - , - , - , - , - , - , 1 ]
[ - , 2 , - , - , - , - , - , - , - , 0 ]
[ 1 , 2 , - , 1 , 1 , - , 2 , - , - , 2 ]
[ 0 , 2 , - , - , 1 , - , 2 , - , - , 2 ]
[ - , 2 , - , 0 , - , - , - , - , - , - ]
[ - , 2 , - , 1 , - , - , 0 , - , - , - ]
[ - , 2 , - , 1 , - , 2 , 2 , - , - , - ]
[ - , 2 , - , 1 , - , - , 1 , - , - , - ]
[ - , 2 , - , 0 , - , - , - , - , - , 2 ]
precise
0.0
recall
0.0
F-measure
0.0
multi
72
time
all 523 iden 34 gen 419
t-cover
223
all-cover
405
coveredNum
(1 : 230)  (2 : 42)  (3 : 31)  (4 : 28)  (5 : 16)  (6 : 21)  (7 : 10)  (8 : 4)  (9 : 3)  (10 : 9)  (11 : 4)  (12 : 4)  (13 : 2)  (20 : 1)  
real Identify

