testCase Num: 134
regaular Num: 134
identify Num: 0
0 0 1 0 0 2 2 0 0 0 
2 2 2 0 2 2 0 2 2 2 
1 0 0 0 2 0 0 0 0 0 
1 1 1 0 0 2 0 0 1 0 
2 1 2 2 2 2 0 2 2 2 
0 0 0 0 0 1 0 0 2 0 
1 1 1 1 2 1 2 2 2 2 
1 1 0 1 0 2 0 2 2 2 
0 2 2 2 1 1 0 1 2 2 
0 1 2 2 1 1 2 0 0 2 
0 2 2 0 1 2 2 2 0 1 
2 2 2 2 2 1 1 0 2 2 
1 1 2 0 0 1 0 2 0 1 
0 0 1 1 2 1 0 0 1 1 
2 0 2 0 2 2 1 2 2 2 
1 2 1 0 2 0 2 2 1 0 
0 2 0 0 2 1 0 2 2 2 
0 2 1 1 1 0 0 1 0 1 
1 2 1 2 0 0 0 2 0 0 
0 2 0 0 0 0 0 0 0 0 
0 0 0 2 0 0 0 1 0 0 
1 0 2 1 0 0 1 0 2 1 
1 0 0 1 0 2 1 1 2 2 
0 0 1 2 0 0 0 0 0 0 
2 2 2 2 2 2 1 2 2 2 
1 2 0 2 1 2 1 2 0 0 
2 0 0 2 2 0 1 0 0 1 
1 0 0 1 2 2 0 2 2 2 
2 0 1 1 1 2 2 0 2 0 
1 1 1 1 1 1 1 1 0 1 
1 1 2 2 2 2 2 0 1 0 
0 0 0 0 0 0 1 0 2 0 
1 2 2 0 2 0 2 2 2 2 
0 2 0 2 2 2 1 0 1 1 
2 1 2 0 2 2 0 2 2 2 
2 2 0 1 0 0 1 1 2 1 
0 0 0 1 0 0 0 2 0 0 
0 0 0 0 1 1 0 0 0 0 
0 2 2 1 0 1 1 1 0 2 
0 0 1 1 0 0 0 0 0 2 
2 2 2 2 2 2 0 2 2 2 
0 0 0 0 2 0 1 2 2 2 
0 2 0 1 1 1 1 2 2 2 
2 0 0 1 0 2 0 1 1 0 
2 2 2 0 2 2 1 2 2 2 
2 0 2 2 0 0 1 2 2 1 
2 2 0 0 1 1 1 0 1 0 
1 1 2 2 2 2 0 2 0 2 
2 0 0 1 0 1 2 2 0 1 
0 2 1 1 2 1 1 2 2 0 
2 2 2 0 1 0 0 2 2 2 
1 2 1 0 0 0 0 0 2 1 
2 2 1 0 1 0 1 0 1 2 
2 1 2 2 2 2 1 2 2 2 
2 2 1 2 1 1 0 2 0 0 
2 1 2 2 2 0 2 2 1 2 
0 1 0 0 2 0 0 0 0 0 
1 2 0 0 0 2 2 1 2 2 
0 0 1 2 2 2 0 1 2 0 
2 0 2 2 2 2 2 2 2 2 
1 2 2 1 0 2 0 0 1 0 
2 0 2 1 2 0 0 2 2 2 
2 1 2 0 2 2 2 2 2 2 
1 0 0 1 0 1 2 0 0 2 
0 0 2 0 0 0 1 0 0 0 
0 2 0 0 1 0 0 0 0 0 
2 0 2 0 2 2 0 2 2 2 
0 0 2 0 2 1 1 2 0 0 
0 2 0 1 1 0 2 2 1 2 
2 1 0 0 0 1 0 0 2 2 
2 0 0 2 2 1 2 2 2 2 
0 1 1 2 0 2 0 2 2 2 
2 1 2 0 1 0 2 0 1 2 
1 1 1 0 1 1 1 1 1 1 
1 2 2 0 0 2 2 0 2 1 
0 0 2 1 1 1 2 1 0 0 
0 2 0 2 0 2 1 2 1 1 
0 2 1 0 2 0 0 2 2 2 
2 1 1 2 1 1 2 0 0 0 
0 1 1 2 2 0 0 2 2 2 
1 0 2 0 0 1 2 1 2 0 
2 1 1 0 2 2 1 2 2 2 
0 0 0 0 0 0 0 0 0 0 
2 0 2 2 2 1 2 2 1 2 
2 0 0 0 0 0 1 0 0 1 
0 2 2 1 2 1 1 2 2 2 
2 0 1 0 0 2 2 1 0 0 
0 1 0 0 2 2 2 2 2 2 
0 1 2 0 2 0 0 2 2 2 
1 1 1 1 1 0 1 1 1 1 
0 2 1 1 2 2 1 0 0 1 
0 1 1 0 0 1 0 1 2 2 
0 0 2 1 0 0 0 0 0 0 
2 2 2 0 2 2 2 2 2 2 
1 0 2 2 2 0 0 1 0 1 
1 0 0 1 0 1 2 2 2 2 
0 0 0 2 1 2 1 1 2 0 
2 0 0 2 0 2 0 1 1 1 
2 0 2 0 2 2 2 2 2 2 
0 2 0 0 2 1 2 1 1 2 
0 0 1 2 1 2 1 2 0 2 
0 1 0 0 1 0 2 0 0 0 
2 0 2 2 2 2 0 2 2 2 
2 0 0 2 2 0 0 2 1 1 
1 0 0 0 0 0 0 0 0 2 
2 2 2 1 2 2 2 1 2 0 
0 1 0 1 2 2 0 1 2 2 
0 2 0 0 2 0 0 0 0 1 
1 1 0 0 1 1 1 2 0 0 
1 0 2 2 1 0 0 1 2 0 
2 1 0 0 1 0 1 2 2 1 
0 2 2 1 2 2 0 0 2 1 
1 0 1 2 2 0 1 2 2 2 
1 0 1 2 2 0 1 2 2 0 
2 2 0 1 0 0 0 1 0 1 
1 1 0 0 1 2 0 0 1 0 
2 0 1 2 0 0 2 2 1 2 
2 2 1 0 2 2 2 2 1 2 
1 0 2 1 1 2 0 1 0 2 
1 0 1 1 1 1 1 1 1 1 
2 1 1 0 2 1 1 0 0 2 
0 0 0 1 2 0 2 1 1 1 
2 0 2 2 0 1 1 1 1 0 
0 0 0 2 0 0 0 0 0 0 
0 1 1 2 0 0 0 0 0 1 
2 1 1 2 2 2 2 1 0 0 
2 1 2 1 2 0 0 0 0 2 
1 1 1 0 2 1 2 0 0 0 
0 0 0 0 2 0 0 1 0 0 
0 1 0 1 2 0 2 2 0 1 
1 1 1 1 1 1 0 1 1 1 
2 1 0 0 0 1 2 1 2 1 
1 0 2 1 1 2 0 1 1 0 
0 2 2 0 0 1 0 2 2 0 
MFS
[ 0 , - , - , - , - , - , - , - , - , - ]
[ 1 , - , - , - , - , - , - , - , - , - ]
[ 2 , 0 , 2 , - , - , 2 , 1 , - , - , - ]
[ 2 , - , 1 , - , - , 2 , - , - , - , - ]
[ 2 , 1 , 2 , 0 , - , 2 , 0 , - , - , - ]
[ 2 , - , - , - , - , 1 , - , - , - , - ]
[ 2 , 0 , 2 , 2 , - , 2 , 0 , - , - , - ]
[ - , - , - , - , 2 , - , - , - , 1 , 2 ]
[ 2 , - , - , - , - , 0 , - , - , - , - ]
[ - , - , - , - , - , - , - , - , - , 0 ]
[ - , - , - , - , - , - , - , - , - , 1 ]
[ 2 , 0 , 2 , 0 , - , 2 , - , - , - , - ]
[ - , - , - , - , 0 , - , - , - , - , 2 ]
[ 2 , 1 , 2 , - , - , 2 , 1 , - , - , - ]
[ 2 , - , 0 , - , - , 2 , - , - , - , - ]
[ - , - , - , - , 2 , - , - , - , 0 , 2 ]
[ 2 , 2 , 2 , 0 , - , 2 , 0 , - , - , - ]
[ 2 , - , 2 , - , - , 2 , 2 , 1 , - , - ]
[ 2 , - , 2 , 0 , - , 2 , 0 , - , - , - ]
[ 2 , - , 2 , 1 , - , 2 , 0 , - , - , - ]
[ 2 , 1 , 2 , 2 , - , 2 , 1 , - , - , - ]
[ 2 , - , 2 , 1 , - , 2 , - , - , - , - ]
[ - , - , - , - , 1 , - , - , - , - , 2 ]
[ - , - , - , - , 2 , - , - , 1 , 2 , 2 ]
[ - , - , - , - , 2 , - , - , 0 , 2 , 2 ]
precise
0.0
recall
0.0
F-measure
0.0
multi
114
time
all 668 iden 1 gen 448
t-cover
93
all-cover
405
coveredNum
(1 : 330)  (2 : 26)  (3 : 14)  (4 : 14)  (7 : 21)  
real Identify

testCase Num: 74
regaular Num: 74
identify Num: 0
1 2 1 0 0 1 1 2 0 0 
2 1 2 1 0 2 2 0 2 1 
0 1 2 1 2 1 0 1 0 2 
1 0 1 0 2 0 0 2 0 1 
2 2 2 2 2 0 2 2 2 0 
0 2 2 2 1 0 2 1 0 2 
1 1 1 0 1 1 1 1 1 1 
0 2 0 2 2 1 1 0 2 1 
2 2 2 1 2 2 2 2 2 0 
1 2 2 2 2 0 2 0 1 2 
2 2 2 1 2 2 2 2 2 1 
2 2 2 2 2 2 2 2 2 2 
2 2 2 1 2 2 2 2 2 2 
2 1 1 2 0 1 0 0 0 1 
2 2 1 1 1 2 0 1 0 0 
2 0 0 1 2 0 0 1 1 2 
1 1 2 2 1 1 2 1 1 1 
1 1 2 1 2 2 2 2 1 2 
2 1 2 0 2 0 2 2 2 1 
1 0 1 0 1 0 0 2 0 1 
2 0 2 0 1 1 2 2 2 0 
2 0 2 2 0 2 2 2 2 1 
0 0 0 0 0 0 0 0 0 0 
1 2 2 1 1 1 2 1 2 0 
2 0 1 0 1 1 2 1 2 0 
2 1 1 2 1 0 0 0 2 1 
0 0 0 2 0 2 2 1 1 1 
2 0 2 1 2 1 2 2 2 2 
0 2 0 0 0 0 0 0 0 1 
2 1 2 0 0 2 2 2 2 0 
2 1 2 0 1 0 2 2 0 1 
2 1 2 1 1 2 2 2 2 2 
2 2 2 0 1 0 2 2 2 0 
1 1 1 1 1 0 1 1 1 1 
2 2 2 0 2 2 2 2 2 2 
2 2 2 0 2 2 2 2 2 0 
2 2 2 0 2 2 2 2 2 1 
2 0 2 2 0 0 2 2 2 2 
2 0 2 1 0 0 1 1 2 1 
1 0 2 0 1 2 2 0 0 0 
0 0 2 0 1 0 0 0 0 0 
2 1 2 0 0 0 2 2 2 2 
1 0 2 1 0 0 2 0 0 0 
2 2 2 1 0 1 2 2 2 1 
1 0 2 0 1 1 2 0 0 2 
0 1 2 0 2 2 1 2 0 1 
0 0 1 2 1 1 2 2 0 2 
1 1 0 1 0 0 2 2 1 2 
2 1 2 2 1 1 2 2 2 1 
2 0 2 0 0 1 2 2 1 0 
1 2 2 1 0 2 0 0 2 2 
0 0 0 0 0 2 1 0 0 2 
2 2 0 2 2 1 2 2 1 2 
2 0 2 2 0 2 1 1 1 0 
0 1 0 0 0 0 0 2 0 2 
1 1 0 2 0 0 2 0 2 0 
0 2 2 1 0 1 0 0 0 0 
1 0 0 0 1 0 0 0 2 0 
1 0 2 2 0 0 2 1 2 2 
1 0 2 2 0 0 2 2 0 0 
2 0 2 1 0 0 2 2 2 0 
1 2 2 0 0 0 2 1 0 1 
0 2 1 0 2 0 1 0 1 2 
2 2 2 2 2 2 2 2 2 0 
2 2 2 2 2 2 2 2 2 1 
1 1 2 0 0 0 2 0 0 0 
2 0 2 2 2 2 2 1 0 0 
1 0 0 1 2 1 1 2 2 0 
2 2 0 1 0 0 2 0 1 0 
1 1 2 2 2 2 0 0 1 0 
0 1 0 1 1 2 2 0 2 1 
2 0 0 0 0 1 0 0 0 0 
1 0 2 0 2 1 2 0 0 1 
0 0 1 0 0 2 0 0 0 0 
MFS
[ - , - , - , - , 2 , 0 , - , - , - , - ]
[ - , 2 , - , 1 , 2 , 2 , - , - , - , 1 ]
[ 1 , - , - , - , - , - , - , 2 , 2 , - ]
[ - , 1 , - , - , 2 , 2 , - , - , - , - ]
[ - , 0 , - , - , 2 , 2 , - , - , - , - ]
[ - , 2 , - , 0 , 2 , 2 , - , - , - , 0 ]
[ - , - , 0 , - , - , - , 2 , - , - , - ]
[ - , - , 1 , - , - , - , 2 , - , - , - ]
[ - , - , - , - , - , - , - , - , 0 , - ]
[ - , - , - , - , 2 , 1 , - , - , - , - ]
[ - , - , - , - , - , - , - , - , 1 , - ]
[ - , - , - , - , - , - , 0 , - , - , - ]
[ - , - , - , - , - , - , - , 0 , 2 , - ]
[ - , - , - , - , - , - , 1 , - , - , - ]
[ - , - , - , - , - , - , - , 1 , 2 , - ]
[ - , - , - , - , 0 , - , - , - , - , - ]
[ - , - , - , - , 1 , - , - , - , - , - ]
[ 0 , - , 2 , - , - , - , 2 , - , - , - ]
precise
0.0
recall
0.0
F-measure
0.0
multi
61
time
all 356 iden 1 gen 281
t-cover
83
all-cover
405
coveredNum
(1 : 329)  (2 : 32)  (3 : 16)  (7 : 28)  
real Identify

testCase Num: 95
regaular Num: 95
identify Num: 0
2 2 2 2 1 2 2 0 2 0 
2 0 2 2 0 2 1 1 2 0 
2 2 2 2 1 2 2 2 2 0 
2 2 0 2 0 2 0 1 1 2 
1 0 0 0 1 2 2 1 0 0 
2 2 0 0 0 0 0 1 2 0 
2 2 2 2 1 2 2 0 2 1 
1 0 2 1 2 2 2 0 0 1 
2 1 0 0 0 1 2 2 0 2 
1 1 2 0 2 0 0 2 2 1 
0 0 2 2 2 0 0 0 1 1 
1 2 0 0 1 2 2 1 0 1 
2 0 0 0 0 0 0 0 0 0 
2 0 0 0 0 0 0 0 0 1 
0 2 1 1 0 2 2 2 1 0 
2 2 2 0 1 2 0 0 2 1 
1 0 0 2 0 2 1 2 2 1 
2 2 2 2 1 1 0 1 2 0 
2 2 1 2 0 0 1 1 2 0 
1 1 0 1 1 1 1 1 1 1 
1 2 2 0 0 1 2 0 2 1 
2 2 1 0 2 2 1 1 2 1 
0 0 2 0 0 0 0 2 2 0 
0 0 1 1 2 1 1 2 0 0 
0 0 0 0 0 0 0 0 0 0 
0 0 2 1 1 0 2 2 0 0 
0 1 2 2 0 1 1 1 2 0 
2 2 2 2 0 2 0 2 2 2 
1 0 2 2 0 1 0 1 0 2 
2 0 0 1 2 0 1 2 0 2 
2 2 2 2 0 2 2 1 2 1 
0 2 1 0 1 1 1 2 0 2 
0 2 0 2 2 1 0 1 2 2 
0 2 0 2 2 1 0 0 0 1 
2 0 1 2 1 0 2 0 2 2 
2 2 0 0 2 1 1 0 2 2 
2 2 2 2 2 2 2 1 2 1 
0 0 0 2 0 0 2 0 0 0 
2 2 0 0 1 0 2 0 2 1 
2 0 0 1 2 1 0 1 1 2 
0 2 2 1 0 0 1 0 0 0 
1 1 1 1 1 0 1 1 1 1 
2 2 0 0 0 1 2 1 2 0 
2 2 2 1 1 2 1 2 2 1 
2 1 0 0 0 2 1 0 0 2 
2 2 2 1 0 0 1 0 2 0 
2 2 2 0 2 2 2 2 2 0 
2 2 2 2 1 2 2 2 2 2 
2 2 2 2 1 2 2 2 2 1 
0 0 2 2 1 2 1 1 2 0 
0 0 0 0 0 2 0 0 0 1 
2 1 1 1 0 2 0 0 0 2 
2 0 1 2 0 0 0 0 0 1 
2 1 2 2 2 1 2 2 2 0 
1 2 0 1 0 1 0 2 2 1 
2 2 2 2 1 2 2 1 2 0 
0 1 0 0 1 0 0 0 2 0 
0 2 2 0 2 0 2 1 1 1 
1 0 0 0 0 0 0 0 0 2 
2 2 0 0 0 1 0 0 2 2 
0 0 2 2 0 0 0 0 1 2 
2 2 0 0 1 0 0 2 2 2 
2 1 0 0 1 0 1 1 0 1 
1 1 1 1 1 2 0 0 2 0 
2 2 2 0 2 2 1 0 2 1 
0 0 1 0 0 0 0 1 2 0 
2 2 2 1 0 2 1 0 2 0 
0 1 2 1 1 0 2 0 2 2 
2 2 2 2 1 2 1 1 2 0 
2 2 1 0 2 2 2 2 1 2 
2 2 2 0 0 2 0 1 2 0 
1 1 1 1 1 1 1 0 1 1 
2 2 1 1 1 1 1 2 2 1 
0 1 0 2 0 2 0 2 1 0 
0 2 1 0 2 0 1 0 1 0 
1 0 0 0 2 0 1 0 0 2 
2 2 2 1 2 2 0 1 2 2 
2 2 2 1 1 2 2 0 2 0 
2 2 2 2 2 2 2 0 2 2 
2 2 2 2 2 2 2 2 2 0 
2 2 2 0 1 2 1 0 2 2 
2 2 2 2 2 2 2 0 2 0 
0 0 1 1 2 2 0 2 1 0 
2 2 2 2 2 2 2 0 2 1 
0 1 0 0 2 0 0 0 0 0 
1 2 1 2 1 0 0 2 0 1 
2 2 1 1 2 0 0 1 2 2 
2 2 0 1 2 0 0 2 2 0 
2 0 1 2 1 0 1 1 0 2 
1 2 0 0 0 1 2 0 1 0 
2 0 0 0 0 1 0 0 0 0 
2 2 2 0 0 0 2 2 2 1 
2 2 2 2 1 2 2 1 2 2 
2 2 0 2 1 2 0 2 2 1 
2 2 1 1 0 2 2 0 2 0 
MFS
[ - , 0 , 2 , - , - , 2 , - , - , - , - ]
[ - , 1 , 2 , - , - , 2 , - , - , - , - ]
[ 2 , 2 , - , - , - , - , - , - , 0 , - ]
[ 2 , 2 , - , - , - , - , - , - , 1 , - ]
[ - , - , - , 1 , - , - , 2 , - , - , - ]
[ 0 , 2 , - , - , - , - , - , - , - , - ]
[ - , - , 2 , - , - , 1 , - , - , - , - ]
[ - , - , 2 , - , - , 0 , - , - , - , - ]
[ - , 1 , - , 2 , - , - , 2 , - , - , - ]
[ - , 0 , - , 2 , - , - , 2 , - , - , - ]
[ - , 0 , - , - , - , - , - , - , - , - ]
[ - , 1 , - , - , - , - , - , - , - , - ]
[ - , - , - , 2 , 2 , - , 2 , 0 , - , 0 ]
[ - , - , - , 2 , - , - , 2 , 1 , - , - ]
[ - , 2 , - , 2 , 0 , - , 2 , - , - , - ]
[ - , - , - , 0 , - , - , 2 , - , - , - ]
[ 1 , 2 , - , - , - , - , - , - , - , - ]
[ - , 2 , - , 2 , - , - , 2 , 2 , - , 1 ]
[ - , - , - , - , - , - , 0 , - , - , - ]
[ - , - , - , 2 , 0 , - , 2 , 0 , - , - ]
[ - , - , - , - , - , - , 1 , - , - , - ]
[ - , - , - , 2 , 1 , - , 2 , 0 , - , - ]
[ - , - , 0 , - , - , - , - , - , - , - ]
[ - , - , 1 , - , - , - , - , - , - , - ]
[ - , 1 , - , 2 , - , - , 2 , 2 , - , - ]
precise
0.0
recall
0.0
F-measure
0.0
multi
77
time
all 470 iden 2 gen 379
t-cover
82
all-cover
405
coveredNum
(1 : 339)  (2 : 31)  (3 : 14)  (5 : 21)  
real Identify

testCase Num: 126
regaular Num: 126
identify Num: 0
0 0 0 0 0 0 0 2 1 0 
0 2 0 0 1 0 0 0 2 0 
0 1 0 0 0 2 0 0 0 0 
2 2 0 2 0 2 2 0 1 1 
1 2 1 2 2 2 1 2 0 0 
2 0 0 0 1 2 1 2 2 2 
2 0 0 2 2 1 0 0 0 0 
1 1 0 2 0 1 2 0 1 2 
1 2 2 2 2 2 1 2 0 2 
2 1 2 2 2 2 2 0 1 2 
0 0 2 0 0 1 1 1 0 1 
1 1 0 1 0 2 0 2 2 1 
0 1 2 0 0 0 0 0 0 0 
1 2 2 2 0 2 0 2 1 2 
1 2 0 2 0 2 0 2 1 0 
2 0 2 0 1 2 1 1 1 0 
2 2 2 2 2 1 1 0 2 2 
0 1 0 1 0 1 1 2 1 2 
1 1 1 1 1 1 1 1 1 0 
1 0 2 2 0 0 0 0 0 0 
2 0 2 1 0 0 2 1 2 1 
0 1 2 0 0 2 1 1 0 1 
0 1 2 1 2 1 1 0 0 2 
1 0 0 0 0 2 0 0 0 0 
1 2 1 0 0 0 1 0 1 1 
1 2 2 2 2 2 1 2 1 2 
2 2 2 1 2 0 2 2 2 1 
0 0 0 0 2 0 0 0 0 1 
2 0 0 0 0 0 0 1 0 2 
2 1 1 0 0 1 0 2 2 0 
0 0 0 0 0 0 2 1 1 0 
1 2 1 2 0 2 2 2 2 0 
2 2 2 2 1 2 1 2 1 2 
1 0 1 1 0 1 0 2 2 2 
2 2 1 1 0 2 0 2 0 0 
1 2 0 2 0 0 2 2 1 2 
0 0 2 0 1 0 0 0 0 0 
2 2 2 2 2 0 2 2 0 1 
1 2 2 2 2 2 1 2 2 2 
2 2 2 2 2 2 0 2 2 2 
1 2 0 2 2 1 0 2 0 0 
1 2 2 2 1 2 0 2 0 2 
1 2 2 2 1 2 2 2 2 2 
1 2 0 1 0 2 2 1 2 0 
1 2 2 2 2 1 1 2 1 2 
1 2 2 2 0 2 1 2 0 2 
0 1 0 1 1 0 2 0 2 2 
1 0 0 0 2 1 1 1 2 1 
1 2 2 1 1 1 2 2 0 0 
0 0 0 1 2 1 2 2 1 0 
1 2 1 1 2 2 0 0 1 0 
2 1 0 0 0 1 1 2 2 1 
0 2 0 0 0 0 0 0 2 0 
1 2 2 2 2 2 2 2 0 2 
0 2 2 2 1 0 1 2 2 0 
2 2 2 2 2 2 1 2 0 2 
2 2 0 2 0 1 0 2 1 0 
1 2 2 2 1 0 0 2 2 0 
0 0 0 2 0 1 0 0 0 0 
2 1 2 2 2 1 0 2 2 2 
0 1 2 0 1 2 1 0 2 2 
1 2 2 2 1 1 2 0 0 2 
0 2 0 0 2 0 2 0 1 1 
1 2 2 0 1 0 1 2 0 1 
2 2 1 0 0 1 2 1 0 2 
1 0 2 0 2 0 2 1 0 1 
2 0 1 2 0 1 1 1 2 0 
2 0 1 1 1 0 2 2 0 2 
0 0 1 2 0 0 1 0 0 0 
0 0 1 2 0 0 1 1 2 1 
0 1 2 0 2 0 0 2 1 0 
2 2 2 2 2 2 2 2 2 2 
0 0 0 0 2 0 1 0 0 0 
2 1 0 2 1 0 0 0 0 1 
1 2 2 2 0 2 1 2 2 2 
1 2 2 1 2 0 2 0 0 1 
1 0 1 2 2 2 0 1 0 2 
0 1 1 0 2 1 0 1 2 0 
0 0 0 0 0 0 0 0 0 0 
1 0 0 1 2 0 2 0 2 2 
2 0 1 2 1 0 1 2 1 0 
2 0 1 2 1 0 0 0 0 1 
0 2 0 1 0 2 1 1 1 2 
1 2 0 2 0 1 0 2 2 0 
2 2 2 2 0 2 2 2 0 2 
1 2 2 2 2 2 0 2 0 2 
0 2 0 0 2 2 2 0 1 0 
0 1 0 1 2 2 1 0 0 2 
1 1 1 1 1 0 1 1 1 1 
0 1 1 2 0 0 2 0 0 0 
0 1 1 1 2 0 2 2 0 2 
1 2 2 2 1 2 2 2 1 2 
1 2 0 2 0 0 0 1 1 2 
0 1 1 2 2 2 0 1 2 1 
0 2 0 0 0 1 0 0 0 0 
0 2 1 0 1 2 2 0 1 1 
0 2 2 0 1 2 0 2 1 0 
0 0 2 0 0 2 0 0 0 0 
2 1 0 0 0 1 0 2 0 0 
1 2 0 2 0 0 1 2 0 0 
2 1 1 0 0 0 2 1 0 2 
1 0 2 0 0 1 0 0 1 0 
1 1 2 0 0 2 0 1 1 0 
0 2 1 0 2 2 1 1 0 2 
2 2 1 1 2 0 0 2 1 0 
2 0 0 2 0 2 1 2 1 2 
2 0 2 0 0 1 1 0 0 1 
2 2 0 2 1 2 1 2 2 1 
2 2 1 2 1 0 0 2 0 2 
0 0 2 0 0 0 0 0 0 0 
0 0 0 1 0 2 0 0 0 0 
1 2 0 0 1 2 1 2 0 2 
1 2 1 2 1 1 2 2 1 1 
1 2 2 2 0 0 0 2 0 1 
0 2 0 0 0 0 0 1 0 0 
1 0 1 1 1 1 1 1 1 1 
0 0 2 0 1 2 2 2 2 1 
1 2 2 2 2 2 0 2 2 2 
2 0 0 2 1 0 2 0 2 0 
0 0 0 0 1 0 0 0 0 2 
0 0 0 0 1 0 0 0 0 1 
0 1 0 2 1 1 2 0 1 0 
1 0 0 2 0 2 2 2 2 1 
0 0 1 0 2 0 0 0 0 0 
1 1 1 1 1 1 0 1 1 1 
2 0 0 0 0 1 0 0 0 0 
MFS
[ 0 , 2 , - , 2 , - , - , - , 2 , - , - ]
[ - , - , 2 , - , - , 0 , - , - , - , 2 ]
[ - , - , 2 , - , 2 , 2 , 0 , - , 0 , - ]
[ - , - , - , - , - , - , - , - , - , 0 ]
[ - , - , - , - , - , - , - , - , - , 1 ]
[ - , - , - , - , 2 , 1 , - , - , - , - ]
[ - , - , 1 , - , 2 , 2 , - , - , - , - ]
[ - , 1 , 2 , - , - , 2 , - , - , - , 2 ]
[ - , - , 0 , - , 2 , 2 , - , - , - , - ]
[ - , - , - , 0 , - , - , - , - , - , - ]
[ - , - , - , 1 , - , - , - , - , - , - ]
[ - , - , 0 , - , - , - , - , - , - , 2 ]
[ 1 , - , 2 , - , 2 , 2 , 1 , - , 0 , - ]
[ - , - , - , - , 2 , 0 , - , - , - , - ]
[ - , - , 2 , - , - , 1 , - , - , - , 2 ]
[ - , - , 2 , - , 2 , 2 , 1 , - , 2 , - ]
[ - , - , 2 , - , 2 , 2 , - , - , 1 , - ]
[ - , 1 , - , 2 , - , - , - , 2 , - , - ]
[ - , - , - , 2 , - , - , - , 0 , - , - ]
[ - , - , - , 2 , - , - , - , 1 , - , - ]
[ - , 0 , 2 , - , - , 2 , - , - , - , 2 ]
[ - , - , - , - , 0 , - , - , - , - , - ]
[ - , - , - , - , 1 , - , - , - , - , - ]
[ - , 0 , - , 2 , - , - , - , 2 , - , - ]
[ - , - , 1 , - , - , - , - , - , - , 2 ]
precise
0.0
recall
0.0
F-measure
0.0
multi
110
time
all 640 iden 2 gen 458
t-cover
83
all-cover
405
coveredNum
(1 : 340)  (2 : 30)  (3 : 14)  (5 : 21)  
real Identify

testCase Num: 87
regaular Num: 87
identify Num: 0
0 0 0 0 0 0 0 0 1 2 
0 1 0 0 0 2 0 0 0 0 
2 0 2 2 2 1 0 0 0 1 
0 0 2 0 2 1 0 1 1 1 
2 0 0 2 2 1 0 1 2 0 
0 1 0 1 2 1 2 2 0 2 
2 0 0 2 1 0 2 2 1 1 
2 0 0 1 0 2 0 0 2 0 
2 2 2 2 2 0 1 0 1 0 
2 2 2 1 2 0 2 0 1 0 
0 1 1 0 0 1 1 0 1 0 
0 1 2 0 1 1 0 1 2 2 
2 2 0 0 2 1 0 0 2 1 
1 0 2 0 1 1 2 2 2 0 
0 1 1 1 2 0 2 1 2 0 
2 1 1 0 2 1 1 0 1 1 
0 1 2 1 0 0 0 1 2 2 
1 2 0 0 2 1 0 2 0 2 
2 2 0 2 2 2 2 0 2 2 
2 1 1 2 0 1 2 1 0 0 
1 2 0 2 1 2 0 1 0 0 
0 0 0 0 2 0 1 0 0 0 
2 1 0 0 0 0 0 2 1 0 
1 1 0 1 1 1 1 1 1 1 
2 2 1 0 2 2 2 0 1 1 
2 2 0 0 2 2 2 0 1 2 
2 2 2 2 1 0 2 0 2 1 
2 2 2 0 2 2 2 0 1 0 
0 0 0 0 0 0 0 0 2 1 
0 2 0 0 1 2 0 1 0 0 
0 0 0 0 0 0 0 0 0 0 
2 0 0 0 2 2 1 0 2 0 
1 0 0 2 0 0 2 0 2 1 
1 0 1 2 1 2 0 0 1 2 
2 2 1 2 2 2 2 0 2 2 
2 2 2 2 2 2 1 1 0 2 
2 2 1 2 2 2 2 0 1 2 
1 0 1 0 0 0 2 2 2 2 
2 2 1 0 2 0 1 0 0 2 
1 1 2 2 2 0 0 0 0 0 
0 1 1 2 2 2 2 1 0 1 
2 2 1 2 0 1 0 2 1 0 
1 2 2 1 0 2 1 2 0 0 
0 2 0 0 0 1 0 0 0 0 
2 2 1 0 2 2 2 0 0 2 
2 1 2 0 2 2 2 0 0 1 
2 2 0 0 2 2 2 0 2 0 
2 2 2 0 0 0 1 1 1 1 
2 2 1 2 0 2 1 2 2 2 
1 0 0 1 2 0 1 1 2 2 
2 1 0 0 0 1 0 1 2 2 
0 0 0 0 1 0 0 0 0 0 
2 2 2 2 2 2 2 0 1 2 
2 2 1 2 2 2 2 0 1 0 
2 0 2 0 1 0 1 0 0 1 
0 0 0 2 1 1 2 0 0 1 
2 2 1 2 2 2 2 0 0 2 
2 2 0 2 2 2 2 0 0 1 
0 2 1 0 2 2 0 2 1 1 
2 2 0 2 2 2 2 0 0 2 
2 2 2 2 2 2 2 0 0 2 
0 2 1 1 0 0 0 2 0 1 
2 0 0 0 2 1 0 0 0 2 
0 0 2 2 2 1 1 0 1 0 
2 0 1 0 2 1 2 0 2 0 
1 1 2 1 0 2 0 2 0 1 
2 1 0 0 2 0 0 0 2 2 
2 0 0 0 2 0 0 0 0 1 
0 0 0 0 0 2 2 0 1 0 
2 0 0 0 2 0 0 0 0 0 
0 0 0 0 0 0 2 0 0 2 
0 0 2 1 0 2 0 0 0 0 
1 1 1 1 1 1 1 0 1 1 
1 2 1 0 1 2 1 1 0 0 
2 0 1 1 0 2 1 0 2 2 
0 1 0 0 0 0 0 0 0 1 
2 0 1 2 2 2 0 0 1 2 
2 2 2 2 2 2 2 0 2 2 
0 0 2 2 0 0 0 0 0 0 
2 2 0 2 2 2 2 0 1 2 
2 1 0 2 2 0 2 0 1 0 
2 2 2 0 2 2 2 0 0 2 
2 2 1 0 2 2 2 0 2 1 
0 2 0 1 2 0 1 2 1 2 
2 2 2 0 2 2 2 0 0 1 
1 0 0 0 1 2 2 2 2 2 
2 2 0 0 2 2 2 0 0 0 
MFS
[ 0 , - , - , - , - , - , - , - , - , - ]
[ 2 , - , - , - , 2 , - , - , 2 , - , - ]
[ - , 2 , - , - , - , 1 , 2 , - , - , - ]
[ 1 , - , - , - , - , - , - , - , - , - ]
[ 2 , - , - , - , 2 , - , - , 1 , - , - ]
[ - , 2 , - , - , - , 0 , 2 , - , - , - ]
[ - , - , - , 2 , - , - , 0 , - , - , 2 ]
[ - , - , 0 , 2 , - , - , - , - , 1 , 2 ]
[ - , - , 0 , 2 , - , - , - , - , 2 , 2 ]
[ - , - , 1 , 2 , - , - , - , - , 1 , 2 ]
[ - , - , - , 2 , - , - , 1 , - , - , 2 ]
[ - , 0 , - , - , - , - , 2 , - , - , - ]
[ - , 1 , - , - , - , - , 2 , - , - , - ]
[ 2 , - , - , 1 , 2 , - , - , 0 , - , - ]
[ 2 , - , - , - , 0 , - , - , - , - , - ]
[ 2 , - , - , - , 1 , - , - , - , - , - ]
[ - , - , - , 2 , - , - , - , - , 0 , 2 ]
[ - , - , 1 , 2 , 0 , - , - , - , 2 , 2 ]
[ - , - , - , - , - , - , 0 , - , - , - ]
[ - , - , - , - , - , - , 1 , - , - , - ]
[ - , - , - , 2 , - , - , - , - , - , 0 ]
[ - , - , - , 0 , - , - , - , - , - , - ]
[ - , - , - , 2 , - , - , - , - , - , 1 ]
[ - , - , - , 1 , - , - , - , - , - , - ]
precise
0.0
recall
0.0
F-measure
0.0
multi
77
time
all 507 iden 0 gen 448
t-cover
63
all-cover
405
coveredNum
(1 : 361)  (2 : 16)  (3 : 28)  
real Identify

