testCase Num: 81
regaular Num: 9
identify Num: 72
0 0 0 0 0 0 0 0 1 2 
0 0 0 0 0 0 0 0 1 1 
1 1 1 1 1 1 1 0 0 0 
1 1 1 1 1 1 1 1 2 1 
1 1 1 1 1 1 1 1 2 0 
1 1 1 1 0 0 0 0 2 0 
1 1 1 1 0 0 0 0 2 1 
1 1 0 0 0 0 0 0 0 2 
1 1 0 0 0 0 0 0 0 0 
1 1 1 0 0 0 0 0 1 0 
1 1 0 0 0 0 0 0 0 1 
1 1 1 0 0 0 0 0 1 1 
1 1 1 0 0 0 0 0 0 1 
1 1 0 0 0 0 0 0 1 0 
1 1 1 0 0 0 0 0 0 2 
1 1 1 1 0 0 0 0 1 1 
1 1 1 1 0 0 0 0 1 2 
1 1 1 1 1 1 1 1 1 2 
1 1 1 1 1 1 1 1 1 1 
1 1 1 1 1 1 0 0 2 2 
0 0 0 0 0 0 0 0 2 1 
0 0 0 0 0 0 0 0 2 0 
0 0 0 0 0 0 0 0 0 1 
0 0 0 0 0 0 0 0 0 0 
0 0 0 0 0 0 0 0 0 2 
1 1 1 1 1 1 1 1 1 0 
1 1 1 1 1 1 0 0 2 1 
1 1 1 1 1 1 0 0 2 0 
1 1 1 1 0 0 0 0 1 0 
1 0 0 0 0 0 0 0 1 2 
1 1 1 1 1 0 0 0 1 2 
1 1 1 0 0 0 0 0 2 0 
1 1 1 0 0 0 0 0 2 1 
1 1 1 0 0 0 0 0 2 2 
1 1 1 0 0 0 0 0 1 2 
1 1 1 1 0 0 0 0 0 2 
1 0 0 0 0 0 0 0 2 1 
1 1 1 1 1 0 0 0 2 2 
1 1 1 1 1 0 0 0 2 1 
1 0 0 0 0 0 0 0 2 2 
1 1 1 1 0 0 0 0 0 0 
1 1 1 1 1 0 0 0 2 0 
1 1 1 1 0 0 0 0 0 1 
1 0 0 0 0 0 0 0 2 0 
1 1 1 1 1 1 1 1 0 1 
1 1 1 1 1 1 0 0 1 2 
1 1 1 1 1 1 1 1 0 0 
1 1 1 1 1 1 0 0 1 1 
1 1 1 1 1 1 1 1 0 2 
0 0 0 0 0 0 0 0 1 0 
1 1 1 1 1 1 1 0 2 0 
1 1 1 1 1 1 0 0 1 0 
1 1 1 1 1 1 1 0 2 2 
1 1 1 1 1 1 1 0 2 1 
1 0 0 0 0 0 0 0 0 1 
1 1 1 1 1 0 0 0 0 2 
1 1 1 1 1 0 0 0 0 1 
1 0 0 0 0 0 0 0 0 2 
1 1 0 0 0 0 0 0 2 2 
1 0 0 0 0 0 0 0 1 0 
1 1 1 1 1 0 0 0 1 1 
1 1 1 1 1 0 0 0 1 0 
1 0 0 0 0 0 0 0 1 1 
1 1 1 1 1 1 0 0 0 1 
1 1 1 1 1 1 0 0 0 0 
1 1 1 1 1 1 1 0 1 2 
1 1 1 1 1 1 0 0 0 2 
0 0 0 0 0 0 0 0 2 2 
1 1 1 1 1 1 1 0 1 1 
1 1 1 1 1 1 1 0 1 0 
1 1 0 0 0 0 0 0 1 1 
1 1 1 0 0 0 0 0 0 0 
1 1 0 0 0 0 0 0 1 2 
1 1 0 0 0 0 0 0 2 0 
1 1 0 0 0 0 0 0 2 1 
1 1 1 1 1 0 0 0 0 0 
1 0 0 0 0 0 0 0 0 0 
1 1 1 1 0 0 0 0 2 2 
1 1 1 1 1 1 1 0 0 2 
1 1 1 1 1 1 1 0 0 1 
1 1 1 1 1 1 1 1 2 2 
MFS
[ - , - , - , - , - , - , - , - , 2 , 0 ]
[ - , - , - , - , - , - , - , - , 0 , 1 ]
[ - , - , - , - , - , - , - , - , 1 , 2 ]
[ - , - , - , - , - , - , - , - , 0 , 2 ]
[ - , - , - , - , - , - , - , - , 1 , 0 ]
[ - , - , - , - , - , - , - , - , 2 , 1 ]
[ - , - , - , - , - , - , - , - , 0 , 0 ]
[ - , - , - , - , - , - , - , - , 1 , 1 ]
[ - , - , - , - , - , - , - , - , 2 , 2 ]
precise
0.1111111111111111
recall
0.02
F-measure
0.03389830508474577
multi
9
time
all 188 iden 46 gen 1
t-cover
1
all-cover
405
coveredNum
(1 : 405)  
real Identify
([ - , - , - , - , - , - , - , - , 0 , 0 ] : 1)  
testCase Num: 81
regaular Num: 9
identify Num: 72
0 0 0 0 0 0 0 0 1 2 
0 0 0 0 0 0 0 0 1 1 
1 1 1 1 1 1 1 0 0 0 
1 1 1 1 1 1 1 1 2 1 
1 1 1 1 1 1 1 1 2 0 
1 1 1 1 0 0 0 0 2 0 
1 1 1 1 0 0 0 0 2 1 
1 1 0 0 0 0 0 0 0 2 
1 1 0 0 0 0 0 0 0 0 
1 1 1 0 0 0 0 0 1 0 
1 1 0 0 0 0 0 0 0 1 
1 1 1 0 0 0 0 0 1 1 
1 1 1 0 0 0 0 0 0 1 
1 1 0 0 0 0 0 0 1 0 
1 1 1 0 0 0 0 0 0 2 
1 1 1 1 0 0 0 0 1 1 
1 1 1 1 0 0 0 0 1 2 
1 1 1 1 1 1 1 1 1 2 
1 1 1 1 1 1 1 1 1 1 
1 1 1 1 1 1 0 0 2 2 
0 0 0 0 0 0 0 0 2 1 
0 0 0 0 0 0 0 0 2 0 
0 0 0 0 0 0 0 0 0 1 
0 0 0 0 0 0 0 0 0 0 
0 0 0 0 0 0 0 0 0 2 
1 1 1 1 1 1 1 1 1 0 
1 1 1 1 1 1 0 0 2 1 
1 1 1 1 1 1 0 0 2 0 
1 1 1 1 0 0 0 0 1 0 
1 0 0 0 0 0 0 0 1 2 
1 1 1 1 1 0 0 0 1 2 
1 1 1 0 0 0 0 0 2 0 
1 1 1 0 0 0 0 0 2 1 
1 1 1 0 0 0 0 0 2 2 
1 1 1 0 0 0 0 0 1 2 
1 1 1 1 0 0 0 0 0 2 
1 0 0 0 0 0 0 0 2 1 
1 1 1 1 1 0 0 0 2 2 
1 1 1 1 1 0 0 0 2 1 
1 0 0 0 0 0 0 0 2 2 
1 1 1 1 0 0 0 0 0 0 
1 1 1 1 1 0 0 0 2 0 
1 0 0 0 0 0 0 0 2 0 
1 1 1 1 0 0 0 0 0 1 
1 1 1 1 1 1 1 1 0 1 
1 1 1 1 1 1 0 0 1 2 
1 1 1 1 1 1 1 1 0 0 
1 1 1 1 1 1 0 0 1 1 
1 1 1 1 1 1 1 1 0 2 
0 0 0 0 0 0 0 0 1 0 
1 1 1 1 1 1 1 0 2 0 
1 1 1 1 1 1 0 0 1 0 
1 1 1 1 1 1 1 0 2 2 
1 1 1 1 1 1 1 0 2 1 
1 0 0 0 0 0 0 0 0 1 
1 1 1 1 1 0 0 0 0 2 
1 1 1 1 1 0 0 0 0 1 
1 0 0 0 0 0 0 0 0 2 
1 1 0 0 0 0 0 0 2 2 
1 0 0 0 0 0 0 0 1 0 
1 1 1 1 1 0 0 0 1 1 
1 1 1 1 1 0 0 0 1 0 
1 0 0 0 0 0 0 0 1 1 
1 1 1 1 1 1 0 0 0 1 
1 1 1 1 1 1 0 0 0 0 
1 1 1 1 1 1 1 0 1 2 
1 1 1 1 1 1 0 0 0 2 
0 0 0 0 0 0 0 0 2 2 
1 1 1 1 1 1 1 0 1 1 
1 1 1 1 1 1 1 0 1 0 
1 1 0 0 0 0 0 0 1 1 
1 1 1 0 0 0 0 0 0 0 
1 1 0 0 0 0 0 0 1 2 
1 1 0 0 0 0 0 0 2 0 
1 1 0 0 0 0 0 0 2 1 
1 1 1 1 1 0 0 0 0 0 
1 0 0 0 0 0 0 0 0 0 
1 1 1 1 0 0 0 0 2 2 
1 1 1 1 1 1 1 0 0 2 
1 1 1 1 1 1 1 0 0 1 
1 1 1 1 1 1 1 1 2 2 
MFS
[ - , - , - , - , - , - , - , - , 2 , 0 ]
[ - , - , - , - , - , - , - , - , 0 , 1 ]
[ - , - , - , - , - , - , - , - , 1 , 2 ]
[ - , - , - , - , - , - , - , - , 0 , 2 ]
[ - , - , - , - , - , - , - , - , 1 , 0 ]
[ - , - , - , - , - , - , - , - , 2 , 1 ]
[ - , - , - , - , - , - , - , - , 0 , 0 ]
[ - , - , - , - , - , - , - , - , 1 , 1 ]
[ - , - , - , - , - , - , - , - , 2 , 2 ]
precise
0.1111111111111111
recall
0.02
F-measure
0.03389830508474577
multi
9
time
all 188 iden 15 gen 31
t-cover
1
all-cover
405
coveredNum
(1 : 405)  
real Identify
([ - , - , - , - , - , - , - , - , 0 , 0 ] : 1)  
testCase Num: 81
regaular Num: 9
identify Num: 72
0 0 0 0 0 0 0 0 1 2 
0 0 0 0 0 0 0 0 1 1 
1 1 1 1 1 1 1 0 0 0 
1 1 1 1 1 1 1 1 2 1 
1 1 1 1 1 1 1 1 2 0 
1 1 1 1 0 0 0 0 2 0 
1 1 1 1 0 0 0 0 2 1 
1 1 0 0 0 0 0 0 0 2 
1 1 0 0 0 0 0 0 0 0 
1 1 1 0 0 0 0 0 1 0 
1 1 0 0 0 0 0 0 0 1 
1 1 1 0 0 0 0 0 1 1 
1 1 1 0 0 0 0 0 0 1 
1 1 1 0 0 0 0 0 0 2 
1 1 0 0 0 0 0 0 1 0 
1 1 1 1 0 0 0 0 1 1 
1 1 1 1 0 0 0 0 1 2 
1 1 1 1 1 1 1 1 1 2 
1 1 1 1 1 1 1 1 1 1 
1 1 1 1 1 1 0 0 2 2 
0 0 0 0 0 0 0 0 2 1 
0 0 0 0 0 0 0 0 2 0 
0 0 0 0 0 0 0 0 0 1 
0 0 0 0 0 0 0 0 0 0 
0 0 0 0 0 0 0 0 0 2 
1 1 1 1 1 1 1 1 1 0 
1 1 1 1 1 1 0 0 2 1 
1 1 1 1 1 1 0 0 2 0 
1 1 1 1 0 0 0 0 1 0 
1 0 0 0 0 0 0 0 1 2 
1 1 1 1 1 0 0 0 1 2 
1 1 1 0 0 0 0 0 2 0 
1 1 1 0 0 0 0 0 2 1 
1 1 1 0 0 0 0 0 2 2 
1 1 1 0 0 0 0 0 1 2 
1 1 1 1 0 0 0 0 0 2 
1 0 0 0 0 0 0 0 2 1 
1 1 1 1 1 0 0 0 2 2 
1 1 1 1 1 0 0 0 2 1 
1 0 0 0 0 0 0 0 2 2 
1 1 1 1 0 0 0 0 0 0 
1 1 1 1 1 0 0 0 2 0 
1 1 1 1 0 0 0 0 0 1 
1 0 0 0 0 0 0 0 2 0 
1 1 1 1 1 1 1 1 0 1 
1 1 1 1 1 1 0 0 1 2 
1 1 1 1 1 1 1 1 0 0 
1 1 1 1 1 1 0 0 1 1 
1 1 1 1 1 1 1 1 0 2 
0 0 0 0 0 0 0 0 1 0 
1 1 1 1 1 1 1 0 2 0 
1 1 1 1 1 1 0 0 1 0 
1 1 1 1 1 1 1 0 2 2 
1 1 1 1 1 1 1 0 2 1 
1 0 0 0 0 0 0 0 0 1 
1 1 1 1 1 0 0 0 0 2 
1 1 1 1 1 0 0 0 0 1 
1 0 0 0 0 0 0 0 0 2 
1 1 0 0 0 0 0 0 2 2 
1 0 0 0 0 0 0 0 1 0 
1 1 1 1 1 0 0 0 1 1 
1 1 1 1 1 0 0 0 1 0 
1 0 0 0 0 0 0 0 1 1 
1 1 1 1 1 1 0 0 0 1 
1 1 1 1 1 1 0 0 0 0 
1 1 1 1 1 1 1 0 1 2 
1 1 1 1 1 1 0 0 0 2 
0 0 0 0 0 0 0 0 2 2 
1 1 1 1 1 1 1 0 1 1 
1 1 1 1 1 1 1 0 1 0 
1 1 0 0 0 0 0 0 1 1 
1 1 1 0 0 0 0 0 0 0 
1 1 0 0 0 0 0 0 1 2 
1 1 0 0 0 0 0 0 2 0 
1 1 0 0 0 0 0 0 2 1 
1 1 1 1 1 0 0 0 0 0 
1 0 0 0 0 0 0 0 0 0 
1 1 1 1 0 0 0 0 2 2 
1 1 1 1 1 1 1 0 0 2 
1 1 1 1 1 1 1 0 0 1 
1 1 1 1 1 1 1 1 2 2 
MFS
[ - , - , - , - , - , - , - , - , 2 , 0 ]
[ - , - , - , - , - , - , - , - , 0 , 1 ]
[ - , - , - , - , - , - , - , - , 1 , 2 ]
[ - , - , - , - , - , - , - , - , 0 , 2 ]
[ - , - , - , - , - , - , - , - , 1 , 0 ]
[ - , - , - , - , - , - , - , - , 2 , 1 ]
[ - , - , - , - , - , - , - , - , 0 , 0 ]
[ - , - , - , - , - , - , - , - , 1 , 1 ]
[ - , - , - , - , - , - , - , - , 2 , 2 ]
precise
0.1111111111111111
recall
0.02
F-measure
0.03389830508474577
multi
9
time
all 188 iden 47 gen 16
t-cover
1
all-cover
405
coveredNum
(1 : 405)  
real Identify
([ - , - , - , - , - , - , - , - , 0 , 0 ] : 1)  
testCase Num: 81
regaular Num: 9
identify Num: 72
0 0 0 0 0 0 0 0 1 2 
0 0 0 0 0 0 0 0 1 1 
1 1 1 1 1 1 1 0 0 0 
1 1 1 1 1 1 1 1 2 1 
1 1 1 1 1 1 1 1 2 0 
1 1 1 1 0 0 0 0 2 0 
1 1 1 1 0 0 0 0 2 1 
1 1 0 0 0 0 0 0 0 2 
1 1 0 0 0 0 0 0 0 0 
1 1 1 0 0 0 0 0 1 0 
1 1 0 0 0 0 0 0 0 1 
1 1 1 0 0 0 0 0 1 1 
1 1 1 0 0 0 0 0 0 1 
1 1 0 0 0 0 0 0 1 0 
1 1 1 0 0 0 0 0 0 2 
1 1 1 1 0 0 0 0 1 1 
1 1 1 1 0 0 0 0 1 2 
1 1 1 1 1 1 1 1 1 2 
1 1 1 1 1 1 1 1 1 1 
1 1 1 1 1 1 0 0 2 2 
0 0 0 0 0 0 0 0 2 1 
0 0 0 0 0 0 0 0 2 0 
0 0 0 0 0 0 0 0 0 1 
0 0 0 0 0 0 0 0 0 0 
0 0 0 0 0 0 0 0 0 2 
1 1 1 1 1 1 1 1 1 0 
1 1 1 1 1 1 0 0 2 1 
1 1 1 1 1 1 0 0 2 0 
1 1 1 1 0 0 0 0 1 0 
1 0 0 0 0 0 0 0 1 2 
1 1 1 1 1 0 0 0 1 2 
1 1 1 0 0 0 0 0 2 0 
1 1 1 0 0 0 0 0 2 1 
1 1 1 0 0 0 0 0 2 2 
1 1 1 0 0 0 0 0 1 2 
1 1 1 1 0 0 0 0 0 2 
1 0 0 0 0 0 0 0 2 1 
1 1 1 1 1 0 0 0 2 2 
1 1 1 1 1 0 0 0 2 1 
1 0 0 0 0 0 0 0 2 2 
1 1 1 1 0 0 0 0 0 0 
1 1 1 1 1 0 0 0 2 0 
1 1 1 1 0 0 0 0 0 1 
1 0 0 0 0 0 0 0 2 0 
1 1 1 1 1 1 1 1 0 1 
1 1 1 1 1 1 0 0 1 2 
1 1 1 1 1 1 1 1 0 0 
1 1 1 1 1 1 0 0 1 1 
1 1 1 1 1 1 1 1 0 2 
0 0 0 0 0 0 0 0 1 0 
1 1 1 1 1 1 1 0 2 0 
1 1 1 1 1 1 0 0 1 0 
1 1 1 1 1 1 1 0 2 2 
1 1 1 1 1 1 1 0 2 1 
1 0 0 0 0 0 0 0 0 1 
1 1 1 1 1 0 0 0 0 2 
1 1 1 1 1 0 0 0 0 1 
1 0 0 0 0 0 0 0 0 2 
1 1 0 0 0 0 0 0 2 2 
1 0 0 0 0 0 0 0 1 0 
1 1 1 1 1 0 0 0 1 1 
1 1 1 1 1 0 0 0 1 0 
1 0 0 0 0 0 0 0 1 1 
1 1 1 1 1 1 0 0 0 1 
1 1 1 1 1 1 0 0 0 0 
1 1 1 1 1 1 1 0 1 2 
1 1 1 1 1 1 0 0 0 2 
0 0 0 0 0 0 0 0 2 2 
1 1 1 1 1 1 1 0 1 1 
1 1 1 1 1 1 1 0 1 0 
1 1 0 0 0 0 0 0 1 1 
1 1 1 0 0 0 0 0 0 0 
1 1 0 0 0 0 0 0 1 2 
1 1 0 0 0 0 0 0 2 0 
1 1 0 0 0 0 0 0 2 1 
1 1 1 1 1 0 0 0 0 0 
1 0 0 0 0 0 0 0 0 0 
1 1 1 1 0 0 0 0 2 2 
1 1 1 1 1 1 1 0 0 2 
1 1 1 1 1 1 1 0 0 1 
1 1 1 1 1 1 1 1 2 2 
MFS
[ - , - , - , - , - , - , - , - , 2 , 0 ]
[ - , - , - , - , - , - , - , - , 0 , 1 ]
[ - , - , - , - , - , - , - , - , 1 , 2 ]
[ - , - , - , - , - , - , - , - , 0 , 2 ]
[ - , - , - , - , - , - , - , - , 1 , 0 ]
[ - , - , - , - , - , - , - , - , 2 , 1 ]
[ - , - , - , - , - , - , - , - , 0 , 0 ]
[ - , - , - , - , - , - , - , - , 1 , 1 ]
[ - , - , - , - , - , - , - , - , 2 , 2 ]
precise
0.1111111111111111
recall
0.02
F-measure
0.03389830508474577
multi
9
time
all 188 iden 16 gen 32
t-cover
1
all-cover
405
coveredNum
(1 : 405)  
real Identify
([ - , - , - , - , - , - , - , - , 0 , 0 ] : 1)  
testCase Num: 81
regaular Num: 9
identify Num: 72
0 0 0 0 0 0 0 0 1 2 
0 0 0 0 0 0 0 0 1 1 
1 1 1 1 1 1 1 0 0 0 
1 1 1 1 1 1 1 1 2 1 
1 1 1 1 1 1 1 1 2 0 
1 1 1 1 0 0 0 0 2 0 
1 1 1 1 0 0 0 0 2 1 
1 1 0 0 0 0 0 0 0 2 
1 1 0 0 0 0 0 0 0 0 
1 1 1 0 0 0 0 0 1 0 
1 1 0 0 0 0 0 0 0 1 
1 1 1 0 0 0 0 0 1 1 
1 1 1 0 0 0 0 0 0 1 
1 1 0 0 0 0 0 0 1 0 
1 1 1 0 0 0 0 0 0 2 
1 1 1 1 0 0 0 0 1 1 
1 1 1 1 0 0 0 0 1 2 
1 1 1 1 1 1 1 1 1 2 
1 1 1 1 1 1 1 1 1 1 
1 1 1 1 1 1 0 0 2 2 
0 0 0 0 0 0 0 0 2 1 
0 0 0 0 0 0 0 0 2 0 
0 0 0 0 0 0 0 0 0 1 
0 0 0 0 0 0 0 0 0 0 
0 0 0 0 0 0 0 0 0 2 
1 1 1 1 1 1 1 1 1 0 
1 1 1 1 1 1 0 0 2 1 
1 1 1 1 1 1 0 0 2 0 
1 1 1 1 0 0 0 0 1 0 
1 0 0 0 0 0 0 0 1 2 
1 1 1 1 1 0 0 0 1 2 
1 1 1 0 0 0 0 0 2 0 
1 1 1 0 0 0 0 0 2 1 
1 1 1 0 0 0 0 0 2 2 
1 1 1 0 0 0 0 0 1 2 
1 1 1 1 0 0 0 0 0 2 
1 0 0 0 0 0 0 0 2 1 
1 1 1 1 1 0 0 0 2 2 
1 1 1 1 1 0 0 0 2 1 
1 0 0 0 0 0 0 0 2 2 
1 1 1 1 0 0 0 0 0 0 
1 1 1 1 1 0 0 0 2 0 
1 0 0 0 0 0 0 0 2 0 
1 1 1 1 0 0 0 0 0 1 
1 1 1 1 1 1 1 1 0 1 
1 1 1 1 1 1 0 0 1 2 
1 1 1 1 1 1 1 1 0 0 
1 1 1 1 1 1 0 0 1 1 
1 1 1 1 1 1 1 1 0 2 
0 0 0 0 0 0 0 0 1 0 
1 1 1 1 1 1 1 0 2 0 
1 1 1 1 1 1 0 0 1 0 
1 1 1 1 1 1 1 0 2 2 
1 1 1 1 1 1 1 0 2 1 
1 0 0 0 0 0 0 0 0 1 
1 1 1 1 1 0 0 0 0 2 
1 1 1 1 1 0 0 0 0 1 
1 0 0 0 0 0 0 0 0 2 
1 1 0 0 0 0 0 0 2 2 
1 0 0 0 0 0 0 0 1 0 
1 1 1 1 1 0 0 0 1 1 
1 1 1 1 1 0 0 0 1 0 
1 0 0 0 0 0 0 0 1 1 
1 1 1 1 1 1 0 0 0 1 
1 1 1 1 1 1 0 0 0 0 
1 1 1 1 1 1 1 0 1 2 
1 1 1 1 1 1 0 0 0 2 
0 0 0 0 0 0 0 0 2 2 
1 1 1 1 1 1 1 0 1 1 
1 1 1 1 1 1 1 0 1 0 
1 1 0 0 0 0 0 0 1 1 
1 1 1 0 0 0 0 0 0 0 
1 1 0 0 0 0 0 0 1 2 
1 1 0 0 0 0 0 0 2 0 
1 1 0 0 0 0 0 0 2 1 
1 1 1 1 1 0 0 0 0 0 
1 0 0 0 0 0 0 0 0 0 
1 1 1 1 0 0 0 0 2 2 
1 1 1 1 1 1 1 0 0 2 
1 1 1 1 1 1 1 0 0 1 
1 1 1 1 1 1 1 1 2 2 
MFS
[ - , - , - , - , - , - , - , - , 2 , 0 ]
[ - , - , - , - , - , - , - , - , 0 , 1 ]
[ - , - , - , - , - , - , - , - , 1 , 2 ]
[ - , - , - , - , - , - , - , - , 0 , 2 ]
[ - , - , - , - , - , - , - , - , 1 , 0 ]
[ - , - , - , - , - , - , - , - , 2 , 1 ]
[ - , - , - , - , - , - , - , - , 0 , 0 ]
[ - , - , - , - , - , - , - , - , 1 , 1 ]
[ - , - , - , - , - , - , - , - , 2 , 2 ]
precise
0.1111111111111111
recall
0.02
F-measure
0.03389830508474577
multi
9
time
all 187 iden 63 gen 0
t-cover
1
all-cover
405
coveredNum
(1 : 405)  
real Identify
([ - , - , - , - , - , - , - , - , 0 , 0 ] : 1)  
