testCase Num: 64
regaular Num: 52
identify Num: 12
0 0 1 1 1 1 1 1 0 0 0 
0 1 0 0 0 0 0 0 0 0 0 
1 2 0 0 2 2 3 2 2 1 0 
4 1 1 1 4 0 0 3 2 2 1 
1 0 2 4 4 3 1 4 2 3 1 
0 2 2 1 3 4 2 3 0 0 4 
1 2 3 3 0 0 2 1 4 3 3 
1 0 0 0 0 0 0 0 0 0 0 
1 0 3 0 0 0 4 0 0 0 2 
3 4 2 3 3 0 4 0 2 1 0 
0 3 3 4 4 1 3 0 1 2 4 
0 1 0 0 3 0 1 0 0 0 0 
0 0 1 1 1 1 1 0 0 0 0 
1 1 0 0 0 0 0 0 0 0 0 
4 0 4 1 3 4 3 2 4 4 2 
1 1 2 4 0 1 2 3 3 1 2 
4 3 3 3 1 0 1 2 3 0 3 
2 1 2 2 2 0 3 1 2 4 3 
0 4 0 0 0 0 0 1 0 0 0 
4 2 3 4 0 2 0 1 1 4 1 
1 3 3 1 1 4 2 0 0 4 0 
0 3 0 3 1 4 3 0 4 3 0 
4 0 0 0 0 0 0 0 0 0 4 
4 4 2 0 0 1 0 0 4 0 1 
2 3 1 1 0 3 4 0 4 2 3 
0 0 0 0 0 0 0 0 0 0 0 
0 2 0 4 2 3 4 2 3 2 0 
0 0 1 1 1 1 0 0 0 0 0 
2 3 0 3 3 3 0 1 3 2 2 
2 3 3 4 3 2 3 3 1 0 1 
1 4 4 4 1 0 4 3 4 1 4 
0 0 1 1 0 0 0 0 0 0 0 
3 0 3 2 1 3 3 1 0 1 1 
0 4 0 2 3 0 4 4 1 4 1 
2 0 0 1 0 0 0 4 2 0 4 
0 0 1 1 1 1 1 1 1 0 0 
1 1 1 0 3 1 4 2 1 3 3 
1 0 1 0 0 0 0 0 0 4 0 
0 1 2 0 0 0 0 0 1 0 0 
3 0 2 1 2 2 0 0 3 2 3 
3 1 4 3 4 1 0 0 2 3 0 
3 3 2 0 1 2 2 2 2 2 1 
0 4 4 0 0 4 1 3 1 2 3 
0 4 1 2 0 2 0 2 2 3 4 
2 4 0 1 4 0 1 2 0 3 2 
3 0 0 4 0 0 0 0 0 0 0 
4 4 3 2 2 3 2 3 3 3 0 
2 2 1 1 1 1 1 1 1 1 0 
2 1 4 0 4 2 2 4 4 0 0 
0 0 1 1 1 0 0 0 0 0 0 
0 0 1 1 1 1 1 1 1 1 1 
0 0 1 1 1 1 1 1 1 1 0 
3 0 0 3 2 1 2 3 1 4 4 
3 2 4 2 2 2 1 0 4 0 2 
3 4 1 3 0 4 3 4 3 0 1 
1 0 1 0 0 3 2 0 1 0 2 
0 3 0 0 0 0 0 0 0 1 0 
0 1 4 0 4 3 1 1 3 4 4 
0 0 1 0 0 0 0 0 0 0 0 
1 3 4 2 2 1 0 4 0 2 1 
0 1 0 2 4 4 0 0 0 0 0 
0 1 3 0 1 4 0 4 2 1 2 
4 2 0 3 4 2 4 4 0 1 3 
2 0 1 4 2 4 4 1 0 0 3 
MFS
[ 0 , 0 , - , - , - , - , - , - , - , - , - ]
precise
1.0
recall
1.0
F-measure
1.0
multi
0
time
all 427 iden 35 gen 193
t-cover
1375
all-cover
1375
coveredNum
(1 : 547)  (2 : 496)  (3 : 215)  (4 : 41)  (5 : 13)  (6 : 13)  (7 : 10)  (8 : 7)  (9 : 5)  (10 : 9)  (11 : 11)  (12 : 6)  (13 : 2)  
real Identify
([ 0 , 0 , - , - , - , - , - , - , - , - , - ] : 1)  
testCase Num: 59
regaular Num: 47
identify Num: 12
1 0 1 2 0 1 1 1 2 4 4 
0 0 1 1 1 1 1 1 0 0 0 
4 4 2 1 0 3 1 0 3 1 2 
0 1 0 0 0 0 0 0 0 0 0 
3 1 2 4 2 0 0 4 3 0 4 
0 3 1 1 3 3 0 2 4 0 4 
0 2 0 4 3 1 4 0 4 3 4 
4 2 0 1 2 4 2 0 2 0 1 
3 2 3 3 0 4 4 2 1 0 3 
2 2 4 0 0 2 0 4 0 1 2 
1 0 0 0 0 0 0 0 0 0 0 
4 4 4 0 3 3 3 2 1 4 1 
0 1 3 1 2 2 2 3 3 4 4 
0 0 1 1 1 1 1 0 0 0 0 
1 1 0 0 0 0 0 0 0 0 0 
2 0 2 1 1 0 4 2 2 3 0 
3 3 0 2 2 2 1 2 2 1 2 
2 1 0 2 1 3 2 4 4 1 3 
1 4 3 0 3 0 1 1 4 1 1 
0 3 0 3 1 3 4 1 3 4 2 
4 1 1 0 4 3 4 2 0 2 4 
1 0 3 1 4 3 1 0 0 2 3 
0 4 4 3 1 4 3 0 1 1 4 
0 0 0 0 0 0 0 0 0 0 0 
0 0 1 1 1 1 0 0 0 0 0 
1 0 0 0 0 1 0 0 0 1 0 
2 3 1 3 2 0 3 0 0 4 3 
0 0 1 1 0 0 0 0 0 0 0 
1 2 0 1 4 2 3 3 3 0 0 
4 4 0 0 2 2 4 0 3 3 0 
0 1 0 0 3 0 3 0 2 0 0 
0 0 1 1 1 1 1 1 1 0 0 
4 0 2 3 3 2 2 1 3 2 3 
1 0 1 2 1 2 4 3 1 1 1 
1 0 0 0 0 4 0 0 4 0 0 
0 2 3 2 4 3 0 0 0 4 0 
0 1 0 4 1 0 0 1 0 4 0 
0 1 4 3 4 4 1 4 2 2 1 
4 3 3 1 1 0 2 4 0 2 2 
3 4 3 0 4 1 2 0 2 2 3 
0 1 4 0 3 0 2 3 1 0 3 
3 0 1 4 3 4 3 1 0 3 2 
0 0 1 1 1 0 0 0 0 0 0 
0 0 1 1 1 1 1 1 1 1 1 
0 0 1 1 1 1 1 1 1 1 0 
0 2 2 4 4 2 1 0 4 1 0 
1 3 4 4 0 1 2 2 3 3 1 
1 1 2 2 4 1 3 4 1 3 2 
1 4 0 3 2 1 1 3 0 3 0 
2 4 3 4 4 3 0 3 2 3 3 
2 4 1 2 3 4 2 4 3 0 0 
4 2 3 2 0 0 3 3 4 2 2 
4 3 0 4 2 1 0 1 1 2 0 
0 0 1 0 0 0 0 0 0 0 0 
0 3 4 2 4 0 0 1 0 0 2 
3 3 2 0 1 4 0 3 0 4 1 
2 0 0 3 0 0 0 0 4 2 4 
2 2 1 1 1 1 1 1 1 0 1 
3 0 4 1 2 3 4 4 4 4 0 
MFS
[ 0 , 0 , - , - , - , - , - , - , - , - , - ]
precise
1.0
recall
1.0
F-measure
1.0
multi
0
time
all 395 iden 33 gen 182
t-cover
1375
all-cover
1375
coveredNum
(1 : 611)  (2 : 452)  (3 : 200)  (4 : 53)  (5 : 21)  (6 : 16)  (7 : 15)  (8 : 3)  (9 : 2)  (10 : 1)  (11 : 1)  
real Identify
([ 0 , 0 , - , - , - , - , - , - , - , - , - ] : 1)  
testCase Num: 60
regaular Num: 48
identify Num: 12
0 0 1 1 1 1 1 1 0 0 0 
0 3 0 1 3 3 2 3 4 0 0 
3 0 1 0 0 0 0 0 0 0 0 
0 1 0 0 0 0 0 0 0 0 0 
3 0 3 4 0 1 0 2 1 1 3 
1 4 2 0 2 2 4 3 1 0 3 
4 2 2 0 1 3 3 4 4 3 1 
1 2 0 1 3 1 0 2 3 3 2 
1 0 0 0 0 0 0 0 0 0 0 
1 3 3 0 1 0 1 4 4 4 2 
3 0 4 4 1 3 1 3 1 3 0 
0 3 3 2 0 3 3 1 3 3 2 
0 4 4 0 0 0 3 0 3 0 4 
0 0 1 1 1 1 1 0 0 0 0 
1 1 0 0 0 0 0 0 0 0 0 
0 1 4 0 1 4 4 2 0 1 2 
2 0 2 0 0 0 0 4 1 0 0 
2 1 3 1 4 3 2 0 2 1 4 
3 3 2 2 2 2 1 2 2 1 0 
1 0 4 3 4 1 3 1 2 1 3 
3 1 2 3 1 1 2 4 0 3 4 
1 4 1 0 0 3 1 0 0 0 3 
0 0 0 0 0 0 0 0 0 0 0 
4 2 3 4 3 2 1 0 4 1 0 
0 0 1 1 1 1 0 0 0 0 0 
1 4 3 2 1 4 0 4 2 0 2 
2 0 3 2 3 3 4 2 0 4 1 
0 0 1 1 0 0 0 0 0 0 0 
4 3 4 4 3 4 2 4 3 0 3 
0 0 1 1 1 1 1 1 1 0 0 
4 1 4 0 4 0 1 2 1 4 1 
1 2 0 2 4 0 2 2 1 2 0 
0 3 0 3 0 4 1 0 1 2 1 
4 1 0 2 3 0 3 1 1 2 4 
1 3 1 2 4 1 0 3 0 0 4 
0 4 2 4 4 1 2 1 0 2 0 
2 0 0 0 2 1 1 0 3 4 4 
4 0 1 0 4 2 2 4 0 2 2 
3 0 2 3 0 0 3 2 4 0 3 
2 2 1 3 3 4 3 3 3 4 0 
3 0 0 1 2 4 1 1 4 3 3 
4 4 3 3 2 3 0 3 1 2 2 
0 4 1 0 4 4 3 2 4 3 4 
4 4 0 1 0 1 4 4 4 1 0 
0 0 1 1 1 0 0 0 0 0 0 
0 0 1 1 1 1 1 1 1 1 1 
0 0 1 1 1 1 1 1 1 1 0 
4 0 0 0 0 0 0 0 2 2 0 
3 2 2 1 4 0 4 0 3 2 2 
2 4 1 4 0 0 4 0 2 3 2 
0 2 4 1 2 2 3 4 0 4 3 
1 0 0 4 0 0 3 0 0 0 0 
1 0 0 0 0 0 4 0 0 0 4 
0 2 0 4 0 2 2 3 2 4 4 
3 4 2 0 3 4 0 1 2 4 1 
2 1 4 2 1 2 0 0 4 2 3 
1 1 1 4 2 0 2 3 3 1 1 
0 0 1 0 0 0 0 0 0 0 0 
2 3 0 3 1 2 4 1 3 3 1 
2 2 1 1 1 1 1 1 1 0 1 
MFS
[ 0 , 0 , - , - , - , - , - , - , - , - , - ]
precise
1.0
recall
1.0
F-measure
1.0
multi
0
time
all 496 iden 36 gen 226
t-cover
1375
all-cover
1375
coveredNum
(1 : 586)  (2 : 479)  (3 : 204)  (4 : 48)  (5 : 12)  (6 : 16)  (7 : 10)  (8 : 10)  (9 : 5)  (10 : 3)  (11 : 2)  
real Identify
([ 0 , 0 , - , - , - , - , - , - , - , - , - ] : 1)  
testCase Num: 62
regaular Num: 50
identify Num: 12
0 0 1 1 1 1 1 1 0 0 0 
3 0 0 0 0 0 0 4 3 4 2 
0 1 0 0 0 0 0 0 0 0 0 
2 3 0 0 4 4 2 3 1 2 4 
3 0 1 1 4 0 1 3 2 0 2 
4 1 2 1 0 2 3 2 1 3 4 
3 2 0 0 2 3 1 0 4 1 1 
3 4 4 4 1 0 3 1 1 1 4 
0 1 4 1 0 0 0 0 0 0 0 
1 0 4 2 2 1 2 1 0 1 0 
1 0 0 0 0 0 0 0 2 0 4 
1 0 0 0 0 0 0 0 0 0 0 
0 4 4 4 4 3 2 2 3 4 1 
0 1 1 0 0 3 0 0 0 0 3 
0 0 1 1 1 1 1 0 0 0 0 
1 1 0 0 0 0 0 0 0 0 0 
1 3 3 4 3 0 1 2 0 1 2 
4 2 0 2 3 3 0 0 0 2 4 
2 0 3 0 0 0 0 0 0 0 0 
0 4 0 4 2 4 4 2 1 0 0 
0 3 2 1 0 3 4 1 4 3 2 
0 0 0 0 0 0 0 0 0 0 0 
0 0 1 1 1 1 0 0 0 0 0 
0 4 2 0 0 4 1 4 0 0 0 
0 0 1 1 0 0 0 0 0 0 0 
1 3 2 3 1 0 0 0 1 4 3 
4 4 0 0 3 1 3 1 2 4 2 
0 3 0 1 1 2 2 1 3 0 3 
1 4 3 1 4 2 3 0 4 2 0 
0 0 1 1 1 1 1 1 1 0 0 
2 1 4 2 1 4 1 0 1 3 2 
1 0 3 0 1 3 4 2 2 3 1 
1 0 0 3 2 0 0 0 0 0 0 
4 2 1 0 4 1 0 2 3 3 3 
4 3 3 3 3 3 1 3 1 3 0 
0 2 0 0 0 0 3 0 0 0 0 
2 2 1 1 1 1 0 1 1 1 1 
2 4 4 2 0 1 0 3 2 4 3 
1 0 3 2 3 1 3 0 3 0 0 
1 4 1 1 2 4 3 4 0 3 3 
1 2 2 4 1 2 4 3 0 4 0 
3 1 3 4 0 1 1 1 4 2 3 
0 2 3 3 0 4 2 4 2 1 2 
2 4 1 3 3 0 0 2 4 4 4 
0 0 1 1 1 0 0 0 0 0 0 
3 3 2 2 2 2 0 2 2 2 2 
0 0 1 1 1 1 1 1 1 1 1 
0 0 1 1 1 1 1 1 1 1 0 
4 2 4 2 1 0 4 4 4 0 4 
3 0 0 3 3 4 2 1 4 3 1 
4 0 2 0 3 2 2 4 1 2 1 
2 1 2 3 4 3 3 4 0 0 1 
3 3 4 3 3 1 4 4 0 2 0 
0 0 1 0 0 0 0 0 0 0 0 
2 0 2 3 3 2 4 0 3 1 3 
2 1 1 4 2 0 2 0 2 3 0 
4 1 1 2 4 2 4 1 0 1 0 
0 1 4 0 2 2 1 3 4 1 0 
4 0 3 4 2 4 0 4 3 4 4 
0 1 0 0 1 0 0 0 0 2 0 
0 1 2 1 3 1 1 0 3 4 4 
0 3 1 2 0 0 3 3 3 2 1 
MFS
[ 0 , 0 , - , - , - , - , - , - , - , - , - ]
precise
1.0
recall
1.0
F-measure
1.0
multi
0
time
all 645 iden 45 gen 201
t-cover
1375
all-cover
1375
coveredNum
(1 : 554)  (2 : 511)  (3 : 199)  (4 : 40)  (5 : 14)  (6 : 13)  (7 : 11)  (8 : 12)  (9 : 10)  (10 : 6)  (11 : 4)  (13 : 1)  
real Identify
([ 0 , 0 , - , - , - , - , - , - , - , - , - ] : 1)  
testCase Num: 62
regaular Num: 50
identify Num: 12
0 0 1 1 1 1 1 1 0 0 0 
4 3 0 3 0 2 1 0 1 3 1 
0 1 0 0 0 0 0 0 0 0 0 
0 1 2 4 1 1 3 0 4 3 4 
0 2 3 2 2 0 1 2 0 1 4 
2 2 0 0 3 2 3 2 4 4 0 
3 3 1 4 0 2 2 3 0 1 0 
3 0 4 2 4 0 3 0 0 1 2 
1 0 0 0 0 0 0 0 0 0 0 
0 0 1 1 1 1 1 0 0 0 0 
1 1 0 0 0 0 0 0 0 0 0 
3 0 0 0 1 0 0 0 0 0 0 
1 0 0 0 0 0 0 4 0 3 0 
4 2 0 4 0 4 0 4 0 2 3 
0 1 1 3 3 0 2 4 2 4 3 
1 1 4 1 1 2 1 4 3 0 1 
0 0 0 0 0 0 0 0 0 0 0 
3 1 0 1 2 3 2 1 3 3 0 
0 0 1 1 1 1 0 0 0 0 0 
3 4 0 0 3 0 4 1 0 3 4 
0 1 4 0 3 0 2 0 0 4 4 
3 0 1 2 0 4 1 4 4 4 1 
0 0 1 1 0 0 0 0 0 0 0 
1 4 1 2 2 4 0 0 4 3 3 
4 4 3 0 1 3 2 2 2 0 1 
1 3 0 4 1 3 1 0 0 4 0 
0 0 1 1 1 1 1 1 1 0 0 
4 1 1 0 4 2 4 2 2 2 4 
2 1 0 0 0 0 0 0 0 0 0 
4 3 1 4 4 0 3 1 3 0 1 
2 0 4 1 1 0 1 1 4 2 3 
4 0 3 1 0 1 4 2 4 4 2 
2 2 1 1 1 1 0 1 1 1 1 
1 0 3 4 3 2 3 2 1 3 3 
1 0 0 3 4 1 1 1 2 1 2 
1 2 4 1 4 4 3 3 2 1 0 
4 0 0 0 2 0 0 0 0 0 1 
0 1 3 2 0 3 3 1 4 1 0 
1 0 0 3 0 0 4 2 3 0 0 
4 4 4 3 1 1 3 4 0 2 0 
2 4 1 4 2 3 3 0 0 4 2 
0 0 1 1 1 0 0 0 0 0 0 
3 3 2 2 2 2 0 2 2 2 2 
0 0 1 1 1 1 1 1 1 1 1 
0 0 1 1 1 1 1 1 1 1 0 
0 4 2 1 4 2 4 1 0 4 1 
3 3 4 0 2 1 4 4 1 0 3 
4 1 0 2 1 4 4 3 1 2 2 
1 0 3 1 0 3 2 0 3 2 4 
1 0 2 3 2 0 4 3 1 4 0 
0 4 2 0 0 4 2 1 1 0 0 
1 0 0 0 4 0 0 3 0 3 2 
4 4 2 0 3 3 1 3 3 1 3 
2 3 3 3 4 4 2 3 4 0 4 
0 0 1 0 0 0 0 0 0 0 0 
0 3 4 1 3 4 0 2 3 4 2 
0 1 0 0 0 0 4 0 0 1 0 
1 0 0 0 4 0 0 0 0 0 3 
2 2 2 2 3 1 2 4 3 0 2 
0 1 0 0 3 1 0 3 1 2 1 
2 2 4 4 0 3 4 0 2 3 2 
3 2 3 3 4 3 0 4 1 1 4 
MFS
[ 0 , 0 , - , - , - , - , - , - , - , - , - ]
precise
1.0
recall
1.0
F-measure
1.0
multi
0
time
all 558 iden 36 gen 268
t-cover
1375
all-cover
1375
coveredNum
(1 : 581)  (2 : 476)  (3 : 202)  (4 : 48)  (5 : 12)  (6 : 13)  (7 : 13)  (8 : 6)  (9 : 7)  (10 : 8)  (11 : 2)  (12 : 4)  (13 : 2)  (14 : 1)  
real Identify
([ 0 , 0 , - , - , - , - , - , - , - , - , - ] : 1)  
testCase Num: 61
regaular Num: 49
identify Num: 12
2 2 1 4 2 4 3 0 4 0 0 
0 0 1 1 1 1 1 1 0 0 0 
1 0 0 0 0 0 3 3 0 0 2 
1 0 0 0 2 3 0 0 0 0 0 
0 1 0 0 0 0 0 0 0 0 0 
4 0 4 4 3 0 4 4 4 1 1 
2 0 0 4 0 4 2 4 1 3 4 
0 3 4 0 4 1 0 1 2 1 1 
0 4 4 4 1 2 1 0 3 1 2 
2 0 2 0 3 3 3 0 4 0 2 
2 1 3 4 4 3 0 1 2 4 2 
1 2 3 3 4 2 1 4 4 3 3 
0 4 1 1 0 4 2 3 4 4 3 
0 3 1 2 3 0 0 4 2 0 2 
1 0 0 0 0 0 0 0 0 0 0 
2 0 2 0 2 2 4 1 3 2 3 
3 1 4 1 0 3 0 1 3 1 4 
0 0 1 1 1 1 1 0 0 0 0 
1 1 0 0 0 0 0 0 0 0 0 
0 1 4 0 0 0 4 0 0 3 0 
2 2 0 2 4 3 1 3 0 1 3 
1 1 3 3 3 4 2 1 0 1 0 
4 1 1 1 2 2 0 2 0 3 2 
4 2 3 2 1 0 2 0 3 3 0 
0 3 3 1 4 3 4 0 1 2 0 
3 3 2 2 0 2 2 2 1 1 2 
0 0 0 0 0 0 0 0 0 0 0 
0 0 1 1 1 1 0 0 0 0 0 
3 4 3 0 1 3 2 0 0 3 1 
0 4 0 0 3 0 0 0 0 0 0 
0 0 1 1 0 0 0 0 0 0 0 
4 3 3 0 2 4 1 3 3 3 4 
0 1 0 0 0 1 1 4 0 2 4 
0 0 1 1 1 1 1 1 1 0 0 
4 4 0 2 2 0 0 1 1 4 2 
3 2 4 2 2 1 3 4 0 4 0 
3 3 0 1 4 0 3 1 4 3 4 
4 4 2 4 4 0 2 2 0 2 0 
1 4 1 2 4 3 4 4 3 0 4 
3 0 0 4 0 0 0 0 0 0 0 
4 0 3 2 0 1 3 2 4 0 2 
0 0 1 1 1 0 0 0 0 0 0 
0 0 1 1 1 1 1 1 1 1 1 
0 0 1 1 1 1 1 1 1 1 0 
4 4 0 3 1 3 3 2 2 2 3 
1 0 0 0 4 4 0 0 1 0 0 
2 4 4 3 2 0 0 0 1 4 3 
1 0 0 0 0 2 0 0 0 0 4 
0 4 0 3 0 1 1 2 3 0 1 
3 1 0 1 3 2 4 3 1 0 3 
3 0 1 3 3 0 1 3 2 2 0 
1 3 4 4 2 1 2 3 2 0 3 
1 2 4 3 0 4 4 2 2 2 2 
0 1 1 0 2 1 3 4 1 1 1 
2 3 0 3 1 1 4 2 0 4 4 
3 1 2 2 1 4 0 3 4 2 1 
1 2 0 0 3 2 3 2 3 4 1 
0 0 1 0 0 0 0 0 0 0 0 
0 2 2 3 3 1 0 0 2 3 4 
2 2 1 1 1 1 1 1 1 0 1 
1 0 2 1 1 2 1 4 2 4 0 
MFS
[ 0 , 0 , - , - , - , - , - , - , - , - , - ]
precise
1.0
recall
1.0
F-measure
1.0
multi
0
time
all 593 iden 54 gen 235
t-cover
1375
all-cover
1375
coveredNum
(1 : 577)  (2 : 483)  (3 : 204)  (4 : 47)  (5 : 13)  (6 : 14)  (7 : 9)  (8 : 13)  (9 : 6)  (10 : 6)  (11 : 3)  
real Identify
([ 0 , 0 , - , - , - , - , - , - , - , - , - ] : 1)  
testCase Num: 63
regaular Num: 51
identify Num: 12
0 1 0 2 1 0 2 2 4 4 3 
0 0 1 1 1 1 1 1 0 0 0 
0 1 0 3 0 0 0 0 2 0 0 
0 1 0 0 0 0 0 0 0 0 0 
1 1 3 0 2 3 3 1 2 2 1 
3 3 2 2 2 1 0 1 2 2 2 
1 4 1 0 4 1 2 3 4 4 4 
0 3 0 0 0 0 0 0 3 0 3 
1 2 3 2 4 2 1 2 0 1 4 
3 1 4 4 1 1 4 0 0 4 2 
4 3 3 4 2 0 4 3 4 1 2 
0 2 0 0 0 2 0 1 0 3 3 
1 0 0 0 0 0 0 0 0 0 0 
3 0 2 0 0 4 0 0 3 3 4 
0 1 0 1 0 0 0 0 4 0 0 
0 0 1 1 1 1 1 0 0 0 0 
1 1 0 0 0 0 0 0 0 0 0 
0 1 1 3 1 4 0 2 3 1 2 
1 3 1 2 3 4 4 4 0 3 0 
4 4 2 2 4 1 3 0 1 0 0 
2 2 1 1 1 0 1 1 1 1 1 
3 4 0 3 2 4 1 3 0 3 1 
0 0 0 0 0 0 0 0 0 0 0 
0 0 1 1 1 1 0 0 0 0 0 
0 0 1 1 0 0 0 0 0 0 0 
0 4 4 4 2 3 3 2 1 3 3 
1 0 0 0 0 0 1 1 0 4 1 
0 3 4 1 4 0 0 4 2 3 2 
0 0 1 1 1 1 1 1 1 0 0 
2 1 0 3 4 4 1 0 1 2 3 
2 3 2 0 1 1 1 2 4 3 0 
0 4 0 4 3 0 4 1 3 2 4 
0 1 4 0 0 0 0 0 0 2 0 
4 3 3 3 3 2 2 0 3 3 1 
4 0 1 0 3 2 0 2 1 0 3 
3 3 0 3 4 3 4 1 1 0 0 
2 1 2 1 3 2 3 3 0 2 3 
0 2 4 0 3 3 0 3 2 4 0 
4 3 2 3 0 0 3 3 1 4 4 
1 0 0 0 0 0 0 2 0 0 1 
3 2 0 0 3 2 3 4 4 1 2 
3 0 1 4 4 0 2 2 2 2 0 
2 0 0 0 0 0 2 0 0 0 2 
0 0 1 1 1 0 0 0 0 0 0 
1 1 1 1 2 3 3 0 3 1 0 
0 0 1 1 1 1 1 1 1 1 1 
0 1 0 0 0 0 0 0 0 3 0 
0 0 1 1 1 1 1 1 1 1 0 
0 4 3 4 0 0 1 4 1 0 2 
4 4 0 1 3 1 1 0 2 0 4 
4 2 4 3 2 4 2 1 4 0 0 
1 0 4 0 0 0 0 0 0 1 2 
0 0 1 0 0 0 0 0 0 0 0 
1 0 2 3 0 1 2 4 1 1 3 
2 0 4 0 2 2 4 4 3 4 4 
1 0 4 4 1 4 3 1 4 0 1 
0 2 2 4 4 1 4 4 3 0 1 
3 2 1 2 0 3 0 0 4 2 1 
4 1 2 1 1 3 2 4 0 2 4 
2 0 4 2 0 3 1 3 3 0 2 
1 0 3 0 0 1 0 0 0 0 0 
3 0 3 1 0 4 4 2 2 4 3 
2 4 3 4 1 2 0 3 2 1 0 
MFS
[ 0 , 0 , - , - , - , - , - , - , - , - , - ]
precise
1.0
recall
1.0
F-measure
1.0
multi
0
time
all 563 iden 40 gen 257
t-cover
1375
all-cover
1375
coveredNum
(1 : 578)  (2 : 489)  (3 : 186)  (4 : 49)  (5 : 11)  (6 : 9)  (7 : 11)  (8 : 8)  (9 : 10)  (10 : 12)  (11 : 5)  (12 : 2)  (13 : 3)  (14 : 2)  
real Identify
([ 0 , 0 , - , - , - , - , - , - , - , - , - ] : 1)  
testCase Num: 62
regaular Num: 50
identify Num: 12
1 0 4 0 1 0 2 0 3 0 0 
0 0 1 1 1 1 1 1 0 0 0 
0 1 0 0 0 0 0 0 0 0 0 
4 0 0 2 0 4 0 4 4 2 2 
0 1 0 1 0 0 0 0 0 0 0 
4 0 1 2 4 3 0 2 1 4 1 
3 3 0 4 0 1 2 4 4 0 1 
0 2 3 2 3 0 0 1 2 4 3 
3 4 2 3 0 0 4 4 1 3 2 
1 0 0 0 0 0 0 0 0 0 0 
2 2 0 1 1 1 1 1 1 1 1 
3 4 0 0 3 1 3 3 3 2 2 
0 0 1 1 1 1 1 0 0 0 0 
1 1 0 0 0 0 0 0 0 0 0 
0 1 2 4 0 2 1 1 2 0 3 
2 4 4 3 2 2 4 3 0 0 0 
3 2 1 2 2 2 2 2 0 2 2 
4 2 4 1 0 0 0 3 2 2 1 
2 4 1 3 0 2 0 0 3 1 0 
0 0 0 0 0 0 0 0 0 0 0 
0 0 1 1 1 1 0 0 0 0 0 
0 1 0 0 0 4 0 1 0 0 0 
4 1 3 0 4 2 2 0 1 1 3 
0 0 1 1 0 0 0 0 0 0 0 
2 1 2 4 4 0 1 3 4 0 2 
1 0 0 0 0 2 4 2 3 0 1 
0 0 1 1 1 1 1 1 1 0 0 
1 4 3 4 0 3 1 2 4 2 4 
3 1 4 0 0 3 3 1 3 4 2 
2 0 0 2 0 0 0 0 0 3 0 
1 2 0 3 4 4 2 4 3 3 4 
1 0 0 3 0 3 0 4 0 4 0 
1 0 0 0 3 0 0 0 0 1 0 
1 3 0 2 3 2 4 0 2 4 2 
2 1 1 0 3 4 4 4 4 2 1 
3 0 3 4 1 4 0 3 2 1 2 
1 0 0 0 4 0 3 0 0 0 0 
2 3 3 1 4 0 4 2 3 0 3 
0 1 0 2 2 3 1 3 3 0 3 
1 0 0 0 0 0 0 2 2 0 0 
0 3 4 2 1 2 3 4 4 1 4 
4 3 1 4 1 1 4 1 0 0 4 
0 2 4 1 1 3 4 0 4 1 2 
0 0 1 1 1 0 0 0 0 0 0 
0 0 1 1 1 1 1 1 1 1 1 
0 0 1 1 1 1 1 1 1 1 0 
3 2 2 0 1 1 1 0 4 4 0 
3 1 0 0 0 0 2 0 2 3 4 
1 0 4 3 2 1 0 1 4 3 3 
3 0 4 1 4 4 1 4 0 1 3 
0 1 3 3 1 1 3 2 0 3 1 
1 3 2 0 2 0 0 2 1 1 4 
0 4 2 2 4 1 2 1 2 2 0 
2 0 3 1 2 2 3 4 2 3 0 
0 2 4 4 3 4 3 2 1 0 0 
1 4 1 1 1 0 3 3 1 2 3 
0 0 1 0 0 0 0 0 0 0 0 
4 3 1 3 3 3 1 3 2 3 0 
2 0 2 1 3 3 2 3 0 4 4 
0 1 0 4 0 0 0 0 0 3 0 
4 4 2 4 2 4 3 0 3 4 1 
0 3 1 3 0 4 0 0 0 2 0 
MFS
[ 0 , 0 , - , - , - , - , - , - , - , - , - ]
precise
1.0
recall
1.0
F-measure
1.0
multi
0
time
all 545 iden 39 gen 262
t-cover
1375
all-cover
1375
coveredNum
(1 : 593)  (2 : 492)  (3 : 171)  (4 : 43)  (5 : 11)  (6 : 16)  (7 : 9)  (8 : 10)  (9 : 11)  (10 : 10)  (11 : 4)  (12 : 3)  (13 : 2)  
real Identify
([ 0 , 0 , - , - , - , - , - , - , - , - , - ] : 1)  
testCase Num: 63
regaular Num: 51
identify Num: 12
0 0 1 1 1 1 1 1 0 0 0 
0 4 0 1 0 0 0 0 0 0 0 
0 1 0 0 0 0 0 0 0 0 0 
4 2 4 0 1 4 0 2 2 4 2 
3 3 2 1 0 3 1 4 1 3 0 
4 0 4 0 3 3 4 0 3 0 1 
3 0 2 3 4 1 0 0 1 2 4 
1 0 0 0 0 4 3 0 0 0 0 
1 0 0 0 0 0 0 0 0 0 0 
1 2 0 4 4 1 2 2 4 3 2 
0 2 2 4 0 4 4 4 1 0 3 
0 0 1 1 1 1 1 0 0 0 0 
1 1 0 0 0 0 0 0 0 0 0 
1 0 1 2 4 4 4 1 0 1 1 
1 0 1 1 0 2 4 4 0 0 2 
3 1 3 2 1 0 0 2 0 4 3 
0 2 3 0 3 1 1 1 0 2 0 
0 3 0 4 0 0 0 2 0 0 1 
2 4 1 0 4 2 0 1 3 0 4 
3 3 2 2 1 2 2 1 2 0 2 
0 0 0 0 0 0 0 0 0 0 0 
0 0 1 1 1 1 0 0 0 0 0 
0 1 0 2 1 3 3 1 4 4 1 
4 0 0 2 0 0 0 3 0 3 0 
4 0 4 4 3 0 1 1 4 4 4 
0 0 1 1 0 0 0 0 0 0 0 
1 0 0 0 0 4 1 0 0 0 3 
3 4 2 0 2 3 0 4 4 1 1 
2 2 1 1 1 1 1 0 1 1 1 
0 0 1 1 1 1 1 1 1 0 0 
4 2 4 1 4 3 3 0 4 0 0 
0 4 3 3 1 4 4 3 3 3 4 
2 3 3 1 4 0 0 4 3 4 3 
0 1 4 1 2 2 2 4 0 3 4 
2 0 3 4 2 3 3 0 2 3 2 
4 3 4 1 0 1 4 1 2 1 4 
3 2 4 2 0 1 3 3 3 2 0 
2 0 3 0 0 0 0 3 4 0 0 
2 1 2 1 3 4 4 2 2 2 0 
1 0 0 0 0 0 0 0 3 0 2 
2 2 2 2 2 0 3 2 0 4 4 
2 4 1 3 0 2 2 0 4 4 0 
0 2 0 0 0 2 0 0 0 0 0 
1 0 3 4 1 2 2 2 2 2 1 
1 0 0 1 2 3 1 3 3 0 4 
1 1 2 0 2 1 2 3 1 4 0 
1 3 0 0 3 2 3 3 1 1 3 
4 1 2 4 1 0 2 2 3 1 0 
0 0 1 1 1 0 0 0 0 0 0 
2 2 0 3 3 0 4 1 2 4 1 
0 0 1 1 1 1 1 1 1 1 1 
0 0 1 1 1 1 1 1 1 1 0 
0 1 3 0 0 0 0 0 0 1 0 
0 1 1 3 4 0 1 3 2 1 2 
3 3 0 2 2 4 4 0 4 2 3 
2 0 4 0 2 3 2 1 1 3 3 
4 4 3 2 0 2 1 2 1 0 1 
0 0 1 0 0 0 0 0 0 0 0 
0 1 0 0 0 4 2 0 0 0 0 
3 4 1 4 3 0 0 3 0 3 1 
1 4 4 3 1 1 3 4 2 0 3 
4 4 0 2 3 0 2 4 1 2 2 
4 3 1 3 2 3 3 2 0 2 3 
MFS
[ 0 , 0 , - , - , - , - , - , - , - , - , - ]
precise
1.0
recall
1.0
F-measure
1.0
multi
0
time
all 666 iden 46 gen 301
t-cover
1375
all-cover
1375
coveredNum
(1 : 570)  (2 : 467)  (3 : 215)  (4 : 53)  (5 : 13)  (6 : 12)  (7 : 7)  (8 : 10)  (9 : 7)  (10 : 12)  (11 : 5)  (12 : 2)  (13 : 1)  (14 : 1)  
real Identify
([ 0 , 0 , - , - , - , - , - , - , - , - , - ] : 1)  
testCase Num: 62
regaular Num: 50
identify Num: 12
0 0 1 1 1 1 1 1 0 0 0 
0 2 1 2 2 4 1 3 4 4 0 
0 1 0 0 0 0 0 0 0 0 0 
2 3 2 0 0 1 4 1 4 0 2 
0 1 3 0 4 4 3 2 4 1 1 
0 3 3 3 1 2 4 0 3 3 1 
4 1 0 0 0 0 0 0 0 0 0 
4 2 0 0 4 2 4 4 3 4 3 
3 1 3 0 2 3 1 1 3 2 0 
1 0 0 0 0 0 0 0 0 0 0 
1 0 0 3 3 2 2 0 1 0 3 
2 2 2 2 3 2 2 0 3 0 4 
2 2 0 1 1 1 1 1 1 1 1 
1 4 4 3 3 3 4 0 4 1 0 
0 0 1 1 1 1 1 0 0 0 0 
1 1 0 0 0 0 0 0 0 0 0 
3 4 0 1 2 2 0 3 1 3 4 
0 1 4 2 0 3 1 4 1 2 1 
3 3 1 2 0 2 2 2 2 1 2 
1 0 0 0 3 0 0 0 0 0 1 
0 0 0 0 0 0 0 0 0 0 0 
0 0 1 1 1 1 0 0 0 0 0 
0 0 1 1 0 0 0 0 0 0 0 
3 0 0 1 1 4 2 4 4 2 2 
2 0 3 1 4 2 1 3 0 2 2 
0 1 4 3 0 4 0 1 0 1 3 
0 2 0 0 0 0 0 0 0 2 0 
1 1 4 1 1 0 4 0 3 4 2 
0 0 1 1 1 1 1 1 1 0 0 
3 2 3 3 3 0 1 3 0 0 2 
2 3 1 1 2 4 0 0 1 0 1 
4 0 1 0 0 0 0 3 4 2 1 
1 0 0 2 0 1 0 2 4 4 4 
3 3 0 4 3 1 3 0 0 2 3 
0 1 0 4 0 0 1 0 3 0 0 
1 1 1 3 4 1 0 1 3 2 4 
0 1 2 0 1 0 3 4 1 3 4 
1 1 4 0 2 1 2 3 2 3 1 
3 0 4 4 2 0 4 4 0 1 4 
3 4 2 4 4 0 2 1 0 4 1 
4 4 2 0 0 1 0 4 0 3 2 
1 0 4 0 0 0 3 0 0 0 0 
2 0 0 3 1 3 0 2 2 4 0 
0 2 0 0 0 0 0 0 0 3 0 
0 0 1 1 1 0 0 0 0 0 0 
1 2 3 4 0 3 3 4 1 4 2 
0 0 1 1 1 1 1 1 1 1 1 
0 0 1 1 1 1 1 1 1 1 0 
0 2 4 4 2 4 0 2 2 0 2 
4 0 3 2 4 1 0 1 1 3 0 
0 4 2 1 3 2 3 1 2 2 0 
0 2 3 3 0 1 2 4 2 0 3 
4 0 2 3 2 3 3 3 3 1 3 
4 4 3 0 3 4 4 2 1 2 4 
1 4 2 1 0 4 1 2 3 3 3 
4 3 1 4 1 3 2 3 0 3 0 
0 1 0 0 0 0 4 3 0 0 0 
0 0 1 0 0 0 0 0 0 0 0 
4 3 4 1 4 3 1 0 2 0 4 
2 1 4 4 3 2 0 4 4 3 3 
1 3 1 2 3 0 4 4 2 4 0 
2 4 1 2 1 0 3 2 0 0 3 
MFS
[ 0 , 0 , - , - , - , - , - , - , - , - , - ]
precise
1.0
recall
1.0
F-measure
1.0
multi
0
time
all 1046 iden 59 gen 469
t-cover
1375
all-cover
1375
coveredNum
(1 : 573)  (2 : 483)  (3 : 203)  (4 : 43)  (5 : 22)  (6 : 8)  (7 : 7)  (8 : 9)  (9 : 14)  (10 : 9)  (11 : 3)  (13 : 1)  
real Identify
([ 0 , 0 , - , - , - , - , - , - , - , - , - ] : 1)  
