testCase Num: 40
regaular Num: 13
identify Num: 27
0 0 2 2 2 0 1 1 0 0 
2 2 1 1 0 0 1 1 0 0 
1 1 1 1 0 1 0 1 2 0 
1 1 1 2 2 0 0 2 2 1 
0 0 2 2 2 1 0 0 1 2 
1 2 1 2 2 1 2 0 1 0 
1 2 2 2 2 1 2 0 1 0 
0 0 0 2 0 2 2 2 2 1 
1 1 2 2 2 1 2 0 1 0 
1 1 1 0 1 1 1 1 1 1 
2 2 1 0 1 0 2 2 1 2 
1 1 1 1 0 2 1 0 2 0 
1 2 1 1 0 1 0 2 0 0 
1 1 1 0 1 1 1 1 1 0 
2 1 2 1 1 2 0 1 1 0 
1 1 1 0 0 2 2 0 0 -1 
2 2 2 1 2 2 2 2 2 1 
0 2 1 0 1 2 0 2 0 1 
1 1 1 0 1 0 0 2 2 1 
0 0 0 0 0 0 0 0 0 0 
2 2 0 2 0 2 2 2 2 1 
1 2 1 1 1 2 0 0 0 1 
2 2 2 2 0 2 2 2 2 1 
2 2 2 0 1 0 0 2 2 1 
2 2 1 2 2 0 1 1 0 0 
2 2 2 2 2 0 1 1 0 0 
1 1 1 0 1 1 1 0 0 0 
2 2 1 0 0 1 0 0 1 2 
2 2 1 1 0 1 2 0 1 0 
2 2 1 0 1 0 2 1 2 2 
1 1 1 0 0 0 0 0 0 0 
2 0 2 2 2 0 1 1 0 0 
0 1 2 2 2 1 2 0 1 0 
1 1 1 2 1 0 0 2 2 1 
1 1 1 1 1 0 2 1 0 1 
1 1 1 1 1 0 0 0 0 0 
1 1 1 1 0 0 0 0 0 0 
1 1 1 1 0 0 1 2 1 0 
2 2 0 0 2 0 0 0 1 2 
2 0 1 0 0 1 0 0 2 1 
MFS
[ 0 , - , - , - , - , - , - , - , - , - ]
[ - , - , - , - , - , - , - , - , - , 2 ]
[ - , - , - , 0 , - , - , - , - , - , - ]
[ - , - , - , 0 , - , - , - , - , - , 0 ]
[ - , - , 0 , - , - , - , - , - , - , - ]
[ - , 0 , - , - , - , - , - , - , - , - ]
precise
0.16666666666666666
recall
0.03333333333333333
F-measure
0.05555555555555555
multi
6
time
all 78 iden 22 gen 2
t-cover
290
all-cover
405
coveredNum
(1 : 173)  (2 : 56)  (3 : 66)  (4 : 49)  (5 : 26)  (6 : 15)  (7 : 11)  (8 : 2)  (9 : 3)  (10 : 3)  (12 : 1)  
real Identify
([ - , - , - , 0 , - , - , - , - , - , 0 ] : 1)  
testCase Num: 37
regaular Num: 13
identify Num: 24
1 0 1 1 0 1 2 2 2 2 
2 2 1 0 0 0 0 1 2 1 
1 1 2 2 0 0 1 0 2 2 
2 2 1 2 2 1 2 0 0 2 
2 2 1 1 0 0 0 1 1 1 
1 1 1 1 0 1 0 1 2 1 
0 0 2 2 2 0 0 1 1 1 
1 2 1 2 1 1 2 2 2 2 
1 1 2 1 0 1 2 2 2 2 
2 2 1 0 2 1 2 0 0 2 
2 2 0 0 0 1 2 1 0 2 
1 2 2 1 0 1 2 2 2 2 
1 2 1 1 0 1 2 2 2 2 
1 1 1 0 1 1 1 1 1 1 
1 1 1 0 1 1 1 1 1 0 
2 2 2 2 2 2 1 2 2 0 
2 1 2 1 1 2 0 1 0 2 
0 0 0 2 2 2 1 2 2 0 
2 2 1 2 2 0 0 1 1 1 
1 1 1 1 0 0 2 2 1 2 
1 1 1 1 0 1 2 1 1 0 
0 1 2 1 0 1 2 2 2 2 
0 0 0 0 0 0 0 0 0 0 
0 0 2 0 2 1 2 0 0 2 
1 1 1 1 2 0 0 2 0 1 
2 2 2 1 0 2 1 2 2 0 
1 1 1 1 0 0 1 0 0 0 
2 2 2 2 2 0 0 1 1 1 
1 1 1 0 1 1 1 0 0 0 
2 2 0 2 2 2 1 2 2 0 
0 2 1 2 1 2 0 1 0 1 
1 1 1 0 0 0 0 0 0 0 
2 2 1 2 1 1 2 0 0 2 
2 0 2 2 2 0 0 1 1 1 
1 1 1 1 1 0 0 0 0 0 
1 1 1 1 0 0 0 0 0 0 
1 1 1 2 2 2 2 0 1 1 
MFS
[ 0 , - , - , - , - , - , - , - , - , - ]
[ - , - , - , 0 , - , - , - , - , - , - ]
[ - , - , - , 0 , - , - , - , - , - , 0 ]
[ - , - , 0 , - , - , - , - , - , - , - ]
[ - , 0 , - , - , - , - , - , - , - , - ]
precise
0.2
recall
0.03333333333333333
F-measure
0.05714285714285715
multi
4
time
all 78 iden 0 gen 0
t-cover
313
all-cover
405
coveredNum
(1 : 165)  (2 : 67)  (3 : 58)  (4 : 42)  (5 : 36)  (6 : 19)  (7 : 10)  (9 : 4)  (10 : 2)  (11 : 2)  
real Identify
([ - , - , - , 0 , - , - , - , - , - , 0 ] : 1)  
testCase Num: 40
regaular Num: 16
identify Num: 24
2 2 1 1 2 1 2 2 1 0 
2 2 0 1 2 1 2 2 1 0 
1 1 1 1 0 1 0 0 0 0 
2 1 1 1 1 0 0 0 0 0 
1 1 1 0 1 1 1 1 1 1 
1 1 1 0 1 1 1 1 1 0 
2 0 2 2 2 0 0 1 0 1 
1 1 1 1 0 2 2 0 0 1 
1 1 1 1 0 0 2 1 1 2 
0 0 0 0 2 2 2 0 2 2 
0 0 2 2 2 0 0 1 0 1 
2 2 2 0 0 0 1 2 0 1 
0 0 0 1 2 1 2 2 1 0 
0 0 0 0 0 0 0 0 0 0 
1 1 1 1 2 2 1 1 2 0 
1 1 1 1 1 2 0 2 2 2 
1 2 1 1 0 0 1 0 2 1 
0 2 2 2 0 1 1 0 0 0 
2 1 2 2 0 0 1 2 0 2 
1 2 2 2 1 1 2 2 1 0 
2 2 1 1 0 0 0 1 0 1 
1 1 1 1 0 1 0 0 1 2 
2 2 2 2 0 2 2 0 2 2 
2 2 0 2 0 0 1 1 0 1 
2 2 2 2 2 2 2 0 2 2 
1 0 1 1 0 2 1 2 2 2 
1 1 1 0 1 1 1 0 0 0 
1 2 2 1 1 2 0 2 2 2 
1 1 1 0 0 0 0 0 0 0 
1 2 1 1 1 2 0 2 2 2 
1 1 1 1 0 2 0 0 1 0 
1 1 1 1 1 0 0 0 0 0 
2 2 1 2 2 0 0 1 0 1 
2 2 2 2 2 0 0 1 0 1 
1 1 1 1 0 0 0 2 0 1 
1 1 1 1 0 0 0 0 0 0 
2 2 2 0 2 2 2 0 2 2 
0 1 1 1 1 2 0 2 2 2 
1 2 2 2 0 2 0 2 2 2 
1 1 1 1 0 1 0 0 2 0 
MFS
[ 0 , - , - , - , - , - , - , - , - , - ]
[ - , - , - , 0 , - , - , - , - , - , - ]
[ - , - , - , 0 , - , - , - , - , - , 0 ]
[ - , - , 0 , - , - , - , - , - , - , - ]
[ - , 0 , - , - , - , - , - , - , - , - ]
precise
0.2
recall
0.03333333333333333
F-measure
0.05714285714285715
multi
4
time
all 62 iden 0 gen 0
t-cover
313
all-cover
405
coveredNum
(1 : 164)  (2 : 56)  (3 : 57)  (4 : 40)  (5 : 33)  (6 : 19)  (7 : 10)  (8 : 10)  (9 : 4)  (10 : 3)  (11 : 1)  (12 : 4)  (13 : 1)  (14 : 2)  (16 : 1)  
real Identify
([ - , - , - , 0 , - , - , - , - , - , 0 ] : 1)  
testCase Num: 38
regaular Num: 14
identify Num: 24
1 2 1 2 1 1 2 2 2 1 
1 2 1 1 0 1 2 2 2 1 
1 1 2 2 1 2 0 1 0 2 
0 0 0 2 2 2 2 1 2 0 
2 2 1 2 0 0 1 0 1 2 
1 2 2 1 0 1 2 2 2 1 
1 1 1 0 1 1 1 1 1 1 
1 1 1 0 1 1 1 1 1 0 
0 0 2 1 2 0 1 0 1 2 
1 1 1 1 0 2 1 2 1 0 
1 1 1 1 0 2 2 0 0 1 
1 1 1 1 0 0 2 1 1 2 
1 2 2 1 2 0 1 0 1 2 
2 2 1 2 1 0 0 2 0 1 
0 1 2 1 0 1 2 2 2 1 
2 2 0 0 0 0 1 2 0 2 
0 0 0 0 0 0 0 0 0 0 
1 1 1 1 0 1 1 0 0 0 
2 2 1 0 2 0 0 2 0 1 
1 0 1 2 0 1 2 2 2 1 
2 1 1 1 2 1 0 0 2 2 
1 1 1 1 0 0 0 0 1 0 
1 1 1 1 0 0 1 0 2 0 
1 1 1 0 1 1 1 0 0 0 
1 1 1 0 0 0 0 0 0 0 
2 2 2 2 2 2 2 1 2 0 
2 2 0 2 2 2 2 1 2 0 
0 2 1 2 1 2 0 1 0 2 
2 2 1 0 1 2 2 0 1 2 
2 2 1 1 2 0 1 0 1 2 
0 0 2 0 2 0 0 2 0 1 
1 1 1 1 0 0 0 2 0 2 
1 1 1 1 1 0 0 0 0 0 
1 1 1 1 0 0 0 0 0 0 
2 2 1 2 2 0 0 2 0 1 
1 1 2 1 0 1 2 2 2 1 
2 2 2 1 0 2 2 1 2 0 
2 0 2 1 2 0 1 0 1 2 
MFS
[ 0 , - , - , - , - , - , - , - , - , - ]
[ - , - , - , 0 , - , - , - , - , - , - ]
[ - , - , - , 0 , - , - , - , - , - , 0 ]
[ - , - , 0 , - , - , - , - , - , - , - ]
[ - , 0 , - , - , - , - , - , - , - , - ]
precise
0.2
recall
0.03333333333333333
F-measure
0.05714285714285715
multi
4
time
all 60 iden 5 gen 2
t-cover
313
all-cover
405
coveredNum
(1 : 174)  (2 : 58)  (3 : 54)  (4 : 39)  (5 : 32)  (6 : 27)  (7 : 7)  (8 : 1)  (9 : 3)  (10 : 2)  (11 : 3)  (12 : 4)  (13 : 1)  
real Identify
([ - , - , - , 0 , - , - , - , - , - , 0 ] : 1)  
testCase Num: 44
regaular Num: 13
identify Num: 31
2 2 1 0 0 0 2 1 0 1 
2 1 2 1 0 0 1 1 0 2 
2 0 1 1 1 1 2 0 2 2 
2 2 1 1 0 0 0 1 1 0 
1 1 1 1 0 1 0 0 0 0 
0 0 2 2 2 0 0 1 1 0 
1 1 1 1 0 0 2 0 0 0 
2 2 0 0 0 1 2 1 0 1 
2 2 2 1 1 2 1 0 2 0 
1 1 1 0 1 1 1 1 1 1 
1 1 1 0 1 1 1 1 1 0 
2 2 1 0 0 1 0 0 0 1 
2 1 1 0 0 0 0 1 2 -1 
2 2 1 1 0 1 2 1 2 0 
2 2 1 2 2 2 1 0 2 0 
2 1 1 0 2 1 2 0 0 2 
2 2 0 2 2 2 1 0 2 0 
2 2 1 2 1 1 2 1 2 0 
1 1 1 1 0 2 0 0 0 0 
1 1 1 2 2 1 2 0 0 2 
2 2 2 0 0 2 0 2 2 1 
1 0 2 2 2 0 0 1 1 0 
2 2 2 0 0 0 2 2 1 2 
1 1 1 1 2 2 2 0 1 0 
0 0 0 0 0 0 0 0 0 0 
0 0 2 0 2 1 2 0 0 2 
2 2 2 1 0 2 0 1 1 2 
0 1 2 1 0 1 2 1 2 0 
0 0 2 2 2 0 2 1 0 1 
0 0 0 2 2 2 1 0 2 0 
1 1 1 0 1 1 1 0 0 0 
2 1 2 2 2 0 0 1 1 0 
1 1 1 0 0 0 0 0 0 0 
0 2 1 2 1 0 1 0 0 2 
2 1 1 2 2 0 0 1 1 0 
2 2 1 0 0 1 0 0 2 1 
1 2 1 2 0 1 2 0 0 2 
1 1 1 1 1 0 0 0 0 0 
1 1 1 1 1 0 0 0 2 2 
1 2 2 1 0 1 2 1 2 0 
1 1 1 1 0 0 0 0 0 0 
2 2 2 0 0 2 0 2 1 2 
0 0 0 2 2 0 2 2 1 2 
1 1 2 1 0 1 2 1 2 0 
MFS
[ 0 , - , - , - , - , - , - , - , - , - ]
[ - , - , - , - , - , - , - , - , - , 1 ]
[ - , - , - , - , - , - , - , 2 , - , - ]
[ - , - , - , 0 , - , - , - , - , - , - ]
[ - , - , - , 0 , - , - , - , - , - , 0 ]
[ - , - , 0 , - , - , - , - , - , - , - ]
[ - , 0 , - , - , - , - , - , - , - , - ]
precise
0.14285714285714285
recall
0.03333333333333333
F-measure
0.05405405405405406
multi
7
time
all 102 iden 45 gen 10
t-cover
276
all-cover
405
coveredNum
(1 : 192)  (2 : 60)  (3 : 40)  (4 : 40)  (5 : 24)  (6 : 18)  (7 : 14)  (8 : 5)  (9 : 5)  (10 : 5)  (11 : 2)  
real Identify
([ - , - , - , 0 , - , - , - , - , - , 0 ] : 1)  
