testCase Num: 61
regaular Num: 18
identify Num: 43
1 1 1 0 1 2 1 1 1 2 
0 0 1 0 1 1 0 1 0 1 
0 1 0 0 2 2 1 2 2 2 
0 2 2 0 2 0 2 2 1 2 
1 0 0 0 2 0 0 0 0 0 
0 1 2 1 2 2 2 2 1 0 
0 0 1 0 1 2 2 2 1 0 
0 1 0 0 2 2 2 1 1 1 
0 1 1 1 0 0 0 0 0 0 
0 1 0 0 2 2 2 1 1 2 
0 1 1 1 1 1 2 0 0 0 
0 1 0 0 2 2 2 0 0 0 
1 2 0 0 0 0 2 2 0 2 
1 0 0 2 1 1 1 2 2 2 
0 0 1 0 1 1 2 2 1 0 
0 1 1 1 0 1 0 0 0 0 
0 0 1 0 1 1 0 1 1 0 
0 2 1 0 1 2 1 1 1 2 
0 2 2 0 1 2 1 1 1 2 
0 0 0 0 0 0 0 0 0 0 
0 1 1 1 1 0 0 0 0 0 
1 0 2 1 2 2 2 2 1 0 
0 1 1 0 0 0 0 0 0 0 
2 1 1 0 0 2 2 1 2 1 
0 2 2 0 2 0 2 2 2 2 
0 2 2 0 2 0 2 2 2 0 
0 0 0 2 0 0 0 0 2 1 
0 2 0 0 1 1 1 2 2 2 
0 1 1 1 1 1 1 0 1 1 
0 1 0 2 1 1 1 2 2 2 
0 2 2 0 2 2 1 1 1 2 
2 0 0 0 1 0 0 0 0 0 
0 1 1 1 0 1 1 0 0 0 
0 1 0 0 2 1 1 2 2 2 
0 2 1 2 1 1 1 2 2 2 
0 2 2 1 1 2 1 1 1 2 
2 2 2 0 2 1 0 0 0 2 
0 2 2 0 2 0 2 1 1 2 
2 2 2 2 2 0 1 1 1 1 
0 0 2 1 2 2 2 2 1 0 
1 1 0 2 1 2 2 0 0 1 
0 0 1 1 2 2 2 2 1 0 
1 0 2 0 0 2 0 0 2 0 
0 1 1 1 0 1 1 1 1 1 
0 1 1 1 0 1 1 1 1 0 
0 0 1 0 1 1 1 1 0 0 
0 1 1 0 1 2 1 1 1 2 
2 0 2 2 0 0 0 2 1 1 
0 1 0 0 0 0 0 0 0 0 
0 0 1 0 1 1 0 2 1 0 
1 0 1 1 2 0 0 1 2 0 
0 2 2 0 2 0 1 1 1 2 
0 2 2 0 2 0 0 2 2 1 
0 1 0 0 2 2 2 1 2 2 
2 2 0 1 0 1 1 1 1 0 
0 0 0 2 1 1 1 2 2 2 
0 2 0 0 2 2 2 2 2 2 
1 0 0 0 0 0 0 0 0 0 
1 0 0 2 0 0 1 1 0 0 
0 0 1 0 2 2 2 2 1 0 
0 1 1 1 0 1 1 1 0 0 
MFS
[ 0 , - , - , - , 0 , - , - , - , - , - ]
[ 0 , - , 0 , - , - , - , - , - , - , - ]
[ 0 , - , - , 0 , - , - , - , - , - , - ]
[ 0 , 0 , - , - , - , - , - , - , - , - ]
precise
1.0
recall
1.0
F-measure
1.0
multi
2
time
all 178 iden 21 gen 48
t-cover
405
all-cover
405
coveredNum
(1 : 109)  (2 : 135)  (3 : 85)  (4 : 39)  (5 : 21)  (6 : 13)  (7 : 3)  
real Identify
([ 0 , - , - , - , 0 , - , - , - , - , - ] : 1)  ([ 0 , - , 0 , - , - , - , - , - , - , - ] : 1)  ([ 0 , - , - , 0 , - , - , - , - , - , - ] : 1)  ([ 0 , 0 , - , - , - , - , - , - , - , - ] : 1)  
testCase Num: 60
regaular Num: 18
identify Num: 43
2 2 0 1 0 2 2 1 2 0 
2 1 2 0 1 1 2 2 1 0 
2 2 1 0 2 1 1 1 1 1 
0 0 0 1 1 1 1 1 2 2 
0 2 1 0 2 0 2 2 1 0 
0 1 0 0 1 1 0 2 0 1 
0 1 1 1 0 0 0 0 0 0 
0 1 0 0 2 0 0 2 0 1 
0 2 1 0 2 2 1 0 1 0 
0 0 0 1 2 2 2 2 2 2 
0 2 2 0 1 1 2 2 1 0 
0 1 1 1 0 1 0 0 0 0 
0 1 1 1 1 2 1 1 0 0 
1 0 2 2 2 2 2 2 2 2 
0 0 0 0 0 0 0 0 0 0 
0 1 1 1 1 0 0 0 0 0 
1 2 0 0 2 0 1 0 2 0 
0 1 1 0 0 0 0 0 0 0 
0 0 0 1 1 1 2 2 2 2 
1 0 0 0 0 0 0 2 1 0 
0 2 0 0 2 2 0 0 2 1 
0 2 1 0 1 1 2 2 1 0 
0 2 1 0 2 2 1 2 1 0 
1 0 2 0 0 0 2 0 0 1 
0 0 2 2 2 2 2 2 2 2 
0 0 0 2 2 2 2 2 2 2 
0 1 0 1 2 0 0 2 0 1 
0 1 0 0 1 0 0 2 0 1 
0 1 1 1 0 1 1 0 0 0 
1 0 1 0 1 2 0 0 2 2 
1 0 0 0 0 2 0 0 1 0 
0 0 0 1 1 1 1 2 2 2 
0 1 0 0 1 1 2 1 2 2 
0 2 1 0 2 0 1 0 2 0 
0 1 0 0 1 1 2 2 0 1 
0 2 1 0 2 2 1 0 2 2 
0 0 0 0 1 2 2 2 2 2 
2 0 2 1 0 1 1 0 1 2 
0 1 2 0 1 1 2 2 1 0 
1 0 0 0 0 1 0 1 2 1 
0 1 1 1 0 1 1 1 1 1 
1 1 0 0 0 1 0 1 0 2 
0 1 1 1 0 1 1 1 1 0 
1 2 0 1 2 0 0 2 0 1 
2 2 2 2 1 0 0 1 0 2 
0 1 0 0 0 0 0 0 0 0 
0 0 0 1 1 1 1 1 1 2 
0 0 0 1 1 1 1 1 1 1 
1 0 1 2 0 2 2 0 0 1 
0 1 1 1 2 0 0 2 0 1 
0 1 0 0 1 2 1 1 0 1 
1 0 0 0 0 0 0 0 0 0 
0 1 0 0 1 1 2 1 2 1 
0 1 1 1 0 1 1 1 0 0 
0 2 1 2 1 1 2 2 1 0 
0 1 2 2 2 2 2 2 2 2 
0 2 1 0 2 1 2 2 1 0 
1 1 0 2 1 1 1 2 1 1 
0 2 0 1 2 0 0 2 0 1 
0 0 0 2 0 1 1 0 1 2 
MFS
[ 0 , - , - , - , 0 , - , - , - , - , - ]
[ 0 , - , 0 , - , - , - , - , - , - , - ]
[ 0 , - , - , 0 , - , - , - , - , - , - ]
[ 0 , 0 , - , - , - , - , - , - , - , - ]
precise
1.0
recall
1.0
F-measure
1.0
multi
1
time
all 91 iden 23 gen 34
t-cover
405
all-cover
405
coveredNum
(1 : 96)  (2 : 147)  (3 : 97)  (4 : 38)  (5 : 10)  (6 : 11)  (7 : 3)  (8 : 3)  
real Identify
([ 0 , - , - , - , 0 , - , - , - , - , - ] : 1)  ([ 0 , - , 0 , - , - , - , - , - , - , - ] : 1)  ([ 0 , - , - , 0 , - , - , - , - , - , - ] : 1)  ([ 0 , 0 , - , - , - , - , - , - , - , - ] : 1)  
testCase Num: 61
regaular Num: 18
identify Num: 43
0 2 2 0 1 0 2 2 0 1 
2 2 2 2 2 1 0 0 0 1 
0 0 1 2 2 0 2 1 1 0 
0 0 2 2 2 0 2 1 1 0 
0 1 0 0 2 2 1 2 2 2 
0 2 0 0 1 1 2 1 2 2 
0 1 1 0 2 2 1 1 0 1 
0 1 1 1 0 0 0 0 0 0 
2 2 0 0 1 0 1 0 2 0 
2 0 0 1 1 0 2 2 0 1 
0 0 0 2 2 2 1 2 2 2 
1 2 1 0 0 2 2 0 1 2 
0 1 1 1 0 1 0 0 0 0 
0 2 1 2 2 2 1 2 2 2 
0 0 1 0 1 1 1 0 0 1 
0 2 2 0 1 0 0 2 1 1 
0 0 0 0 0 0 0 0 0 0 
0 1 1 1 1 0 0 0 0 0 
0 2 2 0 1 0 1 1 0 1 
0 2 2 0 1 0 0 2 1 2 
0 0 1 0 1 0 2 1 1 0 
0 0 1 0 1 1 1 2 0 0 
0 1 1 0 0 0 0 0 0 0 
2 0 0 2 2 2 1 2 2 2 
1 0 0 0 0 0 0 2 1 0 
2 1 0 1 1 2 0 1 1 2 
2 0 1 0 0 2 0 0 0 0 
0 0 1 0 1 2 0 1 1 0 
0 0 1 0 1 1 1 0 1 0 
0 1 1 1 0 1 1 0 0 0 
0 2 2 1 2 2 1 1 0 1 
0 2 0 0 1 2 1 2 2 2 
0 2 2 0 1 2 1 1 0 1 
1 0 1 1 0 1 0 2 2 0 
0 1 2 2 2 0 2 1 1 0 
1 1 2 0 1 1 2 2 2 1 
0 0 1 0 1 2 2 1 1 0 
0 2 2 0 0 0 2 2 1 2 
0 2 0 0 1 1 2 2 2 2 
0 2 1 0 2 2 1 1 0 1 
0 2 2 0 2 2 1 1 0 1 
0 1 1 2 1 1 0 0 0 0 
0 0 1 0 2 0 2 1 1 0 
1 0 2 2 2 0 2 1 1 0 
0 1 1 1 0 1 1 1 1 1 
0 1 0 0 0 0 2 0 0 0 
0 1 1 1 0 1 1 1 1 0 
1 0 0 0 0 1 0 0 0 2 
0 1 0 2 2 2 1 2 2 2 
0 1 1 1 1 0 0 1 2 0 
1 1 2 2 0 0 0 0 0 2 
0 1 0 0 0 0 0 0 0 0 
0 1 0 0 1 1 2 1 1 2 
0 1 0 0 1 1 2 1 1 1 
0 1 0 0 1 1 1 2 2 2 
0 0 0 0 0 1 0 2 2 1 
2 2 2 1 0 1 1 1 1 1 
1 0 0 0 0 0 0 0 0 0 
1 1 1 0 2 2 1 1 0 1 
0 1 1 1 0 1 1 1 0 0 
0 2 2 0 1 0 2 1 0 1 
MFS
[ 0 , - , - , - , 0 , - , - , - , - , - ]
[ 0 , - , 0 , - , - , - , - , - , - , - ]
[ 0 , - , - , 0 , - , - , - , - , - , - ]
[ 0 , 0 , - , - , - , - , - , - , - , - ]
precise
1.0
recall
1.0
F-measure
1.0
multi
2
time
all 168 iden 65 gen 52
t-cover
405
all-cover
405
coveredNum
(1 : 96)  (2 : 141)  (3 : 93)  (4 : 51)  (5 : 16)  (6 : 3)  (7 : 5)  
real Identify
([ 0 , - , - , - , 0 , - , - , - , - , - ] : 1)  ([ 0 , - , 0 , - , - , - , - , - , - , - ] : 1)  ([ 0 , - , - , 0 , - , - , - , - , - , - ] : 1)  ([ 0 , 0 , - , - , - , - , - , - , - , - ] : 1)  
testCase Num: 102
regaular Num: 17
identify Num: 85
2 2 0 0 1 1 1 1 0 1 
0 1 2 0 1 0 1 2 1 0 
0 0 1 1 0 0 0 0 2 2 
0 2 0 0 2 2 2 2 1 2 
0 1 0 1 1 2 0 2 1 0 
0 1 1 1 0 1 0 0 0 0 
0 1 0 2 2 0 1 1 1 1 
1 0 1 1 1 2 2 0 0 0 
0 1 2 1 2 0 1 0 2 0 
0 1 0 1 2 1 1 0 0 0 
0 0 0 0 1 1 1 1 0 1 
0 1 1 0 0 0 0 0 0 0 
0 2 1 1 1 2 1 1 0 2 
0 0 2 1 1 1 1 2 1 2 
0 2 1 2 2 1 0 0 2 1 
0 0 0 0 1 1 0 0 2 1 
0 1 1 0 0 2 2 0 2 1 
0 1 2 0 1 0 2 0 0 1 
0 0 1 2 1 2 2 2 1 2 
0 1 2 0 1 2 2 0 1 0 
0 1 0 1 2 1 1 2 1 0 
0 0 1 1 1 2 2 0 0 0 
0 0 2 1 1 2 2 0 0 0 
1 0 0 0 0 0 0 2 0 1 
1 1 2 0 1 1 0 1 2 2 
0 0 2 1 1 1 1 1 0 1 
2 1 2 2 0 1 1 1 1 1 
0 1 1 1 0 1 1 1 1 1 
0 1 1 1 0 1 1 1 1 0 
0 0 1 2 1 0 2 2 1 0 
0 0 1 2 1 2 0 0 2 1 
0 1 2 0 2 1 1 2 1 0 
0 1 0 2 2 0 2 0 0 0 
0 0 1 2 1 0 2 2 1 1 
0 0 1 0 1 1 1 1 0 1 
0 1 2 0 1 2 2 0 0 0 
0 0 1 1 2 2 1 1 0 1 
0 0 2 1 2 2 2 2 1 2 
0 0 1 0 1 2 0 2 1 0 
0 1 0 1 2 2 0 2 1 0 
0 1 1 1 0 1 1 1 0 0 
0 0 1 0 1 1 0 0 2 1 
0 0 1 2 1 0 2 2 2 1 
2 0 0 2 0 0 2 1 2 0 
0 1 0 1 1 2 0 0 0 0 
0 1 0 2 2 0 2 0 1 0 
0 0 0 0 2 2 2 2 1 2 
0 0 1 2 2 1 1 1 0 1 
0 0 2 2 2 0 0 2 1 0 
0 0 2 2 2 2 2 0 0 0 
0 0 1 0 2 2 2 2 1 2 
0 1 1 1 0 0 0 0 0 0 
0 0 2 1 1 1 2 2 1 2 
1 1 0 0 1 1 0 0 2 1 
0 0 2 1 1 1 1 0 1 2 
2 0 2 2 2 0 0 0 0 2 
0 1 2 1 2 2 2 2 0 1 
1 0 1 1 2 1 2 1 2 1 
0 0 2 2 2 0 0 2 0 0 
0 1 0 0 2 1 1 2 1 0 
0 0 2 2 1 2 2 0 0 0 
0 0 0 0 0 0 0 0 0 0 
0 1 1 1 1 0 0 0 0 0 
2 2 0 0 2 2 2 2 1 2 
0 0 0 0 2 1 1 2 1 0 
0 0 2 2 2 0 2 0 0 0 
0 1 0 2 1 2 0 0 0 0 
0 2 0 0 1 1 1 1 0 1 
0 1 2 0 1 1 1 2 1 0 
0 1 1 0 1 2 0 2 1 0 
0 0 1 2 2 2 0 1 0 1 
2 0 1 0 1 2 0 2 1 0 
0 0 2 2 2 0 0 2 1 1 
0 1 1 1 0 1 1 0 0 0 
0 0 0 1 1 2 0 0 0 0 
1 0 0 0 2 1 1 2 1 0 
0 1 0 2 2 0 1 2 0 0 
0 1 1 1 1 2 0 0 0 0 
0 1 1 1 2 1 1 2 1 0 
0 0 2 2 2 0 0 1 1 1 
0 1 0 0 1 1 0 0 2 1 
2 0 0 1 1 2 0 0 0 0 
0 0 1 2 1 1 0 0 2 1 
0 1 0 2 2 0 0 0 0 0 
0 1 0 2 2 0 1 2 1 0 
0 1 0 2 2 0 1 2 1 1 
0 1 2 0 1 0 2 2 1 0 
0 1 0 1 2 1 0 2 1 0 
0 1 0 0 0 0 0 0 0 0 
1 0 0 0 0 2 0 1 0 0 
0 0 2 2 2 0 0 0 0 0 
0 0 1 2 2 2 2 1 1 0 
0 0 2 1 2 2 0 1 1 1 
0 0 1 1 2 2 2 1 1 2 
1 2 2 2 1 2 1 2 2 0 
0 0 1 2 1 1 1 1 2 2 
0 1 0 2 2 2 0 0 0 0 
1 0 0 0 0 0 0 0 0 0 
0 1 0 0 1 2 0 2 1 0 
0 0 1 2 1 0 2 0 2 1 
1 2 1 1 0 0 1 0 1 2 
0 1 1 1 1 2 2 0 0 0 
MFS
[ 0 , - , - , - , 0 , - , - , - , - , - ]
[ 0 , - , 0 , - , - , - , - , - , - , - ]
[ 0 , - , - , 0 , - , - , - , - , - , - ]
[ 0 , 0 , - , - , - , - , - , - , - , - ]
[ 0 , - , - , - , - , - , - , - , - , 2 ]
[ 0 , - , - , - , - , - , - , 1 , - , - ]
precise
0.6666666666666666
recall
1.0
F-measure
0.8
multi
7
time
all 379 iden 115 gen 55
t-cover
405
all-cover
405
coveredNum
(1 : 104)  (2 : 135)  (3 : 76)  (4 : 47)  (5 : 16)  (6 : 18)  (7 : 9)  
real Identify
([ 0 , - , - , - , 0 , - , - , - , - , - ] : 1)  ([ 0 , - , 0 , - , - , - , - , - , - , - ] : 1)  ([ 0 , - , - , 0 , - , - , - , - , - , - ] : 1)  ([ 0 , 0 , - , - , - , - , - , - , - , - ] : 1)  
testCase Num: 59
regaular Num: 16
identify Num: 43
0 0 0 1 2 1 2 2 2 2 
0 0 1 0 2 2 1 2 0 1 
0 2 0 1 2 1 2 2 2 2 
0 2 1 1 2 1 2 2 2 2 
2 1 1 0 2 1 1 2 1 0 
0 1 1 1 0 0 0 0 0 0 
1 1 0 2 1 2 1 0 1 2 
1 1 2 0 0 2 2 1 2 1 
0 0 2 2 1 1 0 2 0 1 
0 0 1 2 1 1 0 2 0 1 
0 1 1 1 0 1 0 0 0 0 
0 1 0 0 2 1 2 2 2 2 
0 2 2 2 1 1 0 2 0 1 
0 1 2 1 1 2 1 1 2 0 
0 0 0 0 0 0 0 0 0 0 
0 1 1 1 1 0 0 0 0 0 
0 2 2 1 2 0 2 0 1 2 
2 0 2 2 1 1 0 2 0 1 
0 1 1 0 0 0 0 0 0 0 
0 0 1 0 2 2 0 2 0 1 
0 1 2 0 2 0 0 0 2 0 
2 0 0 1 2 1 2 2 2 2 
1 0 0 0 0 0 0 0 2 1 
0 1 0 0 1 2 1 1 2 2 
0 1 1 1 0 1 1 0 0 0 
1 0 0 0 0 1 1 1 0 2 
0 2 1 0 1 2 1 1 2 0 
0 2 0 0 1 2 1 2 2 2 
1 0 0 0 0 2 0 2 1 0 
0 0 1 0 1 1 0 2 0 1 
0 1 1 0 1 2 1 1 2 0 
0 1 2 0 1 2 1 1 2 0 
0 0 1 0 2 2 1 1 0 1 
0 1 2 0 2 0 2 0 1 0 
2 2 2 2 2 0 1 1 1 1 
0 1 0 2 0 2 0 0 0 0 
0 1 2 0 2 0 2 0 1 2 
0 2 0 0 1 1 2 2 2 2 
0 1 0 0 1 2 1 1 1 2 
0 1 0 0 1 2 1 1 1 1 
0 0 1 0 2 2 1 1 1 0 
0 0 1 0 2 2 1 1 1 1 
2 0 1 1 0 1 1 0 1 1 
0 2 0 0 1 2 2 2 2 2 
0 1 1 1 0 1 1 1 1 1 
0 1 1 1 0 1 1 1 1 0 
0 0 1 0 2 1 0 2 0 1 
1 2 0 2 0 0 2 2 2 0 
0 1 2 0 2 1 0 1 2 0 
0 1 0 0 0 0 0 0 0 0 
0 0 0 0 2 2 1 0 1 2 
2 2 1 0 1 2 1 1 2 0 
0 1 2 0 2 2 1 1 2 0 
0 0 2 0 2 0 2 2 0 1 
1 0 0 0 0 0 0 0 0 0 
1 0 1 1 2 2 0 1 0 2 
0 1 1 2 1 0 2 0 0 0 
0 1 1 1 0 1 1 1 0 0 
0 1 2 0 2 1 1 1 2 0 
MFS
[ 0 , - , - , - , 0 , - , - , - , - , - ]
[ 0 , - , 0 , - , - , - , - , - , - , - ]
[ 0 , - , - , 0 , - , - , - , - , - , - ]
[ 0 , 0 , - , - , - , - , - , - , - , - ]
precise
1.0
recall
1.0
F-measure
1.0
multi
2
time
all 182 iden 26 gen 61
t-cover
405
all-cover
405
coveredNum
(1 : 104)  (2 : 156)  (3 : 106)  (4 : 27)  (5 : 10)  (6 : 2)  
real Identify
([ 0 , - , - , - , 0 , - , - , - , - , - ] : 1)  ([ 0 , - , 0 , - , - , - , - , - , - , - ] : 1)  ([ 0 , - , - , 0 , - , - , - , - , - , - ] : 1)  ([ 0 , 0 , - , - , - , - , - , - , - , - ] : 1)  
