testCase Num: 48
regaular Num: 18
identify Num: 30
1 1 2 0 0 1 1 2 2 1 
0 1 1 2 0 1 1 1 1 1 
1 2 0 0 0 1 0 2 1 2 
0 0 0 1 0 0 0 0 0 0 
1 2 0 1 1 2 0 1 1 0 
0 0 0 0 1 0 0 0 0 0 
2 0 2 1 1 0 0 2 2 2 
1 0 0 1 0 0 2 0 0 0 
0 0 0 2 1 1 2 0 0 1 
0 0 0 2 1 1 2 0 0 0 
1 0 0 2 0 2 1 1 2 1 
0 0 1 2 1 1 2 0 0 1 
0 0 0 2 1 1 0 0 0 1 
0 0 0 2 1 1 2 1 0 1 
0 1 1 1 0 1 1 2 1 1 
0 1 1 1 0 1 1 1 1 2 
0 1 1 1 0 1 1 1 1 1 
0 2 0 2 1 1 2 0 0 1 
1 0 2 0 2 1 0 1 1 1 
2 0 0 2 1 1 2 0 0 1 
0 2 1 1 0 1 1 1 1 1 
2 0 2 1 2 0 1 0 0 0 
0 0 1 0 0 0 0 0 0 0 
0 1 2 1 0 1 1 1 1 1 
0 0 0 2 1 2 2 0 0 1 
0 0 0 0 0 0 0 1 0 0 
0 0 0 0 0 0 0 0 0 1 
1 1 0 0 1 2 0 0 1 0 
0 0 0 0 0 0 0 0 0 0 
0 1 0 0 0 0 0 0 0 0 
2 2 1 0 2 2 1 0 0 2 
1 1 0 2 2 0 2 1 1 2 
0 0 0 2 2 1 2 0 0 1 
1 2 1 0 0 0 2 0 2 1 
0 1 1 1 0 2 1 1 1 1 
0 0 0 1 1 1 2 0 0 1 
0 0 0 0 0 1 0 0 0 0 
2 1 1 1 0 1 1 1 1 1 
1 1 1 2 0 1 0 2 0 0 
0 1 1 1 1 1 1 1 1 1 
0 0 0 2 1 1 2 0 1 1 
1 0 1 0 0 0 0 1 0 0 
1 0 0 0 0 0 0 0 0 0 
0 1 1 1 0 1 2 1 1 1 
0 1 1 1 0 1 1 1 2 1 
0 0 0 0 0 0 1 0 0 0 
0 0 0 0 0 0 0 0 1 0 
0 2 2 2 2 2 2 2 2 0 
MFS
[ 0 , - , - , - , - , - , - , - , - , - ]
[ 0 , - , - , - , 0 , - , - , - , - , - ]
precise
0.5
recall
0.2
F-measure
0.28571428571428575
multi
2
time
all 115 iden 2 gen 66
t-cover
397
all-cover
405
coveredNum
(1 : 152)  (2 : 126)  (3 : 76)  (4 : 33)  (5 : 13)  (6 : 1)  (7 : 3)  (8 : 1)  
real Identify
([ 0 , - , - , - , 0 , - , - , - , - , - ] : 1)  
testCase Num: 48
regaular Num: 18
identify Num: 30
1 2 0 0 2 0 2 0 0 1 
0 0 0 2 2 1 1 1 0 0 
0 0 0 1 0 0 0 0 0 0 
1 0 2 2 0 0 1 2 2 1 
0 1 1 1 2 0 1 1 1 1 
2 2 2 1 1 1 0 0 0 1 
0 1 1 2 1 0 1 1 1 1 
0 0 0 0 1 0 0 0 0 0 
2 1 1 1 1 0 1 1 1 1 
1 1 2 0 0 0 1 0 0 2 
0 0 0 2 2 2 1 2 0 0 
0 0 0 2 2 2 1 1 0 1 
1 0 1 1 0 2 2 1 1 0 
0 0 0 2 2 2 1 1 0 0 
0 0 1 2 2 2 1 1 0 0 
1 2 1 0 0 0 0 1 2 2 
1 0 0 1 2 1 0 0 0 0 
0 2 2 2 2 2 0 2 1 2 
0 1 0 2 2 2 1 1 0 0 
0 1 2 1 1 0 1 1 1 1 
0 0 1 0 0 0 0 0 0 0 
1 1 1 2 2 2 2 0 2 1 
0 0 0 0 0 0 0 1 0 0 
0 0 0 0 0 0 0 0 0 1 
0 0 0 0 0 0 0 0 0 0 
0 1 1 1 1 0 1 1 1 1 
0 1 1 1 1 0 1 2 1 1 
0 1 1 1 1 0 1 1 1 2 
0 1 0 0 0 0 0 0 0 0 
1 2 2 0 1 1 1 1 2 0 
1 1 1 0 1 0 2 2 0 2 
2 0 0 2 2 2 1 1 0 0 
0 2 1 1 1 0 1 1 1 1 
2 0 0 1 0 1 2 2 2 2 
0 0 0 1 2 2 1 1 0 0 
0 0 0 0 0 1 0 0 0 0 
0 0 0 2 0 2 1 1 0 0 
0 1 1 1 1 1 1 1 1 1 
0 0 0 2 2 2 1 1 1 0 
1 0 0 0 0 0 0 0 0 0 
0 0 0 2 2 2 2 1 0 0 
2 1 0 0 1 2 0 0 1 0 
1 0 2 0 0 0 2 0 0 0 
1 0 0 2 1 1 0 2 0 0 
0 1 1 1 1 0 2 1 1 1 
0 1 1 1 1 0 1 1 2 1 
0 0 0 0 0 0 1 0 0 0 
0 0 0 0 0 0 0 0 1 0 
MFS
[ 0 , - , - , - , - , - , - , - , - , - ]
[ 0 , - , - , - , - , 0 , - , - , - , - ]
precise
0.5
recall
0.2
F-measure
0.28571428571428575
multi
2
time
all 88 iden 0 gen 47
t-cover
396
all-cover
405
coveredNum
(1 : 150)  (2 : 125)  (3 : 89)  (4 : 20)  (5 : 11)  (6 : 7)  (7 : 3)  
real Identify
([ 0 , - , - , - , - , 0 , - , - , - , - ] : 1)  
testCase Num: 37
regaular Num: 17
identify Num: 20
0 2 1 0 1 0 1 2 1 2 
0 2 1 0 0 2 1 2 1 2 
0 0 0 1 0 0 0 0 0 0 
2 2 1 2 0 1 1 0 2 0 
1 1 1 0 2 0 2 2 0 0 
0 2 1 0 0 0 1 2 2 2 
1 0 2 2 1 2 2 2 0 2 
0 0 0 0 1 0 0 0 0 0 
2 2 2 2 2 2 2 1 1 0 
1 1 0 0 0 0 0 0 0 2 
0 2 1 0 0 0 2 2 1 2 
1 0 2 0 1 1 1 2 1 1 
0 1 1 1 1 1 1 1 0 1 
2 0 0 1 2 1 0 2 2 2 
1 1 2 0 0 2 2 0 2 1 
1 2 1 0 0 0 1 2 1 2 
1 2 0 1 2 0 2 0 0 1 
0 0 1 0 0 0 0 0 0 0 
0 0 0 0 0 0 0 1 0 0 
0 0 0 0 0 0 0 0 0 1 
0 0 0 0 0 0 0 0 0 0 
2 1 0 0 2 2 1 1 0 0 
0 1 0 0 0 0 0 0 0 0 
0 1 1 0 0 0 1 2 1 2 
1 0 0 0 0 1 2 0 0 0 
0 2 1 0 0 0 1 2 1 2 
0 2 1 0 0 0 1 2 1 1 
0 2 1 0 0 0 1 0 1 2 
1 0 1 1 0 2 0 1 1 2 
0 0 0 0 0 1 0 0 0 0 
0 2 2 0 0 0 1 2 1 2 
1 2 2 1 1 0 0 1 2 0 
1 0 0 0 0 0 0 0 0 0 
2 1 0 2 1 0 0 0 1 1 
0 2 1 2 0 0 1 2 1 2 
0 0 0 0 0 0 1 0 0 0 
0 0 0 0 0 0 0 0 1 0 
MFS
[ 0 , - , - , - , - , - , - , - , - , - ]
precise
0.0
recall
0.0
F-measure
0.0
multi
2
time
all 45 iden 0 gen 23
t-cover
387
all-cover
405
coveredNum
(1 : 168)  (2 : 145)  (3 : 60)  (4 : 20)  (5 : 8)  (6 : 3)  (7 : 1)  
real Identify

testCase Num: 39
regaular Num: 19
identify Num: 20
1 2 0 0 0 1 1 0 0 2 
2 0 1 2 0 0 1 2 1 1 
1 2 1 1 0 0 2 1 2 1 
0 0 0 1 0 0 0 0 0 0 
1 2 2 2 1 1 0 2 0 0 
0 0 0 0 1 0 0 0 0 0 
0 1 2 2 0 0 0 2 1 2 
0 0 2 2 0 0 2 2 1 2 
0 1 2 2 0 0 2 2 1 1 
0 1 2 2 0 0 2 0 1 2 
0 1 0 2 0 0 2 2 1 2 
0 1 2 2 0 0 2 2 1 2 
2 0 0 2 1 1 2 0 2 1 
2 2 2 0 2 2 1 2 2 1 
0 0 1 0 0 0 0 0 0 0 
1 0 1 0 1 2 0 1 1 2 
0 0 0 0 0 0 0 1 0 0 
0 0 0 0 0 0 0 0 0 1 
2 0 1 1 2 2 0 1 0 2 
0 0 0 0 0 0 0 0 0 0 
2 1 0 0 2 2 2 0 1 0 
0 1 0 0 0 0 0 0 0 0 
1 1 0 2 2 2 0 1 0 1 
1 0 0 1 2 0 2 2 0 0 
1 1 1 0 0 2 0 0 2 2 
0 0 0 0 0 1 0 0 0 0 
0 1 2 1 0 0 2 2 1 2 
0 1 1 1 1 1 1 1 1 0 
1 0 2 0 0 0 0 1 0 0 
1 2 0 0 0 0 0 0 1 0 
1 0 0 0 0 0 0 0 0 0 
0 1 2 2 0 2 2 2 1 2 
0 1 2 2 0 0 2 2 0 2 
1 0 2 1 1 0 0 0 2 0 
1 0 0 0 2 1 0 0 0 0 
0 0 0 0 0 0 1 0 0 0 
0 0 0 0 0 0 0 0 1 0 
0 1 2 2 2 0 2 2 1 2 
1 1 2 2 0 0 2 2 1 2 
MFS
[ 0 , - , - , - , - , - , - , - , - , - ]
precise
0.0
recall
0.0
F-measure
0.0
multi
2
time
all 51 iden 0 gen 26
t-cover
387
all-cover
405
coveredNum
(1 : 157)  (2 : 127)  (3 : 74)  (4 : 19)  (5 : 12)  (6 : 10)  (7 : 5)  (9 : 1)  
real Identify

testCase Num: 50
regaular Num: 20
identify Num: 30
0 1 1 2 0 1 1 1 1 1 
1 2 2 0 2 2 1 1 0 0 
1 0 0 0 2 0 0 0 0 1 
1 2 1 2 0 1 0 0 1 0 
0 1 0 0 2 0 2 1 1 2 
0 1 0 0 2 0 0 1 2 2 
0 1 1 1 0 1 1 2 1 1 
0 1 0 0 1 0 0 1 1 2 
2 0 0 2 1 1 2 1 0 0 
0 2 1 1 0 1 1 1 1 1 
0 0 0 0 0 0 0 0 0 1 
0 0 0 0 0 0 0 0 0 0 
0 1 1 1 0 2 1 1 1 1 
1 2 2 1 0 1 2 2 1 0 
2 0 0 1 1 2 0 0 1 1 
0 1 0 0 2 0 0 2 1 2 
0 0 0 0 0 1 0 0 0 0 
1 0 2 1 0 0 1 0 2 2 
0 1 1 0 2 0 0 1 1 2 
0 2 0 0 2 0 0 1 1 2 
0 1 0 2 2 0 0 1 1 2 
0 1 1 1 0 1 1 1 2 1 
0 0 0 0 0 0 0 0 1 0 
0 2 2 2 2 2 2 0 2 2 
0 0 0 1 0 0 0 0 0 0 
0 1 0 0 2 2 0 1 1 2 
0 0 0 0 1 0 0 0 0 0 
1 1 1 2 1 0 2 0 0 1 
0 1 0 0 2 0 0 1 1 0 
1 2 0 0 0 0 0 0 0 0 
0 1 1 1 0 1 1 1 1 2 
1 1 0 0 2 0 0 1 1 2 
0 1 1 1 0 1 1 1 1 1 
1 0 1 1 2 2 1 2 0 2 
1 1 0 2 0 2 1 2 2 0 
0 0 1 0 0 0 0 0 0 0 
0 1 2 1 0 1 1 1 1 1 
1 0 0 0 1 0 0 0 0 2 
0 0 0 0 0 0 0 1 0 0 
0 1 0 0 0 0 0 0 0 0 
2 2 2 0 1 0 0 2 2 1 
2 1 1 1 0 1 1 1 1 1 
0 1 0 0 2 0 0 1 1 2 
1 1 2 0 0 0 2 0 0 0 
0 1 1 1 1 1 1 1 1 1 
1 0 0 0 0 0 0 1 2 0 
1 0 0 0 0 0 0 0 0 0 
2 0 1 0 2 1 1 0 2 2 
0 1 1 1 0 1 2 1 1 1 
0 0 0 0 0 0 1 0 0 0 
MFS
[ 0 , - , - , - , - , - , - , - , - , - ]
[ 0 , - , - , - , 0 , - , - , - , - , - ]
precise
0.5
recall
0.2
F-measure
0.28571428571428575
multi
2
time
all 115 iden 1 gen 77
t-cover
397
all-cover
405
coveredNum
(1 : 144)  (2 : 114)  (3 : 87)  (4 : 25)  (5 : 11)  (6 : 10)  (7 : 7)  (8 : 6)  (9 : 1)  
real Identify
([ 0 , - , - , - , 0 , - , - , - , - , - ] : 1)  
