testCase Num: 29
regaular Num: 15
identify Num: 14
2 2 1 0 0 0 1 0 1 1 
1 1 2 1 0 1 0 2 0 2 
1 0 0 0 0 2 0 1 1 1 
1 0 1 2 0 1 1 1 0 2 
1 0 0 0 0 2 2 0 1 2 
1 1 1 0 1 1 2 1 2 0 
1 0 0 2 1 2 1 2 1 0 
2 2 2 2 2 0 2 1 2 2 
0 1 1 1 0 0 0 0 0 0 
2 1 2 2 2 2 0 0 0 1 
1 1 0 0 0 0 0 0 0 0 
0 0 0 2 1 1 2 0 2 2 
1 0 0 0 0 0 1 0 2 0 
0 1 1 1 0 1 1 1 1 1 
2 2 0 0 1 1 0 0 2 2 
1 0 2 0 1 0 0 2 0 0 
0 0 0 0 0 0 0 0 0 0 
0 1 1 1 1 0 0 0 0 0 
1 2 2 0 2 2 1 2 1 0 
2 2 0 1 2 1 2 0 0 0 
1 0 1 0 2 2 1 2 1 0 
0 1 1 1 1 1 0 0 0 0 
1 0 2 0 2 2 1 2 1 0 
1 1 1 0 0 0 0 0 0 0 
0 1 1 1 1 1 1 1 1 1 
0 2 2 0 2 2 1 2 1 0 
1 1 1 1 1 0 0 0 0 0 
1 0 0 0 0 0 0 0 0 0 
2 0 0 1 0 2 2 2 2 1 
MFS
[ 0 , - , - , - , - , - , - , - , - , - ]
[ 0 , - , - , - , 0 , - , - , - , - , - ]
precise
0.5
recall
0.25
F-measure
0.3333333333333333
multi
1
time
all 78 iden 32 gen 31
t-cover
393
all-cover
405
coveredNum
(1 : 132)  (2 : 115)  (3 : 55)  (4 : 35)  (5 : 21)  (6 : 27)  (7 : 10)  (8 : 5)  (9 : 3)  (11 : 2)  
real Identify
([ 0 , - , - , - , 0 , - , - , - , - , - ] : 1)  
testCase Num: 59
regaular Num: 11
identify Num: 48
0 2 1 1 2 0 2 1 0 0 
0 2 2 1 1 2 0 2 0 2 
0 2 2 1 1 2 0 0 0 2 
0 1 1 1 0 0 0 0 0 0 
1 1 0 0 0 0 0 0 0 0 
1 1 0 0 0 0 0 1 2 2 
0 0 0 1 2 0 2 1 0 0 
0 2 1 0 1 1 1 1 2 0 
1 1 0 2 2 1 2 2 2 1 
0 2 1 1 1 1 1 1 2 0 
0 1 1 0 1 2 2 2 2 1 
2 1 2 0 2 0 0 0 0 1 
2 1 0 0 2 0 0 0 0 1 
0 2 1 0 1 2 0 2 2 1 
0 1 1 1 1 0 0 1 2 2 
0 0 0 0 0 0 0 0 0 0 
0 1 1 1 1 0 0 0 0 0 
0 0 0 2 2 1 2 2 2 1 
0 1 1 1 1 1 0 0 0 0 
0 1 1 0 2 0 0 0 0 1 
0 0 2 0 2 0 0 0 0 1 
0 1 2 2 2 1 2 0 1 0 
2 1 1 1 2 0 2 1 0 0 
2 0 0 1 2 0 2 1 0 0 
1 0 1 1 1 0 0 1 2 2 
0 1 1 2 1 2 0 0 1 2 
0 2 2 1 1 2 0 0 2 1 
1 0 0 0 0 2 1 1 0 2 
0 1 2 2 1 0 0 1 2 2 
1 1 0 1 1 0 0 1 2 2 
1 1 1 1 1 0 0 1 2 2 
2 2 2 2 0 0 1 2 1 0 
0 1 1 1 0 1 1 1 1 1 
0 2 2 0 1 2 0 2 0 1 
2 0 0 0 1 2 1 0 1 2 
1 2 0 1 2 0 2 1 0 0 
2 0 2 0 2 0 0 0 0 1 
0 0 1 1 1 0 0 1 2 2 
2 1 0 1 0 0 0 0 0 1 
0 2 1 2 2 0 2 1 0 0 
0 1 2 1 1 0 0 1 2 2 
2 1 1 2 1 0 2 1 0 0 
0 1 1 2 1 2 2 1 0 0 
1 1 1 2 2 1 2 2 2 1 
0 1 2 2 2 1 0 1 2 2 
1 1 1 0 0 0 0 0 0 0 
1 0 0 2 2 1 2 2 2 1 
0 1 1 1 1 1 1 1 1 1 
1 1 1 1 1 0 0 0 0 0 
0 0 2 2 2 1 2 0 1 0 
1 0 0 0 0 0 0 0 0 0 
0 1 1 1 2 0 0 0 0 1 
0 2 1 1 1 1 0 0 0 1 
1 1 2 1 0 1 2 2 2 1 
0 2 0 1 2 0 2 1 0 0 
2 2 2 0 2 2 2 1 2 2 
1 0 1 0 2 1 1 2 1 2 
0 2 0 2 1 1 0 0 1 2 
2 0 0 0 0 1 0 0 0 0 
MFS
[ 0 , - , - , - , 0 , - , - , - , - , - ]
[ 0 , - , 0 , - , - , - , - , - , - , - ]
[ 0 , - , - , 0 , - , - , - , - , - , - ]
[ 0 , - , - , - , - , - , - , 2 , - , 1 ]
[ 0 , 0 , - , - , - , - , - , - , - , - ]
precise
0.8
recall
1.0
F-measure
0.888888888888889
multi
4
time
all 125 iden 31 gen 47
t-cover
405
all-cover
405
coveredNum
(1 : 56)  (2 : 63)  (3 : 46)  (4 : 49)  (5 : 49)  (6 : 40)  (7 : 22)  (8 : 28)  (9 : 10)  (10 : 10)  (11 : 8)  (12 : 9)  (13 : 4)  (14 : 5)  (15 : 1)  (16 : 3)  (17 : 2)  
real Identify
([ 0 , - , - , - , 0 , - , - , - , - , - ] : 1)  ([ 0 , - , 0 , - , - , - , - , - , - , - ] : 1)  ([ 0 , - , - , 0 , - , - , - , - , - , - ] : 1)  ([ 0 , 0 , - , - , - , - , - , - , - , - ] : 1)  
testCase Num: 32
regaular Num: 18
identify Num: 14
2 2 0 2 0 2 2 1 1 0 
1 2 2 0 1 1 2 2 2 1 
1 0 2 2 0 0 0 0 1 0 
2 2 1 2 2 0 2 0 0 1 
0 1 1 1 0 0 0 0 0 0 
1 1 0 0 0 0 0 0 0 0 
0 0 2 0 2 0 0 1 1 2 
2 0 2 1 0 1 2 0 0 2 
2 0 2 2 2 2 1 2 2 2 
1 0 0 0 0 0 1 0 2 0 
1 1 0 0 2 0 0 1 1 2 
1 0 0 2 1 1 1 1 0 1 
0 1 1 1 0 1 1 1 1 1 
1 2 0 1 0 0 0 1 1 2 
1 1 0 2 0 0 2 2 0 1 
1 0 1 0 1 0 0 0 0 2 
0 0 0 0 0 0 0 0 0 0 
0 1 1 1 1 0 0 0 0 0 
1 2 1 1 2 2 1 0 0 0 
1 1 2 0 2 0 0 1 1 2 
2 1 0 0 1 2 0 2 2 1 
1 0 0 0 0 0 0 2 1 0 
1 0 2 0 2 0 0 1 1 2 
1 0 1 1 0 0 1 2 2 0 
0 1 1 1 1 1 0 0 0 0 
1 1 1 0 0 0 0 0 0 0 
0 1 1 1 1 1 1 1 1 1 
1 1 1 1 1 0 0 0 0 0 
1 0 0 0 0 0 0 1 2 0 
1 0 0 0 0 0 0 0 0 0 
0 1 0 1 1 2 2 2 2 0 
1 0 0 0 2 1 0 0 0 0 
MFS
[ 0 , - , - , - , - , - , - , - , - , - ]
[ 0 , - , - , - , 0 , - , - , - , - , - ]
precise
0.5
recall
0.25
F-measure
0.3333333333333333
multi
2
time
all 78 iden 16 gen 62
t-cover
393
all-cover
405
coveredNum
(1 : 121)  (2 : 108)  (3 : 64)  (4 : 34)  (5 : 24)  (6 : 15)  (7 : 10)  (8 : 9)  (9 : 5)  (10 : 8)  (11 : 3)  (12 : 1)  (13 : 2)  (15 : 1)  
real Identify
([ 0 , - , - , - , 0 , - , - , - , - , - ] : 1)  
testCase Num: 38
regaular Num: 15
identify Num: 23
1 2 2 0 2 2 2 1 1 2 
0 2 2 2 1 1 1 0 2 0 
0 0 0 0 2 2 2 1 1 2 
1 0 0 0 0 2 1 0 0 0 
2 1 1 2 2 2 0 2 0 0 
2 2 2 2 2 0 2 2 2 1 
2 1 0 1 1 2 0 2 2 2 
0 1 1 1 0 0 0 0 0 0 
2 0 1 1 1 2 0 2 2 2 
1 1 0 0 0 0 0 0 0 0 
0 2 2 0 1 1 1 2 2 0 
2 1 1 1 1 2 0 2 2 2 
0 2 2 0 2 2 2 1 1 2 
2 0 2 0 2 1 2 0 0 1 
0 1 1 1 0 1 1 1 1 1 
2 1 2 2 0 2 0 2 2 2 
1 2 1 2 0 0 2 1 0 0 
0 0 0 0 0 0 0 0 0 0 
0 1 1 1 1 0 0 0 0 0 
1 0 2 0 1 2 0 0 1 1 
2 0 0 0 2 2 2 1 1 2 
1 0 0 0 0 0 0 2 1 0 
0 1 1 1 1 1 0 0 0 0 
1 1 1 0 0 0 0 0 0 0 
0 1 1 1 1 1 1 1 1 1 
1 1 0 0 0 0 2 0 0 0 
1 2 0 0 0 0 0 1 1 0 
1 1 1 1 1 0 0 0 0 0 
1 0 0 0 0 0 0 1 2 0 
1 0 0 0 0 0 0 0 0 0 
0 1 0 2 2 1 2 0 1 0 
2 0 0 2 2 0 1 0 0 2 
0 2 2 1 2 2 2 1 1 2 
1 0 0 0 0 1 1 2 2 1 
0 0 1 1 1 2 0 2 2 2 
1 2 2 1 0 2 2 1 1 2 
1 2 0 0 2 2 2 1 1 2 
0 2 2 2 1 1 2 1 1 2 
MFS
[ 0 , - , - , - , - , - , - , - , - , - ]
[ 0 , - , - , - , 0 , - , - , - , - , - ]
[ 0 , - , - , 0 , - , - , - , - , - , - ]
precise
0.6666666666666666
recall
0.5
F-measure
0.5714285714285715
multi
2
time
all 65 iden 49 gen 15
t-cover
402
all-cover
405
coveredNum
(1 : 91)  (2 : 91)  (3 : 81)  (4 : 38)  (5 : 30)  (6 : 30)  (7 : 21)  (8 : 8)  (9 : 7)  (10 : 6)  (11 : 1)  (12 : 1)  
real Identify
([ 0 , - , - , - , 0 , - , - , - , - , - ] : 1)  ([ 0 , - , - , 0 , - , - , - , - , - , - ] : 1)  
testCase Num: 30
regaular Num: 16
identify Num: 14
0 2 0 2 1 2 0 0 1 1 
1 0 0 0 0 0 0 2 0 1 
1 0 0 0 0 0 0 1 2 2 
0 1 1 1 0 0 0 0 0 0 
1 1 0 0 0 0 0 0 0 0 
1 1 2 1 2 1 2 2 2 2 
1 1 1 1 2 1 2 2 2 2 
1 0 2 1 2 1 2 2 2 2 
0 1 1 1 0 1 1 1 1 1 
2 1 1 1 0 2 1 0 0 0 
2 2 2 0 0 0 2 1 1 1 
1 2 0 1 2 2 0 1 1 0 
2 2 1 0 1 1 2 0 0 2 
0 0 0 0 0 0 0 0 0 0 
0 1 1 1 1 0 0 0 0 0 
1 1 1 2 0 1 2 2 2 2 
2 2 0 2 2 2 1 2 2 2 
0 1 1 1 1 1 0 0 0 0 
1 1 1 0 0 0 0 0 0 0 
0 1 1 1 1 1 1 1 1 1 
2 0 2 2 1 2 0 0 0 1 
1 1 1 1 1 0 0 0 0 0 
1 0 0 0 0 0 0 0 0 0 
1 0 0 2 0 0 0 0 1 0 
1 0 2 0 1 0 1 2 2 0 
1 0 1 2 0 0 0 2 1 2 
0 0 2 1 2 1 2 2 2 2 
1 0 0 0 1 2 2 2 0 0 
1 0 0 2 2 0 2 1 0 1 
1 0 0 0 2 1 0 0 2 1 
MFS
[ 0 , - , - , - , - , - , - , - , - , - ]
[ 0 , - , - , - , 0 , - , - , - , - , - ]
precise
0.5
recall
0.25
F-measure
0.3333333333333333
multi
1
time
all 60 iden 0 gen 0
t-cover
393
all-cover
405
coveredNum
(1 : 134)  (2 : 100)  (3 : 65)  (4 : 26)  (5 : 30)  (6 : 22)  (7 : 11)  (8 : 10)  (9 : 4)  (10 : 3)  
real Identify
([ 0 , - , - , - , 0 , - , - , - , - , - ] : 1)  
