testCase Num: 246
regaular Num: 36
identify Num: 212
1 1 1 1 0 1 1 1 1 1 
1 1 1 1 0 1 1 1 1 2 
1 0 0 0 0 0 0 1 0 2 
1 0 0 0 0 0 0 1 0 0 
1 0 1 1 1 1 1 1 0 0 
1 0 0 0 2 0 0 0 0 1 
1 0 0 0 0 0 0 1 0 1 
1 1 1 0 0 0 0 0 1 0 
1 1 1 0 0 0 0 0 1 1 
1 1 1 0 0 0 0 0 0 1 
1 1 1 0 0 0 0 0 0 2 
0 1 1 1 1 1 1 1 0 1 
1 0 1 1 1 1 0 0 0 1 
1 0 1 1 1 1 0 0 0 2 
1 1 0 1 1 1 1 1 1 0 
0 0 0 0 0 0 2 0 0 0 
1 1 1 1 2 0 0 0 0 1 
1 1 0 0 1 0 0 0 0 2 
1 1 0 0 1 0 0 0 0 1 
1 1 1 1 0 1 1 0 0 1 
1 1 1 1 1 2 0 0 0 1 
1 1 1 1 0 1 1 0 0 2 
1 0 1 1 1 1 0 0 0 0 
0 1 1 1 1 1 0 0 0 1 
1 1 1 0 0 0 0 0 2 1 
1 1 1 0 0 0 0 0 2 2 
1 1 1 0 0 0 0 0 1 2 
1 1 1 1 1 0 2 0 0 0 
1 1 1 1 1 0 2 0 0 2 
1 1 1 1 0 0 0 2 0 0 
1 1 0 1 1 1 1 0 0 0 
1 1 1 0 2 0 0 0 0 1 
1 0 0 0 0 0 0 2 0 0 
1 1 1 0 0 0 1 0 0 0 
1 2 0 0 0 0 0 0 0 2 
1 2 0 0 0 0 0 0 0 1 
1 2 0 0 0 0 0 0 0 0 
1 1 0 2 0 0 0 0 0 0 
1 1 0 1 1 1 0 0 0 0 
1 0 0 0 0 1 0 0 0 1 
1 0 0 0 0 1 0 0 0 2 
1 1 1 1 1 1 0 2 0 0 
0 0 1 0 0 0 0 0 0 0 
1 1 0 2 0 0 0 0 0 2 
0 0 0 0 0 0 2 0 0 2 
1 1 0 0 0 2 0 0 0 1 
1 1 1 0 0 0 1 0 0 2 
1 0 2 0 0 0 0 0 0 0 
1 1 0 1 1 1 1 1 0 0 
0 0 0 0 0 0 0 0 1 2 
0 0 0 0 0 0 0 0 1 1 
1 0 1 1 1 0 0 0 0 2 
1 1 1 1 1 0 1 1 1 2 
1 1 0 0 0 0 0 2 0 0 
1 0 1 1 0 0 0 0 0 0 
0 1 1 1 0 0 0 0 0 1 
1 1 1 1 1 0 1 0 0 1 
1 1 1 1 1 0 1 0 0 0 
1 1 1 1 1 1 2 0 0 2 
0 0 0 0 0 0 0 0 2 1 
1 1 0 0 0 1 0 0 0 2 
1 1 0 0 0 1 0 0 0 1 
0 0 0 0 0 0 0 0 0 1 
0 1 1 1 1 0 0 0 0 1 
0 0 0 0 0 0 0 0 0 0 
0 0 0 0 0 0 0 0 0 2 
1 1 1 1 1 1 2 0 0 0 
1 1 1 1 1 0 1 1 0 2 
1 1 1 1 1 0 1 1 0 1 
1 1 1 1 1 0 0 0 1 2 
1 1 1 0 0 0 2 0 0 0 
1 1 1 0 0 0 2 0 0 2 
1 1 1 1 1 0 1 1 1 1 
1 1 1 1 1 0 0 0 2 2 
1 1 1 1 1 0 0 0 2 1 
1 0 1 1 1 1 1 0 0 2 
1 0 1 1 1 0 0 0 0 0 
1 0 1 1 1 0 0 0 0 1 
0 0 0 0 0 0 0 0 1 0 
0 0 0 0 0 0 1 0 0 2 
0 0 0 1 0 0 0 0 0 2 
0 0 0 1 0 0 0 0 0 1 
0 0 0 1 0 0 0 0 0 0 
1 0 1 1 1 1 1 0 0 1 
1 0 1 1 1 1 1 0 0 0 
1 0 1 0 0 0 0 0 0 2 
1 1 0 0 0 0 0 1 0 2 
1 1 0 0 0 0 0 1 0 1 
1 1 0 0 0 0 0 1 0 0 
0 1 1 1 1 1 1 0 0 1 
1 0 1 1 1 1 1 1 1 2 
0 0 0 0 0 0 0 0 2 2 
0 0 0 2 0 0 0 0 0 2 
1 0 1 1 1 1 1 1 1 1 
1 0 1 1 1 1 1 1 1 0 
1 1 1 1 1 0 1 0 0 2 
0 0 0 2 0 0 0 0 0 0 
1 0 1 1 0 0 0 0 0 2 
1 0 1 1 0 0 0 0 0 1 
0 1 1 1 1 1 1 1 1 1 
0 0 0 0 1 0 0 0 0 2 
1 0 1 1 1 1 1 1 0 2 
0 0 0 0 1 0 0 0 0 1 
1 0 1 1 1 1 1 1 0 1 
1 1 1 1 0 0 2 0 0 2 
0 0 0 0 0 0 1 0 0 0 
1 1 1 1 1 1 1 0 0 0 
1 1 1 1 1 1 1 1 2 1 
1 1 1 1 0 0 2 0 0 0 
1 1 1 1 1 0 0 1 0 2 
1 1 1 1 1 0 0 1 0 1 
1 1 1 1 1 0 0 1 0 0 
2 0 0 0 0 0 0 0 0 1 
1 1 0 0 0 0 0 0 0 2 
1 1 0 0 0 0 0 0 0 0 
1 1 0 0 0 0 0 0 0 1 
1 1 0 0 0 0 0 0 1 0 
1 0 0 2 0 0 0 0 0 2 
1 0 0 2 0 0 0 0 0 0 
1 1 1 1 1 1 1 1 1 2 
1 1 1 1 1 1 1 1 1 1 
1 1 1 1 1 1 0 0 2 2 
1 0 0 0 1 0 0 0 0 1 
0 0 0 0 0 0 0 2 0 0 
1 0 0 0 0 2 0 0 0 1 
1 1 1 1 1 1 1 1 1 0 
1 1 1 1 1 1 0 0 2 1 
0 1 1 0 0 0 0 0 0 1 
0 2 0 0 0 0 0 0 0 1 
0 2 0 0 0 0 0 0 0 0 
0 0 0 0 0 1 0 0 0 2 
0 0 0 0 0 1 0 0 0 1 
0 2 0 0 0 0 0 0 0 2 
1 1 1 0 0 2 0 0 0 1 
1 1 2 0 0 0 0 0 0 0 
1 0 1 0 0 0 0 0 0 1 
1 0 0 0 0 0 2 0 0 2 
1 0 1 0 0 0 0 0 0 0 
0 0 0 0 2 0 0 0 0 1 
1 0 0 0 0 0 2 0 0 0 
1 1 1 1 1 1 1 1 0 1 
1 1 1 1 1 1 0 0 1 2 
1 1 1 1 1 1 1 1 0 0 
1 1 1 1 1 1 0 0 1 1 
1 1 1 1 1 1 1 1 0 2 
1 1 1 1 1 1 1 0 2 2 
1 1 1 1 1 1 1 0 2 1 
1 1 1 1 1 0 0 0 0 2 
1 1 1 1 1 0 0 0 0 1 
1 1 0 0 0 0 0 0 2 2 
1 1 0 0 0 0 1 0 0 0 
1 1 1 1 0 2 0 0 0 1 
1 1 1 0 1 1 1 0 0 2 
1 1 1 1 1 0 0 0 1 1 
1 1 1 1 1 0 0 0 1 0 
1 1 1 1 0 0 1 0 0 2 
1 1 1 1 1 1 1 0 1 2 
1 1 1 0 1 0 0 0 0 1 
1 1 1 0 1 0 0 0 0 0 
1 1 1 2 0 0 0 0 0 0 
1 1 1 2 0 0 0 0 0 2 
1 0 0 0 1 0 0 0 0 2 
0 0 0 0 0 0 0 1 0 0 
0 0 0 0 0 0 0 1 0 2 
0 0 0 0 0 0 0 1 0 1 
1 1 1 0 1 0 0 0 0 2 
1 1 1 1 1 1 1 0 1 1 
1 1 1 1 1 1 1 0 1 0 
1 1 1 1 0 0 1 0 0 0 
1 0 0 0 0 0 1 0 0 2 
1 1 0 0 0 0 0 0 1 1 
1 1 0 0 0 0 0 0 1 2 
1 1 0 0 0 0 0 0 2 1 
1 1 1 1 1 0 0 0 0 0 
1 1 0 1 0 0 0 0 0 0 
1 1 0 1 0 0 0 0 0 2 
1 1 1 1 0 0 0 0 2 2 
1 1 0 1 0 0 0 0 0 1 
1 1 1 1 1 1 1 0 0 2 
1 1 1 1 1 1 1 0 0 1 
1 1 1 1 1 1 1 1 2 2 
1 1 1 1 0 0 0 0 2 1 
1 1 1 0 1 1 1 1 1 1 
1 1 1 0 1 1 1 1 1 0 
1 1 1 0 0 0 0 2 0 0 
1 1 1 0 1 1 1 1 0 2 
1 1 1 0 1 1 1 1 0 1 
1 0 0 0 0 0 1 0 0 0 
1 1 1 1 0 0 0 0 1 1 
1 1 1 1 0 0 0 0 1 2 
1 1 1 1 1 1 0 1 0 0 
1 1 1 1 1 1 0 1 0 2 
1 1 1 1 1 1 0 1 0 1 
1 1 1 0 0 1 0 0 0 2 
1 1 1 0 0 1 0 0 0 1 
1 1 1 1 0 0 0 0 1 0 
1 0 0 0 0 0 0 0 1 2 
1 1 1 0 1 1 1 0 0 1 
1 1 1 0 1 1 1 0 0 0 
1 1 0 0 0 0 1 0 0 2 
1 0 0 1 0 0 0 0 0 0 
1 0 0 1 0 0 0 0 0 1 
1 0 0 1 0 0 0 0 0 2 
1 1 1 0 1 1 1 1 1 2 
1 0 0 0 0 0 0 0 2 1 
1 1 1 1 0 0 0 0 0 2 
1 0 0 0 0 0 0 0 2 2 
1 1 1 1 0 0 0 0 0 0 
1 1 1 1 0 0 0 0 0 1 
0 0 0 0 0 2 0 0 0 1 
1 1 1 1 1 1 0 0 1 0 
1 1 1 1 0 1 0 0 0 1 
1 1 0 0 2 0 0 0 0 1 
1 1 1 1 0 1 0 0 0 2 
1 1 1 1 1 0 0 2 0 0 
1 1 0 1 1 0 0 0 0 0 
1 0 0 0 0 0 0 0 0 1 
1 0 0 0 0 0 0 0 0 2 
1 1 1 0 1 1 0 0 0 0 
1 1 0 0 0 0 2 0 0 2 
1 1 1 0 0 0 0 1 0 0 
1 1 1 0 0 0 0 1 0 1 
1 1 1 0 0 0 0 1 0 2 
1 0 0 0 0 0 0 0 1 0 
1 0 0 0 0 0 0 0 1 1 
1 1 1 1 1 1 0 0 0 1 
1 1 1 1 1 1 0 0 0 0 
1 1 1 1 1 1 0 0 0 2 
0 0 2 0 0 0 0 0 0 0 
0 1 0 0 0 0 0 0 0 0 
1 1 1 1 0 1 1 1 0 1 
0 1 0 0 0 0 0 0 0 2 
0 1 0 0 0 0 0 0 0 1 
1 1 1 1 0 1 1 1 0 2 
1 1 1 0 1 1 1 1 0 0 
1 1 1 0 0 0 0 0 0 0 
1 1 0 0 0 0 2 0 0 0 
1 1 1 0 1 1 0 0 0 2 
1 1 1 0 1 1 0 0 0 1 
1 1 1 1 0 0 0 1 0 1 
1 0 0 0 0 0 0 0 0 0 
1 1 1 1 0 0 0 1 0 2 
1 1 1 1 0 0 0 1 0 0 
1 1 1 1 1 1 1 2 0 0 
1 1 1 1 1 1 0 1 1 0 
1 1 1 1 1 1 0 1 1 2 
MFS
[ - , - , - , - , - , - , - , - , - , 0 ]
[ - , - , - , - , - , - , - , - , - , 1 ]
[ - , - , - , - , - , - , - , - , - , 2 ]
precise
0.0
recall
0.0
F-measure
0.0
multi
36
time
all 1480 iden 0 gen 196
t-cover
0
all-cover
405
coveredNum
(1 : 405)  
real Identify

testCase Num: 240
regaular Num: 36
identify Num: 206
1 1 1 1 0 1 1 1 1 0 
1 1 1 1 0 1 1 1 1 1 
1 0 0 0 0 0 0 1 0 0 
1 0 1 1 1 1 1 1 0 0 
1 0 0 0 2 0 0 0 0 1 
1 0 0 0 0 0 0 1 0 1 
1 1 1 0 0 0 0 0 1 0 
1 1 1 0 0 0 0 0 1 1 
1 1 1 0 0 0 0 0 0 1 
1 1 1 0 0 0 0 0 0 2 
0 1 1 1 1 1 1 1 0 0 
1 0 1 1 1 1 0 0 0 1 
1 1 0 1 1 1 1 1 1 0 
1 0 1 0 1 0 0 0 0 0 
0 0 0 0 0 0 2 0 0 1 
1 1 1 1 2 0 0 0 0 1 
1 1 0 0 1 0 0 0 0 1 
1 1 1 1 0 1 1 0 0 0 
1 1 1 1 0 1 1 0 0 1 
1 1 1 1 1 2 0 0 0 0 
1 0 1 1 1 1 0 0 0 0 
1 1 1 0 0 0 0 0 2 0 
0 1 1 1 1 1 0 0 0 0 
1 1 1 0 0 0 0 0 2 1 
1 1 1 1 1 0 2 0 0 1 
1 1 1 1 0 0 0 2 0 0 
0 0 0 0 1 0 0 1 0 0 
1 1 1 1 0 0 0 2 0 1 
1 1 0 1 1 1 1 0 0 0 
1 1 1 1 0 1 1 0 1 0 
2 1 0 0 0 0 0 0 0 0 
1 1 1 0 2 0 0 0 0 1 
1 0 0 0 0 0 0 2 0 1 
1 0 0 0 0 0 0 2 0 0 
1 1 1 0 0 0 1 0 0 0 
1 1 1 0 0 0 1 0 0 1 
1 2 0 0 0 0 0 0 0 0 
1 0 0 0 0 1 0 0 0 0 
1 1 0 2 0 0 0 0 0 1 
1 1 0 2 0 0 0 0 0 0 
1 1 0 1 1 1 0 0 0 0 
1 0 0 0 0 1 0 0 0 1 
1 1 1 1 1 1 0 2 0 1 
1 1 1 1 1 1 0 2 0 0 
1 1 0 0 1 0 0 0 0 0 
0 0 1 0 0 0 0 0 0 0 
1 1 0 0 0 1 0 1 0 0 
1 1 0 0 1 0 0 1 0 0 
1 1 0 0 0 2 0 0 0 0 
1 0 2 0 0 0 0 0 0 0 
1 1 0 1 1 1 1 1 0 0 
0 0 0 0 0 0 0 0 1 1 
1 1 0 0 0 0 0 2 0 1 
1 1 0 0 0 0 0 2 0 0 
0 1 1 1 0 0 0 0 0 0 
1 0 1 1 0 0 0 0 0 0 
1 0 1 0 1 1 0 0 0 0 
1 1 1 1 1 0 1 0 0 1 
1 1 1 1 1 0 1 0 0 0 
1 0 0 0 0 1 0 1 0 0 
1 1 0 0 0 1 0 0 0 0 
0 0 0 0 0 0 0 0 2 1 
0 0 0 0 0 0 0 0 2 0 
1 1 0 0 0 1 0 0 0 1 
0 0 0 0 0 0 0 0 0 1 
0 0 0 0 0 0 0 0 0 0 
0 1 1 1 1 0 0 0 0 0 
0 0 0 0 0 0 0 0 0 2 
1 1 1 1 1 1 2 0 0 1 
1 1 1 1 1 0 1 1 0 1 
1 1 1 0 0 0 2 0 0 1 
1 0 1 0 1 1 1 1 0 0 
1 1 1 1 1 0 1 1 1 1 
1 1 1 1 1 0 1 1 1 0 
1 1 1 1 1 0 0 0 2 1 
1 1 1 1 1 0 0 0 2 0 
1 0 1 1 1 0 0 0 0 0 
1 0 1 1 1 0 0 0 0 1 
0 0 0 0 0 0 0 0 1 0 
1 1 0 1 0 1 0 0 0 0 
0 0 0 0 0 0 1 0 0 1 
0 0 0 1 0 0 0 0 0 1 
0 0 0 1 0 0 0 0 0 0 
0 0 0 0 1 0 0 0 0 0 
1 0 1 1 1 1 1 0 0 1 
1 0 1 1 1 1 1 0 0 0 
1 1 0 0 0 0 0 1 0 1 
1 1 0 0 0 0 0 1 0 0 
0 1 1 1 1 1 1 0 0 0 
1 0 1 0 1 1 1 1 1 0 
1 0 1 1 0 1 1 0 0 0 
1 0 1 1 1 1 1 1 1 1 
1 0 1 1 1 1 1 1 1 0 
0 0 0 2 0 0 0 0 0 1 
0 0 0 2 0 0 0 0 0 0 
0 0 1 0 0 1 0 0 0 0 
0 1 1 1 1 1 1 1 1 0 
1 0 1 1 0 0 0 0 0 1 
1 0 1 0 1 1 1 0 0 0 
0 0 0 0 1 0 0 0 0 1 
1 0 1 1 1 1 1 1 0 1 
1 1 1 1 1 0 1 0 1 0 
0 0 0 0 0 0 1 0 0 0 
1 0 1 1 0 1 0 0 0 0 
1 1 1 1 1 1 1 0 0 0 
1 1 1 1 1 1 1 1 2 1 
1 1 1 1 1 1 1 1 2 0 
1 1 1 1 0 0 2 0 0 1 
2 0 0 0 0 0 0 0 0 0 
1 1 1 1 1 0 0 1 0 1 
1 1 1 1 1 0 0 1 0 0 
1 1 0 0 0 0 0 0 0 2 
1 1 0 0 0 0 0 0 0 0 
1 1 0 0 0 0 0 0 0 1 
1 1 0 0 0 0 0 0 1 0 
1 0 0 2 0 0 0 0 0 1 
1 0 0 2 0 0 0 0 0 0 
1 1 1 1 1 1 1 1 1 2 
1 1 1 1 1 1 1 1 1 1 
1 0 1 1 0 1 1 1 0 0 
1 0 0 0 1 0 0 0 0 1 
1 0 0 0 1 0 0 0 0 0 
0 0 0 0 0 0 0 2 0 1 
0 0 0 0 0 0 0 2 0 0 
1 1 1 1 1 1 1 1 1 0 
0 1 1 0 0 0 0 0 0 0 
1 1 1 1 1 1 0 0 2 1 
1 0 0 0 0 2 0 0 0 0 
1 1 1 1 1 1 0 0 2 0 
0 2 0 0 0 0 0 0 0 0 
1 1 1 0 0 2 0 0 0 0 
0 0 0 0 0 1 0 0 0 1 
0 0 0 0 0 1 0 0 0 0 
1 1 2 0 0 0 0 0 0 0 
1 0 1 0 0 0 0 0 0 1 
1 0 1 0 0 0 0 0 0 0 
0 0 0 0 2 0 0 0 0 1 
1 0 0 0 0 0 2 0 0 1 
1 1 1 1 1 1 1 1 0 1 
1 1 1 1 1 1 1 1 0 0 
1 1 1 1 1 1 0 0 1 1 
0 1 0 0 1 0 0 0 0 0 
1 1 1 1 1 1 1 1 0 2 
1 0 1 1 0 1 1 1 1 0 
1 1 1 1 1 1 1 0 2 0 
1 1 1 1 1 1 1 0 2 1 
1 1 1 1 1 0 0 0 0 2 
1 1 1 1 1 0 0 0 0 1 
1 1 0 0 0 0 1 0 0 0 
1 1 1 1 0 2 0 0 0 0 
1 1 1 1 1 0 1 1 0 0 
1 1 1 1 1 0 0 0 1 1 
1 1 1 1 1 0 0 0 1 0 
1 1 1 1 0 0 1 0 0 1 
1 1 1 0 1 0 0 0 0 1 
1 1 1 0 1 0 0 0 0 0 
1 1 1 2 0 0 0 0 0 0 
1 1 1 2 0 0 0 0 0 1 
1 1 1 0 0 1 0 1 0 0 
0 0 0 0 0 0 0 1 0 0 
0 0 0 0 0 0 0 1 0 1 
1 1 1 1 1 1 1 0 1 1 
1 1 1 1 1 1 1 0 1 0 
1 1 1 1 0 0 1 0 0 0 
1 1 0 0 0 0 0 0 1 1 
1 1 0 0 0 0 0 0 2 0 
1 1 0 0 0 0 0 0 2 1 
1 1 1 1 1 0 0 0 0 0 
1 1 0 1 0 0 0 0 0 0 
1 1 0 1 0 0 0 0 0 1 
1 1 1 1 1 1 1 0 0 2 
1 1 1 1 1 1 1 0 0 1 
1 1 1 1 0 1 0 1 0 0 
1 1 1 1 0 0 0 0 2 0 
0 1 0 1 0 0 0 0 0 0 
1 1 1 1 0 0 0 0 2 1 
1 1 1 0 1 1 1 1 1 1 
1 1 1 0 1 1 1 1 1 0 
1 1 1 0 0 0 0 2 0 0 
1 1 1 0 0 0 0 2 0 1 
1 1 1 0 1 1 1 1 0 1 
1 0 0 0 0 0 1 0 0 1 
1 0 0 0 0 0 1 0 0 0 
1 1 0 1 1 0 1 0 0 0 
1 1 1 1 0 0 0 0 1 1 
1 1 1 1 1 1 0 1 0 0 
1 1 1 0 1 0 0 1 0 0 
1 1 1 1 1 1 0 1 0 1 
1 1 1 0 0 1 0 0 0 0 
1 1 1 0 0 1 0 0 0 1 
1 0 1 0 0 1 0 0 0 0 
1 1 1 1 0 0 0 0 1 0 
1 1 1 0 1 1 1 0 0 1 
1 1 1 0 1 1 1 0 0 0 
1 1 0 0 0 0 1 0 0 1 
1 0 0 1 0 0 0 0 0 0 
1 0 0 1 0 0 0 0 0 1 
1 1 1 1 0 0 0 0 0 2 
1 0 0 0 0 0 0 0 2 1 
1 1 1 1 0 0 0 0 0 0 
1 1 1 1 0 0 0 0 0 1 
1 0 0 0 0 0 0 0 2 0 
0 0 0 0 0 2 0 0 0 0 
1 1 1 1 0 1 0 0 0 0 
1 1 1 1 1 1 0 0 1 0 
1 1 1 1 0 1 0 0 0 1 
1 1 0 0 2 0 0 0 0 1 
1 1 1 1 1 0 0 2 0 1 
1 0 0 0 0 0 0 0 0 1 
1 1 0 1 1 0 0 0 0 0 
1 1 1 1 1 0 0 2 0 0 
1 0 0 0 0 0 0 0 0 2 
1 1 1 0 1 1 0 0 0 0 
1 1 1 0 0 0 0 1 0 0 
1 1 1 0 0 0 0 1 0 1 
1 0 0 0 0 0 0 0 1 0 
1 0 0 0 0 0 0 0 1 1 
1 1 1 1 1 1 0 0 0 1 
1 1 1 1 1 1 0 0 0 0 
1 1 1 1 1 1 0 0 0 2 
0 0 2 0 0 0 0 0 0 0 
1 0 0 0 1 0 0 1 0 0 
0 1 0 0 0 0 0 0 0 0 
1 1 1 1 0 1 1 1 0 0 
1 1 1 1 0 1 1 1 0 1 
0 1 0 0 0 0 0 0 0 1 
1 1 0 1 1 0 1 1 0 0 
1 1 1 0 1 1 1 1 0 0 
0 0 0 0 0 1 0 1 0 0 
1 1 1 0 0 0 0 0 0 0 
1 1 0 0 0 0 2 0 0 1 
1 1 1 0 1 1 0 0 0 1 
1 1 1 1 0 0 0 1 0 1 
1 0 0 0 0 0 0 0 0 0 
1 1 0 1 1 0 1 1 1 0 
1 1 1 1 0 0 0 1 0 0 
1 1 1 1 1 1 1 2 0 0 
1 1 1 1 1 1 0 1 1 1 
1 1 1 1 1 1 0 1 1 0 
1 1 1 1 1 1 1 2 0 1 
MFS
[ - , - , - , - , - , - , - , - , - , 0 ]
[ - , - , - , - , - , - , - , - , - , 1 ]
[ - , - , - , - , - , - , - , - , - , 2 ]
precise
0.0
recall
0.0
F-measure
0.0
multi
36
time
all 1476 iden 0 gen 155
t-cover
0
all-cover
405
coveredNum
(1 : 405)  
real Identify

testCase Num: 246
regaular Num: 36
identify Num: 212
1 1 1 1 0 1 1 1 1 0 
1 1 1 1 0 1 1 1 1 1 
1 1 1 1 0 1 1 1 1 2 
1 0 0 0 2 0 0 0 0 0 
1 0 0 0 0 0 0 1 0 0 
1 0 1 1 1 1 1 1 0 0 
1 0 0 0 0 0 0 1 0 1 
1 1 1 0 0 0 0 0 1 0 
1 1 1 0 0 0 0 0 0 1 
1 1 1 0 0 0 0 0 0 2 
0 1 1 1 1 1 1 1 0 1 
1 0 1 1 1 1 0 0 0 1 
1 0 1 1 1 1 0 0 0 2 
1 1 0 1 1 1 1 1 1 0 
1 1 0 1 1 1 1 1 1 1 
1 1 0 1 1 1 1 1 1 2 
1 1 1 1 2 0 0 0 0 0 
1 1 0 0 1 0 0 0 0 2 
1 1 0 0 1 0 0 0 0 1 
1 1 1 1 0 1 1 0 0 0 
1 1 1 1 1 2 0 0 0 2 
1 1 1 1 0 1 1 0 0 1 
1 1 1 1 1 2 0 0 0 0 
1 1 1 1 0 1 1 0 0 2 
1 0 1 1 1 1 0 0 0 0 
0 1 1 1 1 1 0 0 0 1 
1 1 1 0 0 0 0 0 2 2 
1 1 1 0 0 0 0 0 1 2 
1 1 1 0 1 1 0 1 0 1 
1 1 1 1 1 0 2 0 0 2 
1 1 1 1 0 0 0 2 0 1 
1 1 0 1 1 1 1 0 0 0 
2 1 0 0 0 0 0 0 0 1 
1 1 0 1 1 1 1 0 0 1 
1 1 0 1 1 1 1 0 0 2 
1 1 1 0 2 0 0 0 0 0 
0 0 0 0 1 1 0 0 0 2 
1 0 0 0 0 0 0 2 0 1 
1 1 1 0 0 0 1 0 0 0 
1 2 0 0 0 0 0 0 0 1 
1 2 0 0 0 0 0 0 0 0 
1 0 0 0 0 1 0 0 0 0 
1 1 0 2 0 0 0 0 0 1 
1 1 0 1 1 1 0 0 0 0 
1 0 0 0 0 1 0 0 0 1 
1 1 0 1 1 1 0 0 0 1 
1 1 1 1 1 1 0 2 0 1 
1 0 0 0 0 1 0 0 0 2 
1 1 0 1 1 1 0 0 0 2 
1 1 0 0 1 0 0 0 0 0 
0 0 1 0 0 0 0 0 0 0 
0 0 1 0 0 0 0 0 0 1 
0 0 0 0 0 0 2 0 0 2 
0 0 1 0 0 0 0 0 0 2 
1 1 0 0 0 2 0 0 0 0 
1 1 0 0 0 2 0 0 0 2 
1 1 1 0 0 0 1 0 0 2 
1 1 0 1 1 1 1 1 0 0 
1 1 0 1 1 1 1 1 0 1 
1 1 0 1 1 1 1 1 0 2 
0 0 0 0 0 0 0 0 1 2 
0 0 0 1 0 0 0 1 0 1 
1 0 1 1 1 0 0 0 0 2 
1 1 1 1 1 0 1 1 1 2 
1 1 0 0 0 0 0 2 0 1 
1 0 1 1 0 0 0 0 0 0 
0 1 1 1 0 0 0 0 0 1 
1 0 1 0 0 0 1 0 0 2 
1 1 1 1 1 0 1 0 0 1 
1 1 1 1 1 0 1 0 0 0 
1 1 1 1 1 1 2 0 0 2 
1 1 0 0 0 1 0 0 0 0 
1 1 0 1 1 1 0 1 0 2 
1 1 0 0 0 1 0 0 0 2 
1 1 0 0 0 1 0 0 0 1 
0 0 0 0 0 0 0 0 0 1 
0 1 1 1 1 0 0 0 0 1 
0 0 0 0 0 0 0 0 0 0 
0 0 0 0 0 0 0 0 0 2 
1 1 1 1 1 0 1 1 0 2 
1 1 1 1 1 0 1 1 0 1 
1 1 1 1 1 0 0 0 1 2 
1 1 1 0 0 0 2 0 0 2 
1 1 0 0 1 1 0 0 0 2 
1 1 1 1 1 0 1 1 1 1 
1 1 1 1 1 0 0 0 2 2 
1 1 1 1 1 0 1 1 1 0 
1 0 1 1 1 1 1 0 0 2 
1 0 1 1 1 0 0 0 0 0 
1 0 1 1 1 0 0 0 0 1 
1 1 0 1 1 1 0 1 1 2 
0 0 0 0 0 0 0 0 1 0 
0 0 0 0 0 0 1 0 0 2 
0 0 0 1 0 0 0 0 0 1 
0 0 0 0 1 0 0 0 0 0 
1 0 1 1 1 1 1 0 0 1 
1 0 1 1 1 1 1 0 0 0 
1 0 1 0 0 0 0 0 0 2 
1 1 0 0 0 0 0 1 0 1 
1 1 0 0 0 0 0 1 0 0 
0 1 1 1 1 1 1 0 0 1 
1 0 1 1 1 1 1 1 1 2 
0 0 0 0 0 0 0 0 2 2 
1 0 1 1 1 1 1 1 1 1 
1 0 1 1 1 1 1 1 1 0 
1 1 1 1 1 0 1 0 0 2 
0 0 0 2 0 0 0 0 0 1 
1 0 1 1 0 0 0 0 0 2 
1 0 1 1 0 0 0 0 0 1 
0 1 1 1 1 1 1 1 1 1 
0 0 0 0 1 0 0 0 0 2 
1 0 1 1 1 1 1 1 0 2 
1 0 1 1 1 1 1 1 0 1 
0 0 0 0 1 0 0 0 0 1 
1 1 1 1 0 0 2 0 0 2 
0 0 0 0 0 0 1 0 0 0 
1 1 1 1 1 1 1 0 0 0 
1 1 1 1 1 0 0 1 0 1 
1 1 1 1 1 0 0 1 0 0 
2 0 0 0 0 0 0 0 0 1 
1 1 0 0 0 0 0 0 0 2 
1 1 0 0 0 0 0 0 0 0 
1 1 0 0 0 0 0 0 0 1 
1 1 0 0 0 0 0 0 1 0 
1 0 0 2 0 0 0 0 0 1 
1 1 1 1 1 1 1 1 1 2 
1 1 1 1 1 1 1 1 1 1 
1 1 1 1 1 1 0 0 2 2 
1 0 0 0 1 0 0 0 0 1 
1 0 0 0 1 0 0 0 0 0 
0 0 0 0 0 0 0 2 0 1 
1 0 0 0 0 2 0 0 0 2 
1 1 1 1 1 1 1 1 1 0 
1 0 0 0 0 2 0 0 0 0 
0 1 1 0 0 0 0 0 0 1 
0 2 0 0 0 0 0 0 0 1 
0 2 0 0 0 0 0 0 0 0 
0 0 0 0 0 1 0 0 0 2 
1 1 1 0 0 2 0 0 0 0 
0 0 0 0 0 1 0 0 0 1 
0 0 0 0 0 1 0 0 0 0 
1 1 1 0 0 2 0 0 0 2 
0 0 0 0 2 0 0 0 0 0 
1 0 1 0 0 0 0 0 0 1 
1 0 0 0 0 0 2 0 0 2 
1 0 1 0 0 0 0 0 0 0 
1 1 0 1 0 0 0 1 0 1 
1 1 1 1 1 1 1 1 0 1 
1 1 1 1 1 1 0 0 1 2 
1 1 1 1 1 1 1 1 0 0 
1 1 1 1 1 1 1 1 0 2 
1 1 1 1 1 1 1 0 2 2 
1 1 1 1 1 0 0 0 0 2 
1 1 1 1 1 0 0 0 0 1 
1 1 1 0 1 1 1 0 1 1 
1 1 0 0 0 0 0 0 2 2 
1 1 0 0 0 0 1 0 0 0 
1 1 1 1 0 2 0 0 0 0 
1 1 1 1 1 0 1 1 0 0 
1 1 1 1 1 0 0 0 1 0 
1 1 1 1 0 2 0 0 0 2 
1 1 1 1 0 0 1 0 0 2 
1 1 1 1 1 1 1 0 1 2 
1 1 1 0 1 0 0 0 0 1 
1 1 1 0 1 0 0 0 0 0 
1 1 1 2 0 0 0 0 0 1 
1 0 0 0 1 0 0 0 0 2 
0 0 0 0 0 0 0 1 0 0 
0 0 0 0 0 0 0 1 0 1 
1 1 1 0 1 0 0 0 0 2 
1 1 1 1 1 1 1 0 1 1 
1 1 1 1 1 1 1 0 1 0 
1 1 1 1 0 0 1 0 0 0 
1 0 0 0 0 0 1 0 0 2 
1 1 0 0 0 0 0 0 1 2 
1 1 1 1 1 0 0 0 0 0 
1 1 0 1 0 0 0 0 0 0 
1 1 1 1 0 0 0 0 2 2 
1 1 0 1 0 0 0 0 0 2 
1 1 0 1 0 0 0 0 0 1 
1 1 1 1 0 0 1 1 1 2 
1 1 1 1 1 1 1 0 0 2 
1 1 1 1 1 1 1 0 0 1 
1 1 1 1 1 1 1 1 2 2 
1 1 1 0 1 1 1 1 1 1 
1 1 1 0 0 0 0 2 0 1 
1 1 1 0 1 1 1 1 0 1 
1 1 1 1 0 0 1 1 0 2 
1 0 0 0 0 0 1 0 0 0 
1 1 1 1 0 0 0 0 1 2 
1 1 1 1 1 1 0 1 0 0 
1 1 1 1 1 1 0 1 0 2 
1 1 1 1 1 1 0 1 0 1 
1 1 1 0 0 1 0 0 0 2 
1 1 1 0 0 1 0 0 0 0 
1 1 1 0 0 1 0 0 0 1 
1 1 1 0 1 0 0 1 0 1 
1 1 1 1 0 0 0 0 1 0 
1 0 0 0 0 0 0 0 1 2 
1 1 0 1 1 0 1 0 0 2 
1 1 1 0 1 1 1 0 0 1 
1 1 0 0 0 0 1 0 0 2 
1 0 0 1 0 0 0 0 0 1 
1 1 1 1 0 0 0 0 0 2 
1 0 0 0 0 0 0 0 2 2 
1 1 1 1 0 0 0 0 0 0 
1 1 1 1 0 0 0 0 0 1 
0 0 0 0 0 2 0 0 0 2 
0 0 0 0 0 2 0 0 0 0 
0 0 1 0 0 0 1 0 0 2 
1 1 1 1 0 1 0 0 0 0 
1 1 1 1 1 1 0 0 1 0 
1 1 0 0 2 0 0 0 0 0 
1 1 1 1 0 1 0 0 0 1 
1 1 1 1 0 1 0 0 0 2 
1 1 0 1 1 0 0 0 0 2 
1 1 1 1 1 0 0 2 0 1 
1 0 0 0 0 0 0 0 0 1 
1 1 0 1 1 0 0 0 0 0 
1 1 0 1 1 0 0 0 0 1 
1 0 0 0 0 0 0 0 0 2 
1 1 0 0 0 0 2 0 0 2 
1 1 1 0 0 0 0 1 0 0 
1 1 1 0 0 0 0 1 0 1 
1 0 0 0 0 0 0 0 1 0 
1 1 0 1 0 0 1 0 0 2 
1 1 1 1 1 1 0 0 0 1 
1 1 1 1 1 1 0 0 0 0 
1 1 1 1 1 1 0 0 0 2 
0 1 0 0 0 0 0 0 0 0 
1 1 1 1 0 1 1 1 0 0 
1 1 1 1 0 1 1 1 0 1 
0 1 0 0 0 0 0 0 0 2 
0 1 0 0 0 0 0 0 0 1 
1 1 1 1 0 1 1 1 0 2 
1 0 0 0 1 1 0 0 0 2 
1 1 1 0 0 0 0 0 0 0 
1 0 0 1 0 0 0 1 0 1 
1 1 1 0 1 1 0 0 0 2 
1 1 1 0 1 1 0 0 0 1 
1 1 1 1 0 0 0 1 0 1 
1 0 0 0 0 0 0 0 0 0 
1 1 1 1 0 0 0 1 0 0 
1 1 1 1 1 1 0 1 1 0 
1 1 1 1 1 1 1 2 0 1 
1 1 1 1 1 1 0 1 1 2 
MFS
[ - , - , - , - , - , - , - , - , - , 0 ]
[ - , - , - , - , - , - , - , - , - , 1 ]
[ - , - , - , - , - , - , - , - , - , 2 ]
precise
0.0
recall
0.0
F-measure
0.0
multi
36
time
all 1482 iden 0 gen 158
t-cover
0
all-cover
405
coveredNum
(1 : 405)  
real Identify

testCase Num: 243
regaular Num: 36
identify Num: 211
1 1 1 1 0 1 1 1 1 1 
1 1 1 1 0 1 1 1 1 2 
1 0 0 0 0 0 0 1 0 0 
1 0 1 1 1 1 1 1 0 0 
1 0 0 0 2 0 0 0 0 1 
1 0 0 0 0 0 0 1 0 1 
1 0 0 0 2 0 0 0 0 2 
1 1 1 0 0 0 0 0 1 0 
1 1 1 0 0 0 0 0 1 1 
1 1 1 0 0 0 0 0 0 1 
1 1 1 0 0 0 0 0 0 2 
0 1 1 1 1 1 1 1 0 1 
0 1 1 1 1 1 1 1 0 2 
1 0 1 1 1 1 0 0 0 1 
1 1 0 1 1 1 1 1 1 0 
1 1 0 1 1 1 1 1 1 1 
1 1 0 1 1 1 1 1 1 2 
0 0 0 0 0 0 2 0 0 0 
1 1 1 1 2 0 0 0 0 1 
1 1 0 0 1 0 0 0 0 2 
1 1 0 0 1 0 0 0 0 1 
1 1 1 1 0 1 1 0 0 1 
1 1 1 1 0 1 1 0 0 2 
1 0 1 1 1 1 0 0 0 0 
0 1 1 1 1 1 0 0 0 2 
1 1 1 0 0 0 0 0 2 0 
0 1 1 1 1 1 0 0 0 1 
1 1 1 0 0 0 0 0 2 2 
1 1 1 0 0 0 0 0 1 2 
1 1 1 1 1 0 2 0 0 0 
1 1 1 1 1 0 2 0 0 2 
1 1 1 1 0 0 0 2 0 0 
1 1 0 1 1 1 1 0 0 0 
2 1 0 0 0 0 0 0 0 1 
1 1 0 1 1 1 1 0 0 1 
1 1 0 1 1 1 1 0 0 2 
1 1 1 0 2 0 0 0 0 2 
1 1 1 0 2 0 0 0 0 1 
1 0 0 0 0 0 0 2 0 0 
1 1 1 0 0 0 1 0 0 0 
1 1 0 0 1 1 1 0 0 1 
1 1 0 2 0 0 0 0 0 1 
1 1 0 1 1 1 0 0 0 0 
1 0 0 0 0 1 0 0 0 1 
1 1 0 1 1 1 0 0 0 1 
1 1 1 1 1 1 0 2 0 0 
1 1 0 1 1 1 0 0 0 2 
0 0 1 0 0 0 0 0 0 0 
1 1 0 2 0 0 0 0 0 2 
0 0 1 0 0 0 0 0 0 1 
0 0 0 0 0 0 2 0 0 2 
0 0 1 0 0 0 0 0 0 2 
1 1 1 0 0 0 1 0 0 2 
1 0 2 0 0 0 0 0 0 0 
1 1 0 0 1 1 1 1 1 1 
1 0 2 0 0 0 0 0 0 2 
1 1 0 1 1 1 1 1 0 0 
1 1 0 1 1 1 1 1 0 1 
1 1 0 1 1 1 1 1 0 2 
0 0 0 0 0 0 0 0 1 2 
0 0 0 0 0 0 0 0 1 1 
1 1 0 0 0 0 0 2 0 0 
1 0 1 1 0 0 0 0 0 0 
0 1 1 1 0 0 0 0 0 1 
0 1 1 1 0 0 0 0 0 2 
1 1 0 0 1 1 1 1 0 1 
1 1 1 1 1 0 1 0 0 1 
1 1 1 1 1 0 1 0 0 0 
1 1 1 1 1 1 2 0 0 2 
0 0 0 0 0 0 0 0 2 0 
1 1 0 0 0 1 0 0 0 1 
0 0 0 0 0 0 0 0 0 1 
0 1 1 1 1 0 0 0 0 1 
0 0 0 0 0 0 0 0 0 0 
0 0 0 0 0 0 0 0 0 2 
0 1 1 1 1 0 0 0 0 2 
1 1 1 1 1 1 2 0 0 0 
1 1 1 1 1 0 1 1 0 1 
1 1 1 1 1 0 0 0 1 2 
1 1 1 0 0 0 2 0 0 0 
1 1 1 0 0 0 2 0 0 2 
1 1 0 0 1 1 0 0 0 1 
1 1 1 1 1 0 1 1 1 1 
1 1 1 1 1 0 0 0 2 2 
1 1 1 1 1 0 0 0 2 0 
1 0 1 1 1 0 0 0 0 0 
1 0 1 1 1 0 0 0 0 1 
0 0 0 0 0 0 0 0 1 0 
0 0 0 0 0 0 1 0 0 2 
0 0 0 1 0 0 0 0 0 2 
0 0 0 1 0 0 0 0 0 1 
1 0 1 1 1 1 1 0 0 1 
1 0 1 1 1 1 1 0 0 0 
1 0 1 0 0 0 0 0 0 2 
1 1 0 0 0 0 0 1 0 1 
1 1 0 0 0 0 0 1 0 0 
0 1 1 1 1 1 1 0 0 1 
0 1 1 1 1 1 1 0 0 2 
1 1 1 1 2 0 0 0 0 2 
0 0 0 0 0 0 0 0 2 2 
0 0 0 2 0 0 0 0 0 2 
1 0 1 1 1 1 1 1 1 1 
1 0 1 1 1 1 1 1 1 0 
1 1 1 1 1 0 1 0 0 2 
0 0 0 2 0 0 0 0 0 1 
1 0 1 1 0 0 0 0 0 1 
0 1 1 1 1 1 1 1 1 1 
0 1 1 1 1 1 1 1 1 2 
0 0 0 0 1 0 0 0 0 2 
0 0 0 0 1 0 0 0 0 1 
1 0 1 1 1 1 1 1 0 1 
1 1 1 1 0 0 2 0 0 2 
0 0 0 0 0 0 1 0 0 0 
1 1 1 1 1 1 1 0 0 0 
1 1 1 1 1 1 1 1 2 0 
1 1 1 1 0 0 2 0 0 0 
1 1 1 1 1 0 0 1 0 1 
1 1 1 1 1 0 0 1 0 0 
2 0 0 0 0 0 0 0 0 1 
1 1 0 0 0 0 0 0 0 2 
1 1 0 0 0 0 0 0 0 0 
1 1 0 0 0 0 0 0 0 1 
1 1 0 0 0 0 0 0 1 0 
1 1 2 0 0 0 0 0 0 2 
1 0 0 2 0 0 0 0 0 2 
1 0 0 2 0 0 0 0 0 1 
1 1 1 1 1 1 1 1 1 2 
1 1 1 1 1 1 1 1 1 1 
1 1 1 1 1 1 0 0 2 2 
1 0 0 0 1 0 0 0 0 1 
0 0 0 0 0 0 0 2 0 0 
0 1 1 0 0 0 0 0 0 2 
1 1 1 1 1 1 1 1 1 0 
1 1 1 1 1 1 0 0 2 0 
0 1 1 0 0 0 0 0 0 1 
0 0 0 0 0 1 0 0 0 1 
1 1 2 0 0 0 0 0 0 0 
1 0 1 0 0 0 0 0 0 1 
1 0 0 0 0 0 2 0 0 2 
1 0 1 0 0 0 0 0 0 0 
0 0 0 0 2 0 0 0 0 1 
1 0 0 0 0 0 2 0 0 0 
1 1 1 1 1 1 1 1 0 1 
1 1 1 1 1 1 0 0 1 2 
1 1 1 1 1 1 1 1 0 0 
1 1 1 1 1 1 0 0 1 1 
1 1 1 1 1 1 1 1 0 2 
1 1 1 1 1 1 1 0 2 0 
1 1 1 1 1 1 1 0 2 2 
0 0 1 1 0 0 0 0 0 1 
1 1 1 1 1 0 0 0 0 2 
0 0 0 0 2 0 0 0 0 2 
1 1 1 1 1 0 0 0 0 1 
1 1 0 0 0 0 0 0 2 2 
1 1 0 0 0 0 1 0 0 0 
1 1 1 0 1 1 1 0 0 2 
1 1 1 1 1 0 0 0 1 1 
1 1 1 1 1 0 0 0 1 0 
1 1 1 1 0 0 1 0 0 2 
1 1 1 1 1 1 1 0 1 2 
1 1 1 0 1 0 0 0 0 1 
1 1 1 2 0 0 0 0 0 1 
1 0 0 0 1 0 0 0 0 2 
1 1 1 2 0 0 0 0 0 2 
0 0 0 0 0 0 0 1 0 0 
0 0 0 0 0 0 0 1 0 1 
1 1 1 0 1 0 0 0 0 2 
1 1 1 1 1 1 1 0 1 1 
1 1 1 1 1 1 1 0 1 0 
1 1 1 1 0 0 1 0 0 0 
1 0 0 0 0 0 1 0 0 2 
1 1 0 0 0 0 0 0 1 1 
1 1 0 0 0 0 0 0 1 2 
1 1 0 0 0 0 0 0 2 0 
1 1 1 1 1 0 0 0 0 0 
1 1 0 1 0 0 0 0 0 0 
2 0 0 0 0 0 0 0 0 2 
1 1 0 1 0 0 0 0 0 2 
1 1 1 1 0 0 0 0 2 2 
1 1 0 1 0 0 0 0 0 1 
1 1 1 1 1 1 1 0 0 2 
1 1 1 1 1 1 1 0 0 1 
1 1 1 1 1 1 1 1 2 2 
1 1 1 1 0 0 0 0 2 0 
1 1 1 0 1 1 1 1 1 1 
1 1 1 0 0 0 0 2 0 0 
1 1 1 0 1 1 1 1 0 2 
1 1 1 0 1 1 1 1 0 1 
1 0 0 0 0 0 1 0 0 0 
1 1 1 1 0 0 0 0 1 1 
1 1 1 1 0 0 0 0 1 2 
1 1 1 1 1 1 0 1 0 0 
1 1 1 1 1 1 0 1 0 2 
1 1 1 1 1 1 0 1 0 1 
1 1 1 0 0 1 0 0 0 1 
0 0 2 0 0 0 0 0 0 2 
1 1 1 1 0 0 0 0 1 0 
1 0 0 0 0 0 0 0 1 2 
1 1 1 0 1 1 1 0 0 1 
1 1 0 0 0 0 1 0 0 2 
1 0 0 1 0 0 0 0 0 1 
1 0 0 1 0 0 0 0 0 2 
1 1 1 0 1 1 1 1 1 2 
1 1 1 1 0 0 0 0 0 2 
1 0 0 0 0 0 0 0 2 2 
1 1 1 1 0 0 0 0 0 0 
1 1 1 1 0 0 0 0 0 1 
1 0 0 0 0 0 0 0 2 0 
1 1 1 1 1 1 0 0 1 0 
1 1 1 1 0 1 0 0 0 1 
1 1 0 0 2 0 0 0 0 1 
1 1 1 1 0 1 0 0 0 2 
1 1 0 1 1 0 0 0 0 2 
1 1 0 1 1 0 0 0 0 0 
1 0 0 0 0 0 0 0 0 1 
1 1 1 1 1 0 0 2 0 0 
1 0 0 0 0 0 0 0 0 2 
1 1 0 1 1 0 0 0 0 1 
1 1 0 0 0 0 2 0 0 2 
1 1 1 0 0 0 0 1 0 0 
1 1 1 0 0 0 0 1 0 1 
1 0 0 0 0 0 0 0 1 0 
1 0 0 0 0 0 0 0 1 1 
1 1 1 1 1 1 0 0 0 1 
1 1 1 1 1 1 0 0 0 0 
1 1 1 1 1 1 0 0 0 2 
0 0 2 0 0 0 0 0 0 0 
0 1 0 0 0 0 0 0 0 0 
1 1 1 1 0 1 1 1 0 1 
0 1 0 0 0 0 0 0 0 2 
0 1 0 0 0 0 0 0 0 1 
1 1 1 1 0 1 1 1 0 2 
1 1 1 0 0 0 0 0 0 0 
1 1 0 0 0 0 2 0 0 0 
1 1 1 0 1 1 0 0 0 2 
1 1 1 0 1 1 0 0 0 1 
1 1 1 1 0 0 0 1 0 1 
1 0 0 0 0 0 0 0 0 0 
1 1 1 1 0 0 0 1 0 0 
1 1 1 1 1 1 1 2 0 0 
1 1 0 0 2 0 0 0 0 2 
1 1 1 1 1 1 0 1 1 0 
1 1 1 1 1 1 0 1 1 2 
MFS
[ - , - , - , - , - , - , - , - , - , 0 ]
[ - , - , - , - , - , - , - , - , - , 1 ]
[ - , - , - , - , - , - , - , - , - , 2 ]
precise
0.0
recall
0.0
F-measure
0.0
multi
36
time
all 1394 iden 0 gen 158
t-cover
0
all-cover
405
coveredNum
(1 : 405)  
real Identify

testCase Num: 259
regaular Num: 36
identify Num: 223
1 1 1 1 0 1 1 1 1 0 
1 1 1 1 0 1 1 1 1 1 
1 1 1 1 0 1 1 1 1 2 
1 0 0 0 0 0 0 1 0 2 
1 0 0 0 0 0 0 1 0 0 
1 0 1 1 1 1 1 1 0 0 
1 0 0 0 2 0 0 0 0 1 
1 0 0 0 0 0 0 1 0 1 
1 1 1 0 0 0 0 0 1 0 
1 1 1 0 0 0 0 0 1 1 
1 1 1 0 0 0 0 0 0 1 
1 1 1 0 0 0 0 0 0 2 
1 0 1 1 1 1 0 0 0 1 
1 0 1 1 1 1 0 0 0 2 
1 1 0 1 1 1 1 1 1 1 
1 1 0 1 1 1 1 1 1 2 
0 0 0 0 0 0 2 0 0 1 
1 1 1 1 2 0 0 0 0 1 
1 1 0 0 1 0 0 0 0 2 
1 1 0 0 1 0 0 0 0 1 
1 1 1 1 0 1 1 0 0 0 
1 1 1 1 1 2 0 0 0 2 
1 1 1 1 0 1 1 0 0 1 
1 1 1 1 0 1 1 0 0 2 
1 0 1 1 1 1 0 0 0 0 
1 1 1 0 0 0 0 0 2 1 
1 1 1 0 0 0 0 0 2 2 
1 1 1 0 0 0 0 0 1 2 
1 1 1 0 0 0 1 1 0 2 
1 1 1 1 1 0 2 0 0 1 
1 1 1 1 0 0 0 2 0 2 
1 1 1 1 0 0 0 2 0 0 
1 1 0 1 1 1 1 0 0 1 
1 1 0 1 1 1 1 0 0 2 
0 0 0 0 1 1 0 0 0 1 
1 1 1 0 2 0 0 0 0 1 
1 0 0 0 0 0 0 2 0 2 
1 0 0 0 0 0 0 2 0 0 
1 1 1 0 0 0 1 0 0 0 
1 1 1 0 0 0 1 0 0 1 
1 2 0 0 0 0 0 0 0 0 
1 0 0 0 0 1 0 0 0 0 
1 0 0 0 0 1 0 0 0 1 
1 1 0 1 1 1 0 0 0 1 
1 0 0 0 0 1 0 0 0 2 
1 1 1 1 1 1 0 2 0 0 
1 1 0 1 1 1 0 0 0 2 
1 1 0 0 1 0 0 0 0 0 
1 1 1 1 1 1 0 2 0 2 
0 0 1 0 0 0 0 0 0 1 
0 0 1 0 0 0 0 0 0 2 
1 1 0 0 0 2 0 0 0 2 
1 1 1 0 0 0 1 0 0 2 
1 1 0 1 1 1 1 1 0 1 
1 1 0 1 1 1 1 1 0 2 
0 0 0 0 0 0 0 0 1 2 
0 0 0 0 0 0 0 0 1 1 
0 0 0 0 0 0 1 1 0 2 
1 0 1 1 1 0 0 0 0 2 
1 1 0 0 0 0 0 2 0 2 
1 1 1 1 1 0 1 1 1 2 
1 1 0 0 0 0 0 2 0 0 
1 0 1 1 0 0 0 0 0 0 
1 1 1 1 1 0 1 0 0 1 
1 1 1 1 1 0 1 0 0 0 
1 1 0 0 0 1 0 0 0 0 
0 0 0 0 0 0 0 0 2 1 
1 1 0 0 0 1 0 0 0 2 
1 1 0 0 0 1 0 0 0 1 
0 0 0 0 0 0 0 0 0 1 
0 0 0 0 0 0 0 0 0 0 
0 0 0 0 0 0 0 0 0 2 
1 1 1 1 1 1 2 0 0 1 
1 1 1 1 1 0 1 1 0 2 
1 1 1 1 1 0 1 1 0 1 
1 1 1 1 1 0 0 0 1 2 
1 1 1 0 0 0 2 0 0 1 
1 1 0 0 1 1 0 0 0 1 
1 1 1 1 1 0 1 1 1 1 
1 1 1 1 1 0 0 0 2 2 
1 1 1 1 1 0 1 1 1 0 
1 1 1 1 1 0 0 0 2 1 
1 0 1 1 1 1 1 0 0 2 
1 0 1 1 1 0 0 0 0 0 
1 0 1 1 1 0 0 0 0 1 
0 0 0 0 0 0 0 0 1 0 
0 0 0 0 0 0 1 0 0 2 
0 0 0 0 0 0 1 0 0 1 
0 0 0 1 0 0 0 0 0 2 
0 0 0 1 0 0 0 0 0 1 
0 0 0 1 0 0 0 0 0 0 
0 0 0 0 1 0 0 0 0 0 
1 0 1 1 1 1 1 0 0 1 
1 0 1 1 1 1 1 0 0 0 
1 0 1 0 0 0 0 0 0 2 
1 1 0 0 0 0 0 1 0 2 
1 1 0 0 0 0 0 1 0 1 
1 1 0 0 0 0 0 1 0 0 
1 0 1 1 1 1 1 1 1 2 
0 0 0 0 0 0 0 0 2 2 
1 0 1 1 1 1 1 1 1 1 
1 0 1 1 1 1 1 1 1 0 
1 1 1 1 1 0 1 0 0 2 
1 0 1 1 0 0 0 0 0 2 
1 0 1 1 0 0 0 0 0 1 
1 0 1 1 1 1 1 1 0 2 
0 0 0 0 1 0 0 0 0 2 
0 0 0 0 1 0 0 0 0 1 
1 0 1 1 1 1 1 1 0 1 
0 0 0 0 0 0 1 0 0 0 
1 1 1 1 1 1 1 0 0 0 
1 1 1 1 1 1 1 1 2 1 
1 1 1 1 0 0 2 0 0 1 
1 1 1 1 1 0 0 1 0 2 
1 1 1 1 1 0 0 1 0 1 
1 1 1 1 1 0 0 1 0 0 
1 1 0 0 0 0 0 0 0 2 
1 1 0 0 0 0 0 0 0 0 
1 1 0 0 0 0 0 0 0 1 
1 1 0 0 0 0 0 0 1 0 
1 1 1 1 1 1 1 1 1 2 
1 1 1 1 1 1 1 1 1 1 
1 1 1 1 1 1 0 0 2 2 
1 0 0 0 1 0 0 0 0 1 
1 0 0 0 1 0 0 0 0 0 
0 0 0 0 0 0 0 2 0 0 
0 0 0 0 0 0 0 2 0 2 
1 0 0 0 0 2 0 0 0 2 
1 1 1 1 1 1 1 1 1 0 
1 1 1 1 1 1 0 0 2 1 
0 2 0 0 0 0 0 0 0 0 
0 0 0 0 0 1 0 0 0 2 
0 0 0 0 0 1 0 0 0 1 
0 0 0 0 0 1 0 0 0 0 
1 1 1 0 0 2 0 0 0 2 
1 0 1 0 0 0 0 0 0 1 
1 0 1 0 0 0 0 0 0 0 
0 0 0 0 2 0 0 0 0 1 
1 0 0 0 0 0 2 0 0 1 
1 1 1 1 1 1 1 1 0 1 
1 1 1 1 1 1 0 0 1 2 
1 1 1 1 1 1 1 1 0 0 
1 1 1 1 1 1 0 0 1 1 
1 1 1 1 1 1 1 1 0 2 
1 1 1 1 1 1 1 0 2 2 
1 1 1 1 1 1 1 0 2 1 
1 1 1 1 1 0 0 0 0 2 
1 1 1 1 1 0 0 0 0 1 
1 1 0 0 0 0 0 0 2 2 
1 1 0 0 0 0 1 0 0 0 
1 1 1 0 1 1 1 0 0 2 
1 1 1 1 1 0 1 1 0 0 
1 1 1 1 1 0 0 0 1 1 
1 1 1 1 1 0 0 0 1 0 
1 1 1 1 0 0 1 0 0 1 
1 1 1 1 0 2 0 0 0 2 
1 1 1 1 0 0 1 0 0 2 
1 1 1 1 1 1 1 0 1 2 
1 1 1 0 1 0 0 0 0 1 
1 1 1 0 1 0 0 0 0 0 
1 0 0 0 1 0 0 0 0 2 
0 0 0 0 0 0 0 1 0 0 
0 0 0 0 0 0 0 1 0 2 
0 0 0 0 0 0 0 1 0 1 
1 1 1 0 1 0 0 0 0 2 
1 1 1 1 1 1 1 0 1 1 
1 1 1 1 1 1 1 0 1 0 
1 1 1 1 0 0 1 0 0 0 
1 0 0 0 0 0 1 0 0 2 
1 1 0 0 0 0 1 1 0 2 
1 1 0 0 0 0 0 0 1 1 
1 1 0 0 0 0 0 0 1 2 
1 1 0 0 0 0 0 0 2 1 
1 1 1 1 1 0 0 0 0 0 
1 1 0 1 0 0 0 0 0 0 
1 1 1 1 0 0 1 1 1 1 
1 1 0 1 0 0 0 0 0 2 
1 1 1 1 0 0 0 0 2 2 
1 1 0 1 0 0 0 0 0 1 
1 1 1 1 1 1 1 0 0 2 
1 1 1 1 1 1 1 0 0 1 
1 1 1 1 1 1 1 1 2 2 
1 1 1 1 0 0 0 0 2 1 
1 1 1 0 1 1 1 1 1 1 
1 1 1 0 1 1 1 1 1 0 
1 1 1 0 0 0 0 2 0 0 
1 1 1 0 1 1 1 1 0 2 
1 1 1 0 1 1 1 1 0 1 
1 1 1 0 0 0 0 2 0 2 
1 0 0 0 0 0 1 0 0 1 
1 1 1 1 0 0 1 1 0 2 
1 0 0 0 0 0 1 0 0 0 
1 1 1 1 0 0 0 0 1 1 
1 1 1 1 0 0 1 1 0 1 
1 1 1 1 0 0 0 0 1 2 
1 1 1 1 1 1 0 1 0 0 
1 1 1 1 1 1 0 1 0 2 
1 1 1 1 1 1 0 1 0 1 
1 1 1 0 0 1 0 0 0 2 
1 1 1 0 0 1 0 0 0 0 
1 1 1 0 0 1 0 0 0 1 
1 1 1 1 0 0 0 0 1 0 
1 0 0 0 0 0 0 0 1 2 
1 0 0 0 0 0 1 1 0 2 
1 1 1 0 1 1 1 0 0 1 
1 1 1 0 1 1 1 0 0 0 
1 1 0 0 0 0 1 0 0 2 
1 1 0 0 0 0 1 0 0 1 
1 0 0 1 0 0 0 0 0 0 
1 0 0 1 0 0 0 0 0 1 
1 0 0 1 0 0 0 0 0 2 
1 1 1 0 1 1 1 1 1 2 
1 1 1 1 0 0 0 0 0 2 
1 0 0 0 0 0 0 0 2 1 
1 0 0 0 0 0 0 0 2 2 
1 1 1 1 0 0 0 0 0 0 
1 1 1 1 0 0 0 0 0 1 
0 0 0 0 0 2 0 0 0 2 
1 1 1 1 0 1 0 0 0 0 
1 1 1 1 1 1 0 0 1 0 
1 1 1 1 0 1 0 0 0 1 
1 1 0 0 2 0 0 0 0 1 
1 1 1 1 0 1 0 0 0 2 
1 1 1 1 1 0 0 2 0 2 
1 1 0 1 1 0 0 0 0 2 
1 0 0 0 0 0 0 0 0 1 
1 1 1 1 1 0 0 2 0 0 
1 0 0 0 0 0 0 0 0 2 
1 1 0 1 1 0 0 0 0 1 
1 1 1 0 1 1 0 0 0 0 
1 1 1 0 0 0 0 1 0 0 
1 1 1 0 0 0 0 1 0 1 
1 1 1 0 0 0 0 1 0 2 
1 0 0 0 0 0 0 0 1 0 
1 0 0 0 0 0 0 0 1 1 
1 1 1 1 1 1 0 0 0 1 
1 1 1 1 1 1 0 0 0 0 
1 1 1 1 1 1 0 0 0 2 
0 1 0 0 0 0 0 0 0 0 
1 1 1 1 0 1 1 1 0 0 
1 1 1 1 0 1 1 1 0 1 
0 1 0 0 0 0 0 0 0 2 
0 1 0 0 0 0 0 0 0 1 
1 1 1 1 0 1 1 1 0 2 
1 1 1 0 1 1 1 1 0 0 
1 0 0 0 1 1 0 0 0 1 
1 1 1 0 0 0 0 0 0 0 
1 1 0 0 0 0 2 0 0 1 
1 1 1 0 1 1 0 0 0 2 
1 1 1 0 1 1 0 0 0 1 
1 1 1 1 0 0 0 1 0 1 
1 0 0 0 0 0 0 0 0 0 
1 1 1 1 0 0 0 1 0 2 
1 1 1 1 0 0 0 1 0 0 
1 1 1 1 1 1 1 2 0 0 
1 1 1 1 1 1 0 1 1 1 
1 1 1 1 1 1 0 1 1 0 
1 1 1 1 1 1 1 2 0 2 
1 1 1 1 1 1 0 1 1 2 
MFS
[ - , - , - , - , - , - , - , - , - , 0 ]
[ - , - , - , - , - , - , - , - , - , 1 ]
[ - , - , - , - , - , - , - , - , - , 2 ]
precise
0.0
recall
0.0
F-measure
0.0
multi
36
time
all 1387 iden 0 gen 192
t-cover
0
all-cover
405
coveredNum
(1 : 405)  
real Identify

testCase Num: 262
regaular Num: 36
identify Num: 228
1 1 1 1 0 1 1 1 1 1 
1 1 1 1 0 1 1 1 1 2 
1 0 0 0 0 0 0 1 0 2 
1 0 1 1 1 1 1 1 0 0 
1 0 0 0 0 0 0 1 0 0 
1 0 0 0 0 0 0 1 0 1 
1 1 1 0 0 0 0 0 1 0 
1 1 1 0 0 0 0 0 0 1 
1 1 1 0 0 0 0 0 0 2 
0 1 1 1 1 1 1 1 0 1 
1 0 1 1 1 1 0 0 0 1 
1 0 0 0 0 0 0 1 1 0 
1 0 1 1 1 1 0 0 0 2 
1 1 0 1 1 1 1 1 1 1 
1 1 0 1 1 1 1 1 1 2 
0 0 0 0 0 0 2 0 0 1 
1 1 0 0 1 0 0 0 0 2 
1 1 0 0 1 0 0 0 0 1 
1 1 1 1 1 2 0 0 0 2 
1 1 1 1 1 2 0 0 0 1 
1 1 1 1 0 1 1 0 0 1 
1 1 1 1 1 2 0 0 0 0 
1 1 1 1 0 1 1 0 0 2 
1 0 1 1 1 1 0 0 0 0 
1 1 1 0 0 0 0 0 2 0 
0 1 1 1 1 1 0 0 0 1 
1 1 1 0 0 0 0 0 2 2 
1 1 1 0 0 0 0 0 1 2 
1 1 1 1 1 0 2 0 0 1 
1 1 1 1 0 0 0 2 0 2 
1 1 1 1 0 0 0 2 0 0 
1 1 0 1 1 1 1 0 0 1 
1 1 0 1 1 1 1 0 0 2 
1 0 0 1 0 1 0 0 0 0 
1 0 0 0 0 1 0 0 1 0 
1 0 0 0 0 0 0 2 0 2 
1 0 0 0 0 0 0 2 0 0 
1 1 1 0 0 0 1 0 0 1 
1 2 0 0 0 0 0 0 0 1 
1 0 0 0 0 1 0 0 0 0 
1 0 0 0 0 1 0 0 0 1 
1 1 0 1 1 1 0 0 0 1 
1 0 0 0 0 1 0 0 0 2 
1 1 1 1 1 1 0 2 0 0 
1 1 0 1 1 1 0 0 0 2 
1 1 1 1 1 1 0 2 0 2 
1 1 0 2 0 0 0 0 0 2 
0 0 1 0 0 0 0 0 0 1 
0 0 1 0 0 0 0 0 0 2 
1 1 0 0 0 2 0 0 0 1 
1 1 0 0 0 2 0 0 0 0 
1 1 0 0 0 2 0 0 0 2 
1 1 0 1 1 1 1 1 0 1 
1 1 0 1 1 1 1 1 0 2 
0 0 0 0 0 0 0 0 1 2 
1 0 0 0 1 0 1 0 0 1 
1 0 1 1 1 0 0 0 0 2 
1 1 1 1 1 0 1 1 1 2 
1 1 0 0 0 0 0 2 0 2 
1 1 0 0 0 0 0 2 0 0 
1 0 1 1 0 0 0 0 0 0 
0 1 1 1 0 0 0 0 0 1 
1 1 1 1 1 0 1 0 0 1 
1 1 1 1 1 0 1 0 0 0 
1 1 0 0 0 1 0 0 0 0 
1 1 0 0 0 1 0 0 0 2 
0 0 0 0 0 0 0 0 2 0 
1 1 0 0 0 1 0 0 0 1 
0 0 0 0 0 0 0 0 0 1 
0 1 1 1 1 0 0 0 0 1 
0 0 0 0 0 0 0 0 0 0 
0 0 0 0 0 0 0 0 0 2 
1 1 1 1 1 1 2 0 0 1 
0 0 0 0 1 0 1 0 0 1 
1 1 1 1 1 0 1 1 0 2 
1 1 1 1 1 0 1 1 0 1 
1 1 1 1 1 0 0 0 1 2 
1 1 1 0 0 0 2 0 0 1 
1 1 1 1 1 0 1 1 1 1 
1 1 1 1 1 0 0 0 2 2 
1 1 1 1 1 0 1 1 1 0 
1 0 1 1 1 1 1 0 0 2 
1 1 1 1 1 0 0 0 2 0 
1 0 1 1 1 0 0 0 0 0 
1 0 1 1 1 0 0 0 0 1 
0 0 0 0 0 0 0 0 1 0 
1 1 0 1 0 1 0 0 0 0 
0 0 0 0 0 0 1 0 0 1 
0 0 0 1 0 0 0 0 0 2 
0 0 0 1 0 0 0 0 0 0 
1 0 1 1 1 1 1 0 0 1 
1 0 1 1 1 1 1 0 0 0 
1 0 1 0 0 0 0 0 0 2 
1 1 0 0 0 0 0 1 0 2 
1 1 0 0 0 0 0 1 0 1 
1 1 0 0 0 0 0 1 0 0 
0 1 1 1 1 1 1 0 0 1 
1 0 1 1 1 1 1 1 1 2 
0 0 0 0 0 0 0 0 2 2 
0 0 0 2 0 0 0 0 0 2 
1 0 1 1 1 1 1 1 1 1 
1 0 1 1 1 1 1 1 1 0 
1 1 1 1 1 0 1 0 0 2 
1 0 1 1 0 0 0 0 0 2 
0 1 1 1 1 1 1 1 1 1 
1 0 1 1 0 0 0 0 0 1 
0 0 0 0 1 0 0 0 0 2 
1 0 1 1 1 1 1 1 0 2 
1 0 1 1 1 1 1 1 0 1 
0 0 0 0 1 0 0 0 0 1 
1 1 1 1 1 0 1 0 1 0 
1 1 0 0 0 1 0 0 1 0 
1 1 1 1 1 1 1 0 0 0 
1 1 1 1 1 1 1 1 2 0 
1 1 1 1 0 0 2 0 0 1 
1 1 1 1 1 0 0 1 0 2 
1 1 1 1 1 0 0 1 0 1 
1 1 1 1 1 0 0 1 0 0 
2 0 0 0 0 0 0 0 0 1 
1 1 0 0 0 0 0 0 0 2 
1 1 0 0 0 0 0 0 0 0 
0 0 0 0 0 1 0 0 1 0 
1 1 0 0 0 0 0 0 0 1 
1 1 0 0 0 0 0 0 1 0 
1 1 1 1 1 0 0 1 1 0 
1 0 0 2 0 0 0 0 0 2 
1 1 1 0 1 0 1 1 1 0 
1 1 1 1 1 1 1 1 1 2 
1 1 1 1 1 1 1 1 1 1 
1 1 1 1 1 1 0 0 2 2 
1 0 0 0 1 0 0 0 0 1 
0 0 0 0 0 0 0 2 0 0 
1 0 0 0 0 2 0 0 0 1 
1 0 0 0 0 2 0 0 0 2 
0 0 0 0 0 0 0 2 0 2 
1 1 1 1 1 1 1 1 1 0 
1 1 1 1 1 1 0 0 2 0 
1 0 0 0 0 2 0 0 0 0 
0 1 1 0 0 0 0 0 0 1 
0 2 0 0 0 0 0 0 0 1 
0 0 0 0 0 1 0 0 0 2 
1 1 1 0 0 2 0 0 0 0 
0 0 0 0 0 1 0 0 0 1 
0 0 0 0 0 1 0 0 0 0 
1 1 1 0 0 2 0 0 0 1 
1 1 0 0 0 0 0 1 1 0 
1 1 1 0 0 2 0 0 0 2 
1 0 1 0 0 0 0 0 0 1 
1 0 1 0 0 0 0 0 0 0 
1 0 0 0 0 0 2 0 0 1 
1 1 1 0 1 0 1 0 0 0 
1 1 1 1 1 1 1 1 0 1 
1 1 1 1 1 1 0 0 1 2 
1 1 1 1 1 1 1 1 0 0 
1 1 1 0 1 0 1 0 0 1 
1 1 1 1 1 1 1 1 0 2 
0 0 0 0 0 0 0 1 1 0 
1 1 1 1 1 1 1 0 2 0 
1 1 1 1 1 1 1 0 2 2 
1 1 1 1 1 0 0 0 0 2 
1 1 1 1 1 0 0 0 0 1 
1 1 0 0 0 0 0 0 2 2 
1 1 1 1 0 2 0 0 0 0 
1 1 1 1 0 2 0 0 0 1 
1 1 1 0 1 1 1 0 0 2 
1 1 1 1 1 0 1 1 0 0 
1 1 1 1 1 0 0 0 1 0 
1 1 1 1 0 0 1 0 0 1 
1 1 1 1 0 2 0 0 0 2 
0 0 0 1 0 1 0 0 0 0 
1 1 1 1 1 1 1 0 1 2 
1 1 1 0 1 0 0 0 0 1 
1 1 1 0 1 0 0 0 0 0 
1 0 0 0 1 0 0 0 0 2 
1 1 1 2 0 0 0 0 0 2 
0 0 0 0 0 0 0 1 0 0 
0 0 0 0 0 0 0 1 0 2 
0 0 0 0 0 0 0 1 0 1 
1 1 1 0 1 0 0 0 0 2 
1 1 1 1 1 1 1 0 1 1 
1 1 1 1 1 1 1 0 1 0 
1 1 0 0 0 0 0 0 1 2 
1 1 0 0 0 0 0 0 2 0 
1 1 1 1 1 0 0 0 0 0 
1 1 0 1 0 0 0 0 0 0 
1 1 0 1 0 0 0 0 0 2 
1 1 1 1 0 0 0 0 2 2 
1 1 0 1 0 0 0 0 0 1 
1 1 1 1 1 1 1 0 0 2 
1 1 1 1 1 1 1 0 0 1 
1 1 1 1 1 1 1 1 2 2 
1 1 1 0 1 0 1 1 0 0 
1 1 1 0 0 1 0 0 1 0 
1 1 1 1 0 1 0 1 0 1 
1 1 1 1 0 0 0 0 2 0 
1 1 1 0 1 1 1 1 1 0 
1 1 1 0 0 0 0 2 0 0 
1 1 1 0 1 1 1 1 0 2 
1 1 1 0 0 0 0 2 0 2 
1 0 0 0 0 0 1 0 0 1 
1 1 1 1 0 0 0 0 1 2 
1 1 1 1 1 1 0 1 0 0 
1 1 1 1 1 1 0 1 0 2 
1 1 1 1 1 1 0 1 0 1 
1 1 1 0 0 1 0 0 0 2 
1 1 1 0 0 1 0 0 0 0 
1 1 1 0 0 1 0 0 0 1 
1 1 1 1 0 1 0 1 1 1 
1 1 1 1 0 0 0 0 1 0 
1 0 0 0 0 0 0 0 1 2 
1 1 1 0 1 1 1 0 0 0 
1 1 0 0 0 0 1 0 0 1 
1 0 0 1 0 0 0 0 0 0 
1 0 0 1 0 0 0 0 0 2 
1 1 1 0 1 1 1 1 1 2 
1 1 1 1 0 0 0 0 0 2 
1 0 0 0 0 0 0 0 2 2 
1 1 1 1 0 0 0 0 0 0 
1 0 0 0 0 0 0 0 2 0 
1 1 1 1 0 0 0 0 0 1 
0 0 0 0 0 2 0 0 0 2 
0 0 0 0 0 2 0 0 0 1 
0 0 0 0 0 2 0 0 0 0 
1 1 1 1 0 1 0 0 0 0 
1 1 1 1 1 1 0 0 1 0 
1 1 1 1 0 1 0 0 0 1 
1 1 1 1 0 1 0 0 0 2 
1 1 0 1 1 0 0 0 0 2 
1 1 1 1 1 0 0 2 0 2 
1 1 1 1 1 0 0 2 0 0 
1 0 0 0 0 0 0 0 0 1 
1 1 0 1 1 0 0 0 0 1 
1 0 0 0 0 0 0 0 0 2 
1 1 1 0 1 1 0 0 0 0 
1 1 1 0 0 0 0 1 1 0 
1 1 1 0 0 0 0 1 0 0 
1 1 1 0 0 0 0 1 0 1 
1 1 1 0 0 0 0 1 0 2 
1 0 0 0 0 0 0 0 1 0 
1 1 1 1 0 0 0 1 1 0 
1 1 1 1 1 1 0 0 0 1 
1 1 1 1 1 1 0 0 0 0 
1 1 1 1 1 1 0 0 0 2 
0 1 0 0 0 0 0 0 0 0 
1 1 1 1 0 1 0 0 1 0 
1 1 1 1 0 1 1 1 0 1 
0 1 0 0 0 0 0 0 0 2 
0 1 0 0 0 0 0 0 0 1 
1 1 1 1 0 1 1 1 0 2 
1 1 1 0 1 1 1 1 0 0 
1 1 1 0 0 0 0 0 0 0 
1 1 0 0 0 0 2 0 0 1 
1 1 1 0 1 1 0 0 0 2 
1 1 1 1 0 0 0 1 0 1 
1 0 0 0 0 0 0 0 0 0 
1 1 1 1 0 0 0 1 0 2 
1 1 1 1 0 0 0 1 0 0 
1 1 1 1 1 1 1 2 0 0 
1 1 1 1 1 1 0 1 1 1 
1 1 1 1 1 1 0 1 1 0 
1 1 1 1 1 1 1 2 0 2 
1 1 0 0 1 0 1 0 0 1 
MFS
[ - , - , - , - , - , - , - , - , - , 0 ]
[ - , - , - , - , - , - , - , - , - , 1 ]
[ - , - , - , - , - , - , - , - , - , 2 ]
precise
0.0
recall
0.0
F-measure
0.0
multi
36
time
all 1455 iden 0 gen 153
t-cover
0
all-cover
405
coveredNum
(1 : 405)  
real Identify

testCase Num: 248
regaular Num: 36
identify Num: 218
1 1 1 1 0 1 1 1 1 0 
1 0 0 0 0 0 0 1 0 0 
1 0 1 1 1 1 1 1 0 0 
1 0 0 0 0 0 0 1 0 1 
1 1 1 0 0 0 0 0 1 0 
1 1 1 0 0 0 0 0 1 1 
1 1 1 0 0 0 0 0 0 1 
1 1 1 0 0 0 0 0 0 2 
0 1 1 1 1 1 1 1 0 1 
0 1 1 1 1 1 1 1 0 2 
1 0 1 1 1 1 0 0 0 1 
1 0 1 1 1 1 0 0 0 2 
1 1 0 1 1 1 1 1 1 0 
1 1 0 1 1 1 1 1 1 1 
1 1 0 1 1 1 1 1 1 2 
1 0 1 0 1 0 0 0 0 0 
0 0 0 0 0 0 2 0 0 1 
1 1 1 1 0 1 1 0 0 0 
1 0 1 1 1 1 0 0 0 0 
0 1 1 1 1 1 0 0 0 2 
0 1 1 1 1 1 0 0 0 1 
0 1 1 1 0 0 1 0 0 2 
1 1 1 0 0 0 0 0 1 2 
1 1 1 1 1 0 2 0 0 1 
1 1 1 1 0 0 0 2 0 0 
1 1 1 1 0 0 0 2 0 1 
1 1 0 1 1 1 1 0 0 0 
1 1 0 1 1 1 1 0 0 1 
1 1 0 1 1 1 1 0 0 2 
1 0 0 0 0 0 0 2 0 1 
1 0 0 0 0 0 0 2 0 0 
0 1 1 1 1 1 0 1 1 2 
1 1 1 0 0 0 1 0 0 0 
1 1 1 0 0 0 1 0 0 1 
1 2 0 0 0 0 0 0 0 2 
1 2 0 0 0 0 0 0 0 0 
1 0 0 0 0 1 0 0 0 0 
1 1 0 1 1 1 0 0 0 0 
1 0 0 0 0 1 0 0 0 1 
1 1 1 1 1 1 0 2 0 1 
1 1 0 1 1 1 0 0 0 1 
1 0 0 0 0 1 0 0 0 2 
1 1 1 1 1 1 0 2 0 0 
1 1 0 1 1 1 0 0 0 2 
1 1 0 0 1 0 0 0 0 0 
0 0 1 0 0 0 0 0 0 0 
1 1 0 2 0 0 0 0 0 2 
0 0 1 0 0 0 0 0 0 1 
0 0 1 0 0 0 0 0 0 2 
0 1 1 1 1 1 0 1 0 2 
1 1 1 0 0 0 1 0 0 2 
1 0 2 0 0 0 0 0 0 0 
1 0 2 0 0 0 0 0 0 2 
1 1 0 1 1 1 1 1 0 0 
1 1 0 1 1 1 1 1 0 1 
1 1 0 1 1 1 1 1 0 2 
0 0 0 0 0 0 0 0 1 2 
0 0 0 0 0 0 0 0 1 1 
1 0 1 1 1 0 0 0 0 2 
0 1 1 0 0 0 1 0 0 2 
1 1 1 1 1 0 1 1 1 2 
1 1 0 0 0 0 0 2 0 1 
1 1 0 0 0 0 0 2 0 0 
1 0 1 1 0 0 0 0 0 0 
0 1 1 1 0 0 0 0 0 1 
0 1 1 1 0 0 0 0 0 2 
1 1 1 1 1 0 1 0 0 1 
1 1 1 1 1 0 1 0 0 0 
1 1 0 0 0 1 0 0 0 0 
1 1 0 0 0 1 0 0 0 2 
1 1 0 0 0 1 0 0 0 1 
0 0 0 0 0 0 0 0 0 1 
0 1 1 1 1 0 0 0 0 1 
0 0 0 0 0 0 0 0 0 0 
0 0 0 0 0 0 0 0 0 2 
0 1 1 1 1 0 0 0 0 2 
1 1 1 1 1 1 2 0 0 1 
1 1 1 1 1 0 1 1 0 2 
1 1 1 1 1 0 1 1 0 1 
1 1 1 1 1 0 0 0 1 2 
1 1 1 0 0 0 2 0 0 1 
1 1 1 1 1 0 1 1 1 1 
1 1 1 1 1 0 1 1 1 0 
1 0 1 1 1 1 1 0 0 2 
1 0 1 1 1 0 0 0 0 0 
1 0 1 1 1 0 0 0 0 1 
0 0 0 0 0 0 0 0 1 0 
0 0 0 0 0 0 1 0 0 2 
1 1 0 1 0 1 0 0 0 0 
0 0 0 0 0 0 1 0 0 1 
0 0 0 1 0 0 0 0 0 2 
0 0 0 1 0 0 0 0 0 1 
0 0 0 0 1 0 0 0 0 0 
1 0 1 1 1 1 1 0 0 1 
1 0 1 1 1 1 1 0 0 0 
1 0 1 0 0 0 0 0 0 2 
1 1 0 0 0 0 0 1 0 1 
1 1 0 0 0 0 0 1 0 0 
0 1 1 1 1 1 1 0 0 1 
0 1 1 1 1 1 1 0 0 2 
1 0 1 1 1 1 1 1 1 2 
0 0 0 2 0 0 0 0 0 2 
1 0 1 1 1 1 1 1 1 1 
1 0 1 1 1 1 1 1 1 0 
1 1 1 1 1 0 1 0 0 2 
1 0 1 1 0 0 0 0 0 2 
0 1 1 1 1 1 1 1 1 1 
1 0 1 1 0 0 0 0 0 1 
0 1 1 1 1 1 1 1 1 2 
1 0 1 1 1 1 1 1 0 2 
1 0 1 1 1 1 1 1 0 1 
0 0 0 0 0 0 1 0 0 0 
1 1 0 1 0 1 1 1 1 0 
1 1 1 1 1 1 1 0 0 0 
1 1 1 1 0 0 2 0 0 1 
1 1 1 1 1 0 0 1 0 1 
1 1 1 1 1 0 0 1 0 0 
2 0 0 0 0 0 0 0 0 1 
1 1 0 0 0 0 0 0 0 2 
1 1 0 0 0 0 0 0 0 0 
1 1 0 0 0 0 0 0 0 1 
1 1 0 0 0 0 0 0 1 0 
1 1 2 0 0 0 0 0 0 2 
1 0 0 2 0 0 0 0 0 2 
1 1 1 1 1 1 1 1 1 2 
1 1 1 1 1 1 1 1 1 1 
1 0 0 0 1 0 0 0 0 0 
1 1 0 1 0 1 1 1 0 0 
0 0 0 0 0 0 0 2 0 1 
0 0 0 0 0 0 0 2 0 0 
0 1 1 0 0 0 0 0 0 2 
1 1 1 1 1 1 1 1 1 0 
0 1 1 0 0 0 0 0 0 1 
0 2 0 0 0 0 0 0 0 0 
0 0 0 0 0 1 0 0 0 2 
0 0 0 0 0 1 0 0 0 1 
0 0 0 0 0 1 0 0 0 0 
1 1 0 0 0 0 0 1 1 1 
1 1 2 0 0 0 0 0 0 0 
1 0 1 0 0 0 0 0 0 1 
1 0 1 0 0 0 0 0 0 0 
1 0 0 0 0 0 2 0 0 1 
1 1 1 1 1 1 1 1 0 1 
1 1 1 1 1 1 0 0 1 2 
1 1 1 1 1 1 1 1 0 0 
1 1 1 1 1 1 0 0 1 1 
1 1 1 1 1 1 1 1 0 2 
0 0 0 0 0 0 0 1 1 1 
0 1 1 1 1 0 1 0 0 2 
0 0 1 0 1 0 0 0 0 0 
1 1 1 1 1 0 0 0 0 2 
1 1 1 1 1 0 0 0 0 1 
1 1 0 0 0 0 1 0 0 0 
1 1 1 0 1 1 1 0 0 2 
1 1 1 1 1 0 1 1 0 0 
1 1 1 1 1 0 0 0 1 1 
1 1 1 1 1 0 0 0 1 0 
1 1 1 1 0 0 1 0 0 1 
1 1 1 1 0 0 1 0 0 2 
1 1 1 1 1 1 1 0 1 2 
1 1 1 0 1 0 0 0 0 1 
1 1 1 0 1 0 0 0 0 0 
1 1 1 2 0 0 0 0 0 2 
0 0 0 0 0 0 0 1 0 0 
1 1 0 1 0 1 1 0 0 0 
0 0 0 0 0 0 0 1 0 1 
1 1 1 0 1 0 0 0 0 2 
1 1 1 1 1 1 1 0 1 1 
1 1 1 1 1 1 1 0 1 0 
1 1 1 1 0 0 1 0 0 0 
1 1 1 1 1 0 0 1 1 1 
1 0 0 0 0 0 1 0 0 2 
1 1 0 0 0 0 0 0 1 1 
1 1 0 0 0 0 0 0 1 2 
1 1 1 1 1 0 0 0 0 0 
1 1 0 1 0 0 0 0 0 0 
2 0 0 0 0 0 0 0 0 2 
1 1 0 1 0 0 0 0 0 2 
1 1 0 1 0 0 0 0 0 1 
1 1 1 1 1 1 1 0 0 2 
1 1 1 1 1 1 1 0 0 1 
0 1 0 0 0 0 1 0 0 2 
1 1 1 0 1 1 1 1 1 1 
1 1 1 0 0 0 0 2 0 0 
1 1 1 0 0 0 0 2 0 1 
1 1 1 0 1 1 1 1 0 2 
1 1 1 0 1 1 1 1 0 1 
1 0 0 0 0 0 1 0 0 1 
1 0 0 0 0 0 1 0 0 0 
1 1 1 1 0 0 0 0 1 1 
1 1 1 1 0 0 0 0 1 2 
1 1 1 1 1 1 0 1 0 0 
1 1 1 1 1 1 0 1 0 2 
1 1 1 1 1 1 0 1 0 1 
1 1 1 0 0 1 0 0 0 2 
1 1 1 0 0 1 0 0 0 0 
1 1 1 0 0 1 0 0 0 1 
0 0 2 0 0 0 0 0 0 2 
1 1 1 1 0 0 0 0 1 0 
1 0 0 0 0 0 0 0 1 2 
2 0 0 0 0 0 1 0 0 2 
1 1 1 0 1 1 1 0 0 1 
1 1 0 0 0 0 1 0 0 2 
1 1 0 0 0 0 1 0 0 1 
1 0 0 1 0 0 0 0 0 1 
1 0 0 1 0 0 0 0 0 2 
1 1 1 0 1 1 1 1 1 2 
1 1 1 1 0 0 0 0 0 2 
1 1 1 1 0 0 0 0 0 0 
1 1 1 1 0 0 0 0 0 1 
1 1 1 1 0 1 0 0 0 0 
1 1 1 1 1 1 0 0 1 0 
1 1 1 1 0 1 0 0 0 1 
1 1 1 1 0 1 0 0 0 2 
1 1 0 1 1 0 0 0 0 2 
1 1 1 1 1 0 0 2 0 1 
1 1 0 1 1 0 0 0 0 0 
1 1 1 1 1 0 0 2 0 0 
1 0 0 0 0 0 0 0 0 1 
1 1 0 1 1 0 0 0 0 1 
1 0 0 0 0 0 0 0 0 2 
1 1 1 0 0 0 0 1 0 0 
1 1 1 0 0 0 0 1 0 1 
1 0 0 0 0 0 0 0 1 0 
1 0 0 0 0 0 0 0 1 1 
1 1 1 1 0 0 0 1 1 1 
1 1 1 1 1 1 0 0 0 1 
1 1 1 1 1 1 0 0 0 0 
1 1 1 1 1 1 0 0 0 2 
0 0 2 0 0 0 0 0 0 0 
0 1 0 0 0 0 0 0 0 0 
1 1 1 1 0 1 1 1 0 0 
0 1 0 0 0 0 0 0 0 2 
0 1 0 0 0 0 0 0 0 1 
1 0 0 0 0 0 0 1 1 1 
1 1 1 0 0 0 0 0 0 0 
1 1 0 0 0 0 2 0 0 1 
1 1 1 0 0 0 0 1 1 1 
1 1 1 0 1 1 0 0 0 2 
1 1 1 0 1 1 0 0 0 1 
1 1 1 1 0 0 0 1 0 1 
1 0 0 0 0 0 0 0 0 0 
1 1 1 1 0 0 0 1 0 0 
1 1 1 1 1 1 1 2 0 0 
1 1 1 1 1 1 0 1 1 1 
1 1 1 1 1 1 0 1 1 0 
1 1 1 1 1 1 1 2 0 1 
1 1 1 1 1 1 0 1 1 2 
MFS
[ - , - , - , - , - , - , - , - , - , 0 ]
[ - , - , - , - , - , - , - , - , - , 1 ]
[ - , - , - , - , - , - , - , - , - , 2 ]
precise
0.0
recall
0.0
F-measure
0.0
multi
36
time
all 1525 iden 0 gen 152
t-cover
0
all-cover
405
coveredNum
(1 : 405)  
real Identify

testCase Num: 248
regaular Num: 36
identify Num: 215
1 1 1 1 0 1 1 1 1 0 
1 0 0 0 0 1 1 0 0 0 
1 1 1 1 0 1 1 1 1 2 
1 0 1 1 1 1 1 1 0 0 
1 0 0 0 0 0 0 1 0 0 
1 1 1 0 0 0 0 0 1 0 
1 1 1 0 0 0 1 1 0 0 
1 1 1 0 0 0 0 0 0 1 
0 1 1 1 1 1 1 1 0 0 
1 1 1 0 0 0 0 0 0 2 
0 1 1 1 1 1 1 1 0 2 
1 0 1 1 1 1 0 0 0 2 
1 1 0 1 1 1 1 1 1 0 
0 0 0 0 0 0 2 0 0 0 
1 1 1 0 0 1 2 0 0 0 
1 1 0 0 1 0 0 0 0 2 
1 1 1 1 0 1 1 0 0 0 
1 1 1 1 1 2 0 0 0 0 
1 1 1 1 0 1 1 0 0 2 
1 0 1 1 1 1 0 0 0 0 
0 1 1 1 1 1 0 0 0 2 
1 1 1 0 0 0 0 0 2 0 
0 1 1 1 1 1 0 0 0 0 
1 1 1 0 0 0 0 0 2 2 
1 1 1 0 0 0 0 0 1 2 
1 1 1 1 1 0 2 0 0 0 
1 1 1 1 1 0 2 0 0 2 
1 1 1 1 0 0 0 2 0 0 
1 1 0 1 1 1 1 0 0 0 
1 0 0 1 0 1 0 0 0 0 
1 1 1 0 1 2 0 0 0 0 
2 1 0 0 0 0 0 0 0 0 
1 0 0 0 0 1 0 0 1 0 
1 0 0 0 0 0 0 2 0 0 
1 1 1 0 0 0 1 0 0 0 
1 1 0 1 0 2 0 0 0 0 
1 0 0 0 0 1 0 0 0 0 
1 1 0 2 0 0 0 0 0 0 
1 1 0 1 1 1 0 0 0 0 
1 0 0 0 0 1 0 0 0 2 
1 1 1 1 1 1 0 2 0 0 
1 1 0 0 1 0 0 0 0 0 
0 0 1 0 0 0 0 0 0 0 
1 1 0 2 0 0 0 0 0 2 
0 0 0 0 0 0 2 0 0 2 
1 1 0 0 0 2 0 0 0 0 
1 1 0 0 1 1 1 0 0 0 
1 1 1 0 0 0 1 0 0 2 
1 1 0 1 1 1 1 1 0 0 
1 1 1 1 0 1 2 0 0 0 
0 0 0 0 0 0 0 0 1 2 
0 0 0 0 0 0 1 1 0 0 
1 0 1 1 1 0 0 0 0 2 
1 1 1 1 1 0 1 1 1 2 
1 1 0 0 0 0 0 2 0 0 
0 1 1 1 0 0 0 0 0 0 
1 1 0 0 1 1 1 1 1 0 
1 0 1 1 0 0 0 0 0 0 
1 0 0 1 0 2 0 0 0 0 
0 0 0 0 0 1 2 0 0 0 
0 1 1 1 0 0 0 0 0 2 
1 1 0 0 1 1 1 1 0 0 
1 1 1 1 1 0 1 0 0 0 
1 1 1 1 1 1 2 0 0 2 
1 1 0 0 0 1 0 0 0 0 
1 1 0 0 0 1 0 0 0 2 
0 0 0 0 0 0 0 0 2 0 
0 0 0 0 0 0 0 0 0 1 
0 0 0 0 0 0 0 0 0 0 
0 1 1 1 1 0 0 0 0 0 
0 0 0 0 0 0 0 0 0 2 
0 1 1 1 1 0 0 0 0 2 
1 1 1 1 1 1 2 0 0 0 
1 1 1 1 1 0 1 1 0 2 
1 1 1 1 1 0 0 0 1 2 
1 1 1 0 0 0 2 0 0 0 
1 1 1 0 0 0 2 0 0 2 
1 1 0 0 1 1 0 0 0 0 
1 1 1 1 1 0 0 0 2 2 
1 1 1 1 1 0 1 1 1 0 
1 0 1 1 1 1 1 0 0 2 
1 1 1 1 1 0 0 0 2 0 
1 0 1 1 1 0 0 0 0 0 
0 0 0 0 0 0 0 0 1 0 
0 0 0 0 0 0 1 0 0 2 
1 1 0 1 0 1 0 0 0 0 
0 0 0 1 0 0 0 0 0 2 
0 0 0 1 0 0 0 0 0 1 
0 0 0 1 0 0 0 0 0 0 
0 0 0 0 1 0 0 0 0 0 
1 0 1 1 1 1 1 0 0 0 
1 0 1 0 0 0 0 0 0 2 
1 1 0 0 0 0 0 1 0 0 
0 1 1 1 1 1 1 0 0 0 
0 1 1 1 1 1 1 0 0 2 
1 0 1 1 1 1 1 1 1 2 
0 0 0 0 0 0 0 0 2 2 
0 0 0 2 0 0 0 0 0 2 
1 0 1 1 1 1 1 1 1 0 
1 1 1 1 1 0 1 0 0 2 
0 0 0 2 0 0 0 0 0 0 
0 1 1 1 1 1 1 1 1 0 
1 0 1 1 0 0 0 0 0 2 
0 1 1 1 1 1 1 1 1 2 
1 0 1 1 1 1 1 1 0 2 
0 0 0 0 1 0 0 0 0 2 
1 1 1 1 1 0 1 0 1 0 
1 1 1 1 0 0 2 0 0 2 
1 1 0 0 0 1 0 0 1 0 
0 0 0 0 0 0 1 0 0 0 
1 1 1 1 1 1 1 0 0 0 
1 1 1 1 1 1 1 1 2 0 
1 1 1 1 0 0 2 0 0 0 
2 0 0 0 0 0 0 0 0 0 
1 1 1 1 1 0 0 1 0 0 
1 1 0 0 0 0 0 0 0 2 
1 1 0 0 0 0 0 0 0 0 
1 1 0 0 0 0 0 0 0 1 
0 0 0 0 0 1 0 0 1 0 
1 1 0 0 0 0 0 0 1 0 
1 1 1 1 1 0 0 1 1 0 
1 0 0 2 0 0 0 0 0 2 
1 0 0 2 0 0 0 0 0 0 
1 1 1 0 1 0 1 1 1 0 
1 1 1 1 1 1 1 1 1 2 
1 1 1 1 1 1 1 1 1 1 
1 1 1 1 1 1 0 0 2 2 
1 0 0 0 1 0 0 0 0 0 
0 0 0 0 0 0 0 2 0 0 
0 1 1 0 0 0 0 0 0 2 
1 1 1 1 1 1 1 1 1 0 
0 1 1 0 0 0 0 0 0 0 
1 0 0 0 0 2 0 0 0 0 
1 1 1 1 1 1 0 0 2 0 
0 0 0 0 0 1 0 0 0 2 
1 1 1 0 0 2 0 0 0 0 
0 2 0 0 0 0 0 0 0 2 
0 0 0 0 0 1 0 0 0 0 
1 0 0 0 0 0 2 0 0 2 
1 0 1 0 0 0 0 0 0 0 
1 0 0 0 0 0 2 0 0 0 
1 1 1 1 1 1 1 1 0 1 
1 1 1 0 1 0 1 0 0 0 
1 1 1 1 1 1 0 0 1 2 
1 1 1 1 1 1 1 1 0 0 
1 1 1 1 1 1 1 1 0 2 
1 1 0 0 0 1 1 0 0 0 
1 1 1 1 1 1 1 0 2 0 
1 1 1 1 1 1 1 0 2 2 
0 0 1 1 0 0 0 0 0 0 
1 1 1 1 1 0 0 0 0 2 
1 1 1 1 1 0 0 0 0 1 
1 1 0 0 0 0 0 0 2 2 
0 0 0 0 0 1 1 0 0 0 
1 1 0 0 0 0 1 0 0 0 
1 1 1 1 0 2 0 0 0 0 
1 1 1 0 1 1 1 0 0 2 
1 1 1 1 1 0 1 1 0 0 
1 1 1 1 1 0 0 0 1 0 
0 0 0 1 0 1 0 0 0 0 
1 1 1 1 0 0 1 0 0 2 
1 1 1 1 1 1 1 0 1 2 
1 1 1 0 1 0 0 0 0 1 
1 1 1 0 1 0 0 0 0 0 
1 1 1 2 0 0 0 0 0 0 
1 0 0 0 1 0 0 0 0 2 
1 1 1 2 0 0 0 0 0 2 
0 0 0 0 0 0 0 1 0 0 
1 1 0 0 0 1 2 0 0 0 
1 1 1 0 1 0 0 0 0 2 
1 1 1 1 1 1 1 0 1 0 
1 1 1 1 0 0 1 0 0 0 
1 0 0 0 0 0 1 0 0 2 
1 1 0 0 0 0 1 1 0 0 
1 1 0 0 0 0 0 0 1 2 
1 1 0 0 0 0 0 0 2 0 
1 1 1 1 1 0 0 0 0 0 
1 1 0 1 0 0 0 0 0 0 
2 0 0 0 0 0 0 0 0 2 
1 1 0 1 0 0 0 0 0 2 
1 1 1 1 0 0 0 0 2 2 
1 1 0 1 0 0 0 0 0 1 
1 1 1 1 1 1 1 0 0 2 
1 1 1 1 1 1 1 0 0 1 
1 1 1 1 1 1 1 1 2 2 
1 1 1 0 1 0 1 1 0 0 
1 1 1 0 0 1 0 0 1 0 
1 1 1 1 0 0 0 0 2 0 
1 1 1 0 1 1 1 1 1 1 
1 1 1 0 1 1 1 1 1 0 
1 1 1 0 0 0 0 2 0 0 
1 1 1 0 1 1 1 1 0 2 
1 1 1 0 1 1 1 1 0 1 
1 0 0 0 0 0 1 0 0 0 
1 1 1 1 0 0 1 1 0 0 
1 1 1 1 0 0 0 0 1 2 
1 1 1 1 1 1 0 1 0 0 
1 1 1 1 1 1 0 1 0 2 
1 1 1 0 0 1 0 0 0 2 
1 1 1 0 0 1 0 0 0 0 
1 0 0 0 0 1 2 0 0 0 
1 1 1 1 0 0 0 0 1 0 
1 0 0 0 0 0 0 0 1 2 
1 1 1 0 1 1 1 0 0 1 
1 1 1 0 1 1 1 0 0 0 
1 1 0 0 0 0 1 0 0 2 
1 0 0 1 0 0 0 0 0 0 
1 0 0 1 0 0 0 0 0 1 
1 0 0 1 0 0 0 0 0 2 
1 1 1 0 1 1 1 1 1 2 
1 1 1 1 0 0 0 0 0 2 
1 0 0 0 0 0 0 0 2 2 
1 1 1 1 0 0 0 0 0 0 
1 1 1 1 0 0 0 0 0 1 
1 0 0 0 0 0 0 0 2 0 
0 0 0 0 0 2 0 0 0 0 
1 1 1 0 0 1 1 0 0 0 
1 1 1 1 0 1 0 0 0 0 
1 1 1 1 1 1 0 0 1 0 
1 1 1 1 0 1 0 0 0 2 
1 0 0 0 0 0 0 0 0 1 
1 1 1 1 1 0 0 2 0 0 
1 1 0 1 1 0 0 0 0 0 
1 0 0 0 0 0 0 0 0 2 
1 1 1 0 1 1 0 0 0 0 
1 1 0 0 0 0 2 0 0 2 
1 1 1 0 0 0 0 1 0 0 
1 0 0 0 0 0 0 0 1 0 
1 0 0 0 0 0 1 1 0 0 
1 1 1 1 1 1 0 0 0 1 
1 1 1 1 1 1 0 0 0 0 
1 1 1 1 1 1 0 0 0 2 
0 0 0 1 0 2 0 0 0 0 
0 1 0 0 0 0 0 0 0 0 
1 1 1 1 0 1 0 0 1 0 
1 1 1 1 0 1 1 1 0 0 
0 1 0 0 0 0 0 0 0 2 
1 1 1 1 0 1 1 1 0 2 
1 1 1 0 1 1 1 1 0 0 
1 1 1 0 0 0 0 0 0 0 
1 1 0 0 0 0 2 0 0 0 
1 1 1 0 1 1 0 0 0 2 
1 1 1 0 1 1 0 0 0 1 
1 0 0 0 0 0 0 0 0 0 
1 1 1 1 0 0 0 1 0 0 
1 1 1 1 1 1 1 2 0 0 
1 1 1 1 1 1 0 1 1 0 
1 1 1 1 1 1 0 1 1 2 
MFS
[ - , - , - , - , - , - , - , - , - , 0 ]
[ - , - , - , - , - , - , - , - , - , 1 ]
[ - , - , - , - , - , - , - , - , - , 2 ]
precise
0.0
recall
0.0
F-measure
0.0
multi
36
time
all 1433 iden 0 gen 158
t-cover
0
all-cover
405
coveredNum
(1 : 405)  
real Identify

testCase Num: 235
regaular Num: 36
identify Num: 202
1 1 1 1 0 1 1 1 1 0 
1 0 0 0 0 0 0 1 0 2 
1 0 1 1 1 1 1 1 0 0 
1 0 0 0 0 0 0 1 0 1 
1 1 1 0 0 0 0 0 1 1 
1 1 1 0 0 0 0 0 0 1 
1 1 1 0 0 0 0 0 0 2 
0 1 1 1 1 1 1 1 0 2 
1 0 1 1 1 1 0 0 0 1 
1 0 1 1 1 1 0 0 0 2 
1 1 0 1 1 1 1 1 1 0 
1 1 0 1 1 1 1 1 1 1 
1 1 0 1 1 1 1 1 1 2 
0 0 0 0 0 0 2 0 0 0 
0 0 0 0 0 0 2 0 0 1 
1 1 1 1 0 1 1 0 0 0 
1 1 1 1 1 2 0 0 0 1 
1 1 1 1 0 1 1 0 0 1 
1 0 1 1 1 1 0 0 0 0 
0 1 1 1 1 1 0 0 0 2 
1 1 1 1 1 0 2 0 0 0 
1 1 1 0 0 0 1 1 0 2 
1 1 1 1 1 0 2 0 0 1 
1 1 1 1 0 0 0 2 0 2 
1 1 1 1 1 0 2 0 0 2 
1 1 0 1 1 1 1 0 0 0 
1 1 0 1 1 1 1 0 0 1 
1 1 0 1 1 1 1 0 0 2 
1 0 0 0 0 0 0 2 0 2 
1 1 1 0 0 0 1 0 0 0 
1 1 1 0 0 0 1 0 0 1 
1 2 0 0 0 0 0 0 0 2 
1 2 0 0 0 0 0 0 0 1 
1 0 0 0 0 1 0 0 0 0 
1 1 0 2 0 0 0 0 0 1 
1 1 0 1 1 1 0 0 0 0 
1 0 0 0 0 1 0 0 0 1 
1 1 0 1 1 1 0 0 0 1 
1 1 0 1 1 1 0 0 0 2 
1 1 0 0 1 0 0 0 0 0 
0 0 1 0 0 0 0 0 0 0 
1 1 1 1 1 1 0 2 0 2 
1 1 0 2 0 0 0 0 0 2 
0 0 1 0 0 0 0 0 0 1 
0 0 0 0 0 0 2 0 0 2 
0 0 1 0 0 0 0 0 0 2 
1 1 0 0 0 2 0 0 0 1 
1 1 1 0 0 0 1 0 0 2 
1 0 2 0 0 0 0 0 0 0 
1 0 2 0 0 0 0 0 0 1 
1 1 0 1 1 1 1 1 0 0 
1 1 0 1 1 1 1 1 0 1 
1 1 0 1 1 1 1 1 0 2 
0 0 0 0 0 0 0 0 1 1 
0 0 0 0 0 0 1 1 0 2 
1 0 1 1 1 0 0 0 0 2 
1 1 0 0 0 0 0 2 0 2 
1 0 1 1 0 0 0 0 0 0 
0 1 1 1 0 0 0 0 0 2 
1 1 1 1 1 0 1 0 0 1 
1 1 1 1 1 0 1 0 0 0 
1 1 1 1 1 1 2 0 0 2 
1 1 0 0 0 1 0 0 0 0 
1 1 0 0 0 1 0 0 0 1 
0 0 0 0 0 0 0 0 0 1 
0 0 0 0 0 0 0 0 0 0 
0 0 0 0 0 0 0 0 0 2 
0 1 1 1 1 0 0 0 0 2 
1 1 1 1 1 1 2 0 0 0 
1 1 1 1 1 1 2 0 0 1 
1 1 1 1 1 0 1 1 0 2 
1 1 1 1 1 0 1 1 0 1 
1 1 1 0 0 0 2 0 0 0 
1 1 1 0 0 0 2 0 0 2 
1 1 1 0 0 0 2 0 0 1 
1 1 1 1 1 0 1 1 1 1 
1 1 1 1 1 0 1 1 1 0 
1 0 1 1 1 1 1 0 0 2 
1 0 1 1 1 0 0 0 0 0 
1 0 1 1 1 0 0 0 0 1 
0 0 0 0 0 0 1 0 0 2 
0 0 0 0 0 0 1 0 0 1 
0 0 0 1 0 0 0 0 0 2 
0 0 0 1 0 0 0 0 0 1 
0 0 0 1 0 0 0 0 0 0 
0 0 0 0 1 0 0 0 0 0 
1 0 1 1 1 1 1 0 0 1 
1 0 1 1 1 1 1 0 0 0 
1 0 1 0 0 0 0 0 0 2 
1 1 0 0 0 0 0 1 0 2 
1 1 0 0 0 0 0 1 0 1 
0 1 1 1 1 1 1 0 0 2 
1 0 1 1 1 1 1 1 1 2 
0 0 0 2 0 0 0 0 0 2 
1 0 1 1 1 1 1 1 1 1 
1 0 1 1 1 1 1 1 1 0 
1 1 1 1 1 0 1 0 0 2 
0 0 0 2 0 0 0 0 0 1 
1 0 1 1 0 0 0 0 0 2 
1 0 1 1 0 0 0 0 0 1 
0 1 1 1 1 1 1 1 1 2 
1 0 1 1 1 1 1 1 0 2 
1 0 1 1 1 1 1 1 0 1 
1 1 1 1 0 0 2 0 0 2 
0 0 0 0 0 0 1 0 0 0 
1 1 1 1 1 1 1 0 0 0 
1 1 1 1 0 0 2 0 0 1 
1 1 1 1 0 0 2 0 0 0 
1 1 1 1 1 0 0 1 0 2 
1 1 1 1 1 0 0 1 0 1 
1 1 0 0 0 0 0 0 0 2 
1 1 0 0 0 0 0 0 0 0 
1 1 0 0 0 0 0 0 0 1 
1 0 0 2 0 0 0 0 0 2 
1 0 0 2 0 0 0 0 0 1 
1 1 1 1 1 1 1 1 1 2 
1 1 1 1 1 1 1 1 1 1 
1 0 0 0 1 0 0 0 0 0 
1 0 0 0 0 2 0 0 0 1 
0 1 1 0 0 0 0 0 0 2 
0 0 0 0 0 0 0 2 0 2 
1 1 1 1 1 1 1 1 1 0 
0 2 0 0 0 0 0 0 0 1 
0 0 0 0 0 1 0 0 0 1 
0 2 0 0 0 0 0 0 0 2 
0 0 0 0 0 1 0 0 0 0 
1 1 1 0 0 2 0 0 0 1 
1 1 2 0 0 0 0 0 0 1 
1 1 2 0 0 0 0 0 0 0 
1 0 1 0 0 0 0 0 0 1 
1 0 0 0 0 0 2 0 0 2 
1 0 1 0 0 0 0 0 0 0 
1 0 0 0 0 0 2 0 0 1 
1 0 0 0 0 0 2 0 0 0 
1 1 1 1 1 1 1 1 0 1 
1 1 1 1 1 1 0 0 1 2 
1 1 1 1 1 1 1 1 0 0 
1 1 1 1 1 1 0 0 1 1 
1 1 1 1 1 1 1 1 0 2 
1 1 0 0 0 1 1 0 0 1 
1 1 1 1 1 0 0 0 0 2 
1 1 1 1 1 0 0 0 0 1 
0 0 0 0 0 1 1 0 0 1 
1 1 0 0 0 0 1 0 0 0 
1 1 1 1 0 2 0 0 0 1 
1 1 1 0 1 1 1 0 0 2 
1 1 1 1 1 0 1 1 0 0 
1 1 1 1 1 0 0 0 1 1 
1 1 1 1 0 0 1 0 0 1 
1 1 1 1 0 0 1 0 0 2 
1 1 1 1 1 1 1 0 1 2 
1 1 1 0 1 0 0 0 0 1 
1 1 1 0 1 0 0 0 0 0 
1 1 1 2 0 0 0 0 0 1 
1 1 1 2 0 0 0 0 0 2 
0 0 0 0 0 0 0 1 0 2 
0 0 0 0 0 0 0 1 0 1 
1 1 1 0 1 0 0 0 0 2 
1 1 1 1 1 1 1 0 1 1 
1 1 1 1 0 0 1 0 0 0 
1 1 1 1 1 0 0 1 1 1 
1 0 0 0 0 0 1 0 0 2 
1 1 0 0 0 0 1 1 0 2 
1 1 0 0 0 0 0 0 1 1 
1 1 1 1 1 0 0 0 0 0 
1 1 0 1 0 0 0 0 0 0 
2 0 0 0 0 0 0 0 0 2 
1 1 0 1 0 0 0 0 0 2 
1 1 0 1 0 0 0 0 0 1 
1 1 1 1 1 1 1 0 0 2 
1 1 1 1 1 1 1 0 0 1 
1 1 1 0 1 1 1 1 1 1 
1 1 1 0 1 1 1 1 1 0 
1 1 1 0 1 1 1 1 0 2 
1 1 1 0 1 1 1 1 0 1 
1 1 1 0 0 0 0 2 0 2 
1 0 0 0 0 0 1 0 0 1 
1 1 1 1 0 0 1 1 0 2 
1 0 0 0 0 0 1 0 0 0 
1 1 1 1 0 0 0 0 1 1 
1 1 1 1 1 1 0 1 0 0 
1 1 1 1 1 1 0 1 0 2 
1 1 1 1 1 1 0 1 0 1 
1 1 1 0 0 1 0 0 0 0 
1 1 1 0 0 1 0 0 0 1 
1 0 0 0 0 0 1 1 0 2 
1 1 1 0 1 1 1 0 0 1 
1 1 1 0 1 1 1 0 0 0 
1 1 0 0 0 0 1 0 0 2 
1 1 0 0 0 0 1 0 0 1 
1 0 0 1 0 0 0 0 0 0 
1 0 0 1 0 0 0 0 0 1 
1 0 0 1 0 0 0 0 0 2 
1 1 1 0 1 1 1 1 1 2 
1 1 1 1 0 0 0 0 0 2 
1 1 1 1 0 0 0 0 0 0 
1 1 1 1 0 0 0 0 0 1 
0 0 0 0 0 2 0 0 0 1 
1 1 1 1 0 1 0 0 0 0 
1 1 1 1 0 1 0 0 0 1 
1 1 0 1 1 0 0 0 0 2 
1 1 1 1 1 0 0 2 0 2 
1 0 0 0 0 0 0 0 0 1 
1 1 0 1 1 0 0 0 0 0 
1 0 0 0 0 0 0 0 0 2 
1 1 0 1 1 0 0 0 0 1 
1 1 1 0 1 1 0 0 0 0 
1 1 0 0 0 0 2 0 0 2 
1 1 1 0 0 0 0 1 0 1 
1 1 1 0 0 0 0 1 0 2 
1 0 0 0 0 0 0 0 1 1 
1 1 1 1 1 1 0 0 0 1 
1 1 1 1 1 1 0 0 0 0 
1 1 1 1 1 1 0 0 0 2 
0 0 2 0 0 0 0 0 0 1 
0 0 2 0 0 0 0 0 0 0 
0 1 0 0 0 0 0 0 0 0 
1 1 1 1 0 1 1 1 0 0 
0 1 0 0 0 0 0 0 0 2 
0 1 0 0 0 0 0 0 0 1 
1 1 1 0 1 1 1 1 0 0 
1 1 1 0 0 0 0 0 0 0 
1 1 0 0 0 0 2 0 0 1 
1 1 0 0 0 0 2 0 0 0 
1 1 1 0 1 1 0 0 0 2 
1 1 1 0 1 1 0 0 0 1 
1 1 1 1 0 0 0 1 0 1 
1 0 0 0 0 0 0 0 0 0 
1 1 1 1 0 0 0 1 0 2 
1 1 1 1 1 1 0 1 1 1 
1 1 1 1 1 1 0 1 1 0 
1 0 0 0 0 1 1 0 0 1 
1 1 1 1 1 1 1 2 0 2 
1 1 1 1 1 1 0 1 1 2 
1 1 1 0 0 1 1 0 0 1 
MFS
[ - , - , - , - , - , - , - , - , - , 0 ]
[ - , - , - , - , - , - , - , - , - , 1 ]
[ - , - , - , - , - , - , - , - , - , 2 ]
precise
0.0
recall
0.0
F-measure
0.0
multi
36
time
all 1476 iden 0 gen 160
t-cover
0
all-cover
405
coveredNum
(1 : 405)  
real Identify

testCase Num: 257
regaular Num: 36
identify Num: 226
1 1 1 1 0 1 1 1 1 1 
1 0 0 0 0 0 0 1 0 2 
1 0 1 1 1 1 1 1 0 0 
1 0 0 0 2 0 0 0 0 1 
1 0 0 0 0 0 0 1 0 1 
1 1 1 0 0 0 0 0 1 0 
1 1 1 0 0 0 0 0 1 1 
1 1 1 0 0 0 0 0 0 1 
1 1 1 0 0 0 0 0 0 2 
0 1 1 1 1 1 1 1 0 1 
0 1 1 1 1 1 1 1 0 2 
1 0 1 1 1 1 0 0 0 1 
1 0 1 1 1 1 0 0 0 2 
1 1 0 1 1 1 1 1 1 0 
1 1 0 1 1 1 1 1 1 1 
0 0 0 0 0 0 2 0 0 0 
0 0 0 0 0 0 2 0 0 1 
1 1 1 1 2 0 0 0 0 1 
1 1 0 0 1 0 0 0 0 1 
1 1 1 1 1 2 0 0 0 2 
1 1 1 1 0 1 1 0 0 1 
1 1 0 1 1 1 1 0 1 0 
1 0 1 1 1 1 0 0 0 0 
0 1 1 1 1 1 0 0 0 2 
1 1 1 0 0 0 0 0 2 0 
0 1 1 1 1 1 0 0 0 1 
1 1 1 0 0 0 0 0 2 2 
1 1 1 0 0 0 0 0 1 2 
1 1 1 1 1 0 2 0 0 0 
1 1 1 1 1 0 2 0 0 1 
1 1 1 1 0 0 0 2 0 2 
1 1 0 1 1 1 1 0 0 0 
2 1 0 0 0 0 0 0 0 1 
1 1 0 1 1 1 1 0 0 1 
1 1 1 0 2 0 0 0 0 1 
1 0 0 0 0 0 0 2 0 2 
1 1 1 0 0 0 1 0 0 0 
1 1 1 0 0 0 1 0 0 1 
1 0 0 0 0 1 0 0 0 0 
1 1 0 1 1 1 0 0 0 0 
1 0 0 0 0 1 0 0 0 1 
1 1 0 0 0 1 0 1 0 2 
1 1 0 1 1 1 0 0 0 1 
1 0 0 0 0 1 0 0 0 2 
0 0 1 0 0 0 0 0 0 0 
1 1 1 1 1 1 0 2 0 2 
0 0 1 0 0 0 0 0 0 1 
1 1 1 0 0 0 1 0 1 0 
1 1 0 0 0 2 0 0 0 2 
1 0 2 0 0 0 0 0 0 0 
1 0 2 0 0 0 0 0 0 1 
0 1 0 0 0 1 0 0 0 2 
1 1 0 1 1 1 0 0 1 0 
1 1 0 1 1 1 1 1 0 0 
1 1 0 1 1 1 1 1 0 1 
0 0 1 0 0 0 0 0 1 0 
0 0 0 0 0 0 0 0 1 2 
0 1 1 1 1 0 1 1 0 2 
0 0 0 0 0 0 0 0 1 1 
2 0 0 0 0 1 0 0 0 2 
1 0 1 1 1 0 0 0 0 2 
1 1 1 1 1 0 1 1 1 2 
1 1 0 0 0 0 0 2 0 2 
1 0 1 1 0 0 0 0 0 0 
0 1 1 1 0 0 0 0 0 1 
0 1 1 1 0 0 0 0 0 2 
1 1 1 1 1 0 1 0 0 1 
1 1 1 1 1 0 1 0 0 0 
1 0 0 0 0 1 0 1 0 2 
1 1 0 0 0 1 0 0 0 0 
1 1 0 0 0 1 0 0 0 2 
0 0 0 0 0 0 0 0 2 0 
1 1 0 0 0 1 0 0 0 1 
0 0 0 0 0 0 0 0 0 1 
0 1 1 1 1 0 0 0 0 1 
0 0 0 0 0 0 0 0 0 0 
0 0 0 0 0 0 0 0 0 2 
0 1 1 1 1 0 0 0 0 2 
1 1 1 1 1 1 2 0 0 0 
1 1 1 1 1 1 2 0 0 1 
1 1 1 1 1 0 1 1 0 2 
1 1 1 1 1 0 1 1 0 1 
1 1 1 1 1 0 0 0 1 2 
1 1 1 0 0 0 2 0 0 0 
1 1 1 0 0 0 2 0 0 1 
1 1 1 1 1 0 1 1 1 1 
1 1 1 1 1 0 0 0 2 2 
1 1 1 1 1 0 1 1 1 0 
1 0 1 1 1 1 1 0 0 2 
1 1 1 1 1 0 0 0 2 0 
1 0 1 1 1 0 0 0 0 0 
1 0 1 1 1 0 0 0 0 1 
0 0 0 0 0 0 0 0 1 0 
0 0 0 0 0 0 1 0 0 1 
0 0 0 1 0 0 0 0 0 2 
1 0 1 1 1 1 1 0 0 1 
1 0 1 1 1 1 1 0 0 0 
1 0 1 0 0 0 0 0 0 2 
1 1 0 0 0 0 0 1 0 2 
1 1 0 0 0 0 0 1 0 1 
0 1 1 1 1 1 1 0 0 1 
0 1 1 1 1 1 1 0 0 2 
1 0 1 1 1 1 1 1 1 2 
1 0 1 0 0 0 0 0 1 0 
0 0 0 0 0 0 1 0 1 0 
0 0 0 0 0 0 0 0 2 2 
1 0 1 1 1 1 1 1 1 1 
1 0 1 1 1 1 1 1 1 0 
1 1 1 1 1 0 1 0 0 2 
1 0 1 1 0 0 0 0 0 2 
1 0 1 1 0 0 0 0 0 1 
0 1 1 1 1 1 1 1 1 1 
0 1 1 1 1 1 1 1 1 2 
1 0 1 1 1 1 1 1 0 2 
1 1 1 1 1 0 1 0 1 2 
0 0 0 0 1 0 0 0 0 1 
1 0 1 1 1 1 1 1 0 1 
1 1 1 1 1 0 1 0 1 0 
0 0 0 0 0 0 1 0 0 0 
1 1 1 1 1 1 1 0 0 0 
1 1 1 1 1 1 1 1 2 0 
1 1 1 1 0 0 2 0 0 1 
1 1 1 1 0 0 2 0 0 0 
1 1 1 1 1 0 0 1 0 2 
1 1 1 1 1 0 0 1 0 1 
2 0 0 0 0 0 0 0 0 1 
1 1 0 0 0 0 0 0 0 2 
1 1 0 0 0 0 0 0 0 0 
1 1 0 0 0 0 0 0 0 1 
1 1 0 0 0 0 0 0 1 0 
1 1 1 1 1 1 1 1 1 2 
1 1 1 1 1 1 1 1 1 1 
1 1 1 1 1 1 0 0 2 2 
0 1 1 1 0 1 0 0 0 2 
1 0 0 0 1 0 0 0 0 1 
0 1 1 0 0 0 0 0 0 2 
1 0 0 0 0 2 0 0 0 2 
0 0 0 0 0 0 0 2 0 2 
1 1 1 1 1 1 1 1 1 0 
1 1 1 1 1 1 0 0 2 0 
0 1 1 0 0 0 0 0 0 1 
0 0 0 0 0 1 0 0 0 2 
0 0 0 0 0 1 0 0 0 1 
0 0 0 0 0 1 0 0 0 0 
1 1 2 0 0 0 0 0 0 1 
1 1 2 0 0 0 0 0 0 0 
1 1 1 0 0 2 0 0 0 2 
1 0 1 0 0 0 0 0 0 1 
1 0 1 0 0 0 0 0 0 0 
0 0 0 0 2 0 0 0 0 1 
1 0 0 0 0 0 2 0 0 1 
1 0 0 0 0 0 2 0 0 0 
1 1 1 1 1 1 1 1 0 1 
1 1 1 1 1 1 0 0 1 2 
1 1 1 1 1 1 1 1 0 0 
1 1 1 1 1 1 0 0 1 1 
1 1 1 1 1 1 1 1 0 2 
0 1 1 1 1 0 1 0 0 2 
1 1 1 1 1 1 1 0 2 0 
1 1 1 1 1 1 1 0 2 2 
1 1 1 1 0 0 1 0 1 0 
1 1 1 1 1 0 0 0 0 2 
1 1 1 1 1 0 0 0 0 1 
1 1 0 0 0 0 0 0 2 2 
1 1 0 0 0 0 1 0 0 0 
1 1 1 0 1 1 1 0 0 2 
1 1 1 1 1 0 1 1 0 0 
1 1 1 1 1 0 0 0 1 1 
1 1 1 1 1 0 0 0 1 0 
1 1 1 1 0 0 1 0 0 1 
1 1 1 1 0 2 0 0 0 2 
1 1 1 1 1 1 1 0 1 2 
1 1 1 0 1 0 0 0 0 1 
1 1 1 0 0 1 0 1 0 2 
0 0 0 0 0 0 0 1 0 2 
0 0 0 0 0 0 0 1 0 1 
0 1 1 1 1 0 1 1 1 2 
1 1 1 0 1 0 0 0 0 2 
1 1 1 1 1 1 1 0 1 1 
1 1 1 1 1 1 1 0 1 0 
1 1 1 1 0 0 1 0 0 0 
1 1 0 0 0 0 0 0 1 1 
1 1 0 0 0 0 0 0 1 2 
1 1 0 0 0 0 0 0 2 0 
1 1 1 1 1 0 0 0 0 0 
1 1 0 1 0 0 0 0 0 0 
2 0 0 0 0 0 0 0 0 2 
1 0 0 0 0 0 1 0 1 0 
1 1 0 1 0 0 0 0 0 2 
1 1 1 1 0 0 0 0 2 2 
1 1 0 1 0 0 0 0 0 1 
1 1 1 1 1 1 1 0 0 2 
1 1 1 1 1 1 1 0 0 1 
1 1 1 1 1 1 1 1 2 2 
1 1 1 1 0 1 0 1 0 2 
1 1 1 1 0 0 0 0 2 0 
1 1 1 0 1 1 1 1 0 2 
1 1 1 0 0 0 0 2 0 2 
1 0 0 0 0 0 1 0 0 1 
1 0 0 0 0 0 1 0 0 0 
1 1 0 1 0 0 0 0 1 0 
1 1 1 1 0 0 0 0 1 1 
1 1 1 1 0 0 0 0 1 2 
1 1 1 1 1 1 0 1 0 0 
1 1 1 1 1 1 0 1 0 2 
1 1 1 1 1 1 0 1 0 1 
1 1 1 0 0 1 0 0 0 2 
1 1 1 0 0 1 0 0 0 0 
1 1 1 0 0 1 0 0 0 1 
1 1 1 1 0 0 0 0 1 0 
1 0 0 0 0 0 0 0 1 2 
1 1 0 0 0 0 1 0 0 1 
1 1 0 0 0 0 1 0 1 0 
1 0 0 1 0 0 0 0 0 2 
1 1 1 0 1 1 1 1 1 2 
1 1 1 1 0 0 0 0 0 2 
1 0 0 0 0 0 0 0 2 2 
1 1 1 1 0 0 0 0 0 0 
1 0 0 0 0 0 0 0 2 0 
1 1 1 1 0 0 0 0 0 1 
0 1 1 0 0 1 0 0 0 2 
0 0 0 0 0 2 0 0 0 2 
1 1 1 1 0 1 0 0 0 0 
1 1 1 1 1 1 0 0 1 0 
1 1 1 1 0 1 0 0 0 1 
1 1 0 0 2 0 0 0 0 1 
1 1 1 1 0 1 0 0 0 2 
1 1 1 1 1 0 0 2 0 2 
1 1 0 1 1 0 0 0 0 0 
1 0 0 0 0 0 0 0 0 1 
1 1 0 1 1 0 0 0 0 1 
1 0 0 0 0 0 0 0 0 2 
1 1 1 0 0 0 0 1 0 1 
1 1 1 0 0 0 0 1 0 2 
1 0 0 0 0 0 0 0 1 0 
1 1 0 1 1 0 0 0 1 0 
1 0 0 0 0 0 0 0 1 1 
1 1 1 1 1 1 0 0 0 1 
1 1 1 1 1 1 0 0 0 0 
1 1 1 1 1 1 0 0 0 2 
0 0 2 0 0 0 0 0 0 1 
0 0 2 0 0 0 0 0 0 0 
0 1 0 0 0 0 0 0 0 0 
1 1 1 1 0 1 1 1 0 1 
0 1 0 0 0 0 0 0 0 2 
0 1 0 0 0 0 0 0 0 1 
0 0 0 0 0 1 0 1 0 2 
1 1 1 0 0 0 0 0 0 0 
1 1 0 0 0 0 2 0 0 1 
1 1 0 0 0 0 2 0 0 0 
1 1 1 0 1 1 0 0 0 2 
1 1 1 1 0 0 0 1 0 1 
1 0 0 0 0 0 0 0 0 0 
1 1 1 1 0 0 0 1 0 2 
1 1 1 1 1 1 0 1 1 1 
1 1 1 1 1 1 0 1 1 0 
1 1 1 1 1 1 1 2 0 2 
MFS
[ - , - , - , - , - , - , - , - , - , 0 ]
[ - , - , - , - , - , - , - , - , - , 1 ]
[ - , - , - , - , - , - , - , - , - , 2 ]
precise
0.0
recall
0.0
F-measure
0.0
multi
36
time
all 1419 iden 0 gen 154
t-cover
0
all-cover
405
coveredNum
(1 : 405)  
real Identify

