testCase Num: 293
regaular Num: 15
identify Num: 278
1 4 3 0 2 1 4 2 3 4 3 
0 2 4 2 4 3 1 2 0 3 4 
1 1 1 0 0 0 0 0 1 1 0 
0 2 3 3 1 4 1 4 4 4 3 
2 1 1 1 3 2 4 1 0 0 0 
2 1 4 2 2 1 1 1 0 3 0 
4 4 1 4 0 1 1 4 2 4 0 
1 1 1 1 1 1 1 0 0 1 0 
0 0 1 2 3 4 1 2 3 3 4 
1 1 1 1 1 1 1 1 1 1 0 
2 2 2 2 2 2 0 0 0 0 0 
0 4 4 2 2 4 0 2 1 1 3 
1 1 1 1 1 1 1 1 1 1 1 
2 1 4 4 2 1 1 1 0 3 0 
0 3 4 1 3 2 2 2 0 3 4 
3 3 1 2 4 3 0 1 2 4 4 
1 1 0 0 0 1 1 1 1 1 0 
3 0 0 1 0 0 0 2 1 2 0 
2 2 4 2 0 4 3 4 2 0 0 
2 2 2 2 2 2 1 2 2 2 2 
2 4 1 2 0 4 3 4 2 4 0 
2 4 1 4 0 4 3 4 2 4 0 
4 3 3 2 2 1 1 1 2 3 0 
2 2 3 3 1 1 3 2 0 4 3 
4 2 1 3 1 0 0 0 0 0 0 
1 0 0 1 0 0 0 3 3 2 0 
2 1 1 1 3 2 2 2 0 3 4 
3 4 0 1 0 0 1 2 3 1 0 
0 2 0 3 1 4 1 4 2 3 4 
4 4 1 3 1 1 2 2 0 0 3 
2 4 4 2 0 4 3 4 2 4 0 
1 1 1 1 1 1 1 0 0 0 0 
2 2 0 0 0 0 0 0 0 0 0 
0 2 3 3 0 3 2 4 4 4 3 
1 1 1 1 1 1 1 1 0 0 0 
2 3 3 3 1 2 4 1 2 0 0 
4 1 1 3 0 0 0 0 3 2 0 
0 2 1 2 3 1 3 4 4 3 0 
4 4 3 4 2 1 0 3 1 1 0 
2 2 3 1 0 4 3 4 2 0 0 
1 0 0 1 0 0 0 0 0 2 0 
0 1 1 1 1 1 1 1 1 1 1 
4 4 0 2 4 1 1 3 3 1 0 
0 2 3 3 0 3 2 3 4 4 4 
2 2 2 2 2 2 2 2 0 0 0 
1 1 1 1 1 1 1 0 1 1 1 
3 4 3 2 0 0 4 2 1 1 0 
1 1 1 1 1 1 1 0 1 1 0 
1 1 1 1 1 1 1 1 0 1 0 
4 4 4 4 3 3 4 4 0 2 4 
1 2 4 3 2 1 1 2 1 4 3 
1 1 1 1 1 1 1 1 0 1 1 
0 4 0 2 3 3 2 3 1 1 2 
0 1 1 1 1 1 1 1 1 1 0 
2 2 3 3 1 4 1 4 0 0 3 
2 1 2 1 1 4 2 2 0 3 0 
0 4 4 1 4 2 3 2 3 2 1 
0 3 1 4 3 3 4 3 2 1 2 
0 0 0 0 0 0 1 1 1 1 0 
0 1 3 1 2 4 2 2 3 1 4 
0 2 3 3 0 4 1 4 4 4 3 
2 2 3 3 1 1 3 4 0 0 3 
3 1 2 4 0 1 1 2 1 4 4 
0 4 3 2 2 1 4 0 1 2 3 
2 1 4 2 0 4 3 4 2 4 0 
2 2 4 4 4 2 1 1 0 3 0 
2 1 1 2 0 1 1 1 4 1 3 
2 1 2 1 1 4 1 1 0 3 0 
3 4 1 3 2 3 4 3 0 0 2 
1 0 4 1 2 3 2 3 3 4 2 
0 3 2 2 2 4 1 3 0 2 4 
2 2 1 4 4 1 1 1 2 0 0 
1 0 2 3 4 2 3 4 1 1 4 
0 1 1 1 3 2 2 2 0 3 4 
0 2 2 4 4 0 1 4 3 4 4 
0 4 2 3 0 3 2 2 4 4 3 
4 4 3 2 2 1 4 0 3 1 0 
1 0 1 1 3 3 1 2 4 3 0 
2 1 2 1 1 4 2 2 0 4 0 
0 3 3 1 2 1 4 1 1 0 4 
2 2 4 4 4 1 1 1 0 3 0 
2 1 2 1 0 4 2 2 0 4 4 
2 1 1 3 0 2 2 2 0 1 1 
2 4 4 3 2 0 3 1 4 3 1 
0 4 3 2 1 0 2 3 1 1 3 
0 2 4 2 4 3 2 2 0 3 4 
1 1 1 1 1 0 0 0 0 0 0 
4 2 3 2 1 0 0 0 0 1 0 
2 1 1 1 0 2 2 2 0 1 1 
0 3 2 2 1 3 3 3 0 2 1 
3 3 3 3 3 2 3 3 3 0 3 
3 0 0 1 0 0 1 1 3 2 0 
1 0 0 0 0 0 0 0 0 0 0 
4 1 1 3 0 4 3 1 3 2 2 
2 1 1 4 2 3 4 3 3 0 3 
0 1 0 2 4 1 1 2 3 2 3 
2 1 1 1 0 3 2 2 0 1 1 
3 4 0 1 2 3 1 3 1 1 0 
0 2 4 2 4 2 2 2 0 3 4 
1 1 1 1 1 1 0 0 0 1 0 
0 4 3 2 0 3 2 2 1 1 3 
2 1 2 3 0 4 2 2 0 4 4 
1 1 0 0 0 0 0 0 0 1 0 
2 1 2 2 2 1 1 1 0 3 0 
2 1 2 1 2 1 1 1 0 3 0 
1 1 0 0 0 0 0 0 0 0 0 
2 4 1 4 2 4 3 4 2 4 0 
1 1 1 1 1 1 0 0 0 0 0 
4 3 3 2 2 1 1 1 0 3 0 
0 0 0 1 1 1 1 1 1 1 0 
3 1 3 4 4 4 2 0 4 3 2 
0 4 1 1 3 2 2 2 0 3 4 
1 1 1 1 1 0 0 0 1 1 0 
2 3 2 3 3 3 2 3 4 4 0 
2 2 1 4 4 1 3 4 2 0 0 
3 4 3 1 0 0 0 0 1 1 0 
0 3 4 2 3 4 1 0 3 1 1 
1 0 0 0 0 0 0 0 1 1 0 
4 1 1 3 0 0 0 0 0 0 0 
2 2 3 1 4 1 3 2 0 0 4 
2 3 4 2 3 4 1 4 1 3 3 
3 0 0 1 3 3 1 2 1 3 0 
1 1 1 2 3 4 1 2 3 3 4 
1 1 1 1 1 1 0 0 1 1 0 
3 3 3 2 2 1 1 1 0 3 0 
1 0 0 0 0 0 1 1 1 1 0 
0 2 2 3 1 3 0 3 4 2 2 
2 1 0 1 0 0 0 0 0 0 0 
2 3 2 3 1 3 3 4 2 0 0 
1 1 1 1 0 1 1 1 1 1 1 
3 1 4 3 1 2 4 1 0 3 0 
1 1 1 1 1 0 0 1 1 1 0 
4 2 2 1 0 4 4 3 2 3 3 
2 2 4 4 1 2 2 3 1 3 0 
1 1 1 1 0 1 1 1 1 1 0 
3 4 0 1 0 0 0 2 3 1 0 
1 1 1 1 0 0 0 0 0 1 0 
3 4 0 1 0 0 0 0 0 1 0 
0 3 4 2 0 4 1 4 0 0 3 
2 4 1 3 0 3 2 3 4 4 0 
3 4 3 1 0 0 1 2 1 1 0 
2 2 1 4 4 2 1 1 1 0 0 
1 1 0 0 1 1 1 1 1 1 0 
1 1 1 1 1 0 0 0 0 1 0 
1 1 1 1 1 1 1 1 1 0 0 
1 1 1 1 1 1 1 1 1 0 1 
3 4 3 1 0 0 0 0 0 1 0 
3 4 3 2 1 0 4 3 1 1 0 
0 2 1 3 3 4 1 3 0 4 2 
0 0 3 2 2 1 4 3 1 2 3 
2 1 2 1 1 4 2 1 0 3 0 
1 1 1 1 0 0 0 1 1 1 0 
3 4 0 1 0 0 0 0 1 2 0 
1 0 0 1 0 3 1 2 3 3 0 
1 4 3 1 2 3 1 3 4 4 0 
2 0 0 0 0 0 0 0 0 0 0 
1 1 0 0 0 0 0 1 1 1 0 
4 3 2 3 1 3 1 4 2 0 0 
4 0 1 2 3 4 1 1 3 3 0 
1 1 1 1 0 0 0 0 1 1 0 
2 1 1 1 0 0 0 0 0 0 0 
2 2 2 2 2 2 2 0 0 0 0 
0 4 1 1 3 3 2 2 1 0 2 
0 1 3 2 3 1 0 4 2 3 4 
1 0 0 1 0 0 0 0 3 2 0 
3 1 4 2 0 4 3 4 2 0 0 
4 4 3 2 1 0 0 3 1 1 0 
0 3 4 2 3 2 2 2 0 3 4 
4 1 4 2 0 4 3 4 2 0 0 
1 4 3 2 1 3 1 3 4 1 3 
0 1 1 3 3 0 3 2 2 2 2 
2 1 1 1 3 2 2 2 4 3 4 
3 4 3 2 0 1 4 2 1 1 0 
1 1 1 1 0 0 0 0 0 0 0 
4 2 1 3 1 1 3 0 0 0 0 
4 3 1 4 2 1 1 1 0 3 0 
1 2 2 0 1 2 3 4 4 1 4 
3 4 0 1 0 3 1 2 3 1 0 
1 1 1 0 1 1 1 1 1 1 1 
1 1 1 0 1 1 1 1 1 1 0 
4 3 0 4 1 2 4 2 4 4 1 
4 2 1 4 3 0 0 0 3 1 0 
3 4 1 3 0 2 4 1 2 1 2 
0 1 1 1 1 3 3 1 1 1 1 
2 4 1 3 0 2 4 1 3 1 0 
0 4 4 2 0 4 1 4 4 4 3 
2 2 1 1 4 2 2 2 0 2 3 
1 2 0 3 4 1 3 4 3 4 2 
1 1 1 1 1 0 1 1 1 1 1 
1 1 1 1 1 0 1 1 1 1 0 
1 1 0 0 0 0 0 0 1 1 0 
3 0 0 1 0 0 0 0 1 2 0 
2 1 4 2 0 4 1 4 0 0 3 
1 0 1 1 1 1 1 1 1 1 1 
2 1 3 2 2 1 1 1 0 3 0 
1 0 0 1 3 3 1 3 4 3 0 
1 0 1 1 1 1 1 1 1 1 0 
4 4 3 2 4 1 4 3 1 1 0 
3 2 2 4 3 1 2 1 0 1 1 
4 4 3 4 0 2 1 1 2 4 0 
1 1 1 1 0 0 1 1 1 1 0 
4 1 1 3 0 0 0 0 0 1 0 
1 0 0 0 0 0 0 1 1 1 0 
0 4 4 2 1 4 2 3 3 4 0 
2 4 1 4 0 1 3 4 2 4 0 
3 0 0 1 0 0 0 0 0 1 0 
1 1 1 1 1 1 0 1 1 1 1 
1 4 1 2 3 4 1 2 3 3 0 
2 2 1 1 0 2 2 2 0 1 1 
1 0 0 1 0 0 1 1 3 2 0 
2 1 2 1 1 1 1 1 0 3 0 
2 3 3 2 2 1 1 1 0 3 0 
3 4 3 1 0 0 0 2 1 1 0 
1 1 0 0 0 0 1 1 1 1 0 
0 2 3 4 4 1 1 1 0 2 3 
1 0 0 0 0 0 0 0 0 1 0 
1 0 0 0 0 1 1 1 1 1 0 
2 3 3 4 0 3 2 3 4 2 1 
1 1 1 1 1 1 0 1 1 1 0 
0 4 1 2 3 4 2 2 1 0 2 
3 1 4 2 0 4 3 4 2 4 0 
1 0 0 0 1 1 1 1 1 1 0 
4 4 3 2 3 1 0 0 1 1 0 
0 2 1 3 1 3 3 0 2 4 2 
1 0 0 1 1 1 1 1 1 1 0 
0 1 2 1 0 1 3 2 3 2 4 
3 4 3 2 1 4 1 3 0 1 0 
2 2 1 4 4 1 1 4 2 0 0 
2 2 2 2 2 2 2 2 2 2 0 
3 4 1 3 1 4 1 2 0 0 0 
0 4 1 4 0 2 3 2 2 3 1 
2 4 3 2 0 4 1 4 0 0 3 
2 4 3 1 0 4 1 4 0 0 3 
0 4 3 2 1 4 3 2 0 1 3 
0 0 0 0 0 0 0 0 1 1 0 
2 3 4 2 0 4 1 4 0 0 3 
2 4 1 2 0 4 3 4 2 0 0 
2 4 1 4 0 4 3 4 2 0 0 
2 2 4 1 4 4 2 3 0 3 0 
2 2 2 0 0 0 0 0 0 0 0 
1 0 0 1 0 0 0 0 0 0 0 
2 2 2 2 0 0 0 0 0 0 0 
4 2 1 4 2 1 4 1 3 0 0 
2 2 3 1 4 1 1 4 0 0 3 
3 0 3 1 1 3 1 3 4 2 0 
0 2 3 2 0 4 1 4 4 4 3 
1 1 1 0 0 0 0 1 1 1 0 
3 4 3 4 0 0 0 2 1 1 0 
2 4 4 2 0 4 3 4 2 0 0 
0 2 3 4 4 2 1 1 1 0 1 
1 1 0 1 1 1 1 1 1 1 1 
0 2 2 4 3 1 1 1 4 0 4 
3 4 3 1 2 3 1 2 1 1 0 
0 0 0 0 0 0 0 0 0 0 0 
1 1 0 1 1 1 1 1 1 1 0 
2 1 1 1 1 1 1 1 3 1 0 
4 2 1 3 1 1 3 0 0 4 0 
2 0 0 1 0 0 0 0 0 0 0 
2 2 3 2 0 4 3 4 2 0 0 
2 2 2 2 2 0 0 0 0 0 0 
1 1 1 0 0 0 0 0 0 1 0 
2 3 4 1 1 1 2 4 3 4 2 
1 1 1 0 0 1 1 1 1 1 0 
4 2 3 3 2 1 0 0 0 1 0 
0 0 0 0 0 1 1 1 1 1 0 
2 4 1 4 1 4 3 4 2 0 0 
2 2 4 1 4 4 2 3 0 1 0 
0 0 0 0 0 0 0 0 0 1 0 
2 2 2 2 2 2 2 2 2 0 0 
1 1 1 0 0 0 1 1 1 1 0 
0 3 2 2 1 3 1 3 0 3 4 
4 1 1 3 2 1 0 0 0 0 0 
0 4 4 3 2 4 4 3 0 4 2 
0 2 3 3 0 3 1 4 4 4 3 
0 0 1 1 1 1 1 1 1 1 0 
3 1 4 2 1 4 3 4 2 2 1 
1 1 1 0 0 0 0 0 0 0 0 
3 0 0 1 0 1 1 4 4 2 0 
4 4 2 3 1 1 2 2 4 0 3 
0 0 4 3 1 3 2 3 2 1 1 
4 3 3 4 0 1 1 1 0 3 0 
0 0 0 0 0 0 0 1 1 1 0 
3 4 1 3 0 2 4 3 0 1 2 
2 2 3 2 2 1 1 1 0 3 0 
2 3 4 2 0 4 1 4 1 1 3 
2 2 3 1 4 4 3 4 2 0 0 
0 3 4 2 0 4 1 4 4 1 3 
2 1 4 2 0 4 3 4 2 0 0 
4 3 2 1 2 1 1 2 3 0 0 
0 2 2 2 1 3 1 3 3 3 4 
0 0 0 0 1 1 1 1 1 1 0 
0 1 1 1 4 1 1 1 1 2 2 
3 4 3 1 0 3 1 2 1 1 0 
MFS
[ - , - , - , - , 0 , - , - , - , - , - , 0 ]
[ 1 , - , - , - , - , - , - , - , - , - , - ]
[ 0 , - , - , - , 0 , - , - , - , - , - , - ]
[ 0 , - , - , - , - , - , - , - , - , - , 0 ]
[ - , - , - , - , - , - , - , - , - , 0 , - ]
[ - , - , - , - , - , - , - , - , 0 , - , - ]
[ - , - , - , - , - , - , - , 0 , - , - , - ]
[ - , - , - , - , - , - , 0 , - , - , - , - ]
[ - , - , - , - , - , 0 , - , - , - , - , - ]
[ - , - , - , - , - , - , - , - , 0 , 0 , - ]
[ - , - , - , 0 , - , - , - , - , - , - , - ]
[ - , - , 0 , - , - , - , - , - , - , - , - ]
[ 0 , - , - , - , - , - , - , - , 0 , - , - ]
[ - , 0 , - , - , - , - , - , - , - , - , - ]
precise
0.35714285714285715
recall
0.08333333333333333
F-measure
0.13513513513513514
multi
4
time
all 10533 iden 10002 gen 264
t-cover
1079
all-cover
1375
coveredNum
(1 : 704)  (2 : 307)  (3 : 212)  (4 : 91)  (5 : 34)  (6 : 16)  (7 : 8)  (8 : 1)  (9 : 2)  
real Identify
([ - , - , - , - , 0 , - , - , - , - , - , 0 ] : 1)  ([ 0 , - , - , - , 0 , - , - , - , - , - , - ] : 1)  ([ 0 , - , - , - , - , - , - , - , - , - , 0 ] : 1)  ([ - , - , - , - , - , - , - , - , 0 , 0 , - ] : 1)  ([ 0 , - , - , - , - , - , - , - , 0 , - , - ] : 1)  
multiple f measure
0.07079646017699116
multiple f recall
0.039603960396039604
multiple f precise
0.3333333333333333
multiple f found
4.0
multiple f found percent
0.039603960396039604
multipe helpedInTheNextRun
2.0
multipe helpedInTheNextRun percent
0.019801980198019802
negative checked
0.0
negtive impoved
0.0
postive checked
3.0
postive impoved
0.0
feedback start times
7.0
testCase Num: 243
regaular Num: 23
identify Num: 220
4 2 2 3 3 1 4 0 0 0 0 
1 1 1 0 0 0 0 0 1 1 0 
0 3 2 0 2 2 4 3 1 1 3 
4 1 4 3 1 3 2 4 2 1 1 
0 3 2 0 2 2 4 3 1 1 1 
4 2 1 4 0 3 4 3 2 3 2 
2 1 1 0 0 0 0 0 0 0 0 
1 1 1 1 1 1 1 0 0 1 0 
1 1 1 1 1 1 1 1 1 1 0 
2 2 2 2 2 2 0 0 0 0 0 
1 1 1 1 1 1 1 1 1 1 1 
0 4 2 0 2 2 4 1 2 3 3 
2 4 1 0 4 2 1 4 3 1 0 
4 3 2 0 1 1 4 4 3 1 0 
1 1 0 0 0 1 1 1 1 1 0 
0 4 1 2 1 3 4 2 2 1 4 
2 3 0 0 2 2 1 3 1 1 2 
2 4 3 0 1 4 4 1 1 0 0 
1 3 2 0 3 1 2 3 3 3 1 
2 4 3 0 3 1 1 1 1 3 0 
3 0 1 0 1 2 1 4 1 2 3 
2 4 0 1 1 1 3 1 4 3 0 
1 1 1 1 1 1 1 0 0 0 0 
2 2 0 0 0 0 0 0 0 0 0 
1 1 1 1 1 1 1 1 0 0 0 
4 4 2 1 0 0 0 0 0 0 0 
4 4 1 0 1 1 3 1 0 0 0 
1 2 1 4 3 0 4 2 4 3 3 
4 4 4 4 1 4 3 3 1 2 0 
3 4 1 0 4 2 1 4 3 1 0 
1 0 0 1 1 1 3 4 3 3 0 
4 1 4 3 1 3 2 1 4 0 0 
0 2 2 0 2 4 1 1 3 4 2 
3 3 1 0 0 2 1 4 3 2 1 
2 1 3 3 4 1 3 2 2 3 3 
0 1 1 1 1 1 1 1 1 1 1 
3 0 0 1 1 1 3 4 4 3 0 
2 2 2 2 2 2 2 2 0 0 0 
1 1 1 1 1 1 1 0 1 1 1 
1 1 1 1 1 1 1 0 1 1 0 
1 1 1 1 1 1 1 1 0 1 0 
0 4 0 2 1 1 4 4 4 2 3 
1 1 1 1 1 1 1 1 0 1 1 
2 1 3 1 0 0 0 0 4 3 0 
0 0 3 0 4 1 3 1 2 3 2 
0 1 1 1 1 1 1 1 1 1 0 
2 4 0 1 0 0 0 3 1 1 0 
1 0 0 1 0 0 3 1 4 3 0 
0 0 0 0 0 0 1 1 1 1 0 
2 1 3 0 4 1 1 2 0 1 2 
0 2 2 3 4 1 3 2 2 3 3 
0 2 3 0 4 1 3 2 2 3 3 
0 4 2 0 1 3 3 1 0 3 3 
0 2 3 2 2 4 4 1 0 4 1 
2 3 2 0 4 2 1 4 3 1 0 
4 1 0 1 0 0 0 0 0 0 0 
3 2 1 1 0 0 0 0 0 0 0 
2 3 3 0 1 4 2 1 4 4 0 
2 1 3 3 3 0 0 0 0 0 0 
1 1 1 1 1 0 0 0 0 0 0 
3 3 3 2 3 3 3 3 3 0 3 
2 1 3 1 0 0 0 0 0 1 0 
2 3 4 3 4 4 4 4 0 3 4 
1 0 0 0 0 0 0 0 0 0 0 
0 3 2 0 2 0 4 2 3 3 1 
1 0 0 1 0 1 3 1 4 3 0 
1 1 1 1 1 1 0 0 0 1 0 
1 1 0 0 0 0 0 0 0 1 0 
1 1 0 0 0 0 0 0 0 0 0 
1 1 1 1 1 1 0 0 0 0 0 
0 0 0 1 1 1 1 1 1 1 0 
1 2 4 0 3 4 2 4 4 1 3 
1 1 1 1 1 0 0 0 1 1 0 
1 0 0 0 0 0 0 0 1 1 0 
0 2 0 0 4 1 3 2 2 3 1 
3 4 4 3 2 1 0 2 3 4 2 
1 1 1 1 1 1 0 0 1 1 0 
1 0 0 0 0 0 1 1 1 1 0 
1 1 1 1 0 1 1 1 1 1 1 
1 1 1 1 1 0 0 1 1 1 0 
2 1 1 1 2 3 4 3 1 1 0 
3 0 3 0 1 4 3 1 1 3 0 
1 1 1 1 0 1 1 1 1 1 0 
1 1 1 1 0 0 0 0 0 1 0 
2 0 0 1 0 0 0 0 3 1 0 
0 4 2 0 3 1 4 0 1 3 3 
0 4 3 1 3 4 3 2 2 3 0 
4 0 0 1 0 0 0 0 0 0 0 
0 1 3 0 1 2 0 3 1 3 3 
2 1 1 4 1 1 1 1 1 1 0 
2 4 1 0 1 1 3 0 0 0 0 
1 1 0 0 1 1 1 1 1 1 0 
1 1 1 1 1 0 0 0 0 1 0 
2 1 3 1 0 0 0 0 0 0 0 
2 4 3 1 0 0 0 1 4 3 0 
1 1 1 1 1 1 1 1 1 0 0 
1 1 1 1 1 1 1 1 1 0 1 
2 1 1 0 1 4 1 1 1 1 2 
2 4 0 0 1 1 3 3 1 3 0 
2 1 4 1 1 2 1 1 1 2 0 
1 1 1 1 0 0 0 1 1 1 0 
2 0 0 0 0 0 0 0 0 0 0 
1 1 0 0 0 0 0 1 1 1 0 
4 1 4 0 1 3 0 0 0 0 0 
0 4 2 0 2 2 3 2 2 3 3 
1 1 1 1 0 0 0 0 1 1 0 
0 3 4 1 2 3 4 3 4 4 0 
2 3 3 0 0 0 0 0 1 1 0 
2 4 2 0 0 1 3 1 1 3 3 
0 1 3 0 4 1 3 2 2 3 3 
2 2 2 2 2 2 2 0 0 0 0 
4 3 2 0 2 1 4 1 4 1 0 
3 4 2 0 1 2 1 1 1 1 3 
1 0 2 3 4 3 1 3 4 2 4 
3 4 1 0 1 0 0 0 0 3 0 
3 4 1 0 1 4 3 0 0 2 0 
1 4 3 0 1 4 3 1 1 3 2 
1 4 3 0 1 4 3 1 1 3 0 
3 3 3 0 1 0 0 1 4 3 0 
2 3 0 1 0 0 0 0 4 1 0 
2 4 3 1 0 0 3 1 4 3 0 
2 3 3 0 2 3 1 4 3 1 0 
0 2 3 0 4 1 3 1 2 0 2 
1 1 1 1 0 0 0 0 0 0 0 
2 2 2 2 1 2 2 2 2 2 2 
1 1 1 0 1 1 1 1 1 1 1 
2 1 3 0 2 3 1 2 0 0 0 
1 1 1 0 1 1 1 1 1 1 0 
2 1 3 0 2 3 4 2 1 0 1 
3 2 0 1 0 0 0 0 0 0 0 
1 1 1 1 1 0 1 1 1 1 1 
1 1 1 1 1 0 1 1 1 1 0 
3 3 1 3 1 1 2 3 4 1 0 
1 1 0 0 0 0 0 0 1 1 0 
2 1 3 0 4 1 3 2 2 3 3 
3 0 0 1 0 0 0 0 0 0 0 
1 0 1 1 1 1 1 1 1 1 1 
3 3 1 0 1 0 0 0 4 3 0 
1 0 1 1 1 1 1 1 1 1 0 
3 4 1 0 1 2 1 4 3 0 4 
0 1 3 3 0 3 2 2 2 1 4 
4 3 2 0 2 1 4 1 3 1 0 
2 4 1 0 1 3 3 1 0 4 0 
3 3 2 0 4 4 0 1 2 1 1 
1 1 1 1 0 0 1 1 1 1 0 
1 0 0 0 0 0 0 1 1 1 0 
4 4 3 4 4 2 2 0 4 4 1 
4 3 2 4 2 0 0 0 0 0 0 
4 3 1 1 3 4 1 2 2 4 3 
2 0 3 1 2 1 3 1 4 3 0 
2 4 0 1 0 0 0 0 0 0 0 
1 1 1 1 1 1 0 1 1 1 1 
3 4 1 0 1 0 1 4 2 2 4 
2 2 1 1 1 1 1 1 1 4 0 
3 2 3 3 0 0 0 0 0 0 0 
4 3 3 0 2 1 4 1 1 2 0 
1 1 0 0 0 0 1 1 1 1 0 
2 4 0 1 0 0 3 1 4 1 0 
1 1 3 0 2 3 4 2 2 1 1 
2 1 3 0 1 3 0 0 0 1 0 
1 0 0 0 0 0 0 0 0 1 0 
4 1 2 2 2 0 3 4 1 4 4 
2 1 3 0 1 3 0 0 1 3 0 
3 2 4 2 2 4 1 1 2 3 1 
1 0 0 0 0 1 1 1 1 1 0 
2 0 0 1 0 0 0 1 4 3 0 
1 1 1 1 1 1 0 1 1 1 0 
2 4 0 1 0 0 0 0 0 1 0 
1 0 0 0 1 1 1 1 1 1 0 
1 0 0 1 1 1 1 1 1 1 0 
2 0 0 1 0 0 3 1 4 3 0 
0 3 2 0 2 2 4 1 1 3 3 
2 4 3 0 1 3 0 1 1 3 0 
2 2 2 2 2 2 2 2 2 2 0 
3 3 2 4 3 1 2 4 0 0 0 
3 1 1 0 4 1 3 4 2 0 0 
2 1 3 0 0 0 0 0 0 1 0 
1 4 3 1 1 4 3 1 3 3 0 
0 0 0 0 0 0 0 0 1 1 0 
2 2 2 0 0 0 0 0 0 0 0 
0 4 1 2 3 1 0 4 4 2 4 
1 0 0 1 0 0 0 0 0 0 0 
0 0 2 0 2 3 4 2 3 1 1 
2 2 2 2 0 0 0 0 0 0 0 
2 0 0 1 0 0 0 0 0 1 0 
2 0 0 1 0 1 3 4 4 3 0 
0 3 3 4 2 1 4 4 4 2 3 
3 1 0 4 3 2 4 1 3 2 4 
1 1 1 0 0 0 0 1 1 1 0 
2 3 3 0 1 2 1 4 3 1 0 
1 0 0 1 0 0 0 0 1 3 0 
1 0 0 1 0 0 0 0 0 1 0 
2 4 3 1 0 1 1 4 3 3 0 
1 1 0 1 1 1 1 1 1 1 1 
2 4 1 0 3 2 3 3 3 2 1 
2 4 1 2 3 1 0 0 0 0 0 
3 4 1 0 1 0 0 0 0 0 0 
0 0 0 0 0 0 0 0 0 0 0 
0 4 2 0 2 2 4 2 2 3 3 
1 1 0 1 1 1 1 1 1 1 0 
0 1 1 3 4 2 3 0 2 1 2 
2 0 0 1 0 0 0 0 0 0 0 
2 4 3 0 1 0 1 1 3 3 0 
0 4 1 0 1 3 2 4 3 2 4 
0 1 2 1 1 4 2 3 3 4 4 
2 2 2 2 2 0 0 0 0 0 0 
3 4 3 0 1 4 4 0 1 3 0 
2 3 2 0 2 3 4 1 1 4 1 
1 1 1 0 0 0 0 0 0 1 0 
2 1 3 0 4 4 1 1 1 1 4 
0 2 4 2 2 4 1 0 3 3 1 
1 1 1 0 0 1 1 1 1 1 0 
0 0 0 0 0 1 1 1 1 1 0 
0 0 0 0 0 0 0 0 0 1 0 
2 4 3 0 0 1 3 1 1 3 0 
2 3 1 0 4 2 1 4 3 1 0 
2 2 2 2 2 2 2 2 2 0 0 
4 1 3 0 1 1 3 1 4 1 2 
2 1 2 0 3 1 2 3 1 3 0 
1 1 1 0 0 0 1 1 1 1 0 
0 3 1 3 3 2 2 1 1 3 2 
1 0 0 1 0 0 0 1 4 3 0 
0 2 3 3 4 0 3 1 2 1 2 
2 4 0 1 0 1 3 1 4 3 0 
0 4 2 0 4 1 3 2 2 3 3 
0 0 1 1 1 1 1 1 1 1 0 
1 1 1 0 0 0 0 0 0 0 0 
2 4 4 1 1 3 3 1 4 3 0 
1 0 3 1 1 4 3 1 3 3 0 
3 1 3 4 2 4 1 0 0 0 0 
2 1 1 0 4 3 3 2 3 1 0 
0 1 4 2 4 1 1 2 4 1 1 
0 0 0 0 0 0 0 1 1 1 0 
2 2 3 1 4 2 1 4 3 1 0 
4 1 1 1 3 1 1 1 3 3 0 
4 3 2 4 0 0 0 0 0 0 0 
3 2 2 4 3 1 1 2 1 1 4 
3 3 2 4 2 4 0 0 0 0 0 
2 1 3 0 0 0 0 1 4 3 0 
0 4 2 0 3 1 3 2 2 3 3 
0 0 0 0 1 1 1 1 1 1 0 
2 4 3 0 0 0 1 1 3 3 0 
3 4 1 1 4 2 1 4 3 1 2 
MFS
[ 1 , - , - , - , - , - , - , - , - , - , - ]
[ 0 , - , - , - , - , - , - , - , - , - , 0 ]
[ 0 , - , - , 0 , - , - , - , - , - , - , - ]
[ - , - , - , - , - , - , - , - , - , 0 , - ]
[ - , - , - , 0 , - , - , - , - , - , - , 0 ]
[ - , - , - , - , - , - , - , - , 0 , - , - ]
[ - , - , - , - , - , - , - , 0 , - , - , - ]
[ - , - , - , - , - , - , 0 , - , - , - , - ]
[ - , - , - , - , - , 0 , - , - , - , - , - ]
[ - , - , - , - , 0 , - , - , - , - , - , - ]
[ - , - , 0 , - , - , - , - , - , - , - , - ]
[ - , 0 , - , - , - , - , - , - , - , - , - ]
precise
0.25
recall
0.05
F-measure
0.08333333333333334
multi
2
time
all 11485 iden 10798 gen 389
t-cover
1059
all-cover
1375
coveredNum
(1 : 766)  (2 : 331)  (3 : 148)  (4 : 71)  (5 : 24)  (6 : 13)  (7 : 14)  (8 : 5)  (9 : 3)  
real Identify
([ 0 , - , - , - , - , - , - , - , - , - , 0 ] : 1)  ([ 0 , - , - , 0 , - , - , - , - , - , - , - ] : 1)  ([ - , - , - , 0 , - , - , - , - , - , - , 0 ] : 1)  
multiple f measure
0.0196078431372549
multiple f recall
0.010869565217391304
multiple f precise
0.1
multiple f found
1.0
multiple f found percent
0.010869565217391304
multipe helpedInTheNextRun
2.0
multipe helpedInTheNextRun percent
0.021739130434782608
negative checked
0.0
negtive impoved
0.0
postive checked
1.0
postive impoved
1.0
feedback start times
4.0
testCase Num: 298
regaular Num: 19
identify Num: 280
1 1 1 0 0 0 0 0 1 1 0 
3 2 3 1 1 4 0 1 0 4 0 
0 3 4 2 1 1 3 0 0 2 2 
4 3 2 2 3 1 4 0 1 3 1 
2 2 2 1 2 0 1 4 2 3 0 
0 2 1 0 3 3 1 0 2 1 4 
2 3 1 4 1 0 1 1 1 4 1 
1 1 1 1 1 1 1 0 0 1 0 
1 1 1 1 1 1 1 1 1 1 0 
2 2 2 2 2 2 0 0 0 0 0 
1 1 1 1 1 1 1 1 1 1 1 
1 3 3 4 1 4 3 1 1 2 0 
0 1 3 4 4 2 1 0 2 1 2 
1 1 0 0 0 1 1 1 1 1 0 
3 2 0 1 3 1 4 0 3 1 0 
4 3 2 2 3 0 4 4 2 1 0 
4 2 3 4 1 3 1 0 4 4 0 
0 4 4 3 1 0 3 3 1 3 2 
2 4 1 1 1 3 1 0 1 1 1 
2 1 3 4 1 3 1 1 4 4 4 
3 2 3 0 0 3 1 1 4 1 0 
0 4 2 1 2 0 4 4 2 1 3 
0 2 0 3 3 2 3 4 1 3 4 
1 1 1 1 1 1 1 0 0 0 0 
2 2 0 0 0 0 0 0 0 0 0 
1 1 1 1 1 1 1 1 0 0 0 
2 2 1 4 3 0 3 0 1 2 3 
4 4 1 1 3 2 3 0 4 4 0 
2 2 1 1 2 0 1 2 4 2 0 
2 2 4 3 1 0 3 3 1 3 2 
3 4 3 4 1 3 1 0 4 4 0 
0 2 1 1 1 3 2 4 0 4 4 
4 1 0 2 2 3 3 3 2 4 1 
3 1 2 4 1 0 2 2 3 3 1 
4 3 2 2 1 3 1 0 4 4 0 
3 0 3 4 1 4 4 1 4 1 0 
4 1 4 2 1 1 3 1 2 3 3 
3 1 3 0 4 4 2 1 1 3 0 
4 2 2 1 3 1 4 2 4 4 0 
0 1 2 1 1 2 1 4 4 1 3 
1 2 3 1 3 2 4 0 2 1 1 
0 4 2 2 2 0 3 3 1 3 2 
3 1 3 1 4 4 2 0 0 0 0 
2 3 4 0 0 0 0 1 0 0 0 
2 2 3 4 3 2 3 1 2 3 0 
3 2 3 1 0 1 4 1 4 4 0 
2 2 3 1 1 0 3 1 2 3 0 
0 1 1 1 1 1 1 1 1 1 1 
4 1 2 1 1 3 1 0 2 2 4 
2 2 2 2 2 2 2 2 0 0 0 
1 1 1 1 1 1 1 0 1 1 1 
3 1 1 0 0 0 0 1 0 0 0 
1 1 1 1 1 1 1 0 1 1 0 
1 1 1 1 1 1 1 1 0 1 0 
1 1 1 1 1 1 1 1 0 1 1 
3 1 4 1 3 1 4 0 2 0 0 
0 1 3 3 2 2 1 0 2 1 2 
3 3 4 3 2 2 1 0 2 1 2 
0 1 1 1 1 1 1 1 1 1 0 
0 3 2 4 1 3 0 0 1 2 1 
0 4 1 1 1 3 4 0 2 1 2 
0 0 2 4 1 3 2 0 1 3 1 
2 3 3 2 1 0 3 0 1 2 3 
0 0 0 0 0 0 1 1 1 1 0 
4 4 3 3 4 1 2 3 3 1 0 
3 2 4 2 3 3 1 0 4 4 0 
2 4 1 1 3 3 0 1 0 0 0 
3 3 0 0 0 0 2 1 1 3 0 
0 2 1 3 4 4 0 2 3 4 4 
0 0 4 3 2 1 4 0 2 1 2 
3 2 3 4 0 0 1 1 1 4 0 
0 2 1 1 1 3 2 0 3 4 4 
0 1 2 4 3 2 1 2 0 3 1 
0 4 2 2 2 0 4 4 1 3 2 
2 2 4 3 1 4 3 3 1 3 2 
4 2 4 4 4 3 4 3 0 3 3 
4 3 4 2 3 1 4 1 0 0 0 
2 2 1 2 1 0 3 0 1 2 3 
3 3 1 4 1 3 1 0 4 4 0 
4 0 0 0 0 0 0 1 0 0 0 
3 0 0 0 0 1 4 1 4 1 0 
3 2 3 0 1 3 2 0 3 1 0 
3 0 0 0 3 1 4 1 4 1 0 
3 2 3 0 0 0 1 1 4 4 0 
2 2 1 4 1 0 3 0 1 2 3 
1 1 1 1 1 0 0 0 0 0 0 
4 2 4 2 3 0 3 1 2 4 0 
2 1 3 4 1 3 1 0 4 4 0 
1 0 0 0 0 0 0 0 0 0 0 
3 2 3 1 1 4 0 0 3 1 0 
0 1 1 2 4 4 1 1 3 1 4 
0 1 1 3 3 3 1 3 1 1 4 
1 1 1 1 1 1 0 0 0 1 0 
1 1 0 0 0 0 0 0 0 1 0 
1 1 0 0 0 0 0 0 0 0 0 
1 1 1 1 1 1 0 0 0 0 0 
0 0 0 1 1 1 1 1 1 1 0 
4 2 3 0 0 0 0 1 0 0 0 
1 3 4 2 1 1 3 0 1 2 2 
1 0 0 0 3 1 3 1 1 3 0 
2 4 1 1 0 3 1 0 2 4 4 
2 4 1 4 3 0 1 1 1 2 3 
4 2 1 1 3 2 1 0 4 4 0 
1 1 1 1 1 0 0 0 1 1 0 
1 1 1 4 3 3 1 0 4 2 4 
3 3 4 3 2 2 1 1 2 1 2 
1 0 0 0 0 0 0 0 1 1 0 
3 2 0 0 0 0 0 1 3 1 0 
2 2 1 4 1 1 3 0 0 0 0 
3 0 0 0 0 0 0 1 0 1 0 
3 3 1 3 4 3 2 4 1 4 0 
1 1 1 1 1 1 0 0 1 1 0 
4 3 4 3 4 1 0 1 0 0 0 
1 0 0 0 0 0 1 1 1 1 0 
3 4 3 4 2 1 0 4 2 3 4 
4 2 2 4 1 3 1 0 4 4 0 
1 1 1 1 0 1 1 1 1 1 1 
1 1 1 1 1 0 0 1 1 1 0 
3 2 1 3 1 3 1 0 4 4 0 
4 2 3 3 4 4 2 3 1 0 0 
1 1 1 1 0 1 1 1 1 1 0 
0 4 2 2 2 0 4 3 1 3 2 
3 2 1 0 0 0 0 1 3 4 0 
1 1 1 1 0 0 0 0 0 1 0 
0 3 4 2 2 1 4 0 1 0 2 
3 0 1 2 4 2 1 3 3 2 3 
4 4 4 0 1 2 4 2 1 4 4 
0 3 3 0 2 1 3 0 1 2 3 
3 0 0 0 0 0 0 1 0 0 0 
2 4 3 2 1 0 3 1 2 3 0 
2 2 2 4 2 0 4 4 3 3 0 
0 4 1 3 1 0 3 3 1 3 2 
1 1 0 0 1 1 1 1 1 1 0 
0 4 2 1 1 3 1 0 2 1 2 
1 1 1 1 1 0 0 0 0 1 0 
3 3 3 3 3 3 3 2 3 0 2 
3 1 3 4 1 3 1 0 4 4 0 
1 1 1 1 1 1 1 1 1 0 0 
1 1 1 1 1 1 1 1 1 0 1 
3 2 0 0 0 4 3 1 4 1 0 
3 2 0 0 3 4 4 1 4 1 0 
1 1 1 1 0 0 0 1 1 1 0 
4 3 4 2 3 2 3 0 1 3 0 
3 1 3 1 0 0 0 1 0 0 0 
1 0 0 4 1 4 3 1 1 3 0 
3 3 1 0 0 0 0 1 0 4 0 
2 0 0 0 0 0 0 0 0 0 0 
1 1 0 0 0 0 0 1 1 1 0 
2 4 0 0 0 0 0 1 0 0 0 
4 3 0 0 0 0 0 1 0 0 0 
1 1 1 1 0 0 0 0 1 1 0 
4 3 1 1 2 4 1 4 4 3 2 
1 0 0 0 0 0 0 1 0 1 0 
2 2 3 2 1 0 3 0 1 2 3 
1 0 0 0 0 0 0 1 1 3 0 
3 3 4 2 4 1 1 0 4 4 0 
0 4 3 2 4 0 1 1 4 4 1 
2 2 2 2 2 2 2 0 0 0 0 
3 2 3 1 1 4 2 0 4 0 1 
0 1 4 3 2 2 1 0 2 1 2 
2 2 3 1 4 0 0 1 0 0 0 
3 2 4 1 3 0 0 1 3 4 0 
4 2 1 2 2 0 1 2 2 1 3 
3 3 3 4 1 3 1 0 4 4 0 
1 1 1 1 0 0 0 0 0 0 0 
0 4 2 2 2 0 4 4 4 3 2 
1 1 1 0 1 1 1 1 1 1 1 
2 2 1 1 2 0 1 2 1 4 0 
1 1 1 0 1 1 1 1 1 1 0 
4 3 4 2 4 0 3 1 4 4 0 
2 2 2 1 2 0 1 1 2 3 0 
4 1 3 4 1 3 1 0 4 4 0 
4 2 2 1 2 1 4 0 4 4 0 
3 0 0 4 1 4 3 1 1 3 0 
2 4 0 1 1 3 1 0 2 1 3 
1 0 0 0 0 0 0 1 0 0 0 
1 1 1 1 1 0 1 1 1 1 1 
0 1 3 4 4 1 2 0 1 4 1 
1 1 1 1 1 0 1 1 1 1 0 
3 2 1 4 1 4 3 0 1 1 0 
1 1 0 0 0 0 0 0 1 1 0 
0 2 3 1 4 4 2 4 3 4 0 
4 2 3 3 1 4 0 1 3 1 0 
1 0 1 1 1 1 1 1 1 1 1 
2 4 1 4 1 3 1 0 1 0 0 
1 0 1 1 1 1 1 1 1 1 0 
3 2 1 4 0 0 0 1 1 4 0 
2 4 1 4 3 3 1 0 2 0 4 
2 4 1 4 3 0 1 0 2 2 3 
0 3 4 3 2 2 1 0 2 1 2 
3 2 3 1 0 3 1 0 1 1 0 
1 1 1 1 0 0 1 1 1 1 0 
4 1 4 2 1 0 3 1 2 3 0 
1 0 0 0 0 0 0 1 1 1 0 
4 2 2 3 2 1 1 0 4 4 0 
2 0 0 0 0 0 0 1 0 0 0 
1 1 1 1 1 1 0 1 1 1 1 
1 0 0 0 0 0 3 1 1 3 0 
3 2 1 3 2 0 4 4 4 4 0 
1 0 3 4 1 3 3 1 1 3 0 
0 3 2 2 0 1 4 0 1 2 2 
2 0 2 4 1 3 3 0 1 3 0 
0 4 2 2 1 0 3 3 1 3 2 
3 2 3 1 3 4 4 1 4 1 0 
0 4 2 2 2 0 4 4 4 1 2 
0 3 4 4 3 2 3 1 4 3 0 
3 1 2 4 1 4 0 1 0 0 0 
2 2 1 4 3 1 3 0 1 2 3 
1 1 0 0 0 0 1 1 1 1 0 
3 4 4 4 1 3 1 0 4 4 0 
0 3 0 4 1 1 2 0 1 2 2 
1 0 0 0 0 0 0 0 0 1 0 
0 4 2 1 2 2 3 3 1 3 2 
1 0 0 0 0 1 1 1 1 1 0 
1 1 1 1 1 1 0 1 1 1 0 
1 0 0 0 1 1 1 1 1 1 0 
1 0 0 1 1 1 1 1 1 1 0 
0 4 2 2 1 3 4 0 4 1 2 
3 2 1 1 0 0 0 1 0 4 0 
3 3 1 3 4 0 2 4 1 4 0 
2 2 2 4 2 0 1 4 3 1 0 
3 3 4 1 3 1 4 0 2 4 0 
1 4 2 3 3 4 2 0 4 4 3 
3 1 0 0 0 0 0 1 0 0 0 
0 1 4 2 3 2 0 0 4 1 2 
0 1 1 4 4 4 4 2 2 1 2 
2 2 2 2 2 2 2 2 2 2 0 
3 1 3 4 1 4 2 1 0 0 0 
4 4 1 3 0 0 0 1 0 0 0 
0 4 1 1 4 3 2 0 3 4 2 
2 2 3 1 2 0 3 1 2 3 0 
0 0 0 0 0 0 0 0 1 1 0 
2 4 1 3 4 3 1 1 0 0 0 
2 2 2 0 0 0 0 0 0 0 0 
1 0 0 0 0 1 3 1 4 3 0 
2 2 2 2 0 0 0 0 0 0 0 
0 3 3 2 1 1 3 4 1 2 3 
4 3 4 1 2 1 2 0 3 2 0 
3 3 0 4 3 4 4 1 1 1 0 
2 2 3 1 2 0 4 4 3 1 1 
2 4 4 2 1 0 3 1 2 3 0 
1 1 1 0 0 0 0 1 1 1 0 
4 4 1 3 3 0 0 1 0 0 0 
3 3 0 0 0 0 0 1 0 4 0 
3 2 3 1 1 4 3 0 0 1 0 
4 1 3 4 1 0 2 1 3 3 0 
0 4 2 2 3 1 4 0 4 3 1 
2 1 4 3 0 4 4 4 3 2 1 
3 3 1 2 4 3 1 0 4 4 0 
4 2 1 3 3 0 1 0 3 3 4 
2 4 4 2 3 3 1 4 0 0 0 
3 3 2 2 4 1 4 0 1 4 0 
1 1 0 1 1 1 1 1 1 1 1 
3 4 4 1 1 3 1 0 4 4 0 
0 0 0 0 0 0 0 0 0 0 0 
2 1 4 1 1 2 1 1 4 2 0 
1 1 0 1 1 1 1 1 1 1 0 
4 4 2 1 3 3 1 0 4 4 0 
2 1 1 1 1 1 1 0 3 4 2 
3 1 3 4 1 0 2 0 1 3 0 
0 3 1 2 2 0 2 1 3 4 4 
3 0 0 0 0 0 2 1 1 3 0 
4 2 4 3 2 0 3 1 1 3 0 
2 2 2 2 2 0 0 0 0 0 0 
3 0 0 0 0 0 0 1 4 1 0 
2 4 3 2 4 2 1 0 4 1 1 
1 1 1 0 0 0 0 0 0 1 0 
0 1 2 0 4 3 2 4 1 4 2 
0 2 4 1 3 3 2 4 3 4 4 
2 2 1 4 3 0 1 0 2 4 0 
1 1 1 0 0 1 1 1 1 1 0 
0 0 0 0 0 1 1 1 1 1 0 
3 1 3 1 3 0 0 1 0 4 0 
0 2 3 4 1 0 3 0 1 2 2 
2 3 4 2 0 0 0 1 0 0 0 
0 2 4 3 1 0 3 3 1 3 2 
0 0 0 0 0 0 0 0 0 1 0 
2 2 2 2 2 2 2 2 2 0 0 
0 1 3 4 2 2 1 0 2 1 2 
1 1 1 0 0 0 1 1 1 1 0 
2 2 1 4 3 0 1 0 2 4 3 
2 2 1 4 3 0 1 0 1 2 3 
3 2 1 3 4 4 2 0 1 3 0 
3 1 2 4 1 0 0 1 0 0 0 
3 3 4 2 4 1 4 0 4 4 0 
0 0 1 1 1 1 1 1 1 1 0 
1 1 1 0 0 0 0 0 0 0 0 
1 3 3 2 1 1 3 0 1 2 0 
0 2 3 4 0 2 3 0 4 3 1 
0 3 3 2 1 0 3 0 1 2 3 
0 0 0 0 0 0 0 1 1 1 0 
2 3 2 1 4 0 3 3 4 1 4 
3 1 3 4 1 4 2 1 0 1 0 
2 2 2 2 2 2 2 1 2 2 2 
3 1 4 1 2 0 4 0 2 1 2 
2 1 4 2 1 0 3 1 2 3 0 
0 0 0 0 1 1 1 1 1 1 0 
0 0 3 2 1 2 3 4 1 2 3 
MFS
[ 1 , - , - , - , - , - , - , - , - , - , - ]
[ - , - , - , - , - , - , - , 0 , - , - , 0 ]
[ 0 , - , - , - , - , - , - , 0 , - , - , - ]
[ 0 , - , - , - , - , 0 , - , - , - , - , - ]
[ 0 , - , - , - , - , - , - , - , - , - , 0 ]
[ - , - , - , - , - , 0 , - , - , - , - , 0 ]
[ - , - , - , - , - , - , - , - , - , 0 , - ]
[ - , - , - , - , - , - , - , - , 0 , - , - ]
[ - , - , - , - , - , - , 0 , - , - , - , - ]
[ - , - , - , - , - , 0 , - , 0 , - , - , - ]
[ - , - , - , - , 0 , - , - , - , - , - , - ]
[ - , - , - , 0 , - , - , - , - , - , - , - ]
[ - , - , 0 , - , - , - , - , - , - , - , - ]
[ - , 0 , - , - , - , - , - , - , - , - , - ]
precise
0.42857142857142855
recall
0.1
F-measure
0.16216216216216217
multi
3
time
all 12330 iden 11642 gen 342
t-cover
1083
all-cover
1375
coveredNum
(1 : 691)  (2 : 320)  (3 : 217)  (4 : 96)  (5 : 30)  (6 : 8)  (7 : 8)  (8 : 3)  (9 : 1)  (10 : 1)  
real Identify
([ 0 , - , - , - , - , - , - , 0 , - , - , - ] : 1)  ([ 0 , - , - , - , - , 0 , - , - , - , - , - ] : 1)  ([ 0 , - , - , - , - , - , - , - , - , - , 0 ] : 1)  ([ - , - , - , - , - , 0 , - , - , - , - , 0 ] : 1)  ([ - , - , - , - , - , - , - , 0 , - , - , 0 ] : 1)  ([ - , - , - , - , - , 0 , - , 0 , - , - , - ] : 1)  
multiple f measure
0.03846153846153846
multiple f recall
0.02127659574468085
multiple f precise
0.2
multiple f found
2.0
multiple f found percent
0.02127659574468085
multipe helpedInTheNextRun
7.0
multipe helpedInTheNextRun percent
0.07446808510638298
negative checked
0.0
negtive impoved
0.0
postive checked
2.0
postive impoved
1.0
feedback start times
7.0
testCase Num: 285
regaular Num: 18
identify Num: 267
1 1 1 0 0 0 0 0 1 1 0 
1 0 0 0 0 0 1 0 0 0 0 
4 1 3 2 3 0 2 4 3 1 0 
0 4 2 2 3 0 4 4 1 4 2 
1 1 1 1 1 1 1 0 0 1 0 
3 0 3 1 1 2 1 3 3 4 0 
1 1 1 1 1 1 1 1 1 1 0 
2 2 2 2 2 2 0 0 0 0 0 
1 1 1 1 1 1 1 1 1 1 1 
0 2 4 1 3 2 0 2 1 3 3 
4 1 2 1 3 2 2 2 1 3 3 
2 1 3 3 1 2 1 0 0 0 0 
0 2 2 3 4 0 1 1 2 4 2 
1 1 0 0 0 1 1 1 1 1 0 
4 3 4 4 2 1 0 4 3 1 0 
4 3 4 2 2 1 0 4 3 1 0 
0 4 4 2 1 0 3 1 2 4 2 
0 4 1 2 1 0 4 3 1 2 4 
3 3 0 1 1 1 0 4 3 3 0 
0 2 4 4 1 3 2 2 1 3 3 
2 3 3 1 4 0 0 1 2 4 0 
4 3 1 1 2 1 0 0 0 1 0 
3 3 0 0 0 0 1 0 1 1 0 
3 0 0 0 0 0 1 0 0 1 0 
1 1 1 1 1 1 1 0 0 0 0 
2 2 0 0 0 0 0 0 0 0 0 
1 1 1 1 1 1 1 1 0 0 0 
4 2 2 1 3 0 0 2 1 3 3 
3 3 2 0 2 1 1 4 4 1 0 
0 1 1 4 1 1 3 1 1 1 1 
3 1 1 4 3 1 4 1 2 4 2 
0 1 3 1 4 0 1 1 2 4 2 
0 3 1 2 4 4 4 1 4 0 1 
4 3 4 1 0 2 0 4 1 1 2 
3 2 4 4 1 0 1 3 1 2 0 
0 1 2 1 3 2 0 2 1 3 3 
0 2 4 3 1 2 1 1 2 4 2 
2 4 1 1 1 0 2 1 4 1 0 
0 1 1 1 1 1 1 1 1 1 1 
2 2 2 2 2 2 2 2 0 0 0 
1 1 1 1 1 1 1 0 1 1 1 
1 1 1 1 1 1 1 0 1 1 0 
1 1 1 1 1 1 1 1 0 1 0 
1 1 1 1 1 1 1 1 0 1 1 
4 1 1 1 2 1 0 0 0 0 0 
3 4 2 4 4 0 3 1 4 1 0 
0 2 2 0 2 1 0 4 3 1 4 
0 1 1 1 1 1 1 1 1 1 0 
0 3 3 3 2 3 0 1 2 4 4 
0 1 4 2 2 0 0 4 4 1 4 
2 2 1 1 0 3 3 4 4 4 3 
0 0 0 0 0 0 1 1 1 1 0 
3 4 2 1 1 0 4 1 4 2 3 
0 2 4 4 4 4 0 1 3 3 3 
2 1 3 2 3 0 4 2 3 1 0 
1 1 2 1 2 1 0 4 3 1 4 
3 3 0 0 0 0 1 0 0 1 0 
0 2 1 2 1 1 3 2 0 2 4 
4 2 2 4 4 1 0 4 3 1 0 
3 2 3 2 3 0 2 2 3 1 0 
1 3 1 3 2 2 1 3 3 4 0 
0 1 2 1 0 1 0 3 3 3 4 
2 3 4 1 4 1 0 3 4 3 2 
3 3 2 0 0 2 1 3 1 1 0 
2 1 3 2 3 0 2 2 3 1 0 
3 0 2 1 2 1 0 2 3 1 4 
4 4 2 3 4 4 3 1 1 0 0 
1 1 1 1 1 0 0 0 0 0 0 
1 0 0 0 1 2 1 3 1 4 0 
3 3 3 2 3 3 3 3 3 0 3 
3 2 2 4 4 1 0 4 3 1 0 
4 3 4 1 2 1 0 1 0 0 0 
0 2 4 1 1 1 0 2 3 0 4 
2 1 1 1 1 3 0 1 4 1 1 
3 4 2 4 4 0 3 1 4 3 0 
3 3 0 0 0 2 1 1 4 1 0 
1 0 0 0 0 0 0 0 0 0 0 
0 2 4 4 4 4 0 1 3 4 3 
0 2 4 1 4 0 1 1 2 4 2 
3 3 3 1 0 0 1 0 0 1 0 
1 1 1 1 1 1 0 0 0 1 0 
0 3 3 4 4 2 0 1 0 4 1 
1 1 0 0 0 0 0 0 0 1 0 
1 1 0 0 0 0 0 0 0 0 0 
1 1 1 1 1 1 0 0 0 0 0 
0 0 0 1 1 1 1 1 1 1 0 
2 4 2 3 1 3 3 0 0 0 0 
2 3 0 0 0 0 1 0 0 0 0 
2 4 1 4 4 1 0 4 3 1 0 
2 2 3 1 1 0 0 2 2 4 4 
0 4 2 4 0 4 4 2 1 2 3 
1 1 1 1 1 0 0 0 1 1 0 
3 4 2 1 2 0 1 0 3 1 0 
2 1 3 1 3 2 0 3 1 2 0 
0 3 2 2 4 4 3 3 3 2 2 
2 3 3 1 2 0 0 4 4 1 4 
1 0 0 0 0 0 0 0 1 1 0 
0 1 2 1 2 4 0 3 0 1 3 
4 4 1 3 1 3 3 1 3 3 0 
1 1 1 1 1 1 0 0 1 1 0 
4 3 4 2 4 1 0 4 3 1 0 
0 4 1 2 3 4 4 3 1 1 2 
1 0 0 0 0 0 1 1 1 1 0 
4 3 2 1 3 0 0 4 4 1 4 
0 3 1 2 1 4 0 3 2 2 2 
1 1 1 1 0 1 1 1 1 1 1 
1 4 3 3 3 4 0 2 4 2 2 
0 2 4 4 4 3 0 2 1 3 3 
3 3 4 1 0 2 1 3 4 1 0 
1 1 1 1 1 0 0 1 1 1 0 
2 2 2 4 4 1 0 4 3 1 0 
1 1 1 1 0 1 1 1 1 1 0 
3 3 2 0 0 0 1 0 0 1 0 
1 1 1 1 0 0 0 0 0 1 0 
2 3 1 3 2 3 4 4 3 1 0 
0 4 2 2 1 0 4 3 1 2 2 
4 3 1 2 2 2 0 4 3 1 0 
3 1 3 2 3 0 2 2 3 1 0 
1 0 0 0 0 0 1 0 0 1 0 
1 0 0 0 0 0 1 1 3 4 0 
2 1 3 2 3 0 4 2 1 1 0 
0 3 3 1 4 0 1 1 2 4 2 
4 3 1 2 2 3 0 1 2 4 0 
1 1 0 0 1 1 1 1 1 1 0 
1 0 0 0 0 2 1 3 1 4 0 
1 1 1 1 1 0 0 0 0 1 0 
4 2 0 4 3 3 0 4 1 1 2 
4 1 2 4 4 1 0 4 3 1 0 
2 1 4 2 3 0 2 2 3 4 1 
3 2 2 4 4 1 0 4 3 2 1 
4 3 4 1 1 2 1 3 4 1 0 
1 1 1 1 1 1 1 1 1 0 0 
1 1 1 1 1 1 1 1 1 0 1 
4 1 2 1 3 2 0 2 1 3 3 
2 3 1 2 2 3 0 1 3 1 0 
4 3 1 2 2 3 0 1 2 4 4 
0 2 4 4 4 4 0 1 1 3 3 
2 2 3 1 3 1 1 1 1 1 0 
1 1 1 1 0 0 0 1 1 1 0 
3 3 2 3 0 0 1 1 3 1 0 
0 1 2 2 3 0 0 4 1 1 4 
3 3 4 0 0 0 1 1 4 1 0 
3 4 4 3 4 2 4 4 0 3 4 
2 0 0 0 0 0 0 0 0 0 0 
1 1 0 0 0 0 0 1 1 1 0 
1 0 0 4 1 2 1 3 3 4 0 
2 1 3 0 1 2 0 3 1 4 3 
1 1 1 1 0 0 0 0 1 1 0 
3 1 2 3 0 0 1 0 0 0 0 
2 3 3 4 1 1 0 4 4 1 4 
0 2 4 4 3 2 0 2 1 3 3 
3 3 1 3 4 0 3 2 1 2 1 
2 2 2 2 2 2 2 0 0 0 0 
2 3 1 2 2 0 0 4 4 1 4 
3 3 4 1 2 0 1 0 0 1 0 
4 3 3 1 4 0 1 1 2 4 2 
0 1 4 2 2 1 3 4 4 1 4 
0 0 4 4 1 2 0 3 1 2 3 
4 3 3 1 4 2 1 1 2 4 2 
2 1 1 2 1 4 4 3 1 4 0 
2 1 3 0 0 0 1 0 0 0 0 
3 0 0 0 0 2 1 3 1 4 0 
1 1 1 1 0 0 0 0 0 0 0 
2 0 4 2 3 4 1 4 2 3 1 
3 0 0 0 0 0 1 0 4 1 0 
1 1 1 0 1 1 1 1 1 1 1 
2 3 3 1 1 0 4 4 4 1 4 
1 1 1 0 1 1 1 1 1 1 0 
3 4 2 3 2 3 1 0 1 1 0 
1 1 1 1 1 0 1 1 1 1 1 
3 3 3 1 2 1 1 0 0 1 0 
1 1 1 1 1 0 1 1 1 1 0 
2 3 4 2 2 0 0 4 4 1 4 
1 1 0 0 0 0 0 0 1 1 0 
4 3 1 3 0 1 0 1 3 3 0 
1 0 1 1 1 1 1 1 1 1 1 
3 4 2 1 2 4 1 3 3 4 0 
4 3 4 4 4 1 0 4 3 1 0 
1 3 4 2 1 2 0 1 1 4 3 
1 0 1 1 1 1 1 1 1 1 0 
3 4 1 4 4 0 2 2 3 1 0 
0 4 2 2 1 0 3 3 2 4 2 
3 0 0 0 0 0 1 1 4 1 0 
0 1 1 3 2 0 4 4 1 2 3 
4 3 1 2 2 3 0 1 2 1 0 
4 2 1 1 1 0 1 4 1 2 0 
3 3 4 1 2 0 1 2 4 1 0 
0 0 3 2 4 4 4 1 4 1 4 
2 1 4 1 1 4 0 1 4 2 0 
4 1 1 1 1 1 0 4 1 1 2 
0 2 4 1 2 1 0 0 3 1 4 
3 4 2 4 1 0 4 2 3 1 0 
1 1 1 1 0 0 1 1 1 1 0 
3 3 2 1 2 0 0 4 3 1 0 
3 3 2 0 2 1 0 4 1 1 0 
1 0 0 0 0 0 0 1 1 1 0 
2 1 3 3 2 3 0 4 3 1 0 
1 1 1 1 1 1 0 1 1 1 1 
1 2 1 4 1 3 0 3 2 2 4 
2 1 1 3 2 1 0 4 3 1 0 
1 1 0 0 0 0 1 1 1 1 0 
2 1 3 4 1 2 3 2 0 0 0 
4 3 4 1 2 1 0 1 0 1 0 
1 0 0 0 0 0 0 0 0 1 0 
1 0 0 0 0 1 1 1 1 1 0 
1 1 1 1 1 1 0 1 1 1 0 
4 4 1 1 0 0 1 0 0 0 0 
2 3 1 2 4 2 0 0 1 4 1 
3 0 0 0 1 2 1 3 4 4 0 
1 0 0 0 1 1 1 1 1 1 0 
1 0 0 1 1 1 1 1 1 1 0 
2 1 1 1 1 2 3 1 2 1 0 
4 3 2 4 1 4 2 0 4 4 4 
3 4 2 4 1 0 3 1 3 1 0 
3 3 4 1 3 2 0 0 1 1 0 
3 2 2 4 4 1 2 4 3 1 4 
2 3 3 1 1 0 0 1 2 1 4 
2 2 2 2 2 2 2 2 2 2 0 
0 3 0 1 2 4 0 1 3 3 4 
0 2 4 4 4 3 0 1 3 4 1 
2 1 4 2 2 0 0 4 4 1 4 
0 0 0 0 0 0 0 0 1 1 0 
2 2 2 0 0 0 0 0 0 0 0 
4 0 0 0 0 0 1 0 0 0 0 
2 2 2 2 0 0 0 0 0 0 0 
3 1 0 0 0 0 1 0 0 0 0 
4 4 1 4 4 1 2 2 3 1 0 
3 0 0 1 1 2 1 3 4 4 0 
4 0 1 1 1 2 0 3 3 1 0 
3 4 2 0 0 0 1 0 0 0 0 
1 0 0 0 0 0 1 0 3 1 0 
0 1 2 3 1 3 1 3 1 2 4 
3 2 1 1 1 0 0 3 3 2 2 
0 2 2 3 3 0 2 4 3 1 1 
1 1 1 0 0 0 0 1 1 1 0 
2 1 3 3 4 1 0 4 3 1 0 
4 4 1 1 2 0 1 0 0 0 0 
1 1 0 1 1 1 1 1 1 1 1 
0 3 4 4 2 1 3 2 3 3 0 
2 3 3 1 3 0 0 1 4 1 4 
0 2 4 4 1 2 0 2 1 3 3 
2 4 0 3 4 1 2 3 2 1 3 
0 0 0 0 0 0 0 0 0 0 0 
4 2 3 4 2 0 4 3 1 3 1 
0 2 2 1 3 2 0 2 1 3 3 
2 1 3 2 3 1 2 2 3 1 4 
1 1 0 1 1 1 1 1 1 1 0 
0 3 4 0 2 2 0 1 4 3 1 
0 4 3 4 1 2 1 1 3 1 1 
2 1 1 1 1 1 4 2 1 1 0 
3 4 1 4 3 0 2 2 3 1 0 
1 1 2 3 2 1 3 4 3 1 4 
3 4 2 0 0 0 1 0 1 1 0 
4 4 1 1 2 1 1 0 0 0 0 
2 2 2 2 2 0 0 0 0 0 0 
1 1 1 0 0 0 0 0 0 1 0 
1 0 1 3 1 2 1 3 3 4 0 
1 1 1 0 0 1 1 1 1 1 0 
3 3 0 0 0 0 1 1 4 1 0 
0 0 0 0 0 1 1 1 1 1 0 
2 1 3 3 1 0 1 0 0 0 0 
3 0 0 0 0 0 1 0 0 0 0 
4 3 1 1 2 1 0 4 3 0 0 
0 0 0 0 0 0 0 0 0 1 0 
4 1 4 0 4 3 1 2 3 2 2 
2 2 2 2 2 2 2 2 2 0 0 
3 2 1 2 3 0 2 2 3 1 0 
1 1 1 0 0 0 1 1 1 1 0 
0 4 2 3 3 3 4 1 3 4 0 
0 1 2 3 2 2 0 4 1 0 3 
0 1 2 3 2 3 3 0 1 2 3 
3 4 2 3 0 0 1 0 3 1 0 
0 0 1 1 1 1 1 1 1 1 0 
2 4 2 4 4 1 0 4 3 1 0 
3 3 0 0 2 2 1 4 4 1 0 
1 1 1 0 0 0 0 0 0 0 0 
0 2 1 1 2 4 1 1 1 1 3 
1 3 4 1 2 1 0 1 3 3 0 
0 3 4 1 2 0 0 1 3 3 3 
0 0 0 0 0 0 0 1 1 1 0 
3 1 0 1 2 2 1 3 4 4 0 
2 2 2 2 2 2 2 1 2 2 2 
0 1 0 2 1 2 0 3 4 4 1 
0 0 0 0 1 1 1 1 1 1 0 
0 4 4 2 1 0 1 1 2 4 2 
MFS
[ 1 , - , - , - , - , - , - , - , - , - , - ]
[ 0 , - , - , - , - , - , 0 , - , - , - , - ]
[ 0 , - , - , - , - , 0 , - , - , - , - , - ]
[ 0 , - , - , - , - , - , - , - , - , - , 0 ]
[ - , - , - , - , - , 0 , - , - , - , - , 0 ]
[ - , - , - , - , - , - , - , - , - , 0 , - ]
[ - , - , - , - , - , - , - , - , 0 , - , - ]
[ - , - , - , - , - , - , - , 0 , - , - , - ]
[ - , - , - , - , - , 0 , 0 , - , - , - , - ]
[ - , - , - , - , - , - , 0 , - , - , - , 0 ]
[ - , - , - , - , 0 , - , - , - , - , - , - ]
[ - , - , - , 0 , - , - , - , - , - , - , - ]
[ - , - , 0 , - , - , - , - , - , - , - , - ]
[ - , 0 , - , - , - , - , - , - , - , - , - ]
precise
0.42857142857142855
recall
0.1
F-measure
0.16216216216216217
multi
3
time
all 10954 iden 10360 gen 314
t-cover
1083
all-cover
1375
coveredNum
(1 : 645)  (2 : 283)  (3 : 198)  (4 : 129)  (5 : 63)  (6 : 20)  (7 : 20)  (8 : 7)  (9 : 6)  (10 : 2)  (11 : 2)  
real Identify
([ 0 , - , - , - , - , - , 0 , - , - , - , - ] : 1)  ([ 0 , - , - , - , - , 0 , - , - , - , - , - ] : 1)  ([ 0 , - , - , - , - , - , - , - , - , - , 0 ] : 1)  ([ - , - , - , - , - , 0 , - , - , - , - , 0 ] : 1)  ([ - , - , - , - , - , 0 , 0 , - , - , - , - ] : 1)  ([ - , - , - , - , - , - , 0 , - , - , - , 0 ] : 1)  
multiple f measure
0.03846153846153846
multiple f recall
0.02127659574468085
multiple f precise
0.2
multiple f found
2.0
multiple f found percent
0.02127659574468085
multipe helpedInTheNextRun
7.0
multipe helpedInTheNextRun percent
0.07446808510638298
negative checked
0.0
negtive impoved
0.0
postive checked
4.0
postive impoved
2.0
feedback start times
8.0
testCase Num: 94
regaular Num: 1
identify Num: 93
1 0 0 0 1 1 1 1 1 1 0 
1 0 0 1 1 1 1 1 1 1 0 
1 1 1 0 0 0 0 0 1 1 0 
1 1 1 1 0 0 0 0 1 1 0 
1 1 1 1 1 0 0 0 0 0 0 
2 2 2 2 2 2 2 2 2 2 0 
2 2 2 2 2 2 2 0 0 0 0 
1 1 1 1 1 1 1 0 0 1 0 
3 3 3 3 3 3 3 3 3 0 2 
1 1 1 1 1 1 1 1 1 1 0 
2 2 2 2 2 2 0 0 0 0 0 
1 1 1 1 1 1 1 1 1 1 1 
0 0 0 0 0 0 0 0 1 1 0 
2 2 2 0 0 0 0 0 0 0 0 
1 0 0 0 0 0 0 0 0 0 0 
1 0 3 1 2 4 3 1 2 2 3 
4 2 4 4 4 4 4 3 0 3 3 
2 2 2 2 0 0 0 0 0 0 0 
1 1 0 0 0 1 1 1 1 1 0 
1 1 1 1 1 1 0 0 0 1 0 
1 1 0 0 0 0 0 0 0 1 0 
1 1 0 0 0 0 0 0 0 0 0 
1 1 1 1 1 1 0 0 0 0 0 
0 0 0 1 1 1 1 1 1 1 0 
1 1 1 0 0 0 0 1 1 1 0 
1 1 3 1 3 4 3 2 2 2 3 
1 1 1 1 0 0 0 0 0 0 0 
1 1 0 1 1 1 1 1 1 1 1 
1 1 1 0 1 1 1 1 1 1 1 
1 1 1 1 1 0 0 0 1 1 0 
1 1 1 1 1 1 1 0 0 0 0 
2 2 0 0 0 0 0 0 0 0 0 
2 2 2 2 2 2 2 2 2 1 2 
1 1 1 0 1 1 1 1 1 1 0 
1 1 4 0 4 3 2 4 4 2 2 
1 1 1 1 1 1 1 1 0 0 0 
0 0 0 0 0 0 0 0 0 0 0 
1 1 0 1 1 1 1 1 1 1 0 
1 0 0 0 0 0 0 0 1 1 0 
1 1 1 1 1 0 1 1 1 1 1 
1 1 1 1 1 0 1 1 1 1 0 
1 3 1 4 2 3 4 1 2 4 2 
1 1 3 0 2 4 3 2 2 1 3 
1 1 0 0 0 0 0 0 1 1 0 
1 1 1 1 1 1 0 0 1 1 0 
2 2 2 2 2 0 0 0 0 0 0 
1 0 0 0 0 0 1 1 1 1 0 
1 0 1 1 1 1 1 1 1 1 1 
1 1 1 0 0 0 0 0 0 1 0 
1 0 1 1 1 1 1 1 1 1 0 
1 1 1 0 0 1 1 1 1 1 0 
0 3 4 4 3 1 2 1 4 3 0 
0 0 0 0 0 1 1 1 1 1 0 
1 1 1 1 0 1 1 1 1 1 1 
1 1 3 2 4 0 4 4 3 2 4 
3 2 0 1 4 3 2 4 1 4 4 
0 1 1 1 1 1 1 1 1 1 1 
2 2 2 2 2 2 2 2 0 0 0 
0 0 0 0 0 0 0 0 0 1 0 
1 1 1 1 1 1 1 0 1 1 1 
1 1 1 1 1 0 0 1 1 1 0 
1 1 1 1 1 1 1 0 1 1 0 
2 2 2 2 2 2 2 2 2 0 0 
1 1 1 1 1 1 1 1 0 1 0 
1 1 1 1 1 1 1 1 0 1 1 
1 1 1 0 0 0 1 1 1 1 0 
1 1 1 1 0 0 1 1 1 1 0 
0 1 1 1 1 1 1 1 1 1 0 
1 1 1 1 0 1 1 1 1 1 0 
3 4 4 3 2 0 1 2 2 3 1 
1 0 0 0 0 0 0 1 1 1 0 
1 1 1 1 0 0 0 0 0 1 0 
1 1 1 1 1 1 0 1 1 1 1 
0 0 0 0 0 0 1 1 1 1 0 
0 0 1 1 1 1 1 1 1 1 0 
2 4 3 4 0 1 4 4 3 2 4 
1 1 1 0 0 0 0 0 0 0 0 
1 1 0 0 1 1 1 1 1 1 0 
0 1 3 1 2 4 3 2 3 4 0 
1 1 1 1 1 0 0 0 0 1 0 
0 0 0 0 0 0 0 1 1 1 0 
1 0 4 2 1 3 4 1 4 3 2 
1 1 0 0 0 0 1 1 1 1 0 
1 1 1 1 1 1 1 1 1 0 0 
1 1 1 1 1 1 1 1 1 0 1 
1 0 0 0 0 0 0 0 0 1 0 
1 1 1 1 0 0 0 1 1 1 0 
1 0 0 0 0 1 1 1 1 1 0 
2 3 2 3 1 4 0 4 4 4 3 
0 0 0 0 1 1 1 1 1 1 0 
2 0 0 0 0 0 0 0 0 0 0 
1 1 0 0 0 0 0 1 1 1 0 
1 1 1 1 1 1 0 1 1 1 0 
4 4 1 2 3 2 3 0 4 4 4 
MFS
[ - , - , - , - , - , - , - , - , - , - , - ]
[ 0 , - , - , - , - , - , - , - , - , - , 0 ]
[ - , - , - , 0 , - , - , - , - , - , - , - ]
[ - , 0 , - , - , - , - , - , - , - , - , - ]
precise
0.25
recall
0.016666666666666666
F-measure
0.03125
multi
1
time
all 6000 iden 5969 gen 0
t-cover
491
all-cover
1375
coveredNum
(1 : 1321)  (2 : 48)  (3 : 6)  
real Identify
([ 0 , - , - , - , - , - , - , - , - , - , 0 ] : 1)  
multiple f measure
0.03389830508474576
multiple f recall
0.01818181818181818
multiple f precise
0.25
multiple f found
1.0
multiple f found percent
0.01818181818181818
multipe helpedInTheNextRun
0.0
multipe helpedInTheNextRun percent
0.0
negative checked
0.0
negtive impoved
0.0
postive checked
1.0
postive impoved
0.0
feedback start times
1.0
testCase Num: 390
regaular Num: 16
identify Num: 376
0 1 4 1 3 3 0 2 2 4 2 
1 2 4 2 1 4 3 1 1 3 2 
1 1 1 0 0 0 0 0 1 1 0 
1 0 0 0 0 0 1 0 0 0 0 
2 0 4 4 1 4 1 4 3 4 0 
4 3 1 3 1 4 1 2 3 2 0 
1 1 2 3 2 2 1 1 1 1 0 
3 1 1 2 1 1 0 3 2 2 4 
1 1 2 3 2 2 1 1 2 3 0 
1 3 1 2 1 1 2 2 4 3 4 
0 2 2 2 3 1 4 1 1 3 3 
1 1 3 3 4 2 0 1 2 3 1 
1 1 0 0 0 1 1 1 1 1 0 
1 0 0 0 0 4 1 2 3 4 0 
3 2 1 0 0 0 1 0 0 0 0 
2 1 4 3 0 0 1 0 3 2 0 
2 2 0 0 0 0 0 0 0 0 0 
1 4 1 1 3 3 0 2 2 4 2 
4 0 0 0 1 4 1 2 3 4 0 
1 2 1 2 4 3 3 1 1 3 2 
1 2 1 1 3 3 4 1 2 4 2 
2 1 4 4 1 4 1 0 0 2 0 
3 4 0 4 3 3 2 4 1 2 1 
1 1 3 3 4 2 1 3 2 3 1 
1 1 2 3 2 2 0 1 3 2 1 
2 0 3 1 4 2 4 1 4 2 3 
2 1 4 1 3 3 0 2 2 4 2 
0 1 1 1 1 1 1 1 1 1 1 
3 1 2 3 1 1 0 3 1 1 0 
1 1 2 3 2 2 1 3 3 1 0 
4 3 3 4 2 1 4 4 2 4 2 
1 4 1 4 1 3 3 1 1 1 0 
2 2 4 2 3 0 0 1 3 1 1 
0 1 1 1 1 1 1 1 1 1 0 
3 4 2 1 2 1 3 1 3 1 4 
1 4 3 2 1 1 0 3 2 2 4 
1 2 1 1 3 3 4 2 2 4 2 
0 1 1 2 4 1 1 1 1 1 1 
3 3 2 3 1 2 0 3 1 1 0 
1 1 3 3 3 3 2 3 1 2 4 
1 2 1 2 4 3 3 1 1 1 0 
0 2 0 1 1 3 2 3 2 3 4 
1 1 4 1 3 3 3 2 2 4 2 
1 1 2 3 2 2 0 1 2 1 0 
1 1 3 3 3 3 2 3 1 2 0 
1 2 1 2 4 3 4 1 1 4 2 
2 1 4 3 0 1 1 4 4 4 0 
1 4 3 4 1 2 0 1 1 1 3 
0 1 4 1 3 3 0 2 2 0 2 
1 1 3 3 4 3 4 1 2 1 1 
2 3 1 4 1 4 4 2 3 1 0 
1 4 1 2 1 2 2 3 3 4 1 
1 1 1 1 1 0 0 0 0 0 0 
3 2 1 0 4 3 0 3 2 1 3 
1 0 0 0 0 0 0 0 0 0 0 
1 0 0 0 0 0 1 2 3 4 0 
1 1 2 3 2 2 0 1 2 2 1 
2 2 0 0 0 0 1 1 3 3 0 
3 1 2 3 3 1 0 3 1 1 0 
0 0 0 1 1 1 1 1 1 1 0 
3 3 2 3 1 2 0 1 1 1 0 
4 1 0 3 1 4 1 2 3 2 0 
1 1 2 3 2 2 1 3 3 2 0 
1 1 1 1 1 0 0 0 1 1 0 
1 4 1 1 2 4 1 3 1 1 3 
1 0 0 0 0 0 0 0 1 1 0 
3 3 1 1 2 4 4 0 0 0 0 
1 1 4 3 2 1 1 4 4 4 0 
0 3 1 2 4 4 0 1 1 4 2 
0 1 3 4 0 1 0 3 2 3 4 
1 2 2 2 2 2 1 1 2 1 1 
1 3 1 1 3 4 2 1 2 4 2 
1 2 1 2 4 3 4 1 2 4 2 
1 0 0 0 0 0 1 1 1 1 0 
1 1 1 2 1 1 0 3 2 2 4 
1 4 1 2 4 4 3 2 2 4 2 
0 1 1 2 4 2 2 3 1 0 4 
1 1 1 1 0 1 1 1 1 1 1 
3 1 2 4 1 1 0 3 1 1 0 
3 4 1 2 3 1 0 3 1 1 0 
1 1 1 1 1 0 0 1 1 1 0 
0 1 0 2 4 2 3 2 1 1 2 
1 1 2 3 2 2 1 3 1 1 0 
2 1 4 0 1 4 0 1 3 4 0 
3 1 1 2 1 4 0 3 2 2 4 
1 3 3 3 2 1 3 1 2 2 4 
1 1 1 1 0 1 1 1 1 1 0 
0 0 1 3 1 3 0 2 2 4 1 
4 3 3 3 4 1 2 1 1 1 2 
1 4 3 3 4 1 0 3 2 2 4 
1 2 1 3 1 2 0 3 3 2 3 
2 1 4 4 1 4 1 0 3 2 0 
1 0 0 0 0 0 1 0 0 1 0 
4 4 1 2 1 1 1 1 1 1 0 
1 2 2 4 1 2 1 2 1 3 3 
1 1 1 1 1 0 0 0 0 1 0 
2 1 2 2 2 2 1 1 2 1 1 
2 1 4 4 1 1 0 0 0 0 0 
4 1 2 0 2 3 4 3 1 3 1 
1 2 1 2 3 3 4 1 2 4 2 
1 2 4 1 1 4 3 1 1 3 2 
0 1 1 2 2 1 2 1 1 1 4 
1 1 1 1 0 0 0 0 1 1 0 
1 4 1 4 1 2 0 1 1 1 0 
1 4 1 2 3 3 4 2 2 4 2 
4 2 3 2 4 3 2 0 0 0 0 
1 2 4 1 1 4 3 1 1 4 2 
1 1 1 1 0 0 0 0 0 0 0 
3 1 1 3 2 1 0 4 4 0 0 
1 1 1 1 1 0 1 1 1 1 1 
3 3 2 3 1 2 1 1 1 1 0 
1 1 1 1 1 0 1 1 1 1 0 
2 3 0 0 1 4 1 2 3 4 0 
4 1 3 4 1 1 0 2 0 0 0 
1 4 3 4 3 1 3 1 1 3 0 
0 3 1 3 1 1 3 4 4 1 4 
1 4 3 2 1 3 1 1 1 1 3 
1 1 0 0 0 0 0 0 1 1 0 
1 1 4 1 3 4 3 1 2 4 2 
1 4 1 3 1 2 0 3 2 3 0 
1 4 1 3 1 2 0 3 1 1 0 
1 1 2 4 1 2 0 1 1 1 3 
1 2 1 1 4 4 2 3 1 4 2 
1 2 1 3 1 2 4 3 2 2 1 
1 1 3 3 4 3 4 3 2 1 1 
1 3 1 1 1 2 3 4 1 2 1 
2 1 1 2 4 3 3 1 1 1 0 
1 1 1 1 0 0 1 1 1 1 0 
1 4 3 3 1 1 0 3 2 2 4 
1 0 0 0 0 0 0 1 1 1 0 
1 2 1 2 4 4 3 2 1 3 2 
2 1 4 4 3 0 1 0 0 1 0 
3 1 1 2 3 1 0 3 1 1 0 
1 0 4 3 3 4 1 1 1 4 0 
0 3 3 4 2 1 0 0 1 4 3 
1 1 1 1 1 1 0 1 1 1 1 
4 1 2 2 3 1 0 3 1 1 0 
2 1 4 0 0 0 1 0 3 2 0 
0 1 4 1 2 4 3 4 3 4 0 
4 4 1 2 3 1 0 3 1 1 0 
1 4 1 2 3 1 3 1 2 3 0 
0 4 1 2 4 4 3 2 2 4 2 
2 4 1 2 3 1 0 1 1 1 0 
1 1 0 0 0 0 1 1 1 1 0 
0 2 4 1 3 3 0 2 2 4 2 
1 0 0 0 0 0 0 0 0 1 0 
1 1 2 3 2 2 0 3 1 1 0 
1 3 2 4 4 2 0 4 3 3 2 
2 1 0 3 1 4 0 1 2 4 0 
1 1 1 1 1 1 0 1 1 1 0 
1 4 4 2 1 2 2 3 3 2 1 
1 1 3 3 4 3 4 3 1 1 1 
4 3 4 1 1 3 0 1 0 4 0 
2 1 1 4 4 4 2 3 2 0 0 
1 2 2 3 1 1 4 2 2 4 2 
1 2 3 2 1 3 3 3 3 2 1 
1 4 1 3 1 2 0 3 2 1 0 
0 0 0 0 0 0 0 0 1 1 0 
2 2 2 0 0 0 0 0 0 0 0 
0 1 4 0 3 4 0 1 2 4 2 
2 2 2 2 2 1 2 2 2 2 2 
3 1 2 2 3 1 0 3 1 1 0 
1 1 3 3 3 3 4 3 1 3 0 
1 2 3 3 2 4 0 2 4 1 1 
1 4 4 4 2 1 1 3 4 3 3 
1 1 1 0 0 0 0 1 1 1 0 
4 0 4 3 1 4 0 1 1 4 0 
1 1 0 1 1 1 1 1 1 1 1 
0 2 4 1 0 3 0 1 2 4 1 
1 1 4 1 4 4 3 1 1 4 2 
1 4 3 2 1 3 0 1 1 1 3 
4 4 2 3 1 2 3 0 0 0 0 
0 0 0 0 0 0 0 0 0 0 0 
1 1 0 1 1 1 1 1 1 1 0 
1 3 1 3 4 1 2 1 1 4 2 
4 4 1 2 3 1 0 1 1 1 0 
1 4 3 2 1 3 1 3 2 1 3 
4 1 1 2 3 1 0 3 1 1 0 
1 2 2 2 1 4 3 4 1 4 2 
3 1 3 3 3 1 0 3 1 1 0 
1 1 1 0 0 0 0 0 0 1 0 
3 4 3 2 1 0 1 3 4 4 2 
0 0 0 0 0 0 0 0 0 1 0 
1 2 4 1 3 3 0 2 2 4 2 
2 4 0 0 0 0 1 0 0 0 0 
1 1 1 0 0 0 1 1 1 1 0 
2 1 0 0 0 0 1 0 0 1 0 
1 1 4 1 3 4 2 1 2 4 2 
2 2 4 0 0 4 1 1 3 4 0 
2 4 1 2 3 1 1 1 1 1 0 
1 1 1 0 0 0 0 0 0 0 0 
2 1 4 4 0 0 1 0 0 0 0 
1 1 1 2 4 3 3 1 1 1 0 
0 0 0 0 0 0 0 1 1 1 0 
3 3 1 3 0 0 1 0 0 0 0 
0 3 3 2 2 2 2 3 3 2 1 
1 2 3 2 4 1 3 2 1 3 0 
2 1 0 0 0 0 1 0 0 0 0 
1 4 1 3 2 2 1 3 2 3 3 
4 2 2 1 0 0 1 0 0 0 0 
1 1 3 3 4 3 1 1 2 1 1 
1 4 3 2 1 3 1 3 2 3 0 
1 2 2 2 1 1 3 1 1 4 3 
1 4 3 2 1 3 1 3 1 1 3 
1 4 3 2 1 3 1 3 2 3 3 
1 2 3 2 4 3 3 1 1 1 0 
2 0 0 0 0 4 1 2 3 4 0 
2 0 0 0 0 0 1 0 0 1 0 
1 1 1 1 1 1 1 0 0 1 0 
1 1 1 1 1 1 1 1 1 1 0 
2 2 2 2 2 2 0 0 0 0 0 
1 1 1 1 1 1 1 1 1 1 1 
3 1 1 3 4 2 2 3 0 0 0 
0 3 3 3 2 1 0 4 0 4 1 
4 0 0 0 0 0 1 2 3 4 0 
1 3 3 4 2 1 1 1 4 3 4 
0 2 4 3 2 4 0 1 4 0 1 
2 1 3 2 1 1 3 3 2 3 0 
3 2 4 1 3 3 0 1 0 0 0 
1 1 1 2 4 4 3 1 1 3 2 
1 1 1 2 4 1 3 3 1 2 0 
1 1 4 1 3 3 0 2 2 4 2 
2 1 4 4 0 0 1 0 0 2 0 
1 1 1 1 1 1 1 0 0 0 0 
1 1 4 2 4 4 3 1 1 2 2 
1 1 4 1 4 4 3 3 1 2 2 
1 1 1 1 1 1 1 1 0 0 0 
1 3 3 3 4 1 2 1 1 4 0 
2 1 3 2 4 3 3 1 1 1 0 
4 1 4 1 3 0 0 1 2 3 0 
0 2 4 2 3 3 0 1 0 3 2 
1 2 2 3 4 1 1 1 3 1 1 
1 4 1 2 4 3 3 2 2 4 2 
1 2 3 2 1 3 4 3 2 2 1 
1 2 4 1 3 3 1 2 2 4 2 
4 4 3 2 3 0 1 0 0 0 0 
4 1 4 3 1 0 1 0 3 2 0 
4 4 2 3 3 2 1 0 0 0 0 
2 1 4 3 0 3 0 1 4 4 0 
1 4 2 4 1 2 0 1 1 1 3 
0 4 1 1 3 3 0 2 2 4 2 
3 3 1 2 3 1 0 1 1 1 0 
2 2 2 2 2 2 2 2 0 0 0 
1 1 1 1 1 1 1 0 1 1 1 
1 1 1 1 1 1 1 0 1 1 0 
1 1 1 1 1 1 1 1 0 1 0 
1 1 1 1 1 1 1 1 0 1 1 
2 1 0 0 0 0 1 0 3 3 0 
2 1 4 4 2 0 1 0 0 0 0 
1 1 3 3 4 3 3 3 1 3 1 
4 2 4 1 1 3 1 0 0 0 0 
1 2 4 1 3 1 4 1 2 4 2 
1 2 4 1 3 3 1 1 2 4 2 
0 0 0 0 0 0 1 1 1 1 0 
0 1 4 3 0 2 3 2 1 2 2 
4 2 4 1 1 4 0 1 1 0 0 
2 0 0 0 0 0 1 0 0 0 0 
1 4 1 2 3 4 3 1 2 3 2 
1 3 3 3 4 1 2 3 2 2 4 
3 3 2 3 3 1 0 3 1 1 0 
0 4 1 2 4 3 0 2 2 4 2 
1 3 3 3 2 1 3 4 1 2 4 
2 1 4 4 0 0 1 2 3 4 0 
1 4 3 3 4 3 0 3 2 2 4 
1 2 4 1 1 3 0 1 2 4 0 
1 1 2 3 4 2 1 3 1 1 0 
3 4 4 3 4 4 4 2 0 3 4 
1 4 3 2 1 2 0 1 1 1 3 
1 0 0 0 1 4 1 2 3 4 0 
0 2 1 2 4 1 0 3 1 2 3 
4 2 4 1 3 0 1 1 2 3 0 
3 3 1 2 3 1 0 3 1 1 0 
1 0 0 3 1 3 1 1 2 4 0 
1 1 3 3 2 2 1 1 2 1 1 
1 1 3 2 2 2 1 1 2 1 1 
3 3 2 3 1 1 0 3 1 1 0 
4 3 2 0 0 0 1 0 0 0 0 
2 3 1 2 1 3 4 2 3 0 0 
1 1 1 1 1 1 0 0 0 1 0 
1 1 0 0 0 0 0 0 0 1 0 
1 1 0 0 0 0 0 0 0 0 0 
1 1 1 1 1 1 0 0 0 0 0 
0 2 1 1 4 0 2 3 2 3 4 
0 0 4 4 2 1 0 3 4 2 3 
2 4 1 2 3 1 0 3 1 1 0 
0 2 3 0 1 1 2 4 4 3 4 
3 3 2 3 3 1 0 1 1 1 0 
2 1 4 3 1 4 0 0 3 2 1 
1 2 1 1 4 1 2 3 4 3 0 
1 2 2 2 2 2 4 1 3 1 0 
1 1 1 1 1 1 0 0 1 1 0 
3 2 1 4 3 2 1 3 2 1 3 
1 2 1 1 1 4 3 1 1 3 2 
1 4 1 3 4 1 2 1 2 4 2 
1 2 4 2 4 1 3 1 1 3 0 
0 4 1 3 4 1 0 3 2 4 2 
1 1 1 1 0 0 0 0 0 1 0 
1 4 1 2 1 1 0 3 2 2 4 
4 3 4 0 1 4 1 2 3 2 0 
2 1 4 0 0 0 1 0 0 0 0 
3 2 0 0 0 0 1 0 0 0 0 
1 1 0 0 1 1 1 1 1 1 0 
1 2 1 2 4 1 3 1 1 3 2 
1 2 1 4 4 3 3 1 1 1 0 
1 1 1 1 1 1 1 1 1 0 0 
1 1 1 1 1 1 1 1 1 0 1 
1 1 1 1 0 0 0 1 1 1 0 
1 4 1 4 1 2 3 1 1 1 0 
2 0 0 0 0 0 0 0 0 0 0 
1 1 0 0 0 0 0 1 1 1 0 
0 1 2 4 1 3 3 3 3 2 1 
0 0 1 2 3 4 3 1 1 3 2 
2 2 2 2 2 2 2 0 0 0 0 
2 2 2 2 1 3 1 4 4 3 4 
4 3 1 0 0 0 1 2 3 2 0 
0 2 3 4 3 1 4 3 2 1 0 
4 4 3 0 0 0 1 0 0 0 0 
4 1 4 3 1 1 0 4 4 2 0 
4 4 3 2 0 0 1 0 0 0 0 
1 1 1 0 1 1 1 1 1 1 1 
4 1 2 4 1 2 0 1 1 1 3 
3 3 2 2 3 1 0 3 1 1 0 
1 1 1 0 1 1 1 1 1 1 0 
2 1 0 0 0 4 1 2 3 4 0 
1 1 2 3 2 2 4 3 1 1 0 
0 1 4 3 2 0 0 2 1 4 3 
1 0 1 1 1 1 1 1 1 1 1 
2 3 1 2 2 4 4 4 0 0 0 
0 1 0 3 2 4 0 1 2 4 3 
4 3 4 2 0 4 2 4 2 1 3 
1 1 3 3 4 2 1 1 2 1 1 
1 0 1 1 1 1 1 1 1 1 0 
4 3 1 1 4 0 1 0 0 0 0 
0 4 1 2 3 3 0 2 2 4 2 
4 2 1 4 3 2 3 0 4 4 4 
0 3 2 3 1 2 0 4 4 3 4 
1 1 2 2 2 2 1 1 2 1 1 
2 1 3 4 2 4 1 0 0 0 0 
3 3 2 3 1 1 0 1 1 1 0 
3 1 1 3 1 2 2 4 4 3 0 
1 1 2 3 4 2 1 1 1 1 0 
0 1 4 4 1 2 2 3 0 2 4 
1 4 3 2 2 2 0 1 1 1 3 
2 1 4 3 1 4 0 0 1 4 0 
4 1 2 4 2 2 0 1 1 1 3 
0 4 1 3 4 1 0 2 2 4 2 
1 0 0 0 0 1 1 1 1 1 0 
1 0 0 0 1 1 1 1 1 1 0 
1 0 0 1 1 1 1 1 1 1 0 
1 1 4 1 3 3 0 1 2 4 2 
1 4 1 2 4 3 0 2 2 4 2 
2 0 0 0 0 0 1 0 3 3 0 
0 2 4 1 3 3 4 0 2 1 2 
2 2 2 2 2 2 2 2 2 2 0 
3 2 1 1 4 3 0 3 2 1 0 
4 0 0 0 0 0 1 0 0 0 0 
2 2 2 2 0 0 0 0 0 0 0 
1 2 1 2 4 3 2 1 1 3 0 
2 2 2 2 2 2 1 1 2 1 1 
1 0 0 0 0 0 1 0 3 1 0 
1 3 2 3 3 1 4 1 2 4 2 
2 3 3 3 3 3 3 3 3 0 3 
0 2 1 2 4 4 0 1 1 3 2 
4 0 0 3 1 4 1 1 3 4 0 
1 4 1 3 4 1 0 2 2 4 2 
2 3 1 0 0 0 1 0 0 2 0 
1 1 2 3 4 2 1 1 3 2 0 
1 1 2 3 2 3 0 3 1 1 0 
2 1 4 1 1 3 0 0 0 4 0 
2 2 2 2 2 0 0 0 0 0 0 
1 4 2 3 2 1 4 1 4 1 3 
2 1 3 2 3 4 0 1 1 4 0 
1 1 1 0 0 1 1 1 1 1 0 
0 0 0 0 0 1 1 1 1 1 0 
3 0 0 0 0 0 1 0 0 0 0 
2 2 2 2 2 2 2 2 2 0 0 
0 2 1 2 2 1 0 1 3 3 1 
1 1 2 3 2 2 1 1 2 1 0 
3 3 1 2 4 1 1 0 0 0 0 
1 1 2 3 4 2 1 1 3 1 0 
1 3 2 3 3 4 2 1 1 4 2 
0 0 1 1 1 1 1 1 1 1 0 
1 4 1 2 3 3 0 2 2 4 2 
1 3 1 2 4 4 3 2 1 4 2 
4 3 0 0 0 0 1 0 0 0 0 
1 1 4 1 3 3 1 1 2 4 2 
3 3 2 2 3 1 0 1 1 1 0 
3 2 2 3 1 0 1 0 0 0 0 
1 1 3 3 2 2 0 1 2 3 0 
0 0 0 0 1 1 1 1 1 1 0 
MFS
[ - , - , 4 , - , - , - , - , - , - , - , - ]
[ 0 , - , - , - , - , - , 0 , - , - , - , - ]
[ 1 , - , - , - , 1 , - , - , - , - , - , - ]
[ 1 , - , - , - , - , 1 , - , - , - , - , - ]
[ 0 , - , - , - , - , - , - , - , - , - , 0 ]
[ 1 , - , 1 , - , - , - , - , - , - , - , - ]
[ - , - , - , - , - , - , - , - , - , 0 , - ]
[ 1 , 1 , - , - , - , - , - , - , - , - , - ]
[ - , - , - , - , - , - , - , - , 0 , - , - ]
[ - , - , - , - , - , - , - , 0 , - , - , - ]
[ - , - , - , - , - , - , 0 , - , - , - , - ]
[ - , - , - , - , - , 0 , - , - , - , - , - ]
[ - , - , - , - , - , - , - , 2 , - , - , - ]
[ - , - , - , - , - , - , - , - , - , 4 , - ]
[ - , - , - , - , 0 , - , - , - , - , - , - ]
[ - , - , - , 0 , - , - , - , - , - , - , - ]
[ - , - , 0 , - , - , - , - , - , - , - , - ]
[ - , - , - , 1 , - , - , - , - , - , - , - ]
[ - , 0 , - , - , - , - , - , - , - , - , - ]
precise
0.3157894736842105
recall
0.1
F-measure
0.15189873417721522
multi
5
time
all 15111 iden 14533 gen 329
t-cover
1048
all-cover
1375
coveredNum
(1 : 743)  (2 : 246)  (3 : 173)  (4 : 89)  (5 : 59)  (6 : 23)  (7 : 7)  (8 : 18)  (9 : 10)  (10 : 2)  (13 : 3)  (15 : 1)  (18 : 1)  
real Identify
([ 0 , - , - , - , - , - , 0 , - , - , - , - ] : 1)  ([ 1 , - , - , - , 1 , - , - , - , - , - , - ] : 1)  ([ 1 , - , - , - , - , 1 , - , - , - , - , - ] : 1)  ([ 0 , - , - , - , - , - , - , - , - , - , 0 ] : 1)  ([ 1 , - , 1 , - , - , - , - , - , - , - , - ] : 1)  ([ 1 , 1 , - , - , - , - , - , - , - , - , - ] : 1)  
multiple f measure
0.07207207207207209
multiple f recall
0.04040404040404041
multiple f precise
0.3333333333333333
multiple f found
4.0
multiple f found percent
0.04040404040404041
multipe helpedInTheNextRun
4.0
multipe helpedInTheNextRun percent
0.04040404040404041
negative checked
1.0
negtive impoved
0.0
postive checked
3.0
postive impoved
1.0
feedback start times
8.0
testCase Num: 324
regaular Num: 15
identify Num: 309
4 1 4 3 1 2 1 4 0 0 0 
1 1 1 0 0 0 0 0 1 1 0 
0 2 3 1 1 1 2 0 1 4 2 
2 3 2 1 1 1 1 0 1 1 0 
1 3 1 1 4 0 4 0 2 4 2 
1 2 1 3 1 2 1 3 4 3 2 
0 2 0 2 4 3 1 0 1 2 3 
1 1 1 1 1 1 1 0 0 1 0 
1 1 1 1 1 1 1 1 1 1 0 
2 2 2 2 2 2 0 0 0 0 0 
4 1 1 0 0 0 0 1 0 0 0 
3 2 3 4 1 4 1 1 0 0 0 
4 0 0 4 4 3 1 1 1 2 0 
1 3 2 3 1 1 4 0 4 4 2 
3 3 2 1 1 1 1 0 1 3 0 
1 1 1 1 1 1 1 1 1 1 1 
4 4 0 3 2 4 2 3 4 1 1 
1 3 2 1 1 1 4 0 4 4 2 
4 3 0 0 1 4 1 1 3 2 0 
1 4 3 1 3 1 3 2 1 1 2 
1 1 0 0 0 1 1 1 1 1 0 
0 4 4 3 4 2 1 4 2 3 0 
3 3 4 1 2 1 1 0 0 2 0 
2 3 2 1 1 3 4 0 3 4 0 
1 3 1 3 3 1 4 0 4 4 2 
1 3 1 3 1 1 3 0 4 4 2 
0 4 3 2 2 4 4 0 2 2 1 
1 1 1 1 4 1 4 3 3 4 2 
1 3 1 3 1 2 3 2 1 1 2 
3 3 4 0 0 0 0 1 0 0 0 
2 1 4 3 2 2 4 1 0 0 0 
4 2 1 2 3 3 4 0 3 4 0 
1 1 1 1 1 1 1 0 0 0 0 
2 2 0 0 0 0 0 0 0 0 0 
1 1 1 4 1 1 3 2 2 2 1 
1 1 1 1 1 1 1 1 0 0 0 
4 0 0 0 0 0 1 1 1 2 0 
1 1 2 3 3 0 4 0 4 4 2 
0 2 4 3 1 3 1 3 1 3 2 
1 2 1 4 1 0 3 3 3 1 0 
1 4 3 3 2 1 1 2 4 2 3 
1 3 4 3 4 4 1 1 1 2 0 
4 3 1 3 1 0 1 0 1 2 0 
1 3 3 1 2 0 3 2 1 1 4 
2 4 3 4 4 2 3 0 1 4 1 
1 2 1 4 3 1 3 3 3 1 2 
2 2 1 1 1 1 1 4 1 4 0 
0 1 1 1 1 1 1 1 1 1 1 
0 4 3 2 2 4 1 0 2 2 1 
2 2 2 2 2 2 2 2 0 0 0 
1 1 1 1 1 1 1 0 1 1 1 
3 4 1 4 2 1 0 1 0 0 0 
3 1 1 4 4 1 3 0 3 4 2 
1 1 1 1 1 1 1 0 1 1 0 
4 2 1 2 3 3 4 1 3 4 4 
1 1 1 1 1 1 1 1 0 1 0 
1 3 1 1 3 1 3 2 1 1 2 
2 3 2 2 3 3 4 0 3 4 0 
1 1 1 1 1 1 1 1 0 1 1 
3 3 1 3 1 0 0 1 0 4 0 
3 1 3 2 4 0 3 4 4 2 4 
0 1 1 1 1 1 1 1 1 1 0 
0 1 1 2 3 4 0 3 3 3 2 
4 0 3 4 1 4 1 1 1 2 0 
0 0 0 0 0 0 1 1 1 1 0 
3 3 1 1 4 1 4 0 4 4 2 
1 3 1 2 1 4 1 0 4 1 2 
1 3 1 2 3 0 4 0 4 4 2 
1 3 1 2 4 1 4 0 2 4 2 
1 1 1 1 4 1 4 3 3 2 0 
1 1 1 1 4 1 4 3 3 2 2 
1 3 2 3 3 0 4 0 4 4 2 
4 0 0 0 0 3 1 1 4 2 0 
1 3 1 1 1 0 4 0 4 4 2 
0 3 3 2 2 2 2 0 4 1 1 
2 1 1 1 2 0 2 4 1 3 3 
1 2 3 1 1 2 1 4 2 3 4 
0 3 1 4 3 0 4 0 2 2 1 
1 2 1 4 4 2 1 0 2 3 3 
4 0 0 0 0 0 0 1 0 0 0 
4 0 0 0 0 0 0 1 1 2 0 
1 1 1 1 1 0 0 0 0 0 0 
0 1 3 1 4 2 4 0 3 4 2 
2 3 2 1 2 1 1 1 3 4 0 
1 2 3 2 1 2 1 0 4 4 3 
1 0 0 0 0 0 0 0 0 0 0 
0 3 4 1 1 4 4 0 3 3 4 
0 4 2 3 3 3 1 0 2 2 1 
1 0 0 0 4 3 1 1 1 2 0 
1 2 2 4 1 1 3 3 4 1 2 
1 1 1 1 1 1 0 0 0 1 0 
1 1 0 0 0 0 0 0 0 1 0 
1 1 0 0 0 0 0 0 0 0 0 
1 1 1 1 1 1 0 0 0 0 0 
0 0 0 1 1 1 1 1 1 1 0 
4 2 1 1 1 1 1 0 1 3 4 
1 0 3 3 4 4 1 1 1 2 0 
1 0 0 0 0 0 1 1 1 2 0 
4 1 3 3 1 4 1 0 1 2 0 
4 3 3 4 1 4 1 1 1 2 0 
0 0 1 1 3 3 4 0 4 3 4 
1 3 1 2 3 1 3 0 4 4 2 
1 1 1 1 1 0 0 0 1 1 0 
1 2 1 4 4 1 3 3 2 1 1 
1 3 1 3 1 1 4 0 4 4 2 
2 2 3 3 0 1 4 2 3 3 1 
2 4 3 0 0 0 0 1 0 0 0 
1 3 2 4 2 1 1 2 4 1 3 
1 0 0 0 0 0 0 0 1 1 0 
4 3 1 0 0 0 1 1 3 2 0 
3 2 3 4 1 3 1 2 4 0 0 
0 3 4 2 4 1 1 0 1 0 2 
0 3 4 0 4 1 1 0 2 2 1 
2 2 3 4 1 4 3 0 0 0 0 
3 3 1 3 0 0 0 1 0 4 0 
0 0 4 4 3 1 3 4 2 4 1 
0 0 3 3 4 4 1 0 1 2 2 
1 1 1 1 1 1 0 0 1 1 0 
0 4 1 2 3 3 1 0 2 2 1 
1 0 0 0 0 0 1 1 1 1 0 
1 3 2 3 3 1 4 0 4 4 2 
1 1 1 1 0 1 1 1 1 1 1 
2 2 1 2 2 2 2 2 2 2 2 
0 2 1 4 4 1 3 3 3 1 2 
2 3 2 4 2 4 1 0 4 1 0 
1 1 1 1 1 0 0 1 1 1 0 
1 1 3 1 1 2 3 2 4 3 4 
0 4 3 2 2 2 4 0 4 2 1 
1 3 2 1 4 1 3 3 3 2 1 
1 1 1 1 0 1 1 1 1 1 0 
4 3 1 4 0 0 0 1 1 2 0 
1 1 1 1 0 0 0 0 0 1 0 
0 3 4 2 3 1 1 0 0 2 1 
3 3 1 4 3 1 1 0 4 3 0 
1 2 1 3 1 1 3 3 4 1 2 
2 3 2 1 0 0 0 1 0 0 0 
1 3 1 2 3 0 4 0 2 4 2 
3 3 0 4 4 1 1 1 1 4 0 
0 2 1 1 4 1 1 1 2 1 3 
3 0 0 0 0 0 0 1 0 0 0 
4 3 1 4 0 3 1 1 4 2 0 
0 1 2 1 4 1 4 0 4 4 2 
1 1 1 3 3 3 1 0 2 2 1 
2 3 2 4 2 1 1 0 2 4 0 
1 1 0 0 1 1 1 1 1 1 0 
3 4 1 4 0 0 0 1 0 0 0 
1 1 1 1 1 0 0 0 0 1 0 
3 1 3 1 2 2 2 0 0 3 3 
1 1 1 1 1 1 1 1 1 0 0 
1 1 1 1 1 1 1 1 1 0 1 
4 3 1 1 4 1 2 1 0 0 0 
4 1 1 4 3 2 3 0 3 0 1 
4 2 4 1 3 4 0 2 4 4 3 
1 1 1 1 0 0 0 1 1 1 0 
1 1 1 1 1 4 4 3 3 1 0 
3 3 0 2 4 1 1 0 1 3 0 
3 3 1 0 0 0 0 1 0 4 0 
1 3 1 2 1 1 3 0 4 4 2 
2 0 0 0 0 0 0 0 0 0 0 
1 1 0 0 0 0 0 1 1 1 0 
0 3 0 1 4 2 3 4 3 4 1 
1 1 1 1 0 0 0 0 1 1 0 
0 1 2 3 3 3 1 0 2 2 1 
2 3 1 2 3 3 4 0 3 4 0 
1 1 3 1 1 2 3 2 4 1 1 
2 3 2 4 1 4 1 0 4 1 3 
1 3 1 2 3 1 3 3 3 4 2 
2 2 2 2 2 2 2 0 0 0 0 
1 2 1 4 1 2 1 3 4 3 3 
0 4 3 4 2 1 0 4 2 1 3 
1 3 2 1 4 1 3 3 3 4 2 
0 3 2 3 1 2 2 2 4 4 4 
1 3 1 1 4 0 3 3 3 1 2 
1 1 3 1 1 1 1 0 2 2 1 
4 3 0 0 0 0 0 1 1 2 0 
2 4 3 4 2 0 0 1 0 0 0 
1 3 1 3 1 1 3 2 1 1 2 
0 4 4 2 0 3 4 4 2 4 1 
1 3 1 2 3 1 4 0 4 4 2 
1 1 3 1 1 3 1 0 2 2 1 
1 3 1 3 3 0 4 0 4 4 2 
0 1 0 4 3 1 4 0 2 1 2 
1 1 1 1 0 0 0 0 0 0 0 
1 0 0 0 0 0 0 1 1 2 0 
1 0 0 0 0 4 3 1 1 2 0 
1 1 1 0 1 1 1 1 1 1 1 
1 2 1 3 1 2 3 4 4 1 4 
3 2 4 2 4 3 1 2 1 1 0 
1 1 2 3 3 3 1 0 2 2 1 
1 1 1 0 1 1 1 1 1 1 0 
1 3 3 1 3 1 3 2 1 1 2 
2 4 2 0 3 2 1 3 1 4 4 
1 1 1 4 3 3 1 0 2 2 1 
1 0 0 0 0 0 0 1 0 0 0 
1 1 1 1 1 0 1 1 1 1 1 
1 1 1 1 1 0 1 1 1 1 0 
4 0 0 0 4 1 3 1 2 4 0 
1 4 4 4 2 3 2 0 3 4 4 
0 4 3 2 2 1 4 4 2 2 1 
3 3 1 1 4 1 3 0 3 4 0 
0 4 3 2 2 3 1 0 2 2 1 
1 3 1 2 1 4 1 0 1 1 2 
1 1 0 0 0 0 0 0 1 1 0 
0 4 1 3 3 3 1 0 2 2 1 
1 0 1 1 1 1 1 1 1 1 1 
4 3 1 0 0 0 0 1 3 2 0 
3 3 1 1 4 1 2 0 3 2 2 
4 3 1 0 0 4 3 1 3 2 0 
1 2 1 4 1 1 3 3 2 1 2 
1 1 1 1 4 1 4 0 4 4 2 
2 3 0 0 0 0 0 1 0 0 0 
1 0 1 1 1 1 1 1 1 1 0 
4 1 4 3 0 0 0 1 0 0 0 
0 1 2 3 3 1 4 0 4 4 2 
3 3 3 3 3 3 3 3 2 0 3 
4 3 1 3 4 0 1 1 3 4 0 
4 3 0 0 0 3 1 1 1 2 0 
1 1 1 1 0 0 1 1 1 1 0 
0 1 2 3 3 0 4 0 2 4 2 
1 0 0 0 0 0 0 1 1 1 0 
2 0 0 0 0 0 0 1 0 0 0 
2 1 4 3 4 2 0 1 0 0 0 
1 1 1 1 1 1 0 1 1 1 1 
0 2 1 0 1 3 4 0 4 3 4 
1 1 1 4 1 2 3 2 4 2 1 
2 4 4 1 1 3 3 1 2 3 2 
2 3 2 1 2 4 1 0 3 4 0 
1 1 0 0 0 0 1 1 1 1 0 
1 3 1 2 1 0 1 0 4 4 2 
1 0 0 0 0 0 0 0 0 1 0 
1 0 0 0 0 1 1 1 1 1 0 
1 1 3 4 1 2 4 2 4 1 4 
1 1 1 1 1 1 0 1 1 1 0 
3 0 2 2 1 2 4 1 3 1 3 
3 0 0 0 0 0 0 1 0 4 0 
1 0 0 0 1 1 1 1 1 1 0 
1 0 0 1 1 1 1 1 1 1 0 
3 3 1 3 1 4 0 0 1 2 0 
1 2 2 3 3 0 4 0 2 4 2 
4 3 3 4 1 0 0 1 1 2 0 
3 4 1 3 4 1 0 1 0 4 0 
1 2 1 4 3 1 3 3 4 1 0 
1 2 1 3 1 1 3 4 4 4 2 
3 3 4 1 2 1 2 4 1 0 0 
2 2 2 2 2 2 2 2 2 2 0 
4 2 3 2 1 3 0 1 0 0 0 
0 0 0 0 0 0 0 0 1 1 0 
3 4 1 1 4 1 2 0 0 0 0 
1 0 0 4 3 1 1 1 4 2 0 
2 2 2 0 0 0 0 0 0 0 0 
0 1 2 3 3 0 4 0 3 4 2 
2 2 1 1 3 1 4 3 1 1 0 
1 4 4 2 1 0 1 4 4 3 1 
2 2 2 2 0 0 0 0 0 0 0 
1 2 1 4 1 0 3 3 3 4 2 
1 2 1 2 1 4 4 0 3 4 0 
0 1 2 3 1 1 4 0 4 4 2 
1 1 1 0 0 0 0 1 1 1 0 
1 3 1 3 3 0 4 0 2 4 2 
1 1 2 3 1 1 4 0 4 4 2 
1 1 3 1 1 1 4 0 2 2 1 
3 3 0 0 0 0 0 1 0 4 0 
0 4 1 3 1 3 4 4 0 4 4 
1 3 2 2 1 1 3 0 4 4 2 
1 1 3 2 1 1 2 1 1 4 2 
1 1 0 1 1 1 1 1 1 1 1 
3 3 1 1 4 1 2 3 3 4 2 
0 1 1 4 3 3 4 3 3 2 0 
0 0 0 0 0 0 0 0 0 0 0 
1 1 0 1 1 1 1 1 1 1 0 
1 4 3 2 4 1 1 4 2 4 2 
1 2 2 3 3 3 1 0 2 2 1 
0 1 1 0 3 4 3 0 3 1 2 
0 4 3 4 3 4 2 2 2 4 3 
4 3 3 0 1 4 1 1 1 2 0 
4 1 4 2 2 1 4 3 1 2 3 
3 2 4 1 4 0 0 1 0 0 0 
4 3 2 1 0 2 3 0 4 1 1 
1 1 2 1 1 1 4 0 4 4 2 
4 1 1 3 1 0 0 1 0 0 0 
1 3 1 3 2 2 1 2 1 1 2 
4 2 1 1 1 2 1 1 1 1 0 
1 1 2 3 3 0 4 0 2 4 2 
2 2 2 2 2 0 0 0 0 0 0 
1 1 1 0 0 0 0 0 0 1 0 
0 2 2 1 1 3 4 0 4 0 4 
3 4 1 2 2 4 1 0 3 3 1 
1 1 1 0 0 1 1 1 1 1 0 
4 3 1 4 0 0 3 1 1 4 0 
0 0 0 0 0 1 1 1 1 1 0 
4 3 2 4 4 4 4 4 0 3 2 
0 0 0 0 0 0 0 0 0 1 0 
2 2 2 2 2 2 2 2 2 0 0 
4 2 1 2 2 4 3 1 2 1 4 
1 3 1 4 3 1 3 2 1 1 2 
2 3 2 4 3 3 4 0 3 4 0 
1 1 1 0 0 0 1 1 1 1 0 
3 2 0 0 0 0 0 1 0 0 0 
2 4 1 3 1 3 2 1 4 3 0 
4 0 4 3 4 1 1 0 1 2 0 
0 4 3 2 2 2 2 0 4 1 3 
0 0 1 1 1 1 1 1 1 1 0 
0 3 2 3 4 2 0 0 1 2 1 
1 1 1 0 0 0 0 0 0 0 0 
1 0 0 0 0 0 0 1 0 2 0 
3 3 3 1 2 1 2 1 0 4 0 
1 1 2 3 3 1 4 0 4 4 2 
1 3 4 2 3 2 1 4 3 3 1 
2 2 2 1 1 2 3 4 1 1 0 
0 0 0 0 0 0 0 1 1 1 0 
4 1 0 0 0 0 0 1 0 0 0 
3 3 1 3 4 1 0 1 1 4 0 
0 3 1 2 4 1 3 0 3 4 2 
1 4 2 3 3 3 1 4 2 2 1 
1 3 1 2 4 1 3 0 2 4 2 
4 3 0 0 0 0 1 1 3 2 0 
4 1 1 3 4 4 1 0 3 0 0 
2 3 2 1 1 4 4 0 3 4 0 
4 1 1 0 3 3 4 0 4 3 0 
0 1 1 4 0 4 1 0 2 2 3 
0 4 3 1 3 1 3 2 1 1 2 
0 0 0 0 1 1 1 1 1 1 0 
2 2 1 2 3 3 4 0 3 4 0 
3 3 1 4 0 4 1 0 1 2 0 
MFS
[ - , 1 , - , - , - , - , - , - , - , - , - ]
[ 1 , - , - , - , - , - , - , - , - , - , - ]
[ - , - , - , - , - , - , - , 0 , - , - , 0 ]
[ 0 , - , - , - , - , - , - , 0 , - , - , - ]
[ 0 , - , - , - , - , - , - , - , - , - , 0 ]
[ - , - , - , - , - , - , - , - , - , 0 , - ]
[ - , - , - , - , - , - , - , - , 0 , - , - ]
[ - , - , - , - , - , - , 0 , - , - , - , - ]
[ - , - , - , - , - , 0 , - , - , - , - , - ]
[ - , - , - , - , 0 , - , - , - , - , - , - ]
[ - , - , - , 0 , - , - , - , - , - , - , - ]
[ - , - , 0 , - , - , - , - , - , - , - , - ]
[ - , 0 , - , - , - , - , - , - , - , - , - ]
precise
0.23076923076923078
recall
0.05
F-measure
0.08219178082191782
multi
4
time
all 12126 iden 11642 gen 249
t-cover
1068
all-cover
1375
coveredNum
(1 : 693)  (2 : 325)  (3 : 189)  (4 : 87)  (5 : 41)  (6 : 27)  (7 : 7)  (8 : 1)  (9 : 2)  (10 : 3)  
real Identify
([ 0 , - , - , - , - , - , - , 0 , - , - , - ] : 1)  ([ 0 , - , - , - , - , - , - , - , - , - , 0 ] : 1)  ([ - , - , - , - , - , - , - , 0 , - , - , 0 ] : 1)  
multiple f measure
0.018867924528301886
multiple f recall
0.010416666666666666
multiple f precise
0.1
multiple f found
1.0
multiple f found percent
0.010416666666666666
multipe helpedInTheNextRun
3.0
multipe helpedInTheNextRun percent
0.03125
negative checked
0.0
negtive impoved
0.0
postive checked
3.0
postive impoved
1.0
feedback start times
6.0
testCase Num: 300
regaular Num: 15
identify Num: 286
2 1 1 1 1 1 0 1 3 1 4 
2 2 3 3 1 4 0 2 2 4 2 
1 1 1 0 0 0 0 0 1 1 0 
0 3 4 1 2 2 0 1 2 4 2 
0 2 3 2 4 1 2 2 2 0 4 
3 2 4 1 4 2 0 2 1 3 0 
4 1 4 1 3 1 2 2 2 0 0 
1 1 1 1 1 1 1 0 0 1 0 
1 1 1 1 1 1 1 1 1 1 0 
2 2 2 2 2 2 0 0 0 0 0 
1 1 1 1 1 1 1 1 1 1 1 
2 1 1 2 4 3 1 4 4 0 0 
4 3 4 1 4 1 2 2 2 0 0 
2 1 1 4 4 3 1 4 4 0 0 
3 1 2 1 2 4 0 1 1 0 2 
1 1 0 0 0 1 1 1 1 1 0 
0 4 4 4 1 3 1 4 4 0 4 
2 1 1 2 1 4 4 2 2 0 0 
0 3 3 2 1 0 2 4 1 0 4 
3 3 3 3 2 3 3 3 3 0 3 
3 3 0 0 0 0 0 4 1 1 0 
1 0 0 0 0 0 0 4 1 1 0 
3 3 1 4 3 4 4 3 4 0 0 
2 1 1 2 1 4 1 4 4 0 0 
1 1 1 1 1 1 1 0 0 0 0 
2 2 0 0 0 0 0 0 0 0 0 
1 1 1 1 1 1 1 1 0 0 0 
3 0 0 0 0 3 4 4 1 1 0 
0 1 1 4 2 1 0 1 1 1 1 
4 1 1 4 1 4 3 3 4 0 0 
3 3 1 4 1 2 3 0 0 1 0 
2 1 1 2 1 4 4 4 4 0 0 
0 2 4 4 2 4 0 1 1 0 2 
0 1 2 1 1 2 4 1 1 1 4 
3 2 4 1 1 2 4 1 0 0 0 
0 1 1 1 1 1 1 1 1 1 1 
0 2 4 1 3 0 4 3 2 0 1 
0 1 2 4 2 1 2 2 2 0 4 
2 2 2 2 2 2 2 2 0 0 0 
1 1 1 1 1 1 1 0 1 1 1 
1 1 1 1 1 1 1 0 1 1 0 
3 3 4 0 1 3 4 4 2 1 0 
0 4 1 2 4 1 2 2 2 0 4 
1 1 1 1 1 1 1 1 0 1 0 
1 1 1 1 1 1 1 1 0 1 1 
0 2 4 1 1 3 4 3 2 0 4 
0 1 1 1 1 1 1 1 1 1 0 
0 1 2 4 2 4 0 1 1 2 3 
1 3 3 2 1 2 1 4 2 3 1 
3 3 4 4 1 2 0 0 1 1 0 
0 0 2 1 3 3 3 2 1 0 4 
0 0 0 0 0 0 1 1 1 1 0 
3 0 0 0 0 0 0 0 1 1 0 
1 0 0 0 0 0 3 1 4 1 0 
4 1 4 4 2 4 0 1 1 0 2 
0 3 4 1 2 2 0 2 2 4 2 
0 3 4 3 1 4 0 2 2 4 2 
3 2 4 1 1 0 0 0 0 1 0 
1 0 0 1 1 3 3 4 4 1 0 
3 1 1 1 2 4 4 3 2 0 0 
0 4 1 1 2 2 4 1 3 3 1 
2 3 2 1 1 1 1 1 2 1 0 
4 3 4 1 3 1 2 2 2 0 0 
0 1 4 3 2 4 0 1 1 2 4 
3 3 1 1 1 2 4 4 0 1 0 
4 3 4 1 3 4 2 2 2 0 0 
4 3 4 1 2 2 0 3 1 3 0 
3 3 4 1 4 3 0 3 1 3 0 
0 1 2 2 4 1 2 2 2 0 4 
3 3 3 4 1 0 1 4 2 1 0 
4 4 1 2 3 3 0 1 2 4 3 
3 1 4 4 0 3 2 2 4 4 1 
0 2 1 1 1 4 4 2 2 0 4 
1 1 4 2 4 4 4 4 2 0 1 
4 3 3 1 4 4 4 0 4 2 2 
2 4 1 4 4 1 3 1 1 2 4 
3 4 3 1 0 0 3 4 1 1 0 
1 0 0 0 1 3 3 1 4 1 0 
3 2 3 2 2 2 0 2 1 3 0 
0 1 2 3 3 3 1 2 2 0 4 
1 1 1 1 1 0 0 0 0 0 0 
3 3 1 4 0 2 4 4 1 1 0 
4 1 1 1 3 4 2 2 2 0 0 
4 1 3 2 2 2 0 2 1 3 0 
1 0 0 0 0 0 0 0 0 0 0 
3 2 2 1 0 4 3 1 1 0 2 
2 3 3 2 4 1 2 2 2 0 3 
2 3 3 2 4 1 2 2 2 0 4 
3 3 2 4 3 3 0 1 4 1 0 
2 1 1 2 1 4 4 2 4 0 0 
0 1 4 3 3 1 2 2 2 0 4 
1 1 1 1 1 1 0 0 0 1 0 
3 0 0 0 1 3 4 4 1 1 0 
1 1 0 0 0 0 0 0 0 1 0 
1 1 0 0 0 0 0 0 0 0 0 
4 1 3 2 4 1 2 2 2 0 0 
1 1 1 1 1 1 0 0 0 0 0 
0 3 4 2 2 2 0 4 1 4 2 
0 0 0 1 1 1 1 1 1 1 0 
3 0 0 0 0 0 0 0 0 1 0 
0 1 2 4 2 3 3 3 2 0 4 
2 4 3 4 1 1 1 0 1 0 0 
2 1 1 1 1 1 0 1 1 2 3 
3 4 1 2 4 3 0 3 4 0 0 
0 2 4 0 2 4 4 1 2 0 1 
3 3 3 4 1 0 0 4 1 1 0 
3 2 4 4 2 4 0 1 1 0 2 
1 1 1 1 1 0 0 0 1 1 0 
3 1 3 2 2 2 0 2 1 3 0 
3 2 2 4 3 3 0 3 4 1 4 
3 2 0 1 3 4 2 1 1 0 4 
3 3 3 1 0 0 0 4 1 1 0 
0 3 3 0 3 2 2 4 1 0 3 
1 3 1 4 1 2 3 1 4 0 2 
1 0 0 0 0 0 0 0 1 1 0 
0 3 3 2 1 1 2 0 2 3 4 
0 2 4 4 2 4 3 1 1 2 2 
3 3 0 4 1 2 1 4 2 0 0 
3 3 0 0 0 0 0 0 1 1 0 
3 1 2 1 3 4 0 1 1 0 2 
0 3 4 2 2 2 0 4 1 3 2 
1 1 1 1 1 1 0 0 1 1 0 
0 2 2 4 3 3 2 2 2 0 4 
1 0 0 0 0 0 1 1 1 1 0 
0 4 2 1 4 3 3 3 4 1 0 
0 0 1 4 2 4 2 1 1 0 2 
0 2 4 3 1 3 4 4 1 3 3 
0 3 3 4 1 2 0 4 1 0 2 
1 1 1 1 0 1 1 1 1 1 1 
0 2 3 3 1 4 0 2 2 4 2 
1 2 2 4 4 0 4 2 3 3 3 
1 1 1 1 1 0 0 1 1 1 0 
0 2 1 3 4 3 3 1 0 2 2 
3 3 3 4 1 2 1 4 2 1 0 
4 2 2 0 2 1 1 4 4 4 4 
1 1 1 1 0 1 1 1 1 1 0 
0 4 4 3 1 2 2 2 2 0 4 
1 1 1 1 0 0 0 0 0 1 0 
0 1 2 3 3 4 1 1 3 0 4 
3 2 4 1 2 2 0 2 1 3 0 
0 2 3 1 3 1 2 1 2 0 1 
0 3 4 2 2 2 0 4 1 2 1 
3 3 0 0 0 0 0 0 0 1 0 
0 4 1 4 2 0 3 1 1 2 2 
1 1 0 0 1 1 1 1 1 1 0 
1 1 1 1 1 0 0 0 0 1 0 
0 0 3 2 1 2 4 4 2 0 1 
1 1 1 1 1 1 1 1 1 0 0 
1 1 1 1 1 1 1 1 1 0 1 
4 3 4 1 3 4 4 3 2 0 0 
0 3 1 2 0 2 3 4 2 0 4 
0 4 3 2 4 1 2 2 2 0 4 
2 4 4 4 3 4 3 4 0 3 4 
3 3 4 4 1 0 0 0 1 1 0 
1 1 1 1 0 0 0 1 1 1 0 
2 0 0 0 0 0 0 0 0 0 0 
1 1 0 0 0 0 0 1 1 1 0 
3 3 0 0 0 4 3 1 1 1 0 
1 1 1 1 0 0 0 0 1 1 0 
4 3 4 2 4 1 2 2 2 0 0 
3 3 1 0 0 2 3 4 1 1 0 
0 2 1 1 1 4 3 3 4 4 1 
2 2 2 2 2 2 2 0 0 0 0 
0 3 4 2 4 1 4 2 2 4 2 
2 1 1 1 1 3 0 4 3 2 2 
2 1 4 1 2 2 0 4 1 1 1 
4 1 2 1 3 2 0 4 3 0 0 
4 1 3 2 1 0 3 4 1 0 0 
0 1 1 2 1 1 2 4 4 1 1 
1 0 0 0 0 3 3 4 1 1 0 
3 2 4 1 4 3 0 3 2 3 0 
2 1 1 2 1 3 1 4 4 0 0 
0 1 1 1 3 4 2 2 2 0 4 
3 3 1 4 1 2 3 0 4 1 0 
0 3 3 3 1 4 0 2 2 4 2 
1 1 1 1 0 0 0 0 0 0 0 
3 3 0 4 1 1 4 4 2 1 0 
1 1 1 0 1 1 1 1 1 1 1 
3 4 2 1 3 2 0 1 1 0 2 
1 1 1 0 1 1 1 1 1 1 0 
3 0 1 1 1 2 4 4 2 0 0 
0 1 4 3 4 1 2 2 2 0 4 
0 3 3 2 1 2 4 4 0 0 1 
3 3 4 2 2 2 0 2 1 3 0 
1 1 1 1 1 0 1 1 1 1 1 
1 1 1 1 1 0 1 1 1 1 0 
1 3 4 1 1 2 3 4 1 1 0 
4 3 4 1 1 4 3 2 2 0 0 
0 1 3 2 4 1 2 2 2 0 4 
1 1 0 0 0 0 0 0 1 1 0 
3 3 3 4 1 2 0 0 0 1 0 
3 3 0 0 1 3 4 4 2 1 0 
1 0 1 1 1 1 1 1 1 1 1 
0 2 1 0 1 3 3 2 1 2 2 
1 0 1 1 1 1 1 1 1 1 0 
0 4 1 1 4 1 2 2 2 0 4 
2 1 1 2 1 4 3 3 2 3 0 
0 2 2 1 3 3 3 0 1 0 2 
2 3 1 3 4 1 0 1 4 3 1 
2 3 3 3 0 1 1 1 2 3 0 
1 1 1 1 0 0 1 1 1 1 0 
1 0 0 0 0 0 0 1 1 1 0 
3 2 4 1 1 2 0 4 1 0 0 
0 2 2 4 4 1 2 2 2 0 4 
0 1 1 4 3 3 1 3 1 3 1 
3 2 4 1 4 3 0 3 2 1 0 
2 4 4 4 4 3 1 4 4 0 0 
1 1 1 1 1 1 0 1 1 1 1 
1 0 3 1 1 2 3 4 2 1 0 
2 1 0 3 4 2 4 3 1 4 4 
4 1 4 2 4 1 2 2 2 0 0 
1 1 3 2 1 4 3 4 1 0 0 
3 0 2 1 4 3 3 4 1 1 0 
3 0 0 0 0 0 3 1 1 1 0 
0 3 3 2 4 1 2 2 2 0 4 
1 1 0 0 0 0 1 1 1 1 0 
3 4 2 1 3 2 3 1 1 0 2 
3 1 2 1 2 4 2 1 0 0 3 
1 0 0 0 0 0 0 0 0 1 0 
2 1 3 2 1 1 0 2 2 0 4 
3 3 1 3 0 0 0 0 0 1 0 
4 1 3 2 2 2 3 2 1 3 3 
1 0 0 0 0 1 1 1 1 1 0 
3 3 1 3 3 4 4 1 3 4 0 
0 3 2 1 1 1 3 1 1 0 1 
1 1 1 1 1 1 0 1 1 1 0 
1 0 0 0 1 1 1 1 1 1 0 
1 0 0 1 1 1 1 1 1 1 0 
0 1 4 1 1 2 3 1 4 1 4 
0 2 1 1 1 1 2 2 2 0 4 
3 3 1 0 1 2 4 4 2 0 0 
4 4 4 4 4 3 1 4 4 0 0 
2 2 1 4 1 1 0 1 4 1 0 
2 2 2 2 2 2 2 2 2 2 0 
0 0 0 0 0 0 0 0 1 1 0 
3 3 4 3 0 0 0 0 1 1 0 
2 2 3 3 1 4 1 2 2 4 2 
0 1 1 1 1 1 1 1 1 3 2 
2 2 2 0 0 0 0 0 0 0 0 
2 2 2 2 0 0 0 0 0 0 0 
3 3 3 4 1 2 0 4 1 1 0 
3 2 1 1 2 4 0 2 1 0 4 
3 3 1 0 0 0 0 0 0 1 0 
0 3 3 3 3 1 2 1 1 2 1 
2 3 1 1 1 4 1 1 4 1 3 
1 1 1 0 0 0 0 1 1 1 0 
3 3 0 0 0 0 3 1 1 1 0 
4 4 4 4 4 3 1 4 4 1 0 
1 1 0 1 1 1 1 1 1 1 1 
0 1 1 3 1 2 0 1 1 1 4 
2 2 2 2 2 2 2 2 2 1 2 
4 4 2 3 1 4 2 3 3 1 1 
0 0 0 0 0 0 0 0 0 0 0 
0 2 4 1 3 2 0 3 4 1 3 
0 1 1 1 1 2 0 1 1 1 4 
1 1 0 1 1 1 1 1 1 1 0 
0 1 4 4 2 4 3 2 2 0 4 
0 4 0 4 2 3 4 1 1 2 2 
2 4 1 3 1 4 0 1 2 2 0 
3 2 1 1 3 1 2 2 1 3 0 
0 2 1 1 2 2 0 3 3 3 4 
0 3 3 3 3 2 2 4 1 3 0 
2 1 4 4 4 3 1 4 4 0 0 
3 0 0 1 1 3 4 4 2 1 0 
3 0 4 2 3 1 1 3 3 2 2 
2 2 2 2 2 0 0 0 0 0 0 
1 1 1 0 0 0 0 0 0 1 0 
3 4 3 2 4 1 2 2 2 0 1 
1 1 1 0 0 1 1 1 1 1 0 
0 0 0 0 0 1 1 1 1 1 0 
3 1 1 4 2 4 0 1 1 0 2 
0 0 0 0 0 0 0 0 0 1 0 
3 3 1 0 0 0 3 4 1 1 0 
2 2 2 2 2 2 2 2 2 0 0 
0 3 0 2 1 2 3 4 2 0 1 
1 1 1 0 0 0 1 1 1 1 0 
3 2 4 1 4 4 0 2 1 3 0 
0 1 1 2 1 4 4 2 2 0 1 
0 4 2 4 3 3 0 1 4 1 4 
0 1 1 3 3 4 1 1 2 0 4 
4 1 1 1 1 4 3 2 2 0 0 
4 3 3 2 4 1 2 2 2 0 0 
0 3 4 1 2 4 0 2 2 4 2 
0 4 4 1 2 2 4 0 2 0 1 
4 4 4 1 4 1 2 2 2 0 0 
0 0 1 1 1 1 1 1 1 1 0 
0 1 1 1 2 1 0 1 1 1 1 
1 1 1 0 0 0 0 0 0 0 0 
3 1 2 1 3 3 0 4 1 0 2 
0 3 4 1 1 4 0 2 2 4 2 
0 0 0 0 0 0 0 1 1 1 0 
0 2 1 1 1 3 4 3 4 0 4 
3 4 3 0 0 0 0 0 1 1 0 
0 4 3 3 0 1 1 2 1 2 3 
0 1 4 2 4 1 2 2 2 0 4 
3 3 3 0 0 0 0 4 1 1 0 
1 4 3 1 3 1 2 2 1 0 4 
0 0 0 0 1 1 1 1 1 1 0 
3 0 0 0 0 0 0 4 1 1 0 
2 1 1 1 1 2 0 4 3 0 2 
MFS
[ 1 , - , - , - , - , - , - , - , - , - , - ]
[ 0 , - , - , - , - , - , - , - , - , - , 4 ]
[ 0 , - , - , - , - , - , 0 , - , - , - , - ]
[ 0 , - , - , - , - , - , - , - , - , - , 0 ]
[ - , - , - , - , - , - , - , - , - , 0 , - ]
[ - , - , - , - , - , - , - , - , 0 , - , - ]
[ - , - , - , - , - , - , - , 0 , - , - , - ]
[ - , - , - , - , - , - , 0 , - , - , 0 , - ]
[ - , - , - , - , - , - , 0 , - , - , - , 0 ]
[ - , - , - , - , - , 0 , - , - , - , - , - ]
[ - , - , - , - , 0 , - , - , - , - , - , - ]
[ - , - , - , 0 , - , - , - , - , - , - , - ]
[ - , - , 0 , - , - , - , - , - , - , - , - ]
[ - , 0 , - , - , - , - , - , - , - , - , - ]
precise
0.2857142857142857
recall
0.06666666666666667
F-measure
0.10810810810810811
multi
3
time
all 10736 iden 10174 gen 297
t-cover
1068
all-cover
1375
coveredNum
(1 : 682)  (2 : 290)  (3 : 199)  (4 : 85)  (5 : 32)  (6 : 29)  (7 : 23)  (8 : 16)  (9 : 10)  (10 : 5)  (11 : 4)  
real Identify
([ 0 , - , - , - , - , - , 0 , - , - , - , - ] : 1)  ([ 0 , - , - , - , - , - , - , - , - , - , 0 ] : 1)  ([ - , - , - , - , - , - , 0 , - , - , 0 , - ] : 1)  ([ - , - , - , - , - , - , 0 , - , - , - , 0 ] : 1)  
multiple f measure
0.03846153846153846
multiple f recall
0.02127659574468085
multiple f precise
0.2
multiple f found
2.0
multiple f found percent
0.02127659574468085
multipe helpedInTheNextRun
4.0
multipe helpedInTheNextRun percent
0.0425531914893617
negative checked
0.0
negtive impoved
0.0
postive checked
5.0
postive impoved
1.0
feedback start times
9.0
testCase Num: 214
regaular Num: 2
identify Num: 213
4 4 3 2 4 4 4 3 0 3 4 
1 4 1 3 0 0 1 2 1 4 0 
1 1 1 0 0 0 0 0 1 1 0 
1 0 0 0 0 0 1 0 0 0 0 
1 3 3 4 4 0 1 0 1 1 0 
1 1 1 1 1 1 1 0 0 1 0 
1 1 1 1 1 1 1 1 1 1 0 
2 2 2 2 2 2 0 0 0 0 0 
1 1 1 1 1 1 1 1 1 1 1 
1 1 1 3 4 1 0 1 0 2 2 
4 2 3 1 3 3 4 4 1 2 2 
1 1 0 0 0 1 1 1 1 1 0 
2 3 3 4 2 3 1 0 0 0 0 
2 2 2 2 2 2 1 2 2 2 2 
1 2 2 2 3 2 1 0 0 0 0 
3 1 2 4 3 4 0 3 1 0 0 
0 3 3 4 4 4 1 1 2 1 2 
2 0 2 4 3 4 0 3 1 4 3 
1 1 1 1 1 1 1 0 0 0 0 
2 2 0 0 0 0 0 0 0 0 0 
1 1 1 1 1 1 1 1 0 0 0 
4 0 0 0 3 3 0 1 2 1 0 
1 4 3 0 0 1 0 4 2 1 0 
4 0 3 4 2 1 0 1 2 1 0 
1 3 0 1 4 1 2 2 1 3 4 
3 2 2 4 0 1 4 1 3 4 4 
1 1 4 2 0 1 0 3 1 1 3 
0 1 1 1 1 1 1 1 1 1 1 
1 4 1 3 4 1 0 1 2 0 0 
2 2 2 2 2 2 2 2 0 0 0 
1 1 1 1 1 1 1 0 1 1 1 
1 1 1 1 1 1 1 0 1 1 0 
1 1 1 1 1 1 1 1 0 1 0 
1 1 1 1 1 1 1 1 0 1 1 
0 1 1 1 1 1 1 1 1 1 0 
1 4 0 0 0 0 1 2 1 3 0 
1 4 3 0 1 1 0 2 2 1 0 
3 1 4 1 4 2 2 3 0 0 0 
0 0 0 0 0 0 1 1 1 1 0 
4 4 1 3 4 1 0 1 2 2 0 
3 1 2 4 3 4 0 3 1 2 0 
2 2 0 3 1 4 3 3 4 1 2 
2 0 0 0 0 0 1 0 0 0 0 
3 3 0 0 0 0 1 0 0 1 0 
0 2 4 1 4 3 0 0 3 3 2 
1 3 3 4 4 0 1 1 2 1 0 
1 0 0 0 0 1 0 2 1 3 0 
0 4 0 2 3 3 0 1 2 3 1 
0 2 1 3 4 1 2 1 1 2 3 
0 4 2 3 3 2 3 1 1 4 1 
1 4 1 3 2 1 0 1 0 0 0 
0 2 4 2 2 1 0 4 0 1 3 
1 1 1 1 1 0 0 0 0 0 0 
4 1 2 4 2 3 3 3 1 4 0 
2 3 3 0 0 0 1 0 0 0 0 
0 3 3 0 1 1 2 2 4 2 4 
4 0 0 0 0 0 1 2 1 4 0 
1 0 0 0 0 0 0 0 0 0 0 
1 1 4 2 1 2 4 1 1 1 3 
1 1 4 2 1 0 0 1 3 2 3 
1 1 1 1 1 1 0 0 0 1 0 
1 1 0 0 0 0 0 0 0 1 0 
3 4 2 3 0 0 1 0 0 0 0 
1 3 1 2 1 3 0 0 2 1 4 
1 1 0 0 0 0 0 0 0 0 0 
1 1 2 2 3 4 3 4 0 0 0 
1 1 1 1 1 1 0 0 0 0 0 
0 0 0 1 1 1 1 1 1 1 0 
2 3 0 0 0 0 1 0 0 0 0 
1 1 2 2 3 0 1 0 0 0 0 
1 1 3 2 1 3 0 1 2 1 0 
0 4 3 4 0 2 0 2 2 1 1 
1 1 1 1 1 0 0 0 1 1 0 
1 1 3 4 4 0 0 2 1 1 0 
1 2 4 0 0 0 1 0 0 0 0 
1 0 3 2 2 1 0 1 2 1 3 
1 0 0 0 0 0 0 0 1 1 0 
1 1 4 2 1 2 4 2 2 1 3 
1 3 0 0 0 0 1 0 1 3 0 
1 1 1 2 0 3 0 3 2 1 0 
2 1 3 1 4 4 2 2 0 4 1 
1 1 1 1 1 1 0 0 1 1 0 
1 0 0 0 0 0 1 1 1 1 0 
4 0 0 0 0 0 0 2 1 1 0 
1 0 0 0 4 1 0 2 1 3 0 
1 1 1 1 0 1 1 1 1 1 1 
1 1 1 1 1 0 0 1 1 1 0 
0 4 3 4 2 1 0 2 2 1 1 
1 1 1 1 0 1 1 1 1 1 0 
1 0 0 3 4 1 0 1 1 2 0 
1 3 1 1 0 0 1 0 0 0 0 
1 1 1 1 0 0 0 0 0 1 0 
1 3 4 0 2 4 4 3 3 2 1 
1 4 1 0 0 0 0 2 1 1 0 
1 1 3 2 1 2 4 2 4 0 0 
1 0 0 0 0 0 1 0 0 1 0 
1 0 0 0 0 0 1 0 1 3 0 
1 4 3 0 0 0 1 2 1 1 0 
0 1 1 1 4 4 2 3 1 0 4 
1 1 0 0 1 1 1 1 1 1 0 
1 1 1 1 1 0 0 0 0 1 0 
3 3 3 3 3 3 3 2 3 0 3 
1 1 1 1 1 1 1 1 1 0 0 
1 1 1 1 1 1 1 1 1 0 1 
1 2 2 3 3 4 4 0 0 0 0 
1 1 4 2 1 2 4 2 1 1 3 
1 1 1 1 0 0 0 1 1 1 0 
2 0 0 0 0 0 0 0 0 0 0 
1 1 0 0 0 0 0 1 1 1 0 
1 1 1 2 3 1 1 3 2 4 3 
1 1 1 3 1 1 0 0 0 2 0 
1 4 4 4 3 3 2 0 4 4 2 
1 4 1 3 4 1 3 2 1 2 0 
3 4 4 1 1 4 1 0 0 0 0 
1 1 1 1 0 0 0 0 1 1 0 
1 1 0 4 2 2 0 3 1 2 3 
3 1 1 2 2 4 0 4 3 1 1 
2 2 2 2 2 2 2 0 0 0 0 
1 2 4 3 4 1 0 1 1 3 2 
3 4 0 0 0 0 1 0 0 0 0 
1 0 0 0 0 0 1 2 1 4 0 
2 4 4 1 2 3 0 2 3 0 0 
2 1 3 4 0 0 1 0 0 0 0 
4 0 0 0 0 3 0 1 2 1 0 
1 1 1 1 0 0 0 0 0 0 0 
1 1 1 3 4 1 1 0 0 0 0 
3 4 1 1 2 0 0 3 2 4 2 
1 1 1 0 1 1 1 1 1 1 1 
1 1 1 0 1 1 1 1 1 1 0 
1 1 0 0 0 0 1 0 0 0 0 
0 0 4 1 2 3 0 2 1 3 4 
1 3 1 2 0 0 1 0 1 1 0 
1 1 1 1 1 0 1 1 1 1 1 
1 1 1 1 1 0 1 1 1 1 0 
2 3 1 2 3 1 4 1 4 3 0 
1 1 0 0 0 0 0 0 1 1 0 
2 3 1 4 1 3 4 2 0 0 0 
1 0 1 1 1 1 1 1 1 1 1 
1 0 1 1 1 1 1 1 1 1 0 
1 4 3 2 1 1 0 1 2 0 1 
1 3 1 3 4 1 0 0 2 1 0 
1 3 2 1 1 4 2 2 1 3 4 
1 0 3 2 3 1 0 1 2 1 0 
1 1 1 1 0 0 1 1 1 1 0 
1 0 0 0 0 0 0 1 1 1 0 
1 4 1 2 0 0 0 2 1 1 0 
1 1 1 1 1 1 0 1 1 1 1 
3 4 3 0 0 0 1 0 1 1 0 
0 2 4 2 2 3 0 1 1 0 3 
1 4 3 3 4 1 1 1 2 1 0 
0 1 3 4 2 1 0 0 1 2 3 
1 1 0 0 0 0 1 1 1 1 0 
1 0 0 0 0 0 0 0 0 1 0 
1 3 1 0 0 0 1 0 0 1 0 
1 0 0 0 0 1 1 1 1 1 0 
1 1 1 1 1 1 0 1 1 1 0 
1 0 0 0 1 1 1 1 1 1 0 
1 0 0 1 1 1 1 1 1 1 0 
0 4 2 4 4 0 0 2 1 1 1 
1 4 0 0 0 0 0 2 1 1 0 
1 3 0 2 3 1 0 1 1 3 0 
1 4 1 3 4 1 0 1 0 2 0 
3 4 1 1 0 1 3 3 2 2 2 
2 2 2 2 2 2 2 2 2 2 0 
1 1 1 0 0 0 1 0 0 0 0 
0 0 0 0 0 0 0 0 1 1 0 
4 0 0 3 4 1 0 1 2 2 0 
2 2 2 0 0 0 0 0 0 0 0 
2 1 4 3 2 0 3 4 2 3 4 
4 0 0 0 0 0 1 0 0 0 0 
4 1 4 2 1 2 0 3 3 1 0 
2 2 2 2 0 0 0 0 0 0 0 
3 4 2 0 0 0 1 0 0 0 0 
4 4 1 4 1 3 0 2 2 1 1 
1 1 1 0 0 0 0 1 1 1 0 
1 3 1 3 4 1 1 0 0 1 0 
3 4 4 1 1 0 1 0 0 0 0 
1 3 1 3 4 1 1 0 1 3 0 
1 4 0 0 0 1 0 2 1 3 0 
1 1 0 1 1 1 1 1 1 1 1 
1 2 4 2 0 0 1 0 0 0 0 
0 0 0 0 0 0 0 0 0 0 0 
1 1 0 1 1 1 1 1 1 1 0 
0 1 1 2 3 3 0 3 4 2 4 
4 0 0 0 0 0 1 0 1 1 0 
0 3 1 4 4 4 3 2 1 4 0 
1 2 0 0 0 0 1 0 0 0 0 
3 4 4 1 2 2 3 0 0 0 0 
2 2 2 2 2 0 0 0 0 0 0 
1 1 1 0 0 0 0 0 0 1 0 
2 3 3 4 2 0 1 0 0 0 0 
1 1 1 0 0 1 1 1 1 1 0 
0 0 0 0 0 1 1 1 1 1 0 
3 0 0 0 0 0 1 0 0 0 0 
0 0 0 0 0 0 0 0 0 1 0 
1 3 3 4 0 0 1 0 0 1 0 
2 2 2 2 2 2 2 2 2 0 0 
1 1 1 0 0 0 1 1 1 1 0 
4 3 2 1 4 2 0 4 4 4 3 
2 3 3 4 4 1 2 0 0 0 0 
0 4 1 0 2 3 0 1 2 1 3 
1 2 1 3 4 0 1 0 0 0 0 
1 3 1 4 4 0 1 0 0 1 0 
0 2 3 1 3 3 4 4 2 1 0 
0 0 1 1 1 1 1 1 1 1 0 
1 1 1 0 0 0 0 0 0 0 0 
1 0 0 0 0 0 0 2 1 1 0 
0 0 0 0 0 0 0 1 1 1 0 
3 0 1 4 1 2 2 4 3 3 3 
4 0 0 0 0 0 1 0 0 1 0 
1 4 0 0 3 1 0 1 2 3 0 
0 0 0 0 1 1 1 1 1 1 0 
1 1 1 2 1 1 0 0 0 0 0 
1 1 2 0 3 3 0 3 1 3 4 
MFS
[ - , - , - , - , - , - , - , - , - , - , - ]
[ 0 , - , - , - , - , - , - , - , - , - , 0 ]
[ - , - , - , - , - , - , - , - , - , 0 , - ]
[ - , - , - , - , - , - , - , 0 , - , - , - ]
[ - , - , - , - , - , 0 , - , - , - , - , - ]
[ - , - , - , 0 , - , - , - , - , - , - , - ]
[ - , - , 0 , - , - , - , - , - , - , - , - ]
[ - , 0 , - , - , - , - , - , - , - , - , - ]
precise
0.125
recall
0.016666666666666666
F-measure
0.029411764705882353
multi
2
time
all 12392 iden 12221 gen 15
t-cover
897
all-cover
1375
coveredNum
(1 : 1114)  (2 : 216)  (3 : 37)  (4 : 8)  
real Identify
([ 0 , - , - , - , - , - , - , - , - , - , 0 ] : 1)  
multiple f measure
0.020202020202020204
multiple f recall
0.01098901098901099
multiple f precise
0.125
multiple f found
1.0
multiple f found percent
0.01098901098901099
multipe helpedInTheNextRun
0.0
multipe helpedInTheNextRun percent
0.0
negative checked
0.0
negtive impoved
0.0
postive checked
2.0
postive impoved
1.0
feedback start times
2.0
testCase Num: 315
regaular Num: 16
identify Num: 299
4 2 0 3 4 1 4 4 3 3 1 
3 3 4 3 0 0 1 2 4 1 0 
0 3 0 1 1 4 1 3 4 2 2 
0 3 1 1 3 1 0 3 1 2 3 
1 1 1 0 0 0 0 0 1 1 0 
0 0 4 2 3 2 2 4 4 1 1 
0 2 3 2 4 1 0 3 1 2 3 
3 2 4 1 2 0 1 0 0 0 0 
4 4 4 4 4 3 3 2 0 3 4 
1 0 0 0 0 0 1 0 0 0 0 
0 2 0 1 2 2 1 3 3 2 4 
2 3 4 1 1 3 0 1 3 4 0 
1 1 1 1 1 1 1 0 0 1 0 
1 1 1 1 1 1 1 1 1 1 0 
2 2 2 2 2 2 0 0 0 0 0 
2 1 2 2 0 3 0 1 1 3 4 
1 1 1 1 1 1 1 1 1 1 1 
3 4 1 3 4 4 1 2 3 1 0 
0 4 2 0 3 1 0 2 3 4 1 
4 3 1 4 2 1 3 4 3 0 0 
1 1 0 0 0 1 1 1 1 1 0 
2 4 3 1 2 4 3 3 4 2 0 
3 3 1 3 4 0 0 2 3 1 0 
2 1 3 1 1 3 0 2 1 0 4 
0 2 4 0 4 2 2 4 4 1 4 
2 1 4 2 3 1 4 1 3 4 0 
3 4 0 0 4 1 1 3 3 1 0 
2 1 4 1 3 3 0 0 4 1 1 
4 3 4 0 2 4 4 1 1 2 3 
2 4 1 3 4 1 0 1 3 4 0 
0 2 4 3 1 3 4 2 1 4 1 
1 0 0 3 4 4 1 2 3 1 0 
2 3 4 4 3 1 0 1 3 4 0 
3 4 1 4 2 0 1 0 3 1 0 
2 2 2 4 1 3 1 1 3 1 4 
1 1 1 1 1 1 1 0 0 0 0 
2 2 0 0 0 0 0 0 0 0 0 
4 3 3 2 4 1 3 1 0 0 0 
1 1 1 1 1 1 1 1 0 0 0 
4 2 4 3 3 1 0 4 4 0 1 
0 1 3 2 4 1 0 2 4 1 4 
2 1 2 1 3 1 0 1 1 1 1 
3 4 1 3 0 0 1 0 3 1 0 
4 4 0 2 1 3 1 1 2 2 0 
2 3 4 2 3 3 0 1 3 4 0 
3 4 1 0 0 0 1 2 3 4 0 
3 1 1 1 3 4 0 2 0 0 0 
2 1 3 1 4 1 0 1 4 1 3 
0 2 0 3 3 3 4 3 2 2 2 
0 1 1 1 1 1 1 1 1 1 1 
2 1 0 2 2 4 3 3 4 2 0 
2 2 2 2 2 2 2 2 0 0 0 
1 1 1 1 1 1 1 0 1 1 1 
1 1 1 1 1 1 1 0 1 1 0 
1 1 1 1 1 1 1 1 0 1 0 
3 3 1 3 0 0 1 0 0 3 0 
0 1 3 3 2 2 3 3 3 2 1 
1 1 1 1 1 1 1 1 0 1 1 
0 4 2 3 4 1 4 4 3 3 1 
0 1 1 1 1 1 1 1 1 1 0 
0 1 3 2 4 1 0 2 4 4 1 
3 0 0 0 4 1 1 3 4 1 0 
0 1 3 2 4 1 0 2 4 4 4 
0 0 0 0 0 0 1 1 1 1 0 
0 4 4 2 3 0 0 2 3 1 1 
3 1 4 1 3 4 0 2 4 1 1 
4 4 2 2 4 1 0 1 1 4 3 
4 1 3 4 3 0 1 0 0 0 0 
3 4 1 0 0 0 1 0 0 3 0 
2 0 0 0 0 0 1 0 0 0 0 
3 3 1 1 2 4 3 3 4 2 4 
0 1 3 1 3 4 0 2 0 2 1 
3 0 0 0 0 0 1 2 3 3 0 
0 1 2 4 1 3 0 1 3 1 4 
3 0 0 0 0 0 1 0 0 3 0 
4 2 3 1 4 2 1 0 0 0 0 
1 1 3 1 1 3 0 2 4 2 4 
4 1 1 1 4 2 2 4 1 1 0 
1 3 1 1 3 4 0 2 3 1 0 
0 2 0 1 1 2 1 3 2 2 1 
0 1 3 2 4 1 0 2 3 1 4 
0 1 1 1 2 1 0 2 1 2 1 
3 0 0 3 4 4 1 2 3 1 0 
0 2 3 1 2 3 0 3 1 2 3 
3 1 1 4 2 4 1 0 0 0 0 
2 2 4 3 1 1 0 1 0 4 4 
0 3 4 1 1 3 1 3 2 2 2 
4 3 1 4 4 2 2 0 0 0 0 
1 1 1 1 1 0 0 0 0 0 0 
0 1 4 1 2 1 0 4 1 2 1 
0 2 0 3 4 1 4 4 3 3 1 
2 2 3 4 0 4 4 3 2 1 1 
0 3 4 2 4 1 0 3 1 2 3 
0 1 3 2 1 3 0 1 3 1 4 
0 2 4 1 0 3 2 4 4 1 1 
0 2 0 4 2 2 1 3 1 2 3 
1 0 0 0 0 0 0 0 0 0 0 
0 1 0 1 1 2 2 3 2 2 1 
2 2 4 3 1 1 4 4 0 0 0 
1 4 3 3 2 2 0 4 4 3 2 
4 1 0 2 3 4 0 2 4 1 1 
1 1 1 1 1 1 0 0 0 1 0 
1 1 0 0 0 0 0 0 0 1 0 
4 1 0 2 4 1 2 4 1 1 0 
1 1 0 0 0 0 0 0 0 0 0 
4 1 0 2 4 1 0 3 1 2 0 
1 1 1 1 1 1 0 0 0 0 0 
1 3 1 4 4 1 1 3 3 4 0 
0 0 0 1 1 1 1 1 1 1 0 
4 1 4 1 1 2 4 3 3 3 2 
0 3 1 2 4 2 0 3 0 1 2 
0 2 1 4 1 2 0 3 1 2 3 
2 1 0 2 4 1 1 3 4 2 0 
4 0 1 2 3 3 1 4 2 2 4 
1 1 1 1 1 0 0 0 1 1 0 
3 4 1 4 2 0 1 3 3 4 0 
2 1 1 0 1 3 0 3 4 2 4 
1 0 0 0 0 0 0 0 1 1 0 
3 4 0 0 0 0 1 0 3 1 0 
0 1 2 2 4 1 0 3 1 2 3 
3 4 1 0 0 0 1 0 3 3 0 
2 4 0 2 3 1 1 1 2 3 3 
0 1 3 4 1 2 2 3 2 2 4 
3 2 0 4 3 2 3 1 1 4 2 
1 1 1 1 1 1 0 0 1 1 0 
0 1 0 1 1 2 1 3 3 2 1 
0 1 3 3 4 1 3 3 4 2 0 
1 0 0 0 0 0 1 1 1 1 0 
4 3 0 1 3 4 0 2 4 1 1 
1 1 1 1 0 1 1 1 1 1 1 
3 1 4 1 3 3 0 2 4 1 0 
4 2 1 3 4 1 0 0 3 1 0 
0 1 1 4 2 0 2 3 4 2 4 
4 2 3 1 1 3 0 1 3 4 0 
1 1 1 1 1 0 0 1 1 1 0 
1 4 2 2 3 1 0 3 1 1 3 
3 2 4 1 0 0 1 0 0 0 0 
0 1 3 2 4 1 0 1 3 1 4 
3 4 1 1 3 1 0 0 0 0 0 
3 1 3 3 4 1 1 0 0 2 0 
2 3 4 2 3 1 0 2 3 4 0 
2 3 4 2 3 1 0 3 4 3 0 
1 1 1 1 0 1 1 1 1 1 0 
3 4 0 0 0 1 1 3 3 3 0 
3 4 1 0 0 0 1 0 0 0 0 
1 1 1 1 0 0 0 0 0 1 0 
2 1 0 2 3 3 1 1 2 3 0 
3 4 1 1 0 1 0 2 3 4 0 
0 4 0 2 4 1 4 4 3 3 1 
4 2 0 3 2 1 0 3 3 4 4 
2 2 0 4 1 3 0 4 3 2 3 
0 4 0 2 3 1 4 4 3 3 1 
1 0 0 0 0 0 1 0 0 1 0 
1 0 0 0 0 0 1 2 3 1 0 
3 0 0 0 0 1 1 2 3 4 0 
0 2 2 4 1 3 0 1 3 1 4 
1 1 0 0 1 1 1 1 1 1 0 
1 1 1 1 1 0 0 0 0 1 0 
4 1 3 0 0 0 1 0 0 0 0 
0 2 3 4 1 1 0 3 1 2 3 
1 1 1 1 1 1 1 1 1 0 0 
2 3 3 1 1 3 0 1 3 4 0 
1 1 1 1 1 1 1 1 1 0 1 
3 4 1 0 4 1 0 3 3 1 0 
2 1 0 2 4 2 1 1 1 1 0 
1 1 1 1 0 0 0 1 1 1 0 
2 4 1 3 4 4 1 0 3 1 0 
4 4 0 2 4 1 0 3 3 2 1 
4 2 2 3 4 0 0 1 1 3 1 
4 1 0 2 4 4 0 2 4 1 1 
2 0 0 0 0 0 0 0 0 0 0 
1 1 0 0 0 0 0 1 1 1 0 
0 1 0 1 1 2 1 3 2 2 1 
0 2 3 3 4 1 0 3 1 2 3 
1 1 1 1 0 0 0 0 1 1 0 
3 4 1 0 4 1 1 3 3 4 0 
4 2 0 2 4 1 0 4 3 1 1 
2 3 4 2 1 3 0 1 3 4 0 
2 2 2 2 2 2 2 0 0 0 0 
0 4 0 1 2 4 1 1 2 2 1 
0 2 0 4 2 2 1 3 3 2 3 
0 4 0 2 4 1 0 3 3 2 1 
0 4 0 1 2 4 1 1 2 2 4 
2 3 4 3 3 1 0 2 4 4 0 
3 3 3 3 3 3 2 3 3 0 3 
2 3 0 1 2 4 3 3 4 2 0 
0 1 0 1 1 4 1 3 1 1 2 
2 1 0 2 4 4 3 3 4 2 0 
0 3 3 1 1 2 1 3 2 2 1 
1 1 1 1 0 0 0 0 0 0 0 
0 4 0 2 3 4 1 3 2 3 1 
0 3 0 1 1 4 3 3 4 2 2 
0 3 0 1 1 4 3 3 4 2 1 
2 4 1 3 0 0 1 0 0 0 0 
0 3 0 1 1 4 3 3 4 2 3 
1 1 1 0 1 1 1 1 1 1 1 
2 4 4 3 3 1 1 0 0 0 0 
1 1 1 0 1 1 1 1 1 1 0 
0 4 1 3 0 1 0 2 3 4 3 
2 3 1 3 4 4 0 4 2 1 2 
1 0 0 0 4 1 1 3 3 4 0 
0 1 1 4 1 3 0 1 3 1 4 
3 3 0 1 2 4 3 3 4 2 0 
1 1 1 1 1 0 1 1 1 1 1 
1 1 1 1 1 0 1 1 1 1 0 
3 4 4 3 0 1 1 4 3 4 0 
1 1 0 0 0 0 0 0 1 1 0 
2 1 4 1 1 1 1 4 1 1 0 
1 0 1 1 1 1 1 1 1 1 1 
4 2 0 0 0 0 1 0 0 0 0 
1 0 1 1 1 1 1 1 1 1 0 
0 4 0 2 3 4 1 4 3 3 1 
0 3 0 1 3 4 0 2 4 1 1 
0 3 0 2 1 2 3 1 4 1 3 
1 1 1 1 0 0 1 1 1 1 0 
3 0 1 3 4 1 0 2 3 4 1 
0 2 3 2 4 2 2 0 1 3 4 
1 0 0 0 0 0 0 1 1 1 0 
2 4 0 3 1 3 2 1 1 3 4 
2 1 3 3 1 4 3 0 0 0 0 
0 2 2 2 4 1 0 3 1 2 3 
1 1 1 1 1 1 0 1 1 1 1 
3 2 1 3 4 0 1 0 0 3 0 
0 3 4 1 3 4 2 2 4 1 1 
4 1 3 2 0 0 1 0 0 0 0 
0 2 4 3 1 1 0 3 1 2 3 
0 4 4 1 3 4 4 2 3 3 0 
0 2 3 4 1 2 1 2 1 2 3 
0 4 2 2 4 1 0 3 1 2 3 
2 1 2 4 3 2 0 4 1 1 0 
1 1 0 0 0 0 1 1 1 1 0 
3 1 1 2 2 1 0 2 4 2 0 
2 1 2 1 4 0 3 4 2 4 3 
3 3 1 3 4 1 0 0 0 1 0 
3 1 0 1 3 4 0 2 4 1 0 
1 0 0 0 0 0 0 0 0 1 0 
1 0 0 0 0 1 1 1 1 1 0 
4 1 0 2 2 3 2 2 4 1 1 
1 1 1 1 1 1 0 1 1 1 0 
0 1 3 2 2 1 3 1 3 1 4 
1 0 0 0 1 1 1 1 1 1 0 
1 0 0 1 1 1 1 1 1 1 0 
1 2 1 3 4 4 0 2 3 4 1 
4 1 0 2 4 1 0 3 4 1 1 
2 0 0 0 0 0 1 0 3 3 0 
4 2 2 3 4 1 4 4 3 3 1 
2 2 4 0 0 0 1 0 0 0 0 
0 2 0 1 2 3 4 3 2 2 3 
2 2 2 2 2 2 2 2 2 2 0 
0 0 0 0 0 0 0 0 1 1 0 
4 1 0 1 3 4 0 2 4 1 1 
2 2 2 0 0 0 0 0 0 0 0 
4 0 0 0 0 0 1 0 0 0 0 
3 3 1 4 1 1 3 4 2 3 0 
2 1 1 1 1 4 0 1 1 3 1 
2 2 2 2 0 0 0 0 0 0 0 
2 2 2 2 2 1 2 2 2 2 2 
3 1 0 0 0 0 1 0 0 0 0 
2 3 0 1 1 4 1 3 1 2 1 
2 2 3 1 1 3 0 1 3 4 0 
3 3 2 2 1 4 4 0 4 4 4 
3 0 4 3 4 1 0 4 3 1 0 
2 2 2 4 1 3 0 1 3 1 4 
1 0 0 0 0 0 1 0 3 1 0 
1 1 1 0 0 0 0 1 1 1 0 
3 1 1 3 3 4 0 2 0 1 0 
1 0 0 0 0 1 1 2 3 4 0 
0 1 3 2 4 3 0 1 3 1 4 
3 0 1 3 4 4 1 2 3 1 0 
1 1 0 1 1 1 1 1 1 1 1 
0 0 0 0 0 0 0 0 0 0 0 
1 1 0 1 1 1 1 1 1 1 0 
0 0 2 4 2 3 3 3 3 1 4 
3 1 1 1 4 4 0 2 4 0 0 
2 4 1 3 1 0 1 0 0 0 0 
2 2 2 2 2 0 0 0 0 0 0 
1 1 1 0 0 0 0 0 0 1 0 
2 1 0 2 4 1 3 3 4 2 0 
1 1 1 0 0 1 1 1 1 1 0 
0 2 4 3 4 1 0 3 1 2 3 
0 0 0 0 0 1 1 1 1 1 0 
3 0 0 0 0 0 1 0 0 0 0 
0 0 0 0 0 0 0 0 0 1 0 
2 2 2 2 2 2 2 2 2 0 0 
2 4 0 0 0 0 1 0 0 0 0 
1 1 1 0 0 0 1 1 1 1 0 
3 4 1 0 0 1 1 2 3 4 0 
0 2 0 1 2 3 4 3 1 2 3 
0 4 0 2 3 4 1 1 3 3 1 
3 4 0 3 4 4 1 2 3 1 0 
0 3 1 1 1 2 0 3 1 2 3 
0 4 0 3 4 1 4 4 3 3 1 
2 1 0 2 4 1 1 1 4 2 0 
0 0 1 1 1 1 1 1 1 1 0 
0 4 0 2 3 4 4 4 3 3 1 
0 3 0 1 3 3 0 2 4 1 3 
1 1 1 0 0 0 0 0 0 0 0 
4 4 2 2 4 1 0 3 1 2 3 
0 2 1 4 2 2 1 3 4 4 3 
2 1 1 1 1 3 4 1 1 1 0 
3 4 0 0 0 0 1 0 0 1 0 
1 0 4 3 4 1 1 3 3 4 0 
0 0 0 0 0 0 0 1 1 1 0 
2 4 2 2 1 3 0 1 1 0 0 
0 3 0 1 1 4 3 3 1 2 3 
4 2 3 1 1 3 2 1 3 4 4 
0 1 1 2 4 1 0 3 1 2 3 
0 4 2 2 4 1 0 1 3 0 1 
2 4 0 1 2 4 3 3 4 2 0 
3 4 0 0 0 0 1 2 3 1 0 
0 3 2 2 4 1 0 3 1 2 3 
4 1 0 2 4 1 0 2 4 1 1 
0 0 0 0 1 1 1 1 1 1 0 
0 3 1 1 4 1 0 3 1 2 3 
0 4 1 4 2 1 0 0 3 4 3 
MFS
[ 1 , - , - , - , - , - , - , - , - , - , - ]
[ - , - , 0 , - , - , - , - , - , - , - , 0 ]
[ 0 , - , - , - , - , - , 0 , - , - , - , - ]
[ - , - , 0 , - , - , - , 0 , - , - , - , - ]
[ 0 , - , - , - , - , - , - , - , - , - , 0 ]
[ 0 , - , 0 , - , - , - , - , - , - , - , - ]
[ - , - , - , - , - , - , - , - , - , 0 , - ]
[ 0 , - , - , - , - , - , - , 3 , - , 2 , - ]
[ - , - , - , - , - , - , - , - , 0 , - , - ]
[ - , - , - , - , - , - , - , 0 , - , - , - ]
[ - , - , - , - , - , - , 0 , - , - , - , 0 ]
[ - , - , - , - , - , 0 , - , - , - , - , - ]
[ - , - , - , - , 0 , - , - , - , - , - , - ]
[ - , - , - , 0 , - , - , - , - , - , - , - ]
[ - , 0 , - , - , - , - , - , - , - , - , - ]
precise
0.4
recall
0.1
F-measure
0.16000000000000003
multi
3
time
all 12704 iden 12125 gen 298
t-cover
1083
all-cover
1375
coveredNum
(1 : 656)  (2 : 243)  (3 : 182)  (4 : 109)  (5 : 61)  (6 : 43)  (7 : 43)  (8 : 17)  (9 : 11)  (10 : 10)  
real Identify
([ 0 , - , - , - , - , - , 0 , - , - , - , - ] : 1)  ([ - , - , 0 , - , - , - , 0 , - , - , - , - ] : 1)  ([ 0 , - , 0 , - , - , - , - , - , - , - , - ] : 1)  ([ 0 , - , - , - , - , - , - , - , - , - , 0 ] : 1)  ([ - , - , 0 , - , - , - , - , - , - , - , 0 ] : 1)  ([ - , - , - , - , - , - , 0 , - , - , - , 0 ] : 1)  
multiple f measure
0.03846153846153846
multiple f recall
0.02127659574468085
multiple f precise
0.2
multiple f found
2.0
multiple f found percent
0.02127659574468085
multipe helpedInTheNextRun
7.0
multipe helpedInTheNextRun percent
0.07446808510638298
negative checked
0.0
negtive impoved
0.0
postive checked
5.0
postive impoved
1.0
feedback start times
10.0
