testCase Num: 59
regaular Num: 19
identify Num: 40
0 1 1 1 1 1 0 2 1 2 
0 1 2 1 0 2 1 2 2 0 
0 1 0 1 1 1 1 1 0 1 
1 0 2 0 1 1 1 0 1 2 
1 1 0 0 0 0 0 0 0 0 
0 1 2 0 2 2 1 1 1 0 
1 1 0 0 0 0 1 0 2 0 
1 0 0 1 1 1 0 0 0 0 
0 0 2 2 2 2 0 2 1 2 
0 2 0 2 2 2 0 2 1 2 
0 1 1 1 1 2 0 2 1 2 
1 0 1 1 0 1 2 1 1 1 
0 0 0 0 0 0 0 0 0 0 
2 2 1 1 1 0 0 0 1 0 
2 2 2 1 1 1 1 1 0 1 
2 2 0 2 2 2 0 2 1 2 
1 0 0 1 1 1 1 1 1 0 
0 1 2 1 0 2 2 2 2 0 
0 0 2 1 2 2 0 2 1 2 
1 0 0 1 0 0 0 0 0 0 
0 1 0 2 1 1 1 1 0 1 
1 1 0 0 1 1 0 1 2 1 
1 2 2 0 0 2 0 2 0 0 
1 0 0 1 1 1 1 1 0 0 
1 0 1 0 0 0 0 0 0 0 
0 1 1 0 1 1 2 1 2 2 
0 1 2 0 1 1 2 2 2 0 
0 0 1 2 2 2 2 2 0 1 
1 1 1 2 2 0 2 0 0 2 
1 1 0 0 1 2 0 0 0 0 
1 0 1 2 1 1 2 2 2 0 
1 1 1 1 2 2 1 1 1 0 
2 0 2 0 2 2 2 0 2 1 
0 1 0 2 2 1 1 1 0 1 
1 0 0 1 1 1 1 0 0 0 
0 0 2 1 1 1 1 1 0 1 
0 1 1 1 1 1 2 0 1 2 
0 1 0 2 2 2 0 2 1 2 
0 1 2 0 2 2 0 0 0 0 
1 0 0 1 1 1 1 1 1 1 
0 0 1 2 2 2 2 2 1 1 
0 0 0 2 2 2 2 2 1 1 
0 2 2 1 1 1 1 1 0 1 
0 1 1 2 1 1 2 2 2 0 
1 0 1 2 0 0 0 1 0 0 
0 1 0 2 2 2 1 1 0 1 
0 1 2 0 2 1 2 2 2 0 
2 1 2 2 0 0 1 2 0 1 
0 1 2 2 1 1 2 2 2 0 
0 1 1 0 1 1 2 2 1 2 
0 0 1 2 1 1 2 2 2 0 
0 1 2 0 2 2 1 1 2 0 
1 0 0 0 0 0 0 0 0 0 
1 1 0 1 0 0 0 2 0 0 
1 1 0 0 2 1 0 0 0 0 
1 0 0 1 1 0 0 0 0 0 
0 1 0 2 2 2 2 1 0 1 
1 2 0 1 0 0 2 1 2 2 
0 0 1 0 0 0 1 0 2 2 
MFS
[ - , 0 , 0 , - , - , - , - , - , - , - ]
[ 0 , - , - , - , - , - , - , - , - , 1 ]
[ 0 , - , - , - , - , - , - , - , - , 2 ]
[ 0 , - , - , - , - , - , - , - , - , 0 ]
precise
0.5
recall
0.2
F-measure
0.28571428571428575
multi
3
time
all 264 iden 107 gen 63
t-cover
379
all-cover
405
coveredNum
(1 : 148)  (2 : 138)  (3 : 63)  (4 : 14)  (5 : 16)  (6 : 12)  (7 : 7)  (8 : 6)  (10 : 1)  
real Identify
([ - , 0 , 0 , - , - , - , - , - , - , - ] : 1)  ([ 0 , - , - , - , - , - , - , - , - , 0 ] : 1)  
testCase Num: 68
regaular Num: 17
identify Num: 51
0 1 0 2 0 1 1 1 1 1 
0 2 0 1 1 0 2 0 1 2 
0 1 1 2 1 0 1 1 1 0 
2 2 1 2 2 0 2 0 2 1 
0 1 1 0 1 1 1 2 1 0 
0 2 0 2 2 1 1 1 0 2 
0 2 2 1 0 2 2 2 1 2 
0 1 1 0 2 2 0 2 1 0 
1 1 0 0 0 0 0 0 0 0 
0 0 1 1 2 2 2 2 2 2 
1 0 0 1 1 1 0 0 0 0 
0 0 1 1 0 1 1 1 1 1 
0 1 0 2 1 1 1 1 1 1 
0 0 2 1 0 1 1 1 1 1 
2 0 2 0 1 2 0 1 0 1 
0 0 0 2 1 2 2 2 2 1 
0 0 1 1 2 1 1 0 2 2 
0 0 0 0 0 0 0 0 0 0 
0 0 1 2 1 2 2 2 2 1 
0 0 1 2 1 2 2 2 2 2 
1 2 0 2 1 1 1 1 2 0 
0 2 2 1 0 1 1 1 1 1 
0 1 2 2 1 2 2 2 2 2 
0 2 0 1 1 0 2 1 0 2 
1 2 0 2 0 1 0 0 2 2 
1 0 0 1 1 1 1 1 1 0 
1 2 0 0 0 2 0 0 0 0 
2 1 1 0 2 1 1 1 0 2 
1 0 0 1 0 0 0 0 0 0 
0 1 1 1 2 2 0 2 1 0 
0 0 1 2 0 0 1 0 2 0 
0 2 0 1 2 2 0 2 1 0 
1 0 0 1 1 1 1 1 0 0 
0 0 0 0 2 0 0 0 0 0 
1 1 0 1 0 0 0 2 2 0 
1 0 1 0 0 0 0 0 0 0 
0 1 1 0 1 2 0 2 1 0 
1 0 1 1 1 0 1 0 1 2 
1 1 0 2 0 0 0 0 1 0 
0 0 1 1 2 1 1 0 1 0 
0 0 1 1 2 1 2 2 2 2 
1 1 0 0 0 1 2 2 1 1 
0 1 0 2 1 2 2 1 1 1 
0 2 1 0 2 1 1 1 0 2 
0 2 0 0 2 1 1 1 0 2 
0 0 1 2 1 2 2 2 1 1 
0 0 1 1 2 1 0 1 0 2 
0 0 1 0 2 1 1 2 2 2 
1 0 0 1 1 1 1 0 0 0 
1 0 2 2 1 2 2 2 2 2 
2 2 0 1 2 2 0 2 1 0 
1 0 0 1 1 1 1 1 1 1 
1 0 1 2 0 2 1 2 0 0 
1 2 2 1 2 0 2 1 0 0 
0 0 2 2 1 2 2 2 2 2 
0 0 1 2 1 2 1 1 1 1 
0 2 0 1 1 0 2 0 0 2 
0 2 0 2 1 0 1 1 0 2 
0 1 0 1 2 2 0 2 1 0 
2 2 2 1 0 1 1 1 1 1 
0 1 1 2 1 1 1 1 0 0 
1 0 0 0 0 0 0 0 0 0 
0 1 1 2 1 1 0 2 1 0 
1 0 0 1 1 0 0 0 0 0 
0 0 1 1 1 2 2 2 2 2 
1 0 2 0 2 1 0 0 2 0 
0 1 1 0 2 1 1 1 0 2 
0 2 0 2 1 1 1 1 0 2 
MFS
[ - , 0 , 0 , - , - , - , - , - , - , - ]
[ 0 , 0 , - , - , - , - , - , - , - , - ]
[ 0 , - , - , - , - , - , - , - , - , 1 ]
[ 0 , - , - , - , - , - , - , - , - , 2 ]
[ 0 , - , - , - , - , - , - , - , - , 0 ]
precise
0.6
recall
0.3
F-measure
0.4
multi
3
time
all 253 iden 73 gen 25
t-cover
389
all-cover
405
coveredNum
(1 : 159)  (2 : 114)  (3 : 89)  (4 : 17)  (5 : 13)  (6 : 7)  (7 : 4)  (8 : 1)  (9 : 1)  
real Identify
([ - , 0 , 0 , - , - , - , - , - , - , - ] : 1)  ([ 0 , 0 , - , - , - , - , - , - , - , - ] : 1)  ([ 0 , - , - , - , - , - , - , - , - , 0 ] : 1)  
testCase Num: 67
regaular Num: 16
identify Num: 51
0 2 0 1 2 0 2 0 2 1 
1 1 0 0 0 0 0 0 0 0 
1 0 0 1 1 1 0 0 0 0 
0 0 2 1 0 1 0 1 0 2 
0 2 0 1 0 1 0 1 0 1 
0 2 0 1 0 1 0 0 2 1 
0 0 0 0 0 0 0 0 0 0 
1 2 0 2 2 2 2 2 2 1 
0 2 0 0 2 0 2 0 2 1 
2 1 0 0 0 2 2 2 2 0 
1 0 0 1 1 1 1 1 1 0 
0 1 0 2 2 1 1 1 1 0 
0 1 1 2 2 1 2 2 2 1 
0 2 2 0 2 0 2 0 2 1 
0 1 0 1 1 1 1 1 1 0 
1 0 0 1 0 0 0 0 0 0 
1 0 0 1 1 1 1 1 0 0 
0 0 0 2 2 2 2 2 2 0 
1 0 1 0 0 0 0 0 0 0 
0 0 1 2 2 2 1 1 1 0 
0 0 2 1 0 0 1 0 1 2 
0 0 2 1 0 1 0 1 1 2 
2 2 2 1 1 1 1 1 1 0 
0 0 2 0 2 0 2 0 2 1 
0 1 0 0 1 0 1 0 1 2 
1 1 0 0 0 1 0 1 1 0 
0 2 0 2 2 2 2 2 2 1 
1 0 2 1 0 1 1 0 1 2 
1 2 0 1 0 1 0 1 0 1 
0 0 2 0 1 0 1 0 1 2 
0 0 2 2 2 2 2 2 2 1 
1 0 0 1 1 1 1 0 0 0 
0 0 2 2 2 2 2 0 2 1 
0 0 1 2 2 2 2 0 2 1 
0 2 0 1 0 0 2 0 2 1 
0 0 1 2 1 1 1 1 1 0 
0 0 2 1 1 1 1 1 1 0 
0 1 1 1 2 2 2 2 2 1 
1 0 0 1 1 1 1 1 1 1 
0 0 1 2 2 2 2 2 1 0 
2 0 2 0 2 0 2 0 2 1 
1 1 0 1 0 0 1 2 0 0 
0 1 1 2 2 2 2 1 1 1 
0 0 2 1 0 1 1 0 1 2 
0 2 0 1 0 1 0 1 2 1 
0 1 1 2 2 2 1 2 2 1 
2 0 2 2 0 2 0 2 0 2 
0 1 0 1 0 1 0 1 0 1 
0 2 0 1 0 1 2 0 2 1 
0 0 2 1 1 0 1 0 1 2 
0 1 1 2 1 2 2 2 2 1 
1 2 0 0 1 0 1 0 1 2 
0 0 1 2 2 2 2 1 1 0 
1 2 1 0 0 0 2 0 0 0 
1 1 2 0 0 0 0 0 2 0 
1 1 0 0 0 0 0 2 1 0 
2 0 1 2 1 2 0 0 0 0 
1 0 0 0 0 0 0 0 0 0 
0 2 2 1 1 1 1 1 1 0 
0 0 2 1 0 1 0 0 1 2 
0 1 1 2 2 2 2 1 2 2 
0 1 0 2 2 2 2 2 2 0 
1 0 0 1 1 0 0 0 0 0 
0 1 0 2 2 2 2 2 2 1 
0 2 0 0 1 0 1 0 1 2 
1 0 1 2 2 0 0 1 0 0 
0 0 1 1 2 1 2 1 2 2 
MFS
[ 0 , - , - , 2 , 2 , 2 , 2 , - , 2 , 1 ]
[ - , 0 , 0 , - , - , - , - , - , - , - ]
[ 0 , - , - , - , - , - , - , - , - , 1 ]
[ 0 , - , - , - , - , - , - , - , - , 2 ]
[ 0 , - , - , - , - , - , - , - , - , 0 ]
precise
0.4
recall
0.2
F-measure
0.26666666666666666
multi
3
time
all 287 iden 92 gen 30
t-cover
395
all-cover
405
coveredNum
(1 : 146)  (2 : 116)  (3 : 49)  (4 : 18)  (5 : 29)  (6 : 29)  (7 : 14)  (8 : 3)  (9 : 1)  
real Identify
([ - , 0 , 0 , - , - , - , - , - , - , - ] : 1)  ([ 0 , - , - , - , - , - , - , - , - , 0 ] : 1)  
testCase Num: 56
regaular Num: 16
identify Num: 40
2 2 0 1 0 0 1 1 0 2 
2 1 2 1 0 2 1 0 1 0 
1 1 0 2 2 0 0 0 0 1 
0 1 1 2 0 1 1 1 1 2 
0 1 0 2 0 1 0 1 0 2 
1 2 0 0 1 0 2 2 1 1 
0 0 1 1 1 1 0 1 1 1 
0 0 2 1 1 1 0 1 1 1 
1 1 0 0 0 0 0 0 0 0 
0 0 2 1 2 2 1 2 2 0 
0 0 2 1 2 0 2 0 2 2 
0 1 1 1 1 1 1 2 2 0 
0 0 0 2 2 2 1 2 2 1 
1 0 0 1 1 1 0 0 0 0 
0 0 1 2 2 2 1 2 2 1 
0 2 2 1 1 1 0 1 1 1 
0 0 1 0 0 0 2 0 0 0 
0 2 0 2 2 2 1 2 2 0 
0 1 1 1 1 2 1 2 2 0 
2 1 0 0 1 1 2 1 2 0 
0 0 0 0 0 0 0 0 0 0 
1 0 2 1 2 0 2 0 2 2 
1 0 2 2 0 1 2 2 0 0 
0 0 2 2 2 2 1 2 2 0 
1 0 0 1 1 1 1 1 1 0 
1 0 1 2 1 2 1 1 0 1 
2 2 0 2 2 2 1 2 2 0 
1 0 0 1 0 0 0 0 0 0 
1 0 0 1 1 1 1 1 0 0 
0 0 1 2 2 2 1 1 1 1 
1 0 1 0 0 0 0 0 0 0 
0 1 1 2 1 0 2 0 2 2 
2 1 1 2 0 1 2 2 1 2 
2 0 1 1 2 2 0 2 1 2 
1 0 1 0 1 2 2 0 0 2 
0 1 2 1 2 0 2 0 2 2 
0 0 1 2 2 1 0 1 1 1 
0 1 1 1 2 0 2 0 2 2 
1 0 0 1 1 1 1 0 0 0 
0 1 1 1 1 1 2 2 2 0 
1 0 0 1 1 1 1 1 1 1 
0 0 1 2 2 2 0 1 1 1 
1 1 2 0 2 1 1 1 0 2 
0 1 1 2 1 1 2 0 2 2 
0 1 0 2 2 2 1 2 2 0 
0 1 1 2 2 0 2 0 2 2 
0 1 1 1 0 1 2 1 2 0 
2 2 2 1 1 1 0 1 1 1 
0 1 1 0 1 1 1 1 2 2 
1 2 1 2 0 1 0 0 2 1 
0 0 1 2 1 1 0 1 1 1 
1 0 0 0 0 0 0 0 0 0 
0 1 1 2 1 1 1 0 2 2 
1 0 0 1 1 0 0 0 0 0 
0 1 1 1 0 1 2 1 1 0 
0 1 0 2 2 2 1 2 1 1 
MFS
[ - , 0 , 0 , - , - , - , - , - , - , - ]
[ 0 , - , - , - , - , - , - , - , - , 1 ]
[ 0 , - , - , - , - , - , - , - , - , 2 ]
[ 0 , - , - , - , - , - , - , - , - , 0 ]
precise
0.5
recall
0.2
F-measure
0.28571428571428575
multi
3
time
all 281 iden 69 gen 134
t-cover
379
all-cover
405
coveredNum
(1 : 151)  (2 : 152)  (3 : 78)  (4 : 19)  (5 : 3)  (6 : 1)  (7 : 1)  
real Identify
([ - , 0 , 0 , - , - , - , - , - , - , - ] : 1)  ([ 0 , - , - , - , - , - , - , - , - , 0 ] : 1)  
testCase Num: 69
regaular Num: 18
identify Num: 51
0 1 0 2 0 1 2 1 2 0 
0 1 0 1 1 0 1 2 2 0 
0 1 1 2 0 1 2 1 2 0 
1 2 1 0 1 0 0 1 1 2 
1 0 1 1 0 2 1 2 1 1 
0 1 1 1 1 1 0 0 1 2 
1 1 0 0 0 0 0 0 0 0 
0 0 0 1 2 2 2 2 2 1 
0 0 1 0 0 1 2 1 2 2 
0 2 2 0 1 1 1 1 1 1 
0 0 1 1 2 2 2 2 2 2 
0 1 0 1 2 2 1 1 1 1 
0 0 1 1 2 2 2 1 1 1 
0 1 0 1 1 1 2 1 2 0 
1 0 0 1 1 1 0 0 0 0 
0 0 1 2 1 1 2 2 2 2 
0 0 1 2 1 1 0 1 2 2 
0 1 1 1 0 1 1 0 1 2 
2 2 2 0 1 1 1 1 1 1 
1 1 0 0 0 1 0 0 0 0 
0 1 0 1 1 0 2 1 2 0 
0 0 0 0 0 0 0 0 0 0 
0 0 1 2 1 2 2 2 2 2 
0 2 0 2 2 0 1 0 1 2 
0 1 1 1 1 0 1 0 1 2 
0 0 1 2 1 0 1 2 2 2 
2 2 1 2 0 1 2 1 2 0 
1 1 2 1 0 0 1 0 0 0 
2 1 0 2 1 0 2 0 2 1 
1 0 0 1 1 1 1 1 1 0 
0 0 1 1 1 1 1 1 1 1 
2 0 2 0 0 2 0 0 2 2 
1 1 0 2 0 1 0 2 0 0 
0 0 1 1 2 2 2 2 1 1 
1 0 0 1 0 0 0 0 0 0 
1 0 0 1 1 1 1 1 0 0 
1 0 1 2 0 2 2 1 0 0 
1 0 1 0 0 0 0 0 0 0 
0 0 2 0 1 1 1 1 1 1 
0 0 1 2 1 0 1 1 1 0 
0 0 1 2 0 1 1 0 1 2 
0 1 1 1 0 1 0 1 1 2 
1 0 2 1 2 2 2 2 2 2 
0 2 1 2 0 1 2 1 2 0 
0 1 1 1 2 0 1 0 1 2 
0 1 0 0 1 1 1 1 1 1 
1 0 0 1 1 1 1 0 0 0 
2 2 0 1 1 2 0 2 0 0 
0 1 0 1 2 2 2 2 2 1 
1 0 0 1 1 1 1 1 1 1 
0 1 2 1 2 2 2 2 2 2 
0 0 2 0 1 2 0 2 0 0 
1 0 1 0 0 0 1 0 2 0 
0 1 0 1 0 1 2 1 2 0 
0 1 0 2 2 0 1 0 1 2 
0 1 1 2 2 0 1 0 1 2 
0 1 0 1 1 0 0 1 2 0 
1 1 1 0 2 0 2 2 1 0 
0 1 1 1 1 1 0 1 0 2 
0 0 2 1 2 2 2 2 2 2 
0 0 0 2 0 0 0 0 0 0 
1 1 0 1 2 1 0 1 0 1 
2 2 0 2 2 0 1 0 1 2 
0 0 1 2 2 2 2 2 2 2 
1 0 0 0 0 0 0 0 0 0 
1 0 0 1 1 0 0 0 0 0 
0 1 0 1 1 2 1 2 1 0 
1 0 2 2 1 1 0 1 0 2 
0 0 1 1 2 1 1 1 1 1 
MFS
[ - , 0 , 0 , - , - , - , - , - , - , - ]
[ 0 , 0 , - , - , - , - , - , - , - , - ]
[ 0 , - , - , - , - , - , - , - , - , 1 ]
[ 0 , - , - , - , - , - , - , - , - , 2 ]
[ 0 , - , - , - , - , - , - , - , - , 0 ]
precise
0.6
recall
0.3
F-measure
0.4
multi
3
time
all 370 iden 251 gen 23
t-cover
389
all-cover
405
coveredNum
(1 : 147)  (2 : 121)  (3 : 77)  (4 : 27)  (5 : 18)  (6 : 8)  (7 : 3)  (8 : 4)  
real Identify
([ - , 0 , 0 , - , - , - , - , - , - , - ] : 1)  ([ 0 , 0 , - , - , - , - , - , - , - , - ] : 1)  ([ 0 , - , - , - , - , - , - , - , - , 0 ] : 1)  
