testCase Num: 39
regaular Num: 18
identify Num: 21
1 0 1 0 1 2 2 1 2 1 
2 1 0 1 1 1 1 1 1 1 
2 2 2 1 0 2 0 2 0 0 
0 2 1 2 0 1 1 2 1 0 
0 0 2 1 1 2 2 1 2 1 
0 1 2 1 2 0 2 0 0 1 
1 0 0 0 0 2 1 0 0 0 
2 2 2 2 2 0 2 2 2 2 
0 1 0 1 0 0 0 0 0 0 
0 0 2 2 2 1 1 2 0 1 
1 1 0 2 1 2 0 1 0 2 
0 1 0 1 1 1 1 1 0 0 
0 1 0 1 1 1 1 0 0 0 
2 0 1 1 0 1 0 0 2 2 
0 0 2 1 0 2 2 1 2 1 
0 2 1 0 1 2 2 1 2 1 
0 2 1 2 2 2 0 0 1 1 
0 0 0 0 0 0 0 0 0 0 
0 1 0 1 1 0 0 0 0 0 
0 1 1 0 0 0 0 2 0 2 
0 1 0 0 0 0 0 0 0 0 
0 1 1 0 0 0 0 0 0 0 
0 0 2 1 0 1 2 1 2 1 
0 0 2 0 1 2 2 1 2 1 
0 0 1 0 1 2 2 1 2 1 
0 1 0 1 1 1 0 0 0 0 
0 1 0 1 1 1 1 1 1 1 
0 1 0 1 1 1 1 1 1 0 
0 0 2 1 2 0 0 2 0 2 
1 0 0 2 0 0 1 2 0 1 
1 0 0 0 0 0 0 0 0 0 
1 2 0 0 1 0 2 2 1 0 
0 1 2 0 0 1 2 1 0 1 
1 0 2 0 2 1 1 0 1 2 
2 1 0 0 2 0 1 1 2 0 
1 0 2 1 1 0 0 0 0 0 
0 0 2 1 0 1 1 2 0 2 
0 0 2 1 2 1 0 0 2 1 
0 0 2 2 0 1 0 1 2 1 
MFS
[ 0 , - , 0 , - , - , - , - , - , - , - ]
[ 0 , 0 , - , - , - , - , - , - , - , - ]
precise
1.0
recall
1.0
F-measure
1.0
multi
1
time
all 171 iden 29 gen 60
t-cover
405
all-cover
405
coveredNum
(1 : 122)  (2 : 153)  (3 : 71)  (4 : 39)  (5 : 16)  (6 : 3)  (7 : 1)  
real Identify
([ 0 , - , 0 , - , - , - , - , - , - , - ] : 1)  ([ 0 , 0 , - , - , - , - , - , - , - , - ] : 1)  
testCase Num: 40
regaular Num: 19
identify Num: 21
1 0 0 2 0 1 0 0 1 0 
0 1 0 1 0 0 0 0 0 0 
0 1 2 0 2 0 1 0 2 1 
1 0 2 2 1 2 2 2 2 2 
0 1 0 1 1 1 1 1 0 0 
0 1 0 1 1 1 1 0 0 0 
0 0 1 1 2 2 2 2 2 2 
0 0 1 1 2 0 1 1 1 0 
1 0 2 1 0 2 0 2 2 0 
2 2 0 2 2 2 1 0 2 0 
0 1 1 0 2 0 0 0 0 2 
2 1 0 1 1 0 0 1 1 2 
1 0 1 1 2 1 2 1 0 1 
0 2 1 2 0 2 0 1 2 1 
0 0 2 2 1 2 2 2 2 2 
0 0 1 1 2 1 1 2 2 2 
1 0 0 0 1 0 0 0 0 1 
0 0 0 0 0 0 0 0 0 0 
0 1 0 1 1 0 0 0 0 0 
0 0 1 1 2 1 0 1 1 2 
0 0 1 2 1 2 2 2 2 2 
0 1 0 0 0 0 0 0 0 0 
0 1 2 2 1 2 2 2 2 2 
0 1 1 0 0 0 0 0 0 0 
1 1 0 0 2 1 0 2 1 1 
1 0 0 0 0 2 1 1 1 0 
1 0 0 0 0 1 2 0 2 2 
0 2 1 1 1 1 2 0 1 0 
0 1 0 1 1 1 0 0 0 0 
0 0 1 1 2 0 1 1 2 2 
1 2 0 0 0 2 0 0 0 0 
0 1 0 1 1 1 1 1 1 1 
0 1 0 1 1 1 1 1 1 0 
2 2 1 0 1 0 1 2 0 2 
2 2 2 1 0 1 1 1 1 1 
0 0 0 0 2 0 0 0 0 0 
1 0 0 0 0 0 0 0 0 0 
0 0 1 1 1 2 2 2 2 2 
2 0 2 2 0 0 2 2 0 0 
0 0 1 1 2 1 2 2 2 2 
MFS
[ 0 , - , 0 , - , - , - , - , - , - , - ]
[ 0 , 0 , - , - , - , - , - , - , - , - ]
precise
1.0
recall
1.0
F-measure
1.0
multi
1
time
all 159 iden 27 gen 49
t-cover
405
all-cover
405
coveredNum
(1 : 116)  (2 : 150)  (3 : 80)  (4 : 27)  (5 : 14)  (6 : 14)  (7 : 3)  (8 : 1)  
real Identify
([ 0 , - , 0 , - , - , - , - , - , - , - ] : 1)  ([ 0 , 0 , - , - , - , - , - , - , - , - ] : 1)  
testCase Num: 38
regaular Num: 17
identify Num: 21
1 0 2 2 2 2 2 2 1 2 
0 0 1 1 1 0 1 0 2 1 
2 0 0 2 0 0 1 1 1 2 
1 2 0 0 0 1 0 0 1 2 
0 1 1 0 0 2 0 0 2 0 
0 0 1 1 1 1 0 2 1 2 
0 1 0 1 0 0 0 0 0 0 
1 0 0 0 2 0 0 0 0 0 
2 1 0 0 1 2 0 2 1 1 
0 1 0 1 1 1 1 1 0 0 
0 0 1 1 1 1 2 2 1 2 
1 2 1 2 0 1 1 2 2 0 
0 2 2 2 1 0 0 0 2 1 
0 1 0 1 1 1 1 0 0 0 
1 0 1 1 1 1 0 1 0 2 
0 0 2 2 2 2 2 2 1 2 
0 0 1 2 2 2 2 2 1 2 
2 0 1 0 2 1 2 1 2 1 
0 0 1 1 1 2 2 2 1 2 
0 1 2 2 2 2 2 2 1 2 
0 0 1 0 1 1 1 1 2 2 
0 1 2 0 2 1 1 0 1 0 
0 0 0 0 0 0 0 0 2 0 
0 0 0 0 0 0 0 0 0 0 
0 1 0 1 1 0 0 0 0 0 
0 1 0 0 0 0 0 0 0 0 
0 1 1 0 0 0 0 0 0 0 
2 2 2 1 1 1 1 1 0 1 
0 0 1 1 1 1 1 0 1 2 
0 1 1 1 0 2 1 1 1 0 
0 1 0 1 1 1 0 0 0 0 
0 1 0 1 1 1 1 1 1 1 
0 1 0 1 1 1 1 1 1 0 
0 0 1 1 2 2 2 2 1 2 
2 2 0 1 2 0 2 0 2 2 
1 0 0 0 0 0 0 0 0 0 
1 1 2 1 0 0 2 2 0 1 
2 2 0 2 1 2 2 0 0 0 
MFS
[ 0 , - , 0 , - , - , - , - , - , - , - ]
[ 0 , 0 , - , - , - , - , - , - , - , - ]
precise
1.0
recall
1.0
F-measure
1.0
multi
1
time
all 145 iden 28 gen 39
t-cover
405
all-cover
405
coveredNum
(1 : 134)  (2 : 143)  (3 : 88)  (4 : 31)  (5 : 5)  (6 : 4)  
real Identify
([ 0 , - , 0 , - , - , - , - , - , - , - ] : 1)  ([ 0 , 0 , - , - , - , - , - , - , - , - ] : 1)  
testCase Num: 39
regaular Num: 18
identify Num: 21
0 0 2 0 1 0 2 1 2 1 
0 1 0 1 0 0 0 0 0 0 
1 0 0 0 0 0 0 1 0 0 
0 1 0 1 1 1 1 1 0 0 
0 1 1 0 2 0 1 0 0 0 
0 1 0 1 1 1 1 0 0 0 
0 2 1 0 1 1 0 0 2 2 
1 1 0 2 2 1 2 1 2 2 
0 0 1 2 2 2 0 2 1 1 
0 0 2 2 2 2 0 2 1 1 
0 2 1 2 2 2 0 2 1 1 
1 0 1 1 1 0 1 1 2 1 
2 0 2 1 2 0 0 0 1 0 
0 0 0 0 0 0 0 0 0 0 
0 1 0 1 1 0 0 0 0 0 
2 2 2 0 0 2 2 1 2 0 
1 2 0 0 0 1 1 1 1 1 
0 1 0 0 0 0 0 0 0 0 
0 0 2 0 1 0 2 2 1 1 
0 0 2 1 1 0 2 1 2 0 
0 0 2 0 1 0 2 1 1 1 
0 1 1 0 0 0 0 0 0 0 
2 0 1 2 2 2 0 2 1 1 
0 0 2 0 1 0 0 2 1 1 
0 1 1 2 1 2 2 0 0 1 
0 1 0 1 1 1 0 0 0 0 
0 1 0 1 1 1 1 1 1 1 
0 1 0 1 1 1 1 1 1 0 
0 0 2 1 2 2 0 2 1 1 
0 1 2 1 0 0 2 2 1 2 
0 2 2 2 1 0 1 1 0 0 
2 1 0 1 1 2 1 2 0 2 
1 0 0 0 0 0 0 0 0 0 
0 0 2 0 1 2 0 2 1 1 
1 0 0 0 0 0 0 2 2 0 
2 2 2 1 1 1 1 0 1 1 
1 0 0 2 0 2 0 0 0 2 
1 0 2 0 2 1 2 2 0 0 
0 0 2 0 0 0 1 0 2 2 
MFS
[ 0 , - , 0 , - , - , - , - , - , - , - ]
[ 0 , 0 , - , - , - , - , - , - , - , - ]
precise
1.0
recall
1.0
F-measure
1.0
multi
1
time
all 134 iden 19 gen 54
t-cover
405
all-cover
405
coveredNum
(1 : 124)  (2 : 151)  (3 : 77)  (4 : 29)  (5 : 17)  (6 : 5)  (7 : 2)  
real Identify
([ 0 , - , 0 , - , - , - , - , - , - , - ] : 1)  ([ 0 , 0 , - , - , - , - , - , - , - , - ] : 1)  
testCase Num: 39
regaular Num: 18
identify Num: 21
0 0 2 1 1 0 2 0 1 1 
2 0 0 2 1 1 1 0 0 1 
0 1 1 0 0 2 0 0 0 2 
0 0 2 1 0 2 1 2 2 1 
0 1 0 1 0 0 0 0 0 0 
1 2 0 1 1 2 0 0 1 1 
2 2 2 2 2 0 0 1 0 0 
2 0 1 0 0 0 0 2 0 0 
0 1 0 1 1 1 1 1 0 0 
0 1 1 0 2 0 0 0 1 0 
0 1 0 1 1 1 1 0 0 0 
0 0 2 1 2 2 1 2 2 1 
1 0 0 1 0 0 0 1 1 1 
0 0 1 2 2 2 1 2 2 1 
0 0 2 1 0 0 2 1 1 2 
0 0 2 2 2 2 1 2 2 1 
1 0 2 1 2 1 2 0 0 2 
0 0 2 0 0 0 2 0 0 2 
1 0 0 0 1 0 2 0 2 0 
0 2 1 2 2 2 1 2 2 1 
0 1 1 1 0 1 0 2 2 2 
0 0 0 0 0 0 0 0 0 0 
0 1 0 1 1 0 0 0 0 0 
0 1 0 0 0 0 0 0 0 0 
0 1 1 0 0 0 0 0 0 0 
0 0 2 1 0 1 2 2 2 1 
1 1 0 0 2 0 1 1 2 2 
2 1 2 0 0 2 2 1 2 1 
0 1 0 1 1 1 0 0 0 0 
0 1 0 1 1 1 1 1 1 1 
0 1 0 1 1 1 1 1 1 0 
0 2 1 0 1 1 2 1 1 2 
0 2 2 2 0 2 1 2 0 0 
1 0 0 0 0 0 0 0 0 0 
2 2 2 1 1 1 1 1 1 0 
0 0 2 1 0 1 1 2 2 1 
2 1 0 2 1 0 2 2 1 2 
0 0 2 0 1 1 2 0 2 1 
1 0 1 2 2 2 1 2 2 1 
MFS
[ 0 , - , 0 , - , - , - , - , - , - , - ]
[ 0 , 0 , - , - , - , - , - , - , - , - ]
precise
1.0
recall
1.0
F-measure
1.0
multi
1
time
all 165 iden 29 gen 60
t-cover
405
all-cover
405
coveredNum
(1 : 118)  (2 : 153)  (3 : 84)  (4 : 29)  (5 : 16)  (6 : 5)  
real Identify
([ 0 , - , 0 , - , - , - , - , - , - , - ] : 1)  ([ 0 , 0 , - , - , - , - , - , - , - , - ] : 1)  
