testCase Num: 62
regaular Num: 51
identify Num: 11
3 1 4 4 1 1 3 0 1 1 0 
3 3 0 3 0 0 0 0 4 2 1 
0 1 0 0 0 0 0 0 0 0 0 
4 4 1 2 3 2 1 0 2 4 0 
2 1 2 1 3 0 2 4 0 3 4 
1 2 2 3 2 1 0 1 0 3 3 
2 3 2 2 1 2 0 2 0 2 2 
2 4 4 3 0 3 0 4 2 1 3 
0 0 0 0 0 0 0 1 0 0 0 
1 4 3 4 4 4 1 3 0 2 2 
1 3 1 3 1 4 4 1 4 4 2 
4 4 3 1 0 1 0 2 1 3 1 
3 0 3 3 3 4 2 2 1 0 3 
1 0 0 0 0 0 0 0 0 0 2 
1 0 0 0 0 0 0 0 0 0 0 
1 0 0 3 0 0 0 0 0 0 4 
0 0 0 0 1 0 0 0 0 0 0 
1 1 1 1 4 3 0 0 3 4 4 
2 0 4 4 3 4 0 3 4 3 4 
1 3 2 0 3 3 3 2 4 1 1 
1 2 2 3 4 0 1 0 1 2 0 
1 0 1 0 1 0 0 4 0 3 0 
0 0 0 0 0 0 1 0 0 0 0 
2 0 1 1 1 1 1 1 1 1 1 
0 0 0 0 0 0 0 0 0 0 0 
0 0 0 0 0 0 0 0 0 0 1 
1 4 0 0 0 0 4 0 0 0 0 
3 1 3 0 0 3 1 1 0 4 0 
4 4 0 2 2 4 3 1 2 1 4 
3 2 0 1 0 3 3 1 1 2 2 
1 2 1 2 1 3 3 2 1 0 0 
3 1 1 2 2 0 2 2 2 2 2 
1 0 4 0 0 0 0 2 3 2 4 
1 0 0 0 2 0 0 0 4 0 0 
4 2 4 1 4 2 2 1 4 0 0 
1 0 0 0 4 1 0 0 0 3 2 
1 3 4 0 2 2 1 4 1 0 3 
4 1 0 3 1 2 3 3 3 3 3 
0 0 0 0 0 0 0 0 0 1 0 
1 3 0 4 1 1 2 3 2 0 4 
4 0 2 1 2 3 4 3 2 3 0 
1 2 0 4 3 0 1 1 3 0 0 
4 0 4 0 3 1 4 4 3 2 2 
3 2 2 4 0 2 4 4 1 4 4 
3 4 3 0 1 0 1 1 4 3 4 
2 3 3 2 2 4 4 0 3 3 0 
3 0 0 0 0 0 0 3 1 0 0 
2 2 1 0 0 4 2 3 3 1 4 
2 1 0 2 4 4 4 4 4 0 1 
0 0 0 1 0 0 0 0 0 0 0 
1 0 0 0 0 0 2 0 0 4 0 
1 3 2 1 0 4 0 0 0 2 3 
0 0 0 0 0 0 0 0 1 0 0 
1 2 3 0 0 0 0 0 2 0 0 
3 0 3 0 4 2 3 4 2 1 1 
1 0 0 0 0 0 0 0 0 1 2 
0 0 1 0 0 0 0 0 0 0 0 
0 0 0 0 0 1 0 0 0 0 0 
3 4 2 4 2 3 2 0 3 0 1 
2 2 4 2 2 0 3 3 0 4 1 
4 3 1 4 4 0 4 2 0 1 3 
1 0 0 2 0 1 1 2 4 4 3 
MFS
[ 0 , - , - , - , - , - , - , - , - , - , - ]
precise
0.0
recall
0.0
F-measure
0.0
multi
1
time
all 317 iden 0 gen 123
t-cover
1325
all-cover
1375
coveredNum
(1 : 581)  (2 : 494)  (3 : 182)  (4 : 54)  (5 : 12)  (6 : 6)  (7 : 5)  (8 : 10)  (9 : 10)  (10 : 12)  (11 : 5)  (12 : 4)  
real Identify

testCase Num: 61
regaular Num: 50
identify Num: 11
2 4 4 1 4 0 2 2 4 2 4 
0 1 0 0 0 0 0 0 0 0 0 
0 0 0 0 0 0 0 1 0 0 0 
4 4 4 4 0 3 1 3 2 2 4 
3 4 0 3 2 4 0 1 1 3 1 
1 2 0 0 1 3 0 0 1 3 0 
1 0 0 0 0 0 0 0 0 0 0 
3 2 2 2 2 2 2 2 2 0 2 
0 0 0 0 1 0 0 0 0 0 0 
2 1 0 2 0 4 3 3 2 1 0 
1 3 3 0 4 2 0 4 0 0 0 
1 0 2 0 0 0 0 4 0 0 0 
0 0 0 0 0 0 1 0 0 0 0 
1 3 4 1 2 3 1 1 0 1 2 
2 0 3 4 4 3 0 3 3 0 2 
1 0 4 1 4 1 3 4 1 2 1 
1 0 1 1 3 3 4 2 2 4 1 
0 0 0 0 0 0 0 0 0 0 0 
0 0 0 0 0 0 0 0 0 0 1 
4 4 2 0 3 4 2 0 1 1 2 
1 0 1 0 0 0 2 0 0 0 0 
1 4 1 2 4 4 4 4 3 1 0 
1 0 0 0 0 0 0 1 2 0 0 
3 0 1 0 2 1 3 3 4 3 4 
1 2 2 1 3 2 1 0 4 1 0 
2 4 3 0 1 3 3 0 2 4 2 
3 3 2 2 0 3 2 1 4 4 3 
1 3 0 0 3 4 3 1 3 0 4 
3 0 3 2 3 4 1 1 0 2 0 
2 4 0 1 2 4 1 2 0 4 0 
2 2 0 0 2 0 1 4 3 2 3 
1 2 0 0 0 0 0 0 0 0 4 
0 0 0 0 0 0 0 0 0 1 0 
3 1 0 2 1 0 4 4 0 4 4 
3 3 0 2 4 1 0 0 2 1 1 
3 4 4 3 0 1 4 4 2 0 3 
4 2 1 2 0 0 4 1 1 3 2 
4 1 3 4 2 4 4 0 4 0 4 
1 0 0 0 0 0 0 0 0 2 2 
2 1 1 1 1 1 1 1 1 0 1 
3 2 2 4 3 1 3 3 0 0 2 
4 3 3 3 3 0 3 2 1 1 3 
1 2 3 3 4 1 2 3 0 4 1 
4 3 3 1 0 0 1 3 2 3 0 
1 4 4 2 0 2 0 2 0 0 0 
1 0 0 4 0 0 0 0 0 1 0 
2 1 0 3 3 3 0 4 4 3 2 
4 0 0 4 1 2 2 4 1 4 0 
4 1 1 3 4 2 1 0 3 2 0 
3 2 4 1 1 4 0 0 3 4 3 
2 3 2 0 0 2 4 1 3 2 1 
0 0 0 1 0 0 0 0 0 0 0 
4 1 4 0 3 1 2 2 3 3 0 
4 3 1 4 1 0 0 2 0 2 1 
0 0 0 0 0 0 0 0 1 0 0 
1 0 1 0 0 0 4 3 0 0 3 
1 0 2 3 1 2 0 3 1 1 4 
0 0 1 0 0 0 0 0 0 0 0 
0 0 0 0 0 1 0 0 0 0 0 
1 1 2 4 4 2 3 1 0 3 3 
1 0 0 0 1 0 0 0 4 0 1 
MFS
[ 0 , - , - , - , - , - , - , - , - , - , - ]
precise
0.0
recall
0.0
F-measure
0.0
multi
1
time
all 334 iden 1 gen 152
t-cover
1325
all-cover
1375
coveredNum
(1 : 597)  (2 : 456)  (3 : 213)  (4 : 44)  (5 : 15)  (6 : 7)  (7 : 11)  (8 : 19)  (9 : 5)  (10 : 4)  (11 : 3)  (12 : 1)  
real Identify

testCase Num: 63
regaular Num: 52
identify Num: 11
1 3 3 2 3 2 0 1 1 2 3 
2 4 3 0 0 2 3 2 4 1 2 
0 1 0 0 0 0 0 0 0 0 0 
1 0 0 4 0 0 0 0 0 4 0 
1 0 2 1 3 0 1 2 3 4 2 
3 3 4 4 4 1 0 2 3 0 1 
1 0 0 1 3 0 0 0 0 3 0 
0 0 0 0 0 0 0 1 0 0 0 
4 2 1 4 4 2 1 0 0 3 2 
1 0 0 0 0 0 0 0 0 0 0 
1 1 1 3 3 1 1 0 2 0 3 
1 0 0 3 0 0 0 0 4 0 0 
0 0 0 0 1 0 0 0 0 0 0 
1 3 2 0 4 2 4 4 0 0 0 
1 3 0 0 0 0 1 0 0 0 0 
0 0 0 0 0 0 1 0 0 0 0 
2 2 0 0 1 3 1 4 4 2 4 
1 2 0 3 1 2 0 1 3 3 1 
3 1 2 2 1 2 2 2 2 0 2 
4 2 2 1 3 4 4 1 4 0 0 
1 0 1 4 4 3 3 1 4 0 4 
3 0 0 2 2 4 1 2 1 3 0 
1 0 4 0 0 0 0 1 0 0 0 
4 2 3 3 2 1 3 2 3 2 0 
2 4 2 1 2 1 0 4 1 0 2 
0 0 0 0 0 0 0 0 0 0 0 
4 4 4 3 1 4 4 0 1 4 1 
4 2 0 2 0 1 2 4 3 4 3 
0 0 0 0 0 0 0 0 0 0 1 
4 1 1 0 3 0 4 3 3 2 2 
1 0 0 1 4 0 0 0 0 0 0 
2 4 2 4 0 3 4 2 3 3 3 
3 4 0 1 3 3 3 3 0 4 4 
2 3 4 4 2 0 2 3 4 3 3 
1 1 0 4 3 0 0 0 3 2 4 
1 1 3 1 2 2 2 2 0 4 4 
3 3 1 0 2 4 0 1 4 4 2 
1 1 0 2 4 1 4 0 4 2 1 
3 0 1 0 4 4 4 4 3 1 3 
1 2 3 4 1 3 2 0 1 1 0 
1 0 0 0 0 3 0 0 0 0 1 
2 0 2 3 3 4 2 0 0 2 1 
0 0 0 0 0 0 0 0 0 1 0 
4 2 3 0 4 0 4 3 2 0 1 
1 4 3 2 0 4 3 3 1 2 4 
4 0 0 3 0 3 0 1 0 0 2 
3 2 4 0 3 1 3 4 0 1 2 
1 0 1 0 1 0 0 2 0 0 0 
3 1 3 3 4 0 1 4 1 0 0 
1 1 0 4 2 4 3 4 2 3 1 
3 3 0 1 1 0 3 0 0 1 3 
0 0 0 1 0 0 0 0 0 0 0 
1 0 2 0 0 0 3 0 0 0 0 
3 0 4 1 0 2 1 3 2 2 0 
2 1 1 1 0 1 1 1 1 1 1 
1 1 4 2 2 3 4 0 0 1 4 
4 3 2 3 0 3 0 3 2 1 4 
0 0 0 0 0 0 0 0 1 0 0 
1 4 0 0 0 0 1 0 0 0 0 
0 0 1 0 0 0 0 0 0 0 0 
0 0 0 0 0 1 0 0 0 0 0 
1 0 3 0 1 1 2 3 1 3 4 
2 4 1 2 4 0 2 1 2 4 0 
MFS
[ 0 , - , - , - , - , - , - , - , - , - , - ]
precise
0.0
recall
0.0
F-measure
0.0
multi
1
time
all 318 iden 1 gen 128
t-cover
1325
all-cover
1375
coveredNum
(1 : 588)  (2 : 457)  (3 : 205)  (4 : 57)  (5 : 13)  (6 : 3)  (7 : 9)  (8 : 12)  (9 : 11)  (10 : 8)  (11 : 3)  (12 : 7)  (13 : 1)  (14 : 1)  
real Identify

testCase Num: 60
regaular Num: 49
identify Num: 11
3 1 2 2 2 2 2 0 1 2 2 
0 1 0 0 0 0 0 0 0 0 0 
3 4 0 0 0 2 3 2 4 4 1 
2 0 4 0 2 2 2 1 2 3 3 
0 0 0 0 0 0 0 1 0 0 0 
1 2 3 2 4 3 4 1 3 4 3 
4 0 0 4 3 1 2 4 3 2 2 
3 0 3 2 2 3 4 2 0 1 2 
2 2 4 3 0 4 4 3 2 0 2 
1 0 0 0 0 0 0 0 2 0 1 
1 0 0 0 0 0 0 0 0 0 0 
4 1 3 3 3 1 3 2 2 3 0 
1 0 0 3 0 0 0 0 4 0 0 
0 0 0 0 1 0 0 0 0 0 0 
2 3 1 1 2 2 3 2 3 0 2 
1 4 0 0 0 0 2 0 3 0 0 
1 2 1 3 1 3 3 0 1 3 1 
1 4 1 4 2 4 2 4 4 1 0 
0 0 0 0 0 0 1 0 0 0 0 
2 0 1 1 1 1 1 1 1 1 1 
1 0 0 0 0 0 4 0 1 0 0 
4 4 4 3 4 2 3 3 1 2 0 
1 4 0 4 4 3 4 0 0 3 1 
4 3 2 0 3 3 1 4 1 0 4 
0 0 0 0 0 0 0 0 0 0 0 
0 0 0 0 0 0 0 0 0 0 1 
3 1 0 3 0 4 0 4 1 3 3 
4 4 3 0 1 0 4 1 4 2 2 
3 2 0 3 2 1 1 3 1 4 0 
1 1 3 1 4 2 1 3 4 3 2 
4 2 1 1 2 0 0 2 0 2 3 
2 1 3 4 4 0 2 2 1 0 1 
1 4 2 1 0 1 1 2 2 2 4 
0 0 0 0 0 0 0 0 0 1 0 
4 3 3 2 0 4 1 0 3 1 1 
1 2 0 0 4 1 2 1 4 4 4 
1 3 1 2 0 1 4 1 0 3 0 
3 3 4 4 1 0 0 3 3 3 4 
1 2 3 1 4 4 0 4 0 2 1 
3 0 1 1 3 0 4 0 2 4 4 
1 0 0 0 3 4 0 0 0 0 0 
3 1 1 0 1 4 2 1 3 0 0 
3 0 2 3 4 4 3 1 0 1 4 
1 1 4 0 3 3 0 3 0 1 1 
1 0 0 4 0 0 3 0 0 0 0 
2 1 2 4 1 2 4 4 0 4 0 
1 3 0 2 1 0 3 4 2 1 3 
1 1 3 2 2 0 1 3 0 0 4 
0 0 0 1 0 0 0 0 0 0 0 
1 0 2 4 0 3 1 3 4 3 3 
1 3 2 3 2 0 2 0 3 0 1 
4 3 4 1 1 4 0 2 4 4 2 
2 3 0 1 4 3 2 3 2 2 0 
0 0 0 0 0 0 0 0 1 0 0 
2 4 4 2 3 1 0 0 4 0 3 
0 0 1 0 0 0 0 0 0 0 0 
1 0 1 0 4 0 2 3 0 0 0 
0 0 0 0 0 1 0 0 0 0 0 
2 2 2 4 3 2 0 1 2 1 4 
1 0 4 0 0 0 1 4 0 0 0 
MFS
[ 0 , - , - , - , - , - , - , - , - , - , - ]
precise
0.0
recall
0.0
F-measure
0.0
multi
1
time
all 324 iden 1 gen 142
t-cover
1325
all-cover
1375
coveredNum
(1 : 611)  (2 : 449)  (3 : 207)  (4 : 48)  (5 : 17)  (6 : 7)  (7 : 16)  (8 : 7)  (9 : 5)  (10 : 5)  (11 : 3)  
real Identify

testCase Num: 58
regaular Num: 47
identify Num: 11
2 3 0 2 4 4 2 0 1 3 4 
0 1 0 0 0 0 0 0 0 0 0 
2 2 3 3 2 3 2 1 0 0 3 
2 1 3 0 0 0 1 3 2 4 4 
2 1 1 1 1 1 0 1 1 1 1 
3 4 2 1 1 2 3 0 0 3 4 
0 0 0 0 0 0 0 1 0 0 0 
1 4 4 0 2 0 1 1 1 3 3 
2 3 4 2 1 0 4 4 3 2 0 
1 0 1 3 2 2 4 3 1 4 2 
1 1 1 1 4 3 4 1 0 1 4 
1 0 0 0 0 0 0 0 0 0 0 
0 0 0 0 1 0 0 0 0 0 0 
4 1 2 0 3 1 4 0 4 3 2 
1 0 0 4 0 0 0 0 0 0 4 
4 4 4 3 4 3 0 2 4 2 4 
0 0 0 0 0 0 1 0 0 0 0 
2 4 1 0 1 4 2 2 4 4 0 
3 1 4 4 0 0 0 0 0 1 0 
1 4 3 4 3 0 0 0 3 2 2 
3 2 3 4 4 2 4 2 1 0 0 
2 0 2 4 1 3 2 4 2 0 2 
3 3 0 3 2 1 3 0 2 3 0 
1 3 0 0 0 0 0 2 0 3 0 
4 4 0 2 2 1 2 3 4 0 1 
1 3 1 0 4 3 0 0 2 3 1 
1 1 0 3 1 4 1 2 3 2 2 
0 0 0 0 0 0 0 0 0 0 0 
0 0 0 0 0 0 0 0 0 0 1 
3 3 0 1 0 2 1 1 4 0 2 
4 4 0 3 0 0 4 4 1 1 1 
1 3 2 2 0 3 1 1 3 4 1 
1 0 2 0 4 3 0 3 3 3 0 
3 2 2 2 2 0 1 2 2 1 2 
1 2 3 4 0 4 3 4 4 3 1 
4 2 0 0 1 0 3 3 4 1 2 
4 3 4 4 2 4 0 3 0 2 2 
3 0 2 3 3 4 4 0 1 2 3 
0 0 0 0 0 0 0 0 0 1 0 
3 2 1 1 4 0 3 3 3 0 0 
4 4 1 4 3 4 1 1 2 0 0 
3 2 1 2 0 2 0 4 2 2 3 
3 0 0 0 3 3 3 1 1 2 1 
1 0 4 1 0 1 2 2 2 2 3 
4 3 3 0 3 2 2 3 3 1 3 
2 1 4 2 3 2 3 2 0 0 1 
1 0 0 0 0 0 4 0 2 0 0 
0 0 0 1 0 0 0 0 0 0 0 
3 1 0 4 4 1 1 4 0 4 3 
4 0 3 1 1 4 1 0 4 1 3 
0 0 0 0 0 0 0 0 1 0 0 
1 0 0 0 3 0 3 4 0 4 3 
0 0 1 0 0 0 0 0 0 0 0 
1 0 0 0 4 0 0 0 0 0 2 
0 0 0 0 0 1 0 0 0 0 0 
4 2 4 1 3 1 0 0 3 4 4 
3 1 0 1 2 0 2 4 3 0 4 
1 0 3 2 0 1 0 0 0 0 4 
MFS
[ 0 , - , - , - , - , - , - , - , - , - , - ]
precise
0.0
recall
0.0
F-measure
0.0
multi
1
time
all 311 iden 1 gen 119
t-cover
1325
all-cover
1375
coveredNum
(1 : 633)  (2 : 436)  (3 : 199)  (4 : 58)  (5 : 19)  (6 : 14)  (7 : 8)  (8 : 6)  (9 : 2)  
real Identify

testCase Num: 59
regaular Num: 48
identify Num: 11
0 1 0 0 0 0 0 0 0 0 0 
3 2 0 4 0 0 0 4 2 1 4 
3 2 1 3 0 4 0 3 1 3 0 
1 4 0 0 0 4 0 0 0 0 1 
0 0 0 0 0 0 0 1 0 0 0 
3 1 4 0 2 4 1 4 4 1 0 
3 3 2 2 3 1 2 2 0 1 2 
4 0 0 2 0 3 3 1 4 4 1 
1 0 0 1 3 4 4 2 3 0 0 
1 3 2 4 3 2 3 4 3 4 1 
1 0 0 0 0 0 0 0 0 0 0 
3 1 1 2 0 2 2 2 2 2 2 
1 4 0 0 4 1 3 2 1 4 2 
4 2 0 3 2 1 2 3 3 3 3 
0 0 0 0 1 0 0 0 0 0 0 
4 1 0 1 3 1 1 3 0 4 0 
4 4 3 4 2 2 1 0 3 2 0 
0 0 0 0 0 0 1 0 0 0 0 
1 1 2 2 2 0 0 3 1 2 1 
2 0 1 1 1 1 1 1 1 1 1 
2 4 4 3 3 0 0 1 2 4 3 
2 3 0 4 2 4 4 1 0 2 2 
2 0 3 4 3 1 4 4 1 2 3 
3 2 1 1 2 1 3 0 4 0 2 
0 0 0 0 0 0 0 0 0 0 0 
3 4 2 1 0 2 4 1 0 3 3 
0 0 0 0 0 0 0 0 0 0 1 
4 2 4 0 1 2 4 0 1 2 0 
2 1 2 0 4 0 1 1 3 0 4 
1 3 3 3 4 2 2 1 2 0 0 
1 4 0 4 1 4 2 4 4 0 3 
4 0 2 1 4 4 3 0 2 2 4 
0 0 0 0 0 0 0 0 0 1 0 
1 0 2 3 0 0 1 3 4 2 2 
4 3 3 1 1 0 0 2 4 3 2 
2 2 2 2 1 3 3 2 0 0 0 
1 0 4 2 0 0 3 4 0 0 0 
1 4 1 2 1 4 1 0 3 3 3 
1 0 4 1 0 0 2 4 0 3 0 
1 4 3 2 4 3 4 3 4 1 4 
1 1 1 4 1 0 3 3 2 3 4 
3 0 4 3 1 3 0 4 3 2 2 
4 3 4 4 0 1 1 3 1 0 4 
1 0 3 3 2 4 4 2 0 4 4 
1 3 1 1 2 3 2 0 2 4 3 
1 0 0 0 1 0 0 0 0 4 0 
1 0 0 0 0 0 4 0 2 0 0 
3 2 3 0 3 3 2 0 1 4 1 
0 0 0 1 0 0 0 0 0 0 0 
3 3 0 0 4 1 0 2 2 0 3 
4 0 0 0 0 2 0 0 0 1 0 
4 1 1 3 4 0 4 4 0 0 1 
2 0 1 0 3 2 2 3 4 3 4 
0 0 0 0 0 0 0 0 1 0 0 
1 2 0 0 0 0 0 1 0 0 0 
0 0 1 0 0 0 0 0 0 0 0 
0 0 0 0 0 1 0 0 0 0 0 
1 2 4 4 4 3 1 2 2 3 1 
2 1 3 3 0 3 3 0 3 1 3 
MFS
[ 0 , - , - , - , - , - , - , - , - , - , - ]
precise
0.0
recall
0.0
F-measure
0.0
multi
1
time
all 319 iden 1 gen 124
t-cover
1325
all-cover
1375
coveredNum
(1 : 582)  (2 : 495)  (3 : 194)  (4 : 52)  (5 : 15)  (6 : 14)  (7 : 16)  (8 : 6)  (9 : 1)  
real Identify

testCase Num: 60
regaular Num: 49
identify Num: 11
0 1 0 0 0 0 0 0 0 0 0 
1 0 3 0 0 0 0 0 3 0 0 
1 0 3 0 0 1 3 4 1 2 2 
2 0 2 3 0 1 4 3 0 3 1 
2 1 3 3 3 2 2 0 2 2 0 
1 0 0 0 0 0 4 0 0 1 0 
0 0 0 0 0 0 0 1 0 0 0 
1 3 0 0 3 4 0 2 0 4 0 
4 1 0 0 0 0 0 0 0 0 0 
4 3 1 2 4 0 4 0 1 2 2 
3 2 2 0 1 1 2 2 2 2 2 
3 2 4 4 3 3 4 1 4 2 0 
1 0 0 0 0 0 0 0 0 0 0 
1 0 0 3 0 0 1 0 0 0 0 
4 0 4 0 3 3 3 2 2 1 1 
1 0 0 0 0 0 0 4 4 0 0 
0 0 0 0 1 0 0 0 0 0 0 
4 2 1 1 2 4 2 3 4 1 0 
2 3 2 0 4 4 3 1 4 3 0 
2 0 4 1 1 2 2 4 1 3 0 
0 0 0 0 0 0 1 0 0 0 0 
1 3 4 3 1 1 0 1 4 4 2 
3 0 3 4 0 2 1 2 4 3 2 
4 2 2 4 1 0 0 0 4 4 4 
0 0 0 0 0 0 0 0 0 0 0 
0 0 0 0 0 0 0 0 0 0 1 
2 4 3 0 2 2 4 1 3 0 4 
3 4 4 2 2 4 1 0 0 2 1 
1 2 1 0 0 2 1 3 4 4 3 
1 0 3 0 4 3 0 0 0 0 0 
2 1 2 2 2 3 0 4 3 2 3 
1 1 1 3 1 4 0 0 0 0 4 
1 3 0 1 0 0 3 3 2 2 4 
3 3 0 4 1 0 1 4 3 0 1 
0 0 0 0 0 0 0 0 0 1 0 
4 0 0 2 4 1 1 1 2 0 4 
3 4 1 1 3 1 3 0 3 3 3 
3 4 3 3 4 4 0 4 3 1 2 
1 3 0 0 2 3 2 0 1 1 1 
3 1 0 1 3 3 4 3 4 0 2 
1 4 2 4 3 0 0 3 1 1 4 
1 1 4 1 4 0 2 1 0 3 3 
1 4 0 0 2 1 0 0 2 3 2 
1 0 0 4 0 0 3 0 0 0 0 
1 0 1 4 2 4 4 4 2 4 3 
3 1 0 0 0 4 3 2 1 4 4 
0 0 0 1 0 0 0 0 0 0 0 
3 1 4 4 4 1 2 3 3 0 0 
2 2 0 3 2 0 3 2 1 0 3 
2 1 1 1 0 1 1 1 1 1 1 
4 3 3 2 1 2 3 3 0 1 3 
0 0 0 0 0 0 0 0 1 0 0 
0 0 1 0 0 0 0 0 0 0 0 
0 0 0 0 0 1 0 0 0 0 0 
2 0 2 1 0 2 1 0 0 0 2 
1 2 0 2 3 3 1 4 0 3 0 
1 4 0 2 0 2 2 2 4 4 1 
4 4 4 3 0 3 2 4 3 3 4 
1 2 3 1 4 2 0 2 3 4 1 
2 4 1 4 1 3 4 2 0 4 0 
MFS
[ 0 , - , - , - , - , - , - , - , - , - , - ]
precise
0.0
recall
0.0
F-measure
0.0
multi
1
time
all 337 iden 1 gen 153
t-cover
1325
all-cover
1375
coveredNum
(1 : 614)  (2 : 452)  (3 : 206)  (4 : 46)  (5 : 7)  (6 : 8)  (7 : 15)  (8 : 12)  (9 : 10)  (10 : 4)  (11 : 1)  
real Identify

testCase Num: 58
regaular Num: 47
identify Num: 11
0 1 0 0 0 0 0 0 0 0 0 
3 3 1 0 4 2 0 3 0 1 4 
4 4 1 2 1 0 1 2 1 4 4 
2 4 4 3 3 4 2 0 0 2 0 
0 0 0 0 0 0 0 1 0 0 0 
1 0 0 0 1 4 0 0 0 0 1 
1 2 3 2 0 2 3 4 1 1 1 
4 2 3 4 3 1 0 1 3 0 1 
4 1 1 0 3 3 4 0 3 4 2 
4 1 1 3 0 3 0 1 2 2 3 
3 4 0 1 2 0 2 3 3 0 2 
1 3 0 0 0 1 0 0 0 0 0 
1 0 0 0 0 0 0 0 0 0 0 
4 3 2 2 3 2 3 3 3 3 0 
3 2 2 1 4 4 3 0 0 2 0 
0 0 0 0 1 0 0 0 0 0 0 
2 2 4 0 0 4 3 3 4 3 2 
0 0 0 0 0 0 1 0 0 0 0 
3 3 4 1 0 3 1 3 0 3 1 
3 2 1 0 2 2 2 2 2 2 1 
1 1 3 4 4 0 2 3 2 3 4 
1 0 2 2 1 2 4 1 0 0 4 
1 0 0 3 3 3 2 0 2 1 4 
2 0 2 3 2 0 2 3 1 1 1 
0 0 0 0 0 0 0 0 0 0 0 
3 4 0 1 3 2 1 4 2 0 3 
0 0 0 0 0 0 0 0 0 0 1 
2 1 1 1 1 1 1 1 1 1 0 
1 3 4 2 2 4 2 1 2 4 0 
2 1 4 2 2 1 0 0 1 3 3 
1 3 3 4 1 3 1 2 4 2 0 
2 1 3 1 1 0 0 4 0 4 2 
1 4 0 0 0 0 3 0 2 0 0 
3 0 0 0 0 0 0 0 4 0 0 
0 0 0 0 0 0 0 0 0 1 0 
3 1 2 4 0 4 0 2 1 0 3 
2 3 4 3 1 2 4 0 2 0 2 
1 4 2 0 0 1 4 1 0 3 2 
3 0 3 3 1 1 3 2 0 4 3 
3 3 0 2 4 0 4 1 1 2 2 
4 1 0 4 2 2 3 0 4 4 1 
2 4 0 0 1 1 2 3 4 2 3 
4 0 4 1 0 1 2 4 3 2 4 
1 0 4 4 4 0 0 0 0 0 0 
1 2 4 1 3 0 4 2 4 1 3 
2 0 1 4 2 4 4 4 0 3 0 
2 2 0 3 1 4 1 2 3 3 4 
4 0 2 0 4 1 1 2 2 0 2 
0 0 0 1 0 0 0 0 0 0 0 
1 3 3 0 4 0 3 4 3 1 3 
1 0 0 0 3 0 0 0 1 0 0 
1 2 3 0 0 3 4 3 1 4 1 
0 0 0 0 0 0 0 0 1 0 0 
4 4 3 4 2 4 1 0 0 1 2 
0 0 1 0 0 0 0 0 0 0 0 
0 0 0 0 0 1 0 0 0 0 0 
1 0 1 2 2 3 3 1 4 0 4 
2 4 2 3 4 3 0 4 4 4 1 
MFS
[ 0 , - , - , - , - , - , - , - , - , - , - ]
precise
0.0
recall
0.0
F-measure
0.0
multi
1
time
all 312 iden 1 gen 122
t-cover
1325
all-cover
1375
coveredNum
(1 : 613)  (2 : 470)  (3 : 192)  (4 : 49)  (5 : 22)  (6 : 11)  (7 : 10)  (8 : 8)  
real Identify

testCase Num: 60
regaular Num: 49
identify Num: 11
0 1 0 0 0 0 0 0 0 0 0 
4 0 2 1 3 4 4 3 3 0 4 
1 3 3 0 0 4 0 0 0 1 0 
0 0 0 0 0 0 0 1 0 0 0 
3 1 2 2 2 2 2 2 1 0 2 
1 4 2 4 2 3 0 3 4 1 0 
1 0 0 0 0 0 2 0 0 1 0 
3 4 4 0 3 4 4 1 1 3 0 
1 0 0 0 0 0 0 0 0 0 0 
1 4 0 2 0 0 3 2 0 0 1 
0 0 0 0 1 0 0 0 0 0 0 
3 2 0 0 2 0 4 4 2 1 2 
0 0 0 0 0 0 1 0 0 0 0 
2 4 4 2 0 0 3 4 4 3 3 
4 1 1 2 1 4 0 4 2 2 0 
2 0 3 4 3 1 2 4 0 4 2 
1 0 1 1 4 2 3 4 1 2 4 
1 2 2 1 4 4 1 0 0 3 0 
0 0 0 0 0 0 0 0 0 0 0 
0 0 0 0 0 0 0 0 0 0 1 
1 0 0 0 0 0 0 1 0 0 2 
2 3 0 2 3 3 1 0 1 2 3 
2 2 1 3 4 1 4 2 4 0 0 
2 0 2 0 0 2 1 3 3 1 3 
1 1 4 1 3 0 1 2 3 1 2 
1 0 0 4 0 0 0 0 1 0 0 
1 0 4 0 1 0 2 0 4 4 0 
1 2 4 2 3 1 0 3 2 0 1 
1 0 0 2 0 0 0 4 3 0 0 
3 3 3 4 4 0 4 3 3 2 1 
2 0 0 2 4 4 0 1 1 1 4 
1 0 0 3 1 1 0 0 1 2 1 
4 2 3 3 3 3 3 0 2 1 2 
1 1 4 4 4 3 2 0 2 3 4 
0 0 0 0 0 0 0 0 0 1 0 
4 3 2 0 0 1 1 2 2 4 4 
1 3 3 1 2 1 3 1 3 3 0 
1 0 0 0 4 3 0 0 2 4 3 
3 4 1 1 2 1 0 0 3 4 3 
3 0 2 0 1 3 3 1 3 0 1 
1 2 1 4 3 2 0 2 4 2 3 
3 1 0 4 0 4 3 3 4 4 2 
4 1 3 0 1 3 4 2 0 0 3 
4 3 4 3 1 2 0 3 0 3 2 
2 4 0 3 0 2 0 1 2 2 0 
1 2 0 3 1 4 2 1 3 4 3 
4 4 3 4 1 0 1 1 4 0 4 
1 2 3 2 0 2 4 0 1 4 1 
2 0 4 0 2 0 0 0 0 2 0 
3 2 2 3 2 0 1 4 0 2 4 
4 4 1 0 4 0 2 3 1 2 2 
1 0 1 0 0 0 0 0 0 3 0 
0 0 0 1 0 0 0 0 0 0 0 
0 0 0 0 0 0 0 0 1 0 0 
2 1 1 1 1 1 1 1 0 1 1 
0 0 1 0 0 0 0 0 0 0 0 
0 0 0 0 0 1 0 0 0 0 0 
1 1 0 3 0 0 0 0 0 0 0 
4 0 0 1 2 4 4 2 2 3 1 
3 3 1 1 0 3 2 4 4 0 1 
MFS
[ 0 , - , - , - , - , - , - , - , - , - , - ]
precise
0.0
recall
0.0
F-measure
0.0
multi
1
time
all 321 iden 1 gen 143
t-cover
1325
all-cover
1375
coveredNum
(1 : 626)  (2 : 438)  (3 : 202)  (4 : 54)  (5 : 6)  (6 : 6)  (7 : 18)  (8 : 9)  (9 : 8)  (10 : 5)  (11 : 1)  (12 : 2)  
real Identify

testCase Num: 60
regaular Num: 49
identify Num: 11
0 1 0 0 0 0 0 0 0 0 0 
3 3 3 2 4 0 0 1 1 4 4 
0 0 0 0 0 0 0 1 0 0 0 
2 1 3 4 0 2 1 0 1 0 2 
1 0 0 0 0 0 0 0 0 0 0 
4 0 3 3 3 3 3 3 1 2 1 
0 0 0 0 1 0 0 0 0 0 0 
1 2 3 0 1 4 1 2 0 3 1 
4 3 4 4 4 4 4 4 3 3 0 
1 4 0 4 1 1 2 3 4 4 2 
2 1 2 3 3 0 0 2 4 3 3 
0 0 0 0 0 0 1 0 0 0 0 
1 3 2 1 1 2 4 3 3 0 4 
1 4 2 3 4 1 0 4 1 2 1 
3 2 4 3 3 1 2 1 3 0 3 
3 1 0 3 4 3 1 1 0 3 2 
3 2 0 1 1 0 3 0 4 2 3 
3 2 0 3 2 4 2 3 0 1 0 
1 4 3 0 4 2 4 0 4 0 0 
4 0 1 1 2 0 0 2 3 1 2 
3 2 1 1 0 3 4 4 4 0 1 
0 0 0 0 0 0 0 0 0 0 0 
0 0 0 0 0 0 0 0 0 0 1 
2 1 1 1 1 1 1 1 1 1 0 
3 4 0 0 0 1 4 2 1 3 3 
2 3 3 1 4 1 2 0 2 3 1 
1 0 0 0 0 0 2 0 1 0 0 
2 2 3 4 2 4 0 4 1 2 3 
2 0 2 0 2 2 0 1 4 3 1 
1 0 0 3 1 0 0 0 0 0 0 
1 0 1 0 0 0 0 0 0 4 0 
4 1 4 1 0 2 4 0 1 4 0 
4 2 0 0 3 0 2 4 2 4 2 
0 0 0 0 0 0 0 0 0 1 0 
1 2 1 4 4 1 3 2 0 3 4 
1 0 0 2 0 0 4 3 0 3 0 
1 3 4 3 0 3 3 2 4 4 0 
4 4 2 1 0 4 3 1 2 0 2 
1 0 0 4 3 3 0 1 0 0 0 
3 2 2 2 2 2 2 2 2 2 0 
1 1 3 2 0 3 2 3 3 1 0 
1 3 0 1 3 0 1 0 0 2 2 
1 1 1 0 0 0 1 0 2 2 4 
2 4 1 2 3 0 1 3 0 1 0 
4 0 2 2 1 1 1 4 0 4 3 
3 0 4 4 1 0 0 3 2 1 1 
1 0 0 0 3 4 0 0 0 0 0 
2 0 2 4 1 3 4 0 2 1 3 
1 0 0 0 0 0 3 4 0 0 0 
1 3 1 0 4 2 3 3 0 1 3 
1 3 0 2 2 1 1 2 4 0 0 
2 4 4 0 2 3 1 0 3 2 4 
0 0 0 1 0 0 0 0 0 0 0 
2 1 0 2 2 4 3 0 3 4 1 
0 0 0 0 0 0 0 0 1 0 0 
0 0 1 0 0 0 0 0 0 0 0 
0 0 0 0 0 1 0 0 0 0 0 
1 1 0 3 3 2 4 4 2 1 4 
1 1 4 2 2 3 4 1 0 2 2 
4 0 1 3 4 4 2 0 4 1 4 
MFS
[ 0 , - , - , - , - , - , - , - , - , - , - ]
precise
0.0
recall
0.0
F-measure
0.0
multi
1
time
all 329 iden 1 gen 138
t-cover
1325
all-cover
1375
coveredNum
(1 : 600)  (2 : 461)  (3 : 196)  (4 : 60)  (5 : 17)  (6 : 12)  (7 : 10)  (8 : 11)  (9 : 5)  (11 : 1)  (12 : 2)  
real Identify

