testCase Num: 60
regaular Num: 49
identify Num: 11
2 3 0 3 1 2 4 3 4 0 4 
0 1 0 0 0 0 0 0 0 0 0 
0 1 3 0 2 2 2 3 1 4 0 
0 1 2 0 2 0 1 3 3 0 0 
4 0 2 1 0 1 2 0 3 3 1 
0 0 0 0 0 0 0 1 0 0 0 
3 0 1 0 3 0 0 0 0 0 0 
1 3 3 2 3 1 0 4 2 2 0 
2 4 4 0 0 0 0 1 3 2 4 
0 2 3 0 0 0 0 0 0 0 0 
1 0 0 0 0 0 0 0 0 0 0 
2 1 1 0 2 0 2 4 2 4 2 
3 0 1 1 4 3 0 3 4 2 4 
0 0 0 0 1 0 0 0 0 0 0 
0 1 3 1 4 2 3 4 0 2 4 
0 2 2 4 0 4 2 1 4 2 2 
3 3 2 2 2 2 2 1 2 0 1 
2 4 3 4 3 4 3 3 0 3 1 
0 0 0 0 0 0 1 0 0 0 0 
2 0 0 1 4 4 2 2 1 0 3 
1 1 4 1 1 4 4 4 3 2 1 
1 2 0 4 3 2 0 2 3 4 3 
0 3 4 3 0 4 1 3 2 4 0 
0 0 0 0 0 0 0 0 0 0 0 
0 0 0 0 0 0 0 0 0 0 1 
3 0 3 3 2 4 0 0 1 1 1 
0 2 2 2 0 3 4 2 1 0 0 
4 3 3 1 1 0 2 1 0 4 3 
3 1 2 3 4 1 4 1 0 3 0 
1 4 2 3 3 0 2 4 1 1 4 
4 2 4 0 4 2 3 0 1 3 2 
0 1 0 0 3 3 3 1 4 1 1 
4 3 3 3 0 3 1 2 3 2 2 
1 0 0 1 2 3 1 4 0 3 2 
4 1 0 4 0 0 0 4 4 3 3 
0 0 0 0 0 0 0 0 0 1 0 
0 3 2 0 1 4 0 0 1 3 2 
0 1 1 2 4 0 1 2 2 3 4 
2 0 2 2 1 3 3 0 2 4 3 
0 4 0 2 1 2 0 0 0 0 0 
1 0 0 2 0 4 0 0 0 0 0 
2 2 1 1 1 1 1 1 1 1 0 
0 4 4 0 2 1 4 2 4 4 3 
3 3 1 4 4 1 3 4 3 0 0 
1 2 1 3 0 0 3 3 1 2 3 
3 2 1 0 0 2 1 4 0 4 1 
0 1 0 0 4 1 0 0 0 4 4 
0 0 0 1 0 0 0 0 0 0 0 
0 1 4 4 0 3 2 0 1 0 0 
0 3 0 0 0 0 0 0 0 1 0 
0 0 0 0 0 0 0 0 1 0 0 
3 0 4 4 1 2 1 2 0 1 3 
0 0 1 0 0 0 0 0 0 0 0 
0 0 0 0 0 1 0 0 0 0 0 
4 4 4 2 3 3 1 0 4 0 0 
4 1 0 2 0 1 4 3 2 1 2 
4 2 1 4 2 4 4 0 2 2 4 
3 4 0 1 2 0 3 2 2 2 2 
1 4 1 2 4 0 0 2 3 1 1 
1 0 3 1 3 0 4 1 4 0 2 
MFS
[ 0 , 0 , - , - , - , - , - , - , - , - , - ]
precise
1.0
recall
1.0
F-measure
1.0
multi
0
time
all 355 iden 0 gen 173
t-cover
1375
all-cover
1375
coveredNum
(1 : 567)  (2 : 498)  (3 : 206)  (4 : 41)  (5 : 22)  (6 : 16)  (7 : 8)  (8 : 12)  (9 : 3)  (10 : 1)  (11 : 1)  
real Identify
([ 0 , 0 , - , - , - , - , - , - , - , - , - ] : 1)  
testCase Num: 63
regaular Num: 52
identify Num: 11
2 3 0 0 3 2 1 2 4 4 3 
3 3 1 2 2 1 2 2 0 2 2 
0 1 0 0 0 0 0 0 0 0 0 
0 1 3 1 3 2 2 0 3 2 1 
1 4 0 1 2 1 3 1 2 2 4 
0 0 0 0 0 0 0 1 0 0 0 
0 1 4 3 4 1 3 4 4 3 2 
2 0 2 2 4 1 0 3 3 4 3 
4 3 4 2 0 1 0 4 1 2 1 
1 0 0 0 0 0 0 0 0 0 0 
1 3 0 3 2 4 3 3 3 3 1 
0 0 0 0 1 0 0 0 0 0 0 
2 2 0 1 1 1 1 1 1 1 1 
0 2 0 0 0 0 0 3 0 0 0 
1 0 2 0 0 0 0 4 0 0 0 
4 3 3 4 4 3 1 3 2 0 4 
0 0 0 0 0 0 1 0 0 0 0 
2 0 1 1 0 3 0 1 4 3 4 
3 0 0 0 1 0 0 0 0 4 0 
0 2 4 2 2 3 3 0 1 0 3 
0 0 0 0 0 0 0 0 0 0 0 
0 0 0 0 0 0 0 0 0 0 1 
1 1 1 2 1 2 4 4 2 1 3 
4 2 4 1 2 0 4 4 3 4 0 
2 0 3 0 2 4 1 4 0 2 4 
4 4 2 3 3 2 3 1 0 3 3 
2 3 2 3 1 0 4 0 2 2 0 
1 0 4 4 2 0 1 0 4 1 2 
2 1 0 4 0 2 3 1 2 4 1 
3 4 1 0 0 3 1 4 3 0 0 
4 2 0 2 4 4 2 2 4 2 0 
1 4 0 4 3 3 2 4 1 4 2 
0 3 3 3 3 1 4 1 3 0 2 
3 2 3 2 1 0 0 1 0 3 4 
0 1 0 3 4 3 0 0 0 1 0 
0 0 0 0 0 0 0 0 0 1 0 
2 4 4 0 1 4 2 3 4 0 2 
0 1 3 0 0 0 0 0 4 0 0 
1 2 2 3 2 2 0 2 1 0 2 
4 2 2 0 0 4 2 1 2 1 2 
3 0 0 3 3 0 2 0 1 3 3 
1 4 3 4 0 4 0 0 0 4 3 
0 3 2 1 3 3 0 3 0 1 2 
1 0 0 0 3 4 0 0 0 0 0 
0 1 4 0 4 2 4 1 0 0 1 
3 0 2 4 0 3 4 2 4 3 1 
1 0 0 0 0 0 4 0 0 0 4 
4 0 1 0 1 1 3 0 2 3 0 
0 0 0 1 0 0 0 0 0 0 0 
0 1 0 4 0 1 0 0 0 0 0 
3 4 3 0 4 0 3 2 1 1 0 
0 0 0 0 0 0 0 0 1 0 0 
1 0 0 0 0 0 2 0 0 0 4 
0 0 1 0 0 0 0 0 0 0 0 
1 4 1 1 4 0 4 3 0 0 1 
0 0 0 0 0 1 0 0 0 0 0 
1 2 1 4 3 3 0 1 4 2 0 
3 1 0 1 0 4 4 3 1 2 3 
0 4 1 3 0 4 1 0 1 4 4 
3 0 4 1 3 2 0 2 2 1 4 
0 1 2 4 1 3 1 2 3 1 4 
0 4 0 2 3 2 1 3 2 3 0 
4 1 0 0 2 0 0 0 0 0 0 
MFS
[ 0 , 0 , - , - , - , - , - , - , - , - , - ]
precise
1.0
recall
1.0
F-measure
1.0
multi
0
time
all 392 iden 2 gen 187
t-cover
1375
all-cover
1375
coveredNum
(1 : 553)  (2 : 480)  (3 : 229)  (4 : 40)  (5 : 15)  (6 : 11)  (7 : 10)  (8 : 11)  (9 : 11)  (10 : 9)  (11 : 4)  (12 : 2)  
real Identify
([ 0 , 0 , - , - , - , - , - , - , - , - , - ] : 1)  
testCase Num: 64
regaular Num: 53
identify Num: 11
0 3 2 0 3 1 2 2 1 4 0 
0 1 0 0 0 0 0 0 0 0 0 
4 2 4 4 4 4 0 4 3 4 2 
4 0 4 3 4 1 2 4 0 2 1 
3 3 3 0 2 0 3 3 3 1 1 
4 4 1 1 4 3 0 3 4 0 0 
0 0 0 0 0 0 0 1 0 0 0 
0 4 4 0 3 0 1 2 4 2 3 
1 2 0 0 0 2 0 0 0 0 1 
1 3 0 0 0 0 0 0 0 0 0 
3 3 1 2 1 2 2 2 0 2 2 
1 0 0 0 0 0 0 0 0 0 0 
4 4 2 3 2 2 3 1 2 3 0 
0 0 0 0 1 0 0 0 0 0 0 
1 1 2 1 4 3 4 2 1 2 4 
1 0 1 0 0 0 0 0 3 0 0 
0 0 0 0 0 0 1 0 0 0 0 
4 0 0 0 0 0 0 0 0 0 3 
2 3 0 0 4 4 0 1 2 2 2 
4 2 2 0 4 0 1 0 2 0 2 
3 0 1 4 3 4 4 1 0 4 4 
2 2 2 1 1 2 0 0 3 1 0 
1 1 3 4 1 1 2 1 3 0 3 
4 1 0 4 3 2 0 2 2 1 1 
0 0 0 0 0 0 0 0 0 0 0 
0 0 0 0 0 0 0 0 0 0 1 
1 0 0 0 2 0 1 0 0 0 0 
0 1 0 1 0 0 4 0 0 1 2 
0 3 0 3 4 0 2 0 0 3 0 
4 3 4 2 0 2 4 0 3 0 4 
0 1 3 3 0 2 1 3 1 4 2 
1 0 3 2 4 2 3 4 4 1 3 
3 0 0 0 4 0 0 0 0 0 0 
3 1 1 3 0 4 0 0 1 0 3 
0 4 0 0 0 0 0 0 1 0 0 
4 0 2 2 1 4 1 3 1 3 1 
2 2 3 1 2 4 3 2 0 0 0 
4 0 3 2 2 0 0 1 4 3 4 
0 0 0 0 0 0 0 0 0 1 0 
1 1 0 2 0 4 0 2 4 4 1 
3 4 4 0 0 3 2 0 2 1 0 
2 0 3 2 3 3 4 3 2 4 3 
2 1 4 4 2 0 3 4 1 3 0 
1 0 0 2 1 3 3 0 0 2 0 
2 4 0 3 1 4 2 0 4 1 4 
0 4 3 4 0 3 4 0 3 2 1 
1 0 0 3 3 3 1 2 3 3 2 
3 3 2 4 0 3 1 4 4 0 0 
3 3 0 1 3 1 0 0 1 3 3 
0 2 1 0 1 0 4 4 2 3 4 
0 0 0 1 0 0 0 0 0 0 0 
1 0 4 1 1 0 2 3 2 4 0 
0 1 4 0 0 0 0 1 0 0 0 
1 4 1 2 2 1 3 0 4 4 2 
0 4 0 1 0 4 3 4 0 3 4 
3 2 0 3 2 1 4 3 4 2 0 
0 1 0 0 0 1 0 0 2 0 0 
0 0 0 0 0 0 0 0 1 0 0 
1 0 0 0 3 0 3 4 0 0 0 
0 0 1 0 0 0 0 0 0 0 0 
2 2 1 1 0 1 1 1 1 1 1 
0 0 0 0 0 1 0 0 0 0 0 
0 2 2 2 2 3 2 1 0 1 3 
0 2 0 4 3 1 1 3 0 0 4 
MFS
[ 0 , 0 , - , - , - , - , - , - , - , - , - ]
precise
1.0
recall
1.0
F-measure
1.0
multi
0
time
all 404 iden 0 gen 215
t-cover
1375
all-cover
1375
coveredNum
(1 : 577)  (2 : 462)  (3 : 210)  (4 : 51)  (5 : 15)  (6 : 9)  (7 : 11)  (8 : 7)  (9 : 3)  (10 : 7)  (11 : 8)  (12 : 8)  (13 : 5)  (14 : 2)  
real Identify
([ 0 , 0 , - , - , - , - , - , - , - , - , - ] : 1)  
testCase Num: 63
regaular Num: 52
identify Num: 11
0 1 0 0 0 0 0 4 0 0 2 
2 3 0 0 1 2 4 3 3 2 3 
1 0 2 0 4 2 0 0 0 2 0 
4 1 4 1 1 4 0 3 0 4 2 
0 1 0 0 0 0 0 0 0 0 0 
0 1 3 1 0 0 4 2 1 0 2 
3 0 2 2 1 3 2 3 4 1 3 
0 4 0 0 0 4 3 0 0 0 4 
1 4 4 2 0 3 4 0 2 1 1 
2 4 2 0 1 0 2 4 4 0 1 
0 0 0 0 0 0 0 1 0 0 0 
2 0 0 3 1 4 2 2 2 0 4 
3 4 3 3 3 3 0 3 3 4 1 
1 0 0 0 0 0 0 0 0 0 0 
1 0 4 3 4 0 4 0 0 3 4 
0 0 0 0 1 0 0 0 0 0 0 
2 2 0 1 1 1 1 1 1 1 1 
0 2 4 4 3 2 0 1 2 0 3 
0 1 0 1 3 1 0 0 1 2 0 
0 0 0 0 0 0 1 0 0 0 0 
4 1 1 3 3 1 3 0 4 1 2 
0 1 0 0 0 0 0 3 2 0 0 
1 3 1 1 0 3 1 3 4 0 4 
4 4 2 1 2 0 3 2 2 3 3 
1 3 3 4 1 1 3 1 0 3 4 
3 3 1 2 1 2 2 0 2 2 2 
0 0 0 0 0 0 0 0 0 0 0 
2 3 0 4 3 3 4 4 2 3 0 
0 0 0 0 0 0 0 0 0 0 1 
1 0 4 0 3 2 1 2 4 3 1 
1 0 0 0 0 0 0 1 4 0 0 
4 2 0 2 4 0 3 1 3 2 1 
0 2 3 2 2 4 1 4 4 2 0 
2 0 2 2 0 1 0 2 3 3 2 
3 2 2 3 0 4 1 1 0 2 3 
0 3 1 4 4 4 0 2 1 1 1 
3 0 0 0 4 0 0 0 0 0 0 
0 1 0 2 0 0 0 0 1 0 0 
0 4 1 2 3 0 3 3 0 0 0 
3 1 1 0 2 4 4 1 0 3 1 
0 3 2 3 1 0 4 2 1 4 0 
0 1 0 0 0 3 0 0 0 0 0 
2 1 3 0 4 1 1 0 2 4 3 
0 2 0 0 0 0 1 2 3 4 0 
0 0 0 0 0 0 0 0 0 1 0 
4 0 4 4 4 1 4 3 4 0 2 
1 1 2 4 3 4 2 0 3 1 4 
4 0 3 0 0 3 1 1 1 1 2 
1 2 1 0 2 0 4 0 1 1 2 
3 1 0 2 2 2 0 4 4 4 4 
4 3 0 0 0 0 0 0 0 0 4 
3 0 4 1 2 1 3 4 3 0 0 
1 0 1 3 0 2 3 4 1 4 3 
0 2 0 3 2 3 2 3 1 3 4 
2 3 4 0 4 3 3 2 0 2 4 
0 0 0 1 0 0 0 0 0 0 0 
2 3 1 4 2 0 0 0 3 0 0 
3 4 0 4 3 0 1 2 1 2 2 
0 0 0 0 0 0 0 0 1 0 0 
0 0 1 0 0 0 0 0 0 0 0 
0 0 0 0 0 1 0 0 0 0 0 
0 4 4 4 0 1 2 1 1 4 0 
4 4 3 1 4 2 2 4 0 1 0 
MFS
[ 0 , 0 , - , - , - , - , - , - , - , - , - ]
precise
1.0
recall
1.0
F-measure
1.0
multi
0
time
all 376 iden 0 gen 193
t-cover
1375
all-cover
1375
coveredNum
(1 : 549)  (2 : 498)  (3 : 204)  (4 : 52)  (5 : 17)  (6 : 8)  (7 : 9)  (8 : 12)  (9 : 9)  (10 : 10)  (11 : 6)  (12 : 1)  
real Identify
([ 0 , 0 , - , - , - , - , - , - , - , - , - ] : 1)  
testCase Num: 60
regaular Num: 49
identify Num: 11
3 0 3 1 4 0 0 4 2 1 3 
1 0 0 0 2 4 3 1 2 3 0 
0 4 0 1 0 0 0 0 0 0 0 
0 1 0 0 0 0 0 0 0 0 0 
0 0 0 0 0 0 0 1 0 0 0 
2 3 4 2 0 1 4 0 2 0 3 
4 3 3 3 2 4 4 4 0 4 4 
3 3 1 1 3 3 2 3 3 0 0 
2 4 2 4 4 4 1 2 4 0 0 
1 3 2 1 3 0 0 0 4 4 3 
1 0 0 0 0 0 0 0 0 0 0 
0 0 0 0 1 0 0 0 0 0 0 
2 0 0 3 2 2 1 3 2 4 3 
2 2 1 1 1 1 1 1 0 1 1 
3 0 2 0 0 1 4 1 0 2 4 
0 1 0 0 0 0 0 2 3 0 3 
3 0 4 1 1 4 1 4 1 4 0 
0 0 0 0 0 0 1 0 0 0 0 
0 1 0 3 4 1 4 0 1 4 0 
4 4 2 0 1 3 3 3 2 3 3 
0 2 2 2 2 3 2 0 3 4 1 
4 0 1 4 0 0 2 3 4 4 4 
3 2 1 4 0 4 0 0 1 3 2 
0 2 1 0 3 0 1 0 3 2 3 
2 4 4 0 2 0 3 1 1 4 2 
0 4 3 3 1 3 0 0 3 0 4 
0 0 0 0 0 0 0 0 0 0 0 
1 1 3 2 4 3 1 1 1 3 4 
0 0 0 0 0 0 0 0 0 0 1 
3 1 1 0 2 1 0 2 4 4 1 
0 1 1 1 0 2 3 4 4 2 4 
1 2 3 4 1 3 0 3 1 2 1 
2 0 0 0 0 0 0 0 0 2 0 
4 1 0 1 1 1 3 1 1 0 3 
2 1 0 2 3 0 0 1 4 0 0 
0 3 0 0 3 4 1 0 0 0 0 
1 4 1 2 4 2 4 3 0 0 1 
4 0 3 2 0 3 1 2 0 0 2 
0 1 4 4 4 4 2 3 0 2 3 
2 2 0 4 2 3 4 4 2 0 1 
0 3 0 1 4 2 4 1 3 3 2 
3 4 0 3 0 0 3 0 0 3 0 
2 2 4 1 2 3 2 2 0 1 4 
0 0 0 0 0 0 0 0 0 1 0 
0 4 0 4 3 1 3 2 2 1 4 
0 1 2 0 0 2 0 4 2 0 2 
1 0 0 0 0 3 0 0 4 0 2 
4 0 4 4 3 2 0 1 3 2 1 
1 1 2 3 3 1 4 3 1 1 2 
0 3 0 4 0 0 0 0 0 0 0 
0 0 0 1 0 0 0 0 0 0 0 
1 3 0 2 0 4 3 4 3 1 1 
1 4 1 3 2 0 2 1 2 2 0 
3 3 0 2 1 2 2 2 1 2 2 
0 0 0 0 0 0 0 0 1 0 0 
2 4 3 0 3 1 2 4 3 3 0 
0 0 1 0 0 0 0 0 0 0 0 
0 0 0 0 0 1 0 0 0 0 0 
1 2 4 3 1 0 4 2 4 3 1 
4 2 3 0 4 2 3 0 4 1 0 
MFS
[ 0 , 0 , - , - , - , - , - , - , - , - , - ]
precise
1.0
recall
1.0
F-measure
1.0
multi
0
time
all 361 iden 0 gen 187
t-cover
1375
all-cover
1375
coveredNum
(1 : 591)  (2 : 459)  (3 : 224)  (4 : 41)  (5 : 19)  (6 : 10)  (7 : 10)  (8 : 10)  (9 : 9)  (10 : 2)  
real Identify
([ 0 , 0 , - , - , - , - , - , - , - , - , - ] : 1)  
testCase Num: 62
regaular Num: 51
identify Num: 11
0 1 0 0 0 0 0 0 0 0 0 
1 0 3 1 4 2 4 4 0 2 4 
0 2 4 0 2 0 2 1 4 2 3 
0 2 3 4 0 0 0 0 0 0 0 
1 0 0 0 0 3 0 2 0 0 0 
0 0 0 0 0 0 0 1 0 0 0 
2 4 2 4 3 4 0 1 0 2 0 
0 3 1 1 0 0 4 0 0 2 0 
1 0 0 0 0 0 0 0 0 0 0 
3 2 4 3 2 4 1 0 0 3 2 
1 1 4 2 1 4 4 3 1 4 2 
0 0 0 0 1 0 0 0 0 0 0 
3 3 3 0 3 3 4 4 4 0 1 
1 3 4 3 4 3 0 1 0 4 2 
1 1 2 4 4 2 1 2 2 2 1 
4 0 4 0 0 0 0 0 0 0 0 
1 2 0 1 3 1 3 4 0 3 3 
0 0 0 0 0 0 1 0 0 0 0 
2 3 0 3 0 4 1 4 3 1 3 
4 1 1 4 0 0 3 3 4 0 2 
4 4 3 2 4 0 4 1 2 3 3 
4 0 2 3 3 3 3 3 1 2 2 
0 4 0 4 0 3 2 3 1 3 1 
0 1 2 0 0 2 0 0 0 0 3 
0 0 0 0 0 0 0 0 0 0 0 
0 0 0 0 0 0 0 0 0 0 1 
1 0 1 0 4 3 2 3 3 0 3 
3 4 0 0 0 0 0 0 0 0 0 
4 1 3 3 2 3 1 0 0 1 1 
1 4 4 3 3 2 1 2 4 0 4 
4 0 0 0 4 1 4 2 4 0 3 
2 0 4 2 0 4 3 1 2 0 1 
0 0 0 0 0 0 0 0 0 1 0 
2 0 3 0 1 2 3 2 4 3 4 
1 0 2 0 2 0 2 4 2 1 1 
4 2 3 1 0 2 0 2 3 4 2 
3 0 0 4 2 2 4 1 1 1 4 
4 1 0 2 1 1 0 4 1 2 1 
4 3 3 3 1 1 2 3 0 1 0 
3 3 1 2 2 2 2 2 0 1 2 
3 2 4 1 4 3 0 3 2 1 0 
2 0 0 0 0 0 2 0 0 0 0 
0 4 3 0 4 4 3 2 1 1 0 
4 1 1 1 3 4 2 0 4 4 4 
3 1 0 0 2 2 0 3 0 0 0 
0 1 0 2 3 0 1 2 4 1 0 
3 2 2 2 0 1 4 0 3 2 4 
0 3 1 3 1 0 0 4 2 3 4 
0 4 4 4 2 1 3 4 3 4 0 
0 1 0 0 3 0 0 0 2 0 0 
0 0 0 1 0 0 0 0 0 0 0 
1 0 0 0 3 0 0 0 3 4 1 
2 0 0 0 4 1 1 0 2 4 2 
0 4 2 1 2 0 0 4 4 0 2 
0 0 0 0 0 0 0 0 1 0 0 
0 0 1 0 0 0 0 0 0 0 0 
2 1 1 3 2 0 4 1 3 3 0 
0 0 0 0 0 1 0 0 0 0 0 
3 3 2 4 1 0 3 0 1 4 3 
0 1 2 0 0 0 0 0 0 3 0 
2 2 1 1 1 1 1 1 1 0 1 
2 4 1 2 1 3 1 3 3 0 4 
MFS
[ 0 , 0 , - , - , - , - , - , - , - , - , - ]
precise
1.0
recall
1.0
F-measure
1.0
multi
0
time
all 373 iden 1 gen 181
t-cover
1375
all-cover
1375
coveredNum
(1 : 579)  (2 : 477)  (3 : 196)  (4 : 57)  (5 : 16)  (6 : 8)  (7 : 7)  (8 : 7)  (9 : 10)  (10 : 11)  (11 : 5)  (12 : 2)  
real Identify
([ 0 , 0 , - , - , - , - , - , - , - , - , - ] : 1)  
testCase Num: 60
regaular Num: 49
identify Num: 11
2 4 3 2 0 3 3 4 2 4 3 
0 2 0 0 0 4 0 0 0 0 0 
0 1 0 0 0 0 0 0 0 0 0 
3 3 1 0 2 2 1 2 2 2 2 
2 3 1 4 0 4 2 3 1 4 0 
4 0 0 4 4 1 3 2 0 0 0 
1 3 2 1 0 3 1 0 4 2 3 
0 0 0 0 0 0 0 1 0 0 0 
4 4 3 0 1 2 4 1 4 0 3 
0 3 4 3 3 4 3 1 4 0 4 
1 0 0 0 0 0 0 0 0 0 0 
0 0 0 0 1 0 0 0 0 0 0 
2 2 0 1 1 1 1 1 1 1 1 
4 0 3 1 4 2 2 0 2 1 4 
0 4 0 0 2 4 1 4 1 3 0 
2 0 4 0 3 3 2 4 1 2 0 
0 0 0 0 0 0 1 0 0 0 0 
3 0 2 3 0 2 3 2 1 0 1 
1 0 3 3 2 1 2 2 3 1 3 
3 3 4 1 0 1 0 3 0 1 3 
0 4 1 4 1 3 1 3 3 0 4 
3 0 0 2 2 2 3 0 3 2 3 
1 1 0 3 3 2 3 3 2 3 3 
2 0 0 0 2 0 0 0 0 0 0 
0 2 3 4 4 0 0 2 1 2 3 
0 0 0 0 0 0 0 0 0 0 0 
1 0 1 0 4 0 0 0 0 0 0 
0 0 0 0 0 0 0 0 0 0 1 
1 0 3 1 0 0 3 1 1 4 2 
3 0 1 4 1 4 4 0 1 3 3 
0 3 0 2 3 0 4 0 0 1 1 
1 1 1 0 3 0 1 2 3 1 1 
1 0 0 0 1 0 3 0 0 0 0 
3 4 0 4 3 3 2 1 0 1 2 
4 3 0 0 4 4 4 4 3 4 1 
1 0 0 1 3 0 0 3 0 0 0 
0 0 0 0 0 0 0 0 0 1 0 
0 4 3 0 3 1 0 0 2 4 1 
3 1 3 0 4 3 3 3 4 3 1 
1 4 2 3 4 1 4 1 3 2 0 
4 1 1 2 2 1 0 1 1 3 4 
3 2 1 1 2 0 3 4 4 1 0 
0 1 4 0 0 2 0 0 0 0 0 
4 2 1 3 0 3 4 0 0 2 1 
3 0 0 0 0 3 0 0 3 4 4 
4 2 4 3 1 0 1 1 2 4 0 
2 0 4 2 4 1 1 0 4 0 2 
0 1 0 2 1 4 0 3 4 2 4 
1 2 2 0 2 1 3 4 0 0 4 
2 4 4 1 0 0 4 2 3 3 4 
0 0 0 1 0 0 0 0 0 0 0 
0 0 0 0 0 0 0 0 1 0 0 
1 3 3 2 1 4 1 2 0 3 0 
4 2 2 2 3 0 2 3 3 3 2 
0 0 1 0 0 0 0 0 0 0 0 
0 0 0 0 0 1 0 0 0 0 0 
2 1 2 3 1 2 0 4 0 4 2 
0 2 2 4 1 2 2 4 2 0 0 
0 1 2 1 2 4 4 3 2 1 2 
1 1 4 4 2 3 2 2 4 4 1 
MFS
[ 0 , 0 , - , - , - , - , - , - , - , - , - ]
precise
1.0
recall
1.0
F-measure
1.0
multi
0
time
all 343 iden 1 gen 159
t-cover
1375
all-cover
1375
coveredNum
(1 : 558)  (2 : 518)  (3 : 202)  (4 : 38)  (5 : 15)  (6 : 16)  (7 : 9)  (8 : 9)  (9 : 7)  (10 : 3)  
real Identify
([ 0 , 0 , - , - , - , - , - , - , - , - , - ] : 1)  
testCase Num: 63
regaular Num: 52
identify Num: 11
1 4 4 4 2 3 4 4 0 4 1 
0 2 2 3 0 4 4 3 0 1 4 
2 0 0 0 0 0 0 3 0 0 0 
0 1 0 0 0 0 0 0 0 0 0 
0 3 1 0 4 4 2 1 3 4 1 
4 4 0 1 4 4 3 0 2 1 4 
1 0 3 0 0 0 0 0 0 2 0 
3 3 1 3 3 3 0 0 0 2 3 
3 4 3 4 0 4 0 0 4 0 3 
0 0 0 0 0 0 0 1 0 0 0 
1 3 2 1 2 2 2 3 2 0 3 
4 1 3 2 0 2 0 3 0 3 1 
1 0 0 0 0 0 0 0 0 0 0 
0 1 0 0 2 0 3 0 0 0 0 
1 0 0 0 0 0 0 0 0 4 4 
0 0 0 0 1 0 0 0 0 0 0 
0 1 0 1 0 0 0 0 0 0 2 
0 2 2 4 1 2 2 0 3 3 4 
0 0 0 0 0 0 1 0 0 0 0 
4 3 0 1 0 3 2 1 0 4 3 
0 4 0 4 3 0 1 1 1 2 0 
1 0 4 2 0 0 0 1 4 0 1 
3 3 2 0 2 2 1 2 2 1 2 
1 1 2 3 0 4 1 1 1 2 4 
2 1 4 1 0 0 2 4 3 1 3 
3 4 0 3 0 0 0 1 2 3 1 
0 0 0 0 0 0 0 0 0 0 0 
0 0 0 0 0 0 0 0 0 0 1 
1 4 3 0 1 1 1 0 0 3 2 
1 1 1 4 0 1 3 2 2 4 2 
0 1 0 0 4 0 0 0 0 0 0 
2 0 4 0 2 1 0 4 3 2 4 
0 1 0 4 0 0 0 0 0 1 0 
2 4 2 4 4 3 0 2 1 4 2 
4 0 1 4 1 0 1 3 4 4 3 
0 0 0 0 0 0 0 0 0 1 0 
2 0 3 1 3 4 4 2 2 3 0 
3 1 2 1 0 3 2 0 4 4 1 
3 2 4 2 4 3 3 3 1 0 0 
2 2 1 1 1 1 0 1 1 1 1 
4 3 4 3 3 2 3 2 1 0 1 
3 3 1 4 1 1 4 4 3 0 0 
2 0 4 2 4 0 1 0 3 3 2 
0 2 4 2 1 4 1 4 2 0 2 
2 3 2 2 4 0 3 2 0 2 4 
0 4 1 0 0 3 0 0 2 3 0 
3 0 3 0 3 3 3 1 4 1 4 
4 2 3 0 2 0 4 0 1 3 3 
0 2 0 1 1 3 1 2 4 2 1 
1 2 3 2 3 3 2 2 3 4 3 
0 0 0 1 0 0 0 0 0 0 0 
0 1 0 0 3 0 0 0 0 0 0 
4 4 0 2 3 1 2 3 3 2 2 
2 4 0 3 2 2 4 1 4 0 2 
1 0 1 0 4 2 4 3 2 2 4 
0 1 0 3 1 0 3 4 3 0 4 
0 0 0 0 0 0 0 0 1 0 0 
4 0 2 3 3 2 2 4 1 4 0 
0 0 1 0 0 0 0 0 0 0 0 
0 0 0 0 0 1 0 0 0 0 0 
0 1 2 0 0 1 0 0 0 0 0 
0 3 3 3 4 1 3 4 4 3 3 
1 1 1 2 2 4 4 0 4 1 0 
MFS
[ 0 , 0 , - , - , - , - , - , - , - , - , - ]
precise
1.0
recall
1.0
F-measure
1.0
multi
0
time
all 362 iden 0 gen 184
t-cover
1375
all-cover
1375
coveredNum
(1 : 587)  (2 : 445)  (3 : 222)  (4 : 50)  (5 : 13)  (6 : 3)  (7 : 13)  (8 : 11)  (9 : 15)  (10 : 6)  (11 : 5)  (12 : 4)  (13 : 1)  
real Identify
([ 0 , 0 , - , - , - , - , - , - , - , - , - ] : 1)  
testCase Num: 59
regaular Num: 48
identify Num: 11
0 1 0 0 0 0 0 0 0 0 0 
4 0 3 3 1 3 3 3 1 3 3 
1 3 3 0 3 0 1 2 4 4 2 
3 2 3 0 2 0 0 3 1 2 4 
3 2 2 2 1 2 2 2 0 2 2 
3 1 3 0 1 1 4 4 0 1 3 
0 0 0 0 0 0 0 1 0 0 0 
0 4 0 3 1 0 1 3 4 1 2 
1 2 4 2 0 1 2 3 4 0 0 
1 0 0 0 0 0 0 0 0 0 0 
3 2 0 1 3 2 3 1 0 4 4 
0 0 0 0 1 0 0 0 0 0 0 
0 0 0 0 0 0 1 0 0 0 0 
1 0 0 0 0 2 0 0 3 0 0 
2 0 1 4 4 2 2 3 0 0 1 
2 4 2 3 2 4 3 1 2 1 0 
4 1 3 4 0 2 4 0 4 3 0 
0 4 0 1 0 0 2 0 0 0 0 
4 2 2 1 3 0 1 0 2 3 3 
0 0 0 0 0 0 0 0 0 0 0 
0 0 0 0 0 0 0 0 0 0 1 
1 1 4 4 2 3 1 2 1 0 3 
0 3 0 0 2 1 2 2 2 3 1 
0 1 0 0 4 0 0 0 0 0 3 
3 0 1 0 0 0 1 0 2 2 2 
0 3 3 1 4 0 2 4 1 2 1 
1 0 2 1 1 0 4 0 1 0 1 
4 3 4 3 2 2 1 1 0 0 4 
2 0 4 1 2 0 4 4 4 3 2 
4 0 2 0 0 4 0 2 3 4 3 
2 3 0 0 3 3 2 1 4 2 3 
2 1 0 0 0 0 0 0 0 0 0 
3 0 4 0 0 4 0 0 0 3 0 
0 2 4 3 1 3 2 4 0 4 4 
1 4 1 3 0 3 4 2 0 3 4 
1 1 3 1 1 4 0 1 2 2 2 
0 0 0 0 0 0 0 0 0 1 0 
3 1 2 3 4 3 0 0 4 4 1 
0 2 0 2 4 4 4 1 3 3 1 
3 3 2 2 0 3 3 4 2 0 2 
3 4 3 4 3 4 1 4 3 0 0 
2 3 4 4 1 4 0 0 1 1 0 
4 1 1 2 2 4 2 0 3 1 4 
1 4 4 0 4 2 3 2 2 1 1 
4 4 0 4 4 1 3 0 1 2 2 
0 2 0 4 4 0 4 1 0 2 0 
0 4 1 2 3 2 0 4 1 4 3 
0 3 2 4 2 1 4 3 2 4 4 
0 0 0 1 0 0 0 0 0 0 0 
2 3 1 1 1 0 3 2 3 4 0 
0 0 0 0 0 0 0 0 1 0 0 
0 0 1 0 0 0 0 0 0 0 0 
1 0 4 3 3 1 0 4 3 2 2 
2 2 1 1 0 1 1 1 1 1 1 
0 0 0 0 0 1 0 0 0 0 0 
0 1 0 1 3 3 3 3 3 1 0 
4 0 0 0 3 0 4 4 0 0 1 
0 1 1 0 0 4 3 3 4 0 4 
2 0 3 2 4 0 1 1 2 1 4 
MFS
[ 0 , 0 , - , - , - , - , - , - , - , - , - ]
precise
1.0
recall
1.0
F-measure
1.0
multi
0
time
all 423 iden 1 gen 177
t-cover
1375
all-cover
1375
coveredNum
(1 : 577)  (2 : 508)  (3 : 184)  (4 : 52)  (5 : 19)  (6 : 11)  (7 : 10)  (8 : 14)  
real Identify
([ 0 , 0 , - , - , - , - , - , - , - , - , - ] : 1)  
testCase Num: 64
regaular Num: 53
identify Num: 11
2 0 0 0 2 0 4 3 0 4 1 
0 1 0 0 0 0 0 0 0 0 0 
4 4 4 0 4 3 1 4 2 4 1 
1 4 1 1 0 1 1 0 1 2 4 
0 1 0 0 4 0 4 0 0 2 3 
2 4 0 3 2 3 3 1 0 1 2 
4 2 2 1 0 0 3 0 2 3 1 
0 0 0 0 0 0 0 1 0 0 0 
0 1 1 0 0 2 2 4 4 0 4 
1 3 0 0 0 0 0 0 0 0 0 
0 3 1 4 0 4 3 4 3 3 4 
1 2 2 4 4 3 2 0 4 2 3 
1 0 4 1 3 1 3 2 4 4 2 
1 0 0 0 0 0 0 0 0 0 0 
0 0 0 0 1 0 0 0 0 0 0 
2 1 3 2 3 4 4 0 2 1 4 
1 0 0 2 0 0 0 0 0 0 1 
3 1 2 0 0 1 3 3 4 1 3 
0 0 0 0 0 0 1 0 0 0 0 
0 1 3 0 0 3 4 1 1 4 2 
2 0 1 2 4 3 3 4 1 0 0 
3 4 3 3 4 1 2 1 2 0 0 
0 4 0 4 3 3 1 3 1 0 1 
1 0 2 3 0 1 1 1 0 3 4 
1 0 3 3 1 0 4 4 3 2 1 
4 1 1 4 2 2 0 3 2 2 2 
0 4 2 0 3 4 0 3 1 2 0 
0 0 0 0 0 0 0 0 0 0 0 
0 0 0 0 0 0 0 0 0 0 1 
3 2 1 0 1 3 4 2 0 3 2 
2 3 3 0 1 2 3 0 0 2 0 
0 1 0 0 1 0 0 0 0 4 0 
0 1 0 1 0 3 0 0 0 0 0 
2 4 2 2 4 0 0 2 4 3 4 
0 1 1 0 0 0 0 0 0 0 3 
2 4 4 4 0 0 1 2 3 1 3 
0 1 4 0 0 0 0 0 1 0 0 
0 0 0 0 0 0 0 0 0 1 0 
0 1 1 3 4 1 2 0 3 4 2 
2 3 1 0 3 0 2 1 3 4 0 
2 2 1 1 1 1 0 1 1 1 1 
0 1 3 4 0 0 0 0 0 0 0 
1 2 4 2 3 2 4 3 3 1 0 
4 0 0 0 0 2 0 2 2 1 0 
4 0 3 3 3 2 2 3 1 3 3 
3 3 4 3 2 3 0 0 3 3 4 
1 0 0 0 0 2 0 1 0 0 0 
3 3 2 2 2 0 1 2 1 2 2 
0 3 3 1 4 2 0 3 4 1 1 
4 0 0 3 0 4 1 1 3 0 2 
3 1 0 1 4 4 2 2 0 3 1 
0 0 0 1 0 0 0 0 0 0 0 
3 0 2 4 3 4 0 4 0 4 3 
4 2 0 2 0 2 1 3 0 4 4 
0 0 0 0 0 0 0 0 1 0 0 
1 0 0 1 2 1 2 4 2 1 3 
0 0 1 0 0 0 0 0 0 0 0 
0 0 0 0 0 1 0 0 0 0 0 
3 4 2 1 1 2 4 3 3 0 0 
1 1 4 0 1 4 1 1 0 2 4 
0 2 3 3 2 4 1 2 4 0 0 
4 3 0 4 1 1 4 1 4 3 0 
0 2 0 0 0 0 0 4 0 0 2 
0 3 4 2 1 1 2 1 2 0 3 
MFS
[ 0 , 0 , - , - , - , - , - , - , - , - , - ]
precise
1.0
recall
1.0
F-measure
1.0
multi
0
time
all 356 iden 1 gen 175
t-cover
1375
all-cover
1375
coveredNum
(1 : 539)  (2 : 500)  (3 : 206)  (4 : 59)  (5 : 11)  (6 : 8)  (7 : 8)  (8 : 12)  (9 : 9)  (10 : 15)  (11 : 5)  (12 : 2)  (13 : 1)  
real Identify
([ 0 , 0 , - , - , - , - , - , - , - , - , - ] : 1)  
