testCase Num: 187
regaular Num: 19
identify Num: 168
1 2 1 2 0 0 2 1 1 1 
1 1 1 0 1 2 0 0 2 2 
0 0 2 1 2 1 1 2 1 2 
0 0 2 0 2 1 2 2 1 2 
2 1 0 1 2 2 1 1 0 1 
2 0 0 2 2 1 0 0 0 0 
0 1 2 2 1 0 2 2 0 2 
2 1 0 2 2 2 0 1 0 1 
0 2 2 2 1 0 2 1 0 2 
1 0 0 2 2 1 0 1 0 0 
2 2 0 1 0 1 1 0 2 2 
2 1 0 0 1 0 2 2 1 1 
1 1 0 2 2 1 0 0 0 0 
2 2 1 1 0 1 1 0 2 2 
2 1 0 0 1 0 2 2 1 0 
2 1 1 0 1 0 2 2 1 0 
2 2 1 2 0 0 2 0 1 1 
0 1 0 1 2 2 0 1 0 1 
0 0 0 1 0 1 0 1 0 0 
2 0 1 0 1 2 0 0 2 2 
1 1 0 1 1 1 2 2 0 1 
0 2 0 0 1 0 0 0 1 0 
0 1 0 0 0 2 0 0 1 0 
1 1 1 1 1 1 1 1 1 0 
0 0 2 0 2 1 1 0 1 2 
2 2 0 1 1 1 1 0 2 2 
0 2 0 1 1 0 0 0 0 0 
1 2 1 2 1 0 2 0 1 1 
0 2 2 0 0 2 1 1 2 1 
1 0 0 1 2 1 2 2 0 1 
0 2 2 0 0 0 0 1 2 1 
0 0 0 0 0 1 0 0 0 0 
0 0 0 2 0 0 0 1 0 0 
2 2 0 1 0 1 1 0 2 0 
0 0 1 2 0 2 1 2 0 1 
1 0 1 0 2 2 0 0 2 2 
1 0 1 2 2 1 0 0 0 0 
0 2 1 2 0 2 1 0 0 1 
0 0 2 0 0 1 1 2 1 2 
2 0 1 2 2 0 0 2 1 1 
2 0 1 2 2 0 0 2 1 0 
1 2 2 2 0 0 2 0 1 1 
1 0 1 0 1 2 0 1 2 2 
1 0 1 0 1 2 0 0 0 2 
0 0 0 0 0 2 1 0 1 0 
2 1 0 1 0 2 0 1 0 1 
2 0 0 1 1 1 2 2 0 1 
2 1 0 0 2 0 2 2 1 0 
1 2 1 2 0 0 2 0 1 2 
0 2 1 0 1 0 0 0 0 0 
1 2 1 2 0 0 2 0 1 1 
1 0 1 0 1 2 0 0 2 0 
0 2 0 0 0 2 0 1 2 1 
1 0 1 0 1 2 0 0 2 2 
1 1 2 2 0 0 1 0 2 0 
0 0 0 1 0 0 0 2 0 0 
0 0 2 0 2 1 1 2 2 2 
2 1 0 1 2 2 0 1 1 1 
1 0 0 0 0 2 0 0 1 0 
2 1 0 1 2 0 0 1 0 1 
0 1 2 2 1 0 2 1 0 2 
2 2 0 0 1 0 2 2 1 0 
1 0 0 2 2 1 0 0 0 0 
1 0 0 2 2 1 0 0 0 1 
0 2 1 2 1 2 1 2 0 1 
1 0 0 2 2 1 0 0 1 0 
0 2 1 2 0 2 2 2 0 1 
2 1 0 0 1 0 0 2 1 0 
1 0 0 1 1 1 2 2 0 1 
1 0 0 1 1 1 2 2 0 2 
1 2 1 2 0 2 1 2 0 1 
0 0 1 0 0 0 0 0 0 0 
1 0 1 0 1 0 0 0 2 2 
1 2 1 2 0 0 2 0 2 1 
0 0 0 0 0 2 0 1 1 0 
0 0 0 0 0 0 0 1 0 0 
1 1 2 1 0 0 1 0 2 0 
0 1 0 0 1 0 2 2 1 0 
1 1 2 1 0 0 1 0 2 1 
2 1 0 1 2 2 0 1 0 1 
2 1 0 1 2 2 0 1 0 2 
2 1 0 1 1 0 2 2 1 0 
2 0 2 2 2 0 0 2 1 0 
2 1 0 0 1 0 2 2 2 0 
1 0 0 1 1 1 2 2 1 1 
0 1 2 2 1 0 2 1 0 0 
2 2 0 2 0 1 1 0 2 2 
1 0 0 2 1 1 2 2 0 1 
0 2 0 0 1 0 0 0 0 1 
0 2 0 1 0 1 1 0 2 2 
0 2 0 0 1 0 0 0 0 0 
0 1 2 0 1 0 2 1 0 2 
2 1 0 0 1 1 2 2 1 0 
2 0 1 0 2 0 0 2 1 0 
1 2 1 2 0 0 0 0 1 1 
0 0 0 1 0 0 0 1 0 1 
0 0 0 1 0 0 0 1 0 0 
0 0 1 1 0 0 0 1 0 0 
0 1 2 2 1 0 0 1 0 2 
1 2 1 0 0 0 2 0 1 1 
0 2 2 0 0 2 0 2 2 1 
0 2 2 0 0 2 0 1 0 1 
1 0 0 2 2 1 1 0 0 0 
1 0 0 1 1 1 0 2 0 1 
0 2 1 2 0 2 1 2 1 1 
2 1 0 0 1 0 2 0 1 0 
2 0 1 2 2 0 1 2 1 0 
0 0 0 0 0 2 0 0 1 0 
0 0 0 1 1 0 0 1 0 0 
2 2 0 1 0 2 1 0 2 2 
0 2 1 2 0 0 1 2 0 1 
0 0 1 0 0 2 0 0 1 0 
0 0 0 0 0 2 0 0 1 1 
0 0 0 0 0 0 0 0 0 1 
0 1 2 0 2 1 1 2 1 2 
0 0 0 0 0 0 0 0 0 0 
1 2 2 1 0 0 1 0 2 0 
2 0 1 2 0 0 0 2 1 0 
1 0 1 1 1 2 0 0 2 2 
1 0 1 0 1 2 1 0 2 2 
0 0 2 0 2 1 1 2 1 2 
2 1 1 1 2 2 0 1 0 1 
1 1 2 1 0 0 1 1 2 0 
0 0 2 0 2 1 1 2 1 0 
1 1 2 1 0 0 1 0 0 0 
0 0 0 1 0 0 0 1 1 0 
2 0 1 2 2 1 0 2 1 0 
2 1 0 1 2 2 0 2 0 1 
0 1 2 2 1 0 2 1 1 2 
2 2 0 1 2 2 0 1 0 1 
1 0 0 1 1 1 2 0 0 1 
1 2 2 0 0 2 0 1 2 1 
2 2 0 1 0 1 2 0 2 2 
0 0 0 0 1 2 0 0 1 0 
0 2 1 2 0 2 1 2 0 1 
2 0 0 1 0 1 1 0 2 2 
2 0 1 2 2 0 0 0 1 0 
1 0 2 0 2 1 1 2 1 2 
1 0 0 0 2 1 0 0 0 0 
0 2 1 2 0 2 1 2 0 2 
0 2 0 0 1 0 0 1 0 0 
0 0 0 0 0 0 0 0 1 0 
0 0 2 0 0 2 0 1 2 1 
0 0 0 1 0 2 0 0 1 0 
1 0 2 0 1 2 0 0 2 2 
1 1 2 1 0 0 2 0 2 0 
0 1 0 2 1 0 2 1 0 2 
0 0 0 1 0 0 0 0 0 0 
1 0 1 2 0 0 2 0 1 1 
0 1 0 1 0 0 0 1 0 0 
0 2 2 0 0 2 0 1 2 1 
0 0 0 0 1 0 0 0 0 0 
0 2 2 0 0 2 0 1 2 2 
0 2 0 0 1 1 0 0 0 0 
1 2 1 2 0 1 2 0 1 1 
2 2 0 1 0 1 1 0 0 2 
2 2 0 1 0 1 1 1 2 2 
0 2 0 0 2 0 0 0 0 0 
1 0 1 1 1 1 2 2 0 1 
2 0 1 2 2 0 0 2 2 0 
1 1 2 1 1 0 1 0 2 0 
0 0 0 0 2 1 1 2 1 2 
0 1 2 2 1 1 2 1 0 2 
1 1 2 1 0 1 1 0 2 0 
0 2 2 0 1 2 0 1 2 1 
1 0 0 2 2 2 0 0 0 0 
0 1 2 2 2 0 2 1 0 2 
0 2 0 0 1 0 1 0 0 0 
1 0 0 1 1 2 2 2 0 1 
0 2 1 0 0 2 1 2 0 1 
0 1 0 0 0 0 0 0 0 0 
0 0 0 1 0 0 1 1 0 0 
1 0 0 2 0 1 0 0 0 0 
1 2 0 0 1 0 0 0 0 0 
0 0 2 0 2 2 1 2 1 2 
1 1 0 1 0 0 1 0 2 0 
2 2 2 2 2 2 2 2 2 0 
0 2 2 1 0 2 0 1 2 1 
2 1 1 2 2 0 0 2 1 0 
1 0 0 1 0 0 0 1 0 0 
1 1 2 2 1 0 2 1 0 2 
0 2 2 2 0 2 1 2 0 1 
1 0 0 0 0 0 0 0 0 0 
0 0 1 2 2 0 0 2 1 0 
2 1 2 1 0 0 1 0 2 0 
0 0 0 0 0 2 0 0 2 0 
0 0 0 0 0 0 1 0 0 0 
MFS
[ - , - , - , - , - , - , - , - , - , - ]
[ - , - , 0 , - , - , - , - , - , - , - ]
precise
0.0
recall
0.0
F-measure
0.0
multi
17
time
all 1 iden 0 gen 1
t-cover
126
all-cover
405
coveredNum
(3 : 3)  (4 : 1)  (5 : 7)  (6 : 5)  (7 : 2)  (8 : 1)  (10 : 2)  (11 : 16)  (12 : 40)  (13 : 36)  (14 : 37)  (15 : 13)  (16 : 8)  (17 : 5)  (18 : 3)  (19 : 4)  (20 : 29)  (21 : 37)  (22 : 27)  (23 : 15)  (24 : 15)  (25 : 10)  (26 : 1)  (28 : 5)  (29 : 16)  (30 : 5)  (31 : 12)  (32 : 7)  (33 : 2)  (37 : 4)  (38 : 10)  (39 : 4)  (40 : 3)  (41 : 2)  (45 : 1)  (46 : 9)  (47 : 1)  (48 : 1)  (54 : 3)  (55 : 3)  
real Identify

testCase Num: 185
regaular Num: 19
identify Num: 166
1 0 0 0 2 1 0 2 0 2 
1 0 2 0 2 1 0 2 0 2 
0 0 2 2 2 0 1 2 2 1 
2 0 0 0 1 2 1 1 0 1 
1 2 2 2 2 1 1 0 0 0 
2 1 1 0 0 0 2 2 0 1 
0 0 0 1 0 0 0 0 2 1 
1 1 0 2 2 0 2 1 0 2 
0 0 1 1 0 1 2 0 1 1 
0 2 0 0 0 0 0 0 1 1 
0 1 0 1 0 2 1 0 2 2 
0 1 0 1 0 0 1 0 1 2 
0 0 0 2 0 0 0 1 1 0 
0 1 0 2 0 0 0 0 1 0 
0 0 0 0 1 2 0 2 2 2 
2 1 1 0 0 2 2 2 0 2 
2 1 1 0 0 2 2 2 0 1 
2 1 2 0 0 2 2 2 0 1 
0 0 0 2 2 1 2 1 2 0 
2 2 2 2 0 1 0 0 2 2 
2 2 1 2 0 1 0 0 2 0 
0 0 0 2 2 1 2 1 2 1 
2 2 1 2 0 1 0 0 2 2 
0 0 2 2 1 0 1 2 2 1 
0 0 1 2 2 1 2 1 2 0 
1 1 2 2 0 2 1 1 2 0 
1 0 2 0 2 1 0 2 1 2 
1 1 0 1 2 0 0 1 0 2 
1 0 2 2 2 0 1 0 0 0 
0 0 1 1 2 1 0 0 1 1 
0 0 0 1 1 0 0 0 2 0 
2 0 1 1 1 1 0 0 1 0 
0 0 2 2 1 0 1 2 0 1 
0 0 0 2 2 1 2 1 0 0 
0 1 2 2 1 0 1 2 2 1 
0 2 0 0 0 0 0 0 0 1 
0 1 0 1 0 2 1 0 1 0 
2 1 1 0 1 2 2 2 0 1 
0 1 0 1 0 2 1 0 1 2 
2 2 1 2 1 1 0 0 2 2 
1 1 0 1 2 1 2 1 0 2 
0 2 0 0 0 0 0 0 0 2 
0 0 0 0 0 1 0 0 0 0 
1 0 2 2 1 0 1 2 2 1 
1 2 2 2 2 0 2 0 0 0 
2 2 2 1 2 2 2 2 1 0 
1 0 0 2 2 1 2 1 2 0 
0 0 1 1 0 0 0 0 2 0 
2 2 0 1 1 2 1 1 0 1 
0 0 1 2 2 1 2 0 1 1 
1 0 2 0 2 1 0 2 0 0 
0 0 0 1 1 2 2 2 2 2 
0 0 1 1 2 1 2 0 2 1 
0 2 0 0 1 2 1 1 0 1 
1 1 0 1 2 0 2 1 1 2 
1 1 2 0 2 1 0 2 0 2 
0 2 0 0 0 0 1 0 0 1 
0 0 0 0 1 0 2 2 2 2 
0 1 0 1 0 0 0 0 2 0 
2 2 1 0 0 1 0 0 2 2 
2 2 0 0 1 2 1 2 0 1 
1 0 0 1 0 0 0 0 2 0 
2 0 2 0 2 1 0 2 0 2 
1 2 0 0 0 0 0 0 0 1 
0 0 0 0 1 2 2 2 2 2 
0 2 0 1 0 0 0 0 0 1 
0 0 1 0 1 2 2 2 2 2 
1 0 2 0 0 1 0 2 0 2 
0 0 0 2 0 1 0 0 1 0 
0 0 0 2 2 1 2 2 2 0 
0 0 0 1 0 0 1 0 2 0 
1 0 2 0 2 1 1 2 0 2 
2 2 1 2 0 1 0 1 2 2 
0 0 1 1 2 1 2 0 1 1 
2 2 1 2 0 1 0 0 0 2 
0 0 1 0 0 0 0 0 0 0 
0 0 2 1 2 1 2 0 1 1 
1 1 0 1 2 0 2 1 0 2 
0 0 1 1 2 1 2 0 1 2 
0 0 0 0 0 0 0 1 0 0 
1 1 0 1 2 0 2 1 0 0 
0 0 0 2 1 0 0 0 1 0 
0 0 0 2 1 0 1 2 2 1 
0 0 0 0 2 1 2 1 2 0 
2 2 1 2 0 2 0 0 2 2 
0 0 2 0 1 0 1 2 2 1 
0 1 1 1 0 2 1 0 1 2 
2 0 2 1 1 0 0 0 1 0 
1 0 2 1 2 1 0 2 0 2 
0 0 0 0 1 2 2 2 2 0 
0 1 0 1 0 2 1 1 1 2 
2 0 1 1 1 0 0 1 1 0 
0 0 0 2 0 0 1 0 1 0 
1 2 2 2 2 0 1 0 1 0 
2 2 0 0 1 0 1 1 0 1 
0 0 2 2 1 1 1 2 2 1 
1 0 0 2 0 0 0 0 1 0 
0 2 0 0 1 0 0 0 0 1 
1 2 2 2 0 2 0 1 2 0 
2 0 1 1 1 0 0 0 2 0 
0 0 0 2 2 2 2 1 2 0 
1 1 1 0 1 1 1 1 1 1 
2 2 0 0 1 2 1 1 0 1 
2 2 0 0 1 2 1 1 0 2 
2 2 1 0 1 2 1 1 0 1 
1 1 2 2 1 2 0 1 2 0 
2 0 1 2 0 1 0 0 2 2 
0 0 0 0 1 2 2 2 0 2 
1 2 2 2 2 0 1 0 0 0 
1 0 2 0 2 2 0 2 0 2 
1 2 2 2 2 0 1 0 0 1 
0 1 0 0 1 2 2 2 2 2 
0 0 0 1 0 1 0 0 2 0 
0 0 2 2 1 0 1 0 2 1 
0 1 1 1 2 1 2 0 1 1 
1 1 1 1 2 0 2 1 0 2 
1 1 0 1 2 0 2 2 0 2 
0 0 1 1 2 1 2 1 1 1 
0 0 0 0 0 0 0 0 0 1 
0 0 0 0 0 0 0 0 0 0 
2 1 2 2 0 2 0 1 2 0 
0 0 0 2 2 1 0 1 2 0 
2 2 2 2 2 0 1 0 0 0 
2 1 1 0 0 2 2 0 0 1 
2 0 1 1 1 0 0 0 1 0 
2 0 1 1 1 0 0 0 1 1 
0 0 0 2 0 0 0 0 2 0 
2 2 0 0 1 2 1 1 1 1 
1 1 0 2 0 2 0 1 2 0 
2 2 1 2 0 1 1 0 2 2 
1 1 2 2 0 2 0 1 2 1 
1 0 2 0 2 1 0 0 0 2 
1 1 2 2 0 2 0 1 2 0 
0 0 2 2 1 0 2 2 2 1 
0 2 0 0 0 1 0 0 0 1 
0 0 0 2 0 1 2 1 2 0 
0 0 0 0 0 0 0 0 1 0 
0 1 1 0 0 2 2 2 0 1 
0 2 1 2 0 1 0 0 2 2 
1 2 2 2 0 0 1 0 0 0 
0 0 1 1 1 0 0 0 1 0 
0 0 0 1 0 0 0 0 0 0 
0 0 0 1 0 0 0 1 2 0 
0 0 0 0 1 0 0 0 0 0 
0 1 0 2 0 2 1 0 1 2 
0 1 0 1 0 2 2 0 1 2 
2 0 1 2 1 0 0 0 1 0 
2 0 1 1 1 0 1 0 1 0 
0 0 0 2 0 0 0 0 1 0 
0 0 1 2 0 0 0 0 1 0 
0 0 0 2 0 0 0 0 1 1 
0 0 1 1 2 2 2 0 1 1 
1 1 0 1 0 2 1 0 1 2 
1 1 2 0 0 2 0 1 2 0 
1 2 2 2 2 0 1 1 0 0 
0 1 0 2 2 1 2 1 2 0 
2 1 1 0 0 2 0 2 0 1 
2 2 1 0 0 2 2 2 0 1 
2 0 1 1 2 0 0 0 1 0 
2 2 0 0 2 2 1 1 0 1 
1 1 2 2 0 0 0 1 2 0 
1 2 2 0 2 0 1 0 0 0 
0 1 0 0 0 0 0 0 0 0 
0 0 2 2 1 0 1 2 2 2 
1 2 0 1 2 0 2 1 0 2 
0 0 0 0 2 2 2 2 2 2 
0 2 1 0 0 0 0 0 0 1 
0 2 0 1 0 2 1 0 1 2 
2 1 1 1 1 0 0 0 1 0 
1 2 0 2 2 0 1 0 0 0 
0 0 0 0 1 2 2 0 2 2 
0 2 0 0 0 0 0 1 0 1 
2 2 0 0 1 2 2 1 0 1 
1 1 0 1 0 0 2 1 0 2 
1 0 0 0 0 0 0 0 0 0 
2 1 1 0 0 2 2 2 1 1 
1 0 1 1 2 1 2 0 1 1 
2 1 0 1 2 0 2 1 0 2 
0 0 0 1 0 0 0 0 2 0 
1 1 2 2 0 2 0 2 2 0 
1 1 2 2 0 2 0 1 0 0 
1 0 0 0 1 2 2 2 2 2 
0 0 0 0 0 0 1 0 0 0 
0 1 0 1 1 2 1 0 1 2 
2 1 1 1 0 2 2 2 0 1 
MFS
[ - , - , - , - , - , - , - , - , - , - ]
[ - , - , - , - , - , 0 , - , - , - , - ]
[ - , - , - , - , 0 , - , - , - , - , - ]
precise
0.0
recall
0.0
F-measure
0.0
multi
17
time
all 16 iden 0 gen 16
t-cover
157
all-cover
405
coveredNum
(3 : 3)  (4 : 3)  (5 : 10)  (6 : 4)  (7 : 5)  (10 : 5)  (11 : 10)  (12 : 30)  (13 : 46)  (14 : 32)  (15 : 12)  (16 : 9)  (17 : 8)  (19 : 10)  (20 : 24)  (21 : 39)  (22 : 36)  (23 : 9)  (24 : 14)  (25 : 5)  (28 : 10)  (29 : 17)  (30 : 17)  (31 : 6)  (32 : 1)  (33 : 3)  (36 : 1)  (37 : 7)  (38 : 4)  (39 : 3)  (43 : 2)  (44 : 5)  (45 : 4)  (46 : 3)  (47 : 1)  (52 : 3)  (53 : 1)  (54 : 1)  (61 : 2)  
real Identify

testCase Num: 165
regaular Num: 18
identify Num: 147
1 2 0 1 1 1 1 0 2 0 
0 0 2 0 2 2 1 2 0 2 
1 0 2 0 2 2 1 1 0 2 
0 1 2 0 2 2 1 1 0 2 
0 2 0 1 1 1 1 0 0 0 
2 2 1 2 2 2 0 0 0 1 
0 2 0 1 1 1 1 1 2 0 
2 1 2 0 0 1 2 0 1 2 
0 0 0 1 0 1 2 0 0 0 
0 2 0 1 2 1 1 0 2 0 
0 1 0 2 2 2 2 2 1 0 
0 1 1 2 2 2 2 2 1 0 
0 1 0 2 2 2 2 2 1 1 
1 0 2 0 1 0 1 2 1 0 
1 2 1 2 2 2 0 1 0 1 
1 2 0 0 0 1 0 1 2 1 
0 1 0 0 0 2 0 0 1 0 
2 0 2 1 0 2 1 0 2 1 
2 1 2 0 0 0 0 0 1 2 
1 0 1 2 0 0 0 0 2 1 
1 2 2 2 2 2 0 0 0 1 
0 1 0 2 0 2 2 2 1 0 
0 0 1 2 0 0 0 0 0 1 
1 0 1 0 1 1 0 2 0 2 
1 0 0 2 1 0 1 2 1 0 
0 0 0 0 0 1 0 0 0 0 
0 0 0 2 0 0 2 0 0 0 
0 0 1 2 0 0 0 1 2 1 
0 1 1 2 0 0 0 0 2 1 
1 0 2 2 1 0 1 2 2 0 
0 1 0 0 0 1 0 0 2 0 
0 1 2 0 0 0 2 0 1 2 
0 1 0 1 0 1 0 0 1 0 
2 1 2 1 0 0 2 0 1 2 
0 0 1 2 1 0 0 0 2 1 
0 1 0 2 2 0 2 2 1 0 
1 0 2 2 1 1 1 2 1 0 
1 2 1 2 2 2 0 0 1 1 
0 1 0 0 1 0 0 0 2 0 
0 0 0 0 2 2 1 1 0 2 
0 0 2 1 0 2 1 2 2 1 
2 0 2 1 0 2 2 2 2 1 
0 0 0 1 0 0 2 1 0 0 
1 2 1 2 2 0 0 0 0 1 
0 1 0 1 0 0 0 0 2 0 
1 0 2 0 1 1 2 2 0 2 
2 0 2 1 1 2 1 2 2 1 
2 2 0 2 2 0 0 2 1 2 
0 0 2 2 0 0 0 0 2 1 
1 0 1 0 1 1 2 0 0 2 
0 1 0 0 0 1 0 0 1 1 
0 1 0 0 0 1 0 0 1 0 
1 0 2 2 1 0 1 0 1 0 
0 1 0 2 2 2 0 2 1 0 
0 1 1 0 0 1 0 0 1 0 
1 2 1 0 0 1 2 1 2 1 
0 0 1 0 0 0 0 0 0 0 
2 1 2 1 0 2 1 2 2 1 
2 2 2 0 0 0 2 0 1 2 
0 2 0 1 2 0 0 2 1 2 
0 2 0 2 2 2 2 2 1 0 
0 0 0 0 0 0 0 1 0 0 
0 2 0 1 1 2 1 0 2 0 
1 2 1 2 2 2 0 0 0 2 
0 0 2 0 0 2 1 1 0 2 
1 2 1 2 2 2 0 0 0 1 
2 0 2 2 1 0 1 2 1 0 
2 1 0 0 0 0 2 0 1 2 
0 2 0 0 0 0 0 0 2 0 
0 2 1 1 1 1 1 0 2 0 
2 2 0 1 2 0 0 2 1 0 
2 2 0 1 2 0 0 2 1 2 
1 1 0 0 0 0 0 0 2 0 
1 2 0 0 0 2 2 1 2 1 
1 0 2 2 1 0 2 2 1 0 
0 0 0 1 0 0 2 0 0 0 
0 1 0 0 0 0 1 0 2 0 
0 1 0 2 2 2 2 2 2 0 
1 0 1 0 1 2 2 2 0 2 
0 0 1 2 0 1 0 0 2 1 
1 0 2 2 2 0 1 2 1 0 
2 0 2 2 0 2 1 2 2 1 
2 0 2 1 0 0 1 2 2 1 
2 2 2 2 2 1 0 1 2 2 
1 2 1 2 2 2 1 0 0 1 
2 2 0 1 0 0 0 2 1 2 
0 0 0 1 0 0 2 0 0 1 
2 1 2 0 1 0 2 0 1 2 
0 2 0 1 1 1 2 0 2 0 
1 1 2 2 1 0 1 2 1 0 
2 2 0 1 2 0 0 2 2 2 
0 1 0 0 0 1 0 1 1 0 
0 0 2 0 2 2 2 1 0 2 
0 0 0 1 0 0 2 0 1 0 
2 0 0 1 0 2 1 2 2 1 
0 1 0 2 2 2 2 0 1 0 
2 0 2 1 0 2 1 2 2 2 
0 2 0 0 0 1 0 0 1 0 
1 2 1 0 2 2 0 0 0 1 
0 0 1 0 0 0 0 0 2 1 
0 0 0 0 0 0 0 0 0 1 
1 2 0 0 0 1 2 1 0 1 
0 0 0 0 0 0 0 0 0 0 
1 2 0 0 0 1 2 2 2 1 
0 0 0 1 1 0 2 0 0 0 
0 1 0 0 0 0 0 0 2 1 
2 0 2 1 0 2 1 2 2 1 
2 1 2 0 0 0 2 1 1 2 
2 0 1 0 1 1 2 2 0 2 
1 0 0 0 0 1 2 1 2 1 
2 2 1 1 2 0 0 2 1 2 
0 0 1 2 0 0 1 0 2 1 
0 0 2 1 2 2 1 1 0 2 
1 1 1 1 1 0 1 1 1 1 
2 2 0 0 0 1 2 1 2 1 
0 0 0 1 1 1 1 0 2 0 
1 1 1 0 1 1 2 2 0 2 
0 0 1 1 0 0 2 0 0 0 
1 2 1 2 0 2 0 0 0 1 
1 0 1 0 2 1 2 2 0 2 
0 0 0 0 0 0 0 0 1 0 
2 1 2 0 0 0 2 0 2 2 
1 1 0 2 2 2 2 2 1 0 
0 0 0 1 0 0 0 0 0 0 
1 2 0 0 1 1 2 1 2 1 
0 0 2 0 2 2 1 1 0 2 
1 2 0 1 0 1 2 1 2 1 
0 0 0 0 1 0 0 0 0 0 
2 2 0 1 2 0 1 2 1 2 
0 1 0 1 0 0 2 0 0 0 
0 1 0 0 2 2 2 2 1 0 
1 0 0 1 0 0 2 0 0 0 
1 0 2 2 1 0 1 2 1 0 
2 1 1 1 1 2 0 1 0 0 
1 0 1 0 1 1 2 2 0 0 
1 0 2 2 1 0 1 2 1 1 
0 2 0 1 1 1 1 0 2 1 
0 2 0 1 1 1 1 0 2 0 
0 0 2 0 2 0 1 1 0 2 
1 0 1 1 1 1 2 2 0 2 
0 0 2 0 2 2 1 1 1 2 
2 0 2 1 0 2 1 2 0 1 
0 1 1 0 0 0 0 0 2 0 
0 1 0 0 0 0 0 0 2 0 
1 0 1 2 2 2 0 0 0 1 
2 1 2 0 0 0 2 0 1 0 
1 2 0 0 0 1 2 1 2 1 
1 2 0 0 0 1 2 1 2 2 
2 0 0 1 2 0 0 2 1 2 
0 1 0 0 0 0 0 0 0 0 
0 1 0 0 0 0 0 1 2 0 
2 1 2 0 0 0 2 0 1 2 
0 1 0 0 1 1 0 0 1 0 
2 2 0 1 2 0 0 0 1 2 
0 0 1 2 0 0 0 0 2 1 
1 0 1 0 1 1 2 2 0 2 
0 0 1 2 0 0 0 0 2 2 
1 0 1 0 1 1 2 2 1 2 
0 1 0 0 0 1 1 0 1 0 
1 0 0 0 0 0 0 0 0 0 
0 0 2 0 2 2 1 1 0 0 
0 2 0 2 1 1 1 0 2 0 
2 2 0 1 2 1 0 2 1 2 
1 1 0 0 0 1 0 0 1 0 
0 0 0 0 0 0 1 0 0 0 
MFS
[ - , - , - , - , - , - , - , - , - , - ]
[ - , 0 , - , - , 0 , - , - , - , - , - ]
[ - , - , - , - , - , - , 0 , 0 , - , - ]
precise
0.6666666666666666
recall
0.05
F-measure
0.09302325581395349
multi
13
time
all 22 iden 0 gen 22
t-cover
200
all-cover
405
coveredNum
(3 : 2)  (4 : 14)  (5 : 7)  (6 : 10)  (7 : 5)  (8 : 2)  (10 : 4)  (11 : 27)  (12 : 44)  (13 : 49)  (14 : 21)  (15 : 14)  (16 : 9)  (17 : 2)  (19 : 12)  (20 : 37)  (21 : 40)  (22 : 20)  (23 : 11)  (24 : 7)  (27 : 2)  (28 : 5)  (29 : 16)  (30 : 10)  (31 : 5)  (32 : 1)  (35 : 1)  (36 : 2)  (37 : 9)  (38 : 4)  (45 : 5)  (46 : 3)  (52 : 1)  (53 : 4)  
real Identify
([ - , 0 , - , - , 0 , - , - , - , - , - ] : 1)  ([ - , - , - , - , - , - , 0 , 0 , - , - ] : 1)  
testCase Num: 167
regaular Num: 18
identify Num: 150
2 1 2 1 0 0 1 2 0 1 
0 1 2 2 2 0 1 1 2 0 
2 0 1 0 2 2 2 2 0 2 
2 1 2 0 0 0 2 2 0 1 
0 0 1 2 2 0 0 0 1 1 
0 0 2 2 2 0 0 0 1 1 
0 0 0 1 0 2 1 1 2 2 
1 1 1 0 1 1 2 0 0 0 
0 1 2 0 0 0 1 2 0 1 
1 2 0 2 2 0 0 1 0 1 
1 2 0 2 2 0 0 1 0 0 
1 2 1 2 2 0 0 1 0 0 
2 2 0 1 0 1 2 1 1 1 
1 1 1 0 2 2 2 2 0 2 
0 0 0 1 1 2 2 2 1 0 
0 1 0 2 2 2 1 1 2 0 
0 1 2 2 2 2 1 1 2 1 
0 2 0 0 0 1 2 1 1 1 
0 2 1 0 1 2 0 0 2 1 
1 1 2 0 0 1 2 0 0 0 
2 0 0 0 0 1 2 1 1 1 
0 2 2 0 1 2 0 0 2 1 
0 2 1 0 1 2 0 0 2 2 
1 1 1 0 0 1 2 0 0 1 
1 1 1 0 0 1 2 0 0 0 
1 0 0 0 1 0 0 0 0 0 
0 1 2 2 2 2 1 1 2 0 
1 0 2 2 0 0 2 0 2 1 
1 0 2 2 0 0 2 0 2 2 
2 1 2 0 0 1 1 2 0 1 
1 0 0 2 0 0 2 0 2 1 
0 1 0 1 0 2 1 0 1 2 
1 0 1 0 2 2 2 2 0 0 
0 0 0 0 0 1 0 0 0 0 
0 1 2 2 0 2 1 1 2 0 
0 0 0 2 1 1 2 2 1 0 
2 2 0 2 2 0 0 1 0 0 
0 0 0 0 2 0 0 0 0 0 
2 1 1 0 0 1 2 0 0 0 
0 0 2 1 0 0 1 0 1 2 
0 0 0 0 1 0 0 1 0 0 
0 0 1 2 2 0 0 1 1 1 
2 2 0 0 0 2 2 1 1 1 
0 1 0 0 1 0 0 0 0 0 
0 1 1 2 2 0 0 0 1 1 
2 0 0 2 0 2 1 1 2 2 
0 0 2 1 1 0 0 0 1 2 
1 1 1 0 0 1 2 0 1 0 
0 0 0 0 1 1 0 0 0 0 
0 0 0 1 1 1 0 2 1 0 
1 0 1 0 2 0 2 2 0 2 
0 0 1 0 1 0 0 0 0 0 
0 2 0 1 0 2 0 0 1 2 
1 0 0 1 1 1 2 2 1 0 
0 0 2 2 0 0 0 0 1 2 
0 1 0 1 1 1 2 2 1 0 
1 0 2 2 0 1 2 0 2 1 
0 0 2 1 0 0 0 0 1 0 
2 1 0 0 0 0 1 2 0 1 
0 1 2 2 2 2 1 2 2 0 
0 1 2 2 2 2 1 1 0 0 
1 2 0 2 0 0 0 1 0 0 
1 2 1 0 0 1 2 0 0 0 
0 0 1 0 0 0 0 0 0 0 
0 2 1 0 1 2 0 1 2 1 
0 0 0 1 2 1 2 2 1 0 
0 2 1 0 1 2 0 0 0 1 
0 0 0 0 0 0 0 1 0 0 
0 1 0 1 0 2 0 0 2 2 
1 0 2 2 0 0 2 0 0 1 
2 1 2 0 0 0 1 0 0 1 
0 0 1 2 2 0 0 0 2 1 
1 0 2 2 0 0 2 1 2 1 
0 1 0 2 0 2 0 0 1 2 
2 2 0 0 0 1 0 1 1 1 
1 2 0 2 2 0 0 1 1 0 
0 0 2 1 0 0 0 0 1 2 
2 0 0 1 1 2 1 1 2 2 
2 2 2 2 1 1 0 2 2 2 
1 0 2 0 2 2 2 2 0 2 
0 1 2 0 2 2 1 1 2 0 
0 0 0 1 1 1 2 0 1 0 
0 0 2 1 0 0 0 0 2 2 
1 0 2 0 0 0 2 0 2 1 
2 0 0 1 0 2 2 1 2 2 
0 0 1 2 2 0 0 0 1 2 
1 1 1 1 0 1 2 0 0 0 
2 2 0 0 1 1 2 1 1 1 
0 2 1 0 1 0 0 0 2 1 
1 0 0 2 2 0 0 1 0 0 
2 2 1 1 2 1 1 0 0 0 
0 1 0 1 0 2 0 0 1 2 
0 1 0 1 0 2 0 0 1 0 
0 0 1 2 2 1 0 0 1 1 
0 0 0 1 1 1 2 2 1 1 
0 0 0 1 1 1 2 2 1 0 
0 1 1 1 0 2 0 0 1 2 
2 1 2 0 1 0 1 2 0 1 
1 1 1 0 0 2 2 0 0 0 
2 2 1 0 0 1 2 1 1 1 
1 0 1 0 2 2 0 2 0 2 
0 0 0 1 1 1 2 2 2 0 
1 2 0 2 2 1 0 1 0 0 
2 0 0 1 0 2 1 2 2 2 
2 0 0 1 0 2 1 1 0 2 
0 1 0 1 1 2 0 0 1 2 
2 1 0 1 0 2 1 1 2 2 
1 1 1 0 0 1 0 0 0 0 
2 2 2 0 0 0 1 2 0 1 
0 0 0 0 0 0 0 0 0 1 
0 0 0 0 0 0 0 0 0 0 
0 0 1 2 2 0 1 0 1 1 
0 1 0 1 0 0 0 0 1 2 
0 0 2 1 0 0 0 1 1 2 
0 0 0 0 1 0 1 0 0 0 
2 2 0 0 0 1 2 1 1 2 
1 0 1 0 0 2 2 2 0 2 
2 2 0 0 0 1 2 1 1 1 
1 2 0 2 2 0 1 1 0 0 
1 0 2 1 0 0 0 0 1 2 
1 0 1 0 2 2 2 0 0 2 
0 1 2 1 0 0 0 0 1 2 
0 0 1 1 1 1 2 2 1 0 
1 1 1 1 1 0 1 1 1 1 
2 2 0 0 0 1 2 1 2 1 
1 1 0 1 0 2 0 0 1 2 
2 0 2 2 0 0 2 0 2 1 
1 1 2 2 2 2 1 1 2 0 
0 0 0 0 0 0 0 0 1 0 
0 2 1 1 1 2 0 0 2 1 
0 1 0 1 0 2 0 1 1 2 
2 1 2 0 0 0 1 2 1 1 
0 1 2 2 2 2 2 1 2 0 
2 0 0 1 0 0 1 1 2 2 
1 2 1 0 1 2 0 0 2 1 
0 0 0 1 0 0 0 0 0 0 
0 0 0 0 1 0 0 0 0 0 
1 2 0 2 2 0 0 2 0 0 
1 0 1 0 2 2 2 2 1 2 
0 0 1 2 0 0 0 0 1 1 
1 0 1 0 2 2 2 2 0 2 
1 0 2 2 1 0 2 0 2 1 
0 0 1 0 2 0 0 0 1 1 
2 0 0 1 0 2 1 1 2 2 
2 0 1 1 0 2 1 1 2 2 
2 1 2 0 0 0 1 2 0 2 
0 0 0 1 1 0 0 0 0 0 
0 2 2 2 2 2 1 1 2 0 
1 0 1 2 2 0 0 0 1 1 
1 1 1 0 0 1 2 1 0 0 
1 1 2 2 0 0 2 0 2 1 
2 1 2 0 0 0 1 2 0 1 
0 1 0 0 0 0 0 0 0 0 
0 0 0 1 0 0 0 0 1 2 
1 0 2 2 0 0 0 0 2 1 
2 0 0 1 0 2 1 1 2 0 
2 2 0 0 0 1 2 2 1 1 
0 0 0 0 1 0 0 0 1 0 
0 0 1 0 1 2 0 0 2 1 
0 2 1 0 2 2 0 0 2 1 
1 0 0 0 0 0 0 0 0 0 
0 0 0 0 1 0 0 0 0 1 
0 0 2 1 0 1 0 0 1 2 
1 0 1 1 2 2 2 2 0 2 
0 2 1 0 1 2 1 0 2 1 
1 2 0 0 2 0 0 1 0 0 
0 0 0 0 0 0 1 0 0 0 
MFS
[ - , - , - , - , - , - , - , - , - , - ]
[ 0 , - , - , - , - , - , - , - , - , 0 ]
precise
0.5
recall
0.025
F-measure
0.047619047619047616
multi
14
time
all 12 iden 0 gen 12
t-cover
177
all-cover
405
coveredNum
(2 : 1)  (3 : 6)  (4 : 13)  (5 : 11)  (6 : 4)  (7 : 2)  (8 : 3)  (9 : 1)  (10 : 6)  (11 : 34)  (12 : 37)  (13 : 37)  (14 : 25)  (15 : 22)  (16 : 4)  (17 : 5)  (18 : 1)  (19 : 13)  (20 : 22)  (21 : 35)  (22 : 21)  (23 : 11)  (24 : 9)  (25 : 2)  (27 : 1)  (28 : 5)  (29 : 12)  (30 : 9)  (31 : 17)  (32 : 11)  (38 : 3)  (39 : 5)  (40 : 6)  (41 : 1)  (47 : 3)  (48 : 4)  (55 : 2)  (56 : 1)  
real Identify
([ 0 , - , - , - , - , - , - , - , - , 0 ] : 1)  
testCase Num: 189
regaular Num: 19
identify Num: 170
2 0 0 1 2 2 1 2 0 0 
0 1 2 2 2 0 1 0 0 0 
0 0 1 0 0 0 0 2 1 2 
0 0 0 0 0 0 0 2 1 0 
1 2 0 2 2 2 0 1 1 2 
2 0 0 1 2 2 1 2 0 1 
0 1 2 2 2 0 1 0 0 1 
0 0 0 0 0 0 0 2 1 2 
1 2 2 0 0 1 0 1 1 1 
2 2 1 1 1 1 0 1 0 1 
1 0 1 0 0 2 1 2 0 1 
1 1 0 1 1 0 0 2 2 1 
1 0 2 0 0 0 0 1 1 1 
2 0 2 2 2 2 2 1 1 0 
0 0 0 0 1 0 0 2 1 2 
1 0 1 0 0 0 2 0 1 0 
2 0 0 1 2 0 1 2 0 0 
0 2 0 2 2 2 0 2 1 2 
1 2 2 1 0 0 0 1 1 1 
2 0 0 1 2 2 1 2 1 0 
2 1 0 1 0 0 2 0 0 2 
1 0 0 2 0 1 0 1 0 2 
1 0 0 2 0 1 0 2 2 2 
0 1 0 1 1 0 0 2 2 1 
0 0 0 1 0 2 0 0 2 0 
0 0 0 0 0 2 1 0 2 0 
0 1 2 2 2 0 1 0 1 0 
0 1 0 1 1 0 0 2 2 2 
1 1 1 1 1 1 1 1 1 0 
1 0 0 0 0 0 0 2 1 2 
2 0 2 2 1 2 2 1 1 0 
1 2 2 0 0 0 1 1 1 1 
2 0 2 2 1 2 2 1 1 1 
1 1 0 2 0 1 0 1 2 2 
2 0 0 2 1 2 2 1 1 0 
0 0 0 0 0 1 0 0 0 0 
1 0 1 0 0 0 0 0 0 0 
1 0 2 0 0 0 2 0 0 0 
1 0 1 2 0 2 1 2 1 1 
1 2 1 2 2 0 2 0 2 0 
2 1 2 2 0 0 2 0 0 2 
0 1 0 2 2 0 1 0 0 0 
0 1 1 1 1 2 1 0 1 2 
2 1 2 1 0 0 2 0 1 2 
1 2 1 2 0 0 1 0 2 0 
0 0 0 0 0 2 2 1 0 0 
0 1 0 0 0 2 0 0 2 0 
0 1 2 2 2 0 1 1 0 0 
0 1 0 0 0 0 0 2 1 2 
2 1 0 1 2 2 1 2 0 0 
1 0 0 2 0 1 1 1 2 2 
1 2 1 2 2 1 1 0 2 0 
2 2 2 1 1 1 0 0 0 1 
2 0 2 2 1 2 2 1 2 0 
2 1 2 1 1 0 2 0 0 2 
2 0 0 2 0 1 0 1 2 2 
0 1 2 0 2 0 1 0 0 0 
0 0 1 0 0 1 2 1 0 0 
1 0 1 1 0 0 2 0 0 0 
0 1 2 1 0 0 2 0 0 2 
2 1 2 1 0 1 2 0 0 2 
1 2 2 2 2 0 1 0 2 0 
2 0 0 1 0 2 1 2 0 0 
1 0 1 2 0 2 1 0 0 1 
2 2 1 1 1 2 0 0 0 1 
0 0 0 2 2 2 0 1 1 2 
1 0 0 0 0 1 0 1 2 2 
1 0 1 2 2 0 1 0 2 0 
1 0 0 0 0 2 0 0 2 0 
0 1 1 0 1 2 1 1 1 2 
0 0 1 0 0 0 0 0 0 0 
2 0 0 1 2 2 2 2 0 0 
0 0 0 0 0 0 0 1 0 0 
2 1 2 1 0 0 0 0 0 2 
0 0 0 1 0 0 0 2 1 2 
0 0 0 0 0 0 0 2 2 2 
1 2 1 0 2 0 1 0 2 0 
0 2 0 1 1 0 0 2 2 1 
2 0 0 2 2 2 1 2 0 0 
2 1 2 2 1 2 2 1 1 0 
0 1 1 0 1 2 1 0 1 0 
1 0 1 2 1 2 1 2 0 1 
2 0 2 2 1 2 0 1 1 0 
0 0 0 1 2 2 1 2 0 0 
1 0 1 0 0 0 2 0 0 0 
0 0 0 0 0 1 2 2 0 0 
1 0 1 0 0 0 2 0 0 1 
1 2 0 0 0 0 0 1 1 1 
0 1 0 1 2 0 0 2 2 1 
1 0 1 2 0 2 2 2 0 1 
1 0 0 2 0 2 0 1 2 2 
0 2 0 2 2 2 1 1 1 2 
0 2 0 2 0 2 0 1 1 2 
2 0 1 2 0 2 1 2 0 1 
0 0 2 2 1 2 2 1 1 0 
0 1 0 1 1 0 1 2 2 1 
0 0 0 0 0 0 0 0 1 2 
0 0 1 0 0 2 0 0 2 0 
0 1 1 0 1 0 1 0 1 2 
0 1 0 2 1 0 0 2 2 1 
0 0 0 0 0 1 0 2 1 2 
0 2 0 0 2 2 0 1 1 2 
1 2 1 2 2 0 1 0 0 0 
1 2 1 2 2 0 1 1 2 0 
0 1 1 0 1 2 1 0 1 2 
0 1 2 0 1 2 1 0 1 2 
2 2 2 1 0 0 2 0 0 2 
1 1 1 2 0 2 1 2 0 1 
2 1 2 1 0 0 2 1 0 2 
0 0 0 0 0 0 0 0 2 0 
0 0 0 0 0 0 0 0 0 1 
0 1 0 1 1 0 0 0 2 1 
2 2 2 0 0 0 0 1 1 1 
0 0 0 0 0 0 0 0 0 0 
0 0 0 0 0 0 1 2 1 2 
1 0 1 2 0 1 0 1 2 2 
2 2 1 1 1 1 1 0 0 1 
2 2 1 2 2 0 1 0 2 0 
1 1 1 0 0 0 2 0 0 0 
0 1 0 1 1 1 0 2 2 1 
0 0 0 0 1 2 0 0 2 0 
0 0 0 0 0 1 2 1 1 0 
0 0 0 0 0 1 2 1 0 0 
0 0 0 0 0 1 2 1 0 1 
1 0 1 0 0 0 2 1 0 0 
0 1 2 2 2 1 1 0 0 0 
1 2 2 0 0 0 0 2 1 1 
1 2 2 0 1 0 0 1 1 1 
0 1 1 0 1 2 1 0 2 2 
0 2 0 2 2 2 0 1 2 2 
1 0 0 2 1 1 0 1 2 2 
0 0 0 0 0 2 0 1 2 0 
2 0 0 1 2 2 1 0 0 0 
0 0 0 0 0 0 0 0 1 0 
0 0 0 0 0 2 0 0 0 0 
2 0 1 1 1 1 0 0 0 1 
1 1 1 0 1 2 1 0 1 2 
2 0 2 2 1 0 2 1 1 0 
0 2 0 2 2 0 0 1 1 2 
2 2 1 1 1 1 0 0 0 2 
2 2 1 1 1 1 0 0 0 1 
0 0 0 1 0 0 0 0 0 0 
0 0 0 0 1 0 0 0 0 0 
2 2 2 0 2 1 2 2 2 1 
2 0 1 0 0 0 2 0 0 0 
1 0 1 2 0 2 1 2 0 1 
1 0 1 2 0 2 1 2 0 2 
0 1 2 2 0 0 1 0 0 0 
1 0 2 2 0 2 1 2 0 1 
1 2 1 2 2 0 1 0 2 1 
1 2 1 2 2 0 1 0 2 0 
0 0 0 1 0 1 2 1 0 0 
0 2 1 2 2 2 0 1 1 2 
0 2 0 2 2 2 0 1 1 0 
0 2 0 2 2 2 0 1 1 2 
1 1 2 2 2 0 1 0 0 0 
1 0 1 0 1 0 2 0 0 0 
2 2 1 1 2 1 0 0 0 1 
2 1 2 1 0 0 2 0 0 0 
0 2 1 0 1 2 1 0 1 2 
2 1 2 1 0 0 2 0 0 2 
0 1 1 1 1 0 0 2 2 1 
0 1 2 2 2 0 2 0 0 0 
0 1 0 0 0 0 0 0 0 0 
0 1 0 1 1 0 0 2 0 1 
1 0 0 2 0 1 0 1 2 0 
1 0 0 2 0 1 0 1 2 2 
1 0 0 0 0 1 2 1 0 0 
2 2 1 1 1 1 0 0 1 1 
1 0 1 0 0 1 2 0 0 0 
2 0 2 2 1 2 2 2 1 0 
1 2 2 0 0 0 0 1 2 1 
0 0 0 0 0 1 0 1 0 0 
0 1 1 0 2 2 1 0 1 2 
2 2 1 2 1 1 0 0 0 1 
2 0 2 0 1 2 2 1 1 0 
1 2 2 0 0 0 0 1 1 2 
1 2 2 0 0 0 0 1 1 1 
1 0 0 0 0 0 0 0 0 0 
0 1 0 0 0 1 2 1 0 0 
0 2 1 1 1 1 0 0 0 1 
0 1 1 0 1 2 2 0 1 2 
1 0 1 2 0 0 1 2 0 1 
0 0 0 0 1 1 2 1 0 0 
0 0 0 0 0 2 0 0 2 1 
0 0 0 0 0 2 0 0 2 0 
0 2 2 2 2 0 1 0 0 0 
2 0 1 1 2 2 1 2 0 0 
0 0 0 0 0 0 1 0 0 0 
MFS
[ - , - , - , - , - , - , - , - , - , - ]
[ - , - , - , - , - , - , 0 , 0 , - , - ]
[ - , - , - , - , - , 0 , - , - , - , - ]
[ - , 0 , - , - , - , - , - , - , - , 0 ]
precise
0.5
recall
0.05
F-measure
0.09090909090909091
multi
15
time
all 0 iden 0 gen 0
t-cover
198
all-cover
405
coveredNum
(65 : 1)  (3 : 2)  (4 : 7)  (5 : 9)  (6 : 2)  (7 : 5)  (8 : 1)  (10 : 3)  (11 : 12)  (12 : 35)  (13 : 42)  (14 : 25)  (15 : 17)  (16 : 11)  (17 : 6)  (18 : 2)  (19 : 3)  (20 : 23)  (21 : 47)  (22 : 16)  (23 : 19)  (24 : 14)  (25 : 4)  (26 : 3)  (27 : 1)  (28 : 2)  (29 : 15)  (30 : 18)  (31 : 10)  (32 : 10)  (33 : 3)  (39 : 6)  (40 : 7)  (41 : 5)  (42 : 2)  (47 : 2)  (48 : 3)  (49 : 7)  (56 : 4)  (57 : 1)  
real Identify
([ - , - , - , - , - , - , 0 , 0 , - , - ] : 1)  ([ - , 0 , - , - , - , - , - , - , - , 0 ] : 1)  
