testCase Num: 107
regaular Num: 21
identify Num: 86
0 0 1 1 1 0 2 2 1 0 
1 0 0 1 0 1 2 0 2 1 
0 0 1 2 1 0 0 0 0 0 
0 2 1 1 1 2 0 1 2 2 
1 0 0 0 2 0 0 0 0 0 
1 2 1 1 0 2 0 1 2 2 
0 2 1 1 1 1 2 2 1 0 
0 0 2 1 0 0 1 0 0 0 
0 0 0 1 1 1 2 0 2 1 
0 0 0 1 0 1 2 1 2 1 
0 0 0 1 0 1 2 0 0 1 
1 0 1 2 0 0 0 0 0 0 
0 1 0 1 0 1 2 0 2 1 
0 0 0 0 0 0 1 0 1 2 
0 0 2 2 0 1 1 1 2 0 
0 0 0 1 0 0 1 0 0 2 
1 0 0 0 0 2 0 0 0 0 
0 2 1 1 0 2 0 1 2 2 
0 0 0 1 0 1 2 0 2 1 
0 1 0 2 2 1 0 2 2 1 
0 0 1 2 0 0 0 0 0 1 
0 0 0 0 0 1 0 0 0 0 
0 2 1 1 0 2 0 1 2 0 
0 0 1 2 0 0 0 0 0 0 
2 1 1 1 2 2 1 0 0 0 
0 2 1 1 1 0 2 0 1 0 
0 1 0 0 2 1 0 2 1 1 
0 0 2 1 0 0 0 0 0 1 
0 1 0 2 2 1 0 0 1 1 
0 0 0 0 0 1 1 0 0 2 
0 0 2 2 0 0 1 1 0 0 
0 1 0 2 2 2 0 2 1 1 
0 0 0 0 1 0 1 0 0 2 
0 0 0 1 0 1 2 0 2 2 
0 0 2 1 0 0 0 0 1 0 
0 0 1 0 0 0 0 0 0 0 
0 0 0 0 0 0 0 1 0 0 
0 0 2 1 1 0 0 0 0 0 
0 0 0 0 0 0 2 0 0 2 
0 1 0 2 0 1 0 2 1 1 
0 1 0 2 2 1 1 2 1 1 
1 0 0 0 0 0 1 0 0 2 
0 0 1 2 0 0 0 1 0 0 
0 0 2 2 0 0 1 2 2 0 
0 0 2 2 0 0 0 0 0 0 
1 1 0 2 2 1 0 2 1 1 
2 0 2 2 2 2 2 2 2 2 
0 2 2 1 1 0 2 2 1 0 
2 0 2 0 1 2 0 0 1 2 
0 0 0 2 0 1 2 0 2 1 
0 0 2 0 0 0 1 1 2 0 
0 0 0 0 0 0 1 1 0 2 
0 1 0 0 0 0 1 0 0 2 
0 2 1 1 1 0 2 2 1 1 
0 2 1 1 1 0 2 2 1 0 
0 0 2 1 0 0 0 1 0 0 
0 2 1 1 0 2 1 1 2 2 
0 2 0 2 2 1 0 2 1 1 
1 0 2 1 0 0 0 0 0 0 
0 0 0 2 0 0 1 1 2 0 
0 1 2 1 0 0 0 0 0 0 
0 0 1 2 0 0 1 0 0 0 
0 0 0 1 0 1 0 0 2 1 
0 2 1 2 0 2 0 1 2 2 
0 2 1 1 1 0 2 2 2 0 
1 1 0 0 1 0 2 1 2 2 
0 0 0 0 0 0 0 0 0 1 
0 0 0 0 0 0 0 0 0 0 
0 0 1 1 0 2 0 1 2 2 
0 0 2 2 0 0 1 1 2 0 
0 0 2 2 0 0 1 1 2 1 
0 0 2 1 0 0 0 0 0 0 
0 0 0 0 0 0 0 0 1 0 
0 0 1 2 0 1 0 0 0 0 
0 0 0 0 0 0 1 0 0 2 
0 0 1 0 0 0 1 0 0 2 
0 2 1 1 1 0 0 2 1 0 
1 0 2 2 0 0 1 1 2 0 
2 1 2 0 0 0 1 2 1 1 
0 0 0 1 0 0 0 0 0 0 
0 1 1 2 2 1 0 2 1 1 
0 0 0 0 1 0 0 0 0 0 
0 1 0 2 2 1 0 2 1 2 
0 1 0 2 2 1 0 2 1 1 
0 0 2 2 0 0 2 1 2 0 
0 0 1 2 0 0 0 0 1 0 
1 2 1 1 1 0 2 2 1 0 
0 2 1 1 0 0 0 1 2 2 
0 0 2 1 0 1 0 0 0 0 
0 0 2 2 1 0 1 1 2 0 
1 0 1 0 0 1 0 2 0 2 
2 2 0 0 2 2 1 1 0 1 
0 2 1 1 2 0 2 2 1 0 
0 1 0 0 0 0 0 0 0 0 
0 0 0 1 0 2 2 0 2 1 
0 0 1 1 0 1 2 0 2 1 
1 0 1 1 1 1 1 1 1 1 
0 2 2 1 0 2 0 1 2 2 
0 2 1 1 0 2 0 1 0 2 
0 2 1 1 0 2 0 2 2 2 
0 1 2 2 0 0 1 1 2 0 
0 2 1 2 1 0 2 2 1 0 
0 1 1 2 0 0 0 0 0 0 
1 0 0 0 0 0 0 0 0 0 
1 2 2 2 1 1 2 0 0 0 
2 0 0 0 0 1 0 0 0 0 
0 0 0 0 0 0 1 0 0 0 
MFS
[ 0 , - , - , - , - , - , - , - , - , - ]
[ 0 , - , - , - , - , 0 , - , - , - , - ]
precise
0.5
recall
0.125
F-measure
0.2
multi
8
time
all 2 iden 0 gen 2
t-cover
388
all-cover
405
coveredNum
(1 : 16)  (2 : 29)  (3 : 48)  (4 : 31)  (5 : 22)  (6 : 6)  (7 : 7)  (8 : 8)  (9 : 9)  (10 : 25)  (11 : 49)  (12 : 29)  (13 : 16)  (14 : 6)  (15 : 7)  (16 : 3)  (17 : 2)  (18 : 3)  (19 : 7)  (20 : 20)  (21 : 10)  (22 : 8)  (23 : 5)  (24 : 1)  (27 : 2)  (28 : 1)  (29 : 3)  (30 : 8)  (31 : 1)  (34 : 2)  (35 : 1)  (36 : 2)  (37 : 2)  (38 : 4)  (43 : 6)  (44 : 1)  (45 : 1)  (51 : 1)  (52 : 1)  (54 : 1)  (60 : 1)  
real Identify
([ 0 , - , - , - , - , 0 , - , - , - , - ] : 1)  
testCase Num: 97
regaular Num: 19
identify Num: 78
2 1 2 1 0 0 0 1 1 2 
1 2 0 1 0 1 2 1 0 0 
0 1 0 0 1 1 0 2 0 2 
0 0 2 2 0 2 0 1 2 1 
0 0 2 1 0 0 1 0 0 0 
0 0 1 0 1 1 2 2 1 0 
0 0 2 0 0 0 2 0 0 0 
0 1 0 0 1 0 1 2 0 2 
0 2 0 0 1 0 0 0 1 0 
1 0 0 2 2 0 1 1 0 1 
0 2 0 1 1 0 0 0 0 0 
0 0 0 0 0 1 0 0 0 0 
2 0 0 1 0 2 0 2 0 1 
0 0 1 2 1 1 0 2 1 0 
0 0 0 2 2 0 1 1 0 2 
0 0 0 2 2 0 1 1 0 1 
0 1 0 0 1 0 0 0 0 2 
0 2 1 0 1 0 0 0 0 0 
0 0 1 2 1 2 2 2 1 0 
0 0 2 2 1 1 2 2 1 0 
0 0 1 2 1 1 2 0 1 0 
0 1 1 1 2 2 0 1 2 0 
0 1 1 1 2 2 0 0 0 0 
0 0 0 0 2 0 1 1 0 1 
0 0 1 0 0 0 0 0 0 0 
0 0 2 0 0 0 1 0 1 0 
0 0 0 0 0 0 0 1 0 0 
0 1 2 1 2 2 0 0 2 0 
0 2 2 2 1 2 0 1 2 1 
0 0 0 2 2 0 1 2 0 1 
0 2 2 2 0 2 1 1 2 1 
0 0 1 2 2 0 1 1 0 1 
0 1 1 0 1 0 0 2 0 2 
0 2 0 0 1 0 0 0 0 1 
1 2 2 2 0 2 0 1 2 1 
0 0 2 0 0 0 1 0 0 1 
0 0 2 0 0 0 1 0 0 0 
0 2 0 0 1 0 0 0 0 0 
1 0 2 2 1 1 0 0 2 2 
0 0 0 2 2 1 1 1 0 1 
0 1 1 1 2 0 0 0 2 0 
1 1 1 0 1 1 1 1 1 1 
0 1 0 0 2 0 0 2 0 2 
0 2 2 2 0 2 0 1 2 1 
0 2 2 2 0 2 0 1 2 2 
1 0 2 0 0 0 1 0 0 0 
0 1 1 1 2 2 0 0 2 1 
0 2 0 2 0 2 0 1 2 1 
0 0 0 2 2 0 2 1 0 1 
2 2 1 0 0 0 1 2 2 0 
0 0 0 0 0 0 0 0 0 1 
1 1 0 0 1 0 0 2 0 2 
0 0 0 0 0 0 0 0 0 0 
1 0 1 2 1 1 2 2 1 0 
0 0 2 0 1 0 1 0 0 0 
0 1 1 1 0 2 0 0 2 0 
2 0 1 1 1 2 1 0 0 2 
0 1 1 1 2 2 0 0 2 0 
0 1 1 2 1 1 2 2 1 0 
0 1 2 0 0 0 1 0 0 0 
0 0 1 2 2 1 2 2 1 0 
0 1 0 0 1 0 0 2 0 0 
0 2 0 0 1 0 0 1 0 0 
0 0 2 0 0 0 1 1 0 0 
0 1 0 0 1 0 0 2 0 2 
0 0 0 0 0 0 0 0 1 0 
2 0 0 2 0 0 0 0 0 0 
1 1 1 1 2 2 0 0 2 0 
1 2 0 0 2 2 2 0 1 1 
0 0 0 1 0 0 0 0 0 0 
0 0 0 0 1 0 0 0 0 0 
0 2 2 0 0 2 0 1 2 1 
0 1 1 1 2 2 1 0 2 0 
0 0 0 2 0 0 1 1 0 1 
0 2 0 0 1 1 0 0 0 0 
0 2 2 2 0 2 0 2 2 1 
0 2 2 2 0 2 0 1 0 1 
0 2 0 0 2 0 0 0 0 0 
0 2 1 1 2 2 0 0 2 0 
0 0 0 2 2 0 1 1 1 1 
0 1 0 0 1 0 0 2 1 2 
2 2 0 1 2 1 2 2 2 2 
0 2 0 0 1 0 1 0 0 0 
0 1 0 0 0 0 0 0 0 0 
0 1 0 1 1 0 0 2 0 2 
1 2 0 0 1 0 0 0 0 0 
0 0 2 0 0 1 1 0 0 0 
0 0 1 2 1 1 2 2 2 0 
0 0 1 2 1 1 2 2 1 0 
0 0 1 2 1 1 2 2 1 1 
1 0 0 0 0 0 0 0 0 0 
1 1 2 2 2 0 2 2 0 0 
0 1 1 2 2 2 0 0 2 0 
0 2 2 2 0 0 0 1 2 1 
0 2 0 0 1 0 0 2 0 2 
0 0 0 0 0 0 1 0 0 0 
0 1 0 2 2 0 1 1 0 1 
MFS
[ 0 , - , - , - , - , - , - , - , - , - ]
[ 0 , 0 , - , - , - , - , - , - , - , - ]
precise
0.5
recall
0.125
F-measure
0.2
multi
7
time
all 16 iden 0 gen 16
t-cover
388
all-cover
405
coveredNum
(1 : 13)  (2 : 27)  (3 : 65)  (4 : 33)  (5 : 15)  (6 : 16)  (7 : 4)  (8 : 1)  (9 : 7)  (10 : 26)  (11 : 45)  (12 : 39)  (13 : 20)  (14 : 16)  (15 : 1)  (18 : 4)  (19 : 12)  (20 : 10)  (21 : 10)  (22 : 7)  (23 : 1)  (27 : 4)  (28 : 5)  (29 : 6)  (30 : 4)  (35 : 1)  (36 : 6)  (37 : 1)  (38 : 1)  (44 : 1)  (45 : 4)  
real Identify
([ 0 , 0 , - , - , - , - , - , - , - , - ] : 1)  
testCase Num: 78
regaular Num: 18
identify Num: 60
0 1 0 1 1 0 2 1 1 2 
0 1 1 0 1 0 2 2 2 0 
0 1 1 1 1 0 2 1 1 2 
0 0 1 1 0 2 2 2 1 0 
0 0 0 1 0 2 2 0 1 0 
0 0 0 1 0 2 2 2 1 0 
0 0 0 1 0 2 2 2 1 1 
1 1 2 1 2 1 2 0 2 0 
0 1 0 1 1 1 2 1 1 2 
0 1 1 0 2 0 1 2 2 0 
0 1 1 0 1 1 1 2 2 0 
0 1 0 1 2 0 2 1 1 2 
0 0 2 1 0 1 0 0 2 2 
0 0 0 1 1 2 2 2 1 0 
0 1 1 0 1 0 1 2 0 0 
0 2 2 2 0 0 1 2 0 1 
0 0 0 0 0 0 0 0 0 1 
0 1 2 0 1 0 1 2 2 0 
0 0 0 0 0 0 0 0 0 0 
0 1 0 1 1 0 2 1 2 2 
0 2 2 2 2 0 1 2 1 1 
0 1 0 2 1 0 2 1 1 2 
2 0 0 2 2 2 0 0 1 1 
0 0 0 1 0 0 2 2 1 0 
1 0 0 1 0 2 2 2 1 0 
0 0 0 0 0 1 0 0 0 0 
2 2 2 0 1 2 0 1 1 0 
0 0 2 1 0 1 0 1 1 2 
0 2 2 0 2 0 1 2 0 1 
0 1 1 1 1 0 1 2 2 0 
0 0 0 0 0 0 0 0 1 0 
0 1 2 1 0 1 0 0 1 2 
0 2 2 2 2 0 1 2 0 1 
0 2 2 2 2 0 1 2 0 2 
1 0 0 0 2 1 0 2 2 2 
0 2 2 2 2 0 1 0 0 1 
0 1 0 1 1 0 0 1 1 2 
0 1 0 1 1 0 2 2 1 2 
0 2 0 2 2 0 1 2 0 1 
1 2 1 2 1 1 0 0 0 0 
0 0 0 1 0 0 0 0 0 0 
2 1 0 0 0 0 0 0 0 0 
0 2 0 1 1 0 2 1 1 2 
0 0 0 1 0 2 0 2 1 0 
0 0 2 1 0 2 0 0 1 2 
0 0 2 1 0 1 0 0 1 0 
0 0 0 0 1 0 0 0 0 0 
0 1 0 1 0 2 2 2 1 0 
0 0 2 1 1 1 0 0 1 2 
0 2 2 2 2 1 1 2 0 1 
0 0 2 1 0 1 1 0 1 2 
2 2 0 1 0 2 1 0 0 2 
0 0 2 2 0 1 0 0 1 2 
0 0 1 0 0 0 0 0 0 0 
0 2 1 0 1 0 1 2 2 0 
0 0 0 0 0 0 0 1 0 0 
0 1 1 0 1 0 1 0 2 0 
2 1 1 2 0 2 2 2 2 2 
1 0 2 1 0 1 0 0 1 2 
0 1 1 0 1 0 1 2 2 0 
0 2 2 2 2 0 2 2 0 1 
0 1 1 0 1 0 1 2 2 1 
0 1 0 0 0 0 0 0 0 0 
0 0 0 1 0 2 2 2 2 0 
0 0 0 2 0 2 2 2 1 0 
1 0 1 1 1 1 1 1 1 1 
1 1 0 1 1 0 2 1 1 2 
1 2 2 2 2 0 1 2 0 1 
1 1 0 0 0 2 2 1 0 1 
1 2 1 2 2 0 2 1 2 1 
1 0 0 0 0 0 0 0 0 0 
0 0 2 1 0 1 0 0 1 2 
0 0 0 1 0 1 0 0 1 2 
1 1 1 0 1 0 1 2 2 0 
0 0 2 2 2 0 1 2 0 1 
2 0 0 0 0 1 0 0 0 0 
0 1 0 1 1 0 2 1 1 0 
0 0 0 0 0 0 1 0 0 0 
MFS
[ 0 , - , - , - , - , - , - , - , - , - ]
precise
0.0
recall
0.0
F-measure
0.0
multi
6
time
all 23 iden 0 gen 23
t-cover
378
all-cover
405
coveredNum
(1 : 17)  (2 : 51)  (3 : 59)  (4 : 51)  (5 : 18)  (37 : 1)  (6 : 3)  (9 : 7)  (10 : 32)  (11 : 54)  (12 : 31)  (13 : 16)  (14 : 9)  (15 : 2)  (16 : 2)  (18 : 5)  (19 : 10)  (20 : 10)  (21 : 13)  (22 : 4)  (23 : 1)  (28 : 5)  (29 : 4)  
real Identify

testCase Num: 108
regaular Num: 20
identify Num: 88
0 0 1 0 1 2 2 0 1 0 
2 0 0 0 0 0 0 0 0 1 
0 0 0 2 0 1 1 1 2 0 
0 0 2 2 0 1 1 1 2 1 
0 0 0 0 0 2 0 2 1 0 
1 0 0 1 0 1 2 0 1 2 
0 0 2 2 0 1 1 1 2 0 
0 0 0 1 1 0 0 0 2 0 
0 0 0 0 0 0 2 1 0 1 
0 0 0 0 0 0 0 2 0 0 
1 2 0 1 2 2 1 1 0 2 
0 0 0 0 0 1 0 0 0 0 
0 2 0 1 2 2 1 1 0 2 
1 1 0 2 1 0 2 2 0 1 
1 0 1 0 0 0 0 0 0 0 
0 2 0 1 2 2 1 1 0 0 
0 2 2 1 1 1 0 2 0 0 
0 0 0 0 0 2 0 2 0 1 
0 0 0 0 0 2 0 2 0 0 
0 2 1 2 0 0 1 0 1 1 
0 0 0 0 1 1 0 0 2 0 
0 0 0 0 0 0 2 1 1 0 
0 2 1 2 2 0 2 0 1 1 
0 0 2 2 0 1 2 1 2 0 
0 1 0 0 1 0 0 0 2 0 
0 1 2 1 2 1 0 2 0 0 
0 0 0 1 0 0 2 1 0 0 
0 0 0 0 1 0 2 1 0 0 
0 2 0 1 0 2 1 1 0 2 
0 0 2 2 1 1 1 1 2 0 
2 0 1 1 1 0 1 2 1 2 
0 1 2 1 1 1 1 2 0 0 
0 0 0 0 1 2 0 2 0 0 
0 2 0 1 2 2 1 1 1 2 
1 2 1 0 1 2 2 0 1 0 
2 1 2 0 2 0 0 1 0 2 
1 1 2 1 1 1 0 2 0 0 
0 0 1 0 0 0 0 0 0 0 
0 0 0 0 0 2 1 2 0 0 
0 0 0 0 0 0 0 1 0 0 
0 2 1 2 2 0 1 0 1 2 
0 2 1 2 2 0 1 0 1 1 
0 2 1 1 1 2 2 0 1 0 
1 0 0 0 1 0 0 0 2 0 
0 0 0 1 0 2 0 2 0 0 
0 1 0 0 0 0 2 1 0 0 
1 0 2 1 2 2 0 0 1 1 
0 0 0 0 1 0 1 0 2 0 
0 1 0 1 1 1 0 2 0 0 
0 2 1 0 2 2 2 0 1 0 
0 1 2 1 1 1 0 0 0 0 
1 0 0 0 0 0 2 1 0 0 
0 0 0 0 2 0 0 0 2 0 
0 1 2 1 1 2 0 2 0 0 
0 2 1 0 1 2 0 0 1 0 
0 2 1 2 2 0 1 0 2 1 
0 2 2 0 1 2 2 0 1 0 
0 2 1 0 1 2 2 0 1 0 
0 1 0 0 0 2 0 2 0 0 
0 0 0 0 1 0 0 0 2 0 
0 0 1 0 1 0 0 0 2 0 
0 0 0 0 1 0 0 0 2 1 
1 1 1 0 1 1 1 1 1 1 
0 1 2 1 1 1 0 2 1 0 
1 2 0 0 0 0 0 2 2 1 
0 2 0 1 2 2 2 1 0 2 
0 2 0 2 2 2 1 1 0 2 
0 2 1 0 1 0 2 0 1 0 
2 1 1 2 0 2 0 0 2 2 
0 0 0 0 0 0 0 0 0 1 
0 2 1 2 2 0 1 1 1 1 
0 0 0 0 0 0 0 0 0 0 
2 2 2 1 2 1 2 2 2 0 
0 1 2 2 0 1 1 1 2 0 
0 2 1 0 1 2 2 0 2 0 
1 0 0 0 0 2 0 2 0 0 
0 0 1 2 2 0 1 0 1 1 
0 0 0 1 2 2 1 1 0 2 
0 0 0 0 0 1 2 1 0 0 
1 2 1 2 2 0 1 0 1 1 
1 0 2 2 0 1 1 1 2 0 
0 2 1 0 1 2 2 0 1 1 
0 0 0 0 0 0 0 0 1 0 
0 0 0 0 0 2 0 0 0 0 
0 0 0 1 0 0 0 0 0 0 
0 0 0 0 1 0 0 0 0 0 
0 0 0 0 1 0 0 1 2 0 
0 1 2 2 1 1 0 2 0 0 
0 2 0 1 2 0 1 1 0 2 
0 0 0 0 0 0 2 1 0 0 
0 2 2 2 2 0 1 0 1 1 
0 0 1 0 0 0 2 1 0 0 
0 0 2 2 0 1 1 2 2 0 
0 0 2 2 0 1 1 1 0 0 
0 0 0 0 0 0 2 2 0 0 
0 1 0 0 0 0 0 0 0 0 
0 2 1 0 2 0 1 0 1 1 
0 0 2 2 0 2 1 1 2 0 
0 2 1 2 2 1 1 0 1 1 
0 0 2 0 0 1 1 1 2 0 
0 2 0 1 2 2 1 2 0 2 
0 1 2 1 1 1 0 2 0 1 
0 1 2 1 1 1 0 2 0 0 
0 2 1 1 2 2 1 1 0 2 
1 0 0 0 0 0 0 0 0 0 
0 2 1 0 1 2 2 1 1 0 
0 0 1 0 0 2 0 2 0 0 
0 0 0 0 0 0 1 0 0 0 
MFS
[ 0 , - , - , - , - , - , - , - , - , - ]
precise
0.0
recall
0.0
F-measure
0.0
multi
9
time
all 5 iden 0 gen 5
t-cover
378
all-cover
405
coveredNum
(1 : 17)  (2 : 27)  (3 : 37)  (4 : 35)  (5 : 23)  (6 : 9)  (7 : 8)  (8 : 8)  (9 : 4)  (10 : 24)  (11 : 50)  (12 : 33)  (13 : 17)  (14 : 11)  (15 : 5)  (16 : 3)  (18 : 8)  (19 : 8)  (20 : 14)  (21 : 10)  (22 : 6)  (23 : 4)  (24 : 2)  (28 : 2)  (29 : 6)  (30 : 10)  (31 : 3)  (32 : 1)  (36 : 3)  (37 : 5)  (38 : 5)  (45 : 5)  (46 : 1)  (62 : 1)  
real Identify

testCase Num: 108
regaular Num: 19
identify Num: 89
0 1 1 0 0 2 0 0 0 0 
0 1 0 0 0 2 0 0 0 0 
0 1 0 0 0 2 0 0 0 1 
0 0 1 1 0 2 1 0 0 2 
0 1 0 0 1 2 0 0 0 0 
0 1 0 1 0 1 2 0 2 2 
0 2 1 0 2 1 2 0 2 0 
0 0 0 2 1 0 0 1 1 1 
0 1 0 0 0 2 0 0 1 0 
0 0 0 2 2 1 1 0 1 1 
0 2 1 0 0 1 2 0 1 0 
0 0 0 0 0 1 0 0 0 0 
2 0 0 1 1 0 1 2 0 0 
0 0 0 2 2 2 1 2 1 1 
0 1 0 0 1 2 0 1 1 2 
0 0 0 0 1 0 0 1 0 1 
2 1 2 0 0 1 0 0 0 0 
1 1 1 1 1 1 1 1 0 1 
1 1 1 2 2 0 0 2 2 0 
0 2 2 0 2 1 2 0 1 0 
0 2 1 0 2 1 0 0 1 0 
0 0 0 1 2 1 0 1 0 0 
0 0 1 0 0 2 2 0 0 2 
0 2 0 0 0 2 0 0 0 0 
0 1 2 2 0 1 2 0 2 2 
0 0 0 2 2 1 2 2 1 1 
1 0 0 2 2 1 1 2 1 1 
0 1 2 1 1 1 2 0 2 2 
1 2 1 0 2 1 2 0 1 0 
0 0 0 2 1 1 0 1 0 1 
0 0 0 2 2 0 0 1 0 1 
0 0 0 2 2 0 0 1 0 0 
1 0 2 0 1 0 2 1 2 2 
0 0 1 0 0 0 0 0 0 0 
0 1 2 1 0 1 0 0 2 2 
0 0 0 0 0 0 0 1 0 0 
0 0 0 2 1 0 1 1 0 1 
0 1 0 0 0 2 1 0 0 0 
0 2 2 1 0 1 2 0 2 2 
1 0 0 0 0 2 2 2 0 1 
1 0 0 1 2 0 0 1 0 0 
1 0 0 2 1 0 0 1 0 1 
1 1 0 0 0 2 0 0 0 0 
0 1 0 2 2 1 1 2 1 1 
0 1 1 0 1 1 0 1 1 2 
0 1 0 0 1 1 0 2 1 2 
0 0 0 1 2 0 1 1 0 0 
0 2 1 0 2 2 2 0 1 0 
0 1 0 1 2 0 0 1 0 0 
1 1 2 1 0 1 2 0 2 2 
0 0 0 2 0 1 1 2 1 1 
0 0 1 0 2 1 2 0 1 0 
0 1 0 2 1 0 0 1 0 1 
0 0 0 2 2 1 1 2 2 1 
0 0 0 1 0 0 0 1 0 0 
0 0 0 2 1 0 0 2 0 1 
1 0 1 0 0 2 1 0 0 2 
0 1 0 0 1 1 0 1 2 2 
0 0 1 0 0 2 1 1 0 2 
0 0 0 0 0 0 0 0 0 1 
0 1 1 0 0 2 1 0 0 2 
0 0 0 0 0 0 0 0 0 0 
0 0 2 0 0 2 1 0 0 2 
0 1 0 1 0 2 0 0 0 0 
0 0 0 2 2 1 1 2 1 2 
0 0 0 2 2 1 1 2 1 1 
0 1 0 0 1 1 0 1 1 0 
0 1 0 0 1 1 0 1 1 2 
0 1 2 1 0 2 2 0 2 2 
0 0 0 1 2 0 0 1 1 0 
0 0 0 1 2 0 0 1 0 1 
0 0 0 1 2 0 0 1 0 0 
0 0 1 0 1 2 1 0 0 2 
0 2 1 0 2 1 2 1 1 0 
0 0 0 0 0 0 0 0 1 0 
0 0 0 2 1 0 0 1 0 1 
0 0 1 2 1 0 0 1 0 1 
0 0 1 0 0 0 1 0 0 2 
0 1 0 0 0 2 0 1 0 0 
0 0 0 1 0 0 0 0 0 0 
0 0 0 2 1 0 0 1 0 2 
0 0 0 0 1 0 0 0 0 0 
0 1 0 1 1 1 0 1 1 2 
0 1 0 0 1 1 1 1 1 2 
0 0 1 1 2 0 0 1 0 0 
2 2 2 2 2 2 2 2 0 2 
1 1 0 0 1 1 0 1 1 2 
0 2 1 1 2 1 2 0 1 0 
0 0 0 0 2 1 1 2 1 1 
0 0 1 0 0 2 1 0 0 2 
0 1 2 1 0 1 2 0 0 2 
0 1 2 1 0 1 2 1 2 2 
0 0 1 0 0 2 1 0 0 0 
0 1 2 1 0 1 2 0 2 0 
2 2 1 1 0 2 0 1 1 0 
0 1 2 1 0 1 2 0 2 2 
1 2 2 2 0 0 1 0 1 1 
0 1 0 0 0 0 0 0 0 0 
0 0 1 2 2 1 1 2 1 1 
0 2 0 0 1 1 0 1 1 2 
0 0 0 1 2 0 0 2 0 0 
2 2 0 0 1 2 1 0 2 1 
1 0 0 0 0 0 0 0 0 0 
0 2 1 0 2 1 2 0 1 1 
0 2 1 0 2 1 2 0 1 0 
0 0 0 0 0 0 1 0 0 0 
0 1 0 0 2 1 0 1 1 2 
0 0 1 0 0 2 1 0 1 2 
MFS
[ 0 , - , - , - , - , - , - , - , - , - ]
precise
0.0
recall
0.0
F-measure
0.0
multi
9
time
all 16 iden 0 gen 16
t-cover
378
all-cover
405
coveredNum
(1 : 18)  (2 : 37)  (3 : 40)  (4 : 34)  (5 : 18)  (6 : 10)  (7 : 7)  (8 : 1)  (9 : 5)  (10 : 17)  (11 : 32)  (12 : 37)  (13 : 21)  (14 : 18)  (15 : 9)  (16 : 1)  (18 : 2)  (19 : 9)  (20 : 18)  (21 : 12)  (22 : 11)  (23 : 6)  (24 : 1)  (27 : 2)  (28 : 5)  (29 : 10)  (30 : 4)  (31 : 2)  (32 : 2)  (36 : 1)  (37 : 2)  (38 : 5)  (39 : 1)  (44 : 1)  (45 : 2)  (46 : 3)  (54 : 1)  
real Identify

