testCase Num: 186
regaular Num: 20
identify Num: 167
0 0 0 2 1 0 0 0 0 1 
0 0 2 2 1 2 0 0 1 0 
0 1 1 0 0 2 0 0 0 0 
1 2 2 0 2 2 2 1 1 0 
0 1 1 2 0 1 2 1 2 0 
0 0 0 2 1 0 0 0 0 0 
0 0 1 2 1 0 0 0 0 0 
0 1 1 2 0 1 2 0 0 0 
0 0 2 1 1 2 1 0 1 0 
2 1 2 0 0 0 1 1 1 2 
0 2 1 2 0 1 2 0 2 0 
1 0 0 1 1 0 0 2 0 1 
2 0 2 0 0 0 1 2 1 2 
0 2 0 0 0 0 0 0 1 0 
2 1 0 0 0 2 0 0 2 1 
1 1 1 2 0 1 2 0 2 0 
0 0 0 2 2 0 0 0 0 0 
2 0 0 1 0 0 0 2 0 1 
1 2 0 0 2 2 2 1 0 0 
2 1 0 1 2 2 0 0 2 1 
1 0 1 2 2 0 2 2 1 1 
2 2 1 0 1 1 2 2 0 0 
1 2 2 0 2 2 2 1 0 0 
1 2 2 0 2 2 2 1 0 1 
0 2 0 1 1 0 2 0 2 2 
0 1 0 1 2 1 1 1 2 2 
2 2 1 1 1 1 1 2 0 0 
1 0 0 0 0 1 0 0 2 0 
0 1 1 2 1 1 2 0 2 0 
0 2 0 0 0 0 0 0 0 1 
1 2 0 2 0 1 1 1 1 1 
0 2 0 0 0 0 0 0 0 0 
1 0 0 2 1 0 0 0 0 0 
0 2 1 0 1 1 1 2 0 0 
0 0 0 0 0 1 0 0 0 1 
0 0 0 0 0 1 0 0 0 0 
0 0 2 0 0 1 0 0 1 1 
0 0 2 0 0 1 0 0 0 2 
0 0 2 0 0 1 0 0 0 1 
1 2 2 0 0 2 2 1 0 0 
1 0 0 1 0 0 0 2 0 1 
1 0 0 1 0 0 0 2 0 2 
1 0 0 1 2 1 1 1 2 2 
2 2 0 1 1 0 0 0 2 2 
1 2 2 0 2 0 2 1 0 0 
0 0 1 0 0 2 0 1 0 0 
0 1 2 2 0 1 2 0 2 0 
2 1 0 0 2 2 0 0 2 1 
2 2 1 0 1 1 1 2 0 1 
2 2 1 0 1 1 1 2 0 0 
2 1 0 0 2 2 0 0 2 2 
1 2 0 2 1 1 1 0 1 1 
2 1 1 0 2 2 0 0 2 1 
0 1 1 2 0 1 2 0 2 1 
0 0 2 1 1 0 0 0 1 0 
0 1 0 2 1 0 0 0 0 0 
0 0 2 2 2 0 2 2 1 1 
2 2 0 1 1 0 2 0 2 0 
0 0 0 2 2 1 1 1 2 2 
0 0 1 2 2 0 2 2 1 1 
2 2 0 1 1 0 2 0 2 2 
0 0 1 2 2 1 2 2 1 1 
2 0 0 0 0 0 0 0 2 0 
2 0 0 0 0 0 1 1 1 2 
0 2 0 0 0 0 1 0 0 0 
1 2 0 2 0 1 2 0 1 1 
1 0 0 1 0 0 0 0 2 0 
1 2 0 0 0 0 0 0 0 0 
0 2 0 1 0 0 0 0 0 0 
2 2 0 2 0 1 1 0 1 1 
1 0 0 0 0 0 1 0 2 0 
0 0 0 1 1 2 0 0 1 0 
1 2 2 0 2 2 0 1 0 0 
0 0 1 0 0 0 0 0 0 0 
2 1 0 0 2 0 0 0 2 1 
2 2 1 0 1 1 1 2 1 0 
0 0 0 0 0 0 0 1 0 0 
2 2 0 2 1 0 2 0 2 2 
0 0 0 2 1 0 0 0 1 0 
1 0 0 0 1 0 0 0 2 0 
1 0 0 2 0 1 1 0 1 1 
2 0 2 0 0 0 2 1 1 2 
0 0 2 0 0 1 0 1 0 1 
1 1 0 0 0 0 0 0 2 0 
1 0 1 1 0 0 0 2 0 1 
2 0 2 0 1 0 1 1 1 2 
1 2 0 2 0 2 1 0 1 1 
0 0 1 0 0 2 0 0 0 1 
0 1 1 2 0 1 2 0 2 0 
1 2 2 1 2 2 2 1 0 0 
2 1 0 0 2 2 0 0 0 1 
0 0 1 0 0 2 0 0 0 0 
0 2 0 0 1 0 0 0 0 0 
0 1 1 2 0 1 0 0 2 0 
2 1 2 2 0 2 1 2 2 2 
2 1 0 0 2 2 0 1 2 1 
2 2 0 1 1 0 2 1 2 2 
0 1 1 0 0 1 2 0 2 0 
1 2 0 2 0 1 1 0 2 1 
0 0 1 2 0 0 2 2 1 1 
0 0 2 1 2 2 0 0 1 0 
0 0 1 0 2 0 2 2 1 1 
0 0 0 2 1 1 0 0 0 0 
1 0 0 2 0 0 0 2 0 1 
1 0 0 1 0 0 1 2 0 1 
1 1 1 2 0 0 0 1 0 2 
0 0 2 1 1 2 0 1 1 0 
0 0 2 0 0 0 1 1 1 2 
0 0 1 0 0 2 0 0 1 0 
0 0 0 1 2 1 1 1 2 2 
0 1 2 1 1 2 0 0 1 0 
0 0 0 0 0 0 0 0 0 1 
1 2 0 0 0 1 1 0 1 1 
0 0 0 0 0 0 0 0 0 0 
0 0 0 1 2 1 1 1 2 0 
0 0 0 2 1 0 1 0 0 0 
2 0 2 1 0 0 1 1 1 2 
0 0 2 1 1 2 0 0 1 0 
0 0 1 1 0 2 0 0 0 0 
0 0 1 2 2 0 2 2 2 1 
2 2 1 0 2 1 1 2 0 0 
2 0 2 0 0 0 1 1 2 2 
1 2 1 2 0 1 1 0 1 1 
1 0 2 0 2 2 2 1 0 0 
2 2 0 1 2 0 2 0 2 2 
1 0 0 1 0 0 0 0 0 1 
1 0 0 0 0 0 0 0 2 1 
1 0 0 0 0 0 0 0 2 0 
0 0 0 1 0 1 1 1 2 2 
2 2 0 1 1 0 2 0 0 2 
0 0 1 2 2 0 2 2 1 2 
1 0 2 1 1 2 0 0 1 0 
2 0 2 0 0 1 1 1 1 2 
1 0 0 1 0 1 0 2 0 1 
2 2 2 0 2 2 2 1 0 0 
0 2 0 0 0 1 0 0 0 0 
2 2 2 0 1 1 1 2 0 0 
0 0 0 0 0 0 0 0 1 0 
0 0 2 0 0 2 0 0 0 1 
0 0 0 1 2 1 2 1 2 2 
0 0 2 0 0 2 0 0 0 0 
0 0 0 2 1 0 0 1 0 0 
0 0 2 1 1 2 0 0 2 0 
0 0 1 2 2 0 2 0 1 1 
0 0 0 1 0 0 0 0 0 0 
2 0 1 0 1 1 1 2 0 0 
2 2 1 1 1 0 2 0 2 2 
0 0 0 0 1 0 0 0 0 0 
2 0 2 0 0 0 1 1 1 2 
2 0 2 0 0 0 1 1 1 0 
2 2 1 0 1 2 1 2 0 0 
0 1 1 2 0 2 2 0 2 0 
1 0 0 1 0 0 0 2 1 1 
2 0 0 1 1 0 2 0 2 2 
0 0 1 0 1 2 0 0 0 0 
0 0 2 1 0 1 0 0 0 1 
0 0 2 1 1 2 0 0 1 1 
0 0 0 1 2 1 1 1 0 2 
0 0 0 1 2 1 1 2 2 2 
0 0 1 0 0 2 1 0 0 0 
0 0 1 1 2 1 1 1 2 2 
2 1 0 0 2 2 1 0 2 1 
1 2 2 0 2 2 2 2 0 0 
0 1 0 0 0 0 0 0 0 0 
1 0 2 0 0 1 0 0 0 1 
1 0 1 0 0 2 0 0 0 0 
0 2 1 0 0 0 0 0 0 0 
0 2 0 0 0 0 0 1 0 0 
1 2 0 2 0 1 1 0 1 2 
0 1 0 0 2 2 0 0 2 1 
0 0 0 1 2 2 1 1 2 2 
1 2 0 2 0 1 1 0 1 1 
0 0 2 0 0 1 1 0 0 1 
1 1 0 1 0 0 0 2 0 1 
0 1 2 0 0 1 0 0 0 1 
1 0 0 0 0 0 0 1 2 0 
1 0 0 0 0 0 0 0 0 0 
1 0 1 0 0 0 0 0 2 0 
1 1 1 1 1 1 0 1 1 1 
0 0 1 2 2 0 0 2 1 1 
2 2 0 1 1 1 2 0 2 2 
0 0 2 0 1 1 0 0 0 1 
2 2 0 0 2 2 0 0 2 1 
0 1 1 2 2 0 2 2 1 1 
0 0 0 0 0 0 1 0 0 0 
2 2 1 0 1 1 1 0 0 0 
MFS
[ - , - , - , - , - , - , - , - , - , - ]
[ 0 , - , - , - , - , - , - , - , - , - ]
[ - , - , - , 0 , - , - , - , - , - , - ]
[ - , - , 0 , - , - , - , - , - , - , - ]
precise
0.0
recall
0.0
F-measure
0.0
multi
17
time
all 11 iden 0 gen 11
t-cover
246
all-cover
405
coveredNum
(3 : 5)  (4 : 8)  (5 : 12)  (6 : 4)  (7 : 2)  (8 : 3)  (10 : 10)  (11 : 24)  (12 : 48)  (13 : 34)  (14 : 23)  (15 : 7)  (16 : 8)  (17 : 8)  (18 : 5)  (19 : 14)  (20 : 24)  (21 : 29)  (22 : 14)  (23 : 16)  (24 : 10)  (25 : 10)  (26 : 7)  (27 : 1)  (28 : 1)  (29 : 10)  (30 : 5)  (31 : 2)  (32 : 4)  (33 : 6)  (34 : 2)  (35 : 1)  (36 : 1)  (37 : 1)  (38 : 6)  (39 : 2)  (40 : 2)  (45 : 1)  (46 : 2)  (47 : 6)  (48 : 3)  (49 : 1)  (53 : 3)  (54 : 4)  (55 : 6)  (56 : 3)  (62 : 2)  (63 : 2)  (64 : 2)  (72 : 1)  
real Identify

testCase Num: 168
regaular Num: 18
identify Num: 150
1 0 1 2 2 2 2 2 1 0 
0 1 2 0 1 0 1 2 1 0 
2 2 0 1 1 1 0 2 2 1 
2 1 0 2 1 0 1 0 2 0 
1 1 1 2 0 1 0 1 1 0 
0 1 0 1 2 0 2 0 0 0 
0 0 0 0 1 0 0 2 2 0 
1 0 2 0 0 2 1 2 0 2 
1 1 2 0 0 2 1 1 0 2 
2 0 1 2 2 0 2 1 0 1 
2 0 0 2 2 0 2 1 0 2 
1 0 0 2 0 0 0 0 0 2 
2 0 0 2 2 0 2 1 0 1 
1 0 0 2 0 0 0 0 0 1 
2 1 0 2 1 2 1 0 2 1 
1 0 1 1 2 2 0 2 1 0 
0 0 2 0 2 2 0 1 2 1 
0 0 0 0 2 2 2 0 2 2 
0 2 2 1 2 2 0 1 2 1 
1 0 1 2 0 0 0 0 0 1 
0 0 1 0 0 0 0 2 2 0 
0 1 2 2 0 1 0 1 1 0 
0 1 0 0 2 1 2 0 0 0 
0 2 1 2 0 1 0 1 1 0 
2 2 0 1 1 1 0 2 1 2 
0 1 2 0 1 0 1 2 2 2 
0 0 0 0 0 0 0 2 0 0 
0 1 0 0 0 0 0 2 2 0 
2 2 0 1 1 1 0 2 1 1 
0 1 1 2 0 1 0 2 1 0 
2 1 1 2 1 2 1 0 2 0 
1 0 0 2 1 0 0 0 0 1 
0 2 2 0 2 2 1 1 2 1 
0 0 0 0 0 1 0 0 0 0 
2 0 2 0 0 2 1 1 0 2 
0 1 1 2 1 1 0 1 1 0 
2 1 0 0 1 2 1 0 2 0 
1 0 0 0 0 0 0 2 2 0 
2 2 1 0 2 0 1 2 0 0 
1 0 2 0 0 2 1 1 0 0 
2 2 1 0 2 0 1 2 0 1 
1 1 1 1 1 1 1 1 0 1 
2 2 2 2 0 1 2 2 1 2 
0 1 0 0 1 0 1 2 1 2 
0 1 2 0 1 0 1 2 1 2 
0 1 2 1 1 0 2 0 1 0 
2 0 0 2 0 0 2 1 0 1 
0 1 0 2 1 2 1 0 2 0 
0 1 1 2 0 1 0 1 2 0 
0 0 2 1 1 0 0 0 1 0 
2 0 1 0 2 0 1 2 0 0 
1 0 0 0 0 2 1 1 0 2 
2 1 0 2 1 2 2 0 2 0 
0 1 0 0 2 0 2 0 1 0 
1 0 2 0 0 0 1 1 0 2 
2 0 0 2 2 0 2 2 0 1 
2 1 0 2 2 2 1 0 2 0 
2 2 1 0 2 0 1 2 1 0 
1 1 0 2 0 0 0 0 0 1 
0 0 2 2 1 0 2 0 1 0 
0 1 0 0 0 0 2 0 0 0 
2 2 0 2 1 2 1 0 2 0 
0 0 1 0 0 0 0 0 0 0 
0 0 0 0 0 0 0 1 0 0 
0 0 0 0 0 0 0 2 2 1 
0 0 0 0 0 0 0 2 2 0 
0 1 1 2 0 1 0 1 1 0 
2 0 0 0 2 0 2 1 0 1 
1 0 1 1 2 2 2 0 1 0 
0 1 1 2 0 1 0 1 1 1 
0 0 2 1 1 0 2 0 2 0 
2 2 1 1 1 1 0 2 1 1 
0 0 1 0 2 1 2 0 2 2 
0 0 0 0 2 1 2 0 0 2 
0 0 0 0 2 1 2 1 2 2 
0 2 0 0 2 0 2 0 0 0 
1 0 1 1 0 2 2 2 1 0 
0 1 0 0 2 0 0 0 0 0 
0 2 2 0 2 2 0 1 2 1 
0 2 2 0 2 2 0 1 2 2 
0 2 1 0 2 0 1 2 0 0 
1 0 0 2 0 0 0 0 1 1 
2 0 1 1 2 2 2 2 1 0 
0 0 0 1 1 0 2 0 1 0 
0 1 1 2 0 1 1 1 1 0 
0 0 2 1 1 0 2 0 1 1 
0 1 2 0 1 0 1 0 1 2 
0 0 2 1 1 0 2 0 1 0 
1 1 0 0 2 0 2 0 0 0 
0 0 0 1 0 0 0 2 2 0 
2 0 0 2 2 1 2 1 0 1 
0 1 2 0 1 1 1 2 1 2 
2 2 1 1 2 0 1 2 0 0 
0 1 1 0 0 1 0 1 1 0 
2 2 1 0 2 0 2 2 0 0 
0 0 0 2 2 0 2 1 0 1 
2 0 0 1 1 1 0 2 1 1 
2 2 1 0 0 0 1 2 0 0 
0 0 0 0 0 0 0 0 2 0 
0 0 0 0 0 0 0 0 0 1 
0 0 0 0 0 0 0 0 0 0 
0 0 0 0 2 1 2 0 2 0 
1 1 1 1 2 2 2 2 1 0 
0 0 0 0 2 1 2 0 2 2 
1 0 2 1 2 2 2 2 1 0 
1 2 2 0 2 2 0 1 2 1 
2 2 0 1 1 1 0 0 1 1 
0 2 2 0 2 0 0 1 2 1 
2 2 1 0 2 1 1 2 0 0 
1 0 2 0 0 2 2 1 0 2 
2 0 0 2 2 0 0 1 0 1 
0 1 0 0 2 0 2 0 0 0 
0 0 2 1 2 0 2 0 1 0 
0 1 0 0 2 0 2 0 0 1 
2 2 0 1 1 2 0 2 1 1 
0 2 2 0 2 2 0 1 0 1 
0 2 2 0 2 2 0 2 2 1 
2 2 1 0 2 0 1 0 0 0 
1 0 0 2 0 0 1 0 0 1 
1 2 1 1 0 0 0 0 2 2 
0 0 0 0 0 0 0 0 1 0 
0 0 0 0 0 0 1 2 2 0 
1 0 0 0 2 1 2 0 2 2 
1 0 1 1 2 0 2 2 1 0 
0 2 2 0 1 0 1 2 1 2 
2 0 0 2 0 0 0 0 0 1 
0 0 2 1 1 0 2 1 1 0 
2 2 0 1 1 1 1 2 1 1 
1 0 1 1 2 2 2 2 2 0 
0 0 0 1 0 0 0 0 0 0 
1 0 2 0 0 2 1 1 0 2 
2 2 0 2 1 1 0 2 1 1 
0 0 0 0 1 0 0 0 0 0 
0 2 2 0 0 2 0 1 2 1 
1 0 0 0 0 0 0 0 0 1 
0 0 0 0 0 1 2 0 2 2 
2 1 0 2 2 0 2 1 0 1 
1 0 2 1 1 0 2 0 1 0 
1 0 0 2 0 0 0 1 0 1 
0 2 0 1 1 1 0 2 1 1 
2 1 0 2 1 2 1 1 2 0 
2 1 0 2 1 2 1 0 0 0 
1 1 2 0 1 0 1 2 1 2 
1 0 2 0 1 2 1 1 0 2 
0 1 0 0 2 1 2 0 2 2 
0 1 2 1 1 0 1 2 1 2 
0 1 2 0 1 0 2 2 1 2 
0 1 0 0 0 0 0 0 0 0 
1 0 1 1 2 2 2 2 1 0 
1 0 0 2 0 1 0 0 0 1 
0 0 0 0 2 1 0 0 2 2 
1 0 1 1 2 2 2 2 1 1 
2 1 0 2 1 2 1 0 2 0 
1 0 2 0 0 2 1 1 1 2 
0 1 1 2 0 2 0 1 1 0 
1 0 2 1 0 2 1 1 0 2 
0 1 1 0 2 0 2 0 0 0 
0 2 0 0 2 2 0 1 2 1 
0 1 2 0 2 0 1 2 1 2 
0 0 0 0 0 1 0 2 2 0 
0 1 0 0 2 0 2 1 0 0 
0 0 2 1 1 1 2 0 1 0 
2 2 2 0 2 0 1 2 0 0 
1 0 0 0 0 0 0 0 0 0 
2 0 0 2 2 0 2 1 1 1 
2 2 0 1 2 1 0 2 1 1 
0 0 0 0 0 0 1 0 0 0 
0 0 0 1 2 1 2 0 2 2 
MFS
[ - , - , - , - , - , - , - , - , - , - ]
[ 0 , - , - , - , - , - , - , - , - , - ]
[ - , - , 0 , - , - , - , 0 , - , - , - ]
[ - , - , - , 0 , - , - , - , - , - , - ]
[ - , - , 0 , - , - , - , - , - , - , - ]
[ - , 0 , - , - , - , - , - , - , - , 0 ]
precise
0.3333333333333333
recall
0.06666666666666667
F-measure
0.1111111111111111
multi
13
time
all 9 iden 0 gen 9
t-cover
262
all-cover
405
coveredNum
(2 : 2)  (3 : 4)  (4 : 6)  (5 : 16)  (6 : 4)  (7 : 4)  (8 : 1)  (10 : 6)  (11 : 22)  (12 : 48)  (13 : 46)  (14 : 30)  (15 : 22)  (16 : 6)  (17 : 1)  (18 : 2)  (19 : 10)  (20 : 30)  (21 : 24)  (22 : 20)  (23 : 15)  (24 : 8)  (28 : 7)  (29 : 9)  (30 : 11)  (31 : 12)  (32 : 6)  (33 : 2)  (37 : 1)  (38 : 6)  (39 : 4)  (40 : 5)  (41 : 3)  (42 : 2)  (47 : 1)  (48 : 6)  (49 : 2)  (56 : 1)  
real Identify
([ - , - , 0 , - , - , - , 0 , - , - , - ] : 1)  ([ - , 0 , - , - , - , - , - , - , - , 0 ] : 1)  
testCase Num: 156
regaular Num: 17
identify Num: 140
0 1 0 0 0 2 2 0 2 1 
2 0 1 0 2 0 0 0 1 2 
1 2 2 0 1 1 2 0 2 1 
0 1 0 2 1 2 1 0 0 2 
0 2 1 2 1 2 1 0 2 2 
0 0 0 2 2 0 1 2 1 1 
0 0 1 1 0 0 1 1 2 1 
1 0 1 2 0 1 2 0 0 0 
2 1 1 2 1 0 0 2 0 1 
2 1 0 2 1 0 0 2 0 1 
1 0 2 0 1 0 2 0 2 1 
2 0 1 2 0 0 1 1 2 1 
2 1 0 2 1 0 0 2 0 2 
1 2 1 2 0 2 1 0 2 2 
0 1 0 0 2 1 2 1 0 2 
0 2 0 2 2 0 1 0 1 1 
1 0 0 0 1 0 0 0 0 0 
1 0 1 2 0 1 0 2 0 0 
2 2 0 1 2 1 0 1 2 0 
1 1 1 0 2 0 0 0 1 2 
0 2 0 2 2 1 1 2 1 1 
1 0 2 0 2 0 0 0 1 2 
0 1 0 1 0 2 2 2 2 1 
1 0 1 0 2 0 0 1 1 2 
2 1 0 2 2 0 0 2 0 1 
0 0 0 0 0 1 0 0 0 0 
1 2 0 1 2 1 0 2 2 0 
0 2 1 2 0 2 1 1 2 2 
0 2 1 2 0 2 1 0 0 2 
1 2 0 1 2 1 0 1 0 0 
0 0 0 0 2 0 0 0 0 0 
0 0 0 0 1 0 0 1 0 0 
0 2 2 2 0 2 1 0 2 2 
2 0 1 1 0 1 1 1 2 1 
0 1 0 0 1 0 0 0 0 0 
2 2 2 0 1 1 1 0 0 1 
0 1 0 1 1 2 2 0 0 2 
0 1 2 0 2 1 2 1 1 2 
2 2 2 0 1 1 1 0 0 0 
2 2 0 0 1 1 1 0 0 0 
2 0 2 1 0 0 1 1 2 1 
0 2 0 2 2 0 2 2 1 1 
0 0 0 0 1 1 0 0 0 0 
2 0 1 1 0 0 1 1 2 2 
2 0 1 1 0 0 1 1 2 1 
0 1 0 0 0 2 2 2 0 1 
0 1 2 1 2 1 2 1 0 2 
1 2 0 2 2 0 1 2 1 1 
1 0 1 0 2 0 0 0 2 2 
0 0 1 0 1 0 0 0 0 0 
2 1 0 0 1 0 0 2 0 1 
1 2 1 1 2 1 0 1 2 0 
1 0 0 1 2 1 0 1 2 0 
1 2 2 0 1 0 0 0 2 1 
0 0 1 0 0 0 0 0 0 0 
0 1 1 1 1 2 1 0 0 2 
0 1 2 0 2 1 0 1 0 2 
0 0 0 0 0 0 0 1 0 0 
2 1 0 2 1 1 0 2 0 1 
1 0 1 0 0 1 2 2 0 0 
0 2 2 0 2 1 2 1 0 2 
0 1 0 0 0 0 2 2 2 1 
1 0 1 0 2 0 0 0 1 2 
0 0 1 2 0 2 1 0 2 2 
1 2 2 1 1 0 2 0 2 1 
1 0 1 0 2 0 0 0 1 0 
0 2 0 2 0 0 1 2 1 1 
1 1 2 0 2 1 2 1 0 2 
1 0 1 2 0 2 2 2 0 0 
0 1 2 0 0 1 2 1 0 2 
2 2 2 0 1 1 1 1 0 0 
1 2 0 1 2 2 0 1 2 0 
0 1 0 0 0 2 2 2 2 1 
0 1 0 0 0 2 2 2 2 2 
0 1 1 0 0 2 2 2 2 1 
0 2 0 2 2 0 1 2 2 1 
2 0 1 1 0 0 1 1 0 1 
2 0 1 1 0 0 1 2 2 1 
1 0 1 1 2 0 0 0 1 2 
1 2 0 1 0 1 0 1 2 0 
1 1 0 1 1 2 1 0 0 2 
1 0 1 0 2 0 1 0 1 2 
1 1 1 0 1 1 1 1 1 1 
1 2 2 0 1 0 2 0 2 1 
2 0 1 2 0 1 2 2 0 0 
0 2 2 0 1 1 1 0 0 0 
1 2 0 0 1 0 2 0 2 1 
0 1 0 0 1 2 2 2 2 1 
2 2 2 1 1 1 1 0 0 0 
0 2 1 2 0 2 2 0 2 2 
1 2 2 0 1 0 2 0 2 2 
1 1 2 2 0 2 0 1 1 0 
0 1 0 1 1 2 1 1 0 2 
2 1 0 2 1 0 0 0 0 1 
1 0 1 0 2 1 0 0 1 2 
2 2 2 0 1 1 2 0 0 0 
0 0 0 0 0 0 0 0 0 1 
0 0 0 0 0 0 0 0 0 0 
0 2 0 2 2 0 1 2 1 1 
0 2 0 2 2 0 1 2 1 2 
0 2 0 1 1 2 1 0 0 2 
0 2 1 0 0 2 1 0 2 2 
1 0 2 2 0 1 2 2 0 0 
0 0 0 0 1 0 1 0 0 0 
1 1 1 2 0 1 2 2 0 0 
2 2 2 0 1 0 2 0 2 1 
1 2 0 1 2 1 1 1 2 0 
0 1 2 0 2 2 2 1 0 2 
2 2 2 0 1 2 1 0 0 0 
0 1 0 1 2 2 1 0 0 2 
2 1 0 2 1 0 1 2 0 1 
1 2 2 0 2 0 2 0 2 1 
1 0 1 2 1 1 2 2 0 0 
2 0 2 1 2 2 2 2 1 2 
0 0 0 0 0 0 0 0 1 0 
2 0 2 0 1 1 1 0 0 0 
0 1 0 1 1 0 1 0 0 2 
0 1 0 2 1 0 0 2 0 1 
0 2 0 0 0 2 2 2 2 1 
0 1 0 0 0 2 0 2 2 1 
0 0 0 1 0 0 0 0 0 0 
1 0 1 2 0 1 2 2 1 0 
0 0 0 0 1 0 0 0 0 0 
1 0 1 0 0 0 0 0 1 2 
0 2 0 0 2 0 1 2 1 1 
1 2 2 0 1 0 2 0 0 1 
1 2 0 2 2 1 0 1 2 0 
1 2 2 0 1 0 2 1 2 1 
0 1 0 1 1 2 1 0 0 2 
0 2 1 2 0 0 1 0 2 2 
2 2 0 2 1 0 0 2 0 1 
0 0 0 1 1 0 0 0 0 0 
0 1 2 0 2 1 2 1 0 0 
2 2 2 0 1 1 1 0 1 0 
0 1 2 0 2 1 2 1 0 2 
0 1 0 1 1 2 1 0 0 0 
2 0 1 1 0 0 2 1 2 1 
0 1 2 0 2 1 2 2 0 2 
0 2 1 2 2 0 1 2 1 1 
0 1 0 0 0 0 0 0 0 0 
1 0 1 2 0 1 2 2 0 1 
1 0 1 2 0 1 2 2 0 0 
0 0 0 0 1 0 0 0 1 0 
2 2 2 0 2 1 1 0 0 0 
2 0 1 1 1 0 1 1 2 1 
1 1 0 0 0 2 2 2 2 1 
0 2 1 2 0 2 1 0 2 2 
1 2 0 1 2 1 0 1 2 1 
1 2 0 1 2 1 0 1 2 0 
1 0 0 0 0 0 0 0 0 0 
0 0 0 0 1 0 0 0 0 1 
0 2 1 2 0 2 1 0 2 0 
2 1 0 2 1 0 0 2 1 1 
0 0 0 0 0 0 1 0 0 0 
2 1 1 1 0 0 1 1 2 1 
0 1 0 1 1 2 1 0 1 2 
MFS
[ - , - , - , - , - , - , - , - , - , - ]
[ 0 , - , - , - , - , - , - , - , - , - ]
[ - , - , - , 0 , - , - , - , - , - , - ]
[ - , - , 0 , - , - , - , - , - , - , - ]
[ - , 0 , - , - , - , - , - , - , - , - ]
precise
0.0
recall
0.0
F-measure
0.0
multi
14
time
all 10 iden 0 gen 10
t-cover
293
all-cover
405
coveredNum
(2 : 1)  (3 : 6)  (4 : 8)  (5 : 10)  (6 : 10)  (7 : 3)  (8 : 1)  (9 : 1)  (10 : 8)  (11 : 24)  (12 : 52)  (13 : 46)  (14 : 32)  (15 : 20)  (16 : 1)  (18 : 1)  (19 : 7)  (20 : 46)  (21 : 35)  (22 : 17)  (23 : 10)  (24 : 4)  (27 : 1)  (28 : 5)  (29 : 12)  (30 : 13)  (31 : 10)  (32 : 3)  (37 : 2)  (38 : 1)  (39 : 8)  (40 : 5)  (47 : 2)  
real Identify

testCase Num: 176
regaular Num: 20
identify Num: 157
1 2 0 2 2 2 0 1 1 2 
0 0 1 2 1 2 1 2 2 0 
0 1 1 0 0 0 1 2 0 2 
0 0 1 0 1 0 2 0 0 0 
0 1 2 1 0 2 2 1 1 2 
2 0 0 0 0 0 0 0 0 0 
1 0 0 0 0 0 0 1 0 0 
2 0 1 2 1 2 2 2 2 0 
1 0 2 0 2 2 1 1 0 1 
0 2 0 2 1 0 0 2 0 1 
1 0 0 0 1 1 2 2 1 2 
0 1 2 1 0 0 2 1 0 2 
1 1 0 0 0 0 0 0 0 0 
0 1 1 0 2 0 1 2 1 2 
1 0 0 0 1 1 2 2 2 2 
0 0 2 1 0 0 1 0 0 0 
2 0 1 0 1 0 0 0 1 2 
0 0 2 0 0 0 2 0 0 0 
0 0 1 0 0 0 2 0 0 1 
0 0 1 0 0 0 2 0 0 0 
0 0 1 2 0 1 1 0 0 1 
1 0 0 0 1 0 0 0 0 0 
2 0 1 0 2 0 0 0 0 2 
2 2 0 1 2 1 0 1 2 0 
0 1 2 1 0 2 2 1 0 2 
0 1 0 1 0 0 0 2 1 0 
2 1 0 1 2 1 0 2 2 0 
0 1 2 1 0 2 2 1 0 0 
2 2 0 2 2 2 0 0 1 2 
1 2 2 1 1 0 0 0 2 0 
0 1 0 1 0 2 2 1 0 2 
0 0 0 0 0 1 0 0 0 0 
1 0 0 0 1 1 2 2 1 0 
0 1 1 0 2 0 1 2 0 2 
0 2 1 2 0 2 1 0 0 1 
1 0 1 0 0 0 0 0 0 0 
2 0 2 0 1 0 0 0 0 2 
1 0 2 1 2 2 0 1 0 1 
2 0 1 0 1 2 1 2 2 0 
0 0 0 0 0 0 1 0 2 0 
0 0 0 0 0 0 1 0 2 2 
1 0 0 2 2 2 0 0 1 2 
0 0 1 0 0 0 2 0 1 0 
0 1 2 1 1 2 2 1 0 2 
0 1 0 1 2 1 0 1 2 0 
1 2 1 2 2 2 0 0 1 2 
0 2 1 2 0 1 2 0 0 1 
0 1 0 0 0 0 1 0 2 2 
2 0 0 0 1 1 2 2 1 2 
0 2 1 2 1 0 0 1 0 1 
2 1 0 1 2 1 1 1 2 0 
1 2 1 2 0 1 1 0 0 1 
0 2 0 2 1 0 0 1 0 2 
0 2 0 2 1 0 0 1 0 1 
0 0 0 2 0 0 0 2 1 0 
1 0 0 0 1 1 0 2 1 2 
0 1 1 0 2 0 1 0 0 2 
2 0 1 1 1 0 0 0 0 2 
1 0 0 0 2 2 0 1 0 1 
0 1 1 0 2 0 2 2 0 2 
1 1 0 0 1 1 2 2 1 2 
2 1 2 2 0 0 2 0 1 0 
0 1 2 2 0 2 2 1 0 2 
0 1 1 1 2 0 1 2 0 2 
1 0 0 0 0 0 1 0 2 2 
1 1 2 1 0 2 2 1 0 2 
1 0 0 0 0 1 0 0 0 0 
0 1 1 0 0 0 2 0 0 0 
1 1 1 0 2 0 1 2 0 2 
2 1 0 1 2 2 0 1 2 0 
1 0 0 0 2 1 2 2 1 2 
0 0 0 0 0 0 2 0 2 2 
0 0 1 0 0 0 0 0 0 0 
0 0 2 0 0 0 1 0 1 0 
0 0 0 0 0 0 0 1 0 0 
0 0 0 1 0 0 0 2 1 1 
0 0 0 1 0 0 0 2 1 0 
0 0 0 1 0 0 1 0 2 2 
1 0 2 0 0 2 0 1 0 1 
0 0 0 0 1 0 1 0 2 2 
0 2 2 1 0 2 2 1 0 2 
2 1 0 1 0 1 0 1 2 0 
2 0 1 2 1 2 1 0 2 0 
0 1 2 1 0 2 0 1 0 2 
1 0 1 0 0 0 2 0 0 0 
2 0 1 0 1 0 0 0 0 2 
1 0 0 1 1 1 2 2 1 2 
2 0 1 0 1 0 0 0 0 0 
0 2 1 0 2 0 1 2 0 2 
0 2 1 2 1 1 1 0 0 1 
1 2 0 0 2 2 0 0 1 2 
0 0 2 0 0 0 1 0 0 1 
0 0 2 0 0 0 1 0 0 0 
2 0 2 0 2 2 0 1 0 1 
0 2 1 2 0 1 1 0 1 1 
0 0 0 1 0 0 0 2 2 0 
0 0 0 0 0 1 1 0 2 2 
0 0 1 0 0 1 2 0 0 0 
1 0 2 0 0 0 1 0 0 0 
2 0 1 2 1 2 1 2 0 0 
1 0 2 0 2 2 0 2 0 1 
1 0 0 0 0 0 1 0 0 0 
2 1 1 2 1 2 1 2 2 0 
1 1 2 0 2 2 0 1 0 1 
2 0 1 2 2 2 1 2 2 0 
1 2 0 2 0 2 0 0 1 2 
1 0 0 0 1 2 2 2 1 2 
0 0 0 0 0 0 0 0 0 1 
0 0 0 0 0 0 0 0 0 0 
0 2 1 2 0 1 1 0 0 1 
0 2 1 2 0 1 1 0 0 2 
0 0 2 0 1 0 1 0 0 0 
1 2 0 2 2 2 1 0 1 2 
0 0 1 1 0 0 0 2 1 0 
2 1 1 1 2 1 0 1 2 0 
2 0 2 2 1 2 1 2 2 0 
1 2 0 2 2 0 0 0 1 2 
0 2 0 2 1 0 0 1 1 1 
1 0 0 0 1 1 2 0 1 2 
1 0 0 1 0 0 0 0 0 0 
2 1 1 0 1 0 0 0 0 2 
1 1 1 1 1 0 1 1 1 1 
2 0 1 0 1 0 0 1 0 2 
0 1 2 0 0 0 1 0 0 0 
0 0 1 0 1 0 0 0 0 2 
0 0 1 1 0 0 2 0 0 0 
0 1 1 0 2 1 1 2 0 2 
0 0 0 1 1 0 0 2 1 0 
0 2 0 0 1 0 0 1 0 1 
0 0 2 0 0 0 1 1 0 0 
0 0 0 0 0 0 0 0 1 0 
0 0 0 0 0 0 1 0 0 2 
1 2 0 2 2 2 0 0 1 2 
0 0 0 2 1 0 0 1 0 1 
0 0 0 0 0 0 1 1 2 2 
2 1 0 2 2 1 0 1 2 0 
0 0 0 1 0 0 0 0 0 0 
0 0 0 1 0 0 1 2 1 0 
1 2 0 2 2 2 0 0 1 0 
0 0 0 0 1 0 0 0 0 0 
1 0 0 0 0 0 0 0 0 1 
2 2 2 0 2 1 2 2 2 1 
2 0 1 2 1 0 1 2 2 0 
1 0 2 0 2 0 0 1 0 1 
1 0 2 0 2 2 0 1 1 1 
0 1 1 0 2 0 1 2 0 0 
1 0 0 1 0 0 0 2 1 0 
1 0 2 0 2 2 0 1 0 2 
2 0 1 2 1 2 1 2 2 1 
1 0 0 0 0 0 0 0 1 0 
2 1 0 1 2 1 0 1 0 0 
2 0 1 0 1 0 1 0 0 2 
0 2 1 0 0 1 1 0 0 1 
0 0 1 0 0 0 2 1 0 0 
0 2 0 2 1 1 0 1 0 1 
0 2 1 2 0 1 1 1 0 1 
0 1 0 0 0 0 0 0 0 0 
0 2 2 2 0 1 1 0 0 1 
0 2 0 2 2 0 0 1 0 1 
1 2 0 2 2 2 0 0 2 2 
0 0 0 1 0 0 0 0 1 0 
2 0 1 0 1 1 0 0 0 2 
2 1 0 1 2 1 0 1 2 0 
2 1 0 1 2 1 0 1 2 1 
2 0 1 2 1 2 1 2 2 0 
0 0 2 0 0 1 1 0 0 0 
1 0 2 0 2 2 0 1 0 1 
0 1 2 1 0 2 2 2 0 2 
0 2 0 2 1 0 1 1 0 1 
1 0 1 0 1 1 2 2 1 2 
1 2 0 2 1 0 0 1 0 1 
0 1 2 0 2 0 1 2 0 2 
1 0 0 0 0 0 0 0 0 0 
0 0 0 1 0 1 0 2 1 0 
0 0 1 0 0 0 1 0 2 2 
0 0 0 0 0 0 1 0 0 0 
MFS
[ - , - , - , - , - , - , - , - , - , - ]
[ 0 , - , - , - , - , - , - , - , - , - ]
[ - , - , 0 , - , - , - , - , - , - , - ]
[ - , 0 , - , - , - , - , - , - , - , 0 ]
precise
0.25
recall
0.03333333333333333
F-measure
0.058823529411764705
multi
15
time
all 10 iden 0 gen 10
t-cover
290
all-cover
405
coveredNum
(3 : 12)  (4 : 12)  (5 : 8)  (6 : 7)  (70 : 1)  (7 : 3)  (8 : 4)  (10 : 3)  (11 : 36)  (12 : 49)  (13 : 39)  (14 : 12)  (15 : 9)  (16 : 9)  (17 : 11)  (18 : 8)  (19 : 18)  (20 : 32)  (21 : 24)  (22 : 9)  (23 : 6)  (24 : 8)  (25 : 6)  (27 : 2)  (28 : 1)  (29 : 3)  (30 : 8)  (31 : 4)  (32 : 10)  (33 : 5)  (34 : 2)  (38 : 7)  (39 : 7)  (40 : 1)  (45 : 3)  (46 : 3)  (47 : 1)  (48 : 4)  (53 : 2)  (54 : 4)  (55 : 2)  (56 : 3)  (61 : 1)  (62 : 3)  (63 : 3)  
real Identify
([ - , 0 , - , - , - , - , - , - , - , 0 ] : 1)  
testCase Num: 178
regaular Num: 19
identify Num: 159
1 2 0 0 2 0 2 2 2 1 
1 2 2 0 2 2 1 0 2 0 
1 2 0 0 2 0 2 2 2 2 
1 2 1 0 2 0 2 2 2 1 
0 0 0 2 1 0 0 0 0 0 
1 2 2 0 2 0 1 0 1 0 
2 0 0 2 2 2 2 1 0 2 
0 0 0 1 2 2 2 1 0 2 
1 2 2 0 0 2 1 0 1 0 
1 2 0 1 1 0 0 0 0 2 
0 2 1 0 0 1 2 1 1 0 
0 0 0 2 1 2 0 0 0 1 
0 0 0 2 1 2 0 0 0 0 
0 0 1 2 1 2 0 0 0 0 
0 1 1 0 2 1 0 2 0 0 
2 2 0 1 0 0 0 0 0 2 
1 2 2 0 2 2 1 0 1 0 
0 2 1 2 0 1 0 1 1 0 
2 0 0 1 2 2 0 1 0 2 
1 2 2 0 2 2 1 0 1 1 
0 0 2 0 2 1 0 2 0 0 
0 0 0 0 1 1 1 2 2 2 
1 2 0 0 2 2 1 0 1 0 
1 0 0 2 0 1 2 0 0 1 
0 1 2 2 1 1 2 0 0 0 
0 0 0 1 1 1 1 2 1 2 
2 0 2 0 0 0 0 1 1 1 
2 0 2 0 0 2 1 1 1 1 
0 0 0 0 0 1 0 0 0 0 
0 0 0 0 0 1 0 1 2 0 
0 0 0 2 2 2 0 0 0 0 
2 0 0 1 0 2 2 1 0 2 
0 0 2 1 0 0 2 2 2 0 
1 2 0 1 0 0 0 0 0 0 
0 1 1 0 0 2 2 0 2 1 
1 2 0 1 0 0 0 0 0 2 
0 1 2 1 1 2 2 0 0 0 
1 2 2 0 2 2 2 0 1 0 
0 1 1 0 0 2 0 2 2 1 
2 1 0 1 0 0 1 0 2 0 
2 1 0 0 0 0 2 0 2 0 
0 0 2 1 1 0 1 2 2 0 
0 0 1 0 1 1 1 2 1 2 
0 0 0 0 1 1 1 2 1 0 
0 0 0 0 1 1 1 2 1 2 
1 0 0 2 0 1 1 0 0 2 
1 0 0 2 0 1 1 0 0 1 
0 2 1 2 0 1 2 1 2 0 
0 2 2 1 1 1 2 0 0 0 
0 2 1 0 0 2 2 2 2 1 
0 0 2 1 0 0 1 2 2 0 
0 0 2 1 0 0 1 2 2 1 
2 1 0 0 1 0 1 0 2 0 
1 0 0 2 1 1 1 0 0 1 
0 0 1 0 0 0 0 1 2 0 
0 0 1 0 0 0 0 0 0 0 
0 0 0 0 0 0 0 1 2 0 
0 0 0 0 0 0 0 1 0 0 
2 2 0 0 0 0 1 0 2 0 
0 0 0 0 0 0 0 2 2 0 
0 2 1 2 0 1 2 1 1 0 
1 0 0 2 0 1 1 0 1 1 
0 0 1 0 2 1 0 0 0 0 
0 2 1 2 0 1 2 1 1 1 
1 1 2 1 1 1 2 0 0 0 
0 1 1 1 0 2 2 2 2 1 
2 2 2 2 1 1 0 2 2 2 
2 1 1 2 2 0 0 0 0 2 
0 0 2 2 0 0 1 2 2 0 
2 0 0 0 0 2 0 1 1 1 
0 1 2 1 1 1 0 0 0 0 
0 0 1 0 0 1 0 2 0 0 
0 1 0 0 0 0 1 0 2 0 
1 2 1 1 0 0 0 0 0 2 
0 1 2 1 2 1 2 0 0 0 
1 2 2 1 2 2 1 0 1 0 
1 0 1 0 2 1 0 2 0 0 
1 2 0 1 0 0 0 1 0 2 
0 0 0 2 1 2 0 0 1 0 
1 2 0 0 2 0 2 2 0 1 
0 1 1 0 0 2 2 2 2 2 
0 0 1 1 2 1 0 2 0 0 
0 1 1 0 0 2 2 2 2 1 
1 2 0 0 2 0 2 0 2 1 
1 2 0 1 0 1 0 0 0 2 
0 1 2 0 0 2 2 2 2 1 
0 0 1 0 2 1 1 2 0 0 
1 0 0 2 0 1 1 1 0 1 
1 0 0 0 2 0 2 2 2 1 
1 1 0 2 0 1 1 0 0 1 
0 1 0 0 1 1 1 2 1 2 
0 1 2 1 1 1 2 0 0 1 
0 1 2 1 1 1 2 0 0 0 
1 2 1 2 0 1 2 1 1 0 
0 1 2 1 0 0 1 2 2 0 
0 1 1 0 1 2 2 2 2 1 
0 1 1 0 0 0 2 2 2 1 
1 2 0 1 0 0 1 0 0 2 
1 2 0 2 0 0 0 0 0 2 
2 0 1 1 2 2 2 1 0 2 
2 0 0 1 2 2 2 1 0 0 
0 0 0 0 0 0 0 0 0 1 
2 0 0 1 2 2 2 2 0 2 
0 0 0 0 0 0 0 0 0 0 
0 0 0 0 0 0 0 1 2 1 
2 1 0 0 0 0 1 0 2 0 
2 1 0 1 2 2 2 1 0 2 
0 2 1 2 0 1 2 2 1 0 
2 1 0 0 0 0 1 0 2 1 
0 2 2 2 0 1 2 1 1 0 
0 1 0 2 1 2 0 0 0 0 
1 0 2 0 2 2 1 0 1 0 
0 0 1 0 2 2 0 2 0 0 
0 0 2 1 0 0 1 2 0 0 
0 1 2 1 1 1 2 0 1 0 
1 1 1 0 0 2 2 2 2 1 
2 0 0 2 0 1 1 0 0 1 
1 0 2 1 0 0 1 2 2 0 
0 1 0 1 1 1 2 0 0 0 
2 0 2 0 0 2 0 2 1 1 
1 0 0 1 0 0 0 0 0 2 
1 2 0 0 2 1 2 2 2 1 
1 1 1 1 1 0 1 1 1 1 
2 1 2 0 0 2 0 1 1 1 
2 2 2 0 2 2 1 0 1 0 
2 0 2 0 1 2 0 1 1 1 
2 0 0 1 2 0 2 1 0 2 
0 2 1 2 1 1 2 1 1 0 
0 0 0 2 1 2 1 0 0 0 
0 0 0 0 0 0 0 0 1 0 
0 1 1 0 0 2 2 2 0 1 
0 0 0 0 1 1 1 0 1 2 
0 0 1 0 2 1 0 2 1 0 
0 0 0 1 0 0 0 0 0 0 
1 0 1 2 0 1 1 0 0 1 
0 0 2 1 0 1 1 2 2 0 
0 0 0 1 0 0 0 1 2 0 
0 0 0 0 1 0 0 0 0 0 
1 0 0 2 1 2 0 0 0 0 
0 0 0 0 1 0 0 1 2 0 
2 0 2 0 0 2 0 1 1 1 
0 1 2 1 1 1 2 1 0 0 
1 0 0 2 0 2 1 0 0 1 
0 0 0 0 1 2 1 2 1 2 
0 0 0 0 1 2 0 0 0 0 
1 2 0 0 0 0 2 2 2 1 
0 0 2 1 0 0 1 0 2 0 
0 0 0 0 2 1 1 2 1 2 
2 0 2 1 0 2 0 1 1 1 
0 0 1 0 2 1 0 2 0 0 
2 2 0 0 2 0 2 2 2 1 
1 2 0 1 0 0 0 0 1 2 
0 0 0 2 1 2 0 1 0 0 
1 2 0 1 2 0 2 2 2 1 
2 1 0 0 0 1 1 0 2 0 
0 0 1 0 2 1 0 2 0 1 
0 0 1 2 0 1 2 1 1 0 
0 0 2 0 0 2 0 1 1 1 
2 0 0 1 2 2 2 1 0 2 
2 1 1 0 0 0 1 0 2 0 
1 2 2 0 2 2 1 1 1 0 
0 1 0 0 0 0 0 0 0 0 
2 1 0 0 0 0 1 1 2 0 
0 0 0 0 1 1 2 2 1 2 
0 1 0 0 0 0 0 1 2 0 
2 1 0 0 0 0 1 0 0 0 
0 0 0 1 0 0 1 2 2 0 
1 0 0 0 1 1 1 2 1 2 
2 0 2 0 0 2 0 1 2 1 
2 0 2 0 0 2 0 1 1 2 
1 0 0 0 0 0 0 1 2 0 
1 0 0 0 0 0 0 0 0 0 
0 2 1 2 0 2 2 1 1 0 
1 0 0 0 0 1 1 0 0 1 
1 2 0 0 2 0 0 2 2 1 
0 0 0 0 0 0 1 0 0 0 
2 0 0 1 2 2 2 1 1 2 
0 0 0 0 0 0 1 1 2 0 
MFS
[ - , - , - , - , - , - , - , - , - , - ]
[ 0 , - , - , - , - , - , - , - , - , - ]
[ - , - , - , 0 , - , - , - , - , - , - ]
[ - , - , 0 , - , - , - , - , - , - , - ]
precise
0.0
recall
0.0
F-measure
0.0
multi
16
time
all 41 iden 1 gen 40
t-cover
224
all-cover
405
coveredNum
(64 : 1)  (2 : 1)  (3 : 6)  (4 : 11)  (5 : 7)  (6 : 8)  (7 : 4)  (8 : 3)  (10 : 2)  (11 : 25)  (12 : 43)  (13 : 41)  (14 : 23)  (15 : 10)  (16 : 7)  (17 : 3)  (18 : 2)  (19 : 10)  (20 : 22)  (21 : 35)  (22 : 23)  (23 : 19)  (24 : 15)  (25 : 5)  (28 : 2)  (29 : 6)  (30 : 9)  (31 : 7)  (32 : 11)  (33 : 5)  (37 : 1)  (38 : 8)  (39 : 8)  (40 : 1)  (41 : 1)  (46 : 1)  (47 : 6)  (48 : 9)  (49 : 2)  (56 : 1)  (57 : 1)  
real Identify

