testCase Num: 87
regaular Num: 18
identify Num: 69
0 2 1 0 1 0 2 2 0 0 
0 2 2 0 1 0 1 1 1 2 
0 1 0 0 0 0 1 0 0 2 
1 1 1 2 2 0 0 2 0 0 
0 1 1 0 0 1 2 0 2 1 
1 1 0 0 0 0 0 0 0 2 
0 1 0 1 0 0 2 1 0 1 
0 1 2 1 0 0 2 1 0 2 
0 1 2 1 0 0 2 1 0 1 
0 1 0 1 0 0 0 0 0 2 
0 1 2 1 0 0 2 1 1 1 
0 1 1 0 2 0 0 2 0 0 
0 0 1 0 1 2 2 2 0 0 
1 2 2 0 1 0 1 0 1 2 
0 1 2 1 0 1 2 1 0 1 
0 2 2 0 1 0 2 0 1 2 
0 2 1 0 1 2 2 0 0 0 
2 0 2 0 0 1 1 0 2 0 
0 2 1 0 2 1 2 0 2 1 
0 2 1 0 1 2 2 2 0 1 
0 2 1 0 1 2 2 2 0 0 
0 2 2 0 1 2 2 2 0 0 
0 0 0 0 0 0 0 0 0 1 
0 0 0 0 0 0 0 0 0 0 
0 1 0 0 0 0 0 1 0 2 
0 1 1 0 2 1 2 0 2 2 
0 1 1 0 2 1 2 0 2 1 
0 1 1 0 0 0 0 0 0 2 
2 0 1 1 0 0 0 0 0 0 
1 1 1 1 1 1 1 1 1 0 
1 0 0 2 0 1 2 0 0 0 
0 2 2 1 1 0 1 0 1 2 
0 2 2 0 2 0 1 0 1 2 
0 1 1 2 2 1 0 2 0 0 
0 2 0 0 0 0 0 0 0 2 
0 0 0 0 0 1 0 0 0 0 
1 1 1 0 2 1 2 0 2 1 
0 1 2 2 0 0 2 1 0 1 
1 2 0 1 0 0 2 2 2 2 
0 1 0 0 1 0 0 0 0 2 
0 2 1 0 1 2 2 2 1 0 
0 1 1 2 2 0 0 2 1 0 
0 0 0 0 0 0 0 0 1 0 
0 2 1 1 1 2 2 2 0 0 
2 1 0 2 0 2 2 0 1 0 
1 0 0 1 1 2 1 0 0 1 
0 0 2 0 1 0 1 0 1 2 
0 0 0 1 0 0 0 0 0 0 
0 1 0 0 0 0 0 0 1 2 
1 1 2 1 0 0 2 1 0 1 
1 2 1 0 1 2 2 2 0 0 
1 2 0 0 2 1 0 1 0 2 
0 0 0 0 1 0 0 0 0 0 
0 1 2 1 0 0 0 1 0 1 
0 1 2 1 0 0 2 2 0 1 
0 2 2 0 1 1 1 0 1 2 
0 1 1 0 2 2 2 0 2 1 
0 2 2 1 0 0 2 1 0 1 
0 2 1 0 1 2 0 2 0 0 
0 1 2 0 2 1 2 0 2 1 
0 1 2 1 1 0 2 1 0 1 
0 1 1 2 2 0 0 0 0 0 
0 0 1 0 0 0 0 0 0 0 
0 1 1 2 2 0 0 2 0 0 
0 2 2 0 1 0 1 0 2 2 
0 1 2 2 2 0 0 2 0 0 
0 1 1 2 2 0 0 2 0 1 
0 0 0 0 0 0 0 1 0 0 
0 1 1 0 2 1 0 0 2 1 
0 1 1 0 2 1 2 0 0 1 
0 1 1 0 2 1 2 1 2 1 
0 2 1 2 2 0 0 2 0 0 
0 1 0 0 0 0 0 0 0 0 
0 1 0 0 0 0 0 0 0 2 
2 2 2 2 2 2 1 2 0 1 
0 2 1 0 2 2 2 2 0 0 
2 0 1 2 1 2 0 1 2 2 
1 0 2 1 2 1 0 2 1 1 
1 0 0 0 0 0 0 0 0 0 
0 1 0 0 0 1 0 0 0 2 
0 1 1 2 0 0 0 2 0 0 
0 1 1 1 2 1 2 0 2 1 
0 2 2 0 1 0 1 0 1 0 
0 1 1 2 2 0 1 2 0 0 
0 2 2 0 1 0 1 0 1 2 
0 0 0 0 0 0 1 0 0 0 
0 2 0 0 1 0 1 0 1 2 
MFS
[ 0 , - , - , - , - , - , - , - , - , - ]
[ 0 , - , - , 0 , - , - , - , - , - , - ]
precise
0.5
recall
0.16666666666666666
F-measure
0.25
multi
5
time
all 2 iden 0 gen 2
t-cover
394
all-cover
405
coveredNum
(1 : 28)  (2 : 45)  (3 : 44)  (4 : 41)  (5 : 24)  (6 : 9)  (7 : 1)  (8 : 1)  (9 : 4)  (10 : 31)  (11 : 43)  (12 : 32)  (13 : 16)  (14 : 12)  (15 : 2)  (16 : 1)  (18 : 6)  (19 : 12)  (20 : 14)  (21 : 13)  (22 : 3)  (23 : 1)  (27 : 1)  (28 : 7)  (29 : 6)  (30 : 1)  (36 : 1)  (37 : 3)  (45 : 3)  
real Identify
([ 0 , - , - , 0 , - , - , - , - , - , - ] : 1)  
testCase Num: 87
regaular Num: 18
identify Num: 69
0 1 0 0 0 0 1 2 0 0 
1 1 1 1 0 1 1 1 1 1 
1 0 1 1 2 2 2 2 0 0 
0 1 1 0 1 2 2 1 1 0 
0 0 2 1 0 0 0 2 2 2 
1 1 0 0 0 0 0 2 0 0 
0 2 1 0 2 2 1 0 1 0 
0 0 0 2 0 0 1 1 2 0 
0 1 0 1 0 0 0 2 0 0 
0 2 1 0 2 2 2 0 1 2 
1 2 0 0 1 1 1 2 0 2 
0 2 0 2 0 0 1 1 2 0 
0 2 1 1 2 2 1 0 1 2 
0 2 0 2 0 0 1 1 2 1 
0 0 1 0 2 2 1 0 1 2 
0 2 1 2 0 0 1 1 2 0 
1 2 1 0 2 2 1 0 1 2 
0 1 0 1 1 2 2 1 1 0 
0 0 0 0 0 0 0 0 0 1 
0 0 0 0 0 0 0 0 0 0 
1 2 0 1 2 0 0 2 2 1 
0 1 1 0 0 0 0 2 0 0 
0 1 2 0 1 2 2 0 2 1 
0 1 0 0 1 0 2 1 1 0 
0 2 0 2 1 0 1 1 2 0 
0 1 2 1 0 0 0 2 1 2 
0 0 0 0 0 1 0 0 0 0 
0 2 0 0 0 0 0 2 0 0 
0 2 1 0 2 2 1 0 1 2 
0 1 0 0 2 2 2 1 1 0 
0 1 0 0 1 2 0 1 1 0 
1 0 2 0 0 0 2 0 0 0 
0 2 0 2 0 0 2 1 2 0 
0 1 2 0 1 1 2 0 2 2 
0 1 0 0 1 2 2 2 1 0 
0 1 2 0 1 1 2 0 2 1 
0 1 0 0 1 1 2 0 2 1 
0 1 0 0 1 0 0 2 0 0 
0 2 0 0 1 2 2 1 1 0 
2 1 0 2 1 0 0 1 1 2 
0 0 0 0 0 0 0 0 1 0 
0 0 2 1 1 0 0 2 1 2 
1 2 0 2 0 0 1 1 2 0 
0 2 1 0 0 2 1 0 1 2 
0 0 0 1 0 0 0 0 0 0 
0 1 0 0 0 0 0 2 1 0 
0 0 0 0 1 0 0 0 0 0 
0 2 0 0 0 0 1 1 2 0 
0 0 2 1 0 0 1 2 1 2 
0 0 2 2 0 0 0 2 1 2 
0 1 2 1 1 1 2 0 2 1 
1 1 2 0 1 1 2 0 2 1 
0 2 1 0 2 2 1 0 2 2 
1 0 2 1 0 0 0 2 1 2 
0 2 0 2 0 0 1 1 0 0 
0 2 0 2 0 0 1 2 2 0 
1 1 1 2 2 0 1 0 0 1 
0 1 2 0 2 1 2 0 2 1 
0 0 1 0 0 0 0 0 0 0 
1 1 0 0 1 2 2 1 1 0 
0 0 0 0 0 0 0 1 0 0 
0 1 0 0 0 0 0 2 0 1 
0 0 0 1 0 0 0 2 1 2 
0 1 0 0 0 0 0 0 0 0 
2 0 2 2 2 1 1 1 0 0 
0 1 0 0 0 0 0 2 0 0 
0 2 0 2 0 1 1 1 2 0 
0 1 0 0 1 2 2 1 2 0 
0 0 2 1 0 0 0 0 1 2 
0 0 2 1 0 0 0 2 1 0 
2 2 2 2 0 2 2 2 2 2 
0 2 1 0 2 0 1 0 1 2 
0 0 2 1 0 0 0 2 1 2 
0 2 2 0 1 1 2 0 2 1 
2 0 1 1 1 2 0 0 2 1 
0 2 2 0 2 2 1 0 1 2 
0 2 1 0 2 2 1 1 1 2 
0 0 2 1 0 1 0 2 1 2 
0 1 2 0 1 1 0 0 2 1 
1 0 0 0 0 0 0 0 0 0 
0 1 2 0 1 1 2 0 0 1 
0 1 2 0 1 1 2 1 2 1 
0 1 0 0 1 2 2 1 1 1 
0 1 0 0 1 2 2 1 1 0 
0 1 0 0 0 1 0 2 0 0 
2 0 0 0 0 1 0 0 0 0 
0 0 0 0 0 0 1 0 0 0 
MFS
[ 0 , - , - , - , - , - , - , - , - , - ]
[ 0 , - , - , 0 , - , - , - , - , - , - ]
precise
0.5
recall
0.16666666666666666
F-measure
0.25
multi
5
time
all 15 iden 0 gen 15
t-cover
395
all-cover
405
coveredNum
(1 : 18)  (2 : 40)  (3 : 59)  (4 : 34)  (5 : 18)  (6 : 11)  (7 : 3)  (9 : 6)  (10 : 32)  (11 : 53)  (12 : 33)  (13 : 25)  (14 : 7)  (15 : 2)  (18 : 5)  (19 : 8)  (20 : 18)  (21 : 9)  (22 : 3)  (27 : 2)  (28 : 5)  (29 : 4)  (30 : 3)  (36 : 3)  (37 : 3)  (45 : 1)  
real Identify
([ 0 , - , - , 0 , - , - , - , - , - , - ] : 1)  
testCase Num: 87
regaular Num: 18
identify Num: 70
0 1 2 0 2 1 0 0 1 2 
0 1 2 0 2 1 0 2 1 0 
0 2 1 1 1 2 0 1 2 1 
1 2 1 0 1 2 0 1 2 1 
0 0 0 1 0 0 0 0 2 2 
0 2 0 0 0 0 0 0 1 0 
0 0 0 0 1 0 0 0 2 2 
0 2 0 1 1 1 2 0 2 0 
0 1 2 0 2 2 0 2 1 2 
0 2 0 1 1 1 2 0 1 0 
0 2 0 1 1 1 2 0 1 1 
0 2 1 0 1 2 0 1 0 1 
0 0 0 2 0 1 1 1 2 0 
0 0 1 0 0 0 0 0 2 2 
0 0 2 2 0 1 1 1 2 1 
0 0 0 0 0 0 0 0 2 0 
0 2 1 0 1 2 0 2 2 1 
0 0 0 0 0 0 0 0 0 1 
0 0 0 0 0 0 0 1 2 2 
0 1 2 0 2 1 1 2 1 2 
0 0 0 0 0 0 0 0 0 0 
0 0 2 2 0 1 1 1 2 0 
0 1 2 2 0 1 1 1 2 0 
0 0 0 0 0 0 0 0 0 2 
0 2 0 1 1 2 2 0 1 0 
0 1 0 0 0 0 0 0 2 2 
1 1 1 1 1 1 1 1 1 0 
1 1 2 0 2 1 0 2 1 2 
0 2 0 0 0 0 0 0 0 1 
0 2 1 1 1 1 2 0 1 0 
0 2 0 0 0 0 0 0 0 0 
0 0 0 0 0 1 0 0 0 0 
0 2 1 0 2 2 0 1 2 1 
1 0 0 0 0 0 0 0 2 2 
1 1 0 1 0 2 0 2 1 2 
1 0 2 2 0 1 1 1 2 0 
0 2 0 0 0 1 0 0 0 0 
0 2 0 2 1 1 2 0 1 0 
0 2 1 0 1 2 1 1 2 1 
0 1 2 0 2 1 0 2 1 2 
0 0 0 0 0 0 0 0 1 0 
0 0 0 0 0 0 1 0 2 2 
0 1 0 0 2 1 0 2 1 2 
0 0 2 2 0 1 2 1 2 0 
0 2 1 0 1 0 0 1 2 1 
1 2 0 1 1 1 2 0 1 0 
0 0 0 1 0 0 0 0 0 0 
0 2 2 0 2 1 0 2 1 2 
2 0 0 0 2 2 0 0 0 0 
0 0 0 0 1 0 0 0 0 0 
0 2 0 0 0 0 1 0 0 0 
0 0 2 2 1 1 1 1 2 0 
2 1 2 1 0 1 2 0 0 1 
1 1 2 2 1 0 0 0 2 0 
0 2 0 1 1 1 0 0 1 0 
1 2 0 0 0 0 0 0 0 0 
0 2 0 1 0 0 0 0 0 0 
0 0 1 0 1 2 0 1 2 1 
2 0 0 2 1 0 1 2 1 1 
0 2 0 1 1 1 2 1 1 0 
0 1 2 0 0 1 0 2 1 2 
0 2 0 1 2 1 2 0 1 0 
1 2 1 2 0 2 1 0 0 2 
0 2 2 0 1 2 0 1 2 1 
0 0 1 0 0 0 0 0 0 0 
0 2 1 0 1 2 0 1 2 1 
0 0 2 2 0 1 1 2 2 0 
0 0 2 2 0 1 1 1 0 0 
0 1 2 0 2 1 0 2 2 2 
0 2 1 0 1 2 0 1 2 2 
0 0 0 0 0 0 0 1 0 0 
0 0 0 0 0 0 0 0 2 2 
1 1 1 0 2 0 1 2 0 0 
0 1 0 0 0 0 0 0 0 0 
1 0 0 1 2 0 2 1 2 1 
0 1 2 1 2 1 0 2 1 2 
0 2 1 0 0 0 0 0 0 0 
0 2 0 0 0 0 0 1 0 0 
2 2 2 2 2 2 2 2 2 0 
0 0 2 2 0 2 1 1 2 0 
0 0 0 0 0 1 0 0 2 2 
0 0 2 0 0 1 1 1 2 0 
1 0 0 0 0 0 0 0 0 0 
0 0 0 1 1 1 2 0 1 0 
2 0 1 0 1 0 2 1 0 2 
0 0 0 0 0 0 1 0 0 0 
0 2 0 0 1 0 0 0 0 0 
MFS
[ 0 , - , - , - , - , - , - , - , - , - ]
[ 0 , - , 0 , - , - , - , - , - , - , - ]
precise
0.5
recall
0.16666666666666666
F-measure
0.25
multi
6
time
all 0 iden 0 gen 0
t-cover
388
all-cover
405
coveredNum
(1 : 24)  (2 : 47)  (3 : 49)  (4 : 48)  (5 : 14)  (6 : 11)  (7 : 6)  (9 : 8)  (10 : 27)  (11 : 47)  (12 : 25)  (13 : 18)  (14 : 13)  (18 : 2)  (19 : 8)  (20 : 9)  (21 : 7)  (22 : 7)  (23 : 4)  (24 : 1)  (27 : 1)  (28 : 5)  (29 : 9)  (30 : 5)  (31 : 2)  (37 : 3)  (38 : 2)  (46 : 3)  
real Identify
([ 0 , - , 0 , - , - , - , - , - , - , - ] : 1)  
testCase Num: 110
regaular Num: 20
identify Num: 90
0 0 2 0 1 0 2 0 0 0 
0 2 2 0 1 1 2 0 1 2 
0 0 2 2 0 2 0 0 0 1 
0 0 0 0 1 2 0 1 0 0 
0 2 1 0 1 1 2 0 1 0 
0 0 0 0 1 2 0 1 0 1 
0 0 0 2 2 2 0 0 1 0 
0 0 1 0 1 2 0 1 0 0 
0 0 1 1 0 0 1 0 0 0 
0 0 2 0 0 0 2 0 0 0 
1 1 0 1 1 1 1 1 1 1 
0 0 2 0 0 0 2 0 0 1 
0 0 0 0 0 0 2 0 0 0 
0 0 1 0 0 0 2 0 0 0 
0 1 1 0 2 1 2 1 0 1 
1 2 0 1 2 2 1 2 2 2 
0 0 0 0 2 2 0 1 0 0 
0 0 0 0 0 1 0 0 0 0 
0 2 1 0 1 1 2 0 1 2 
0 0 1 0 0 1 1 0 0 0 
0 2 1 0 1 1 2 0 2 2 
0 2 0 1 2 2 1 2 2 2 
0 2 0 1 2 2 1 2 2 0 
0 0 0 0 1 0 0 1 0 0 
2 0 1 2 2 2 2 2 2 1 
1 0 2 0 0 0 2 0 0 0 
1 0 0 0 1 2 0 1 0 0 
2 1 0 0 0 0 0 0 0 0 
0 1 0 2 2 1 0 0 1 0 
0 2 0 1 0 2 1 2 2 2 
1 0 0 2 2 1 0 0 1 0 
0 0 0 0 1 2 0 2 0 0 
0 0 0 2 0 1 0 0 1 0 
0 0 2 0 0 0 2 1 0 0 
0 0 0 2 2 1 1 0 1 0 
0 0 1 0 0 0 0 0 0 0 
0 0 0 0 0 0 0 1 0 0 
0 2 2 2 1 2 0 0 0 1 
0 2 1 0 1 1 2 1 1 2 
0 1 1 0 2 0 2 2 0 1 
0 1 2 0 2 0 2 1 0 1 
0 2 2 2 0 2 1 0 0 1 
1 2 2 2 0 2 0 0 0 1 
0 0 1 0 0 0 1 1 0 0 
0 0 2 0 0 0 1 0 0 0 
1 0 1 1 0 1 0 2 0 2 
0 0 0 2 2 1 0 0 1 1 
0 0 0 2 2 1 0 0 1 0 
2 0 0 0 0 0 1 0 1 0 
0 1 1 0 2 0 2 1 1 1 
0 0 2 0 0 1 2 0 0 0 
0 2 2 2 0 2 0 0 0 1 
1 0 1 0 0 0 1 0 0 0 
0 2 2 2 0 2 0 0 0 2 
0 2 1 1 1 1 2 0 1 2 
0 2 0 1 2 2 2 2 2 2 
0 2 0 2 0 2 0 0 0 1 
0 0 1 0 1 1 2 0 1 2 
0 2 0 2 2 2 1 2 2 2 
0 0 0 2 2 1 0 0 2 0 
0 0 0 0 0 0 0 0 0 1 
0 0 0 0 0 0 0 0 0 0 
0 1 1 0 0 0 2 1 0 1 
1 2 0 0 1 0 0 2 2 0 
0 1 1 0 2 0 2 1 0 2 
0 1 1 0 2 0 2 1 0 1 
0 0 0 1 2 2 1 2 2 2 
0 2 2 2 0 2 0 0 1 1 
0 0 0 0 1 2 1 1 0 0 
0 2 0 1 2 2 1 0 2 2 
1 1 0 2 1 1 2 2 0 2 
0 0 1 0 0 0 1 0 0 0 
0 2 1 0 1 2 2 0 1 2 
0 0 1 0 0 0 1 0 0 1 
0 0 0 0 0 0 0 0 1 0 
2 0 2 1 1 1 0 1 2 0 
0 0 0 2 2 1 0 1 1 0 
0 0 0 1 0 0 0 0 0 0 
0 0 0 0 2 1 0 0 1 0 
1 1 1 0 2 0 2 1 0 1 
1 1 2 0 2 2 0 2 1 0 
0 1 1 1 2 0 2 1 0 1 
0 0 0 0 1 0 0 0 0 0 
1 1 1 1 0 0 2 0 2 0 
0 2 2 0 0 2 0 0 0 1 
0 1 1 0 2 0 0 1 0 1 
0 2 2 2 0 2 0 1 0 1 
0 1 0 0 1 2 0 1 0 0 
0 1 2 0 0 0 2 0 0 0 
0 2 0 1 2 0 1 2 2 2 
0 0 2 0 0 0 0 0 0 0 
0 0 1 0 0 0 1 0 1 0 
0 1 0 0 0 0 0 0 0 0 
1 2 1 0 1 1 2 0 1 2 
0 2 1 0 2 0 2 1 0 1 
0 0 1 0 1 0 1 0 0 0 
0 2 1 0 1 1 0 0 1 2 
2 2 2 2 0 0 1 1 0 2 
0 2 0 1 2 2 1 2 0 2 
0 0 0 0 1 2 0 1 1 0 
0 2 1 1 2 2 1 2 2 2 
1 0 0 0 0 0 0 0 0 0 
0 0 2 1 0 0 2 0 0 0 
0 1 1 0 0 0 1 0 0 0 
0 0 1 2 2 1 0 0 1 0 
0 0 0 1 1 2 0 1 0 0 
0 2 2 2 0 0 0 0 0 1 
0 2 1 0 2 1 2 0 1 2 
0 0 0 0 0 0 1 0 0 0 
0 0 2 0 0 0 2 0 1 0 
MFS
[ 0 , - , - , - , - , - , - , - , - , - ]
[ 0 , - , 0 , - , - , - , - , - , - , - ]
[ 0 , - , - , 0 , - , - , - , - , - , - ]
precise
0.6666666666666666
recall
0.3333333333333333
F-measure
0.4444444444444444
multi
7
time
all 15 iden 0 gen 15
t-cover
394
all-cover
405
coveredNum
(1 : 19)  (2 : 27)  (3 : 38)  (4 : 32)  (5 : 18)  (6 : 16)  (7 : 7)  (8 : 4)  (9 : 5)  (10 : 23)  (11 : 49)  (12 : 34)  (13 : 16)  (14 : 21)  (15 : 10)  (16 : 1)  (17 : 1)  (18 : 2)  (19 : 6)  (20 : 10)  (21 : 6)  (22 : 7)  (23 : 6)  (24 : 2)  (26 : 1)  (28 : 2)  (29 : 5)  (30 : 3)  (31 : 7)  (32 : 3)  (33 : 1)  (37 : 2)  (38 : 2)  (39 : 5)  (40 : 6)  (42 : 1)  (47 : 3)  (48 : 1)  (55 : 2)  (56 : 1)  
real Identify
([ 0 , - , 0 , - , - , - , - , - , - , - ] : 1)  ([ 0 , - , - , 0 , - , - , - , - , - , - ] : 1)  
testCase Num: 78
regaular Num: 18
identify Num: 60
0 1 1 0 2 1 0 0 1 1 
0 2 2 2 0 1 1 2 1 2 
1 1 2 0 0 1 1 0 2 0 
0 0 0 2 0 0 0 1 1 2 
0 2 2 2 1 0 1 2 1 2 
0 1 1 0 2 2 0 2 1 1 
0 2 1 1 0 0 2 1 2 1 
0 2 1 1 0 0 2 1 2 2 
2 0 2 0 1 0 2 1 1 0 
0 0 1 1 1 2 1 2 0 0 
1 1 0 1 1 1 1 1 1 1 
0 0 1 1 1 2 1 2 0 1 
0 0 2 1 1 2 1 2 0 0 
0 0 1 1 1 2 1 0 0 0 
0 2 2 2 0 0 2 2 1 2 
0 1 1 0 2 1 1 2 1 1 
0 0 0 0 0 0 0 0 0 1 
0 0 0 0 0 0 0 0 0 0 
0 1 1 1 2 1 0 2 1 1 
0 0 0 2 0 0 0 1 0 2 
1 2 0 0 0 2 0 0 0 0 
0 0 0 0 0 1 0 0 0 0 
0 0 0 2 0 0 0 1 0 0 
0 2 2 0 0 0 1 2 1 2 
0 0 1 1 2 2 1 2 0 0 
0 0 1 1 0 0 2 1 2 1 
0 0 1 1 1 2 2 2 0 0 
0 0 0 2 0 1 0 1 0 2 
0 0 1 1 1 0 1 2 0 0 
0 0 0 0 0 0 0 0 1 0 
0 1 2 0 2 1 0 2 1 1 
0 2 1 0 2 1 0 2 1 1 
1 0 1 1 1 2 1 2 0 0 
2 2 0 0 2 2 1 0 1 2 
0 0 1 2 1 2 1 2 0 0 
1 2 1 1 0 0 2 1 2 1 
0 0 0 1 0 0 0 0 0 0 
0 0 0 2 1 0 0 1 0 2 
0 0 0 0 1 0 0 0 0 0 
0 0 0 2 0 0 1 1 0 2 
0 2 1 1 0 0 2 1 0 1 
1 0 0 2 0 0 0 1 0 2 
0 2 1 1 0 0 0 1 2 1 
0 2 1 1 0 0 2 2 2 1 
0 1 1 0 0 1 0 2 1 1 
0 2 1 1 1 0 2 1 2 1 
0 2 2 2 0 0 1 2 2 2 
2 1 0 1 0 0 0 0 0 2 
2 0 2 1 2 2 0 1 0 1 
0 0 1 0 0 0 0 0 0 0 
0 1 1 1 1 2 1 2 0 0 
0 1 1 0 2 1 0 2 2 1 
0 0 0 0 0 0 0 1 0 0 
0 2 1 1 0 1 2 1 2 1 
1 2 2 2 0 0 1 2 1 2 
0 0 0 0 0 0 0 1 0 2 
0 1 0 0 0 0 0 0 0 0 
1 1 1 0 2 1 0 2 1 1 
0 0 1 2 0 0 0 1 0 2 
0 0 0 2 0 0 0 2 0 2 
0 2 2 1 0 0 2 1 2 1 
0 2 0 2 0 0 1 2 1 2 
2 1 1 2 2 2 2 2 2 0 
0 0 2 2 0 0 1 2 1 2 
0 1 0 2 0 0 0 1 0 2 
1 0 0 0 0 0 0 0 0 0 
1 2 1 0 1 1 2 0 0 2 
1 1 0 2 2 0 2 0 0 1 
0 2 1 2 0 0 2 1 2 1 
1 0 0 2 1 1 0 2 2 2 
0 0 1 1 1 2 1 2 1 0 
0 2 2 2 0 0 1 0 1 2 
0 2 2 2 0 0 1 2 1 0 
0 1 1 0 2 1 0 2 1 2 
0 2 2 2 0 0 1 2 1 2 
2 0 0 0 0 1 0 0 0 0 
0 0 0 0 0 0 1 0 0 0 
0 1 1 0 2 1 0 2 1 1 
MFS
[ 0 , - , - , - , - , - , - , - , - , - ]
[ 0 , 0 , - , - , - , - , - , - , - , - ]
precise
0.5
recall
0.16666666666666666
F-measure
0.25
multi
5
time
all 29 iden 0 gen 29
t-cover
388
all-cover
405
coveredNum
(1 : 18)  (2 : 47)  (3 : 62)  (4 : 42)  (5 : 23)  (37 : 3)  (6 : 4)  (7 : 1)  (9 : 8)  (10 : 34)  (11 : 55)  (12 : 36)  (13 : 19)  (14 : 3)  (15 : 3)  (18 : 1)  (19 : 11)  (20 : 13)  (21 : 8)  (22 : 7)  (23 : 1)  (28 : 2)  (29 : 4)  
real Identify
([ 0 , 0 , - , - , - , - , - , - , - , - ] : 1)  
