testCase Num: 238
regaular Num: 51
identify Num: 187
0 3 2 4 2 3 4 1 1 0 2 
0 3 0 1 1 0 0 4 0 0 0 
0 4 0 0 2 1 3 0 0 0 0 
0 0 0 0 0 2 1 0 0 0 4 
3 2 4 2 0 0 0 3 1 2 4 
0 1 4 2 3 2 0 4 4 1 3 
0 4 2 1 1 4 4 1 4 3 0 
0 0 0 0 1 1 0 0 0 0 1 
0 1 4 2 3 2 0 4 4 1 2 
1 1 1 1 1 1 1 1 1 1 0 
0 4 0 1 2 0 3 0 0 0 0 
0 3 2 2 3 1 1 2 3 0 0 
0 3 2 2 3 1 1 2 3 0 4 
1 3 0 4 0 4 0 0 3 0 3 
0 3 2 0 2 3 4 1 1 0 1 
0 0 0 0 0 1 0 1 0 0 1 
1 4 4 4 1 3 1 3 2 0 2 
0 4 2 1 0 0 4 1 4 3 0 
0 3 2 4 2 3 4 1 1 0 1 
0 0 0 0 0 0 1 0 0 0 0 
1 3 2 4 2 3 4 1 1 0 1 
0 0 3 1 0 0 0 0 0 0 2 
0 3 0 1 0 0 0 0 0 0 0 
0 4 2 1 0 4 0 1 4 3 0 
0 4 2 1 0 4 4 2 4 3 0 
0 3 0 4 0 4 0 0 4 0 3 
0 3 2 4 2 3 4 1 1 1 1 
0 3 0 1 0 0 0 4 0 1 0 
0 1 0 2 4 4 1 2 2 0 0 
0 0 0 0 2 0 3 0 0 0 0 
2 0 2 4 1 4 3 0 0 0 3 
0 1 4 2 4 2 0 4 4 1 2 
0 4 1 0 2 0 3 0 0 0 0 
0 0 0 3 0 1 0 3 0 0 0 
3 0 0 0 3 0 2 3 4 0 0 
0 1 3 1 1 1 4 0 2 4 3 
0 2 2 3 0 0 1 4 2 4 3 
0 2 2 3 0 0 1 4 2 4 2 
4 4 3 4 2 0 1 2 4 2 3 
0 3 0 4 0 4 0 0 3 1 3 
0 0 0 3 0 0 1 3 0 0 0 
2 2 2 2 1 2 2 0 2 2 1 
2 0 0 0 0 0 1 0 0 0 0 
4 3 4 0 4 2 1 0 1 3 2 
0 1 4 2 3 2 0 4 4 2 2 
0 0 0 1 0 0 0 0 0 0 0 
0 3 1 1 0 0 0 4 0 0 0 
0 1 0 0 0 1 0 0 0 0 1 
0 3 2 2 4 1 1 2 3 0 4 
0 1 0 3 4 4 0 2 2 0 0 
0 0 0 0 0 0 0 0 1 0 0 
0 2 2 3 1 0 1 4 2 4 2 
0 3 2 2 3 1 1 2 3 1 4 
0 1 0 3 0 0 0 3 0 0 0 
0 3 0 4 0 4 0 0 3 0 4 
0 3 0 4 0 4 0 0 3 0 3 
0 3 0 0 0 4 0 0 3 0 3 
0 3 2 4 2 3 4 2 1 0 1 
0 1 0 0 0 0 0 0 0 0 0 
4 3 1 2 3 3 3 0 2 4 0 
3 1 3 3 3 0 0 1 1 0 1 
0 1 4 0 1 1 4 0 2 4 3 
0 3 0 4 0 4 1 0 3 0 3 
0 0 0 3 0 0 0 3 1 0 0 
3 3 0 3 1 3 3 2 3 3 2 
0 4 0 0 2 0 3 1 0 0 0 
0 1 2 0 4 2 3 3 1 1 0 
0 1 3 0 1 1 4 0 3 4 3 
1 0 0 0 0 0 0 0 0 0 0 
0 0 0 1 0 2 0 0 0 0 4 
0 0 4 0 0 0 0 0 0 0 2 
1 4 1 0 0 2 4 2 3 1 1 
0 3 2 4 3 3 4 1 1 0 1 
1 0 0 3 0 0 0 3 0 0 0 
1 1 3 0 1 1 4 0 2 4 3 
0 0 1 0 0 1 0 0 0 0 1 
0 4 3 1 0 4 4 1 4 3 0 
0 2 2 3 0 1 1 4 2 4 2 
0 0 0 0 0 3 0 0 0 0 4 
0 3 2 2 3 1 1 3 3 0 4 
2 4 0 4 3 1 2 4 1 4 4 
0 0 0 1 0 1 0 0 0 0 1 
0 0 3 0 0 0 0 0 1 0 2 
1 1 2 4 4 2 3 3 1 1 0 
0 3 2 4 2 3 4 1 2 0 1 
1 0 3 0 0 0 0 0 0 0 2 
2 1 4 0 2 0 2 1 3 3 0 
0 0 0 3 0 0 0 3 0 0 1 
0 0 0 3 0 0 0 3 0 0 0 
0 1 3 0 0 0 0 0 0 0 2 
0 1 0 2 4 4 0 3 2 0 0 
0 2 1 2 3 4 2 2 0 2 2 
0 2 4 2 3 2 0 4 4 1 2 
1 1 4 2 3 2 0 4 4 1 2 
0 4 2 1 0 4 4 1 0 3 0 
0 1 3 0 1 1 4 0 2 0 3 
0 2 2 4 0 0 1 4 2 4 2 
0 1 3 4 4 2 3 3 1 1 0 
0 3 2 4 2 3 0 1 1 0 1 
0 2 2 3 0 0 1 0 2 4 2 
0 2 3 0 1 1 4 0 2 4 3 
0 3 0 2 0 0 0 4 0 0 0 
0 1 2 4 0 2 3 3 1 1 0 
0 0 3 0 0 0 1 0 0 0 2 
0 4 0 4 0 4 0 0 3 0 3 
2 1 0 0 1 3 4 0 4 2 4 
1 0 3 2 2 2 1 4 0 3 1 
0 0 1 0 0 0 0 0 0 0 0 
0 1 4 2 3 2 1 4 4 1 2 
4 0 4 1 3 4 4 3 3 4 1 
0 2 2 4 4 2 3 3 1 1 0 
0 3 2 2 3 2 1 2 3 0 4 
0 1 0 2 3 2 0 4 4 1 2 
1 2 0 0 0 0 2 1 4 4 0 
0 1 2 4 4 2 4 3 1 1 0 
0 1 3 0 1 1 0 0 2 4 3 
0 2 1 1 4 4 2 2 0 2 2 
0 0 0 0 0 0 0 1 0 0 0 
0 1 4 3 3 2 0 4 4 1 2 
0 1 4 2 3 2 0 4 0 1 2 
0 0 0 0 0 1 1 0 0 0 1 
0 3 2 3 3 1 1 2 3 0 4 
0 1 0 2 4 4 0 2 2 1 0 
0 0 0 0 1 0 0 0 0 0 0 
0 2 1 1 3 0 2 2 0 2 2 
0 0 3 0 0 0 0 0 0 1 2 
2 3 3 1 0 3 2 3 0 1 3 
3 0 2 0 4 3 0 4 3 2 0 
0 1 4 2 3 3 0 4 4 1 2 
0 0 0 3 1 0 0 3 0 0 0 
2 0 1 3 4 1 2 2 4 0 2 
1 2 3 0 4 4 3 4 1 0 4 
0 1 3 0 2 1 4 0 2 4 3 
0 4 0 0 2 0 3 0 0 0 1 
0 4 0 0 2 0 3 0 0 0 0 
0 0 0 3 0 0 0 3 0 1 0 
0 2 1 1 3 4 2 3 0 2 2 
0 1 0 2 4 4 0 2 2 0 1 
0 1 0 2 4 4 0 2 2 0 0 
0 3 1 4 0 4 0 0 3 0 3 
0 3 0 1 0 0 1 4 0 0 0 
0 0 0 0 0 2 0 1 0 0 4 
0 4 2 2 3 1 1 2 3 0 4 
3 2 1 4 2 1 0 3 2 3 4 
0 0 3 0 1 0 0 0 0 0 2 
4 0 4 1 1 2 0 2 1 0 3 
0 0 1 0 0 2 0 0 0 0 4 
4 1 4 3 0 1 3 1 0 2 4 
0 3 3 4 2 3 4 1 1 0 1 
0 4 0 0 2 0 3 0 0 1 0 
0 2 1 1 3 4 2 2 0 2 3 
1 4 2 3 3 4 0 0 1 3 3 
0 2 1 1 3 4 2 2 0 2 2 
0 3 3 2 3 1 1 2 3 0 4 
0 4 2 2 0 4 4 1 4 3 0 
0 1 3 0 1 1 4 0 2 4 4 
4 2 1 0 1 0 4 4 4 1 3 
2 2 3 3 2 3 0 2 3 4 0 
0 1 2 4 4 2 3 3 2 1 0 
0 1 3 0 1 1 4 0 2 4 3 
0 0 0 0 1 2 0 0 0 0 4 
0 3 2 4 2 4 4 1 1 0 1 
1 1 0 2 4 4 0 2 2 0 0 
0 0 0 3 0 0 0 4 0 0 0 
0 3 0 1 0 1 0 4 0 0 0 
0 2 1 1 3 4 2 2 0 3 2 
0 1 0 2 4 4 0 2 3 0 0 
0 4 2 4 2 3 4 1 1 0 1 
0 4 0 0 3 0 3 0 0 0 0 
0 1 0 2 4 0 0 2 2 0 0 
0 0 3 0 0 0 0 0 0 0 3 
0 0 3 0 0 0 0 0 0 0 2 
0 0 0 0 0 2 0 0 0 1 4 
0 0 1 3 0 0 0 3 0 0 0 
4 0 2 0 0 0 2 0 0 0 0 
0 0 0 0 0 2 0 0 0 0 0 
0 0 0 0 0 2 0 0 0 0 1 
3 4 0 2 4 2 4 1 0 4 3 
0 1 2 4 4 2 3 3 1 1 0 
0 1 4 2 3 2 0 0 4 1 2 
0 3 1 1 3 4 2 2 0 2 2 
0 4 0 1 0 0 0 4 0 0 0 
1 2 1 1 3 4 2 2 0 2 2 
1 4 2 1 0 4 4 1 4 3 0 
1 0 0 0 0 1 0 0 0 0 1 
0 1 1 2 4 4 0 2 2 0 0 
1 3 0 1 0 0 0 4 0 0 0 
0 2 1 1 3 4 2 2 1 2 2 
0 3 0 4 1 4 0 0 3 0 3 
0 1 2 4 4 3 3 3 1 1 0 
0 1 2 4 4 2 3 3 1 1 1 
0 3 2 2 3 1 2 2 3 0 4 
0 2 2 3 0 0 1 4 3 4 2 
0 2 3 3 0 0 1 4 2 4 2 
0 3 0 4 0 4 0 1 3 0 3 
0 0 0 0 0 2 0 0 0 0 4 
0 4 0 0 2 0 4 0 0 0 0 
0 1 0 0 0 2 0 0 0 0 4 
0 0 0 0 0 1 0 0 1 0 1 
0 3 0 1 0 0 0 4 0 0 1 
0 3 0 1 0 0 0 4 0 0 0 
0 1 2 4 4 2 3 3 1 2 0 
0 2 0 2 4 4 0 2 2 0 0 
0 0 2 1 0 4 4 1 4 3 0 
0 1 0 2 0 4 0 2 2 0 0 
0 2 2 1 3 4 2 2 0 2 2 
0 3 0 4 0 0 0 0 3 0 3 
4 0 0 3 2 2 4 1 2 1 2 
0 0 0 0 0 0 0 0 0 0 0 
0 3 2 3 0 0 1 4 2 4 2 
0 0 0 0 0 0 0 0 0 0 1 
0 0 0 4 0 0 0 3 0 0 0 
0 0 3 0 0 0 0 1 0 0 2 
3 0 0 1 2 4 1 0 2 1 4 
0 0 0 0 0 0 0 0 0 1 0 
0 4 2 1 0 4 4 1 4 3 1 
0 0 3 0 0 1 0 0 0 0 2 
0 4 2 1 0 4 4 1 4 3 0 
0 2 2 3 0 0 2 4 2 4 2 
0 3 2 2 3 1 1 2 4 0 4 
0 0 0 0 0 1 0 0 0 1 1 
0 0 0 0 0 2 0 0 1 0 4 
0 2 2 3 0 0 1 4 2 0 2 
1 0 0 0 0 2 0 0 0 0 4 
0 2 1 1 3 4 3 2 0 2 2 
0 1 2 4 4 2 3 4 1 1 0 
0 0 0 0 0 1 0 0 0 0 2 
0 0 0 0 0 1 0 0 0 0 1 
0 3 0 1 0 0 0 4 1 0 0 
0 4 0 0 2 0 3 0 1 0 0 
1 4 0 0 2 0 3 0 0 0 0 
0 4 2 1 0 4 4 1 4 4 0 
1 3 2 2 3 1 1 2 3 0 4 
0 1 3 0 1 2 4 0 2 4 3 
0 0 0 0 0 1 0 0 0 0 0 
0 1 3 0 1 1 4 1 2 4 3 
1 3 0 1 4 0 3 3 4 2 1 
1 2 2 3 0 0 1 4 2 4 2 
MFS
[ 0 , - , - , - , - , - , 0 , - , - , - , - ]
[ 0 , - , - , - , - , - , - , - , - , - , - ]
[ 0 , - , - , - , - , - , - , - , - , - , 0 ]
[ 0 , - , - , - , - , - , - , - , 0 , - , - ]
[ 0 , - , - , - , - , - , - , - , - , 0 , - ]
precise
0.8
recall
0.4
F-measure
0.5333333333333333
multi
12
time
all 78 iden 15 gen 63
t-cover
1361
all-cover
1375
coveredNum
(1 : 160)  (2 : 246)  (3 : 186)  (4 : 109)  (5 : 43)  (6 : 17)  (7 : 11)  (8 : 15)  (9 : 10)  (10 : 48)  (11 : 104)  (12 : 123)  (13 : 78)  (14 : 27)  (15 : 14)  (16 : 15)  (17 : 4)  (18 : 4)  (19 : 1)  (20 : 11)  (21 : 30)  (22 : 18)  (23 : 15)  (24 : 4)  (25 : 3)  (26 : 1)  (27 : 6)  (28 : 2)  (29 : 1)  (31 : 1)  (32 : 6)  (33 : 2)  (34 : 1)  (35 : 1)  (36 : 3)  (40 : 1)  (41 : 1)  (42 : 2)  (43 : 1)  (44 : 3)  (45 : 6)  (46 : 2)  (47 : 1)  (51 : 1)  (52 : 3)  (53 : 2)  (54 : 5)  (55 : 2)  (56 : 1)  (57 : 3)  (61 : 1)  (62 : 1)  (63 : 2)  (64 : 1)  (65 : 3)  (71 : 1)  (72 : 1)  (73 : 3)  (74 : 1)  (81 : 1)  (82 : 2)  (83 : 1)  (92 : 1)  (93 : 1)  (112 : 1)  
real Identify
([ 0 , - , - , - , - , - , 0 , - , - , - , - ] : 1)  ([ 0 , - , - , - , - , - , - , - , - , - , 0 ] : 1)  ([ 0 , - , - , - , - , - , - , - , 0 , - , - ] : 1)  ([ 0 , - , - , - , - , - , - , - , - , 0 , - ] : 1)  
testCase Num: 203
regaular Num: 50
identify Num: 153
0 2 2 1 4 3 2 1 3 4 0 
0 1 1 2 0 3 4 3 1 3 2 
1 1 1 1 1 1 1 1 1 1 0 
0 2 1 2 0 2 4 3 1 3 2 
0 0 2 0 0 0 4 0 0 1 1 
0 1 3 1 2 4 3 2 1 1 0 
0 0 0 2 0 0 0 0 3 1 0 
0 0 2 0 0 0 4 0 0 1 0 
0 3 3 4 4 0 4 4 1 2 4 
0 0 0 0 0 1 0 0 0 3 0 
0 0 4 1 3 1 2 3 3 0 3 
0 0 0 0 0 0 1 0 0 0 0 
2 2 0 0 0 0 0 0 0 0 0 
4 2 2 0 3 4 3 4 1 3 3 
0 1 2 2 0 2 4 3 1 3 2 
0 4 0 3 1 4 4 4 2 0 1 
2 1 2 2 0 2 2 2 2 2 1 
0 0 2 0 0 0 4 0 0 2 0 
0 0 0 0 1 4 0 3 0 0 0 
0 0 0 0 0 1 0 0 0 2 1 
0 0 0 0 0 1 0 0 0 2 0 
0 1 1 3 0 2 4 3 1 3 2 
1 0 2 0 0 0 4 0 0 1 0 
0 2 2 1 4 3 2 1 2 0 0 
4 3 1 3 2 0 3 1 0 0 1 
0 1 0 0 0 3 0 4 0 0 0 
0 3 3 0 4 0 4 3 1 2 4 
0 1 0 0 0 4 0 3 0 0 0 
0 0 1 0 0 4 0 3 0 0 0 
1 2 2 2 3 3 1 1 4 0 4 
0 0 0 0 1 1 0 0 0 2 0 
0 0 4 0 3 2 2 3 3 0 3 
0 0 2 0 0 0 4 0 1 1 0 
0 0 0 2 1 0 0 0 3 0 0 
0 0 2 0 0 0 0 0 0 1 0 
0 0 0 0 0 1 0 1 0 2 0 
0 0 4 0 3 1 3 3 3 0 3 
1 3 0 2 4 4 0 4 0 1 3 
3 2 0 3 2 3 2 3 3 1 2 
3 4 2 2 2 0 2 4 1 4 0 
2 0 4 3 0 0 1 4 4 1 3 
1 2 2 1 4 3 2 1 2 4 0 
0 0 0 1 0 0 0 0 0 0 0 
0 0 3 1 2 4 3 3 1 1 0 
0 0 1 0 0 3 0 4 0 0 0 
0 2 2 1 4 3 3 1 2 4 0 
3 4 3 2 1 0 4 2 1 0 3 
0 0 4 1 2 4 3 2 1 1 0 
0 0 0 0 0 0 0 0 1 0 0 
0 0 0 2 0 0 0 0 3 0 0 
0 0 0 2 0 0 0 0 3 0 1 
1 1 1 0 0 3 4 0 4 2 0 
0 3 4 0 0 0 2 0 4 3 0 
0 1 4 0 3 1 2 3 3 0 3 
0 2 2 2 3 3 2 1 4 0 4 
0 3 4 0 0 0 2 0 4 3 1 
0 3 3 4 4 0 0 3 1 2 4 
0 0 0 0 0 4 0 4 0 0 0 
4 1 0 1 3 0 0 0 0 4 2 
0 1 0 0 0 0 0 0 0 0 0 
2 1 1 4 2 4 2 0 3 0 3 
3 0 0 3 0 4 4 1 0 4 4 
0 0 0 1 0 4 0 3 0 0 0 
0 0 3 1 3 4 3 2 1 1 0 
0 2 2 2 3 3 1 1 4 1 4 
4 4 1 0 2 1 0 3 2 1 4 
1 0 0 0 0 0 0 0 0 0 0 
0 4 4 3 1 4 4 4 3 0 1 
0 2 2 2 3 4 1 1 4 0 4 
0 0 4 0 3 1 2 3 4 0 3 
3 3 3 1 3 0 1 0 2 3 2 
3 0 1 2 4 1 3 2 4 0 2 
0 0 0 0 0 3 0 0 0 0 0 
0 0 3 1 2 4 3 2 1 2 0 
0 3 3 4 4 0 4 3 1 2 0 
4 1 3 1 0 1 2 4 0 0 4 
0 3 3 4 4 0 4 3 1 2 4 
0 0 3 1 2 4 4 2 1 1 0 
0 2 2 1 4 3 2 2 2 4 0 
0 0 2 0 1 0 4 0 0 1 0 
3 3 2 4 0 1 0 0 0 1 2 
0 2 2 1 4 3 2 1 2 4 1 
0 0 4 0 4 1 2 3 3 0 3 
1 3 4 0 0 0 2 0 4 3 0 
0 4 4 0 0 0 2 0 4 3 0 
0 0 3 1 2 4 3 2 1 1 0 
0 0 0 0 0 0 0 3 0 0 0 
0 0 3 1 2 4 3 2 1 1 1 
0 3 3 4 4 0 4 3 1 3 4 
0 2 2 2 4 3 1 1 4 0 4 
0 0 0 2 0 0 0 1 3 0 0 
0 2 2 1 4 3 2 1 2 4 0 
0 0 4 0 3 1 2 3 3 0 3 
2 4 4 0 4 0 0 2 0 0 4 
0 0 4 0 3 1 2 3 3 0 4 
1 4 0 4 3 4 1 1 4 2 2 
0 3 3 4 4 1 4 3 1 2 4 
0 0 0 1 0 3 0 4 0 0 0 
0 3 4 0 0 0 3 0 4 3 0 
0 0 2 0 0 0 4 1 0 1 0 
0 2 2 2 3 3 1 1 4 0 0 
0 0 0 1 0 1 0 0 0 2 0 
4 2 4 2 1 3 0 0 1 3 4 
0 2 2 2 3 3 1 1 4 0 4 
0 0 1 0 0 0 0 0 0 0 0 
1 4 4 3 1 4 4 4 2 0 1 
2 1 0 3 4 1 3 0 1 3 1 
0 0 4 0 3 1 2 3 3 1 3 
0 2 3 1 4 3 2 1 2 4 0 
0 0 0 0 0 3 0 4 0 1 0 
0 0 2 0 0 1 4 0 0 1 0 
0 0 0 0 0 0 0 1 0 0 0 
0 0 3 1 2 4 3 2 2 1 0 
0 4 4 3 1 4 0 4 2 0 1 
0 0 2 1 0 0 4 0 0 1 0 
1 0 3 1 2 4 3 2 1 1 0 
1 1 1 2 0 2 4 3 1 3 2 
0 0 0 0 1 0 0 0 0 0 0 
4 0 0 1 2 2 4 1 4 2 3 
0 2 2 1 4 4 2 1 2 4 0 
0 0 0 0 0 3 0 4 0 0 1 
0 0 0 2 0 1 0 0 3 0 0 
1 0 2 3 2 2 1 3 4 0 0 
0 0 0 0 0 3 0 4 0 0 0 
0 0 0 0 0 4 1 3 0 0 0 
1 0 0 4 1 3 3 3 2 4 3 
3 1 4 0 1 2 3 1 0 2 2 
0 2 2 1 0 3 2 1 2 4 0 
0 2 3 2 3 3 1 1 4 0 4 
0 3 2 1 4 3 2 1 2 4 0 
0 0 0 3 0 0 0 0 3 0 0 
0 1 1 2 0 2 4 3 2 3 2 
0 0 0 0 0 2 0 0 0 2 0 
1 0 4 0 3 1 2 3 3 0 3 
0 0 0 0 1 3 0 4 0 0 0 
0 0 4 0 3 1 2 4 3 0 3 
0 3 4 0 1 0 2 0 4 3 0 
3 0 0 0 3 2 1 0 0 1 1 
0 2 2 2 3 3 1 2 4 0 4 
0 2 2 2 4 3 2 1 2 4 0 
0 4 4 3 1 4 4 4 2 0 1 
0 4 4 3 1 4 4 4 2 0 2 
0 3 2 2 3 3 1 1 4 0 4 
2 2 1 1 3 1 4 3 0 4 1 
0 0 1 0 0 1 0 0 0 2 0 
0 3 3 4 4 0 4 3 2 2 4 
0 4 4 3 2 4 4 4 2 0 1 
0 3 4 0 0 0 2 0 0 3 0 
0 4 4 3 1 4 4 4 2 1 1 
1 2 3 3 3 2 0 2 3 2 0 
0 3 0 0 0 0 2 0 4 3 0 
0 1 1 2 1 2 4 3 1 3 2 
0 1 1 2 0 2 4 4 1 3 2 
0 0 0 0 0 4 0 3 0 0 1 
1 3 3 4 4 0 4 3 1 2 4 
0 0 3 1 2 0 3 2 1 1 0 
0 0 0 0 0 4 0 3 0 0 0 
0 4 3 4 4 0 4 3 1 2 4 
0 3 4 0 0 0 2 0 4 4 0 
0 1 0 0 0 1 0 0 0 2 0 
0 0 0 0 0 0 0 0 0 0 0 
0 0 0 0 0 0 0 0 0 0 1 
0 2 2 3 3 3 1 1 4 0 4 
0 1 1 2 0 2 0 3 1 3 2 
1 0 0 0 0 4 0 3 0 0 0 
0 0 0 2 0 0 0 0 4 0 0 
0 0 4 3 1 4 4 4 2 0 1 
0 0 0 0 0 3 1 4 0 0 0 
0 0 1 2 0 0 0 0 3 0 0 
0 3 4 1 0 0 2 0 4 3 0 
0 0 0 0 0 4 0 3 0 1 0 
1 4 4 1 0 2 3 0 3 4 4 
1 0 2 4 1 0 2 1 3 3 1 
0 0 0 0 0 1 1 0 0 2 0 
1 0 0 0 0 3 0 4 0 0 0 
0 0 0 0 0 0 0 0 0 1 0 
0 0 3 2 2 4 3 2 1 1 0 
4 3 0 0 4 2 1 2 3 4 0 
1 0 0 0 0 1 0 0 0 2 0 
0 3 4 0 0 1 2 0 4 3 0 
0 3 3 4 0 0 4 3 1 2 4 
0 1 1 2 0 2 4 3 1 4 2 
1 0 0 2 0 0 0 0 3 0 0 
0 0 0 0 0 4 0 3 1 0 0 
0 0 3 0 0 0 4 0 0 1 0 
0 4 4 4 1 4 4 4 2 0 1 
0 4 4 3 1 4 4 0 2 0 1 
0 1 0 2 0 0 0 0 3 0 0 
0 3 4 0 0 0 2 1 4 3 0 
4 4 4 4 2 3 1 2 0 3 0 
0 0 0 2 0 0 1 0 3 0 0 
2 2 1 4 0 2 4 4 3 2 2 
0 0 0 0 0 3 0 4 1 0 0 
2 3 3 0 1 3 0 1 4 4 1 
0 4 4 3 1 0 4 4 2 0 1 
0 0 0 0 3 1 2 3 3 0 3 
0 2 2 2 3 3 1 1 0 0 4 
0 0 0 0 0 1 0 0 0 0 0 
0 1 1 2 0 2 4 3 1 3 3 
0 1 2 0 0 0 4 0 0 1 0 
0 0 0 0 0 1 0 0 1 2 0 
0 1 1 2 0 2 4 3 1 3 2 
0 3 4 4 4 0 4 3 1 2 4 
MFS
[ 0 , - , - , - , - , - , - , - , - , - , - ]
[ 0 , - , - , - , 0 , - , - , - , - , - , - ]
[ 0 , - , - , - , - , 0 , - , - , - , - , - ]
[ 0 , - , - , - , - , - , - , - , - , - , 0 ]
[ 0 , - , - , - , - , - , - , - , - , 0 , - ]
precise
0.8
recall
0.4
F-measure
0.5333333333333333
multi
9
time
all 63 iden 0 gen 63
t-cover
1364
all-cover
1375
coveredNum
(1 : 178)  (2 : 308)  (3 : 215)  (4 : 84)  (5 : 32)  (6 : 18)  (7 : 21)  (8 : 18)  (9 : 3)  (10 : 47)  (11 : 119)  (12 : 109)  (13 : 48)  (14 : 30)  (15 : 11)  (16 : 6)  (17 : 3)  (18 : 3)  (19 : 2)  (20 : 5)  (21 : 16)  (22 : 18)  (23 : 7)  (24 : 5)  (25 : 3)  (26 : 3)  (27 : 4)  (31 : 3)  (32 : 3)  (34 : 3)  (35 : 1)  (36 : 3)  (41 : 4)  (42 : 3)  (43 : 2)  (44 : 5)  (45 : 2)  (50 : 1)  (51 : 2)  (52 : 8)  (53 : 4)  (54 : 3)  (55 : 1)  (60 : 1)  (61 : 2)  (62 : 1)  (70 : 3)  (72 : 1)  (80 : 1)  (81 : 1)  (91 : 1)  
real Identify
([ 0 , - , - , - , 0 , - , - , - , - , - , - ] : 1)  ([ 0 , - , - , - , - , 0 , - , - , - , - , - ] : 1)  ([ 0 , - , - , - , - , - , - , - , - , - , 0 ] : 1)  ([ 0 , - , - , - , - , - , - , - , - , 0 , - ] : 1)  
testCase Num: 168
regaular Num: 50
identify Num: 119
0 0 4 0 0 0 0 1 0 0 1 
1 0 4 1 2 3 1 2 2 3 3 
3 3 0 3 3 1 2 2 3 3 2 
0 0 4 0 0 0 0 1 0 0 0 
0 0 4 1 0 0 0 1 0 0 0 
2 2 1 2 2 2 2 0 2 2 1 
0 1 4 1 2 3 1 2 2 3 3 
0 0 0 0 0 0 0 1 0 0 0 
0 3 3 4 4 2 3 2 4 2 1 
0 3 3 4 4 2 3 2 4 2 0 
0 3 3 0 4 2 3 2 4 2 0 
1 1 1 1 1 1 1 1 1 1 0 
0 0 3 2 0 1 2 3 3 0 4 
1 0 1 2 4 2 1 4 2 1 3 
0 3 3 4 4 2 3 2 0 2 0 
0 0 0 2 0 0 0 1 4 0 0 
0 0 0 1 0 0 0 1 4 0 0 
0 0 4 1 2 4 1 2 2 3 3 
0 0 0 2 1 0 0 0 4 0 0 
0 0 0 0 1 0 0 0 0 0 0 
0 0 0 0 0 1 0 0 0 3 0 
0 0 0 1 1 0 0 0 4 0 0 
0 0 0 2 0 0 1 0 4 0 0 
0 0 0 0 3 0 0 0 0 1 3 
0 0 0 0 0 0 1 0 0 0 0 
0 0 4 2 2 3 1 2 2 3 3 
3 3 4 4 1 0 0 0 1 3 0 
0 0 4 0 0 0 0 1 0 1 0 
0 0 3 2 4 1 2 4 3 0 4 
0 1 0 0 0 3 2 4 2 0 3 
2 2 4 4 3 3 0 2 2 1 0 
0 2 3 1 0 4 1 0 1 4 2 
4 1 4 2 0 4 4 2 1 0 1 
1 0 0 0 2 4 0 0 0 2 0 
0 2 3 1 0 4 1 4 1 0 2 
0 0 0 0 4 0 0 0 0 0 3 
1 0 4 0 0 0 0 1 0 0 0 
0 3 3 4 4 2 3 2 4 3 0 
3 1 2 1 3 2 0 4 0 2 4 
0 0 0 0 3 0 1 0 0 0 3 
0 0 4 2 4 1 2 3 3 0 4 
0 0 0 0 0 1 0 0 0 2 1 
0 0 0 0 0 1 0 0 0 2 0 
0 0 4 1 2 3 1 2 3 3 3 
1 4 3 4 4 3 4 0 0 1 2 
0 2 3 1 0 4 2 4 1 4 2 
0 0 0 0 0 2 0 0 0 2 0 
1 2 3 1 0 4 1 4 1 4 2 
1 3 4 0 2 0 2 4 4 1 4 
0 1 0 1 0 3 2 3 2 0 3 
0 1 0 0 0 3 3 3 2 0 3 
2 1 0 0 4 2 4 1 1 3 4 
1 3 3 4 4 2 3 2 4 2 0 
0 0 0 1 0 0 0 0 4 1 0 
0 0 0 0 1 1 0 0 0 2 0 
3 2 0 1 1 0 4 0 3 4 3 
0 0 0 2 0 0 0 0 4 1 0 
4 1 4 4 2 1 3 0 0 4 2 
4 3 0 1 4 4 3 3 2 1 1 
0 0 0 0 0 1 0 1 0 2 0 
0 2 3 1 0 0 1 4 1 4 2 
1 2 2 2 1 0 0 2 0 3 1 
0 0 0 0 3 0 0 1 0 0 3 
0 0 3 2 4 1 2 3 3 1 4 
0 0 4 0 0 0 0 2 0 0 0 
0 0 0 2 0 1 0 0 4 0 0 
0 0 4 1 2 3 2 2 2 3 3 
0 1 0 0 3 0 0 0 0 0 3 
0 1 4 0 0 0 0 1 0 0 0 
0 0 0 1 0 0 0 0 0 0 0 
0 1 2 4 2 3 2 1 1 2 3 
0 2 3 1 0 4 1 4 2 4 2 
0 2 3 2 0 4 1 4 1 4 2 
4 4 0 2 3 1 0 0 3 0 2 
0 0 0 1 0 0 0 0 4 0 0 
3 3 1 0 3 4 1 0 4 0 2 
0 0 0 0 0 0 0 0 1 0 0 
0 0 1 0 0 1 0 0 0 2 0 
0 0 0 1 0 0 0 0 4 0 1 
0 0 1 2 0 0 0 0 4 0 0 
0 0 4 0 0 1 0 1 0 0 0 
0 4 1 4 1 4 3 3 3 3 4 
1 1 0 0 0 3 2 3 2 0 3 
0 0 0 0 3 1 0 0 0 0 3 
0 0 4 1 3 3 1 2 2 3 3 
0 0 0 0 3 0 0 0 1 0 3 
0 0 4 1 2 3 1 3 2 3 3 
0 1 0 0 0 0 0 0 0 0 0 
4 4 3 0 1 2 2 2 2 4 0 
0 0 3 2 4 1 2 3 3 0 4 
0 0 3 3 4 1 2 3 3 0 4 
0 3 3 4 0 2 3 2 4 2 0 
3 0 3 2 3 0 3 1 1 4 1 
0 0 3 2 4 1 2 3 3 0 0 
2 1 3 0 0 4 3 4 3 3 0 
4 0 1 3 1 3 4 4 4 2 0 
0 0 1 0 3 0 0 0 0 0 3 
4 2 2 0 4 1 3 3 4 4 3 
1 4 0 0 2 3 3 1 3 2 1 
4 0 0 0 0 0 1 0 0 0 0 
1 0 0 0 0 0 0 0 0 0 0 
0 1 0 0 0 3 2 3 3 0 3 
1 0 0 2 0 0 0 0 4 0 0 
1 0 0 1 0 0 0 0 4 0 0 
0 1 1 0 0 3 2 3 2 0 3 
0 1 0 2 0 0 0 0 4 0 0 
0 1 0 1 0 0 0 0 4 0 0 
0 0 0 2 0 0 0 0 0 0 0 
0 0 0 1 0 1 0 0 4 0 0 
0 0 3 2 4 2 2 3 3 0 4 
0 1 0 0 0 1 0 0 0 2 0 
1 0 0 0 3 0 0 0 0 0 3 
0 2 3 1 0 4 1 4 1 4 3 
0 2 3 1 0 4 1 4 1 4 2 
0 0 4 0 1 0 0 1 0 0 0 
0 0 0 0 0 0 0 0 0 0 0 
2 3 3 3 2 4 0 1 0 4 3 
0 0 0 0 0 0 0 0 0 0 1 
0 0 4 0 0 0 1 1 0 0 0 
0 0 0 2 0 0 0 0 4 0 1 
0 0 0 2 0 0 0 0 4 0 0 
0 0 1 1 0 0 0 0 4 0 0 
3 0 0 0 4 0 0 0 0 0 0 
0 3 3 4 4 2 4 2 4 2 0 
0 2 0 0 0 3 2 3 2 0 3 
0 0 4 0 0 0 0 1 1 0 0 
0 0 0 0 3 0 0 0 0 0 4 
0 0 0 0 3 0 0 0 0 0 3 
0 0 0 1 3 0 0 0 0 0 3 
0 2 3 1 1 4 1 4 1 4 2 
0 0 3 2 4 1 2 3 4 0 4 
1 2 2 3 0 2 3 1 2 0 2 
0 0 0 0 0 1 1 0 0 2 0 
2 2 2 3 0 0 1 0 2 2 4 
0 0 0 0 0 0 0 0 0 1 0 
1 0 0 0 0 1 0 0 0 2 0 
0 1 0 0 0 4 2 3 2 0 3 
0 0 0 1 2 3 1 2 2 3 3 
0 3 3 1 0 4 1 4 1 4 2 
0 1 0 0 0 3 2 3 2 0 3 
0 4 3 4 4 2 3 2 4 2 0 
0 3 4 3 3 2 4 3 3 1 1 
1 0 3 2 4 1 2 3 3 0 4 
0 1 0 0 0 3 2 3 2 0 4 
1 0 1 4 3 3 1 2 0 4 4 
0 0 4 1 2 3 1 2 2 4 3 
0 1 3 2 4 1 2 3 3 0 4 
0 2 4 1 0 4 1 4 1 4 2 
0 3 3 4 4 3 3 2 4 2 0 
0 0 0 1 0 0 1 0 4 0 0 
0 1 0 0 0 3 2 3 2 1 3 
3 3 2 2 0 3 1 3 3 1 0 
1 4 4 3 4 0 0 3 1 2 2 
3 4 2 1 2 1 4 3 2 0 3 
0 3 3 4 4 2 3 3 4 2 0 
2 4 0 4 0 1 1 4 4 0 1 
0 0 3 2 4 1 3 3 3 0 4 
0 3 4 4 4 2 3 2 4 2 0 
4 1 1 3 0 0 0 1 4 3 4 
0 0 0 1 0 1 0 0 0 2 0 
0 0 1 0 0 0 0 0 0 0 0 
0 0 0 3 0 0 0 0 4 0 0 
0 0 0 0 0 1 0 0 0 0 0 
0 0 0 0 0 1 0 0 1 2 0 
0 0 4 1 2 3 1 2 2 3 4 
0 0 4 1 2 3 1 2 2 3 3 
2 0 2 1 1 4 2 3 0 0 2 
0 1 0 0 1 3 2 3 2 0 3 
MFS
[ 0 , - , - , - , - , - , - , - , - , - , - ]
[ 0 , - , - , - , 0 , - , - , - , - , - , - ]
[ 0 , - , - , - , - , - , - , - , - , - , 0 ]
[ 0 , 0 , - , - , - , - , - , - , - , - , - ]
precise
0.75
recall
0.3
F-measure
0.4285714285714285
multi
8
time
all 78 iden 0 gen 78
t-cover
1366
all-cover
1375
coveredNum
(1 : 291)  (2 : 335)  (3 : 211)  (4 : 83)  (5 : 36)  (6 : 24)  (7 : 14)  (8 : 14)  (9 : 4)  (10 : 40)  (11 : 78)  (12 : 67)  (13 : 43)  (14 : 15)  (15 : 7)  (16 : 9)  (17 : 2)  (18 : 2)  (19 : 3)  (21 : 16)  (22 : 8)  (23 : 6)  (24 : 4)  (25 : 2)  (26 : 1)  (30 : 1)  (31 : 3)  (32 : 2)  (33 : 2)  (34 : 4)  (35 : 1)  (36 : 1)  (41 : 5)  (42 : 7)  (43 : 2)  (44 : 1)  (45 : 3)  (49 : 2)  (50 : 5)  (51 : 2)  (52 : 4)  (53 : 5)  (54 : 2)  (58 : 1)  (59 : 1)  (60 : 2)  (61 : 1)  (69 : 1)  (70 : 1)  (78 : 1)  
real Identify
([ 0 , - , - , - , 0 , - , - , - , - , - , - ] : 1)  ([ 0 , - , - , - , - , - , - , - , - , - , 0 ] : 1)  ([ 0 , 0 , - , - , - , - , - , - , - , - , - ] : 1)  
testCase Num: 262
regaular Num: 53
identify Num: 209
0 2 0 0 0 4 0 0 0 0 0 
0 2 0 0 0 4 0 0 0 0 1 
0 0 0 3 4 1 0 0 0 0 0 
0 0 1 1 4 1 2 3 4 2 3 
0 1 0 0 0 2 1 4 1 0 0 
0 0 0 4 4 0 0 0 0 0 0 
3 2 3 2 4 1 0 3 0 4 2 
0 3 0 0 0 0 0 1 0 3 1 
0 0 1 0 0 0 2 0 1 0 0 
1 3 2 2 0 0 2 2 1 1 2 
0 3 3 1 2 1 0 2 4 2 4 
0 0 0 0 0 2 0 0 2 0 0 
0 0 3 0 0 0 0 2 0 3 0 
0 0 3 0 0 0 0 2 0 3 1 
0 0 0 0 0 0 1 0 0 0 0 
0 4 2 1 2 1 0 2 4 2 4 
0 0 0 2 3 0 0 0 0 1 0 
0 3 2 2 0 0 2 2 1 1 2 
0 0 0 1 0 1 0 0 2 0 0 
0 0 1 0 0 1 0 0 2 0 0 
4 3 1 0 4 4 0 4 2 4 2 
0 0 1 1 4 0 2 3 0 2 3 
1 4 4 3 2 2 1 1 2 4 0 
0 0 0 2 4 0 0 0 0 0 0 
0 0 0 0 4 1 1 3 0 4 0 
0 3 2 1 2 2 0 2 4 2 4 
1 0 1 0 0 0 2 0 0 0 0 
2 0 4 0 1 3 2 3 3 4 3 
0 0 0 4 0 1 0 0 0 2 0 
0 3 2 2 0 0 2 2 1 1 3 
1 0 3 0 0 0 0 2 0 3 0 
1 0 4 2 0 1 2 4 4 3 4 
0 0 3 0 0 0 0 2 0 4 0 
0 1 1 1 4 0 2 3 4 2 3 
0 2 0 0 0 4 0 0 1 0 0 
1 3 3 4 1 0 4 1 0 4 3 
0 0 0 2 3 0 0 0 0 0 1 
0 0 1 0 0 0 3 0 0 0 0 
0 0 0 2 3 0 0 0 0 0 0 
0 2 0 3 1 3 1 0 2 3 3 
0 1 3 4 3 0 1 0 4 4 4 
0 0 0 0 0 2 1 0 1 0 0 
0 2 4 4 4 2 3 4 3 1 4 
0 3 1 0 0 0 0 0 0 3 1 
0 0 0 0 4 1 1 2 0 4 1 
0 0 0 0 4 1 1 2 0 4 0 
3 0 4 1 1 0 4 4 0 0 0 
3 0 2 3 0 4 3 2 1 4 3 
0 3 0 0 0 0 0 0 0 4 1 
0 4 1 4 2 4 3 2 0 0 0 
0 1 0 4 0 0 0 0 0 2 0 
0 3 2 2 2 1 0 2 4 2 4 
0 0 3 0 0 0 0 2 1 3 0 
0 4 0 3 4 4 4 1 3 2 1 
3 4 1 2 0 3 4 0 4 2 4 
1 2 0 0 0 4 0 0 0 0 0 
0 0 1 2 4 0 2 3 4 2 3 
0 3 0 0 1 0 0 0 0 3 1 
0 0 0 1 0 0 0 0 0 0 0 
0 0 1 0 0 2 1 4 1 0 0 
1 2 0 3 1 3 0 0 2 3 3 
0 2 0 3 1 3 0 0 3 3 3 
0 0 0 0 0 0 0 0 1 0 0 
0 3 2 2 0 0 2 2 2 1 2 
0 0 0 0 0 3 1 4 1 0 0 
0 2 0 0 0 0 0 0 0 0 0 
0 0 2 1 0 0 2 1 0 0 0 
0 0 0 4 0 0 1 0 0 2 0 
0 1 0 0 0 0 0 0 0 0 0 
0 0 0 2 3 0 0 0 1 0 0 
0 1 0 0 4 1 1 2 0 4 0 
0 3 0 1 0 0 0 0 0 3 1 
1 0 0 0 4 1 1 2 0 4 0 
0 0 1 2 3 0 0 0 0 0 0 
0 0 0 0 1 2 1 4 1 0 0 
0 0 0 3 4 0 0 1 0 0 0 
2 1 0 2 2 1 1 0 3 0 3 
0 0 0 0 4 1 1 2 1 4 0 
0 1 0 2 3 0 0 0 0 0 0 
0 0 1 1 4 0 3 3 4 2 3 
1 0 0 0 0 0 0 0 0 0 0 
0 0 0 0 0 1 1 0 2 0 0 
0 3 0 0 0 1 0 0 0 3 1 
4 2 1 0 3 2 4 1 4 0 3 
0 2 0 0 0 4 1 0 0 0 0 
0 4 0 2 4 4 4 1 4 2 1 
0 1 3 4 3 4 1 0 4 4 4 
0 3 2 2 0 0 3 2 1 1 2 
2 2 2 2 1 2 1 2 2 2 0 
0 4 1 4 2 4 4 2 4 0 0 
0 0 0 0 0 2 2 4 1 0 0 
0 0 1 0 4 1 1 2 0 4 0 
0 0 0 4 0 0 0 0 1 2 0 
4 0 3 1 0 2 1 0 3 4 1 
1 0 0 2 3 0 0 0 0 0 0 
0 0 1 1 0 0 2 3 4 2 3 
0 0 0 0 0 2 1 4 1 1 0 
0 0 3 0 1 0 0 2 0 3 0 
0 0 0 2 4 4 4 1 3 2 1 
0 1 3 4 3 4 1 0 4 4 0 
0 4 0 2 4 4 4 1 3 2 1 
0 1 3 4 3 4 1 1 4 4 4 
0 1 2 0 0 0 2 1 0 0 0 
0 3 2 1 2 1 0 2 0 2 4 
4 1 4 3 3 0 3 2 0 2 1 
0 2 1 0 0 4 0 0 0 0 0 
0 0 0 4 1 0 0 0 0 2 0 
3 0 3 0 3 3 1 1 4 1 1 
0 1 3 4 4 4 1 0 4 4 4 
0 0 0 0 0 1 1 2 0 4 0 
0 0 0 0 4 1 1 2 0 0 0 
0 0 0 0 0 2 1 4 1 0 0 
0 0 0 0 0 2 1 4 1 0 1 
0 0 1 1 0 0 2 0 0 0 0 
0 0 2 1 4 0 2 3 4 2 3 
0 4 0 2 4 4 4 1 3 2 2 
3 3 1 3 2 0 1 3 3 3 2 
0 4 0 2 4 4 4 1 3 3 1 
0 0 0 0 4 1 2 2 0 4 0 
2 3 4 1 4 3 3 0 1 0 2 
2 4 4 1 3 4 0 1 0 3 2 
3 3 0 1 3 2 2 4 2 1 0 
0 0 3 0 0 1 0 2 0 3 0 
0 4 2 4 2 4 3 2 4 0 0 
0 0 0 4 0 0 0 0 0 2 1 
0 0 0 4 0 0 0 0 0 2 0 
0 1 0 0 0 1 0 0 2 0 0 
0 0 1 0 0 0 0 0 0 0 0 
0 0 3 0 0 0 2 1 0 0 0 
0 3 3 2 0 0 2 2 1 1 2 
0 0 3 0 0 0 0 3 0 3 0 
0 3 0 0 0 0 1 0 0 3 1 
0 2 0 1 0 4 0 0 0 0 0 
0 0 0 0 0 0 0 1 0 0 0 
1 4 1 4 2 4 3 2 4 0 0 
1 0 0 0 0 2 1 4 1 0 0 
0 2 1 3 1 3 0 0 2 3 3 
1 0 0 0 0 1 0 0 2 0 0 
0 0 0 4 0 0 0 0 0 3 0 
0 0 0 0 0 2 1 4 2 0 0 
0 0 2 0 0 0 2 0 0 0 0 
1 2 2 1 3 2 0 0 3 2 2 
0 0 0 0 1 0 0 0 0 0 0 
3 1 2 4 0 2 0 3 2 0 1 
0 4 0 2 4 4 0 1 3 2 1 
0 4 2 2 0 0 2 2 1 1 2 
4 4 0 4 3 1 3 3 1 3 0 
0 0 3 1 0 0 0 2 0 3 0 
0 0 2 0 0 0 3 1 0 0 0 
0 1 3 4 3 4 1 0 4 0 4 
0 0 0 0 0 1 0 0 3 0 0 
0 0 1 1 4 0 2 3 4 2 3 
0 0 1 1 4 0 2 3 4 2 4 
2 0 3 3 2 1 4 0 1 1 4 
0 3 0 3 1 3 0 0 2 3 3 
0 0 0 3 4 0 0 0 1 0 0 
1 0 0 3 4 0 0 0 0 0 0 
0 0 0 2 3 0 1 0 0 0 0 
0 3 0 0 0 4 0 0 0 0 0 
0 4 0 2 4 4 4 2 3 2 1 
1 1 3 4 3 4 1 0 4 4 4 
0 4 1 0 2 4 3 2 4 0 0 
0 0 0 0 0 1 0 0 2 1 0 
1 0 0 4 0 0 0 0 0 2 0 
0 0 0 3 3 0 0 0 0 0 0 
0 0 1 0 0 1 2 0 0 0 0 
2 0 1 4 0 4 4 3 2 1 2 
0 3 2 1 2 1 1 2 4 2 4 
4 2 0 2 0 2 3 1 0 3 4 
0 0 0 4 0 0 0 1 0 2 0 
0 0 0 3 4 0 0 0 0 1 0 
0 4 1 4 2 4 3 2 4 0 0 
0 4 1 4 2 4 3 2 4 0 1 
0 1 3 4 3 4 2 0 4 4 4 
1 0 2 0 0 0 2 1 0 0 0 
1 1 1 1 1 1 0 1 1 1 1 
1 4 0 2 4 4 4 1 3 2 1 
2 2 3 0 2 0 2 4 1 2 1 
0 0 0 0 0 1 0 0 2 0 1 
0 0 0 0 0 1 0 0 2 0 0 
0 3 2 3 0 0 2 2 1 1 2 
0 0 0 3 4 0 0 0 0 0 1 
0 0 0 3 4 0 0 0 0 0 0 
0 4 0 2 4 0 4 1 3 2 1 
0 0 1 0 0 0 2 1 0 0 0 
0 2 0 4 1 3 0 0 2 3 3 
1 0 1 1 4 0 2 3 4 2 3 
1 3 2 1 2 1 0 2 4 2 4 
4 4 2 4 2 3 2 4 0 1 3 
0 0 2 0 0 0 2 1 1 0 0 
0 1 1 0 0 0 2 0 0 0 0 
1 1 2 0 4 3 4 2 3 3 0 
0 4 1 2 4 4 4 1 3 2 1 
0 0 0 0 0 1 0 1 2 0 0 
0 0 1 1 4 0 2 4 4 2 3 
0 3 2 2 0 0 2 3 1 1 2 
4 0 0 0 1 0 0 0 0 0 0 
0 4 1 4 3 4 3 2 4 0 0 
0 0 0 0 1 1 0 0 2 0 0 
0 0 3 0 0 0 1 2 0 3 0 
0 2 0 3 1 3 0 0 2 4 3 
0 4 1 4 2 0 3 2 4 0 0 
0 0 2 0 0 0 2 1 0 1 0 
0 3 2 2 1 0 2 2 1 1 2 
0 0 0 3 4 0 1 0 0 0 0 
0 2 0 0 0 4 0 1 0 0 0 
0 0 1 4 0 0 0 0 0 2 0 
0 4 0 0 0 0 0 0 0 3 1 
0 0 0 1 4 1 1 2 0 4 0 
0 2 0 3 1 3 0 0 2 3 4 
0 0 1 0 0 0 2 0 0 1 0 
0 0 0 0 0 0 0 0 0 0 0 
0 3 0 0 0 0 0 0 0 3 2 
0 0 0 0 0 0 0 0 0 0 1 
0 3 0 0 0 0 0 0 0 3 1 
0 2 0 3 1 3 0 0 2 3 3 
0 4 1 4 2 4 3 2 4 1 0 
0 0 0 0 4 2 1 2 0 4 0 
0 3 2 1 2 1 0 3 4 2 4 
1 4 3 0 1 0 3 3 2 0 4 
0 0 2 0 0 0 2 1 0 0 0 
0 1 3 0 3 4 1 0 4 4 4 
0 1 3 4 3 4 1 0 0 4 4 
0 0 2 0 0 0 2 1 0 0 1 
0 4 0 2 0 4 4 1 3 2 1 
0 0 1 0 1 0 2 0 0 0 0 
0 3 2 1 2 1 0 2 4 2 0 
1 1 0 3 1 4 2 4 4 0 2 
0 0 1 1 4 0 2 3 4 3 3 
0 3 2 2 0 0 2 2 1 2 2 
0 2 3 4 3 4 1 0 4 4 4 
0 0 0 0 0 0 0 0 0 1 0 
0 0 1 0 0 0 2 0 0 0 0 
0 0 1 3 4 0 0 0 0 0 0 
0 2 0 3 1 3 0 1 2 3 3 
0 0 0 1 0 2 1 4 1 0 0 
0 0 1 0 0 0 2 0 0 0 1 
0 3 2 1 2 1 0 2 4 2 4 
0 2 0 3 1 4 0 0 2 3 3 
0 0 4 0 0 0 0 2 0 3 0 
0 0 2 0 1 0 2 1 0 0 0 
0 0 2 0 0 0 2 2 0 0 0 
0 2 0 0 0 4 0 0 0 1 0 
0 2 0 0 1 4 0 0 0 0 0 
0 1 4 4 3 4 1 0 4 4 4 
0 3 2 1 3 1 0 2 4 2 4 
0 0 1 4 2 4 3 2 4 0 0 
0 2 0 3 2 3 0 0 2 3 3 
0 0 0 2 3 0 0 1 0 0 0 
0 0 0 3 0 0 0 0 0 0 0 
0 0 0 0 0 0 0 0 0 2 0 
0 0 2 0 0 1 2 1 0 0 0 
1 3 0 0 0 0 0 0 0 3 1 
0 3 2 2 0 1 2 2 1 1 2 
0 3 0 0 0 0 0 0 1 3 1 
0 4 1 4 2 4 3 3 4 0 0 
0 1 3 0 0 0 0 2 0 3 0 
0 0 0 0 0 1 0 0 0 0 0 
0 1 0 3 4 0 0 0 0 0 0 
0 3 2 1 2 1 0 2 4 3 4 
2 0 0 0 0 0 0 0 4 0 0 
0 0 0 2 3 1 0 0 0 0 0 
MFS
[ 0 , - , - , - , - , - , - , - , - , - , - ]
[ 0 , - , - , - , - , - , 0 , - , - , - , - ]
[ 0 , - , - , - , - , - , - , 0 , - , - , - ]
[ 0 , - , 0 , - , - , - , - , - , - , - , - ]
precise
0.75
recall
0.3
F-measure
0.4285714285714285
multi
16
time
all 78 iden 0 gen 78
t-cover
1358
all-cover
1375
coveredNum
(1 : 176)  (2 : 286)  (3 : 190)  (4 : 88)  (5 : 37)  (6 : 7)  (7 : 7)  (8 : 6)  (9 : 2)  (10 : 53)  (11 : 92)  (12 : 107)  (13 : 66)  (14 : 33)  (15 : 10)  (16 : 2)  (17 : 7)  (18 : 14)  (19 : 8)  (20 : 22)  (21 : 17)  (22 : 24)  (23 : 21)  (24 : 4)  (25 : 2)  (27 : 4)  (28 : 5)  (29 : 4)  (30 : 4)  (31 : 1)  (32 : 4)  (33 : 4)  (34 : 3)  (40 : 2)  (41 : 5)  (43 : 2)  (52 : 1)  (53 : 1)  (54 : 2)  (55 : 1)  (56 : 2)  (62 : 1)  (63 : 4)  (64 : 2)  (65 : 4)  (66 : 2)  (72 : 3)  (73 : 3)  (74 : 3)  (75 : 3)  (78 : 1)  (83 : 6)  (84 : 2)  (85 : 1)  (86 : 1)  (92 : 1)  (93 : 2)  (94 : 1)  (101 : 2)  (104 : 4)  (110 : 1)  (112 : 1)  (122 : 1)  
real Identify
([ 0 , - , - , - , - , - , 0 , - , - , - , - ] : 1)  ([ 0 , - , - , - , - , - , - , 0 , - , - , - ] : 1)  ([ 0 , - , 0 , - , - , - , - , - , - , - , - ] : 1)  
testCase Num: 190
regaular Num: 49
identify Num: 141
1 4 2 0 2 3 1 3 2 1 3 
1 2 3 3 0 4 1 0 4 4 2 
0 0 0 0 3 0 0 0 3 0 1 
0 0 0 0 3 0 0 0 3 0 0 
0 0 0 1 3 0 0 0 3 0 0 
1 2 0 3 4 1 3 1 2 2 1 
4 0 3 1 4 4 0 2 2 3 3 
0 0 1 2 4 4 2 4 4 1 4 
1 2 1 4 2 2 3 2 0 4 4 
0 3 0 3 4 1 3 1 2 2 1 
0 0 2 4 0 0 3 1 1 3 3 
1 1 2 4 3 4 0 4 0 0 1 
0 0 0 0 0 0 0 1 0 0 0 
0 0 2 2 4 4 2 4 3 1 4 
0 4 2 0 2 4 1 3 2 1 3 
1 4 0 1 1 1 2 4 0 4 2 
0 0 0 0 4 0 0 0 1 1 0 
1 1 1 1 1 1 1 1 1 1 0 
4 0 2 1 0 0 0 4 4 0 0 
0 2 0 3 4 2 3 1 2 2 1 
3 2 4 1 0 2 0 0 3 1 3 
0 0 3 0 0 2 3 0 0 0 0 
1 0 0 1 2 3 4 2 3 2 2 
0 0 0 0 1 0 0 0 0 0 0 
0 0 2 4 0 0 4 0 1 3 3 
0 3 4 0 1 3 4 4 2 0 0 
0 4 3 0 2 3 1 3 2 1 3 
0 0 0 0 0 0 1 0 0 0 0 
0 2 0 4 4 1 3 1 2 2 1 
0 4 2 1 2 3 1 3 2 1 3 
0 2 0 3 4 1 3 1 3 2 1 
0 2 1 3 4 1 3 1 2 2 1 
0 4 0 1 1 1 2 4 0 4 2 
0 0 0 1 4 0 0 0 1 0 0 
0 0 3 0 4 2 3 1 0 0 0 
0 4 0 1 1 1 2 4 0 4 3 
0 1 0 0 3 0 0 0 3 0 0 
0 3 4 0 1 3 3 0 2 0 0 
0 1 1 2 4 4 2 4 3 1 4 
2 3 2 4 0 1 4 0 2 3 4 
1 1 2 0 4 0 4 1 3 4 2 
0 0 2 4 1 0 3 0 1 3 3 
0 4 1 3 1 0 1 0 3 3 4 
0 0 1 2 0 4 2 4 3 1 4 
0 0 4 0 4 2 3 0 0 0 0 
0 4 2 0 2 3 1 3 3 1 3 
0 0 0 0 0 4 0 2 0 0 0 
0 0 0 0 3 1 0 0 3 0 0 
0 0 1 2 4 4 2 4 3 1 4 
3 3 1 0 1 4 0 2 2 4 2 
0 2 0 3 4 1 3 1 2 3 1 
0 0 0 0 4 1 0 0 1 0 0 
0 4 2 0 2 3 1 3 2 2 3 
0 0 0 0 4 0 0 1 1 0 0 
2 4 0 1 3 4 0 0 4 2 4 
1 3 1 3 1 0 1 0 3 3 4 
0 0 1 0 3 0 0 0 3 0 0 
2 2 0 4 3 3 3 1 0 1 2 
0 3 4 0 1 3 3 4 3 0 0 
1 1 3 3 3 0 4 2 4 1 0 
3 1 0 2 3 2 3 3 2 3 2 
4 3 0 2 2 1 0 3 1 1 1 
0 0 0 0 0 4 0 1 0 0 1 
0 3 1 3 1 0 2 0 3 3 4 
0 0 1 2 4 4 2 4 3 1 0 
0 0 0 0 0 4 0 1 0 0 0 
3 4 2 4 1 2 2 1 4 2 0 
0 0 0 0 4 0 1 0 1 0 0 
0 2 0 3 4 1 3 1 2 2 1 
0 0 0 0 3 0 0 0 3 1 0 
0 0 1 2 4 4 2 4 3 2 4 
0 1 3 3 3 0 0 2 4 1 0 
0 2 0 3 4 1 3 1 2 2 2 
0 4 2 0 2 3 1 3 2 1 3 
0 4 0 2 1 1 2 4 0 4 2 
0 3 1 3 1 0 1 0 4 3 4 
0 4 0 1 1 1 2 4 1 4 2 
0 0 3 0 4 2 3 0 0 1 0 
0 0 0 0 4 0 0 0 3 0 0 
0 3 1 4 1 0 1 0 3 3 4 
0 0 0 1 0 0 0 0 0 0 0 
0 0 0 0 1 4 0 1 0 0 0 
0 1 0 0 4 0 0 0 1 0 0 
0 1 2 4 0 0 3 0 1 3 3 
0 0 0 0 0 0 0 0 1 0 0 
1 3 4 0 1 3 3 4 2 0 0 
0 4 2 0 2 3 1 3 2 1 4 
0 1 3 4 3 0 4 2 4 1 0 
0 0 0 0 0 4 0 1 0 1 0 
4 2 4 2 1 2 4 0 1 0 2 
0 4 0 1 2 1 2 4 0 4 2 
0 4 2 0 3 3 1 3 2 1 3 
0 2 0 3 4 1 3 2 2 2 1 
0 4 2 0 2 3 1 4 2 1 3 
0 1 0 0 0 0 0 0 0 0 0 
0 0 3 0 4 2 3 0 0 0 0 
0 0 3 0 4 2 3 0 0 0 1 
2 3 1 1 4 0 3 3 4 0 3 
0 0 3 1 4 2 3 0 0 0 0 
0 3 1 3 1 0 1 0 3 4 4 
1 0 2 4 0 0 3 0 1 3 3 
0 3 4 1 1 3 3 4 2 0 0 
3 0 2 3 4 0 1 4 2 0 0 
0 3 4 0 1 3 3 4 2 0 1 
0 3 4 0 1 3 3 4 2 0 0 
3 0 3 2 0 1 1 2 0 0 0 
1 0 0 0 0 0 0 0 0 0 0 
0 0 1 0 0 4 0 1 0 0 0 
0 0 1 0 4 0 0 0 1 0 0 
0 0 1 2 4 0 2 4 3 1 4 
3 2 1 1 3 4 4 3 0 2 1 
0 3 4 0 1 4 3 4 2 0 0 
0 0 0 0 0 4 0 1 1 0 0 
4 3 3 3 1 2 4 4 0 2 3 
0 1 3 3 3 0 4 2 4 2 0 
0 0 2 4 0 1 3 0 1 3 3 
3 4 3 3 2 3 0 1 1 0 4 
2 0 0 3 0 0 0 0 0 0 0 
0 0 0 0 3 0 0 1 3 0 0 
0 3 0 0 1 3 3 4 2 0 0 
0 4 4 0 1 3 3 4 2 0 0 
4 4 4 4 4 3 3 2 3 4 0 
0 0 3 0 4 3 3 0 0 0 0 
1 4 1 2 0 3 2 0 0 3 1 
0 4 0 1 1 1 2 4 0 0 2 
0 0 2 4 0 0 3 0 2 3 3 
0 3 1 3 1 0 1 0 3 3 4 
0 4 0 1 1 1 2 0 0 4 2 
4 4 1 0 0 0 4 1 0 0 0 
0 0 3 4 0 0 3 0 1 3 3 
0 0 0 0 4 0 0 0 2 0 0 
0 1 3 3 3 0 4 2 4 1 1 
0 0 0 0 0 0 0 0 0 0 0 
2 2 4 0 2 4 3 4 1 3 0 
0 0 0 0 0 0 0 0 0 0 1 
0 1 0 0 0 4 0 1 0 0 0 
0 3 1 3 1 0 1 0 3 3 0 
1 0 0 0 4 0 0 0 1 0 0 
4 1 4 0 0 0 1 3 0 2 4 
0 4 0 1 1 1 3 4 0 4 2 
0 1 3 3 3 0 4 2 0 1 0 
0 1 3 3 3 0 4 2 4 1 0 
0 3 1 3 1 1 1 0 3 3 4 
0 0 0 0 3 0 0 0 4 0 0 
0 2 3 3 3 0 4 2 4 1 0 
0 0 3 0 4 2 3 0 1 0 0 
0 0 1 3 4 4 2 4 3 1 4 
0 0 1 2 4 4 2 0 3 1 4 
0 3 1 3 1 0 1 1 3 3 4 
0 0 2 4 0 0 3 0 1 4 3 
0 0 0 0 0 0 0 0 0 1 0 
0 1 3 0 4 2 3 0 0 0 0 
0 2 0 3 0 1 3 1 2 2 1 
2 1 3 2 2 3 2 0 4 0 3 
0 0 2 0 2 3 1 3 2 1 3 
0 1 3 3 4 0 4 2 4 1 0 
1 0 3 0 4 2 3 0 0 0 0 
0 0 0 1 0 4 0 1 0 0 0 
0 1 3 3 3 0 4 3 4 1 0 
2 2 2 2 2 0 2 2 1 2 1 
0 0 2 0 0 0 3 0 1 3 3 
1 3 4 3 2 1 2 3 3 0 0 
0 0 2 4 0 0 3 0 1 3 3 
0 0 0 0 0 4 1 1 0 0 0 
0 4 2 0 2 3 2 3 2 1 3 
0 0 2 4 0 0 3 0 1 3 4 
0 1 3 3 3 1 4 2 4 1 0 
1 0 1 2 4 4 2 4 3 1 4 
1 0 0 0 3 0 0 0 3 0 0 
0 3 2 3 1 0 1 0 3 3 4 
0 2 0 3 4 1 4 1 2 2 1 
0 0 0 0 4 0 0 0 1 0 1 
0 0 0 0 4 0 0 0 1 0 0 
0 3 4 0 1 3 3 4 2 1 0 
0 4 1 1 1 1 2 4 0 4 2 
0 4 0 1 1 2 2 4 0 4 2 
1 3 0 2 3 1 1 1 1 4 3 
2 0 3 4 1 2 1 3 3 4 1 
0 0 3 0 4 2 4 0 0 0 0 
0 3 1 3 2 0 1 0 3 3 4 
0 0 0 0 3 0 1 0 3 0 0 
0 1 4 3 3 0 4 2 4 1 0 
0 0 1 2 4 4 3 4 3 1 4 
4 0 4 0 3 1 2 1 4 3 1 
1 0 0 0 0 0 2 0 2 0 0 
0 3 4 0 2 3 3 4 2 0 0 
0 0 1 0 0 0 0 0 0 0 0 
0 0 0 1 1 1 2 4 0 4 2 
1 0 0 0 0 4 0 1 0 0 0 
0 0 0 0 0 1 0 0 0 0 0 
MFS
[ 0 , - , - , - , - , - , - , - , - , - , - ]
[ 0 , - , 0 , - , - , - , - , - , - , - , - ]
[ 0 , - , - , 0 , - , - , - , - , - , - , - ]
[ 0 , 0 , - , - , - , - , - , - , - , - , - ]
precise
0.75
recall
0.3
F-measure
0.4285714285714285
multi
10
time
all 78 iden 0 gen 78
t-cover
1354
all-cover
1375
coveredNum
(1 : 197)  (2 : 311)  (3 : 200)  (4 : 101)  (5 : 36)  (6 : 18)  (7 : 13)  (8 : 6)  (9 : 7)  (10 : 54)  (11 : 109)  (12 : 90)  (13 : 63)  (14 : 30)  (15 : 11)  (16 : 9)  (17 : 3)  (18 : 1)  (20 : 7)  (21 : 17)  (22 : 21)  (23 : 5)  (24 : 3)  (25 : 7)  (26 : 2)  (27 : 1)  (31 : 5)  (32 : 5)  (33 : 5)  (34 : 2)  (35 : 2)  (36 : 1)  (39 : 2)  (40 : 2)  (41 : 4)  (42 : 6)  (43 : 1)  (44 : 2)  (45 : 1)  (51 : 1)  (52 : 2)  (53 : 1)  (54 : 1)  (59 : 2)  (60 : 2)  (61 : 1)  (62 : 1)  (65 : 1)  (69 : 1)  (70 : 2)  
real Identify
([ 0 , - , 0 , - , - , - , - , - , - , - , - ] : 1)  ([ 0 , - , - , 0 , - , - , - , - , - , - , - ] : 1)  ([ 0 , 0 , - , - , - , - , - , - , - , - , - ] : 1)  
testCase Num: 192
regaular Num: 49
identify Num: 143
0 1 1 2 2 1 2 4 3 4 4 
4 0 4 1 1 2 2 1 4 4 0 
1 4 4 3 0 2 0 4 1 1 2 
0 4 2 4 4 1 0 2 4 4 2 
1 0 0 0 3 0 0 2 2 1 0 
0 4 2 4 4 1 0 2 4 4 3 
0 0 0 2 1 1 0 3 0 0 0 
0 0 0 0 0 0 0 1 0 0 0 
0 4 2 4 4 1 0 2 0 4 2 
0 2 2 1 1 3 4 1 2 3 1 
0 1 0 0 3 0 0 2 2 1 0 
0 3 0 0 1 0 0 0 0 4 0 
0 0 0 4 4 4 3 1 3 2 2 
4 2 2 4 2 0 0 3 0 0 4 
0 2 2 2 1 3 4 1 2 3 0 
0 4 2 0 4 1 0 2 4 4 2 
0 2 2 1 1 3 4 1 2 3 0 
0 4 2 4 4 2 0 2 4 4 2 
1 0 3 4 3 2 1 4 2 0 3 
0 0 0 0 1 0 0 0 0 0 0 
0 0 0 0 3 1 0 2 2 1 0 
1 0 0 2 1 0 0 3 0 0 0 
0 1 0 2 2 1 2 4 4 4 4 
0 1 0 2 1 0 0 3 0 0 0 
0 0 3 3 2 0 1 0 0 0 0 
4 3 2 0 0 1 2 4 2 1 1 
0 0 0 0 0 0 1 0 0 0 0 
0 0 0 2 1 0 0 3 1 0 0 
1 1 0 2 2 1 2 4 3 4 4 
0 1 2 4 4 0 0 1 0 1 1 
0 0 0 0 3 0 0 2 3 1 0 
4 4 2 2 3 0 4 0 1 3 2 
0 0 0 3 1 0 0 3 0 0 0 
0 0 0 1 3 0 0 2 2 1 0 
1 4 2 4 4 1 0 2 4 4 2 
0 0 1 0 3 0 0 2 2 1 0 
3 4 3 1 1 4 2 1 0 0 2 
0 2 4 2 2 2 0 0 4 2 1 
0 2 2 1 1 3 0 1 2 3 0 
2 2 3 1 4 1 3 1 1 1 0 
0 1 2 4 4 0 1 1 0 0 1 
1 2 3 2 2 2 0 0 4 2 1 
0 0 3 3 3 0 0 0 0 0 0 
0 3 4 3 3 4 0 1 2 3 4 
0 3 0 0 0 0 0 1 0 4 0 
2 1 4 2 4 3 3 4 0 0 1 
1 3 3 0 1 0 3 2 4 2 4 
0 2 2 1 1 4 4 1 2 3 0 
0 0 1 2 1 0 0 3 0 0 0 
0 0 0 0 0 3 1 0 4 0 0 
0 0 0 4 4 0 3 1 3 1 2 
2 1 3 0 0 4 4 2 1 4 2 
0 1 0 3 2 1 2 4 3 4 4 
0 1 2 4 4 0 0 1 0 0 2 
0 2 3 2 2 3 0 0 4 2 1 
0 1 0 2 2 1 2 4 3 4 4 
0 1 2 4 4 0 0 1 0 0 1 
0 1 1 3 3 4 1 3 4 2 3 
0 1 0 2 2 1 2 4 3 4 0 
0 4 3 4 4 1 0 2 4 4 2 
0 0 0 2 1 0 0 3 0 1 0 
0 0 0 0 3 0 0 2 2 2 0 
2 0 2 3 3 3 2 2 0 4 1 
0 2 3 2 2 2 0 1 4 2 1 
1 1 1 1 1 1 1 0 1 1 1 
0 0 2 4 4 1 0 2 4 4 2 
0 0 0 4 4 4 3 2 3 1 2 
0 2 2 1 2 3 4 1 2 3 0 
0 3 0 0 0 0 0 0 0 4 1 
0 3 0 0 0 0 0 0 0 4 0 
1 0 0 0 0 3 0 0 4 0 0 
0 0 4 3 2 0 0 0 0 0 0 
0 2 3 2 2 2 1 0 4 2 1 
0 1 2 0 4 0 0 1 0 0 1 
3 1 0 1 3 0 0 3 2 4 1 
0 0 0 4 4 4 4 1 3 1 2 
0 0 0 2 1 0 0 3 0 0 0 
0 0 0 2 1 0 0 3 0 0 1 
0 4 2 4 0 1 0 2 4 4 2 
0 3 0 3 3 4 0 1 1 3 4 
0 0 0 0 3 0 0 2 2 1 0 
0 0 0 0 3 0 0 2 2 1 1 
0 4 2 4 4 1 0 3 4 4 2 
1 0 0 0 0 0 4 0 0 0 0 
0 0 0 4 0 4 3 1 3 1 2 
0 0 0 1 0 0 0 0 0 0 0 
0 3 4 3 3 4 0 1 1 3 0 
0 0 3 3 2 0 0 1 0 0 0 
0 0 0 1 0 3 0 0 4 0 0 
0 2 2 1 1 3 4 1 2 4 0 
0 0 0 0 0 0 0 0 1 0 0 
0 3 4 3 3 4 0 1 1 3 4 
0 3 3 2 2 2 0 0 4 2 1 
0 1 0 4 4 4 3 1 3 1 2 
0 1 3 3 2 0 0 0 0 0 0 
0 4 0 0 0 0 0 0 0 4 0 
0 1 2 4 4 0 0 1 1 0 1 
0 1 0 0 0 0 0 0 0 0 0 
0 1 3 4 4 0 0 1 0 0 1 
0 0 3 3 2 1 0 0 0 0 0 
0 0 0 2 1 0 0 4 0 0 0 
0 0 0 0 3 0 0 3 2 1 0 
1 3 0 0 0 0 0 0 0 4 0 
0 2 3 2 2 2 0 0 4 3 1 
0 0 0 0 4 0 0 2 2 1 0 
0 0 3 4 2 0 0 0 0 0 0 
0 0 0 0 0 3 0 0 4 1 0 
0 0 1 4 4 4 3 1 3 1 2 
0 3 0 0 0 0 0 0 1 4 0 
0 4 2 4 4 1 0 2 4 0 2 
1 0 0 0 0 0 0 0 0 0 0 
0 0 0 0 3 0 1 2 2 1 0 
0 3 4 3 3 4 0 1 1 4 4 
2 2 1 2 2 0 2 1 2 2 2 
3 1 0 4 4 1 2 3 1 3 3 
0 4 2 4 4 1 1 2 4 4 2 
0 0 0 2 2 0 0 3 0 0 0 
0 1 0 2 3 1 2 4 3 4 4 
1 1 2 4 4 0 0 1 0 0 1 
3 0 4 2 2 1 4 2 1 2 0 
0 3 0 1 0 0 0 0 0 4 0 
0 3 1 0 0 0 0 0 0 4 0 
0 0 0 0 0 3 0 0 0 0 0 
0 0 3 3 2 0 0 0 1 0 0 
0 2 3 3 2 2 0 0 4 2 1 
0 0 0 4 4 4 3 1 4 1 2 
0 3 4 3 4 4 0 1 1 3 4 
0 0 0 0 0 3 0 0 4 0 0 
1 0 0 4 4 4 3 1 3 1 2 
3 2 0 3 1 0 4 4 4 1 4 
0 2 3 1 1 3 4 1 2 3 0 
0 0 0 0 0 0 0 0 0 0 0 
0 2 3 2 3 2 0 0 4 2 1 
0 2 2 1 1 3 4 2 2 3 0 
0 0 0 0 0 3 0 0 4 0 1 
0 0 0 0 0 0 0 0 0 0 1 
4 1 1 4 4 2 4 4 0 2 0 
1 4 4 0 0 2 2 0 2 3 0 
0 3 4 3 3 0 0 1 1 3 4 
0 3 4 4 3 4 0 1 1 3 4 
1 0 3 3 2 0 0 0 0 0 0 
3 3 2 1 0 2 3 2 3 2 3 
0 3 0 0 0 1 0 0 0 4 0 
4 3 0 2 0 2 4 0 0 0 3 
4 2 0 0 0 4 1 4 0 3 0 
3 0 4 4 0 3 1 3 1 0 2 
1 4 0 3 4 3 1 0 2 2 4 
0 3 4 3 3 4 1 1 1 3 4 
0 3 2 1 1 3 4 1 2 3 0 
0 1 0 2 2 1 3 4 3 4 4 
0 2 2 1 1 3 4 1 3 3 0 
0 0 0 0 0 0 0 0 0 1 0 
0 0 3 3 2 0 0 0 0 1 0 
1 2 4 0 0 0 1 1 3 4 3 
1 3 4 3 3 4 0 1 1 3 4 
1 2 2 1 1 3 4 1 2 3 0 
0 0 0 0 0 3 0 1 4 0 0 
2 0 1 1 0 2 3 3 4 3 4 
0 3 0 0 0 0 0 0 0 0 0 
4 2 1 3 3 1 3 2 3 0 0 
2 3 0 0 4 1 1 2 0 3 2 
0 0 0 0 1 3 0 0 4 0 0 
0 3 4 3 3 4 0 2 1 3 4 
0 1 0 2 2 1 2 0 3 4 4 
0 1 0 0 0 3 0 0 4 0 0 
2 4 0 1 2 0 3 4 4 0 3 
0 1 0 2 2 1 2 4 3 0 4 
0 1 2 4 4 0 0 2 0 0 1 
0 0 0 0 0 4 0 0 4 0 0 
0 3 0 0 0 0 1 0 0 4 0 
0 2 3 2 2 2 0 0 4 2 2 
0 2 3 2 2 2 0 0 4 2 1 
0 4 4 3 3 4 0 1 1 3 4 
0 0 0 4 4 4 3 1 3 1 2 
0 1 0 2 2 2 2 4 3 4 4 
0 2 2 4 4 0 0 1 0 0 1 
0 0 3 3 2 0 0 0 0 0 1 
0 0 3 3 2 0 0 0 0 0 0 
0 0 0 4 4 4 3 1 3 1 3 
0 0 0 0 4 4 3 1 3 1 2 
0 2 3 2 2 2 0 0 0 2 1 
0 0 1 0 0 0 0 0 0 0 0 
1 3 2 2 2 4 1 3 0 1 0 
0 0 1 0 0 3 0 0 4 0 0 
0 1 2 4 0 0 0 1 0 0 1 
0 1 2 4 4 1 0 1 0 0 1 
0 0 0 2 1 0 1 3 0 0 0 
0 0 0 0 0 1 0 0 0 0 0 
4 4 3 0 2 3 4 3 3 3 1 
2 3 1 4 1 3 0 0 3 1 3 
0 2 0 2 2 1 2 4 3 4 4 
3 4 1 0 3 4 3 0 2 4 1 
MFS
[ 0 , - , - , - , - , - , 0 , - , - , - , - ]
[ 0 , - , - , - , - , - , - , - , - , - , - ]
[ 0 , - , - , - , - , - , - , - , - , - , 0 ]
[ 0 , - , 0 , - , - , - , - , - , - , - , - ]
precise
0.75
recall
0.3
F-measure
0.4285714285714285
multi
9
time
all 63 iden 0 gen 63
t-cover
1364
all-cover
1375
coveredNum
(1 : 197)  (2 : 297)  (3 : 232)  (4 : 98)  (5 : 38)  (6 : 14)  (71 : 1)  (7 : 14)  (8 : 7)  (72 : 1)  (9 : 4)  (10 : 49)  (11 : 101)  (12 : 91)  (13 : 57)  (14 : 34)  (15 : 8)  (16 : 10)  (17 : 5)  (20 : 8)  (21 : 12)  (22 : 15)  (23 : 7)  (24 : 9)  (25 : 4)  (26 : 2)  (27 : 3)  (30 : 2)  (31 : 2)  (32 : 7)  (33 : 8)  (34 : 4)  (35 : 2)  (36 : 1)  (101 : 1)  (42 : 3)  (43 : 4)  (44 : 2)  (45 : 3)  (47 : 1)  (51 : 5)  (52 : 2)  (53 : 5)  (54 : 1)  (61 : 1)  (62 : 2)  (63 : 1)  
real Identify
([ 0 , - , - , - , - , - , 0 , - , - , - , - ] : 1)  ([ 0 , - , 0 , - , - , - , - , - , - , - , - ] : 1)  ([ 0 , - , - , - , - , - , - , - , - , - , 0 ] : 1)  
testCase Num: 251
regaular Num: 54
identify Num: 197
1 0 0 0 0 0 0 3 0 3 0 
0 0 4 0 0 1 0 4 0 0 0 
0 3 4 0 4 2 0 3 2 0 1 
0 0 2 0 0 0 1 1 0 0 0 
0 0 2 0 1 0 1 0 0 0 0 
0 0 0 4 0 0 4 0 2 0 1 
0 0 0 3 0 0 0 0 0 3 0 
0 0 0 4 0 0 4 0 2 0 0 
0 0 0 0 0 0 4 0 2 0 0 
0 2 3 2 1 3 4 3 2 0 1 
0 0 0 0 0 0 3 0 4 0 1 
0 0 0 0 0 0 3 0 4 0 2 
0 4 2 4 2 0 3 1 4 1 3 
0 0 4 0 0 1 0 4 0 0 1 
0 0 1 0 1 3 3 0 4 0 0 
0 0 0 0 0 0 1 0 0 0 0 
0 0 4 0 0 1 0 4 0 1 0 
1 4 2 4 2 0 3 1 3 1 3 
0 0 0 0 0 0 0 3 0 3 1 
0 0 0 0 0 0 0 3 0 3 0 
0 0 0 4 0 0 0 0 2 0 0 
0 0 0 3 0 0 0 0 0 2 1 
0 0 0 3 0 0 0 0 0 2 0 
0 1 1 0 0 4 0 0 0 0 0 
1 3 0 0 3 2 0 0 0 0 0 
4 0 1 1 3 3 4 1 0 3 3 
0 3 0 0 3 2 0 0 1 0 0 
0 0 1 1 1 2 3 0 4 0 0 
1 2 3 2 1 3 4 3 1 0 1 
4 4 0 1 3 4 3 3 3 2 4 
1 0 4 0 0 1 0 4 0 0 0 
0 1 0 3 3 0 1 2 1 3 2 
0 0 0 3 1 0 0 0 0 2 0 
3 1 3 0 2 4 3 0 1 4 0 
4 0 0 0 0 0 0 0 0 1 0 
0 1 4 3 3 1 1 2 1 3 2 
2 0 2 2 1 0 2 4 3 3 1 
0 0 0 0 0 0 0 3 0 4 0 
0 0 0 3 0 0 0 1 0 2 0 
1 1 1 1 1 1 1 1 0 1 1 
0 0 1 1 2 1 2 4 4 3 4 
4 0 2 3 2 1 0 0 3 3 1 
0 0 0 4 1 0 4 0 2 0 0 
0 0 1 1 2 1 2 4 4 3 0 
0 4 2 4 2 0 3 1 3 1 4 
0 0 4 0 0 1 0 4 1 0 0 
3 2 2 1 4 0 0 0 2 4 4 
0 4 2 4 2 0 3 1 3 1 3 
0 4 2 0 2 0 3 1 3 1 3 
4 1 0 2 4 2 4 1 4 4 4 
0 0 0 0 1 0 3 0 4 0 1 
1 3 2 0 0 4 4 2 4 1 4 
0 0 0 1 0 0 0 0 0 0 0 
0 0 0 4 0 0 4 0 2 1 0 
0 0 2 0 0 4 0 0 0 0 0 
0 0 0 1 0 3 0 0 0 0 4 
0 0 1 0 1 2 3 0 0 0 0 
0 0 0 0 0 0 0 0 1 0 0 
0 0 1 1 2 1 2 4 4 4 4 
3 3 3 1 2 0 4 4 1 2 2 
3 1 0 1 0 0 1 1 2 2 0 
0 0 1 1 3 1 2 4 4 3 4 
0 0 0 0 0 0 3 0 4 1 1 
0 0 0 0 1 0 0 3 0 3 0 
0 0 0 0 0 0 4 0 4 0 1 
0 1 0 0 0 0 0 0 0 0 0 
0 3 4 0 4 2 0 3 2 4 2 
2 0 0 2 1 4 3 4 3 0 2 
0 3 0 0 3 2 1 0 0 0 0 
1 0 2 0 0 0 1 0 0 0 0 
0 1 4 3 3 0 1 2 2 3 2 
0 0 0 0 0 3 0 0 0 1 4 
0 3 0 4 4 4 1 2 1 2 1 
1 0 0 0 0 0 0 0 0 0 0 
0 0 1 0 0 4 0 1 0 0 0 
0 3 0 0 3 2 0 1 0 0 0 
0 0 4 0 0 1 0 0 0 0 0 
0 3 4 0 4 2 0 3 2 4 1 
3 0 4 3 4 2 4 0 3 1 1 
0 0 4 0 1 1 0 4 0 0 0 
0 0 0 0 0 3 0 0 0 0 0 
2 2 2 0 2 2 2 1 1 2 2 
0 3 0 0 4 2 0 0 0 0 0 
0 0 0 0 0 3 0 0 0 0 4 
0 4 4 0 4 2 0 3 2 4 1 
0 1 2 0 0 0 1 0 0 0 0 
0 1 0 0 0 1 0 0 3 0 0 
3 1 2 4 3 3 2 3 0 0 0 
0 0 0 0 0 0 1 3 0 3 0 
2 3 1 4 4 1 1 0 3 0 3 
0 2 4 3 3 0 1 2 1 3 2 
0 0 2 0 1 2 3 0 4 0 0 
0 1 4 3 3 0 2 2 1 3 2 
0 3 4 0 4 2 0 3 3 4 1 
1 2 0 0 0 4 2 2 1 0 3 
0 2 3 3 1 3 4 3 1 0 1 
0 4 2 4 2 0 4 1 3 1 3 
0 0 0 4 0 0 4 1 2 0 0 
0 0 0 0 0 3 0 1 0 0 4 
0 0 0 0 1 3 0 0 0 0 4 
0 3 0 0 3 2 0 0 0 1 0 
0 0 1 2 2 1 2 4 4 3 4 
0 1 0 1 0 0 0 0 3 0 0 
0 1 1 0 1 2 3 0 4 0 0 
0 3 1 4 4 4 0 2 1 2 1 
0 0 1 1 2 1 2 0 4 3 4 
1 0 1 0 1 2 3 0 4 0 0 
0 0 0 0 0 4 0 0 0 0 4 
2 4 3 0 0 1 0 1 1 1 4 
1 0 0 0 0 0 3 0 4 0 1 
1 3 4 0 4 2 0 3 2 4 1 
2 4 1 2 0 1 4 2 0 2 0 
0 0 3 0 0 0 1 0 0 0 0 
0 0 0 4 0 0 0 0 0 2 0 
0 0 0 0 0 0 0 3 1 3 0 
0 3 4 0 4 2 1 3 2 4 1 
0 3 0 4 0 4 0 2 1 2 1 
1 1 4 3 3 0 1 2 1 3 2 
0 3 0 0 3 2 0 0 0 0 1 
0 3 0 0 3 2 0 0 0 0 0 
0 0 1 0 0 0 0 0 0 0 0 
0 0 1 1 0 4 0 0 0 0 0 
0 0 1 0 1 2 4 0 4 0 0 
0 4 0 4 4 4 0 2 1 2 1 
3 4 0 0 4 3 2 0 0 0 2 
1 4 3 4 4 2 3 4 2 3 0 
0 0 4 1 0 1 0 4 0 0 0 
0 1 0 0 0 0 0 3 0 3 0 
0 4 3 4 2 0 3 1 3 1 3 
2 2 0 3 0 3 3 4 3 1 0 
0 3 0 0 4 4 0 2 1 2 1 
0 0 0 0 0 0 0 1 0 0 0 
0 0 4 0 0 2 0 4 0 0 0 
1 0 1 0 0 4 0 0 0 0 0 
0 0 2 0 0 0 2 0 0 0 0 
4 2 3 0 0 4 1 4 0 3 1 
0 3 0 4 4 4 0 2 1 2 1 
0 0 1 0 1 2 3 0 4 1 0 
0 0 0 0 0 0 3 0 0 0 1 
0 3 0 4 4 4 0 2 1 2 2 
0 0 0 1 0 0 3 0 4 0 1 
0 0 0 0 1 0 0 0 0 0 0 
0 2 4 2 1 3 4 3 1 0 1 
0 3 0 0 3 3 0 0 0 0 0 
0 1 0 0 0 0 3 0 4 0 1 
0 0 0 4 0 1 4 0 2 0 0 
0 3 4 0 0 2 0 3 2 4 1 
0 3 1 0 3 2 0 0 0 0 0 
0 3 0 1 3 2 0 0 0 0 0 
0 1 4 3 3 0 1 3 1 3 2 
0 0 1 0 0 4 0 0 0 0 1 
0 0 0 0 0 1 3 0 4 0 1 
0 3 0 4 4 4 0 2 1 3 1 
0 0 1 0 0 4 0 0 0 0 0 
0 3 4 0 4 2 0 4 2 4 1 
1 3 0 4 4 4 0 2 1 2 1 
0 0 0 0 0 3 1 0 0 0 4 
0 1 0 0 0 0 0 1 3 0 0 
0 1 0 3 0 0 0 0 0 2 0 
0 0 1 0 0 0 3 0 4 0 1 
0 0 1 1 2 2 2 4 4 3 4 
0 1 4 3 3 0 1 2 1 3 3 
0 1 4 3 3 0 1 2 1 3 2 
0 0 1 0 0 4 0 0 0 1 0 
3 2 4 4 1 0 1 3 4 0 4 
1 0 0 0 0 3 0 0 0 0 4 
0 2 3 2 1 4 4 3 1 0 1 
0 0 1 1 2 1 2 4 0 3 4 
0 3 0 4 4 4 0 2 2 2 1 
0 1 0 0 0 0 0 0 3 0 0 
0 1 0 0 0 0 0 0 3 0 1 
0 0 1 0 2 2 3 0 4 0 0 
0 1 0 0 1 0 0 0 3 0 0 
0 3 3 2 1 3 4 3 1 0 1 
0 0 1 0 0 0 0 3 0 3 0 
0 0 1 3 0 0 0 0 0 2 0 
0 0 2 1 0 0 1 0 0 0 0 
0 4 0 0 3 2 0 0 0 0 0 
0 2 3 2 1 3 4 4 1 0 1 
0 0 2 0 0 0 1 0 1 0 0 
4 0 1 4 0 1 3 2 1 4 2 
0 0 1 0 1 4 0 0 0 0 0 
0 0 0 0 0 1 0 3 0 3 0 
0 0 0 3 0 1 0 0 0 2 0 
0 0 0 0 0 1 0 4 0 0 0 
0 1 4 3 3 0 1 2 1 4 2 
0 0 0 0 0 3 0 0 1 0 4 
0 0 1 0 1 2 3 0 4 0 0 
0 0 1 0 1 2 3 0 4 0 1 
0 1 4 3 4 0 1 2 1 3 2 
0 1 0 0 0 0 0 0 3 1 0 
0 1 1 0 0 0 0 0 3 0 0 
0 0 1 0 0 4 1 0 0 0 0 
0 2 3 2 1 3 0 3 1 0 1 
2 1 3 3 3 0 0 4 4 4 3 
0 0 4 0 0 1 1 4 0 0 0 
0 3 0 0 4 2 0 3 2 4 1 
2 0 4 1 0 2 1 3 2 2 3 
0 0 0 0 0 0 0 4 0 3 0 
0 0 2 1 2 1 2 4 4 3 4 
0 3 4 1 4 2 0 3 2 4 1 
0 0 2 0 0 1 1 0 0 0 0 
0 1 0 0 0 0 0 0 4 0 0 
0 1 1 1 2 1 2 4 4 3 4 
1 3 4 1 2 2 3 2 0 0 2 
1 4 0 2 3 1 2 0 1 1 1 
3 2 1 0 3 1 0 3 2 1 2 
0 2 0 0 0 0 0 0 3 0 0 
0 3 4 0 4 3 0 3 2 4 1 
0 4 2 4 3 0 3 1 3 1 3 
0 0 2 0 0 0 1 0 0 0 0 
0 2 3 2 1 3 4 3 1 1 1 
0 0 2 0 0 0 1 0 0 0 1 
4 3 4 3 1 4 2 1 2 0 0 
0 0 0 0 0 0 0 0 0 0 0 
0 0 0 0 0 0 0 0 0 0 1 
0 3 0 4 4 0 0 2 1 2 1 
0 0 1 4 0 0 4 0 2 0 0 
0 0 0 3 0 0 1 0 0 2 0 
0 2 3 2 2 3 4 3 1 0 1 
0 0 0 0 0 0 3 1 4 0 1 
0 4 2 4 2 0 3 1 3 2 3 
0 0 1 1 2 1 3 4 4 3 4 
1 0 3 0 1 3 2 2 3 4 3 
1 0 0 3 0 0 0 0 0 2 0 
3 3 0 2 2 3 1 2 2 3 3 
0 1 0 0 0 0 1 0 3 0 0 
0 0 2 0 0 0 1 0 0 1 0 
0 0 0 4 0 0 4 0 3 0 0 
0 0 0 0 0 0 0 0 0 1 0 
0 2 3 2 1 3 4 3 1 0 2 
0 2 3 2 1 3 4 3 1 0 1 
0 1 4 4 3 0 1 2 1 3 2 
1 0 0 4 0 0 4 0 2 0 0 
0 0 1 0 1 2 3 1 4 0 0 
0 1 0 4 0 0 4 0 2 0 0 
0 1 0 0 0 3 0 0 0 0 4 
1 1 0 0 0 0 0 0 3 0 0 
0 0 0 3 0 0 0 0 1 2 0 
0 0 0 1 0 0 0 3 0 3 0 
0 0 2 4 2 0 3 1 3 1 3 
0 4 2 4 2 1 3 1 3 1 3 
0 0 1 0 0 4 0 0 1 0 0 
1 4 4 2 1 3 0 0 4 2 2 
0 3 0 4 4 4 0 3 1 2 1 
0 0 1 0 0 3 0 0 0 0 4 
0 0 0 0 0 1 0 0 0 0 0 
1 0 1 1 2 1 2 4 4 3 4 
0 1 4 0 0 1 0 4 0 0 0 
1 4 1 3 2 0 1 3 0 4 4 
0 4 2 4 2 0 3 2 3 1 3 
MFS
[ 0 , - , - , - , - , - , - , - , - , - , - ]
[ 0 , - , - , - , - , 0 , - , - , - , - , - ]
[ 0 , 0 , - , - , - , - , - , - , - , - , - ]
[ 0 , - , - , - , - , - , - , - , - , 0 , - ]
precise
0.75
recall
0.3
F-measure
0.4285714285714285
multi
14
time
all 63 iden 0 gen 63
t-cover
1361
all-cover
1375
coveredNum
(1 : 194)  (2 : 269)  (3 : 179)  (4 : 101)  (5 : 43)  (6 : 6)  (7 : 3)  (8 : 9)  (9 : 8)  (10 : 57)  (11 : 96)  (12 : 115)  (13 : 68)  (14 : 33)  (15 : 8)  (16 : 5)  (17 : 9)  (18 : 6)  (19 : 9)  (20 : 11)  (21 : 22)  (22 : 25)  (23 : 9)  (24 : 4)  (26 : 2)  (27 : 2)  (28 : 4)  (29 : 3)  (30 : 5)  (31 : 5)  (32 : 6)  (37 : 1)  (38 : 2)  (43 : 1)  (45 : 1)  (50 : 1)  (51 : 1)  (53 : 1)  (54 : 1)  (62 : 4)  (63 : 2)  (64 : 4)  (65 : 2)  (67 : 1)  (70 : 1)  (72 : 2)  (73 : 2)  (74 : 5)  (76 : 1)  (80 : 2)  (81 : 1)  (82 : 4)  (83 : 3)  (84 : 3)  (86 : 1)  (91 : 1)  (92 : 2)  (93 : 2)  (101 : 4)  (110 : 2)  (112 : 1)  
real Identify
([ 0 , - , - , - , - , 0 , - , - , - , - , - ] : 1)  ([ 0 , 0 , - , - , - , - , - , - , - , - , - ] : 1)  ([ 0 , - , - , - , - , - , - , - , - , 0 , - ] : 1)  
testCase Num: 180
regaular Num: 48
identify Num: 132
0 4 4 2 2 1 4 3 4 4 4 
1 0 0 2 4 1 2 0 3 0 0 
0 4 4 1 4 0 2 1 0 3 3 
0 3 0 3 0 3 3 2 1 2 2 
0 0 0 0 4 1 0 0 0 0 3 
2 0 0 1 0 3 3 3 3 1 0 
0 1 2 2 1 2 2 3 1 1 1 
0 0 2 2 1 2 2 3 2 1 1 
0 0 0 0 0 2 4 1 0 3 0 
0 0 0 0 0 0 0 1 0 0 0 
0 1 0 2 4 1 2 0 3 0 0 
3 3 0 1 4 2 3 1 4 2 0 
0 0 3 2 1 2 2 3 1 1 1 
0 3 4 3 0 3 3 2 1 2 2 
1 0 2 2 1 2 2 3 1 1 1 
0 3 4 4 0 3 3 2 1 2 2 
0 3 4 3 0 3 3 2 1 2 3 
0 0 0 2 4 2 2 0 3 0 0 
0 0 0 0 1 0 0 0 0 0 0 
0 4 4 1 3 0 2 2 0 3 3 
0 0 0 0 1 2 4 0 0 3 0 
2 3 2 3 0 1 4 0 4 0 4 
0 3 3 0 0 1 1 0 0 1 0 
0 0 0 0 0 0 1 0 0 0 0 
0 0 0 0 4 0 0 0 0 0 4 
0 3 3 0 1 1 1 0 0 0 0 
0 0 1 2 4 1 2 0 3 0 0 
0 0 0 3 4 1 2 0 3 0 0 
0 1 0 1 0 4 3 0 0 3 2 
4 2 3 0 4 0 4 0 1 1 4 
0 0 0 0 0 2 0 0 0 3 0 
0 1 1 0 0 4 2 3 0 2 0 
0 1 3 4 0 4 1 1 2 4 0 
3 2 1 4 4 1 0 3 0 0 2 
4 1 1 2 1 4 0 0 4 3 3 
0 0 0 0 4 0 0 0 0 0 3 
0 1 3 4 1 4 0 1 2 4 0 
0 3 4 3 0 3 3 2 1 3 2 
0 1 0 1 0 4 4 4 0 3 2 
0 1 0 0 4 0 0 0 0 0 3 
0 1 3 4 0 0 0 1 2 4 0 
0 3 1 0 3 3 1 0 4 0 1 
0 0 0 2 4 1 2 0 4 0 0 
0 1 0 0 0 4 2 4 0 2 0 
2 3 2 2 2 3 3 1 2 1 3 
1 4 3 2 0 2 3 0 0 0 2 
0 2 0 0 0 4 2 3 0 2 0 
0 1 0 0 0 0 2 3 0 2 0 
0 1 3 0 0 4 0 1 2 4 0 
3 2 2 1 3 1 3 0 0 4 4 
1 1 0 0 0 4 2 3 0 2 0 
1 2 1 0 3 3 1 0 4 0 1 
0 0 2 2 1 2 2 3 1 1 2 
3 3 1 3 1 0 0 2 0 1 4 
1 3 4 3 0 3 3 2 1 2 2 
0 0 0 0 4 0 0 0 0 1 3 
2 4 2 3 3 4 0 4 1 1 0 
1 3 1 0 3 0 3 3 3 2 3 
0 2 1 0 3 3 2 0 4 0 1 
0 0 2 3 1 2 2 3 1 1 1 
0 3 4 3 0 3 3 2 2 2 2 
0 0 2 2 1 2 2 3 1 1 1 
0 1 0 0 0 4 2 3 1 2 0 
0 1 0 1 0 0 3 4 0 3 2 
3 0 0 4 2 1 1 2 1 0 3 
0 1 3 4 0 4 0 1 2 4 0 
0 4 0 1 3 0 2 1 0 3 3 
1 1 0 1 0 4 3 4 0 3 2 
0 4 4 1 3 0 2 1 0 4 3 
0 1 3 4 0 4 0 1 2 4 1 
4 4 1 1 2 2 2 2 2 3 0 
0 0 0 2 4 1 2 0 3 1 0 
2 3 0 3 4 4 2 2 1 3 1 
0 3 3 0 0 1 1 0 0 0 1 
0 3 3 0 0 1 1 0 0 0 0 
0 3 3 1 0 1 1 0 0 0 0 
0 1 0 0 0 4 3 3 0 2 0 
0 1 0 1 0 4 3 4 1 3 2 
1 2 0 3 2 4 1 1 0 4 4 
0 0 1 0 4 0 0 0 0 0 3 
0 1 0 2 0 4 3 4 0 3 2 
0 0 0 1 0 0 0 0 0 0 0 
0 2 1 1 3 3 1 0 4 0 1 
0 0 0 0 0 0 0 0 1 0 0 
3 4 2 0 4 4 4 2 3 4 0 
0 0 0 2 4 1 2 0 3 0 0 
0 4 4 1 3 0 2 1 0 3 3 
0 0 0 2 4 1 2 0 3 0 1 
1 0 2 4 4 3 2 0 2 3 4 
0 4 4 1 3 0 2 1 0 3 4 
0 1 0 0 0 2 4 0 0 3 0 
1 0 3 4 3 2 0 2 4 1 2 
0 3 4 0 0 1 1 0 0 0 0 
0 1 0 0 0 0 0 0 0 0 0 
4 0 4 1 1 4 4 1 3 0 2 
0 0 0 0 4 0 0 1 0 0 3 
0 1 0 1 0 4 3 4 0 4 2 
0 2 1 0 3 3 1 0 4 1 1 
0 0 2 2 2 2 2 3 1 1 1 
0 0 0 0 4 0 1 0 0 0 3 
0 1 0 0 0 4 2 3 0 2 1 
0 1 0 0 0 4 2 3 0 2 0 
1 0 0 0 0 0 0 0 0 0 0 
0 1 0 1 0 4 2 3 0 2 0 
0 1 3 4 0 4 0 1 3 4 0 
1 0 0 0 0 2 4 0 0 3 0 
0 0 0 2 4 1 2 1 3 0 0 
1 4 4 1 3 0 2 1 0 3 3 
0 1 4 4 0 4 0 1 2 4 0 
0 3 3 0 0 1 1 0 1 0 0 
0 3 4 3 0 3 4 2 1 2 2 
1 3 3 0 0 1 1 0 0 0 0 
0 1 0 1 0 4 3 4 0 3 2 
0 1 0 1 0 4 3 4 0 3 3 
2 4 4 4 0 0 0 0 0 0 0 
0 2 1 0 3 3 1 0 0 0 1 
0 0 0 1 0 2 4 0 0 3 0 
0 2 1 0 3 3 1 0 4 0 1 
0 4 4 1 3 1 2 1 0 3 3 
0 2 1 0 3 3 1 0 4 0 2 
0 0 0 0 0 0 0 0 0 0 3 
0 0 0 0 0 0 0 0 0 0 0 
0 0 0 0 0 0 0 0 0 0 1 
3 1 0 2 3 3 4 4 2 0 1 
0 0 0 0 0 2 4 0 1 3 0 
0 0 2 2 1 2 2 3 1 2 1 
0 0 0 0 0 3 4 0 0 3 0 
0 0 2 2 1 2 3 3 1 1 1 
0 0 1 0 0 2 4 0 0 3 0 
0 4 4 2 3 0 2 1 0 3 3 
1 1 3 4 0 4 0 1 2 4 0 
0 4 4 1 3 0 2 1 1 3 3 
1 2 4 0 2 0 2 4 4 0 0 
0 0 0 2 0 1 2 0 3 0 0 
1 1 1 1 0 1 1 1 1 1 1 
0 2 1 0 4 3 1 0 4 0 1 
0 3 4 3 1 3 3 2 1 2 2 
0 1 0 0 1 4 2 3 0 2 0 
0 0 0 0 0 2 4 0 0 4 0 
0 4 4 3 0 3 3 2 1 2 2 
0 3 3 0 0 1 2 0 0 0 0 
0 2 1 0 3 3 1 1 4 0 1 
0 0 0 0 0 0 0 0 0 1 0 
0 2 0 1 0 4 3 4 0 3 2 
0 0 4 1 3 0 2 1 0 3 3 
0 1 3 4 0 4 0 1 2 0 0 
0 2 1 0 3 4 1 0 4 0 1 
0 1 0 1 1 4 3 4 0 3 2 
4 3 3 4 1 3 3 4 0 4 1 
4 0 1 3 0 1 4 4 0 2 3 
0 3 3 0 0 1 1 1 0 0 0 
0 0 0 0 4 0 0 0 1 0 3 
0 1 4 4 4 2 1 4 3 2 4 
4 4 0 0 1 1 1 3 2 3 0 
3 2 3 3 0 2 2 3 3 3 3 
0 0 0 1 4 0 0 0 0 0 3 
0 0 0 2 4 1 3 0 3 0 0 
0 0 0 0 0 2 4 0 0 3 0 
0 3 3 0 0 2 1 0 0 0 0 
0 2 2 0 3 3 1 0 4 0 1 
0 4 4 1 3 0 3 1 0 3 3 
2 2 2 2 1 0 1 2 2 2 2 
4 1 2 0 3 0 0 1 0 0 0 
0 3 4 3 0 3 3 3 1 2 2 
0 1 3 4 0 4 0 2 2 4 0 
0 0 0 0 0 2 4 0 0 3 1 
0 0 2 2 1 2 2 4 1 1 1 
0 0 1 0 0 0 0 0 0 0 0 
0 4 3 0 0 1 1 0 0 0 0 
1 0 0 4 1 0 4 0 1 4 3 
0 1 1 1 0 4 3 4 0 3 2 
1 0 0 0 4 0 0 0 0 0 3 
0 0 0 0 0 1 0 0 0 0 0 
2 4 3 1 2 3 0 0 3 2 1 
3 1 4 3 0 0 0 0 2 1 1 
0 1 0 0 0 4 2 3 0 3 0 
2 1 1 0 2 2 2 2 0 4 2 
0 2 3 4 0 4 0 1 2 4 0 
0 3 4 3 0 4 3 2 1 2 2 
0 0 2 2 1 3 2 3 1 1 1 
MFS
[ 0 , - , - , - , - , - , - , - , - , - , - ]
[ 0 , - , - , - , 0 , - , - , - , - , - , - ]
[ 0 , 0 , - , - , - , - , - , - , - , - , - ]
precise
0.6666666666666666
recall
0.2
F-measure
0.30769230769230765
multi
10
time
all 62 iden 0 gen 62
t-cover
1357
all-cover
1375
coveredNum
(1 : 224)  (2 : 315)  (3 : 228)  (4 : 90)  (5 : 32)  (6 : 16)  (71 : 1)  (7 : 11)  (8 : 5)  (72 : 1)  (9 : 4)  (10 : 41)  (11 : 99)  (12 : 93)  (13 : 56)  (14 : 22)  (15 : 10)  (16 : 10)  (17 : 2)  (20 : 3)  (21 : 11)  (22 : 21)  (23 : 11)  (24 : 13)  (25 : 7)  (26 : 5)  (27 : 1)  (30 : 1)  (31 : 5)  (32 : 5)  (33 : 1)  (34 : 2)  (35 : 2)  (36 : 1)  (37 : 1)  (41 : 2)  (42 : 6)  (43 : 2)  (44 : 1)  (45 : 2)  (51 : 3)  (52 : 1)  (53 : 3)  (54 : 1)  (60 : 1)  (61 : 2)  (62 : 1)  
real Identify
([ 0 , - , - , - , 0 , - , - , - , - , - , - ] : 1)  ([ 0 , 0 , - , - , - , - , - , - , - , - , - ] : 1)  
testCase Num: 239
regaular Num: 52
identify Num: 187
4 2 3 2 4 4 3 4 4 1 0 
0 4 4 4 2 0 2 4 1 2 4 
2 4 0 3 1 3 3 0 2 3 1 
0 3 0 0 1 0 0 1 1 3 0 
3 1 0 2 2 4 0 2 1 0 0 
1 3 2 3 3 2 4 0 1 1 4 
0 2 3 0 1 0 2 0 1 4 0 
0 0 0 2 0 1 0 1 0 0 0 
0 3 0 2 4 2 3 4 3 4 2 
0 0 0 1 0 4 2 1 4 3 1 
0 0 0 0 0 0 1 0 0 0 0 
0 3 0 0 2 0 0 0 0 0 0 
0 0 0 0 1 0 3 2 0 0 0 
0 1 3 4 3 0 3 4 3 0 3 
0 0 4 1 0 4 2 1 0 3 1 
0 2 2 0 0 1 3 3 2 1 2 
1 2 2 3 4 0 2 4 3 3 3 
0 3 0 1 4 3 3 4 3 4 2 
0 0 0 2 1 1 0 0 0 0 0 
0 2 3 0 2 4 2 0 1 4 0 
0 2 0 4 0 0 0 0 1 0 0 
0 4 0 1 4 2 3 4 3 4 2 
0 3 2 3 3 2 4 0 2 1 4 
0 0 0 0 0 0 0 0 2 0 3 
0 2 2 1 0 0 3 3 2 1 2 
0 0 0 0 0 0 3 2 0 1 0 
0 4 0 0 2 0 0 0 4 0 0 
0 1 3 3 3 1 3 4 3 0 3 
4 3 1 0 0 3 1 0 0 2 1 
4 0 4 3 0 0 1 2 2 0 0 
0 1 3 3 3 0 4 4 3 0 3 
1 0 1 1 0 2 3 1 2 0 0 
0 3 0 0 2 1 0 0 4 0 0 
0 0 0 2 0 1 0 0 0 1 0 
0 3 0 0 1 0 1 1 0 3 0 
1 4 3 4 0 1 2 3 4 2 3 
1 3 0 0 1 0 0 1 0 3 0 
0 0 0 1 0 0 0 0 0 0 0 
0 2 0 4 0 0 0 0 0 0 0 
0 2 0 4 0 0 0 0 0 0 1 
0 0 0 1 0 3 0 0 0 0 4 
0 0 0 0 0 0 0 0 1 0 0 
0 2 3 3 3 0 3 4 3 0 3 
0 0 0 2 0 1 0 0 0 0 0 
0 4 4 4 2 0 1 4 2 2 4 
0 2 3 0 1 4 2 1 1 4 0 
0 4 3 4 0 1 3 3 4 2 3 
0 0 0 0 0 0 0 0 1 0 3 
0 0 4 2 0 4 2 1 4 3 1 
0 0 0 2 0 1 0 0 0 0 1 
0 0 0 0 0 0 0 0 1 0 4 
0 3 1 0 2 0 0 0 4 0 0 
0 2 0 0 0 0 0 0 0 0 0 
0 0 0 0 0 0 3 3 0 0 0 
0 1 0 0 0 0 0 0 0 0 0 
0 2 1 2 4 1 0 2 0 3 4 
0 2 1 1 4 1 0 2 0 3 0 
3 0 3 1 3 3 1 3 3 3 2 
4 4 2 3 1 4 0 1 0 2 2 
0 3 3 0 1 4 2 0 1 4 0 
1 0 0 2 0 1 0 0 0 0 0 
0 2 1 1 4 2 0 2 0 3 4 
0 0 0 0 0 3 0 0 0 1 4 
4 1 3 4 2 2 4 2 0 3 2 
0 3 0 1 4 2 4 4 3 4 2 
1 0 0 0 0 0 0 0 0 0 0 
0 2 3 0 1 4 2 0 2 4 0 
0 2 1 1 4 1 0 2 0 3 4 
0 3 0 1 4 2 3 4 3 0 2 
3 3 1 3 0 0 4 2 4 4 3 
0 4 4 4 2 1 1 4 1 2 4 
1 3 4 2 3 2 0 3 0 4 1 
0 0 0 0 0 0 3 2 1 0 0 
0 0 4 1 0 4 3 1 4 3 1 
1 0 0 0 0 0 3 2 0 0 0 
0 1 3 3 3 0 3 4 4 0 3 
0 2 1 1 4 1 0 2 0 4 4 
1 4 3 0 3 2 2 2 4 0 4 
0 0 0 0 0 3 0 0 0 0 0 
1 1 0 2 0 4 4 0 3 2 4 
0 3 0 0 2 0 1 0 4 0 0 
0 3 0 0 1 0 0 2 0 3 0 
0 0 0 0 0 3 0 0 0 0 4 
0 0 1 2 0 1 0 0 0 0 0 
0 4 4 4 2 0 1 4 1 2 0 
1 2 3 0 1 4 2 0 1 4 0 
0 4 4 4 2 0 1 4 1 2 4 
4 0 0 3 2 1 3 3 1 4 4 
0 0 0 2 0 1 0 0 1 0 0 
1 1 3 3 3 0 3 4 3 0 3 
0 3 0 1 0 2 3 4 3 4 2 
0 2 0 4 0 0 1 0 0 0 0 
1 3 0 0 2 0 0 0 4 0 0 
0 0 4 4 2 0 1 4 1 2 4 
0 1 2 2 4 3 1 3 4 4 2 
0 3 0 0 1 0 0 1 0 3 1 
0 3 0 0 1 0 0 1 0 3 0 
0 0 0 0 0 3 0 1 0 0 4 
1 0 0 0 0 0 0 0 1 0 3 
2 4 1 2 0 3 2 4 1 3 0 
0 3 0 0 1 1 0 1 0 3 0 
0 2 3 0 1 4 2 0 1 4 0 
0 0 0 0 1 3 0 0 0 0 4 
1 2 0 4 0 0 0 0 0 0 0 
0 4 4 4 2 0 1 4 1 3 4 
0 2 3 0 1 4 2 0 1 4 1 
0 2 2 0 0 0 3 4 2 1 2 
0 0 0 0 0 0 3 2 0 0 0 
0 3 1 1 4 2 3 4 3 4 2 
0 1 4 1 0 4 2 1 4 3 1 
0 0 0 0 0 0 3 2 0 0 1 
0 1 0 0 0 0 0 0 1 0 3 
0 3 0 0 2 0 0 1 0 3 0 
0 1 3 3 3 0 3 4 3 0 4 
0 2 1 1 4 1 0 3 0 3 4 
0 0 0 0 0 0 1 0 1 0 3 
0 0 0 0 0 4 0 0 0 0 4 
0 4 3 4 0 1 2 3 0 2 3 
0 3 0 4 0 0 0 0 0 0 0 
0 1 3 3 3 0 3 4 3 0 3 
0 3 0 0 1 0 0 1 0 4 0 
0 4 4 4 3 0 1 4 1 2 4 
0 1 0 2 0 1 0 0 0 0 0 
1 0 1 4 2 3 0 2 3 1 1 
0 0 1 0 0 0 0 0 0 0 0 
0 4 3 0 0 1 2 3 4 2 3 
0 3 0 1 4 2 3 4 3 4 2 
0 3 0 1 4 2 3 4 3 4 3 
0 3 1 0 1 0 0 1 0 3 0 
0 2 1 1 4 1 1 2 0 3 4 
0 0 0 2 0 1 1 0 0 0 0 
0 0 0 0 0 0 0 1 0 0 0 
0 1 3 3 3 0 3 4 3 1 3 
0 0 4 1 0 4 2 1 4 4 1 
0 0 3 4 0 1 2 3 4 2 3 
3 0 2 0 4 1 4 4 2 2 1 
0 2 2 0 0 0 3 3 2 2 2 
0 0 0 0 1 0 0 0 0 0 0 
0 3 0 0 2 0 0 0 4 1 0 
3 4 0 0 4 0 0 4 0 4 0 
0 4 2 3 3 2 4 0 1 1 4 
4 3 2 4 4 1 2 0 1 0 2 
2 0 4 4 4 0 3 0 0 0 2 
0 3 2 3 3 3 4 0 1 1 4 
0 4 0 0 1 0 0 1 0 3 0 
0 2 3 0 1 4 3 0 1 4 0 
0 4 4 4 2 0 1 0 1 2 4 
1 1 1 0 1 1 1 1 1 1 1 
3 0 0 4 1 2 2 4 0 1 3 
0 3 3 3 3 2 4 0 1 1 4 
0 0 1 0 0 0 0 0 1 0 3 
0 2 1 4 0 0 0 0 0 0 0 
0 3 2 4 3 2 4 0 1 1 4 
0 0 4 1 0 4 2 1 4 3 2 
0 0 4 1 0 4 2 1 4 3 1 
0 3 0 0 2 0 0 0 4 0 0 
0 1 3 3 4 0 3 4 3 0 3 
0 0 0 0 0 3 1 0 0 0 4 
0 4 4 4 0 1 2 3 4 2 3 
0 3 0 0 2 0 0 0 4 0 1 
0 4 3 4 0 1 2 4 4 2 3 
0 3 0 1 4 2 3 4 4 4 2 
0 0 4 1 0 0 2 1 4 3 1 
0 2 2 0 1 0 3 3 2 1 2 
1 0 1 0 3 1 0 0 0 0 2 
0 3 0 0 3 0 0 0 4 0 0 
0 2 3 0 1 4 2 0 1 0 0 
0 0 0 0 0 0 4 2 0 0 0 
3 2 1 2 1 4 0 3 2 0 3 
0 4 3 4 0 2 2 3 4 2 3 
2 4 4 1 1 1 4 3 3 1 0 
0 3 0 1 1 0 0 1 0 3 0 
1 0 0 0 0 3 0 0 0 0 4 
0 2 1 1 4 1 0 2 1 3 4 
1 0 4 1 0 4 2 1 4 3 1 
0 3 0 0 2 0 0 1 4 0 0 
0 0 0 0 1 0 0 0 1 0 3 
4 0 0 0 0 0 0 0 3 0 0 
0 1 3 3 3 0 3 0 3 0 3 
0 1 0 0 0 0 3 2 0 0 0 
0 0 0 0 0 1 3 2 0 0 0 
0 0 0 0 0 3 0 0 1 0 4 
0 2 2 0 0 0 3 3 2 1 2 
1 3 0 1 4 2 3 4 3 4 2 
0 2 2 0 0 0 3 3 2 1 3 
0 0 1 0 0 0 3 2 0 0 0 
0 4 3 4 0 1 2 3 4 3 3 
2 0 0 2 1 0 0 2 4 0 4 
0 0 0 2 0 2 0 0 0 0 0 
1 4 4 4 2 0 1 4 1 2 4 
0 3 2 3 4 2 4 0 1 1 4 
0 0 0 0 0 0 0 0 1 1 3 
0 2 4 0 1 4 2 0 1 4 0 
0 2 0 4 0 0 0 0 0 1 0 
0 3 2 3 3 2 4 1 1 1 4 
0 1 4 3 3 0 3 4 3 0 3 
0 3 0 1 4 2 3 0 3 4 2 
2 1 2 1 2 2 2 2 2 2 0 
0 4 0 4 2 0 1 4 1 2 4 
2 3 3 4 3 4 1 1 2 4 0 
0 4 4 0 2 0 1 4 1 2 4 
0 0 0 0 0 1 0 0 1 0 3 
0 2 0 4 1 0 0 0 0 0 0 
4 2 0 1 3 2 1 0 4 2 3 
0 0 0 1 0 0 0 0 1 0 3 
0 0 0 0 0 0 0 0 0 0 0 
0 0 0 0 0 0 0 0 0 0 1 
0 3 2 3 3 2 0 0 1 1 4 
0 0 0 3 0 1 0 0 0 0 0 
0 2 3 0 0 0 3 3 2 1 2 
0 2 2 0 0 0 3 3 3 1 2 
1 2 1 1 4 1 0 2 0 3 4 
0 3 2 0 0 0 3 3 2 1 2 
0 2 0 4 0 1 0 0 0 0 0 
0 0 0 0 0 0 0 0 0 1 0 
0 0 0 0 0 0 0 1 1 0 3 
0 2 0 4 0 0 0 1 0 0 0 
0 3 2 3 3 2 4 0 1 2 4 
0 2 3 1 1 4 2 0 1 4 0 
0 0 4 1 0 4 2 2 4 3 1 
0 0 4 1 1 4 2 1 4 3 1 
0 1 0 0 0 3 0 0 0 0 4 
1 2 2 0 0 0 3 3 2 1 2 
0 4 3 4 1 1 2 3 4 2 3 
0 0 0 1 0 0 3 2 0 0 0 
0 2 2 1 4 1 0 2 0 3 4 
0 4 3 4 0 1 2 3 4 2 3 
0 4 3 4 0 1 2 3 4 2 4 
2 2 4 0 2 3 4 1 3 0 3 
3 2 3 1 2 0 0 0 1 0 1 
0 2 2 0 0 0 4 3 2 1 2 
3 1 4 2 4 0 3 1 2 2 4 
0 3 2 3 3 2 4 0 1 1 0 
0 3 2 3 3 2 4 0 1 1 4 
0 0 1 0 0 3 0 0 0 0 4 
0 0 0 0 0 1 0 0 0 0 0 
0 3 1 1 4 1 0 2 0 3 4 
0 2 1 1 0 1 0 2 0 3 4 
0 3 0 1 2 0 0 0 4 0 0 
MFS
[ 0 , - , - , - , - , - , - , - , - , - , - ]
[ 0 , - , - , - , - , - , - , 0 , - , - , - ]
[ 0 , - , - , - , 0 , - , - , - , - , - , - ]
[ 0 , - , - , - , - , 0 , - , - , - , - , - ]
[ 0 , - , 0 , - , - , - , - , - , - , - , - ]
precise
0.8
recall
0.4
F-measure
0.5333333333333333
multi
13
time
all 78 iden 0 gen 78
t-cover
1363
all-cover
1375
coveredNum
(1 : 173)  (2 : 246)  (3 : 194)  (4 : 103)  (5 : 36)  (6 : 10)  (7 : 10)  (8 : 18)  (9 : 8)  (10 : 41)  (11 : 124)  (12 : 96)  (13 : 80)  (14 : 37)  (15 : 13)  (16 : 15)  (17 : 11)  (18 : 5)  (19 : 7)  (20 : 13)  (21 : 15)  (22 : 19)  (23 : 11)  (24 : 7)  (25 : 2)  (26 : 6)  (28 : 2)  (29 : 1)  (31 : 2)  (32 : 6)  (33 : 1)  (34 : 1)  (36 : 1)  (37 : 1)  (38 : 1)  (39 : 1)  (41 : 1)  (43 : 5)  (44 : 4)  (45 : 2)  (46 : 1)  (47 : 1)  (52 : 1)  (53 : 3)  (54 : 8)  (55 : 3)  (56 : 3)  (62 : 1)  (63 : 3)  (64 : 5)  (65 : 4)  (66 : 1)  (67 : 1)  (73 : 1)  (74 : 3)  (81 : 1)  (82 : 1)  (83 : 2)  (92 : 3)  
real Identify
([ 0 , - , - , - , - , - , - , 0 , - , - , - ] : 1)  ([ 0 , - , - , - , 0 , - , - , - , - , - , - ] : 1)  ([ 0 , - , - , - , - , 0 , - , - , - , - , - ] : 1)  ([ 0 , - , 0 , - , - , - , - , - , - , - , - ] : 1)  
testCase Num: 227
regaular Num: 52
identify Num: 175
3 3 2 3 0 1 0 1 4 4 1 
4 1 2 3 2 3 2 0 1 4 3 
0 2 0 2 1 4 4 1 4 4 3 
4 2 3 4 1 2 3 4 0 0 1 
2 2 4 0 2 0 4 2 1 0 4 
0 0 0 0 0 0 2 0 0 3 1 
0 3 2 1 0 2 1 3 2 4 4 
0 1 2 1 4 1 4 4 0 3 0 
0 4 3 0 3 4 0 3 1 1 2 
0 2 1 2 0 3 0 2 3 1 1 
0 0 0 0 0 0 2 0 0 3 0 
0 4 3 3 3 2 3 1 4 2 0 
0 0 0 1 0 0 3 0 0 0 2 
0 2 2 3 0 0 1 0 1 0 0 
0 0 0 0 0 0 1 0 0 0 0 
0 1 0 0 0 0 3 0 0 0 2 
0 1 2 1 3 1 4 0 0 3 0 
0 0 1 0 2 0 0 0 0 0 1 
0 2 2 2 4 3 0 2 3 1 1 
0 0 4 0 1 0 4 0 1 3 1 
0 1 0 2 1 4 4 1 0 4 3 
0 4 1 1 0 2 1 3 2 4 4 
2 1 3 0 4 0 1 1 3 2 1 
0 0 0 0 0 0 2 0 0 4 0 
0 4 3 0 3 4 0 3 1 0 3 
0 4 3 0 3 4 0 3 1 0 2 
0 0 0 0 0 1 3 0 0 0 2 
0 4 3 3 2 2 3 1 4 3 0 
0 2 0 4 3 4 2 1 4 4 0 
0 1 0 4 1 0 0 0 0 0 0 
0 2 4 4 3 4 2 1 0 4 0 
0 0 1 0 0 0 3 0 0 0 2 
0 2 1 2 4 4 0 2 3 1 1 
0 4 3 3 2 2 3 1 4 2 0 
0 1 0 0 2 0 0 0 0 0 1 
0 4 3 3 2 2 3 1 4 2 1 
0 3 1 2 4 3 0 2 3 1 1 
1 0 4 0 1 0 3 0 1 3 1 
0 2 2 3 0 0 2 0 0 0 0 
0 0 0 0 2 1 0 0 0 0 1 
0 3 1 1 0 2 1 4 2 4 4 
0 0 0 0 1 0 2 0 0 3 0 
0 3 1 1 0 3 1 3 2 4 4 
0 1 1 4 0 0 0 0 0 0 0 
0 1 2 1 3 1 4 4 0 4 0 
0 2 1 2 4 3 0 3 3 1 1 
0 0 0 0 2 0 0 1 0 0 1 
2 0 2 2 2 2 2 2 2 2 2 
0 3 3 1 0 0 0 0 0 0 0 
2 0 0 0 0 0 0 4 0 0 0 
0 0 0 1 0 0 0 0 0 0 0 
0 1 3 1 3 1 4 4 0 3 0 
0 4 0 0 4 0 0 0 0 4 1 
3 4 2 4 2 0 1 3 1 0 4 
0 4 0 0 4 0 0 0 0 4 0 
1 4 3 0 3 4 0 3 1 0 2 
0 1 0 4 0 1 0 0 0 0 0 
0 3 1 1 1 2 1 3 2 4 4 
0 2 0 4 0 0 0 0 0 0 0 
0 0 0 0 0 0 2 1 0 3 0 
0 4 3 0 3 4 0 3 2 0 2 
0 0 0 0 0 0 0 0 1 0 0 
0 1 1 2 1 4 4 1 4 4 3 
0 1 0 4 0 0 0 1 0 0 0 
0 4 3 0 3 0 0 3 1 0 2 
1 2 2 3 0 0 1 0 0 0 0 
0 0 4 0 1 0 3 0 2 3 1 
0 0 0 0 1 0 3 0 1 3 1 
0 1 0 0 0 0 0 0 0 0 0 
2 0 1 2 3 4 1 0 0 2 0 
1 1 2 1 3 1 4 4 0 3 0 
2 1 2 0 1 1 0 0 4 4 4 
0 1 0 2 1 4 4 2 4 4 3 
0 4 4 0 3 4 0 3 1 0 2 
1 0 0 0 0 0 0 0 0 0 0 
0 1 0 2 1 0 4 1 4 4 3 
0 2 1 2 4 3 0 2 3 2 1 
1 3 4 3 1 0 4 0 3 2 2 
0 0 0 1 2 0 0 0 0 0 1 
0 1 2 1 3 1 4 4 0 3 1 
0 0 0 0 4 0 0 0 0 4 0 
0 2 2 1 3 1 4 4 0 3 0 
0 3 4 4 3 4 2 1 4 4 0 
0 3 1 1 0 2 1 3 2 4 4 
0 1 2 1 3 1 4 4 0 3 0 
0 0 0 0 0 0 3 1 0 0 2 
4 0 0 0 0 1 0 1 0 2 0 
0 3 1 1 0 2 1 3 2 4 0 
0 0 0 0 0 0 3 0 0 3 0 
0 2 2 3 0 0 1 1 0 0 0 
2 4 1 4 0 0 4 1 3 3 2 
0 3 1 1 0 2 2 3 2 4 4 
0 4 0 0 4 0 0 1 0 4 0 
0 0 0 0 0 0 2 0 1 3 0 
1 0 0 0 0 0 2 0 0 3 0 
0 2 4 4 3 4 3 1 4 4 0 
0 1 4 0 1 0 3 0 1 3 1 
0 4 3 0 0 0 0 0 0 0 0 
0 2 4 4 3 4 2 1 4 0 0 
0 2 2 3 0 0 1 0 0 0 0 
0 2 2 3 0 0 1 0 0 0 1 
0 0 3 3 2 2 3 1 4 2 0 
0 4 3 3 2 3 3 1 4 2 0 
0 3 4 0 0 0 0 0 0 0 0 
0 2 1 2 4 3 0 2 3 1 2 
0 1 2 1 3 1 4 4 1 3 0 
3 0 0 4 4 2 4 0 1 1 3 
2 1 0 3 0 4 4 3 2 1 1 
4 0 3 3 4 3 4 4 4 3 4 
0 1 0 3 1 4 4 1 4 4 3 
1 3 1 1 0 2 1 3 2 4 4 
0 3 1 1 0 2 1 3 3 4 4 
0 1 2 1 3 1 0 4 0 3 0 
0 4 3 3 2 2 3 2 4 2 0 
0 0 1 0 0 0 0 0 0 0 0 
0 2 2 3 1 0 1 0 0 0 0 
0 2 1 2 4 3 0 2 3 1 1 
1 2 4 4 3 4 2 1 4 4 0 
0 2 2 3 0 0 1 0 0 1 0 
1 0 2 0 4 4 3 1 0 1 4 
1 0 0 0 0 2 0 4 2 0 0 
3 1 4 0 4 3 1 3 0 2 2 
0 0 0 0 0 0 0 1 0 0 0 
0 0 0 1 0 0 2 0 0 3 0 
0 1 0 4 0 0 1 0 0 0 0 
1 1 0 2 1 4 4 1 4 4 3 
4 2 4 1 0 2 0 4 1 2 3 
0 0 0 0 0 0 3 0 0 0 2 
0 0 0 0 1 0 0 0 0 0 0 
0 0 0 0 0 0 3 0 0 0 3 
0 2 3 3 0 0 1 0 0 0 0 
1 0 4 2 4 1 2 3 3 0 0 
0 2 4 4 3 4 2 2 4 4 0 
0 2 1 2 4 3 0 2 4 1 1 
0 2 2 3 0 1 1 0 0 0 0 
0 4 0 1 4 0 0 0 0 4 0 
0 3 3 0 0 0 1 0 0 0 0 
3 3 0 2 1 4 1 2 1 3 0 
0 1 0 2 1 4 4 1 4 4 3 
4 4 0 2 3 0 1 4 3 4 4 
0 1 0 2 1 4 4 1 4 4 4 
0 3 1 1 0 2 1 3 2 0 4 
0 3 2 3 0 0 1 0 0 0 0 
0 4 3 3 2 2 4 1 4 2 0 
0 0 0 0 2 0 0 0 1 0 1 
0 4 0 0 4 1 0 0 0 4 0 
0 2 4 4 3 4 2 1 4 4 0 
1 3 3 0 0 0 0 0 0 0 0 
0 2 4 4 3 4 2 1 4 4 1 
1 0 1 1 1 1 1 1 1 1 1 
0 4 3 0 3 4 1 3 1 0 2 
0 1 0 0 0 0 2 0 0 3 0 
1 0 0 0 2 0 0 0 0 0 1 
1 2 1 2 4 3 0 2 3 1 1 
3 2 0 1 0 3 2 3 4 1 2 
0 2 1 2 4 3 1 2 3 1 1 
0 4 3 4 2 2 3 1 4 2 0 
0 4 3 3 2 2 3 1 0 2 0 
0 2 4 0 3 4 2 1 4 4 0 
0 2 2 4 0 0 1 0 0 0 0 
0 0 0 0 1 0 3 0 0 0 2 
0 0 0 0 2 0 1 0 0 0 1 
0 0 4 1 1 0 3 0 1 3 1 
1 4 3 2 0 1 3 2 0 4 3 
0 0 1 0 0 0 2 0 0 3 0 
0 4 3 1 3 4 0 3 1 0 2 
0 0 0 0 0 0 3 0 0 1 2 
0 2 4 4 4 4 2 1 4 4 0 
0 0 0 0 0 1 2 0 0 3 0 
0 3 3 0 0 0 0 0 1 0 0 
0 4 0 0 0 0 0 0 0 4 0 
0 1 2 1 3 2 4 4 0 3 0 
0 3 3 0 0 0 0 0 0 1 0 
0 0 3 0 3 4 0 3 1 0 2 
0 0 0 0 0 0 4 0 0 0 2 
0 4 4 3 2 2 3 1 4 2 0 
0 0 4 0 1 0 3 0 1 4 1 
0 1 0 2 2 4 4 1 4 4 3 
0 1 0 4 0 0 0 0 0 0 0 
0 1 0 4 0 0 0 0 0 0 1 
0 0 0 0 2 0 0 0 0 1 1 
0 4 1 0 4 0 0 0 0 4 0 
0 4 0 0 4 0 0 0 1 4 0 
1 2 0 4 2 1 0 0 2 3 2 
1 4 3 3 2 2 3 1 4 2 0 
0 0 0 0 0 0 0 0 0 0 0 
4 0 2 1 2 4 0 2 3 4 2 
0 0 4 0 1 0 3 0 1 3 1 
0 0 0 0 0 0 0 0 0 0 1 
0 1 0 2 1 4 4 1 4 0 3 
1 1 0 4 0 0 0 0 0 0 0 
0 1 0 4 0 0 0 0 0 1 0 
0 2 1 3 4 3 0 2 3 1 1 
0 3 3 0 0 0 0 0 0 0 0 
0 0 4 0 1 0 3 0 1 3 2 
0 3 3 0 0 0 0 0 0 0 1 
0 0 0 0 3 0 0 0 0 0 1 
0 3 3 0 1 0 0 0 0 0 0 
0 3 3 0 0 0 0 1 0 0 0 
1 4 0 0 4 0 0 0 0 4 0 
0 0 0 0 0 0 0 0 0 1 0 
0 3 3 0 0 1 0 0 0 0 0 
0 4 3 0 3 4 0 4 1 0 2 
3 1 1 0 3 2 3 3 3 3 3 
0 0 4 0 2 0 3 0 1 3 1 
0 0 4 0 1 0 3 1 1 3 1 
1 3 0 4 3 3 2 2 0 2 4 
0 0 0 0 0 0 3 0 1 0 2 
4 3 1 0 2 4 2 4 0 1 2 
0 1 0 4 0 0 0 0 1 0 0 
2 3 0 1 4 3 3 1 2 0 3 
3 0 0 0 0 0 0 4 0 0 0 
0 4 0 0 4 0 1 0 0 4 0 
0 1 0 2 1 4 0 1 4 4 3 
1 0 0 0 0 0 3 0 0 0 2 
0 2 4 4 3 0 2 1 4 4 0 
3 4 3 1 3 0 2 0 2 1 1 
0 4 3 0 4 4 0 3 1 0 2 
1 1 1 3 3 0 1 2 4 0 3 
0 0 4 0 1 1 3 0 1 3 1 
0 4 0 0 4 0 0 0 0 0 0 
0 3 1 2 0 2 1 3 2 4 4 
0 1 2 2 3 1 4 4 0 3 0 
0 0 0 0 0 1 0 0 0 0 0 
0 0 0 0 2 0 0 0 0 0 2 
0 0 0 0 2 0 0 0 0 0 1 
4 4 4 0 1 3 2 3 2 1 0 
MFS
[ 0 , - , - , - , - , - , - , - , - , - , - ]
[ 0 , - , - , - , - , - , 0 , - , - , - , - ]
[ 0 , - , - , - , 0 , - , - , - , - , - , - ]
[ 0 , - , 0 , - , - , - , - , - , - , - , - ]
[ 0 , - , - , - , - , - , - , - , - , - , 0 ]
precise
0.8
recall
0.4
F-measure
0.5333333333333333
multi
11
time
all 78 iden 0 gen 78
t-cover
1363
all-cover
1375
coveredNum
(1 : 184)  (2 : 264)  (3 : 203)  (4 : 91)  (5 : 41)  (6 : 10)  (7 : 13)  (8 : 14)  (9 : 11)  (10 : 65)  (11 : 99)  (12 : 108)  (13 : 67)  (14 : 31)  (15 : 10)  (16 : 10)  (17 : 6)  (18 : 6)  (19 : 3)  (20 : 8)  (21 : 18)  (22 : 18)  (23 : 13)  (24 : 2)  (25 : 3)  (27 : 7)  (28 : 3)  (29 : 1)  (31 : 4)  (32 : 4)  (33 : 1)  (34 : 2)  (35 : 1)  (37 : 1)  (39 : 2)  (43 : 1)  (44 : 1)  (45 : 5)  (46 : 3)  (47 : 1)  (51 : 1)  (52 : 1)  (53 : 6)  (55 : 4)  (57 : 1)  (60 : 2)  (61 : 1)  (62 : 2)  (63 : 2)  (64 : 3)  (66 : 2)  (71 : 4)  (73 : 1)  (75 : 2)  (81 : 3)  (90 : 2)  (91 : 1)  (92 : 2)  
real Identify
([ 0 , - , - , - , - , - , 0 , - , - , - , - ] : 1)  ([ 0 , - , - , - , 0 , - , - , - , - , - , - ] : 1)  ([ 0 , - , 0 , - , - , - , - , - , - , - , - ] : 1)  ([ 0 , - , - , - , - , - , - , - , - , - , 0 ] : 1)  
