testCase Num: 198
regaular Num: 18
identify Num: 180
1 2 0 2 2 0 0 2 2 2 
0 2 1 0 0 0 1 2 2 0 
0 1 2 0 2 0 0 0 1 0 
2 0 2 2 2 0 1 0 1 1 
0 1 2 0 0 0 0 0 0 0 
2 2 0 1 1 1 2 0 1 1 
2 2 1 2 0 1 2 2 0 0 
0 2 0 0 1 0 1 2 2 0 
2 1 2 2 1 0 1 0 1 1 
0 0 1 1 1 1 2 0 0 2 
0 1 1 0 2 2 1 1 2 1 
1 2 0 0 0 0 1 2 2 0 
1 0 2 0 2 1 2 1 0 0 
1 0 2 0 2 1 2 2 2 0 
1 1 0 2 2 0 0 0 2 2 
1 0 0 0 1 2 0 0 2 0 
0 0 0 0 1 2 1 0 2 0 
1 2 1 1 1 0 0 1 0 1 
0 1 2 0 2 0 1 0 0 0 
1 1 1 1 2 1 1 1 1 0 
0 1 0 0 1 2 0 0 2 0 
2 1 2 2 0 1 2 2 0 0 
2 0 0 0 1 0 0 1 1 2 
0 0 0 0 2 2 0 0 2 0 
2 1 0 0 0 0 0 1 1 2 
2 0 2 1 2 2 0 2 2 1 
0 0 1 0 0 0 0 0 0 0 
0 0 1 1 1 0 2 1 0 2 
1 2 1 1 1 1 1 1 1 0 
1 2 1 1 2 2 0 0 1 0 
0 0 1 1 1 0 2 0 0 2 
0 0 1 1 1 0 2 0 0 0 
1 1 0 2 2 0 1 2 2 2 
2 1 0 2 2 0 0 2 2 2 
0 1 0 0 2 0 0 0 0 0 
0 0 0 1 1 2 0 0 2 0 
1 0 2 0 2 1 2 1 2 0 
1 2 0 1 2 0 0 0 1 0 
1 0 2 0 2 1 2 1 2 1 
0 0 1 1 1 0 2 0 1 2 
0 1 1 2 0 1 2 2 0 0 
0 0 0 0 1 0 0 0 2 0 
0 2 2 2 1 2 1 1 0 2 
1 0 2 1 2 1 2 1 2 0 
2 1 1 2 0 1 0 2 0 0 
0 2 0 0 0 1 1 2 2 0 
2 0 2 1 2 2 2 2 2 2 
2 0 2 1 2 2 2 2 2 1 
1 1 0 2 0 0 0 2 2 2 
0 0 0 0 0 0 0 0 0 1 
0 0 0 0 0 0 0 0 0 0 
0 0 2 1 1 0 2 0 0 2 
2 1 1 2 0 2 2 2 0 0 
2 2 1 1 0 0 0 1 0 1 
0 2 2 0 2 0 0 0 0 0 
1 0 1 1 0 0 0 1 0 1 
2 1 1 0 0 1 2 2 0 0 
0 0 2 2 1 0 1 0 1 1 
0 2 0 2 0 2 1 1 0 2 
2 2 0 0 1 1 2 0 1 1 
0 0 0 0 0 0 0 0 1 0 
0 0 0 0 0 0 1 2 2 0 
2 2 0 0 1 1 2 0 1 2 
0 0 1 2 1 0 2 0 0 2 
0 0 0 1 0 0 0 0 0 0 
1 1 1 2 2 0 0 2 2 2 
1 2 0 2 2 2 0 0 1 0 
0 2 0 0 0 0 1 2 0 0 
0 0 0 0 1 0 0 0 0 0 
0 1 1 1 2 2 1 0 2 1 
1 2 1 1 0 1 0 1 0 1 
0 0 1 1 2 0 2 0 0 2 
0 1 1 0 2 2 1 0 0 1 
1 0 2 0 1 1 0 2 1 2 
2 0 0 0 0 0 0 2 1 2 
0 2 2 2 0 0 1 1 0 2 
2 2 0 0 1 1 2 0 2 1 
2 0 2 1 2 2 2 2 0 1 
2 0 0 0 0 1 0 1 1 2 
1 1 2 1 1 1 1 1 1 0 
0 1 2 0 1 1 0 2 1 2 
2 2 0 0 2 1 2 0 1 1 
0 0 1 0 1 2 0 0 2 0 
0 1 1 0 2 2 1 0 2 2 
0 1 1 0 2 2 1 0 2 1 
1 0 0 0 2 1 2 1 2 0 
0 0 0 0 0 0 1 0 0 0 
1 2 1 1 0 0 0 2 0 1 
1 2 0 1 2 2 1 0 1 0 
1 1 0 2 2 0 0 2 0 2 
1 1 1 1 1 1 1 1 2 0 
0 2 0 0 0 0 1 2 2 1 
0 2 0 0 0 0 1 2 2 0 
2 0 0 0 0 0 0 1 2 2 
0 2 2 2 0 2 2 1 0 2 
2 0 0 0 0 0 0 1 1 2 
2 0 2 0 2 1 2 1 2 0 
1 2 1 1 0 0 0 1 1 1 
1 1 1 1 1 1 1 1 1 1 
2 0 2 1 2 2 2 0 2 1 
1 2 0 1 2 2 0 0 1 1 
1 2 0 1 2 2 0 0 1 0 
2 0 2 2 1 0 1 1 1 1 
1 1 1 1 1 1 1 1 1 0 
0 0 2 2 0 2 1 1 0 2 
2 0 0 0 0 0 0 1 1 0 
0 0 0 0 0 1 0 0 0 0 
0 2 1 0 2 2 1 0 2 1 
1 1 2 0 2 1 2 1 2 0 
2 2 0 0 1 2 2 0 1 1 
0 0 2 0 1 2 0 2 1 2 
1 2 1 1 0 0 0 1 0 1 
1 2 1 1 0 0 0 1 0 2 
1 2 0 1 2 2 0 0 2 0 
1 1 1 2 1 1 1 1 1 0 
0 0 0 0 0 0 0 1 1 2 
1 1 1 1 1 1 2 1 1 0 
1 1 2 0 2 0 0 0 0 0 
2 0 2 1 0 2 2 2 2 1 
1 1 1 0 2 2 1 0 2 1 
2 0 0 0 0 0 1 1 1 2 
1 1 0 2 2 1 0 2 2 2 
0 2 2 2 0 2 1 1 1 2 
0 1 1 0 2 2 2 0 2 1 
2 1 1 2 0 1 2 2 0 0 
2 1 1 2 0 1 2 2 0 1 
0 0 2 0 1 1 0 2 1 0 
1 2 1 1 0 0 1 1 0 1 
2 1 2 1 2 2 2 2 2 1 
1 2 0 1 2 2 0 1 1 0 
0 0 0 0 0 0 0 1 0 0 
0 1 2 0 2 1 0 0 0 0 
0 1 1 0 0 2 1 0 2 1 
1 2 1 2 0 0 0 1 0 1 
2 0 0 2 1 0 1 0 1 1 
0 0 2 1 2 2 2 2 2 1 
0 2 0 1 0 0 1 2 2 0 
2 0 2 2 2 2 2 2 2 1 
2 0 0 1 0 0 0 1 1 2 
2 2 1 0 1 1 2 0 1 1 
2 2 0 0 1 1 2 1 1 1 
2 0 2 2 1 0 2 0 1 1 
0 0 2 0 1 1 0 2 2 2 
0 1 1 0 2 0 1 0 2 1 
0 0 0 0 1 2 0 0 2 1 
2 0 2 2 1 1 1 0 1 1 
1 2 2 2 0 2 1 1 0 2 
2 0 0 1 2 2 2 2 2 1 
1 0 2 0 0 1 2 1 2 0 
0 0 2 0 1 1 0 2 1 2 
0 0 0 0 1 1 0 2 1 2 
0 2 0 0 0 0 2 2 2 0 
0 0 0 0 1 2 0 0 2 0 
0 1 2 0 2 0 0 1 0 0 
2 0 2 0 1 0 1 0 1 1 
0 2 2 2 0 2 1 1 0 0 
0 2 2 2 0 2 1 1 0 2 
0 1 2 0 2 2 1 0 2 1 
0 2 0 0 0 0 1 0 2 0 
2 1 1 2 0 1 2 2 1 0 
1 1 0 0 2 0 0 2 2 2 
2 1 1 1 1 1 1 1 1 0 
2 0 2 1 2 0 2 2 2 1 
1 0 2 0 2 1 0 1 2 0 
2 0 2 2 1 0 1 0 2 1 
1 1 0 2 2 0 0 2 2 0 
0 0 2 0 1 1 1 2 1 2 
1 1 0 2 2 0 0 2 2 2 
2 2 0 1 2 2 0 0 1 0 
0 1 2 1 2 0 0 0 0 0 
2 0 0 0 1 1 2 0 1 1 
0 0 2 1 1 1 0 2 1 2 
0 0 0 0 1 2 0 1 2 0 
0 0 0 0 1 2 0 0 0 0 
1 1 1 1 1 1 1 2 1 0 
0 0 2 0 1 1 0 0 1 2 
0 0 1 1 1 0 0 0 0 2 
0 1 1 1 1 0 2 0 0 2 
2 0 2 2 1 0 1 0 1 1 
0 1 0 0 0 0 0 0 0 0 
2 0 2 2 1 0 1 0 1 2 
1 1 1 1 1 2 1 1 1 0 
2 1 1 2 1 1 2 2 0 0 
1 0 2 0 2 2 2 1 2 0 
1 0 0 1 2 2 0 0 1 0 
2 1 1 2 0 1 2 0 0 0 
2 0 1 0 0 0 0 1 1 2 
0 1 2 0 2 0 0 0 0 0 
0 2 2 0 0 2 1 1 0 2 
0 2 0 0 1 1 2 0 1 1 
0 1 2 0 2 0 0 0 0 1 
0 2 2 2 0 2 1 2 0 2 
1 0 0 0 0 0 0 0 0 0 
1 2 0 1 0 2 0 0 1 0 
1 0 1 1 1 0 2 0 0 2 
0 0 2 0 2 1 0 2 1 2 
1 2 2 1 0 0 0 1 0 1 
2 2 0 0 1 1 0 0 1 1 
MFS
[ - , - , - , - , - , - , - , - , - , - ]
[ - , - , - , 1 , - , - , - , - , - , 1 ]
precise
0.5
recall
0.011111111111111112
F-measure
0.02173913043478261
multi
17
time
all 10 iden 1 gen 9
t-cover
63
all-cover
405
coveredNum
(11 : 5)  (12 : 22)  (13 : 46)  (14 : 39)  (15 : 21)  (16 : 8)  (17 : 1)  (20 : 19)  (21 : 52)  (22 : 44)  (23 : 35)  (24 : 10)  (25 : 5)  (29 : 21)  (30 : 15)  (31 : 13)  (32 : 13)  (33 : 1)  (34 : 1)  (38 : 6)  (39 : 4)  (40 : 10)  (41 : 5)  (48 : 6)  (49 : 2)  (57 : 1)  
real Identify
([ - , - , - , 1 , - , - , - , - , - , 1 ] : 1)  
testCase Num: 206
regaular Num: 19
identify Num: 187
1 2 0 0 2 0 2 2 2 1 
0 2 1 2 0 1 0 1 2 2 
1 2 0 0 2 0 2 2 2 2 
0 2 1 2 2 0 0 2 1 1 
1 0 1 0 1 2 2 0 2 0 
1 0 0 1 1 0 2 1 0 2 
0 1 2 1 2 2 2 0 1 0 
2 0 0 0 0 2 0 0 0 0 
1 0 2 0 0 2 2 0 2 0 
1 0 1 1 1 1 1 2 1 1 
0 2 2 0 1 0 1 1 2 0 
1 1 2 0 0 1 0 2 0 1 
0 2 2 0 1 0 1 0 0 0 
1 1 1 2 2 0 0 2 1 1 
2 0 1 0 0 2 2 0 2 0 
2 1 0 2 1 2 0 2 2 2 
0 2 0 2 0 0 0 0 2 0 
0 0 2 1 0 0 2 1 0 0 
1 0 1 0 0 0 2 0 2 0 
2 0 1 2 2 2 2 1 0 1 
2 1 0 1 2 0 1 1 1 2 
0 0 2 0 0 0 2 1 1 0 
2 1 2 2 1 2 0 2 2 0 
1 0 0 1 1 0 2 0 0 2 
2 1 2 2 1 2 0 2 2 2 
1 0 0 1 1 0 2 0 0 0 
0 1 1 2 2 0 0 0 1 1 
2 0 1 2 0 2 1 1 0 0 
1 1 2 2 0 2 0 2 0 1 
2 1 0 0 2 0 1 1 2 2 
0 2 0 2 0 0 0 0 1 1 
0 2 0 2 0 0 0 0 1 0 
1 0 0 1 1 0 2 0 1 2 
0 0 2 0 0 0 2 1 0 0 
0 0 2 0 0 0 2 1 0 1 
0 2 1 1 0 1 0 1 2 2 
0 1 2 1 2 1 2 1 1 0 
2 1 0 0 2 0 1 1 1 2 
0 2 2 0 1 0 1 0 2 1 
0 1 1 2 2 0 1 2 1 1 
0 2 2 0 1 0 1 0 2 0 
0 0 1 0 0 0 0 0 0 0 
0 2 1 1 0 1 0 1 2 0 
2 2 1 2 1 2 1 1 0 0 
2 1 0 0 2 0 1 1 1 0 
0 2 1 2 0 2 1 1 0 0 
2 1 2 2 1 2 0 2 0 2 
1 2 0 0 2 0 2 2 0 1 
2 0 0 0 0 1 0 0 0 1 
1 1 2 2 1 1 0 2 0 1 
1 0 0 1 1 0 0 0 0 2 
2 0 1 0 2 2 2 0 0 1 
1 0 0 0 2 0 2 2 2 1 
1 0 1 1 1 1 2 1 1 1 
1 2 1 1 0 1 0 1 2 2 
1 0 0 1 0 2 1 2 1 0 
0 2 0 2 0 0 0 1 1 0 
0 1 1 2 0 0 0 2 1 1 
2 2 0 0 2 0 1 1 1 2 
0 2 1 1 0 1 0 1 0 2 
0 1 2 1 2 1 2 0 1 0 
0 1 0 1 2 1 2 0 1 0 
0 2 1 1 0 1 0 2 2 2 
0 1 2 1 2 1 2 0 1 1 
2 0 0 0 0 1 0 0 1 0 
2 1 0 0 2 0 1 2 1 2 
0 1 1 2 2 0 0 2 2 1 
0 0 0 0 0 0 0 0 0 1 
0 0 0 0 0 0 0 0 0 0 
1 0 1 1 1 2 1 1 1 1 
2 2 1 2 0 2 2 1 0 0 
0 0 1 1 0 2 1 2 1 0 
2 0 0 0 1 1 0 0 0 0 
2 2 1 2 0 0 1 1 0 0 
0 1 0 1 0 2 1 2 1 0 
1 1 0 2 0 1 0 2 0 1 
1 2 0 0 2 1 2 2 2 1 
1 0 1 2 1 1 1 1 1 1 
0 1 2 1 2 1 2 0 2 0 
0 1 1 2 2 0 0 2 1 1 
0 0 0 0 0 0 0 0 1 0 
0 1 1 2 2 0 0 2 1 2 
2 0 0 0 0 1 0 1 0 0 
0 0 2 0 1 0 2 1 0 0 
0 0 0 1 0 0 0 0 0 0 
0 0 0 1 0 0 1 2 1 0 
0 1 1 2 2 1 0 2 1 1 
0 0 0 0 1 0 0 0 0 0 
2 2 2 2 0 2 1 1 0 0 
1 0 1 1 1 1 1 1 2 1 
0 0 0 2 0 0 0 0 1 0 
0 1 0 0 2 0 1 1 1 2 
2 1 0 0 2 1 1 1 1 2 
0 2 2 0 1 1 1 0 2 0 
1 2 0 0 0 0 2 2 2 1 
1 0 0 1 1 1 2 0 0 2 
0 0 1 1 0 1 0 1 2 2 
1 0 1 1 1 1 1 1 1 2 
2 0 1 2 2 2 2 0 1 1 
2 2 0 0 2 0 2 2 2 1 
0 0 0 0 0 0 2 1 0 0 
2 1 0 1 0 0 0 0 0 0 
0 1 2 2 1 2 0 2 2 2 
0 0 2 0 1 0 1 0 2 0 
1 0 1 1 1 1 1 1 1 1 
1 2 2 0 1 0 1 0 2 0 
0 1 1 0 2 0 0 2 1 1 
1 0 1 1 0 2 2 0 2 0 
2 0 1 2 2 2 2 0 0 1 
2 0 1 2 2 2 2 0 0 2 
2 1 0 0 0 0 1 1 1 2 
2 0 0 0 0 1 0 0 0 0 
1 2 0 0 2 0 0 2 2 1 
1 2 0 2 0 0 0 0 1 0 
0 0 0 0 0 0 1 0 0 0 
2 2 2 2 1 2 0 2 2 2 
2 0 1 1 1 1 1 1 1 1 
1 2 1 0 2 0 2 2 2 1 
2 2 1 2 0 2 1 2 0 0 
0 0 0 1 0 2 2 2 1 0 
0 2 0 0 0 0 0 0 1 0 
1 1 0 1 1 0 2 0 0 2 
2 1 2 2 2 2 0 2 2 2 
0 0 0 2 0 2 1 2 1 0 
1 1 2 2 0 1 1 2 0 1 
2 0 0 1 1 0 2 0 0 2 
1 0 1 0 0 2 2 0 2 0 
1 0 1 1 2 1 1 1 1 1 
1 0 1 0 0 2 2 0 2 1 
1 1 1 1 1 1 1 1 1 1 
0 0 2 0 0 0 0 1 0 0 
0 2 0 2 0 1 0 0 1 0 
2 0 0 1 0 1 0 0 0 0 
1 0 2 1 1 1 1 1 1 1 
0 2 1 1 0 2 0 1 2 2 
1 1 2 2 0 1 0 0 0 1 
0 0 0 0 0 1 0 0 0 0 
0 1 2 2 2 1 2 0 1 0 
2 1 1 2 2 2 2 0 0 1 
2 0 2 2 2 2 2 0 0 1 
2 2 1 2 0 2 1 1 0 1 
2 2 1 2 0 2 1 1 0 0 
2 1 0 0 0 1 0 0 0 0 
1 1 2 2 0 1 0 2 1 1 
1 0 1 0 0 2 2 1 2 0 
0 2 1 2 0 0 0 0 1 0 
1 0 1 0 0 2 2 0 0 0 
2 0 0 1 0 0 0 1 0 0 
2 1 2 2 1 0 0 2 2 2 
2 0 0 0 0 1 1 0 0 0 
2 1 1 0 2 0 1 1 1 2 
0 0 0 0 0 0 0 1 0 0 
0 0 0 1 0 2 1 0 1 0 
0 2 2 1 0 1 0 1 2 2 
2 0 0 1 0 0 0 0 0 0 
2 2 1 2 0 2 1 1 1 0 
1 0 0 1 2 0 2 0 0 2 
2 1 2 0 1 2 0 2 2 2 
1 0 0 2 1 0 2 0 0 2 
1 2 2 2 0 1 0 2 0 1 
1 2 0 0 2 0 2 0 2 1 
2 0 0 1 0 0 0 0 1 0 
2 0 1 2 2 2 0 0 0 1 
2 1 2 2 0 1 0 2 0 1 
0 1 2 0 0 0 2 1 0 0 
2 1 2 2 1 2 1 2 2 2 
2 0 0 1 0 0 0 0 0 1 
0 0 2 0 0 0 2 2 0 0 
2 0 1 2 0 2 2 0 0 1 
2 0 1 1 0 0 0 0 0 0 
1 1 2 2 0 1 0 2 0 2 
1 1 2 2 0 1 0 2 0 1 
0 0 1 2 2 2 2 0 0 1 
2 1 2 2 1 2 0 0 2 2 
0 0 0 1 1 2 1 2 1 0 
0 2 2 1 1 0 1 0 2 0 
2 0 1 0 0 1 0 0 0 0 
2 0 0 2 0 0 0 0 0 0 
0 1 2 1 0 1 2 0 1 0 
2 0 0 1 0 0 1 0 0 0 
0 0 0 1 0 2 1 2 2 0 
0 0 2 0 0 1 2 1 0 0 
0 2 2 0 2 0 1 0 2 0 
1 1 1 0 0 2 2 0 2 0 
2 0 1 2 2 0 2 0 0 1 
2 0 0 1 1 0 0 0 0 0 
0 2 2 1 2 1 2 0 1 0 
1 0 1 0 0 2 0 0 2 0 
1 2 0 1 2 0 2 2 2 1 
0 1 2 1 2 1 0 0 1 0 
0 0 0 1 0 2 1 2 1 1 
0 2 0 0 1 0 1 0 2 0 
0 1 0 0 0 0 0 0 0 0 
0 0 0 1 0 2 1 2 1 0 
0 2 0 2 1 0 0 0 1 0 
1 1 2 1 2 1 2 0 1 0 
1 0 2 0 0 0 2 1 0 0 
0 2 0 2 0 0 1 0 1 0 
1 0 0 0 0 0 0 0 0 0 
0 2 1 1 1 1 0 1 2 2 
1 0 1 1 1 0 2 0 0 2 
0 2 2 0 1 0 2 0 2 0 
2 2 1 0 0 2 1 1 0 0 
0 2 1 1 0 1 1 1 2 2 
2 1 0 0 2 0 2 1 1 2 
0 1 2 2 2 0 0 2 1 1 
MFS
[ - , - , - , - , - , - , - , - , - , - ]
[ - , 1 , - , - , 1 , - , - , - , - , - ]
precise
0.5
recall
0.011111111111111112
F-measure
0.02173913043478261
multi
18
time
all 10 iden 0 gen 10
t-cover
63
all-cover
405
coveredNum
(71 : 1)  (11 : 12)  (12 : 28)  (13 : 37)  (14 : 41)  (15 : 12)  (16 : 9)  (17 : 4)  (18 : 3)  (19 : 2)  (20 : 22)  (21 : 31)  (22 : 37)  (23 : 25)  (24 : 20)  (25 : 5)  (26 : 1)  (27 : 2)  (28 : 1)  (29 : 23)  (30 : 29)  (31 : 7)  (32 : 6)  (33 : 2)  (34 : 2)  (36 : 1)  (37 : 1)  (38 : 7)  (39 : 8)  (40 : 2)  (41 : 2)  (45 : 3)  (46 : 3)  (47 : 3)  (48 : 3)  (49 : 1)  (53 : 1)  (54 : 3)  (55 : 2)  (56 : 2)  (62 : 1)  
real Identify
([ - , 1 , - , - , 1 , - , - , - , - , - ] : 1)  
testCase Num: 215
regaular Num: 20
identify Num: 195
0 2 0 1 1 0 1 2 0 1 
0 0 1 0 1 0 2 0 0 0 
0 1 0 2 1 0 1 1 1 0 
0 0 2 1 0 1 2 0 1 2 
1 0 0 1 2 2 2 0 0 0 
2 0 1 2 0 1 0 2 2 2 
2 0 0 0 0 2 0 0 0 0 
1 2 1 0 2 1 0 0 1 0 
0 1 0 1 2 2 2 1 2 2 
1 0 0 2 2 2 2 2 0 0 
1 1 2 0 1 0 0 0 2 0 
1 0 2 2 0 1 0 2 2 2 
0 0 1 2 1 0 1 1 0 2 
2 2 2 2 2 0 2 0 1 1 
2 0 2 0 0 2 1 1 1 1 
2 0 2 0 0 2 1 1 1 0 
1 1 1 2 0 1 0 2 2 2 
2 0 0 0 0 2 1 1 1 0 
0 0 0 1 2 0 1 0 0 0 
2 0 2 2 2 0 2 2 1 1 
2 2 2 0 0 1 0 0 2 1 
1 0 1 2 1 1 0 2 2 2 
1 1 2 0 1 0 1 2 2 0 
0 1 0 2 1 0 0 1 2 0 
2 1 1 2 2 2 0 0 0 1 
1 1 1 1 2 1 1 1 0 1 
2 0 2 0 0 2 1 1 2 0 
1 0 0 1 0 2 2 2 0 0 
0 2 0 1 1 1 1 2 2 1 
2 1 2 0 0 1 1 0 2 1 
2 0 1 2 2 2 1 0 0 1 
0 0 1 2 1 0 1 0 0 0 
0 0 1 0 0 0 0 0 0 0 
2 0 0 1 2 2 2 2 0 0 
2 0 1 2 0 2 0 0 0 1 
0 2 2 1 0 1 2 0 2 2 
0 1 0 2 1 0 0 1 1 0 
0 0 1 2 1 0 1 0 0 2 
0 2 2 2 0 1 2 0 1 2 
0 1 0 2 1 0 0 1 1 1 
2 2 2 1 2 2 0 0 0 2 
0 1 0 0 2 2 2 1 2 2 
0 0 1 2 2 2 0 0 0 1 
0 2 0 0 0 1 0 1 0 0 
1 2 1 1 1 1 1 1 0 1 
1 1 0 1 2 2 2 2 0 0 
0 0 2 0 0 2 1 1 1 0 
0 2 2 1 0 1 2 0 1 2 
2 0 0 0 0 1 0 0 0 1 
1 0 1 2 0 1 1 2 2 2 
0 0 1 2 1 0 1 0 1 2 
1 0 1 1 2 2 2 2 0 0 
1 1 2 0 2 0 0 2 2 0 
2 2 2 2 2 0 2 2 2 1 
2 0 2 0 0 2 2 1 1 0 
0 1 1 0 2 2 2 1 2 2 
2 2 0 2 2 0 2 2 1 1 
2 0 1 2 2 0 0 0 0 1 
2 2 2 1 1 2 0 1 0 2 
1 1 2 0 1 0 0 2 2 1 
1 1 2 0 1 0 0 2 2 0 
1 1 0 0 1 0 0 2 2 0 
2 0 0 0 0 1 0 0 1 0 
0 0 0 0 0 0 0 0 0 1 
0 0 0 0 0 0 0 0 0 0 
0 0 2 2 1 0 1 0 0 2 
2 2 2 2 2 0 2 2 1 1 
2 0 0 0 1 1 0 0 0 0 
0 1 1 2 1 0 0 1 1 0 
2 2 2 2 2 0 2 2 1 2 
1 2 2 1 0 1 2 0 1 2 
0 2 0 0 0 0 0 2 0 0 
0 1 0 0 2 0 2 1 2 2 
0 0 1 2 2 0 1 0 0 2 
0 1 0 2 2 0 0 1 1 0 
0 0 0 0 1 1 2 0 0 0 
0 2 0 0 1 0 0 1 0 0 
0 2 2 1 0 1 2 0 1 0 
0 0 0 0 0 0 0 0 1 0 
2 0 0 0 0 1 0 1 0 0 
0 2 2 1 0 1 2 1 1 2 
0 0 1 2 1 0 2 0 0 2 
0 1 0 0 1 0 2 0 0 0 
0 0 0 1 0 0 0 0 0 0 
0 0 0 0 1 0 0 0 0 0 
0 1 2 0 0 1 0 0 2 1 
0 2 0 0 0 0 0 1 1 0 
2 0 2 0 0 0 1 1 1 0 
0 1 0 0 2 0 1 0 0 0 
2 2 2 1 1 2 0 0 0 2 
1 2 2 0 2 1 2 0 1 0 
2 2 2 1 1 2 0 0 0 0 
1 0 0 0 1 0 2 0 0 0 
1 0 0 1 2 0 2 2 0 0 
1 0 1 2 0 1 0 0 2 2 
1 0 0 0 2 0 1 0 0 0 
0 2 0 0 0 0 0 1 0 0 
0 2 0 0 0 0 0 1 0 1 
1 1 2 1 1 0 0 2 2 0 
2 0 2 2 2 2 0 0 0 1 
1 1 2 1 1 1 1 1 0 1 
2 0 0 0 0 1 0 0 0 0 
0 0 0 0 0 0 1 0 0 0 
0 2 2 1 1 2 0 0 0 2 
0 0 0 0 2 1 1 0 0 0 
0 2 0 0 0 0 1 1 0 0 
0 0 0 0 1 0 2 0 0 1 
1 1 2 0 1 1 0 2 2 0 
0 0 0 0 1 0 2 0 0 0 
0 2 2 1 0 2 2 0 1 2 
0 2 0 1 0 0 0 1 0 0 
1 1 1 1 1 1 1 1 1 1 
0 1 0 0 1 0 0 1 1 0 
2 0 2 0 1 2 1 1 1 0 
1 0 1 2 0 1 0 2 0 2 
2 0 0 1 0 1 0 0 0 0 
0 1 0 0 2 2 0 1 2 2 
0 1 1 2 1 0 1 0 0 2 
0 0 0 0 1 0 2 0 1 0 
0 0 0 0 0 1 0 0 0 0 
1 2 0 1 1 0 1 2 2 1 
2 1 2 0 0 1 0 1 2 1 
2 2 2 1 1 2 0 0 1 2 
2 1 2 0 0 1 0 0 0 1 
1 1 1 1 1 1 1 1 0 1 
1 1 1 1 1 1 1 1 0 2 
0 0 0 1 1 0 1 2 2 1 
1 2 1 0 0 1 2 0 1 0 
2 2 2 2 1 2 0 0 0 2 
0 2 2 1 0 1 0 0 1 2 
0 2 0 1 1 0 1 0 2 1 
2 1 0 0 0 1 0 0 0 0 
0 2 1 1 1 0 1 2 2 1 
0 0 0 0 1 0 2 1 0 0 
2 0 2 1 1 2 0 0 0 2 
1 2 1 0 2 1 2 0 1 1 
2 2 0 1 1 2 0 0 0 2 
1 2 1 0 2 1 2 0 1 0 
0 0 0 0 2 0 1 1 0 0 
1 1 2 0 1 0 0 2 0 0 
1 1 1 1 1 1 2 1 0 1 
2 2 2 2 2 1 2 2 1 1 
2 0 0 0 0 1 1 0 0 0 
0 0 0 0 0 0 0 1 0 0 
1 1 1 2 1 1 1 1 0 1 
1 0 1 2 0 1 0 2 2 2 
1 0 1 2 0 1 0 2 2 0 
2 1 2 0 0 2 0 0 2 1 
2 1 2 0 0 2 1 1 1 0 
1 2 1 1 2 1 2 0 1 0 
1 0 0 1 2 2 0 2 0 0 
2 2 2 0 2 0 2 2 1 1 
1 2 1 0 2 1 2 0 2 0 
2 2 2 1 1 2 1 0 0 2 
2 1 0 0 0 1 0 0 2 1 
2 0 1 2 2 2 0 0 0 2 
2 0 1 2 2 2 0 0 0 1 
2 0 2 1 0 2 1 1 1 0 
1 2 1 0 2 1 2 1 1 0 
0 0 1 0 2 0 1 0 0 0 
1 1 0 2 1 0 0 1 1 0 
1 2 0 0 0 0 0 1 0 0 
0 1 0 0 2 2 2 1 2 0 
0 0 0 0 2 0 1 0 0 1 
0 0 0 0 2 0 1 0 0 0 
0 2 2 1 1 1 2 0 1 2 
1 0 1 0 0 1 0 2 2 2 
2 0 1 2 2 2 0 0 1 1 
2 1 2 0 1 1 0 0 2 1 
0 0 0 1 1 0 2 0 0 0 
2 1 1 1 1 1 1 1 0 1 
0 1 0 2 1 0 0 2 1 0 
0 2 0 1 1 0 2 2 2 1 
0 2 0 2 1 0 0 1 1 0 
1 0 0 1 2 2 2 2 1 0 
0 2 1 0 0 0 0 1 0 0 
1 1 0 0 2 2 2 1 2 2 
2 2 2 2 0 0 2 2 1 1 
0 1 0 0 2 2 2 2 2 2 
2 2 1 0 2 1 2 0 1 0 
0 1 0 0 2 2 2 1 0 2 
0 2 0 0 2 2 2 1 2 2 
2 1 2 0 1 0 0 2 2 0 
1 0 0 1 2 2 2 2 0 1 
1 0 0 1 2 2 2 2 0 0 
0 0 0 0 2 0 1 0 1 0 
0 2 0 1 0 1 2 0 1 2 
2 0 1 0 0 1 0 0 0 0 
0 1 0 0 0 2 2 1 2 2 
0 2 2 2 2 0 2 2 1 1 
2 0 1 0 2 2 0 0 0 1 
1 1 1 1 1 2 1 1 0 1 
0 2 0 1 1 0 1 2 2 2 
2 0 1 2 2 2 0 1 0 1 
1 2 1 0 2 2 2 0 1 0 
0 2 0 1 1 0 1 2 2 1 
1 0 1 2 1 0 1 0 0 2 
2 1 2 1 0 1 0 0 2 1 
1 2 2 0 1 0 0 2 2 0 
2 2 2 2 2 0 0 2 1 1 
0 2 0 1 2 0 1 2 2 1 
1 0 1 0 2 1 2 0 1 0 
0 1 0 0 0 0 0 0 0 0 
0 0 1 0 1 0 1 0 0 2 
0 2 0 2 1 0 1 2 2 1 
2 0 2 0 0 2 1 2 1 0 
1 0 1 2 0 2 0 2 2 2 
0 0 1 2 1 1 1 0 0 2 
2 1 2 0 0 1 0 0 2 1 
1 0 0 0 0 0 0 0 0 0 
2 1 2 0 0 1 0 0 2 2 
0 1 0 2 1 1 0 1 1 0 
0 0 0 0 2 0 2 0 0 0 
2 2 2 1 1 0 0 0 0 2 
1 1 1 1 1 1 1 2 0 1 
MFS
[ - , - , - , - , - , - , - , - , - , - ]
[ - , - , - , - , - , - , - , - , 1 , 1 ]
precise
0.5
recall
0.011111111111111112
F-measure
0.02173913043478261
multi
19
time
all 11 iden 0 gen 11
t-cover
63
all-cover
405
coveredNum
(69 : 1)  (11 : 3)  (12 : 25)  (13 : 36)  (14 : 36)  (15 : 13)  (16 : 7)  (17 : 9)  (18 : 5)  (19 : 5)  (20 : 14)  (21 : 34)  (22 : 42)  (23 : 28)  (24 : 7)  (25 : 10)  (26 : 4)  (29 : 21)  (30 : 27)  (31 : 12)  (32 : 11)  (33 : 5)  (34 : 2)  (37 : 4)  (38 : 9)  (39 : 3)  (40 : 2)  (43 : 1)  (45 : 6)  (46 : 5)  (47 : 3)  (48 : 2)  (52 : 2)  (53 : 4)  (54 : 1)  (55 : 1)  (60 : 1)  (61 : 4)  
real Identify
([ - , - , - , - , - , - , - , - , 1 , 1 ] : 1)  
testCase Num: 187
regaular Num: 17
identify Num: 170
1 0 0 1 1 2 1 0 2 2 
0 0 0 0 1 1 2 2 0 0 
2 0 2 2 1 1 0 1 1 2 
1 1 1 1 1 1 1 1 2 0 
1 2 2 1 0 1 2 1 0 2 
2 1 2 2 1 1 0 0 1 2 
0 0 0 0 1 0 2 0 0 0 
2 2 0 2 2 2 0 1 2 1 
1 1 0 2 2 1 0 0 0 2 
0 2 1 2 0 2 1 0 1 2 
2 1 1 0 0 1 2 0 1 1 
2 0 1 1 2 0 1 2 0 0 
1 1 1 1 1 1 1 1 1 1 
1 0 0 1 1 0 1 0 2 1 
0 0 0 1 1 0 2 2 0 0 
0 2 1 0 1 0 1 1 2 0 
0 2 1 0 0 2 0 0 1 2 
1 1 0 2 2 0 1 0 0 2 
2 2 0 2 0 2 2 1 2 1 
0 2 2 1 0 1 2 2 0 2 
1 1 1 1 1 1 1 1 1 0 
2 1 1 1 1 0 1 2 0 0 
2 0 2 1 1 0 1 2 0 0 
0 0 0 0 0 1 0 0 0 0 
0 0 0 2 2 2 1 2 1 0 
1 2 0 0 0 0 1 2 2 2 
0 1 1 1 2 2 0 2 1 1 
0 1 0 0 0 1 0 0 2 1 
0 2 2 1 1 1 2 1 0 2 
0 1 2 0 0 1 0 0 2 2 
1 2 2 0 0 0 1 2 2 2 
2 0 2 2 1 1 0 0 1 0 
2 0 0 2 2 2 2 1 2 1 
2 0 2 2 1 1 0 0 1 2 
0 1 1 2 2 2 0 2 0 1 
1 0 0 1 1 2 1 0 2 1 
1 1 1 2 1 1 1 1 1 0 
0 2 1 0 1 0 0 1 2 1 
2 1 1 0 0 0 2 0 2 1 
1 1 1 1 1 1 2 1 1 0 
0 0 0 2 2 1 2 2 1 0 
1 1 0 1 1 2 1 0 2 1 
1 2 2 0 0 0 1 0 2 2 
1 2 0 2 2 0 0 0 0 2 
0 0 1 0 1 0 0 1 2 0 
2 0 1 1 1 0 1 2 1 0 
2 2 0 2 2 0 2 1 2 1 
1 0 0 2 2 1 1 2 1 0 
1 0 2 0 2 2 2 2 1 0 
1 1 1 1 2 1 1 1 1 0 
0 1 1 1 2 2 0 0 0 1 
0 2 1 2 0 0 0 0 1 2 
1 0 2 0 0 0 1 2 2 2 
2 0 0 1 1 2 1 0 2 1 
0 2 1 2 0 2 0 0 2 2 
0 0 2 1 0 1 2 1 0 2 
0 2 0 1 0 1 2 1 0 2 
0 0 0 2 2 1 1 0 1 0 
2 0 2 2 1 1 0 0 2 2 
0 1 2 1 0 1 0 0 2 1 
1 0 0 1 1 2 2 0 2 1 
0 0 1 0 0 0 0 0 0 0 
1 2 2 1 0 0 1 2 2 2 
1 2 1 1 1 1 1 1 1 0 
1 0 0 0 1 0 2 2 0 0 
1 1 0 2 0 0 0 0 0 2 
0 0 0 0 0 0 0 1 0 0 
2 2 2 0 0 0 1 2 2 2 
1 1 2 0 0 1 0 0 2 1 
2 2 1 0 0 0 2 0 1 1 
1 1 0 2 2 0 0 0 1 2 
2 0 2 2 2 1 0 0 1 2 
0 2 1 1 1 0 0 1 2 0 
2 1 1 0 0 0 0 0 1 1 
0 1 0 2 2 1 1 2 1 0 
0 1 2 0 0 1 1 0 2 1 
1 0 0 2 1 2 1 0 2 1 
1 2 2 0 0 0 2 2 2 2 
1 0 0 1 2 2 1 0 2 1 
0 2 1 0 2 0 0 1 2 0 
0 2 2 1 0 2 2 1 0 2 
2 0 1 1 1 0 1 2 0 0 
2 2 1 2 2 2 2 1 2 1 
2 0 1 1 1 0 1 2 0 1 
0 1 1 1 0 2 0 2 0 1 
0 1 1 1 2 2 1 2 0 1 
0 0 2 2 1 1 0 0 1 2 
0 0 0 0 1 0 0 2 0 0 
0 1 2 0 1 1 0 0 2 1 
1 2 2 0 1 0 1 2 2 2 
0 2 1 2 0 2 0 0 1 2 
0 0 0 0 2 0 2 2 0 0 
0 2 1 2 0 2 0 0 1 0 
0 1 1 0 0 0 2 0 1 1 
0 2 2 0 0 1 0 0 2 1 
0 1 0 0 1 0 2 2 0 0 
2 1 1 1 0 0 2 0 1 1 
2 2 0 0 2 2 2 1 2 1 
0 0 0 2 0 1 1 2 1 0 
1 1 1 1 2 2 0 2 0 1 
0 2 1 0 1 0 0 2 2 0 
0 2 1 0 1 0 0 1 0 0 
0 2 2 2 0 1 2 1 0 2 
2 0 2 0 1 1 0 0 1 2 
0 0 0 2 2 1 1 2 2 0 
1 1 0 2 2 0 0 0 0 0 
0 0 1 0 1 0 2 2 0 0 
1 1 0 2 2 0 0 0 0 2 
1 1 1 2 2 0 0 0 0 2 
1 0 2 0 2 2 2 1 1 0 
0 0 0 0 1 0 2 2 0 0 
2 0 1 2 1 0 1 2 0 0 
1 0 0 0 2 2 2 1 1 0 
2 0 1 1 1 0 2 2 0 0 
0 2 1 2 1 2 0 0 1 2 
1 0 2 0 2 2 2 1 1 1 
2 2 0 2 2 2 2 2 2 1 
2 2 0 2 2 2 2 1 0 1 
0 2 1 1 2 2 0 2 0 1 
2 1 1 0 1 0 2 0 1 1 
1 2 1 0 1 0 0 1 2 0 
1 2 1 2 0 2 0 0 1 2 
2 0 2 2 1 1 1 0 1 2 
0 0 0 0 0 0 0 0 0 1 
0 0 0 0 0 0 0 0 0 0 
0 0 0 2 2 1 1 2 1 0 
0 2 2 1 0 1 0 1 0 2 
2 1 1 0 0 0 2 0 1 1 
0 0 0 0 2 1 1 2 1 0 
0 0 0 2 2 1 1 2 1 1 
2 1 1 0 0 0 2 0 1 2 
2 0 2 0 2 2 2 1 1 0 
0 0 0 0 1 0 2 2 1 0 
1 0 2 0 2 0 2 1 1 0 
2 1 0 2 2 0 0 0 0 2 
0 2 2 2 0 2 0 0 1 2 
0 2 1 2 0 2 0 1 1 2 
0 0 0 0 1 0 2 2 0 1 
1 0 2 0 0 2 2 1 1 0 
2 1 1 1 1 1 1 1 1 0 
0 0 1 1 1 0 1 2 0 0 
0 0 0 0 0 0 0 0 1 0 
0 2 1 0 1 0 0 1 2 0 
2 0 0 2 1 1 0 0 1 2 
1 0 0 1 1 2 1 1 2 1 
0 2 2 1 0 1 2 1 1 2 
1 0 0 1 1 2 1 0 0 1 
1 1 2 0 2 2 2 1 1 0 
0 1 2 0 0 2 0 0 2 1 
1 2 2 0 0 1 1 2 2 2 
0 0 0 1 0 0 0 0 0 0 
1 1 0 2 2 0 0 1 0 2 
1 2 2 0 0 0 1 2 2 0 
0 1 2 0 0 1 0 0 2 1 
0 0 0 0 1 0 0 0 0 0 
0 2 1 0 1 1 0 1 2 0 
1 0 2 0 2 2 0 1 1 0 
2 2 0 2 2 2 2 1 2 1 
2 2 0 2 2 2 2 1 2 2 
2 0 2 2 1 2 0 0 1 2 
0 1 1 1 2 2 0 2 0 1 
0 1 2 1 2 2 0 2 0 1 
0 1 1 1 2 2 0 2 0 2 
1 1 1 1 1 1 1 2 1 0 
0 2 2 1 0 1 2 1 0 0 
2 1 2 0 0 0 2 0 1 1 
2 0 1 1 1 1 1 2 0 0 
0 2 2 1 0 1 2 1 0 2 
0 1 0 0 0 0 0 0 0 0 
1 1 2 1 1 1 1 1 1 0 
1 0 2 1 2 2 2 1 1 0 
0 0 1 2 2 1 1 2 1 0 
1 1 1 1 1 2 1 1 1 0 
2 1 1 0 0 0 2 1 1 1 
1 0 2 0 2 2 2 1 2 0 
2 0 1 1 1 0 1 0 0 0 
0 0 1 2 0 2 0 0 1 2 
0 1 2 0 0 1 0 0 0 1 
1 2 2 0 0 0 1 2 0 2 
0 1 1 1 2 0 0 2 0 1 
1 0 0 0 0 0 0 0 0 0 
0 1 2 0 0 1 0 1 2 1 
1 1 0 0 2 0 0 0 0 2 
1 0 1 1 1 2 1 0 2 1 
0 0 0 0 0 0 1 0 0 0 
0 2 0 2 2 2 2 1 2 1 
0 2 2 0 1 0 0 1 2 0 
MFS
[ - , - , - , - , - , - , - , - , - , - ]
[ - , - , - , - , - , - , - , 1 , - , 1 ]
precise
0.5
recall
0.011111111111111112
F-measure
0.02173913043478261
multi
16
time
all 10 iden 0 gen 10
t-cover
63
all-cover
405
coveredNum
(32 : 7)  (33 : 1)  (38 : 5)  (39 : 7)  (11 : 11)  (12 : 30)  (13 : 50)  (14 : 34)  (15 : 28)  (47 : 3)  (48 : 1)  (16 : 3)  (17 : 2)  (20 : 18)  (21 : 46)  (22 : 62)  (23 : 21)  (24 : 7)  (29 : 30)  (30 : 23)  (31 : 16)  
real Identify
([ - , - , - , - , - , - , - , 1 , - , 1 ] : 1)  
testCase Num: 206
regaular Num: 19
identify Num: 188
2 1 2 0 2 2 0 2 0 2 
2 2 1 0 2 2 0 1 0 1 
1 1 1 1 0 1 1 1 1 1 
1 1 1 1 0 1 1 1 1 2 
1 0 1 1 0 2 0 2 0 0 
2 2 2 2 1 1 2 2 2 1 
2 2 1 1 2 0 1 1 2 2 
2 2 2 2 1 1 2 2 2 0 
0 0 1 2 2 2 0 0 1 1 
0 0 0 1 0 1 2 0 0 0 
1 2 2 0 2 2 0 2 0 2 
0 0 2 1 1 2 1 0 0 2 
0 2 2 2 0 0 2 2 1 2 
0 0 1 0 0 0 0 1 0 2 
1 1 1 1 0 1 1 1 2 1 
2 2 0 2 1 1 2 2 2 0 
0 0 0 2 0 0 0 1 0 0 
2 2 2 0 1 2 0 1 0 1 
2 0 0 0 2 1 0 2 1 0 
2 2 1 0 0 0 2 0 0 0 
2 1 0 2 1 0 2 2 1 0 
0 0 0 1 0 0 2 1 0 0 
0 0 2 1 1 1 1 1 0 2 
1 1 0 2 1 0 0 2 1 0 
1 2 0 2 1 0 2 2 1 0 
1 2 1 0 1 0 2 0 0 0 
1 1 2 0 2 2 0 0 0 2 
2 0 0 0 2 1 0 1 2 0 
1 1 0 2 2 0 2 2 1 0 
0 2 2 2 0 0 2 1 1 0 
0 2 2 2 0 0 2 1 1 2 
0 0 1 0 0 0 0 0 0 0 
0 0 1 0 0 0 0 0 0 2 
1 1 1 1 0 1 2 1 1 1 
2 0 1 0 1 2 0 1 0 1 
0 1 0 2 0 2 1 2 2 0 
0 1 0 2 0 2 1 2 2 1 
1 0 1 0 0 0 2 0 0 0 
0 0 2 1 1 1 1 0 0 0 
2 0 0 0 2 1 0 1 1 1 
2 0 0 0 2 1 0 1 1 0 
1 1 2 0 2 2 1 2 0 2 
0 0 0 1 0 0 2 0 0 0 
0 0 0 2 0 1 0 0 0 0 
0 0 0 0 2 1 0 1 1 0 
0 0 0 1 1 1 1 0 0 2 
0 0 2 1 1 1 1 0 0 2 
0 2 2 0 0 0 2 1 1 2 
0 0 0 2 0 0 1 0 0 0 
0 0 2 1 1 1 1 0 1 2 
2 2 2 2 1 1 2 0 2 0 
2 2 0 2 2 0 1 1 2 2 
0 2 1 0 1 2 0 1 0 1 
2 0 0 1 2 0 1 1 2 2 
0 2 2 2 1 1 2 2 2 0 
0 2 2 2 0 0 0 1 1 2 
0 0 0 0 0 0 0 0 0 1 
0 0 0 0 0 0 0 0 0 0 
0 2 2 2 0 1 2 1 1 2 
2 1 0 0 0 0 1 0 2 1 
2 1 0 0 0 0 1 0 2 2 
0 1 0 2 0 2 1 2 0 0 
1 2 2 0 0 0 2 0 0 0 
1 1 0 2 1 0 2 0 1 0 
0 0 2 0 0 1 0 2 0 1 
0 2 0 2 0 2 1 2 2 0 
2 2 0 1 2 1 1 1 2 2 
0 0 0 0 0 0 0 0 1 0 
0 0 1 2 2 0 2 0 1 1 
0 0 0 1 0 0 0 0 0 0 
0 0 0 0 1 0 0 0 0 0 
1 0 1 0 0 0 0 0 0 2 
1 0 2 0 0 0 0 2 0 1 
0 0 0 2 0 0 0 0 1 0 
0 1 0 1 0 0 2 0 0 0 
1 0 0 1 0 0 2 0 0 0 
0 0 2 2 0 0 2 1 1 2 
2 2 1 0 1 0 0 1 0 1 
0 0 2 1 1 1 2 0 0 2 
2 1 0 0 0 1 1 0 2 1 
1 1 0 2 0 2 1 2 2 0 
2 0 0 0 0 1 0 1 1 0 
0 0 2 1 2 1 1 0 0 2 
0 1 2 0 0 0 0 2 0 1 
2 1 0 0 0 0 1 1 2 1 
2 1 0 0 0 0 1 0 0 1 
2 0 0 0 2 2 0 1 1 0 
0 0 2 2 2 2 2 0 1 1 
2 2 0 1 2 0 1 1 0 2 
1 1 1 2 1 0 2 2 1 0 
2 2 0 1 2 0 1 2 2 2 
0 0 0 2 0 0 0 0 0 1 
0 0 0 2 0 0 0 0 0 0 
0 0 1 0 0 1 0 0 0 2 
1 1 2 0 2 0 0 2 0 2 
0 0 0 0 0 0 1 0 0 0 
1 2 2 2 0 0 2 1 1 2 
0 0 2 0 0 0 0 2 1 1 
0 0 0 2 1 0 0 0 0 0 
1 1 2 1 0 1 1 1 1 1 
1 1 0 2 1 0 2 2 2 0 
0 1 0 2 0 0 1 2 2 0 
1 1 1 1 0 2 0 2 2 0 
1 1 0 2 1 0 2 2 1 1 
2 2 0 1 2 0 1 1 2 0 
1 1 0 2 1 0 2 2 1 0 
2 2 0 1 2 0 1 1 2 2 
1 0 0 2 0 0 0 0 0 0 
1 1 1 1 1 1 1 1 1 1 
0 1 0 0 0 2 1 2 2 0 
0 0 2 0 0 0 0 2 0 2 
0 0 2 0 0 0 0 2 0 1 
0 0 0 0 0 0 0 2 0 1 
1 0 1 1 1 2 0 2 2 0 
0 1 1 0 0 0 0 0 0 2 
0 0 1 2 0 2 2 0 1 1 
1 2 1 0 0 0 2 1 0 0 
0 1 1 2 0 2 1 2 2 0 
2 2 1 0 1 2 0 2 0 1 
0 0 0 0 0 1 0 0 0 0 
2 1 0 0 2 1 0 1 1 0 
0 0 0 2 0 0 2 0 0 0 
0 0 1 2 0 0 0 0 0 0 
2 0 1 0 2 1 0 1 1 0 
0 1 0 2 0 0 0 0 0 0 
0 0 2 2 1 1 1 0 0 2 
2 0 1 1 0 2 0 2 2 0 
2 1 0 1 0 0 1 0 2 1 
2 2 0 1 0 0 1 1 2 2 
2 1 0 0 0 0 2 0 2 1 
0 0 1 1 0 0 0 0 0 2 
1 2 1 1 0 1 1 1 1 1 
0 0 1 2 2 2 2 0 2 1 
1 0 1 1 0 0 0 2 2 0 
1 0 2 1 0 2 0 2 2 0 
1 1 0 0 2 2 0 2 0 2 
2 1 0 0 1 0 1 0 2 1 
1 2 1 0 0 0 0 0 0 0 
0 0 1 2 2 2 2 0 1 2 
1 2 1 0 0 1 2 0 0 0 
0 0 0 0 0 0 0 1 0 0 
2 2 0 0 0 0 1 0 2 1 
1 1 2 0 0 2 0 2 0 2 
2 1 1 1 0 1 1 1 1 1 
2 2 2 2 1 1 0 2 2 0 
2 2 0 1 2 0 2 1 2 2 
0 1 0 0 0 0 1 0 2 1 
2 2 2 2 2 1 2 2 2 0 
1 0 1 2 2 2 2 0 1 1 
0 0 1 0 0 0 0 0 1 2 
2 2 2 2 1 2 2 2 2 0 
1 2 1 0 0 0 2 0 1 0 
0 0 0 1 0 0 2 0 0 1 
2 0 0 1 2 1 0 1 1 0 
2 2 1 0 1 2 1 1 0 1 
2 0 0 0 2 1 1 1 1 0 
1 1 1 1 0 2 1 1 1 1 
0 0 1 2 2 2 2 1 1 1 
2 2 1 1 1 2 0 1 0 1 
0 0 0 1 0 0 2 0 1 0 
0 1 1 2 2 2 2 0 1 1 
2 0 2 2 1 1 2 2 2 0 
0 2 0 1 2 0 1 1 2 2 
1 1 0 2 1 1 2 2 1 0 
0 0 2 0 0 0 0 0 0 2 
0 0 0 1 1 0 2 0 0 0 
1 1 1 2 0 1 1 1 1 1 
0 0 1 2 2 2 2 0 1 1 
1 0 1 1 0 2 1 2 2 0 
1 0 1 1 0 2 0 0 2 0 
1 1 2 0 2 2 0 2 1 2 
0 0 1 0 1 0 0 0 0 2 
0 0 1 1 0 0 2 0 0 0 
0 2 2 2 0 0 2 1 2 2 
1 1 2 1 2 2 0 2 0 2 
0 1 0 2 1 2 1 2 2 0 
0 0 1 0 0 0 1 0 0 2 
0 0 2 0 0 0 1 2 0 1 
1 2 1 1 0 0 2 0 0 0 
1 1 1 1 0 1 1 2 1 1 
1 0 2 1 1 1 1 0 0 2 
0 0 2 1 0 0 0 2 0 1 
0 1 0 2 0 2 2 2 2 0 
1 0 1 1 0 2 0 2 2 1 
2 2 1 0 1 2 0 1 1 1 
1 0 1 1 0 2 0 2 2 0 
0 1 2 1 1 1 1 0 0 2 
0 2 0 2 0 0 2 1 1 2 
1 1 2 0 2 2 0 2 0 2 
1 1 2 0 2 2 0 2 0 0 
0 0 2 0 0 0 0 0 0 1 
2 2 2 0 1 1 2 2 2 0 
0 1 0 0 0 0 0 0 0 0 
2 1 1 0 0 0 1 0 2 1 
1 2 1 0 0 0 2 0 0 1 
1 2 1 0 0 0 2 0 0 0 
0 1 0 2 0 2 1 0 2 0 
2 2 1 0 1 2 0 1 0 2 
2 2 1 0 1 2 0 1 0 1 
2 2 2 2 1 1 2 2 0 0 
0 2 2 2 1 0 2 1 1 2 
0 0 1 0 2 2 2 0 1 1 
1 0 0 0 0 0 0 0 0 0 
1 0 1 2 0 2 0 2 2 0 
0 0 2 0 1 0 0 2 0 1 
1 1 0 0 1 0 2 2 1 0 
MFS
[ - , - , - , - , - , - , - , - , - , - ]
[ - , - , - , - , 1 , 1 , - , - , - , - ]
precise
0.5
recall
0.011111111111111112
F-measure
0.02173913043478261
multi
18
time
all 12 iden 0 gen 12
t-cover
63
all-cover
405
coveredNum
(73 : 1)  (11 : 15)  (12 : 32)  (13 : 44)  (14 : 28)  (15 : 16)  (16 : 11)  (17 : 7)  (18 : 10)  (20 : 21)  (21 : 38)  (22 : 28)  (23 : 23)  (24 : 9)  (25 : 10)  (26 : 4)  (29 : 19)  (30 : 19)  (31 : 13)  (32 : 7)  (33 : 2)  (34 : 2)  (35 : 1)  (38 : 5)  (39 : 7)  (40 : 3)  (41 : 3)  (47 : 1)  (48 : 4)  (49 : 2)  (54 : 1)  (55 : 11)  (56 : 6)  (63 : 2)  
real Identify
([ - , - , - , - , 1 , 1 , - , - , - , - ] : 1)  
