tuple	degree	softw	wg	sg	rewg	resg	soc	fautype
601 1 1 2 600 1 2 739 739 0 - 1	11	128,133,135,136,141,144,148,157,158,159,160,161,162,163,164,165,166,167,168,169,171,172,48,50,51,52,53,54,56,58,61,63,66,72,73,75,81,84,90,91,97,99,102,104,107,109,112,118,119,120,122,124,126,127,		0.018518518518518517	0.0	assign	wrong	
601 1 - 2 600 1 1 639 640 - 2 1	10	128,133,135,136,141,144,148,157,158,159,160,161,162,163,164,165,166,167,168,169,171,172,48,50,51,52,53,54,56,58,61,63,66,72,73,75,81,84,90,91,97,99,102,104,107,109,112,118,119,120,122,124,126,127,		0.018518518518518517	0.0	assign	wrong	
601 1 - 2 600 1 1 639 639 - 2 1	10	128,133,135,136,141,144,148,157,158,159,160,161,162,163,164,165,166,167,168,169,171,172,48,50,51,52,53,54,56,58,61,63,66,72,73,75,81,84,90,91,97,99,102,104,107,109,112,118,119,120,122,124,126,127,		0.018518518518518517	0.0	assign	wrong	
601 1 1 2 600 1 - 740 740 0 - 1	10	128,133,135,136,141,144,148,157,158,159,160,161,162,163,164,165,166,167,168,169,171,172,48,50,51,52,53,54,56,58,61,63,66,72,73,75,81,84,90,91,97,99,102,104,107,109,112,118,119,120,122,124,126,127,		0.018518518518518517	0.0	assign	wrong	
601 1 - 2 600 1 1 739 739 - 2 1	10	128,133,135,136,141,144,148,157,158,159,160,161,162,163,164,165,166,167,168,169,171,172,48,50,51,52,53,54,56,58,61,63,66,72,73,75,81,84,90,91,97,99,102,104,107,109,112,118,119,120,122,124,126,127,		0.018518518518518517	0.0	assign	wrong	
601 1 - 2 600 1 1 739 740 - 2 1	10	128,133,135,136,141,144,148,157,158,159,160,161,162,163,164,165,166,167,168,169,171,172,48,50,51,52,53,54,56,58,61,63,66,72,73,75,81,84,90,91,97,99,102,104,107,109,112,118,119,120,122,124,126,127,		0.018518518518518517	0.0	assign	wrong	
601 1 1 2 600 1 1 739 739 0 - 1	11	128,133,135,136,141,144,148,157,158,159,160,161,162,163,164,165,166,167,168,169,171,172,48,50,51,52,53,54,56,58,61,63,66,72,73,75,81,84,90,91,97,99,102,104,107,109,112,118,119,120,122,124,126,127,		0.018518518518518517	0.0	assign	wrong	
601 1 1 2 600 1 1 739 740 0 - 1	11	128,133,135,136,141,144,148,157,158,159,160,161,162,163,164,165,166,167,168,169,171,172,48,50,51,52,53,54,56,58,61,63,66,72,73,75,81,84,90,91,97,99,102,104,107,109,112,118,119,120,122,124,126,127,		0.018518518518518517	0.0	assign	wrong	
601 1 1 2 600 1 1 500 500 0 - 1	11	128,133,135,136,141,144,148,157,158,159,160,161,162,163,164,165,166,167,168,169,171,172,48,50,51,52,53,54,56,58,61,63,66,72,73,75,81,84,90,91,97,99,102,104,107,109,112,118,119,120,122,124,126,127,		0.018518518518518517	0.0	assign	wrong	
601 1 - 2 600 1 2 739 740 - 2 1	10	128,133,135,136,141,144,148,157,158,159,160,161,162,163,164,165,166,167,168,169,171,172,48,50,51,52,53,54,56,58,61,63,66,72,73,75,81,84,90,91,97,99,102,104,107,109,112,118,119,120,122,124,126,127,		0.018518518518518517	0.0	assign	wrong	
601 1 - 2 600 1 2 739 739 - 2 1	10	128,133,135,136,141,144,148,157,158,159,160,161,162,163,164,165,166,167,168,169,171,172,48,50,51,52,53,54,56,58,61,63,66,72,73,75,81,84,90,91,97,99,102,104,107,109,112,118,119,120,122,124,126,127,		0.018518518518518517	0.0	assign	wrong	
601 1 - 2 600 1 - 740 740 - 2 1	9	128,133,135,136,141,144,148,157,158,159,160,161,162,163,164,165,166,167,168,169,171,172,48,50,51,52,53,54,56,58,61,63,66,72,73,75,81,84,90,91,97,99,102,104,107,109,112,118,119,120,122,124,126,127,		0.018518518518518517	0.0	assign	wrong	
601 1 - 2 600 1 0 500 500 - 2 1	10	128,133,135,136,141,144,148,157,158,159,160,161,162,163,164,165,166,167,168,169,171,172,48,50,51,52,53,54,56,58,61,63,66,72,73,75,81,84,90,91,97,99,102,104,107,109,112,118,119,120,122,124,126,127,		0.018518518518518517	0.0	assign	wrong	
601 1 - 2 600 1 0 640 739 - 2 1	10	128,133,135,136,141,144,148,157,158,159,160,161,162,163,164,165,166,167,168,169,171,172,48,50,51,52,53,54,56,58,61,63,66,72,73,75,81,84,90,91,97,99,102,104,107,109,112,118,119,120,122,124,126,127,		0.018518518518518517	0.0	assign	wrong	
601 1 - 2 600 1 0 400 400 - 2 1	10	128,133,135,136,141,144,148,157,158,159,160,161,162,163,164,165,166,167,168,169,171,172,48,50,51,52,53,54,56,58,61,63,66,72,73,75,81,84,90,91,97,99,102,104,107,109,112,118,119,120,122,124,126,127,		0.018518518518518517	0.0	assign	wrong	
601 1 - 2 600 1 0 400 499 - 2 1	10	128,133,135,136,141,144,148,157,158,159,160,161,162,163,164,165,166,167,168,169,171,172,48,50,51,52,53,54,56,58,61,63,66,72,73,75,81,84,90,91,97,99,102,104,107,109,112,118,119,120,122,124,126,127,		0.018518518518518517	0.0	assign	wrong	
601 1 - 2 600 1 0 640 640 - 2 1	10	128,133,135,136,141,144,148,157,158,159,160,161,162,163,164,165,166,167,168,169,171,172,48,50,51,52,53,54,56,58,61,63,66,72,73,75,81,84,90,91,97,99,102,104,107,109,112,118,119,120,122,124,126,127,		0.018518518518518517	0.0	assign	wrong	
601 1 1 2 600 1 0 500 500 0 - 1	11	128,133,135,136,141,144,148,157,158,159,160,161,162,163,164,165,166,167,168,169,171,172,48,50,51,52,53,54,56,58,61,63,66,72,73,75,81,84,90,91,97,99,102,104,107,109,112,118,119,120,122,124,126,127,		0.018518518518518517	0.0	assign	wrong	
601 1 1 2 600 1 0 640 739 0 - 1	11	128,133,135,136,141,144,148,157,158,159,160,161,162,163,164,165,166,167,168,169,171,172,48,50,51,52,53,54,56,58,61,63,66,72,73,75,81,84,90,91,97,99,102,104,107,109,112,118,119,120,122,124,126,127,		0.018518518518518517	0.0	assign	wrong	
601 1 1 2 600 1 0 400 400 0 - 1	11	128,133,135,136,141,144,148,157,158,159,160,161,162,163,164,165,166,167,168,169,171,172,48,50,51,52,53,54,56,58,61,63,66,72,73,75,81,84,90,91,97,99,102,104,107,109,112,118,119,120,122,124,126,127,		0.018518518518518517	0.0	assign	wrong	
601 1 1 2 600 1 0 400 499 0 - 1	11	128,133,135,136,141,144,148,157,158,159,160,161,162,163,164,165,166,167,168,169,171,172,48,50,51,52,53,54,56,58,61,63,66,72,73,75,81,84,90,91,97,99,102,104,107,109,112,118,119,120,122,124,126,127,		0.018518518518518517	0.0	assign	wrong	
601 1 1 2 600 1 2 739 740 0 - 1	11	128,133,135,136,141,144,148,157,158,159,160,161,162,163,164,165,166,167,168,169,171,172,48,50,51,52,53,54,56,58,61,63,66,72,73,75,81,84,90,91,97,99,102,104,107,109,112,118,119,120,122,124,126,127,		0.018518518518518517	0.0	assign	wrong	
601 1 1 2 600 1 0 640 640 0 - 1	11	128,133,135,136,141,144,148,157,158,159,160,161,162,163,164,165,166,167,168,169,171,172,48,50,51,52,53,54,56,58,61,63,66,72,73,75,81,84,90,91,97,99,102,104,107,109,112,118,119,120,122,124,126,127,		0.018518518518518517	0.0	assign	wrong	
601 1 1 2 600 1 2 640 640 0 - 1	11	128,133,135,136,141,144,148,157,158,159,160,161,162,163,164,165,166,167,168,169,171,172,48,50,51,52,53,54,56,58,61,63,66,72,73,75,81,84,90,91,97,99,102,104,107,109,112,118,119,120,122,124,126,127,		0.018518518518518517	0.0	assign	wrong	
601 1 - 2 600 1 1 500 500 - 2 1	10	128,133,135,136,141,144,148,157,158,159,160,161,162,163,164,165,166,167,168,169,171,172,48,50,51,52,53,54,56,58,61,63,66,72,73,75,81,84,90,91,97,99,102,104,107,109,112,118,119,120,122,124,126,127,		0.018518518518518517	0.0	assign	wrong	
601 1 1 2 600 1 - 840 840 0 - 1	10	128,133,135,136,141,144,148,157,158,159,160,161,162,163,164,165,166,167,168,169,171,172,48,50,51,52,53,54,56,58,61,63,66,72,73,75,81,84,90,91,97,99,102,104,107,109,112,118,119,120,122,124,126,127,		0.018518518518518517	0.0	assign	wrong	
601 1 - 2 600 1 1 640 640 - 2 1	10	128,133,135,136,141,144,148,157,158,159,160,161,162,163,164,165,166,167,168,169,171,172,48,50,51,52,53,54,56,58,61,63,66,72,73,75,81,84,90,91,97,99,102,104,107,109,112,118,119,120,122,124,126,127,		0.018518518518518517	0.0	assign	wrong	
601 1 - 2 600 1 1 640 739 - 2 1	10	128,133,135,136,141,144,148,157,158,159,160,161,162,163,164,165,166,167,168,169,171,172,48,50,51,52,53,54,56,58,61,63,66,72,73,75,81,84,90,91,97,99,102,104,107,109,112,118,119,120,122,124,126,127,		0.018518518518518517	0.0	assign	wrong	
601 1 1 2 600 1 1 640 640 0 - 1	11	128,133,135,136,141,144,148,157,158,159,160,161,162,163,164,165,166,167,168,169,171,172,48,50,51,52,53,54,56,58,61,63,66,72,73,75,81,84,90,91,97,99,102,104,107,109,112,118,119,120,122,124,126,127,		0.018518518518518517	0.0	assign	wrong	
601 1 1 2 600 1 1 640 739 0 - 1	11	128,133,135,136,141,144,148,157,158,159,160,161,162,163,164,165,166,167,168,169,171,172,48,50,51,52,53,54,56,58,61,63,66,72,73,75,81,84,90,91,97,99,102,104,107,109,112,118,119,120,122,124,126,127,		0.018518518518518517	0.0	assign	wrong	
601 1 1 2 600 1 1 639 640 0 - 1	11	128,133,135,136,141,144,148,157,158,159,160,161,162,163,164,165,166,167,168,169,171,172,48,50,51,52,53,54,56,58,61,63,66,72,73,75,81,84,90,91,97,99,102,104,107,109,112,118,119,120,122,124,126,127,		0.018518518518518517	0.0	assign	wrong	
601 1 1 2 600 1 1 639 639 0 - 1	11	128,133,135,136,141,144,148,157,158,159,160,161,162,163,164,165,166,167,168,169,171,172,48,50,51,52,53,54,56,58,61,63,66,72,73,75,81,84,90,91,97,99,102,104,107,109,112,118,119,120,122,124,126,127,		0.018518518518518517	0.0	assign	wrong	
601 1 - 2 600 1 2 640 739 - 2 1	10	128,133,135,136,141,144,148,157,158,159,160,161,162,163,164,165,166,167,168,169,171,172,48,50,51,52,53,54,56,58,61,63,66,72,73,75,81,84,90,91,97,99,102,104,107,109,112,118,119,120,122,124,126,127,		0.018518518518518517	0.0	assign	wrong	
601 1 - 2 600 1 2 640 640 - 2 1	10	128,133,135,136,141,144,148,157,158,159,160,161,162,163,164,165,166,167,168,169,171,172,48,50,51,52,53,54,56,58,61,63,66,72,73,75,81,84,90,91,97,99,102,104,107,109,112,118,119,120,122,124,126,127,		0.018518518518518517	0.0	assign	wrong	
601 1 - 2 600 1 - 840 840 - 2 1	9	128,133,135,136,141,144,148,157,158,159,160,161,162,163,164,165,166,167,168,169,171,172,48,50,51,52,53,54,56,58,61,63,66,72,73,75,81,84,90,91,97,99,102,104,107,109,112,118,119,120,122,124,126,127,		0.018518518518518517	0.0	assign	wrong	
601 1 - 2 600 1 0 639 639 - 2 1	10	128,133,135,136,141,144,148,157,158,159,160,161,162,163,164,165,166,167,168,169,171,172,48,50,51,52,53,54,56,58,61,63,66,72,73,75,81,84,90,91,97,99,102,104,107,109,112,118,119,120,122,124,126,127,		0.018518518518518517	0.0	assign	wrong	
601 1 - 2 600 1 0 739 740 - 2 1	10	128,133,135,136,141,144,148,157,158,159,160,161,162,163,164,165,166,167,168,169,171,172,48,50,51,52,53,54,56,58,61,63,66,72,73,75,81,84,90,91,97,99,102,104,107,109,112,118,119,120,122,124,126,127,		0.018518518518518517	0.0	assign	wrong	
601 1 - 2 600 1 0 499 499 - 2 1	10	128,133,135,136,141,144,148,157,158,159,160,161,162,163,164,165,166,167,168,169,171,172,48,50,51,52,53,54,56,58,61,63,66,72,73,75,81,84,90,91,97,99,102,104,107,109,112,118,119,120,122,124,126,127,		0.018518518518518517	0.0	assign	wrong	
601 1 - 2 600 1 0 499 500 - 2 1	10	128,133,135,136,141,144,148,157,158,159,160,161,162,163,164,165,166,167,168,169,171,172,48,50,51,52,53,54,56,58,61,63,66,72,73,75,81,84,90,91,97,99,102,104,107,109,112,118,119,120,122,124,126,127,		0.018518518518518517	0.0	assign	wrong	
601 1 - 2 600 1 0 639 640 - 2 1	10	128,133,135,136,141,144,148,157,158,159,160,161,162,163,164,165,166,167,168,169,171,172,48,50,51,52,53,54,56,58,61,63,66,72,73,75,81,84,90,91,97,99,102,104,107,109,112,118,119,120,122,124,126,127,		0.018518518518518517	0.0	assign	wrong	
601 1 - 2 600 1 0 739 739 - 2 1	10	128,133,135,136,141,144,148,157,158,159,160,161,162,163,164,165,166,167,168,169,171,172,48,50,51,52,53,54,56,58,61,63,66,72,73,75,81,84,90,91,97,99,102,104,107,109,112,118,119,120,122,124,126,127,		0.018518518518518517	0.0	assign	wrong	
601 1 1 2 600 1 0 639 639 0 - 1	11	128,133,135,136,141,144,148,157,158,159,160,161,162,163,164,165,166,167,168,169,171,172,48,50,51,52,53,54,56,58,61,63,66,72,73,75,81,84,90,91,97,99,102,104,107,109,112,118,119,120,122,124,126,127,		0.018518518518518517	0.0	assign	wrong	
601 1 1 2 600 1 0 739 740 0 - 1	11	128,133,135,136,141,144,148,157,158,159,160,161,162,163,164,165,166,167,168,169,171,172,48,50,51,52,53,54,56,58,61,63,66,72,73,75,81,84,90,91,97,99,102,104,107,109,112,118,119,120,122,124,126,127,		0.018518518518518517	0.0	assign	wrong	
601 1 1 2 600 1 0 499 499 0 - 1	11	128,133,135,136,141,144,148,157,158,159,160,161,162,163,164,165,166,167,168,169,171,172,48,50,51,52,53,54,56,58,61,63,66,72,73,75,81,84,90,91,97,99,102,104,107,109,112,118,119,120,122,124,126,127,		0.018518518518518517	0.0	assign	wrong	
601 1 1 2 600 1 0 499 500 0 - 1	11	128,133,135,136,141,144,148,157,158,159,160,161,162,163,164,165,166,167,168,169,171,172,48,50,51,52,53,54,56,58,61,63,66,72,73,75,81,84,90,91,97,99,102,104,107,109,112,118,119,120,122,124,126,127,		0.018518518518518517	0.0	assign	wrong	
601 1 1 2 600 1 2 640 739 0 - 1	11	128,133,135,136,141,144,148,157,158,159,160,161,162,163,164,165,166,167,168,169,171,172,48,50,51,52,53,54,56,58,61,63,66,72,73,75,81,84,90,91,97,99,102,104,107,109,112,118,119,120,122,124,126,127,		0.018518518518518517	0.0	assign	wrong	
601 1 1 2 600 1 0 639 640 0 - 1	11	128,133,135,136,141,144,148,157,158,159,160,161,162,163,164,165,166,167,168,169,171,172,48,50,51,52,53,54,56,58,61,63,66,72,73,75,81,84,90,91,97,99,102,104,107,109,112,118,119,120,122,124,126,127,		0.018518518518518517	0.0	assign	wrong	
601 1 1 2 600 1 0 739 739 0 - 1	11	128,133,135,136,141,144,148,157,158,159,160,161,162,163,164,165,166,167,168,169,171,172,48,50,51,52,53,54,56,58,61,63,66,72,73,75,81,84,90,91,97,99,102,104,107,109,112,118,119,120,122,124,126,127,		0.018518518518518517	0.0	assign	wrong	
