testCase Num: 63
regaular Num: 63
identify Num: 0
0 2 2 0 1 1 4 1 3 4 0 
3 0 1 3 2 0 3 3 0 3 2 
2 0 2 2 2 1 2 1 2 2 2 
3 2 3 1 3 2 3 1 3 0 3 
3 1 0 2 3 2 4 3 4 1 2 
4 1 4 2 2 4 0 0 3 0 2 
0 3 0 1 2 3 0 1 0 4 0 
0 0 0 0 0 0 0 4 0 3 0 
3 2 3 3 4 0 1 4 1 2 1 
0 0 3 4 2 2 4 2 4 1 1 
0 4 3 2 4 1 0 0 0 0 1 
0 0 4 4 3 3 1 3 2 4 3 
0 1 1 0 3 1 3 2 0 2 4 
1 4 4 3 4 2 0 1 0 1 4 
0 0 0 0 1 0 0 0 2 0 0 
1 1 3 0 2 1 3 2 0 2 4 
1 0 0 4 0 0 0 0 2 0 3 
2 1 3 1 1 2 2 3 0 3 0 
1 0 4 0 3 0 0 2 1 4 0 
0 2 0 0 0 4 0 3 2 2 3 
4 4 4 0 3 0 2 3 2 1 1 
4 3 0 2 3 0 1 1 1 1 0 
1 2 2 0 1 3 1 1 2 0 0 
0 0 0 0 0 0 2 0 0 0 4 
1 0 1 0 2 0 0 2 3 3 0 
1 0 0 0 3 0 0 0 0 0 0 
0 0 0 0 0 0 0 0 0 0 0 
1 0 4 4 2 0 0 0 4 0 1 
2 2 0 0 2 3 4 0 1 1 3 
3 0 2 1 0 2 2 0 1 2 1 
4 4 1 0 2 2 1 4 4 4 4 
1 4 0 4 4 1 4 3 3 2 0 
0 3 2 3 3 4 0 3 1 3 4 
2 4 1 3 3 3 3 4 2 0 0 
1 2 3 2 0 3 0 0 4 2 4 
2 4 4 1 0 4 1 2 1 0 2 
1 3 0 1 1 3 2 4 3 0 2 
1 3 3 0 4 4 2 0 2 4 2 
3 3 4 0 1 1 0 4 0 2 3 
4 4 2 3 3 1 1 0 4 3 3 
1 3 2 1 2 0 0 0 0 0 0 
2 3 1 3 0 4 4 1 3 0 1 
1 1 1 1 1 1 1 0 1 1 1 
0 2 1 4 1 3 2 4 3 0 2 
2 1 0 3 1 0 2 2 4 4 3 
0 0 0 4 0 0 0 1 1 4 0 
1 2 3 4 1 1 4 1 0 4 2 
2 0 0 0 4 0 0 0 0 0 0 
1 4 3 0 0 0 0 0 0 1 0 
4 2 4 2 4 3 4 2 0 3 1 
3 4 0 2 1 4 3 4 1 4 1 
1 1 1 2 4 4 3 1 4 3 3 
3 1 2 4 0 3 3 4 2 1 0 
1 0 0 0 0 0 0 4 1 3 0 
4 0 2 4 1 4 1 0 0 1 0 
1 2 1 4 3 4 2 3 1 2 4 
4 3 4 1 0 1 3 3 4 0 0 
3 0 2 0 1 0 1 2 3 1 4 
4 0 3 0 0 0 3 0 0 2 0 
1 0 2 1 4 0 4 4 2 0 4 
1 0 0 0 0 0 1 3 0 0 0 
2 3 0 4 0 2 0 2 2 3 4 
1 0 2 1 0 3 0 3 3 4 3 
MFS
[ 0 , - , - , - , - , - , - , - , - , - , - ]
precise
0.0
recall
0.0
F-measure
0.0
multi
10
time
all 474 iden 1 gen 437
t-cover
1325
all-cover
1375
coveredNum
(1 : 620)  (2 : 427)  (3 : 203)  (4 : 68)  (5 : 14)  (6 : 16)  (7 : 10)  (8 : 7)  (9 : 5)  (10 : 3)  (11 : 1)  (12 : 1)  
real Identify

testCase Num: 71
regaular Num: 71
identify Num: 0
3 0 0 4 3 3 3 1 0 2 2 
1 4 0 0 0 0 0 0 0 1 0 
1 0 2 3 0 0 0 0 0 0 0 
4 0 0 1 4 4 1 0 0 3 3 
1 4 2 1 1 0 4 4 3 2 0 
2 0 0 0 3 0 0 0 0 0 0 
0 0 0 0 0 0 0 4 0 3 0 
1 3 0 0 0 0 0 0 0 0 0 
0 0 0 0 0 0 0 1 0 0 4 
0 4 4 1 3 2 3 0 3 1 2 
1 1 2 0 3 1 0 0 3 4 1 
1 0 0 0 0 0 0 0 0 4 3 
0 2 2 2 1 4 4 1 3 2 0 
1 0 1 4 2 1 4 0 4 3 3 
1 2 3 3 3 4 0 2 4 1 0 
1 4 4 2 4 1 0 3 0 2 1 
0 3 1 3 0 4 4 3 0 0 2 
1 1 3 1 3 3 4 3 1 0 0 
2 1 2 2 4 3 2 0 1 3 2 
3 2 0 0 0 4 4 0 1 4 1 
0 0 4 0 0 3 0 0 0 0 0 
0 0 0 0 0 0 2 0 4 0 0 
1 1 0 1 1 1 1 1 1 1 1 
2 2 4 1 4 0 1 3 4 3 0 
0 1 2 4 2 0 0 4 3 4 1 
2 3 1 0 0 1 0 4 1 1 4 
0 0 0 0 0 0 0 0 0 0 0 
4 3 3 0 1 0 0 1 4 3 2 
4 4 3 3 0 3 1 3 3 3 4 
2 1 4 4 0 2 4 1 2 0 3 
2 4 0 4 2 4 2 3 3 0 0 
3 1 4 0 4 4 3 4 4 4 4 
1 4 0 0 0 0 2 1 4 2 4 
3 3 2 2 3 0 2 3 2 1 3 
1 2 2 2 0 3 3 4 4 0 2 
1 3 1 3 4 4 4 1 2 2 2 
0 4 3 1 0 0 2 1 1 0 0 
1 0 3 2 0 0 0 0 2 0 0 
4 2 3 4 4 3 0 0 0 1 3 
4 1 0 0 3 0 0 2 0 4 4 
4 0 2 2 2 2 4 2 0 1 4 
0 0 0 0 0 0 0 3 0 4 0 
1 0 0 0 0 3 0 0 0 0 1 
3 2 1 1 0 1 2 2 0 0 4 
3 4 1 0 1 3 0 2 3 3 3 
0 1 1 3 3 2 3 3 1 3 0 
0 3 3 3 4 0 4 0 2 2 4 
3 0 0 2 0 2 1 0 4 2 0 
2 2 1 0 2 2 1 2 2 2 2 
1 0 0 0 1 0 2 3 2 3 1 
4 0 4 3 2 1 2 2 1 2 2 
0 0 2 3 0 0 0 0 0 0 0 
3 1 3 3 2 1 3 1 0 2 3 
1 0 1 2 4 2 0 1 3 4 2 
0 0 3 2 0 0 0 0 0 0 0 
1 2 2 2 1 4 1 1 3 1 0 
1 1 1 0 0 0 0 0 0 0 0 
0 4 2 0 3 1 1 4 1 4 3 
2 0 3 3 1 2 2 4 0 4 1 
0 4 0 1 3 3 4 2 4 0 1 
0 0 2 1 0 0 4 4 0 2 0 
4 3 1 4 4 0 3 2 1 0 1 
2 4 0 3 1 1 3 0 2 0 0 
1 3 4 4 1 2 1 0 2 0 4 
1 0 4 4 3 3 1 4 1 3 3 
1 4 1 1 3 2 3 3 1 3 2 
1 3 4 3 0 0 3 0 3 1 2 
4 3 0 1 2 3 0 4 2 4 0 
0 0 0 0 0 4 0 0 2 0 0 
1 4 2 4 2 0 1 3 4 4 1 
0 3 0 0 0 1 0 0 3 0 0 
MFS
[ 0 , - , - , - , - , - , - , - , - , - , - ]
precise
0.0
recall
0.0
F-measure
0.0
multi
16
time
all 757 iden 1 gen 740
t-cover
1325
all-cover
1375
coveredNum
(1 : 593)  (2 : 436)  (3 : 210)  (4 : 67)  (5 : 20)  (6 : 8)  (7 : 10)  (8 : 17)  (9 : 6)  (10 : 4)  (11 : 4)  
real Identify

testCase Num: 68
regaular Num: 68
identify Num: 0
0 2 1 4 1 3 0 3 1 4 1 
4 4 3 0 1 1 1 0 1 3 0 
0 0 4 3 0 3 1 4 3 0 0 
0 3 0 0 1 0 0 0 0 0 0 
0 0 0 0 0 0 0 4 0 3 0 
3 2 1 1 4 3 2 0 0 2 1 
1 1 4 0 1 2 1 2 0 3 2 
0 0 4 0 4 0 0 0 0 0 0 
2 1 0 3 0 0 0 2 4 4 3 
1 2 1 1 3 1 0 2 1 1 3 
2 2 2 2 1 0 2 2 1 2 2 
4 4 4 4 3 2 0 4 4 2 1 
1 1 0 0 0 4 3 0 0 0 0 
0 1 0 0 1 0 0 0 0 0 0 
1 4 0 2 3 3 0 3 0 1 0 
0 0 3 0 0 2 2 0 0 4 4 
1 0 3 0 0 0 0 4 3 3 0 
3 4 0 0 0 0 0 0 0 0 2 
0 0 0 2 0 4 3 0 0 4 1 
1 2 1 4 1 3 4 3 1 4 1 
1 0 3 1 4 2 4 1 2 4 2 
2 0 4 4 1 4 2 0 2 1 0 
1 0 0 0 0 1 2 0 0 0 0 
0 0 4 2 2 1 2 3 4 1 3 
1 4 4 2 4 1 3 1 3 4 1 
1 2 4 1 1 2 4 0 3 0 3 
1 1 2 0 2 3 2 4 2 4 0 
1 3 4 3 3 1 0 0 2 4 2 
0 0 0 0 0 0 0 0 0 0 0 
3 0 0 4 0 1 4 2 2 2 1 
1 2 3 0 1 4 0 1 4 3 4 
0 0 0 0 0 0 0 0 3 2 0 
0 0 0 0 0 0 4 1 0 4 0 
0 3 3 1 0 4 4 4 1 0 2 
4 0 1 3 2 3 4 2 3 3 4 
4 2 0 1 2 2 3 1 1 1 0 
1 0 4 2 2 1 1 3 4 0 0 
4 4 1 2 2 0 4 4 2 0 2 
2 3 1 0 3 4 4 3 4 1 0 
3 2 2 3 0 2 1 1 2 2 0 
1 1 1 1 0 1 1 1 1 1 1 
2 0 1 0 4 2 3 4 1 2 3 
3 1 3 3 4 4 2 0 4 0 1 
2 4 3 3 3 3 3 3 0 0 4 
1 0 4 2 0 4 1 3 3 2 2 
1 3 0 1 4 4 1 4 1 0 4 
0 1 4 0 3 2 3 2 0 3 2 
2 0 0 0 0 1 0 0 0 0 0 
1 0 2 0 3 2 2 0 2 0 4 
4 4 2 1 0 4 2 2 0 4 3 
0 0 0 0 0 0 1 3 0 0 0 
3 0 4 3 3 0 1 1 1 4 4 
4 3 0 4 0 0 2 1 0 0 4 
0 0 0 0 0 0 1 2 4 0 0 
3 3 3 2 0 2 3 3 2 3 3 
1 3 0 0 1 0 0 0 0 2 0 
2 0 2 1 0 3 3 0 4 1 2 
1 0 4 0 4 3 0 0 0 0 0 
0 2 2 0 3 0 0 0 0 0 3 
0 3 2 1 4 1 0 3 2 2 4 
1 0 3 4 4 0 3 2 3 1 0 
4 1 2 4 4 0 4 3 0 3 2 
2 3 0 4 2 3 1 1 0 0 3 
3 3 2 0 2 1 0 2 3 0 1 
0 4 0 2 4 4 1 1 3 4 2 
1 1 3 2 2 4 0 0 0 2 4 
2 1 0 1 3 0 2 3 3 3 1 
3 2 0 3 1 1 3 4 0 1 4 
MFS
[ 0 , - , - , - , - , - , - , - , - , - , - ]
precise
0.0
recall
0.0
F-measure
0.0
multi
15
time
all 459 iden 0 gen 445
t-cover
1325
all-cover
1375
coveredNum
(1 : 594)  (2 : 440)  (3 : 217)  (4 : 66)  (5 : 28)  (6 : 9)  (7 : 10)  (8 : 7)  (9 : 4)  
real Identify

testCase Num: 67
regaular Num: 67
identify Num: 0
1 0 4 0 0 0 0 0 0 0 4 
2 4 4 0 4 0 2 1 1 3 3 
4 4 2 3 0 2 2 2 2 1 1 
1 0 0 0 2 3 0 0 0 0 0 
3 0 2 2 4 0 3 1 4 1 0 
1 0 2 1 0 0 0 2 4 2 4 
0 4 3 4 1 3 0 2 1 2 4 
0 0 0 3 0 0 0 1 0 0 0 
1 3 0 3 0 4 3 0 0 0 0 
1 4 3 1 2 4 3 0 4 2 3 
1 2 4 3 4 1 0 2 0 2 0 
1 2 4 2 3 3 3 0 3 0 1 
1 1 1 2 4 4 2 0 0 0 4 
3 1 2 0 2 4 0 4 4 1 1 
4 0 4 2 2 4 4 3 1 4 3 
4 1 1 3 0 1 1 0 1 2 2 
3 0 2 3 3 3 2 3 3 2 3 
1 0 0 4 3 4 0 0 2 2 0 
0 3 4 0 3 1 3 0 4 1 4 
1 4 3 4 3 3 0 2 1 1 4 
2 0 0 0 0 0 0 4 0 2 0 
4 2 0 4 1 4 3 3 4 3 4 
4 4 0 2 1 2 0 4 0 0 3 
3 0 3 0 3 0 3 2 0 4 2 
1 1 4 0 1 3 1 2 4 0 0 
1 0 0 4 0 0 0 4 2 3 0 
2 3 2 4 1 0 4 0 0 1 2 
0 0 0 1 0 0 0 2 0 0 0 
1 1 1 0 0 0 3 0 0 1 3 
1 4 3 0 1 1 1 3 3 4 2 
0 0 0 0 0 0 0 0 0 0 0 
1 3 4 4 0 4 1 2 2 0 3 
3 4 1 3 2 0 4 2 3 3 0 
0 0 0 2 0 0 0 0 0 0 4 
0 2 0 0 1 1 4 0 0 0 3 
1 0 0 0 1 0 0 0 0 2 0 
2 2 0 1 4 4 0 1 3 1 2 
2 3 1 0 0 3 0 1 2 4 1 
0 2 3 2 2 3 2 0 0 3 1 
4 3 3 1 4 3 4 4 2 4 0 
1 0 1 1 1 1 1 1 1 1 1 
0 3 1 3 0 4 1 2 4 0 3 
0 1 4 4 3 3 3 0 2 1 1 
2 1 0 2 2 2 1 2 2 2 2 
0 4 1 2 3 1 3 0 3 4 2 
0 2 2 1 3 4 2 1 0 0 4 
1 1 3 4 0 2 4 1 3 0 4 
1 3 0 2 0 3 1 3 0 3 2 
3 2 4 1 0 2 3 4 1 0 2 
3 1 0 3 1 1 2 4 2 4 3 
1 0 0 0 0 0 0 4 3 0 0 
0 0 2 0 4 2 4 3 4 0 1 
0 0 0 0 0 4 0 0 2 3 0 
1 2 2 3 3 1 4 1 4 0 3 
3 3 2 4 4 1 1 0 1 3 4 
0 4 3 4 0 0 1 3 0 1 3 
4 3 0 0 3 0 4 1 3 2 1 
0 0 4 4 1 4 1 4 3 3 0 
2 3 1 4 2 2 2 1 4 4 2 
2 0 3 3 2 1 3 3 2 0 4 
1 1 0 1 3 0 2 3 1 0 0 
1 0 4 4 4 2 0 3 0 1 1 
1 2 1 0 3 0 1 4 2 4 4 
2 1 1 1 3 2 0 3 0 3 0 
1 0 2 0 0 2 0 0 0 4 0 
1 2 3 2 2 1 2 1 0 3 1 
0 1 1 0 4 3 0 0 4 0 0 
MFS
[ 0 , - , - , - , - , - , - , - , - , - , - ]
precise
0.0
recall
0.0
F-measure
0.0
multi
14
time
all 767 iden 1 gen 715
t-cover
1325
all-cover
1375
coveredNum
(1 : 593)  (2 : 449)  (3 : 204)  (4 : 59)  (5 : 28)  (6 : 16)  (7 : 6)  (8 : 8)  (9 : 4)  (10 : 5)  (11 : 3)  
real Identify

testCase Num: 112
regaular Num: 112
identify Num: 0
1 4 3 0 0 0 2 0 0 0 0 
2 1 2 2 3 0 3 4 3 1 3 
0 0 1 0 0 0 4 0 1 0 0 
1 0 1 0 0 0 0 0 1 0 0 
0 3 2 0 4 1 4 2 4 4 2 
4 3 4 1 1 3 0 3 4 2 0 
1 0 4 3 2 2 2 3 1 1 0 
1 0 3 0 0 0 0 0 0 1 4 
1 0 0 0 0 0 3 0 0 2 0 
0 3 0 4 3 2 3 0 3 2 1 
0 0 0 0 0 0 0 4 0 0 0 
1 2 1 1 2 0 3 4 2 1 0 
0 1 3 0 2 1 0 2 0 0 1 
0 3 2 0 0 0 4 3 0 3 2 
4 0 0 2 1 3 2 4 3 0 4 
0 1 2 1 3 4 4 1 4 0 4 
0 2 2 2 2 1 4 4 0 3 2 
1 4 1 3 2 0 0 1 3 2 4 
3 3 2 2 2 3 0 3 3 1 2 
3 0 0 0 3 0 2 4 4 4 1 
1 0 2 4 4 3 3 3 0 4 1 
1 3 1 4 3 0 2 0 0 3 0 
4 0 0 4 1 1 4 1 4 3 2 
0 4 3 0 1 0 4 3 1 0 3 
1 0 0 3 0 3 0 0 0 0 0 
2 4 4 4 2 4 3 1 4 0 4 
1 0 3 1 3 4 4 2 3 4 0 
0 0 1 4 2 2 4 0 3 2 1 
0 4 3 0 2 2 1 3 1 1 4 
1 0 0 0 0 4 0 0 0 0 3 
0 3 2 3 1 1 4 4 3 3 2 
0 3 2 1 1 1 4 4 0 0 2 
3 0 2 4 4 1 1 4 4 2 0 
0 4 3 4 1 0 2 3 4 1 3 
1 1 3 0 2 0 1 0 0 0 1 
0 0 1 3 0 3 4 0 2 3 2 
0 4 0 0 0 3 4 2 4 0 2 
4 3 4 0 4 0 1 2 0 1 1 
0 2 3 4 2 1 4 4 1 1 2 
1 0 0 0 0 0 0 0 3 0 0 
2 0 1 3 1 4 1 0 0 1 2 
0 1 2 1 0 4 4 1 4 0 4 
0 4 2 3 0 3 4 0 3 0 2 
2 2 0 3 4 4 0 3 4 4 1 
0 3 2 0 4 1 4 2 1 4 4 
0 3 2 1 3 1 4 1 0 0 2 
0 3 2 0 4 1 4 2 1 4 2 
2 2 1 0 1 2 2 2 2 2 2 
3 1 3 0 4 2 4 0 4 0 2 
0 0 0 0 3 0 0 0 0 3 0 
3 0 1 0 0 0 3 0 0 0 2 
0 3 2 0 0 1 4 4 0 0 2 
4 1 1 3 3 0 4 3 2 0 4 
1 1 0 4 0 2 0 2 3 0 0 
0 0 0 0 4 0 0 0 3 0 0 
0 2 0 4 0 0 0 0 0 0 0 
0 3 2 2 4 2 4 2 1 4 4 
1 0 3 0 4 0 0 0 2 2 1 
1 4 0 0 0 0 1 0 0 0 0 
4 3 3 3 0 2 3 4 1 3 3 
0 1 2 1 0 4 4 4 4 0 4 
0 1 0 4 0 2 4 1 0 1 0 
3 1 4 0 0 0 0 1 0 0 0 
1 1 1 2 0 2 1 2 2 4 2 
3 1 2 1 0 4 2 0 0 3 4 
1 3 0 2 0 4 0 0 1 0 0 
1 4 3 0 1 0 0 3 1 2 3 
1 4 4 1 3 2 0 4 0 2 2 
4 4 0 0 0 4 4 4 4 1 1 
0 0 4 3 2 2 2 1 1 3 0 
1 0 0 2 0 0 0 0 4 0 0 
0 3 2 0 1 0 4 2 4 0 2 
0 3 2 0 0 1 4 0 3 0 2 
0 1 0 4 0 2 4 0 3 0 4 
1 0 1 0 0 3 0 2 2 3 0 
4 0 2 0 0 0 0 0 0 0 0 
1 1 0 1 1 1 1 1 1 1 1 
1 0 0 0 0 0 0 1 0 4 0 
2 1 3 2 0 3 4 1 1 2 0 
0 1 2 1 3 4 4 1 2 0 4 
0 4 3 2 3 3 4 0 2 3 1 
0 0 0 0 0 0 0 0 0 0 0 
0 0 1 3 0 3 4 2 4 0 0 
0 3 2 1 1 1 4 4 0 3 2 
2 3 4 1 3 1 0 1 2 0 0 
0 0 4 0 4 0 4 0 3 3 0 
0 1 2 1 1 4 4 4 0 1 4 
0 3 2 0 0 1 4 2 0 4 2 
0 0 0 0 0 0 1 0 0 4 0 
0 1 2 1 1 4 4 4 4 1 4 
0 0 2 0 0 0 4 2 4 0 2 
1 2 4 0 0 1 1 3 3 3 4 
2 0 0 4 2 0 0 2 2 3 3 
0 2 2 3 2 3 4 0 3 0 2 
0 2 3 1 0 4 0 2 2 2 3 
0 4 0 0 1 0 4 3 0 0 2 
0 0 2 0 1 0 4 3 0 3 2 
0 4 1 2 4 3 1 0 2 3 1 
3 2 2 0 3 3 1 1 1 0 3 
1 0 0 0 0 0 0 2 4 0 0 
1 4 0 0 0 3 0 0 0 0 0 
3 4 2 3 1 1 3 2 2 4 0 
0 1 4 1 3 4 4 1 2 2 4 
0 0 0 2 0 3 0 2 4 0 0 
1 3 1 1 4 1 2 1 4 0 3 
0 3 2 3 1 1 4 3 0 3 2 
4 2 4 2 2 1 4 0 0 4 3 
0 0 0 3 0 3 0 0 0 0 0 
1 4 1 2 4 2 0 1 3 3 1 
0 1 2 1 0 4 4 0 4 0 4 
0 4 0 1 4 4 4 0 2 2 3 
0 1 1 4 0 0 0 1 1 4 2 
MFS
[ 0 , - , - , - , 2 , - , - , 2 , - , - , - ]
[ 0 , - , - , - , 2 , - , - , 1 , - , - , - ]
[ 0 , - , - , - , - , - , - , 1 , - , 3 , - ]
[ 0 , - , - , - , - , - , - , 1 , - , 4 , - ]
[ 0 , 1 , - , 2 , - , - , - , - , - , - , - ]
[ 0 , - , - , 4 , - , 2 , - , - , - , - , - ]
[ 0 , 4 , 4 , - , - , - , - , - , - , - , - ]
[ 0 , 1 , - , 0 , - , - , - , - , - , - , - ]
[ 0 , - , - , 0 , - , - , - , - , - , 4 , - ]
[ 0 , 3 , 4 , - , - , - , - , - , - , - , - ]
[ 0 , - , - , - , - , - , - , 2 , - , 2 , - ]
[ 0 , - , - , - , - , - , - , 2 , - , 3 , - ]
[ 0 , - , - , - , - , - , - , 2 , - , 0 , - ]
[ 0 , - , - , - , - , - , - , 2 , - , 1 , - ]
[ 0 , - , - , - , 3 , - , - , 4 , - , - , - ]
[ 0 , - , - , - , 3 , - , - , 2 , - , - , - ]
[ 0 , - , - , - , - , - , - , - , - , - , 3 ]
[ 0 , - , - , - , - , - , - , - , - , - , 1 ]
[ 0 , - , - , - , - , 4 , - , - , - , - , 1 ]
[ 0 , - , - , 1 , - , - , - , - , - , 4 , - ]
[ 0 , - , - , - , - , 4 , - , - , - , - , 0 ]
[ 0 , 3 , 0 , - , - , - , - , - , - , - , - ]
[ 0 , - , - , - , - , 4 , - , - , - , - , 3 ]
[ 0 , - , - , - , - , 4 , - , - , - , - , 2 ]
[ 0 , 0 , - , - , - , - , - , - , 3 , 3 , - ]
[ 0 , 2 , 4 , - , - , - , - , - , - , - , - ]
[ 0 , - , - , - , - , - , - , - , - , - , 0 ]
[ 0 , - , - , - , - , - , - , 3 , - , 3 , - ]
[ 0 , - , - , - , - , - , - , 4 , 0 , 1 , - ]
[ 0 , - , - , - , - , - , - , 3 , - , 2 , - ]
[ 0 , - , 3 , - , - , - , - , 2 , - , - , - ]
[ 0 , - , 3 , - , - , - , - , 3 , - , - , - ]
[ 0 , - , 3 , - , - , - , - , 0 , - , - , - ]
[ 0 , - , 3 , - , - , - , - , 1 , - , - , - ]
[ 0 , - , - , - , 0 , - , - , 2 , - , - , - ]
[ 0 , 4 , - , - , - , - , - , - , - , - , 4 ]
[ 0 , - , - , - , 0 , - , - , 1 , - , - , - ]
[ 0 , - , - , 4 , - , - , - , 1 , - , - , - ]
[ 0 , - , - , - , - , - , - , 4 , - , 0 , - ]
[ 0 , - , - , - , - , - , - , 0 , - , - , - ]
[ 0 , - , - , - , - , - , - , 4 , - , 4 , - ]
[ 0 , - , - , - , - , - , - , 4 , - , 2 , - ]
[ 0 , - , - , - , - , - , - , 3 , - , - , - ]
[ 0 , - , - , - , 1 , - , - , 2 , - , - , - ]
[ 0 , - , - , - , 1 , - , - , 1 , - , - , - ]
[ 0 , 0 , - , - , - , - , - , - , - , 1 , - ]
[ 0 , - , - , 3 , - , 2 , - , - , - , - , - ]
[ 0 , - , - , - , - , 4 , - , 2 , - , - , - ]
[ 0 , 1 , - , 4 , - , - , - , - , - , - , - ]
[ 0 , 1 , - , 3 , - , - , - , - , - , - , - ]
[ 0 , - , - , - , - , - , - , - , 0 , 3 , - ]
[ 0 , - , - , - , 0 , - , - , 4 , - , - , - ]
[ 0 , 3 , - , - , - , - , - , - , - , 1 , - ]
[ 0 , - , - , - , - , - , - , 2 , - , - , 2 ]
[ 0 , - , - , - , - , - , - , 2 , - , - , 3 ]
[ 0 , - , - , - , - , - , - , 2 , - , - , 0 ]
[ 0 , - , - , - , - , - , - , 2 , - , - , 1 ]
[ 0 , 2 , - , - , 0 , - , - , - , - , - , - ]
[ 0 , - , - , 2 , - , - , - , 1 , - , - , - ]
[ 0 , - , - , 4 , - , - , - , - , - , 4 , - ]
[ 0 , 2 , - , - , 4 , - , - , - , - , - , - ]
[ 0 , 2 , - , - , 3 , - , - , - , - , - , - ]
[ 0 , 2 , - , - , 1 , - , - , - , - , - , - ]
[ 0 , - , - , - , - , - , 0 , - , - , - , - ]
[ 0 , - , - , - , - , 3 , - , 2 , - , - , - ]
[ 0 , - , - , - , - , - , 1 , - , - , - , - ]
[ 0 , - , 0 , - , - , - , - , - , - , - , - ]
[ 0 , - , 1 , - , - , - , - , - , - , - , - ]
[ 0 , - , - , - , - , - , - , 1 , 1 , - , - ]
[ 0 , 1 , - , - , - , - , - , - , 0 , 1 , - ]
[ 0 , - , - , - , - , - , - , 1 , 0 , - , - ]
[ 0 , - , - , - , - , - , - , - , 1 , 3 , - ]
[ 0 , - , - , - , - , - , 2 , - , - , - , - ]
[ 0 , - , - , - , - , - , 3 , - , - , - , - ]
[ 0 , - , - , - , - , - , - , 1 , 3 , - , - ]
[ 0 , 0 , - , - , - , - , - , 4 , - , - , - ]
[ 0 , - , - , 3 , - , - , - , 1 , - , - , - ]
[ 0 , - , - , - , - , - , - , 1 , 4 , - , - ]
[ 0 , - , - , 1 , - , 2 , - , - , - , - , - ]
[ 0 , - , - , 0 , - , 2 , - , - , - , - , - ]
[ 0 , 1 , - , - , - , - , - , - , 1 , 1 , - ]
[ 0 , - , - , - , - , - , - , 2 , 0 , - , - ]
[ 0 , - , - , - , - , - , - , 2 , 2 , - , - ]
[ 0 , - , - , - , - , - , - , - , 2 , 3 , - ]
[ 0 , - , - , - , 4 , - , - , 4 , - , - , - ]
[ 0 , - , - , - , 4 , - , - , 1 , - , - , - ]
[ 0 , - , - , - , - , - , - , - , 4 , 3 , - ]
[ 0 , - , - , - , - , - , - , 2 , 4 , - , - ]
[ 0 , - , - , - , - , - , - , 2 , 3 , - , - ]
[ 0 , - , - , 0 , - , - , - , 1 , - , - , - ]
[ 0 , - , - , - , - , 0 , - , 2 , - , - , - ]
[ 0 , 1 , - , - , - , 1 , - , - , - , - , - ]
[ 0 , - , - , 1 , - , - , - , 4 , - , 3 , - ]
[ 0 , 1 , - , - , - , - , - , - , 2 , 1 , - ]
[ 0 , - , - , - , - , 1 , - , 2 , - , - , - ]
[ 0 , 4 , - , - , - , - , - , - , - , - , - ]
[ 0 , - , - , - , - , 0 , - , - , - , - , - ]
[ 0 , 0 , - , - , - , - , - , - , - , - , - ]
[ 0 , - , - , - , - , 3 , - , - , - , - , - ]
[ 0 , - , - , - , - , - , - , - , - , 0 , - ]
[ 0 , 1 , - , - , - , - , - , - , - , - , 2 ]
[ 0 , 4 , - , - , - , - , - , - , - , 1 , - ]
[ 0 , - , - , - , - , - , - , 0 , - , 2 , - ]
[ 0 , - , - , 3 , - , - , - , - , - , 4 , - ]
[ 0 , - , - , - , - , - , - , 0 , - , 3 , - ]
[ 0 , 0 , 4 , - , - , - , - , - , - , - , - ]
[ 0 , - , - , 0 , - , - , - , 4 , - , - , - ]
[ 0 , 1 , - , - , - , - , - , - , 3 , 1 , - ]
[ 0 , - , - , - , - , - , - , 1 , - , 1 , - ]
[ 0 , - , - , - , - , - , - , 1 , - , 0 , - ]
precise
0.06363636363636363
recall
0.7
F-measure
0.11666666666666667
multi
38
time
all 1576 iden 11 gen 1519
t-cover
1363
all-cover
1375
coveredNum
(1 : 510)  (2 : 420)  (3 : 252)  (4 : 98)  (5 : 33)  (6 : 6)  (7 : 1)  (8 : 4)  (9 : 5)  (10 : 3)  (11 : 7)  (12 : 16)  (13 : 5)  (14 : 7)  (15 : 2)  (16 : 3)  (17 : 3)  
real Identify
([ 0 , - , - , - , - , - , 0 , - , - , - , - ] : 1)  ([ 0 , - , - , - , - , - , - , 0 , - , - , - ] : 1)  ([ 0 , - , - , - , - , 0 , - , - , - , - , - ] : 1)  ([ 0 , - , 0 , - , - , - , - , - , - , - , - ] : 1)  ([ 0 , - , - , - , - , - , - , - , - , - , 0 ] : 1)  ([ 0 , 0 , - , - , - , - , - , - , - , - , - ] : 1)  ([ 0 , - , - , - , - , - , - , - , - , 0 , - ] : 1)  
testCase Num: 115
regaular Num: 115
identify Num: 0
0 0 0 0 3 0 0 0 0 2 3 
1 2 0 0 4 3 0 2 2 3 4 
0 4 1 2 2 0 1 4 3 3 2 
1 0 0 0 0 0 0 0 0 4 2 
3 4 1 0 3 2 1 1 2 4 0 
0 3 0 1 1 3 0 2 0 0 1 
1 0 0 0 0 1 0 4 0 0 0 
3 1 2 4 0 3 4 4 2 0 4 
3 3 0 0 1 1 4 2 3 2 2 
1 0 0 4 0 0 1 0 0 0 0 
1 1 4 0 2 0 0 0 0 0 3 
0 2 3 1 4 0 3 4 1 4 1 
1 0 0 0 0 0 0 2 1 0 0 
3 2 0 0 0 4 0 0 4 3 0 
2 3 0 0 2 4 1 3 1 3 4 
0 2 3 2 4 0 3 4 1 4 1 
2 2 1 4 1 1 3 1 3 0 1 
0 1 3 1 4 0 3 1 4 0 1 
0 0 3 0 4 3 3 2 1 0 0 
0 1 3 1 4 0 3 1 4 0 0 
0 3 3 3 4 3 3 1 3 3 4 
4 0 1 0 0 4 1 0 1 1 0 
0 3 3 3 0 3 3 0 3 3 0 
0 0 3 3 0 2 3 0 0 1 0 
1 0 4 1 0 0 1 2 0 2 0 
1 0 0 0 0 4 2 0 0 0 0 
0 4 0 0 0 3 3 3 3 3 0 
2 4 2 1 1 4 0 4 4 3 0 
1 0 1 2 2 0 1 4 3 0 2 
0 2 3 4 4 0 3 0 3 3 0 
4 0 0 1 2 2 4 0 4 4 3 
0 2 3 1 3 1 3 1 2 0 0 
2 2 2 2 2 2 2 0 2 2 2 
1 0 0 0 0 3 0 0 0 0 0 
1 1 1 1 1 1 1 0 1 1 1 
1 2 4 3 0 4 0 4 1 2 2 
0 3 3 1 4 0 3 1 3 0 4 
2 3 0 0 4 0 0 0 0 4 0 
0 2 3 1 4 0 3 0 0 0 0 
0 4 3 4 4 0 3 4 3 4 0 
1 0 0 0 0 0 0 0 3 0 0 
1 0 0 0 0 0 0 0 0 2 4 
1 0 0 0 0 0 0 0 0 2 3 
4 0 4 2 1 1 3 2 2 3 0 
3 3 2 2 1 2 0 3 1 0 3 
2 0 4 0 3 1 4 1 4 1 4 
2 1 0 3 2 4 4 0 0 0 0 
1 3 1 3 1 3 2 2 4 3 3 
1 4 3 3 4 1 2 3 1 4 0 
0 3 3 3 4 2 3 1 3 0 4 
4 1 0 3 3 0 2 4 2 0 1 
1 0 1 4 3 3 0 3 0 2 2 
0 1 3 1 3 1 3 1 4 0 1 
0 2 3 1 3 3 4 3 2 1 0 
1 0 0 0 0 0 0 4 0 4 0 
0 2 3 1 3 1 3 3 2 0 3 
0 4 4 4 2 0 3 2 1 0 3 
1 0 2 0 4 2 3 4 3 1 3 
0 0 3 3 0 0 3 0 0 2 4 
0 1 1 0 1 4 2 1 2 4 3 
1 2 3 4 3 0 4 3 1 3 1 
0 0 3 0 0 0 3 0 0 2 3 
1 4 4 0 0 0 0 3 3 3 2 
4 4 3 0 4 3 1 0 4 2 1 
4 2 2 3 0 1 1 1 0 4 3 
0 3 1 3 0 2 2 2 4 1 4 
0 0 2 2 3 4 4 2 1 3 1 
1 3 2 0 0 0 0 0 0 0 1 
0 2 3 0 3 1 3 2 1 0 0 
1 3 0 4 2 1 0 1 2 1 0 
0 0 0 3 1 0 0 3 3 2 0 
0 2 3 1 3 1 3 3 2 1 3 
4 2 2 4 0 0 0 3 4 0 2 
0 4 3 0 2 2 3 2 1 0 1 
2 1 3 2 0 3 0 2 3 4 1 
0 1 3 3 4 3 3 0 4 3 0 
0 4 4 4 2 0 1 2 1 0 3 
0 0 2 0 3 4 3 2 0 3 1 
0 1 0 2 3 4 3 0 2 2 3 
1 4 2 4 3 4 0 2 2 1 3 
4 3 4 4 3 4 3 0 3 4 4 
1 0 0 2 3 0 0 0 0 0 0 
0 2 3 1 4 0 3 1 0 0 0 
0 0 0 0 0 0 0 0 0 0 0 
1 1 3 0 0 2 2 1 0 0 4 
0 0 0 0 0 0 3 0 0 3 2 
0 3 3 3 4 3 3 1 1 3 0 
3 0 3 3 2 3 3 1 1 3 3 
0 0 0 3 0 0 3 0 0 2 4 
0 1 3 1 4 4 3 1 4 2 2 
0 3 0 0 2 0 3 0 0 0 1 
3 0 4 1 0 3 2 0 3 1 2 
0 3 3 3 4 0 3 1 3 0 4 
0 0 3 4 0 0 3 0 0 0 0 
3 3 3 1 1 0 0 4 0 0 4 
1 0 0 2 0 4 0 0 0 0 1 
0 0 3 4 0 2 0 0 0 0 0 
0 3 1 3 0 2 3 2 3 1 0 
0 0 3 2 3 0 3 0 0 0 0 
0 0 3 2 1 4 3 4 0 4 1 
3 1 4 4 4 2 2 3 0 3 1 
1 0 0 0 1 0 0 0 0 4 0 
0 0 3 0 4 0 3 0 0 2 3 
0 3 3 3 4 2 3 2 3 1 4 
0 0 0 0 0 1 0 4 0 4 2 
0 0 0 0 0 0 0 0 0 2 4 
2 4 0 2 0 0 3 3 0 1 3 
1 4 0 0 2 0 0 2 0 0 1 
0 4 0 2 1 1 3 4 0 4 2 
0 3 3 0 4 3 3 0 0 0 0 
0 0 3 2 4 4 3 0 0 3 1 
0 1 3 1 3 1 3 1 4 4 1 
0 2 3 1 4 0 3 1 3 0 4 
0 0 0 0 2 0 0 0 0 0 1 
1 4 1 2 4 0 4 1 4 0 4 
MFS
[ 0 , - , - , - , - , - , - , - , 3 , - , 1 ]
[ 0 , - , - , - , - , - , - , - , 3 , - , 0 ]
[ 0 , - , - , - , - , - , - , - , 2 , 0 , - ]
[ 0 , - , - , - , - , - , - , - , 2 , 2 , - ]
[ 0 , - , - , - , - , - , - , - , 3 , - , 3 ]
[ 0 , - , - , - , - , - , - , - , 3 , - , 2 ]
[ 0 , - , - , 3 , - , - , - , - , 4 , - , - ]
[ 0 , - , - , - , - , - , 0 , - , - , - , - ]
[ 0 , - , 4 , - , - , - , - , - , - , - , - ]
[ 0 , - , - , - , 2 , - , - , - , - , - , - ]
[ 0 , - , - , 3 , 3 , - , - , - , - , - , - ]
[ 0 , - , - , - , - , - , 1 , - , - , - , - ]
[ 0 , - , - , 3 , 2 , - , - , - , - , - , - ]
[ 0 , - , 2 , - , - , - , - , - , - , - , - ]
[ 0 , - , - , - , 0 , - , - , - , - , - , - ]
[ 0 , - , - , 3 , 1 , - , - , - , - , - , - ]
[ 0 , - , - , - , - , 0 , - , - , 2 , - , - ]
[ 0 , - , - , - , 1 , - , - , - , - , - , - ]
[ 0 , - , - , 3 , 0 , - , - , - , - , - , - ]
[ 0 , - , 0 , - , - , - , - , - , - , - , - ]
[ 0 , - , 1 , - , - , - , - , - , - , - , - ]
[ 0 , - , - , - , - , 4 , - , - , 2 , - , - ]
[ 0 , - , - , - , - , - , 4 , - , - , - , - ]
[ 0 , - , - , - , - , - , 2 , - , - , - , - ]
[ 0 , - , - , - , 3 , 4 , - , - , - , - , - ]
[ 0 , - , - , - , - , - , - , - , 0 , - , - ]
[ 0 , - , - , - , - , - , - , - , 1 , - , - ]
[ 0 , - , - , - , - , - , - , 3 , - , - , 4 ]
[ 0 , - , - , - , - , - , - , 3 , - , - , 1 ]
[ 0 , - , - , - , - , - , - , - , 4 , - , 0 ]
[ 0 , - , - , - , - , - , - , 3 , - , - , 2 ]
[ 0 , - , - , - , - , - , - , - , 3 , 2 , 4 ]
[ 0 , - , - , - , - , - , - , 3 , - , - , 0 ]
[ 0 , - , - , - , - , - , - , - , 4 , - , 4 ]
[ 0 , - , - , - , - , - , - , - , 4 , - , 3 ]
[ 0 , 1 , - , - , - , - , - , - , 1 , - , - ]
[ 0 , 1 , - , - , - , - , - , - , 0 , - , - ]
[ 0 , 1 , - , - , - , - , - , - , 3 , - , - ]
[ 0 , 2 , - , - , - , 3 , - , - , - , - , - ]
[ 0 , 1 , - , - , - , - , - , - , 2 , - , - ]
[ 0 , - , - , - , - , 3 , - , - , 2 , - , - ]
[ 0 , - , - , - , - , 3 , - , - , 4 , - , - ]
[ 0 , - , - , - , - , - , - , 2 , 0 , - , - ]
[ 0 , - , - , - , - , - , - , 2 , 2 , - , - ]
[ 0 , - , - , - , - , - , - , 2 , 1 , - , - ]
[ 0 , - , - , - , - , - , - , - , 2 , 3 , - ]
[ 0 , - , - , - , - , - , - , - , 2 , 4 , - ]
[ 0 , 2 , - , - , - , - , - , - , 3 , - , 4 ]
[ 0 , - , - , - , - , 0 , - , - , 3 , - , 4 ]
[ 0 , - , - , - , - , 4 , - , - , 3 , - , 4 ]
[ 0 , - , - , - , - , - , - , - , 4 , 0 , - ]
[ 0 , - , - , - , - , - , - , - , 4 , 1 , - ]
[ 0 , - , - , - , - , - , - , - , 4 , 3 , - ]
[ 0 , - , - , - , - , - , - , 2 , 4 , - , - ]
[ 0 , - , - , 1 , - , 3 , - , - , - , - , - ]
[ 0 , - , - , - , - , 2 , - , - , 2 , - , - ]
[ 0 , - , - , 4 , - , - , - , - , - , - , - ]
[ 0 , - , - , - , - , - , - , 0 , - , - , - ]
[ 0 , - , - , - , - , 2 , - , - , 4 , - , - ]
[ 0 , 4 , - , - , - , - , - , - , - , - , - ]
[ 0 , - , - , 2 , - , - , - , - , - , - , - ]
[ 0 , - , 1 , - , - , - , - , 2 , 3 , - , - ]
[ 0 , - , - , 0 , - , - , - , - , - , - , - ]
[ 0 , 0 , - , - , - , - , - , - , - , - , - ]
[ 0 , - , 3 , - , - , - , 0 , - , - , - , - ]
[ 0 , - , - , - , - , - , - , 4 , - , - , - ]
[ 0 , - , 3 , - , - , - , 4 , - , - , - , - ]
[ 0 , - , - , - , 3 , 2 , - , - , - , - , - ]
[ 0 , - , - , - , - , 1 , - , 1 , 2 , - , - ]
[ 0 , - , - , - , 3 , 3 , - , - , - , - , - ]
[ 0 , - , - , - , - , - , - , - , 3 , 4 , 4 ]
[ 0 , - , - , - , 3 , 0 , - , - , - , - , - ]
[ 0 , - , - , - , - , 3 , - , - , 2 , 1 , - ]
[ 0 , - , - , - , - , - , - , - , 3 , 0 , 4 ]
[ 0 , 3 , - , - , 1 , - , - , - , - , - , - ]
[ 0 , 3 , - , - , 0 , - , - , - , - , - , - ]
[ 0 , - , - , - , - , 0 , - , - , 4 , - , - ]
[ 0 , 3 , - , - , 3 , - , - , - , - , - , - ]
[ 0 , 3 , - , - , 2 , - , - , - , - , - , - ]
[ 0 , - , - , 1 , - , - , - , - , 3 , - , 4 ]
[ 0 , - , 1 , - , - , - , - , 1 , - , - , - ]
[ 0 , - , - , - , - , 1 , - , - , 3 , - , 4 ]
precise
0.08536585365853659
recall
0.7
F-measure
0.15217391304347827
multi
42
time
all 1535 iden 8 gen 1469
t-cover
1359
all-cover
1375
coveredNum
(1 : 502)  (2 : 437)  (3 : 228)  (4 : 109)  (5 : 41)  (6 : 3)  (8 : 2)  (9 : 3)  (10 : 4)  (11 : 5)  (12 : 10)  (13 : 10)  (14 : 7)  (15 : 4)  (16 : 5)  (17 : 4)  (20 : 1)  
real Identify
([ 0 , - , - , - , - , - , 0 , - , - , - , - ] : 1)  ([ 0 , - , - , - , - , - , - , 0 , - , - , - ] : 1)  ([ 0 , - , - , - , 0 , - , - , - , - , - , - ] : 1)  ([ 0 , - , 0 , - , - , - , - , - , - , - , - ] : 1)  ([ 0 , - , - , 0 , - , - , - , - , - , - , - ] : 1)  ([ 0 , 0 , - , - , - , - , - , - , - , - , - ] : 1)  ([ 0 , - , - , - , - , - , - , - , 0 , - , - ] : 1)  
testCase Num: 64
regaular Num: 64
identify Num: 0
0 4 0 1 2 3 4 2 4 4 2 
3 4 0 0 1 4 2 3 2 3 4 
2 0 0 1 1 3 0 0 4 0 3 
0 0 3 0 1 0 0 2 0 0 0 
3 1 1 4 3 1 1 4 3 0 1 
0 1 4 0 4 1 1 1 0 3 0 
2 1 1 3 3 2 0 0 3 3 2 
4 2 4 1 4 1 1 0 3 2 0 
4 1 4 2 3 3 2 4 0 4 4 
1 0 0 0 0 0 0 0 0 0 2 
1 2 0 3 2 2 1 1 4 0 4 
1 3 4 3 2 3 1 3 2 4 0 
0 2 4 2 1 4 3 0 4 3 1 
1 3 1 4 2 0 2 0 3 2 4 
0 3 2 3 2 3 1 3 2 4 0 
0 0 4 3 2 0 3 4 0 2 3 
1 4 3 1 2 2 0 2 4 4 4 
1 4 3 0 1 2 2 4 1 2 0 
3 0 2 4 1 4 3 1 0 4 2 
3 4 4 2 0 0 1 2 2 1 3 
0 0 4 0 0 2 0 1 0 0 0 
0 2 0 1 3 2 1 3 4 1 4 
0 0 0 0 0 0 0 0 0 0 0 
2 4 1 3 4 3 3 2 0 1 1 
0 4 0 0 3 0 0 0 0 0 0 
4 0 0 0 4 4 0 0 0 0 0 
1 3 4 4 1 4 0 3 3 2 4 
1 1 0 0 4 0 0 0 0 3 0 
1 1 1 1 1 0 1 1 1 1 1 
1 0 3 3 4 3 2 1 4 2 1 
4 1 2 0 2 3 0 3 1 0 2 
1 0 3 0 0 0 0 0 0 0 0 
0 2 0 3 0 0 4 0 0 1 4 
4 3 0 2 2 1 0 2 4 2 1 
0 4 3 0 1 2 2 4 1 2 0 
3 2 0 4 4 3 0 4 1 4 3 
1 4 0 1 3 3 4 3 4 1 2 
1 0 0 0 3 1 3 2 1 3 4 
1 4 2 4 4 2 0 0 2 1 4 
3 1 1 4 3 4 4 2 4 2 0 
0 0 2 2 0 2 3 2 3 0 1 
0 2 1 4 2 0 2 1 3 0 4 
0 3 1 2 0 0 0 1 4 0 3 
1 0 0 0 0 0 0 0 0 2 3 
2 0 3 0 2 4 1 4 3 1 2 
4 3 2 0 3 0 4 4 4 3 3 
4 4 0 3 1 1 4 1 3 0 3 
1 2 1 2 1 4 2 2 3 0 3 
1 0 0 0 0 0 4 0 0 0 4 
2 2 2 1 0 1 2 2 2 2 2 
4 0 1 0 0 2 4 3 2 4 1 
3 3 3 1 2 2 3 3 0 3 3 
1 0 2 0 0 4 0 0 3 0 1 
4 1 3 4 3 1 3 1 2 1 0 
2 3 4 2 4 0 4 3 1 0 2 
1 2 4 2 0 2 3 0 4 3 1 
2 3 3 4 0 3 0 1 3 3 4 
1 0 2 2 0 1 1 1 0 3 0 
1 2 0 3 3 0 0 4 0 1 0 
3 3 2 3 0 4 2 0 1 1 3 
1 0 4 0 0 0 3 1 3 2 0 
1 2 3 2 2 0 4 0 0 4 0 
1 1 0 1 0 4 3 4 2 0 3 
2 2 0 0 0 1 0 3 3 4 0 
MFS
[ 0 , - , - , - , - , - , - , - , - , - , - ]
precise
0.0
recall
0.0
F-measure
0.0
multi
11
time
all 563 iden 0 gen 544
t-cover
1325
all-cover
1375
coveredNum
(1 : 622)  (2 : 426)  (3 : 196)  (4 : 70)  (5 : 19)  (6 : 15)  (7 : 11)  (8 : 6)  (9 : 7)  (10 : 3)  
real Identify

testCase Num: 68
regaular Num: 68
identify Num: 0
0 0 2 0 1 0 0 0 0 0 0 
1 0 0 4 0 0 0 0 0 0 1 
1 0 0 3 0 0 0 4 0 0 4 
0 0 0 0 0 2 2 3 1 2 0 
3 3 2 3 3 1 2 3 3 0 1 
1 3 2 1 1 4 4 2 0 4 1 
1 3 1 4 1 4 2 3 4 2 0 
1 0 4 4 1 3 4 2 3 1 2 
3 2 3 1 0 0 4 3 3 2 4 
1 1 1 1 3 1 3 0 4 1 2 
3 4 0 2 3 0 3 2 1 4 0 
0 0 4 3 0 0 0 0 0 3 0 
0 0 0 0 0 0 3 0 4 0 0 
1 4 1 3 2 4 4 0 1 0 3 
1 1 1 2 2 0 0 0 3 0 4 
1 0 0 4 0 0 0 0 0 0 4 
3 0 3 0 2 3 0 4 4 1 1 
3 0 1 0 0 3 2 4 0 3 2 
1 1 2 4 3 2 4 0 1 3 2 
4 1 4 1 2 3 2 1 2 0 0 
0 4 4 3 1 3 3 4 0 2 4 
0 2 3 0 3 1 3 1 2 1 0 
1 0 2 2 0 0 0 1 0 0 0 
1 0 2 2 0 2 3 4 2 4 1 
2 1 3 3 0 1 1 1 0 4 2 
0 0 0 4 0 0 0 0 2 0 0 
4 0 0 3 4 1 1 0 4 2 1 
1 2 3 4 3 4 3 1 2 0 0 
1 0 4 3 0 0 0 2 0 3 0 
0 0 0 0 0 0 0 0 0 0 0 
4 2 0 3 1 0 4 1 2 1 4 
1 0 1 0 4 0 0 0 0 0 0 
0 2 1 4 3 4 1 2 0 3 1 
3 3 1 0 1 2 0 1 4 3 4 
0 3 3 1 0 4 4 2 0 4 3 
2 2 1 2 2 1 0 2 2 2 2 
1 4 4 3 4 3 3 1 0 2 4 
1 1 1 1 1 0 1 1 1 1 1 
1 1 0 3 4 2 0 2 3 4 0 
1 2 3 0 4 1 4 4 1 3 0 
0 0 0 1 0 0 1 4 3 0 0 
0 1 2 1 3 2 4 0 4 4 2 
1 0 0 1 0 2 0 0 1 2 0 
1 3 3 0 0 0 0 0 0 0 0 
0 1 4 2 4 0 2 3 0 3 3 
2 3 2 4 4 0 0 4 4 0 2 
4 3 0 4 2 3 3 3 1 4 2 
4 4 3 4 0 2 2 2 4 1 3 
0 4 1 2 4 3 0 1 3 2 0 
1 0 4 0 1 0 3 3 2 0 3 
1 3 0 0 0 4 0 4 4 4 3 
2 0 0 1 4 4 3 1 3 3 3 
1 0 0 0 0 4 0 0 0 0 2 
1 1 0 2 4 0 2 3 0 0 0 
2 2 3 2 1 3 2 0 2 0 3 
2 2 4 2 0 2 4 2 4 0 1 
4 4 1 2 2 0 0 3 2 3 1 
4 2 1 0 1 0 0 0 0 4 0 
3 3 4 2 4 4 1 0 2 1 4 
1 4 4 1 1 1 1 4 3 3 2 
0 4 2 1 0 1 0 1 1 3 2 
2 4 2 0 2 2 1 3 0 1 0 
0 1 1 4 2 1 3 0 3 0 4 
1 2 2 0 3 3 1 2 0 0 4 
0 0 0 0 0 4 0 0 0 0 2 
3 1 0 4 1 1 1 1 0 0 3 
4 1 2 0 3 4 0 4 3 2 3 
2 0 4 0 3 1 2 2 1 4 4 
MFS
[ 0 , - , - , - , - , - , - , - , - , - , - ]
precise
0.0
recall
0.0
F-measure
0.0
multi
14
time
all 549 iden 0 gen 521
t-cover
1325
all-cover
1375
coveredNum
(1 : 591)  (2 : 445)  (3 : 201)  (4 : 64)  (5 : 25)  (6 : 15)  (7 : 11)  (8 : 5)  (9 : 7)  (10 : 5)  (11 : 3)  (12 : 2)  (13 : 1)  
real Identify

testCase Num: 69
regaular Num: 69
identify Num: 0
0 2 0 4 3 4 1 2 3 4 1 
1 4 0 0 0 4 0 4 0 0 0 
2 1 0 0 4 0 1 2 0 1 2 
0 3 1 4 2 1 2 0 0 1 0 
1 0 0 0 3 0 0 1 0 0 0 
1 2 0 1 4 2 0 2 3 0 2 
2 1 1 2 2 4 0 0 3 3 4 
0 3 4 2 4 1 4 4 3 0 0 
3 4 4 1 0 4 0 3 2 1 2 
1 0 0 4 2 0 3 0 0 0 0 
1 0 0 0 0 0 0 0 2 0 3 
2 2 2 2 2 2 0 1 2 1 2 
1 0 0 0 0 0 0 0 2 0 0 
3 4 2 2 1 0 1 3 0 0 1 
1 0 3 4 1 3 1 0 2 2 2 
0 0 0 4 0 0 3 0 0 0 0 
3 3 0 1 0 1 1 1 2 3 4 
3 2 1 0 4 2 3 3 1 2 4 
1 4 3 0 2 3 1 1 3 0 0 
4 2 3 2 0 0 2 0 2 2 1 
1 0 0 0 3 0 0 0 0 0 0 
1 2 2 4 0 3 4 4 1 0 4 
3 0 2 1 3 3 2 2 3 2 3 
0 0 0 0 0 0 0 0 0 0 0 
0 0 0 0 0 0 0 0 4 0 2 
1 0 2 0 0 1 0 0 0 0 0 
2 2 2 3 1 4 3 0 4 0 0 
1 3 1 2 1 0 4 2 3 0 4 
1 0 0 1 0 3 3 3 4 0 1 
3 1 4 3 4 0 3 4 2 4 2 
4 2 0 3 1 2 1 4 0 3 1 
2 3 4 0 2 0 1 4 4 2 1 
1 3 3 3 3 0 0 2 1 4 0 
4 1 2 0 1 0 1 1 3 3 3 
1 2 4 4 3 1 2 4 3 0 1 
0 2 2 1 3 1 0 0 2 4 0 
1 0 4 0 0 0 4 0 0 0 0 
0 0 0 3 0 3 2 0 0 0 0 
1 1 1 1 1 1 1 0 1 1 1 
3 0 0 0 2 0 0 2 0 0 0 
2 1 0 4 3 0 4 3 4 1 3 
4 3 3 3 0 4 3 3 3 1 4 
0 0 1 0 1 0 4 2 0 4 4 
1 1 3 3 0 1 3 4 0 0 3 
1 0 4 2 3 2 3 2 0 3 4 
1 1 1 2 0 2 2 4 1 1 0 
0 2 4 0 0 0 0 0 0 0 0 
1 2 1 0 4 4 2 1 0 4 3 
0 4 0 0 3 4 0 4 0 0 0 
4 0 1 1 4 3 0 4 4 1 1 
2 4 0 2 0 3 2 2 4 4 4 
1 3 0 3 1 3 2 0 0 3 2 
1 0 0 0 1 0 0 0 0 4 0 
2 0 3 1 2 1 4 3 0 4 0 
0 0 0 0 3 0 0 1 0 0 0 
1 3 1 4 3 4 1 2 0 4 1 
0 4 0 3 2 1 3 1 4 2 3 
1 0 0 0 0 0 2 3 0 3 0 
4 3 2 2 4 2 0 0 3 4 3 
0 3 0 2 1 3 2 3 1 3 2 
4 4 4 1 2 0 2 0 1 1 3 
1 4 0 2 4 1 0 1 4 2 2 
2 0 1 3 0 4 4 1 1 2 1 
0 1 3 1 0 2 2 4 2 0 3 
1 4 0 3 2 4 3 1 1 3 2 
4 1 4 4 1 3 0 1 0 2 0 
3 4 3 4 4 2 4 0 4 3 0 
0 0 0 0 0 0 0 0 3 0 2 
4 4 1 0 3 1 4 2 2 0 2 
MFS
[ 0 , - , - , - , - , - , - , - , - , - , - ]
precise
0.0
recall
0.0
F-measure
0.0
multi
13
time
all 514 iden 0 gen 495
t-cover
1325
all-cover
1375
coveredNum
(1 : 577)  (2 : 443)  (3 : 204)  (4 : 73)  (5 : 26)  (6 : 6)  (7 : 6)  (8 : 8)  (9 : 12)  (10 : 12)  (11 : 3)  (12 : 2)  (13 : 2)  (15 : 1)  
real Identify

testCase Num: 69
regaular Num: 69
identify Num: 0
3 3 0 4 3 0 1 2 1 2 4 
4 2 1 4 0 3 4 2 0 2 0 
0 0 1 0 4 0 2 0 3 0 0 
1 3 1 2 0 1 3 0 2 4 2 
2 2 2 2 2 0 2 1 1 2 2 
1 2 0 0 0 2 0 0 0 4 1 
3 2 1 0 0 1 2 0 1 2 1 
4 4 0 4 4 2 2 2 4 1 1 
1 2 1 0 3 4 0 4 1 1 0 
2 0 4 0 1 0 1 0 3 1 2 
1 3 0 0 4 0 0 0 0 0 0 
0 0 0 1 0 0 4 0 0 0 0 
2 0 1 3 2 2 4 2 0 3 4 
1 0 0 0 0 4 0 2 0 0 0 
1 4 4 4 2 0 3 4 3 3 0 
2 4 3 3 3 1 4 0 3 1 0 
0 0 0 3 3 0 3 0 4 0 0 
0 2 1 2 3 0 4 4 2 1 1 
1 3 2 3 1 3 2 3 2 3 0 
1 0 1 0 0 0 0 0 3 0 0 
0 0 3 4 0 0 4 1 0 0 0 
4 1 4 0 3 3 4 3 1 4 4 
1 4 2 1 4 4 1 0 2 0 4 
4 1 3 1 1 0 2 4 0 2 4 
1 4 2 0 0 0 0 1 1 1 3 
1 3 0 3 1 0 4 2 1 4 3 
1 0 1 1 4 2 4 1 2 0 0 
1 3 0 2 1 1 2 2 3 1 0 
0 0 0 0 0 0 0 0 0 0 0 
0 4 2 2 0 2 0 2 3 2 4 
2 0 3 1 0 4 3 3 1 3 1 
1 4 4 2 0 3 2 1 0 2 0 
4 3 2 0 2 1 3 1 4 0 4 
1 2 3 2 4 2 2 3 1 0 4 
0 3 1 4 0 1 3 3 2 4 2 
0 3 2 1 1 3 2 4 1 3 0 
0 1 3 1 2 0 1 3 3 4 3 
0 1 4 3 0 2 2 1 2 2 0 
3 3 4 3 2 4 0 4 3 0 1 
4 0 4 2 4 1 0 0 2 3 3 
1 1 1 1 1 1 1 1 0 1 1 
1 1 1 3 0 0 3 0 4 3 1 
1 3 3 1 2 0 0 3 3 4 3 
0 2 4 0 0 4 0 2 0 4 1 
2 1 1 4 1 3 0 0 1 0 3 
0 1 2 3 4 0 4 3 4 0 1 
1 1 2 2 3 3 4 4 2 3 1 
4 0 0 0 0 4 0 0 0 0 0 
3 2 3 0 1 2 3 2 2 3 3 
1 0 0 4 0 1 1 3 2 2 0 
1 2 4 1 3 2 0 2 4 0 2 
1 1 3 4 2 1 1 4 0 1 2 
4 2 0 3 4 3 1 1 3 3 2 
1 4 0 0 0 0 0 0 0 4 0 
0 1 0 0 3 1 0 2 4 3 2 
1 0 3 0 0 0 0 1 0 0 0 
0 4 0 0 0 3 0 3 0 4 1 
3 0 2 4 3 4 2 1 0 4 3 
0 3 0 0 0 0 0 0 0 1 0 
1 0 0 0 3 0 3 0 0 0 0 
1 0 3 2 0 3 1 4 4 2 3 
2 3 0 0 4 2 1 4 4 4 0 
0 0 0 0 0 1 0 4 0 0 2 
0 3 3 2 1 2 0 0 0 4 2 
1 1 2 3 0 2 0 2 3 2 4 
2 0 0 0 0 0 0 0 2 0 0 
3 1 0 2 4 4 3 3 0 2 0 
3 4 1 0 1 4 4 3 4 1 2 
3 0 0 1 2 3 3 0 2 1 4 
MFS
[ 0 , - , - , - , - , - , - , - , - , - , - ]
precise
0.0
recall
0.0
F-measure
0.0
multi
14
time
all 484 iden 0 gen 462
t-cover
1325
all-cover
1375
coveredNum
(1 : 608)  (2 : 432)  (3 : 188)  (4 : 65)  (5 : 29)  (6 : 13)  (7 : 13)  (8 : 11)  (9 : 9)  (10 : 4)  (11 : 1)  (12 : 1)  (13 : 1)  
real Identify

