testCase Num: 29
regaular Num: 15
identify Num: 14
1 0 1 1 0 1 2 2 2 2 
2 1 0 1 0 0 1 2 2 0 
0 1 0 0 2 1 1 1 2 0 
2 1 0 2 0 2 2 2 1 2 
2 1 2 2 0 2 2 2 1 2 
1 1 0 0 0 2 1 0 0 2 
2 2 2 2 0 2 2 2 1 2 
1 2 1 1 2 1 2 0 0 0 
1 1 0 0 0 0 0 0 0 0 
1 0 1 1 0 0 0 0 0 0 
2 2 2 0 1 2 0 1 2 0 
1 2 2 2 2 0 1 0 2 1 
1 0 0 1 1 1 1 1 1 1 
1 0 1 0 0 0 0 0 1 2 
2 0 1 2 2 2 0 0 1 0 
2 2 0 2 1 0 2 1 0 2 
2 1 0 0 2 2 2 2 1 2 
0 0 0 0 0 0 0 0 0 0 
1 0 2 1 1 2 0 2 0 1 
1 0 2 2 0 1 0 0 0 0 
1 0 1 1 1 1 1 1 1 1 
1 0 1 1 1 1 0 0 0 0 
1 1 1 0 0 0 0 0 0 0 
2 1 0 0 2 1 1 1 0 1 
0 2 2 2 0 2 2 2 1 2 
1 0 1 0 0 0 2 1 0 1 
1 1 1 1 1 0 0 0 0 0 
1 0 0 0 0 0 0 0 0 0 
1 0 1 0 0 0 0 0 0 0 
MFS
[ 0 , - , - , - , - , - , - , - , - , - ]
[ - , 0 , 0 , - , - , - , - , - , - , - ]
precise
0.5
recall
0.1
F-measure
0.16666666666666669
multi
1
time
all 39 iden 1 gen 6
t-cover
378
all-cover
405
coveredNum
(1 : 137)  (2 : 110)  (3 : 51)  (4 : 38)  (5 : 25)  (6 : 18)  (7 : 10)  (8 : 6)  (9 : 7)  (10 : 1)  (11 : 2)  
real Identify
([ - , 0 , 0 , - , - , - , - , - , - , - ] : 1)  
testCase Num: 31
regaular Num: 17
identify Num: 14
0 1 0 0 0 0 2 2 1 1 
1 0 1 1 2 2 2 2 2 2 
1 2 1 0 1 2 0 0 0 1 
2 1 0 2 2 2 0 1 2 2 
1 1 0 0 0 0 0 2 0 2 
2 1 2 2 2 2 0 1 2 2 
2 0 2 0 0 2 0 2 1 0 
1 1 0 0 0 0 0 0 0 0 
1 0 1 1 0 0 0 0 0 0 
2 2 2 2 2 2 0 1 2 2 
2 2 2 2 0 0 2 2 1 0 
1 0 0 1 1 1 1 1 1 1 
1 1 0 0 0 1 0 2 0 0 
0 0 0 0 0 0 0 0 0 0 
2 0 2 1 0 0 0 0 0 0 
1 1 0 0 2 0 0 0 1 2 
2 1 0 0 1 2 0 1 2 2 
1 0 1 1 1 1 1 1 1 1 
2 2 0 0 2 1 1 0 0 1 
1 0 1 1 1 1 0 0 0 0 
1 1 2 2 1 2 1 2 0 1 
1 1 0 0 1 1 2 0 1 1 
1 1 1 0 0 0 0 0 0 0 
1 1 1 1 1 0 0 0 0 0 
1 0 0 0 0 0 0 0 0 0 
1 0 1 0 0 0 0 0 0 0 
1 0 1 0 0 0 0 0 2 1 
1 0 2 2 0 1 1 0 2 2 
0 2 2 2 2 2 0 1 2 2 
1 2 0 1 2 0 1 1 2 0 
2 0 1 2 0 0 2 1 0 1 
MFS
[ 0 , - , - , - , - , - , - , - , - , - ]
[ - , 0 , 0 , - , - , - , - , - , - , - ]
precise
0.5
recall
0.1
F-measure
0.16666666666666669
multi
1
time
all 63 iden 16 gen 16
t-cover
378
all-cover
405
coveredNum
(1 : 120)  (2 : 112)  (3 : 51)  (4 : 46)  (5 : 25)  (6 : 13)  (7 : 13)  (8 : 10)  (9 : 9)  (10 : 4)  (11 : 2)  
real Identify
([ - , 0 , 0 , - , - , - , - , - , - , - ] : 1)  
testCase Num: 30
regaular Num: 16
identify Num: 14
1 1 0 2 2 2 1 1 2 0 
2 1 0 2 2 2 2 2 0 1 
1 0 1 1 0 2 0 2 2 1 
1 1 0 0 0 0 0 0 0 0 
1 0 1 1 0 0 0 0 0 0 
2 1 2 2 2 2 2 2 0 1 
2 2 2 2 2 2 2 2 0 1 
1 0 1 0 0 0 1 2 0 0 
1 0 0 1 1 1 1 1 1 1 
0 1 0 0 0 1 1 1 2 2 
2 1 2 0 0 1 0 1 1 0 
1 1 0 2 1 1 0 0 1 2 
0 0 0 0 0 0 0 0 0 0 
2 2 2 0 0 0 1 1 2 2 
2 0 1 1 0 0 0 0 0 0 
1 1 0 0 2 0 1 0 0 2 
2 0 1 2 2 2 0 0 1 2 
1 0 1 1 1 1 1 1 1 1 
1 0 1 1 1 1 0 0 0 0 
2 1 0 0 1 2 2 2 0 1 
2 2 1 2 0 0 2 2 1 0 
1 2 2 1 1 0 0 0 2 1 
1 1 1 0 0 0 0 0 0 0 
1 0 1 0 0 0 2 1 0 0 
1 2 0 1 2 1 2 2 2 2 
1 1 1 1 1 0 0 0 0 0 
1 0 0 0 0 0 0 0 0 0 
1 0 1 0 0 0 0 0 0 0 
1 0 2 0 0 0 2 0 0 0 
0 2 2 2 2 2 2 2 0 1 
MFS
[ 0 , - , - , - , - , - , - , - , - , - ]
[ - , 0 , 0 , - , - , - , - , - , - , - ]
precise
0.5
recall
0.1
F-measure
0.16666666666666669
multi
1
time
all 62 iden 16 gen 31
t-cover
378
all-cover
405
coveredNum
(1 : 139)  (2 : 98)  (3 : 66)  (4 : 32)  (5 : 21)  (6 : 10)  (7 : 11)  (8 : 12)  (9 : 6)  (10 : 10)  
real Identify
([ - , 0 , 0 , - , - , - , - , - , - , - ] : 1)  
testCase Num: 32
regaular Num: 18
identify Num: 14
2 0 1 0 2 0 0 0 1 1 
2 2 2 2 2 2 1 0 2 2 
1 1 0 0 0 0 0 0 0 0 
1 0 1 1 0 0 0 0 0 0 
1 0 1 1 0 0 1 2 0 2 
2 2 2 0 0 1 2 2 1 1 
1 1 0 1 0 2 2 1 0 1 
2 1 2 2 2 2 1 0 2 2 
1 0 0 1 1 1 1 1 1 1 
1 2 1 0 0 0 0 0 0 0 
0 1 0 0 0 1 2 2 1 1 
1 0 1 2 0 0 0 0 0 1 
1 0 2 0 1 0 0 0 0 0 
0 2 2 2 2 2 1 0 2 2 
1 0 1 1 1 2 2 0 2 0 
0 0 0 0 0 0 0 0 0 0 
1 0 2 2 0 1 0 1 2 2 
1 0 1 1 1 1 1 1 1 1 
1 0 1 1 1 1 0 0 0 0 
2 1 0 2 2 2 1 0 2 2 
1 1 0 0 0 0 0 1 1 2 
1 1 1 0 0 0 0 0 0 0 
2 2 2 1 2 0 0 1 0 0 
1 1 1 1 1 0 0 0 0 0 
1 0 0 0 0 0 0 0 0 0 
1 0 1 0 0 0 0 0 0 0 
1 2 0 2 1 2 0 2 1 0 
2 1 0 0 1 2 1 0 2 2 
1 0 1 0 0 0 0 0 2 1 
1 0 1 2 2 0 2 2 2 2 
1 0 1 0 2 1 0 0 0 0 
1 1 0 0 0 1 1 2 0 0 
MFS
[ 0 , - , - , - , - , - , - , - , - , - ]
[ - , 0 , 0 , - , - , - , - , - , - , - ]
precise
0.5
recall
0.1
F-measure
0.16666666666666669
multi
1
time
all 47 iden 0 gen 16
t-cover
378
all-cover
405
coveredNum
(1 : 130)  (2 : 105)  (3 : 57)  (4 : 42)  (5 : 18)  (6 : 12)  (7 : 6)  (8 : 5)  (9 : 9)  (10 : 6)  (11 : 5)  (12 : 7)  (13 : 2)  (14 : 1)  
real Identify
([ - , 0 , 0 , - , - , - , - , - , - , - ] : 1)  
testCase Num: 28
regaular Num: 14
identify Num: 14
1 1 0 0 1 2 2 1 0 1 
1 1 0 0 2 1 0 1 2 2 
2 2 2 2 2 2 1 0 2 2 
1 1 0 0 0 0 0 0 0 0 
1 0 1 1 0 0 0 0 0 0 
2 2 2 0 0 1 2 2 1 1 
2 1 2 2 2 2 1 0 2 2 
1 0 0 1 1 1 1 1 1 1 
1 1 0 2 1 0 0 2 1 2 
1 2 1 0 0 0 0 0 0 0 
0 1 0 0 0 1 2 2 1 1 
1 2 2 0 1 0 1 1 1 0 
2 0 1 1 0 2 1 2 0 2 
0 2 2 2 2 2 1 0 2 2 
0 0 0 0 0 0 0 0 0 0 
1 0 1 2 2 2 2 2 2 0 
1 0 1 1 1 1 1 1 1 1 
1 1 0 2 0 1 2 0 2 1 
1 0 1 1 1 1 0 0 0 0 
2 1 0 2 2 2 1 0 2 2 
1 1 1 0 0 0 0 0 0 0 
1 1 1 1 1 0 0 0 0 0 
1 0 0 0 0 0 0 0 0 0 
1 0 1 0 0 0 0 0 0 0 
2 2 2 2 2 0 0 1 0 1 
2 1 0 0 1 2 1 0 2 2 
1 2 0 1 0 0 2 1 2 2 
2 0 2 1 2 2 0 0 1 0 
MFS
[ 0 , - , - , - , - , - , - , - , - , - ]
[ - , 0 , 0 , - , - , - , - , - , - , - ]
precise
0.5
recall
0.1
F-measure
0.16666666666666669
multi
1
time
all 47 iden 0 gen 16
t-cover
378
all-cover
405
coveredNum
(1 : 139)  (2 : 113)  (3 : 53)  (4 : 30)  (5 : 37)  (6 : 11)  (7 : 11)  (8 : 8)  (9 : 3)  
real Identify
([ - , 0 , 0 , - , - , - , - , - , - , - ] : 1)  
