testCase Num: 30
regaular Num: 16
identify Num: 14
2 2 0 2 2 1 1 0 1 2 
0 1 2 2 2 0 2 2 1 0 
2 2 2 1 0 2 2 2 2 2 
2 0 0 1 0 0 2 1 1 2 
1 0 0 0 0 2 0 0 1 0 
1 2 0 0 1 0 1 1 2 2 
1 1 0 0 0 0 0 0 0 0 
0 1 1 1 1 1 1 0 0 0 
0 1 1 1 1 1 1 1 0 0 
2 0 1 0 1 0 2 2 1 0 
1 2 0 0 0 0 0 0 0 1 
1 2 1 2 1 2 0 0 2 0 
1 1 2 2 2 0 2 2 1 0 
1 0 2 2 2 0 2 2 1 0 
1 1 0 0 0 1 0 0 2 2 
2 2 1 2 0 1 0 2 0 2 
1 0 2 2 2 2 0 1 2 1 
0 0 0 0 0 0 0 0 0 0 
1 0 0 1 2 0 0 0 0 0 
0 1 1 1 1 1 0 0 0 0 
1 1 1 0 0 0 0 0 0 0 
0 1 1 1 1 1 1 0 1 1 
2 0 1 2 2 0 2 2 1 0 
0 1 1 1 1 1 1 1 1 1 
0 0 0 0 1 2 1 1 2 2 
1 1 1 1 1 0 0 0 0 0 
1 0 0 0 0 0 0 0 0 0 
2 1 0 0 0 2 1 2 0 1 
1 0 2 0 2 1 2 0 0 1 
1 0 2 0 1 0 1 0 0 1 
MFS
[ 0 , - , - , - , - , - , - , - , - , - ]
[ 0 , - , - , - , - , - , - , 0 , - , - ]
precise
0.5
recall
0.14285714285714285
F-measure
0.22222222222222224
multi
1
time
all 47 iden 15 gen 16
t-cover
390
all-cover
405
coveredNum
(1 : 118)  (2 : 120)  (3 : 67)  (4 : 44)  (5 : 21)  (6 : 10)  (7 : 15)  (8 : 3)  (9 : 4)  (10 : 2)  (11 : 1)  
real Identify
([ 0 , - , - , - , - , - , - , 0 , - , - ] : 1)  
testCase Num: 30
regaular Num: 16
identify Num: 14
1 0 0 0 2 1 1 2 1 2 
1 0 0 0 0 2 1 0 0 0 
1 2 2 0 0 2 2 1 2 1 
1 0 2 1 0 0 0 0 0 0 
1 1 0 0 0 0 0 0 0 0 
0 1 1 1 1 1 1 0 0 0 
0 1 1 1 1 1 1 1 0 0 
1 2 0 2 1 2 2 1 2 1 
2 1 2 2 2 2 0 0 1 0 
1 0 0 0 0 0 2 0 1 2 
1 2 0 0 0 0 0 2 0 1 
2 0 2 2 1 1 2 2 0 0 
2 2 0 0 0 2 2 1 2 1 
0 0 0 0 0 0 0 0 0 0 
2 2 1 1 2 1 0 0 2 1 
1 0 0 1 2 0 2 1 0 1 
2 2 2 2 2 0 1 2 2 2 
0 2 0 1 2 1 0 2 1 2 
0 1 1 1 1 1 0 0 0 0 
1 2 1 2 0 1 1 0 1 0 
1 1 1 0 0 0 0 0 0 0 
2 0 2 0 0 2 2 1 2 1 
0 1 1 1 1 1 1 0 1 1 
1 1 0 0 0 0 0 0 2 0 
0 1 1 1 1 1 1 1 1 1 
1 1 1 1 1 0 0 0 0 0 
1 0 0 0 0 0 0 0 0 0 
0 0 2 0 0 2 2 1 2 1 
2 1 1 1 0 2 2 2 0 2 
1 0 1 0 1 0 0 1 1 2 
MFS
[ 0 , - , - , - , - , - , - , - , - , - ]
[ 0 , - , - , - , - , - , - , 0 , - , - ]
precise
0.5
recall
0.14285714285714285
F-measure
0.22222222222222224
multi
2
time
all 46 iden 0 gen 15
t-cover
390
all-cover
405
coveredNum
(1 : 114)  (2 : 129)  (3 : 64)  (4 : 42)  (5 : 22)  (6 : 10)  (7 : 9)  (8 : 8)  (9 : 3)  (10 : 4)  
real Identify
([ 0 , - , - , - , - , - , - , 0 , - , - ] : 1)  
testCase Num: 32
regaular Num: 18
identify Num: 14
1 0 0 0 0 1 2 1 1 1 
1 1 0 0 0 2 1 0 0 2 
1 0 0 0 0 0 0 2 0 0 
1 2 1 0 2 1 0 1 2 2 
1 0 2 1 0 0 0 0 0 0 
1 1 0 0 0 0 0 0 0 0 
0 1 1 1 1 1 1 0 0 0 
2 0 2 2 0 1 0 1 2 2 
2 1 2 0 1 2 2 2 2 0 
0 1 1 1 1 1 1 1 0 0 
0 2 1 0 2 0 2 2 0 1 
1 1 2 2 2 0 0 1 1 0 
1 0 1 1 1 0 2 0 1 2 
1 0 0 0 0 1 0 2 0 0 
1 2 0 1 1 1 2 0 0 0 
2 0 1 1 2 2 0 2 0 1 
0 0 0 0 0 0 0 0 0 0 
1 0 0 0 0 2 0 1 0 0 
1 2 1 2 0 1 0 1 2 2 
2 2 2 2 2 0 1 0 0 1 
1 0 0 2 1 0 0 0 0 0 
0 1 1 1 1 1 0 0 0 0 
1 1 1 0 0 0 0 0 0 0 
1 0 0 1 0 2 1 2 2 1 
0 1 1 1 1 1 1 0 1 1 
0 1 1 1 1 1 1 1 1 1 
2 2 0 2 2 2 2 2 1 2 
1 2 2 2 0 1 0 1 2 2 
1 1 1 1 1 0 0 0 0 0 
1 0 0 0 0 0 0 0 0 0 
1 0 0 0 0 0 0 0 2 0 
0 0 2 2 0 1 0 1 2 2 
MFS
[ 0 , - , - , - , - , - , - , - , - , - ]
[ 0 , - , - , - , - , - , - , 0 , - , - ]
precise
0.5
recall
0.14285714285714285
F-measure
0.22222222222222224
multi
2
time
all 32 iden 0 gen 0
t-cover
390
all-cover
405
coveredNum
(1 : 125)  (2 : 111)  (3 : 66)  (4 : 36)  (5 : 21)  (6 : 9)  (7 : 6)  (8 : 10)  (9 : 8)  (10 : 5)  (11 : 5)  (12 : 1)  (13 : 1)  (14 : 1)  
real Identify
([ 0 , - , - , - , - , - , - , 0 , - , - ] : 1)  
testCase Num: 31
regaular Num: 17
identify Num: 14
2 2 0 0 2 2 1 0 1 2 
1 0 1 0 1 2 0 0 0 0 
0 0 0 0 1 0 2 2 2 1 
1 1 0 0 0 0 0 0 0 0 
0 1 1 1 1 1 1 0 0 0 
1 0 2 1 0 2 1 2 2 0 
0 1 1 1 1 1 1 1 0 0 
1 0 0 1 0 0 0 2 1 2 
1 2 1 2 1 0 1 1 0 2 
1 0 0 0 0 0 2 1 1 0 
2 2 2 2 0 1 2 2 2 2 
1 1 0 2 0 0 0 2 0 2 
0 0 0 0 0 0 0 0 0 0 
2 1 2 0 0 2 2 0 0 1 
0 2 1 1 0 2 0 1 0 2 
2 1 2 0 1 0 2 2 2 1 
2 2 0 0 0 1 0 1 1 0 
0 1 1 1 1 1 0 0 0 0 
1 1 1 0 0 0 0 0 0 0 
0 1 1 1 1 1 1 0 1 1 
0 1 1 1 1 1 1 1 1 1 
1 0 0 2 2 1 2 0 0 0 
2 1 0 0 1 0 2 2 2 1 
1 1 1 1 1 0 0 0 0 0 
1 0 0 0 0 0 0 1 2 0 
1 0 0 0 0 0 0 0 0 0 
2 0 0 0 1 0 2 2 2 1 
2 1 1 1 2 0 2 2 2 1 
1 0 1 0 0 0 0 0 2 0 
1 2 0 1 0 0 0 0 0 1 
1 0 2 2 2 2 0 1 1 1 
MFS
[ 0 , - , - , - , - , - , - , - , - , - ]
[ 0 , - , - , - , - , - , - , 0 , - , - ]
precise
0.5
recall
0.14285714285714285
F-measure
0.22222222222222224
multi
2
time
all 47 iden 15 gen 16
t-cover
390
all-cover
405
coveredNum
(1 : 129)  (2 : 105)  (3 : 68)  (4 : 33)  (5 : 23)  (6 : 15)  (7 : 12)  (8 : 9)  (9 : 7)  (10 : 2)  (11 : 2)  
real Identify
([ 0 , - , - , - , - , - , - , 0 , - , - ] : 1)  
testCase Num: 30
regaular Num: 16
identify Num: 14
2 1 1 0 2 2 2 2 0 2 
1 2 1 1 2 0 1 2 0 0 
2 0 2 1 0 1 0 1 1 2 
1 0 0 0 2 0 0 0 0 1 
1 2 0 2 2 0 0 1 2 2 
1 2 2 2 2 0 0 1 2 2 
1 0 0 1 0 2 2 2 2 1 
1 0 1 2 1 0 0 2 1 1 
2 2 2 2 2 2 2 2 1 0 
1 1 0 0 0 0 0 0 0 0 
0 1 1 1 1 1 1 0 0 0 
0 1 1 1 1 1 1 1 0 0 
2 2 0 0 1 0 0 1 2 2 
1 1 1 2 1 2 1 0 2 0 
1 0 0 0 0 1 0 2 0 0 
1 1 2 0 1 0 2 0 0 1 
0 0 0 0 0 0 0 0 0 0 
1 0 0 0 0 1 2 1 2 0 
1 0 0 0 0 2 0 1 0 0 
0 0 2 2 2 0 0 1 2 2 
0 1 1 1 1 1 0 0 0 0 
1 1 1 0 0 0 0 0 0 0 
0 1 1 1 1 1 1 0 1 1 
0 1 1 1 1 1 1 1 1 1 
1 1 1 1 1 0 0 0 0 0 
1 0 0 0 0 0 0 0 0 0 
2 2 2 2 0 1 1 0 0 1 
1 0 0 0 2 1 1 0 1 2 
1 0 2 2 2 0 0 1 2 2 
0 2 0 0 0 1 2 2 0 1 
MFS
[ 0 , - , - , - , - , - , - , - , - , - ]
[ 0 , - , - , - , - , - , - , 0 , - , - ]
precise
0.5
recall
0.14285714285714285
F-measure
0.22222222222222224
multi
2
time
all 54 iden 3 gen 19
t-cover
390
all-cover
405
coveredNum
(1 : 120)  (2 : 113)  (3 : 78)  (4 : 36)  (5 : 21)  (6 : 17)  (7 : 8)  (8 : 4)  (9 : 5)  (10 : 1)  (11 : 2)  
real Identify
([ 0 , - , - , - , - , - , - , 0 , - , - ] : 1)  
