testCase Num: 101
regaular Num: 41
identify Num: 60
4 1 4 1 3 2 3 4 3 1 2 
3 1 2 3 3 0 4 4 1 3 1 
4 4 4 1 2 3 2 2 2 0 0 
1 1 0 1 0 0 0 1 3 0 0 
1 0 1 1 1 1 1 0 0 0 0 
0 2 3 3 3 0 2 2 2 2 2 
0 1 1 1 1 1 1 0 0 0 1 
1 1 0 1 4 4 4 3 3 3 3 
3 1 3 1 2 0 4 3 4 1 4 
0 4 2 4 1 2 4 0 4 4 2 
0 0 3 0 2 2 2 3 3 3 3 
4 3 4 4 0 0 0 3 3 1 0 
4 2 1 3 0 3 2 2 4 1 1 
3 2 4 4 4 0 2 1 0 4 0 
3 2 3 3 3 0 1 2 3 2 2 
2 4 4 0 0 4 4 2 1 4 4 
1 1 1 1 0 0 0 0 0 0 0 
1 1 1 1 0 0 0 0 0 0 1 
4 3 0 1 2 2 1 0 0 4 3 
1 1 0 0 1 1 1 0 0 0 0 
0 1 1 1 1 1 1 1 1 0 1 
1 4 1 4 2 2 4 4 2 2 1 
3 3 2 0 0 4 0 1 2 1 3 
2 0 2 2 2 2 2 0 3 3 3 
4 3 0 4 2 3 3 1 4 3 4 
0 0 2 2 2 0 2 2 2 2 2 
1 0 1 1 1 1 1 1 1 1 1 
1 0 1 1 1 1 1 1 1 1 0 
0 1 1 1 1 1 1 1 1 1 1 
2 3 4 3 1 3 4 0 2 0 0 
1 3 2 3 3 1 3 0 0 4 4 
1 4 0 3 4 2 3 1 1 1 0 
0 4 2 4 3 2 3 4 0 4 2 
1 2 3 0 0 2 2 0 3 3 4 
1 0 1 1 0 0 0 0 0 0 0 
2 4 3 4 3 1 0 1 4 0 2 
1 0 1 1 1 0 0 0 0 0 0 
2 1 2 1 1 2 0 2 0 2 4 
1 0 1 1 1 1 1 1 1 0 0 
1 3 4 0 4 1 4 2 0 0 1 
1 3 3 2 4 3 0 4 0 4 2 
0 1 1 1 1 1 1 1 0 0 1 
1 4 4 2 0 1 3 4 4 3 3 
3 2 2 2 2 2 2 3 1 0 3 
0 2 2 2 2 0 2 2 2 2 2 
0 2 3 3 2 0 2 2 2 2 2 
0 0 3 3 3 2 2 3 0 3 3 
1 1 0 1 0 0 0 0 0 0 0 
3 2 3 3 3 0 1 3 2 2 2 
1 1 0 0 1 1 1 1 0 0 0 
2 3 1 2 4 0 1 4 2 0 4 
0 3 3 2 4 3 0 4 0 4 2 
1 0 0 0 0 0 0 0 0 0 0 
1 1 1 2 3 4 2 2 2 4 0 
3 0 2 2 2 2 2 3 3 0 3 
1 0 1 1 1 1 0 0 0 0 0 
0 1 1 1 1 1 0 0 0 0 1 
1 1 0 0 0 0 0 0 0 0 0 
0 4 2 4 1 2 0 4 0 4 2 
2 3 0 2 1 4 2 4 0 3 1 
3 4 1 0 1 3 3 3 3 4 1 
0 1 1 1 1 0 0 0 0 0 1 
1 0 1 1 1 1 1 1 0 0 0 
0 4 2 3 4 3 0 4 0 4 2 
0 2 3 3 3 0 3 2 2 2 2 
0 0 0 0 0 0 0 0 0 0 0 
4 4 2 2 4 4 1 0 4 2 0 
0 0 1 1 0 0 0 0 0 0 0 
0 4 3 2 4 3 0 4 0 4 2 
1 1 0 0 1 1 0 0 0 0 0 
0 2 3 2 2 0 2 2 2 2 2 
1 1 1 4 1 4 0 2 4 4 3 
0 1 1 1 0 0 0 0 0 0 1 
3 2 3 3 3 0 1 2 2 3 2 
2 4 3 3 2 4 3 3 0 0 1 
1 1 0 0 1 0 0 0 0 0 0 
1 1 1 1 0 0 0 0 0 1 1 
4 2 3 0 2 1 0 4 1 3 0 
1 1 0 1 0 2 0 0 4 0 0 
1 1 0 0 1 1 1 1 1 0 0 
1 4 1 0 2 0 0 0 4 3 2 
0 4 2 4 3 2 3 0 0 4 2 
3 2 3 3 1 0 3 2 2 2 3 
1 2 0 1 0 0 0 0 0 0 0 
3 2 0 3 3 1 2 2 2 2 2 
0 0 3 3 0 2 3 3 3 3 3 
3 1 2 4 0 3 1 0 1 2 2 
1 3 4 0 3 3 1 1 1 2 3 
1 1 1 0 0 0 0 0 0 0 0 
0 4 4 4 1 2 2 0 3 3 0 
0 0 0 2 2 2 2 3 3 3 3 
0 4 2 4 0 2 4 0 4 2 2 
1 1 0 0 1 1 1 1 1 1 0 
1 1 0 0 1 1 1 1 1 1 1 
0 4 2 2 4 3 0 4 0 4 2 
4 2 1 2 1 4 4 1 0 0 2 
2 0 2 2 2 0 2 2 2 2 2 
2 1 0 2 0 0 0 0 0 1 0 
1 1 0 3 0 0 0 0 0 0 0 
0 4 2 4 1 3 0 4 0 4 2 
2 2 2 2 2 1 2 3 3 0 3 
MFS
[ 0 , - , - , - , - , - , - , - , - , - , - ]
[ - , - , 0 , 0 , - , - , - , - , - , - , - ]
[ - , 0 , - , - , - , - , - , - , - , - , 0 ]
[ 0 , - , - , - , - , - , - , - , - , 0 , - ]
[ - , - , - , - , - , 0 , - , 2 , 2 , 2 , 2 ]
[ - , 0 , - , - , - , - , - , - , - , - , - ]
precise
0.5
recall
0.15
F-measure
0.23076923076923075
multi
2
time
all 1858 iden 466 gen 462
t-cover
1298
all-cover
1375
coveredNum
(1 : 584)  (2 : 443)  (3 : 181)  (4 : 69)  (5 : 30)  (6 : 17)  (7 : 13)  (8 : 7)  (9 : 14)  (10 : 8)  (11 : 7)  (12 : 2)  
real Identify
([ - , - , 0 , 0 , - , - , - , - , - , - , - ] : 1)  ([ - , 0 , - , - , - , - , - , - , - , - , 0 ] : 1)  ([ 0 , - , - , - , - , - , - , - , - , 0 , - ] : 1)  
testCase Num: 103
regaular Num: 44
identify Num: 59
1 3 4 0 0 0 0 0 4 0 0 
1 0 1 1 1 1 1 0 0 0 0 
2 3 1 1 0 0 2 4 2 4 3 
4 3 2 0 4 1 3 2 0 4 2 
0 2 2 1 4 4 2 2 0 4 4 
3 2 3 0 3 2 1 2 2 2 2 
0 1 1 1 1 1 1 0 0 0 1 
2 4 4 0 1 1 0 1 3 3 3 
0 2 3 0 3 2 2 2 2 3 2 
3 2 3 0 3 2 2 1 2 2 2 
0 3 0 2 4 2 4 4 0 2 4 
3 4 1 1 4 2 0 3 4 3 2 
2 3 1 3 3 1 3 0 0 1 0 
1 1 0 1 0 0 0 2 0 0 4 
1 1 1 1 0 0 0 0 0 0 0 
1 1 1 1 0 0 0 0 0 0 1 
1 1 0 0 1 1 1 0 0 0 0 
0 1 1 1 1 1 1 1 1 0 1 
0 0 2 0 2 2 2 2 2 2 2 
0 0 0 2 2 3 3 3 3 2 3 
2 1 2 1 3 4 0 2 4 0 3 
2 2 2 2 2 3 0 3 1 2 3 
1 1 1 0 3 0 4 0 0 0 0 
2 4 3 3 0 1 4 0 4 4 4 
0 2 2 0 2 2 2 2 2 2 2 
4 4 0 2 3 3 2 4 4 1 0 
1 0 1 1 1 1 1 1 1 1 1 
1 1 1 0 0 4 0 0 0 0 0 
1 0 1 1 1 1 1 1 1 1 0 
0 1 1 1 1 1 1 1 1 1 1 
1 1 3 4 4 2 4 4 0 1 3 
1 1 1 0 0 0 3 4 0 3 0 
0 0 3 2 0 3 3 3 3 3 3 
3 2 0 3 1 1 2 3 0 0 4 
1 1 0 1 0 2 0 0 0 4 0 
0 0 2 2 2 0 3 3 3 2 3 
1 1 4 1 4 4 2 0 1 2 4 
4 1 1 2 0 3 1 3 0 2 4 
1 0 1 1 0 0 0 0 0 0 0 
4 4 3 4 2 1 0 4 2 0 0 
1 0 1 1 1 0 0 0 0 0 0 
1 0 1 1 1 1 1 1 1 0 0 
1 4 2 4 1 4 3 4 4 2 1 
0 1 1 1 1 1 1 1 0 0 1 
1 2 2 2 4 3 2 0 3 3 0 
0 3 0 1 4 2 0 2 3 4 4 
4 1 2 3 0 0 1 1 1 3 4 
3 2 4 4 0 2 4 2 3 1 0 
2 4 0 4 4 0 1 0 1 0 2 
3 2 2 2 2 3 3 0 1 2 3 
1 1 0 1 0 0 0 0 0 0 0 
1 1 0 1 0 0 0 0 0 1 2 
0 2 3 0 2 2 2 2 2 2 2 
1 4 4 3 2 3 0 2 0 4 2 
1 1 0 0 1 1 1 1 0 0 0 
1 1 0 2 0 1 0 0 0 2 0 
0 3 0 2 3 0 3 3 3 4 4 
3 2 0 2 1 4 4 4 1 4 2 
1 1 4 4 3 0 3 3 3 4 4 
0 0 3 2 3 3 3 0 3 2 3 
1 0 0 0 0 0 0 0 0 0 0 
1 0 1 1 1 1 0 0 0 0 0 
0 1 1 1 1 1 0 0 0 0 1 
3 2 3 0 3 2 2 2 2 3 1 
1 1 0 0 0 0 0 0 0 0 0 
0 1 1 1 1 0 0 0 0 0 1 
1 0 1 1 1 1 1 1 0 0 0 
1 1 2 0 0 2 4 4 2 1 4 
0 0 0 0 0 0 0 0 0 0 0 
0 1 4 4 3 0 3 3 3 4 4 
0 0 1 1 0 0 0 0 0 0 0 
1 1 0 0 1 1 0 0 0 0 0 
3 2 3 0 3 2 2 2 1 2 2 
2 1 3 1 0 2 3 1 3 0 2 
0 1 1 1 0 0 0 0 0 0 1 
1 1 0 0 1 0 0 0 0 0 0 
1 1 1 1 0 0 0 0 0 1 1 
2 1 0 2 1 0 4 3 3 4 1 
3 1 3 2 2 2 2 2 2 2 2 
1 3 0 1 0 3 0 2 1 0 3 
1 1 0 0 1 1 1 1 1 0 0 
4 2 1 1 2 0 4 2 3 2 1 
2 3 0 4 2 4 4 1 0 3 0 
4 3 4 3 4 4 1 4 3 0 3 
0 3 0 2 1 0 3 3 3 4 4 
2 0 2 0 2 2 2 2 2 2 2 
1 3 4 2 4 3 4 1 2 0 1 
0 3 4 4 3 0 3 3 3 4 4 
1 1 1 0 0 0 0 0 0 0 0 
3 2 3 0 1 3 2 2 2 2 2 
0 2 3 0 3 2 2 2 2 2 2 
3 3 3 0 2 4 0 3 2 1 4 
1 1 0 0 1 1 1 1 1 1 0 
1 1 0 0 1 1 1 1 1 1 1 
0 3 0 4 3 0 3 3 3 4 4 
0 3 0 1 4 2 2 3 3 4 4 
2 0 2 2 2 3 0 3 3 2 3 
0 3 0 1 1 2 3 3 3 4 4 
0 3 0 2 2 4 4 1 4 3 0 
1 1 0 3 0 0 0 0 0 0 1 
1 1 1 4 0 3 2 3 1 0 0 
3 2 3 0 2 0 1 1 4 4 0 
4 3 0 3 1 2 3 0 2 2 0 
MFS
[ 0 , - , - , - , - , - , - , - , - , - , - ]
[ - , - , - , 0 , - , 2 , 2 , 2 , 2 , - , 2 ]
[ - , - , 0 , 0 , - , - , - , - , - , - , - ]
[ - , 0 , - , - , - , - , - , - , - , - , 0 ]
[ 0 , - , - , - , - , - , - , - , - , 0 , - ]
[ - , 0 , - , - , - , - , - , - , - , - , - ]
precise
0.5
recall
0.15
F-measure
0.23076923076923075
multi
1
time
all 1831 iden 496 gen 527
t-cover
1298
all-cover
1375
coveredNum
(1 : 591)  (2 : 396)  (3 : 196)  (4 : 69)  (5 : 33)  (6 : 23)  (7 : 18)  (8 : 7)  (9 : 8)  (10 : 9)  (11 : 7)  (12 : 8)  (13 : 3)  (14 : 2)  (15 : 2)  (16 : 1)  (17 : 1)  (18 : 1)  
real Identify
([ - , - , 0 , 0 , - , - , - , - , - , - , - ] : 1)  ([ - , 0 , - , - , - , - , - , - , - , - , 0 ] : 1)  ([ 0 , - , - , - , - , - , - , - , - , 0 , - ] : 1)  
testCase Num: 102
regaular Num: 49
identify Num: 53
2 2 2 2 2 2 1 2 2 2 0 
3 3 2 4 0 1 0 1 4 4 2 
1 0 1 1 1 1 1 0 0 0 0 
1 1 0 1 0 2 4 0 0 0 0 
4 0 2 0 3 4 4 0 2 3 2 
1 1 2 3 1 0 4 4 2 0 3 
1 1 0 1 0 0 3 0 3 0 0 
0 1 1 1 1 1 1 0 0 0 1 
2 4 1 1 2 1 0 3 3 4 0 
1 1 2 4 1 0 2 0 0 0 0 
2 4 4 0 3 4 4 0 2 3 2 
4 1 1 2 2 2 2 4 0 3 2 
4 0 0 4 4 1 4 0 2 3 2 
1 1 1 1 0 0 0 0 0 0 0 
3 2 4 4 0 4 0 4 1 1 0 
1 1 1 1 0 0 0 0 0 0 1 
1 1 0 0 1 1 1 0 0 0 0 
0 1 1 1 1 1 1 1 1 0 1 
1 1 4 0 4 0 0 1 0 0 0 
1 1 0 1 0 1 2 2 0 0 0 
0 0 0 2 4 4 3 4 0 4 4 
3 4 4 0 3 4 4 0 2 3 2 
4 0 0 4 2 1 3 2 4 3 2 
4 2 1 2 1 4 0 1 4 0 0 
4 0 2 4 0 4 4 0 2 3 2 
1 1 2 2 3 0 0 0 0 0 0 
4 4 0 3 1 0 1 0 4 4 1 
1 0 1 1 1 1 1 1 1 1 1 
4 4 0 3 0 4 2 2 1 2 3 
1 0 1 1 1 1 1 1 1 1 0 
3 1 2 0 4 4 1 3 3 2 1 
0 1 1 1 1 1 1 1 1 1 1 
1 1 0 3 4 2 1 1 0 3 2 
0 0 2 3 3 2 4 0 0 4 4 
0 0 3 2 4 4 3 4 0 4 4 
0 0 2 3 3 2 4 0 4 4 4 
2 4 3 0 1 2 0 1 1 0 3 
1 0 1 1 0 0 0 0 0 0 0 
4 0 2 3 0 2 0 1 4 4 2 
0 0 2 3 0 2 4 4 0 4 4 
1 0 1 1 1 0 0 0 0 0 0 
0 0 2 4 0 2 4 0 4 3 2 
1 0 1 1 1 1 1 1 1 0 0 
0 1 1 1 1 1 1 1 0 0 1 
3 2 3 3 1 0 2 3 3 3 2 
1 1 3 0 2 4 0 1 0 0 0 
4 0 0 4 2 1 3 0 2 3 2 
1 1 4 2 0 0 0 2 3 1 3 
1 2 4 1 3 2 2 2 4 4 1 
4 4 2 0 2 0 2 0 2 1 4 
3 3 3 4 0 2 1 0 3 3 1 
1 1 0 1 0 0 0 0 0 0 0 
4 0 0 2 3 4 4 0 2 3 2 
1 1 0 1 0 0 0 0 0 1 2 
0 0 4 3 0 2 4 0 4 2 4 
0 0 2 3 4 4 3 4 0 4 4 
4 0 0 3 0 2 2 1 4 2 4 
1 1 0 0 1 1 1 1 0 0 0 
1 4 0 4 0 3 4 2 0 3 0 
4 2 2 1 0 3 3 0 1 3 4 
3 1 3 1 4 0 3 2 1 0 2 
1 0 0 0 0 0 0 0 0 0 0 
1 4 3 2 4 4 3 4 0 4 4 
1 0 1 1 1 1 0 0 0 0 0 
4 2 3 0 4 1 4 0 4 2 3 
4 1 1 3 3 1 0 3 1 0 4 
3 0 4 0 3 4 4 0 2 3 2 
0 1 1 1 1 1 0 0 0 0 1 
4 3 4 4 3 3 1 4 3 0 3 
4 0 0 4 0 2 3 1 2 3 2 
1 1 0 0 0 0 0 0 0 0 0 
0 1 1 1 1 0 0 0 0 0 1 
1 0 1 1 1 1 1 1 0 0 0 
2 3 0 1 0 1 3 4 2 2 1 
2 1 0 4 2 2 3 3 4 1 4 
3 3 4 0 1 0 3 2 0 2 4 
0 0 0 0 0 0 0 0 0 0 0 
0 0 1 1 0 0 0 0 0 0 0 
0 0 0 3 2 4 3 4 0 4 4 
1 1 0 0 1 1 0 0 0 0 0 
1 1 1 0 0 0 0 0 1 4 0 
0 4 3 2 4 4 3 4 0 4 4 
3 2 0 2 3 1 4 1 3 1 4 
0 1 1 1 0 0 0 0 0 0 1 
1 1 0 1 0 0 0 0 4 3 0 
1 1 0 0 1 0 0 0 0 0 0 
1 1 1 1 0 0 0 0 0 1 1 
2 0 4 0 3 4 4 0 2 3 2 
0 0 2 3 0 2 3 4 0 4 4 
1 1 0 0 1 1 1 1 1 0 0 
1 1 0 1 0 0 1 0 0 0 4 
2 2 1 3 3 0 3 1 0 2 0 
1 1 1 4 4 3 0 2 2 2 2 
3 1 1 0 1 3 3 4 4 4 3 
1 1 1 0 0 0 0 0 0 0 0 
1 1 3 0 3 0 0 0 0 0 0 
3 3 1 2 2 3 4 3 1 0 1 
1 1 0 0 1 1 1 1 1 1 0 
1 1 0 0 1 1 1 1 1 1 1 
1 3 4 3 2 1 0 3 0 3 3 
1 3 0 1 0 4 4 3 2 4 3 
2 3 3 3 4 3 2 1 2 1 0 
MFS
[ 0 , - , - , - , - , - , - , - , - , - , - ]
[ - , - , 0 , 0 , - , - , - , - , - , - , - ]
[ - , 0 , - , - , - , - , - , - , - , - , 0 ]
[ 0 , - , - , - , - , - , - , - , - , 0 , - ]
[ - , 0 , - , - , - , - , - , - , - , - , - ]
precise
0.6
recall
0.15
F-measure
0.24
multi
2
time
all 1252 iden 368 gen 245
t-cover
1298
all-cover
1375
coveredNum
(1 : 591)  (2 : 408)  (3 : 215)  (4 : 75)  (5 : 20)  (6 : 10)  (7 : 7)  (8 : 3)  (9 : 4)  (10 : 8)  (11 : 7)  (12 : 7)  (13 : 6)  (14 : 4)  (15 : 4)  (16 : 3)  (17 : 1)  (18 : 1)  (21 : 1)  
real Identify
([ - , - , 0 , 0 , - , - , - , - , - , - , - ] : 1)  ([ - , 0 , - , - , - , - , - , - , - , - , 0 ] : 1)  ([ 0 , - , - , - , - , - , - , - , - , 0 , - ] : 1)  
testCase Num: 105
regaular Num: 45
identify Num: 60
2 0 2 2 3 0 3 3 3 3 2 
1 0 1 1 1 1 1 0 0 0 0 
0 0 3 3 3 0 3 3 3 3 2 
0 0 3 2 3 0 3 3 3 3 2 
0 1 1 1 1 1 1 0 0 0 1 
3 1 3 3 2 2 2 2 3 2 2 
1 2 4 4 2 4 1 0 2 4 4 
2 2 2 2 1 0 3 3 3 3 2 
0 4 3 4 4 2 3 0 0 2 3 
1 2 3 0 0 3 2 1 3 3 4 
3 2 2 2 3 0 3 3 1 3 2 
4 3 2 1 1 2 0 0 3 4 0 
3 2 3 3 1 0 2 2 2 2 2 
4 1 2 1 1 0 3 4 4 4 4 
1 1 0 1 0 0 0 2 4 0 0 
1 1 1 1 0 0 0 0 0 0 0 
1 1 1 1 0 0 0 0 0 0 1 
0 4 3 0 3 4 1 4 0 2 3 
1 1 0 0 1 1 1 0 0 0 0 
0 1 1 1 1 1 1 1 1 0 1 
2 3 4 1 3 2 0 2 0 3 4 
4 3 2 2 0 4 1 4 0 2 3 
0 4 3 4 0 4 1 4 0 2 3 
0 4 3 2 0 4 1 4 0 2 3 
0 2 0 3 2 2 2 2 2 2 2 
0 0 2 2 2 0 2 2 2 2 2 
1 0 1 1 1 1 1 1 1 1 1 
1 0 1 1 1 1 1 1 1 1 0 
0 1 1 1 1 1 1 1 1 1 1 
0 4 3 0 3 2 3 4 0 2 3 
3 4 1 1 4 3 3 1 0 4 2 
0 4 3 0 3 2 1 4 0 2 3 
1 2 1 0 3 3 4 0 4 2 2 
1 1 0 2 0 2 0 0 0 4 4 
1 1 2 0 0 3 0 0 0 1 0 
4 4 0 4 4 0 1 3 3 1 0 
0 0 2 2 3 0 3 3 3 3 2 
1 0 1 1 0 0 0 0 0 0 0 
1 0 1 1 1 0 0 0 0 0 0 
3 2 0 3 2 1 3 2 2 2 2 
1 0 1 1 1 1 1 1 1 0 0 
1 4 2 0 4 2 4 2 2 2 1 
3 1 4 2 0 1 4 0 3 1 4 
0 1 1 1 1 1 1 1 0 0 1 
1 1 0 1 0 0 1 0 0 3 0 
4 1 3 4 0 2 3 1 3 0 0 
1 3 0 1 0 2 1 4 2 0 2 
1 3 1 0 4 0 0 0 0 0 0 
0 2 2 2 2 0 2 2 2 2 2 
0 2 3 3 2 0 2 2 2 2 2 
1 1 0 1 0 0 0 0 0 0 0 
0 0 0 3 3 2 3 3 3 3 2 
0 2 3 0 2 2 2 2 2 2 3 
1 1 0 3 0 0 4 0 0 3 0 
1 1 0 0 1 1 1 1 0 0 0 
0 3 2 2 0 4 1 4 0 2 3 
1 1 4 1 0 0 2 3 0 2 1 
1 0 0 0 0 0 0 0 0 0 0 
2 3 1 3 0 2 3 0 1 0 3 
3 1 0 2 1 3 4 3 0 3 1 
1 0 1 1 1 1 0 0 0 0 0 
0 1 1 1 1 1 0 0 0 0 1 
2 4 3 2 4 1 2 0 4 3 0 
3 3 2 4 1 1 2 3 0 0 0 
1 4 2 3 2 3 3 1 4 0 0 
1 1 0 0 0 0 0 0 0 0 0 
4 2 3 1 2 4 4 4 1 0 0 
0 1 1 1 1 0 0 0 0 0 1 
2 3 0 4 3 3 4 1 4 4 3 
1 0 1 1 1 1 1 1 0 0 0 
0 4 1 0 4 2 3 0 4 2 3 
2 2 4 3 4 4 0 1 0 2 0 
3 1 0 1 0 0 0 4 0 0 0 
1 4 3 3 3 1 0 0 3 1 3 
0 0 0 0 0 0 0 0 0 0 0 
0 0 1 1 0 0 0 0 0 0 0 
1 1 0 0 1 1 0 0 0 0 0 
0 2 3 2 2 0 2 2 2 2 2 
3 1 1 0 0 0 1 3 0 2 4 
0 1 1 1 0 0 0 0 0 0 1 
1 1 0 0 1 0 0 0 0 0 0 
1 1 1 1 0 0 0 0 0 1 1 
1 3 1 2 2 0 0 1 2 3 3 
2 1 0 2 3 3 1 2 2 0 0 
1 2 3 3 0 2 1 3 4 4 1 
1 2 0 1 0 0 0 0 0 0 3 
1 1 0 0 1 1 1 1 1 0 0 
3 2 0 3 2 2 2 2 2 1 2 
0 4 4 0 3 1 2 0 2 3 3 
3 4 4 0 1 4 0 3 4 1 3 
1 1 4 0 0 4 3 0 0 0 2 
4 4 4 3 4 3 0 4 1 0 4 
4 1 1 4 3 4 2 4 3 3 1 
1 1 1 0 0 0 0 0 0 0 0 
1 1 0 0 1 1 1 1 1 1 0 
0 0 3 3 3 2 3 3 0 3 3 
1 1 0 0 1 1 1 1 1 1 1 
3 1 3 3 2 2 2 3 2 2 2 
0 4 2 2 0 4 1 4 0 2 3 
2 3 3 0 2 1 3 4 0 1 1 
4 4 0 4 0 4 0 2 1 2 2 
4 1 0 1 0 0 0 0 2 0 0 
2 0 2 2 2 0 2 2 2 2 2 
4 1 1 0 4 1 2 2 1 4 3 
0 4 4 0 2 2 4 0 4 3 0 
MFS
[ 0 , - , - , - , - , - , - , - , - , - , - ]
[ - , - , 0 , 0 , - , - , - , - , - , - , - ]
[ - , - , - , - , 2 , - , 2 , 2 , 2 , 2 , - ]
[ - , 0 , - , - , - , - , - , - , - , - , 0 ]
[ 0 , - , - , - , - , - , - , - , - , 0 , - ]
[ - , 0 , - , - , - , - , - , - , - , - , - ]
precise
0.5
recall
0.15
F-measure
0.23076923076923075
multi
2
time
all 925 iden 214 gen 276
t-cover
1298
all-cover
1375
coveredNum
(1 : 584)  (2 : 391)  (3 : 199)  (4 : 88)  (5 : 41)  (6 : 11)  (7 : 10)  (8 : 6)  (9 : 6)  (10 : 14)  (11 : 5)  (12 : 11)  (13 : 3)  (14 : 2)  (15 : 2)  (16 : 1)  (17 : 1)  
real Identify
([ - , - , 0 , 0 , - , - , - , - , - , - , - ] : 1)  ([ - , 0 , - , - , - , - , - , - , - , - , 0 ] : 1)  ([ 0 , - , - , - , - , - , - , - , - , 0 , - ] : 1)  
testCase Num: 106
regaular Num: 43
identify Num: 63
1 0 1 1 1 1 1 0 0 0 0 
4 2 2 1 4 2 2 4 4 1 0 
4 2 3 0 3 4 0 2 3 2 2 
0 2 2 3 0 1 3 4 4 4 0 
0 1 1 1 1 1 1 0 0 0 1 
4 4 3 2 0 3 2 4 0 2 1 
2 1 2 4 0 4 3 0 4 3 1 
2 3 3 0 2 3 1 4 4 4 0 
4 0 0 2 4 3 4 3 2 3 3 
3 3 3 3 3 2 2 0 1 3 3 
4 4 4 4 4 0 3 2 1 4 4 
1 1 1 1 0 0 0 0 0 0 0 
1 1 1 1 0 0 0 0 0 0 1 
1 1 0 0 1 1 1 0 0 0 0 
0 1 1 1 1 1 1 1 1 0 1 
3 0 4 4 0 2 1 4 4 2 2 
1 1 3 0 1 0 2 3 3 0 0 
2 3 2 4 1 1 0 3 0 3 4 
3 0 4 0 3 4 0 2 3 2 2 
1 0 1 1 1 1 1 1 1 1 1 
2 2 2 2 2 0 2 1 2 2 2 
0 4 0 3 0 1 3 4 3 2 2 
1 0 1 1 1 1 1 1 1 1 0 
4 2 0 3 1 2 1 2 1 3 2 
3 0 2 3 0 1 3 2 3 2 2 
0 1 1 1 1 1 1 1 1 1 1 
1 1 3 1 0 3 4 4 2 1 4 
2 0 0 4 0 4 3 4 2 3 3 
1 3 4 2 0 1 2 2 3 0 3 
1 0 1 1 0 0 0 0 0 0 0 
1 0 1 1 1 0 0 0 0 0 0 
0 3 2 0 3 4 0 2 3 2 2 
4 0 0 4 0 3 4 3 2 3 3 
1 0 1 1 1 1 1 1 1 0 0 
0 1 4 2 4 3 4 3 2 3 3 
0 0 3 0 3 4 0 2 3 2 2 
2 0 0 4 1 4 0 4 3 2 3 
3 1 1 4 3 0 4 4 4 0 2 
2 0 4 3 0 2 1 4 4 4 2 
0 1 1 1 1 1 1 1 0 0 1 
3 0 4 3 0 4 0 2 3 2 2 
1 2 1 2 3 1 2 3 0 4 2 
3 4 0 3 1 1 3 4 4 2 0 
3 0 4 3 0 1 0 2 3 2 2 
1 1 0 3 0 3 3 2 0 1 0 
1 4 3 1 0 4 3 3 2 3 2 
1 2 3 4 1 3 0 1 2 4 3 
1 1 0 1 0 0 0 0 0 0 0 
4 3 3 0 4 1 4 0 2 0 4 
4 0 0 4 0 4 4 3 2 3 3 
1 1 0 0 1 1 1 1 0 0 0 
0 4 0 3 0 2 1 2 3 2 2 
1 3 0 1 0 0 0 0 0 4 2 
2 0 3 0 3 4 0 2 3 2 2 
0 3 0 3 1 4 0 2 3 2 2 
0 4 0 3 1 2 0 2 3 2 2 
1 0 0 0 0 0 0 0 0 0 0 
1 0 1 1 1 1 0 0 0 0 0 
2 0 0 4 0 4 1 3 2 3 3 
0 1 1 1 1 1 0 0 0 0 1 
2 0 0 4 0 4 3 4 3 3 3 
1 1 0 0 0 0 0 0 0 0 0 
0 1 1 1 1 0 0 0 0 0 1 
1 0 1 1 1 1 1 1 0 0 0 
0 3 0 3 0 1 3 4 4 4 2 
3 1 0 4 2 4 2 0 2 4 4 
1 0 4 3 3 4 0 2 3 2 2 
0 0 0 0 0 0 0 0 0 0 0 
0 0 1 1 0 0 0 0 0 0 0 
1 1 0 0 1 1 0 0 0 0 0 
1 1 2 3 2 2 4 2 3 4 1 
0 1 1 1 0 0 0 0 0 0 1 
1 1 1 0 0 0 0 3 4 0 0 
1 1 0 0 1 0 0 0 0 0 0 
1 1 1 1 0 0 0 0 0 1 1 
4 1 0 3 2 1 0 3 1 3 1 
1 1 4 1 4 0 0 4 3 2 2 
1 1 0 0 1 1 1 1 1 0 0 
1 1 0 2 0 0 3 0 0 0 0 
2 0 0 4 4 3 4 3 2 3 3 
0 4 3 0 3 4 0 2 3 2 2 
2 2 4 2 1 4 4 0 1 2 0 
4 0 1 2 4 3 4 3 2 3 3 
2 0 2 3 0 2 1 4 4 4 4 
0 3 0 4 3 4 0 2 3 2 2 
1 1 1 0 0 0 0 0 0 0 0 
0 0 0 2 4 3 4 3 2 3 3 
3 2 4 0 3 2 3 3 2 1 1 
3 3 1 1 3 0 3 1 3 3 0 
4 1 0 2 4 3 4 3 2 3 3 
1 1 2 2 3 0 1 0 3 0 4 
3 2 4 3 0 4 1 1 0 0 4 
1 1 0 4 0 2 0 2 2 2 0 
1 1 0 0 1 1 1 1 1 1 0 
2 4 1 1 2 2 3 2 0 0 3 
1 1 0 0 1 1 1 1 1 1 1 
0 3 0 3 0 1 3 4 4 2 2 
4 4 1 0 0 2 4 1 0 4 4 
3 0 4 4 0 2 1 4 3 2 2 
3 4 2 0 0 3 0 4 1 0 3 
2 1 1 3 4 0 1 3 2 2 3 
3 3 4 2 2 4 0 2 4 1 3 
3 3 1 0 4 4 2 4 0 3 1 
2 0 0 3 3 4 0 4 3 2 4 
2 4 0 4 3 3 1 0 3 1 2 
1 3 0 2 4 2 0 1 4 2 4 
MFS
[ 0 , - , - , - , - , - , - , - , - , - , - ]
[ - , - , 0 , 0 , - , - , - , - , - , - , - ]
[ - , 0 , 0 , - , - , - , - , - , - , - , - ]
[ - , 0 , - , - , - , - , - , - , - , - , 0 ]
[ 0 , - , - , - , - , - , - , - , - , 0 , - ]
[ - , 0 , - , - , - , - , - , - , - , - , - ]
precise
0.6666666666666666
recall
0.2
F-measure
0.30769230769230765
multi
3
time
all 837 iden 191 gen 205
t-cover
1317
all-cover
1375
coveredNum
(1 : 608)  (2 : 423)  (3 : 193)  (4 : 76)  (5 : 22)  (6 : 13)  (7 : 14)  (8 : 10)  (9 : 9)  (11 : 4)  (12 : 1)  (13 : 1)  (14 : 1)  
real Identify
([ - , 0 , 0 , - , - , - , - , - , - , - , - ] : 1)  ([ - , - , 0 , 0 , - , - , - , - , - , - , - ] : 1)  ([ - , 0 , - , - , - , - , - , - , - , - , 0 ] : 1)  ([ 0 , - , - , - , - , - , - , - , - , 0 , - ] : 1)  
testCase Num: 120
regaular Num: 45
identify Num: 75
1 0 1 1 1 1 1 0 0 0 0 
1 3 4 2 3 0 1 3 0 3 2 
0 1 1 1 1 1 1 0 0 0 1 
3 3 2 3 1 2 2 3 3 3 0 
0 0 2 2 0 4 4 4 2 3 3 
1 4 2 2 0 2 2 1 0 4 3 
4 2 2 2 0 3 4 4 1 0 4 
1 3 4 4 3 3 2 2 2 1 1 
1 1 0 1 0 0 0 2 4 0 0 
1 1 1 3 0 4 0 4 2 1 2 
0 2 2 0 0 1 0 2 3 3 4 
1 1 1 1 0 0 0 0 0 0 0 
1 1 1 1 0 0 0 0 0 0 1 
1 1 0 0 1 1 1 0 0 0 0 
0 1 1 1 1 1 1 1 1 0 1 
2 1 3 0 2 4 4 3 4 1 1 
0 4 0 3 2 4 4 3 2 1 1 
0 4 0 4 3 3 2 2 2 1 1 
3 3 3 4 3 2 3 0 1 0 0 
0 2 2 0 3 1 0 2 3 3 4 
4 4 0 4 1 1 4 3 0 4 2 
4 0 2 2 4 4 3 1 0 3 4 
3 1 2 4 0 0 1 3 4 1 4 
1 0 1 1 1 1 1 1 1 1 1 
1 4 0 1 0 0 0 2 0 1 1 
1 0 1 1 1 1 1 1 1 1 0 
0 1 1 1 1 1 1 1 1 1 1 
0 0 4 4 4 3 3 1 0 2 4 
2 4 1 1 2 3 2 0 0 3 4 
0 0 3 0 0 4 4 4 2 3 4 
2 4 4 3 1 0 3 1 2 0 3 
0 2 2 1 2 0 2 0 4 3 4 
3 0 4 4 4 3 3 1 0 2 4 
1 0 1 1 0 0 0 0 0 0 0 
0 3 2 0 4 3 3 1 0 2 4 
4 2 4 4 4 4 3 1 0 3 4 
1 0 1 1 1 0 0 0 0 0 0 
3 1 0 1 4 3 0 1 3 4 2 
1 0 1 1 1 1 1 1 1 0 0 
4 1 1 2 4 2 3 2 3 1 0 
0 2 1 0 3 0 1 3 3 3 4 
0 2 3 2 0 1 0 2 3 3 4 
0 1 1 1 1 1 1 1 0 0 1 
0 4 0 1 2 4 4 3 4 3 2 
0 4 0 1 2 4 4 3 4 3 1 
3 1 1 0 1 2 2 2 2 0 4 
1 3 0 4 3 3 2 2 2 1 1 
0 2 1 1 3 0 2 3 4 2 4 
1 1 0 1 0 0 0 0 0 0 0 
1 3 2 1 4 1 3 0 4 0 2 
2 2 2 0 3 1 0 1 2 4 0 
4 4 3 3 3 3 1 0 4 4 3 
0 1 4 4 3 3 2 2 2 1 1 
0 4 3 2 0 1 0 2 3 3 4 
2 2 0 2 2 2 1 2 2 2 2 
1 1 0 0 1 1 1 1 0 0 0 
3 0 4 4 4 4 3 1 0 4 4 
2 0 4 4 4 4 3 1 0 3 4 
4 0 2 0 2 4 4 1 0 3 4 
1 0 0 0 0 0 0 0 0 0 0 
0 1 1 3 4 2 4 0 4 2 2 
1 0 1 1 1 1 0 0 0 0 0 
0 1 1 1 1 1 0 0 0 0 1 
3 3 2 3 2 0 3 2 0 4 1 
2 3 1 4 2 1 0 4 3 4 3 
1 1 0 0 0 0 0 0 0 0 0 
0 0 3 2 0 4 3 1 0 3 4 
1 1 0 1 0 0 0 0 3 0 1 
0 1 1 1 1 0 0 0 0 0 1 
1 0 1 1 1 1 1 1 0 0 0 
1 1 1 0 0 2 0 4 0 0 0 
0 4 0 3 4 3 2 2 2 1 1 
0 3 2 0 0 3 4 4 1 2 2 
0 3 2 0 0 3 4 4 1 2 4 
3 4 3 0 4 0 2 4 1 2 2 
1 1 0 1 0 3 3 3 0 0 0 
0 0 0 0 0 0 0 0 0 0 0 
0 0 1 1 0 0 0 0 0 0 0 
2 3 4 1 0 1 4 3 1 2 0 
1 1 0 0 1 1 0 0 0 0 0 
0 3 2 2 0 3 3 1 0 2 4 
1 1 0 1 0 0 0 0 1 4 0 
0 4 0 3 4 4 4 3 3 1 1 
1 2 1 1 3 2 4 3 3 2 3 
0 1 1 1 0 0 0 0 0 0 1 
0 3 4 4 4 3 3 1 0 2 4 
1 1 0 0 1 0 0 0 0 0 0 
1 1 1 1 0 0 0 0 0 1 1 
0 2 2 0 3 0 0 2 3 3 4 
4 3 2 2 0 4 3 1 0 2 4 
1 1 0 0 1 1 1 1 1 0 0 
1 1 3 1 0 0 4 1 0 0 0 
0 3 2 2 0 3 4 1 0 2 4 
3 1 0 3 2 1 0 3 1 2 4 
3 2 4 2 1 2 0 0 4 2 1 
0 0 2 0 2 4 4 4 0 4 4 
4 1 0 1 3 4 2 4 4 2 1 
0 3 0 4 3 3 2 2 2 1 1 
0 4 0 3 4 4 4 2 2 1 1 
0 1 2 2 0 1 0 2 3 3 4 
0 2 1 0 3 0 4 2 3 3 4 
2 2 0 1 4 0 1 0 3 1 3 
1 2 1 0 0 1 2 0 0 0 0 
3 1 0 3 1 4 4 2 1 3 3 
1 4 4 0 2 4 1 4 3 0 0 
2 0 2 4 4 4 3 1 0 4 4 
3 2 4 4 4 4 3 1 0 4 4 
1 1 1 0 0 0 0 0 0 0 0 
1 1 0 1 3 4 4 0 2 0 4 
1 1 0 0 1 1 1 1 1 1 0 
1 1 0 0 1 1 1 1 1 1 1 
0 3 2 2 0 3 4 4 0 2 4 
0 2 2 4 4 3 3 1 0 2 4 
0 4 0 1 3 3 2 2 2 1 1 
4 2 3 3 4 0 4 3 2 3 1 
1 4 3 2 0 1 0 2 3 3 4 
4 1 1 0 2 3 0 1 4 3 0 
0 4 0 3 4 4 2 2 2 1 1 
4 3 3 0 1 3 3 4 0 3 3 
1 1 0 4 0 0 0 0 0 2 0 
MFS
[ 0 , - , - , - , - , - , - , - , - , - , - ]
[ 0 , - , 0 , - , - , - , - , - , - , - , - ]
[ - , - , 0 , 0 , - , - , - , - , - , - , - ]
[ - , 0 , - , - , - , - , - , - , - , - , 0 ]
[ - , - , - , - , - , 3 , - , - , - , 2 , - ]
[ 0 , - , - , - , - , - , - , - , - , 0 , - ]
[ - , 0 , - , - , - , - , - , - , - , - , - ]
precise
0.5714285714285714
recall
0.2
F-measure
0.29629629629629634
multi
2
time
all 1086 iden 335 gen 228
t-cover
1305
all-cover
1375
coveredNum
(1 : 553)  (2 : 435)  (3 : 214)  (4 : 80)  (5 : 23)  (6 : 8)  (7 : 13)  (8 : 9)  (9 : 11)  (10 : 7)  (11 : 9)  (12 : 2)  (13 : 6)  (14 : 4)  (17 : 1)  
real Identify
([ 0 , - , 0 , - , - , - , - , - , - , - , - ] : 1)  ([ - , - , 0 , 0 , - , - , - , - , - , - , - ] : 1)  ([ - , 0 , - , - , - , - , - , - , - , - , 0 ] : 1)  ([ 0 , - , - , - , - , - , - , - , - , 0 , - ] : 1)  
testCase Num: 103
regaular Num: 42
identify Num: 61
3 3 0 3 3 3 3 3 2 4 1 
4 2 0 2 0 0 3 1 2 0 0 
1 0 1 1 1 1 1 0 0 0 0 
2 4 4 4 0 3 0 3 3 2 4 
2 2 2 2 2 1 3 3 0 3 2 
3 2 3 3 3 1 2 2 0 2 2 
0 1 1 1 1 1 1 0 0 0 1 
1 3 0 1 0 0 0 0 0 0 2 
4 3 1 0 3 1 4 1 3 2 3 
0 2 3 2 2 2 2 2 0 2 2 
0 2 3 3 2 2 2 2 0 2 2 
2 1 3 2 4 2 4 0 3 3 1 
1 4 2 3 2 2 4 0 3 1 0 
0 3 3 3 2 4 4 0 4 4 4 
1 2 1 0 0 1 0 0 0 1 0 
3 4 1 1 4 4 3 3 3 0 2 
0 0 3 3 2 3 3 3 0 3 2 
4 2 4 0 2 4 4 2 4 4 1 
1 1 1 1 0 0 0 0 0 0 0 
1 1 1 1 0 0 0 0 0 0 1 
1 1 0 0 1 1 1 0 0 0 0 
0 1 1 1 1 1 1 1 1 0 1 
0 3 0 2 2 4 4 0 3 2 4 
4 4 2 0 1 0 4 4 0 3 4 
0 3 3 0 2 4 4 3 3 2 4 
3 2 2 2 2 3 3 1 0 3 2 
0 0 3 3 3 3 3 0 2 3 2 
0 0 3 3 3 3 3 0 2 3 3 
1 3 4 4 0 4 1 1 0 3 0 
1 1 2 0 0 0 2 0 0 0 0 
0 3 3 0 0 3 0 3 3 2 4 
1 0 1 1 1 1 1 1 1 1 1 
2 1 1 0 1 1 0 3 4 3 0 
1 0 1 1 1 1 1 1 1 1 0 
0 1 1 1 1 1 1 1 1 1 1 
2 2 0 1 2 3 1 0 4 2 4 
3 4 3 2 3 0 1 4 4 4 0 
0 3 3 4 0 3 0 3 3 2 4 
1 0 1 1 0 0 0 0 0 0 0 
0 2 2 2 2 2 2 2 0 2 2 
1 0 1 1 1 0 0 0 0 0 0 
1 0 1 1 1 1 1 1 1 0 0 
0 3 3 0 2 4 2 4 4 4 0 
0 0 3 2 2 3 3 3 0 3 2 
4 3 3 3 2 0 1 3 0 0 3 
0 1 1 1 1 1 1 1 0 0 1 
3 1 4 0 1 3 4 4 2 0 2 
2 3 2 1 0 0 4 2 1 2 0 
0 2 0 3 3 2 2 2 2 2 2 
0 2 0 3 3 2 2 2 2 2 3 
2 0 2 2 2 3 3 3 0 3 2 
1 1 0 1 0 0 0 0 0 0 0 
2 4 0 4 2 1 2 4 2 1 1 
1 1 0 0 1 1 1 1 0 0 0 
2 1 1 0 3 0 1 0 0 0 0 
2 3 0 2 1 4 2 0 3 4 3 
3 2 0 3 3 2 2 2 1 3 2 
0 0 2 2 2 2 2 2 0 2 2 
2 3 4 3 4 1 0 1 4 0 4 
1 0 0 0 0 0 0 0 0 0 0 
1 2 3 1 0 4 0 4 2 3 3 
1 0 1 1 1 1 0 0 0 0 0 
0 3 4 4 0 3 0 3 3 2 4 
0 1 1 1 1 1 0 0 0 0 1 
3 2 3 3 3 2 2 1 0 2 2 
1 1 1 2 4 3 4 2 2 2 4 
0 0 3 3 3 3 3 3 0 3 2 
1 1 0 0 0 0 0 0 0 0 0 
0 1 1 1 1 0 0 0 0 0 1 
1 0 1 1 1 1 1 1 0 0 0 
0 0 2 2 2 3 3 3 0 3 2 
1 1 3 4 4 0 2 0 2 0 4 
1 1 1 3 0 2 2 3 4 4 2 
0 2 3 3 3 2 2 2 0 2 2 
0 0 0 0 0 0 0 0 0 0 0 
0 0 1 1 0 0 0 0 0 0 0 
1 4 2 4 1 3 3 2 4 1 3 
1 1 0 0 1 1 0 0 0 0 0 
0 1 1 1 0 0 0 0 0 0 1 
4 3 2 4 4 2 1 4 2 0 3 
1 1 0 0 1 0 0 0 0 0 0 
1 1 1 1 0 0 0 0 0 1 1 
4 1 4 1 3 4 2 0 1 0 4 
1 1 0 0 1 1 1 1 1 0 0 
3 1 2 3 0 4 0 4 3 2 1 
1 2 0 4 4 1 4 0 0 4 2 
3 1 4 4 3 0 3 0 1 1 3 
2 0 2 2 2 2 2 2 0 2 2 
1 1 0 1 0 0 4 3 0 0 0 
0 3 3 0 2 4 4 0 4 2 4 
4 3 3 0 4 3 2 3 1 1 0 
3 1 1 0 0 2 3 4 1 1 4 
0 3 0 2 4 4 0 3 3 2 4 
1 1 1 0 0 0 0 0 0 0 0 
1 1 0 0 1 1 1 1 1 1 0 
1 1 0 0 1 1 1 1 1 1 1 
2 2 1 4 2 0 1 2 3 0 2 
0 4 4 4 0 3 0 3 3 2 4 
0 3 3 0 4 3 0 3 3 2 4 
4 1 2 2 2 4 0 2 1 1 2 
1 4 2 1 3 2 0 1 1 4 4 
3 2 3 3 1 2 3 2 0 2 2 
1 1 4 2 0 2 0 0 0 0 0 
MFS
[ 0 , - , - , - , - , - , - , - , - , - , - ]
[ - , - , 0 , 0 , - , - , - , - , - , - , - ]
[ - , - , - , - , - , 2 , 2 , 2 , - , 2 , - ]
[ - , 0 , - , - , - , - , - , - , - , - , 0 ]
[ 0 , - , - , - , - , - , - , - , - , 0 , - ]
[ - , 0 , - , - , - , - , - , - , - , - , - ]
precise
0.5
recall
0.15
F-measure
0.23076923076923075
multi
2
time
all 957 iden 222 gen 225
t-cover
1298
all-cover
1375
coveredNum
(1 : 581)  (2 : 424)  (3 : 212)  (4 : 78)  (5 : 16)  (6 : 16)  (7 : 10)  (8 : 8)  (9 : 10)  (10 : 8)  (11 : 7)  (12 : 4)  (13 : 1)  
real Identify
([ - , - , 0 , 0 , - , - , - , - , - , - , - ] : 1)  ([ - , 0 , - , - , - , - , - , - , - , - , 0 ] : 1)  ([ 0 , - , - , - , - , - , - , - , - , 0 , - ] : 1)  
testCase Num: 103
regaular Num: 42
identify Num: 61
1 4 2 0 1 2 3 3 1 2 3 
1 0 1 1 1 1 1 0 0 0 0 
0 1 1 1 1 1 1 0 0 0 1 
3 2 2 4 1 2 0 0 0 4 2 
0 2 3 4 0 3 4 0 2 3 3 
0 2 0 3 3 2 3 2 2 2 2 
0 0 2 3 0 3 3 3 3 3 2 
4 2 1 1 2 2 2 4 2 1 4 
1 2 2 1 3 0 3 0 0 0 3 
4 3 2 3 4 4 0 4 4 3 3 
2 1 3 2 4 2 1 2 0 0 4 
1 1 1 3 4 0 0 1 4 0 2 
1 1 1 1 0 0 0 0 0 0 0 
1 1 1 1 0 0 0 0 0 0 1 
1 1 0 0 1 1 1 0 0 0 0 
0 1 1 1 1 1 1 1 1 0 1 
0 2 3 4 1 3 4 0 0 4 3 
0 4 3 3 4 4 0 4 4 3 3 
0 2 3 4 1 3 4 0 0 4 4 
0 2 0 3 3 2 3 2 2 3 2 
4 3 3 4 1 0 3 1 3 0 4 
2 4 3 3 2 1 0 4 1 1 0 
0 2 0 3 3 2 3 2 2 3 3 
1 4 3 2 3 4 4 3 0 3 4 
3 1 2 0 2 0 4 1 3 4 4 
0 4 3 4 3 0 4 4 4 3 3 
4 1 0 4 3 3 3 2 4 1 2 
0 0 2 3 3 0 3 3 3 2 2 
4 4 2 4 0 1 4 3 0 1 1 
0 0 2 3 2 3 2 3 0 2 2 
0 2 0 3 2 2 2 2 2 2 2 
1 0 1 1 1 1 1 1 1 1 1 
0 2 0 2 2 2 2 2 2 2 2 
1 3 1 2 1 3 0 0 2 3 0 
2 2 2 2 2 0 2 3 1 2 2 
1 0 1 1 1 1 1 1 1 1 0 
1 4 3 4 4 4 2 0 2 2 0 
1 1 4 1 0 4 1 2 1 3 3 
0 1 1 1 1 1 1 1 1 1 1 
0 0 2 3 3 0 3 3 3 3 3 
1 0 1 1 0 0 0 0 0 0 0 
3 2 0 3 3 2 3 1 2 2 2 
1 0 1 1 1 0 0 0 0 0 0 
1 0 1 1 1 1 1 1 1 0 0 
0 1 1 1 1 1 1 1 0 0 1 
3 2 3 0 0 4 2 1 4 3 0 
0 3 2 3 4 4 0 4 4 3 3 
0 0 2 2 2 3 2 3 0 2 2 
3 3 0 3 1 0 2 3 2 4 1 
2 4 0 2 4 1 3 1 3 1 3 
1 4 1 2 0 4 3 0 3 4 0 
0 2 0 3 3 2 2 2 2 2 2 
1 1 0 1 0 0 0 0 0 0 0 
1 2 4 2 0 2 4 4 3 0 1 
3 2 0 3 3 2 1 2 3 2 2 
4 4 4 2 2 1 0 0 4 4 4 
1 1 0 0 1 1 1 1 0 0 0 
3 1 2 2 2 2 2 2 2 2 2 
4 1 0 3 0 3 4 0 1 2 4 
0 4 3 0 0 3 3 2 4 3 3 
2 1 0 4 2 4 3 4 1 3 1 
1 3 3 1 0 2 0 2 3 3 2 
0 4 3 4 2 4 0 4 4 3 3 
1 0 0 0 0 0 0 0 0 0 0 
0 2 3 4 4 4 0 4 4 3 3 
1 0 1 1 1 1 0 0 0 0 0 
3 4 1 1 4 0 4 2 1 4 3 
0 1 1 1 1 1 0 0 0 0 1 
3 1 2 2 2 3 2 3 3 2 2 
1 1 0 0 0 0 0 0 0 0 0 
0 0 2 3 0 3 2 3 3 2 2 
4 3 2 0 3 1 1 3 1 0 0 
0 1 1 1 1 0 0 0 0 0 1 
1 0 1 1 1 1 1 1 0 0 0 
1 1 1 0 0 1 0 0 0 3 0 
0 0 0 2 2 2 2 2 2 2 2 
1 1 3 0 0 0 0 2 0 0 1 
0 0 0 0 0 0 0 0 0 0 0 
1 3 4 3 2 3 2 1 0 0 3 
2 3 4 0 1 2 4 2 4 1 0 
0 0 1 1 0 0 0 0 0 0 0 
1 1 0 0 1 1 0 0 0 0 0 
1 2 4 0 4 3 3 4 0 2 1 
3 1 1 0 0 4 0 0 0 1 0 
0 1 1 1 0 0 0 0 0 0 1 
1 1 0 0 1 0 0 0 0 0 0 
1 1 1 1 0 0 0 0 0 1 1 
2 0 2 2 2 3 2 0 3 2 2 
1 1 0 0 1 1 1 1 1 0 0 
1 1 4 0 4 0 0 3 0 3 0 
2 3 1 1 3 3 0 3 4 2 1 
2 0 0 2 2 2 2 2 2 2 2 
3 2 0 3 3 1 2 2 2 2 2 
1 1 4 4 3 0 1 4 4 4 0 
1 1 1 0 2 0 1 0 0 0 0 
1 1 1 0 0 0 0 0 0 0 0 
0 4 3 2 3 3 0 4 4 3 3 
3 4 4 0 1 4 4 4 2 0 2 
0 4 2 3 4 4 0 4 4 3 3 
1 1 0 0 1 1 1 1 1 1 0 
1 1 0 0 1 1 1 1 1 1 1 
1 1 1 4 0 0 0 0 0 0 0 
2 4 3 4 0 3 1 0 2 4 3 
MFS
[ 0 , - , - , - , - , - , - , - , - , - , - ]
[ - , - , 0 , 0 , - , - , - , - , - , - , - ]
[ - , 0 , - , - , - , - , - , - , - , - , 0 ]
[ - , - , 0 , - , - , 2 , - , 2 , 2 , - , - ]
[ 0 , - , - , - , - , - , - , - , - , 0 , - ]
[ - , 0 , - , - , - , - , - , - , - , - , - ]
precise
0.5
recall
0.15
F-measure
0.23076923076923075
multi
1
time
all 1367 iden 260 gen 466
t-cover
1298
all-cover
1375
coveredNum
(1 : 610)  (2 : 408)  (3 : 189)  (4 : 75)  (5 : 33)  (6 : 10)  (7 : 9)  (8 : 10)  (9 : 4)  (10 : 10)  (11 : 9)  (12 : 6)  (13 : 1)  (14 : 1)  
real Identify
([ - , - , 0 , 0 , - , - , - , - , - , - , - ] : 1)  ([ - , 0 , - , - , - , - , - , - , - , - , 0 ] : 1)  ([ 0 , - , - , - , - , - , - , - , - , 0 , - ] : 1)  
testCase Num: 97
regaular Num: 46
identify Num: 51
1 0 1 1 1 1 1 0 0 0 0 
3 3 2 3 2 0 1 3 3 2 3 
1 1 3 0 2 2 2 0 1 2 2 
2 0 0 4 3 2 4 4 0 4 3 
2 0 0 3 3 2 4 4 0 4 3 
0 1 1 1 1 1 1 0 0 0 1 
2 0 4 4 3 2 4 4 0 4 3 
3 1 4 3 2 0 3 0 2 4 0 
0 2 0 4 3 2 4 4 0 4 3 
4 4 3 0 1 4 1 0 2 4 3 
1 1 1 1 0 0 0 0 0 0 0 
1 1 1 1 0 0 0 0 0 0 1 
1 1 0 0 1 1 1 0 0 0 0 
0 1 1 1 1 1 1 1 1 0 1 
0 2 3 3 4 3 0 0 1 3 3 
1 3 1 3 4 4 3 2 4 2 1 
2 1 2 4 3 4 4 0 1 0 4 
0 2 0 3 4 3 3 2 0 4 3 
1 1 3 0 0 0 3 0 0 0 0 
3 3 0 1 4 4 1 1 3 0 4 
1 0 1 1 1 1 1 1 1 1 1 
1 0 1 1 1 1 1 1 1 1 0 
2 0 3 0 4 3 0 3 2 3 3 
1 2 4 4 3 2 4 4 0 4 3 
0 2 3 0 3 2 4 4 0 4 3 
0 1 1 1 1 1 1 1 1 1 1 
3 1 3 0 2 1 3 4 4 0 1 
2 2 3 0 4 3 3 3 3 1 0 
2 4 2 1 4 2 3 0 0 4 2 
1 0 1 1 0 0 0 0 0 0 0 
1 0 1 1 1 0 0 0 0 0 0 
3 0 3 2 4 3 0 0 1 2 2 
1 4 4 2 0 3 1 3 3 0 1 
1 2 0 3 2 3 3 1 1 0 3 
1 0 1 1 1 1 1 1 1 0 0 
1 1 1 0 0 0 0 0 2 0 0 
0 1 1 1 1 1 1 1 0 0 1 
1 3 4 0 3 1 2 1 3 3 2 
1 4 1 3 3 0 2 0 3 1 1 
2 2 0 1 2 4 2 3 0 1 1 
4 1 2 0 4 1 4 2 0 3 1 
2 3 4 3 0 4 0 4 1 3 2 
1 1 0 1 0 0 0 0 0 0 0 
4 1 4 1 4 3 2 4 2 2 4 
1 1 0 2 0 0 0 0 0 2 0 
0 2 3 0 4 3 4 4 0 4 3 
4 1 4 0 0 0 1 2 3 1 2 
1 1 0 0 1 1 1 1 0 0 0 
1 1 3 3 2 2 0 2 2 1 4 
2 4 4 3 1 0 4 4 4 2 0 
1 1 1 0 0 0 1 0 4 0 0 
1 0 0 0 0 0 0 0 0 0 0 
1 0 1 1 1 1 0 0 0 0 0 
0 1 1 1 1 1 0 0 0 0 1 
0 2 3 0 4 3 3 0 3 2 2 
2 0 3 0 4 3 4 4 0 4 3 
1 1 0 0 0 0 0 0 0 0 0 
2 0 3 0 4 2 4 4 0 4 3 
1 1 0 1 0 0 4 4 0 0 0 
0 1 1 1 1 0 0 0 0 0 1 
1 0 1 1 1 1 1 1 0 0 0 
4 0 3 0 4 3 2 4 0 4 3 
2 0 3 0 4 3 3 2 0 4 3 
0 2 3 0 4 2 4 4 0 4 3 
0 0 0 0 0 0 0 0 0 0 0 
0 0 1 1 0 0 0 0 0 0 0 
4 1 2 0 0 3 0 4 0 0 4 
1 1 0 0 1 1 0 0 0 0 0 
0 1 1 1 0 0 0 0 0 0 1 
4 1 1 4 2 2 4 3 3 3 2 
1 1 0 0 1 0 0 0 0 0 0 
1 1 1 1 0 0 0 0 0 1 1 
4 1 0 2 4 0 0 3 1 4 3 
1 1 0 0 1 1 1 1 1 0 0 
1 1 1 0 1 0 3 0 0 0 0 
4 4 3 2 3 0 3 1 4 3 4 
3 3 0 2 1 3 4 0 4 1 2 
4 2 2 3 0 1 0 1 0 2 4 
0 0 4 4 3 2 4 4 0 4 3 
2 0 3 0 4 3 3 0 2 4 3 
2 1 0 4 4 1 3 3 2 3 3 
1 1 1 0 0 0 0 0 0 0 0 
2 2 2 2 1 2 2 2 2 0 2 
2 4 1 4 1 3 0 3 3 4 4 
4 3 2 2 1 1 1 0 0 3 0 
1 1 0 0 1 1 1 1 1 1 0 
1 1 0 0 1 1 1 1 1 1 1 
0 2 4 4 3 2 4 4 0 4 3 
1 1 3 1 3 2 0 3 4 4 0 
3 3 3 4 0 2 4 1 2 4 1 
3 4 0 4 2 1 2 2 1 4 0 
1 2 2 4 0 0 2 0 4 1 3 
2 3 0 4 3 2 1 1 2 2 0 
3 2 1 1 3 3 0 2 0 3 3 
0 2 3 0 4 3 2 4 0 4 3 
1 2 1 2 2 4 1 4 3 1 0 
0 2 0 3 4 3 2 0 4 4 3 
MFS
[ 0 , - , - , - , - , - , - , - , - , - , - ]
[ - , - , 0 , 0 , - , - , - , - , - , - , - ]
[ - , 0 , - , - , - , - , - , - , - , - , 0 ]
[ 0 , - , - , - , - , - , - , - , - , 0 , - ]
[ - , 0 , - , - , - , - , - , - , - , - , - ]
precise
0.6
recall
0.15
F-measure
0.24
multi
2
time
all 1032 iden 310 gen 297
t-cover
1298
all-cover
1375
coveredNum
(1 : 615)  (2 : 433)  (3 : 167)  (4 : 80)  (5 : 19)  (6 : 15)  (7 : 6)  (8 : 9)  (9 : 6)  (10 : 8)  (11 : 7)  (12 : 4)  (13 : 4)  (14 : 2)  
real Identify
([ - , - , 0 , 0 , - , - , - , - , - , - , - ] : 1)  ([ - , 0 , - , - , - , - , - , - , - , - , 0 ] : 1)  ([ 0 , - , - , - , - , - , - , - , - , 0 , - ] : 1)  
testCase Num: 117
regaular Num: 42
identify Num: 75
0 0 3 4 4 4 3 4 0 2 2 
1 0 1 1 1 1 1 0 0 0 0 
0 3 4 2 2 4 4 1 0 3 0 
0 2 2 3 0 4 4 1 0 3 0 
1 4 1 1 3 2 2 3 0 4 2 
3 2 3 4 3 1 0 0 2 3 4 
0 1 1 1 1 1 1 0 0 0 1 
0 2 2 4 3 2 0 2 2 1 0 
4 0 2 2 0 3 4 3 3 4 4 
0 0 3 0 4 4 3 4 4 2 4 
0 2 3 4 0 3 4 3 3 4 4 
1 1 0 1 3 0 0 1 4 2 0 
3 2 4 1 4 4 3 4 4 2 1 
3 2 4 0 4 4 3 4 4 2 1 
1 4 2 4 4 0 4 4 1 2 2 
4 1 2 1 2 3 2 4 2 3 1 
0 4 1 3 4 4 3 4 4 2 1 
1 1 1 1 0 0 0 0 0 0 0 
1 1 1 1 0 0 0 0 0 0 1 
1 1 0 0 1 1 1 0 0 0 0 
4 4 4 0 2 3 0 2 1 4 3 
0 1 1 1 1 1 1 1 1 0 1 
0 3 2 0 2 2 2 4 4 2 1 
0 2 4 2 2 4 4 1 0 3 0 
4 0 2 2 3 3 4 0 3 4 4 
0 2 2 3 0 3 4 1 0 3 0 
0 2 3 4 0 4 4 3 3 4 4 
4 3 2 0 4 2 1 2 2 1 0 
4 2 2 3 1 1 0 3 0 2 0 
1 3 4 2 2 4 4 1 0 3 0 
0 0 3 2 3 3 4 0 3 4 4 
4 1 2 2 3 3 4 4 3 4 4 
1 3 0 4 4 3 1 1 0 2 4 
1 0 1 1 1 1 1 1 1 1 1 
1 0 1 1 1 1 1 1 1 1 0 
2 3 0 1 1 4 0 4 3 1 3 
3 4 2 2 1 3 4 0 3 4 4 
0 1 1 1 1 1 1 1 1 1 1 
1 1 1 0 0 3 3 0 0 0 2 
1 1 4 2 0 0 0 0 2 4 4 
0 2 2 4 2 4 4 1 0 3 0 
0 2 2 4 3 3 0 2 0 3 0 
0 3 4 0 4 4 3 4 4 2 1 
2 1 2 4 1 1 3 4 0 0 3 
1 0 1 1 0 0 0 0 0 0 0 
1 0 1 1 1 0 0 0 0 0 0 
0 4 3 4 0 4 2 3 3 4 4 
3 1 1 3 2 0 3 2 3 0 4 
1 0 1 1 1 1 1 1 1 0 0 
0 4 2 2 0 3 4 3 3 4 4 
3 4 1 4 2 3 2 1 4 1 0 
0 1 1 1 1 1 1 1 0 0 1 
1 1 2 0 2 4 0 3 4 4 4 
2 2 0 2 2 1 2 2 2 2 2 
0 0 3 0 4 2 4 2 3 4 4 
0 0 3 3 4 0 2 4 4 4 4 
0 3 2 0 2 4 3 4 4 2 1 
3 1 1 2 4 2 0 1 4 0 2 
1 2 2 3 0 3 3 1 2 0 3 
1 1 0 1 0 0 0 0 0 0 0 
0 0 2 2 3 3 4 0 3 4 4 
2 3 1 0 0 1 4 2 4 3 1 
1 1 0 0 1 1 1 1 0 0 0 
0 2 4 0 4 4 3 4 4 2 1 
1 0 0 0 0 0 0 0 0 0 0 
2 4 3 4 0 2 1 4 3 4 4 
0 0 2 2 0 3 4 3 3 4 4 
1 0 1 1 1 1 0 0 0 0 0 
0 2 2 4 3 0 0 2 2 3 0 
1 1 0 1 0 0 2 0 3 0 0 
0 1 1 1 1 1 0 0 0 0 1 
1 1 0 2 0 0 0 0 0 1 1 
1 1 0 0 0 0 0 0 0 0 0 
2 2 4 2 3 0 1 3 1 0 0 
1 1 0 3 0 0 4 0 0 4 0 
0 0 3 4 2 2 0 4 3 4 4 
0 3 2 0 2 2 4 1 4 2 1 
0 1 1 1 1 0 0 0 0 0 1 
1 0 1 1 1 1 1 1 0 0 0 
0 3 2 0 2 2 4 1 0 2 1 
0 0 0 0 0 0 0 0 0 0 0 
0 0 1 1 0 0 0 0 0 0 0 
1 4 4 0 1 1 1 4 3 3 2 
1 1 0 0 1 1 0 0 0 0 0 
0 4 3 2 0 3 4 3 3 4 4 
0 1 1 1 0 0 0 0 0 0 1 
0 2 3 4 0 4 1 3 4 4 4 
0 3 2 0 2 2 4 1 2 3 1 
1 1 0 0 1 0 0 0 0 0 0 
1 1 1 1 0 0 0 0 0 1 1 
0 4 3 4 0 4 0 3 4 2 2 
0 2 2 4 3 0 0 2 2 1 3 
1 1 0 0 1 1 1 1 1 0 0 
2 1 3 4 4 3 4 3 3 4 4 
0 3 2 0 2 3 3 4 4 2 1 
0 3 2 0 4 4 3 4 4 2 1 
1 1 3 2 2 2 1 0 4 2 3 
0 2 2 2 2 4 4 1 0 3 0 
0 2 2 3 0 3 2 1 0 3 0 
3 3 0 3 3 2 3 3 1 3 3 
1 1 3 1 3 4 2 2 1 1 4 
1 1 4 4 0 0 0 0 0 0 0 
4 3 0 2 4 1 3 0 4 4 0 
4 2 1 0 4 0 2 3 2 3 3 
4 1 0 1 0 4 4 2 0 1 3 
0 0 3 3 2 3 4 0 3 4 4 
3 1 3 3 0 4 1 4 3 2 0 
1 1 1 0 0 0 0 0 0 0 0 
0 3 2 0 2 2 4 2 2 1 0 
2 1 4 3 0 4 2 0 1 1 2 
1 1 0 0 1 1 1 1 1 1 0 
1 1 0 0 1 1 1 1 1 1 1 
2 2 4 0 1 2 4 1 3 4 1 
1 4 0 4 1 4 4 2 2 0 1 
0 2 3 4 0 4 0 3 4 2 4 
3 2 3 0 3 4 3 3 0 1 1 
4 3 3 4 1 0 2 1 4 0 2 
MFS
[ 0 , - , - , - , - , - , - , - , - , - , - ]
[ 0 , - , - , 0 , - , - , - , - , - , - , - ]
[ - , - , 0 , 0 , - , - , - , - , - , - , - ]
[ - , 0 , - , - , - , - , - , - , - , - , 0 ]
[ - , - , - , - , 0 , - , - , 3 , - , - , - ]
[ 0 , - , - , - , - , - , - , - , - , 0 , - ]
[ - , 0 , - , - , - , - , - , - , - , - , - ]
precise
0.5714285714285714
recall
0.2
F-measure
0.29629629629629634
multi
2
time
all 1411 iden 282 gen 477
t-cover
1306
all-cover
1375
coveredNum
(1 : 591)  (2 : 408)  (3 : 203)  (4 : 85)  (5 : 31)  (6 : 19)  (7 : 7)  (8 : 8)  (9 : 6)  (10 : 6)  (11 : 2)  (12 : 6)  (13 : 1)  (14 : 1)  (15 : 1)  
real Identify
([ 0 , - , - , 0 , - , - , - , - , - , - , - ] : 1)  ([ - , - , 0 , 0 , - , - , - , - , - , - , - ] : 1)  ([ - , 0 , - , - , - , - , - , - , - , - , 0 ] : 1)  ([ 0 , - , - , - , - , - , - , - , - , 0 , - ] : 1)  
