testCase Num: 52
regaular Num: 10
identify Num: 42
2 2 2 1 2 1 0 1 1 0 
2 2 1 1 2 1 0 1 1 0 
1 1 1 1 1 1 1 0 0 0 
2 1 1 0 0 1 2 2 0 2 
2 2 2 2 2 0 2 2 2 0 
2 2 2 2 2 0 1 0 1 2 
0 0 2 2 1 1 1 0 2 2 
2 2 2 2 1 1 0 1 1 0 
2 2 2 2 2 2 1 0 2 0 
2 1 1 0 2 1 2 1 0 1 
0 0 0 0 1 2 0 2 2 2 
2 1 2 0 0 1 2 0 1 1 
1 1 1 1 1 1 0 1 0 0 
0 0 0 2 1 2 0 2 0 1 
1 1 2 2 0 2 1 1 2 1 
1 1 2 2 1 1 1 0 2 2 
0 0 0 0 0 0 0 0 0 0 
1 0 2 2 1 1 1 0 2 2 
2 1 1 1 2 2 0 2 2 2 
2 1 1 0 1 2 0 2 2 2 
2 1 2 1 0 1 2 0 1 1 
1 1 0 1 2 1 2 1 1 0 
2 2 2 2 1 2 0 2 0 1 
1 1 1 1 1 1 1 1 0 0 
1 1 1 1 1 1 0 0 1 1 
2 2 0 2 1 2 0 2 0 1 
2 1 2 1 0 2 0 1 0 2 
2 0 1 1 2 2 2 1 1 0 
1 2 2 1 0 1 2 2 0 2 
2 1 1 1 2 1 0 1 1 0 
0 2 2 2 1 2 1 2 0 1 
2 2 2 2 2 2 0 2 2 0 
2 1 1 1 1 2 0 2 2 2 
2 1 2 1 1 1 2 0 1 1 
1 1 1 1 1 1 0 0 0 0 
1 1 2 2 0 2 1 1 0 1 
1 1 1 1 1 1 1 2 1 0 
0 0 0 0 0 0 2 2 2 0 
1 1 1 2 1 1 1 0 2 2 
0 1 1 1 2 1 0 1 1 0 
1 1 1 1 1 1 2 1 0 0 
2 2 2 1 2 2 0 2 0 1 
2 2 2 2 2 2 2 2 2 0 
0 0 0 0 0 1 2 0 1 1 
1 1 1 1 2 1 1 0 2 2 
1 2 1 1 2 1 2 2 0 2 
0 0 0 0 0 1 2 2 0 2 
1 1 1 1 1 0 0 0 0 0 
1 1 1 1 1 1 0 1 1 1 
1 2 1 2 0 2 1 1 1 2 
1 1 1 1 1 1 0 1 1 0 
2 1 1 1 0 2 0 2 2 2 
MFS
[ 0 , - , - , - , - , - , - , - , - , - ]
[ - , - , - , - , - , - , 0 , 0 , - , - ]
[ - , - , - , - , - , 0 , - , - , - , - ]
[ - , - , - , - , 0 , - , - , - , 0 , - ]
[ - , - , - , - , 0 , - , - , - , - , - ]
[ - , - , - , 0 , - , - , - , - , - , - ]
[ - , - , 0 , - , - , - , - , - , - , - ]
[ - , 0 , - , - , - , - , - , - , - , - ]
precise
0.25
recall
0.05
F-measure
0.08333333333333334
multi
8
time
all 80 iden 18 gen 3
t-cover
272
all-cover
405
coveredNum
(1 : 170)  (2 : 49)  (3 : 53)  (4 : 30)  (5 : 32)  (6 : 24)  (7 : 18)  (8 : 9)  (9 : 8)  (10 : 1)  (11 : 5)  (12 : 4)  (13 : 2)  
real Identify
([ - , - , - , - , - , - , 0 , 0 , - , - ] : 1)  ([ - , - , - , - , 0 , - , - , - , 0 , - ] : 1)  
testCase Num: 46
regaular Num: 11
identify Num: 35
2 1 1 1 1 1 0 1 0 2 
1 2 1 1 1 1 1 0 2 1 
1 2 2 0 1 2 0 2 2 2 
1 1 1 1 1 1 1 0 0 0 
1 1 1 1 1 1 2 0 1 0 
2 2 2 2 2 0 2 2 0 1 
2 2 2 2 2 0 1 0 1 2 
2 1 2 1 0 1 2 0 2 2 
0 0 0 0 0 1 2 0 2 2 
0 0 0 0 1 2 0 2 2 2 
0 0 0 1 2 2 2 1 1 0 
1 2 2 0 2 1 2 1 1 0 
2 2 2 2 2 2 2 2 0 1 
1 0 1 1 1 1 1 2 1 2 
1 2 2 2 1 2 0 2 2 2 
1 1 2 2 2 1 1 2 1 2 
1 1 1 1 1 1 0 1 0 0 
1 1 1 1 1 1 0 0 0 0 
1 1 2 1 1 1 1 2 1 2 
1 1 1 1 1 1 1 2 1 2 
1 1 1 1 1 1 0 2 0 0 
1 1 2 2 2 2 0 1 2 0 
1 1 2 0 0 1 2 0 2 2 
0 0 0 0 0 0 0 0 0 0 
1 0 2 2 2 2 0 1 2 0 
1 2 1 2 2 2 0 2 2 2 
2 2 2 2 1 2 2 1 1 0 
2 1 0 2 1 1 0 2 0 2 
1 1 1 2 2 2 0 1 2 0 
0 0 0 0 0 0 2 2 0 1 
2 2 1 1 0 2 0 2 1 0 
2 1 1 1 2 1 2 0 2 2 
1 1 1 1 1 2 0 1 2 0 
0 0 1 1 1 1 1 2 1 2 
1 0 1 1 1 1 2 0 0 1 
2 2 2 2 2 2 1 2 0 1 
2 2 2 1 2 2 2 1 1 0 
2 2 2 2 2 2 1 0 0 1 
1 1 1 1 1 0 0 0 0 0 
2 0 2 2 2 2 0 1 2 0 
2 2 0 1 2 2 2 1 1 0 
1 1 1 1 1 1 0 1 1 1 
1 1 1 1 1 1 1 1 0 0 
1 1 1 1 1 1 0 1 1 0 
1 1 1 1 1 1 0 0 1 1 
0 1 2 2 2 2 0 1 2 0 
MFS
[ 0 , - , - , - , - , - , - , - , - , - ]
[ - , - , - , - , - , - , 0 , 0 , - , - ]
[ - , - , - , - , - , 0 , - , - , - , - ]
[ - , - , - , - , 0 , - , - , - , - , - ]
[ - , - , - , 0 , - , - , - , - , - , - ]
[ - , - , 0 , - , - , - , - , - , - , - ]
[ - , 0 , - , - , - , - , - , - , - , - ]
precise
0.14285714285714285
recall
0.025
F-measure
0.0425531914893617
multi
6
time
all 103 iden 26 gen 5
t-cover
267
all-cover
405
coveredNum
(1 : 173)  (2 : 54)  (3 : 58)  (4 : 31)  (5 : 32)  (6 : 13)  (7 : 18)  (8 : 8)  (9 : 3)  (11 : 1)  (12 : 8)  (13 : 6)  
real Identify
([ - , - , - , - , - , - , 0 , 0 , - , - ] : 1)  
testCase Num: 44
regaular Num: 9
identify Num: 35
1 1 1 1 1 1 1 0 0 0 
2 2 2 1 1 2 1 0 2 1 
2 2 2 2 2 0 2 2 2 0 
2 2 1 1 1 2 1 0 2 1 
0 2 1 1 2 1 0 2 0 2 
1 1 0 2 1 2 2 0 0 1 
2 2 1 2 2 2 1 0 2 1 
2 2 2 2 2 2 0 2 2 0 
2 0 2 1 1 2 1 0 2 1 
2 1 1 1 2 1 0 2 0 2 
2 2 2 1 0 1 1 2 0 1 
1 1 2 2 2 1 1 2 1 1 
1 1 2 0 2 1 1 2 2 2 
0 0 2 0 2 2 2 0 0 1 
1 1 1 1 1 1 0 1 0 0 
1 1 1 1 1 1 0 0 0 0 
2 1 2 1 2 1 0 2 0 2 
1 1 1 1 1 1 2 1 0 2 
0 0 0 0 0 0 2 2 2 0 
2 2 1 0 1 1 1 2 1 0 
0 0 0 0 0 2 2 0 1 2 
2 2 1 1 2 1 0 2 0 2 
1 1 2 2 1 1 1 2 2 2 
0 0 0 0 0 0 0 0 0 0 
2 1 2 1 0 2 2 0 1 2 
0 0 2 1 1 2 1 0 2 1 
0 1 2 2 1 2 1 0 1 0 
1 2 1 2 2 2 2 0 0 1 
2 0 1 2 2 1 2 1 1 0 
1 1 0 0 2 1 1 2 2 2 
2 1 2 2 1 1 0 2 0 2 
2 2 2 2 2 2 2 2 2 0 
2 2 2 2 2 2 0 1 2 0 
1 1 2 0 0 2 2 0 1 2 
1 1 1 1 1 0 0 0 0 0 
2 2 2 2 2 0 0 1 0 2 
2 2 1 1 1 2 2 0 1 2 
1 1 1 1 1 1 0 1 1 1 
2 1 1 2 1 2 2 0 0 1 
1 1 1 1 1 1 1 1 0 0 
1 1 1 1 1 1 0 1 1 0 
1 1 1 1 1 1 0 0 1 1 
0 0 0 0 2 1 1 2 2 2 
2 1 1 0 2 2 2 0 0 1 
MFS
[ 0 , - , - , - , - , - , - , - , - , - ]
[ - , - , - , - , - , - , 0 , 0 , - , - ]
[ - , - , - , - , - , 0 , - , - , - , - ]
[ - , - , - , - , 0 , - , - , - , - , - ]
[ - , - , - , 0 , - , - , - , - , - , - ]
[ - , - , 0 , - , - , - , - , - , - , - ]
[ - , 0 , - , - , - , - , - , - , - , - ]
precise
0.14285714285714285
recall
0.025
F-measure
0.0425531914893617
multi
7
time
all 78 iden 16 gen 0
t-cover
267
all-cover
405
coveredNum
(1 : 187)  (2 : 36)  (3 : 54)  (4 : 40)  (5 : 37)  (6 : 24)  (7 : 9)  (8 : 10)  (9 : 6)  (10 : 1)  (12 : 1)  
real Identify
([ - , - , - , - , - , - , 0 , 0 , - , - ] : 1)  
testCase Num: 45
regaular Num: 10
identify Num: 35
1 2 1 2 1 1 2 2 0 2 
2 1 2 0 2 2 0 1 0 2 
2 1 2 0 1 1 2 2 1 0 
1 1 1 1 1 1 1 0 0 0 
1 1 1 1 1 1 2 0 1 0 
1 2 2 1 2 1 2 1 2 0 
2 2 2 2 2 2 1 0 2 1 
1 2 0 1 2 1 2 1 2 0 
2 2 2 2 2 0 2 0 2 1 
0 2 1 2 1 2 0 2 1 0 
1 1 0 2 1 2 1 0 1 2 
2 1 2 1 1 2 0 1 0 2 
2 1 1 2 1 1 2 1 2 0 
2 1 1 2 1 2 0 2 1 0 
1 1 1 1 1 1 0 1 0 0 
2 2 1 2 1 2 0 2 1 0 
1 1 1 1 1 1 0 1 2 2 
1 1 1 1 1 1 0 0 0 0 
2 1 2 2 1 2 0 2 1 0 
0 1 2 1 2 1 1 0 0 1 
1 1 1 1 1 1 0 1 0 1 
1 0 1 2 2 2 1 0 1 2 
0 0 0 0 0 0 2 0 2 1 
1 2 1 0 0 1 2 2 0 2 
0 0 0 0 0 0 0 0 0 0 
2 1 1 2 0 2 0 1 2 0 
0 0 0 0 2 2 0 1 0 2 
1 2 1 2 2 2 1 0 1 2 
2 1 2 1 2 2 0 1 0 2 
1 0 2 1 1 1 0 2 2 0 
1 2 2 2 2 2 1 0 1 2 
1 2 2 1 1 2 1 0 1 2 
2 2 2 2 2 2 2 0 2 1 
2 2 1 1 0 1 2 2 0 2 
2 2 2 2 2 2 1 2 2 1 
0 0 0 0 0 1 2 2 0 2 
1 1 1 1 1 0 0 0 0 0 
0 0 1 2 2 2 1 0 1 2 
2 2 2 2 2 0 0 2 0 2 
1 1 1 1 1 1 0 1 1 1 
1 1 1 1 1 1 1 1 0 0 
1 1 1 1 1 1 0 1 1 0 
1 1 1 1 1 1 0 0 1 1 
2 1 2 1 2 2 0 2 1 0 
0 0 0 1 2 1 2 1 2 0 
MFS
[ 0 , - , - , - , - , - , - , - , - , - ]
[ - , - , - , - , - , - , 0 , 0 , - , - ]
[ - , - , - , - , - , 0 , - , - , - , - ]
[ - , - , - , - , 0 , - , - , - , - , - ]
[ - , - , - , 0 , - , - , - , - , - , - ]
[ - , - , 0 , - , - , - , - , - , - , - ]
[ - , 0 , - , - , - , - , - , - , - , - ]
precise
0.14285714285714285
recall
0.025
F-measure
0.0425531914893617
multi
7
time
all 78 iden 32 gen 16
t-cover
258
all-cover
405
coveredNum
(1 : 178)  (2 : 50)  (3 : 57)  (4 : 31)  (5 : 32)  (6 : 15)  (7 : 14)  (8 : 7)  (9 : 9)  (10 : 9)  (11 : 1)  (12 : 2)  
real Identify
([ - , - , - , - , - , - , 0 , 0 , - , - ] : 1)  
testCase Num: 57
regaular Num: 9
identify Num: 48
1 2 0 2 1 1 2 0 0 0 
1 2 1 2 1 1 2 0 0 0 
1 1 1 1 1 1 1 0 0 0 
2 2 0 1 1 1 2 0 0 1 
2 2 0 1 2 2 1 0 0 0 
1 2 1 1 2 1 2 0 0 0 
0 0 2 1 1 1 1 0 1 0 
2 2 1 1 0 1 2 1 1 2 
1 1 1 1 1 1 0 1 0 0 
1 1 2 1 1 1 0 1 0 2 
1 2 1 2 2 1 2 0 0 1 
1 2 1 2 2 1 0 1 0 2 
1 0 1 2 2 2 0 1 0 2 
1 1 2 2 0 2 1 2 0 1 
0 0 0 0 0 0 0 0 0 0 
1 1 2 1 2 1 1 2 2 0 
0 1 2 1 1 1 0 1 0 2 
1 2 2 0 0 2 1 2 1 0 
2 2 2 2 2 0 0 2 2 2 
1 2 2 1 0 1 2 0 2 1 
2 1 2 1 1 1 1 0 1 0 
1 1 1 1 1 1 1 1 0 0 
1 1 1 1 1 1 0 0 1 1 
2 2 1 0 0 2 1 2 0 1 
2 2 2 2 1 2 2 2 2 2 
0 0 0 0 0 2 1 2 1 0 
1 1 2 0 1 2 2 1 0 2 
2 1 1 2 2 1 1 0 1 0 
1 1 2 1 1 1 1 2 2 0 
2 1 0 1 2 2 0 1 1 0 
2 0 2 1 1 1 1 0 1 0 
2 1 2 1 2 2 1 2 0 1 
0 0 0 0 2 1 1 2 2 0 
2 2 2 2 2 0 2 0 0 1 
2 2 0 2 2 2 0 2 2 2 
0 0 0 2 1 1 2 0 0 0 
2 2 2 2 2 2 0 2 2 2 
1 1 2 0 2 1 1 2 2 0 
2 2 1 2 0 1 2 1 0 0 
1 1 1 1 1 1 0 0 0 0 
0 0 0 0 0 2 1 2 0 1 
1 2 1 1 1 1 0 1 0 2 
2 2 1 2 0 1 2 1 0 1 
1 2 2 1 1 1 0 1 0 2 
1 2 1 1 1 1 2 0 0 1 
0 0 0 0 0 0 0 2 2 2 
1 2 1 2 2 2 1 2 1 0 
2 1 1 2 0 1 2 1 2 1 
0 0 0 1 1 1 2 0 0 1 
2 2 2 2 2 2 2 0 2 2 
1 1 1 1 1 0 0 0 0 0 
1 1 1 1 1 1 0 1 1 1 
1 1 1 1 1 1 0 1 1 0 
1 1 0 1 2 2 1 1 1 2 
0 2 1 2 2 2 1 0 1 0 
1 2 2 2 0 2 1 2 1 0 
2 1 1 1 1 1 1 0 1 0 
MFS
[ - , - , 0 , - , - , - , - , - , - , 0 ]
[ 0 , - , - , - , - , - , - , - , - , - ]
[ - , - , - , - , - , - , 0 , 0 , - , - ]
[ - , - , - , - , - , 0 , - , - , - , - ]
[ - , - , - , - , 0 , - , - , - , 0 , - ]
[ - , - , - , - , 0 , - , - , - , - , - ]
[ - , - , - , 0 , - , - , - , - , - , - ]
[ - , - , 0 , - , - , - , - , - , - , - ]
[ - , 0 , - , - , - , - , - , - , - , - ]
precise
0.3333333333333333
recall
0.075
F-measure
0.12244897959183673
multi
9
time
all 110 iden 47 gen 31
t-cover
282
all-cover
405
coveredNum
(1 : 174)  (2 : 45)  (3 : 38)  (4 : 47)  (5 : 36)  (6 : 17)  (7 : 11)  (8 : 10)  (9 : 12)  (10 : 2)  (11 : 4)  (12 : 4)  (13 : 2)  (15 : 3)  
real Identify
([ - , - , 0 , - , - , - , - , - , - , 0 ] : 1)  ([ - , - , - , - , - , - , 0 , 0 , - , - ] : 1)  ([ - , - , - , - , 0 , - , - , - , 0 , - ] : 1)  
