testCase Num: 193
regaular Num: 21
identify Num: 172
2 3 1 3 3 3 3 3 1 3 1 
1 1 1 0 0 0 0 0 1 1 0 
1 1 1 1 1 1 1 0 0 1 0 
1 1 1 1 1 1 1 1 1 1 0 
2 2 2 2 2 2 0 0 0 0 0 
3 3 1 1 1 1 1 3 3 3 0 
3 3 1 3 1 1 1 3 3 3 0 
1 1 3 1 1 1 1 3 3 3 0 
2 3 2 2 4 3 2 3 3 2 1 
3 3 1 3 3 3 1 1 1 1 0 
1 1 0 0 0 1 1 1 1 1 0 
3 3 1 2 3 3 3 3 3 1 1 
2 2 1 1 4 3 2 4 3 4 2 
2 2 1 1 4 3 2 4 3 4 3 
1 1 1 1 1 1 1 0 0 0 0 
2 2 0 0 0 0 0 0 0 0 0 
1 1 1 1 1 1 1 1 0 0 0 
2 4 1 1 4 4 4 4 2 4 1 
3 3 1 3 3 1 1 1 3 3 0 
3 3 1 3 3 3 3 3 1 3 0 
3 1 3 1 1 1 1 3 3 3 0 
0 1 1 1 1 1 1 1 1 1 1 
2 2 2 2 2 2 2 2 0 0 0 
1 1 1 1 1 1 1 0 1 1 1 
1 1 1 1 1 1 1 0 1 1 0 
1 1 1 1 1 1 1 1 0 1 0 
3 1 1 3 3 3 3 3 3 3 0 
1 1 1 1 1 1 1 1 0 1 1 
3 3 3 1 1 1 3 3 3 3 0 
3 3 1 1 1 1 1 1 1 3 0 
0 1 1 1 1 1 1 1 1 1 0 
1 3 1 3 3 3 2 3 3 3 1 
2 3 4 1 3 3 2 2 2 4 1 
3 3 1 3 3 3 1 1 3 3 0 
3 3 1 3 2 3 3 1 3 3 1 
0 0 0 0 0 0 1 1 1 1 0 
2 2 1 1 4 4 4 4 2 4 1 
2 4 1 2 2 2 4 3 2 2 0 
1 3 1 1 3 3 3 3 3 3 0 
2 2 1 1 4 3 2 4 3 2 3 
3 2 1 3 1 3 3 3 3 3 1 
4 2 3 3 2 2 4 4 3 3 1 
3 3 1 3 3 3 3 3 1 1 0 
3 1 3 1 1 1 1 1 1 3 0 
3 2 4 1 2 4 4 4 2 4 1 
2 2 1 2 2 4 3 2 4 2 1 
2 4 1 1 3 4 4 2 2 2 3 
3 1 3 1 1 3 3 3 3 3 0 
3 3 1 1 1 1 1 1 1 1 0 
1 1 1 1 1 0 0 0 0 0 0 
3 3 1 3 1 1 1 1 1 1 0 
4 3 4 4 3 4 4 2 2 2 3 
2 4 1 4 3 4 4 2 2 2 3 
1 0 0 0 0 0 0 0 0 0 0 
2 4 2 4 3 2 2 2 2 2 1 
3 3 1 3 3 1 3 3 3 3 0 
4 4 4 1 4 2 2 4 4 4 0 
1 1 1 1 1 1 0 0 0 1 0 
1 1 0 0 0 0 0 0 0 1 0 
1 1 0 0 0 0 0 0 0 0 0 
1 1 1 1 1 1 0 0 0 0 0 
0 0 0 1 1 1 1 1 1 1 0 
2 2 1 4 3 3 4 3 2 3 3 
3 3 1 3 3 1 1 1 1 3 0 
3 4 2 2 2 3 3 2 3 4 3 
1 1 1 1 1 0 0 0 1 1 0 
1 0 0 0 0 0 0 0 1 1 0 
2 2 1 4 3 3 4 3 2 3 1 
3 3 1 3 3 3 3 3 3 3 0 
1 1 1 1 1 1 0 0 1 1 0 
1 0 0 0 0 0 1 1 1 1 0 
3 1 3 1 1 1 1 1 1 1 0 
1 1 1 1 0 1 1 1 1 1 1 
3 3 1 1 1 1 1 1 3 3 0 
3 2 1 3 3 1 3 3 3 3 1 
1 1 1 1 1 0 0 1 1 1 0 
3 1 1 1 3 3 3 3 3 3 0 
3 2 4 1 4 4 4 4 2 4 1 
3 3 1 3 1 1 1 1 1 3 0 
1 1 1 1 0 1 1 1 1 1 0 
1 1 1 1 0 0 0 0 0 1 0 
3 3 1 3 3 3 3 3 3 1 0 
4 3 1 1 3 4 4 2 2 2 3 
3 3 1 3 1 3 3 3 3 3 0 
1 1 0 0 1 1 1 1 1 1 0 
2 3 4 1 2 3 2 4 2 4 1 
2 3 4 1 2 2 3 3 4 2 2 
1 1 1 1 1 0 0 0 0 1 0 
2 2 1 3 3 2 4 3 4 2 1 
1 1 1 1 1 1 1 1 1 0 0 
2 4 4 1 3 4 4 2 2 2 3 
1 1 1 1 1 1 1 1 1 0 1 
2 2 1 1 4 3 3 3 2 2 3 
3 2 4 2 3 3 2 2 3 3 2 
1 1 1 1 0 0 0 1 1 1 0 
3 3 1 3 3 1 1 1 1 1 0 
2 0 0 0 0 0 0 0 0 0 0 
1 1 0 0 0 0 0 1 1 1 0 
3 3 1 3 3 3 3 1 1 3 0 
1 3 3 1 3 3 3 3 3 3 0 
4 3 2 2 3 3 4 4 4 2 4 
2 3 4 1 3 2 4 4 2 4 1 
1 1 1 1 0 0 0 0 1 1 0 
3 1 3 1 1 1 1 1 3 3 0 
2 2 3 2 2 4 3 2 4 2 1 
2 3 3 4 2 4 3 4 3 4 0 
2 2 2 2 2 2 2 0 0 0 0 
3 2 1 4 3 2 2 3 4 4 4 
3 4 1 2 2 4 3 2 4 2 1 
2 2 1 3 3 2 3 2 4 2 1 
2 4 3 3 4 4 2 2 4 3 3 
3 3 1 3 3 3 3 1 1 1 0 
1 1 1 1 0 0 0 0 0 0 0 
2 4 3 3 2 2 2 2 2 2 4 
3 3 1 1 1 1 3 3 3 3 0 
2 2 1 3 3 4 3 2 4 2 1 
3 3 3 1 3 3 3 3 3 3 0 
1 1 1 0 1 1 1 1 1 1 1 
2 4 1 2 2 4 3 2 4 2 1 
1 1 1 0 1 1 1 1 1 1 0 
3 2 4 4 4 4 4 4 2 4 1 
1 1 3 1 1 1 3 3 3 3 0 
3 3 1 3 1 1 3 3 3 3 0 
3 3 3 1 1 1 1 1 1 1 0 
1 1 1 1 1 0 1 1 1 1 1 
1 1 1 1 1 0 1 1 1 1 0 
1 1 0 0 0 0 0 0 1 1 0 
1 0 1 1 1 1 1 1 1 1 1 
1 0 1 1 1 1 1 1 1 1 0 
3 3 1 3 1 1 1 1 3 3 0 
2 2 2 3 2 2 2 2 2 4 2 
2 2 1 1 4 3 3 2 2 2 3 
1 1 1 1 0 0 1 1 1 1 0 
1 0 0 0 0 0 0 1 1 1 0 
1 1 3 1 1 1 1 1 3 3 0 
2 2 1 4 3 3 4 3 2 2 1 
1 1 1 1 1 1 0 1 1 1 1 
3 3 1 3 3 3 3 1 3 3 0 
3 3 1 3 3 1 1 3 3 3 0 
3 3 1 1 1 3 3 3 3 3 0 
1 1 0 0 0 0 1 1 1 1 0 
3 1 3 1 3 3 3 3 3 3 0 
2 2 4 1 3 3 2 2 4 4 1 
1 0 0 0 0 0 0 0 0 1 0 
3 3 3 1 1 1 1 1 3 3 0 
1 0 0 0 0 1 1 1 1 1 0 
2 2 4 3 2 2 2 4 2 2 3 
3 1 3 1 1 1 3 3 3 3 0 
1 1 1 1 1 1 0 1 1 1 0 
1 0 0 0 1 1 1 1 1 1 0 
2 2 1 3 2 4 3 2 4 2 1 
1 0 0 1 1 1 1 1 1 1 0 
3 4 3 2 2 4 3 2 4 2 2 
4 4 1 4 4 4 4 4 2 4 2 
4 4 1 1 4 4 4 4 2 4 1 
2 2 2 2 2 2 2 2 2 2 0 
3 3 1 3 3 2 1 3 3 3 1 
1 1 3 1 3 3 3 3 3 3 0 
2 2 1 1 2 4 4 2 2 2 3 
2 3 4 1 2 3 2 3 4 2 1 
0 0 0 0 0 0 0 0 1 1 0 
2 2 1 3 3 2 2 2 4 2 1 
2 2 2 0 0 0 0 0 0 0 0 
3 3 1 3 3 3 1 3 3 3 0 
2 2 2 2 0 0 0 0 0 0 0 
1 1 3 1 1 1 1 1 1 1 0 
1 1 1 0 0 0 0 1 1 1 0 
1 1 0 1 1 1 1 1 1 1 1 
0 0 0 0 0 0 0 0 0 0 0 
1 1 0 1 1 1 1 1 1 1 0 
3 3 3 1 1 1 1 3 3 3 0 
2 3 1 1 3 4 4 2 2 2 3 
2 2 1 1 4 3 4 2 2 2 3 
2 2 2 2 2 0 0 0 0 0 0 
1 1 1 0 0 0 0 0 0 1 0 
1 1 1 0 0 1 1 1 1 1 0 
0 0 0 0 0 1 1 1 1 1 0 
0 0 0 0 0 0 0 0 0 1 0 
2 2 2 2 2 2 2 2 2 0 0 
1 1 1 0 0 0 1 1 1 1 0 
1 1 3 1 1 1 1 1 1 3 0 
3 3 1 3 3 3 1 1 1 3 0 
1 1 3 1 1 3 3 3 3 3 0 
0 0 1 1 1 1 1 1 1 1 0 
1 1 1 0 0 0 0 0 0 0 0 
1 3 1 3 3 3 3 3 3 3 0 
0 0 0 0 0 0 0 1 1 1 0 
3 1 1 3 3 3 3 2 3 3 1 
3 3 3 1 1 1 1 1 1 3 0 
3 3 3 1 1 3 3 3 3 3 0 
0 0 0 0 1 1 1 1 1 1 0 
4 2 2 1 4 4 3 3 2 3 4 
2 2 4 1 2 2 2 2 3 2 4 
MFS
[ 0 , - , - , - , - , - , - , - , - , - , - ]
[ - , 1 , - , - , - , - , - , - , - , - , - ]
[ 1 , - , - , - , - , - , - , - , - , - , - ]
[ - , - , 1 , - , - , - , - , - , - , - , 1 ]
[ - , - , 1 , 1 , - , - , - , - , - , - , - ]
[ - , - , - , - , - , - , - , - , - , 0 , - ]
[ - , - , - , 1 , - , - , - , - , - , - , 1 ]
[ - , - , - , - , - , - , - , - , 0 , - , - ]
[ - , - , - , - , - , - , - , - , - , 1 , - ]
[ - , - , - , - , - , - , - , 0 , - , - , - ]
[ - , - , - , - , - , - , - , - , 1 , - , - ]
[ - , - , - , - , - , - , 0 , - , - , - , - ]
[ - , - , - , - , - , - , - , 1 , - , - , - ]
[ - , - , - , - , - , 0 , - , - , - , - , - ]
[ - , - , - , - , - , - , 1 , - , - , - , - ]
[ - , - , - , - , 0 , - , - , - , - , - , - ]
[ - , - , - , - , - , 1 , - , - , - , - , - ]
[ - , - , - , 0 , - , - , - , - , - , - , - ]
[ - , - , - , - , 1 , - , - , - , - , - , - ]
[ - , - , 0 , - , - , - , - , - , - , - , - ]
[ - , 0 , - , - , - , - , - , - , - , - , - ]
precise
0.14285714285714285
recall
0.03333333333333333
F-measure
0.05405405405405406
multi
3
time
all 2576 iden 2256 gen 88
t-cover
620
all-cover
1375
coveredNum
(1 : 945)  (2 : 189)  (3 : 113)  (4 : 70)  (5 : 27)  (6 : 14)  (7 : 6)  (8 : 6)  (9 : 4)  (11 : 1)  
real Identify
([ - , - , 1 , 1 , - , - , - , - , - , - , - ] : 1)  ([ - , - , 1 , - , - , - , - , - , - , - , 1 ] : 1)  ([ - , - , - , 1 , - , - , - , - , - , - , 1 ] : 1)  
testCase Num: 193
regaular Num: 21
identify Num: 172
2 4 1 2 4 4 3 2 4 3 4 
1 1 1 0 0 0 0 0 1 1 0 
4 1 1 3 2 2 4 4 4 4 2 
1 1 1 1 1 1 1 0 0 1 0 
1 1 1 1 1 1 1 1 1 1 0 
2 2 2 2 2 2 0 0 0 0 0 
3 3 1 1 1 1 1 3 3 3 0 
3 1 1 1 1 1 1 1 1 3 0 
3 1 3 3 3 3 1 1 1 3 0 
1 1 0 0 0 1 1 1 1 1 0 
1 1 1 3 3 3 3 3 3 3 0 
1 3 1 1 1 1 1 1 1 3 0 
3 1 1 4 4 4 2 2 3 2 3 
2 2 2 2 3 3 4 3 3 3 3 
3 1 1 2 4 2 4 4 4 4 2 
1 1 1 1 1 1 1 0 0 0 0 
2 2 0 0 0 0 0 0 0 0 0 
1 1 1 1 1 1 1 1 0 0 0 
4 2 4 4 2 2 3 2 3 3 1 
3 1 3 3 3 1 1 1 1 1 0 
3 1 3 1 1 1 1 3 3 3 0 
3 3 1 3 4 2 4 4 4 2 1 
0 1 1 1 1 1 1 1 1 1 1 
2 2 2 2 2 2 2 2 0 0 0 
1 1 1 1 1 1 1 0 1 1 1 
1 1 1 1 1 1 1 0 1 1 0 
1 1 1 1 1 1 1 1 0 1 0 
1 1 1 1 1 1 1 1 0 1 1 
3 3 1 1 1 1 1 1 1 3 0 
0 1 1 1 1 1 1 1 1 1 0 
3 1 3 3 3 3 1 1 1 1 0 
3 1 1 1 1 1 1 1 1 1 0 
1 3 1 1 1 1 1 3 3 3 0 
0 0 0 0 0 0 1 1 1 1 0 
3 4 1 4 2 4 3 2 2 3 3 
1 3 1 1 3 3 3 3 3 3 0 
2 1 2 3 4 4 3 4 4 2 1 
2 1 2 3 4 4 3 2 2 4 1 
3 1 3 2 3 1 3 3 3 3 1 
4 4 2 3 3 2 2 3 4 3 0 
3 1 3 3 3 1 1 1 3 3 0 
3 1 3 3 3 3 3 3 1 3 0 
3 3 3 2 3 3 2 2 2 4 3 
3 1 3 1 1 1 1 1 1 3 0 
3 1 3 3 1 1 1 1 1 3 0 
2 1 2 3 4 3 2 2 2 4 1 
3 1 3 1 1 3 3 3 3 3 0 
3 1 3 3 1 3 3 3 3 3 0 
3 3 1 1 1 1 1 1 1 1 0 
1 1 1 1 1 0 0 0 0 0 0 
4 3 1 3 2 3 2 3 2 2 4 
3 1 3 3 2 3 3 3 3 1 1 
1 0 0 0 0 0 0 0 0 0 0 
3 1 3 3 3 3 1 1 3 3 0 
4 1 1 4 3 4 2 2 3 2 2 
1 1 1 1 1 1 0 0 0 1 0 
1 1 0 0 0 0 0 0 0 1 0 
1 1 0 0 0 0 0 0 0 0 0 
1 1 1 1 1 1 0 0 0 0 0 
0 0 0 1 1 1 1 1 1 1 0 
4 4 4 4 4 4 4 3 2 4 1 
1 1 1 1 1 0 0 0 1 1 0 
3 1 3 3 3 1 1 3 3 3 0 
2 1 2 3 4 4 3 4 2 4 1 
3 1 3 3 3 3 3 3 1 1 0 
1 0 0 0 0 0 0 0 1 1 0 
3 2 1 3 4 2 4 4 4 2 1 
3 3 1 3 3 3 3 3 3 3 0 
1 1 1 1 1 1 0 0 1 1 0 
1 0 0 0 0 0 1 1 1 1 0 
3 1 3 3 1 1 1 3 3 3 0 
3 1 3 1 1 1 1 1 1 1 0 
2 2 2 2 2 4 2 2 2 2 1 
1 1 1 1 0 1 1 1 1 1 1 
3 1 3 3 1 3 3 3 2 3 1 
3 3 1 1 1 1 1 1 3 3 0 
1 1 1 1 1 0 0 1 1 1 0 
3 1 1 1 3 3 3 3 3 3 0 
4 1 4 4 3 3 2 4 4 2 3 
3 4 1 4 2 4 4 4 4 2 1 
1 1 1 1 0 1 1 1 1 1 0 
1 1 1 1 0 0 0 0 0 1 0 
3 1 1 1 1 1 1 3 3 3 0 
4 3 3 2 3 3 2 2 2 4 1 
3 1 1 2 2 2 4 4 4 4 2 
2 1 3 2 3 3 2 2 2 4 1 
2 1 2 3 4 4 2 2 2 4 1 
3 1 2 3 2 2 4 4 4 4 2 
2 1 4 3 3 3 2 2 2 4 1 
3 4 1 4 2 3 2 2 4 2 1 
1 1 0 0 1 1 1 1 1 1 0 
1 1 1 1 1 0 0 0 0 1 0 
1 1 1 1 1 1 1 1 1 0 0 
1 1 1 1 1 1 1 1 1 0 1 
3 1 3 3 3 1 1 1 1 3 0 
3 1 3 3 3 3 3 3 3 3 0 
2 1 2 3 4 4 3 4 3 4 1 
3 3 4 4 4 4 3 4 2 4 0 
1 1 1 1 0 0 0 1 1 1 0 
2 0 0 0 0 0 0 0 0 0 0 
1 1 0 0 0 0 0 1 1 1 0 
3 1 1 1 1 3 3 3 3 3 0 
3 3 2 3 4 2 4 4 4 2 1 
1 1 1 1 0 0 0 0 1 1 0 
3 1 3 1 1 1 1 1 3 3 0 
3 1 3 3 1 1 1 1 3 3 0 
3 2 1 3 2 2 4 4 4 4 2 
2 2 2 2 2 2 2 0 0 0 0 
4 1 1 2 4 3 2 2 4 4 2 
2 2 3 3 4 2 4 4 4 2 4 
1 3 1 1 1 3 3 3 3 3 0 
1 1 1 1 0 0 0 0 0 0 0 
3 3 1 1 1 1 3 3 3 3 0 
3 1 3 1 2 3 3 3 3 3 1 
1 1 1 0 1 1 1 1 1 1 1 
1 1 1 0 1 1 1 1 1 1 0 
2 1 4 3 3 4 3 2 2 3 2 
3 1 3 3 3 3 3 3 3 1 0 
3 1 2 3 3 3 3 3 1 3 1 
3 1 3 3 3 3 3 1 1 3 0 
1 1 1 1 1 0 1 1 1 1 1 
1 1 1 1 1 0 1 1 1 1 0 
1 1 0 0 0 0 0 0 1 1 0 
3 4 3 2 4 4 2 4 3 2 2 
3 3 1 4 4 2 4 4 4 2 1 
1 0 1 1 1 1 1 1 1 1 1 
3 1 3 3 1 1 1 1 1 1 0 
3 1 1 2 4 3 4 4 4 4 2 
1 0 1 1 1 1 1 1 1 1 0 
3 1 3 2 3 3 2 2 2 4 1 
1 1 1 1 0 0 1 1 1 1 0 
1 0 0 0 0 0 0 1 1 1 0 
1 1 1 1 1 1 0 1 1 1 1 
2 1 2 4 4 4 3 4 3 2 4 
3 4 1 4 2 3 2 2 2 2 1 
3 3 1 1 1 3 3 3 3 3 0 
1 1 0 0 0 0 1 1 1 1 0 
3 1 3 1 3 3 3 3 3 3 0 
3 1 3 3 3 3 3 1 1 1 0 
1 0 0 0 0 0 0 0 0 1 0 
2 3 3 3 2 2 4 4 4 4 2 
3 1 4 2 3 2 4 2 3 4 4 
1 0 0 0 0 1 1 1 1 1 0 
3 1 3 1 1 1 3 3 3 3 0 
1 1 1 1 1 1 0 1 1 1 0 
1 3 1 1 1 1 3 3 3 3 0 
3 4 1 4 2 2 4 4 4 2 1 
1 0 0 0 1 1 1 1 1 1 0 
1 0 0 1 1 1 1 1 1 1 0 
2 1 2 2 2 2 4 2 2 2 0 
2 2 2 2 2 2 2 2 2 2 0 
1 1 3 3 3 3 3 3 3 3 0 
2 2 1 3 4 2 4 4 4 2 1 
0 0 0 0 0 0 0 0 1 1 0 
4 4 3 4 4 3 2 3 2 2 2 
2 2 2 0 0 0 0 0 0 0 0 
2 2 2 2 0 0 0 0 0 0 0 
2 1 2 2 2 2 2 4 2 3 0 
3 1 1 1 1 1 1 1 3 3 0 
3 1 3 3 3 3 1 3 2 3 1 
1 3 1 1 1 1 1 1 3 3 0 
3 4 1 4 2 3 2 4 4 2 1 
1 1 1 0 0 0 0 1 1 1 0 
2 1 4 2 3 3 2 2 2 4 1 
3 1 3 3 3 1 3 3 3 3 0 
1 1 0 1 1 1 1 1 1 1 1 
0 0 0 0 0 0 0 0 0 0 0 
3 1 3 3 3 3 3 1 3 3 0 
1 1 0 1 1 1 1 1 1 1 0 
3 3 1 1 3 3 3 3 3 3 0 
2 2 2 2 2 0 0 0 0 0 0 
1 1 1 0 0 0 0 0 0 1 0 
1 1 1 0 0 1 1 1 1 1 0 
4 1 1 2 4 3 2 4 4 4 2 
0 0 0 0 0 1 1 1 1 1 0 
0 0 0 0 0 0 0 0 0 1 0 
1 1 3 3 3 3 3 3 2 3 1 
2 2 2 2 2 2 2 2 2 0 0 
3 1 3 3 3 3 3 1 3 2 1 
1 1 1 0 0 0 1 1 1 1 0 
2 1 2 3 4 2 2 2 2 2 3 
3 4 1 4 2 4 2 2 2 3 1 
4 1 1 2 3 4 2 2 3 4 2 
3 1 3 3 3 3 1 3 3 3 0 
1 3 1 1 1 1 1 1 1 1 0 
2 1 1 3 2 2 4 4 4 4 2 
0 0 1 1 1 1 1 1 1 1 0 
3 1 3 3 1 1 3 3 3 3 0 
1 1 1 0 0 0 0 0 0 0 0 
1 3 1 3 3 3 3 3 3 3 0 
0 0 0 0 0 0 0 1 1 1 0 
3 1 1 1 1 1 3 3 3 3 0 
0 0 0 0 1 1 1 1 1 1 0 
MFS
[ 0 , - , - , - , - , - , - , - , - , - , - ]
[ 1 , - , - , - , - , - , - , - , - , - , - ]
[ - , - , 1 , - , - , - , - , - , - , - , 1 ]
[ - , 1 , 1 , - , - , - , - , - , - , - , - ]
[ - , - , - , - , - , - , - , - , - , 0 , - ]
[ - , - , - , - , - , - , - , - , 0 , - , - ]
[ - , - , - , - , - , - , - , - , - , 1 , - ]
[ - , - , - , - , - , - , - , 0 , - , - , - ]
[ - , - , - , - , - , - , - , - , 1 , - , - ]
[ - , 1 , - , - , - , - , - , - , - , - , 1 ]
[ - , - , - , - , - , - , 0 , - , - , - , - ]
[ - , - , - , - , - , - , - , 1 , - , - , - ]
[ - , - , - , - , - , 0 , - , - , - , - , - ]
[ - , - , - , - , - , - , 1 , - , - , - , - ]
[ - , - , - , - , 0 , - , - , - , - , - , - ]
[ - , - , - , - , - , 1 , - , - , - , - , - ]
[ - , - , - , 0 , - , - , - , - , - , - , - ]
[ - , - , - , - , 1 , - , - , - , - , - , - ]
[ - , - , 0 , - , - , - , - , - , - , - , - ]
[ - , - , - , 1 , - , - , - , - , - , - , - ]
[ - , 0 , - , - , - , - , - , - , - , - , - ]
precise
0.14285714285714285
recall
0.03333333333333333
F-measure
0.05405405405405406
multi
2
time
all 2548 iden 2279 gen 79
t-cover
620
all-cover
1375
coveredNum
(1 : 945)  (2 : 164)  (3 : 131)  (4 : 80)  (5 : 29)  (6 : 17)  (7 : 7)  (8 : 2)  
real Identify
([ - , 1 , 1 , - , - , - , - , - , - , - , - ] : 1)  ([ - , - , 1 , - , - , - , - , - , - , - , 1 ] : 1)  ([ - , 1 , - , - , - , - , - , - , - , - , 1 ] : 1)  
testCase Num: 153
regaular Num: 28
identify Num: 125
4 3 3 4 2 1 3 4 3 4 3 
1 1 1 0 0 0 0 0 1 1 0 
1 1 1 1 0 0 0 0 1 1 0 
3 1 3 3 1 3 3 1 1 1 0 
1 3 3 3 1 3 1 1 1 1 0 
2 2 2 2 3 4 1 1 1 1 3 
4 3 3 4 1 1 2 2 4 2 4 
2 2 4 2 1 2 2 1 4 4 0 
2 2 2 2 2 2 2 0 0 0 0 
2 3 3 2 1 1 3 4 3 4 3 
1 1 1 1 1 1 1 0 0 1 0 
2 4 2 3 1 3 4 2 4 1 3 
1 1 1 1 1 1 1 1 1 1 0 
2 2 2 2 2 2 0 0 0 0 0 
4 2 4 2 1 4 3 3 1 1 0 
2 2 2 2 2 1 4 4 3 3 4 
4 2 2 3 1 4 2 1 3 2 3 
1 1 0 0 0 1 1 1 1 1 0 
1 1 1 1 0 0 0 0 0 0 0 
2 4 4 3 2 2 4 4 2 1 1 
3 1 3 3 1 3 3 2 3 3 1 
3 3 1 3 1 3 3 3 1 1 0 
1 1 1 0 1 1 1 1 1 1 1 
1 3 3 3 1 3 3 1 1 1 0 
1 1 1 1 1 1 1 0 0 0 0 
2 2 0 0 0 0 0 0 0 0 0 
1 1 1 0 1 1 1 1 1 1 0 
1 1 1 1 1 1 1 1 0 0 0 
3 1 3 3 3 1 1 1 1 1 0 
4 4 2 3 1 3 3 3 3 3 1 
3 3 3 1 1 1 1 1 1 1 0 
2 3 3 4 1 2 3 4 3 4 3 
4 3 3 2 3 3 4 2 2 4 1 
1 1 1 1 1 0 1 1 1 1 1 
3 3 3 1 1 3 3 3 3 1 0 
1 1 1 1 1 0 1 1 1 1 0 
1 3 3 3 3 1 1 1 1 1 0 
1 1 0 0 0 0 0 0 1 1 0 
2 2 4 2 4 1 4 2 3 1 0 
1 0 1 1 1 1 1 1 1 1 1 
3 3 1 3 1 3 1 1 1 1 0 
1 1 3 3 3 1 1 1 1 1 0 
3 1 3 3 1 1 1 1 1 1 0 
1 0 1 1 1 1 1 1 1 1 0 
3 1 3 3 1 3 3 3 3 1 0 
3 2 4 2 1 1 3 4 3 4 3 
4 3 3 4 1 1 2 2 2 4 3 
0 1 1 1 1 1 1 1 1 1 1 
2 2 2 2 2 2 2 2 0 0 0 
1 1 1 1 1 1 1 0 1 1 1 
1 1 1 1 1 1 1 0 1 1 0 
1 1 1 1 1 1 1 1 0 1 0 
1 1 1 1 1 1 1 1 0 1 1 
3 3 3 4 2 4 2 4 4 4 1 
1 1 1 1 0 0 1 1 1 1 0 
0 1 1 1 1 1 1 1 1 1 0 
2 2 2 2 4 1 1 3 2 3 3 
1 0 0 0 0 0 0 1 1 1 0 
4 2 3 2 4 3 2 3 4 1 4 
1 1 1 1 3 1 1 1 1 1 0 
3 3 3 1 1 3 1 1 1 1 0 
1 1 1 1 1 1 0 1 1 1 1 
0 0 0 0 0 0 1 1 1 1 0 
3 3 3 3 3 1 1 1 1 1 0 
2 4 3 4 3 1 3 1 4 2 4 
1 3 3 3 1 3 3 3 1 1 0 
3 3 1 3 1 3 3 1 1 1 0 
1 3 3 2 1 3 3 3 3 3 1 
4 3 3 4 1 1 4 2 2 2 3 
2 3 3 4 1 1 3 4 3 4 3 
1 1 0 0 0 0 1 1 1 1 0 
3 4 2 4 2 3 1 4 4 3 0 
1 0 0 0 0 0 0 0 0 1 0 
3 3 3 1 1 3 3 1 1 1 0 
1 0 0 0 0 1 1 1 1 1 0 
3 3 1 1 3 1 1 1 1 1 0 
1 1 1 1 1 1 0 1 1 1 0 
4 3 4 3 4 3 1 4 1 2 2 
1 0 0 0 1 1 1 1 1 1 0 
3 1 1 1 3 1 1 1 1 1 0 
1 0 0 1 1 1 1 1 1 1 0 
4 3 3 4 1 1 2 2 3 4 3 
3 1 1 3 3 1 1 1 1 1 0 
3 1 3 3 1 3 3 3 3 3 0 
1 1 1 1 1 0 0 0 0 0 0 
2 2 2 2 2 2 2 2 2 2 0 
3 3 1 3 1 1 1 1 1 1 0 
0 0 0 0 0 0 0 0 1 1 0 
2 2 2 0 0 0 0 0 0 0 0 
1 0 0 0 0 0 0 0 0 0 0 
4 2 4 2 1 1 3 4 3 4 3 
2 2 2 2 0 0 0 0 0 0 0 
1 1 1 1 1 1 0 0 0 1 0 
1 1 0 0 0 0 0 0 0 1 0 
1 1 0 0 0 0 0 0 0 0 0 
1 1 1 1 1 1 0 0 0 0 0 
0 0 0 1 1 1 1 1 1 1 0 
1 1 1 0 0 0 0 1 1 1 0 
1 3 3 3 1 3 3 3 3 3 0 
3 3 1 2 1 3 3 3 3 3 1 
1 1 0 1 1 1 1 1 1 1 1 
3 3 1 3 1 3 3 3 3 1 0 
1 1 1 1 1 0 0 0 1 1 0 
2 3 4 2 1 1 3 4 3 4 3 
2 2 2 2 2 3 1 1 2 1 2 
0 0 0 0 0 0 0 0 0 0 0 
1 1 0 1 1 1 1 1 1 1 0 
1 0 0 0 0 0 0 0 1 1 0 
2 4 3 2 3 1 2 2 1 3 2 
2 2 2 2 1 2 1 3 3 1 2 
3 3 3 1 1 3 3 3 1 1 0 
3 3 3 1 1 3 3 3 2 3 1 
2 4 4 4 4 4 4 1 4 4 2 
3 2 2 4 3 1 4 3 1 2 1 
1 1 1 1 1 1 0 0 1 1 0 
2 2 2 2 2 0 0 0 0 0 0 
1 0 0 0 0 0 1 1 1 1 0 
1 1 1 0 0 0 0 0 0 1 0 
1 1 1 0 0 1 1 1 1 1 0 
0 0 0 0 0 1 1 1 1 1 0 
1 1 1 1 0 1 1 1 1 1 1 
3 1 3 3 1 3 3 3 1 1 0 
4 3 3 4 1 1 2 4 3 4 3 
0 0 0 0 0 0 0 0 0 1 0 
1 1 1 1 1 0 0 1 1 1 0 
2 2 2 2 2 2 2 2 2 0 0 
1 3 3 3 1 1 1 1 1 1 0 
1 1 1 0 0 0 1 1 1 1 0 
3 2 4 2 3 2 3 4 3 4 3 
1 1 1 1 0 1 1 1 1 1 0 
2 3 2 3 2 2 1 3 1 4 4 
3 3 4 2 1 4 1 2 2 3 4 
1 1 1 1 0 0 0 0 0 1 0 
1 1 1 3 3 1 1 1 1 1 0 
0 0 1 1 1 1 1 1 1 1 0 
1 1 1 0 0 0 0 0 0 0 0 
3 3 3 1 3 1 1 1 1 1 0 
3 3 1 3 1 3 3 3 3 3 0 
1 1 0 0 1 1 1 1 1 1 0 
1 3 3 3 1 3 3 3 3 1 0 
1 1 1 1 1 0 0 0 0 1 0 
0 0 0 0 0 0 0 1 1 1 0 
3 1 3 3 1 3 1 1 1 1 0 
1 1 1 1 1 1 1 1 1 0 0 
4 2 2 2 4 2 1 1 3 3 1 
1 1 1 1 1 1 1 1 1 0 1 
1 1 1 1 0 0 0 1 1 1 0 
3 3 3 1 1 3 3 3 3 3 0 
3 3 1 3 3 1 1 1 1 1 0 
0 0 0 0 1 1 1 1 1 1 0 
3 2 2 4 4 1 3 2 2 1 2 
2 0 0 0 0 0 0 0 0 0 0 
1 1 0 0 0 0 0 1 1 1 0 
MFS
[ 0 , - , - , - , - , - , - , - , - , - , - ]
[ - , 1 , - , - , - , - , - , - , - , - , - ]
[ 1 , - , - , - , - , - , - , - , - , - , - ]
[ - , - , - , - , - , - , - , - , - , 0 , - ]
[ - , - , - , - , - , - , - , - , 0 , - , - ]
[ - , - , - , - , - , - , - , 0 , - , - , - ]
[ - , - , - , - , 1 , 1 , - , - , - , - , - ]
[ - , - , - , - , - , - , 0 , - , - , - , - ]
[ - , - , - , - , - , 0 , - , - , - , - , - ]
[ - , - , - , - , 0 , - , - , - , - , - , - ]
[ - , - , - , 0 , - , - , - , - , - , - , - ]
[ - , - , 0 , - , - , - , - , - , - , - , - ]
[ - , - , - , 1 , - , - , - , - , - , - , - ]
[ - , 0 , - , - , - , - , - , - , - , - , - ]
[ - , - , 1 , - , - , - , - , - , - , - , - ]
precise
0.06666666666666667
recall
0.011111111111111112
F-measure
0.01904761904761905
multi
2
time
all 2614 iden 2168 gen 207
t-cover
762
all-cover
1375
coveredNum
(1 : 897)  (2 : 240)  (3 : 137)  (4 : 62)  (5 : 26)  (6 : 5)  (7 : 3)  (8 : 2)  (9 : 1)  (10 : 1)  (12 : 1)  
real Identify
([ - , - , - , - , 1 , 1 , - , - , - , - , - ] : 1)  
testCase Num: 149
regaular Num: 32
identify Num: 117
2 4 2 2 3 1 1 1 2 4 4 
1 1 1 0 0 0 0 0 1 1 0 
1 1 1 1 0 0 0 0 1 1 0 
2 2 3 4 4 3 3 2 3 2 3 
3 3 3 1 3 3 1 3 3 3 0 
2 2 2 2 2 2 2 0 0 0 0 
1 1 1 1 1 1 3 1 1 1 0 
1 1 1 1 1 1 1 0 0 1 0 
1 1 3 3 3 3 3 1 1 1 0 
1 1 1 1 1 1 1 1 1 1 0 
2 2 2 2 2 2 0 0 0 0 0 
2 3 4 4 4 4 4 1 2 4 2 
2 2 2 2 1 2 1 2 4 1 0 
3 1 3 3 3 3 1 3 3 1 0 
3 3 1 3 3 3 1 1 1 1 0 
1 1 0 0 0 1 1 1 1 1 0 
1 3 3 3 3 3 1 3 3 1 0 
3 3 1 3 3 3 3 1 1 1 0 
1 1 1 1 0 0 0 0 0 0 0 
1 1 1 0 1 1 1 1 1 1 1 
1 1 1 1 1 1 1 0 0 0 0 
2 2 0 0 0 0 0 0 0 0 0 
1 1 1 0 1 1 1 1 1 1 0 
1 1 1 1 1 1 1 1 0 0 0 
4 4 4 2 2 3 3 3 2 1 2 
3 3 3 3 1 1 1 1 1 1 0 
1 1 1 1 1 0 1 1 1 1 1 
3 1 3 3 3 3 1 3 3 2 1 
1 1 1 1 1 0 1 1 1 1 0 
3 3 1 1 3 3 3 1 1 1 0 
1 1 0 0 0 0 0 0 1 1 0 
1 0 1 1 1 1 1 1 1 1 1 
2 2 2 2 1 2 1 1 3 4 0 
1 0 1 1 1 1 1 1 1 1 0 
3 3 2 3 2 1 2 2 1 4 3 
0 1 1 1 1 1 1 1 1 1 1 
3 3 3 1 3 3 1 3 1 1 0 
2 2 2 2 2 2 2 2 0 0 0 
1 1 1 1 1 1 1 0 1 1 1 
1 1 1 1 1 1 1 0 1 1 0 
1 1 1 1 1 1 1 1 0 1 0 
3 1 1 1 3 3 3 1 1 1 0 
4 3 3 2 2 3 1 1 3 3 4 
1 1 1 1 1 1 1 1 0 1 1 
3 3 3 3 1 1 3 1 1 1 0 
3 4 4 4 1 4 4 2 3 3 0 
1 1 1 1 0 0 1 1 1 1 0 
0 1 1 1 1 1 1 1 1 1 0 
2 4 2 2 3 3 4 3 1 1 3 
1 0 0 0 0 0 0 1 1 1 0 
3 1 3 3 3 3 1 1 1 1 0 
3 3 1 3 3 3 1 3 1 1 0 
1 3 3 3 3 3 1 3 3 3 0 
3 3 3 2 4 2 1 3 4 4 0 
2 2 2 3 1 4 3 2 1 3 4 
1 1 1 1 1 1 0 1 1 1 1 
0 0 0 0 0 0 1 1 1 1 0 
2 2 2 2 2 4 1 1 4 1 3 
1 1 0 0 0 0 1 1 1 1 0 
3 1 1 1 1 1 3 1 1 1 0 
3 1 3 3 3 3 3 1 1 1 0 
1 0 0 0 0 0 0 0 0 1 0 
3 3 3 3 1 1 1 3 3 1 0 
1 0 0 0 0 1 1 1 1 1 0 
2 3 1 3 3 3 1 3 3 3 1 
1 1 1 1 1 1 0 1 1 1 0 
1 1 1 1 3 3 3 1 1 1 0 
1 0 0 0 1 1 1 1 1 1 0 
1 0 0 1 1 1 1 1 1 1 0 
4 2 4 2 3 4 1 2 1 1 1 
3 3 3 3 3 1 3 1 1 1 0 
1 1 1 3 3 3 3 1 1 1 0 
3 3 3 1 3 3 1 1 1 1 0 
1 1 1 1 1 0 0 0 0 0 0 
2 2 2 2 2 2 2 2 2 2 0 
4 2 2 4 2 3 2 4 3 1 0 
0 0 0 0 0 0 0 0 1 1 0 
2 2 2 0 0 0 0 0 0 0 0 
2 2 2 3 4 1 1 1 1 1 0 
1 0 0 0 0 0 0 0 0 0 0 
3 3 1 3 3 3 1 3 3 3 0 
1 3 3 3 3 3 1 3 1 1 0 
2 2 2 4 3 3 3 1 4 4 1 
2 2 2 2 0 0 0 0 0 0 0 
3 4 3 3 1 4 1 4 2 2 1 
3 1 3 3 3 3 1 3 1 1 0 
1 1 1 1 1 1 0 0 0 1 0 
1 1 0 0 0 0 0 0 0 1 0 
1 1 0 0 0 0 0 0 0 0 0 
1 1 1 1 1 1 0 0 0 0 0 
0 0 0 1 1 1 1 1 1 1 0 
3 3 3 1 3 3 3 1 1 1 0 
1 1 1 0 0 0 0 1 1 1 0 
3 3 3 3 1 1 1 3 3 3 0 
4 4 3 2 1 2 4 4 4 4 3 
2 2 2 2 1 2 3 4 1 1 0 
3 3 1 1 1 1 3 1 1 1 0 
4 3 4 3 2 2 2 1 1 2 1 
2 2 3 2 1 2 2 1 1 1 0 
1 1 0 1 1 1 1 1 1 1 1 
3 3 3 3 3 3 3 1 1 1 0 
1 1 1 1 1 0 0 0 1 1 0 
0 0 0 0 0 0 0 0 0 0 0 
1 1 0 1 1 1 1 1 1 1 0 
1 0 0 0 0 0 0 0 1 1 0 
4 4 2 4 4 1 1 3 3 3 1 
2 2 3 2 3 1 1 2 1 2 2 
1 1 1 1 1 1 0 0 1 1 0 
2 2 2 2 1 2 4 1 1 1 1 
2 2 2 2 2 0 0 0 0 0 0 
1 0 0 0 0 0 1 1 1 1 0 
1 1 1 0 0 0 0 0 0 1 0 
1 1 1 0 0 1 1 1 1 1 0 
0 0 0 0 0 1 1 1 1 1 0 
1 1 1 1 0 1 1 1 1 1 1 
3 1 1 3 3 3 3 1 1 1 0 
0 0 0 0 0 0 0 0 0 1 0 
1 1 1 1 1 0 0 1 1 1 0 
3 3 3 1 3 3 1 3 3 1 0 
1 3 3 3 3 2 1 3 3 3 1 
2 2 2 2 2 2 2 2 2 0 0 
1 1 1 0 0 0 1 1 1 1 0 
3 3 3 1 1 1 3 1 1 1 0 
1 1 1 1 0 1 1 1 1 1 0 
1 1 1 1 0 0 0 0 0 1 0 
2 2 4 2 3 1 1 4 2 3 3 
1 3 3 3 3 3 1 1 1 1 0 
3 3 1 3 3 3 1 3 3 1 0 
3 1 3 3 3 3 1 3 3 3 0 
1 3 3 3 3 3 3 1 1 1 0 
0 0 1 1 1 1 1 1 1 1 0 
3 3 2 3 3 2 2 4 3 3 2 
1 1 1 0 0 0 0 0 0 0 0 
3 3 3 3 1 1 1 3 1 1 0 
3 3 3 3 1 1 1 3 2 3 1 
3 2 4 3 2 1 4 3 4 2 4 
1 1 0 0 1 1 1 1 1 1 0 
1 1 1 1 1 0 0 0 0 1 0 
0 0 0 0 0 0 0 1 1 1 0 
3 3 3 1 3 3 1 3 3 2 1 
2 2 2 2 1 4 2 3 4 3 2 
2 4 2 4 4 2 2 4 1 1 4 
1 1 1 1 1 1 1 1 1 0 0 
1 1 1 1 1 1 1 1 1 0 1 
1 1 1 1 0 0 0 1 1 1 0 
0 0 0 0 1 1 1 1 1 1 0 
3 3 3 3 1 3 3 1 1 1 0 
2 0 0 0 0 0 0 0 0 0 0 
1 1 0 0 0 0 0 1 1 1 0 
MFS
[ 0 , - , - , - , - , - , - , - , - , - , - ]
[ - , 1 , - , - , - , - , - , - , - , - , - ]
[ 1 , - , - , - , - , - , - , - , - , - , - ]
[ - , - , - , - , - , - , - , - , - , 0 , - ]
[ - , - , - , - , - , - , - , - , 0 , - , - ]
[ - , - , - , - , - , - , - , 0 , - , - , - ]
[ - , - , - , - , 1 , 1 , - , - , - , - , - ]
[ - , - , - , - , - , - , 0 , - , - , - , - ]
[ - , - , - , - , - , 0 , - , - , - , - , - ]
[ - , - , - , - , 0 , - , - , - , - , - , - ]
[ - , - , - , 0 , - , - , - , - , - , - , - ]
[ - , - , 0 , - , - , - , - , - , - , - , - ]
[ - , - , - , 1 , - , - , - , - , - , - , - ]
[ - , 0 , - , - , - , - , - , - , - , - , - ]
[ - , - , 1 , - , - , - , - , - , - , - , - ]
precise
0.06666666666666667
recall
0.011111111111111112
F-measure
0.01904761904761905
multi
2
time
all 2531 iden 2177 gen 169
t-cover
762
all-cover
1375
coveredNum
(1 : 878)  (2 : 229)  (3 : 121)  (4 : 71)  (5 : 26)  (6 : 20)  (7 : 14)  (8 : 8)  (9 : 2)  (10 : 1)  (11 : 2)  (12 : 1)  (13 : 1)  (14 : 1)  
real Identify
([ - , - , - , - , 1 , 1 , - , - , - , - , - ] : 1)  
testCase Num: 149
regaular Num: 32
identify Num: 117
2 2 2 2 2 1 3 1 4 1 1 
1 1 1 0 0 0 0 0 1 1 0 
1 1 1 1 0 0 0 0 1 1 0 
3 1 1 3 3 3 1 3 1 1 0 
2 2 2 2 2 2 2 0 0 0 0 
1 1 1 1 1 1 1 0 0 1 0 
1 1 1 1 1 1 1 1 1 1 0 
2 2 2 2 2 2 0 0 0 0 0 
3 1 1 1 3 3 1 3 1 1 0 
2 3 2 2 3 1 1 2 3 2 1 
1 1 0 0 0 1 1 1 1 1 0 
3 3 1 3 3 3 3 1 1 1 0 
3 3 3 1 3 3 3 1 3 1 0 
1 1 1 1 0 0 0 0 0 0 0 
2 2 2 2 4 2 1 1 1 4 3 
1 1 1 0 1 1 1 1 1 1 1 
1 1 1 1 1 1 1 0 0 0 0 
2 2 0 0 0 0 0 0 0 0 0 
1 1 1 0 1 1 1 1 1 1 0 
1 1 1 1 1 1 1 1 0 0 0 
2 4 4 4 2 1 4 3 1 2 1 
4 2 3 2 4 1 2 4 1 4 4 
1 1 1 1 1 0 1 1 1 1 1 
1 1 1 1 1 0 1 1 1 1 0 
1 1 0 0 0 0 0 0 1 1 0 
1 0 1 1 1 1 1 1 1 1 1 
1 0 1 1 1 1 1 1 1 1 0 
0 1 1 1 1 1 1 1 1 1 1 
3 3 3 1 3 3 1 3 1 1 0 
2 2 2 2 2 2 2 2 0 0 0 
1 1 1 1 1 1 1 0 1 1 1 
1 1 1 1 1 1 1 0 1 1 0 
1 1 1 1 1 1 1 1 0 1 0 
2 4 4 3 4 2 1 2 4 1 4 
1 1 1 1 1 1 1 1 0 1 1 
3 3 3 3 1 1 3 1 1 1 0 
4 2 2 2 2 1 3 4 2 1 0 
1 1 1 1 0 0 1 1 1 1 0 
0 1 1 1 1 1 1 1 1 1 0 
2 2 2 4 3 2 2 3 2 3 3 
1 0 0 0 0 0 0 1 1 1 0 
2 2 2 3 2 1 1 4 1 3 0 
3 3 1 3 3 3 1 3 1 1 0 
1 1 1 1 1 1 0 1 1 1 1 
0 0 0 0 0 0 1 1 1 1 0 
3 3 1 3 3 3 3 1 3 3 0 
1 3 3 3 3 3 3 1 3 1 0 
3 3 3 1 3 3 3 1 3 3 0 
3 3 3 3 1 1 2 1 3 3 1 
4 3 4 3 1 4 2 1 2 2 4 
3 3 3 1 3 3 3 3 1 1 0 
3 4 3 2 4 4 3 3 4 2 0 
1 1 0 0 0 0 1 1 1 1 0 
3 1 3 3 3 3 3 1 1 1 0 
3 3 3 4 4 1 4 2 2 3 2 
3 3 3 1 1 1 1 3 1 1 0 
1 0 0 0 0 0 0 0 0 1 0 
2 2 2 4 2 1 1 2 1 4 0 
1 0 0 0 0 1 1 1 1 1 0 
4 3 2 2 2 1 1 4 4 2 3 
2 2 2 2 3 1 2 1 4 3 0 
1 1 1 1 1 1 0 1 1 1 0 
3 3 1 3 3 3 3 3 1 1 0 
1 0 0 0 1 1 1 1 1 1 0 
1 0 0 1 1 1 1 1 1 1 0 
2 2 2 2 1 2 1 3 1 4 0 
1 1 1 1 1 0 0 0 0 0 0 
2 2 2 2 2 2 2 2 2 2 0 
3 2 4 2 1 3 4 1 4 3 3 
3 3 3 3 1 1 3 1 3 3 0 
0 0 0 0 0 0 0 0 1 1 0 
3 3 3 3 1 1 3 3 1 1 0 
2 2 2 0 0 0 0 0 0 0 0 
1 2 3 3 3 3 3 1 3 3 1 
1 0 0 0 0 0 0 0 0 0 0 
1 3 3 3 3 3 1 3 1 1 0 
2 2 2 2 0 0 0 0 0 0 0 
3 1 1 1 1 1 1 3 1 1 0 
3 1 3 3 3 3 1 3 1 1 0 
1 1 1 1 1 1 0 0 0 1 0 
3 3 3 3 1 3 1 3 1 1 0 
1 1 0 0 0 0 0 0 0 1 0 
1 1 0 0 0 0 0 0 0 0 0 
1 3 3 3 3 3 3 1 3 3 0 
1 1 1 1 1 1 0 0 0 0 0 
2 2 2 2 4 3 1 1 1 1 0 
0 0 0 1 1 1 1 1 1 1 0 
3 3 3 1 3 3 3 1 1 1 0 
3 3 1 3 3 3 3 1 3 1 0 
3 3 3 3 3 1 1 3 1 1 0 
1 1 1 0 0 0 0 1 1 1 0 
3 2 2 2 2 3 4 3 3 3 4 
3 3 2 1 3 3 3 1 3 3 1 
1 1 0 1 1 1 1 1 1 1 1 
1 1 1 1 1 0 0 0 1 1 0 
2 2 2 2 1 4 2 1 1 1 2 
0 0 0 0 0 0 0 0 0 0 0 
3 1 3 3 3 3 3 1 3 3 0 
1 1 0 1 1 1 1 1 1 1 0 
1 1 1 3 3 3 1 3 1 1 0 
3 1 3 3 3 3 3 3 1 1 0 
2 3 4 4 1 2 3 4 4 4 2 
1 0 0 0 0 0 0 0 1 1 0 
1 1 1 1 3 3 1 3 1 1 0 
1 3 3 3 3 3 3 3 1 1 0 
1 1 1 1 1 1 0 0 1 1 0 
2 2 2 2 2 0 0 0 0 0 0 
1 0 0 0 0 0 1 1 1 1 0 
1 1 1 0 0 0 0 0 0 1 0 
1 1 1 0 0 1 1 1 1 1 0 
0 0 0 0 0 1 1 1 1 1 0 
1 1 1 1 0 1 1 1 1 1 1 
1 1 3 3 3 3 1 3 1 1 0 
0 0 0 0 0 0 0 0 0 1 0 
1 1 1 1 1 0 0 1 1 1 0 
1 1 1 1 1 1 1 3 1 1 0 
2 2 2 2 2 2 2 2 2 0 0 
3 3 3 3 3 3 1 3 1 1 0 
3 1 3 3 3 3 3 1 3 2 1 
1 1 1 0 0 0 1 1 1 1 0 
3 3 1 1 1 1 1 3 1 1 0 
1 1 1 1 0 1 1 1 1 1 0 
4 4 2 3 1 3 1 2 1 2 2 
3 3 3 3 1 1 3 1 3 1 0 
1 1 1 1 0 0 0 0 0 1 0 
3 4 2 3 3 3 2 4 2 4 1 
2 3 1 3 3 3 3 1 3 3 1 
3 3 1 1 3 3 1 3 1 1 0 
2 4 3 3 2 4 3 2 3 1 3 
1 3 3 3 3 3 3 1 1 1 0 
0 0 1 1 1 1 1 1 1 1 0 
1 1 1 0 0 0 0 0 0 0 0 
3 3 3 3 1 1 1 3 1 1 0 
3 2 4 3 3 4 4 4 3 4 0 
1 1 0 0 1 1 1 1 1 1 0 
1 1 1 1 1 0 0 0 0 1 0 
0 0 0 0 0 0 0 1 1 1 0 
4 4 2 4 4 4 1 1 3 3 1 
3 2 2 2 2 1 1 1 2 4 2 
1 1 1 1 1 1 1 1 1 0 0 
3 1 3 3 3 3 3 1 3 1 0 
4 2 2 2 3 2 4 3 3 1 2 
3 2 3 4 1 2 2 1 3 1 1 
1 1 1 1 1 1 1 1 1 0 1 
1 1 1 1 0 0 0 1 1 1 0 
2 2 2 4 3 3 3 1 1 3 4 
0 0 0 0 1 1 1 1 1 1 0 
2 0 0 0 0 0 0 0 0 0 0 
1 1 0 0 0 0 0 1 1 1 0 
MFS
[ 0 , - , - , - , - , - , - , - , - , - , - ]
[ - , 1 , - , - , - , - , - , - , - , - , - ]
[ 1 , - , - , - , - , - , - , - , - , - , - ]
[ - , - , - , - , - , - , - , - , - , 0 , - ]
[ - , - , - , - , - , - , - , - , 0 , - , - ]
[ - , - , - , - , - , - , - , 0 , - , - , - ]
[ - , - , - , - , 1 , 1 , - , - , - , - , - ]
[ - , - , - , - , - , - , 0 , - , - , - , - ]
[ - , - , - , - , - , 0 , - , - , - , - , - ]
[ - , - , - , - , 0 , - , - , - , - , - , - ]
[ - , - , - , 0 , - , - , - , - , - , - , - ]
[ - , - , 0 , - , - , - , - , - , - , - , - ]
[ - , - , - , 1 , - , - , - , - , - , - , - ]
[ - , 0 , - , - , - , - , - , - , - , - , - ]
[ - , - , 1 , - , - , - , - , - , - , - , - ]
precise
0.06666666666666667
recall
0.011111111111111112
F-measure
0.01904761904761905
multi
2
time
all 2519 iden 2118 gen 239
t-cover
762
all-cover
1375
coveredNum
(1 : 875)  (2 : 223)  (3 : 134)  (4 : 67)  (5 : 32)  (6 : 19)  (7 : 9)  (8 : 8)  (9 : 2)  (10 : 1)  (11 : 1)  (12 : 1)  (13 : 2)  (15 : 1)  
real Identify
([ - , - , - , - , 1 , 1 , - , - , - , - , - ] : 1)  
testCase Num: 194
regaular Num: 22
identify Num: 172
3 1 3 2 2 4 3 2 4 2 3 
1 1 1 0 0 0 0 0 1 1 0 
1 1 1 1 1 1 1 0 0 1 0 
1 1 1 1 1 1 1 1 1 1 0 
2 2 2 2 2 2 0 0 0 0 0 
3 3 1 1 1 1 1 3 3 3 0 
3 1 3 3 2 3 3 1 3 3 1 
4 1 2 2 2 4 2 3 4 2 1 
3 1 1 1 1 1 1 1 1 3 0 
3 1 3 3 3 3 1 1 1 3 0 
1 1 0 0 0 1 1 1 1 1 0 
1 1 1 3 3 3 3 3 3 3 0 
3 4 1 3 2 4 3 2 4 2 4 
1 3 1 1 1 1 1 1 1 3 0 
3 3 1 3 2 4 2 2 4 4 1 
3 1 3 3 3 1 2 3 3 3 1 
3 3 1 3 2 4 4 4 2 4 1 
3 3 1 3 4 3 4 4 2 4 1 
4 1 2 2 4 3 2 3 4 2 1 
1 1 1 1 1 1 1 0 0 0 0 
2 2 0 0 0 0 0 0 0 0 0 
3 1 4 3 4 4 2 3 2 2 4 
1 1 1 1 1 1 1 1 0 0 0 
3 1 3 3 3 1 1 1 1 1 0 
3 1 3 1 1 1 1 3 3 3 0 
0 1 1 1 1 1 1 1 1 1 1 
4 1 3 4 3 3 2 3 4 2 1 
2 2 2 2 2 2 2 2 0 0 0 
1 1 1 1 1 1 1 0 1 1 1 
1 1 1 1 1 1 1 0 1 1 0 
1 1 1 1 1 1 1 1 0 1 0 
1 1 1 1 1 1 1 1 0 1 1 
3 3 1 1 1 1 1 1 1 3 0 
0 1 1 1 1 1 1 1 1 1 0 
3 1 3 3 3 3 1 1 1 1 0 
3 4 3 2 2 3 4 4 2 2 2 
3 1 1 1 1 1 1 1 1 1 0 
1 3 1 1 1 1 1 3 3 3 0 
0 0 0 0 0 0 1 1 1 1 0 
1 3 1 1 3 3 3 3 3 3 0 
3 2 1 2 4 3 4 4 2 4 1 
3 1 3 3 3 1 1 1 3 3 0 
2 4 4 2 4 2 4 3 3 3 4 
3 1 3 3 3 3 3 3 1 3 0 
3 1 3 3 3 3 1 2 3 3 1 
3 1 3 1 1 1 1 1 1 3 0 
3 1 3 3 1 1 1 1 1 3 0 
4 1 1 2 4 2 3 2 4 4 2 
3 1 3 1 1 3 3 3 3 3 0 
3 1 3 3 1 3 3 3 3 3 0 
3 3 1 1 1 1 1 1 1 1 0 
1 1 1 1 1 0 0 0 0 0 0 
4 1 2 2 3 3 2 3 4 2 1 
1 0 0 0 0 0 0 0 0 0 0 
3 1 3 3 3 3 1 1 3 3 0 
4 1 1 2 3 4 2 4 2 2 2 
1 1 1 1 1 1 0 0 0 1 0 
1 1 0 0 0 0 0 0 0 1 0 
1 1 0 0 0 0 0 0 0 0 0 
1 1 1 1 1 1 0 0 0 0 0 
0 0 0 1 1 1 1 1 1 1 0 
1 1 1 1 1 0 0 0 1 1 0 
4 1 4 2 2 4 3 2 2 4 1 
3 1 3 3 3 1 1 3 3 3 0 
3 1 3 3 3 3 3 3 1 1 0 
3 1 1 2 3 4 2 4 4 4 2 
1 0 0 0 0 0 0 0 1 1 0 
4 4 4 4 2 4 4 4 4 3 1 
3 3 1 3 3 3 3 3 3 3 0 
4 4 1 2 3 3 2 4 2 4 3 
1 1 1 1 1 1 0 0 1 1 0 
1 0 0 0 0 0 1 1 1 1 0 
3 1 3 3 1 1 1 3 3 3 0 
3 1 3 1 1 1 1 1 1 1 0 
4 1 1 2 3 4 2 4 2 4 2 
1 1 1 1 0 1 1 1 1 1 1 
3 3 1 1 1 1 1 1 3 3 0 
1 1 1 1 1 0 0 1 1 1 0 
3 1 1 1 3 3 3 3 3 3 0 
4 1 4 2 4 4 3 2 4 2 1 
3 1 3 3 3 3 3 2 1 3 1 
1 1 1 1 0 1 1 1 1 1 0 
1 1 1 1 0 0 0 0 0 1 0 
3 1 1 1 1 1 1 3 3 3 0 
2 4 1 4 3 2 2 2 4 2 0 
2 1 1 4 4 2 3 2 4 4 2 
2 1 3 3 1 3 3 3 3 3 1 
1 1 0 0 1 1 1 1 1 1 0 
3 3 1 2 4 3 4 4 2 4 1 
4 1 4 2 2 4 3 2 2 2 1 
1 1 1 1 1 0 0 0 0 1 0 
1 1 1 1 1 1 1 1 1 0 0 
1 1 1 1 1 1 1 1 1 0 1 
3 1 3 3 3 1 1 1 1 3 0 
3 1 3 3 3 3 3 3 3 3 0 
2 2 4 2 2 2 2 2 2 2 1 
1 1 1 1 0 0 0 1 1 1 0 
2 2 2 3 3 4 4 2 3 3 3 
2 0 0 0 0 0 0 0 0 0 0 
1 1 0 0 0 0 0 1 1 1 0 
3 1 1 1 1 3 3 3 3 3 0 
4 1 1 2 3 4 3 2 4 4 2 
1 1 1 1 0 0 0 0 1 1 0 
3 1 3 1 1 1 1 1 3 3 0 
3 1 3 3 1 1 1 1 3 3 0 
2 2 2 2 2 2 2 0 0 0 0 
4 1 1 2 3 4 4 3 2 2 3 
3 1 3 1 3 3 3 3 3 2 1 
2 2 2 2 4 3 4 4 2 4 0 
2 1 2 3 2 4 4 3 2 4 2 
1 3 1 1 1 3 3 3 3 3 0 
2 1 3 3 3 3 3 3 3 1 1 
4 2 3 4 3 3 2 3 4 2 1 
3 3 1 4 2 4 2 2 3 2 1 
1 1 1 1 0 0 0 0 0 0 0 
3 3 1 1 1 1 3 3 3 3 0 
1 1 1 0 1 1 1 1 1 1 1 
1 1 3 3 3 3 3 2 3 3 1 
1 1 1 0 1 1 1 1 1 1 0 
3 1 3 3 3 3 3 3 3 1 0 
3 1 3 3 3 3 3 1 1 3 0 
1 1 1 1 1 0 1 1 1 1 1 
1 1 1 1 1 0 1 1 1 1 0 
2 3 3 4 4 2 3 2 4 4 2 
1 1 0 0 0 0 0 0 1 1 0 
1 0 1 1 1 1 1 1 1 1 1 
3 1 3 3 1 1 1 1 1 1 0 
1 0 1 1 1 1 1 1 1 1 0 
2 3 1 4 2 2 4 3 2 2 3 
1 1 1 1 0 0 1 1 1 1 0 
4 3 4 2 2 4 2 2 3 4 4 
3 3 1 3 2 3 4 4 2 4 1 
1 0 0 0 0 0 0 1 1 1 0 
3 3 1 3 2 4 2 4 2 4 1 
1 1 1 1 1 1 0 1 1 1 1 
2 2 3 4 3 3 2 3 4 2 4 
3 3 1 1 1 3 3 3 3 3 0 
1 1 0 0 0 0 1 1 1 1 0 
3 1 3 1 3 3 3 3 3 3 0 
3 1 3 3 3 3 3 1 1 1 0 
1 0 0 0 0 0 0 0 0 1 0 
1 0 0 0 0 1 1 1 1 1 0 
3 1 3 1 1 1 3 3 3 3 0 
4 1 1 2 3 2 3 2 4 4 2 
1 1 1 1 1 1 0 1 1 1 0 
1 3 1 1 1 1 3 3 3 3 0 
4 1 1 4 4 2 3 2 4 4 2 
1 0 0 0 1 1 1 1 1 1 0 
4 1 2 2 2 4 3 3 4 2 1 
1 0 0 1 1 1 1 1 1 1 0 
2 1 3 4 3 3 2 3 4 2 1 
4 1 2 4 3 3 2 3 4 2 1 
3 2 1 4 4 2 3 2 4 4 2 
2 2 2 2 2 2 2 2 2 2 0 
4 4 4 3 3 3 2 2 3 3 2 
1 1 3 3 3 3 3 3 3 3 0 
0 0 0 0 0 0 0 0 1 1 0 
2 2 2 0 0 0 0 0 0 0 0 
2 2 2 2 0 0 0 0 0 0 0 
3 3 1 3 2 4 2 2 2 4 1 
3 1 1 1 1 1 1 1 3 3 0 
4 1 1 2 3 4 2 2 4 4 2 
1 3 1 1 1 1 1 1 3 3 0 
3 4 2 2 4 3 4 4 2 4 1 
3 1 2 4 4 2 3 2 4 4 2 
1 1 1 0 0 0 0 1 1 1 0 
2 1 2 4 2 2 2 2 3 2 0 
2 1 2 2 2 2 2 4 2 2 4 
3 1 3 3 3 1 3 3 3 3 0 
1 1 0 1 1 1 1 1 1 1 1 
0 0 0 0 0 0 0 0 0 0 0 
3 1 3 3 3 3 3 1 3 3 0 
1 1 0 1 1 1 1 1 1 1 0 
4 1 4 2 4 4 3 4 2 3 0 
3 3 1 1 3 3 3 3 3 3 0 
2 2 2 2 2 0 0 0 0 0 0 
1 1 1 0 0 0 0 0 0 1 0 
1 1 1 0 0 1 1 1 1 1 0 
0 0 0 0 0 1 1 1 1 1 0 
0 0 0 0 0 0 0 0 0 1 0 
2 2 2 2 2 2 2 2 2 0 0 
2 1 4 2 4 2 2 2 2 2 3 
1 1 1 0 0 0 1 1 1 1 0 
2 2 1 2 4 3 4 4 2 4 1 
3 1 3 3 3 3 1 3 3 3 0 
1 3 1 1 1 1 1 1 1 1 0 
0 0 1 1 1 1 1 1 1 1 0 
3 1 3 3 1 1 3 3 3 3 0 
1 1 1 0 0 0 0 0 0 0 0 
1 3 1 3 3 3 3 3 3 3 0 
0 0 0 0 0 0 0 1 1 1 0 
4 3 2 3 2 2 3 4 3 2 1 
3 1 1 1 1 1 3 3 3 3 0 
0 0 0 0 1 1 1 1 1 1 0 
MFS
[ 0 , - , - , - , - , - , - , - , - , - , - ]
[ 1 , - , - , - , - , - , - , - , - , - , - ]
[ - , - , 1 , - , - , - , - , - , - , - , 1 ]
[ - , 1 , 1 , - , - , - , - , - , - , - , - ]
[ - , - , - , - , - , - , - , - , - , 0 , - ]
[ - , - , - , - , - , - , - , - , 0 , - , - ]
[ - , - , - , - , - , - , - , - , - , 1 , - ]
[ - , - , - , - , - , - , - , 0 , - , - , - ]
[ - , - , - , - , - , - , - , - , 1 , - , - ]
[ - , 1 , - , - , - , - , - , - , - , - , 1 ]
[ - , - , - , - , - , - , 0 , - , - , - , - ]
[ - , - , - , - , - , - , - , 1 , - , - , - ]
[ - , - , - , - , - , 0 , - , - , - , - , - ]
[ - , - , - , - , - , - , 1 , - , - , - , - ]
[ - , - , - , - , 0 , - , - , - , - , - , - ]
[ - , - , - , - , - , 1 , - , - , - , - , - ]
[ - , - , - , 0 , - , - , - , - , - , - , - ]
[ - , - , - , - , 1 , - , - , - , - , - , - ]
[ - , - , 0 , - , - , - , - , - , - , - , - ]
[ - , - , - , 1 , - , - , - , - , - , - , - ]
[ - , 0 , - , - , - , - , - , - , - , - , - ]
precise
0.14285714285714285
recall
0.03333333333333333
F-measure
0.05405405405405406
multi
2
time
all 2587 iden 2243 gen 110
t-cover
620
all-cover
1375
coveredNum
(1 : 932)  (2 : 158)  (3 : 150)  (4 : 76)  (5 : 28)  (6 : 17)  (7 : 7)  (8 : 3)  (9 : 4)  
real Identify
([ - , 1 , 1 , - , - , - , - , - , - , - , - ] : 1)  ([ - , - , 1 , - , - , - , - , - , - , - , 1 ] : 1)  ([ - , 1 , - , - , - , - , - , - , - , - , 1 ] : 1)  
testCase Num: 146
regaular Num: 29
identify Num: 117
3 4 4 2 2 2 1 4 1 2 4 
2 2 2 2 4 3 1 1 3 2 1 
1 1 1 0 0 0 0 0 1 1 0 
1 1 1 1 0 0 0 0 1 1 0 
3 1 1 3 3 3 1 3 1 1 0 
2 4 3 2 3 3 3 4 3 1 2 
2 2 2 2 2 2 2 0 0 0 0 
2 3 3 2 2 3 4 2 1 1 1 
1 1 1 1 1 1 1 0 0 1 0 
1 1 1 1 1 1 1 1 1 1 0 
2 2 2 2 2 2 0 0 0 0 0 
3 1 1 1 3 3 1 3 1 1 0 
4 2 2 2 2 1 3 4 4 3 0 
2 4 2 3 4 1 3 3 2 4 1 
3 2 2 4 4 4 4 4 1 4 2 
1 1 0 0 0 1 1 1 1 1 0 
4 2 4 2 1 2 4 3 4 2 2 
3 3 1 3 3 3 3 1 1 1 0 
3 3 3 1 3 3 3 1 3 1 0 
1 1 1 1 0 0 0 0 0 0 0 
4 2 2 4 3 3 1 2 2 3 3 
1 1 1 0 1 1 1 1 1 1 1 
1 1 1 1 1 1 1 0 0 0 0 
2 2 0 0 0 0 0 0 0 0 0 
1 1 1 0 1 1 1 1 1 1 0 
1 1 1 1 1 1 1 1 0 0 0 
1 1 1 1 1 0 1 1 1 1 1 
1 1 1 1 1 0 1 1 1 1 0 
1 1 0 0 0 0 0 0 1 1 0 
1 3 3 3 3 3 3 1 3 2 1 
1 0 1 1 1 1 1 1 1 1 1 
1 0 1 1 1 1 1 1 1 1 0 
0 1 1 1 1 1 1 1 1 1 1 
3 3 3 1 3 3 1 3 1 1 0 
2 2 2 2 2 2 2 2 0 0 0 
1 1 1 1 1 1 1 0 1 1 1 
1 1 1 1 1 1 1 0 1 1 0 
1 1 1 1 1 1 1 1 0 1 0 
1 1 1 1 1 1 1 1 0 1 1 
3 3 3 3 1 1 3 1 1 1 0 
3 3 3 3 1 1 3 1 2 3 1 
1 1 1 1 0 0 1 1 1 1 0 
0 1 1 1 1 1 1 1 1 1 0 
1 0 0 0 0 0 0 1 1 1 0 
3 3 1 3 3 3 1 3 1 1 0 
1 1 1 1 1 1 0 1 1 1 1 
0 0 0 0 0 0 1 1 1 1 0 
3 3 1 3 3 3 3 1 3 3 0 
1 3 3 3 3 3 3 1 3 1 0 
3 3 3 1 3 3 3 1 3 3 0 
3 3 3 1 3 3 3 3 1 1 0 
4 3 2 4 2 1 2 3 3 3 4 
1 1 0 0 0 0 1 1 1 1 0 
3 1 3 3 3 3 3 1 1 1 0 
3 3 3 1 1 1 1 3 1 1 0 
1 0 0 0 0 0 0 0 0 1 0 
1 0 0 0 0 1 1 1 1 1 0 
3 4 4 3 3 4 2 2 4 2 1 
1 1 1 1 1 1 0 1 1 1 0 
4 4 4 4 1 2 3 1 3 3 1 
3 3 1 3 3 3 3 3 1 1 0 
1 0 0 0 1 1 1 1 1 1 0 
1 0 0 1 1 1 1 1 1 1 0 
2 3 2 2 1 4 2 1 2 3 2 
1 1 1 1 1 0 0 0 0 0 0 
2 2 2 2 2 2 2 2 2 2 0 
2 3 4 2 4 1 1 1 4 4 3 
3 4 4 2 4 3 4 1 3 3 0 
3 3 3 3 1 1 3 1 3 3 0 
4 3 3 3 4 2 2 4 1 3 3 
2 3 3 4 1 4 3 2 4 2 0 
0 0 0 0 0 0 0 0 1 1 0 
3 3 3 3 1 1 3 3 1 1 0 
2 2 2 0 0 0 0 0 0 0 0 
1 0 0 0 0 0 0 0 0 0 0 
2 1 3 3 3 3 3 1 3 3 1 
1 3 3 3 3 3 1 3 1 1 0 
2 2 2 2 0 0 0 0 0 0 0 
3 1 1 1 1 1 1 3 1 1 0 
4 2 3 3 2 1 1 2 3 4 2 
3 1 3 3 3 3 1 3 1 1 0 
1 1 1 1 1 1 0 0 0 1 0 
3 3 3 3 1 3 1 3 1 1 0 
1 1 0 0 0 0 0 0 0 1 0 
1 1 0 0 0 0 0 0 0 0 0 
1 3 3 3 3 3 3 1 3 3 0 
1 1 1 1 1 1 0 0 0 0 0 
0 0 0 1 1 1 1 1 1 1 0 
3 3 3 1 3 3 3 1 1 1 0 
3 3 1 3 3 3 3 1 3 1 0 
3 3 3 3 3 1 1 3 1 1 0 
1 1 1 0 0 0 0 1 1 1 0 
2 2 2 2 3 2 3 1 1 4 4 
2 2 2 2 2 4 1 1 1 1 3 
1 1 0 1 1 1 1 1 1 1 1 
1 1 1 1 1 0 0 0 1 1 0 
2 2 2 4 4 1 2 2 4 1 4 
0 0 0 0 0 0 0 0 0 0 0 
3 1 3 3 3 3 3 1 3 3 0 
1 1 0 1 1 1 1 1 1 1 0 
1 1 1 3 3 3 1 3 1 1 0 
3 1 3 3 3 3 3 3 1 1 0 
1 0 0 0 0 0 0 0 1 1 0 
1 1 1 1 3 3 1 3 1 1 0 
1 3 3 3 3 3 3 3 1 1 0 
1 1 1 1 1 1 0 0 1 1 0 
2 2 2 2 2 0 0 0 0 0 0 
1 0 0 0 0 0 1 1 1 1 0 
2 2 2 2 1 2 1 1 1 4 0 
1 1 1 0 0 0 0 0 0 1 0 
3 2 2 2 1 4 3 3 3 1 3 
1 1 1 0 0 1 1 1 1 1 0 
0 0 0 0 0 1 1 1 1 1 0 
1 1 1 1 0 1 1 1 1 1 1 
1 1 3 3 3 3 1 3 1 1 0 
0 0 0 0 0 0 0 0 0 1 0 
1 1 1 1 1 0 0 1 1 1 0 
1 1 1 1 1 1 1 3 1 1 0 
3 3 1 3 3 2 3 1 3 3 1 
2 2 2 2 2 2 2 2 2 0 0 
3 3 3 3 3 3 1 3 1 1 0 
1 1 1 0 0 0 1 1 1 1 0 
3 3 1 1 1 1 1 3 1 1 0 
1 1 1 1 0 1 1 1 1 1 0 
3 3 3 3 1 1 3 1 3 1 0 
3 2 3 1 3 3 3 1 3 3 1 
1 1 1 1 0 0 0 0 0 1 0 
3 3 1 1 3 3 1 3 1 1 0 
1 3 3 3 3 3 3 1 1 1 0 
0 0 1 1 1 1 1 1 1 1 0 
1 1 1 0 0 0 0 0 0 0 0 
3 3 3 3 1 1 1 3 1 1 0 
2 4 2 2 3 1 4 1 1 2 3 
4 2 3 3 2 4 4 1 2 1 4 
1 1 0 0 1 1 1 1 1 1 0 
1 1 1 1 1 0 0 0 0 1 0 
0 0 0 0 0 0 0 1 1 1 0 
1 1 1 1 1 1 1 1 1 0 0 
3 1 3 3 3 3 3 1 3 1 0 
3 3 4 2 1 2 1 4 2 1 1 
1 1 1 1 1 1 1 1 1 0 1 
2 2 2 2 1 3 2 1 4 4 4 
1 1 1 1 0 0 0 1 1 1 0 
0 0 0 0 1 1 1 1 1 1 0 
2 0 0 0 0 0 0 0 0 0 0 
1 1 0 0 0 0 0 1 1 1 0 
MFS
[ 0 , - , - , - , - , - , - , - , - , - , - ]
[ - , 1 , - , - , - , - , - , - , - , - , - ]
[ 1 , - , - , - , - , - , - , - , - , - , - ]
[ - , - , - , - , - , - , - , - , - , 0 , - ]
[ - , - , - , - , - , - , - , - , 0 , - , - ]
[ - , - , - , - , - , - , - , 0 , - , - , - ]
[ - , - , - , - , 1 , 1 , - , - , - , - , - ]
[ - , - , - , - , - , - , 0 , - , - , - , - ]
[ - , - , - , - , - , 0 , - , - , - , - , - ]
[ - , - , - , - , 0 , - , - , - , - , - , - ]
[ - , - , - , 0 , - , - , - , - , - , - , - ]
[ - , - , 0 , - , - , - , - , - , - , - , - ]
[ - , - , - , 1 , - , - , - , - , - , - , - ]
[ - , 0 , - , - , - , - , - , - , - , - , - ]
[ - , - , 1 , - , - , - , - , - , - , - , - ]
precise
0.06666666666666667
recall
0.011111111111111112
F-measure
0.01904761904761905
multi
2
time
all 2501 iden 2148 gen 185
t-cover
762
all-cover
1375
coveredNum
(1 : 892)  (2 : 227)  (3 : 140)  (4 : 73)  (5 : 25)  (6 : 9)  (7 : 2)  (8 : 1)  (9 : 2)  (10 : 2)  (11 : 2)  
real Identify
([ - , - , - , - , 1 , 1 , - , - , - , - , - ] : 1)  
testCase Num: 194
regaular Num: 22
identify Num: 172
1 1 1 0 0 0 0 0 1 1 0 
1 1 1 1 1 1 1 0 0 1 0 
1 1 1 1 1 1 1 1 1 1 0 
2 2 2 2 2 2 0 0 0 0 0 
3 3 1 1 1 1 1 3 3 3 0 
3 3 1 3 1 1 1 3 3 3 0 
2 2 1 2 2 2 3 3 4 2 1 
1 1 3 1 1 1 1 3 3 3 0 
2 4 1 1 2 4 2 4 3 4 3 
3 3 1 3 3 3 1 1 1 1 0 
1 1 0 0 0 1 1 1 1 1 0 
2 2 2 1 3 4 4 4 3 2 1 
4 2 1 1 2 4 2 4 3 4 3 
3 3 1 2 3 3 3 3 3 1 1 
1 3 1 3 3 3 3 3 2 3 1 
2 2 2 1 3 4 3 2 4 4 2 
2 2 4 4 2 3 2 2 2 2 2 
1 1 1 1 1 1 1 0 0 0 0 
2 2 0 0 0 0 0 0 0 0 0 
1 1 1 1 1 1 1 1 0 0 0 
2 2 1 2 2 2 3 2 2 2 1 
3 3 1 3 3 1 1 1 3 3 0 
2 3 1 1 4 2 4 2 3 4 3 
3 3 1 3 3 3 3 3 1 3 0 
4 2 1 2 2 4 2 2 4 3 2 
3 2 4 1 4 2 3 2 2 2 4 
3 1 3 1 1 1 1 3 3 3 0 
4 3 4 2 3 2 2 3 4 2 3 
0 1 1 1 1 1 1 1 1 1 1 
2 2 2 2 2 2 2 2 0 0 0 
1 1 1 1 1 1 1 0 1 1 1 
1 1 1 1 1 1 1 0 1 1 0 
1 1 1 1 1 1 1 1 0 1 0 
3 1 1 3 3 3 3 3 3 3 0 
1 1 1 1 1 1 1 1 0 1 1 
3 3 3 1 1 1 3 3 3 3 0 
3 3 1 1 1 1 1 1 1 3 0 
0 1 1 1 1 1 1 1 1 1 0 
3 3 1 3 3 3 1 1 3 3 0 
2 3 3 4 3 3 2 2 4 2 4 
4 2 2 4 2 4 2 4 3 4 3 
0 0 0 0 0 0 1 1 1 1 0 
1 3 1 1 3 3 3 3 3 3 0 
3 2 1 3 1 3 3 3 3 3 1 
2 4 1 3 3 4 4 3 4 2 1 
2 3 1 1 4 2 4 2 2 4 3 
3 3 1 3 3 3 3 3 1 1 0 
3 1 3 1 1 1 1 1 1 3 0 
2 3 2 3 4 2 4 3 2 4 2 
3 1 3 1 1 3 3 3 3 3 0 
3 3 1 1 1 1 1 1 1 1 0 
2 2 1 2 2 2 2 2 3 2 4 
1 1 1 1 1 0 0 0 0 0 0 
3 3 1 3 1 1 1 1 1 1 0 
1 0 0 0 0 0 0 0 0 0 0 
3 3 1 3 3 1 3 3 3 3 0 
1 1 1 1 1 1 0 0 0 1 0 
1 1 0 0 0 0 0 0 0 1 0 
1 1 0 0 0 0 0 0 0 0 0 
1 1 1 1 1 1 0 0 0 0 0 
0 0 0 1 1 1 1 1 1 1 0 
3 3 1 3 3 1 1 1 1 3 0 
1 1 1 1 1 0 0 0 1 1 0 
2 2 1 2 2 4 4 3 4 2 1 
2 3 1 1 4 2 4 2 4 2 4 
3 4 3 3 3 4 4 3 4 2 2 
1 0 0 0 0 0 0 0 1 1 0 
2 4 1 1 3 4 2 4 3 4 3 
3 3 1 3 3 3 3 3 3 3 0 
1 1 1 1 1 1 0 0 1 1 0 
1 0 0 0 0 0 1 1 1 1 0 
3 1 3 1 1 1 1 1 1 1 0 
4 4 4 4 4 4 4 4 4 4 0 
1 1 1 1 0 1 1 1 1 1 1 
3 3 1 1 1 1 1 1 3 3 0 
1 1 1 1 1 0 0 1 1 1 0 
3 1 1 1 3 3 3 3 3 3 0 
3 3 1 3 1 1 1 1 1 3 0 
1 1 1 1 0 1 1 1 1 1 0 
2 2 1 2 2 2 3 2 2 3 1 
1 1 1 1 0 0 0 0 0 1 0 
4 3 4 1 2 4 3 2 2 2 1 
4 4 2 1 4 3 3 4 2 3 4 
3 3 1 3 3 3 3 3 3 1 0 
4 2 3 1 4 2 2 4 3 2 1 
2 4 1 1 4 2 4 3 2 2 3 
3 3 1 3 1 3 3 3 3 3 0 
1 1 0 0 1 1 1 1 1 1 0 
1 1 1 1 1 0 0 0 0 1 0 
2 2 4 3 2 3 4 2 3 3 3 
1 1 1 1 1 1 1 1 1 0 0 
1 1 1 1 1 1 1 1 1 0 1 
2 3 1 3 3 1 3 3 3 3 1 
2 2 4 2 2 2 2 2 2 2 1 
2 2 1 2 3 4 4 3 4 2 1 
1 1 1 1 0 0 0 1 1 1 0 
2 2 2 3 3 4 4 3 4 2 1 
3 3 1 3 3 1 1 1 1 1 0 
2 0 0 0 0 0 0 0 0 0 0 
1 1 0 0 0 0 0 1 1 1 0 
3 3 1 3 3 3 3 1 1 3 0 
1 3 3 1 3 3 3 3 3 3 0 
1 1 1 1 0 0 0 0 1 1 0 
3 1 3 1 1 1 1 1 3 3 0 
2 2 1 2 4 2 3 2 2 3 3 
2 2 2 2 2 2 2 0 0 0 0 
4 2 4 1 2 3 2 4 3 2 1 
2 4 1 4 2 4 2 4 3 4 3 
3 3 1 3 3 2 3 3 1 3 1 
4 2 4 1 3 4 3 2 3 2 1 
3 3 1 3 3 3 3 1 1 1 0 
3 3 1 3 3 3 3 1 2 3 1 
1 1 1 1 0 0 0 0 0 0 0 
3 3 1 1 1 1 3 3 3 3 0 
3 3 3 1 3 3 3 3 3 3 0 
1 1 1 0 1 1 1 1 1 1 1 
1 1 1 0 1 1 1 1 1 1 0 
1 1 3 1 1 1 3 3 3 3 0 
3 3 1 3 1 1 3 3 3 3 0 
2 4 3 4 2 2 3 2 4 3 1 
3 3 3 1 1 1 1 1 1 1 0 
1 1 1 1 1 0 1 1 1 1 1 
1 1 1 1 1 0 1 1 1 1 0 
1 1 0 0 0 0 0 0 1 1 0 
1 0 1 1 1 1 1 1 1 1 1 
1 0 1 1 1 1 1 1 1 1 0 
3 3 1 3 1 1 1 1 3 3 0 
1 1 1 1 0 0 1 1 1 1 0 
1 0 0 0 0 0 0 1 1 1 0 
1 1 3 1 1 1 1 1 3 3 0 
1 1 1 1 1 1 0 1 1 1 1 
3 3 1 3 3 3 3 1 3 3 0 
3 3 1 3 3 1 1 3 3 3 0 
3 2 3 2 3 3 4 3 2 4 1 
3 3 1 1 1 3 3 3 3 3 0 
1 1 0 0 0 0 1 1 1 1 0 
3 4 2 1 2 4 2 4 3 4 3 
3 1 3 1 3 3 3 3 3 3 0 
1 0 0 0 0 0 0 0 0 1 0 
3 3 3 1 1 1 1 1 3 3 0 
1 0 0 0 0 1 1 1 1 1 0 
4 2 1 1 4 2 2 4 3 2 1 
3 1 3 1 1 1 3 3 3 3 0 
1 1 1 1 1 1 0 1 1 1 0 
1 0 0 0 1 1 1 1 1 1 0 
1 0 0 1 1 1 1 1 1 1 0 
4 2 4 1 3 2 2 4 3 2 1 
2 2 1 2 2 2 4 3 4 2 1 
3 4 1 2 4 2 2 4 3 2 2 
2 2 2 2 2 2 2 2 2 2 0 
3 4 1 1 4 2 2 4 3 2 1 
1 1 3 1 3 3 3 3 3 3 0 
0 0 0 0 0 0 0 0 1 1 0 
2 2 2 0 0 0 0 0 0 0 0 
3 3 1 3 3 3 1 3 3 3 0 
2 2 2 2 0 0 0 0 0 0 0 
1 1 3 1 1 1 1 1 1 1 0 
2 4 1 1 3 2 2 4 3 4 3 
1 1 1 0 0 0 0 1 1 1 0 
3 1 1 3 2 3 3 3 3 3 1 
1 1 0 1 1 1 1 1 1 1 1 
0 0 0 0 0 0 0 0 0 0 0 
1 1 0 1 1 1 1 1 1 1 0 
2 2 1 2 2 2 3 2 4 2 1 
3 3 3 1 1 1 1 3 3 3 0 
2 2 1 3 3 4 4 3 4 2 1 
3 3 1 4 2 4 4 3 2 4 4 
2 2 2 2 2 0 0 0 0 0 0 
1 1 1 0 0 0 0 0 0 1 0 
1 1 1 0 0 1 1 1 1 1 0 
2 2 1 3 2 2 2 2 2 2 4 
0 0 0 0 0 1 1 1 1 1 0 
2 2 1 1 2 4 2 4 3 4 3 
0 0 0 0 0 0 0 0 0 1 0 
3 4 1 3 3 4 4 3 4 2 1 
2 2 1 2 3 2 2 4 2 2 0 
2 2 2 2 2 2 2 2 2 0 0 
1 1 1 0 0 0 1 1 1 1 0 
1 1 3 1 1 1 1 1 1 3 0 
3 3 1 3 3 3 1 1 1 3 0 
1 1 3 1 1 3 3 3 3 3 0 
0 0 1 1 1 1 1 1 1 1 0 
1 1 1 0 0 0 0 0 0 0 0 
1 3 1 3 3 3 3 3 3 3 0 
2 4 1 1 4 2 2 4 3 2 1 
2 2 4 1 2 4 3 2 4 3 1 
2 2 3 1 2 2 4 2 2 2 3 
0 0 0 0 0 0 0 1 1 1 0 
4 3 3 3 4 2 2 4 3 2 1 
3 3 3 1 1 1 1 1 1 3 0 
2 3 1 1 4 2 4 4 3 4 3 
3 3 1 3 3 3 1 3 3 2 1 
3 3 3 1 1 3 3 3 3 3 0 
0 0 0 0 1 1 1 1 1 1 0 
MFS
[ 0 , - , - , - , - , - , - , - , - , - , - ]
[ - , 1 , - , - , - , - , - , - , - , - , - ]
[ 1 , - , - , - , - , - , - , - , - , - , - ]
[ - , - , 1 , - , - , - , - , - , - , - , 1 ]
[ - , - , 1 , 1 , - , - , - , - , - , - , - ]
[ - , - , - , - , - , - , - , - , - , 0 , - ]
[ - , - , - , 1 , - , - , - , - , - , - , 1 ]
[ - , - , - , - , - , - , - , - , 0 , - , - ]
[ - , - , - , - , - , - , - , - , - , 1 , - ]
[ - , - , - , - , - , - , - , 0 , - , - , - ]
[ - , - , - , - , - , - , - , - , 1 , - , - ]
[ - , - , - , - , - , - , 0 , - , - , - , - ]
[ - , - , - , - , - , - , - , 1 , - , - , - ]
[ - , - , - , - , - , 0 , - , - , - , - , - ]
[ - , - , - , - , - , - , 1 , - , - , - , - ]
[ - , - , - , - , 0 , - , - , - , - , - , - ]
[ - , - , - , - , - , 1 , - , - , - , - , - ]
[ - , - , - , 0 , - , - , - , - , - , - , - ]
[ - , - , - , - , 1 , - , - , - , - , - , - ]
[ - , - , 0 , - , - , - , - , - , - , - , - ]
[ - , 0 , - , - , - , - , - , - , - , - , - ]
precise
0.14285714285714285
recall
0.03333333333333333
F-measure
0.05405405405405406
multi
3
time
all 2676 iden 2352 gen 121
t-cover
620
all-cover
1375
coveredNum
(1 : 922)  (2 : 208)  (3 : 129)  (4 : 57)  (5 : 23)  (6 : 9)  (7 : 6)  (8 : 8)  (9 : 8)  (10 : 2)  (11 : 3)  
real Identify
([ - , - , 1 , 1 , - , - , - , - , - , - , - ] : 1)  ([ - , - , 1 , - , - , - , - , - , - , - , 1 ] : 1)  ([ - , - , - , 1 , - , - , - , - , - , - , 1 ] : 1)  
testCase Num: 198
regaular Num: 30
identify Num: 168
1 1 1 0 0 0 0 0 1 1 0 
3 1 3 3 3 2 3 1 1 3 2 
1 1 1 1 1 1 1 0 0 1 0 
1 1 1 1 1 1 1 1 1 1 0 
2 2 2 2 2 2 0 0 0 0 0 
1 1 1 1 1 1 1 1 1 1 1 
1 1 1 1 1 2 4 4 4 4 3 
2 1 4 1 4 4 1 1 2 4 3 
3 1 3 3 3 3 1 1 1 3 0 
1 1 0 0 0 1 1 1 1 1 0 
1 3 3 3 2 3 3 1 3 3 2 
3 3 1 2 3 3 3 3 3 1 2 
4 1 2 2 3 1 3 4 2 1 4 
1 4 2 2 3 1 4 3 2 1 4 
1 1 1 1 1 1 1 0 0 0 0 
2 2 0 0 0 0 0 0 0 0 0 
1 1 1 1 1 1 1 1 0 0 0 
2 1 1 1 1 1 1 1 1 1 1 
2 4 3 2 2 4 3 3 2 4 1 
3 1 3 3 3 2 3 3 3 3 2 
1 1 4 1 4 4 1 2 2 1 4 
1 1 4 1 4 4 1 2 2 1 3 
0 1 1 1 1 1 1 1 1 1 1 
2 2 2 2 2 2 2 2 0 0 0 
1 1 1 1 1 1 1 0 1 1 1 
1 1 1 1 1 1 1 0 1 1 0 
4 1 3 4 4 4 2 4 2 1 4 
2 2 4 2 4 1 4 4 3 3 0 
1 1 1 1 1 1 1 1 0 1 0 
1 1 3 3 3 3 1 1 1 3 0 
1 1 1 1 1 1 1 1 0 1 1 
1 1 4 4 4 2 4 4 4 4 3 
0 1 1 1 1 1 1 1 1 1 0 
1 1 4 1 1 2 4 4 4 4 3 
3 2 3 1 3 3 3 3 3 1 1 
1 1 1 3 2 3 1 1 1 1 2 
0 0 0 0 0 0 1 1 1 1 0 
1 1 1 4 4 2 4 4 4 4 3 
3 3 2 1 3 3 3 1 1 1 1 
3 3 3 2 1 1 1 1 1 1 1 
2 2 2 2 1 4 1 2 1 1 0 
2 2 2 1 1 2 4 4 4 4 3 
3 3 3 2 2 1 2 4 3 2 3 
2 2 2 2 4 1 4 1 4 4 2 
1 4 1 4 1 2 4 4 4 4 3 
1 1 1 1 1 0 0 0 0 0 0 
1 4 2 2 2 1 3 3 4 1 4 
2 2 3 4 2 1 1 1 1 1 0 
1 1 4 4 4 4 1 2 2 4 3 
1 0 0 0 0 0 0 0 0 0 0 
1 1 1 4 4 1 2 2 4 4 3 
1 1 1 1 1 1 0 0 0 1 0 
1 1 0 0 0 0 0 0 0 1 0 
1 1 0 0 0 0 0 0 0 0 0 
1 1 1 1 1 1 0 0 0 0 0 
0 0 0 1 1 1 1 1 1 1 0 
3 2 3 3 3 3 1 1 1 1 1 
2 2 2 2 1 2 1 1 1 3 1 
1 1 1 1 1 0 0 0 1 1 0 
2 4 1 1 1 2 4 4 4 4 3 
3 1 3 2 3 3 3 3 1 3 2 
1 0 0 0 0 0 0 0 1 1 0 
4 1 2 2 3 1 2 4 2 1 4 
1 1 1 4 4 4 1 2 2 4 3 
2 2 2 2 1 2 2 3 1 1 0 
3 3 3 2 1 3 1 1 1 1 1 
3 3 1 3 3 3 3 2 1 1 2 
1 1 1 1 1 1 0 0 1 1 0 
1 1 4 4 1 2 4 4 4 4 3 
1 0 0 0 0 0 1 1 1 1 0 
1 1 1 1 0 1 1 1 1 1 1 
1 4 2 2 3 1 4 3 1 2 4 
1 1 1 1 1 0 0 1 1 1 0 
2 2 2 2 2 1 3 1 4 3 4 
3 3 3 2 3 3 1 1 3 3 2 
4 1 3 2 4 4 2 4 2 1 4 
4 4 3 3 4 4 1 1 4 2 0 
1 1 1 1 0 1 1 1 1 1 0 
1 2 3 3 3 3 3 3 3 3 2 
1 1 4 1 4 2 4 4 4 4 3 
1 1 1 1 0 0 0 0 0 1 0 
3 2 2 2 3 1 4 1 1 4 0 
3 3 4 4 4 4 2 4 2 1 4 
1 1 4 4 4 4 2 4 2 1 4 
3 3 3 3 1 1 2 3 3 1 1 
2 3 3 1 3 3 1 1 1 1 1 
4 1 3 2 3 4 2 4 2 1 4 
1 1 1 4 4 4 1 2 2 2 4 
3 3 2 1 3 3 3 3 3 3 1 
1 1 0 0 1 1 1 1 1 1 0 
4 1 2 2 3 1 3 1 4 4 0 
1 1 1 1 1 0 0 0 0 1 0 
1 1 1 1 1 1 1 1 1 0 0 
1 1 1 1 1 1 1 1 1 0 1 
1 4 1 1 1 2 4 4 4 4 3 
1 4 2 2 3 4 2 4 2 1 4 
4 4 2 2 1 3 1 2 2 1 0 
4 1 2 2 3 1 4 3 4 1 4 
1 1 1 1 0 0 0 1 1 1 0 
1 1 1 4 4 4 1 2 2 2 3 
2 0 0 0 0 0 0 0 0 0 0 
1 1 0 0 0 0 0 1 1 1 0 
3 1 1 1 3 2 1 1 1 1 1 
1 1 1 1 0 0 0 0 1 1 0 
1 1 1 4 1 2 4 4 4 4 3 
2 2 2 2 2 2 2 0 0 0 0 
3 2 3 3 1 1 3 1 1 1 1 
1 1 4 4 4 4 1 2 4 4 3 
2 3 3 1 1 1 1 1 1 1 1 
1 3 4 4 4 4 2 4 2 1 4 
3 3 3 3 3 2 1 3 3 3 2 
4 4 1 4 1 2 4 4 4 4 3 
1 1 1 1 0 0 0 0 0 0 0 
1 1 1 0 1 1 1 1 1 1 1 
1 1 1 0 1 1 1 1 1 1 0 
3 3 1 1 3 2 1 1 1 1 1 
3 1 4 4 4 4 2 4 2 1 4 
4 2 3 2 1 3 4 2 4 2 4 
1 1 4 4 4 4 1 2 2 1 3 
1 1 2 1 4 1 4 4 4 4 3 
3 4 2 3 3 1 2 2 4 4 1 
1 1 1 1 1 0 1 1 1 1 1 
1 1 1 1 1 0 1 1 1 1 0 
1 1 0 0 0 0 0 0 1 1 0 
1 3 2 3 3 3 1 1 3 3 2 
1 0 1 1 1 1 1 1 1 1 1 
2 2 4 3 3 4 4 1 2 3 3 
1 0 1 1 1 1 1 1 1 1 0 
1 1 1 2 4 1 4 4 4 4 3 
3 3 3 2 3 3 1 1 1 3 2 
1 1 1 1 0 0 1 1 1 1 0 
1 0 0 0 0 0 0 1 1 1 0 
1 4 2 2 3 1 3 4 2 1 4 
3 3 3 3 2 1 1 1 1 1 1 
1 1 1 1 1 1 0 1 1 1 1 
3 3 3 3 1 1 2 3 1 1 1 
1 1 2 1 4 4 1 4 4 4 3 
4 1 2 2 3 1 3 3 4 2 4 
2 2 2 2 2 1 3 4 1 1 0 
2 2 2 3 4 2 1 1 3 4 4 
1 1 0 0 0 0 1 1 1 1 0 
4 1 2 2 3 1 4 3 2 1 4 
1 4 3 2 4 4 2 4 2 1 4 
1 0 0 0 0 0 0 0 0 1 0 
1 0 0 0 0 1 1 1 1 1 0 
1 1 1 1 1 1 0 1 1 1 0 
3 1 1 3 3 2 1 1 1 1 2 
1 0 0 0 1 1 1 1 1 1 0 
1 0 0 1 1 1 1 1 1 1 0 
3 3 3 1 3 3 3 2 3 3 2 
1 1 4 4 4 1 2 4 4 4 3 
2 2 2 2 2 2 2 2 2 2 0 
0 0 0 0 0 0 0 0 1 1 0 
2 1 4 1 4 4 1 1 4 4 3 
2 2 2 0 0 0 0 0 0 0 0 
3 2 1 3 3 3 3 3 3 3 2 
2 2 2 2 0 0 0 0 0 0 0 
3 2 1 1 1 1 1 1 1 1 1 
1 1 1 0 0 0 0 1 1 1 0 
1 1 0 1 1 1 1 1 1 1 1 
1 4 2 2 2 1 3 3 1 4 0 
1 1 4 4 2 4 4 4 4 4 3 
0 0 0 0 0 0 0 0 0 0 0 
1 1 1 1 3 2 1 1 1 1 1 
4 4 4 4 2 2 4 3 1 1 1 
1 1 0 1 1 1 1 1 1 1 0 
3 3 3 1 3 3 3 2 1 1 1 
2 2 2 2 2 0 0 0 0 0 0 
1 1 1 0 0 0 0 0 0 1 0 
1 1 1 0 0 1 1 1 1 1 0 
0 0 0 0 0 1 1 1 1 1 0 
0 0 0 0 0 0 0 0 0 1 0 
2 2 2 2 2 2 2 2 2 0 0 
3 3 3 2 1 1 3 3 3 3 2 
3 3 3 2 1 1 3 3 3 3 1 
1 1 1 0 0 0 1 1 1 1 0 
1 1 1 4 4 1 2 4 4 4 3 
2 2 1 1 1 2 4 4 4 4 3 
4 3 2 4 1 3 3 3 4 1 0 
0 0 1 1 1 1 1 1 1 1 0 
1 1 1 0 0 0 0 0 0 0 0 
3 3 3 3 2 3 1 1 1 1 2 
1 4 3 4 4 4 2 4 2 1 4 
4 4 2 4 3 1 3 3 1 2 4 
4 4 4 4 1 2 4 4 4 4 3 
2 2 4 4 4 3 1 2 1 4 3 
0 0 0 0 0 0 0 1 1 1 0 
2 3 2 3 1 2 4 4 4 4 3 
1 4 2 2 3 1 2 4 2 1 4 
2 2 2 2 4 3 2 4 1 2 1 
4 4 2 4 1 4 2 1 3 3 2 
4 4 1 1 1 2 4 4 4 4 3 
2 2 4 2 3 1 1 4 2 2 2 
2 2 2 2 1 2 1 1 3 1 1 
0 0 0 0 1 1 1 1 1 1 0 
3 3 1 2 3 3 3 1 1 1 2 
2 3 1 3 3 3 1 1 1 1 2 
2 2 4 2 4 4 3 3 1 1 3 
MFS
[ 0 , - , - , - , - , - , - , - , - , - , - ]
[ - , 1 , - , - , - , - , - , - , - , - , - ]
[ 1 , - , - , - , - , - , - , - , - , - , - ]
[ - , - , 1 , - , - , - , - , - , - , 1 , - ]
[ - , 1 , - , - , - , - , - , - , 1 , - , - ]
[ 1 , - , - , - , - , - , - , 1 , - , - , - ]
[ - , - , - , - , - , - , - , - , - , 0 , - ]
[ - , - , - , 1 , - , - , - , - , - , - , 1 ]
[ - , - , - , - , - , - , - , - , 0 , - , - ]
[ - , - , - , - , - , - , - , 0 , - , - , - ]
[ - , - , - , - , 1 , 1 , - , - , - , - , - ]
[ - , - , - , - , - , - , 0 , - , - , - , - ]
[ - , - , - , - , - , 0 , - , - , - , - , - ]
[ - , - , - , - , 0 , - , - , - , - , - , - ]
[ - , - , - , 0 , - , - , - , - , - , - , - ]
[ - , - , 0 , - , - , - , - , - , - , - , - ]
[ - , - , - , 1 , - , - , - , - , - , - , - ]
[ - , 0 , - , - , - , - , - , - , - , - , - ]
[ - , - , 1 , - , - , - , - , - , - , - , - ]
precise
0.2631578947368421
recall
0.05555555555555555
F-measure
0.09174311926605505
multi
4
time
all 3103 iden 2595 gen 230
t-cover
806
all-cover
1375
coveredNum
(1 : 842)  (2 : 195)  (3 : 112)  (4 : 84)  (5 : 54)  (6 : 34)  (7 : 24)  (8 : 14)  (9 : 6)  (10 : 3)  (11 : 4)  (13 : 1)  (14 : 1)  (16 : 1)  
real Identify
([ - , 1 , - , - , - , - , - , - , 1 , - , - ] : 1)  ([ - , - , 1 , - , - , - , - , - , - , 1 , - ] : 1)  ([ 1 , - , - , - , - , - , - , 1 , - , - , - ] : 1)  ([ - , - , - , 1 , - , - , - , - , - , - , 1 ] : 1)  ([ - , - , - , - , 1 , 1 , - , - , - , - , - ] : 1)  
testCase Num: 147
regaular Num: 30
identify Num: 117
4 3 4 2 1 4 4 1 4 2 3 
1 1 1 0 0 0 0 0 1 1 0 
3 3 3 1 3 3 3 2 1 3 1 
2 3 4 4 1 2 4 3 1 3 0 
1 1 1 1 0 0 0 0 1 1 0 
3 2 2 3 4 4 2 1 1 4 4 
2 2 2 2 2 2 2 0 0 0 0 
3 3 1 1 1 1 1 1 3 1 0 
3 3 2 3 1 1 3 3 1 3 1 
1 1 1 1 1 1 1 0 0 1 0 
3 3 3 1 3 3 1 1 3 1 0 
3 3 3 3 3 3 1 1 3 1 0 
1 1 1 1 1 1 1 1 1 1 0 
2 2 2 2 2 2 0 0 0 0 0 
4 4 2 2 4 1 1 1 2 4 0 
3 3 3 3 1 1 3 3 3 1 0 
2 2 2 2 1 2 1 4 3 1 4 
1 1 0 0 0 1 1 1 1 1 0 
2 3 2 2 2 3 1 1 4 3 4 
3 3 3 1 3 3 3 1 3 1 0 
1 3 3 3 3 3 3 3 3 1 0 
1 1 1 1 0 0 0 0 0 0 0 
3 1 1 1 3 3 1 1 3 1 0 
1 1 1 0 1 1 1 1 1 1 1 
1 1 1 1 1 1 1 0 0 0 0 
2 2 0 0 0 0 0 0 0 0 0 
1 1 1 0 1 1 1 1 1 1 0 
1 1 1 1 1 1 1 1 0 0 0 
3 1 3 3 3 3 3 3 3 1 0 
4 2 3 2 2 4 3 3 3 1 2 
1 1 1 1 1 0 1 1 1 1 1 
1 1 1 1 1 0 1 1 1 1 0 
2 2 2 2 1 2 1 1 2 1 3 
3 3 1 3 3 3 3 3 1 3 0 
1 1 0 0 0 0 0 0 1 1 0 
3 3 3 3 1 3 1 1 3 1 0 
1 0 1 1 1 1 1 1 1 1 1 
1 3 3 3 3 3 1 1 3 1 0 
1 0 1 1 1 1 1 1 1 1 0 
3 3 3 3 1 1 3 3 1 3 0 
0 1 1 1 1 1 1 1 1 1 1 
3 2 2 4 2 1 3 4 1 1 3 
2 2 2 2 2 2 2 2 0 0 0 
1 1 1 1 1 1 1 0 1 1 1 
1 1 1 1 1 1 1 0 1 1 0 
2 3 3 4 4 3 3 1 2 2 1 
1 1 1 1 1 1 1 1 0 1 0 
1 1 1 1 1 1 1 1 0 1 1 
3 1 1 3 3 3 1 1 3 1 0 
1 1 1 1 0 0 1 1 1 1 0 
0 1 1 1 1 1 1 1 1 1 0 
2 2 2 2 2 1 1 3 4 4 0 
1 0 0 0 0 0 0 1 1 1 0 
3 2 3 4 3 3 2 3 4 3 3 
2 4 2 3 3 2 1 2 4 4 3 
1 1 1 1 1 1 0 1 1 1 1 
0 0 0 0 0 0 1 1 1 1 0 
1 3 3 3 3 3 3 1 3 1 0 
1 1 1 1 3 3 1 1 3 1 0 
3 3 3 1 3 3 3 3 1 1 0 
1 1 0 0 0 0 1 1 1 1 0 
2 4 3 4 1 2 3 2 1 1 4 
2 2 2 2 3 1 1 1 1 1 1 
1 0 0 0 0 0 0 0 0 1 0 
3 1 3 3 3 3 3 3 1 3 0 
2 2 2 2 1 2 1 1 1 1 2 
1 0 0 0 0 1 1 1 1 1 0 
1 1 1 1 1 1 0 1 1 1 0 
3 3 1 3 3 3 3 3 1 1 0 
3 3 1 1 3 3 1 1 3 1 0 
1 0 0 0 1 1 1 1 1 1 0 
1 0 0 1 1 1 1 1 1 1 0 
3 3 1 3 3 3 1 1 3 1 0 
1 1 1 1 1 0 0 0 0 0 0 
2 2 2 2 2 2 2 2 2 2 0 
0 0 0 0 0 0 0 0 1 1 0 
1 1 1 1 1 1 1 1 3 1 0 
1 1 3 3 3 3 1 1 3 1 0 
3 3 3 3 1 1 3 3 1 1 0 
2 2 2 0 0 0 0 0 0 0 0 
1 0 0 0 0 0 0 0 0 0 0 
2 2 2 2 0 0 0 0 0 0 0 
1 1 1 1 1 1 0 0 0 1 0 
1 1 0 0 0 0 0 0 0 1 0 
3 3 1 3 3 3 3 2 1 3 1 
1 1 0 0 0 0 0 0 0 0 0 
4 3 2 4 1 2 2 4 3 4 2 
1 1 1 1 1 1 0 0 0 0 0 
0 0 0 1 1 1 1 1 1 1 0 
3 3 1 3 3 3 3 1 3 1 0 
1 1 1 0 0 0 0 1 1 1 0 
3 3 3 1 3 3 3 3 1 3 0 
2 2 4 2 1 2 2 1 4 1 1 
1 1 0 1 1 1 1 1 1 1 1 
2 3 4 3 2 1 4 2 3 3 1 
4 4 4 2 3 3 4 2 2 3 2 
1 1 1 1 1 0 0 0 1 1 0 
4 4 2 4 4 4 1 3 1 3 1 
3 3 3 1 1 1 1 1 3 1 0 
0 0 0 0 0 0 0 0 0 0 0 
1 1 0 1 1 1 1 1 1 1 0 
3 3 3 3 1 1 1 1 3 1 0 
3 1 3 3 3 3 3 3 1 1 0 
1 0 0 0 0 0 0 0 1 1 0 
2 4 2 3 3 4 3 4 2 3 0 
2 2 4 3 4 1 3 4 4 4 2 
1 3 3 3 3 3 3 3 1 1 0 
1 1 1 1 1 1 0 0 1 1 0 
3 1 3 3 3 2 3 3 1 3 1 
2 2 2 2 2 0 0 0 0 0 0 
1 0 0 0 0 0 1 1 1 1 0 
1 1 1 0 0 0 0 0 0 1 0 
3 4 3 2 2 3 4 4 1 4 1 
1 3 3 3 2 3 3 3 1 3 1 
1 1 1 0 0 1 1 1 1 1 0 
0 0 0 0 0 1 1 1 1 1 0 
1 1 1 1 0 1 1 1 1 1 1 
0 0 0 0 0 0 0 0 0 1 0 
1 1 1 1 1 0 0 1 1 1 0 
2 2 2 2 2 2 2 2 2 0 0 
1 1 1 0 0 0 1 1 1 1 0 
1 1 1 1 0 1 1 1 1 1 0 
3 3 3 3 1 1 3 1 3 1 0 
1 1 1 1 0 0 0 0 0 1 0 
3 2 4 2 3 1 1 4 1 2 2 
3 1 1 1 1 1 1 1 3 1 0 
3 1 3 3 3 3 1 1 3 1 0 
3 3 3 3 3 1 1 1 3 1 0 
0 0 1 1 1 1 1 1 1 1 0 
3 3 1 3 3 3 3 3 3 1 0 
4 4 4 3 3 1 2 3 2 2 4 
1 1 1 0 0 0 0 0 0 0 0 
1 1 1 3 3 3 1 1 3 1 0 
1 1 0 0 1 1 1 1 1 1 0 
1 1 1 1 1 0 0 0 0 1 0 
0 0 0 0 0 0 0 1 1 1 0 
3 3 3 1 3 3 3 3 3 1 0 
3 4 2 2 4 4 1 2 3 2 3 
1 1 1 1 1 1 1 1 1 0 0 
3 1 3 3 3 3 3 1 3 1 0 
3 2 2 2 4 2 4 1 2 1 4 
1 1 1 1 1 1 1 1 1 0 1 
1 1 1 1 0 0 0 1 1 1 0 
0 0 0 0 1 1 1 1 1 1 0 
1 3 3 3 3 3 3 3 1 3 0 
2 0 0 0 0 0 0 0 0 0 0 
1 1 0 0 0 0 0 1 1 1 0 
MFS
[ 0 , - , - , - , - , - , - , - , - , - , - ]
[ - , 1 , - , - , - , - , - , - , - , - , - ]
[ 1 , - , - , - , - , - , - , - , - , - , - ]
[ - , - , - , - , - , - , - , - , - , 0 , - ]
[ - , - , - , - , - , - , - , - , 0 , - , - ]
[ - , - , - , - , - , - , - , 0 , - , - , - ]
[ - , - , - , - , 1 , 1 , - , - , - , - , - ]
[ - , - , - , - , - , - , 0 , - , - , - , - ]
[ - , - , - , - , - , 0 , - , - , - , - , - ]
[ - , - , - , - , 0 , - , - , - , - , - , - ]
[ - , - , - , 0 , - , - , - , - , - , - , - ]
[ - , - , 0 , - , - , - , - , - , - , - , - ]
[ - , - , - , 1 , - , - , - , - , - , - , - ]
[ - , 0 , - , - , - , - , - , - , - , - , - ]
[ - , - , 1 , - , - , - , - , - , - , - , - ]
precise
0.06666666666666667
recall
0.011111111111111112
F-measure
0.01904761904761905
multi
2
time
all 2501 iden 2130 gen 208
t-cover
762
all-cover
1375
coveredNum
(1 : 888)  (2 : 231)  (3 : 127)  (4 : 73)  (5 : 26)  (6 : 11)  (7 : 6)  (8 : 7)  (9 : 3)  (10 : 3)  
real Identify
([ - , - , - , - , 1 , 1 , - , - , - , - , - ] : 1)  
