testCase Num: 175
regaular Num: 27
identify Num: 148
1 3 3 3 3 3 3 3 3 2 2 
1 2 4 2 1 4 3 1 1 3 4 
4 1 4 4 4 4 4 2 4 4 3 
1 2 4 3 1 4 3 1 1 3 4 
3 3 1 2 3 3 1 1 1 1 1 
1 4 1 4 1 1 2 2 4 4 3 
1 4 1 4 1 1 2 4 2 2 4 
1 1 1 0 0 0 0 0 1 1 0 
1 3 2 1 1 1 1 1 3 1 2 
1 1 1 1 0 0 0 0 1 1 0 
2 1 4 3 2 1 1 4 4 2 3 
3 3 2 2 3 1 4 4 4 4 1 
2 2 3 2 2 4 1 3 3 4 4 
2 2 2 2 2 2 2 0 0 0 0 
2 1 4 3 2 2 4 1 1 3 4 
1 1 1 1 1 1 1 0 0 1 0 
1 1 1 1 1 1 1 1 1 1 0 
2 2 2 2 2 2 0 0 0 0 0 
1 1 1 1 1 1 1 1 1 1 1 
2 2 4 4 2 2 4 1 4 3 2 
2 1 4 2 1 4 3 1 1 3 4 
1 1 0 0 0 1 1 1 1 1 0 
2 1 4 3 1 4 3 1 1 3 4 
4 3 4 3 4 4 2 2 2 1 1 
1 4 1 4 1 1 4 2 4 4 3 
1 1 1 1 0 0 0 0 0 0 0 
1 1 1 0 1 1 1 1 1 1 1 
1 1 1 1 1 1 1 0 0 0 0 
2 2 0 0 0 0 0 0 0 0 0 
4 4 4 4 3 2 1 4 2 1 4 
1 1 1 0 1 1 1 1 1 1 0 
3 2 3 1 1 1 1 1 1 1 1 
1 1 1 1 1 1 1 1 0 0 0 
1 4 4 1 4 4 4 2 4 4 3 
2 2 2 3 3 4 1 1 1 2 0 
2 1 4 3 2 1 4 4 1 3 4 
1 4 3 4 4 4 4 2 4 4 3 
2 1 1 1 1 1 1 1 1 1 1 
3 3 3 1 1 1 1 1 2 3 2 
1 1 1 1 1 0 1 1 1 1 1 
1 1 1 1 1 0 1 1 1 1 0 
2 1 3 1 1 1 1 1 3 1 1 
2 1 3 3 1 1 1 1 3 1 1 
3 3 3 4 2 2 2 4 1 2 3 
3 3 1 3 3 3 3 3 1 3 0 
3 1 3 2 3 3 3 1 3 1 1 
1 3 3 3 2 3 1 1 3 1 2 
1 1 0 0 0 0 0 0 1 1 0 
2 2 2 2 1 1 1 1 1 3 3 
1 0 1 1 1 1 1 1 1 1 1 
1 0 1 1 1 1 1 1 1 1 0 
2 3 2 2 4 1 2 2 4 3 4 
3 1 3 3 3 3 2 3 3 3 2 
1 4 1 1 4 4 4 2 4 4 3 
0 1 1 1 1 1 1 1 1 1 1 
2 2 2 2 2 2 2 2 0 0 0 
1 1 1 1 1 1 1 0 1 1 1 
1 1 1 4 4 4 4 2 4 4 3 
1 1 1 1 1 1 1 0 1 1 0 
1 1 1 1 1 1 1 1 0 1 0 
1 1 1 1 1 1 1 1 0 1 1 
1 4 2 2 1 4 3 1 1 3 4 
1 4 4 3 2 1 2 1 1 3 4 
1 1 1 1 0 0 1 1 1 1 0 
0 1 1 1 1 1 1 1 1 1 0 
1 4 1 4 4 4 4 2 4 4 3 
2 4 2 4 1 2 3 2 4 2 1 
2 3 1 3 3 1 1 1 1 1 1 
1 4 4 1 2 2 1 4 4 4 3 
1 0 0 0 0 0 0 1 1 1 0 
4 1 1 4 4 4 4 2 4 4 3 
4 1 2 2 1 4 3 1 1 3 4 
4 4 2 2 1 4 3 1 1 3 4 
1 1 3 1 1 1 1 1 2 1 1 
1 4 1 4 1 2 1 4 4 4 3 
1 1 1 1 1 1 0 1 1 1 1 
0 0 0 0 0 0 1 1 1 1 0 
2 1 4 3 2 4 3 1 1 3 4 
2 3 1 1 1 1 1 1 1 1 1 
1 4 4 1 1 2 3 2 4 4 3 
2 2 2 2 2 1 1 1 1 3 1 
1 4 1 4 3 2 1 4 2 4 3 
1 1 0 0 0 0 1 1 1 1 0 
2 4 2 3 1 3 2 1 4 4 3 
1 1 2 2 1 4 3 1 1 3 4 
1 0 0 0 0 0 0 0 0 1 0 
1 0 0 0 0 1 1 1 1 1 0 
1 1 1 1 1 1 0 1 1 1 0 
2 1 4 3 2 1 4 4 4 3 4 
2 1 4 3 2 1 2 4 4 4 4 
1 0 0 0 1 1 1 1 1 1 0 
1 0 0 1 1 1 1 1 1 1 0 
2 2 2 2 4 3 1 1 2 4 4 
3 3 1 3 2 3 3 3 1 3 1 
1 4 4 1 2 2 1 4 1 4 3 
1 1 1 1 1 0 0 0 0 0 0 
2 2 2 2 2 2 2 2 2 2 0 
3 1 3 3 3 3 3 2 3 1 1 
0 0 0 0 0 0 0 0 1 1 0 
2 3 3 1 1 1 1 1 3 1 1 
2 2 2 0 0 0 0 0 0 0 0 
1 0 0 0 0 0 0 0 0 0 0 
2 2 2 2 0 0 0 0 0 0 0 
1 1 1 1 1 1 0 0 0 1 0 
3 1 3 3 3 3 1 1 2 1 1 
1 1 0 0 0 0 0 0 0 1 0 
1 1 0 0 0 0 0 0 0 0 0 
1 1 1 1 1 1 0 0 0 0 0 
0 0 0 1 1 1 1 1 1 1 0 
1 3 3 3 3 3 3 1 2 1 2 
1 1 1 0 0 0 0 1 1 1 0 
1 4 1 4 1 4 4 2 4 4 3 
4 2 2 4 4 1 1 3 3 2 3 
1 2 4 3 2 4 3 1 1 3 4 
1 1 0 1 1 1 1 1 1 1 1 
3 2 2 2 3 3 4 2 1 1 2 
1 1 1 1 1 0 0 0 1 1 0 
3 3 3 1 1 1 1 1 3 1 0 
0 0 0 0 0 0 0 0 0 0 0 
1 3 3 3 3 3 2 3 3 1 2 
1 1 0 1 1 1 1 1 1 1 0 
3 1 3 3 3 3 3 3 2 3 1 
1 0 0 0 0 0 0 0 1 1 0 
1 2 4 3 2 1 4 4 4 3 4 
1 2 4 3 2 1 2 4 4 4 4 
2 1 4 3 4 2 3 1 1 3 4 
3 2 2 2 3 4 4 4 2 3 0 
1 1 1 1 1 1 0 0 1 1 0 
1 4 1 4 3 1 1 4 2 2 3 
2 2 2 2 2 0 0 0 0 0 0 
1 0 0 0 0 0 1 1 1 1 0 
1 1 1 0 0 0 0 0 0 1 0 
1 1 1 0 0 1 1 1 1 1 0 
4 4 3 4 2 3 1 3 4 1 0 
0 0 0 0 0 1 1 1 1 1 0 
1 1 1 1 0 1 1 1 1 1 1 
1 1 1 1 4 4 4 2 4 4 3 
1 2 4 3 4 2 3 1 1 3 4 
0 0 0 0 0 0 0 0 0 1 0 
1 1 1 1 1 0 0 1 1 1 0 
2 2 2 2 2 2 2 2 2 0 0 
3 4 4 2 4 2 1 2 3 4 2 
1 1 1 0 0 0 1 1 1 1 0 
4 1 1 1 4 4 4 2 4 4 3 
1 4 4 1 2 2 3 4 1 3 4 
1 1 1 1 0 1 1 1 1 1 0 
1 4 4 1 3 1 4 2 4 4 3 
3 2 1 3 3 3 3 3 1 1 1 
1 1 1 1 0 0 0 0 0 1 0 
2 2 4 3 4 3 3 4 1 4 0 
3 3 1 3 2 3 3 3 3 1 1 
1 2 4 3 2 1 4 4 4 2 1 
0 0 1 1 1 1 1 1 1 1 0 
1 1 1 0 0 0 0 0 0 0 0 
2 2 2 3 1 2 1 3 1 1 0 
1 2 3 3 1 1 1 1 3 1 2 
1 4 4 1 2 2 1 4 1 3 3 
1 1 0 0 1 1 1 1 1 1 0 
1 4 4 1 3 4 4 2 4 4 3 
2 2 2 2 3 1 3 3 2 1 3 
1 1 1 1 1 0 0 0 0 1 0 
0 0 0 0 0 0 0 1 1 1 0 
3 1 3 3 2 1 1 1 3 1 1 
4 2 2 2 1 4 1 4 3 1 2 
1 1 1 1 1 1 1 1 1 0 0 
1 1 1 1 1 1 1 1 1 0 1 
3 4 4 3 1 1 4 3 3 2 4 
2 3 1 3 1 1 1 1 1 1 1 
1 1 1 1 0 0 0 1 1 1 0 
1 2 4 3 2 1 4 4 1 3 4 
0 0 0 0 1 1 1 1 1 1 0 
1 3 3 2 3 1 1 1 3 1 2 
3 3 1 2 3 3 3 1 1 1 1 
2 0 0 0 0 0 0 0 0 0 0 
1 1 0 0 0 0 0 1 1 1 0 
MFS
[ 0 , - , - , - , - , - , - , - , - , - , - ]
[ - , 1 , - , - , - , - , - , - , - , - , - ]
[ 1 , - , - , - , - , - , - , - , - , - , - ]
[ - , - , 1 , - , - , - , - , - , 1 , - , - ]
[ - , - , - , - , - , - , - , - , - , 0 , - ]
[ - , - , - , - , - , - , - , - , 0 , - , - ]
[ - , - , - , - , - , - , - , 0 , - , - , - ]
[ - , 1 , - , - , - , - , - , - , - , - , 1 ]
[ - , - , - , - , - , - , 0 , - , - , - , - ]
[ - , - , - , - , - , 0 , - , - , - , - , - ]
[ - , - , - , - , 0 , - , - , - , - , - , - ]
[ - , - , - , 0 , - , - , - , - , - , - , - ]
[ - , - , 0 , - , - , - , - , - , - , - , - ]
[ - , - , - , 1 , - , - , - , - , - , - , - ]
[ - , 0 , - , - , - , - , - , - , - , - , - ]
[ 1 , - , - , - , - , - , - , - , - , 1 , - ]
[ - , - , 1 , - , - , - , - , - , - , - , - ]
precise
0.17647058823529413
recall
0.0375
F-measure
0.06185567010309278
multi
4
time
all 2837 iden 2325 gen 219
t-cover
831
all-cover
1375
coveredNum
(1 : 858)  (2 : 237)  (3 : 150)  (4 : 77)  (5 : 26)  (6 : 11)  (7 : 9)  (8 : 1)  (9 : 2)  (10 : 2)  (11 : 2)  
real Identify
([ - , - , 1 , - , - , - , - , - , 1 , - , - ] : 1)  ([ - , 1 , - , - , - , - , - , - , - , - , 1 ] : 1)  ([ 1 , - , - , - , - , - , - , - , - , 1 , - ] : 1)  
testCase Num: 138
regaular Num: 33
identify Num: 105
2 2 2 2 1 1 1 1 3 1 0 
3 1 3 3 2 1 3 3 3 3 1 
1 1 1 0 0 0 0 0 1 1 0 
4 2 2 1 4 2 2 3 4 4 2 
1 1 1 1 0 0 0 0 1 1 0 
1 3 3 1 1 3 1 1 1 1 0 
1 3 3 3 1 3 1 1 1 1 0 
4 2 3 3 2 3 4 3 2 1 3 
3 4 4 4 2 1 1 1 2 4 2 
2 2 3 2 2 1 1 4 4 1 0 
2 2 2 2 2 2 2 0 0 0 0 
1 1 1 1 1 1 1 0 0 1 0 
1 1 1 1 1 1 1 1 1 1 0 
2 2 2 2 2 2 0 0 0 0 0 
3 3 1 3 3 1 3 1 1 1 0 
1 3 3 3 3 1 3 3 3 1 0 
2 2 4 4 3 3 2 4 2 3 4 
3 3 1 3 3 3 1 1 1 1 0 
1 1 0 0 0 1 1 1 1 1 0 
1 1 1 1 0 0 0 0 0 0 0 
1 1 1 1 1 3 1 1 1 1 0 
3 1 3 3 3 1 3 1 1 1 0 
1 1 1 0 1 1 1 1 1 1 1 
1 1 1 1 1 1 1 0 0 0 0 
2 2 0 0 0 0 0 0 0 0 0 
1 1 1 0 1 1 1 1 1 1 0 
1 1 1 1 1 1 1 1 0 0 0 
3 1 3 3 3 1 1 1 1 1 0 
1 3 3 3 3 1 3 3 3 2 1 
2 2 2 3 3 2 4 1 3 1 2 
1 1 1 1 1 0 1 1 1 1 1 
1 1 1 1 1 0 1 1 1 1 0 
1 3 3 3 3 1 1 1 1 1 0 
1 1 0 0 0 0 0 0 1 1 0 
1 0 1 1 1 1 1 1 1 1 1 
3 3 1 3 1 3 1 1 1 1 0 
1 0 1 1 1 1 1 1 1 1 0 
4 4 4 4 1 2 4 3 4 2 0 
0 1 1 1 1 1 1 1 1 1 1 
2 2 2 2 2 2 2 2 0 0 0 
1 1 1 1 1 1 1 0 1 1 1 
3 3 3 3 3 1 4 2 3 4 0 
1 1 1 1 1 1 1 0 1 1 0 
1 1 1 1 1 1 1 1 0 1 0 
1 1 1 1 1 1 1 1 0 1 1 
2 2 2 1 1 1 2 1 1 4 3 
1 1 1 1 0 0 1 1 1 1 0 
0 1 1 1 1 1 1 1 1 1 0 
1 3 3 3 3 1 3 1 1 1 0 
1 0 0 0 0 0 0 1 1 1 0 
3 1 3 3 3 3 1 1 1 1 0 
3 3 1 3 3 1 3 3 3 1 0 
3 3 3 1 1 3 1 1 1 1 0 
1 1 1 1 1 1 0 1 1 1 1 
0 0 0 0 0 0 1 1 1 1 0 
3 1 3 1 1 3 1 1 1 1 0 
3 1 3 3 3 1 3 3 1 1 0 
2 4 3 4 3 3 3 2 1 3 2 
1 1 0 0 0 0 1 1 1 1 0 
3 3 2 1 1 4 3 4 2 2 2 
1 0 0 0 0 0 0 0 0 1 0 
2 2 2 1 1 1 3 1 1 1 3 
1 0 0 0 0 1 1 1 1 1 0 
3 4 2 4 2 4 1 3 3 1 4 
1 1 1 1 1 1 0 1 1 1 0 
1 0 0 0 1 1 1 1 1 1 0 
1 0 0 1 1 1 1 1 1 1 0 
2 4 4 1 2 1 4 1 1 2 3 
1 1 1 1 1 0 0 0 0 0 0 
2 2 2 2 2 2 2 2 2 2 0 
0 0 0 0 0 0 0 0 1 1 0 
2 2 2 0 0 0 0 0 0 0 0 
3 3 1 2 3 1 3 3 3 3 1 
1 0 0 0 0 0 0 0 0 0 0 
1 3 3 3 3 1 3 3 1 1 0 
3 3 1 3 3 1 3 3 3 3 0 
2 2 2 2 0 0 0 0 0 0 0 
1 1 1 1 1 1 0 0 0 1 0 
1 1 0 0 0 0 0 0 0 1 0 
1 1 0 0 0 0 0 0 0 0 0 
1 1 1 1 1 1 0 0 0 0 0 
0 0 0 1 1 1 1 1 1 1 0 
1 1 3 1 1 3 1 1 1 1 0 
4 3 2 4 4 2 1 4 3 1 3 
1 1 1 0 0 0 0 1 1 1 0 
3 1 3 3 3 1 3 3 3 3 0 
3 3 2 3 2 2 3 1 1 3 1 
1 1 0 1 1 1 1 1 1 1 1 
2 2 4 2 4 1 2 4 1 1 2 
2 2 2 1 1 3 1 2 3 4 3 
1 1 1 1 1 0 0 0 1 1 0 
0 0 0 0 0 0 0 0 0 0 0 
1 1 0 1 1 1 1 1 1 1 0 
1 0 0 0 0 0 0 0 1 1 0 
3 2 2 2 3 4 4 1 4 3 3 
4 2 2 4 1 1 2 1 2 1 1 
2 2 2 1 4 3 3 2 2 1 0 
1 1 1 1 1 1 0 0 1 1 0 
2 2 2 2 2 0 0 0 0 0 0 
1 0 0 0 0 0 1 1 1 1 0 
1 1 1 0 0 0 0 0 0 1 0 
2 4 3 3 4 4 4 4 4 4 1 
1 1 1 0 0 1 1 1 1 1 0 
0 0 0 0 0 1 1 1 1 1 0 
1 1 1 1 0 1 1 1 1 1 1 
3 3 1 1 1 3 1 1 1 1 0 
0 0 0 0 0 0 0 0 0 1 0 
1 1 1 1 1 0 0 1 1 1 0 
2 2 2 2 2 2 2 2 2 0 0 
4 3 4 3 1 4 2 2 1 2 4 
1 1 1 0 0 0 1 1 1 1 0 
1 1 1 1 0 1 1 1 1 1 0 
4 2 4 1 3 1 3 3 3 3 1 
1 3 3 3 3 1 3 3 3 3 0 
2 2 2 1 4 1 1 1 1 3 0 
3 3 1 3 3 1 3 3 1 1 0 
1 1 1 1 0 0 0 0 0 1 0 
1 3 3 3 3 3 1 1 1 1 0 
2 2 2 3 1 4 1 3 1 3 0 
3 4 3 1 4 2 2 1 3 2 4 
0 0 1 1 1 1 1 1 1 1 0 
3 1 1 1 1 3 1 1 1 1 0 
1 1 1 0 0 0 0 0 0 0 0 
2 2 2 1 1 1 4 1 1 1 4 
3 1 3 3 3 1 3 3 3 1 0 
2 3 2 2 1 1 3 3 4 4 4 
1 1 0 0 1 1 1 1 1 1 0 
1 1 1 1 1 0 0 0 0 1 0 
0 0 0 0 0 0 0 1 1 1 0 
3 1 3 3 1 3 1 1 1 1 0 
1 1 1 1 1 1 1 1 1 0 0 
1 1 1 1 1 1 1 1 1 0 1 
4 4 2 2 3 3 1 2 4 2 1 
1 1 1 1 0 0 0 1 1 1 0 
3 3 1 3 3 1 1 1 1 1 0 
0 0 0 0 1 1 1 1 1 1 0 
2 0 0 0 0 0 0 0 0 0 0 
1 1 0 0 0 0 0 1 1 1 0 
MFS
[ 0 , - , - , - , - , - , - , - , - , - , - ]
[ - , 1 , - , - , - , - , - , - , - , - , - ]
[ 1 , - , - , - , - , - , - , - , - , - , - ]
[ - , - , - , - , - , - , - , - , - , 0 , - ]
[ - , - , - , - , - , - , - , - , 0 , - , - ]
[ - , - , - , - , - , - , - , 0 , - , - , - ]
[ - , - , - , - , - , - , 0 , - , - , - , - ]
[ - , - , - , - , - , 0 , - , - , - , - , - ]
[ - , - , - , - , 0 , - , - , - , - , - , - ]
[ - , - , - , 0 , - , - , - , - , - , - , - ]
[ - , - , 0 , - , - , - , - , - , - , - , - ]
[ - , 0 , - , - , - , - , - , - , - , - , - ]
[ - , - , 1 , - , - , - , - , - , - , - , - ]
precise
0.0
recall
0.0
F-measure
0.0
multi
2
time
all 2711 iden 2316 gen 195
t-cover
800
all-cover
1375
coveredNum
(1 : 865)  (2 : 262)  (3 : 137)  (4 : 57)  (5 : 17)  (6 : 14)  (7 : 9)  (8 : 6)  (9 : 5)  (11 : 1)  (13 : 2)  
real Identify

testCase Num: 137
regaular Num: 32
identify Num: 105
2 2 2 1 1 4 1 2 4 2 3 
1 1 1 0 0 0 0 0 1 1 0 
4 2 2 3 1 2 1 3 1 2 3 
2 2 2 1 3 2 3 4 3 4 4 
1 1 1 1 0 0 0 0 1 1 0 
3 3 4 3 2 1 1 2 4 4 4 
4 2 3 2 1 3 2 4 4 4 1 
2 2 2 2 2 2 2 0 0 0 0 
1 1 1 1 1 1 3 1 1 1 0 
1 1 1 1 1 1 1 0 0 1 0 
2 2 2 3 4 3 2 1 1 2 0 
1 1 1 1 1 1 1 1 1 1 0 
2 2 2 2 2 2 0 0 0 0 0 
3 3 1 3 3 1 3 1 1 1 0 
3 1 3 3 3 3 1 3 3 1 0 
3 3 1 3 3 3 1 1 1 1 0 
1 1 0 0 0 1 1 1 1 1 0 
1 3 3 3 3 3 1 3 3 1 0 
3 3 1 3 3 3 3 1 1 1 0 
3 4 4 4 3 1 2 4 1 2 3 
1 1 1 1 0 0 0 0 0 0 0 
3 1 3 3 3 1 3 1 1 1 0 
1 1 1 0 1 1 1 1 1 1 1 
2 4 4 3 2 3 3 1 2 4 3 
1 1 1 1 1 1 1 0 0 0 0 
2 2 0 0 0 0 0 0 0 0 0 
1 1 1 0 1 1 1 1 1 1 0 
1 1 1 1 1 1 1 1 0 0 0 
4 2 4 4 4 4 4 3 1 4 2 
2 3 3 1 3 3 2 2 3 3 2 
4 4 2 3 3 3 1 1 3 3 1 
1 1 1 1 1 0 1 1 1 1 1 
1 1 1 1 1 0 1 1 1 1 0 
1 1 0 0 0 0 0 0 1 1 0 
1 0 1 1 1 1 1 1 1 1 1 
1 0 1 1 1 1 1 1 1 1 0 
0 1 1 1 1 1 1 1 1 1 1 
2 2 2 2 2 2 2 2 0 0 0 
1 1 1 1 1 1 1 0 1 1 1 
1 1 1 1 1 1 1 0 1 1 0 
1 1 1 1 1 1 1 1 0 1 0 
1 1 1 1 1 1 1 1 0 1 1 
1 1 1 1 0 0 1 1 1 1 0 
0 1 1 1 1 1 1 1 1 1 0 
1 3 3 3 3 1 3 1 1 1 0 
1 0 0 0 0 0 0 1 1 1 0 
3 1 3 3 3 3 1 1 1 1 0 
3 3 1 3 3 3 1 3 1 1 0 
1 3 3 3 3 3 1 3 3 3 0 
1 1 1 1 1 1 0 1 1 1 1 
0 0 0 0 0 0 1 1 1 1 0 
3 1 3 3 1 1 3 1 1 1 0 
1 3 3 1 1 1 3 1 1 1 0 
2 4 3 1 4 2 4 4 4 3 3 
1 1 0 0 0 0 1 1 1 1 0 
4 2 2 1 1 1 3 3 2 3 4 
3 1 1 1 1 1 3 1 1 1 0 
3 1 3 3 3 3 3 1 1 1 0 
1 0 0 0 0 0 0 0 0 1 0 
1 0 0 0 0 1 1 1 1 1 0 
2 4 2 1 1 1 4 1 3 2 2 
4 3 4 1 2 2 1 2 1 1 1 
1 1 1 1 1 1 0 1 1 1 0 
3 2 2 2 3 2 3 1 4 4 2 
1 0 0 0 1 1 1 1 1 1 0 
1 0 0 1 1 1 1 1 1 1 0 
2 2 3 3 3 4 1 4 2 1 2 
2 3 3 4 2 3 4 1 2 2 4 
2 4 4 2 4 1 1 3 2 4 0 
1 1 1 1 1 0 0 0 0 0 0 
2 2 2 2 2 2 2 2 2 2 0 
0 0 0 0 0 0 0 0 1 1 0 
2 2 2 0 0 0 0 0 0 0 0 
4 2 3 4 3 2 1 3 4 1 0 
1 0 0 0 0 0 0 0 0 0 0 
3 3 2 4 2 4 4 4 3 3 0 
3 3 1 3 3 3 1 3 3 3 0 
1 3 3 3 3 3 1 3 1 1 0 
2 2 2 2 0 0 0 0 0 0 0 
3 3 1 2 3 3 1 3 3 3 1 
3 1 3 3 3 3 1 3 1 1 0 
1 3 2 3 3 3 1 3 3 3 1 
1 1 1 1 1 1 0 0 0 1 0 
1 1 0 0 0 0 0 0 0 1 0 
2 2 2 3 3 1 4 1 1 1 0 
1 1 0 0 0 0 0 0 0 0 0 
1 1 1 1 1 1 0 0 0 0 0 
0 0 0 1 1 1 1 1 1 1 0 
1 1 1 0 0 0 0 1 1 1 0 
3 3 1 1 1 1 3 1 1 1 0 
3 3 1 3 1 1 3 1 1 1 0 
1 1 0 1 1 1 1 1 1 1 1 
2 2 2 1 2 1 1 3 1 1 2 
1 1 1 1 1 0 0 0 1 1 0 
1 1 3 1 1 1 3 1 1 1 0 
0 0 0 0 0 0 0 0 0 0 0 
1 1 0 1 1 1 1 1 1 1 0 
1 0 0 0 0 0 0 0 1 1 0 
1 1 1 1 1 1 0 0 1 1 0 
2 4 4 4 1 4 3 2 3 2 1 
2 2 2 1 1 1 1 3 1 1 1 
2 2 2 2 2 0 0 0 0 0 0 
1 0 0 0 0 0 1 1 1 1 0 
1 1 1 0 0 0 0 0 0 1 0 
1 1 1 0 0 1 1 1 1 1 0 
0 0 0 0 0 1 1 1 1 1 0 
1 1 1 1 0 1 1 1 1 1 1 
2 2 4 2 1 1 1 1 1 3 0 
0 0 0 0 0 0 0 0 0 1 0 
1 1 1 1 1 0 0 1 1 1 0 
2 2 2 2 2 2 2 2 2 0 0 
1 1 1 0 0 0 1 1 1 1 0 
3 3 3 1 1 1 3 1 1 1 0 
1 1 1 1 0 1 1 1 1 1 0 
3 1 3 2 3 3 1 3 3 3 1 
3 3 2 2 4 3 2 3 3 1 3 
1 1 1 1 0 0 0 0 0 1 0 
1 3 3 3 3 3 1 1 1 1 0 
3 3 1 3 3 3 1 3 3 1 0 
3 1 3 3 3 3 1 3 3 3 0 
1 3 3 3 3 3 3 1 1 1 0 
0 0 1 1 1 1 1 1 1 1 0 
1 1 1 0 0 0 0 0 0 0 0 
1 1 0 0 1 1 1 1 1 1 0 
1 3 3 3 1 1 3 1 1 1 0 
1 1 1 1 1 0 0 0 0 1 0 
0 0 0 0 0 0 0 1 1 1 0 
3 2 2 2 4 1 4 2 2 1 1 
1 1 1 1 1 1 1 1 1 0 0 
1 1 1 1 1 1 1 1 1 0 1 
2 4 2 2 4 4 2 1 1 1 4 
2 2 2 1 4 1 3 1 1 1 0 
3 1 3 1 1 1 3 1 1 1 0 
1 1 1 1 0 0 0 1 1 1 0 
0 0 0 0 1 1 1 1 1 1 0 
2 0 0 0 0 0 0 0 0 0 0 
1 1 0 0 0 0 0 1 1 1 0 
MFS
[ 0 , - , - , - , - , - , - , - , - , - , - ]
[ - , 1 , - , - , - , - , - , - , - , - , - ]
[ 1 , - , - , - , - , - , - , - , - , - , - ]
[ - , - , - , - , - , - , - , - , - , 0 , - ]
[ - , - , - , - , - , - , - , - , 0 , - , - ]
[ - , - , - , - , - , - , - , 0 , - , - , - ]
[ - , - , - , - , - , - , 0 , - , - , - , - ]
[ - , - , - , - , - , 0 , - , - , - , - , - ]
[ - , - , - , - , 0 , - , - , - , - , - , - ]
[ - , - , - , 0 , - , - , - , - , - , - , - ]
[ - , - , 0 , - , - , - , - , - , - , - , - ]
[ - , 0 , - , - , - , - , - , - , - , - , - ]
[ - , - , 1 , - , - , - , - , - , - , - , - ]
precise
0.0
recall
0.0
F-measure
0.0
multi
2
time
all 2547 iden 2152 gen 208
t-cover
800
all-cover
1375
coveredNum
(1 : 882)  (2 : 263)  (3 : 113)  (4 : 59)  (5 : 28)  (6 : 12)  (7 : 12)  (8 : 3)  (10 : 2)  (12 : 1)  
real Identify

testCase Num: 148
regaular Num: 28
identify Num: 120
1 1 1 0 0 0 0 0 1 1 0 
1 1 1 1 0 0 0 0 1 1 0 
2 2 2 2 2 2 2 0 0 0 0 
1 1 1 1 1 1 1 0 0 1 0 
3 1 1 3 3 3 3 3 1 1 0 
1 1 1 1 1 1 1 1 1 1 0 
2 2 2 2 2 2 0 0 0 0 0 
3 2 4 3 3 2 3 1 3 3 1 
2 2 3 4 3 2 1 3 1 4 0 
1 1 0 0 0 1 1 1 1 1 0 
3 2 1 3 3 2 3 1 3 3 1 
1 3 1 3 3 3 3 3 1 1 0 
1 1 1 1 0 0 0 0 0 0 0 
2 3 1 4 3 2 3 1 3 3 1 
1 1 1 0 1 1 1 1 1 1 1 
2 2 3 2 2 1 3 1 4 4 2 
1 1 1 1 1 1 1 0 0 0 0 
2 2 0 0 0 0 0 0 0 0 0 
4 4 2 4 1 1 4 1 2 2 1 
1 1 1 0 1 1 1 1 1 1 0 
1 1 1 1 1 1 1 1 0 0 0 
3 3 3 1 1 1 1 1 1 1 0 
1 1 1 1 1 0 1 1 1 1 1 
1 1 1 1 1 0 1 1 1 1 0 
3 4 2 2 2 4 1 4 3 4 3 
2 2 3 1 2 1 4 2 3 4 1 
2 4 1 1 1 1 2 2 3 4 3 
1 1 0 0 0 0 0 0 1 1 0 
4 2 2 4 1 2 3 4 1 2 4 
1 0 1 1 1 1 1 1 1 1 1 
1 0 1 1 1 1 1 1 1 1 0 
1 3 1 3 3 3 1 1 1 1 0 
2 3 3 1 3 4 2 3 2 3 4 
2 2 1 4 4 3 4 3 3 1 2 
0 1 1 1 1 1 1 1 1 1 1 
1 3 3 1 1 1 1 1 1 1 0 
2 2 2 2 2 2 2 2 0 0 0 
1 1 1 1 1 1 1 0 1 1 1 
3 3 2 3 4 3 1 4 2 4 2 
1 1 1 1 1 1 1 0 1 1 0 
1 1 1 1 1 1 1 1 0 1 0 
3 1 1 3 3 3 3 3 3 3 0 
2 3 1 4 4 2 3 1 3 3 1 
1 1 1 1 1 1 1 1 0 1 1 
1 1 1 1 0 0 1 1 1 1 0 
0 1 1 1 1 1 1 1 1 1 0 
2 3 1 2 2 4 1 4 3 4 3 
1 0 0 0 0 0 0 1 1 1 0 
1 3 1 3 1 1 1 1 1 1 0 
3 1 1 1 1 1 1 1 1 1 0 
2 2 1 4 4 3 3 1 3 3 1 
1 1 1 1 1 1 0 1 1 1 1 
0 0 0 0 0 0 1 1 1 1 0 
3 4 1 2 2 4 1 4 3 4 3 
1 3 1 3 3 3 3 1 1 1 0 
2 4 1 3 1 4 1 4 3 4 3 
2 2 2 1 3 1 1 3 1 2 2 
1 1 0 0 0 0 1 1 1 1 0 
2 4 1 3 1 1 1 4 3 4 3 
1 0 0 0 0 0 0 0 0 1 0 
1 0 0 0 0 1 1 1 1 1 0 
4 4 3 1 4 3 3 2 1 2 3 
2 2 3 3 1 3 4 2 3 2 0 
2 2 4 3 1 1 2 4 1 4 4 
1 1 1 1 1 1 0 1 1 1 0 
2 4 1 1 1 1 2 4 3 4 3 
1 0 0 0 1 1 1 1 1 1 0 
1 0 0 1 1 1 1 1 1 1 0 
2 2 2 3 1 1 1 1 1 1 3 
3 1 1 3 3 1 1 1 1 1 0 
2 2 1 4 1 3 4 3 3 4 1 
2 3 4 1 4 2 4 4 1 3 0 
2 4 1 1 2 4 1 4 3 4 3 
1 1 1 1 1 0 0 0 0 0 0 
2 2 2 2 2 2 2 2 2 2 0 
3 1 1 3 3 3 3 3 3 1 0 
2 4 1 1 3 1 2 3 1 2 4 
2 4 1 3 3 1 2 3 1 2 3 
0 0 0 0 0 0 0 0 1 1 0 
2 2 2 0 0 0 0 0 0 0 0 
1 0 0 0 0 0 0 0 0 0 0 
2 2 2 2 0 0 0 0 0 0 0 
1 1 3 1 1 1 1 1 1 1 0 
2 2 3 2 3 2 4 4 4 1 3 
1 1 1 1 1 1 0 0 0 1 0 
1 1 0 0 0 0 0 0 0 1 0 
1 1 0 0 0 0 0 0 0 0 0 
4 4 4 3 3 2 3 1 4 3 2 
1 1 1 1 1 1 0 0 0 0 0 
0 0 0 1 1 1 1 1 1 1 0 
3 2 2 4 1 4 2 4 2 1 1 
1 1 1 0 0 0 0 1 1 1 0 
4 3 1 2 2 4 1 4 3 4 3 
1 3 1 3 3 3 3 3 3 1 0 
3 1 1 3 2 3 3 3 3 3 1 
3 3 4 4 2 3 1 2 4 2 4 
1 1 0 1 1 1 1 1 1 1 1 
1 1 1 1 1 0 0 0 1 1 0 
1 3 1 3 3 1 1 1 1 1 0 
2 2 2 1 4 1 1 2 4 3 0 
0 0 0 0 0 0 0 0 0 0 0 
1 1 0 1 1 1 1 1 1 1 0 
1 0 0 0 0 0 0 0 1 1 0 
4 4 1 3 3 2 3 1 3 3 1 
2 2 2 4 2 3 2 1 1 3 3 
2 4 1 3 1 1 2 2 1 4 3 
1 1 1 1 1 1 0 0 1 1 0 
2 2 2 2 2 0 0 0 0 0 0 
1 0 0 0 0 0 1 1 1 1 0 
1 1 1 0 0 0 0 0 0 1 0 
3 1 3 1 1 1 1 1 1 1 0 
1 1 1 0 0 1 1 1 1 1 0 
0 0 0 0 0 1 1 1 1 1 0 
1 1 1 1 0 1 1 1 1 1 1 
2 2 1 4 4 3 4 1 3 3 1 
3 1 1 3 3 3 3 1 1 1 0 
0 0 0 0 0 0 0 0 0 1 0 
1 1 1 1 1 0 0 1 1 1 0 
1 3 1 3 2 3 3 3 3 3 1 
2 2 2 2 2 2 2 2 2 0 0 
3 1 1 3 3 3 1 1 1 1 0 
1 1 1 0 0 0 1 1 1 1 0 
1 1 1 1 0 1 1 1 1 1 0 
1 1 1 1 0 0 0 0 0 1 0 
3 1 1 3 1 1 1 1 1 1 0 
1 3 1 1 1 1 1 1 1 1 0 
2 3 2 2 3 3 1 2 1 1 1 
0 0 1 1 1 1 1 1 1 1 0 
4 3 2 2 2 4 1 4 3 4 3 
1 1 1 0 0 0 0 0 0 0 0 
1 3 1 3 3 3 3 3 3 3 0 
1 1 0 0 1 1 1 1 1 1 0 
1 1 1 1 1 0 0 0 0 1 0 
0 0 0 0 0 0 0 1 1 1 0 
3 2 1 4 4 3 4 3 4 3 1 
2 2 2 1 1 4 4 1 1 1 4 
2 4 1 3 3 2 3 1 3 3 1 
2 3 4 2 1 1 3 3 2 3 3 
1 1 1 1 1 1 1 1 1 0 0 
1 1 1 1 1 1 1 1 1 0 1 
1 1 1 1 0 0 0 1 1 1 0 
2 4 4 2 4 4 2 1 3 1 4 
0 0 0 0 1 1 1 1 1 1 0 
2 2 1 4 4 1 4 3 3 3 1 
4 2 2 1 1 4 2 2 4 2 2 
2 0 0 0 0 0 0 0 0 0 0 
1 1 0 0 0 0 0 1 1 1 0 
4 4 2 3 2 4 3 3 1 1 0 
MFS
[ 0 , - , - , - , - , - , - , - , - , - , - ]
[ - , 1 , - , - , - , - , - , - , - , - , - ]
[ 1 , - , - , - , - , - , - , - , - , - , - ]
[ - , - , - , - , - , - , - , - , - , 0 , - ]
[ - , - , - , - , - , - , - , - , 0 , - , - ]
[ - , - , - , - , - , - , - , 0 , - , - , - ]
[ - , - , - , - , - , - , 0 , - , - , - , - ]
[ - , - , 1 , - , - , - , - , - , 3 , - , 1 ]
[ - , - , - , - , - , 0 , - , - , - , - , - ]
[ - , - , - , - , 0 , - , - , - , - , - , - ]
[ - , - , - , 0 , - , - , - , - , - , - , - ]
[ - , - , 0 , - , - , - , - , - , - , - , - ]
[ - , 0 , - , - , - , - , - , - , - , - , - ]
[ - , - , 1 , - , - , - , - , - , - , - , - ]
precise
0.0
recall
0.0
F-measure
0.0
multi
2
time
all 2739 iden 2189 gen 259
t-cover
814
all-cover
1375
coveredNum
(1 : 868)  (2 : 263)  (3 : 135)  (4 : 60)  (5 : 30)  (6 : 10)  (7 : 6)  (8 : 1)  (9 : 1)  (13 : 1)  
real Identify

testCase Num: 137
regaular Num: 32
identify Num: 105
1 1 1 0 0 0 0 0 1 1 0 
3 4 3 3 2 1 1 2 4 3 3 
1 1 1 1 0 0 0 0 1 1 0 
3 3 3 2 1 3 4 3 2 4 4 
2 2 2 2 2 2 2 0 0 0 0 
1 1 1 1 1 1 3 1 1 1 0 
1 1 1 1 1 1 1 0 0 1 0 
2 2 2 1 3 1 1 2 1 4 1 
1 1 1 1 1 1 1 1 1 1 0 
2 2 2 2 2 2 0 0 0 0 0 
3 3 1 3 3 1 3 1 1 1 0 
3 1 3 3 3 3 1 3 3 1 0 
3 3 1 3 3 3 1 1 1 1 0 
2 3 2 1 3 1 1 1 1 1 0 
1 1 0 0 0 1 1 1 1 1 0 
1 3 3 3 3 3 1 3 3 1 0 
3 3 1 3 3 3 3 1 1 1 0 
1 1 1 1 0 0 0 0 0 0 0 
4 4 3 2 3 1 3 1 2 2 2 
3 1 3 3 3 1 3 1 1 1 0 
1 1 1 0 1 1 1 1 1 1 1 
1 1 1 1 1 1 1 0 0 0 0 
2 2 0 0 0 0 0 0 0 0 0 
1 1 1 0 1 1 1 1 1 1 0 
1 1 1 1 1 1 1 1 0 0 0 
2 2 3 1 1 4 2 1 3 1 2 
1 1 1 1 1 0 1 1 1 1 1 
1 1 1 1 1 0 1 1 1 1 0 
2 2 4 3 2 3 1 4 2 2 4 
1 1 0 0 0 0 0 0 1 1 0 
3 3 4 2 4 2 1 4 1 1 2 
4 3 2 1 4 3 2 3 1 2 1 
1 0 1 1 1 1 1 1 1 1 1 
2 2 4 4 3 3 3 2 1 1 3 
1 0 1 1 1 1 1 1 1 1 0 
0 1 1 1 1 1 1 1 1 1 1 
2 2 2 2 2 2 2 2 0 0 0 
1 1 1 1 1 1 1 0 1 1 1 
1 1 1 1 1 1 1 0 1 1 0 
1 1 1 1 1 1 1 1 0 1 0 
1 1 1 1 1 1 1 1 0 1 1 
1 1 1 1 0 0 1 1 1 1 0 
0 1 1 1 1 1 1 1 1 1 0 
1 3 3 3 3 1 3 1 1 1 0 
3 2 2 4 1 4 1 3 4 2 2 
1 0 0 0 0 0 0 1 1 1 0 
3 1 3 3 3 3 1 1 1 1 0 
3 3 1 3 3 3 1 3 1 1 0 
1 3 3 3 3 3 1 3 3 3 0 
2 2 2 2 1 1 1 1 1 3 0 
1 1 1 1 1 1 0 1 1 1 1 
0 0 0 0 0 0 1 1 1 1 0 
3 1 3 3 1 1 3 1 1 1 0 
1 3 3 1 1 1 3 1 1 1 0 
2 2 2 4 4 4 3 1 1 3 0 
1 1 0 0 0 0 1 1 1 1 0 
3 1 1 1 1 1 3 1 1 1 0 
2 2 2 1 4 2 4 2 1 3 2 
3 1 3 3 3 3 3 1 1 1 0 
1 0 0 0 0 0 0 0 0 1 0 
4 4 2 3 4 4 4 2 1 1 4 
2 3 4 1 2 4 1 1 2 3 1 
2 2 2 1 1 2 1 3 1 1 3 
1 0 0 0 0 1 1 1 1 1 0 
1 1 1 1 1 1 0 1 1 1 0 
1 0 0 0 1 1 1 1 1 1 0 
1 0 0 1 1 1 1 1 1 1 0 
1 1 1 1 1 0 0 0 0 0 0 
2 2 2 2 2 2 2 2 2 2 0 
0 0 0 0 0 0 0 0 1 1 0 
2 2 2 0 0 0 0 0 0 0 0 
4 2 4 3 2 3 4 1 1 4 2 
1 0 0 0 0 0 0 0 0 0 0 
3 1 2 3 3 3 1 3 3 3 1 
3 3 1 3 3 3 1 3 3 3 0 
1 3 3 3 3 3 1 3 1 1 0 
2 2 2 2 0 0 0 0 0 0 0 
3 1 3 3 3 3 1 3 1 1 0 
1 3 2 3 3 3 1 3 3 3 1 
1 1 1 1 1 1 0 0 0 1 0 
1 1 0 0 0 0 0 0 0 1 0 
1 1 0 0 0 0 0 0 0 0 0 
1 1 1 1 1 1 0 0 0 0 0 
0 0 0 1 1 1 1 1 1 1 0 
1 1 1 0 0 0 0 1 1 1 0 
4 3 4 3 1 2 2 4 4 4 3 
3 3 1 1 1 1 3 1 1 1 0 
3 3 1 3 1 1 3 1 1 1 0 
2 2 2 1 1 3 1 1 4 1 4 
1 1 0 1 1 1 1 1 1 1 1 
1 1 1 1 1 0 0 0 1 1 0 
1 1 3 1 1 1 3 1 1 1 0 
0 0 0 0 0 0 0 0 0 0 0 
1 1 0 1 1 1 1 1 1 1 0 
2 3 2 2 1 4 4 2 3 2 3 
1 0 0 0 0 0 0 0 1 1 0 
2 4 2 3 1 2 3 4 4 3 1 
1 1 1 1 1 1 0 0 1 1 0 
2 2 2 2 2 0 0 0 0 0 0 
1 0 0 0 0 0 1 1 1 1 0 
1 1 1 0 0 0 0 0 0 1 0 
1 1 1 0 0 1 1 1 1 1 0 
0 0 0 0 0 1 1 1 1 1 0 
1 1 1 1 0 1 1 1 1 1 1 
0 0 0 0 0 0 0 0 0 1 0 
1 1 1 1 1 0 0 1 1 1 0 
2 2 2 2 2 2 2 2 2 0 0 
1 1 1 0 0 0 1 1 1 1 0 
2 4 2 1 3 4 4 4 4 4 0 
3 3 3 1 1 1 3 1 1 1 0 
1 1 1 1 0 1 1 1 1 1 0 
1 1 1 1 0 0 0 0 0 1 0 
1 3 3 3 3 3 1 1 1 1 0 
4 4 3 4 4 2 2 1 2 1 3 
3 3 1 3 3 3 1 3 3 1 0 
3 1 3 3 3 3 1 3 3 3 0 
2 3 4 4 2 1 3 3 3 1 4 
2 2 2 1 1 1 3 1 1 4 0 
1 3 3 3 3 3 3 1 1 1 0 
3 2 2 2 4 1 2 1 4 1 1 
0 0 1 1 1 1 1 1 1 1 0 
3 3 1 3 2 3 1 3 3 3 1 
1 1 1 0 0 0 0 0 0 0 0 
1 1 0 0 1 1 1 1 1 1 0 
1 3 3 3 1 1 3 1 1 1 0 
2 2 3 4 4 1 4 4 3 4 1 
1 1 1 1 1 0 0 0 0 1 0 
0 0 0 0 0 0 0 1 1 1 0 
1 1 1 1 1 1 1 1 1 0 0 
1 1 1 1 1 1 1 1 1 0 1 
3 1 3 1 1 1 3 1 1 1 0 
1 1 1 1 0 0 0 1 1 1 0 
0 0 0 0 1 1 1 1 1 1 0 
2 0 0 0 0 0 0 0 0 0 0 
1 1 0 0 0 0 0 1 1 1 0 
4 4 4 3 3 3 1 3 3 3 0 
3 2 2 1 3 2 2 1 3 3 4 
MFS
[ 0 , - , - , - , - , - , - , - , - , - , - ]
[ - , 1 , - , - , - , - , - , - , - , - , - ]
[ 1 , - , - , - , - , - , - , - , - , - , - ]
[ - , - , - , - , - , - , - , - , - , 0 , - ]
[ - , - , - , - , - , - , - , - , 0 , - , - ]
[ - , - , - , - , - , - , - , 0 , - , - , - ]
[ - , - , - , - , - , - , 0 , - , - , - , - ]
[ - , - , - , - , - , 0 , - , - , - , - , - ]
[ - , - , - , - , 0 , - , - , - , - , - , - ]
[ - , - , - , 0 , - , - , - , - , - , - , - ]
[ - , - , 0 , - , - , - , - , - , - , - , - ]
[ - , 0 , - , - , - , - , - , - , - , - , - ]
[ - , - , 1 , - , - , - , - , - , - , - , - ]
precise
0.0
recall
0.0
F-measure
0.0
multi
2
time
all 2437 iden 2047 gen 217
t-cover
800
all-cover
1375
coveredNum
(1 : 893)  (2 : 237)  (3 : 131)  (4 : 63)  (5 : 23)  (6 : 11)  (7 : 8)  (8 : 3)  (9 : 3)  (11 : 1)  (12 : 2)  
real Identify

testCase Num: 178
regaular Num: 30
identify Num: 148
3 3 1 2 3 3 1 1 1 1 1 
1 1 1 0 0 0 0 0 1 1 0 
3 1 3 3 3 2 3 3 3 1 1 
3 3 2 4 4 4 1 2 4 4 3 
1 1 1 1 0 0 0 0 1 1 0 
1 3 3 1 1 1 1 1 2 1 2 
1 4 4 1 1 3 4 2 4 4 3 
1 1 4 2 3 1 1 2 4 4 3 
2 2 2 2 2 2 2 0 0 0 0 
1 1 1 1 1 1 1 0 0 1 0 
1 1 1 1 1 1 1 1 1 1 0 
2 2 2 2 2 2 0 0 0 0 0 
1 1 4 4 4 4 1 2 4 4 3 
1 1 1 1 1 1 1 1 1 1 1 
2 3 3 1 1 1 1 1 1 1 1 
1 1 0 0 0 1 1 1 1 1 0 
1 2 4 1 2 1 4 4 1 2 4 
1 4 4 1 2 2 4 4 1 4 3 
1 3 3 3 3 3 3 3 3 1 0 
3 3 4 2 3 4 3 1 1 2 0 
2 2 2 1 1 1 1 2 1 1 0 
1 1 1 1 0 0 0 0 0 0 0 
1 4 1 2 1 1 4 4 2 2 3 
1 4 1 1 1 2 4 2 4 4 3 
1 1 4 1 4 4 1 2 4 4 3 
1 1 1 0 1 1 1 1 1 1 1 
1 1 1 1 1 1 1 0 0 0 0 
2 2 0 0 0 0 0 0 0 0 0 
1 1 1 0 1 1 1 1 1 1 0 
1 1 1 1 1 1 1 1 0 0 0 
2 1 1 1 1 1 1 1 1 1 1 
2 4 2 3 1 3 4 4 4 4 0 
1 2 3 2 3 4 2 1 4 4 4 
1 1 1 1 1 0 1 1 1 1 1 
1 1 1 1 1 0 1 1 1 1 0 
1 1 1 4 4 4 1 2 4 4 3 
3 3 1 2 3 1 1 1 1 1 1 
2 1 3 1 1 1 1 1 3 1 1 
1 2 3 2 3 4 2 1 4 4 0 
3 3 1 3 3 3 3 3 1 3 0 
4 4 4 4 4 4 1 2 4 4 3 
1 1 0 0 0 0 0 0 1 1 0 
1 0 1 1 1 1 1 1 1 1 1 
1 4 4 1 3 4 1 2 4 4 3 
2 2 2 1 1 1 1 1 4 1 2 
1 0 1 1 1 1 1 1 1 1 0 
2 2 2 1 3 1 1 1 1 1 3 
0 1 1 1 1 1 1 1 1 1 1 
2 2 2 2 2 2 2 2 0 0 0 
1 1 1 1 1 1 1 0 1 1 1 
1 1 1 1 1 1 1 0 1 1 0 
1 3 3 3 1 1 1 1 3 1 0 
1 1 1 1 1 1 1 1 0 1 0 
1 1 1 1 1 1 1 1 0 1 1 
3 1 3 3 3 3 3 2 3 3 1 
1 1 1 1 0 0 1 1 1 1 0 
0 1 1 1 1 1 1 1 1 1 0 
1 2 3 4 2 1 4 4 1 2 4 
1 0 0 0 0 0 0 1 1 1 0 
1 1 4 1 1 2 4 4 4 4 3 
1 1 3 1 1 1 1 1 2 1 1 
2 3 1 3 3 3 3 3 3 1 1 
4 2 4 3 1 2 2 3 1 1 3 
1 1 1 1 1 1 0 1 1 1 1 
0 0 0 0 0 0 1 1 1 1 0 
4 1 4 4 4 4 1 2 4 4 3 
1 4 1 2 1 1 4 4 4 4 3 
1 1 0 0 0 0 1 1 1 1 0 
1 4 4 2 1 3 4 4 1 2 3 
1 1 4 2 1 1 4 4 1 2 4 
3 3 3 1 1 1 1 1 2 1 1 
1 4 1 1 1 2 4 4 2 4 3 
1 3 2 3 3 1 1 1 3 1 2 
1 0 0 0 0 0 0 0 0 1 0 
3 1 3 3 3 1 1 1 2 1 1 
3 2 1 4 4 4 1 2 4 4 3 
1 0 0 0 0 1 1 1 1 1 0 
1 2 3 4 3 4 2 1 4 2 4 
1 2 3 4 3 4 4 4 1 2 4 
1 1 1 1 1 1 0 1 1 1 0 
1 2 3 4 3 1 4 4 1 2 4 
4 2 4 4 1 3 1 2 3 2 2 
1 0 0 0 1 1 1 1 1 1 0 
1 0 0 1 1 1 1 1 1 1 0 
3 3 1 3 2 3 3 3 1 3 1 
4 4 3 1 3 4 3 2 2 4 2 
1 1 4 1 3 2 4 4 1 2 3 
1 1 1 1 1 0 0 0 0 0 0 
2 2 2 2 2 2 2 2 2 2 0 
3 3 1 2 1 1 1 1 1 1 1 
2 2 2 4 4 3 4 3 1 1 2 
0 0 0 0 0 0 0 0 1 1 0 
2 3 2 1 3 2 1 4 1 4 2 
2 2 2 0 0 0 0 0 0 0 0 
2 3 3 1 1 1 1 1 3 1 2 
1 0 0 0 0 0 0 0 0 0 0 
2 2 2 3 4 1 3 1 1 2 1 
2 2 2 2 0 0 0 0 0 0 0 
2 4 3 1 4 1 2 3 4 2 3 
4 2 3 2 3 3 2 1 4 4 4 
1 1 1 1 1 1 0 0 0 1 0 
1 2 3 4 3 4 2 4 1 2 4 
1 1 0 0 0 0 0 0 0 1 0 
1 1 0 0 0 0 0 0 0 0 0 
3 2 1 1 1 1 1 1 1 1 1 
3 3 1 2 3 3 3 3 1 1 1 
1 1 1 1 1 1 0 0 0 0 0 
1 4 1 1 4 4 1 2 4 4 3 
0 0 0 1 1 1 1 1 1 1 0 
1 3 2 3 3 3 3 3 3 3 2 
3 3 2 2 2 4 2 1 3 4 2 
1 1 1 0 0 0 0 1 1 1 0 
2 2 2 3 4 2 1 2 3 3 4 
4 2 2 2 1 1 3 3 4 3 0 
1 1 0 1 1 1 1 1 1 1 1 
1 2 2 1 2 1 4 4 1 2 4 
1 1 1 1 1 0 0 0 1 1 0 
1 1 4 2 1 1 4 2 4 4 3 
4 1 1 4 4 4 1 2 4 4 3 
1 4 4 4 4 4 1 2 4 4 3 
2 2 4 4 4 4 2 4 2 3 1 
0 0 0 0 0 0 0 0 0 0 0 
2 1 3 3 3 3 1 1 3 1 1 
1 1 0 1 1 1 1 1 1 1 0 
1 0 0 0 0 0 0 0 1 1 0 
2 2 3 4 1 1 1 1 1 4 0 
1 4 4 1 3 2 1 2 4 4 3 
2 4 2 2 4 3 4 1 2 3 3 
1 2 3 4 3 4 2 1 1 2 4 
2 3 2 4 2 2 3 1 4 1 4 
1 1 1 1 1 1 0 0 1 1 0 
2 2 2 2 2 0 0 0 0 0 0 
1 0 0 0 0 0 1 1 1 1 0 
1 1 1 0 0 0 0 0 0 1 0 
3 1 3 2 1 1 1 1 3 1 1 
1 1 1 0 0 1 1 1 1 1 0 
0 0 0 0 0 1 1 1 1 1 0 
1 1 1 1 0 1 1 1 1 1 1 
1 1 4 1 3 4 1 2 4 4 3 
0 0 0 0 0 0 0 0 0 1 0 
1 1 1 1 1 0 0 1 1 1 0 
2 2 2 2 2 2 2 2 2 0 0 
1 4 4 1 2 1 4 4 1 2 4 
2 4 2 2 2 2 1 3 4 4 1 
1 1 1 0 0 0 1 1 1 1 0 
3 1 3 3 2 3 3 3 3 3 2 
1 1 4 2 3 1 4 4 1 4 3 
1 1 1 1 0 1 1 1 1 1 0 
3 1 3 3 2 3 3 1 3 1 1 
1 4 4 1 1 2 4 4 4 4 3 
1 1 1 1 0 0 0 0 0 1 0 
1 4 1 1 2 1 4 4 2 2 4 
4 4 4 1 2 1 4 4 1 2 4 
0 0 1 1 1 1 1 1 1 1 0 
1 1 1 0 0 0 0 0 0 0 0 
3 2 2 3 1 4 1 3 2 1 4 
1 1 0 0 1 1 1 1 1 1 0 
2 2 2 1 1 4 4 1 1 1 0 
1 1 1 1 1 0 0 0 0 1 0 
0 0 0 0 0 0 0 1 1 1 0 
1 4 4 3 4 4 1 2 4 4 3 
3 2 3 1 1 1 1 1 3 3 2 
3 1 1 4 4 4 1 2 4 4 3 
1 4 1 2 1 1 1 2 4 4 3 
1 1 1 1 1 1 1 1 1 0 0 
1 3 3 3 3 3 2 1 3 1 2 
1 1 1 1 1 1 1 1 1 0 1 
4 3 2 4 3 1 4 2 1 3 1 
2 2 2 1 2 3 3 4 3 1 3 
3 4 3 2 4 2 4 4 3 1 0 
1 4 1 2 1 4 1 2 4 4 3 
1 1 1 1 0 0 0 1 1 1 0 
1 2 3 3 3 3 1 1 3 1 2 
0 0 0 0 1 1 1 1 1 1 0 
3 3 1 2 3 3 3 1 1 1 1 
1 4 1 4 4 4 1 2 4 4 3 
2 0 0 0 0 0 0 0 0 0 0 
1 1 0 0 0 0 0 1 1 1 0 
MFS
[ 0 , - , - , - , - , - , - , - , - , - , - ]
[ - , 1 , - , - , - , - , - , - , - , - , - ]
[ 1 , - , - , - , - , - , - , - , - , - , - ]
[ - , - , 1 , - , - , - , - , - , 1 , - , - ]
[ - , - , - , - , - , - , - , - , - , 0 , - ]
[ - , - , - , - , - , - , - , - , 0 , - , - ]
[ - , - , - , - , - , - , - , 0 , - , - , - ]
[ - , 1 , - , - , - , - , - , - , - , - , 1 ]
[ - , - , - , - , - , - , 0 , - , - , - , - ]
[ - , - , - , - , - , 0 , - , - , - , - , - ]
[ - , - , - , - , 0 , - , - , - , - , - , - ]
[ - , - , - , 0 , - , - , - , - , - , - , - ]
[ - , - , 0 , - , - , - , - , - , - , - , - ]
[ - , 0 , - , - , - , - , - , - , - , - , - ]
[ 1 , - , - , - , - , - , - , - , - , 1 , - ]
[ - , - , 1 , - , - , - , - , - , - , - , - ]
precise
0.1875
recall
0.0375
F-measure
0.06249999999999999
multi
4
time
all 3020 iden 2437 gen 312
t-cover
833
all-cover
1375
coveredNum
(1 : 840)  (2 : 245)  (3 : 125)  (4 : 78)  (5 : 36)  (6 : 16)  (7 : 13)  (8 : 12)  (9 : 6)  (10 : 1)  (11 : 2)  (14 : 1)  
real Identify
([ - , - , 1 , - , - , - , - , - , 1 , - , - ] : 1)  ([ - , 1 , - , - , - , - , - , - , - , - , 1 ] : 1)  ([ 1 , - , - , - , - , - , - , - , - , 1 , - ] : 1)  
testCase Num: 199
regaular Num: 27
identify Num: 172
3 2 4 2 1 3 4 1 2 3 4 
1 1 1 0 0 0 0 0 1 1 0 
3 4 4 1 2 4 2 3 1 3 1 
1 4 1 1 4 1 4 2 4 4 3 
1 1 1 1 1 1 1 0 0 1 0 
1 1 1 1 1 1 1 1 1 1 0 
2 2 2 2 2 2 0 0 0 0 0 
1 1 1 1 1 1 1 1 1 1 1 
4 2 1 1 2 3 3 4 4 2 4 
4 2 1 3 4 1 1 4 4 2 4 
1 2 4 4 3 1 1 4 1 2 4 
1 1 0 0 0 1 1 1 1 1 0 
2 3 4 4 1 4 4 2 4 4 3 
1 1 1 2 4 1 1 2 4 4 3 
1 1 1 1 1 1 1 0 0 0 0 
2 2 0 0 0 0 0 0 0 0 0 
3 2 3 1 1 1 1 1 1 1 1 
1 1 1 1 1 1 1 1 0 0 0 
3 3 2 1 1 1 1 1 3 3 2 
2 1 1 1 1 1 1 1 1 1 1 
2 4 3 4 3 1 4 1 1 1 0 
2 2 2 4 4 2 4 4 2 3 1 
1 2 4 4 4 1 1 4 3 2 4 
4 1 4 4 1 4 4 2 4 4 3 
3 1 3 3 3 3 2 3 3 3 2 
0 1 1 1 1 1 1 1 1 1 1 
3 1 3 3 3 3 2 3 3 3 1 
2 2 2 2 2 2 2 2 0 0 0 
1 1 1 1 1 1 1 0 1 1 1 
2 1 4 4 1 4 4 2 4 4 3 
1 1 1 1 1 1 1 0 1 1 0 
1 1 1 1 1 1 1 1 0 1 0 
1 1 1 1 1 1 1 1 0 1 1 
0 1 1 1 1 1 1 1 1 1 0 
2 1 3 3 3 3 3 1 3 1 1 
2 4 1 4 2 4 2 1 2 1 2 
4 2 2 3 3 4 1 4 1 1 4 
3 3 1 3 3 3 3 3 1 2 2 
3 3 1 3 2 3 1 1 1 1 1 
2 2 2 1 1 1 1 1 1 2 2 
0 0 0 0 0 0 1 1 1 1 0 
3 1 3 3 3 2 1 1 3 1 1 
2 1 3 3 3 1 1 1 3 1 1 
4 3 1 1 3 4 2 1 2 2 0 
1 4 4 2 4 1 1 4 1 2 4 
2 4 1 2 4 4 2 1 2 1 2 
3 1 2 3 3 3 3 3 3 1 1 
4 2 3 2 4 4 2 1 2 1 2 
4 4 4 2 4 1 1 4 1 2 4 
2 2 2 1 1 1 3 1 1 1 4 
1 3 3 3 3 3 1 1 2 1 2 
2 2 2 3 4 1 4 2 1 3 3 
2 4 1 4 2 2 1 4 2 1 2 
1 1 1 1 1 0 0 0 0 0 0 
4 2 1 2 4 4 2 1 2 1 2 
2 4 1 4 2 2 1 1 2 1 2 
1 0 0 0 0 0 0 0 0 0 0 
4 2 2 2 3 1 1 1 4 4 1 
1 1 1 1 1 1 0 0 0 1 0 
4 2 1 1 3 2 4 3 4 2 4 
1 1 0 0 0 0 0 0 0 1 0 
1 1 0 0 0 0 0 0 0 0 0 
1 1 1 1 1 1 0 0 0 0 0 
0 0 0 1 1 1 1 1 1 1 0 
1 4 1 4 1 4 4 2 4 4 3 
4 2 1 1 2 2 4 3 4 3 4 
1 1 4 4 1 4 4 2 4 4 3 
4 2 1 1 2 2 4 3 4 3 0 
2 2 4 3 2 4 3 1 3 2 0 
1 1 1 1 1 0 0 0 1 1 0 
3 3 1 3 3 3 2 1 1 1 1 
4 2 1 4 2 2 4 3 3 2 4 
1 0 0 0 0 0 0 0 1 1 0 
1 3 3 3 3 3 3 3 2 3 2 
4 2 4 2 4 1 1 4 4 2 4 
1 1 1 1 1 1 0 0 1 1 0 
3 3 1 3 3 3 3 2 1 1 1 
1 0 0 0 0 0 1 1 1 1 0 
1 1 1 1 0 1 1 1 1 1 1 
1 1 1 1 4 4 4 2 4 4 3 
1 4 1 1 4 2 1 4 4 4 3 
1 4 2 2 4 1 2 4 1 4 3 
1 1 1 1 1 0 0 1 1 1 0 
1 4 1 1 4 2 1 4 3 2 3 
1 1 1 1 0 1 1 1 1 1 0 
1 1 1 1 0 0 0 0 0 1 0 
3 3 1 2 4 3 3 4 3 4 0 
1 1 1 4 1 4 4 2 4 4 3 
1 4 1 2 4 1 1 4 4 2 4 
1 1 1 2 4 1 1 4 3 2 0 
2 2 2 2 4 1 2 3 2 4 3 
1 1 1 2 4 1 1 4 4 4 3 
1 1 0 0 1 1 1 1 1 1 0 
1 4 1 1 1 4 4 2 4 4 3 
1 1 1 1 1 0 0 0 0 1 0 
2 4 2 3 4 3 3 4 3 4 0 
1 1 1 1 1 1 1 1 1 0 0 
1 1 1 1 1 1 1 1 1 0 1 
1 2 4 4 2 4 3 1 1 3 0 
2 3 1 3 1 1 1 1 1 1 1 
3 2 1 1 2 4 3 4 3 4 0 
1 1 1 1 0 0 0 1 1 1 0 
1 4 4 4 1 4 4 2 4 4 3 
2 4 3 2 4 4 2 1 2 1 2 
3 2 1 1 4 3 3 4 3 4 0 
1 2 4 1 2 2 3 3 1 4 4 
2 0 0 0 0 0 0 0 0 0 0 
1 1 0 0 0 0 0 1 1 1 0 
3 1 3 3 1 1 1 1 2 1 1 
2 2 2 1 1 1 1 1 3 1 3 
1 1 1 1 0 0 0 0 1 1 0 
3 2 1 3 3 3 3 3 1 3 1 
1 3 3 1 1 1 1 1 2 1 2 
2 4 1 4 2 1 2 1 2 1 2 
2 2 2 2 2 2 2 0 0 0 0 
4 2 1 2 4 1 1 4 4 2 4 
1 3 3 3 3 3 3 3 3 1 0 
1 1 1 1 0 0 0 0 0 0 0 
1 1 1 2 4 1 1 4 2 2 3 
2 3 3 1 1 3 2 4 4 2 3 
1 1 1 0 1 1 1 1 1 1 1 
2 3 3 1 2 2 1 2 1 4 4 
1 4 1 1 4 1 2 2 4 4 3 
4 3 2 1 4 3 3 4 3 4 0 
1 1 1 0 1 1 1 1 1 1 0 
3 4 1 1 4 3 3 4 3 4 0 
1 2 4 3 3 2 4 1 1 2 4 
1 1 1 1 1 0 1 1 1 1 1 
1 1 1 1 1 0 1 1 1 1 0 
1 3 3 2 3 3 3 1 3 1 2 
2 1 3 1 1 1 1 1 3 1 1 
1 1 1 1 1 4 4 2 4 4 3 
1 1 0 0 0 0 0 0 1 1 0 
3 3 1 3 3 3 3 2 3 1 1 
1 0 1 1 1 1 1 1 1 1 1 
1 0 1 1 1 1 1 1 1 1 0 
1 4 1 1 4 4 4 2 4 4 3 
2 4 1 4 2 2 1 4 3 1 2 
1 3 3 3 1 1 1 1 3 1 0 
2 4 1 4 1 2 1 4 3 3 3 
3 2 1 3 3 1 1 1 1 1 1 
2 4 1 4 1 2 1 4 3 3 2 
1 1 1 1 0 0 1 1 1 1 0 
4 2 1 3 2 1 1 4 4 2 4 
4 3 1 1 3 4 2 4 3 4 0 
1 0 0 0 0 0 0 1 1 1 0 
1 1 3 1 1 1 1 1 2 1 1 
2 2 1 2 4 4 2 1 2 1 2 
1 1 1 1 1 1 0 1 1 1 1 
1 1 1 2 4 1 1 4 2 4 3 
1 1 0 0 0 0 1 1 1 1 0 
3 3 3 1 1 1 1 1 2 1 2 
3 3 3 1 1 1 1 1 2 1 1 
1 3 2 3 3 1 1 1 3 1 2 
1 0 0 0 0 0 0 0 0 1 0 
2 2 2 4 2 3 1 3 4 1 3 
1 0 0 0 0 1 1 1 1 1 0 
2 2 4 1 2 2 4 4 4 1 2 
4 2 1 1 3 3 3 4 3 4 0 
1 1 1 1 1 1 0 1 1 1 0 
4 4 4 3 1 2 1 3 4 3 0 
1 0 0 0 1 1 1 1 1 1 0 
1 0 0 1 1 1 1 1 1 1 0 
1 1 1 1 4 1 4 2 4 4 3 
2 2 2 2 2 2 2 2 2 2 0 
1 2 4 3 2 4 1 4 1 2 4 
0 0 0 0 0 0 0 0 1 1 0 
2 2 2 0 0 0 0 0 0 0 0 
2 2 2 2 0 0 0 0 0 0 0 
3 2 1 1 1 1 1 1 1 1 1 
1 1 1 0 0 0 0 1 1 1 0 
1 1 0 1 1 1 1 1 1 1 1 
1 2 4 1 2 4 3 4 1 2 4 
2 2 2 1 3 1 1 1 1 2 1 
0 0 0 0 0 0 0 0 0 0 0 
1 1 0 1 1 1 1 1 1 1 0 
4 3 1 1 3 4 2 1 2 4 0 
3 2 4 3 3 2 3 1 4 2 3 
4 2 1 1 3 4 2 1 3 4 0 
2 2 2 2 2 0 0 0 0 0 0 
1 1 1 0 0 0 0 0 0 1 0 
4 2 1 1 3 4 2 1 2 2 3 
1 3 4 2 4 1 1 4 1 2 4 
1 1 1 0 0 1 1 1 1 1 0 
0 0 0 0 0 1 1 1 1 1 0 
4 4 1 2 4 1 1 4 4 2 4 
0 0 0 0 0 0 0 0 0 1 0 
2 2 2 2 2 2 2 2 2 0 0 
1 1 1 0 0 0 1 1 1 1 0 
3 2 4 4 2 1 3 2 1 4 2 
2 4 1 1 4 3 3 4 3 4 0 
2 2 2 4 1 3 2 1 1 1 4 
0 0 1 1 1 1 1 1 1 1 0 
1 1 1 0 0 0 0 0 0 0 0 
4 2 1 3 3 2 1 4 4 2 4 
0 0 0 0 0 0 0 1 1 1 0 
2 4 1 4 4 4 2 1 2 1 2 
4 4 4 4 1 4 4 2 4 4 3 
0 0 0 0 1 1 1 1 1 1 0 
MFS
[ 0 , - , - , - , - , - , - , - , - , - , - ]
[ - , 1 , - , - , - , - , - , - , - , - , - ]
[ 1 , - , - , - , - , - , - , - , - , - , - ]
[ - , - , 1 , - , - , - , - , - , 1 , - , - ]
[ - , - , 1 , 1 , - , - , - , - , - , - , - ]
[ - , - , - , - , - , - , - , - , - , 0 , - ]
[ - , - , - , - , - , - , - , - , 0 , - , - ]
[ - , - , - , - , - , - , - , 0 , - , - , - ]
[ - , 1 , - , - , - , - , - , - , - , - , 1 ]
[ - , - , - , - , - , - , 0 , - , - , - , - ]
[ - , - , - , - , - , 0 , - , - , - , - , - ]
[ - , - , - , - , 0 , - , - , - , - , - , - ]
[ - , - , - , 0 , - , - , - , - , - , - , - ]
[ - , - , 0 , - , - , - , - , - , - , - , - ]
[ - , - , 1 , - , - , - , - , - , 4 , - , - ]
[ - , 0 , - , - , - , - , - , - , - , - , - ]
[ 1 , - , - , - , - , - , - , - , - , 1 , - ]
[ - , - , 1 , - , - , - , - , - , - , - , - ]
precise
0.2222222222222222
recall
0.05
F-measure
0.0816326530612245
multi
3
time
all 3055 iden 2489 gen 211
t-cover
848
all-cover
1375
coveredNum
(1 : 814)  (2 : 220)  (3 : 160)  (4 : 87)  (5 : 41)  (6 : 24)  (7 : 9)  (8 : 11)  (9 : 2)  (10 : 3)  (11 : 2)  (12 : 2)  
real Identify
([ - , - , 1 , - , - , - , - , - , 1 , - , - ] : 1)  ([ - , - , 1 , 1 , - , - , - , - , - , - , - ] : 1)  ([ - , 1 , - , - , - , - , - , - , - , - , 1 ] : 1)  ([ 1 , - , - , - , - , - , - , - , - , 1 , - ] : 1)  
testCase Num: 176
regaular Num: 30
identify Num: 146
4 4 4 2 2 2 3 3 3 3 1 
1 1 1 0 0 0 0 0 1 1 0 
2 2 3 2 3 2 3 4 1 2 3 
1 1 1 1 0 0 0 0 1 1 0 
3 1 3 1 1 1 1 1 3 3 0 
3 1 3 3 1 1 1 1 3 3 0 
2 1 1 1 1 2 2 4 4 4 1 
4 3 1 4 2 4 1 1 3 2 1 
2 2 2 2 2 2 2 0 0 0 0 
1 1 1 1 1 1 1 0 0 1 0 
1 1 1 1 1 1 1 1 1 1 0 
2 2 2 2 2 2 0 0 0 0 0 
1 2 2 3 2 1 4 4 4 4 1 
2 2 2 1 2 1 4 4 3 3 4 
1 2 2 4 3 1 4 1 1 4 1 
4 3 1 4 2 4 1 1 3 2 4 
3 1 1 1 1 1 1 1 1 3 0 
1 1 0 0 0 1 1 1 1 1 0 
1 3 3 3 3 3 1 3 3 1 0 
1 1 1 1 0 0 0 0 0 0 0 
2 2 2 2 4 3 2 1 1 1 4 
1 1 1 1 1 2 2 4 4 4 1 
4 2 2 3 1 4 3 2 4 4 4 
4 4 4 4 4 4 4 4 4 1 0 
1 1 1 0 1 1 1 1 1 1 1 
2 1 2 3 4 1 1 2 1 1 1 
1 1 1 1 1 1 1 0 0 0 0 
2 2 0 0 0 0 0 0 0 0 0 
1 1 1 0 1 1 1 1 1 1 0 
1 1 1 1 1 1 1 1 0 0 0 
1 2 4 1 3 2 2 4 4 4 1 
4 1 2 1 3 2 2 4 4 4 1 
4 1 2 3 2 1 2 4 4 4 1 
1 1 1 1 1 0 1 1 1 1 1 
1 2 4 3 3 2 2 4 4 4 1 
4 3 3 2 3 1 4 2 2 1 4 
1 1 1 1 1 0 1 1 1 1 0 
1 2 3 3 3 3 1 3 3 1 1 
3 3 1 3 3 3 3 3 1 3 0 
1 1 0 0 0 0 0 0 1 1 0 
2 2 2 1 1 1 1 1 1 3 3 
2 2 1 3 1 4 1 1 2 1 1 
1 0 1 1 1 1 1 1 1 1 1 
2 2 2 1 1 2 4 1 1 1 2 
1 1 4 1 2 2 2 4 4 4 1 
1 0 1 1 1 1 1 1 1 1 0 
4 3 1 1 4 4 1 2 2 1 4 
4 4 4 3 4 1 2 3 2 4 2 
2 2 2 4 4 4 3 3 1 4 3 
0 1 1 1 1 1 1 1 1 1 1 
2 2 2 2 2 2 2 2 0 0 0 
1 1 1 1 1 1 1 0 1 1 1 
1 1 1 1 1 1 1 0 1 1 0 
1 1 1 1 1 1 1 1 1 3 0 
1 1 1 1 1 1 1 1 0 1 0 
1 1 1 1 1 1 1 1 0 1 1 
3 3 3 1 1 1 3 3 3 3 0 
3 3 1 1 1 1 1 1 1 3 0 
1 3 3 3 1 1 1 3 3 3 0 
4 2 1 3 1 4 1 2 2 4 1 
1 1 1 1 0 0 1 1 1 1 0 
0 1 1 1 1 1 1 1 1 1 0 
1 0 0 0 0 0 0 1 1 1 0 
1 3 3 3 3 3 1 3 3 3 0 
2 2 3 4 2 1 4 1 3 4 0 
1 1 3 1 1 1 1 1 3 3 0 
3 3 3 4 4 4 2 1 3 2 2 
2 1 2 3 2 1 1 4 4 4 1 
2 2 2 1 4 2 2 2 4 3 2 
1 2 4 3 2 1 4 1 1 1 2 
1 1 1 1 1 1 0 1 1 1 1 
0 0 0 0 0 0 1 1 1 1 0 
2 2 2 1 1 1 1 1 1 2 1 
3 2 4 1 3 2 2 4 4 4 1 
2 2 2 1 1 1 1 3 4 2 4 
2 2 2 4 4 4 1 2 2 3 1 
1 1 0 0 0 0 1 1 1 1 0 
2 1 4 3 2 1 1 2 1 1 2 
3 1 3 3 3 1 1 1 3 3 0 
1 0 0 0 0 0 0 0 0 1 0 
3 3 3 1 1 1 1 1 3 3 0 
2 4 2 3 2 3 1 1 1 1 2 
1 0 0 0 0 1 1 1 1 1 0 
1 1 1 1 1 1 0 1 1 1 0 
3 3 1 3 3 3 3 3 1 1 0 
1 3 3 3 3 3 3 3 3 3 0 
4 3 1 2 3 1 4 2 2 1 4 
1 0 0 0 1 1 1 1 1 1 0 
1 0 0 1 1 1 1 1 1 1 0 
3 4 1 2 3 1 4 2 2 1 4 
1 1 1 1 1 0 0 0 0 0 0 
2 2 2 2 2 2 2 2 2 2 0 
2 4 1 3 1 2 2 4 4 4 1 
2 4 1 3 1 1 1 2 2 1 2 
0 0 0 0 0 0 0 0 1 1 0 
2 2 2 0 0 0 0 0 0 0 0 
1 0 0 0 0 0 0 0 0 0 0 
3 1 3 3 3 3 1 1 3 3 0 
2 2 2 2 0 0 0 0 0 0 0 
1 1 1 1 1 1 0 0 0 1 0 
1 1 0 0 0 0 0 0 0 1 0 
1 1 0 0 0 0 0 0 0 0 0 
1 1 1 1 1 1 0 0 0 0 0 
1 4 2 2 2 3 3 1 1 1 1 
0 0 0 1 1 1 1 1 1 1 0 
1 1 1 0 0 0 0 1 1 1 0 
3 3 1 3 3 1 1 1 1 3 0 
1 3 3 3 3 1 1 3 3 3 0 
1 1 0 1 1 1 1 1 1 1 1 
1 1 1 1 1 0 0 0 1 1 0 
2 4 1 2 3 1 4 2 2 1 4 
2 2 1 2 1 3 1 4 4 4 1 
4 3 1 1 4 3 4 2 2 1 4 
2 2 2 2 3 4 1 2 1 1 0 
0 0 0 0 0 0 0 0 0 0 0 
3 1 3 3 3 3 3 1 3 3 0 
1 1 0 1 1 1 1 1 1 1 0 
3 1 2 3 3 3 3 1 3 1 1 
3 1 2 3 4 2 2 4 4 4 1 
1 0 0 0 0 0 0 0 1 1 0 
3 3 3 1 1 1 1 3 3 3 0 
2 2 2 1 1 1 1 4 2 1 0 
1 2 4 3 2 1 2 4 4 4 1 
3 3 1 3 3 3 3 3 3 3 0 
1 1 1 1 1 1 0 0 1 1 0 
2 2 2 2 2 0 0 0 0 0 0 
1 0 0 0 0 0 1 1 1 1 0 
1 1 1 0 0 0 0 0 0 1 0 
2 3 1 4 3 1 4 2 2 1 4 
2 2 2 1 3 2 3 1 2 1 2 
1 1 1 0 0 1 1 1 1 1 0 
4 1 2 3 2 1 1 2 4 4 1 
0 0 0 0 0 1 1 1 1 1 0 
1 1 1 1 0 1 1 1 1 1 1 
4 1 2 4 2 3 1 2 1 4 1 
3 3 2 3 2 1 4 1 4 2 3 
0 0 0 0 0 0 0 0 0 1 0 
1 1 1 1 1 0 0 1 1 1 0 
2 2 3 2 1 3 1 4 4 4 2 
2 2 2 2 2 2 2 2 2 0 0 
1 2 2 2 3 1 4 1 4 4 1 
1 1 1 0 0 0 1 1 1 1 0 
3 3 1 3 1 1 1 1 1 3 0 
1 3 3 1 1 1 1 3 3 3 0 
1 1 1 1 0 1 1 1 1 1 0 
3 3 1 3 3 3 1 1 1 3 0 
3 2 1 3 3 3 3 3 1 1 1 
1 1 1 1 0 0 0 0 0 1 0 
4 2 1 3 3 2 2 4 4 4 1 
4 2 4 4 3 2 1 1 1 1 4 
2 2 3 4 1 3 4 3 1 1 1 
0 0 1 1 1 1 1 1 1 1 0 
1 1 1 0 0 0 0 0 0 0 0 
4 3 1 1 4 4 1 1 2 1 4 
4 3 1 1 4 1 4 2 2 1 4 
2 4 1 2 1 3 1 1 4 4 1 
1 1 0 0 1 1 1 1 1 1 0 
4 2 1 1 1 2 2 4 4 4 1 
1 1 1 1 1 0 0 0 0 1 0 
0 0 0 0 0 0 0 1 1 1 0 
2 2 1 3 1 1 2 4 4 4 1 
1 1 1 1 1 1 1 1 1 0 0 
3 1 3 3 3 3 3 1 3 1 0 
2 2 2 1 2 4 2 2 3 1 3 
1 1 1 1 1 1 1 1 1 0 1 
4 4 4 1 1 3 1 2 2 2 3 
3 3 3 1 1 1 1 1 1 3 0 
3 1 3 3 3 3 3 3 3 3 0 
4 2 1 4 4 2 1 1 3 1 4 
1 1 1 1 0 0 0 1 1 1 0 
2 3 4 1 1 2 2 4 4 4 1 
0 0 0 0 1 1 1 1 1 1 0 
2 0 0 0 0 0 0 0 0 0 0 
1 1 0 0 0 0 0 1 1 1 0 
3 3 1 3 3 3 3 1 1 3 0 
3 4 3 2 3 1 4 2 2 1 4 
MFS
[ 0 , - , - , - , - , - , - , - , - , - , - ]
[ - , 1 , - , - , - , - , - , - , - , - , - ]
[ 1 , - , - , - , - , - , - , - , - , - , - ]
[ 1 , - , - , - , - , - , 1 , - , - , - , - ]
[ - , - , 1 , - , - , - , - , - , 1 , - , - ]
[ - , 1 , - , - , - , - , - , 1 , - , - , - ]
[ - , - , 1 , - , 1 , - , - , - , - , - , - ]
[ - , - , - , - , - , - , - , - , - , 0 , - ]
[ - , - , - , - , - , - , - , - , 0 , - , - ]
[ - , - , - , - , - , - , - , 0 , - , - , - ]
[ - , - , - , - , - , - , 0 , - , - , - , - ]
[ - , - , - , - , - , 0 , - , - , - , - , - ]
[ - , - , - , - , 0 , - , - , - , - , - , - ]
[ - , - , - , 0 , - , - , - , - , - , - , - ]
[ - , - , 0 , - , - , - , - , - , - , - , - ]
[ - , 0 , - , - , - , - , - , - , - , - , - ]
[ - , - , 1 , - , - , - , - , - , - , - , - ]
precise
0.23529411764705882
recall
0.05
F-measure
0.08247422680412371
multi
3
time
all 2684 iden 2142 gen 214
t-cover
842
all-cover
1375
coveredNum
(1 : 864)  (2 : 192)  (3 : 119)  (4 : 88)  (5 : 42)  (6 : 32)  (7 : 17)  (8 : 10)  (9 : 5)  (10 : 2)  (11 : 1)  (15 : 2)  (18 : 1)  
real Identify
([ 1 , - , - , - , - , - , 1 , - , - , - , - ] : 1)  ([ - , 1 , - , - , - , - , - , 1 , - , - , - ] : 1)  ([ - , - , 1 , - , - , - , - , - , 1 , - , - ] : 1)  ([ - , - , 1 , - , 1 , - , - , - , - , - , - ] : 1)  
testCase Num: 150
regaular Num: 30
identify Num: 120
3 3 2 3 1 4 2 1 4 4 1 
4 2 1 1 3 2 3 2 4 4 2 
1 1 1 0 0 0 0 0 1 1 0 
1 1 1 1 0 0 0 0 1 1 0 
2 2 2 2 2 2 2 0 0 0 0 
1 1 1 1 1 1 1 0 0 1 0 
3 1 1 3 3 3 3 3 1 1 0 
2 4 4 1 2 3 1 1 2 4 3 
2 2 2 3 3 4 1 4 2 3 4 
1 1 1 1 1 1 1 1 1 1 0 
2 2 2 2 2 2 0 0 0 0 0 
4 2 4 2 3 2 1 1 3 3 2 
2 2 2 1 2 1 2 3 1 1 2 
1 1 0 0 0 1 1 1 1 1 0 
4 2 1 2 1 4 3 2 4 4 2 
1 3 1 3 3 3 3 3 1 1 0 
1 1 1 1 0 0 0 0 0 0 0 
3 2 3 4 3 4 1 3 4 4 0 
4 4 3 3 3 3 2 3 3 3 1 
4 2 1 1 3 4 3 2 4 4 2 
1 1 1 0 1 1 1 1 1 1 1 
1 1 1 1 1 1 1 0 0 0 0 
2 2 0 0 0 0 0 0 0 0 0 
1 1 1 0 1 1 1 1 1 1 0 
1 1 1 1 1 1 1 1 0 0 0 
2 4 1 3 3 1 2 3 3 3 1 
4 2 1 1 3 2 4 4 1 4 2 
3 3 3 1 1 1 1 1 1 1 0 
2 2 2 4 1 1 1 2 1 3 3 
1 1 1 1 1 0 1 1 1 1 1 
1 1 1 1 1 0 1 1 1 1 0 
3 4 4 2 1 4 3 2 4 4 2 
1 1 0 0 0 0 0 0 1 1 0 
2 2 2 3 4 3 1 4 4 1 2 
3 2 1 3 3 1 2 3 3 3 1 
3 2 1 4 3 1 2 3 3 3 1 
1 0 1 1 1 1 1 1 1 1 1 
4 4 4 2 4 1 4 4 1 4 0 
1 3 1 3 3 3 3 2 3 3 1 
1 0 1 1 1 1 1 1 1 1 0 
1 3 1 3 3 3 1 1 1 1 0 
4 2 2 3 2 3 4 2 3 2 0 
0 1 1 1 1 1 1 1 1 1 1 
1 3 3 1 1 1 1 1 1 1 0 
2 3 3 4 1 2 4 4 2 2 2 
2 2 2 2 2 2 2 2 0 0 0 
1 1 1 1 1 1 1 0 1 1 1 
1 1 1 1 1 1 1 0 1 1 0 
1 1 1 1 1 1 1 1 0 1 0 
3 1 1 3 3 3 3 3 3 3 0 
1 1 1 1 1 1 1 1 0 1 1 
2 2 1 4 4 1 3 4 4 3 1 
4 2 1 1 3 2 4 4 2 1 3 
1 1 1 1 0 0 1 1 1 1 0 
0 1 1 1 1 1 1 1 1 1 0 
1 0 0 0 0 0 0 1 1 1 0 
1 3 1 3 1 1 1 1 1 1 0 
3 1 1 1 1 1 1 1 1 1 0 
3 2 2 1 3 4 4 4 3 1 3 
1 1 1 1 1 1 0 1 1 1 1 
0 0 0 0 0 0 1 1 1 1 0 
1 3 1 3 3 3 3 1 1 1 0 
3 2 1 4 4 1 2 3 3 3 1 
3 4 1 2 1 4 3 2 4 4 2 
1 1 0 0 0 0 1 1 1 1 0 
3 2 3 3 1 1 3 3 2 2 3 
2 2 1 4 4 1 3 3 3 3 1 
4 2 1 1 3 2 4 4 4 4 2 
2 2 2 4 2 1 4 1 1 1 1 
4 2 4 1 4 3 1 2 2 1 1 
1 0 0 0 0 0 0 0 0 1 0 
2 2 2 1 1 2 3 1 3 2 1 
4 3 3 2 4 2 2 3 4 1 3 
4 3 4 2 1 4 3 2 4 4 2 
4 2 1 3 4 2 4 4 1 1 2 
1 0 0 0 0 1 1 1 1 1 0 
1 1 1 1 1 1 0 1 1 1 0 
1 0 0 0 1 1 1 1 1 1 0 
1 0 0 1 1 1 1 1 1 1 0 
3 1 1 3 3 1 1 1 1 1 0 
2 2 2 1 4 4 1 1 1 3 0 
1 1 1 1 1 0 0 0 0 0 0 
2 2 2 2 2 2 2 2 2 2 0 
3 1 1 3 3 3 3 3 3 1 0 
2 2 1 4 4 1 3 4 3 3 1 
0 0 0 0 0 0 0 0 1 1 0 
2 4 4 4 3 4 3 2 1 2 0 
2 2 2 0 0 0 0 0 0 0 0 
1 0 0 0 0 0 0 0 0 0 0 
2 2 2 2 0 0 0 0 0 0 0 
1 1 3 1 1 1 1 1 1 1 0 
1 1 1 1 1 1 0 0 0 1 0 
1 1 0 0 0 0 0 0 0 1 0 
1 1 0 0 0 0 0 0 0 0 0 
1 1 1 1 1 1 0 0 0 0 0 
0 0 0 1 1 1 1 1 1 1 0 
1 1 1 0 0 0 0 1 1 1 0 
1 3 1 3 3 3 3 3 3 1 0 
2 3 3 1 2 4 4 2 4 3 4 
1 1 0 1 1 1 1 1 1 1 1 
4 2 2 4 4 1 1 1 4 2 4 
1 1 1 1 1 0 0 0 1 1 0 
1 3 1 3 3 1 1 1 1 1 0 
2 2 2 1 1 1 4 3 1 1 0 
2 3 4 3 3 1 2 3 3 3 1 
2 2 1 4 4 1 3 4 4 4 2 
2 2 1 4 4 1 3 4 4 4 1 
0 0 0 0 0 0 0 0 0 0 0 
1 1 0 1 1 1 1 1 1 1 0 
4 2 1 1 3 2 4 2 4 4 2 
1 0 0 0 0 0 0 0 1 1 0 
3 1 1 3 3 3 2 3 3 3 1 
1 1 1 1 1 1 0 0 1 1 0 
2 2 2 2 2 0 0 0 0 0 0 
1 0 0 0 0 0 1 1 1 1 0 
2 2 4 2 1 3 2 4 3 4 4 
1 1 1 0 0 0 0 0 0 1 0 
3 1 3 1 1 1 1 1 1 1 0 
1 1 1 0 0 1 1 1 1 1 0 
0 0 0 0 0 1 1 1 1 1 0 
1 1 1 1 0 1 1 1 1 1 1 
4 4 1 2 1 4 3 2 4 4 2 
2 2 2 1 1 2 1 1 1 4 0 
3 2 2 2 2 3 3 4 1 3 1 
3 1 1 3 3 3 3 1 1 1 0 
0 0 0 0 0 0 0 0 0 1 0 
1 1 1 1 1 0 0 1 1 1 0 
2 2 2 2 2 2 2 2 2 0 0 
3 1 1 3 3 3 1 1 1 1 0 
1 1 1 0 0 0 1 1 1 1 0 
1 1 1 1 0 1 1 1 1 1 0 
4 4 1 3 3 1 2 3 3 3 1 
1 1 1 1 0 0 0 0 0 1 0 
3 1 1 3 1 1 1 1 1 1 0 
1 3 1 1 1 1 1 1 1 1 0 
0 0 1 1 1 1 1 1 1 1 0 
1 1 1 0 0 0 0 0 0 0 0 
1 3 1 3 3 3 3 3 3 3 0 
4 2 1 3 1 4 3 2 4 4 2 
3 4 2 3 4 2 3 3 1 1 4 
1 1 0 0 1 1 1 1 1 1 0 
2 3 1 4 4 3 2 3 3 3 1 
1 1 1 1 1 0 0 0 0 1 0 
0 0 0 0 0 0 0 1 1 1 0 
1 1 1 1 1 1 1 1 1 0 0 
1 1 1 1 1 1 1 1 1 0 1 
1 1 1 1 0 0 0 1 1 1 0 
0 0 0 0 1 1 1 1 1 1 0 
2 0 0 0 0 0 0 0 0 0 0 
1 1 0 0 0 0 0 1 1 1 0 
MFS
[ 0 , - , - , - , - , - , - , - , - , - , - ]
[ - , 1 , - , - , - , - , - , - , - , - , - ]
[ 1 , - , - , - , - , - , - , - , - , - , - ]
[ - , - , 1 , - , - , 1 , - , - , - , - , - ]
[ - , - , - , - , - , - , - , - , - , 0 , - ]
[ - , - , - , - , - , - , - , - , 0 , - , - ]
[ - , - , - , - , - , - , - , 0 , - , - , - ]
[ - , - , - , - , - , - , 0 , - , - , - , - ]
[ - , - , - , - , - , 0 , - , - , - , - , - ]
[ - , - , - , - , 0 , - , - , - , - , - , - ]
[ - , - , - , 0 , - , - , - , - , - , - , - ]
[ - , - , 0 , - , - , - , - , - , - , - , - ]
[ - , 0 , - , - , - , - , - , - , - , - , - ]
[ - , - , 1 , - , - , - , - , - , - , - , - ]
precise
0.07142857142857142
recall
0.0125
F-measure
0.02127659574468085
multi
2
time
all 2715 iden 2210 gen 190
t-cover
811
all-cover
1375
coveredNum
(1 : 866)  (2 : 245)  (3 : 133)  (4 : 80)  (5 : 27)  (6 : 15)  (7 : 4)  (8 : 1)  (9 : 1)  (10 : 1)  (11 : 1)  (14 : 1)  
real Identify
([ - , - , 1 , - , - , 1 , - , - , - , - , - ] : 1)  
testCase Num: 137
regaular Num: 32
identify Num: 105
3 3 1 1 3 3 1 1 1 1 0 
2 4 4 3 2 2 4 4 3 2 4 
1 1 1 0 0 0 0 0 1 1 0 
1 1 1 1 0 0 0 0 1 1 0 
3 1 3 1 3 1 1 1 1 1 0 
1 1 1 3 1 1 1 1 1 1 0 
2 2 2 2 2 2 2 0 0 0 0 
1 1 1 1 1 1 1 0 0 1 0 
1 1 1 1 1 1 1 1 1 1 0 
2 2 2 2 2 2 0 0 0 0 0 
3 1 3 1 3 3 3 3 3 2 1 
1 1 0 0 0 1 1 1 1 1 0 
3 3 1 1 3 3 3 2 3 3 1 
4 4 3 4 1 3 2 3 4 2 3 
2 4 2 1 3 1 1 2 2 2 2 
4 2 2 1 1 2 4 2 4 1 2 
2 2 3 2 2 3 4 4 1 3 2 
1 1 1 1 0 0 0 0 0 0 0 
2 2 2 1 1 1 1 1 4 2 1 
4 3 4 2 4 3 2 2 3 4 0 
1 1 1 0 1 1 1 1 1 1 1 
1 1 1 1 1 1 1 0 0 0 0 
2 2 0 0 0 0 0 0 0 0 0 
1 1 1 0 1 1 1 1 1 1 0 
1 1 1 1 1 1 1 1 0 0 0 
3 1 3 1 3 3 3 3 3 1 0 
3 3 3 3 1 1 1 1 1 1 0 
1 1 1 1 1 0 1 1 1 1 1 
1 1 1 1 1 0 1 1 1 1 0 
1 3 3 1 3 1 1 1 1 1 0 
2 2 2 1 2 1 3 3 1 4 0 
3 3 1 1 3 3 3 1 1 1 0 
1 3 3 1 3 3 3 3 3 1 0 
1 1 0 0 0 0 0 0 1 1 0 
1 3 3 1 3 3 1 1 1 1 0 
1 0 1 1 1 1 1 1 1 1 1 
3 1 3 3 1 1 1 1 1 1 0 
1 0 1 1 1 1 1 1 1 1 0 
0 1 1 1 1 1 1 1 1 1 1 
1 3 3 1 1 1 1 1 1 1 0 
2 2 2 2 2 2 2 2 0 0 0 
1 1 1 1 1 1 1 0 1 1 1 
1 1 1 1 1 1 1 0 1 1 0 
3 2 4 3 1 4 3 2 2 2 3 
3 2 2 1 4 2 1 3 1 2 0 
1 1 1 1 1 1 1 1 0 1 0 
1 1 1 1 1 1 1 1 0 1 1 
1 1 1 1 0 0 1 1 1 1 0 
0 1 1 1 1 1 1 1 1 1 0 
1 0 0 0 0 0 0 1 1 1 0 
3 4 2 2 3 4 1 3 2 3 4 
4 2 4 4 2 1 1 1 3 3 1 
1 1 1 1 1 1 0 1 1 1 1 
0 0 0 0 0 0 1 1 1 1 0 
2 2 2 1 3 2 1 1 3 1 3 
3 2 3 2 1 4 2 4 2 1 1 
2 2 4 4 4 4 4 3 3 1 2 
1 1 0 0 0 0 1 1 1 1 0 
3 1 3 1 3 3 3 3 3 3 0 
2 2 2 1 2 4 4 1 1 3 3 
1 0 0 0 0 0 0 0 0 1 0 
1 0 0 0 0 1 1 1 1 1 0 
3 3 1 1 3 1 1 1 1 1 0 
2 3 2 4 1 2 3 3 1 3 1 
1 3 3 1 3 3 3 1 1 1 0 
3 3 1 1 3 3 3 3 3 1 0 
1 1 1 1 1 1 0 1 1 1 0 
1 0 0 0 1 1 1 1 1 1 0 
1 0 0 1 1 1 1 1 1 1 0 
3 3 1 1 1 1 1 1 1 1 0 
1 1 1 1 1 0 0 0 0 0 0 
2 2 2 2 2 2 2 2 2 2 0 
3 3 1 3 1 1 1 1 1 1 0 
0 0 0 0 0 0 0 0 1 1 0 
2 2 2 0 0 0 0 0 0 0 0 
1 0 0 0 0 0 0 0 0 0 0 
2 2 2 2 0 0 0 0 0 0 0 
1 1 3 3 1 1 1 1 1 1 0 
1 1 1 1 1 1 0 0 0 1 0 
1 1 0 0 0 0 0 0 0 1 0 
1 1 0 0 0 0 0 0 0 0 0 
1 1 1 1 1 1 0 0 0 0 0 
0 0 0 1 1 1 1 1 1 1 0 
1 1 1 0 0 0 0 1 1 1 0 
1 1 0 1 1 1 1 1 1 1 1 
2 4 2 2 4 1 3 1 4 1 3 
1 1 1 1 1 0 0 0 1 1 0 
3 1 3 1 3 3 3 3 1 1 0 
0 0 0 0 0 0 0 0 0 0 0 
1 1 0 1 1 1 1 1 1 1 0 
2 2 2 4 2 3 1 1 2 1 4 
3 3 4 1 2 2 1 4 4 4 3 
1 0 0 0 0 0 0 0 1 1 0 
4 4 4 1 3 3 3 2 1 3 1 
4 3 3 1 4 4 2 2 1 1 4 
3 3 1 1 3 3 3 3 3 3 0 
1 3 3 1 3 3 3 3 1 1 0 
1 1 1 1 1 1 0 0 1 1 0 
2 2 2 2 2 0 0 0 0 0 0 
1 0 0 0 0 0 1 1 1 1 0 
1 1 1 0 0 0 0 0 0 1 0 
3 4 3 4 3 4 4 4 4 4 0 
3 1 3 1 1 1 1 1 1 1 0 
2 2 2 1 2 1 3 4 1 4 2 
1 1 1 0 0 1 1 1 1 1 0 
0 0 0 0 0 1 1 1 1 1 0 
1 1 1 1 0 1 1 1 1 1 1 
0 0 0 0 0 0 0 0 0 1 0 
1 1 1 1 1 0 0 1 1 1 0 
2 2 2 2 2 2 2 2 2 0 0 
1 3 3 3 1 1 1 1 1 1 0 
1 1 1 0 0 0 1 1 1 1 0 
3 3 2 3 3 3 2 1 3 2 2 
1 1 1 1 0 1 1 1 1 1 0 
2 2 2 1 4 1 1 1 1 3 0 
1 3 3 1 2 3 3 3 3 3 1 
1 1 1 1 0 0 0 0 0 1 0 
3 1 1 3 1 1 1 1 1 1 0 
3 1 3 1 3 3 1 1 1 1 0 
0 0 1 1 1 1 1 1 1 1 0 
1 1 1 0 0 0 0 0 0 0 0 
2 2 2 3 3 1 2 3 4 3 4 
1 1 0 0 1 1 1 1 1 1 0 
1 1 1 1 1 0 0 0 0 1 0 
0 0 0 0 0 0 0 1 1 1 0 
1 1 1 1 1 1 1 1 1 0 0 
1 1 1 1 1 1 1 1 1 0 1 
3 1 3 1 3 3 3 1 1 1 0 
4 3 2 3 4 1 4 4 2 4 1 
1 1 1 1 0 0 0 1 1 1 0 
2 2 2 4 1 1 1 2 1 1 0 
0 0 0 0 1 1 1 1 1 1 0 
2 0 0 0 0 0 0 0 0 0 0 
1 1 0 0 0 0 0 1 1 1 0 
2 2 3 1 1 2 3 1 3 4 4 
3 3 1 1 3 3 3 3 1 1 0 
1 3 3 1 3 3 3 3 3 3 0 
MFS
[ 0 , - , - , - , - , - , - , - , - , - , - ]
[ - , 1 , - , - , - , - , - , - , - , - , - ]
[ 1 , - , - , - , - , - , - , - , - , - , - ]
[ - , - , - , - , - , - , - , - , - , 0 , - ]
[ - , - , - , - , - , - , - , - , 0 , - , - ]
[ - , - , - , - , - , - , - , 0 , - , - , - ]
[ - , - , - , - , - , - , 0 , - , - , - , - ]
[ - , - , - , - , - , 0 , - , - , - , - , - ]
[ - , - , - , - , 0 , - , - , - , - , - , - ]
[ - , - , - , 0 , - , - , - , - , - , - , - ]
[ - , - , 0 , - , - , - , - , - , - , - , - ]
[ - , 0 , - , - , - , - , - , - , - , - , - ]
[ - , - , 1 , - , - , - , - , - , - , - , - ]
precise
0.0
recall
0.0
F-measure
0.0
multi
2
time
all 2432 iden 2032 gen 199
t-cover
800
all-cover
1375
coveredNum
(1 : 868)  (2 : 271)  (3 : 140)  (4 : 47)  (5 : 23)  (6 : 6)  (7 : 11)  (8 : 3)  (9 : 3)  (12 : 1)  (13 : 2)  
real Identify

