testCase Num: 62
regaular Num: 51
identify Num: 11
2 3 2 3 3 2 0 0 3 0 1 
0 1 0 0 0 0 0 0 0 0 0 
3 1 4 2 0 3 0 3 1 3 1 
1 0 2 0 0 0 0 0 0 0 0 
4 2 1 3 4 3 0 4 3 1 0 
2 0 0 4 3 3 4 2 4 2 1 
0 0 0 0 0 0 0 1 0 0 0 
2 1 2 0 4 2 2 3 0 4 1 
4 0 1 3 0 2 2 2 1 0 3 
1 3 3 1 3 0 2 4 1 1 0 
1 0 0 0 0 0 0 0 0 0 0 
1 4 3 1 2 3 2 0 3 3 4 
2 1 1 1 1 1 1 0 1 1 1 
0 0 0 0 1 0 0 0 0 0 0 
1 0 1 0 0 0 0 0 0 2 0 
0 0 0 0 0 0 1 0 0 0 0 
1 3 0 1 0 3 0 3 0 2 0 
1 3 4 3 0 2 1 0 4 1 2 
4 2 0 4 1 3 1 1 0 4 3 
0 0 0 0 0 0 0 0 0 0 0 
0 0 0 0 0 0 0 0 0 0 1 
1 0 0 0 0 0 0 1 0 0 1 
1 2 2 1 3 1 4 0 1 4 0 
1 2 2 0 2 4 0 2 4 1 4 
2 0 1 2 2 0 3 4 2 4 2 
1 0 0 0 0 4 2 0 0 0 0 
2 4 0 3 0 1 3 4 0 3 4 
1 0 3 4 0 1 2 3 4 0 4 
1 0 4 3 1 2 2 4 2 1 4 
4 0 2 1 4 3 1 2 3 0 2 
3 0 3 2 4 4 3 2 0 1 3 
1 4 1 2 3 4 1 3 0 3 2 
2 0 0 0 4 0 1 4 1 2 3 
4 2 3 4 2 0 1 3 2 0 1 
4 3 4 0 2 1 4 0 0 2 3 
4 0 1 2 1 0 4 1 4 3 4 
1 0 4 4 3 0 0 0 3 0 0 
1 0 0 3 2 0 0 0 0 0 0 
3 2 0 2 2 2 2 1 1 2 2 
3 1 0 3 3 0 1 3 3 2 4 
0 0 0 0 0 0 0 0 0 1 0 
1 4 0 2 0 2 0 0 0 0 0 
3 1 0 1 2 4 3 0 2 0 0 
1 0 0 0 0 0 0 0 1 0 4 
4 1 2 0 3 3 3 1 2 3 3 
1 1 3 4 1 2 0 2 2 2 0 
4 4 4 1 0 4 1 1 2 0 0 
3 1 3 0 1 4 4 4 4 0 2 
1 0 0 0 0 0 0 2 0 3 0 
1 0 0 0 0 0 4 0 2 0 0 
3 3 1 4 4 2 4 0 4 3 4 
3 3 2 2 1 1 3 2 3 0 0 
0 0 0 1 0 0 0 0 0 0 0 
1 4 1 0 1 1 4 3 3 1 3 
0 0 0 0 0 0 0 0 1 0 0 
2 3 3 3 0 4 4 1 3 4 4 
3 4 4 1 4 0 0 2 4 4 3 
2 2 4 1 0 2 3 3 4 3 0 
0 0 1 0 0 0 0 0 0 0 0 
0 0 0 0 0 1 0 0 0 0 0 
1 3 0 4 4 1 0 1 2 1 2 
1 4 2 4 0 4 3 4 1 2 1 
MFS
[ 0 , - , - , - , - , - , - , - , - , - , - ]
precise
0.0
recall
0.0
F-measure
0.0
multi
1
time
all 253 iden 0 gen 99
t-cover
1325
all-cover
1375
coveredNum
(1 : 601)  (2 : 462)  (3 : 195)  (4 : 54)  (5 : 6)  (6 : 5)  (7 : 8)  (8 : 18)  (9 : 7)  (10 : 12)  (11 : 1)  (12 : 3)  (13 : 3)  
real Identify

testCase Num: 59
regaular Num: 48
identify Num: 11
0 1 0 0 0 0 0 0 0 0 0 
1 4 3 4 3 1 0 4 0 0 3 
3 2 2 2 1 0 2 2 2 1 2 
0 0 0 0 0 0 0 1 0 0 0 
3 2 1 3 0 2 1 3 0 4 4 
1 2 2 1 4 0 4 3 3 2 3 
3 3 4 0 4 1 0 1 4 1 3 
1 0 0 0 0 0 0 0 0 0 0 
4 1 4 0 0 0 2 4 4 2 1 
1 4 4 0 3 0 2 0 1 0 4 
2 3 3 4 0 0 1 1 1 3 4 
2 1 0 4 0 3 2 1 3 4 3 
0 0 0 0 1 0 0 0 0 0 0 
1 0 0 1 0 0 0 0 0 0 4 
0 0 0 0 0 0 1 0 0 0 0 
4 3 2 3 3 2 4 1 1 4 0 
1 0 1 4 0 0 3 2 2 2 4 
1 3 0 0 0 0 0 3 0 0 0 
2 1 2 3 2 4 0 0 2 3 1 
2 4 2 2 0 1 3 1 0 2 0 
0 0 0 0 0 0 0 0 0 0 0 
1 2 0 3 4 0 3 4 4 4 1 
0 0 0 0 0 0 0 0 0 0 1 
1 0 4 1 1 1 3 1 2 4 2 
3 4 1 1 0 4 4 0 1 1 2 
4 0 0 2 2 4 1 2 1 2 3 
3 2 3 4 3 3 0 0 1 2 2 
4 3 3 1 4 4 0 2 2 0 2 
1 0 4 0 0 4 0 0 4 0 0 
3 1 0 2 3 4 3 1 3 1 4 
1 0 1 2 1 3 0 3 4 3 3 
1 4 1 0 3 3 3 2 3 3 1 
3 3 4 2 4 1 4 2 0 3 1 
4 2 0 3 3 1 2 3 2 3 0 
4 4 4 4 2 3 4 3 2 0 4 
1 1 3 4 4 4 2 4 1 4 0 
0 0 0 0 0 0 0 0 0 1 0 
4 3 1 1 2 3 2 4 0 1 0 
3 0 2 4 1 1 0 4 3 0 4 
1 0 4 0 0 2 0 0 0 0 0 
1 0 1 3 2 0 3 3 1 1 2 
2 1 1 1 1 1 1 1 1 0 1 
1 2 0 0 2 0 0 1 0 0 0 
1 1 0 0 0 0 4 3 2 0 0 
3 4 0 3 1 0 1 0 3 1 0 
3 0 3 4 2 2 2 1 4 1 1 
1 4 1 2 4 2 0 0 4 4 4 
4 3 3 3 1 2 3 0 3 2 3 
0 0 0 1 0 0 0 0 0 0 0 
1 3 3 2 3 2 1 4 2 0 3 
2 2 3 0 1 4 4 3 0 1 1 
2 2 4 3 4 3 1 2 4 0 0 
0 0 0 0 0 0 0 0 1 0 0 
0 0 1 0 0 0 0 0 0 0 0 
2 0 0 1 3 2 4 4 4 3 2 
0 0 0 0 0 1 0 0 0 0 0 
1 0 4 0 2 1 3 0 3 0 2 
4 1 2 0 2 2 1 2 0 4 2 
1 0 2 0 4 3 0 0 4 0 0 
MFS
[ 0 , - , - , - , - , - , - , - , - , - , - ]
precise
0.0
recall
0.0
F-measure
0.0
multi
1
time
all 263 iden 0 gen 131
t-cover
1325
all-cover
1375
coveredNum
(1 : 599)  (2 : 479)  (3 : 195)  (4 : 46)  (5 : 17)  (6 : 20)  (7 : 8)  (8 : 4)  (9 : 1)  (10 : 5)  (12 : 1)  
real Identify

testCase Num: 60
regaular Num: 49
identify Num: 11
1 2 0 0 0 0 4 0 0 0 0 
0 1 0 0 0 0 0 0 0 0 0 
1 0 3 3 1 1 2 4 0 1 4 
0 0 0 0 0 0 0 1 0 0 0 
4 1 0 0 4 2 2 4 2 3 1 
1 1 2 4 0 4 3 2 3 1 3 
1 4 0 0 0 2 3 0 0 0 0 
4 2 3 2 3 2 1 3 3 3 0 
2 2 1 1 0 4 0 4 3 2 4 
1 2 4 1 0 0 1 1 0 4 0 
1 0 0 0 0 0 0 0 0 0 0 
0 0 0 0 1 0 0 0 0 0 0 
1 1 0 0 4 3 0 0 0 0 0 
3 3 4 3 1 4 1 3 3 0 1 
1 0 0 1 0 0 0 0 0 0 3 
1 3 3 1 0 3 4 0 4 2 2 
1 0 0 4 0 0 0 0 0 0 4 
1 4 0 3 4 2 0 0 0 3 4 
0 0 0 0 0 0 1 0 0 0 0 
3 3 4 0 3 3 1 0 4 3 4 
1 3 2 3 3 3 3 4 1 4 2 
4 1 2 0 4 4 3 0 3 2 0 
3 4 0 3 2 3 4 1 3 1 0 
4 1 2 2 2 1 4 3 0 4 4 
0 0 0 0 0 0 0 0 0 0 0 
0 0 0 0 0 0 0 0 0 0 1 
4 3 1 4 1 3 2 2 0 0 3 
1 2 2 0 1 2 0 0 0 2 0 
1 4 0 0 0 0 2 0 0 0 0 
1 0 0 3 0 0 0 0 0 2 0 
2 0 4 2 2 4 2 0 1 3 2 
2 2 4 3 0 3 3 0 2 1 3 
0 0 0 0 0 0 0 0 0 1 0 
2 4 3 0 3 4 4 2 2 4 3 
3 0 2 4 2 0 1 4 4 3 3 
3 3 0 2 0 2 0 1 1 4 3 
4 0 0 2 1 3 3 1 4 3 1 
1 2 3 4 2 3 0 3 1 0 1 
1 2 0 2 4 0 1 2 1 2 4 
1 0 0 0 3 1 0 0 3 0 0 
4 4 4 1 1 0 4 4 1 0 0 
1 4 4 4 4 1 4 3 4 2 3 
1 1 0 1 3 4 1 1 0 2 2 
1 4 2 0 0 1 1 3 2 0 2 
4 1 4 3 0 2 0 2 4 1 2 
0 0 0 1 0 0 0 0 0 0 0 
3 2 0 4 1 1 0 0 2 4 2 
2 1 1 0 1 1 1 1 1 1 1 
2 2 2 4 3 2 2 1 4 0 0 
1 0 1 0 2 4 4 0 4 4 1 
3 1 3 2 4 0 3 1 2 0 4 
0 0 0 0 0 0 0 0 1 0 0 
0 0 1 0 0 0 0 0 0 0 0 
1 0 1 3 4 0 2 3 3 4 2 
0 0 0 0 0 1 0 0 0 0 0 
1 4 1 2 0 2 4 0 0 3 1 
1 3 1 1 2 1 3 2 2 3 0 
3 0 2 1 2 2 2 2 2 2 1 
2 3 0 1 4 0 3 3 0 1 1 
3 0 1 2 3 0 0 4 0 1 1 
MFS
[ 0 , - , - , - , - , - , - , - , - , - , - ]
precise
0.0
recall
0.0
F-measure
0.0
multi
1
time
all 270 iden 0 gen 116
t-cover
1325
all-cover
1375
coveredNum
(1 : 633)  (2 : 453)  (3 : 172)  (4 : 56)  (5 : 13)  (6 : 10)  (7 : 8)  (8 : 11)  (9 : 8)  (10 : 4)  (11 : 3)  (12 : 2)  (14 : 2)  
real Identify

testCase Num: 63
regaular Num: 52
identify Num: 11
3 4 2 2 0 1 2 0 3 3 2 
2 2 0 4 3 4 0 1 0 3 1 
1 3 3 4 0 3 4 0 1 4 3 
0 1 0 0 0 0 0 0 0 0 0 
2 0 3 2 4 3 3 3 1 0 0 
0 0 0 0 0 0 0 1 0 0 0 
1 4 1 0 2 3 0 2 2 1 4 
1 1 4 2 1 1 0 4 2 0 0 
2 2 2 3 1 3 3 4 3 2 0 
3 2 3 1 4 1 0 3 0 4 3 
4 3 1 4 2 1 3 0 0 2 2 
1 0 0 0 0 0 0 0 0 0 0 
1 2 4 0 0 0 2 2 0 2 0 
0 0 0 0 1 0 0 0 0 0 0 
1 0 0 2 0 0 0 0 0 0 1 
4 0 4 3 4 2 0 0 3 4 1 
1 1 2 3 0 2 1 1 2 4 4 
0 0 0 0 0 0 1 0 0 0 0 
1 0 0 0 0 0 0 4 0 3 0 
2 3 0 2 2 4 2 4 3 4 4 
4 2 3 3 0 3 2 3 2 3 3 
1 4 0 0 0 4 0 3 1 0 0 
1 3 2 0 2 2 4 3 4 3 1 
1 4 4 0 3 2 3 1 4 4 3 
0 0 0 0 0 0 0 0 0 0 0 
0 0 0 0 0 0 0 0 0 0 1 
3 4 0 3 1 4 3 4 0 1 3 
1 0 0 0 0 0 0 1 0 0 2 
1 1 3 0 1 4 1 3 3 2 1 
4 0 3 1 4 0 2 1 4 2 4 
3 3 0 1 3 3 1 3 2 0 2 
2 3 2 0 4 0 0 2 0 1 2 
2 2 4 2 0 4 1 0 4 1 2 
1 0 1 3 3 1 0 0 4 0 2 
1 1 0 3 4 1 4 2 4 0 2 
1 0 0 0 0 0 0 3 0 1 0 
4 0 2 1 3 4 4 2 3 1 0 
0 0 0 0 0 0 0 0 0 1 0 
1 0 3 0 3 0 0 0 0 0 0 
3 1 4 1 1 3 4 0 0 3 4 
4 4 0 0 3 1 2 4 1 2 4 
2 4 3 1 0 2 4 4 2 2 2 
4 2 1 2 1 0 4 1 3 0 3 
1 0 0 0 0 0 0 0 0 2 3 
1 0 1 1 4 4 3 2 2 3 1 
1 3 0 0 1 2 0 0 2 4 0 
1 0 0 4 0 0 0 0 3 0 0 
2 1 2 4 0 0 3 2 2 4 3 
3 1 0 0 0 3 2 1 4 0 1 
4 0 3 1 2 0 1 2 0 1 3 
4 1 1 2 3 0 0 3 0 4 2 
1 0 0 0 0 0 3 0 0 0 4 
0 0 0 1 0 0 0 0 0 0 0 
3 3 4 3 2 0 1 1 1 3 0 
2 1 1 1 0 1 1 1 1 1 1 
1 1 0 0 2 0 0 0 0 0 0 
3 2 2 2 1 2 0 2 1 2 2 
0 0 0 0 0 0 0 0 1 0 0 
0 0 1 0 0 0 0 0 0 0 0 
1 2 4 4 2 2 2 3 0 0 4 
3 0 1 4 1 2 2 4 4 1 0 
0 0 0 0 0 1 0 0 0 0 0 
3 4 2 4 4 0 1 4 2 0 1 
MFS
[ 0 , - , - , - , - , - , - , - , - , - , - ]
precise
0.0
recall
0.0
F-measure
0.0
multi
1
time
all 254 iden 0 gen 100
t-cover
1325
all-cover
1375
coveredNum
(1 : 580)  (2 : 464)  (3 : 212)  (4 : 59)  (5 : 6)  (6 : 3)  (7 : 9)  (8 : 11)  (9 : 7)  (10 : 9)  (11 : 8)  (12 : 4)  (13 : 1)  (14 : 1)  (15 : 1)  
real Identify

testCase Num: 61
regaular Num: 50
identify Num: 11
1 0 0 0 1 0 3 0 1 0 0 
0 1 0 0 0 0 0 0 0 0 0 
2 3 3 2 3 3 1 1 1 0 3 
4 1 0 4 1 3 0 2 1 4 4 
4 0 2 2 3 2 2 0 4 1 4 
1 1 2 0 2 1 0 1 1 3 2 
1 2 0 0 0 2 0 0 0 4 1 
1 0 3 4 0 0 0 0 3 0 0 
0 0 0 0 0 0 0 1 0 0 0 
2 3 0 3 3 0 0 3 2 3 4 
1 0 0 2 0 1 0 0 0 0 0 
1 0 0 0 0 0 0 0 0 0 0 
4 2 3 3 0 1 2 3 3 3 3 
0 0 0 0 1 0 0 0 0 0 0 
3 3 4 1 4 1 4 0 0 2 4 
4 0 4 0 0 0 0 4 0 0 0 
0 0 0 0 0 0 1 0 0 0 0 
4 1 1 0 4 4 3 0 3 4 2 
1 0 1 0 0 0 0 3 0 0 0 
1 1 4 4 2 0 2 3 1 1 1 
4 2 1 0 0 1 1 2 4 2 4 
1 1 0 0 0 0 0 0 4 0 3 
2 0 1 1 1 1 1 1 1 1 1 
4 4 1 2 2 0 3 2 0 3 1 
4 3 1 4 0 1 3 4 2 0 4 
1 0 2 4 1 0 0 0 0 2 3 
1 0 3 1 4 3 3 3 2 4 2 
3 1 2 2 0 2 1 2 2 2 2 
2 2 4 4 1 2 4 0 2 3 0 
0 0 0 0 0 0 0 0 0 0 0 
0 0 0 0 0 0 0 0 0 0 1 
1 2 1 1 4 2 0 4 1 0 3 
4 3 1 0 3 3 2 1 1 2 0 
1 0 0 1 2 3 4 0 3 3 0 
3 2 0 0 2 4 3 1 2 1 3 
1 0 4 3 2 2 3 1 3 2 4 
3 4 3 0 1 2 0 4 4 2 3 
1 2 2 1 3 0 4 2 0 0 2 
0 0 0 0 0 0 0 0 0 1 0 
1 4 4 4 3 4 2 1 4 0 2 
2 1 3 0 3 0 4 4 3 2 1 
3 3 0 3 4 0 2 2 0 0 0 
3 4 1 3 0 3 4 0 1 1 1 
2 1 3 1 4 4 0 2 3 1 0 
2 4 2 1 4 0 2 1 2 4 1 
3 4 0 0 3 1 1 3 3 4 0 
1 3 2 2 1 4 0 3 3 0 1 
2 3 2 3 2 3 3 4 4 4 0 
0 0 0 1 0 0 0 0 0 0 0 
1 0 0 2 4 4 1 4 1 3 0 
4 0 0 1 0 4 4 3 4 2 1 
0 0 0 0 0 0 0 0 1 0 0 
2 3 0 3 1 2 2 4 0 1 2 
1 0 0 0 3 0 3 0 0 0 0 
3 0 4 4 4 0 1 2 4 3 3 
0 0 1 0 0 0 0 0 0 0 0 
0 0 0 0 0 1 0 0 0 0 0 
2 2 4 2 0 3 4 1 0 4 3 
1 1 3 3 2 4 1 0 0 0 4 
1 4 0 0 0 0 0 0 0 0 4 
3 0 4 0 0 2 0 3 0 0 0 
MFS
[ 0 , - , - , - , - , - , - , - , - , - , - ]
precise
0.0
recall
0.0
F-measure
0.0
multi
1
time
all 263 iden 0 gen 131
t-cover
1325
all-cover
1375
coveredNum
(1 : 609)  (2 : 449)  (3 : 205)  (4 : 52)  (5 : 5)  (6 : 4)  (7 : 18)  (8 : 17)  (9 : 7)  (10 : 5)  (11 : 3)  (13 : 1)  
real Identify

testCase Num: 61
regaular Num: 50
identify Num: 11
0 1 0 0 0 0 0 0 0 0 0 
2 0 2 4 2 4 1 2 0 1 1 
2 1 1 1 1 1 0 1 1 1 1 
1 3 4 0 0 0 0 0 0 0 0 
1 0 0 0 0 0 0 0 0 4 2 
0 0 0 0 0 0 0 1 0 0 0 
1 4 2 4 3 0 3 1 4 3 4 
1 1 0 2 0 0 3 3 4 1 0 
2 4 4 0 1 4 0 4 4 2 0 
4 2 4 1 0 3 3 1 2 3 3 
1 0 0 0 0 0 0 0 0 0 0 
3 3 2 2 0 3 0 3 3 1 3 
0 0 0 0 1 0 0 0 0 0 0 
4 4 4 2 4 2 4 3 0 0 1 
0 0 0 0 0 0 1 0 0 0 0 
1 2 1 3 2 2 4 1 4 4 0 
1 1 4 3 0 0 3 2 3 4 1 
4 3 2 4 0 4 4 4 4 1 1 
1 0 3 1 2 0 1 2 1 0 0 
1 0 0 0 0 0 0 0 0 3 1 
2 0 1 3 3 3 4 3 3 2 2 
3 1 2 3 1 3 1 0 1 0 4 
1 0 0 4 0 1 0 0 0 0 0 
1 4 0 4 4 3 2 0 2 4 1 
0 0 0 0 0 0 0 0 0 0 0 
0 0 0 0 0 0 0 0 0 0 1 
1 0 4 3 1 2 4 0 2 0 0 
3 4 0 3 4 4 1 1 3 1 0 
4 3 0 0 1 2 3 2 1 2 2 
2 1 3 4 0 2 2 1 0 2 2 
3 2 2 2 0 1 1 2 2 2 2 
0 0 0 0 0 0 0 0 0 1 0 
1 4 1 2 3 1 2 2 4 0 3 
3 0 4 1 2 2 2 4 2 1 4 
1 2 4 4 3 2 1 4 3 0 2 
2 2 0 0 2 1 4 3 3 3 4 
1 4 3 1 2 3 0 0 4 2 2 
4 1 0 1 3 4 0 2 2 3 4 
3 0 0 0 0 4 0 0 4 3 2 
1 0 0 0 0 0 0 0 0 2 1 
1 0 4 3 0 1 0 4 0 3 0 
3 2 1 4 4 2 0 4 0 3 3 
4 3 2 1 3 3 0 2 0 4 0 
3 2 3 0 3 0 4 0 2 1 1 
1 3 1 1 4 0 1 3 2 1 2 
1 2 3 4 1 4 2 3 1 4 0 
2 4 1 0 0 0 2 4 1 2 4 
4 0 4 2 1 0 1 1 1 3 3 
2 3 2 0 1 2 2 1 0 0 4 
0 0 0 1 0 0 0 0 0 0 0 
3 0 3 2 4 1 3 4 0 4 4 
4 0 1 0 0 0 0 0 0 0 0 
2 1 0 0 4 3 1 4 4 4 3 
1 0 0 0 3 0 0 0 1 0 0 
0 0 0 0 0 0 0 0 1 0 0 
2 1 1 2 2 4 3 0 2 0 0 
1 1 2 1 4 4 4 2 1 2 3 
0 0 1 0 0 0 0 0 0 0 0 
4 3 3 3 2 1 2 0 3 3 3 
0 0 0 0 0 1 0 0 0 0 0 
1 0 0 1 1 0 0 0 3 0 0 
MFS
[ 0 , - , - , - , - , - , - , - , - , - , - ]
precise
0.0
recall
0.0
F-measure
0.0
multi
1
time
all 269 iden 0 gen 116
t-cover
1325
all-cover
1375
coveredNum
(1 : 607)  (2 : 453)  (3 : 204)  (4 : 48)  (5 : 13)  (6 : 8)  (7 : 8)  (8 : 7)  (9 : 17)  (10 : 6)  (11 : 3)  (12 : 1)  
real Identify

testCase Num: 63
regaular Num: 52
identify Num: 11
0 1 0 0 0 0 0 0 0 0 0 
2 1 0 0 0 4 0 3 4 0 0 
1 1 3 1 2 3 3 4 0 1 4 
1 3 4 1 1 2 1 1 0 0 0 
4 1 3 4 1 0 2 3 2 4 2 
1 4 0 3 0 4 2 0 0 1 0 
2 2 0 4 3 4 4 4 0 0 0 
3 1 2 3 3 0 4 0 1 3 2 
0 0 0 0 0 0 0 1 0 0 0 
1 0 3 2 1 4 4 0 3 2 4 
1 0 0 0 0 0 0 0 0 0 0 
1 1 2 2 1 1 0 0 2 3 0 
0 0 0 0 1 0 0 0 0 0 0 
1 2 4 3 1 3 4 4 4 0 3 
4 4 0 0 1 3 1 2 4 2 2 
2 4 3 1 4 4 0 4 3 3 2 
1 0 0 0 0 0 3 2 0 0 0 
0 0 0 0 0 0 1 0 0 0 0 
3 0 0 0 0 0 0 3 0 0 0 
3 3 3 0 0 2 3 4 1 0 2 
4 4 1 3 0 2 0 3 0 0 1 
1 3 0 4 0 1 1 0 2 2 4 
1 4 3 0 2 4 4 0 2 1 1 
4 2 3 1 0 1 3 0 4 1 0 
3 0 1 2 1 3 2 0 3 3 3 
1 0 0 3 4 0 0 0 0 0 0 
0 0 0 0 0 0 0 0 0 0 0 
0 0 0 0 0 0 0 0 0 0 1 
1 1 2 2 4 2 1 1 3 0 3 
4 3 0 1 2 1 4 3 1 2 3 
1 3 4 1 4 3 0 0 1 4 1 
1 0 0 4 0 3 0 0 0 0 0 
4 2 4 0 4 4 1 3 2 3 4 
1 0 0 3 2 0 0 0 2 0 0 
1 0 2 1 3 0 1 4 2 2 1 
4 3 2 2 3 3 3 3 3 1 0 
4 0 4 3 0 1 2 1 3 2 0 
0 0 0 0 0 0 0 0 0 1 0 
3 0 3 3 3 1 1 2 0 1 2 
3 4 4 4 4 0 0 2 4 1 3 
2 4 0 3 0 3 3 1 2 4 3 
1 0 0 0 0 0 0 0 3 4 0 
1 0 1 4 4 4 4 1 1 4 0 
2 3 2 0 3 4 2 2 0 4 3 
3 3 1 3 3 0 0 1 4 3 4 
3 2 0 2 4 1 2 4 4 4 1 
1 0 3 0 0 0 0 1 0 0 3 
1 0 0 0 2 0 0 0 0 3 0 
2 0 2 4 2 2 1 0 4 4 4 
2 2 4 2 2 0 0 1 3 2 2 
4 0 1 0 0 0 0 4 0 0 0 
0 0 0 1 0 0 0 0 0 0 0 
1 0 1 4 1 0 3 3 0 3 2 
3 2 1 1 2 2 2 2 2 2 0 
1 4 4 0 3 2 0 0 3 1 0 
2 1 1 0 1 1 1 1 1 1 1 
1 2 2 0 0 0 0 0 1 0 0 
3 1 4 2 4 4 3 0 0 2 1 
0 0 0 0 0 0 0 0 1 0 0 
1 1 0 4 0 2 4 2 3 3 1 
0 0 1 0 0 0 0 0 0 0 0 
0 0 0 0 0 1 0 0 0 0 0 
1 4 2 2 0 1 2 2 1 0 4 
MFS
[ 0 , - , - , - , - , - , - , - , - , - , - ]
precise
0.0
recall
0.0
F-measure
0.0
multi
1
time
all 248 iden 0 gen 101
t-cover
1325
all-cover
1375
coveredNum
(1 : 591)  (2 : 458)  (3 : 192)  (4 : 71)  (5 : 9)  (6 : 2)  (7 : 7)  (8 : 14)  (9 : 7)  (10 : 10)  (11 : 9)  (12 : 3)  (13 : 1)  (14 : 1)  
real Identify

testCase Num: 61
regaular Num: 50
identify Num: 11
0 1 0 0 0 0 0 0 0 0 0 
1 0 2 0 3 3 1 3 3 3 2 
3 1 4 0 2 4 3 0 1 4 1 
4 3 3 2 2 3 3 3 0 2 3 
3 3 1 4 3 0 3 0 4 1 2 
0 0 0 0 0 0 0 1 0 0 0 
3 0 3 0 4 0 2 0 3 0 0 
1 1 0 0 2 0 0 3 2 2 4 
4 0 0 4 1 2 4 3 1 1 3 
1 2 0 0 1 0 0 0 2 0 0 
4 0 3 2 3 1 2 1 4 4 2 
1 0 0 0 0 0 0 0 0 0 0 
0 0 0 0 1 0 0 0 0 0 0 
0 0 0 0 0 0 1 0 0 0 0 
1 1 0 0 3 0 1 4 2 0 3 
1 4 0 0 0 0 0 0 0 2 0 
1 4 0 0 4 0 0 4 0 1 2 
1 3 4 1 0 1 1 4 1 2 4 
3 4 1 0 0 1 3 2 4 0 3 
2 4 3 1 1 0 2 0 3 4 0 
2 2 3 4 3 3 0 1 1 0 4 
2 0 3 3 0 4 1 2 0 1 2 
0 0 0 0 0 0 0 0 0 0 0 
0 0 0 0 0 0 0 0 0 0 1 
1 3 1 3 0 2 0 0 0 4 0 
4 4 4 3 3 4 4 1 1 3 0 
1 0 1 2 2 4 2 4 3 1 4 
3 4 2 3 2 3 4 4 0 4 4 
2 0 0 1 1 4 4 0 4 0 4 
3 2 2 0 1 2 2 2 1 2 2 
0 0 0 0 0 0 0 0 0 1 0 
2 3 4 2 1 3 0 4 4 3 1 
1 4 0 4 4 3 1 2 2 4 1 
1 0 4 0 0 2 0 0 0 0 0 
1 2 4 3 1 0 3 1 3 3 3 
4 3 2 1 4 3 2 0 2 1 3 
2 0 2 4 2 1 3 4 3 2 0 
4 2 1 2 4 0 0 4 1 1 0 
1 2 3 1 3 1 4 2 0 3 1 
4 0 0 0 0 0 0 2 0 0 4 
1 0 1 3 0 3 2 3 0 3 1 
3 2 0 2 2 1 1 0 4 3 0 
2 1 3 0 4 2 3 4 2 3 4 
1 0 2 0 2 0 0 1 0 0 0 
2 1 4 4 0 3 2 2 0 1 0 
0 0 0 1 0 0 0 0 0 0 0 
3 0 4 3 4 1 0 3 2 0 2 
4 3 1 0 4 4 4 1 2 2 0 
2 2 2 1 0 4 0 3 4 4 3 
2 3 0 1 2 2 0 2 3 0 2 
0 0 0 0 0 0 0 0 1 0 0 
2 1 1 1 1 1 1 1 0 1 1 
0 0 1 0 0 0 0 0 0 0 0 
4 4 1 2 0 2 1 3 2 0 0 
3 0 0 1 0 2 3 1 0 3 1 
0 0 0 0 0 1 0 0 0 0 0 
1 0 0 4 0 4 0 0 0 3 0 
1 0 0 0 4 0 0 0 4 0 0 
4 1 2 2 0 0 4 2 3 0 1 
1 1 0 3 3 2 2 0 4 2 1 
1 1 0 0 0 0 4 0 0 0 2 
MFS
[ 0 , - , - , - , - , - , - , - , - , - , - ]
precise
0.0
recall
0.0
F-measure
0.0
multi
1
time
all 254 iden 0 gen 101
t-cover
1325
all-cover
1375
coveredNum
(1 : 607)  (2 : 449)  (3 : 204)  (4 : 51)  (5 : 12)  (6 : 7)  (7 : 15)  (8 : 11)  (9 : 10)  (10 : 5)  (11 : 4)  
real Identify

testCase Num: 58
regaular Num: 47
identify Num: 11
0 1 0 0 0 0 0 0 0 0 0 
2 0 3 3 4 2 2 2 0 0 1 
0 0 0 0 0 0 0 1 0 0 0 
1 0 0 0 0 0 0 0 0 0 0 
3 4 4 0 1 4 0 2 3 0 3 
0 0 0 0 1 0 0 0 0 0 0 
4 2 4 2 1 2 2 4 0 2 1 
1 1 0 2 4 3 2 3 3 2 4 
1 2 2 3 1 4 3 4 2 0 4 
4 1 2 0 3 3 3 3 1 1 3 
4 4 1 4 3 4 2 4 1 3 0 
0 0 0 0 0 0 1 0 0 0 0 
1 4 1 4 2 2 0 0 1 2 1 
2 2 4 0 2 4 1 3 0 1 4 
1 0 0 0 2 3 3 2 3 4 0 
0 0 0 0 0 0 0 0 0 0 0 
0 0 0 0 0 0 0 0 0 0 1 
3 4 0 1 0 1 4 3 4 0 0 
1 4 4 3 2 1 0 1 1 1 3 
2 0 2 4 0 3 1 0 3 3 3 
3 4 0 4 1 0 1 2 2 4 1 
4 2 3 2 0 1 0 2 1 4 4 
3 3 3 0 3 3 0 3 2 0 1 
3 1 4 4 0 0 0 1 2 3 4 
0 0 0 0 0 0 0 0 0 1 0 
1 0 3 3 3 0 1 3 4 3 4 
1 3 3 4 1 2 4 3 4 3 3 
1 3 2 4 4 0 4 3 1 2 2 
1 0 1 2 3 4 1 1 4 4 1 
4 1 4 3 4 3 4 4 0 4 0 
2 1 1 1 1 1 1 1 1 0 1 
1 3 0 4 0 1 2 1 0 0 4 
1 0 0 0 0 0 0 4 3 0 3 
2 3 0 2 3 1 2 0 0 4 3 
3 0 0 0 2 4 4 4 1 1 4 
3 1 3 0 0 4 2 0 4 2 2 
4 3 4 2 2 0 3 0 4 0 2 
4 2 0 3 3 2 3 1 3 2 2 
4 0 1 0 1 2 1 3 0 4 2 
3 0 2 0 4 1 3 1 0 3 1 
1 4 1 1 0 2 3 2 0 3 4 
3 1 2 2 2 2 2 2 2 1 0 
0 0 0 1 0 0 0 0 0 0 0 
1 4 3 2 1 0 0 0 0 0 4 
2 2 3 4 1 3 3 1 4 1 0 
0 0 0 0 0 0 0 0 1 0 0 
3 2 0 2 2 1 4 2 2 3 2 
1 0 0 0 0 0 4 1 0 0 0 
1 0 0 0 0 0 0 0 0 1 2 
0 0 1 0 0 0 0 0 0 0 0 
2 0 4 1 3 0 4 2 2 2 3 
0 0 0 0 0 1 0 0 0 0 0 
2 3 3 1 2 1 1 4 3 2 0 
1 0 0 0 4 0 1 0 0 0 0 
3 3 1 3 0 3 4 0 3 1 1 
2 4 2 1 4 3 0 4 4 4 2 
1 3 0 1 4 4 0 2 4 0 0 
4 2 1 1 4 0 2 0 2 1 3 
MFS
[ 0 , - , - , - , - , - , - , - , - , - , - ]
precise
0.0
recall
0.0
F-measure
0.0
multi
1
time
all 247 iden 0 gen 100
t-cover
1325
all-cover
1375
coveredNum
(1 : 600)  (2 : 472)  (3 : 211)  (4 : 47)  (5 : 20)  (6 : 12)  (7 : 8)  (8 : 3)  (9 : 2)  
real Identify

testCase Num: 64
regaular Num: 53
identify Num: 11
0 1 0 0 0 0 0 0 0 0 0 
1 4 1 4 3 4 4 2 4 1 3 
4 2 1 0 1 0 3 1 2 3 3 
0 0 0 0 0 0 0 1 0 0 0 
2 3 1 3 0 1 0 2 2 2 0 
1 0 1 0 2 2 0 4 3 4 1 
1 0 0 0 0 0 0 0 0 0 0 
3 2 2 2 2 2 2 2 2 0 2 
4 0 4 3 2 1 4 0 0 1 3 
1 0 0 3 0 0 0 0 4 0 0 
0 0 0 0 1 0 0 0 0 0 0 
4 0 1 1 1 3 1 2 1 1 4 
1 0 3 0 0 0 0 2 0 4 0 
1 2 0 0 4 3 4 1 3 2 1 
2 2 3 4 0 1 3 3 0 0 3 
1 1 4 2 1 0 3 4 2 1 4 
0 0 0 0 0 0 1 0 0 0 0 
3 4 1 0 4 1 3 3 0 0 2 
4 0 0 0 0 0 0 0 0 0 2 
1 2 3 2 1 4 0 1 3 1 0 
0 0 0 0 0 0 0 0 0 0 0 
2 2 0 3 3 1 2 0 3 4 4 
0 0 0 0 0 0 0 0 0 0 1 
1 3 0 2 0 1 0 4 4 3 3 
1 0 3 4 3 3 2 4 2 0 1 
1 2 0 0 0 4 1 4 1 4 2 
1 0 2 2 1 1 4 1 4 2 4 
3 3 2 0 3 0 0 3 4 2 2 
3 0 0 0 0 0 0 0 0 0 3 
1 4 4 3 0 2 1 1 3 0 3 
2 3 3 0 2 2 1 4 4 1 0 
1 3 0 0 0 0 0 0 1 0 0 
0 0 0 0 0 0 0 0 0 1 0 
1 3 0 3 4 0 4 0 2 0 0 
3 1 2 1 1 3 2 1 4 3 0 
2 1 1 1 1 1 1 1 1 0 1 
4 1 2 2 4 4 0 4 1 4 3 
3 3 0 4 2 0 1 2 3 3 4 
1 0 0 0 0 2 0 0 0 3 0 
1 0 1 2 0 0 0 0 0 0 0 
1 1 4 0 2 3 2 3 1 2 3 
2 1 4 0 4 0 2 2 0 1 4 
3 3 4 4 1 3 0 1 0 4 2 
1 1 0 0 0 0 0 0 3 0 0 
1 2 4 1 4 0 3 2 4 4 1 
1 4 0 2 2 0 2 1 1 0 2 
2 0 4 2 4 4 1 3 2 3 0 
3 0 0 1 2 4 3 0 3 1 2 
0 0 0 1 0 0 0 0 0 0 0 
2 4 2 2 3 3 1 0 0 3 1 
4 3 1 1 0 4 2 0 4 0 4 
0 0 0 0 0 0 0 0 1 0 0 
1 0 4 1 3 0 0 1 0 0 3 
0 0 1 0 0 0 0 0 0 0 0 
3 1 3 3 0 0 4 4 1 3 2 
2 4 0 1 1 2 4 3 2 4 0 
0 0 0 0 0 1 0 0 0 0 0 
4 3 2 3 0 3 3 3 3 1 1 
4 1 0 4 3 2 3 0 1 2 0 
2 0 0 0 0 0 0 0 0 0 2 
3 0 3 3 1 4 1 0 0 2 1 
1 0 0 0 0 0 0 3 0 0 4 
4 4 3 1 4 2 0 4 0 2 4 
1 0 2 4 4 0 0 0 0 0 0 
MFS
[ 0 , - , - , - , - , - , - , - , - , - , - ]
precise
0.0
recall
0.0
F-measure
0.0
multi
1
time
all 248 iden 0 gen 116
t-cover
1325
all-cover
1375
coveredNum
(1 : 579)  (2 : 471)  (3 : 204)  (4 : 47)  (5 : 16)  (6 : 6)  (7 : 4)  (8 : 7)  (9 : 4)  (10 : 15)  (11 : 11)  (12 : 6)  (13 : 5)  
real Identify

