testCase Num: 60
regaular Num: 49
identify Num: 11
3 1 0 0 3 1 1 2 3 4 0 
0 1 0 0 0 0 0 0 0 0 0 
3 1 4 1 0 2 0 3 2 0 1 
0 0 0 0 0 0 0 1 0 0 0 
1 3 1 2 3 2 0 2 1 3 1 
1 3 0 0 0 0 4 3 0 0 1 
4 2 2 2 0 0 1 1 0 4 4 
1 0 3 0 0 0 4 0 0 0 0 
1 0 0 0 0 0 0 0 0 0 0 
3 3 4 3 3 0 3 4 4 4 3 
3 2 1 3 1 0 4 1 2 3 0 
0 0 0 0 1 0 0 0 0 0 0 
4 2 3 3 0 1 2 3 3 3 1 
3 3 2 1 4 3 0 1 3 0 0 
2 1 1 1 1 0 1 1 1 1 1 
1 2 4 1 2 1 0 3 4 1 0 
4 4 3 1 3 0 2 2 2 0 2 
0 0 0 0 0 0 1 0 0 0 0 
1 1 3 0 2 2 2 1 4 2 4 
1 1 2 2 0 4 3 4 4 0 2 
2 4 4 2 1 4 2 0 3 2 0 
0 0 0 0 0 0 0 0 0 0 0 
0 0 0 0 0 0 0 0 0 0 1 
1 3 1 0 2 3 1 0 4 0 1 
3 0 3 2 3 3 2 3 0 1 3 
4 2 1 0 0 2 2 4 0 1 0 
3 4 0 1 0 3 4 4 1 2 1 
3 4 3 4 1 4 1 3 2 4 3 
2 2 0 4 1 3 3 2 2 0 4 
0 0 0 0 0 0 0 0 0 1 0 
1 0 0 0 0 1 0 0 1 0 0 
1 0 2 4 1 2 2 4 3 4 1 
1 0 0 0 0 0 0 0 3 0 3 
1 4 2 3 0 3 0 2 3 1 2 
3 0 2 2 2 1 1 2 2 2 2 
1 4 1 4 4 2 4 3 0 4 2 
4 0 0 1 4 4 3 1 4 3 1 
1 1 0 2 4 0 4 4 3 0 4 
3 3 1 4 0 1 3 0 3 1 4 
2 4 2 0 0 2 3 3 0 3 3 
1 3 0 1 2 3 2 0 1 4 2 
1 0 4 0 4 1 4 2 4 0 3 
2 4 4 4 3 1 0 1 4 1 2 
2 2 3 4 4 0 3 3 1 2 0 
1 0 0 0 4 0 2 0 0 0 0 
0 0 0 1 0 0 0 0 0 0 0 
1 0 0 0 3 0 0 0 0 2 4 
2 0 4 3 2 4 4 3 1 0 4 
1 0 1 1 2 1 3 1 0 0 3 
1 1 0 3 4 2 1 0 2 1 3 
0 0 0 0 0 0 0 0 1 0 0 
1 2 0 0 0 0 0 0 0 3 2 
4 2 2 0 3 4 4 0 1 1 3 
0 0 1 0 0 0 0 0 0 0 0 
0 0 0 0 0 1 0 0 0 0 0 
1 0 0 0 1 0 0 0 4 0 0 
4 1 4 4 2 3 1 4 0 3 0 
2 3 3 0 1 1 0 4 2 4 2 
1 4 3 1 2 0 0 0 3 3 4 
4 3 1 3 1 4 0 2 0 2 3 
MFS
[ 0 , - , - , - , - , - , - , - , - , - , - ]
precise
0.0
recall
0.0
F-measure
0.0
multi
1
time
all 273 iden 0 gen 114
t-cover
1325
all-cover
1375
coveredNum
(1 : 601)  (2 : 479)  (3 : 180)  (4 : 55)  (5 : 14)  (6 : 15)  (7 : 9)  (8 : 10)  (9 : 4)  (10 : 4)  (11 : 1)  (12 : 3)  
real Identify

testCase Num: 58
regaular Num: 47
identify Num: 11
0 1 0 0 0 0 0 0 0 0 0 
2 1 1 1 1 1 0 1 1 1 1 
1 0 3 3 0 1 1 1 3 2 2 
4 0 0 1 2 1 4 4 3 2 4 
1 4 3 1 3 4 4 2 2 1 0 
1 0 0 4 2 2 0 0 0 4 0 
0 0 0 0 0 0 0 1 0 0 0 
4 1 4 0 1 4 3 0 3 4 2 
3 3 1 3 3 1 2 1 3 0 0 
2 4 0 0 4 2 1 3 1 2 0 
2 3 2 2 4 4 0 1 3 0 2 
1 0 0 0 0 0 0 0 0 0 0 
0 0 0 0 1 0 0 0 0 0 0 
2 1 3 2 1 2 4 2 0 3 4 
4 2 2 3 3 2 0 3 3 3 3 
0 0 0 0 0 0 1 0 0 0 0 
1 0 4 0 3 1 2 2 2 2 2 
1 2 2 0 4 1 4 1 2 4 4 
0 0 0 0 0 0 0 0 0 0 0 
0 0 0 0 0 0 0 0 0 0 1 
1 1 0 0 4 0 0 1 4 0 2 
1 0 1 4 3 0 3 2 1 0 4 
4 0 4 4 4 0 2 2 3 1 1 
4 4 1 1 4 0 2 1 0 3 3 
4 3 0 2 3 0 4 0 4 2 1 
3 2 4 1 0 2 2 0 4 1 4 
3 4 0 0 1 3 2 0 3 3 1 
1 0 0 3 2 0 0 0 0 0 0 
1 0 4 0 0 0 4 0 0 0 0 
2 0 2 1 3 0 1 3 1 4 2 
0 0 0 0 0 0 0 0 0 1 0 
2 3 0 4 0 2 3 1 2 3 2 
1 0 0 0 0 4 3 0 4 2 3 
2 0 4 2 2 4 2 4 1 3 0 
4 2 0 2 0 4 0 2 4 4 0 
3 2 1 2 2 0 1 2 2 2 2 
3 0 0 3 1 3 3 2 1 1 3 
3 1 2 0 3 3 4 4 0 1 2 
4 2 1 4 0 3 4 0 1 0 3 
3 3 3 0 4 3 2 4 1 4 3 
1 3 4 2 2 3 1 1 0 1 3 
2 1 2 4 2 1 1 0 2 3 3 
3 4 3 4 2 4 0 4 0 2 2 
2 2 3 0 1 0 0 3 0 1 0 
3 4 2 2 0 1 3 3 0 4 1 
0 0 0 1 0 0 0 0 0 0 0 
1 1 2 4 1 3 2 3 4 2 0 
1 1 1 3 0 4 4 3 0 4 1 
1 0 3 1 4 1 3 0 4 0 0 
1 2 1 0 2 2 3 4 4 3 1 
4 1 3 3 1 0 1 4 2 0 1 
0 0 0 0 0 0 0 0 1 0 0 
2 3 4 1 2 3 0 3 2 0 4 
0 0 1 0 0 0 0 0 0 0 0 
0 0 0 0 0 1 0 0 0 0 0 
2 4 4 3 4 4 1 0 4 0 4 
1 0 0 0 0 2 0 4 0 0 0 
1 3 2 0 1 0 0 2 0 0 0 
MFS
[ 0 , - , - , - , - , - , - , - , - , - , - ]
precise
0.0
recall
0.0
F-measure
0.0
multi
1
time
all 220 iden 0 gen 79
t-cover
1325
all-cover
1375
coveredNum
(1 : 610)  (2 : 470)  (3 : 192)  (4 : 57)  (5 : 17)  (6 : 16)  (7 : 8)  (8 : 2)  (9 : 2)  (10 : 1)  
real Identify

testCase Num: 59
regaular Num: 48
identify Num: 11
2 0 3 1 3 2 0 0 3 2 0 
2 1 3 4 4 4 2 2 0 3 4 
0 1 0 0 0 0 0 0 0 0 0 
3 0 4 1 0 4 2 4 1 0 2 
1 0 0 0 0 3 0 2 0 0 3 
1 1 4 2 3 0 4 2 2 1 2 
0 0 0 0 0 0 0 1 0 0 0 
2 2 1 0 4 2 0 0 2 0 2 
1 3 3 0 2 1 1 1 4 3 0 
1 0 1 0 1 4 2 3 2 2 3 
3 1 4 2 0 2 3 0 4 3 1 
1 0 0 0 0 0 0 0 0 0 0 
1 1 1 3 2 1 0 3 3 3 1 
2 2 0 1 2 3 4 3 4 1 0 
4 1 1 2 4 1 1 3 3 2 0 
0 0 0 0 1 0 0 0 0 0 0 
4 2 2 0 3 0 2 4 3 1 1 
2 1 1 1 1 0 1 1 1 1 1 
1 0 1 0 0 0 0 4 4 2 0 
2 0 0 2 2 2 1 2 0 0 4 
0 0 0 0 0 0 1 0 0 0 0 
3 0 0 3 4 3 3 1 2 2 1 
1 3 0 1 3 1 2 4 0 4 4 
3 3 2 4 0 2 0 1 3 4 4 
1 2 2 3 1 4 0 0 1 4 4 
2 2 4 0 0 3 1 3 3 4 3 
3 4 2 4 3 3 1 3 0 2 2 
0 0 0 0 0 0 0 0 0 0 0 
4 0 0 1 0 0 3 0 0 4 0 
0 0 0 0 0 0 0 0 0 0 1 
1 4 3 0 0 0 3 3 0 1 4 
1 0 0 0 4 0 0 0 1 0 0 
2 1 2 3 0 1 3 4 4 0 3 
1 0 0 0 0 4 3 0 3 1 0 
4 4 4 3 4 0 0 2 4 1 0 
4 2 1 4 2 0 3 1 0 0 3 
4 3 3 3 3 2 3 3 1 0 2 
4 0 4 4 1 1 4 0 4 1 4 
1 4 2 1 4 2 4 4 2 3 3 
1 0 2 0 1 0 0 0 0 3 2 
2 3 3 1 4 4 4 2 0 4 1 
1 2 3 0 0 1 0 0 2 3 0 
0 0 0 0 0 0 0 0 0 1 0 
1 0 0 0 0 3 0 0 0 0 4 
1 0 0 3 1 2 2 0 0 1 0 
1 3 4 3 2 1 1 0 0 2 2 
4 1 0 0 3 3 2 0 1 3 3 
4 1 0 4 2 4 1 4 2 4 0 
3 3 1 0 0 0 4 2 2 2 4 
2 4 0 1 1 1 3 2 3 0 2 
0 0 0 1 0 0 0 0 0 0 0 
1 0 4 3 0 0 4 1 3 0 0 
3 3 3 2 1 3 0 4 0 1 3 
0 0 0 0 0 0 0 0 1 0 0 
0 0 1 0 0 0 0 0 0 0 0 
1 4 1 4 2 3 4 0 1 0 1 
0 0 0 0 0 1 0 0 0 0 0 
1 4 1 2 3 4 2 1 4 4 2 
3 2 2 2 2 1 2 2 1 2 0 
MFS
[ 0 , - , - , - , - , - , - , - , - , - , - ]
precise
0.0
recall
0.0
F-measure
0.0
multi
1
time
all 231 iden 0 gen 84
t-cover
1325
all-cover
1375
coveredNum
(1 : 618)  (2 : 468)  (3 : 170)  (4 : 61)  (5 : 19)  (6 : 13)  (7 : 10)  (8 : 9)  (9 : 4)  (10 : 2)  (11 : 1)  
real Identify

testCase Num: 62
regaular Num: 51
identify Num: 11
0 1 0 0 0 0 0 0 0 0 0 
1 0 0 0 0 0 0 4 0 0 0 
1 0 2 0 0 0 0 0 0 0 4 
1 3 0 1 0 0 0 0 0 0 0 
0 0 0 0 0 0 0 1 0 0 0 
2 1 3 0 2 2 0 2 4 2 3 
1 0 0 0 0 0 4 2 0 0 0 
1 4 3 2 1 2 1 0 0 2 2 
4 4 1 0 4 3 3 0 2 3 0 
1 0 0 0 0 0 0 0 0 0 0 
0 0 0 0 1 0 0 0 0 0 0 
1 0 0 0 0 0 1 4 0 0 0 
2 1 2 2 0 4 4 0 1 1 0 
4 1 0 3 0 0 3 0 0 2 0 
4 0 0 4 2 3 1 2 3 1 4 
0 0 0 0 0 0 1 0 0 0 0 
1 0 0 1 2 2 4 1 3 3 2 
4 3 3 4 0 1 4 1 2 4 2 
4 3 2 3 1 0 3 3 3 2 3 
3 2 1 1 0 2 3 0 4 4 4 
4 2 0 1 1 4 4 3 0 1 3 
1 0 4 0 0 0 0 1 0 0 0 
0 0 0 0 0 0 0 0 0 0 0 
4 2 4 2 4 1 0 0 3 3 1 
0 0 0 0 0 0 0 0 0 0 1 
1 0 2 1 4 3 0 2 1 4 2 
3 3 2 2 3 3 0 1 0 0 3 
3 0 1 0 4 4 4 1 3 2 1 
1 3 3 0 3 4 2 2 4 1 0 
4 3 1 3 4 2 2 4 1 0 0 
1 0 1 2 1 4 2 3 4 4 3 
1 4 0 1 4 1 2 1 2 2 3 
3 0 0 2 3 1 0 0 1 2 4 
0 0 0 0 0 0 0 0 0 1 0 
4 2 4 0 3 1 1 3 4 0 2 
2 0 0 3 3 4 3 4 2 3 2 
1 3 4 3 2 1 3 2 0 1 1 
2 1 1 1 1 1 1 1 1 0 1 
3 2 3 4 1 0 3 1 1 3 0 
1 0 0 0 0 3 0 0 4 0 0 
2 4 1 4 1 4 0 2 2 0 4 
3 4 4 0 2 4 1 3 1 4 0 
2 1 1 4 4 2 1 3 0 4 2 
1 4 2 4 3 2 4 4 4 1 1 
3 1 0 3 0 3 1 3 2 4 1 
3 2 1 2 2 0 2 2 2 1 2 
1 0 0 0 0 0 0 3 0 0 0 
1 1 3 1 4 3 2 3 0 3 4 
1 4 3 3 0 0 4 4 3 0 1 
1 0 1 0 3 0 0 0 0 0 0 
0 0 0 1 0 0 0 0 0 0 0 
2 1 4 1 3 0 2 4 3 4 0 
0 0 0 0 0 0 0 0 1 0 0 
2 3 2 0 2 0 1 0 4 3 3 
1 2 2 3 0 1 2 2 2 3 0 
1 3 0 3 4 0 0 1 4 1 4 
3 0 3 2 2 1 3 4 1 0 3 
0 0 1 0 0 0 0 0 0 0 0 
1 0 4 4 0 2 2 0 2 2 3 
1 0 0 0 0 0 2 0 0 0 1 
0 0 0 0 0 1 0 0 0 0 0 
2 2 4 0 1 3 4 4 0 2 4 
MFS
[ 0 , - , - , - , - , - , - , - , - , - , - ]
precise
0.0
recall
0.0
F-measure
0.0
multi
1
time
all 238 iden 0 gen 100
t-cover
1325
all-cover
1375
coveredNum
(1 : 613)  (2 : 456)  (3 : 202)  (4 : 42)  (5 : 6)  (6 : 2)  (7 : 11)  (8 : 7)  (9 : 8)  (10 : 8)  (11 : 15)  (12 : 2)  (13 : 2)  (14 : 1)  
real Identify

testCase Num: 59
regaular Num: 48
identify Num: 11
1 0 0 0 0 0 0 4 0 4 0 
0 1 0 0 0 0 0 0 0 0 0 
3 4 4 1 4 4 2 0 0 0 2 
2 4 0 3 3 4 3 2 4 4 3 
1 0 0 0 2 0 0 0 3 0 3 
1 1 0 2 4 4 4 1 3 1 0 
0 0 0 0 0 0 0 1 0 0 0 
2 0 0 1 2 1 4 4 4 2 4 
4 1 3 3 3 3 3 0 2 2 3 
1 0 0 0 0 0 0 0 0 0 0 
2 1 1 1 1 1 1 0 1 1 1 
4 4 4 3 0 1 2 2 2 1 4 
0 0 0 0 1 0 0 0 0 0 0 
3 3 2 0 1 0 1 4 2 0 3 
3 2 0 2 2 2 1 1 2 2 2 
2 2 2 2 0 1 3 3 0 1 3 
1 4 2 4 3 1 1 1 0 3 4 
0 0 0 0 0 0 1 0 0 0 0 
3 4 3 0 2 3 0 1 0 4 1 
3 2 0 4 2 0 3 0 3 1 4 
3 0 0 1 0 0 3 2 2 4 3 
2 0 3 0 1 3 4 2 3 1 2 
0 0 0 0 0 0 0 0 0 0 0 
3 0 0 0 4 0 0 0 4 0 0 
0 0 0 0 0 0 0 0 0 0 1 
4 2 0 2 4 3 0 2 1 0 4 
1 0 3 0 0 0 1 0 0 0 0 
4 4 1 2 3 0 4 3 3 0 1 
1 2 2 0 0 4 0 0 0 2 1 
4 4 2 0 3 1 0 4 3 2 0 
1 4 3 2 1 4 2 4 2 3 1 
3 0 3 4 4 1 4 3 2 4 0 
1 0 4 0 0 1 3 0 0 0 2 
2 3 1 4 0 4 0 2 2 2 1 
1 0 4 0 0 3 0 0 0 0 0 
1 1 4 0 2 4 2 3 1 2 4 
2 2 4 1 3 0 4 0 0 3 0 
0 0 0 0 0 0 0 0 0 1 0 
1 2 1 0 4 3 3 4 4 3 1 
4 3 2 1 2 3 2 2 3 3 0 
1 2 3 3 1 0 3 3 1 2 0 
4 1 1 4 0 3 2 0 4 4 2 
1 3 2 3 4 2 4 0 1 4 3 
3 0 1 0 3 2 2 1 1 3 3 
1 3 0 1 3 1 0 3 4 1 2 
4 0 4 3 0 4 1 1 3 4 1 
1 4 0 4 0 2 4 0 1 0 0 
2 2 4 2 1 0 2 1 4 4 0 
1 0 0 0 1 2 2 3 3 3 1 
3 1 2 3 0 0 0 4 1 3 2 
0 0 0 1 0 0 0 0 0 0 0 
2 0 2 2 4 3 1 3 4 2 0 
1 1 1 3 2 2 1 2 0 0 0 
2 3 3 1 0 2 3 1 4 0 4 
0 0 0 0 0 0 0 0 1 0 0 
0 0 1 0 0 0 0 0 0 0 0 
4 3 4 4 1 2 0 4 0 1 3 
0 0 0 0 0 1 0 0 0 0 0 
1 3 1 2 1 0 0 0 0 4 4 
MFS
[ 0 , - , - , - , - , - , - , - , - , - , - ]
precise
0.0
recall
0.0
F-measure
0.0
multi
1
time
all 247 iden 0 gen 84
t-cover
1325
all-cover
1375
coveredNum
(1 : 604)  (2 : 463)  (3 : 208)  (4 : 44)  (5 : 14)  (6 : 18)  (7 : 16)  (8 : 4)  (9 : 2)  (10 : 2)  
real Identify

testCase Num: 62
regaular Num: 51
identify Num: 11
0 1 0 0 0 0 0 0 0 0 0 
1 0 0 0 0 0 1 0 4 0 0 
1 0 3 1 3 0 3 2 0 1 4 
0 0 0 0 0 0 0 1 0 0 0 
4 0 3 3 4 3 2 4 2 1 0 
3 3 0 1 0 3 1 3 3 1 0 
1 0 0 2 0 1 0 0 0 0 0 
1 0 0 0 0 0 0 0 0 0 0 
0 0 0 0 1 0 0 0 0 0 0 
1 4 0 1 2 3 2 1 4 3 2 
1 3 1 2 1 3 2 1 0 2 1 
0 0 0 0 0 0 1 0 0 0 0 
3 2 0 2 1 2 2 2 2 1 2 
1 2 1 2 0 2 3 2 4 2 4 
1 2 1 4 2 3 4 4 1 0 3 
1 0 0 0 3 3 0 0 0 0 0 
1 0 4 3 1 1 0 4 3 3 4 
2 3 4 3 0 4 3 2 0 0 3 
1 0 1 1 1 2 0 1 2 2 3 
0 0 0 0 0 0 0 0 0 0 0 
4 1 2 3 2 3 3 2 3 2 0 
2 2 0 1 4 4 4 0 3 2 2 
0 0 0 0 0 0 0 0 0 0 1 
1 4 0 0 0 0 4 0 0 0 0 
2 1 3 0 1 2 2 0 4 1 3 
1 0 0 0 0 0 2 0 3 0 0 
2 0 2 2 4 2 1 4 0 3 3 
1 3 4 2 0 0 0 0 0 1 0 
4 0 0 2 2 4 2 4 1 4 1 
4 3 2 1 0 1 2 4 4 0 2 
1 4 1 0 4 1 1 0 3 2 0 
3 0 0 0 0 0 4 4 0 3 4 
2 0 4 4 3 0 0 3 4 2 3 
1 0 3 0 0 0 0 0 0 4 0 
4 1 2 4 3 1 2 0 0 4 4 
1 0 1 0 0 0 0 0 0 4 0 
1 4 4 3 4 0 2 3 4 4 1 
3 3 3 4 3 4 4 1 4 3 0 
0 0 0 0 0 0 0 0 0 1 0 
4 4 3 2 3 2 0 0 3 0 1 
3 2 3 0 0 3 1 2 1 3 1 
4 4 1 0 1 4 3 3 1 3 4 
2 3 4 1 2 3 0 0 2 4 4 
3 4 0 4 0 1 3 0 2 3 3 
4 1 4 4 1 0 1 1 3 4 3 
1 1 0 3 4 4 1 1 2 0 4 
1 4 0 4 2 2 3 4 0 0 1 
1 1 0 0 0 0 0 0 0 3 0 
1 0 0 3 3 2 1 0 1 0 0 
3 1 1 3 3 0 0 4 1 2 2 
4 2 2 0 3 0 4 3 2 1 1 
2 4 2 4 4 4 0 2 0 1 2 
0 0 0 1 0 0 0 0 0 0 0 
2 2 4 3 0 1 4 2 0 4 0 
2 1 1 1 0 1 1 1 1 1 1 
0 0 0 0 0 0 0 0 1 0 0 
0 0 1 0 0 0 0 0 0 0 0 
0 0 0 0 0 1 0 0 0 0 0 
3 0 3 0 2 1 1 3 0 2 2 
3 3 4 0 4 2 3 1 1 4 2 
3 1 2 2 1 2 4 3 1 0 0 
1 2 2 2 2 0 0 1 0 1 0 
MFS
[ 0 , - , - , - , - , - , - , - , - , - , - ]
precise
0.0
recall
0.0
F-measure
0.0
multi
1
time
all 254 iden 0 gen 116
t-cover
1325
all-cover
1375
coveredNum
(1 : 601)  (2 : 463)  (3 : 177)  (4 : 72)  (5 : 11)  (6 : 5)  (7 : 4)  (8 : 11)  (9 : 15)  (10 : 8)  (11 : 4)  (12 : 3)  (13 : 1)  
real Identify

testCase Num: 59
regaular Num: 48
identify Num: 11
1 0 0 3 0 0 0 0 0 4 0 
1 4 4 0 2 2 2 2 0 0 2 
3 0 1 1 0 4 3 0 2 0 1 
3 3 4 4 0 2 0 2 3 4 1 
0 1 0 0 0 0 0 0 0 0 0 
1 0 3 4 0 0 2 1 0 0 2 
1 4 3 1 1 0 4 2 0 4 3 
0 0 0 0 0 0 0 1 0 0 0 
4 3 2 3 2 2 3 3 0 3 3 
2 3 1 4 2 0 0 1 1 4 4 
1 0 0 4 4 0 0 0 0 1 4 
1 0 0 0 0 0 0 0 0 0 0 
3 3 3 3 3 2 1 4 4 2 2 
0 0 0 0 1 0 0 0 0 0 0 
2 1 4 3 0 0 4 1 2 2 4 
1 1 1 3 1 1 0 3 3 2 3 
2 2 3 3 0 4 1 0 1 3 3 
0 0 0 0 0 0 1 0 0 0 0 
1 2 3 0 2 2 4 0 3 3 1 
3 0 4 1 3 1 3 3 1 4 0 
4 3 4 0 1 4 2 0 4 1 3 
4 1 2 1 0 0 1 2 4 4 0 
2 3 0 1 2 4 2 4 3 2 0 
0 0 0 0 0 0 0 0 0 0 0 
0 0 0 0 0 0 0 0 0 0 1 
1 0 0 0 0 0 4 3 0 0 0 
2 1 2 1 4 2 3 0 2 1 2 
2 0 0 2 3 0 3 2 3 1 4 
1 2 0 0 4 4 1 3 0 0 2 
1 2 0 4 0 1 2 3 4 4 4 
1 2 4 0 4 3 1 4 2 4 3 
1 2 3 1 1 3 0 3 2 1 0 
1 1 2 4 3 4 0 1 4 3 2 
0 0 0 0 0 0 0 0 0 1 0 
4 4 1 2 0 3 0 4 3 1 2 
4 0 1 2 4 2 2 1 2 3 0 
1 0 0 4 1 3 3 4 0 2 3 
2 3 2 3 4 3 4 2 1 0 0 
3 4 0 4 1 0 1 4 0 3 0 
4 2 0 0 0 0 0 0 0 0 1 
2 4 3 2 4 0 3 3 4 0 1 
1 1 0 0 0 0 2 0 0 0 0 
3 2 2 2 1 0 2 2 1 2 2 
3 0 1 3 2 3 4 2 4 1 4 
2 0 2 0 4 1 1 4 3 2 1 
1 3 0 2 2 1 1 2 2 0 2 
0 0 0 1 0 0 0 0 0 0 0 
1 0 0 0 0 1 0 0 0 3 0 
1 4 0 3 3 3 2 1 1 1 1 
0 0 0 0 0 0 0 0 1 0 0 
4 4 3 4 3 1 4 0 2 2 4 
2 1 1 1 1 1 1 1 0 1 1 
0 0 1 0 0 0 0 0 0 0 0 
0 0 0 0 0 1 0 0 0 0 0 
3 2 1 0 3 0 3 1 3 0 3 
3 4 2 1 3 4 1 2 0 3 4 
3 1 3 2 4 4 4 0 0 4 2 
1 1 4 2 2 3 0 0 0 3 3 
4 1 0 0 1 2 4 4 1 0 4 
MFS
[ 0 , - , - , - , - , - , - , - , - , - , - ]
precise
0.0
recall
0.0
F-measure
0.0
multi
1
time
all 247 iden 0 gen 115
t-cover
1325
all-cover
1375
coveredNum
(1 : 610)  (2 : 463)  (3 : 193)  (4 : 55)  (5 : 15)  (6 : 13)  (7 : 16)  (8 : 6)  (9 : 1)  (10 : 1)  (11 : 1)  (12 : 1)  
real Identify

testCase Num: 60
regaular Num: 49
identify Num: 11
0 1 0 0 0 0 0 0 0 0 0 
3 3 2 3 4 0 0 3 3 4 1 
1 4 3 0 1 4 3 0 3 2 3 
4 1 1 1 0 1 0 1 2 4 4 
0 0 0 0 0 0 0 1 0 0 0 
1 4 4 2 0 0 4 1 3 2 3 
1 2 3 3 0 3 4 1 1 4 3 
2 2 0 2 1 3 0 4 3 1 0 
1 0 1 0 0 4 0 0 0 0 0 
1 0 0 0 0 0 0 0 0 0 0 
1 4 4 1 3 1 1 3 0 1 0 
1 0 0 3 0 0 0 0 4 0 0 
0 0 0 0 1 0 0 0 0 0 0 
2 1 1 1 1 0 1 1 1 1 1 
0 0 0 0 0 0 1 0 0 0 0 
1 1 3 0 4 3 0 0 3 3 2 
3 0 2 1 1 3 2 3 0 0 4 
1 2 3 4 0 0 1 2 2 0 2 
1 0 0 4 0 2 1 4 0 1 4 
2 0 4 3 2 4 0 2 1 2 4 
0 0 0 0 0 0 0 0 0 0 0 
0 0 0 0 0 0 0 0 0 0 1 
2 4 2 4 3 2 0 3 4 3 3 
1 4 0 0 2 0 0 0 0 0 0 
1 4 1 3 1 0 2 0 2 4 3 
1 0 0 3 3 0 1 1 3 0 0 
3 3 0 3 3 2 2 0 1 1 2 
1 3 0 2 1 0 0 0 4 0 0 
1 3 2 2 3 1 4 2 1 4 0 
1 0 0 0 4 0 4 0 1 2 0 
2 2 3 0 2 4 4 4 0 3 1 
3 0 4 2 3 1 1 4 1 3 4 
3 2 2 2 2 1 1 0 2 2 2 
0 0 0 0 0 0 0 0 0 1 0 
1 3 1 1 2 2 0 4 3 2 4 
2 1 1 0 4 2 4 2 4 0 0 
4 4 1 0 3 3 1 3 1 0 2 
4 2 4 4 2 3 2 0 4 2 1 
3 1 0 4 0 4 3 3 1 2 0 
2 3 4 4 1 2 4 0 0 4 2 
3 0 1 4 4 1 2 1 3 0 3 
1 2 1 2 4 2 3 1 0 3 2 
4 0 0 1 4 4 1 4 4 4 2 
3 2 3 1 3 0 4 0 4 3 4 
1 0 0 1 3 1 3 2 4 2 3 
1 0 0 0 0 0 3 0 0 0 1 
4 3 3 3 1 1 2 2 3 3 0 
0 0 0 1 0 0 0 0 0 0 0 
4 0 3 2 2 2 4 3 2 1 1 
2 4 0 0 0 1 2 4 2 3 1 
2 3 0 0 2 3 3 1 2 4 0 
1 2 0 0 0 0 0 3 0 2 0 
3 4 4 0 4 3 3 2 0 1 4 
0 0 0 0 0 0 0 0 1 0 0 
4 1 2 3 2 0 3 4 0 0 3 
0 0 1 0 0 0 0 0 0 0 0 
1 0 0 0 4 0 0 0 2 0 0 
0 0 0 0 0 1 0 0 0 0 0 
1 1 4 2 3 4 2 2 2 0 1 
1 3 2 0 0 4 1 1 4 1 3 
MFS
[ 0 , - , - , - , - , - , - , - , - , - , - ]
precise
0.0
recall
0.0
F-measure
0.0
multi
1
time
all 238 iden 0 gen 85
t-cover
1325
all-cover
1375
coveredNum
(1 : 626)  (2 : 431)  (3 : 205)  (4 : 49)  (5 : 21)  (6 : 11)  (7 : 9)  (8 : 9)  (9 : 6)  (10 : 3)  (11 : 4)  (12 : 1)  
real Identify

testCase Num: 58
regaular Num: 47
identify Num: 11
1 1 4 4 1 2 2 0 2 1 0 
4 3 3 3 1 2 0 3 3 1 2 
0 1 0 0 0 0 0 0 0 0 0 
1 3 0 0 0 0 0 4 0 4 0 
1 0 2 2 1 3 0 1 4 0 1 
1 2 0 1 3 4 0 4 0 1 2 
0 0 0 0 0 0 0 1 0 0 0 
1 4 3 0 0 1 1 0 0 0 0 
1 1 3 2 2 0 3 2 0 1 4 
3 3 0 1 3 3 0 0 2 3 1 
4 4 2 2 4 4 1 0 0 1 2 
2 3 0 4 4 2 3 2 0 2 3 
4 0 0 4 1 1 4 0 1 1 4 
1 0 2 4 3 0 0 0 0 0 0 
1 0 0 0 0 0 0 0 0 0 0 
3 2 2 2 1 1 2 2 2 2 0 
0 0 0 0 1 0 0 0 0 0 0 
3 2 3 0 4 3 4 1 1 3 2 
4 4 2 3 0 0 3 4 1 4 2 
0 0 0 0 0 0 1 0 0 0 0 
4 0 1 0 0 3 2 2 3 1 3 
1 0 4 1 4 0 3 3 2 2 2 
2 2 4 4 2 1 0 0 3 4 3 
3 2 0 4 0 0 1 3 4 1 4 
1 3 1 4 4 1 4 2 4 0 2 
4 4 0 1 2 4 2 1 2 0 4 
1 0 0 0 0 0 4 0 0 2 0 
1 2 4 3 1 4 4 2 1 0 3 
4 2 1 4 1 0 3 1 3 3 1 
0 0 0 0 0 0 0 0 0 0 0 
0 0 0 0 0 0 0 0 0 0 1 
2 1 0 3 2 1 2 4 0 3 2 
1 4 0 2 0 3 1 2 3 2 0 
1 3 2 3 2 2 1 1 1 2 0 
2 3 4 2 3 0 2 3 1 0 1 
2 2 3 1 4 2 2 0 4 4 0 
1 0 0 3 4 0 0 0 2 0 4 
3 1 4 3 2 3 3 1 0 0 4 
1 1 2 1 3 0 4 2 3 4 4 
4 3 4 0 0 4 0 0 1 2 4 
2 1 1 0 2 4 1 3 2 3 0 
4 1 3 0 3 1 3 4 4 2 0 
0 0 0 0 0 0 0 0 0 1 0 
3 4 1 3 3 2 0 2 0 2 1 
3 1 2 1 1 1 0 3 0 3 3 
2 4 2 0 1 3 4 3 0 4 0 
1 4 4 4 1 3 1 4 4 3 3 
1 0 0 0 2 2 4 0 0 0 1 
2 0 1 2 0 2 4 4 2 3 4 
1 0 0 0 0 0 0 2 0 3 0 
3 1 3 4 4 4 0 4 3 0 1 
0 0 0 1 0 0 0 0 0 0 0 
1 0 3 2 3 0 1 1 2 4 3 
2 1 1 1 0 1 1 1 1 1 1 
3 0 1 3 2 4 3 0 4 4 1 
0 0 0 0 0 0 0 0 1 0 0 
0 0 1 0 0 0 0 0 0 0 0 
0 0 0 0 0 1 0 0 0 0 0 
MFS
[ 0 , - , - , - , - , - , - , - , - , - , - ]
precise
0.0
recall
0.0
F-measure
0.0
multi
1
time
all 247 iden 0 gen 100
t-cover
1325
all-cover
1375
coveredNum
(1 : 617)  (2 : 459)  (3 : 202)  (4 : 50)  (5 : 17)  (6 : 14)  (7 : 8)  (8 : 4)  (9 : 3)  (10 : 1)  
real Identify

testCase Num: 60
regaular Num: 49
identify Num: 11
0 1 0 0 0 0 0 0 0 0 0 
2 4 0 3 2 3 3 4 1 2 3 
1 0 2 0 0 0 0 0 0 0 4 
0 0 0 0 0 0 0 1 0 0 0 
2 1 4 4 0 0 1 3 4 2 4 
1 0 0 1 1 4 0 0 0 0 0 
4 1 1 1 1 2 1 0 0 2 0 
1 0 0 0 0 0 0 0 0 0 0 
1 3 1 2 4 4 1 0 1 0 3 
0 0 0 0 1 0 0 0 0 0 0 
1 0 2 1 4 0 2 1 2 3 3 
0 0 0 0 0 0 1 0 0 0 0 
2 1 0 0 2 3 4 0 3 1 4 
4 2 1 3 0 2 2 0 4 3 1 
2 2 3 0 0 4 1 4 1 4 2 
2 0 1 1 1 1 1 1 1 1 1 
3 3 3 4 0 1 3 0 4 1 2 
4 3 0 0 3 2 1 1 2 2 2 
1 0 0 0 3 0 0 0 4 4 0 
0 0 0 0 0 0 0 0 0 0 0 
0 0 0 0 0 0 0 0 0 0 1 
2 2 4 2 4 1 0 2 2 1 0 
1 0 3 0 3 3 4 4 2 3 2 
1 4 0 2 0 0 4 0 0 0 2 
1 4 3 3 1 0 3 1 2 0 4 
1 4 2 0 3 4 1 0 3 1 3 
1 4 1 0 4 3 3 2 4 3 1 
1 2 1 4 3 2 3 3 0 4 3 
1 0 0 2 0 1 3 2 3 4 0 
1 3 2 2 2 0 0 1 4 1 1 
1 0 1 0 4 1 0 4 1 3 4 
4 2 3 2 1 3 0 3 3 2 3 
0 0 0 0 0 0 0 0 0 1 0 
3 2 1 1 3 0 4 4 3 0 1 
2 3 4 2 3 4 2 4 0 3 4 
2 4 4 1 0 2 4 0 2 4 3 
2 2 2 4 0 3 1 1 3 3 0 
4 0 0 4 4 4 4 3 2 2 1 
3 1 3 3 4 4 0 1 0 4 1 
4 0 4 4 2 1 4 1 4 0 1 
2 0 0 3 0 4 1 2 0 0 3 
3 1 2 2 2 2 1 2 2 0 2 
4 0 2 1 2 4 3 3 4 3 0 
1 0 1 0 0 0 0 0 2 0 0 
1 3 2 1 1 3 4 2 0 4 2 
4 2 0 4 2 0 2 2 1 4 4 
3 1 0 0 1 1 2 4 4 3 3 
1 0 4 3 4 2 2 3 3 1 2 
3 0 3 1 3 2 0 2 1 2 4 
0 0 0 1 0 0 0 0 0 0 0 
4 4 1 4 2 1 0 4 0 1 2 
1 1 2 3 3 1 4 4 1 2 0 
0 0 0 0 0 0 0 0 1 0 0 
0 0 1 0 0 0 0 0 0 0 0 
0 0 0 0 0 1 0 0 0 0 0 
1 0 0 0 0 2 0 4 0 0 0 
3 4 4 0 1 3 2 3 1 0 0 
1 1 4 0 0 0 3 0 0 0 0 
1 3 3 3 2 1 2 3 3 2 0 
1 0 0 4 1 0 0 0 0 0 0 
MFS
[ 0 , - , - , - , - , - , - , - , - , - , - ]
precise
0.0
recall
0.0
F-measure
0.0
multi
1
time
all 254 iden 16 gen 101
t-cover
1325
all-cover
1375
coveredNum
(1 : 600)  (2 : 461)  (3 : 203)  (4 : 49)  (5 : 14)  (6 : 21)  (7 : 11)  (8 : 7)  (9 : 3)  (10 : 5)  (12 : 1)  
real Identify

