testCase Num: 105
regaular Num: 52
identify Num: 53
2 0 4 1 2 4 4 3 4 3 4 
0 0 0 0 4 0 0 0 1 1 4 
1 3 1 1 0 0 0 0 0 2 0 
1 4 0 1 3 2 3 3 1 0 3 
2 4 2 0 2 0 1 4 0 1 2 
1 1 0 0 0 1 1 1 1 1 4 
1 0 2 1 1 0 0 3 2 0 4 
1 1 0 4 0 4 4 0 3 0 0 
1 1 1 1 1 1 1 1 1 1 0 
3 1 3 3 3 0 3 2 3 3 2 
1 0 0 3 2 1 1 3 1 4 1 
0 1 1 1 0 1 0 0 1 1 4 
1 1 2 4 0 3 3 0 4 1 2 
1 0 1 1 0 1 0 0 1 1 4 
4 1 1 1 0 0 3 0 0 0 0 
0 1 1 3 0 3 4 2 2 0 4 
1 2 3 0 0 2 4 2 0 2 0 
4 1 4 3 2 2 2 4 3 0 0 
1 1 1 3 0 3 4 2 2 0 4 
1 0 0 0 2 0 2 2 3 0 0 
2 0 0 0 2 3 0 0 0 0 0 
1 1 1 1 0 0 0 0 0 0 0 
2 1 2 2 2 2 2 0 2 2 1 
1 1 0 0 0 1 1 1 2 2 4 
0 1 1 1 0 1 1 1 1 1 4 
0 2 3 4 1 2 1 4 3 2 4 
1 2 4 0 1 0 3 0 1 4 1 
0 0 0 2 0 0 0 4 0 0 0 
4 4 4 2 0 1 0 1 3 2 3 
3 1 1 1 1 0 0 0 0 0 0 
2 1 3 2 0 4 1 2 1 1 3 
1 0 1 1 0 0 0 0 1 1 4 
1 1 0 0 0 1 1 1 2 2 0 
1 3 3 2 4 0 4 0 4 4 2 
0 0 0 0 0 2 0 0 4 3 3 
1 1 0 2 0 0 0 4 0 0 0 
0 1 3 1 3 3 0 3 0 1 0 
1 1 0 0 0 1 1 1 2 1 4 
1 0 1 1 0 1 1 1 2 2 0 
0 2 4 0 1 0 3 0 1 4 1 
1 1 0 0 0 0 0 0 1 1 4 
1 0 1 1 0 1 1 1 2 2 4 
4 0 4 3 2 2 2 4 3 0 0 
1 0 2 4 0 3 3 0 4 1 2 
3 2 0 4 3 1 1 0 2 3 4 
2 0 1 4 4 0 3 1 3 2 0 
1 1 0 3 2 1 1 3 1 4 1 
1 4 4 4 4 1 1 2 4 0 1 
0 0 1 2 0 4 0 3 3 2 0 
3 0 4 1 3 3 4 4 1 2 1 
4 1 1 0 3 4 0 4 4 3 1 
0 2 3 2 2 1 3 1 0 0 1 
3 2 1 1 4 4 2 0 0 0 2 
1 0 1 1 0 1 1 1 1 1 4 
1 1 1 2 0 4 0 3 3 2 0 
1 1 0 0 0 1 1 0 1 1 4 
4 3 0 1 1 3 1 2 3 4 1 
2 1 4 3 0 1 0 0 0 4 2 
4 3 2 3 4 2 0 0 2 3 2 
3 3 2 2 0 0 0 2 1 1 1 
1 1 1 0 4 0 0 0 1 1 4 
0 0 0 4 0 4 4 0 3 0 0 
0 1 1 1 0 1 1 0 1 1 4 
0 4 4 4 4 1 1 2 4 0 1 
4 0 0 0 0 0 3 0 0 0 0 
2 3 0 2 3 2 4 1 2 0 0 
1 4 1 0 1 1 4 4 0 3 0 
1 3 2 1 0 1 2 3 1 3 2 
3 4 2 0 3 4 2 1 4 4 0 
0 3 0 0 0 0 0 0 0 2 0 
2 1 1 4 4 0 3 1 3 2 0 
1 0 1 1 0 1 1 0 1 1 4 
1 3 4 0 0 4 3 4 2 4 4 
1 0 1 1 4 0 0 0 1 1 4 
0 1 1 1 4 0 0 0 1 1 4 
3 0 0 0 1 0 0 0 0 0 0 
1 4 4 3 1 2 0 0 2 1 3 
3 3 1 4 2 2 0 3 0 4 3 
1 0 1 1 0 1 1 1 2 1 4 
4 1 0 4 4 0 2 4 1 1 3 
2 0 3 2 0 4 1 2 1 1 3 
1 1 0 0 4 0 0 0 1 1 4 
0 0 0 0 0 0 0 0 0 0 0 
2 1 1 1 2 3 0 0 0 0 0 
1 1 1 1 4 0 0 0 1 1 4 
0 0 1 1 4 0 0 0 1 1 4 
4 4 3 2 1 3 2 1 0 3 4 
1 2 3 2 2 1 3 1 0 0 1 
0 1 1 1 0 1 1 1 2 2 4 
1 1 1 1 2 0 2 2 3 0 0 
2 2 0 3 1 4 0 1 4 2 2 
1 1 1 1 0 2 0 0 4 3 3 
0 3 2 1 0 1 2 3 1 3 2 
1 1 2 1 1 0 0 3 2 0 4 
1 0 0 0 4 0 0 0 1 1 4 
0 1 1 1 0 1 1 1 2 2 0 
0 4 4 3 1 2 0 0 2 1 3 
0 1 1 1 0 0 0 0 1 1 4 
0 1 1 1 0 1 1 1 2 1 4 
1 1 3 0 0 0 0 0 2 0 0 
1 1 0 0 0 1 0 0 1 1 4 
4 2 2 0 4 3 4 3 3 1 3 
0 0 3 0 0 0 0 0 2 0 0 
1 1 0 1 4 0 0 0 1 1 4 
1 1 3 1 3 3 0 3 0 1 0 
MFS
[ 0 , - , - , - , - , - , - , - , - , - , - ]
[ - , - , 0 , 0 , - , - , - , - , - , - , - ]
[ - , 0 , - , - , - , - , - , - , - , - , - ]
precise
0.3333333333333333
recall
0.05
F-measure
0.08695652173913045
multi
21
time
all 138 iden 0 gen 138
t-cover
1303
all-cover
1375
coveredNum
(1 : 322)  (2 : 339)  (3 : 232)  (4 : 158)  (5 : 79)  (6 : 37)  (7 : 22)  (8 : 17)  (9 : 10)  (10 : 17)  (11 : 19)  (12 : 16)  (13 : 14)  (14 : 18)  (15 : 7)  (16 : 14)  (17 : 7)  (18 : 9)  (19 : 4)  (20 : 10)  (21 : 8)  (22 : 6)  (24 : 3)  (25 : 2)  (26 : 2)  (27 : 2)  (31 : 1)  
real Identify
([ - , - , 0 , 0 , - , - , - , - , - , - , - ] : 1)  
testCase Num: 136
regaular Num: 51
identify Num: 85
0 0 0 3 0 0 3 0 0 0 0 
2 3 4 3 0 1 0 3 4 1 3 
3 1 1 3 4 4 0 2 0 3 3 
1 0 2 0 4 4 4 3 2 4 0 
1 4 1 1 0 1 3 0 4 1 3 
3 2 0 0 4 2 3 1 0 1 2 
3 0 2 3 4 2 0 0 4 0 1 
3 0 2 2 3 1 4 4 4 0 1 
3 0 2 3 3 1 4 4 4 0 1 
1 1 1 1 0 0 0 0 1 1 1 
2 1 0 0 3 2 3 1 0 1 2 
1 1 2 2 1 3 0 3 2 4 2 
3 0 2 3 4 2 0 0 0 0 1 
3 0 3 4 3 4 1 3 4 2 4 
2 0 0 2 0 4 0 0 0 0 0 
1 1 1 1 0 2 0 0 1 3 1 
0 4 0 2 0 0 3 4 1 3 0 
1 1 4 1 3 0 4 1 3 2 1 
2 2 2 0 4 0 1 0 3 3 4 
0 4 1 1 0 1 3 0 4 0 3 
3 1 1 2 3 1 4 4 4 0 1 
2 2 1 1 0 2 2 2 2 2 2 
0 0 4 0 0 0 0 0 2 0 0 
3 3 3 0 2 0 4 0 2 1 2 
1 0 0 3 0 0 3 0 0 0 0 
1 0 1 4 1 1 3 0 0 0 0 
0 0 0 0 0 2 0 0 0 3 0 
2 1 0 2 0 4 0 0 0 0 1 
0 1 1 1 1 3 1 0 0 3 1 
3 0 2 3 4 2 0 0 0 1 2 
3 0 2 3 4 2 0 0 0 1 1 
1 1 1 0 1 1 1 1 1 1 1 
1 1 0 3 0 0 3 0 0 1 1 
3 2 0 0 4 3 3 1 0 1 2 
1 4 4 1 2 4 0 1 3 1 2 
1 1 0 3 2 2 1 4 1 4 2 
4 3 1 4 0 0 0 0 0 4 4 
0 1 1 4 1 0 3 0 0 0 1 
1 3 4 4 3 3 3 2 0 2 1 
2 4 1 4 2 0 3 3 1 4 0 
3 0 4 0 1 1 1 2 1 4 3 
1 3 0 3 3 0 1 2 2 1 4 
3 0 2 3 4 2 4 4 4 0 1 
2 4 3 1 1 0 3 4 0 1 4 
4 2 2 0 3 1 4 4 0 2 0 
0 1 1 1 1 3 1 1 1 3 1 
2 1 1 2 3 1 4 4 4 0 1 
3 2 4 2 0 0 0 3 3 0 1 
0 1 1 1 1 2 0 0 0 3 1 
1 1 0 3 0 0 3 0 0 0 0 
1 1 0 3 0 0 3 0 0 0 1 
0 3 4 1 4 4 2 4 1 3 0 
1 0 1 4 1 1 4 0 0 0 0 
0 1 2 2 1 3 0 3 2 4 2 
3 1 0 0 3 2 3 1 0 1 2 
0 4 0 2 0 0 3 0 2 3 0 
1 1 0 4 4 1 3 1 2 3 2 
0 1 1 1 1 3 0 0 0 3 1 
0 0 0 3 2 2 1 4 0 4 2 
4 1 4 4 1 2 4 0 1 0 4 
1 1 1 1 0 0 0 4 3 0 1 
0 0 0 0 4 0 0 0 0 2 0 
0 1 1 4 1 1 3 0 0 0 1 
1 0 1 3 0 0 3 0 0 0 0 
1 1 2 0 4 4 4 3 2 4 1 
3 4 2 1 0 4 1 0 2 4 1 
1 2 3 3 3 0 2 0 3 4 3 
1 1 3 2 2 1 2 2 1 2 0 
0 1 4 1 3 0 4 1 3 2 1 
3 1 0 1 1 3 2 3 0 3 1 
1 0 1 4 1 0 3 0 0 0 0 
4 3 2 3 1 0 2 1 4 4 0 
0 4 0 2 4 4 2 4 1 3 0 
1 1 4 0 0 0 0 0 2 1 1 
0 3 0 3 3 0 1 2 2 0 4 
1 0 1 4 1 1 4 1 1 0 0 
0 1 1 4 1 1 4 1 0 0 1 
0 4 0 2 0 0 3 0 2 4 1 
0 4 0 2 0 0 3 0 2 4 0 
3 2 0 1 3 2 3 1 0 1 2 
3 2 0 0 4 3 4 2 1 1 2 
1 4 1 1 3 3 0 0 1 3 0 
1 3 4 1 4 4 2 4 1 3 0 
0 1 1 1 1 3 1 1 0 3 1 
0 4 4 1 4 4 2 4 1 3 0 
0 4 0 2 0 0 2 4 1 3 0 
3 1 0 3 3 2 0 4 1 2 0 
0 1 1 1 0 2 0 0 0 3 1 
1 0 1 4 1 1 4 1 1 1 0 
1 0 1 4 1 1 4 1 1 1 1 
4 0 1 2 4 3 1 2 3 1 0 
0 1 1 4 1 1 4 1 1 1 1 
1 1 1 1 4 0 0 0 1 2 1 
0 4 0 2 0 0 3 0 1 3 0 
0 1 0 0 0 0 0 0 4 0 0 
3 2 0 0 4 3 4 1 0 1 2 
1 0 1 4 0 0 3 0 0 0 0 
1 4 3 0 4 2 2 3 4 0 1 
2 0 1 2 3 1 4 4 4 0 1 
0 1 1 3 0 0 3 0 0 0 1 
0 1 1 1 1 3 1 1 0 4 1 
0 0 0 0 0 0 0 0 0 0 0 
3 0 2 3 4 2 0 4 4 0 1 
0 4 0 1 4 4 2 4 1 3 0 
1 0 1 4 1 1 4 1 0 0 0 
1 0 0 4 4 1 3 1 2 3 2 
2 1 1 1 3 2 3 1 0 1 2 
0 1 1 4 1 1 4 1 1 0 1 
4 1 1 2 4 3 1 2 3 1 1 
4 1 3 4 0 3 4 4 2 0 3 
3 2 0 0 3 2 3 1 0 1 2 
3 0 1 2 3 1 4 4 4 0 1 
3 1 4 0 1 1 1 2 1 4 3 
3 3 2 2 2 2 3 1 3 0 3 
3 2 0 0 4 3 4 2 0 1 2 
2 4 0 2 1 3 2 0 3 2 3 
1 1 1 1 0 0 0 0 4 1 0 
1 1 1 1 0 2 0 0 0 3 1 
1 1 2 0 0 0 0 0 1 1 2 
0 4 0 0 3 3 0 0 0 3 0 
4 4 0 3 2 3 4 2 4 3 1 
0 1 3 2 2 1 2 2 0 2 0 
3 0 0 1 1 3 2 3 0 3 0 
1 0 0 0 0 0 0 4 3 0 0 
0 1 1 4 1 1 4 0 0 0 1 
4 2 0 1 1 4 3 3 4 0 2 
0 4 0 2 0 4 2 4 1 3 0 
3 0 2 3 4 1 4 4 4 0 1 
3 2 0 0 4 3 4 2 1 2 2 
3 2 0 0 4 3 4 2 1 2 3 
1 2 3 2 0 3 0 1 1 3 4 
0 1 0 3 0 0 3 0 0 0 1 
0 1 1 4 0 0 3 0 0 0 1 
0 2 2 4 2 1 2 2 3 1 4 
3 2 1 0 3 2 3 1 0 1 2 
0 0 2 0 0 0 0 0 1 0 2 
MFS
[ 0 , - , - , - , - , - , - , - , - , - , - ]
[ - , - , 0 , 0 , - , - , - , - , - , - , - ]
[ - , 0 , - , - , - , - , - , - , - , - , 0 ]
[ 0 , - , - , - , - , - , - , - , 0 , - , - ]
[ 0 , - , - , - , - , - , - , - , - , 0 , - ]
[ - , 0 , - , - , - , - , - , - , - , - , - ]
precise
0.6666666666666666
recall
0.2
F-measure
0.30769230769230765
multi
16
time
all 136 iden 1 gen 134
t-cover
1311
all-cover
1375
coveredNum
(1 : 248)  (2 : 240)  (3 : 196)  (4 : 134)  (5 : 77)  (6 : 61)  (7 : 66)  (8 : 63)  (9 : 46)  (10 : 40)  (11 : 38)  (12 : 39)  (13 : 24)  (14 : 16)  (15 : 12)  (16 : 11)  (17 : 14)  (18 : 13)  (19 : 6)  (20 : 10)  (21 : 2)  (23 : 7)  (24 : 3)  (25 : 2)  (27 : 2)  (28 : 1)  (30 : 1)  (31 : 1)  (32 : 1)  (33 : 1)  
real Identify
([ - , - , 0 , 0 , - , - , - , - , - , - , - ] : 1)  ([ - , 0 , - , - , - , - , - , - , - , - , 0 ] : 1)  ([ 0 , - , - , - , - , - , - , - , 0 , - , - ] : 1)  ([ 0 , - , - , - , - , - , - , - , - , 0 , - ] : 1)  
testCase Num: 102
regaular Num: 50
identify Num: 52
0 2 4 3 0 0 0 2 0 0 2 
4 1 0 2 1 4 4 2 3 2 0 
0 0 0 0 0 2 0 0 0 4 0 
0 3 0 4 1 1 1 3 0 0 2 
1 1 0 1 4 4 3 0 1 4 0 
1 2 0 4 3 1 3 1 4 1 4 
4 1 1 0 4 0 0 4 4 3 1 
1 4 0 3 4 0 2 3 2 2 1 
3 3 4 0 2 1 2 1 0 3 3 
1 1 0 0 1 2 0 0 0 4 0 
1 1 0 0 1 3 1 1 1 0 0 
1 0 1 1 1 2 0 0 0 4 0 
2 3 1 1 4 3 0 0 4 2 2 
2 0 0 4 1 0 3 0 0 0 0 
1 1 0 0 1 3 1 1 1 0 1 
4 4 3 0 3 3 3 2 0 4 1 
2 1 0 2 2 2 2 2 2 1 2 
1 1 4 0 1 0 4 4 4 1 3 
0 0 4 1 0 3 0 3 0 4 1 
1 1 0 0 1 3 0 0 0 4 0 
1 2 4 3 0 0 0 2 0 0 2 
1 1 1 1 0 4 0 3 0 0 0 
1 1 1 1 0 0 0 0 0 0 0 
0 1 0 1 4 4 3 0 1 4 0 
0 3 0 4 0 0 0 2 0 0 2 
1 0 1 1 1 3 1 1 1 0 0 
1 0 1 1 1 3 1 1 1 0 1 
2 2 1 0 3 4 2 4 3 0 3 
0 1 0 3 0 3 1 2 3 3 3 
0 0 0 0 3 0 1 0 0 0 0 
4 0 0 2 1 4 4 2 3 2 0 
3 2 2 2 3 0 3 3 1 2 3 
2 1 0 4 1 0 3 0 0 0 0 
0 3 2 0 0 2 2 2 1 0 2 
3 2 3 4 4 3 0 2 1 3 3 
1 3 2 0 0 2 2 2 1 0 2 
0 0 3 2 2 1 0 4 4 2 1 
1 0 4 0 1 0 4 4 4 1 3 
1 1 0 0 1 3 1 1 0 4 0 
1 1 0 1 0 2 0 0 0 4 0 
2 2 1 4 2 2 4 3 0 0 1 
2 4 4 2 0 0 1 4 1 3 2 
3 1 1 1 0 1 4 2 2 4 3 
1 1 2 3 0 1 0 0 0 4 4 
3 3 0 2 1 4 1 4 0 4 2 
0 4 2 4 1 3 4 4 2 3 4 
4 0 2 1 2 3 1 0 0 1 4 
1 1 3 0 0 0 0 0 0 0 0 
1 0 2 2 4 3 2 1 4 0 0 
1 1 3 2 2 1 0 4 4 2 1 
1 0 1 1 1 3 1 0 0 4 0 
0 2 0 4 3 1 3 1 4 1 4 
1 0 0 0 0 2 0 0 0 4 0 
1 0 1 1 0 2 0 0 0 4 0 
1 3 1 2 3 0 4 0 1 1 1 
4 1 4 1 3 4 0 0 2 3 0 
3 1 3 0 0 2 1 1 2 0 4 
2 4 4 1 2 0 3 4 3 0 0 
1 1 0 0 1 3 1 1 1 4 0 
1 1 1 0 0 2 0 0 0 4 0 
4 2 3 1 1 2 2 0 2 0 3 
1 2 4 4 0 4 1 2 4 4 0 
0 1 4 0 4 2 1 3 0 2 4 
0 0 0 0 0 4 0 3 0 0 0 
2 3 2 0 0 1 3 3 2 3 2 
3 4 1 3 1 2 0 3 4 0 0 
1 1 1 1 3 0 1 0 0 0 0 
0 3 1 2 3 0 4 0 1 1 1 
1 0 1 3 3 2 3 4 3 3 2 
0 3 0 4 1 1 1 2 0 0 2 
1 1 4 1 0 3 0 3 0 4 1 
2 1 3 3 2 4 0 1 1 4 4 
1 0 1 1 1 3 1 1 1 4 0 
2 0 3 3 2 4 0 1 1 4 4 
0 4 0 0 0 1 0 1 3 0 3 
0 0 0 0 0 0 0 0 0 0 0 
4 3 3 3 4 1 4 3 3 1 0 
1 0 3 0 0 0 0 0 0 0 0 
0 3 0 4 1 0 0 2 0 0 2 
0 3 0 4 1 1 1 3 1 0 2 
1 1 2 2 4 3 2 1 4 0 0 
1 1 0 0 0 2 0 0 0 4 0 
0 3 0 4 1 1 0 2 0 0 2 
4 1 3 4 0 0 4 1 1 2 2 
1 1 4 0 4 2 1 3 0 2 4 
0 3 0 4 1 1 1 3 1 1 3 
1 1 0 2 0 0 0 2 0 0 4 
1 3 1 4 2 0 2 0 3 4 4 
0 3 0 4 1 1 1 3 1 1 2 
1 1 0 0 1 3 1 0 0 4 0 
0 3 0 3 0 0 0 2 0 0 2 
1 1 1 1 0 2 0 0 0 4 0 
1 0 1 1 1 3 1 1 0 4 0 
1 1 0 3 0 3 1 2 3 3 3 
3 0 1 1 0 1 4 2 2 4 3 
1 1 1 1 1 1 1 1 1 0 1 
0 0 0 2 0 0 0 2 0 0 4 
4 1 2 1 2 3 1 0 0 1 4 
1 4 1 1 0 1 0 1 3 0 3 
1 0 1 1 1 3 0 0 0 4 0 
3 4 2 2 0 4 0 0 3 1 1 
0 3 4 3 0 0 0 2 0 0 2 
MFS
[ 0 , - , - , - , - , - , - , - , - , - , - ]
[ - , - , 0 , 0 , - , - , - , - , - , - , - ]
[ - , 0 , - , - , - , - , - , - , - , - , - ]
precise
0.3333333333333333
recall
0.05
F-measure
0.08695652173913045
multi
20
time
all 136 iden 0 gen 135
t-cover
1296
all-cover
1375
coveredNum
(1 : 324)  (2 : 332)  (3 : 227)  (4 : 148)  (5 : 72)  (6 : 51)  (7 : 28)  (8 : 24)  (9 : 23)  (10 : 26)  (11 : 23)  (12 : 15)  (13 : 14)  (14 : 9)  (15 : 12)  (16 : 10)  (17 : 10)  (18 : 5)  (19 : 5)  (20 : 5)  (21 : 1)  (22 : 2)  (23 : 1)  (24 : 3)  (25 : 2)  (26 : 1)  (27 : 1)  (29 : 1)  
real Identify
([ - , - , 0 , 0 , - , - , - , - , - , - , - ] : 1)  
testCase Num: 103
regaular Num: 51
identify Num: 52
1 1 0 0 1 0 4 4 0 0 0 
1 1 2 2 3 1 4 0 3 1 0 
1 0 1 1 1 1 0 4 0 0 0 
4 3 1 1 4 1 3 2 0 2 1 
0 1 1 1 1 1 0 4 0 0 0 
1 1 2 0 2 0 3 3 0 0 0 
2 1 4 3 0 1 4 2 0 3 3 
2 3 3 1 2 3 0 2 3 4 1 
0 0 0 0 0 0 4 4 0 0 0 
2 1 2 1 0 3 0 4 4 0 3 
1 1 0 1 0 0 1 0 0 2 0 
1 1 1 0 0 2 0 0 0 0 0 
1 1 3 3 1 2 3 0 4 0 4 
1 1 0 0 1 1 0 4 0 0 0 
2 0 2 1 0 3 0 4 4 0 3 
1 1 1 1 0 0 0 0 0 0 0 
1 1 0 4 2 3 3 1 3 3 0 
4 0 0 4 0 0 0 0 0 0 0 
4 1 0 4 0 0 0 0 0 0 0 
1 2 2 4 0 0 2 3 0 2 1 
3 0 2 4 1 1 1 0 4 4 0 
1 1 1 1 0 0 0 0 2 4 0 
1 0 1 1 1 0 4 4 0 0 0 
1 3 4 0 1 0 4 3 4 4 3 
1 1 3 0 2 1 2 4 2 1 2 
0 1 1 1 1 1 4 4 0 0 0 
1 0 1 1 1 1 4 4 0 0 0 
3 4 0 2 4 2 0 4 2 3 1 
0 1 3 4 3 2 1 2 1 2 3 
1 0 1 1 1 1 0 0 1 0 0 
0 0 4 0 4 3 0 0 0 0 2 
0 1 1 1 1 1 0 0 1 0 0 
1 3 2 0 3 3 1 1 1 3 4 
0 0 1 0 0 2 0 0 0 0 0 
0 1 2 2 3 1 4 0 3 1 0 
1 1 1 1 0 0 4 4 0 0 0 
1 1 1 1 1 1 0 1 1 1 1 
0 1 1 1 1 1 0 0 1 1 0 
0 0 0 2 0 0 0 0 0 2 0 
4 3 1 2 0 3 1 4 0 1 4 
1 3 4 3 0 2 2 3 2 1 1 
0 0 1 1 0 0 4 4 0 0 0 
4 1 4 2 2 2 2 1 1 0 0 
1 2 0 2 3 0 3 4 1 4 3 
1 1 0 0 0 0 4 4 0 0 0 
2 2 2 2 1 2 1 2 2 0 2 
0 1 1 1 1 1 0 0 1 1 1 
1 3 4 4 4 4 3 4 2 2 0 
1 1 0 2 0 0 0 0 0 2 0 
0 1 1 1 1 1 0 0 0 0 0 
0 1 1 1 0 0 4 4 0 0 0 
2 1 1 0 4 4 3 2 3 1 0 
3 2 1 3 2 3 2 0 3 2 3 
3 2 4 1 3 1 0 3 2 0 4 
1 1 1 0 1 0 0 0 0 0 0 
2 3 0 3 1 4 0 1 4 2 2 
1 1 4 0 4 3 0 0 0 0 2 
4 4 2 1 4 4 4 0 1 0 3 
0 4 4 0 1 2 4 3 3 2 1 
1 1 1 4 3 3 4 0 2 3 2 
1 0 1 1 0 0 4 4 0 0 0 
3 3 4 0 2 4 1 0 0 0 1 
1 0 1 1 1 1 0 0 0 0 0 
1 1 0 0 1 1 0 0 1 1 1 
1 1 0 0 1 1 0 0 1 1 0 
4 2 0 1 1 0 0 4 2 3 0 
1 1 0 1 0 0 4 4 0 0 0 
0 1 3 0 2 1 2 4 2 1 2 
0 0 0 0 0 0 0 0 2 4 0 
1 4 3 4 0 1 1 2 3 0 0 
0 0 0 0 0 0 0 0 0 0 0 
2 4 0 0 3 0 2 0 0 0 0 
2 4 1 1 3 0 2 0 0 0 0 
2 4 1 3 1 3 2 3 1 0 0 
0 3 4 3 0 2 2 3 2 1 1 
1 0 1 1 1 1 0 0 1 1 0 
1 0 1 1 1 1 0 0 1 1 1 
1 1 0 0 1 1 0 0 0 0 0 
1 4 4 0 1 2 4 3 3 2 1 
1 1 1 0 0 0 4 4 0 0 0 
0 0 0 1 0 0 1 0 0 2 0 
3 1 2 4 1 1 1 0 4 4 0 
1 0 1 4 3 3 4 0 2 3 2 
0 1 0 4 2 3 3 1 3 3 0 
1 0 0 0 0 0 4 4 0 0 0 
0 2 1 1 4 4 2 2 4 4 4 
3 1 0 4 0 4 0 2 1 0 2 
3 2 3 0 4 0 4 1 2 1 3 
4 3 0 0 4 1 3 2 0 2 1 
0 0 1 0 1 0 0 0 0 0 0 
0 1 1 1 1 0 4 4 0 0 0 
4 0 4 2 2 2 2 1 1 0 0 
1 1 2 3 3 1 3 4 3 2 4 
2 4 0 4 2 0 4 2 4 1 4 
3 4 3 1 0 2 3 1 0 4 2 
0 3 2 0 3 3 1 1 1 3 4 
1 1 0 0 1 1 4 4 0 0 0 
0 0 2 3 3 1 3 4 3 2 4 
4 1 0 3 4 0 1 3 3 4 2 
1 1 0 0 1 1 0 0 1 0 0 
4 0 3 2 3 4 2 3 4 3 1 
1 0 2 0 2 0 3 3 0 0 0 
2 0 1 0 4 4 3 2 3 1 0 
MFS
[ 0 , - , - , - , - , - , - , - , - , - , - ]
[ - , - , 0 , 0 , - , - , - , - , - , - , - ]
[ - , 0 , - , - , - , - , - , - , - , - , - ]
precise
0.3333333333333333
recall
0.05
F-measure
0.08695652173913045
multi
16
time
all 132 iden 0 gen 132
t-cover
1302
all-cover
1375
coveredNum
(1 : 358)  (2 : 324)  (3 : 275)  (4 : 129)  (5 : 65)  (6 : 39)  (7 : 19)  (8 : 10)  (9 : 14)  (10 : 12)  (11 : 10)  (12 : 12)  (13 : 9)  (14 : 16)  (15 : 8)  (16 : 8)  (17 : 11)  (18 : 7)  (19 : 6)  (20 : 11)  (21 : 7)  (22 : 5)  (23 : 4)  (24 : 3)  (25 : 2)  (26 : 2)  (27 : 2)  (29 : 2)  (30 : 1)  (32 : 1)  (36 : 1)  (37 : 1)  (40 : 1)  
real Identify
([ - , - , 0 , 0 , - , - , - , - , - , - , - ] : 1)  
testCase Num: 135
regaular Num: 52
identify Num: 83
4 1 2 0 1 0 3 3 1 0 2 
0 3 2 4 2 1 2 3 1 0 3 
4 1 0 0 3 0 0 0 0 0 0 
3 0 0 0 2 0 0 0 0 0 0 
0 2 4 3 0 0 1 0 1 4 3 
1 1 4 0 4 1 3 2 1 4 2 
1 1 4 3 0 1 0 3 3 3 1 
1 3 3 2 0 1 4 3 1 2 4 
0 2 4 3 0 0 1 0 1 4 2 
3 1 2 4 4 0 0 1 1 0 4 
0 3 2 3 2 1 2 3 1 0 3 
0 3 2 4 3 2 3 4 2 1 3 
2 1 0 2 1 3 0 3 0 4 1 
4 1 3 4 0 0 2 2 0 2 1 
2 3 1 4 2 0 3 0 4 3 4 
0 3 2 4 3 2 3 4 2 0 4 
0 3 2 4 3 2 3 4 2 0 3 
0 2 4 3 0 0 0 4 0 3 2 
1 4 1 4 0 2 1 0 1 4 2 
1 3 1 1 0 0 0 0 0 1 1 
1 4 3 1 2 3 4 1 3 1 2 
2 0 0 2 1 3 0 3 0 4 0 
4 0 3 4 0 0 2 2 0 2 0 
0 2 4 3 0 0 1 0 0 3 2 
0 4 0 2 0 3 3 3 2 1 4 
1 4 1 1 4 0 0 2 3 1 3 
1 1 1 0 4 3 0 0 2 1 1 
2 0 3 0 1 2 4 1 0 0 1 
4 0 1 1 3 0 0 0 0 0 0 
3 0 2 0 4 4 2 0 3 2 1 
4 0 0 0 3 0 0 0 0 0 0 
3 2 4 1 0 0 2 4 4 4 2 
4 1 0 0 3 1 1 1 0 0 0 
4 1 0 4 0 1 4 4 2 1 2 
4 0 1 1 3 1 1 0 0 0 0 
0 3 2 4 3 2 2 3 1 0 3 
1 2 1 3 2 1 2 3 1 0 3 
0 2 4 3 4 4 0 4 0 3 2 
4 0 0 0 2 0 0 0 0 0 0 
4 3 1 3 4 2 1 4 3 0 4 
0 0 0 0 0 0 3 0 3 0 0 
4 2 0 1 1 4 1 1 1 3 1 
3 0 2 1 0 0 3 1 4 3 2 
2 1 3 0 1 2 4 1 0 0 1 
3 0 2 1 0 0 3 1 4 3 1 
1 1 0 2 0 0 2 0 0 0 1 
4 1 3 3 2 0 1 0 2 4 1 
1 1 1 1 1 1 0 1 1 1 1 
2 2 4 1 3 1 0 0 0 1 4 
0 2 4 3 0 0 1 0 1 3 2 
1 1 0 3 1 2 0 1 0 2 3 
3 0 2 1 0 0 2 0 3 2 1 
1 2 1 3 2 1 2 3 1 1 3 
4 1 0 0 3 1 0 0 0 0 0 
1 1 0 1 2 1 1 4 4 2 1 
2 1 0 3 0 4 3 1 4 4 3 
0 3 2 4 3 2 3 4 1 0 3 
3 0 2 1 4 4 2 0 3 2 1 
3 0 2 1 0 0 3 1 3 2 1 
4 1 0 0 3 1 1 1 1 0 0 
1 1 3 2 4 4 0 4 0 3 2 
1 3 1 3 3 3 4 0 0 1 2 
3 0 1 0 4 4 2 0 3 2 1 
4 0 1 1 3 1 1 1 1 1 1 
4 0 1 1 3 1 1 1 1 1 0 
2 4 0 0 2 0 0 0 4 0 0 
0 2 1 3 2 1 2 3 1 0 3 
2 2 2 2 2 2 0 2 2 2 2 
4 0 1 1 2 0 0 0 0 0 0 
3 4 1 2 3 0 3 4 0 2 1 
1 1 2 0 0 0 0 4 0 1 1 
3 4 2 3 1 1 0 2 0 3 0 
3 1 1 1 2 0 0 0 0 0 1 
0 2 3 2 4 4 0 4 0 3 2 
3 0 2 1 0 0 3 0 3 2 1 
0 1 0 0 0 0 0 0 0 0 4 
4 1 0 0 3 1 1 1 1 1 0 
0 3 2 4 3 1 2 3 1 0 3 
0 1 3 2 4 4 0 4 0 3 2 
4 1 0 0 3 1 1 1 1 1 1 
4 0 1 1 3 1 1 1 1 0 0 
2 2 1 1 3 3 1 4 1 1 0 
2 2 0 0 3 3 1 4 1 1 0 
2 0 1 0 4 4 2 0 3 2 1 
0 2 4 3 0 0 1 4 0 3 2 
0 0 0 0 0 0 0 0 0 0 0 
1 4 0 0 4 0 0 2 3 1 3 
1 2 2 4 1 0 4 0 3 3 3 
0 1 0 3 1 2 0 1 0 2 3 
2 1 1 0 4 4 2 0 3 2 1 
4 1 0 1 2 0 0 0 0 0 0 
4 1 1 0 2 0 0 0 0 0 0 
3 1 4 2 3 2 4 0 3 4 0 
3 0 2 1 0 0 3 1 4 2 1 
1 1 2 4 3 3 2 2 4 1 1 
0 0 4 3 0 1 0 3 3 3 1 
0 0 2 0 0 0 0 4 0 1 0 
4 1 1 1 3 0 0 0 0 0 1 
1 2 3 1 4 2 3 3 4 1 0 
3 3 1 0 4 4 4 2 4 1 0 
0 3 2 4 3 2 3 3 1 0 3 
1 1 1 1 0 0 0 0 0 1 4 
1 1 1 1 0 0 0 0 0 1 1 
3 0 3 1 3 3 1 3 2 3 3 
0 3 1 3 2 1 2 3 1 0 3 
0 3 3 2 0 1 4 3 1 2 4 
0 4 1 4 0 2 1 0 1 4 2 
3 0 2 4 4 0 0 1 1 0 4 
0 3 0 0 0 0 0 0 0 0 1 
3 1 1 0 4 4 2 0 3 2 1 
4 0 1 1 3 1 0 0 0 0 0 
1 4 0 2 0 3 3 3 2 1 4 
1 1 1 1 0 0 3 0 3 1 1 
0 2 4 2 4 4 0 4 0 3 2 
3 0 2 1 0 4 2 0 3 2 1 
4 1 0 0 3 1 1 0 0 0 0 
4 4 4 4 2 4 2 3 0 1 0 
4 1 1 1 2 0 0 0 0 0 0 
4 0 1 1 3 1 1 1 0 0 0 
1 0 0 1 2 1 1 4 4 2 0 
1 0 4 0 4 1 3 2 1 4 2 
3 3 0 0 1 2 2 1 2 3 4 
0 0 1 0 4 3 0 0 2 0 0 
3 3 1 1 1 2 2 1 2 3 4 
0 4 3 1 2 3 4 1 3 0 2 
1 2 4 2 3 4 1 1 2 0 0 
1 0 0 2 0 0 2 0 0 0 0 
3 0 1 1 2 0 0 0 0 0 0 
2 4 1 1 2 0 0 0 4 0 0 
0 2 4 3 0 4 0 4 0 3 2 
0 1 2 4 3 3 2 2 4 0 1 
1 3 2 1 0 4 1 2 0 4 4 
4 0 0 4 0 1 4 4 2 1 2 
4 3 4 2 1 3 0 4 4 2 3 
4 1 0 0 2 0 0 0 0 0 0 
MFS
[ 0 , - , - , - , - , - , - , - , - , - , - ]
[ - , - , 0 , 0 , - , - , - , - , - , - , - ]
[ - , 0 , - , - , - , - , - , - , - , - , 0 ]
[ 0 , - , - , - , - , - , - , - , - , 0 , - ]
[ - , 0 , - , - , - , - , - , - , - , - , - ]
precise
0.6
recall
0.15
F-measure
0.24
multi
21
time
all 138 iden 0 gen 138
t-cover
1288
all-cover
1375
coveredNum
(1 : 186)  (2 : 228)  (3 : 202)  (4 : 165)  (5 : 118)  (6 : 95)  (7 : 63)  (8 : 55)  (9 : 44)  (10 : 47)  (11 : 36)  (12 : 29)  (13 : 22)  (14 : 14)  (15 : 10)  (16 : 10)  (17 : 10)  (18 : 7)  (19 : 10)  (20 : 5)  (21 : 3)  (22 : 2)  (23 : 1)  (24 : 3)  (26 : 4)  (27 : 1)  (28 : 2)  (29 : 1)  (34 : 1)  (36 : 1)  
real Identify
([ - , - , 0 , 0 , - , - , - , - , - , - , - ] : 1)  ([ - , 0 , - , - , - , - , - , - , - , - , 0 ] : 1)  ([ 0 , - , - , - , - , - , - , - , - , 0 , - ] : 1)  
testCase Num: 154
regaular Num: 53
identify Num: 101
2 1 3 3 4 4 0 2 2 2 3 
2 0 4 0 3 3 0 3 3 4 3 
1 4 0 2 1 1 3 0 3 2 3 
2 0 0 0 3 3 0 1 3 1 1 
0 1 3 4 2 1 4 3 1 0 1 
1 1 2 1 0 0 0 0 4 1 2 
1 1 0 0 2 4 1 3 1 0 0 
0 1 1 1 2 4 1 3 1 1 1 
2 2 1 3 3 3 1 0 4 0 3 
1 1 1 1 1 3 0 2 0 0 0 
0 0 2 3 1 1 4 3 1 0 1 
1 1 1 1 1 3 0 2 0 0 1 
1 4 2 3 3 2 0 4 1 4 0 
1 1 0 0 2 4 1 2 0 0 0 
1 0 1 1 2 4 1 3 1 0 0 
2 0 0 0 4 4 1 2 3 1 1 
1 1 1 0 1 3 0 2 0 0 0 
1 3 0 2 3 0 0 2 0 1 2 
3 1 2 0 3 0 3 4 2 1 2 
0 3 0 2 3 0 0 2 0 0 2 
1 0 4 4 3 3 0 1 3 1 1 
2 0 4 4 3 3 0 1 3 1 1 
4 0 1 0 0 0 0 0 3 0 0 
1 4 0 3 0 3 2 1 2 4 2 
0 0 4 0 0 0 0 0 0 4 0 
1 3 1 1 0 0 0 0 0 1 1 
0 3 0 4 1 1 4 4 4 1 4 
1 1 1 1 0 2 0 3 0 1 1 
0 1 1 1 2 4 1 3 1 0 1 
1 4 1 1 0 0 1 0 0 1 0 
2 1 1 1 1 2 1 0 2 0 4 
1 1 1 1 1 3 0 2 0 1 1 
2 0 0 4 3 3 0 1 3 1 1 
0 0 2 0 0 0 0 0 4 0 2 
1 0 1 1 2 4 1 2 0 0 0 
0 2 4 3 4 0 2 3 3 2 1 
2 0 4 0 2 2 4 2 3 4 3 
0 1 3 4 2 2 0 3 1 0 1 
2 4 0 4 2 4 2 0 1 1 1 
0 2 0 4 0 0 2 3 3 2 1 
1 0 1 1 1 3 0 2 0 0 0 
0 0 1 1 1 3 0 2 0 0 0 
1 1 3 1 4 3 2 4 4 1 3 
0 2 0 4 0 1 2 3 3 2 1 
2 2 2 1 1 2 0 2 2 2 2 
2 2 3 3 2 1 3 1 0 1 0 
2 0 4 0 3 3 0 3 4 0 3 
1 1 4 3 4 0 2 3 3 2 1 
2 0 4 0 3 3 0 3 4 0 4 
1 3 4 0 1 0 4 1 0 2 4 
2 0 0 0 4 4 0 1 3 1 1 
2 1 4 4 3 3 0 1 3 1 1 
0 4 0 0 0 0 4 0 0 0 0 
1 0 1 1 2 4 1 3 0 0 0 
3 1 3 2 1 4 0 0 4 4 1 
2 0 0 0 4 4 1 2 4 1 1 
0 0 0 0 4 2 0 1 0 0 0 
4 0 1 0 2 3 0 4 1 2 4 
2 0 0 0 4 3 0 1 3 1 1 
1 2 0 0 0 0 0 4 0 0 0 
3 0 0 0 4 4 1 3 3 1 2 
1 1 0 0 1 3 0 2 0 0 0 
1 1 0 1 1 3 0 2 0 0 0 
4 1 1 1 2 3 0 4 1 2 4 
0 4 0 2 1 1 3 0 3 2 3 
0 1 3 4 1 1 4 3 1 0 1 
0 0 0 0 0 2 0 3 0 0 0 
1 1 1 1 4 2 0 1 0 1 1 
4 4 3 1 3 4 3 3 0 4 4 
0 1 1 1 2 4 1 3 0 0 1 
0 2 0 4 0 0 0 0 0 0 0 
4 2 0 2 3 2 2 2 1 1 4 
1 0 1 1 2 4 1 3 1 1 0 
2 0 3 0 2 2 4 2 3 4 3 
0 2 0 4 0 1 3 4 3 2 1 
1 0 1 1 2 4 1 3 1 1 1 
2 0 0 0 4 4 1 2 4 2 2 
2 0 0 0 4 4 1 2 4 2 1 
2 0 4 1 2 2 4 2 3 4 3 
0 1 0 1 2 2 1 2 0 3 1 
2 0 3 3 4 4 0 2 2 2 3 
0 1 2 3 1 1 4 3 1 0 1 
0 0 3 1 4 3 2 4 4 0 3 
0 1 1 1 2 4 0 2 0 0 1 
4 0 2 3 1 1 4 3 1 0 1 
0 0 0 0 1 3 0 2 0 0 0 
2 0 4 0 3 2 4 2 3 4 3 
2 2 4 2 0 4 4 4 3 3 0 
2 2 1 0 4 1 1 4 0 4 1 
0 1 1 1 2 3 0 2 0 0 1 
0 2 0 4 0 1 3 4 4 3 2 
0 2 0 4 0 1 3 4 4 3 1 
4 1 4 2 4 1 1 0 2 3 2 
1 0 1 1 2 3 0 2 0 0 0 
0 1 3 4 2 2 0 4 1 0 1 
0 4 0 0 0 0 1 0 0 0 0 
1 4 1 1 0 0 4 0 0 1 0 
1 1 0 1 2 2 1 2 0 3 1 
1 0 3 0 2 2 4 2 3 4 3 
1 1 0 0 2 4 0 2 0 0 0 
1 1 1 2 2 3 3 3 2 0 1 
1 0 0 0 1 3 0 2 0 0 0 
1 0 1 1 2 4 0 2 0 0 0 
0 1 4 3 4 0 2 3 3 2 1 
0 1 3 3 1 1 4 3 1 0 1 
2 1 0 0 1 2 1 0 2 0 4 
2 3 3 4 0 0 1 3 1 2 3 
1 3 2 1 4 4 4 0 3 0 4 
3 4 4 4 4 2 3 2 1 0 0 
1 2 1 1 0 0 0 4 0 0 0 
0 2 0 4 0 1 3 4 4 2 1 
3 2 3 4 3 1 0 3 1 3 2 
1 1 0 0 2 3 0 2 0 0 0 
0 0 0 0 0 0 0 0 0 0 0 
2 0 4 0 3 3 4 2 3 4 3 
2 0 0 0 4 4 1 1 3 1 1 
1 2 0 4 0 0 0 0 0 1 0 
1 0 1 2 2 3 3 3 2 0 1 
4 0 4 2 4 1 1 0 2 3 2 
4 1 4 1 2 0 0 0 4 1 3 
1 1 1 4 2 4 4 1 2 1 2 
2 0 4 0 3 3 0 3 4 4 3 
1 1 1 1 0 0 0 0 0 1 1 
1 1 1 1 0 1 2 2 0 1 1 
1 1 1 1 0 1 1 1 1 1 1 
2 1 3 0 2 2 4 2 3 4 3 
1 1 0 0 2 4 1 3 0 0 0 
1 3 0 4 1 1 4 4 4 1 4 
0 1 1 1 2 4 1 2 0 0 1 
0 3 0 0 0 0 0 0 0 0 1 
0 2 0 4 0 1 3 3 3 2 1 
3 1 0 1 3 3 4 1 4 2 0 
1 1 4 1 0 0 0 0 0 4 1 
3 3 1 3 0 2 3 2 4 3 4 
0 0 0 0 0 1 2 2 0 0 0 
0 1 3 4 2 2 0 4 2 0 1 
0 1 1 4 2 4 4 1 2 0 2 
0 2 0 3 4 0 2 3 3 2 1 
0 2 0 4 4 0 2 3 3 2 1 
4 3 2 4 0 0 1 1 2 4 0 
1 1 4 4 3 3 0 1 3 1 1 
1 1 0 0 2 4 1 3 1 1 0 
1 1 0 0 2 4 1 3 1 1 1 
3 3 2 2 2 3 2 1 0 3 3 
3 1 1 1 4 4 1 3 3 1 2 
4 1 1 1 0 0 0 0 3 0 1 
0 4 2 3 3 2 0 4 1 4 0 
1 1 3 1 2 2 4 2 3 4 3 
2 0 4 0 3 3 0 2 3 4 3 
1 4 1 0 1 0 2 3 4 3 0 
0 1 3 4 2 2 0 4 2 1 1 
0 1 3 4 2 2 0 4 2 1 2 
0 1 1 1 1 3 0 2 0 0 1 
0 1 3 4 2 2 4 3 1 0 1 
MFS
[ - , - , - , - , - , - , - , - , - , - , - ]
[ 0 , - , - , - , - , - , - , - , - , - , - ]
[ - , 0 , - , 0 , - , - , - , - , - , - , - ]
[ - , - , 0 , 0 , - , - , - , - , - , - , - ]
[ - , 0 , - , - , - , - , - , - , - , - , 0 ]
[ 0 , - , - , - , - , - , - , - , - , 0 , - ]
[ - , 0 , - , - , - , - , - , - , - , - , - ]
precise
0.5714285714285714
recall
0.2
F-measure
0.29629629629629634
multi
19
time
all 136 iden 1 gen 135
t-cover
1283
all-cover
1375
coveredNum
(1 : 221)  (2 : 217)  (3 : 187)  (4 : 146)  (5 : 87)  (6 : 63)  (7 : 58)  (8 : 54)  (9 : 44)  (10 : 44)  (11 : 38)  (12 : 34)  (13 : 25)  (14 : 32)  (15 : 13)  (16 : 16)  (17 : 11)  (18 : 6)  (19 : 16)  (20 : 13)  (21 : 8)  (22 : 7)  (23 : 6)  (24 : 3)  (25 : 5)  (26 : 1)  (27 : 3)  (28 : 4)  (29 : 6)  (30 : 2)  (32 : 2)  (33 : 2)  (34 : 1)  
real Identify
([ - , 0 , - , 0 , - , - , - , - , - , - , - ] : 1)  ([ - , - , 0 , 0 , - , - , - , - , - , - , - ] : 1)  ([ - , 0 , - , - , - , - , - , - , - , - , 0 ] : 1)  ([ 0 , - , - , - , - , - , - , - , - , 0 , - ] : 1)  
testCase Num: 116
regaular Num: 52
identify Num: 64
0 0 0 2 2 0 0 1 3 0 1 
3 0 0 1 0 2 4 4 3 3 2 
0 1 2 1 0 2 4 1 1 2 0 
2 2 2 0 1 4 4 1 4 2 0 
4 4 2 0 2 1 0 3 3 1 3 
1 1 1 0 4 1 3 0 0 2 0 
4 2 0 1 0 2 0 1 1 2 1 
1 1 1 0 3 2 0 0 0 1 0 
0 1 2 1 0 2 4 1 1 3 1 
0 0 2 2 3 4 1 4 1 3 3 
1 1 3 0 4 0 0 0 0 1 3 
1 2 1 1 0 0 0 0 0 1 2 
1 1 0 4 0 4 0 0 0 1 0 
3 1 4 0 4 2 4 4 3 3 2 
0 2 3 2 0 3 4 3 2 1 0 
0 1 1 3 3 0 0 1 3 0 1 
3 2 1 2 3 3 3 3 0 2 3 
0 1 2 1 0 2 4 1 1 3 0 
0 1 2 1 4 1 3 0 0 2 0 
3 0 0 1 0 3 4 4 3 3 2 
0 1 1 0 4 1 3 0 0 2 0 
1 1 3 0 3 3 0 1 0 3 2 
2 0 4 4 2 3 0 4 0 4 4 
3 2 2 4 4 0 3 1 1 0 0 
0 1 0 0 0 0 0 0 0 2 2 
1 0 1 1 1 1 1 1 1 1 1 
3 4 1 1 2 2 4 2 0 3 0 
3 1 3 3 0 1 2 3 4 0 1 
4 0 4 0 2 0 0 0 2 4 0 
1 4 4 3 0 4 3 4 2 0 1 
1 1 0 2 2 0 0 1 3 1 1 
2 1 0 3 0 1 1 0 0 1 2 
1 2 3 3 2 0 1 2 3 2 0 
0 1 1 3 3 1 1 1 3 0 1 
1 1 1 0 0 0 0 4 0 1 0 
3 1 1 0 4 4 0 2 2 1 4 
0 1 0 4 3 1 4 2 3 4 1 
1 3 1 4 0 2 2 0 3 4 3 
4 1 2 0 0 3 1 2 0 0 4 
1 1 2 0 0 0 4 0 0 0 0 
0 2 0 0 0 0 0 0 0 0 2 
0 0 1 0 0 0 0 4 0 0 0 
0 1 2 1 0 2 4 0 0 2 0 
0 1 0 2 2 0 0 1 3 0 1 
4 3 3 3 4 3 4 0 1 3 4 
2 1 4 1 0 2 3 3 2 3 0 
1 2 3 2 0 3 4 3 2 1 0 
2 4 3 4 1 3 2 4 0 2 1 
1 3 0 3 0 0 0 4 0 1 1 
3 4 3 1 3 4 3 0 3 0 4 
2 1 1 3 3 0 4 1 2 0 3 
1 1 0 0 4 3 0 0 0 1 0 
0 1 2 0 4 1 3 0 0 2 0 
3 0 0 1 0 3 0 4 3 3 2 
2 0 4 0 4 2 4 4 3 3 2 
3 0 0 1 0 3 0 0 4 4 2 
3 0 0 1 0 3 0 0 4 4 3 
0 1 2 1 0 1 3 0 0 2 0 
1 1 0 0 4 3 1 1 0 1 0 
3 3 0 4 1 0 1 3 2 3 2 
0 1 1 3 2 0 0 1 3 0 1 
0 1 1 3 3 1 1 2 4 1 1 
4 0 2 0 0 3 1 2 0 0 4 
1 4 1 1 0 0 0 0 1 1 0 
1 1 0 1 3 2 0 0 0 1 0 
3 0 3 3 0 1 2 3 4 0 1 
3 0 0 1 0 3 0 0 4 3 2 
0 3 0 3 0 0 0 4 0 0 1 
3 0 4 0 4 2 4 4 3 3 2 
1 4 0 2 4 0 1 3 4 4 4 
1 1 0 4 3 1 4 2 3 4 1 
4 1 0 1 1 3 3 2 3 0 3 
0 0 1 0 4 1 3 0 0 2 0 
0 1 1 2 2 0 0 1 3 0 1 
0 0 0 0 3 2 0 0 0 0 0 
1 3 1 1 2 4 2 3 1 4 0 
0 4 3 1 4 2 3 1 4 4 2 
0 0 0 0 0 0 0 0 0 0 0 
1 1 0 2 2 0 0 1 3 0 1 
3 2 4 0 4 1 2 4 1 3 1 
2 1 4 4 2 3 0 4 0 4 4 
4 1 4 1 3 0 2 4 4 1 0 
0 1 1 3 3 1 1 2 4 0 1 
3 0 0 0 4 2 4 4 3 3 2 
1 1 2 2 3 4 1 4 1 3 3 
0 3 4 2 1 1 2 1 2 2 4 
0 1 1 3 3 1 1 2 4 0 2 
1 1 0 0 4 2 0 0 0 1 0 
1 1 0 0 4 3 1 1 1 1 1 
0 4 0 0 0 0 0 0 1 0 0 
1 1 0 0 4 3 1 1 1 1 0 
2 3 2 1 2 4 3 0 0 1 1 
0 0 0 0 0 3 0 0 4 3 0 
0 0 3 0 4 0 0 0 0 0 3 
0 1 2 1 0 2 4 1 0 2 0 
1 1 1 1 0 0 0 0 0 1 0 
1 1 1 1 0 3 0 0 4 3 0 
2 1 4 0 4 2 4 4 3 3 2 
1 0 2 0 0 0 4 0 0 0 0 
3 0 0 1 0 3 0 0 3 3 2 
1 1 1 1 3 2 0 0 0 1 0 
2 0 1 3 3 0 4 1 2 0 3 
0 1 2 1 0 2 3 0 0 2 0 
1 1 1 1 0 0 0 0 0 2 2 
2 1 2 2 2 2 2 2 1 0 2 
1 1 0 0 4 3 1 0 0 1 0 
4 1 4 0 2 0 0 0 2 4 0 
4 3 1 2 3 4 0 0 4 0 2 
3 2 2 3 1 2 0 0 2 4 4 
0 1 1 3 3 1 0 1 3 0 1 
0 0 0 4 0 4 0 0 0 0 0 
3 0 0 1 4 2 4 4 3 3 2 
0 1 1 3 3 1 1 2 3 0 1 
0 3 0 0 2 4 2 3 1 4 0 
4 3 4 4 2 2 1 2 4 1 3 
1 1 0 0 3 2 0 0 0 1 0 
MFS
[ 0 , - , - , - , - , - , - , - , - , - , - ]
[ - , - , 0 , 0 , - , - , - , - , - , - , - ]
[ - , 0 , - , - , - , - , - , - , - , - , - ]
[ 0 , - , - , - , - , - , - , - , - , 0 , - ]
precise
0.5
recall
0.1
F-measure
0.16666666666666669
multi
20
time
all 140 iden 0 gen 139
t-cover
1312
all-cover
1375
coveredNum
(1 : 288)  (2 : 284)  (3 : 232)  (4 : 120)  (5 : 77)  (6 : 66)  (7 : 48)  (8 : 47)  (9 : 38)  (10 : 29)  (11 : 28)  (12 : 26)  (13 : 18)  (14 : 14)  (15 : 7)  (16 : 11)  (17 : 5)  (18 : 7)  (19 : 6)  (20 : 2)  (21 : 5)  (22 : 2)  (23 : 6)  (24 : 3)  (27 : 3)  (28 : 1)  (29 : 1)  (30 : 1)  
real Identify
([ - , - , 0 , 0 , - , - , - , - , - , - , - ] : 1)  ([ 0 , - , - , - , - , - , - , - , - , 0 , - ] : 1)  
testCase Num: 101
regaular Num: 50
identify Num: 51
3 0 1 2 3 4 2 1 4 0 2 
1 2 2 2 4 1 2 3 0 0 4 
1 1 3 4 0 4 1 0 0 3 3 
1 0 3 4 2 0 2 4 1 4 2 
4 3 4 3 1 0 3 0 1 0 3 
1 1 4 0 0 3 0 0 0 0 0 
0 1 1 1 1 1 4 0 1 0 0 
1 0 1 1 1 1 4 0 1 0 0 
0 0 4 3 0 1 2 3 3 2 1 
0 0 0 4 1 0 0 0 4 0 0 
4 2 3 3 3 3 0 3 4 1 4 
4 2 0 0 0 0 0 0 3 0 0 
1 1 3 4 2 0 2 4 1 4 2 
1 1 1 1 0 0 0 0 0 0 0 
2 4 1 2 2 3 0 2 3 0 0 
1 1 1 0 1 1 1 1 1 1 1 
4 4 4 2 0 0 1 4 2 2 4 
1 1 1 0 0 0 3 4 0 0 0 
1 1 0 0 1 1 4 0 1 0 0 
0 1 1 1 1 1 4 0 1 1 1 
0 1 1 1 0 0 3 4 0 0 0 
0 1 1 1 1 1 4 0 1 1 0 
1 4 2 1 0 3 0 0 1 2 2 
4 0 0 0 3 0 4 2 2 0 0 
4 3 2 1 0 1 4 1 2 4 2 
1 2 1 1 3 2 1 4 4 3 3 
3 4 0 4 3 1 3 1 3 3 4 
2 2 4 4 3 2 0 0 1 4 1 
3 4 4 3 4 4 4 2 1 3 0 
2 0 2 3 0 2 1 3 4 4 3 
1 3 0 2 4 3 3 2 4 4 1 
0 1 1 1 1 1 4 4 0 0 0 
4 1 1 1 3 0 4 2 2 0 0 
0 0 0 0 2 2 0 0 0 0 4 
1 1 0 1 0 0 3 4 0 0 0 
1 1 0 0 1 1 4 0 1 1 0 
1 1 0 0 1 1 4 0 1 1 1 
1 0 1 1 1 1 4 4 0 0 0 
4 1 2 2 1 3 1 3 1 3 0 
4 2 1 1 0 0 0 0 3 0 0 
0 4 2 1 0 3 0 0 1 2 2 
4 4 1 4 1 4 2 4 0 1 0 
3 1 1 1 0 0 1 0 0 0 0 
0 1 4 3 2 1 1 2 0 1 2 
0 3 1 2 0 0 3 3 4 0 2 
1 0 0 0 0 0 3 4 0 0 0 
1 0 1 1 0 0 3 4 0 0 0 
0 1 1 1 1 0 3 4 0 0 0 
1 3 4 0 3 4 4 1 3 2 4 
1 1 0 0 1 1 4 0 0 0 0 
4 1 0 3 4 2 0 4 1 0 1 
3 3 2 2 2 2 3 0 3 1 3 
0 0 0 0 0 0 3 4 0 0 0 
2 0 1 1 0 4 4 0 1 1 4 
1 0 1 1 1 0 3 4 0 0 0 
0 2 0 0 3 2 1 4 4 3 3 
1 1 0 0 1 0 3 4 0 0 0 
4 2 0 4 2 4 4 3 2 0 1 
0 3 1 4 4 3 4 1 0 2 3 
1 1 0 0 1 1 3 4 0 0 0 
1 2 1 3 0 2 3 1 2 4 0 
0 1 2 4 1 4 0 2 3 4 4 
4 1 2 0 4 3 2 0 2 3 2 
3 4 3 0 1 2 4 3 0 4 1 
0 0 4 0 0 3 0 0 0 0 0 
2 3 1 0 2 0 0 1 3 3 2 
1 3 1 4 4 3 4 1 0 2 3 
2 1 2 1 3 0 3 3 0 3 1 
0 0 0 0 0 0 0 0 0 0 0 
1 1 2 4 1 4 0 2 3 4 4 
0 1 1 1 1 1 3 4 0 0 0 
1 3 1 1 0 0 2 0 0 0 3 
1 4 4 1 2 1 0 0 4 2 3 
1 1 1 1 2 2 0 0 0 0 4 
4 0 2 2 1 3 1 3 1 3 0 
1 1 4 3 2 1 1 2 0 1 2 
1 3 1 2 0 0 3 3 4 0 2 
1 1 4 3 0 1 2 3 3 2 1 
3 0 0 0 0 0 1 0 0 0 0 
1 1 0 4 1 0 0 0 4 0 0 
3 2 0 1 4 0 0 2 2 1 0 
1 1 0 0 0 0 3 4 0 0 0 
2 1 1 1 0 4 4 0 1 1 4 
3 1 1 2 3 4 2 1 4 0 2 
1 0 1 1 1 1 4 0 0 0 0 
0 1 1 1 1 1 4 0 0 0 0 
0 0 1 1 0 0 3 4 0 0 0 
2 3 3 1 4 1 1 4 3 0 0 
1 0 1 1 1 1 3 4 0 0 0 
0 3 0 0 0 0 2 0 0 0 3 
1 1 1 1 0 0 3 4 0 0 0 
1 1 3 2 4 0 0 1 0 0 0 
3 1 2 2 0 3 4 4 4 2 0 
1 1 3 0 0 4 3 2 2 2 3 
2 1 2 3 0 2 1 3 4 4 3 
1 0 1 1 1 1 4 0 1 1 0 
1 1 0 0 1 1 4 4 0 0 0 
1 0 1 1 1 1 4 0 1 1 1 
2 2 0 1 1 2 2 2 2 2 2 
0 0 3 0 0 4 3 2 2 2 3 
0 0 3 2 4 0 0 1 0 0 0 
MFS
[ 0 , - , - , - , - , - , - , - , - , - , - ]
[ - , - , 0 , 0 , - , - , - , - , - , - , - ]
[ - , 0 , - , - , - , - , - , - , - , - , - ]
precise
0.3333333333333333
recall
0.05
F-measure
0.08695652173913045
multi
15
time
all 130 iden 1 gen 129
t-cover
1272
all-cover
1375
coveredNum
(1 : 321)  (2 : 341)  (3 : 268)  (4 : 145)  (5 : 77)  (6 : 35)  (7 : 22)  (8 : 18)  (9 : 12)  (10 : 14)  (11 : 11)  (12 : 10)  (13 : 10)  (14 : 17)  (15 : 15)  (16 : 14)  (17 : 8)  (18 : 6)  (19 : 6)  (20 : 3)  (21 : 4)  (22 : 2)  (23 : 5)  (24 : 3)  (25 : 2)  (26 : 1)  (27 : 1)  (29 : 1)  (30 : 1)  (34 : 1)  (40 : 1)  
real Identify
([ - , - , 0 , 0 , - , - , - , - , - , - , - ] : 1)  
testCase Num: 118
regaular Num: 50
identify Num: 68
0 3 4 2 1 4 2 4 4 4 0 
0 1 3 4 4 4 0 3 0 1 0 
0 3 4 1 1 4 2 4 4 4 0 
2 2 0 3 4 0 2 0 3 3 1 
0 1 3 4 4 4 0 3 4 1 0 
2 0 0 1 3 0 0 0 3 2 0 
4 1 3 4 1 1 1 1 1 0 2 
4 3 0 0 4 2 3 3 3 4 1 
4 3 0 1 4 2 3 3 3 4 1 
4 0 2 3 3 3 4 2 4 1 0 
1 0 4 1 3 0 0 0 3 2 0 
0 0 1 3 2 1 4 4 2 2 4 
1 1 0 3 1 4 3 3 0 1 3 
1 3 2 1 3 1 4 1 0 3 1 
2 0 0 2 4 1 1 1 3 2 0 
1 1 0 1 2 4 4 0 2 0 2 
0 1 3 4 4 4 0 3 0 2 1 
0 0 0 0 0 0 1 0 0 0 1 
0 1 3 4 4 4 0 3 0 2 0 
1 4 0 0 3 3 1 4 1 4 4 
4 0 3 4 1 1 1 1 1 0 2 
4 1 4 0 0 0 0 0 0 0 0 
2 0 4 1 3 0 0 0 3 2 0 
0 4 1 0 0 3 4 3 3 4 1 
1 1 2 1 0 0 0 0 3 0 0 
0 1 3 3 3 3 4 2 4 1 0 
1 1 0 1 3 4 0 0 0 0 0 
0 3 2 0 3 1 4 1 0 3 1 
1 1 1 4 4 2 1 0 4 3 0 
2 0 0 2 4 1 1 1 4 3 0 
2 1 4 2 0 1 1 3 4 2 0 
3 0 3 2 4 0 1 4 0 1 2 
2 0 0 2 4 1 1 1 4 3 1 
1 1 1 3 2 1 4 4 2 2 4 
1 1 0 1 0 0 3 0 2 0 0 
0 4 1 0 0 3 4 4 4 0 1 
1 2 3 1 1 4 2 4 4 4 0 
3 1 1 0 0 0 0 4 4 4 1 
2 0 0 2 4 0 0 0 3 2 0 
0 4 1 0 4 2 3 3 3 4 1 
0 4 1 0 0 3 4 4 4 0 2 
2 0 0 2 4 1 1 1 4 2 0 
1 2 0 2 2 0 3 1 4 4 2 
1 1 1 1 1 1 0 1 1 1 1 
1 1 4 1 3 0 0 0 3 2 0 
1 1 2 4 4 0 4 3 1 4 3 
0 1 1 4 3 3 3 2 3 0 2 
0 1 4 1 4 3 2 2 0 1 4 
1 4 0 1 3 3 1 4 1 4 4 
0 0 0 0 3 4 0 0 0 0 0 
1 3 4 0 1 0 2 2 2 3 2 
3 1 3 3 0 2 3 0 1 3 2 
2 3 2 1 3 2 3 4 1 0 3 
0 1 2 3 3 3 4 2 4 1 0 
2 0 0 2 3 0 0 0 3 2 0 
3 4 2 2 1 4 0 2 1 2 1 
2 0 4 4 2 2 0 4 2 4 1 
2 3 3 0 2 3 0 0 4 1 3 
0 3 4 2 2 0 3 4 4 4 0 
0 1 3 4 3 3 4 2 4 1 0 
0 3 4 2 2 0 3 0 0 0 1 
0 3 4 2 2 0 3 0 0 0 0 
0 0 2 0 0 0 0 0 3 0 0 
1 1 0 1 0 0 0 0 0 0 0 
1 2 2 4 0 2 2 1 2 1 4 
2 0 0 2 4 1 1 0 3 2 0 
1 4 0 4 0 4 2 3 0 0 2 
3 4 4 1 0 1 4 2 0 4 3 
2 4 4 3 4 4 3 1 4 0 4 
1 1 3 1 0 0 2 2 0 2 0 
4 2 1 0 4 1 2 0 2 2 3 
1 4 2 3 0 3 1 0 2 4 0 
0 4 1 0 0 3 4 4 3 4 1 
0 2 3 1 1 4 2 4 4 4 0 
0 4 3 2 1 2 4 0 3 1 4 
0 4 0 0 4 2 3 3 3 4 1 
0 0 0 0 0 0 3 0 2 0 0 
1 1 0 1 0 3 0 0 0 3 0 
0 1 3 4 4 3 4 2 4 1 0 
0 2 0 3 4 0 0 2 0 0 2 
2 2 2 1 2 2 1 2 0 2 2 
0 1 2 4 4 0 4 3 1 4 3 
0 3 0 0 4 2 3 3 3 4 1 
1 0 3 0 0 0 2 2 0 2 0 
0 1 3 4 4 4 0 2 4 1 0 
0 4 2 3 0 3 1 0 2 4 0 
1 2 0 3 4 0 0 2 0 0 2 
0 0 0 0 0 0 0 0 0 0 0 
1 4 3 2 1 2 4 0 3 1 4 
4 3 1 2 0 4 1 4 3 3 3 
0 3 4 2 2 4 2 4 4 4 0 
4 4 1 1 2 0 0 3 0 3 4 
3 3 0 3 0 0 0 0 0 0 4 
2 1 4 1 3 0 0 0 3 2 0 
1 1 1 4 3 3 3 2 3 0 2 
3 1 3 2 4 0 1 4 0 1 2 
2 0 0 2 4 1 0 0 3 2 0 
0 4 1 0 0 2 3 3 3 4 1 
0 0 0 0 0 3 0 0 0 3 0 
0 4 1 0 0 3 4 4 4 4 1 
0 3 3 1 1 4 2 4 4 4 0 
1 1 4 1 4 3 2 2 0 1 4 
1 1 0 1 0 0 1 0 0 0 1 
0 3 4 2 2 0 2 4 4 4 0 
0 4 1 1 4 2 3 3 3 4 1 
1 0 1 4 4 2 1 0 4 3 0 
2 2 1 0 1 3 4 1 0 2 3 
0 4 0 4 0 4 2 3 0 0 2 
0 4 1 0 0 3 3 3 3 4 1 
3 2 4 0 2 4 2 0 1 0 0 
3 3 0 4 2 1 3 1 3 2 0 
0 0 2 3 3 3 4 2 4 1 0 
2 1 4 4 2 2 0 4 2 4 1 
0 1 3 4 4 4 4 2 4 1 0 
3 2 3 2 3 3 2 3 2 0 1 
0 3 4 2 2 0 3 0 0 4 0 
1 0 0 3 1 4 3 3 0 1 3 
0 3 4 2 2 0 3 0 4 4 0 
MFS
[ 0 , - , - , - , - , - , - , - , - , - , - ]
[ - , - , - , - , - , - , - , - , - , - , - ]
[ - , - , - , 0 , - , - , - , - , - , - , - ]
[ - , 0 , - , - , - , - , - , - , - , - , - ]
precise
0.0
recall
0.0
F-measure
0.0
multi
15
time
all 133 iden 0 gen 133
t-cover
1260
all-cover
1375
coveredNum
(1 : 221)  (2 : 258)  (3 : 230)  (4 : 149)  (5 : 97)  (6 : 82)  (7 : 61)  (8 : 53)  (9 : 55)  (10 : 48)  (11 : 27)  (12 : 22)  (13 : 23)  (14 : 17)  (15 : 13)  (16 : 4)  (17 : 3)  (18 : 1)  (19 : 3)  (20 : 2)  (21 : 2)  (22 : 1)  (23 : 1)  (26 : 1)  (28 : 1)  
real Identify

testCase Num: 115
regaular Num: 49
identify Num: 66
2 1 0 4 0 0 4 1 3 3 2 
0 1 0 0 0 0 0 0 0 4 2 
1 2 1 1 3 2 4 4 1 1 4 
2 2 0 1 2 2 2 2 2 2 1 
3 1 1 2 1 4 2 0 3 0 2 
4 2 0 2 0 3 3 3 1 2 4 
2 0 3 3 3 2 4 0 1 0 0 
0 2 0 0 0 2 0 3 1 0 1 
3 1 2 0 1 1 4 3 4 2 4 
1 1 1 1 1 0 0 2 1 0 0 
1 2 0 0 1 0 0 0 0 4 2 
1 1 1 1 1 1 1 1 1 1 0 
1 2 0 0 1 1 1 1 1 0 3 
1 2 0 0 1 1 1 1 1 0 2 
1 1 3 1 1 3 2 0 3 2 0 
1 3 1 1 3 4 1 2 0 2 3 
4 4 3 0 2 2 1 0 3 1 2 
3 1 2 3 2 0 1 1 0 0 4 
1 0 2 2 2 2 4 0 1 0 0 
1 2 0 0 1 1 0 0 0 4 2 
4 3 0 2 1 1 0 4 3 3 1 
4 1 1 4 3 4 0 2 2 3 4 
0 2 0 0 0 3 0 3 1 0 1 
0 0 2 2 4 3 1 2 2 1 0 
3 3 3 4 2 3 0 3 2 1 0 
1 2 4 3 3 4 1 3 3 4 0 
0 2 1 1 1 0 0 0 0 4 2 
0 0 0 0 4 0 0 4 2 0 0 
3 0 2 0 1 1 4 3 4 2 4 
1 0 1 3 0 2 0 4 4 2 1 
3 0 1 2 1 4 2 0 3 0 2 
2 0 3 3 3 3 0 0 1 0 0 
1 1 0 0 0 0 0 0 0 4 2 
1 1 2 2 2 2 4 0 1 0 0 
0 4 1 0 0 0 0 0 0 0 0 
1 3 4 0 0 0 0 0 1 0 4 
2 1 3 0 3 3 2 4 1 3 0 
0 0 0 0 1 0 0 2 0 0 0 
3 1 0 3 4 3 3 0 4 1 1 
0 1 3 1 1 3 2 0 3 2 0 
0 2 0 0 0 3 1 4 1 0 1 
2 2 2 4 4 1 2 2 3 0 4 
1 1 2 2 4 3 1 2 2 1 0 
1 0 1 4 2 3 3 4 3 0 3 
1 2 0 0 0 0 0 0 0 4 2 
1 2 0 1 0 0 0 0 0 4 2 
2 1 2 2 2 2 4 0 1 0 0 
2 4 4 4 1 1 3 0 0 4 4 
0 1 1 1 0 0 0 0 0 4 2 
2 0 3 3 3 3 0 1 2 0 0 
4 0 4 1 2 1 2 1 0 3 3 
0 2 1 1 3 2 4 4 0 1 4 
1 1 1 1 0 0 0 0 1 0 0 
0 2 1 1 1 1 1 1 0 4 2 
2 0 3 3 3 3 4 0 1 0 0 
1 3 3 3 0 1 4 2 2 0 2 
2 3 1 0 2 4 1 1 4 4 1 
1 4 0 3 1 2 2 1 2 4 3 
0 2 1 1 1 1 0 0 0 4 2 
2 0 3 3 3 3 0 1 2 1 0 
2 0 3 3 3 3 0 1 2 1 1 
1 1 1 1 4 0 0 4 2 0 0 
3 1 0 4 0 0 1 2 1 4 1 
0 2 0 0 0 3 1 4 2 0 1 
4 4 3 2 4 3 4 1 0 4 1 
1 2 0 0 1 1 1 1 1 4 2 
1 2 1 0 0 0 0 0 0 4 2 
0 4 4 3 2 3 1 4 1 3 2 
0 2 0 4 4 2 0 3 1 0 1 
0 1 4 4 4 2 0 3 1 0 1 
0 2 0 0 4 2 0 3 1 0 1 
4 4 4 1 3 0 3 2 4 0 0 
2 0 3 3 3 3 0 1 1 0 0 
3 4 2 1 0 4 0 4 1 4 3 
0 2 3 4 1 0 0 1 4 2 2 
4 0 2 3 3 1 0 0 0 0 1 
0 2 4 4 4 2 0 3 1 0 1 
1 2 3 4 1 0 0 1 4 2 2 
1 1 1 4 2 3 3 4 3 0 3 
4 1 2 3 3 1 0 0 0 0 1 
3 0 0 4 0 0 1 2 1 4 1 
0 2 0 0 0 3 1 4 2 1 2 
0 2 1 1 1 1 1 1 1 4 2 
0 2 0 0 0 3 1 4 2 1 1 
3 3 2 2 3 2 3 0 1 3 2 
1 2 0 0 1 1 1 0 0 4 2 
0 3 3 3 0 1 4 2 2 0 2 
1 3 1 1 4 0 2 3 0 3 2 
1 1 1 3 0 2 0 4 4 2 1 
2 1 4 2 0 0 2 4 4 1 3 
0 0 0 0 0 0 0 0 0 0 0 
2 0 3 2 2 2 4 0 1 0 0 
1 1 1 1 0 0 0 0 0 4 2 
2 4 0 3 0 0 0 3 2 2 3 
0 0 3 0 0 0 3 0 0 0 3 
3 2 4 0 0 0 0 0 4 3 0 
0 2 1 1 1 1 1 0 0 4 2 
1 2 4 0 4 4 4 0 2 2 3 
0 2 4 3 3 4 1 3 3 4 0 
1 2 0 0 1 1 1 1 0 4 2 
1 3 0 0 3 4 1 2 0 2 3 
0 3 4 0 0 0 0 0 0 0 4 
0 2 0 0 0 3 1 3 1 0 1 
2 0 2 2 2 2 4 0 1 0 0 
1 1 3 0 0 0 3 0 1 0 3 
0 2 1 1 1 1 1 1 0 0 2 
0 2 1 1 1 1 1 1 0 0 3 
1 1 3 0 3 4 3 1 2 1 4 
0 2 1 1 0 0 0 0 0 4 2 
4 1 4 1 2 1 2 1 0 3 3 
2 0 3 0 3 3 2 4 1 3 0 
1 1 1 1 0 0 0 0 1 4 2 
1 1 4 4 4 2 0 3 1 0 1 
2 0 3 3 2 2 4 0 1 0 0 
1 4 1 0 0 0 0 0 1 0 0 
MFS
[ 0 , - , - , - , - , - , - , - , - , - , - ]
[ - , - , 0 , 0 , - , - , - , - , - , - , - ]
[ 0 , - , - , - , - , - , - , - , 0 , - , - ]
[ - , 0 , - , - , - , - , - , - , - , - , - ]
precise
0.5
recall
0.1
F-measure
0.16666666666666669
multi
18
time
all 130 iden 1 gen 129
t-cover
1285
all-cover
1375
coveredNum
(1 : 283)  (2 : 258)  (3 : 226)  (4 : 147)  (5 : 98)  (6 : 69)  (7 : 47)  (8 : 38)  (9 : 27)  (10 : 29)  (11 : 34)  (12 : 24)  (13 : 23)  (14 : 10)  (15 : 19)  (16 : 9)  (17 : 10)  (18 : 5)  (19 : 6)  (20 : 3)  (21 : 3)  (22 : 3)  (23 : 2)  (25 : 1)  (26 : 1)  
real Identify
([ - , - , 0 , 0 , - , - , - , - , - , - , - ] : 1)  ([ 0 , - , - , - , - , - , - , - , 0 , - , - ] : 1)  
