testCase Num: 108
regaular Num: 50
identify Num: 58
0 3 0 4 2 3 2 2 2 2 3 
0 0 4 0 2 0 4 4 3 1 2 
2 0 2 3 4 1 4 3 1 1 4 
0 3 1 3 1 2 1 2 2 2 3 
1 1 1 1 2 2 4 3 0 4 0 
1 2 1 3 1 2 1 2 2 2 3 
0 1 1 0 3 0 0 0 1 0 0 
0 1 1 1 3 0 0 0 1 0 0 
0 1 1 0 4 1 1 1 2 1 0 
3 0 0 4 1 4 2 1 2 0 3 
0 1 1 0 4 1 1 1 2 1 1 
4 0 3 0 2 3 4 2 1 0 1 
0 1 1 3 0 0 4 0 0 0 2 
0 1 1 4 0 0 4 0 0 0 2 
1 3 1 1 4 3 1 3 4 3 2 
1 1 1 1 1 1 0 0 2 0 0 
4 1 2 1 3 2 4 0 2 4 2 
1 0 0 0 0 0 0 3 0 2 0 
0 1 1 4 0 1 0 0 0 0 2 
3 0 4 2 1 3 3 0 4 2 1 
2 4 3 1 0 0 0 4 3 2 1 
3 2 4 1 1 0 4 3 0 0 2 
3 1 2 0 0 2 4 4 4 2 3 
4 2 3 0 4 0 2 0 3 3 0 
4 1 0 3 0 3 3 1 3 4 4 
2 4 4 0 1 4 1 0 2 4 4 
0 1 1 0 4 1 1 1 2 0 0 
3 0 1 1 4 0 1 1 3 2 3 
0 3 0 1 4 3 1 3 4 3 2 
0 2 2 2 4 0 3 4 1 4 1 
1 1 1 1 1 1 1 0 1 1 1 
1 4 4 3 2 0 4 1 4 1 0 
0 1 0 3 0 0 4 0 0 0 2 
1 2 1 4 0 3 2 4 2 1 0 
0 1 1 0 4 1 1 0 1 0 0 
1 1 1 4 4 0 0 2 0 0 0 
0 0 4 4 1 4 4 4 3 1 2 
0 0 4 0 1 4 4 4 3 1 2 
0 1 4 1 0 4 0 2 4 4 4 
1 3 0 0 4 2 3 1 2 1 1 
0 0 0 0 0 1 0 0 2 0 0 
0 3 4 0 0 0 1 4 0 3 0 
1 0 0 0 3 0 0 0 1 0 0 
3 2 0 0 0 0 0 0 0 0 4 
0 0 4 0 2 4 4 4 3 1 2 
0 0 4 0 2 0 0 0 3 1 2 
4 0 0 2 3 0 0 3 4 1 0 
0 1 3 4 1 4 4 4 3 1 2 
1 2 4 0 3 1 0 2 3 3 2 
0 0 0 0 3 0 0 0 1 0 0 
0 1 1 4 0 1 0 1 0 0 2 
0 0 0 3 0 0 4 0 0 0 2 
1 1 1 1 1 0 0 0 0 0 0 
4 3 2 3 1 4 0 1 1 2 0 
2 3 3 2 0 2 4 3 3 3 0 
1 4 1 1 1 1 3 3 1 3 2 
0 0 3 4 1 4 4 4 3 1 2 
2 4 2 4 1 3 1 1 0 3 3 
0 0 4 0 2 0 0 0 4 2 2 
0 2 0 3 1 2 1 2 2 2 3 
0 0 4 0 2 0 0 0 4 2 3 
3 3 3 3 3 0 2 2 2 3 1 
3 0 0 1 2 1 2 4 1 4 0 
0 1 1 4 1 0 4 0 0 0 2 
4 4 4 4 4 2 2 3 1 0 3 
1 1 1 1 1 1 0 0 4 0 0 
0 3 0 4 2 3 2 3 2 2 3 
1 1 4 1 1 4 0 2 4 4 4 
0 1 0 0 3 0 0 0 1 0 0 
1 0 0 1 3 0 0 0 1 0 0 
1 3 3 4 2 1 3 0 0 4 3 
1 2 0 3 1 2 1 2 2 2 3 
0 0 0 0 0 0 0 0 0 0 0 
0 3 0 4 2 3 1 2 2 2 3 
0 0 1 0 2 2 4 3 0 4 0 
2 2 2 2 2 1 2 1 0 2 2 
0 0 4 0 2 0 0 0 4 1 2 
0 1 1 0 4 0 0 0 1 0 0 
1 0 3 4 1 4 4 4 3 1 2 
0 4 1 0 0 1 3 3 1 3 2 
4 3 1 3 3 1 1 4 0 0 4 
1 1 3 4 1 4 4 4 3 1 2 
0 3 0 4 2 3 2 3 3 3 3 
3 4 0 2 3 3 0 2 0 1 3 
0 1 1 4 0 1 0 1 1 0 2 
0 3 0 4 2 3 2 3 3 3 4 
0 3 0 4 1 2 1 2 2 2 3 
0 3 0 3 1 2 1 2 2 2 3 
2 1 0 4 4 4 0 3 0 3 1 
0 0 0 4 4 0 0 2 0 0 0 
1 0 1 2 2 2 0 3 2 3 4 
0 1 3 4 3 0 2 1 4 2 4 
1 0 0 3 0 0 4 0 0 0 2 
1 3 4 1 1 0 1 4 0 3 0 
2 2 1 1 3 4 3 2 4 0 0 
0 3 0 4 2 2 1 2 2 2 3 
0 0 0 0 0 1 0 0 4 0 0 
0 1 1 4 0 1 0 1 1 1 2 
0 1 1 4 0 1 0 1 1 1 3 
0 3 0 4 2 3 2 3 3 2 3 
1 1 3 1 1 0 1 0 0 0 0 
0 0 3 0 0 0 1 0 0 0 0 
0 1 1 0 4 1 0 0 1 0 0 
0 1 1 4 0 1 4 0 0 0 2 
0 0 4 0 2 0 0 4 3 1 2 
0 1 1 0 4 1 1 1 1 0 0 
1 1 2 2 2 4 1 2 3 0 0 
1 0 0 3 1 0 4 0 0 0 2 
MFS
[ 0 , - , - , - , 0 , - , - , - , - , - , - ]
[ 0 , - , 0 , - , - , - , - , - , - , - , - ]
[ 0 , - , - , 0 , - , - , - , - , - , - , - ]
[ 0 , 0 , - , - , - , - , - , - , - , - , - ]
precise
1.0
recall
1.0
F-measure
1.0
multi
10
time
all 228 iden 1 gen 227
t-cover
1361
all-cover
1375
coveredNum
(1 : 353)  (2 : 309)  (3 : 175)  (4 : 99)  (5 : 74)  (6 : 67)  (7 : 50)  (8 : 42)  (9 : 45)  (10 : 44)  (11 : 24)  (12 : 23)  (13 : 16)  (14 : 7)  (15 : 7)  (16 : 2)  (17 : 6)  (18 : 9)  (19 : 4)  (20 : 4)  (21 : 3)  (22 : 5)  (23 : 3)  (24 : 2)  (25 : 1)  (27 : 1)  
real Identify
([ 0 , - , - , - , 0 , - , - , - , - , - , - ] : 1)  ([ 0 , - , 0 , - , - , - , - , - , - , - , - ] : 1)  ([ 0 , - , - , 0 , - , - , - , - , - , - , - ] : 1)  ([ 0 , 0 , - , - , - , - , - , - , - , - , - ] : 1)  
testCase Num: 94
regaular Num: 50
identify Num: 44
0 0 0 3 0 0 3 0 0 0 0 
4 3 1 1 0 3 2 2 3 0 1 
1 1 1 2 4 1 3 2 2 4 0 
0 1 1 1 3 1 1 4 0 3 0 
1 0 0 1 1 1 1 0 2 2 1 
0 1 0 1 1 1 1 0 2 2 1 
0 3 2 1 1 3 0 4 1 4 3 
0 0 2 4 0 1 0 0 0 0 0 
0 1 1 0 3 1 1 4 0 3 0 
0 0 0 0 0 0 2 0 4 3 0 
0 1 1 4 0 1 4 1 1 0 0 
0 1 0 2 2 2 2 1 2 2 1 
2 0 1 4 3 0 2 0 1 2 3 
3 4 2 1 4 4 1 3 1 0 0 
3 3 3 2 3 0 2 2 3 1 2 
4 0 2 3 3 3 1 3 4 1 2 
2 4 3 4 0 1 0 3 4 0 2 
0 0 0 0 3 1 1 4 0 3 0 
0 2 1 4 4 0 0 0 0 0 0 
0 1 0 2 1 1 1 0 2 2 1 
4 1 0 4 3 4 0 2 2 1 3 
0 1 1 4 0 1 3 0 0 0 0 
1 0 1 1 1 0 4 0 2 1 0 
0 1 1 0 4 2 2 0 1 3 0 
2 2 2 1 2 2 1 2 2 2 0 
4 0 0 0 2 2 3 1 0 0 0 
0 0 3 1 0 0 0 0 0 0 0 
0 1 1 0 4 1 1 4 0 3 0 
2 1 4 4 2 0 4 4 1 0 2 
1 0 0 3 0 0 3 0 0 0 0 
1 4 1 1 4 2 0 2 3 4 4 
2 0 0 4 4 3 3 1 3 3 4 
1 1 2 2 0 2 4 0 3 3 3 
1 1 1 0 1 1 1 1 1 1 1 
1 3 3 3 2 0 0 1 0 3 1 
0 1 1 4 0 1 4 1 1 1 0 
0 1 1 4 0 1 4 1 1 1 1 
0 1 1 3 0 0 3 0 0 0 0 
0 1 0 2 2 2 2 1 3 3 1 
0 1 0 2 2 2 2 1 3 3 2 
0 0 0 0 0 0 0 0 0 0 0 
1 0 0 1 3 1 1 4 0 3 0 
0 1 1 4 1 0 3 0 0 0 0 
0 1 3 3 2 3 2 0 4 1 0 
4 4 3 2 1 3 4 1 0 2 0 
1 0 0 3 1 2 2 2 1 2 2 
1 4 4 4 1 0 3 4 2 3 0 
0 0 0 1 1 1 1 0 2 2 1 
1 0 0 1 1 0 0 0 0 0 0 
1 0 2 4 1 1 0 0 0 0 0 
4 4 4 3 4 1 2 3 2 0 3 
0 4 0 0 4 2 0 2 3 4 4 
1 0 1 1 1 1 1 0 2 2 1 
0 1 0 0 3 1 1 4 0 3 0 
1 0 0 3 1 0 3 0 0 0 0 
1 0 0 0 0 3 0 0 0 0 0 
0 1 1 1 1 1 1 0 2 2 1 
1 0 0 2 2 4 4 3 4 4 1 
2 2 2 0 4 3 2 4 0 1 1 
3 3 0 1 0 4 2 0 1 1 4 
0 1 1 4 0 1 4 1 0 0 0 
0 2 0 3 0 4 2 1 0 4 3 
0 1 1 0 4 2 1 4 0 3 0 
3 0 4 1 1 0 0 2 4 0 1 
0 1 0 2 2 2 2 1 3 2 1 
1 2 1 3 1 4 2 1 0 4 3 
0 4 4 4 3 2 3 0 0 1 1 
4 0 3 0 3 0 1 4 2 4 4 
0 1 1 0 4 2 2 4 0 3 0 
3 3 4 4 0 3 1 1 2 4 2 
0 1 0 2 2 2 1 0 2 2 1 
0 1 1 0 4 2 2 0 0 3 0 
2 3 1 3 3 1 4 0 3 4 0 
1 0 1 2 1 0 0 0 1 0 0 
4 2 3 0 0 4 3 0 1 3 2 
1 0 3 1 1 0 0 0 0 0 0 
0 0 0 2 0 0 0 0 1 0 0 
0 1 1 4 0 1 4 0 0 0 0 
0 1 0 2 2 1 1 0 2 2 1 
0 0 0 0 0 0 4 0 2 1 0 
0 1 1 4 0 0 3 0 0 0 0 
0 1 0 2 2 2 2 0 2 2 1 
0 4 1 2 2 4 1 4 3 0 3 
3 3 3 0 4 2 3 3 4 2 3 
1 0 0 0 3 1 1 4 0 3 0 
3 2 4 0 2 1 4 2 0 3 4 
0 1 0 3 0 0 3 0 0 0 0 
0 1 1 1 4 0 4 3 0 3 2 
1 2 2 1 3 0 3 1 4 0 4 
1 0 0 0 1 0 2 0 4 3 0 
3 1 1 3 0 2 0 4 4 2 4 
0 1 1 0 4 2 2 0 1 4 1 
0 1 1 0 4 2 2 0 1 4 0 
2 2 4 2 1 4 0 3 3 2 4 
MFS
[ 0 , - , - , - , 0 , - , - , - , - , - , - ]
[ 0 , - , 0 , - , - , - , - , - , - , - , - ]
[ 0 , - , - , 0 , - , - , - , - , - , - , - ]
precise
1.0
recall
0.75
F-measure
0.8571428571428571
multi
11
time
all 304 iden 0 gen 304
t-cover
1367
all-cover
1375
coveredNum
(1 : 417)  (2 : 358)  (3 : 185)  (4 : 83)  (5 : 48)  (6 : 38)  (7 : 46)  (8 : 37)  (9 : 40)  (10 : 39)  (11 : 16)  (12 : 8)  (13 : 12)  (14 : 9)  (15 : 5)  (16 : 7)  (17 : 5)  (18 : 1)  (19 : 7)  (20 : 4)  (21 : 1)  (22 : 1)  (23 : 3)  (27 : 1)  (28 : 2)  (30 : 1)  (32 : 1)  
real Identify
([ 0 , - , - , - , 0 , - , - , - , - , - , - ] : 1)  ([ 0 , - , 0 , - , - , - , - , - , - , - , - ] : 1)  ([ 0 , - , - , 0 , - , - , - , - , - , - , - ] : 1)  
testCase Num: 97
regaular Num: 51
identify Num: 46
0 0 4 0 0 0 0 0 0 3 0 
1 2 3 3 1 2 1 4 2 0 0 
2 0 2 4 0 2 0 3 0 2 1 
0 1 1 0 3 0 0 2 4 0 0 
0 1 1 1 3 0 0 2 4 0 0 
0 3 0 2 3 1 4 0 0 1 3 
3 3 0 4 0 2 0 0 0 3 2 
0 2 2 2 2 1 0 2 1 1 4 
1 0 2 1 1 4 1 4 0 0 0 
3 4 0 3 2 1 0 2 0 0 0 
0 3 4 4 0 3 2 0 3 0 0 
3 0 4 1 3 2 4 0 1 2 4 
3 4 3 1 1 3 1 2 0 0 3 
4 3 3 3 1 1 2 3 1 2 2 
2 1 0 3 3 1 2 4 3 0 2 
1 3 0 2 3 1 4 0 0 1 3 
1 0 4 2 1 0 0 0 0 1 0 
0 2 3 3 0 2 1 4 2 0 0 
3 2 0 4 0 4 2 1 4 0 1 
0 4 0 3 4 2 4 0 0 1 3 
0 0 2 0 1 4 1 4 0 0 0 
0 4 0 3 3 1 4 0 0 1 3 
1 2 1 3 1 4 4 0 4 0 4 
1 0 2 3 4 0 1 0 3 1 2 
0 4 0 3 4 2 0 1 0 1 3 
0 0 4 2 0 0 0 0 0 1 0 
1 0 1 1 2 0 4 4 0 0 1 
0 3 4 4 0 3 1 4 2 0 0 
1 3 4 1 0 0 3 4 2 4 0 
2 1 1 0 0 1 3 0 1 2 3 
3 2 2 3 0 2 3 3 3 3 3 
1 4 2 0 1 0 1 2 4 3 1 
0 1 1 0 4 1 1 2 4 0 0 
1 0 1 1 4 3 3 0 0 0 0 
1 0 1 1 0 0 0 0 0 0 0 
0 3 4 4 1 2 1 4 2 0 0 
0 3 4 4 0 3 2 0 2 0 0 
0 1 4 0 0 4 2 3 1 0 0 
0 3 4 3 0 2 1 4 2 0 0 
1 2 3 3 0 2 1 4 2 0 0 
0 0 1 0 0 0 0 0 0 4 0 
1 0 4 1 0 0 0 0 0 3 0 
1 0 0 0 3 0 0 2 4 0 0 
0 3 4 3 1 3 0 1 3 4 1 
2 1 2 1 2 3 2 0 0 3 4 
0 3 4 4 0 3 2 0 3 1 0 
4 2 0 1 4 2 0 1 2 4 3 
1 3 1 2 3 1 4 0 0 1 3 
0 3 4 4 0 3 2 0 3 1 1 
4 3 2 2 2 3 1 4 4 0 4 
0 4 0 3 4 2 0 1 1 1 3 
0 0 0 0 3 0 0 2 4 0 0 
1 0 3 1 1 0 0 1 0 0 0 
4 4 1 4 0 3 4 3 2 1 2 
2 4 2 0 4 1 4 1 2 3 0 
2 2 1 2 1 0 2 2 2 2 2 
0 4 0 3 4 2 0 1 1 2 4 
0 4 0 3 4 2 0 1 1 2 3 
0 3 3 3 0 2 1 4 2 0 0 
0 3 4 4 0 2 1 4 2 0 0 
2 0 4 4 4 1 1 2 4 4 3 
1 0 0 1 3 0 0 2 4 0 0 
4 2 4 0 2 0 3 1 0 2 2 
0 1 0 0 3 0 0 2 4 0 0 
1 0 1 2 2 2 2 4 3 2 0 
0 4 1 4 3 0 0 4 1 3 3 
0 0 0 0 0 0 0 0 0 0 0 
2 3 3 0 0 4 4 2 3 1 4 
1 2 0 0 3 3 1 3 1 2 0 
3 1 0 2 2 0 4 3 2 4 4 
0 0 0 0 2 0 4 4 0 0 1 
0 1 1 0 4 0 0 2 4 0 0 
0 4 1 2 3 1 4 0 0 1 3 
0 4 0 3 4 1 4 0 0 1 3 
4 0 3 2 3 4 3 0 2 3 1 
0 0 3 0 0 0 0 1 0 0 0 
3 3 1 0 4 2 2 4 0 1 1 
1 1 1 1 0 1 1 1 1 1 1 
0 3 4 4 0 3 2 4 2 0 0 
0 1 1 0 4 1 1 3 0 1 1 
0 1 1 0 4 1 1 3 0 1 0 
1 0 1 4 1 0 0 0 3 0 4 
0 4 0 3 4 2 0 0 0 1 3 
0 1 1 0 4 1 0 2 4 0 0 
1 1 4 1 1 4 2 3 1 0 0 
4 1 0 4 1 2 3 2 4 1 0 
1 4 3 4 2 4 2 0 0 4 3 
1 0 2 0 3 3 0 1 1 4 2 
0 0 0 0 4 3 3 0 0 0 0 
0 0 0 4 0 0 0 0 3 0 4 
0 1 1 0 4 1 1 3 4 0 0 
0 4 0 2 3 1 4 0 0 1 3 
0 1 3 1 4 4 0 3 4 2 2 
4 4 3 1 0 0 0 0 3 2 0 
0 1 1 0 4 1 1 3 0 0 0 
1 0 1 1 1 0 0 0 0 4 0 
0 4 4 2 4 2 3 1 1 0 4 
MFS
[ 0 , - , - , - , 0 , - , - , - , - , - , - ]
[ 0 , - , 0 , - , - , - , - , - , - , - , - ]
[ 0 , - , - , 0 , - , - , - , - , - , - , - ]
precise
1.0
recall
0.75
F-measure
0.8571428571428571
multi
11
time
all 437 iden 1 gen 436
t-cover
1372
all-cover
1375
coveredNum
(1 : 386)  (2 : 311)  (3 : 185)  (4 : 131)  (5 : 55)  (6 : 59)  (7 : 47)  (8 : 37)  (9 : 45)  (10 : 23)  (11 : 24)  (12 : 22)  (13 : 9)  (14 : 6)  (15 : 14)  (16 : 1)  (17 : 6)  (18 : 3)  (19 : 3)  (20 : 2)  (21 : 2)  (22 : 1)  (26 : 1)  (28 : 1)  (33 : 1)  
real Identify
([ 0 , - , - , - , 0 , - , - , - , - , - , - ] : 1)  ([ 0 , - , 0 , - , - , - , - , - , - , - , - ] : 1)  ([ 0 , - , - , 0 , - , - , - , - , - , - , - ] : 1)  
testCase Num: 83
regaular Num: 49
identify Num: 34
3 4 4 0 1 2 4 4 2 0 3 
0 4 2 2 2 3 4 1 3 1 1 
1 0 0 2 0 0 0 0 0 0 0 
4 1 2 3 0 4 4 4 4 1 0 
0 4 1 0 0 0 1 1 4 3 4 
4 4 3 4 3 3 2 0 1 3 2 
0 3 0 0 4 4 1 1 4 3 4 
0 0 0 0 0 0 4 0 0 4 0 
2 4 0 1 0 1 2 4 0 4 2 
4 0 4 0 2 1 3 3 2 3 1 
2 3 2 3 3 2 1 4 0 3 3 
1 3 0 4 0 2 3 0 2 2 1 
3 2 2 2 2 4 1 0 1 4 0 
0 0 2 4 3 1 3 1 1 0 0 
2 2 2 2 2 2 0 1 2 1 2 
0 4 2 0 4 0 2 2 2 0 0 
0 4 1 0 4 4 1 1 4 3 4 
0 0 2 3 3 1 3 1 1 0 0 
0 0 2 4 4 2 4 2 2 1 1 
1 1 1 3 3 1 3 1 1 0 0 
0 4 1 1 4 4 1 1 4 3 4 
0 4 0 0 0 0 1 0 0 0 0 
3 3 0 3 2 1 2 2 3 2 3 
3 0 1 4 1 4 2 1 0 2 2 
0 0 2 4 4 2 4 2 2 1 0 
0 4 1 0 0 4 1 1 4 3 4 
3 1 3 2 0 0 3 1 0 3 3 
3 2 3 4 4 1 4 2 0 1 4 
1 4 3 3 4 4 0 2 2 0 1 
2 1 4 0 0 3 1 2 1 2 2 
0 1 3 2 4 2 0 4 1 2 0 
1 3 0 0 4 4 1 1 4 3 4 
0 0 2 4 4 2 3 1 1 0 0 
0 0 1 3 3 1 3 1 1 0 0 
0 0 0 0 0 3 0 0 4 0 0 
4 3 1 1 1 3 0 2 2 3 0 
1 4 0 1 0 0 1 0 0 0 0 
0 0 0 0 0 0 0 0 0 0 0 
0 0 0 0 0 0 0 0 2 0 4 
0 1 1 3 3 1 3 1 1 0 0 
1 4 2 1 4 0 2 2 2 0 0 
3 4 2 1 3 1 0 3 4 2 4 
0 2 4 1 3 4 0 3 2 0 3 
0 0 2 4 4 2 4 2 1 0 0 
2 3 4 2 1 0 4 0 1 0 4 
1 2 2 3 1 0 3 0 4 3 2 
1 2 4 3 4 3 3 3 0 4 4 
4 2 1 1 2 0 4 4 0 2 1 
0 4 1 0 0 0 2 2 0 3 4 
0 0 0 2 1 1 4 3 1 1 2 
1 0 3 0 2 0 1 4 3 1 4 
1 0 0 1 0 0 4 0 0 4 0 
0 4 0 0 4 4 1 1 4 3 4 
4 1 0 0 3 0 1 1 2 4 3 
4 1 1 2 0 2 2 3 3 0 4 
3 0 0 0 0 3 0 0 3 0 1 
0 4 1 0 0 0 2 2 4 3 4 
2 3 3 4 1 0 1 3 3 4 0 
0 0 2 4 4 2 4 1 1 0 0 
0 4 1 0 0 0 2 2 0 4 0 
1 1 0 1 0 3 0 0 4 0 0 
1 1 1 2 3 2 2 2 4 4 1 
1 2 4 0 3 0 2 1 3 1 0 
2 2 3 1 0 2 0 0 4 0 1 
0 4 1 0 0 0 2 2 0 4 4 
1 1 0 1 0 0 0 0 2 0 4 
1 1 2 4 2 3 3 4 1 0 3 
1 3 0 1 0 0 0 0 0 1 2 
1 3 0 1 4 4 1 1 4 3 4 
1 2 0 0 3 3 4 0 3 3 0 
0 3 0 0 0 0 0 0 0 1 2 
1 1 1 1 1 1 1 1 1 0 1 
2 0 1 1 4 4 3 0 3 1 3 
0 0 1 2 3 2 2 2 4 4 1 
1 0 1 3 3 1 3 1 1 0 0 
1 1 0 2 1 1 4 3 1 1 2 
0 0 2 4 2 3 3 4 1 0 3 
4 4 1 0 4 0 3 2 3 0 2 
0 0 2 4 4 2 4 2 2 0 0 
0 4 1 0 0 0 2 1 4 3 4 
1 1 4 4 2 1 0 0 4 4 3 
0 0 2 4 4 1 3 1 1 0 0 
1 1 0 1 0 0 0 0 0 0 0 
MFS
[ 0 , - , - , 0 , - , - , - , - , - , - , - ]
[ 0 , 0 , - , - , - , - , - , - , - , - , - ]
precise
1.0
recall
0.5
F-measure
0.6666666666666666
multi
8
time
all 347 iden 0 gen 346
t-cover
1357
all-cover
1375
coveredNum
(1 : 416)  (2 : 359)  (3 : 192)  (4 : 99)  (5 : 72)  (6 : 46)  (7 : 42)  (8 : 46)  (9 : 28)  (10 : 23)  (11 : 17)  (12 : 13)  (13 : 5)  (14 : 3)  (15 : 4)  (16 : 5)  (17 : 3)  (18 : 1)  (20 : 1)  
real Identify
([ 0 , - , - , 0 , - , - , - , - , - , - , - ] : 1)  ([ 0 , 0 , - , - , - , - , - , - , - , - , - ] : 1)  
testCase Num: 67
regaular Num: 48
identify Num: 19
0 3 2 1 1 3 0 4 3 0 4 
1 2 0 3 0 0 4 0 0 0 2 
2 4 2 0 0 3 4 1 3 1 3 
0 0 0 0 2 4 0 0 0 4 0 
3 4 3 3 2 0 2 0 4 1 3 
0 0 0 0 2 2 0 1 1 1 1 
2 0 2 0 1 0 2 3 1 4 2 
0 0 0 1 3 3 1 2 1 1 1 
2 2 2 2 2 2 2 2 2 2 0 
2 4 1 3 3 1 0 0 1 3 0 
1 2 0 3 1 4 1 4 2 3 3 
1 1 1 1 1 1 1 1 1 1 0 
3 2 0 2 3 4 4 1 3 0 0 
0 4 4 2 1 1 3 2 0 2 3 
0 3 3 1 3 3 2 1 0 4 3 
1 1 1 2 4 3 4 0 2 4 1 
0 0 0 1 2 2 0 1 1 1 1 
1 0 0 0 0 0 0 0 0 0 0 
4 0 3 2 1 3 4 2 1 3 1 
3 0 1 0 3 2 1 4 4 2 4 
1 0 1 0 0 0 0 0 3 0 0 
4 3 2 1 2 3 1 0 2 1 2 
2 4 4 1 4 4 3 0 1 0 4 
1 4 4 0 2 2 0 1 1 1 1 
0 2 0 3 1 4 1 4 2 3 3 
4 2 3 0 0 1 3 1 2 0 4 
0 0 0 1 0 0 0 2 0 0 0 
0 0 2 0 4 1 2 0 4 0 3 
2 0 3 0 0 0 0 0 0 0 0 
1 1 2 0 4 4 2 4 0 3 1 
0 0 0 0 0 0 0 0 0 0 0 
0 0 1 0 0 0 0 0 3 0 0 
0 0 0 1 3 3 1 1 1 1 1 
4 4 0 4 2 1 4 4 4 4 2 
1 0 4 3 2 0 4 1 3 3 4 
2 3 0 0 4 0 3 2 0 4 0 
1 0 3 1 3 1 3 4 1 1 3 
0 4 4 0 2 2 0 1 1 1 1 
1 3 0 1 0 2 4 3 1 2 1 
1 0 2 0 4 1 2 0 4 0 3 
1 0 3 4 4 4 1 3 3 1 0 
3 3 4 4 1 3 0 0 4 4 0 
1 0 0 1 0 0 0 2 0 0 0 
4 0 0 0 1 2 0 0 0 4 0 
3 0 0 0 0 3 3 3 2 2 4 
0 0 0 1 3 2 0 1 1 1 1 
3 1 0 2 4 0 1 2 0 1 4 
2 2 0 3 0 3 2 2 3 4 4 
0 0 0 1 3 3 1 2 2 1 1 
3 3 2 3 0 1 3 3 3 3 1 
0 1 1 4 2 2 3 3 0 0 3 
0 0 0 1 3 3 0 1 1 1 1 
4 4 1 2 0 4 0 3 4 2 3 
0 2 0 3 0 0 4 0 0 0 2 
2 1 4 4 0 0 1 4 4 0 1 
4 1 3 3 4 2 0 0 3 2 2 
0 0 0 1 3 3 1 2 2 2 1 
1 0 0 0 2 4 0 0 0 4 0 
4 1 4 4 3 0 2 1 0 2 2 
0 0 0 1 3 3 1 2 2 2 2 
1 2 4 4 3 0 0 3 2 1 1 
1 3 1 2 0 4 2 2 4 0 2 
3 2 1 1 4 0 3 1 4 3 2 
1 4 0 2 0 0 1 4 2 4 0 
3 2 2 4 3 2 0 2 1 3 4 
0 0 4 0 2 2 0 1 1 1 1 
0 0 3 4 4 4 1 3 3 1 0 
MFS
[ 0 , - , - , - , - , - , - , - , - , - , - ]
precise
0.0
recall
0.0
F-measure
0.0
multi
6
time
all 311 iden 0 gen 311
t-cover
1355
all-cover
1375
coveredNum
(1 : 487)  (2 : 388)  (3 : 226)  (4 : 92)  (5 : 43)  (6 : 26)  (7 : 31)  (8 : 31)  (9 : 17)  (10 : 13)  (11 : 12)  (12 : 4)  (14 : 1)  (15 : 2)  (16 : 1)  (17 : 1)  
real Identify

testCase Num: 84
regaular Num: 51
identify Num: 33
1 4 2 2 3 3 0 1 0 4 2 
1 1 0 0 3 3 1 2 3 3 4 
0 3 0 0 0 0 3 1 1 3 0 
0 4 1 1 0 1 3 1 1 3 0 
0 0 1 0 2 0 3 3 3 1 2 
0 4 0 4 2 0 3 3 3 1 2 
2 4 2 3 3 0 1 0 0 2 3 
3 1 4 3 4 4 0 2 0 1 3 
0 0 0 4 0 0 4 0 0 0 0 
4 1 4 4 4 2 1 0 0 0 1 
4 2 0 3 4 0 2 4 2 4 1 
0 4 1 1 1 0 3 1 1 3 0 
0 3 0 0 0 0 0 2 0 0 0 
0 4 1 1 0 1 4 1 1 3 0 
0 0 1 0 3 1 4 4 3 1 2 
0 0 0 2 0 0 1 0 4 0 0 
1 3 0 0 0 0 3 1 1 3 0 
3 2 0 1 2 2 1 3 2 3 2 
3 4 3 0 1 2 2 2 4 0 1 
2 3 1 1 0 3 2 4 3 1 0 
4 0 1 2 4 3 3 2 3 0 1 
1 0 0 0 3 0 0 4 0 0 0 
0 4 4 4 1 3 0 1 2 2 0 
0 4 3 3 4 1 4 4 1 3 4 
0 0 1 0 3 1 4 4 4 2 3 
0 0 0 0 0 0 0 0 0 0 0 
2 3 1 0 2 2 4 3 0 4 1 
1 0 2 3 4 2 3 4 4 1 0 
4 0 4 2 1 1 2 1 0 3 3 
1 0 0 3 0 0 4 3 4 2 1 
1 0 3 4 1 2 1 2 0 4 4 
2 2 4 2 2 0 0 2 1 0 4 
0 4 1 1 0 1 4 2 1 3 0 
1 3 0 2 1 4 2 3 1 2 3 
0 3 2 3 3 1 0 3 3 3 1 
1 0 0 4 1 0 4 0 0 0 0 
1 1 1 1 1 0 1 1 1 1 1 
2 2 2 4 1 4 1 0 4 3 0 
3 1 2 2 1 4 3 4 0 0 4 
1 0 0 0 1 0 0 0 0 2 4 
0 4 1 0 0 0 3 1 1 3 0 
1 0 0 1 1 0 0 0 0 0 3 
0 1 2 1 3 2 4 2 1 4 0 
0 0 1 0 3 1 4 4 4 2 2 
4 1 2 0 0 2 0 4 1 2 2 
2 1 3 0 0 3 0 3 0 0 0 
3 0 4 1 1 4 4 0 3 4 2 
0 0 0 4 2 0 3 3 3 1 2 
0 0 1 0 3 1 3 3 3 1 2 
0 2 4 0 0 1 2 0 0 1 4 
0 4 1 1 0 1 4 2 2 4 1 
0 0 1 0 3 1 4 4 4 1 2 
0 3 0 2 1 4 2 3 1 2 3 
2 1 0 0 4 1 3 1 4 4 3 
0 4 1 1 0 1 4 2 2 4 0 
0 0 0 0 3 0 0 4 0 0 0 
1 3 0 0 1 0 3 1 1 3 0 
4 3 4 1 3 3 3 3 4 0 4 
0 0 1 0 3 0 3 3 3 1 2 
0 0 3 4 0 2 1 2 0 4 4 
1 2 3 0 3 4 3 0 2 1 1 
2 0 2 1 2 1 2 2 2 2 2 
1 1 0 0 2 4 2 4 0 0 0 
1 4 0 4 2 0 3 3 3 1 2 
1 3 0 0 1 0 0 2 0 0 0 
1 0 0 2 1 0 1 0 4 0 0 
0 0 0 0 0 0 0 0 0 2 4 
0 4 1 1 0 1 4 2 2 3 0 
0 0 1 4 2 0 3 3 3 1 2 
0 0 1 0 3 1 4 3 3 1 2 
3 2 3 2 0 2 3 1 3 2 3 
1 3 4 4 0 1 1 4 2 0 3 
0 0 0 1 0 0 0 0 0 0 3 
4 1 3 2 2 1 4 0 2 1 0 
0 3 1 3 1 1 0 0 4 0 2 
0 2 1 3 2 3 4 1 4 0 3 
0 4 1 1 0 0 3 1 1 3 0 
3 0 1 4 3 3 2 0 1 2 0 
3 3 3 1 4 0 1 3 0 2 2 
3 0 0 0 0 1 0 0 0 0 0 
4 4 1 1 0 4 0 1 2 3 4 
1 2 4 0 1 1 2 0 0 1 4 
0 4 0 0 0 0 3 1 1 3 0 
1 0 0 0 1 0 0 0 0 0 0 
MFS
[ 0 , - , - , - , - , - , - , - , - , - , - ]
[ 0 , - , - , - , 0 , - , - , - , - , - , - ]
precise
0.5
recall
0.25
F-measure
0.3333333333333333
multi
10
time
all 289 iden 0 gen 289
t-cover
1364
all-cover
1375
coveredNum
(1 : 394)  (2 : 373)  (3 : 207)  (4 : 121)  (5 : 60)  (6 : 37)  (7 : 34)  (8 : 29)  (9 : 31)  (10 : 26)  (11 : 20)  (12 : 10)  (13 : 7)  (14 : 9)  (15 : 4)  (16 : 4)  (17 : 6)  (18 : 1)  (20 : 1)  (23 : 1)  
real Identify
([ 0 , - , - , - , 0 , - , - , - , - , - , - ] : 1)  
testCase Num: 79
regaular Num: 49
identify Num: 30
0 2 0 4 2 3 3 1 0 0 3 
1 4 1 1 3 1 4 3 3 2 4 
4 0 4 0 2 4 1 3 2 4 3 
2 2 0 2 2 2 2 2 2 2 2 
0 0 0 3 0 2 0 0 0 0 0 
0 0 4 0 0 0 3 0 0 0 0 
0 3 0 0 3 4 4 2 0 0 3 
0 3 3 3 2 0 0 4 3 1 1 
0 1 0 1 1 1 4 0 0 0 0 
0 1 2 4 4 0 1 1 4 3 2 
4 0 2 1 3 0 2 3 1 1 2 
2 3 1 3 0 4 1 4 1 0 2 
1 3 3 0 4 3 0 1 0 2 3 
2 0 1 0 1 1 4 1 0 0 4 
4 2 4 3 3 0 4 4 1 2 0 
1 3 2 3 1 3 4 0 0 4 2 
3 4 1 3 0 0 3 2 2 4 1 
0 1 0 0 0 0 3 0 0 0 0 
0 3 0 0 2 3 3 1 0 0 3 
1 2 3 0 1 3 2 3 2 3 1 
1 2 2 0 3 4 3 2 3 1 0 
1 2 1 4 2 3 3 1 0 0 3 
1 0 1 1 0 4 4 1 0 0 0 
1 1 0 1 1 1 1 1 1 1 1 
2 0 2 4 0 2 4 0 3 1 3 
0 2 4 4 3 1 1 0 0 2 0 
0 3 0 0 3 4 4 1 0 0 3 
0 0 0 0 0 0 0 0 0 0 0 
3 0 1 3 3 3 2 1 3 3 3 
0 1 0 1 1 1 4 1 1 0 0 
0 4 3 4 1 4 2 2 1 4 0 
1 1 1 1 4 2 0 4 1 4 3 
0 3 0 4 2 3 3 1 0 0 3 
1 0 1 2 1 0 3 4 4 2 3 
3 1 4 4 1 4 1 2 0 3 4 
0 4 0 1 3 1 4 3 3 2 4 
3 3 2 0 0 1 0 0 2 0 0 
2 1 1 0 2 3 3 0 1 3 0 
0 3 0 0 3 4 3 1 0 0 3 
1 0 1 0 0 0 0 0 4 1 0 
3 3 0 1 2 1 2 4 0 4 0 
4 4 0 1 0 3 1 0 3 3 1 
0 3 0 0 3 3 3 1 0 0 3 
4 4 4 0 1 2 0 1 3 0 2 
3 0 4 2 4 3 4 2 1 1 1 
0 3 0 0 3 4 4 2 1 0 3 
0 1 0 1 1 0 3 0 0 0 0 
0 1 0 1 1 1 4 1 1 1 0 
0 0 0 0 0 0 0 0 4 1 0 
1 0 4 3 4 1 2 3 0 0 0 
0 1 0 1 1 1 4 1 1 1 1 
3 2 3 1 4 1 3 0 2 0 2 
2 4 3 2 3 2 1 0 0 0 1 
1 0 1 0 0 0 0 0 0 0 0 
0 0 1 1 0 4 4 1 0 0 0 
1 0 4 0 0 0 3 0 0 0 0 
2 3 3 2 3 0 0 3 4 4 0 
2 4 0 0 4 0 0 4 2 1 3 
0 1 4 0 0 0 3 0 0 0 0 
2 3 4 1 0 1 0 2 4 3 3 
0 1 3 2 3 2 4 1 2 3 0 
0 1 0 1 1 1 3 0 0 0 0 
1 2 1 4 0 2 0 1 2 4 4 
0 1 0 1 0 0 3 0 0 0 0 
0 0 0 0 4 0 0 0 3 4 4 
0 3 0 0 3 4 4 2 1 1 4 
1 4 2 0 2 3 4 4 4 0 4 
4 0 3 2 0 1 2 2 1 0 4 
0 3 0 0 3 4 4 2 1 1 3 
4 1 0 3 4 4 2 0 4 0 4 
0 1 0 1 1 1 4 1 0 0 0 
0 3 1 4 2 3 3 1 0 0 3 
0 3 3 0 4 3 0 1 0 2 3 
1 0 1 3 0 2 0 0 0 0 0 
3 1 2 2 0 4 0 3 3 2 1 
4 3 1 4 4 2 3 3 0 1 4 
3 2 0 4 0 2 0 4 4 3 1 
1 2 0 4 2 3 3 1 0 0 3 
1 0 1 0 4 0 0 0 3 4 4 
MFS
[ 0 , - , - , - , - , - , - , - , - , - , - ]
[ 0 , - , 0 , - , - , - , - , - , - , - , - ]
precise
0.5
recall
0.25
F-measure
0.3333333333333333
multi
6
time
all 258 iden 0 gen 258
t-cover
1365
all-cover
1375
coveredNum
(1 : 442)  (2 : 377)  (3 : 213)  (4 : 90)  (5 : 48)  (6 : 43)  (7 : 32)  (8 : 37)  (9 : 18)  (10 : 17)  (11 : 17)  (12 : 16)  (13 : 2)  (14 : 4)  (15 : 5)  (16 : 4)  (17 : 3)  (18 : 2)  (19 : 1)  (21 : 2)  (24 : 1)  (28 : 1)  
real Identify
([ 0 , - , 0 , - , - , - , - , - , - , - , - ] : 1)  
testCase Num: 93
regaular Num: 49
identify Num: 44
1 0 1 1 1 0 0 0 0 3 4 
0 3 2 0 0 1 4 2 3 1 2 
0 0 0 0 0 0 4 0 4 0 0 
1 0 1 1 1 1 0 0 0 4 0 
0 2 1 0 4 0 3 2 3 1 2 
0 1 4 2 2 3 3 0 3 4 0 
2 4 4 0 1 0 1 4 3 2 0 
0 0 0 2 0 0 0 1 0 0 0 
0 0 0 0 0 0 0 3 0 2 0 
0 1 1 1 0 1 4 0 4 0 0 
0 4 0 3 4 0 4 0 3 0 1 
2 2 4 0 0 1 4 3 1 3 3 
0 3 3 2 4 1 2 4 1 1 1 
0 1 1 1 0 1 0 1 0 0 0 
0 3 0 2 3 4 4 0 3 0 1 
1 1 1 1 1 1 1 1 1 1 0 
0 1 1 0 0 0 4 0 4 0 0 
1 1 4 1 2 1 0 3 4 0 2 
0 3 2 0 4 0 3 2 3 1 2 
0 3 2 0 0 1 3 2 3 1 2 
0 4 0 3 4 0 0 1 3 0 1 
1 3 4 3 4 4 0 2 3 4 4 
1 0 1 4 3 1 3 2 1 0 3 
0 1 1 1 0 1 0 1 4 0 0 
3 4 0 3 4 3 4 1 3 3 3 
0 3 2 1 4 0 3 2 3 1 2 
1 3 1 2 3 4 4 0 3 0 1 
0 2 3 1 3 1 2 1 0 2 4 
4 0 2 0 1 0 0 0 0 1 3 
0 1 1 1 0 0 4 0 4 0 0 
0 4 1 2 3 4 4 0 3 0 1 
0 3 2 0 0 1 4 3 4 1 2 
3 3 2 1 3 3 3 3 0 3 2 
1 0 2 2 0 2 4 4 3 2 2 
4 2 3 1 4 0 1 0 0 0 0 
1 0 1 1 1 0 0 0 3 0 0 
0 3 2 0 0 0 3 2 3 1 2 
2 2 3 3 1 3 3 4 4 0 0 
0 0 0 1 0 0 0 0 3 0 0 
0 0 0 0 0 0 0 0 0 0 0 
1 4 2 0 0 3 0 2 0 4 1 
3 0 0 3 3 3 2 4 1 0 2 
0 4 0 3 4 0 0 1 4 1 2 
0 4 0 3 4 0 0 1 4 1 1 
4 4 2 0 2 2 3 1 1 0 4 
4 4 4 1 3 2 0 2 4 1 0 
0 1 2 4 4 2 1 0 4 2 3 
3 2 2 3 2 1 4 0 2 1 0 
1 0 0 0 1 0 4 0 4 0 0 
0 3 2 0 0 1 4 3 4 2 3 
3 3 1 2 1 2 1 3 4 4 4 
0 3 2 0 0 1 4 3 4 2 2 
4 4 0 2 1 1 2 0 3 3 2 
3 1 3 0 3 4 1 2 2 0 2 
0 4 1 4 1 4 4 3 0 1 4 
4 3 3 4 2 4 0 4 3 3 0 
2 3 2 0 0 4 2 1 4 4 3 
0 3 1 0 4 0 3 2 3 1 2 
3 0 4 4 0 3 2 1 2 1 1 
0 1 0 0 0 0 4 0 4 0 0 
1 2 0 1 0 4 3 0 1 2 1 
0 4 0 3 4 0 0 1 4 0 1 
0 0 1 0 0 0 0 0 0 3 4 
2 2 1 2 2 2 2 2 0 2 1 
1 3 0 2 3 4 4 0 3 0 1 
0 4 0 2 3 4 4 0 3 0 1 
0 4 0 3 3 4 4 0 3 0 1 
2 2 0 4 3 0 0 1 1 4 2 
1 2 1 0 4 0 3 2 3 1 2 
1 2 1 1 4 0 3 2 3 1 2 
1 0 0 1 1 0 0 3 0 2 0 
1 0 0 2 1 0 0 1 0 0 0 
0 4 0 3 4 4 4 0 3 0 1 
1 0 1 1 1 0 0 0 0 0 0 
4 1 1 0 4 0 2 3 3 0 1 
4 4 3 1 2 0 4 4 2 4 3 
0 3 2 0 0 1 4 3 3 1 2 
1 0 0 0 0 0 4 0 4 0 0 
0 1 1 1 1 0 4 0 4 0 0 
3 3 1 2 1 0 0 0 2 2 3 
0 1 1 1 0 1 0 1 0 1 0 
0 1 1 1 0 1 0 1 0 1 1 
1 1 1 3 1 2 4 2 2 3 1 
2 1 4 0 0 0 0 0 0 0 0 
1 0 3 0 0 2 2 3 2 4 0 
0 1 1 1 0 1 0 0 4 0 0 
0 1 0 3 1 2 4 2 2 3 1 
0 4 0 3 4 0 0 0 3 0 1 
1 0 0 3 2 0 1 3 4 3 1 
0 1 4 0 2 1 0 3 4 0 2 
4 1 1 3 0 3 1 4 0 2 4 
2 0 0 1 4 4 3 0 2 1 4 
0 0 0 0 0 1 0 0 0 4 0 
MFS
[ 0 , - , - , - , 0 , - , - , - , - , - , - ]
[ 0 , - , 0 , - , - , - , - , - , - , - , - ]
[ 0 , - , - , 0 , - , - , - , - , - , - , - ]
precise
1.0
recall
0.75
F-measure
0.8571428571428571
multi
7
time
all 249 iden 1 gen 248
t-cover
1367
all-cover
1375
coveredNum
(1 : 455)  (2 : 313)  (3 : 195)  (4 : 82)  (5 : 39)  (6 : 44)  (7 : 46)  (8 : 27)  (9 : 37)  (10 : 34)  (11 : 22)  (12 : 19)  (13 : 21)  (14 : 8)  (15 : 4)  (16 : 5)  (17 : 6)  (18 : 6)  (19 : 4)  (20 : 4)  (21 : 1)  (22 : 1)  (23 : 1)  (24 : 1)  
real Identify
([ 0 , - , - , - , 0 , - , - , - , - , - , - ] : 1)  ([ 0 , - , 0 , - , - , - , - , - , - , - , - ] : 1)  ([ 0 , - , - , 0 , - , - , - , - , - , - , - ] : 1)  
testCase Num: 106
regaular Num: 51
identify Num: 55
0 0 4 1 1 2 3 3 3 4 0 
0 1 2 0 0 0 0 0 0 0 0 
4 3 2 2 4 3 3 1 0 0 1 
0 0 0 1 2 2 0 2 0 0 4 
0 0 0 2 1 2 3 3 3 4 0 
1 0 0 4 3 1 1 4 3 3 1 
0 0 0 4 4 0 0 0 0 0 0 
0 0 0 0 0 0 0 1 0 0 3 
0 0 4 0 1 1 4 1 0 0 4 
4 1 3 0 2 2 3 4 2 0 1 
0 0 1 3 1 3 1 4 0 4 3 
0 2 3 1 0 1 1 1 1 0 0 
2 4 0 3 2 2 0 1 4 4 1 
0 0 0 0 1 1 4 1 0 0 4 
3 2 1 2 0 2 4 4 1 3 0 
3 0 3 1 3 1 4 0 2 1 1 
1 1 0 0 1 0 0 1 0 0 3 
0 4 1 4 1 1 0 0 0 1 2 
0 0 0 0 3 0 0 3 0 0 1 
0 0 0 2 2 3 4 4 4 4 0 
3 1 0 0 4 2 0 2 2 2 3 
0 2 3 1 0 1 1 1 1 1 0 
0 1 4 1 1 2 3 3 3 4 0 
1 1 2 0 0 0 0 0 0 0 0 
4 2 4 4 3 2 2 0 3 1 3 
1 4 2 3 3 2 1 0 0 2 2 
0 0 0 1 1 2 3 3 3 4 0 
1 1 3 0 1 0 0 0 0 0 2 
3 0 4 0 0 0 0 0 0 0 0 
0 2 3 1 0 1 1 1 1 1 1 
1 1 1 1 1 0 1 1 1 1 1 
1 4 3 0 4 4 1 2 3 4 0 
0 2 3 1 1 0 0 0 0 0 0 
2 3 3 2 3 0 0 0 1 0 3 
0 0 0 0 0 2 2 0 1 0 4 
2 1 2 4 2 0 4 0 3 4 4 
0 0 3 0 1 0 0 0 0 0 2 
4 2 0 0 1 3 0 3 1 4 2 
0 0 0 2 2 3 4 3 3 4 0 
0 2 3 1 0 1 1 1 0 0 0 
1 1 0 0 1 2 2 0 1 0 4 
1 1 1 0 1 0 0 0 0 2 0 
1 1 2 0 1 0 0 0 0 0 0 
0 4 0 0 2 2 0 0 0 1 2 
1 3 4 3 0 4 1 3 2 0 4 
2 3 1 0 2 3 2 3 2 1 0 
1 1 0 4 4 0 0 0 0 0 0 
0 0 0 1 1 1 4 1 0 0 4 
1 0 4 1 1 2 3 3 3 4 0 
1 3 1 4 1 1 0 0 0 1 2 
0 3 0 4 1 1 0 0 0 1 2 
0 4 4 0 1 1 4 1 0 0 4 
3 3 1 4 0 3 0 2 3 3 2 
0 4 0 0 2 2 1 1 0 1 2 
0 0 0 1 2 1 4 1 0 0 4 
1 0 0 3 2 4 4 1 3 2 2 
0 2 3 0 0 0 0 0 0 0 0 
0 2 3 1 0 0 0 0 0 0 0 
2 0 0 0 1 0 1 0 4 3 0 
1 1 0 0 3 0 0 3 0 0 1 
0 2 3 1 0 1 0 0 0 0 0 
2 0 2 2 1 1 2 2 2 2 2 
4 0 1 3 4 1 4 2 1 1 4 
0 4 4 1 4 0 2 4 2 3 2 
0 4 0 0 2 2 1 1 1 2 2 
0 4 0 0 2 2 1 1 1 2 3 
2 2 4 3 4 1 2 3 4 0 0 
0 0 1 0 0 0 0 0 0 2 0 
1 3 0 4 1 1 0 0 0 1 2 
0 0 0 1 2 2 0 1 0 0 4 
4 1 2 0 3 4 1 1 4 3 0 
0 0 0 2 2 2 3 3 3 4 0 
3 4 1 4 1 4 3 0 4 0 2 
0 0 0 0 0 0 0 0 0 0 0 
1 2 0 2 0 0 3 2 4 1 4 
0 0 0 2 2 3 4 4 4 0 1 
4 4 2 4 0 0 3 3 1 2 0 
0 0 0 2 2 3 4 4 4 0 0 
0 4 0 0 2 2 1 1 1 1 2 
3 1 3 3 2 1 3 3 0 3 3 
1 1 0 0 1 0 0 0 0 0 0 
0 4 0 0 2 1 0 0 0 1 2 
3 2 3 4 0 1 2 1 2 4 1 
0 0 0 1 2 2 0 2 1 0 4 
1 4 4 0 1 1 4 1 0 0 4 
0 3 3 1 3 3 4 4 4 2 4 
1 1 4 1 1 2 3 3 3 4 0 
3 0 2 3 4 0 1 0 3 0 4 
1 1 0 1 2 4 2 2 0 0 2 
0 4 0 4 1 1 0 0 0 1 2 
0 4 0 0 2 2 1 0 0 1 2 
0 0 0 1 2 2 4 1 0 0 4 
4 0 0 1 0 0 0 0 0 0 0 
1 1 1 3 1 3 1 4 0 4 3 
0 0 0 2 2 3 4 4 3 4 0 
1 4 0 2 0 3 4 3 4 1 3 
0 0 0 1 2 2 0 2 1 1 4 
0 2 2 0 0 0 0 0 0 0 0 
0 4 0 0 1 1 0 0 0 1 2 
1 1 4 2 0 3 0 0 3 3 4 
2 2 2 1 0 4 0 4 0 1 3 
0 2 4 2 2 4 1 2 1 2 1 
0 2 3 1 0 1 1 0 0 0 0 
0 0 0 2 2 3 3 3 3 4 0 
0 0 0 1 2 2 0 2 1 1 0 
2 3 1 2 3 2 3 2 0 4 0 
MFS
[ 0 , - , - , - , - , - , - , - , - , - , - ]
[ 0 , - , - , - , 0 , - , - , - , - , - , - ]
[ 0 , - , 0 , - , - , - , - , - , - , - , - ]
[ 0 , 0 , - , - , - , - , - , - , - , - , - ]
precise
0.75
recall
0.75
F-measure
0.75
multi
8
time
all 273 iden 0 gen 272
t-cover
1368
all-cover
1375
coveredNum
(1 : 386)  (2 : 311)  (3 : 191)  (4 : 94)  (5 : 69)  (6 : 52)  (7 : 49)  (8 : 34)  (9 : 34)  (10 : 25)  (11 : 32)  (12 : 16)  (13 : 17)  (14 : 12)  (15 : 7)  (16 : 4)  (17 : 5)  (18 : 2)  (19 : 6)  (20 : 3)  (21 : 7)  (22 : 3)  (23 : 2)  (24 : 4)  (25 : 1)  (26 : 1)  (27 : 1)  (28 : 2)  (29 : 1)  (31 : 1)  (33 : 3)  
real Identify
([ 0 , - , - , - , 0 , - , - , - , - , - , - ] : 1)  ([ 0 , - , 0 , - , - , - , - , - , - , - , - ] : 1)  ([ 0 , 0 , - , - , - , - , - , - , - , - , - ] : 1)  
testCase Num: 70
regaular Num: 49
identify Num: 21
1 4 0 2 4 4 1 3 3 2 1 
0 1 1 0 1 0 2 0 0 0 0 
1 0 4 2 1 2 3 2 0 2 4 
0 1 1 0 1 1 3 1 1 0 0 
4 4 4 1 4 1 0 1 0 3 3 
1 4 3 4 3 1 4 0 2 1 0 
0 0 0 4 0 0 2 0 0 0 0 
4 3 1 0 1 2 4 3 0 4 2 
3 2 4 0 0 3 1 2 4 2 3 
1 0 0 0 0 0 0 0 0 0 0 
0 1 4 4 0 0 1 4 0 1 0 
1 0 0 1 0 0 0 0 0 0 2 
1 2 2 1 0 2 1 4 0 4 0 
2 3 4 4 0 1 4 1 1 3 1 
1 3 0 0 0 0 1 0 0 0 0 
4 1 2 0 4 1 1 0 3 1 1 
1 1 4 0 4 4 2 3 1 3 2 
0 1 0 4 0 0 2 0 0 0 0 
0 0 0 0 4 0 0 0 0 0 4 
0 1 1 0 1 1 3 1 1 1 0 
0 1 1 0 1 1 3 1 1 1 1 
4 0 0 0 0 0 0 4 0 0 0 
4 0 4 3 0 4 2 3 2 1 4 
1 2 1 2 0 0 4 0 3 3 4 
4 0 2 0 0 0 4 2 0 0 0 
2 4 3 0 0 1 3 4 1 4 4 
0 0 0 0 0 0 0 0 0 0 0 
2 2 2 2 1 1 2 0 2 2 2 
2 1 1 4 2 4 0 2 0 2 0 
1 4 4 0 2 3 2 0 3 4 0 
1 1 1 1 1 0 1 1 1 1 1 
3 4 2 0 1 2 0 1 3 0 4 
0 4 1 3 3 1 2 2 1 0 2 
1 3 0 1 2 3 4 2 2 1 4 
3 3 3 1 3 0 2 4 0 2 1 
0 0 0 1 3 3 2 0 0 3 3 
0 1 2 3 1 3 3 4 2 3 0 
3 3 1 2 2 1 0 3 2 0 3 
0 1 1 0 1 1 3 1 0 0 0 
3 1 0 2 3 2 2 1 4 4 0 
2 3 1 2 2 3 3 4 3 1 0 
4 2 4 4 3 3 3 3 3 0 1 
3 0 3 3 2 2 1 2 3 3 2 
0 1 3 4 3 4 0 1 4 4 4 
2 2 0 3 0 3 4 1 0 2 2 
0 3 0 1 2 3 4 2 2 1 4 
1 2 0 0 0 4 3 0 0 0 0 
2 0 1 3 4 0 0 2 2 4 1 
4 3 1 3 2 2 0 0 4 3 1 
2 4 2 1 2 0 3 3 4 4 3 
4 2 3 2 4 3 0 3 1 1 0 
3 1 3 1 1 4 4 0 3 0 3 
1 3 2 3 4 4 4 4 4 0 3 
0 3 0 0 0 0 1 0 0 0 0 
2 0 2 0 3 2 1 1 2 0 4 
1 0 0 4 1 1 0 4 4 1 2 
0 1 1 0 1 1 3 0 0 0 0 
1 0 0 4 0 0 2 0 0 0 0 
1 0 0 1 3 3 2 0 0 3 3 
0 4 0 2 4 4 1 3 3 2 1 
3 0 2 4 4 2 3 0 1 1 3 
0 0 0 1 0 0 0 0 0 0 2 
4 2 0 2 2 0 3 1 1 2 2 
0 1 1 0 1 1 2 0 0 0 0 
1 0 0 0 4 0 0 0 0 0 4 
1 1 4 4 0 0 1 4 0 1 0 
0 2 0 0 0 4 3 0 0 0 0 
0 1 1 0 0 0 2 0 0 0 0 
0 2 2 1 0 2 1 4 0 4 0 
0 1 1 4 0 0 2 0 0 0 0 
MFS
[ 0 , - , - , - , - , - , - , - , - , - , - ]
precise
0.0
recall
0.0
F-measure
0.0
multi
7
time
all 207 iden 0 gen 207
t-cover
1352
all-cover
1375
coveredNum
(1 : 475)  (2 : 399)  (3 : 227)  (4 : 102)  (5 : 42)  (6 : 29)  (7 : 20)  (8 : 17)  (9 : 11)  (10 : 13)  (11 : 7)  (12 : 2)  (13 : 5)  (14 : 5)  (15 : 4)  (16 : 7)  (17 : 2)  (18 : 2)  (19 : 2)  (20 : 2)  (21 : 1)  (22 : 1)  
real Identify

