testCase Num: 142
regaular Num: 50
identify Num: 92
1 3 1 2 2 4 3 0 2 0 4 
1 1 4 4 1 3 0 1 0 2 2 
1 2 1 4 0 3 3 4 2 0 2 
2 1 3 2 2 2 1 4 0 1 0 
1 2 3 1 1 4 3 2 0 4 0 
3 1 1 1 1 0 0 1 0 4 0 
0 2 2 0 1 1 4 2 3 1 4 
1 1 1 0 1 1 1 0 1 3 0 
1 1 1 1 0 0 0 4 0 3 0 
0 0 4 4 0 3 0 1 0 2 2 
1 1 0 1 1 1 1 4 0 3 0 
1 4 4 3 1 0 1 2 3 3 0 
3 1 4 1 4 0 2 4 4 2 4 
3 0 2 2 1 3 1 0 1 0 2 
3 3 2 3 3 1 3 3 0 3 2 
2 0 0 4 2 1 0 2 1 4 4 
0 0 2 3 2 0 1 1 4 3 4 
1 1 1 0 0 0 0 4 0 3 0 
1 1 4 4 1 0 0 3 1 3 3 
2 3 3 0 0 2 4 3 1 4 4 
3 2 1 1 1 2 0 1 3 3 3 
1 1 1 0 1 1 1 0 1 4 1 
0 0 4 4 1 0 0 3 1 3 3 
1 1 1 0 1 1 1 0 1 4 0 
0 1 4 0 3 2 0 4 2 4 1 
0 0 1 2 1 4 0 1 4 3 4 
4 1 3 3 0 3 2 0 0 3 4 
0 0 2 3 1 4 0 1 4 3 4 
1 0 1 1 1 1 1 4 0 3 0 
4 4 0 3 4 3 4 2 2 4 3 
4 2 0 2 3 0 1 3 4 4 2 
2 2 1 4 0 3 3 4 2 0 2 
0 3 0 3 1 3 2 3 1 2 0 
1 0 0 0 1 0 0 4 0 3 0 
1 1 3 4 3 4 1 0 3 2 3 
1 0 1 1 1 1 1 0 1 4 1 
2 3 0 0 3 0 0 2 0 0 0 
0 0 0 2 0 0 4 0 0 2 0 
1 0 2 0 4 4 2 3 3 3 2 
2 3 2 0 1 3 3 4 2 0 2 
1 1 1 0 1 1 1 0 0 3 0 
1 1 0 1 1 1 1 0 1 3 0 
1 1 1 3 2 0 0 0 0 0 0 
2 2 1 2 2 2 2 2 0 2 1 
4 3 4 1 2 4 0 3 3 0 1 
0 2 4 2 4 1 3 0 1 1 0 
1 1 1 0 1 1 0 4 0 3 0 
1 0 1 1 1 1 1 0 1 4 0 
1 1 0 0 0 0 0 4 0 3 0 
2 1 2 2 1 0 3 4 3 4 3 
0 2 3 1 1 4 3 2 0 4 0 
1 1 2 2 1 2 3 0 4 2 1 
4 3 1 0 4 1 1 4 2 2 4 
4 2 1 2 3 0 1 3 4 4 2 
1 3 1 3 1 3 2 3 1 2 0 
1 0 1 1 1 1 1 0 1 3 0 
3 0 1 3 3 4 4 4 1 1 0 
0 0 2 3 2 0 0 1 4 3 4 
3 1 2 2 1 3 1 0 1 0 2 
2 3 2 4 0 3 3 4 2 0 2 
2 0 3 2 2 2 1 4 0 1 0 
1 2 2 0 1 1 4 2 3 1 4 
2 3 1 1 3 0 0 2 0 0 0 
0 0 0 1 0 0 0 0 0 0 2 
1 1 1 1 0 1 1 4 0 3 0 
3 4 3 4 4 0 0 3 2 1 1 
1 1 0 1 1 0 0 4 0 3 0 
2 3 2 0 1 4 4 4 2 0 2 
0 0 2 3 2 0 1 2 0 3 4 
0 1 1 0 0 0 0 3 0 0 0 
3 0 0 0 0 0 0 1 0 4 0 
0 0 2 3 2 0 1 2 4 3 4 
4 1 3 3 1 3 2 0 0 3 4 
1 1 1 2 1 0 4 0 0 2 0 
0 4 1 2 1 4 0 1 4 3 4 
0 0 2 3 2 0 1 2 0 4 0 
1 1 0 1 1 1 0 4 0 3 0 
2 3 2 0 0 3 3 4 2 0 2 
4 1 2 4 1 2 2 1 2 1 0 
0 0 0 0 0 0 0 4 0 3 0 
1 1 1 1 1 0 0 0 0 0 0 
2 1 1 4 2 1 0 2 1 4 4 
1 1 1 1 1 0 0 0 0 0 2 
2 3 2 0 1 4 4 0 3 1 3 
2 3 2 0 1 4 4 0 3 1 2 
1 1 1 1 3 3 2 0 3 4 4 
1 1 0 1 1 1 1 0 0 3 0 
1 1 2 1 4 4 2 3 3 3 2 
0 0 2 3 2 0 1 2 0 4 4 
2 1 4 3 4 2 4 1 0 0 2 
1 0 1 1 1 0 0 4 0 3 0 
0 1 3 4 3 4 1 0 3 2 3 
4 4 1 1 2 4 3 4 1 2 2 
3 1 3 1 2 3 0 2 4 1 2 
1 0 0 0 0 0 0 4 0 3 0 
1 0 1 1 1 1 0 4 0 3 0 
4 4 0 0 2 4 3 4 1 2 2 
1 4 3 1 3 1 2 1 0 0 3 
1 1 0 1 1 1 1 1 1 1 1 
2 4 2 1 2 3 4 0 2 3 1 
1 1 4 1 3 2 0 4 2 4 1 
1 2 4 2 4 1 3 0 1 1 0 
0 0 0 0 0 0 0 0 0 0 0 
1 1 0 0 1 0 0 4 0 3 0 
2 3 3 1 1 2 4 3 1 4 4 
1 2 2 3 1 1 0 2 4 0 1 
2 3 2 0 1 4 4 0 3 0 2 
1 1 1 1 1 0 0 4 0 3 0 
1 1 0 1 1 1 1 0 1 4 1 
1 1 0 1 1 1 1 0 1 4 0 
1 1 1 1 0 1 1 0 1 3 0 
0 3 0 2 2 4 3 0 2 0 4 
1 0 1 1 1 1 1 0 0 3 0 
4 0 2 4 1 2 2 1 2 1 0 
1 4 4 3 0 0 1 2 3 3 0 
0 0 0 3 2 0 0 0 0 0 0 
2 1 0 0 0 4 3 1 4 1 0 
3 0 4 1 4 0 2 4 4 2 4 
1 3 1 4 2 0 4 1 4 1 3 
2 3 2 0 1 4 3 4 2 0 2 
1 4 1 1 1 2 0 0 0 0 0 
2 3 1 4 0 3 3 4 2 0 2 
1 1 1 1 0 1 1 0 1 4 0 
1 1 1 1 0 1 1 0 1 4 1 
1 0 0 1 1 0 0 4 0 3 0 
3 2 0 1 0 2 0 1 3 3 3 
0 0 2 3 2 4 0 1 4 3 4 
1 4 1 2 1 4 0 1 4 3 4 
3 1 3 0 2 3 0 2 4 1 2 
1 1 1 1 0 1 0 4 0 3 0 
1 4 3 0 3 1 2 1 0 0 3 
1 1 1 0 1 1 1 4 0 3 0 
1 2 2 3 0 1 0 2 4 0 1 
2 1 1 1 1 4 3 1 4 1 0 
3 1 1 3 3 4 4 4 1 1 0 
1 0 2 2 0 2 3 0 4 2 1 
1 1 1 1 1 0 0 3 0 0 0 
1 1 1 1 0 1 1 0 0 3 0 
2 3 2 0 1 4 4 0 2 0 2 
0 0 2 2 1 4 0 1 4 3 4 
1 1 1 0 1 0 0 4 0 3 0 
0 4 0 0 0 2 0 0 0 0 0 
MFS
[ - , - , - , - , - , - , - , - , - , - , - ]
[ 0 , - , - , - , - , - , - , - , - , - , - ]
[ - , - , - , - , 0 , - , - , - , - , - , - ]
[ - , - , - , 0 , - , - , - , - , - , - , - ]
[ - , - , 0 , - , - , - , - , - , - , - , - ]
[ - , 0 , - , - , - , - , - , - , - , - , - ]
precise
0.0
recall
0.0
F-measure
0.0
multi
26
time
all 99 iden 1 gen 98
t-cover
1162
all-cover
1375
coveredNum
(1 : 138)  (2 : 319)  (3 : 182)  (4 : 194)  (5 : 87)  (6 : 108)  (7 : 55)  (8 : 43)  (9 : 34)  (10 : 40)  (11 : 29)  (12 : 21)  (13 : 8)  (14 : 10)  (15 : 12)  (16 : 9)  (17 : 10)  (18 : 11)  (19 : 4)  (20 : 10)  (21 : 5)  (22 : 5)  (23 : 3)  (24 : 5)  (25 : 2)  (26 : 3)  (27 : 6)  (28 : 5)  (29 : 2)  (30 : 2)  (31 : 1)  (32 : 2)  (33 : 4)  (35 : 2)  (38 : 1)  (40 : 1)  (41 : 1)  (43 : 1)  
real Identify

testCase Num: 160
regaular Num: 49
identify Num: 111
0 1 1 1 1 1 0 1 0 1 0 
1 1 0 1 1 1 0 1 0 0 0 
0 1 1 1 1 1 0 1 0 1 1 
0 2 3 1 3 3 0 2 1 1 4 
1 3 1 3 1 0 4 2 0 3 2 
0 1 4 3 3 1 3 0 0 2 2 
1 4 0 4 0 0 1 2 1 2 1 
2 4 1 1 3 3 2 1 0 4 2 
3 1 4 0 0 1 2 2 4 3 1 
4 2 4 0 4 0 2 3 1 1 2 
3 3 3 1 3 0 3 3 3 2 1 
1 0 1 4 1 3 1 1 1 1 1 
1 0 1 4 1 3 1 1 1 1 0 
1 1 1 1 1 1 1 1 1 1 0 
3 4 0 2 2 0 0 1 3 1 4 
0 3 0 0 2 4 0 0 3 1 2 
2 0 3 3 1 3 0 3 4 2 3 
1 4 1 0 3 0 0 0 3 1 2 
2 0 3 2 1 3 0 3 4 2 3 
3 1 3 3 4 1 1 0 2 4 1 
3 0 2 0 4 3 2 2 4 4 4 
1 3 4 2 0 1 1 4 0 1 0 
1 3 1 2 4 4 1 2 4 0 2 
3 0 2 0 4 3 2 2 4 4 0 
1 1 1 1 0 1 0 0 4 0 0 
3 0 2 4 0 3 4 4 1 4 2 
3 0 2 1 3 2 1 1 3 3 4 
3 0 2 0 3 2 1 1 3 3 4 
0 3 0 1 0 1 2 3 1 1 2 
1 1 0 1 1 1 0 1 4 0 0 
1 1 4 3 3 1 3 0 0 2 2 
1 4 1 4 1 0 1 2 1 2 1 
1 1 1 1 1 4 0 0 0 0 0 
4 4 1 1 1 4 1 4 2 2 3 
1 2 3 1 3 3 0 2 1 1 4 
1 1 1 1 1 2 0 3 4 4 1 
1 2 1 0 2 1 0 0 0 2 4 
4 0 0 0 0 0 0 0 0 0 4 
1 0 1 4 1 3 1 1 0 0 0 
0 3 0 1 0 0 2 3 1 1 2 
0 1 1 3 2 0 2 4 3 4 3 
3 1 1 1 1 3 2 3 3 0 1 
4 4 0 1 0 4 1 4 2 2 3 
3 0 2 0 4 3 2 2 3 3 4 
1 1 0 1 0 0 4 0 4 0 0 
1 4 1 4 3 4 4 3 2 3 0 
0 0 0 0 2 0 0 0 0 3 0 
1 4 1 0 3 4 0 0 3 1 2 
2 1 2 4 4 1 0 4 3 0 4 
1 3 0 3 1 0 4 2 0 3 2 
1 0 1 4 1 3 1 0 0 0 0 
2 0 3 3 2 4 0 4 4 2 3 
2 0 3 3 2 4 0 4 0 2 3 
2 4 1 3 1 1 3 3 4 1 4 
4 1 3 2 3 1 4 0 0 3 3 
0 1 0 0 0 4 0 0 0 0 0 
1 1 1 1 0 1 4 0 4 0 0 
1 2 4 4 1 4 2 0 3 4 4 
0 4 1 4 3 4 4 3 2 3 0 
3 0 1 0 3 2 1 1 3 3 4 
2 1 3 1 1 0 4 0 3 0 1 
2 0 3 3 2 4 1 3 4 2 3 
1 1 0 1 1 1 0 1 0 1 0 
1 1 1 2 1 0 1 2 0 4 1 
1 1 0 1 1 1 0 1 0 1 1 
1 1 1 1 0 1 0 1 0 0 0 
0 1 1 1 1 0 4 0 4 0 0 
0 0 0 2 0 0 0 2 0 4 0 
1 0 1 4 1 2 0 0 0 0 0 
1 0 1 4 1 3 1 1 1 0 0 
2 0 2 2 1 3 0 3 4 2 3 
0 1 0 0 1 2 0 3 4 4 1 
2 0 3 3 2 4 0 4 0 3 3 
2 0 3 3 2 4 0 4 0 3 4 
1 1 1 1 0 1 0 1 4 0 0 
1 1 1 1 1 0 1 0 0 0 1 
1 2 2 3 3 0 1 4 4 0 0 
4 1 1 1 1 0 1 0 0 0 4 
2 0 1 0 3 2 1 1 3 3 4 
0 0 0 0 0 0 4 0 4 0 0 
0 0 0 3 0 2 0 0 0 0 0 
1 4 1 0 3 0 1 0 3 1 2 
1 1 1 1 0 1 0 1 0 1 1 
1 1 1 1 0 1 0 1 0 1 0 
0 3 0 0 4 0 2 3 1 1 2 
0 3 0 1 4 0 2 3 1 1 2 
4 3 3 4 2 3 3 1 4 4 0 
1 1 0 1 1 0 4 0 4 0 0 
4 1 2 1 2 4 1 3 0 1 1 
1 0 2 2 1 3 0 3 4 2 3 
1 4 2 1 4 0 3 0 4 3 0 
0 3 0 1 0 1 3 4 2 1 2 
2 2 2 2 2 2 2 2 2 2 0 
3 2 0 4 4 2 4 1 0 2 3 
1 0 1 3 1 2 0 0 0 0 0 
1 3 1 0 2 4 0 0 3 1 2 
1 3 1 1 2 4 0 0 3 1 2 
0 1 1 1 1 1 0 0 4 0 0 
1 4 1 0 2 4 0 0 3 1 2 
1 4 3 0 1 2 3 4 2 0 2 
1 4 1 0 3 0 1 1 4 1 2 
3 0 2 0 4 3 1 1 3 3 4 
0 2 4 0 4 0 2 3 1 1 2 
2 0 3 0 0 0 4 0 3 0 0 
0 3 0 1 0 1 3 3 1 1 2 
0 3 4 0 4 0 2 3 1 1 2 
0 0 0 0 0 0 0 0 0 0 0 
1 1 0 1 1 1 4 0 4 0 0 
3 0 2 4 1 3 4 4 1 4 2 
1 3 2 1 1 0 4 1 2 1 4 
0 3 2 0 0 0 4 1 2 1 4 
1 0 1 4 1 3 0 0 0 0 0 
2 0 3 3 2 3 0 3 4 2 3 
0 1 0 1 1 0 4 0 4 0 0 
4 0 2 0 2 4 1 3 0 1 1 
4 1 1 1 1 3 1 0 2 0 3 
1 1 2 2 1 3 1 3 4 2 3 
3 2 1 2 0 4 3 4 1 3 1 
2 4 0 3 0 1 3 3 4 1 4 
1 4 1 0 3 0 1 1 4 2 3 
1 1 1 3 1 2 0 0 0 0 0 
1 1 1 3 1 2 0 0 0 0 1 
1 4 1 0 3 0 1 1 4 2 2 
3 0 3 3 4 1 1 0 2 4 0 
2 4 0 1 3 3 2 1 0 4 2 
1 1 1 1 1 0 4 0 4 0 0 
0 3 0 1 0 1 3 4 1 1 2 
4 1 1 0 1 3 1 0 2 0 3 
1 3 4 2 1 1 1 4 0 1 0 
2 1 1 1 3 2 1 1 3 3 4 
0 1 1 1 1 1 4 0 4 0 0 
0 1 0 1 0 0 4 0 4 0 0 
1 2 1 1 2 1 0 0 0 2 4 
3 0 2 0 4 3 2 1 3 3 4 
4 0 4 4 0 2 3 2 3 1 3 
4 4 4 3 4 3 0 1 2 3 1 
3 1 4 0 1 1 2 2 4 3 1 
3 2 1 4 4 2 4 1 0 2 3 
3 4 1 2 2 0 0 1 3 1 4 
1 1 1 1 2 0 1 0 0 3 1 
0 1 1 1 1 1 0 1 0 0 0 
3 0 0 1 1 3 2 3 3 0 0 
1 4 3 1 1 2 3 4 2 0 2 
1 4 1 0 3 0 1 1 3 1 2 
2 0 3 3 2 4 0 3 4 2 3 
0 3 0 1 0 1 3 4 2 2 3 
0 3 0 1 0 1 3 4 2 2 2 
0 3 1 2 4 4 1 2 4 0 2 
2 3 4 1 2 2 4 0 1 0 1 
3 1 1 0 3 2 1 1 3 3 4 
3 0 2 0 4 2 1 1 3 3 4 
1 1 1 3 2 0 2 4 3 4 3 
3 0 2 0 4 3 2 2 4 3 4 
1 1 1 1 0 0 4 0 4 0 0 
2 1 2 2 1 3 0 3 4 2 3 
1 4 1 1 2 4 0 0 3 1 2 
2 3 3 3 1 4 2 1 1 0 3 
1 1 0 1 1 1 0 0 4 0 0 
4 0 4 4 1 2 3 2 3 1 3 
0 1 1 1 1 1 0 1 4 0 0 
MFS
[ 0 , - , - , - , - , - , - , - , - , - , - ]
[ - , - , - , - , - , - , - , - , - , - , - ]
[ - , 0 , - , - , - , - , 0 , - , - , - , - ]
[ - , 0 , - , 0 , - , - , - , - , - , - , - ]
[ - , 0 , - , - , - , - , - , - , - , - , 0 ]
[ - , - , - , - , 0 , - , - , - , - , - , - ]
[ - , - , - , 0 , - , - , - , - , - , - , - ]
[ - , - , 0 , - , - , - , - , - , - , - , - ]
precise
0.375
recall
0.075
F-measure
0.12499999999999999
multi
21
time
all 98 iden 1 gen 97
t-cover
1183
all-cover
1375
coveredNum
(1 : 117)  (2 : 220)  (3 : 186)  (4 : 166)  (5 : 122)  (6 : 81)  (7 : 92)  (8 : 50)  (9 : 59)  (10 : 41)  (11 : 46)  (12 : 35)  (13 : 23)  (14 : 25)  (15 : 17)  (16 : 16)  (17 : 7)  (18 : 10)  (19 : 5)  (20 : 9)  (21 : 6)  (22 : 3)  (23 : 4)  (24 : 3)  (25 : 2)  (26 : 8)  (27 : 5)  (28 : 4)  (29 : 3)  (30 : 1)  (31 : 3)  (32 : 2)  (33 : 1)  (34 : 1)  (36 : 1)  (42 : 1)  
real Identify
([ - , 0 , - , - , - , - , 0 , - , - , - , - ] : 1)  ([ - , 0 , - , 0 , - , - , - , - , - , - , - ] : 1)  ([ - , 0 , - , - , - , - , - , - , - , - , 0 ] : 1)  
testCase Num: 153
regaular Num: 52
identify Num: 101
2 4 3 0 4 4 3 1 3 0 0 
2 1 2 1 3 0 3 1 2 0 4 
2 3 2 1 2 1 4 2 0 4 0 
1 0 0 0 0 0 0 4 0 0 0 
1 0 1 1 1 1 0 4 0 0 0 
1 0 1 1 1 1 1 0 0 0 0 
3 0 4 1 0 0 4 2 3 0 0 
1 1 2 1 2 2 0 0 2 1 4 
1 2 3 4 3 4 1 4 0 0 0 
1 2 1 1 1 0 0 2 0 0 0 
4 2 1 0 2 0 2 4 3 1 3 
4 2 1 1 2 0 2 4 3 1 3 
1 0 2 0 3 2 4 1 2 4 2 
1 2 0 2 1 0 4 4 1 3 3 
1 0 2 4 2 1 3 0 1 3 2 
0 1 2 4 2 1 3 0 1 3 2 
0 1 2 0 2 1 3 0 1 3 2 
2 3 1 3 4 0 1 3 0 3 1 
1 1 4 1 4 0 1 2 4 1 3 
3 1 4 1 1 2 1 1 2 4 1 
1 1 4 0 2 0 2 3 0 0 0 
0 2 0 0 0 0 0 3 2 0 2 
1 1 4 1 2 0 2 3 0 0 0 
1 4 0 2 2 2 3 3 0 1 1 
1 1 1 1 0 1 0 0 0 0 2 
2 3 2 0 2 1 4 2 0 4 0 
0 1 2 0 3 2 4 1 2 4 3 
1 0 2 0 3 2 4 1 2 4 3 
1 1 0 1 1 1 0 1 0 0 2 
0 1 2 0 3 2 4 1 2 4 2 
1 1 2 4 4 3 4 4 2 1 1 
1 0 1 1 1 1 1 0 1 1 0 
1 0 1 1 1 1 1 0 1 1 1 
2 1 4 2 0 2 3 4 4 0 2 
1 0 2 0 2 1 3 0 1 3 2 
3 4 3 0 4 4 3 1 3 0 0 
0 0 2 4 4 3 4 4 2 1 1 
1 0 2 0 3 2 4 1 1 3 2 
2 1 1 4 1 4 0 1 3 4 3 
3 0 4 1 0 0 3 1 3 0 0 
2 1 3 1 1 0 0 0 0 1 0 
4 4 4 0 3 4 4 3 1 3 4 
0 2 0 0 0 0 0 2 0 0 0 
1 1 1 0 0 0 4 0 0 0 2 
1 1 1 1 0 1 0 1 1 0 2 
1 1 3 1 1 2 4 3 0 2 3 
0 1 2 0 3 2 4 1 2 3 2 
1 1 0 1 1 1 0 1 1 1 3 
3 1 0 1 4 3 2 1 0 3 2 
1 1 0 1 1 1 0 1 1 1 2 
1 1 1 0 1 1 4 0 0 0 2 
3 3 3 3 2 3 3 2 1 0 3 
3 0 4 1 0 0 4 2 4 0 0 
1 1 4 3 3 2 4 0 3 0 1 
2 3 1 3 1 3 4 3 4 1 0 
3 0 4 1 4 4 3 1 3 0 0 
4 0 2 3 0 4 2 2 4 3 1 
3 2 4 1 2 1 0 4 4 2 0 
1 1 1 0 1 0 4 0 0 0 2 
1 4 1 2 1 3 3 0 1 0 0 
0 4 0 2 1 3 3 0 1 0 0 
1 1 1 1 0 1 4 0 0 0 2 
1 4 1 2 2 2 3 3 0 1 1 
1 1 1 1 0 1 0 1 1 1 3 
1 1 1 1 0 1 0 1 1 1 2 
1 0 2 0 3 2 4 0 1 3 2 
3 0 4 1 0 0 4 2 4 1 1 
3 1 1 1 4 3 2 1 0 3 2 
0 0 4 1 4 0 1 2 4 1 3 
1 1 1 0 1 1 0 0 0 0 2 
3 0 4 1 0 0 4 2 4 1 0 
1 4 0 0 0 0 0 4 0 0 0 
1 3 4 4 0 3 1 2 3 2 4 
1 1 1 1 3 1 0 0 0 0 3 
0 1 2 0 3 2 3 0 1 3 2 
0 3 3 2 2 4 1 1 2 2 1 
0 3 0 0 0 0 2 4 0 0 4 
1 1 1 4 2 1 3 0 1 3 2 
3 0 4 0 1 2 1 1 2 4 1 
1 0 2 0 3 1 3 0 1 3 2 
1 1 1 1 0 1 0 1 0 0 2 
1 0 2 0 3 2 4 1 2 3 2 
1 0 2 0 2 2 0 0 2 1 4 
0 0 0 0 3 1 0 0 0 0 3 
0 1 2 0 3 2 4 1 1 3 2 
0 4 0 0 0 0 0 4 0 0 0 
1 1 1 0 1 1 0 1 1 0 2 
4 1 1 1 3 3 0 2 4 2 2 
0 0 1 4 2 1 3 0 1 3 2 
1 1 0 1 1 0 4 0 0 0 2 
0 0 0 0 0 0 4 0 0 0 2 
1 1 1 1 1 0 0 0 0 0 0 
4 0 2 4 0 2 1 0 3 3 3 
3 0 3 0 4 4 3 1 3 0 0 
4 2 3 3 0 3 0 4 1 4 1 
1 1 0 0 1 0 4 0 0 0 2 
1 0 1 1 1 1 1 4 0 0 0 
3 1 1 2 1 0 4 1 4 2 4 
4 2 0 3 4 1 3 1 2 2 4 
1 3 1 1 1 0 2 4 0 0 4 
3 0 4 1 0 0 4 1 3 0 0 
1 0 2 0 3 2 3 0 1 3 2 
0 0 3 2 3 1 2 3 3 4 4 
1 1 1 0 1 1 0 1 1 1 2 
1 1 1 0 1 1 0 1 1 1 3 
2 2 2 2 1 2 2 0 1 2 2 
3 0 1 2 0 0 4 1 4 2 4 
0 1 2 0 3 1 3 0 1 3 2 
1 1 0 1 1 1 4 0 0 0 2 
1 4 3 3 4 0 1 0 4 4 2 
0 0 0 0 0 0 0 0 0 0 0 
1 1 1 4 1 0 0 0 4 0 0 
4 1 2 3 1 4 2 2 4 3 1 
0 0 0 4 0 0 0 0 4 0 0 
4 1 2 4 1 2 1 0 3 3 3 
1 1 1 0 1 1 0 1 0 0 2 
1 0 1 0 0 0 0 4 0 0 0 
1 0 1 1 0 0 0 4 0 0 0 
1 1 1 1 1 0 4 0 0 0 2 
4 1 0 0 3 3 0 2 4 2 2 
3 0 4 0 4 4 3 1 3 0 0 
1 0 1 1 1 1 1 0 1 0 0 
1 1 1 1 0 1 1 1 1 1 1 
0 1 3 1 0 2 4 3 0 2 3 
4 4 1 1 1 1 0 2 0 0 4 
3 4 2 4 0 0 2 3 2 2 3 
0 1 1 4 2 1 3 0 1 3 2 
1 1 3 2 3 1 2 3 3 4 4 
4 3 1 2 4 2 0 2 2 3 0 
1 1 3 1 1 0 0 0 0 3 0 
3 0 4 1 0 4 3 1 3 0 0 
1 1 1 1 1 0 3 0 0 4 0 
2 3 0 3 4 0 1 3 0 3 1 
1 1 1 1 4 0 0 0 1 0 0 
1 1 0 1 1 1 0 1 1 0 2 
0 0 1 1 0 0 3 0 0 4 0 
0 0 3 0 0 0 0 0 0 3 0 
0 1 2 0 3 2 4 0 1 3 2 
2 0 3 0 1 0 0 0 0 1 0 
3 3 1 1 3 4 0 0 3 1 2 
0 0 0 0 4 0 0 0 1 0 0 
1 0 1 4 2 1 3 0 1 3 2 
0 1 4 3 3 2 4 0 3 0 1 
1 2 1 2 1 0 4 4 1 3 3 
2 1 4 2 1 2 3 4 4 0 2 
4 2 3 3 1 3 0 4 1 4 1 
1 2 1 1 1 0 0 3 2 0 2 
3 4 2 4 1 0 2 3 2 2 3 
1 1 1 1 0 0 4 0 0 0 2 
1 0 1 1 1 0 0 4 0 0 0 
1 1 0 1 1 1 0 0 0 0 2 
2 1 0 4 1 4 0 1 3 4 3 
1 1 0 0 0 0 4 0 0 0 2 
MFS
[ - , - , - , - , - , - , - , - , - , - , - ]
[ 0 , - , - , - , - , - , - , - , - , - , - ]
[ - , - , - , - , 0 , - , - , - , - , - , - ]
[ - , - , - , 0 , - , - , - , - , - , - , - ]
[ - , - , 0 , - , - , - , - , - , - , - , - ]
[ - , 0 , - , - , - , - , - , - , - , - , - ]
precise
0.0
recall
0.0
F-measure
0.0
multi
25
time
all 108 iden 1 gen 107
t-cover
1173
all-cover
1375
coveredNum
(1 : 174)  (2 : 263)  (3 : 210)  (4 : 181)  (5 : 94)  (6 : 78)  (7 : 45)  (8 : 44)  (9 : 31)  (10 : 27)  (11 : 31)  (12 : 23)  (13 : 22)  (14 : 11)  (15 : 15)  (16 : 7)  (17 : 16)  (18 : 14)  (19 : 8)  (20 : 9)  (21 : 8)  (22 : 4)  (23 : 6)  (24 : 10)  (25 : 8)  (26 : 6)  (27 : 3)  (28 : 3)  (29 : 3)  (30 : 4)  (31 : 2)  (32 : 3)  (33 : 2)  (34 : 2)  (35 : 1)  (36 : 2)  (38 : 2)  (39 : 1)  (40 : 1)  (41 : 1)  
real Identify

testCase Num: 184
regaular Num: 49
identify Num: 135
1 0 1 1 3 1 0 0 1 0 0 
2 2 0 2 2 3 2 4 0 1 4 
3 0 3 1 1 2 1 1 4 4 4 
1 1 1 1 1 3 1 4 2 3 3 
1 1 1 1 0 1 1 2 1 0 3 
3 1 4 1 1 2 0 3 2 1 2 
1 1 1 1 0 1 1 2 1 0 2 
3 0 3 1 0 3 2 1 4 4 4 
2 3 0 3 3 4 3 0 1 2 4 
1 1 1 4 1 1 1 3 0 1 1 
1 1 1 1 1 1 1 1 1 1 0 
2 3 0 3 3 4 3 0 1 2 0 
0 0 0 0 0 0 0 1 0 0 2 
1 0 1 1 1 0 1 3 1 1 1 
2 2 4 0 2 1 4 3 2 0 4 
1 1 1 0 0 0 0 2 0 1 0 
0 2 1 4 0 1 2 3 2 4 1 
1 1 1 1 0 0 0 2 0 1 0 
4 3 2 1 4 1 2 2 0 0 3 
1 0 1 1 3 0 4 0 1 0 0 
0 0 0 0 1 0 0 2 0 1 1 
3 0 2 0 0 2 1 1 4 4 4 
1 2 0 2 2 3 2 4 0 1 4 
0 1 0 3 4 0 2 3 2 4 1 
1 1 1 1 0 1 1 2 1 1 2 
2 1 4 1 1 2 0 3 2 1 2 
2 3 0 3 3 4 3 0 1 1 4 
1 1 1 0 1 1 1 3 0 1 1 
1 0 1 1 1 0 1 3 1 2 1 
1 1 2 2 2 2 1 3 4 2 2 
3 0 0 2 1 2 0 3 2 1 2 
0 2 1 4 0 1 3 4 2 4 1 
1 1 1 4 2 2 4 2 1 0 1 
2 0 4 1 0 2 0 3 2 1 2 
2 2 4 0 2 2 4 3 2 0 4 
2 3 0 2 2 3 2 4 0 1 4 
4 3 4 0 1 0 0 0 0 0 0 
3 2 3 4 1 1 2 0 1 1 1 
3 1 3 2 0 3 3 2 3 3 2 
4 2 2 3 0 3 0 0 1 0 2 
1 1 0 1 1 1 0 2 1 1 1 
2 0 4 1 1 2 0 3 2 1 2 
0 0 4 2 4 4 1 1 3 0 1 
0 0 1 4 2 2 4 2 1 0 1 
0 1 1 1 1 1 1 1 1 1 2 
2 4 2 0 1 2 1 1 4 4 4 
1 1 1 1 1 1 1 0 1 1 4 
1 1 1 1 1 1 1 0 1 1 1 
1 1 3 1 1 1 4 3 2 0 4 
2 3 1 4 0 2 3 1 0 1 0 
1 1 1 1 1 1 3 0 4 4 1 
1 1 1 0 1 1 1 3 0 2 1 
4 3 1 2 3 3 4 1 2 4 0 
0 2 3 2 4 0 1 1 4 0 3 
2 3 0 3 3 3 2 4 0 1 4 
1 0 0 1 2 0 4 0 1 0 0 
4 1 1 1 3 1 0 2 4 3 2 
0 3 2 3 3 4 4 4 4 1 2 
1 1 0 0 0 0 0 2 0 1 0 
0 4 0 1 2 0 4 0 1 0 0 
0 1 0 1 0 1 3 0 4 4 1 
1 0 0 0 1 0 0 2 0 1 1 
1 1 1 0 1 1 0 2 0 1 1 
3 3 4 1 2 0 4 0 1 3 4 
2 2 4 0 2 2 0 4 3 0 4 
2 3 1 4 1 2 3 1 0 1 1 
0 4 1 0 1 3 2 3 3 2 2 
2 2 2 2 1 2 2 0 2 2 1 
3 0 2 4 1 4 2 1 4 3 0 
0 1 1 3 4 0 2 3 2 4 1 
0 0 1 2 0 0 0 0 0 0 0 
1 4 1 4 4 0 3 4 2 0 4 
3 0 3 1 0 3 2 2 0 4 4 
2 0 3 3 2 1 0 1 3 2 4 
3 0 3 1 0 3 2 2 4 4 4 
2 1 3 0 1 1 4 3 2 0 4 
1 1 1 1 1 0 0 2 1 1 1 
3 0 3 0 0 2 1 1 4 4 4 
3 4 1 0 2 0 0 0 2 1 3 
0 2 1 4 0 1 3 4 3 0 2 
0 2 1 4 0 1 3 4 3 0 1 
2 3 0 3 3 4 3 4 0 1 4 
0 0 0 1 1 3 1 4 2 3 3 
3 2 3 4 0 1 2 0 1 0 0 
0 0 0 0 0 0 0 0 1 0 4 
1 1 1 1 0 1 1 2 0 1 0 
2 3 0 3 2 3 2 4 0 1 4 
4 1 3 4 4 1 1 0 0 4 2 
2 2 4 0 2 2 0 3 2 0 4 
1 0 1 1 3 1 0 1 1 1 0 
1 0 1 1 3 1 0 1 1 1 1 
1 0 1 1 2 0 4 0 1 0 0 
1 1 4 2 4 4 1 1 3 0 1 
0 0 0 0 0 0 0 2 0 1 0 
1 0 0 0 0 0 0 0 0 0 0 
0 2 1 4 0 1 3 3 2 4 1 
1 1 1 1 0 1 1 3 1 1 0 
3 0 0 2 1 3 1 3 2 1 2 
0 2 1 4 4 0 2 3 2 4 1 
1 1 1 1 1 0 1 2 1 1 1 
3 0 3 1 0 3 1 1 4 4 4 
0 2 1 3 4 0 2 3 2 4 1 
1 1 1 2 1 1 0 0 0 1 1 
2 1 1 4 1 4 4 4 0 2 3 
2 2 4 0 2 2 0 4 2 0 4 
0 4 0 0 2 0 4 0 0 0 0 
1 0 0 1 1 0 0 2 1 1 1 
1 1 1 3 4 0 2 3 2 4 1 
2 4 2 0 0 2 1 1 4 4 4 
3 0 3 1 0 2 1 1 4 4 4 
1 1 4 4 1 3 0 2 4 4 1 
2 2 0 1 4 3 4 2 3 3 2 
0 0 0 1 1 0 0 2 1 1 1 
1 0 0 0 0 0 0 2 0 1 0 
1 0 1 1 3 1 0 1 1 0 0 
4 4 3 1 3 4 1 2 2 2 4 
1 1 1 1 0 1 1 1 1 0 2 
3 4 0 3 3 2 1 3 0 3 1 
2 1 4 3 3 0 2 2 1 0 0 
2 1 0 4 0 4 4 4 0 2 3 
1 0 1 1 1 0 1 2 1 1 1 
0 0 0 0 0 0 0 0 0 0 0 
1 1 1 1 1 0 0 2 0 1 1 
1 1 1 1 1 0 0 2 0 1 0 
0 1 1 1 1 1 1 2 1 1 1 
3 4 4 2 4 1 0 4 1 2 0 
1 1 1 1 0 1 1 3 1 2 0 
1 1 0 1 1 0 0 2 1 1 1 
1 1 1 1 0 1 1 3 1 2 1 
3 0 0 2 1 3 1 4 3 1 2 
4 0 3 4 4 0 1 0 0 4 2 
1 1 0 0 1 0 0 2 0 1 1 
2 2 4 0 2 2 0 4 3 1 0 
4 3 4 1 1 0 0 0 1 0 0 
3 4 1 1 2 0 0 0 2 1 3 
2 2 4 0 1 1 4 3 2 0 4 
2 2 4 0 2 2 0 4 3 1 4 
0 0 0 4 0 0 0 3 0 0 0 
1 1 0 1 1 1 0 3 1 2 1 
0 1 1 1 0 1 1 1 1 0 2 
3 4 2 0 0 2 1 1 4 4 4 
1 2 1 3 3 4 0 0 3 3 3 
1 1 3 0 1 1 4 3 2 0 4 
3 0 0 2 1 3 1 4 3 2 2 
4 2 2 3 1 3 0 0 1 1 2 
1 0 4 4 1 3 0 2 4 4 1 
1 3 2 3 1 0 3 3 3 2 0 
1 1 1 0 1 1 1 2 0 1 1 
4 2 4 0 2 4 3 3 1 4 3 
3 1 2 4 1 4 2 1 4 3 0 
1 1 0 1 1 1 1 2 1 1 1 
1 0 1 1 3 1 4 0 1 0 0 
1 1 1 1 0 1 1 3 0 1 0 
3 0 0 2 1 3 1 4 3 2 3 
1 4 1 1 1 3 2 3 3 2 2 
4 1 1 0 3 1 0 2 4 3 2 
1 1 1 1 0 1 0 2 0 1 0 
1 4 0 1 2 0 4 0 1 0 0 
3 4 1 3 3 2 1 3 0 3 1 
3 0 4 1 1 2 0 3 2 1 2 
1 1 0 1 1 1 0 3 1 1 1 
2 3 0 3 3 4 2 4 0 1 4 
1 2 1 2 2 3 2 4 0 1 4 
1 0 1 1 1 1 1 2 1 1 1 
4 3 3 0 4 2 1 4 3 1 1 
3 0 3 1 0 3 2 2 0 0 0 
3 0 0 2 1 3 1 4 2 1 2 
1 2 3 2 4 0 1 1 4 0 3 
1 1 1 0 1 0 0 2 0 1 1 
0 0 1 1 1 0 1 2 1 1 1 
3 0 3 1 0 3 2 2 0 0 4 
2 3 0 3 3 4 3 0 0 1 4 
4 3 0 2 3 3 4 1 2 4 0 
1 1 1 0 1 1 1 3 1 1 1 
3 0 1 4 3 2 3 4 3 4 3 
3 0 0 1 1 2 0 3 2 1 2 
1 1 1 1 1 1 1 1 1 0 2 
0 2 1 4 0 0 2 3 2 4 1 
2 3 1 2 2 3 2 4 0 1 4 
0 2 1 4 0 1 3 4 3 4 1 
3 0 0 2 1 3 0 3 2 1 2 
2 2 3 0 1 1 4 3 2 0 4 
2 2 4 1 1 1 4 3 2 0 4 
2 1 3 3 2 1 0 1 3 2 4 
MFS
[ - , - , - , - , 0 , - , - , - , - , - , 0 ]
[ - , - , - , - , - , - , - , - , - , - , - ]
[ 0 , - , - , - , - , - , - , - , - , - , - ]
[ - , - , 0 , - , - , - , 0 , - , - , - , - ]
[ - , 0 , - , - , - , 0 , - , - , - , - , - ]
[ - , - , - , - , 0 , - , - , - , - , - , - ]
[ - , - , - , 0 , - , - , - , - , 0 , - , - ]
[ - , - , - , - , 0 , - , - , - , - , 0 , - ]
[ - , - , - , 0 , - , - , - , - , - , - , - ]
[ - , - , 0 , - , - , - , - , - , - , - , - ]
[ - , 0 , - , - , - , - , - , - , - , - , - ]
precise
0.45454545454545453
recall
0.125
F-measure
0.196078431372549
multi
22
time
all 88 iden 2 gen 86
t-cover
1242
all-cover
1375
coveredNum
(1 : 154)  (2 : 178)  (3 : 151)  (4 : 136)  (5 : 103)  (6 : 95)  (7 : 72)  (8 : 63)  (9 : 55)  (10 : 68)  (11 : 40)  (12 : 51)  (13 : 24)  (14 : 23)  (15 : 18)  (16 : 14)  (17 : 15)  (18 : 12)  (19 : 15)  (20 : 9)  (21 : 13)  (22 : 7)  (23 : 3)  (24 : 7)  (25 : 4)  (26 : 4)  (27 : 7)  (28 : 4)  (29 : 4)  (31 : 3)  (32 : 1)  (33 : 1)  (34 : 6)  (35 : 4)  (36 : 1)  (37 : 2)  (39 : 3)  (40 : 1)  (42 : 2)  (44 : 1)  (47 : 1)  
real Identify
([ - , - , - , - , 0 , - , - , - , - , - , 0 ] : 1)  ([ - , 0 , - , - , - , 0 , - , - , - , - , - ] : 1)  ([ - , - , 0 , - , - , - , 0 , - , - , - , - ] : 1)  ([ - , - , - , 0 , - , - , - , - , 0 , - , - ] : 1)  ([ - , - , - , - , 0 , - , - , - , - , 0 , - ] : 1)  
testCase Num: 172
regaular Num: 51
identify Num: 121
1 1 4 4 0 1 1 3 1 4 4 
1 3 0 2 1 4 1 4 0 0 2 
0 1 1 1 2 0 0 0 4 0 0 
3 3 2 1 2 4 1 2 1 4 3 
2 1 4 3 4 0 1 1 3 3 3 
2 4 0 3 2 4 1 4 0 0 2 
1 0 1 1 2 0 0 0 4 0 0 
3 3 3 3 1 3 0 3 2 3 1 
3 4 1 1 2 2 1 3 3 3 1 
3 4 1 1 0 1 1 1 1 1 1 
1 1 1 1 1 1 1 1 1 1 1 
0 1 1 1 1 4 1 1 1 1 1 
2 1 3 1 0 2 4 4 3 2 1 
0 1 1 1 1 4 1 1 1 1 0 
4 3 3 2 3 1 2 0 3 1 4 
3 3 4 2 4 2 0 0 4 1 2 
3 4 1 1 0 0 1 1 1 1 1 
1 1 3 1 4 2 3 2 1 3 4 
1 4 2 4 3 0 2 3 2 1 3 
0 1 1 1 0 3 0 0 0 0 0 
0 0 0 0 1 0 0 0 4 0 0 
0 1 1 1 0 3 0 0 0 0 1 
1 2 3 4 2 4 0 0 1 3 3 
4 0 0 0 0 3 0 0 0 0 0 
1 1 1 3 2 1 2 1 1 1 4 
0 0 4 4 0 1 0 3 0 4 4 
3 3 0 4 0 2 1 1 2 2 4 
1 2 2 3 1 0 3 0 0 4 4 
2 3 0 0 0 0 0 0 0 0 0 
0 1 1 1 2 1 0 0 4 0 0 
4 4 0 4 1 4 3 1 3 4 2 
4 0 2 1 1 1 0 4 2 2 3 
4 4 3 3 0 1 4 2 4 0 0 
1 1 1 3 1 1 1 4 1 1 1 
3 3 1 1 0 0 1 1 1 1 1 
0 3 1 0 1 0 4 2 0 3 2 
2 4 0 3 2 0 2 4 0 0 2 
1 1 1 0 2 1 1 0 4 0 0 
0 1 1 1 1 4 1 1 1 0 0 
0 1 1 1 1 4 1 0 0 1 1 
0 4 2 4 3 0 2 3 2 1 3 
0 1 1 1 1 4 1 1 1 0 1 
0 1 1 1 0 3 0 0 0 1 1 
2 2 0 1 2 0 0 2 2 1 0 
2 3 0 2 1 4 1 4 0 0 2 
1 1 1 0 2 1 0 0 4 0 0 
1 2 4 4 2 0 4 4 4 1 1 
0 1 1 1 1 4 0 0 0 0 1 
0 1 1 1 1 4 0 0 0 0 0 
2 0 3 0 0 2 4 4 3 2 1 
2 1 1 4 3 3 3 2 1 1 1 
0 0 0 0 2 0 3 0 0 0 0 
2 1 0 0 0 1 3 0 4 2 4 
0 0 0 3 0 0 0 4 0 1 0 
4 4 3 3 0 1 4 2 4 1 1 
0 1 0 0 0 3 4 0 1 4 3 
4 1 1 1 0 3 0 0 1 1 1 
0 1 1 1 2 1 1 0 4 0 0 
2 4 1 2 4 2 0 0 2 4 1 
2 4 0 2 1 4 1 4 0 0 2 
0 1 1 1 1 4 1 1 0 1 1 
0 1 1 3 3 4 0 2 3 2 2 
1 1 1 0 2 0 0 0 4 0 0 
2 4 0 3 1 4 1 4 0 0 2 
2 0 3 1 0 4 2 3 4 4 2 
2 2 0 1 1 4 4 2 2 1 0 
0 1 1 1 0 3 0 1 1 1 1 
2 2 0 1 2 0 0 3 3 1 0 
1 1 1 1 0 3 4 1 1 4 3 
4 1 1 1 0 3 1 1 1 1 1 
3 3 1 4 0 2 1 1 2 2 4 
2 2 0 1 2 0 0 3 3 2 0 
4 2 1 1 4 1 4 3 1 3 2 
1 0 1 1 1 0 0 0 4 0 0 
1 4 4 0 4 3 2 4 0 2 4 
0 1 1 1 1 4 0 0 1 1 1 
2 3 1 1 1 1 1 1 1 1 1 
1 1 1 2 3 2 3 3 4 1 3 
1 0 1 1 2 1 1 0 4 0 0 
3 3 4 1 3 0 3 4 1 4 0 
2 1 4 0 1 4 4 2 2 1 0 
2 2 0 1 2 0 4 2 2 1 0 
2 0 4 3 4 0 1 1 3 3 3 
0 1 1 1 1 4 1 1 0 0 1 
1 2 1 1 4 0 3 1 2 1 1 
0 1 1 1 1 4 1 1 0 0 0 
2 2 2 2 1 2 2 2 1 2 0 
4 2 0 0 4 1 4 3 1 3 2 
0 1 1 1 1 3 0 1 1 1 1 
1 2 2 2 0 3 1 1 4 3 1 
2 2 0 1 2 0 0 3 3 2 1 
4 1 4 3 0 2 1 1 1 1 1 
1 1 4 0 1 4 4 2 2 1 0 
2 2 0 1 2 0 0 3 2 1 0 
1 1 1 3 3 4 1 2 3 2 2 
0 1 1 1 1 4 0 1 1 1 1 
3 1 1 4 1 3 2 4 3 0 0 
1 1 1 1 0 4 1 1 1 1 4 
1 1 1 1 1 0 0 0 4 0 0 
1 1 1 0 1 0 0 0 4 0 0 
1 1 1 0 2 1 1 1 4 0 0 
4 1 1 1 0 3 0 0 0 1 1 
1 1 1 0 2 1 1 1 0 0 0 
0 1 1 1 1 3 0 0 0 1 1 
4 1 1 2 2 0 4 3 0 2 4 
3 4 1 1 1 0 1 1 1 1 1 
0 1 1 1 1 0 0 0 4 0 0 
1 2 2 4 4 4 0 1 3 0 1 
1 0 1 0 1 0 0 0 4 0 0 
0 2 4 4 2 0 4 4 4 1 1 
0 1 1 1 1 4 0 0 0 1 1 
4 1 2 1 1 1 1 4 2 2 3 
2 2 0 1 2 4 4 2 2 1 0 
0 0 0 0 0 0 2 4 0 3 1 
2 4 0 3 2 0 2 0 0 0 2 
3 4 0 1 2 2 1 3 3 3 0 
0 1 1 1 2 1 1 1 0 0 0 
0 0 0 0 0 0 0 0 0 0 0 
4 1 1 1 0 3 0 0 0 0 1 
1 4 1 1 1 1 1 1 1 1 1 
4 1 1 1 0 3 0 0 0 0 0 
1 1 1 0 2 1 1 1 0 1 0 
0 1 1 1 2 1 1 1 4 0 0 
1 1 1 0 2 1 1 1 0 1 1 
0 1 1 1 1 3 0 0 0 0 1 
2 1 2 1 2 3 4 0 2 0 2 
0 1 1 1 1 3 0 0 0 0 0 
0 1 3 1 4 2 3 2 0 3 4 
2 4 0 3 2 0 1 4 0 0 2 
3 2 1 1 3 1 4 1 1 1 1 
0 2 2 2 0 3 1 1 4 3 0 
2 2 0 0 1 4 4 2 2 1 0 
0 4 0 0 0 0 0 0 1 0 0 
1 1 1 1 0 1 1 1 1 1 1 
3 0 3 0 3 0 1 1 0 3 0 
3 3 2 0 2 4 1 2 0 4 3 
1 0 1 1 2 1 1 1 4 0 0 
2 4 0 3 2 0 2 0 1 1 2 
1 0 1 1 2 1 1 1 0 0 0 
0 1 1 1 2 1 1 1 0 1 0 
2 4 0 3 2 0 2 0 1 1 3 
0 0 0 3 2 1 2 1 1 0 4 
0 1 1 1 2 1 1 1 0 1 1 
0 1 1 1 1 4 1 0 0 0 0 
4 0 4 3 0 2 1 0 0 0 1 
0 1 1 1 1 4 1 0 0 0 1 
0 1 1 1 1 3 0 0 1 1 1 
1 3 1 1 1 0 4 2 1 3 2 
1 3 1 2 1 4 1 4 0 0 2 
0 0 1 0 1 0 0 0 4 0 0 
0 0 1 1 1 0 0 0 4 0 0 
3 2 1 0 3 1 4 1 0 0 0 
3 1 3 1 3 0 1 1 1 3 1 
2 0 0 4 3 3 3 2 0 1 1 
1 1 1 1 1 1 2 4 1 3 1 
2 1 1 1 0 1 3 1 4 2 4 
2 1 3 1 0 4 2 3 4 4 2 
0 0 0 0 0 4 0 0 0 0 4 
1 4 4 1 4 3 2 4 1 2 4 
2 4 1 2 1 4 1 4 0 0 2 
2 3 1 1 0 0 1 1 1 1 1 
1 0 1 1 2 1 1 1 0 1 0 
1 0 1 2 3 2 3 3 4 0 3 
1 0 1 1 2 1 1 1 0 1 1 
0 2 0 1 4 0 3 0 2 0 0 
2 4 0 3 2 0 2 0 1 0 2 
4 1 1 1 0 3 0 1 1 1 1 
2 2 4 0 1 4 4 2 2 1 0 
0 1 1 1 1 4 1 0 1 1 1 
1 0 1 1 2 1 0 0 4 0 0 
1 1 1 1 2 0 3 1 1 1 1 
0 1 1 1 0 3 0 0 1 1 1 
MFS
[ - , - , - , - , - , - , - , - , - , - , - ]
[ 0 , - , - , - , - , - , - , - , - , - , - ]
[ - , - , - , - , - , - , - , - , - , - , 0 ]
[ - , - , - , - , - , - , - , - , - , 0 , - ]
[ - , - , - , - , - , - , - , - , 0 , - , - ]
[ - , - , - , - , - , - , - , 0 , - , - , - ]
[ - , - , - , - , 0 , 0 , - , - , - , - , - ]
[ - , - , - , - , - , - , 0 , - , - , - , - ]
[ - , - , - , 0 , - , - , - , - , - , - , - ]
[ - , - , 0 , - , - , - , - , - , - , - , - ]
[ - , 0 , - , - , - , - , - , - , - , - , - ]
precise
0.09090909090909091
recall
0.025
F-measure
0.03921568627450981
multi
23
time
all 104 iden 1 gen 103
t-cover
1133
all-cover
1375
coveredNum
(64 : 1)  (1 : 137)  (2 : 290)  (3 : 211)  (4 : 141)  (5 : 105)  (69 : 1)  (6 : 72)  (7 : 56)  (8 : 38)  (9 : 38)  (10 : 36)  (11 : 26)  (12 : 30)  (13 : 11)  (14 : 12)  (15 : 13)  (16 : 15)  (17 : 15)  (18 : 9)  (19 : 8)  (20 : 11)  (21 : 12)  (22 : 13)  (23 : 6)  (24 : 3)  (25 : 3)  (26 : 9)  (27 : 3)  (28 : 7)  (29 : 3)  (30 : 4)  (31 : 1)  (32 : 5)  (33 : 3)  (34 : 3)  (35 : 4)  (36 : 1)  (37 : 4)  (38 : 3)  (39 : 4)  (41 : 3)  (42 : 1)  (43 : 2)  (44 : 1)  (55 : 1)  
real Identify
([ - , - , - , - , 0 , 0 , - , - , - , - , - ] : 1)  
testCase Num: 168
regaular Num: 53
identify Num: 115
3 4 2 2 0 1 0 0 0 0 4 
4 3 3 2 3 1 3 3 3 4 0 
4 4 2 2 0 1 0 0 0 1 4 
0 1 1 1 1 1 1 1 2 1 2 
4 0 0 0 0 1 1 1 1 3 1 
1 1 1 4 1 1 1 1 1 1 1 
4 0 3 3 1 2 1 1 1 0 0 
4 0 0 0 0 0 1 1 1 3 1 
4 0 0 0 0 0 1 1 1 3 0 
1 1 1 1 1 1 1 1 1 1 1 
4 0 3 3 1 2 1 0 0 1 4 
0 2 1 1 1 1 1 1 1 1 2 
4 0 1 1 1 1 1 1 1 3 1 
4 2 1 4 0 3 0 2 2 4 3 
4 0 3 3 1 2 1 1 1 0 4 
4 1 3 0 3 3 3 4 0 2 4 
4 0 0 0 0 0 0 0 0 0 0 
4 0 3 2 0 1 0 0 1 1 4 
1 2 1 1 2 1 1 3 2 2 3 
2 1 4 1 3 3 2 3 1 1 3 
0 0 0 0 1 1 1 1 1 3 1 
0 2 0 0 0 0 0 0 1 0 2 
3 4 2 2 0 1 0 0 0 1 4 
3 2 4 1 2 3 2 0 3 3 0 
4 4 2 2 0 1 0 0 0 0 4 
3 1 2 3 3 2 2 1 3 1 1 
1 1 1 1 1 2 3 1 4 1 4 
4 3 4 3 0 2 1 0 4 2 1 
2 0 2 1 3 4 4 1 4 1 1 
2 0 2 1 3 4 4 1 4 1 0 
0 1 1 1 0 0 1 1 1 3 0 
0 1 1 1 0 0 1 1 1 3 1 
1 1 1 1 1 1 1 4 1 1 1 
2 4 0 1 3 1 0 2 0 3 1 
1 3 4 4 2 4 0 1 0 1 4 
3 3 1 4 3 0 4 0 2 3 2 
0 4 0 0 0 2 4 0 2 0 0 
4 0 3 3 1 2 1 0 0 0 4 
0 1 1 0 0 1 1 1 1 3 1 
0 4 1 2 2 1 2 2 4 1 1 
4 0 3 3 1 2 0 1 1 1 4 
2 0 4 4 1 1 1 4 3 4 1 
1 1 1 1 1 4 2 1 1 1 1 
4 0 3 3 1 2 0 1 1 1 0 
1 2 0 1 2 0 1 3 2 2 3 
0 4 1 1 1 2 4 1 2 1 1 
2 0 3 2 4 4 1 1 1 4 1 
4 0 3 3 0 1 0 0 0 0 4 
1 1 1 1 1 1 1 0 1 1 1 
0 0 0 0 0 0 0 4 0 1 0 
1 0 1 2 4 3 2 1 0 1 1 
4 0 3 3 1 2 1 0 1 1 0 
0 1 1 0 0 0 1 1 1 3 1 
0 1 1 0 0 0 1 1 1 3 0 
4 0 1 1 1 1 1 1 1 1 1 
1 1 0 0 1 2 3 1 4 0 4 
4 0 0 1 1 1 1 1 1 3 1 
0 1 1 4 1 1 1 1 1 1 1 
0 2 4 3 4 1 3 1 2 0 0 
3 3 2 4 1 1 1 1 4 4 4 
0 1 1 1 0 1 1 1 1 4 1 
0 1 0 0 1 1 1 1 1 3 1 
0 1 0 1 1 1 1 1 1 3 1 
4 0 3 3 1 2 1 0 1 1 4 
0 1 0 1 1 0 0 0 2 0 2 
4 0 2 2 0 1 0 0 1 1 4 
0 1 0 0 0 1 1 1 1 3 1 
2 0 4 4 1 0 0 4 3 4 0 
3 4 2 2 0 1 0 0 1 1 4 
4 1 1 1 2 1 1 1 1 4 1 
0 4 0 2 2 1 2 2 4 1 0 
0 1 1 1 1 0 1 1 1 4 1 
4 4 2 2 0 1 0 1 1 1 4 
4 0 3 3 0 1 0 0 1 1 4 
3 1 0 4 4 2 0 3 1 2 0 
0 2 1 1 0 0 3 3 4 1 1 
0 2 4 3 4 1 3 1 2 1 1 
3 4 2 2 0 1 1 1 1 1 4 
0 1 1 1 0 1 1 1 1 3 1 
0 2 3 4 3 1 2 1 1 1 3 
0 1 0 1 1 1 1 1 1 4 1 
1 0 2 1 3 1 1 4 1 2 2 
2 2 1 2 0 2 2 1 2 2 2 
4 0 3 3 1 2 0 0 0 0 4 
4 0 2 2 0 1 0 0 0 0 4 
4 0 0 0 0 0 0 0 0 3 0 
0 1 1 1 1 0 1 1 1 3 0 
0 0 0 0 0 1 1 1 1 3 1 
0 1 1 1 1 0 1 1 1 3 1 
3 0 2 3 2 2 3 2 1 3 3 
1 4 0 0 4 0 0 3 1 3 0 
4 4 4 3 1 4 4 3 0 2 2 
4 1 1 0 2 0 1 1 1 4 0 
4 0 3 2 0 1 0 1 1 1 4 
4 0 3 3 0 1 0 1 1 1 4 
0 3 3 1 1 2 2 4 0 4 3 
1 0 1 2 4 3 2 1 1 1 1 
0 1 0 0 0 0 1 1 1 3 1 
0 1 1 1 1 1 1 1 1 3 1 
0 1 1 0 1 1 1 1 1 3 1 
0 1 1 1 1 1 1 1 1 3 0 
4 0 2 1 4 1 2 3 2 1 4 
0 1 0 0 0 0 1 1 1 3 0 
4 0 3 3 1 1 0 0 0 0 4 
4 0 3 3 1 2 0 0 0 1 4 
1 4 1 1 4 1 1 3 1 3 1 
0 0 1 0 1 1 1 1 1 1 1 
4 0 2 2 0 1 0 0 0 1 4 
0 0 1 0 1 1 1 1 1 1 2 
4 3 1 1 4 4 4 2 3 1 3 
0 0 0 4 0 0 0 0 0 0 1 
0 1 1 2 1 4 4 4 1 3 4 
4 0 0 0 1 1 1 1 1 3 1 
4 0 3 3 0 1 0 0 0 1 4 
4 3 0 0 4 4 4 2 3 1 3 
0 0 0 0 0 4 3 0 0 0 0 
0 0 0 0 0 0 0 0 0 0 0 
4 0 3 3 1 2 1 1 0 1 4 
2 3 1 3 0 3 1 2 1 0 4 
4 0 3 3 1 2 1 1 0 1 0 
0 1 1 1 1 1 1 1 1 4 1 
0 1 1 1 1 1 1 1 1 4 0 
4 0 3 3 1 1 0 0 1 1 4 
3 1 1 4 4 2 1 3 1 2 1 
0 0 1 4 1 1 1 1 1 1 1 
0 0 0 0 0 1 4 0 0 0 0 
0 0 0 0 0 0 1 1 1 3 1 
1 1 1 1 1 1 4 1 1 1 1 
0 2 3 4 3 1 2 0 0 0 3 
0 0 0 0 0 0 1 1 1 3 0 
4 0 3 2 0 1 0 0 0 0 4 
4 0 2 2 0 1 0 1 1 1 4 
2 4 1 1 3 1 1 2 1 3 1 
2 4 1 4 2 0 3 0 3 0 2 
3 4 2 2 0 1 0 1 1 1 4 
3 3 2 4 0 0 0 0 4 4 4 
4 4 2 2 0 1 0 0 1 1 4 
4 2 1 4 1 3 1 2 2 4 3 
1 1 1 1 1 4 3 1 1 1 1 
2 3 1 3 1 3 1 2 1 1 4 
0 1 1 2 0 4 4 4 1 3 4 
2 1 4 0 3 3 2 3 1 0 3 
1 4 0 3 4 3 4 4 4 4 2 
4 3 4 3 1 2 1 1 4 2 1 
4 0 3 3 1 2 1 1 0 0 4 
1 0 1 4 1 1 1 1 1 1 1 
4 0 3 3 1 1 0 1 1 1 4 
0 3 3 1 1 2 2 4 1 4 3 
0 0 0 0 0 4 2 0 0 0 0 
4 1 3 1 3 3 3 4 1 2 4 
3 2 3 0 2 4 4 4 2 0 1 
4 0 3 3 1 2 0 0 1 1 4 
0 0 0 1 1 1 1 1 1 3 1 
2 0 3 2 4 4 1 0 1 4 1 
0 0 4 2 0 0 0 2 0 0 0 
4 0 2 1 4 0 2 3 2 1 4 
4 0 3 2 0 1 0 0 0 1 4 
3 4 3 2 1 0 1 1 4 3 3 
1 1 3 3 0 0 0 2 3 1 2 
4 0 3 3 1 2 1 1 1 1 4 
0 2 1 1 1 1 3 3 4 1 1 
0 1 1 0 1 1 1 1 1 4 1 
1 0 2 0 3 1 1 4 0 2 2 
4 0 3 3 1 1 0 0 0 1 4 
0 2 2 4 1 3 1 2 3 2 4 
1 1 3 3 1 1 1 2 3 1 2 
1 1 4 2 1 1 1 2 1 1 1 
3 2 3 1 2 4 4 4 2 1 1 
MFS
[ - , - , - , - , - , - , - , - , - , - , 0 ]
[ - , - , - , - , - , - , - , - , - , 0 , - ]
[ 0 , 0 , - , - , - , - , - , - , - , - , - ]
[ - , - , - , - , - , - , - , - , 0 , - , - ]
[ - , - , - , - , - , - , - , 0 , - , - , - ]
[ - , - , - , - , - , - , 0 , - , - , - , - ]
[ - , - , - , - , - , 0 , - , - , - , - , - ]
[ - , - , - , - , 0 , - , - , - , - , - , - ]
[ - , - , - , 0 , - , - , - , - , - , - , - ]
[ - , - , 0 , - , - , - , - , - , - , - , - ]
precise
0.1
recall
0.025
F-measure
0.04000000000000001
multi
26
time
all 100 iden 0 gen 99
t-cover
1094
all-cover
1375
coveredNum
(1 : 186)  (2 : 310)  (3 : 204)  (4 : 168)  (5 : 98)  (6 : 63)  (7 : 30)  (8 : 23)  (9 : 35)  (10 : 15)  (11 : 11)  (12 : 18)  (13 : 17)  (14 : 17)  (15 : 14)  (16 : 11)  (17 : 9)  (18 : 13)  (19 : 9)  (20 : 5)  (21 : 11)  (22 : 5)  (23 : 12)  (24 : 6)  (25 : 7)  (26 : 5)  (27 : 7)  (28 : 12)  (29 : 4)  (30 : 8)  (31 : 7)  (33 : 4)  (34 : 5)  (35 : 2)  (36 : 1)  (37 : 5)  (38 : 2)  (40 : 2)  (41 : 1)  (42 : 1)  (43 : 2)  (44 : 2)  (45 : 3)  (48 : 1)  (51 : 1)  (56 : 1)  (61 : 1)  (62 : 1)  
real Identify
([ 0 , 0 , - , - , - , - , - , - , - , - , - ] : 1)  
testCase Num: 150
regaular Num: 51
identify Num: 99
0 1 3 2 0 2 1 1 2 1 2 
1 1 3 1 3 0 3 1 3 3 1 
1 3 4 1 2 4 0 3 2 0 4 
1 1 1 0 1 3 1 1 0 0 0 
1 1 1 0 0 2 0 0 4 0 0 
3 4 2 3 0 0 4 1 2 2 3 
3 4 2 4 0 0 4 1 2 2 3 
1 1 1 1 1 1 1 1 1 1 0 
1 3 4 2 1 2 2 1 3 3 0 
2 2 2 2 2 1 2 2 0 2 1 
4 1 1 3 3 4 0 0 2 1 3 
1 1 1 0 1 3 1 1 4 0 0 
1 4 2 1 3 2 2 4 0 3 3 
1 1 1 1 1 4 0 0 4 0 1 
1 1 1 1 0 3 0 0 4 0 0 
1 1 1 0 1 3 1 1 0 1 0 
1 1 1 0 1 3 1 1 0 1 1 
1 2 4 2 4 3 0 1 0 4 2 
0 0 0 0 0 0 4 0 0 3 0 
3 3 0 1 2 3 0 2 1 3 0 
4 3 1 4 4 2 0 4 1 0 1 
0 0 0 0 0 3 0 0 2 0 1 
0 1 3 2 0 2 0 0 2 1 2 
4 1 4 4 3 3 4 4 4 2 0 
3 4 4 3 4 4 0 2 3 2 0 
1 1 0 1 1 3 1 0 4 0 0 
0 3 4 2 0 2 2 1 3 3 0 
1 2 2 3 1 4 1 4 1 4 2 
2 2 1 0 4 3 1 3 4 3 2 
0 2 0 3 4 1 1 3 1 1 1 
4 3 1 0 1 4 2 1 0 4 4 
3 4 3 4 0 1 4 3 0 4 0 
0 1 3 2 0 1 0 0 2 1 2 
0 1 3 2 0 2 1 1 3 1 2 
1 1 0 0 0 2 0 0 4 0 0 
1 1 0 1 1 3 1 1 0 0 0 
0 2 0 1 4 1 4 4 2 2 4 
1 1 1 1 1 3 0 0 2 0 1 
2 4 3 1 2 4 4 0 2 1 0 
3 0 4 3 1 0 1 2 0 0 3 
1 0 1 1 1 3 1 1 0 1 0 
1 0 1 1 1 3 1 1 0 1 1 
3 1 2 1 2 0 4 4 3 0 2 
1 1 1 1 0 3 1 0 4 0 0 
1 2 1 1 4 1 4 4 2 2 4 
1 1 0 1 1 3 1 1 4 0 0 
1 1 0 1 0 3 3 2 4 4 1 
1 1 1 1 1 2 0 0 4 0 0 
4 0 0 0 2 0 0 0 0 0 0 
3 4 2 4 1 0 4 1 2 2 3 
2 3 1 3 1 1 4 1 2 2 3 
1 4 1 4 3 0 1 0 0 1 2 
4 1 0 3 3 4 0 0 2 1 3 
0 2 0 3 4 1 1 4 2 1 1 
1 3 2 1 1 1 0 0 4 0 0 
3 1 2 3 1 3 2 3 4 1 4 
2 2 4 0 3 1 3 0 0 0 3 
0 2 0 3 4 0 0 3 1 1 1 
1 0 1 1 1 3 0 0 4 0 0 
3 4 2 4 0 1 4 1 2 2 3 
0 1 3 2 0 2 1 1 3 2 2 
0 2 0 2 3 0 0 3 1 1 1 
0 1 3 2 0 2 1 1 3 2 3 
2 0 0 2 1 4 2 4 2 3 2 
4 4 0 3 4 1 3 3 3 3 3 
0 2 4 2 3 0 0 3 1 1 1 
0 0 2 1 4 1 0 0 2 1 2 
1 0 1 1 1 3 1 1 0 0 0 
1 1 1 1 0 2 0 0 4 0 0 
1 0 1 1 1 3 1 1 4 0 0 
2 1 1 1 2 3 0 0 3 4 3 
0 2 0 3 4 1 1 4 2 2 1 
0 2 0 3 4 1 1 4 2 2 2 
1 4 1 1 1 0 4 2 1 2 1 
0 1 4 2 3 0 0 3 1 1 1 
1 1 0 1 1 3 0 0 4 0 0 
1 0 1 1 1 2 0 0 4 0 0 
1 1 1 4 2 4 3 2 1 2 3 
3 4 2 4 0 0 0 2 2 2 3 
1 4 3 2 1 3 0 1 4 0 3 
3 1 4 3 1 0 1 2 0 0 3 
1 1 0 0 1 2 0 0 4 0 0 
1 1 0 1 1 2 0 0 4 0 0 
4 0 2 1 4 1 0 0 2 1 2 
3 4 3 4 1 1 4 3 0 4 0 
1 1 1 1 1 1 4 0 0 3 0 
3 3 3 0 3 2 3 2 2 1 2 
2 3 1 3 0 0 4 1 2 2 3 
0 2 0 3 4 1 1 4 1 1 1 
3 1 1 2 1 2 4 0 3 4 1 
0 0 0 0 0 2 0 0 4 0 0 
4 0 4 4 3 3 4 4 4 2 0 
0 2 0 3 3 0 0 3 1 1 1 
0 1 3 2 0 2 1 0 2 1 2 
1 1 1 1 1 1 0 0 0 0 0 
0 2 0 3 4 1 0 3 1 1 1 
4 1 3 2 1 1 3 4 0 1 0 
1 1 0 1 1 3 1 1 0 1 1 
1 1 0 1 1 3 1 1 0 1 0 
3 4 2 4 0 0 0 2 3 3 4 
1 1 4 2 3 0 0 3 1 1 1 
3 4 2 4 0 0 0 2 3 3 3 
3 0 2 3 0 3 2 3 4 1 4 
0 3 2 0 0 1 0 0 4 0 0 
1 1 1 1 0 3 1 1 0 0 0 
0 0 0 0 0 0 0 0 0 0 0 
1 1 1 1 0 3 1 1 4 0 0 
3 3 1 3 0 0 4 1 2 2 3 
1 3 3 3 2 3 1 0 4 2 1 
0 4 1 4 3 0 1 0 0 1 2 
1 1 1 0 1 3 1 0 4 0 0 
3 2 0 4 2 2 1 1 3 1 4 
0 1 3 1 4 1 0 0 2 1 2 
4 0 3 2 0 0 3 4 0 1 0 
1 0 0 0 1 2 0 0 4 0 0 
2 1 1 1 1 1 0 0 4 0 0 
3 4 1 3 0 0 4 1 2 2 3 
1 1 1 0 1 3 0 0 4 0 0 
3 0 1 2 1 2 4 0 3 4 1 
3 4 2 4 0 0 0 2 3 2 3 
1 0 0 1 1 2 0 0 4 0 0 
0 4 3 2 1 3 0 1 4 0 3 
1 4 1 1 1 1 3 0 0 0 4 
4 2 3 2 3 0 1 2 2 4 4 
1 1 1 1 0 3 1 1 0 1 1 
1 1 1 1 0 3 1 1 0 1 0 
1 1 1 0 1 2 0 0 4 0 0 
3 1 2 0 2 0 4 4 3 0 2 
1 1 1 1 1 3 3 2 4 4 1 
2 2 4 1 3 1 3 0 0 0 3 
1 2 2 4 1 0 2 1 2 0 0 
1 4 0 0 1 0 4 2 1 2 1 
2 1 1 2 1 4 2 4 2 3 2 
0 2 2 3 0 4 1 4 1 4 2 
0 4 0 0 0 0 3 0 0 0 4 
1 0 0 0 0 2 0 0 4 0 0 
4 3 1 1 1 4 2 1 0 4 4 
2 1 3 4 4 0 2 0 1 3 4 
2 0 0 0 2 3 0 0 3 4 3 
4 1 1 1 2 0 0 0 0 0 0 
0 0 0 0 0 4 0 0 4 0 1 
1 0 3 1 3 0 3 1 3 3 1 
3 4 2 4 0 0 0 1 2 2 3 
1 0 1 1 1 3 1 0 4 0 0 
2 1 2 3 1 2 3 3 0 2 2 
0 1 2 1 4 1 0 0 2 1 2 
3 3 1 1 2 3 0 2 1 3 0 
0 0 1 4 2 4 3 2 1 2 3 
2 0 0 0 0 0 0 0 4 0 0 
0 1 3 2 4 1 0 0 2 1 2 
MFS
[ 0 , - , - , - , - , - , - , - , - , - , - ]
[ - , - , - , - , - , - , - , - , - , - , - ]
[ - , - , - , - , 0 , 0 , - , - , - , - , - ]
[ - , - , - , - , 0 , - , - , - , - , - , - ]
[ - , - , - , 0 , - , - , - , - , - , - , - ]
[ - , - , 0 , - , - , - , - , - , - , - , - ]
[ - , 0 , - , - , - , - , - , - , - , - , - ]
precise
0.14285714285714285
recall
0.025
F-measure
0.0425531914893617
multi
23
time
all 99 iden 0 gen 98
t-cover
1177
all-cover
1375
coveredNum
(1 : 151)  (2 : 263)  (3 : 212)  (4 : 160)  (5 : 108)  (6 : 83)  (7 : 55)  (8 : 46)  (9 : 37)  (10 : 48)  (11 : 36)  (12 : 26)  (13 : 26)  (14 : 19)  (15 : 9)  (16 : 11)  (17 : 11)  (18 : 8)  (19 : 8)  (20 : 3)  (21 : 2)  (22 : 7)  (23 : 5)  (24 : 7)  (25 : 1)  (26 : 2)  (27 : 6)  (29 : 7)  (30 : 5)  (31 : 2)  (32 : 2)  (34 : 1)  (35 : 2)  (36 : 1)  (37 : 2)  (38 : 1)  (39 : 2)  
real Identify
([ - , - , - , - , 0 , 0 , - , - , - , - , - ] : 1)  
testCase Num: 170
regaular Num: 49
identify Num: 121
0 1 1 1 1 1 0 3 3 1 0 
0 1 1 1 1 1 0 3 3 1 1 
2 3 1 0 3 4 0 0 3 3 2 
2 3 1 1 3 4 0 0 3 3 2 
2 1 2 3 1 2 3 3 2 1 4 
0 1 1 1 1 2 0 4 4 1 1 
1 1 1 1 1 1 1 0 0 1 1 
0 0 3 2 4 4 0 0 0 0 0 
1 1 0 2 1 3 0 3 3 1 0 
2 4 2 1 0 4 4 0 4 3 4 
1 1 0 2 1 3 0 3 3 1 1 
1 0 4 3 0 0 1 1 1 0 0 
3 1 4 1 3 2 2 0 1 4 4 
0 0 0 1 2 3 2 0 4 0 3 
0 1 4 3 0 0 1 1 1 0 0 
4 3 4 4 4 2 3 0 2 2 1 
2 2 4 0 1 0 2 4 4 1 1 
2 4 1 1 1 3 3 4 3 4 3 
3 4 4 1 1 2 2 3 0 1 2 
0 3 2 3 4 1 1 0 0 4 3 
3 1 1 1 2 3 1 1 2 4 1 
1 4 1 4 4 1 2 4 2 3 1 
3 0 0 0 2 3 0 1 2 4 1 
0 1 1 1 1 2 0 4 4 2 1 
3 2 3 3 3 1 0 3 2 3 3 
0 0 0 4 0 4 1 3 2 4 1 
4 1 4 1 0 1 1 2 4 1 3 
1 0 1 3 3 2 4 4 2 0 3 
1 4 2 1 0 4 4 0 4 3 4 
3 2 2 3 0 2 3 3 2 0 4 
1 1 0 2 1 3 0 2 2 1 0 
0 0 2 4 3 0 0 0 0 0 3 
0 1 4 3 0 4 0 0 0 0 0 
0 2 4 2 2 2 1 1 3 0 4 
1 3 2 1 0 0 2 1 3 1 1 
1 0 4 3 0 0 1 0 0 0 0 
3 2 3 4 0 2 3 3 2 0 4 
0 1 4 3 0 0 1 1 1 1 1 
0 1 4 3 0 0 1 1 1 1 0 
0 1 0 0 0 0 0 0 0 2 0 
3 2 3 4 1 2 3 3 2 0 4 
1 3 4 3 2 4 2 2 3 0 0 
0 4 3 3 3 0 1 2 4 2 1 
1 1 0 2 1 2 4 2 2 1 0 
1 1 3 2 2 0 3 0 2 1 4 
2 0 3 2 1 0 0 1 0 4 0 
1 1 1 1 1 1 1 1 0 1 1 
1 3 3 1 0 1 2 1 3 1 1 
1 0 3 2 4 4 0 0 0 0 0 
2 0 3 2 1 0 0 1 0 4 4 
1 2 2 1 0 0 2 1 3 1 1 
2 0 3 2 1 4 4 0 4 3 4 
2 2 0 1 4 2 3 2 4 3 2 
3 4 2 0 4 4 0 0 3 3 2 
0 1 3 2 4 4 0 0 0 0 0 
1 0 4 3 0 0 1 1 0 0 0 
1 3 2 3 4 1 1 0 0 4 3 
1 1 1 3 3 2 4 4 2 0 3 
0 1 1 1 1 2 1 4 3 1 0 
0 1 4 3 0 0 1 1 0 0 0 
2 2 4 1 1 0 2 4 4 1 1 
2 0 2 2 2 1 2 2 1 2 2 
3 3 1 0 3 4 0 0 3 3 2 
3 4 4 0 1 2 2 3 0 1 2 
4 1 1 1 0 1 0 3 3 1 1 
3 4 1 2 0 4 1 4 1 2 3 
1 3 3 1 0 0 3 1 3 1 1 
4 1 1 1 0 1 0 3 3 1 0 
3 2 3 4 0 3 3 3 2 0 4 
0 1 1 1 1 2 0 3 3 1 1 
0 1 1 1 1 2 0 3 3 1 0 
4 1 4 0 0 1 1 2 4 1 3 
0 1 4 3 0 0 0 0 0 0 0 
1 1 1 1 4 3 4 3 1 0 1 
1 0 4 3 0 0 1 1 1 1 1 
1 0 4 3 0 0 1 1 1 1 0 
3 2 3 3 0 2 3 3 2 0 4 
3 2 3 4 0 3 4 4 2 0 4 
2 0 3 1 0 4 4 0 4 3 4 
2 1 2 3 0 2 3 3 2 0 4 
1 1 1 1 2 3 2 0 4 0 3 
2 3 3 0 3 3 1 0 0 1 0 
2 3 3 1 3 3 1 0 0 1 0 
1 3 3 1 0 0 3 2 4 1 1 
3 1 4 1 4 3 1 1 3 2 1 
1 1 1 1 1 2 4 2 2 1 0 
1 0 4 3 0 0 0 0 0 0 0 
0 2 2 0 0 0 2 1 3 1 1 
0 2 2 1 0 0 2 1 3 1 1 
1 0 4 2 4 4 0 0 0 0 0 
0 0 0 1 0 2 4 2 2 0 0 
3 2 2 4 1 4 3 2 0 0 0 
4 0 0 0 0 1 0 3 3 1 0 
1 0 4 3 4 4 0 0 0 0 0 
4 1 1 1 0 1 1 3 3 1 1 
4 1 1 3 3 4 2 1 1 1 1 
3 2 3 4 0 3 4 4 3 1 4 
0 1 4 2 4 4 0 0 0 0 0 
0 1 4 3 4 4 0 0 0 0 0 
3 4 2 0 4 0 1 0 3 3 2 
0 1 1 1 1 2 1 4 4 1 0 
2 1 3 4 4 0 4 1 3 1 2 
1 0 0 0 0 0 1 0 0 3 2 
1 2 1 1 1 1 4 3 0 2 4 
4 4 1 4 2 1 1 1 4 0 1 
3 3 1 2 2 0 4 3 4 4 0 
1 3 3 1 0 0 3 2 4 2 2 
1 3 3 1 0 0 3 2 4 2 1 
1 1 2 4 3 0 1 0 0 0 3 
0 1 0 0 4 3 4 3 1 0 1 
3 1 2 3 0 2 3 3 2 0 4 
2 4 0 0 1 3 3 4 3 4 3 
1 0 3 2 2 0 3 0 2 1 4 
0 0 0 0 0 0 0 0 0 0 0 
4 0 4 1 1 0 4 3 1 3 3 
2 0 3 2 1 0 0 1 0 3 4 
3 4 2 0 3 4 0 0 3 3 2 
2 0 2 1 0 4 4 0 4 3 4 
3 2 3 4 0 3 4 4 3 0 4 
2 0 3 2 1 0 0 1 4 3 4 
1 3 3 1 1 3 2 4 1 1 2 
0 1 1 1 1 2 1 4 4 2 0 
1 2 0 0 1 1 4 3 0 2 4 
3 4 2 0 4 0 1 1 4 3 2 
3 2 3 4 0 3 4 4 3 0 0 
0 1 1 1 1 2 1 4 4 2 1 
2 0 3 2 0 4 4 0 4 3 4 
1 3 3 1 1 0 2 1 3 1 1 
4 3 1 2 3 0 3 4 0 0 4 
0 3 3 1 0 3 2 4 1 0 2 
0 2 2 1 1 1 2 1 3 1 1 
1 1 1 3 1 3 1 0 0 1 1 
4 1 4 1 1 0 4 3 1 3 3 
0 3 0 2 1 1 3 1 1 3 3 
1 3 3 1 0 0 3 2 3 1 1 
1 1 0 1 1 2 4 2 2 1 0 
1 2 4 2 2 2 1 1 3 0 4 
3 0 4 1 4 3 0 1 3 2 0 
0 1 1 1 1 2 0 4 3 1 1 
1 1 1 1 1 1 1 0 0 3 2 
3 4 2 0 4 0 1 1 4 4 2 
1 1 0 2 1 3 0 3 2 1 0 
4 1 0 3 3 4 2 1 1 1 0 
2 0 3 2 1 0 0 0 4 3 4 
3 2 3 4 0 3 4 3 2 0 4 
4 1 2 2 2 3 0 4 0 3 1 
3 4 2 0 4 0 1 1 4 4 3 
1 3 1 2 1 1 3 1 1 3 3 
1 0 4 3 0 4 0 0 0 0 0 
2 0 3 2 1 0 4 0 4 3 4 
0 1 1 1 0 1 0 3 3 1 1 
0 1 1 1 0 1 0 3 3 1 0 
1 4 3 3 3 0 1 2 4 2 1 
0 0 0 3 0 3 0 0 0 0 0 
3 4 2 0 4 0 0 0 3 3 2 
1 1 1 1 1 1 1 0 0 2 1 
4 4 0 4 2 1 0 1 4 0 1 
3 4 1 0 3 4 0 0 3 3 2 
3 4 2 0 4 0 1 1 3 3 2 
0 4 1 4 4 1 2 4 2 3 0 
1 2 1 4 4 3 0 2 1 4 4 
3 4 2 1 3 4 0 0 3 3 2 
4 2 3 3 1 2 0 0 2 4 2 
1 3 3 1 0 0 2 1 3 1 1 
1 1 1 4 0 4 1 3 2 4 1 
1 1 3 2 4 4 0 0 0 0 0 
0 1 4 3 0 0 1 0 0 0 0 
1 1 0 2 1 3 4 2 2 1 0 
0 1 1 1 1 2 1 3 3 1 1 
0 1 1 1 1 2 1 3 3 1 0 
MFS
[ 0 , - , - , - , - , - , - , - , - , - , - ]
[ - , - , - , - , - , - , - , - , - , - , - ]
[ - , - , - , - , - , - , - , - , - , - , 0 ]
[ - , - , - , - , 0 , 0 , - , - , - , - , - ]
[ - , - , - , - , - , - , 0 , - , - , - , - ]
[ - , - , - , 0 , - , - , - , - , - , - , - ]
[ - , - , - , - , 0 , - , - , - , - , 0 , - ]
[ - , - , 0 , - , - , - , - , - , - , - , - ]
[ - , 0 , - , - , - , - , - , - , - , - , - ]
precise
0.2222222222222222
recall
0.05
F-measure
0.0816326530612245
multi
21
time
all 103 iden 1 gen 101
t-cover
1182
all-cover
1375
coveredNum
(1 : 112)  (2 : 200)  (3 : 154)  (4 : 141)  (5 : 112)  (6 : 109)  (7 : 68)  (8 : 73)  (9 : 70)  (10 : 53)  (11 : 57)  (12 : 40)  (13 : 30)  (14 : 23)  (15 : 25)  (16 : 20)  (17 : 18)  (18 : 14)  (19 : 11)  (20 : 10)  (21 : 3)  (22 : 5)  (23 : 5)  (24 : 4)  (25 : 2)  (26 : 1)  (27 : 3)  (28 : 6)  (29 : 2)  (30 : 1)  (31 : 1)  (34 : 1)  (35 : 1)  
real Identify
([ - , - , - , - , 0 , 0 , - , - , - , - , - ] : 1)  ([ - , - , - , - , 0 , - , - , - , - , 0 , - ] : 1)  
testCase Num: 231
regaular Num: 54
identify Num: 177
1 0 0 4 0 2 4 1 3 2 0 
0 4 0 4 0 0 0 0 0 0 0 
4 1 1 2 1 0 3 3 0 4 3 
1 0 1 0 1 1 1 0 0 0 0 
4 0 1 3 2 0 4 4 1 4 3 
1 1 1 1 1 1 1 1 1 1 1 
2 1 4 1 2 1 2 2 2 1 1 
1 1 0 4 1 3 0 1 4 1 0 
1 1 0 4 1 3 0 1 4 1 1 
1 3 4 0 2 1 4 1 1 4 2 
0 2 1 0 3 0 2 4 3 2 0 
3 0 1 1 1 0 1 1 1 1 2 
1 4 4 1 3 0 0 2 0 3 0 
1 0 0 4 0 2 4 1 3 3 0 
1 0 0 4 0 2 4 1 3 3 1 
0 4 4 1 3 0 0 2 0 3 0 
4 0 0 0 0 0 0 0 0 0 2 
0 0 0 0 2 0 0 2 0 0 4 
1 0 1 0 1 1 1 1 1 0 0 
2 4 0 0 1 4 0 0 0 1 2 
0 2 0 0 1 4 4 0 0 0 0 
0 1 1 1 1 1 1 1 1 0 3 
0 1 1 1 1 1 1 1 1 0 2 
2 4 0 1 3 0 0 1 2 4 2 
2 3 1 2 1 4 4 1 1 3 4 
1 2 0 1 4 2 2 2 3 4 0 
0 2 0 0 1 4 4 0 0 0 4 
1 1 0 4 1 3 0 1 4 0 0 
1 1 1 1 1 3 1 1 1 1 3 
0 3 3 1 0 3 3 2 1 1 1 
3 0 1 1 1 0 1 1 1 2 3 
3 0 1 1 1 4 0 0 0 1 2 
3 0 1 1 1 0 1 1 1 2 2 
1 0 0 4 0 2 4 1 2 2 0 
2 1 3 2 4 3 2 0 3 0 2 
3 4 1 1 1 1 4 4 1 1 3 
4 1 0 3 1 0 3 3 0 4 3 
4 1 1 2 1 0 3 3 1 4 3 
0 3 0 1 2 3 3 0 1 0 4 
0 3 0 1 2 3 2 4 1 0 4 
1 1 4 3 4 1 3 0 2 2 0 
4 1 1 3 4 1 3 1 0 4 4 
0 1 1 1 1 1 1 1 1 1 2 
2 4 0 1 3 0 4 1 1 4 2 
1 1 1 1 1 1 1 1 1 3 1 
0 2 0 0 1 4 3 4 4 4 4 
1 1 1 3 1 2 4 0 3 0 0 
0 1 0 2 2 1 0 0 4 1 1 
0 1 1 1 1 1 0 0 1 0 2 
1 1 4 4 0 3 3 4 4 4 4 
1 1 3 3 1 1 4 2 4 2 3 
1 3 3 0 1 0 0 0 0 0 0 
2 4 0 1 3 0 0 1 1 4 2 
2 4 0 1 2 0 4 1 1 4 2 
1 0 0 4 0 2 3 0 2 2 0 
0 1 1 2 3 4 1 2 0 4 0 
3 1 4 1 2 3 1 1 3 1 1 
0 3 3 4 4 0 2 1 2 1 3 
4 0 3 1 4 4 4 0 2 0 1 
1 3 3 4 4 1 2 1 2 1 3 
1 1 0 4 1 3 0 1 3 0 0 
1 0 3 2 2 4 3 4 4 0 2 
3 0 1 1 1 0 1 0 0 1 2 
0 1 1 1 1 1 0 0 1 1 2 
1 1 2 0 1 3 1 1 0 1 3 
4 4 4 2 2 4 0 3 3 3 3 
0 3 1 1 3 1 0 3 3 2 2 
0 3 0 0 1 2 2 4 1 0 4 
1 0 0 4 0 1 3 0 2 2 0 
0 2 2 0 0 3 3 2 1 1 1 
3 0 1 1 1 0 0 0 0 1 2 
4 3 1 3 3 0 1 4 4 1 1 
0 3 3 1 1 3 3 2 1 1 1 
1 1 2 0 1 4 1 1 1 1 3 
1 0 1 0 1 1 0 0 0 0 0 
0 3 3 1 0 4 4 2 1 1 1 
3 0 0 2 1 0 3 3 0 4 3 
4 1 0 3 2 1 3 3 0 4 3 
0 2 4 0 1 2 2 4 1 0 4 
1 0 1 0 1 0 0 0 0 0 0 
0 2 0 0 1 4 4 0 0 4 4 
1 3 4 0 1 0 0 0 0 0 0 
0 0 0 0 0 0 0 4 2 0 0 
4 1 0 3 2 1 4 4 0 4 3 
0 2 0 0 0 3 3 4 4 4 4 
1 1 0 3 1 2 4 0 3 0 0 
1 1 1 2 2 1 1 1 4 1 1 
0 3 3 1 0 4 4 3 2 1 1 
0 2 4 4 0 3 3 4 4 4 4 
0 1 1 0 1 1 0 0 1 1 2 
4 1 1 0 1 1 1 1 1 1 2 
0 3 2 0 0 3 3 2 1 1 1 
1 3 4 0 1 1 0 0 0 0 0 
3 0 4 1 2 3 1 1 3 0 1 
1 0 1 0 1 1 1 1 1 1 1 
1 0 1 0 1 1 1 1 1 1 0 
4 1 1 0 1 1 0 0 1 0 2 
0 1 1 1 1 1 1 0 1 0 2 
2 1 1 1 1 1 1 1 1 4 1 
1 1 1 0 2 1 1 2 1 1 4 
1 1 2 0 1 4 1 1 0 1 3 
1 1 2 0 1 4 1 1 0 1 4 
0 3 3 1 0 4 4 3 2 2 2 
0 3 3 1 0 4 4 3 2 2 1 
1 2 3 1 1 0 0 0 0 0 1 
0 1 1 0 1 1 0 1 1 1 2 
3 0 1 1 1 0 1 1 0 1 2 
2 4 4 0 2 0 4 1 1 4 2 
1 0 0 4 0 2 4 0 2 2 0 
1 3 1 1 3 1 0 3 3 2 2 
2 4 0 1 3 1 4 1 1 4 2 
1 0 1 0 1 1 1 1 0 0 0 
0 1 1 1 1 1 1 0 1 1 2 
0 1 1 1 1 1 1 0 1 1 3 
4 1 0 4 1 3 4 3 2 2 0 
1 1 3 3 0 0 4 2 4 2 3 
1 3 4 0 1 1 1 1 0 0 0 
1 2 1 1 4 2 2 2 3 4 0 
1 0 0 3 4 1 3 0 2 2 0 
0 3 3 1 0 4 4 3 1 1 1 
3 1 1 0 3 2 3 0 2 3 3 
1 1 3 2 2 4 3 4 4 1 2 
1 3 3 3 1 2 3 1 1 1 0 
0 3 3 1 0 4 3 2 1 1 1 
2 3 4 0 2 0 4 1 1 4 2 
4 1 3 1 4 4 4 1 2 1 1 
4 2 2 0 0 3 3 2 1 1 1 
1 3 4 0 1 1 1 1 1 1 1 
4 1 0 3 2 1 4 3 0 4 3 
1 3 4 0 1 1 1 1 1 1 0 
2 1 2 4 3 1 4 2 1 1 3 
0 0 4 3 4 1 3 0 2 2 0 
3 0 1 2 1 0 3 3 1 4 3 
4 2 4 0 1 2 2 4 1 0 4 
1 2 1 1 3 0 2 4 3 2 1 
2 4 0 0 2 0 4 1 1 4 2 
0 2 0 0 1 4 4 4 4 4 4 
4 1 0 3 2 1 4 4 0 0 4 
4 1 1 0 1 1 0 0 1 1 2 
3 4 0 1 0 1 4 4 0 1 3 
1 0 0 0 0 0 0 0 0 3 0 
4 1 0 3 2 1 4 4 0 0 3 
1 3 4 0 1 1 1 1 1 0 0 
1 3 4 0 2 0 4 1 1 4 2 
2 2 2 2 0 2 1 1 2 2 2 
3 3 3 3 1 3 2 2 0 3 2 
1 0 0 4 4 1 3 0 2 2 0 
2 3 0 2 0 4 4 1 1 3 4 
1 1 1 0 1 3 1 1 0 1 3 
4 0 1 2 1 0 3 3 1 4 3 
1 1 2 1 1 3 1 1 0 1 3 
4 1 0 2 1 0 3 3 0 4 3 
4 3 0 3 3 0 1 4 4 1 1 
0 2 0 0 1 3 3 4 4 4 4 
2 4 1 3 1 2 2 3 4 1 1 
4 1 1 0 1 1 0 1 1 1 2 
1 3 4 0 2 0 4 0 1 4 2 
1 3 4 0 1 1 1 0 0 0 0 
1 1 1 1 1 1 1 1 4 1 0 
3 1 1 2 1 1 3 3 1 4 3 
2 0 0 4 0 2 0 4 3 2 2 
0 1 1 0 1 1 0 0 1 0 2 
1 3 2 1 1 1 1 1 0 1 1 
1 0 1 0 0 0 0 0 0 0 0 
1 4 3 1 3 3 0 1 2 4 4 
3 1 1 0 3 2 3 1 2 3 3 
1 0 1 4 0 0 0 0 0 0 0 
1 2 2 4 2 2 1 3 0 1 3 
1 1 1 1 1 1 0 1 1 1 1 
2 0 0 0 0 0 0 0 0 4 0 
0 3 2 0 0 0 0 0 0 0 0 
0 3 3 3 0 2 3 1 1 0 0 
4 1 0 3 2 0 3 3 0 4 3 
4 1 0 3 2 1 4 4 1 4 3 
1 3 4 1 1 0 0 0 0 0 0 
0 0 0 1 0 0 0 0 4 0 0 
4 0 1 3 2 1 3 3 1 4 3 
3 0 1 0 1 4 0 0 0 1 2 
0 3 0 1 1 2 2 4 1 0 4 
1 0 0 4 0 0 0 0 0 0 0 
0 3 0 1 2 3 3 0 2 0 4 
0 1 4 4 0 3 3 4 4 4 4 
1 1 0 4 1 3 4 0 3 0 0 
1 1 1 2 3 4 1 2 0 4 0 
3 1 1 4 1 4 1 1 2 3 1 
0 3 4 0 1 2 2 4 1 0 4 
2 4 0 0 0 4 0 0 0 1 2 
0 2 3 0 0 0 0 0 0 0 0 
0 2 1 3 2 4 4 0 0 2 1 
0 0 0 3 0 2 4 0 3 0 0 
4 0 1 3 2 0 4 4 1 0 3 
4 0 1 3 2 0 4 4 1 0 4 
4 0 1 3 4 1 3 1 0 4 4 
0 3 0 1 2 3 3 0 2 1 4 
4 1 1 4 1 3 4 3 2 2 0 
0 2 0 4 0 3 3 4 4 4 4 
0 0 0 0 0 0 0 0 0 0 0 
2 4 0 1 3 0 0 1 2 0 3 
0 2 0 0 1 4 4 0 4 4 4 
1 2 1 3 2 4 4 0 0 2 1 
2 4 0 1 3 0 0 1 2 0 2 
4 0 1 3 2 0 4 3 1 4 3 
3 4 3 0 4 1 1 3 1 2 4 
0 3 0 1 2 3 3 0 2 1 0 
3 0 0 0 1 4 0 0 0 1 2 
4 0 0 2 1 0 3 3 0 4 3 
1 1 2 0 1 4 2 1 4 4 1 
4 0 1 3 2 0 3 3 1 4 3 
2 0 4 0 2 1 2 2 2 1 0 
2 4 1 3 0 2 2 3 4 0 1 
3 0 1 4 1 4 1 0 2 3 1 
2 4 2 1 1 0 3 0 3 1 4 
4 2 2 0 1 3 3 2 1 1 1 
1 1 0 4 1 3 0 0 3 0 0 
0 3 0 1 2 3 3 4 1 0 4 
0 1 2 0 1 4 2 1 4 4 1 
0 1 1 1 1 1 0 1 1 1 3 
3 4 0 0 1 4 0 0 0 1 2 
0 1 1 1 1 1 0 1 1 1 2 
1 2 3 0 1 0 0 0 0 0 0 
2 0 2 4 3 1 4 2 1 0 3 
1 0 4 3 4 1 3 0 2 2 0 
1 1 1 1 1 1 1 4 2 1 1 
3 2 2 3 4 1 0 4 4 3 0 
1 1 0 4 1 2 4 0 3 0 0 
2 1 1 4 1 2 1 4 3 2 2 
0 0 1 0 0 3 0 0 0 0 3 
1 4 0 4 0 0 0 0 0 0 0 
0 3 3 0 0 3 3 2 1 1 1 
0 3 0 1 2 2 2 4 1 0 4 
4 0 1 3 1 0 3 3 1 4 3 
MFS
[ 0 , - , - , - , - , - , - , - , - , - , - ]
[ - , - , - , - , - , - , - , - , - , - , - ]
[ - , - , 0 , - , - , - , - , - , 0 , - , - ]
[ - , 0 , - , - , - , 0 , - , - , - , - , - ]
[ - , - , - , 0 , - , - , - , - , - , - , 0 ]
[ - , - , - , - , - , - , - , - , - , 0 , - ]
[ - , - , - , - , - , - , - , 0 , - , - , - ]
[ - , - , - , - , - , - , 0 , - , - , - , - ]
[ - , - , - , - , - , 0 , - , - , - , - , - ]
[ - , - , - , - , 0 , - , - , - , - , - , - ]
[ - , - , - , 0 , - , - , - , - , 0 , - , - ]
[ - , - , 0 , - , - , - , - , - , - , - , - ]
[ - , 0 , - , - , - , - , - , - , - , - , - ]
precise
0.3076923076923077
recall
0.1
F-measure
0.15094339622641512
multi
26
time
all 128 iden 1 gen 126
t-cover
1184
all-cover
1375
coveredNum
(1 : 107)  (2 : 147)  (3 : 104)  (4 : 126)  (5 : 103)  (6 : 73)  (7 : 72)  (8 : 71)  (9 : 59)  (10 : 64)  (11 : 58)  (12 : 46)  (13 : 40)  (14 : 39)  (15 : 30)  (16 : 31)  (17 : 21)  (18 : 23)  (19 : 19)  (20 : 10)  (21 : 14)  (22 : 12)  (23 : 9)  (24 : 8)  (25 : 7)  (26 : 15)  (27 : 6)  (28 : 9)  (29 : 9)  (30 : 5)  (31 : 5)  (32 : 5)  (33 : 3)  (34 : 2)  (35 : 3)  (36 : 3)  (37 : 3)  (38 : 3)  (39 : 2)  (42 : 2)  (43 : 1)  (44 : 2)  (46 : 1)  (47 : 1)  (51 : 1)  (54 : 1)  
real Identify
([ - , - , 0 , - , - , - , - , - , 0 , - , - ] : 1)  ([ - , 0 , - , - , - , 0 , - , - , - , - , - ] : 1)  ([ - , - , - , 0 , - , - , - , - , - , - , 0 ] : 1)  ([ - , - , - , 0 , - , - , - , - , 0 , - , - ] : 1)  
testCase Num: 171
regaular Num: 51
identify Num: 121
2 0 2 0 4 0 3 4 1 1 4 
1 0 1 4 3 4 2 3 0 0 4 
0 4 0 0 0 0 0 0 0 0 1 
4 0 1 3 2 2 0 0 2 1 2 
4 0 0 2 1 1 0 0 2 1 2 
2 0 2 0 4 4 2 3 0 0 4 
1 0 1 0 0 0 1 1 1 1 1 
1 0 1 1 0 0 1 1 1 1 1 
1 2 2 2 1 2 1 1 4 3 0 
2 4 3 1 3 4 4 4 0 1 0 
2 0 2 0 4 0 3 4 1 1 0 
1 4 4 1 1 2 1 3 3 1 2 
0 1 0 1 1 1 2 3 1 4 0 
1 1 1 1 1 1 1 1 1 1 1 
3 1 1 2 1 1 3 2 1 1 4 
0 2 1 1 2 1 2 3 1 4 0 
4 2 3 0 3 1 3 2 4 0 1 
0 2 1 1 2 1 3 4 2 0 0 
0 2 1 1 2 1 3 4 2 0 1 
4 2 0 4 2 1 4 3 2 2 1 
0 4 0 0 0 0 1 1 0 1 1 
3 3 1 3 3 1 1 1 3 4 1 
4 0 2 0 2 3 0 0 0 0 0 
0 4 0 0 1 1 1 1 1 1 1 
0 4 0 1 1 1 1 1 1 1 1 
2 0 2 0 4 0 3 4 0 0 4 
0 2 0 1 1 1 2 3 1 4 0 
2 0 1 4 3 4 2 3 0 0 4 
1 0 1 1 0 0 1 1 0 0 1 
1 4 1 1 4 1 4 1 2 2 0 
1 2 0 1 1 1 1 1 1 1 0 
4 0 1 3 1 1 0 1 2 1 2 
1 1 0 4 1 1 1 4 3 1 4 
3 1 3 1 3 2 0 3 2 3 3 
1 4 2 1 1 4 3 1 2 4 4 
4 0 1 3 2 2 1 0 3 1 2 
1 4 0 0 1 1 1 1 1 1 1 
3 4 0 2 1 1 0 1 2 1 2 
0 4 0 0 0 0 1 1 0 0 1 
1 0 1 0 0 1 1 1 1 1 1 
4 0 1 3 2 2 0 1 3 2 2 
4 0 1 3 2 2 0 1 3 2 3 
1 2 2 2 0 2 0 1 4 3 0 
0 2 1 1 2 1 3 4 1 4 0 
1 0 1 1 1 1 1 1 1 1 1 
2 2 0 2 1 1 1 3 1 1 1 
1 0 1 0 0 0 1 1 0 1 1 
1 2 0 1 1 1 1 1 1 2 0 
0 1 0 0 2 4 1 0 4 3 4 
1 0 1 1 0 0 1 1 0 1 1 
1 2 0 1 1 1 1 1 1 2 1 
1 4 3 4 1 3 2 1 1 1 3 
2 0 2 0 4 0 2 3 0 0 4 
1 3 3 1 2 0 3 0 3 2 3 
1 0 1 1 1 0 1 1 1 1 1 
1 0 1 1 1 0 1 1 1 1 2 
0 0 0 0 0 2 4 0 0 0 0 
4 0 1 3 2 2 1 1 2 1 2 
2 0 4 0 2 2 0 4 1 2 4 
2 1 0 3 1 3 1 4 2 1 3 
4 2 0 4 2 0 4 3 2 2 1 
4 0 1 3 2 2 0 1 3 1 2 
1 0 1 1 0 1 1 1 1 1 1 
4 0 1 2 1 1 0 1 2 1 2 
1 0 1 1 1 1 1 1 1 0 2 
1 0 1 1 0 1 1 1 1 1 2 
1 0 1 1 1 1 1 1 1 0 1 
1 2 1 1 1 1 1 1 1 1 0 
0 4 1 0 4 1 4 0 2 2 0 
0 4 0 0 0 1 1 1 1 1 1 
0 3 2 0 0 0 0 0 0 0 0 
4 4 0 2 1 1 0 0 2 1 2 
1 0 1 0 0 0 1 1 0 0 1 
1 1 3 3 1 2 3 1 1 1 4 
2 1 1 4 4 2 0 0 0 4 1 
2 2 0 2 0 0 0 3 0 0 1 
2 0 2 0 3 4 2 3 0 0 4 
2 0 2 4 3 4 2 3 0 0 4 
1 2 2 3 0 0 4 4 1 0 2 
1 0 1 1 1 0 1 1 0 0 1 
1 1 0 1 2 4 1 1 4 3 4 
0 2 1 2 3 3 1 4 3 4 2 
0 4 3 4 0 3 2 1 1 1 3 
0 2 1 1 1 1 2 3 1 4 0 
0 0 3 0 0 0 0 0 0 0 2 
1 0 0 0 0 1 1 1 1 1 1 
1 3 4 1 1 1 2 2 2 2 1 
1 0 0 0 1 1 1 1 1 1 1 
3 4 0 2 1 1 0 0 2 1 2 
1 0 0 0 0 0 1 1 0 1 1 
1 0 1 1 1 1 1 1 0 1 2 
0 2 1 1 2 1 3 4 2 4 0 
1 3 0 4 2 2 3 2 1 1 4 
3 0 2 0 4 3 3 3 4 1 2 
1 0 1 1 1 1 1 1 0 1 1 
1 4 4 1 0 2 1 3 3 0 2 
3 4 1 3 2 0 1 2 4 2 0 
4 0 1 3 2 1 0 1 2 1 2 
4 1 2 1 2 3 1 1 1 1 0 
4 1 0 0 1 0 2 3 1 4 0 
1 0 1 1 1 0 1 1 0 1 1 
1 1 0 1 4 3 4 2 4 4 4 
4 1 0 1 1 1 2 3 1 4 0 
1 3 2 1 1 1 1 1 1 1 0 
4 4 2 4 3 0 1 0 1 3 2 
1 1 3 1 1 1 1 1 1 1 2 
1 4 0 0 0 1 1 1 1 1 1 
4 0 1 3 2 2 0 1 2 1 2 
0 1 0 0 0 0 0 0 0 1 0 
1 0 1 1 1 1 1 1 0 0 1 
0 2 1 1 2 1 3 3 1 4 0 
4 0 0 2 1 1 0 1 2 1 2 
1 0 0 0 0 0 1 1 0 0 1 
0 0 0 0 0 0 2 0 4 0 0 
2 1 0 3 0 3 1 4 2 0 3 
0 3 0 4 2 2 3 2 1 1 4 
0 0 0 0 4 0 2 2 3 3 0 
0 0 0 4 0 1 0 4 3 0 4 
0 0 0 0 0 0 0 0 0 0 0 
2 1 1 4 3 4 2 3 0 0 4 
0 3 4 1 0 1 2 2 2 2 1 
1 1 0 1 1 1 1 1 1 1 0 
1 4 0 0 0 0 1 1 1 1 1 
1 1 1 1 4 1 2 2 3 3 1 
2 1 4 1 2 1 4 1 3 4 3 
4 0 3 2 4 0 1 4 2 4 3 
2 1 4 1 2 2 1 4 1 2 4 
0 0 0 1 1 1 1 1 1 1 1 
3 3 4 2 4 4 4 1 1 0 2 
4 2 4 3 4 2 2 0 3 1 4 
4 0 1 2 1 1 0 0 2 1 2 
1 0 1 0 1 1 1 1 1 1 2 
4 0 0 0 0 0 0 1 0 2 0 
2 0 2 0 4 0 3 3 0 0 4 
1 0 1 0 1 1 1 1 1 1 1 
3 2 4 4 3 3 2 4 0 2 1 
1 0 0 0 0 0 1 1 1 1 1 
4 4 0 2 1 1 0 1 2 1 2 
2 1 2 2 2 1 2 2 0 2 2 
4 0 1 3 1 1 0 0 2 1 2 
2 1 4 0 2 0 4 1 3 4 3 
4 3 1 1 1 1 1 3 1 3 3 
3 4 0 2 1 1 1 1 2 1 2 
4 3 1 0 0 1 1 3 0 3 3 
1 4 0 0 0 0 1 1 0 0 1 
4 0 1 3 2 2 1 0 3 2 3 
4 0 1 3 2 2 1 0 3 2 2 
1 4 2 0 0 4 3 1 2 4 4 
0 4 0 0 0 0 1 1 1 1 1 
1 1 1 1 1 1 2 1 4 1 1 
4 1 1 1 1 1 1 1 1 2 1 
3 1 2 1 4 3 3 3 4 1 2 
4 2 2 1 1 4 0 2 4 2 3 
0 0 1 1 1 1 1 1 1 1 1 
2 3 4 4 1 3 3 4 4 3 0 
0 1 3 3 1 2 3 1 0 0 4 
0 0 1 1 1 1 1 1 1 1 2 
2 0 2 0 4 0 3 4 1 0 4 
4 0 1 3 2 1 0 0 2 1 2 
1 2 2 3 1 1 4 4 1 1 2 
0 0 2 3 1 4 4 3 3 3 1 
1 1 1 1 1 2 4 1 1 1 1 
1 1 1 4 3 4 2 3 0 0 4 
4 2 3 1 3 1 3 2 4 1 1 
3 0 1 2 0 0 3 2 0 1 4 
3 3 0 3 3 1 0 1 3 4 0 
1 4 0 0 0 0 1 1 0 1 1 
4 0 1 3 2 2 1 0 2 1 2 
4 1 3 2 4 1 1 4 2 4 3 
1 4 0 1 1 1 1 1 1 1 1 
1 1 2 3 1 4 4 3 3 3 1 
MFS
[ 0 , - , - , - , - , - , - , - , - , - , - ]
[ - , - , - , - , - , - , - , - , - , - , - ]
[ - , - , 0 , - , - , - , - , - , - , - , 0 ]
[ - , - , - , - , - , - , - , - , - , 0 , - ]
[ - , - , - , - , - , - , - , - , 0 , - , - ]
[ - , - , - , - , - , - , - , 0 , - , - , - ]
[ - , - , - , - , - , - , 0 , - , - , - , - ]
[ - , - , - , - , - , 0 , - , - , - , - , - ]
[ - , - , - , - , 0 , - , - , - , - , - , - ]
[ - , - , - , 0 , - , - , - , - , - , - , - ]
[ - , 0 , - , - , - , - , - , - , - , - , - ]
precise
0.09090909090909091
recall
0.025
F-measure
0.03921568627450981
multi
25
time
all 119 iden 1 gen 118
t-cover
1113
all-cover
1375
coveredNum
(1 : 159)  (2 : 247)  (3 : 203)  (4 : 136)  (5 : 113)  (6 : 72)  (7 : 61)  (8 : 59)  (9 : 49)  (10 : 32)  (11 : 33)  (12 : 36)  (13 : 17)  (14 : 14)  (15 : 10)  (16 : 8)  (17 : 10)  (18 : 12)  (19 : 11)  (20 : 3)  (21 : 8)  (22 : 5)  (23 : 5)  (24 : 7)  (25 : 7)  (26 : 5)  (27 : 2)  (28 : 4)  (29 : 4)  (30 : 2)  (31 : 2)  (33 : 2)  (34 : 2)  (35 : 2)  (36 : 5)  (37 : 4)  (38 : 1)  (39 : 3)  (40 : 2)  (41 : 4)  (42 : 2)  (43 : 3)  (44 : 2)  (45 : 1)  (46 : 1)  (48 : 2)  (51 : 1)  (55 : 1)  (57 : 1)  
real Identify
([ - , - , 0 , - , - , - , - , - , - , - , 0 ] : 1)  
