tuple	degree	softw	wg	sg	rewg	resg	soc	fautype
601 1 - 1 600 2 0 399 400 - 2 1	10	128,133,134,141,144,148,157,158,159,160,161,162,163,164,165,166,167,168,169,171,172,48,50,51,52,53,54,56,58,61,63,66,72,73,75,81,84,90,91,93,99,102,104,112,118,119,120,122,124,126,127,		0.0196078431372549	0.0	assign	wrong	
601 1 - 2 600 1 0 400 639 - 2 -	9	128,133,135,138,141,144,148,157,158,159,160,161,162,163,164,165,166,167,168,169,171,172,48,50,51,52,53,54,56,58,61,63,66,72,73,79,81,84,90,91,97,99,107,109,112,118,119,120,122,124,126,127,		0.019230769230769232	0.0	assign	wrong	
601 1 - 2 600 1 0 400 739 - 2 -	9	128,133,135,138,141,144,148,157,158,159,160,161,162,163,164,165,166,167,168,169,171,172,48,50,51,52,53,54,56,58,61,63,66,72,73,79,81,84,90,91,97,99,107,109,112,118,119,120,122,124,126,127,		0.019230769230769232	0.0	assign	wrong	
601 1 1 1 600 2 0 399 400 0 - 1	11	128,133,134,141,144,148,157,158,159,160,161,162,163,164,165,166,167,168,169,171,172,48,50,51,52,53,54,56,58,61,63,66,72,73,75,81,84,90,91,93,99,102,104,112,118,119,120,122,124,126,127,		0.0196078431372549	0.0	assign	wrong	
601 1 1 2 600 1 0 400 639 0 - -	10	128,133,135,138,141,144,148,157,158,159,160,161,162,163,164,165,166,167,168,169,171,172,48,50,51,52,53,54,56,58,61,63,66,72,73,79,81,84,90,91,97,99,107,109,112,118,119,120,122,124,126,127,		0.019230769230769232	0.0	assign	wrong	
601 1 - 2 600 1 0 400 840 - 2 -	9	128,133,135,138,141,144,148,157,158,159,160,161,162,163,164,165,166,167,168,169,171,172,48,50,51,52,53,54,56,58,61,63,66,72,73,79,81,84,90,91,97,99,107,109,112,118,119,120,122,124,126,127,		0.019230769230769232	0.0	assign	wrong	
601 1 1 1 600 2 0 639 400 0 - -	10	128,133,134,141,144,148,157,158,159,160,161,162,163,164,165,166,167,168,169,171,172,48,50,51,52,53,54,56,58,61,63,66,72,73,75,81,84,90,91,93,99,102,104,112,118,119,120,122,124,126,127,		0.0196078431372549	0.0	assign	wrong	
601 1 1 1 600 2 0 500 400 0 - -	10	128,133,134,141,144,148,157,158,159,160,161,162,163,164,165,166,167,168,169,171,172,48,50,51,52,53,54,56,58,61,63,66,72,73,75,81,84,90,91,93,99,102,104,112,118,119,120,122,124,126,127,		0.0196078431372549	0.0	assign	wrong	
601 1 1 2 600 1 0 400 740 0 - -	10	128,133,135,138,141,144,148,157,158,159,160,161,162,163,164,165,166,167,168,169,171,172,48,50,51,52,53,54,56,58,61,63,66,72,73,79,81,84,90,91,97,99,107,109,112,118,119,120,122,124,126,127,		0.019230769230769232	0.0	assign	wrong	
601 1 1 1 600 2 0 499 400 0 - -	10	128,133,134,141,144,148,157,158,159,160,161,162,163,164,165,166,167,168,169,171,172,48,50,51,52,53,54,56,58,61,63,66,72,73,75,81,84,90,91,93,99,102,104,112,118,119,120,122,124,126,127,		0.0196078431372549	0.0	assign	wrong	
601 1 - 1 600 2 0 740 400 - 2 -	9	128,133,134,141,144,148,157,158,159,160,161,162,163,164,165,166,167,168,169,171,172,48,50,51,52,53,54,56,58,61,63,66,72,73,75,81,84,90,91,93,99,102,104,112,118,119,120,122,124,126,127,		0.0196078431372549	0.0	assign	wrong	
601 1 - 2 600 1 0 400 400 - 2 0	10	128,133,135,138,141,144,148,157,158,159,160,161,162,163,164,165,166,167,168,169,171,172,48,50,51,52,53,54,56,58,61,63,66,72,73,79,81,84,90,91,97,99,107,109,112,118,119,120,122,124,126,127,		0.019230769230769232	0.0	assign	wrong	
601 1 - 1 600 2 0 840 400 - 2 -	9	128,133,134,141,144,148,157,158,159,160,161,162,163,164,165,166,167,168,169,171,172,48,50,51,52,53,54,56,58,61,63,66,72,73,75,81,84,90,91,93,99,102,104,112,118,119,120,122,124,126,127,		0.0196078431372549	0.0	assign	wrong	
601 1 - 2 600 1 0 400 499 - 2 0	10	128,133,135,138,141,144,148,157,158,159,160,161,162,163,164,165,166,167,168,169,171,172,48,50,51,52,53,54,56,58,61,63,66,72,73,79,81,84,90,91,97,99,107,109,112,118,119,120,122,124,126,127,		0.019230769230769232	0.0	assign	wrong	
601 1 - 1 600 2 0 640 400 - 2 -	9	128,133,134,141,144,148,157,158,159,160,161,162,163,164,165,166,167,168,169,171,172,48,50,51,52,53,54,56,58,61,63,66,72,73,75,81,84,90,91,93,99,102,104,112,118,119,120,122,124,126,127,		0.0196078431372549	0.0	assign	wrong	
601 1 - 1 600 2 0 739 400 - 2 -	9	128,133,134,141,144,148,157,158,159,160,161,162,163,164,165,166,167,168,169,171,172,48,50,51,52,53,54,56,58,61,63,66,72,73,75,81,84,90,91,93,99,102,104,112,118,119,120,122,124,126,127,		0.0196078431372549	0.0	assign	wrong	
601 1 - 1 600 2 0 500 400 - 2 -	9	128,133,134,141,144,148,157,158,159,160,161,162,163,164,165,166,167,168,169,171,172,48,50,51,52,53,54,56,58,61,63,66,72,73,75,81,84,90,91,93,99,102,104,112,118,119,120,122,124,126,127,		0.0196078431372549	0.0	assign	wrong	
601 1 1 1 600 2 0 840 400 0 - -	10	128,133,134,141,144,148,157,158,159,160,161,162,163,164,165,166,167,168,169,171,172,48,50,51,52,53,54,56,58,61,63,66,72,73,75,81,84,90,91,93,99,102,104,112,118,119,120,122,124,126,127,		0.0196078431372549	0.0	assign	wrong	
601 1 1 2 600 1 0 400 400 0 - 0	11	128,133,135,138,141,144,148,157,158,159,160,161,162,163,164,165,166,167,168,169,171,172,48,50,51,52,53,54,56,58,61,63,66,72,73,79,81,84,90,91,97,99,107,109,112,118,119,120,122,124,126,127,		0.019230769230769232	0.0	assign	wrong	
601 1 - 1 600 2 0 639 400 - 2 -	9	128,133,134,141,144,148,157,158,159,160,161,162,163,164,165,166,167,168,169,171,172,48,50,51,52,53,54,56,58,61,63,66,72,73,75,81,84,90,91,93,99,102,104,112,118,119,120,122,124,126,127,		0.0196078431372549	0.0	assign	wrong	
601 1 1 1 600 2 0 740 400 0 - -	10	128,133,134,141,144,148,157,158,159,160,161,162,163,164,165,166,167,168,169,171,172,48,50,51,52,53,54,56,58,61,63,66,72,73,75,81,84,90,91,93,99,102,104,112,118,119,120,122,124,126,127,		0.0196078431372549	0.0	assign	wrong	
601 1 1 2 600 1 0 400 499 0 - 0	11	128,133,135,138,141,144,148,157,158,159,160,161,162,163,164,165,166,167,168,169,171,172,48,50,51,52,53,54,56,58,61,63,66,72,73,79,81,84,90,91,97,99,107,109,112,118,119,120,122,124,126,127,		0.019230769230769232	0.0	assign	wrong	
601 1 1 1 600 2 0 739 400 0 - -	10	128,133,134,141,144,148,157,158,159,160,161,162,163,164,165,166,167,168,169,171,172,48,50,51,52,53,54,56,58,61,63,66,72,73,75,81,84,90,91,93,99,102,104,112,118,119,120,122,124,126,127,		0.0196078431372549	0.0	assign	wrong	
601 1 - 1 600 2 0 499 400 - 2 -	9	128,133,134,141,144,148,157,158,159,160,161,162,163,164,165,166,167,168,169,171,172,48,50,51,52,53,54,56,58,61,63,66,72,73,75,81,84,90,91,93,99,102,104,112,118,119,120,122,124,126,127,		0.0196078431372549	0.0	assign	wrong	
601 1 1 1 600 2 0 640 400 0 - -	10	128,133,134,141,144,148,157,158,159,160,161,162,163,164,165,166,167,168,169,171,172,48,50,51,52,53,54,56,58,61,63,66,72,73,75,81,84,90,91,93,99,102,104,112,118,119,120,122,124,126,127,		0.0196078431372549	0.0	assign	wrong	
601 1 - 2 600 1 0 400 500 - 2 -	9	128,133,135,138,141,144,148,157,158,159,160,161,162,163,164,165,166,167,168,169,171,172,48,50,51,52,53,54,56,58,61,63,66,72,73,79,81,84,90,91,97,99,107,109,112,118,119,120,122,124,126,127,		0.019230769230769232	0.0	assign	wrong	
601 1 1 1 600 2 0 400 400 0 - 1	11	128,133,134,141,144,148,157,158,159,160,161,162,163,164,165,166,167,168,169,171,172,48,50,51,52,53,54,56,58,61,63,66,72,73,75,81,84,90,91,93,99,102,104,112,118,119,120,122,124,126,127,		0.0196078431372549	0.0	assign	wrong	
601 1 - 1 600 2 0 400 400 - 2 1	10	128,133,134,141,144,148,157,158,159,160,161,162,163,164,165,166,167,168,169,171,172,48,50,51,52,53,54,56,58,61,63,66,72,73,75,81,84,90,91,93,99,102,104,112,118,119,120,122,124,126,127,		0.0196078431372549	0.0	assign	wrong	
601 1 - 2 600 1 0 400 640 - 2 -	9	128,133,135,138,141,144,148,157,158,159,160,161,162,163,164,165,166,167,168,169,171,172,48,50,51,52,53,54,56,58,61,63,66,72,73,79,81,84,90,91,97,99,107,109,112,118,119,120,122,124,126,127,		0.019230769230769232	0.0	assign	wrong	
601 1 - 2 600 1 0 400 740 - 2 -	9	128,133,135,138,141,144,148,157,158,159,160,161,162,163,164,165,166,167,168,169,171,172,48,50,51,52,53,54,56,58,61,63,66,72,73,79,81,84,90,91,97,99,107,109,112,118,119,120,122,124,126,127,		0.019230769230769232	0.0	assign	wrong	
601 1 1 2 600 1 0 400 500 0 - -	10	128,133,135,138,141,144,148,157,158,159,160,161,162,163,164,165,166,167,168,169,171,172,48,50,51,52,53,54,56,58,61,63,66,72,73,79,81,84,90,91,97,99,107,109,112,118,119,120,122,124,126,127,		0.019230769230769232	0.0	assign	wrong	
601 1 1 2 600 1 0 400 640 0 - -	10	128,133,135,138,141,144,148,157,158,159,160,161,162,163,164,165,166,167,168,169,171,172,48,50,51,52,53,54,56,58,61,63,66,72,73,79,81,84,90,91,97,99,107,109,112,118,119,120,122,124,126,127,		0.019230769230769232	0.0	assign	wrong	
601 1 1 2 600 1 0 400 739 0 - -	10	128,133,135,138,141,144,148,157,158,159,160,161,162,163,164,165,166,167,168,169,171,172,48,50,51,52,53,54,56,58,61,63,66,72,73,79,81,84,90,91,97,99,107,109,112,118,119,120,122,124,126,127,		0.019230769230769232	0.0	assign	wrong	
601 1 1 2 600 1 0 400 840 0 - -	10	128,133,135,138,141,144,148,157,158,159,160,161,162,163,164,165,166,167,168,169,171,172,48,50,51,52,53,54,56,58,61,63,66,72,73,79,81,84,90,91,97,99,107,109,112,118,119,120,122,124,126,127,		0.019230769230769232	0.0	assign	wrong	
