testCase Num: 43
0 0 1 0 0 0 1 0 0 2 
0 0 1 0 0 0 0 0 1 2 
0 1 2 0 1 0 0 0 0 1 
1 0 3 1 0 0 0 0 0 0 
0 0 1 1 0 0 0 0 0 2 
1 0 1 0 0 0 0 0 0 2 
0 0 1 0 1 0 1 0 1 0 
0 1 1 1 1 1 0 1 1 1 
1 0 2 1 0 0 1 1 0 2 
1 1 1 0 1 1 0 1 1 1 
1 0 1 0 1 1 1 0 1 0 
0 1 0 1 0 1 1 1 1 0 
1 0 2 0 1 0 1 0 1 0 
1 1 1 1 1 1 1 1 1 1 
1 1 1 0 1 0 1 0 1 0 
1 0 1 0 1 0 1 0 1 0 
1 1 1 1 1 1 0 1 0 1 
0 0 1 0 0 0 0 0 0 0 
1 0 1 0 1 0 1 1 1 0 
1 0 1 0 1 0 1 0 1 1 
1 0 0 0 1 0 0 0 0 2 
0 0 0 0 0 0 0 0 0 1 
0 0 1 0 0 0 0 1 0 2 
0 0 0 0 0 0 0 0 0 0 
0 0 1 0 0 0 0 0 0 2 
0 0 2 0 0 0 0 0 0 2 
0 1 1 0 0 0 0 0 0 2 
1 1 1 1 0 1 0 1 1 1 
1 1 1 1 1 0 0 1 1 1 
0 0 3 0 0 1 1 1 0 1 
0 0 2 0 0 1 0 0 1 0 
1 0 1 0 0 0 1 0 1 0 
0 1 3 0 1 1 1 0 1 2 
0 0 1 0 0 1 0 0 0 2 
1 0 1 1 1 1 0 1 1 1 
0 0 1 0 1 0 0 0 0 2 
1 1 1 1 1 1 0 1 1 1 
1 1 1 1 1 1 0 0 1 1 
1 1 2 1 1 1 0 1 1 1 
1 1 1 1 1 1 0 1 1 2 
1 0 1 1 1 0 1 0 1 0 
1 0 1 0 1 0 0 0 1 0 
1 0 1 0 1 0 1 0 0 0 
MFS
[ - , - , 1 , - , - , - , - , - , - , - ]
precise
0.0
recall
0.0
F-measure
0.0
accurate
0.5
accurate_oppsite
0.5
testCase Num: 53
0 0 1 0 0 0 0 0 1 2 
0 1 1 0 1 0 0 0 0 0 
0 0 1 0 1 0 0 1 0 0 
1 0 1 0 0 0 0 1 0 2 
1 0 1 0 0 0 0 1 0 1 
0 1 3 1 0 0 0 0 0 1 
1 0 1 0 0 0 0 1 1 1 
1 0 1 0 0 1 0 1 0 1 
1 1 1 1 1 1 1 1 1 1 
1 0 0 1 0 1 1 0 0 2 
1 0 1 0 1 0 0 0 0 0 
1 0 2 1 0 1 0 0 1 0 
0 0 0 0 0 0 0 0 0 1 
0 0 1 0 0 0 0 1 0 2 
0 0 0 0 0 0 0 0 0 0 
0 0 1 1 1 0 0 0 0 0 
0 0 2 0 0 0 0 0 0 2 
0 0 1 0 0 0 0 1 0 1 
0 1 1 0 0 0 0 0 0 2 
1 1 2 1 1 1 1 0 1 1 
0 0 1 0 1 0 0 0 1 0 
1 0 1 1 1 1 1 0 1 1 
0 1 2 1 0 0 1 1 0 2 
0 1 1 1 1 1 1 0 1 1 
1 0 1 1 0 0 0 1 0 1 
1 0 2 0 0 0 0 1 0 1 
1 0 1 0 0 0 0 0 0 1 
0 0 1 0 1 0 0 0 0 2 
0 0 3 0 0 0 1 0 0 0 
1 1 1 1 1 1 0 0 1 1 
0 0 1 0 1 1 0 0 0 0 
0 0 1 0 0 0 1 0 0 2 
1 1 1 1 0 1 1 0 1 1 
0 0 2 0 1 0 0 0 0 0 
0 1 0 0 1 1 1 1 1 0 
0 0 1 0 1 0 0 0 0 1 
0 0 1 0 1 0 0 0 0 0 
0 0 1 1 0 0 0 0 0 2 
1 0 1 0 0 0 0 0 0 2 
1 1 1 0 1 1 1 0 1 1 
1 1 1 0 0 0 0 1 0 1 
1 0 1 0 0 0 1 1 0 1 
1 1 1 1 1 1 1 0 1 2 
0 0 1 0 0 0 0 0 0 0 
1 0 1 0 1 0 0 1 0 1 
0 0 1 0 0 0 0 0 0 2 
0 0 2 0 1 0 0 0 1 1 
1 1 1 1 1 1 1 0 1 1 
0 0 1 0 1 0 1 0 0 0 
1 0 3 0 1 1 0 1 1 2 
0 0 1 0 0 1 0 0 0 2 
1 1 1 1 1 0 1 0 1 1 
1 1 1 1 1 1 1 0 0 1 
MFS
[ - , - , 1 , - , - , - , - , - , - , - ]
precise
0.0
recall
0.0
F-measure
0.0
accurate
0.5
accurate_oppsite
0.5
testCase Num: 54
1 0 3 0 0 1 1 0 0 1 
0 0 1 0 0 0 0 0 1 2 
0 1 1 0 0 0 0 1 1 1 
1 0 1 0 0 0 1 0 0 0 
0 0 1 1 0 0 1 0 0 0 
1 1 1 1 1 1 1 1 1 1 
0 0 0 0 0 0 0 0 0 1 
0 0 1 0 0 0 0 1 0 2 
0 0 0 0 0 0 0 0 0 0 
0 0 2 0 0 0 0 0 0 2 
0 0 1 0 0 0 0 1 0 1 
0 1 1 0 0 0 0 0 0 2 
0 1 2 0 0 0 0 1 0 1 
0 1 1 0 0 0 0 0 0 1 
1 0 2 1 1 1 1 1 1 1 
0 0 1 1 1 1 1 1 1 1 
1 0 1 1 1 1 1 0 1 1 
0 0 1 0 0 1 1 0 0 0 
1 0 1 1 1 1 0 1 1 1 
0 0 2 1 0 0 0 0 0 0 
0 0 1 0 1 0 0 0 0 2 
0 1 1 0 1 0 0 1 0 1 
0 0 1 0 0 0 1 0 0 0 
0 1 3 1 0 1 0 1 1 0 
0 0 1 0 0 0 1 0 0 1 
1 0 1 1 0 1 1 1 1 1 
0 0 1 0 0 0 1 0 0 2 
0 1 1 0 0 0 1 1 0 1 
0 0 3 0 1 0 0 0 0 2 
0 0 1 1 0 0 0 0 0 2 
1 0 1 0 0 0 0 0 0 2 
0 1 1 1 0 0 0 1 0 1 
0 0 2 0 0 1 0 1 1 2 
1 1 1 0 0 0 0 1 0 1 
1 0 1 0 1 1 1 1 1 1 
1 0 0 1 1 1 0 1 0 0 
1 0 1 1 1 1 1 1 1 2 
0 0 2 0 0 0 0 0 0 1 
0 0 1 0 0 0 0 0 0 0 
0 0 1 0 0 0 1 0 1 0 
0 1 0 1 1 0 1 0 1 2 
0 0 1 0 0 0 0 0 0 2 
0 1 1 0 0 0 0 1 0 1 
0 1 1 0 0 0 0 1 0 2 
1 0 1 1 1 1 1 1 1 1 
0 0 1 0 1 0 1 0 0 0 
0 0 1 0 0 1 0 0 0 2 
1 0 1 1 1 1 1 1 0 1 
0 1 1 0 0 1 0 1 0 1 
1 1 2 0 1 0 1 0 0 2 
0 1 1 0 0 0 1 0 0 0 
1 0 1 1 1 0 1 1 1 1 
0 0 1 0 0 0 1 1 0 0 
0 0 2 0 0 0 1 0 0 0 
MFS
[ - , - , 1 , - , - , - , - , - , - , - ]
precise
0.0
recall
0.0
F-measure
0.0
accurate
0.5
accurate_oppsite
0.5
testCase Num: 54
0 0 1 0 0 0 0 0 1 2 
0 0 1 0 1 1 0 1 0 1 
0 0 0 1 0 0 1 1 1 1 
0 1 1 0 1 1 0 0 0 1 
1 1 1 1 1 0 1 1 1 2 
1 0 1 0 1 1 0 0 0 1 
0 1 3 0 0 1 0 1 1 2 
1 1 1 1 1 1 1 1 1 1 
0 0 1 0 1 1 1 0 0 1 
1 1 1 0 1 0 1 1 1 1 
0 0 1 0 0 0 0 1 0 2 
0 0 0 0 0 0 0 0 0 0 
1 0 2 1 0 1 1 0 0 2 
0 0 1 0 0 0 0 1 0 0 
0 1 2 0 1 0 1 1 0 0 
0 0 0 0 0 0 0 0 0 2 
0 0 2 0 0 0 0 0 0 2 
0 1 1 0 0 0 0 0 0 2 
0 1 1 0 0 0 0 0 0 0 
1 1 1 1 1 0 1 1 0 1 
1 1 1 1 1 0 1 1 1 1 
1 0 1 0 0 0 0 0 0 0 
0 0 1 0 1 0 0 0 0 2 
0 0 1 0 0 0 1 0 0 0 
0 0 2 0 0 0 0 0 1 1 
0 0 1 0 0 0 1 0 0 2 
0 0 1 0 1 1 0 0 0 2 
0 0 1 0 1 1 0 0 0 1 
0 0 1 0 1 0 0 0 0 1 
0 0 1 1 0 0 0 0 0 0 
0 0 1 0 1 0 0 0 0 0 
0 0 1 1 0 0 0 0 0 2 
1 0 1 0 0 0 0 0 0 2 
0 0 3 0 0 0 0 0 0 1 
0 0 1 0 1 1 0 0 1 1 
0 0 1 0 0 0 0 0 0 0 
0 0 2 0 0 0 0 0 0 0 
0 1 1 1 1 0 1 1 1 1 
0 0 1 0 0 0 0 0 0 1 
0 0 1 0 0 0 0 0 0 2 
0 0 1 1 1 1 0 0 0 1 
1 1 1 1 1 0 0 1 1 1 
0 0 1 0 0 1 0 0 0 0 
0 0 1 0 0 1 0 0 0 1 
0 0 1 0 0 1 0 0 0 2 
1 1 2 1 1 0 1 1 1 1 
0 0 3 1 0 0 0 0 0 0 
1 1 1 1 1 0 1 0 1 1 
1 1 1 1 0 0 1 1 1 1 
1 1 0 1 1 1 0 0 1 0 
0 0 2 0 1 1 0 0 0 1 
1 0 1 1 1 0 1 1 1 1 
0 0 1 0 0 0 0 0 1 0 
1 0 3 0 1 0 1 0 0 2 
MFS
[ - , - , 1 , - , - , - , - , - , - , - ]
precise
0.0
recall
0.0
F-measure
0.0
accurate
0.5
accurate_oppsite
0.5
testCase Num: 42
0 0 1 0 0 0 0 1 1 1 
0 0 1 0 0 0 0 0 1 2 
1 1 1 1 0 1 0 1 0 0 
0 1 1 0 0 0 0 0 1 1 
0 1 2 0 0 1 1 0 1 0 
0 1 1 0 1 1 1 0 1 2 
1 1 1 1 1 0 0 1 0 0 
0 1 1 0 1 1 0 0 0 2 
0 1 1 1 0 0 0 1 0 0 
0 1 3 1 0 0 1 0 0 1 
1 1 1 0 0 0 0 1 0 0 
0 0 1 0 0 1 0 0 1 1 
0 1 1 1 1 1 1 0 0 2 
1 0 2 1 0 0 0 1 1 2 
1 1 1 0 1 1 1 0 0 2 
0 1 1 0 1 1 1 0 0 0 
1 0 1 0 0 0 0 0 1 1 
1 1 1 1 0 0 1 1 0 0 
1 1 1 1 0 0 0 1 1 0 
0 1 1 0 0 1 1 0 0 2 
1 1 0 1 1 1 1 1 1 1 
0 0 3 0 1 1 0 1 1 0 
0 1 1 0 1 0 1 0 0 2 
0 0 1 0 0 0 1 0 1 1 
0 0 0 0 0 0 0 0 0 0 
0 0 1 0 0 0 0 0 0 1 
0 0 0 0 0 0 0 0 0 2 
0 0 1 0 1 1 1 0 0 2 
0 1 1 0 1 1 1 1 0 2 
0 0 1 1 0 0 0 0 1 1 
0 0 1 0 1 0 0 0 1 1 
0 1 1 0 1 1 1 0 0 2 
0 1 2 0 1 1 1 0 0 2 
1 0 3 0 0 0 0 0 0 2 
1 0 1 1 0 0 0 1 0 0 
1 1 1 1 0 0 0 1 0 1 
1 1 1 1 0 0 0 0 0 0 
1 1 1 1 0 0 0 1 0 0 
1 1 2 1 0 0 0 1 0 0 
0 0 1 0 0 0 0 0 1 1 
0 0 2 0 0 0 0 0 1 1 
1 0 2 0 1 0 1 0 0 1 
MFS
[ - , - , 1 , - , - , - , - , - , - , - ]
precise
0.0
recall
0.0
F-measure
0.0
accurate
0.5
accurate_oppsite
0.5
testCase Num: 53
0 0 1 0 0 0 0 0 1 2 
1 1 1 1 1 0 1 1 1 2 
0 0 1 0 0 1 0 0 1 1 
0 1 1 0 0 1 0 1 1 1 
1 1 1 1 1 1 1 1 1 1 
1 1 1 0 1 0 1 1 1 1 
0 0 0 0 0 0 0 0 0 1 
0 0 1 0 0 0 0 1 0 2 
0 0 0 0 0 0 0 0 0 0 
0 0 1 0 0 0 0 1 0 0 
0 0 2 0 0 0 0 0 0 2 
0 1 1 0 0 0 0 0 0 2 
0 1 1 0 0 0 0 0 0 0 
0 1 1 0 1 1 0 0 1 1 
1 1 1 1 1 0 1 1 0 1 
1 1 1 1 1 0 1 1 1 1 
1 0 0 1 1 1 1 1 0 0 
0 1 1 0 0 1 1 0 1 1 
1 0 1 0 0 0 0 0 0 0 
0 1 1 0 0 1 0 0 0 1 
0 0 1 0 1 0 0 0 0 2 
0 0 1 0 0 0 1 0 0 0 
1 1 1 0 0 1 0 0 1 1 
0 0 1 0 0 0 1 0 0 2 
0 1 1 0 0 0 0 0 1 1 
0 1 2 0 1 1 0 1 0 2 
0 0 1 1 0 0 0 0 0 0 
0 0 2 1 0 0 0 0 0 1 
0 0 1 0 1 0 0 0 0 0 
0 0 1 1 0 0 0 0 0 2 
1 0 1 0 0 0 0 0 0 2 
0 1 3 1 0 0 0 1 0 0 
0 1 1 0 0 1 0 0 1 1 
0 1 2 0 0 1 0 0 1 1 
0 1 1 0 0 1 0 0 1 2 
0 0 1 0 0 0 0 0 0 0 
0 0 2 0 0 0 0 0 0 0 
0 1 1 1 1 0 1 1 1 1 
0 0 1 0 0 0 0 0 0 1 
0 0 1 0 0 0 0 0 0 2 
0 0 3 0 1 0 1 0 0 1 
1 1 1 1 1 0 0 1 1 1 
1 1 0 0 0 0 0 0 1 2 
0 0 1 0 0 1 0 0 0 0 
0 0 1 0 0 1 0 0 0 2 
1 1 2 1 1 0 1 1 1 1 
1 1 1 1 1 0 1 0 1 1 
1 0 2 0 0 0 1 0 1 0 
1 1 1 1 0 0 1 1 1 1 
1 0 1 1 1 0 1 1 1 1 
0 1 1 1 0 1 0 0 1 1 
1 0 3 1 0 1 1 0 1 2 
0 0 1 0 0 0 0 0 1 0 
MFS
[ - , - , 1 , - , - , - , - , - , - , - ]
precise
0.0
recall
0.0
F-measure
0.0
accurate
0.5
accurate_oppsite
0.5
testCase Num: 42
1 0 1 0 0 1 1 0 0 0 
1 0 1 0 0 1 1 1 0 0 
1 0 2 0 0 1 1 1 0 0 
0 0 1 0 1 1 0 0 0 1 
0 0 1 1 1 1 1 0 0 1 
0 0 1 1 1 1 0 0 1 1 
0 0 1 0 0 1 1 1 0 0 
1 0 1 1 0 0 0 0 1 2 
1 0 1 0 0 0 1 1 0 0 
1 1 1 1 0 0 0 1 1 2 
1 0 1 1 1 1 0 0 0 1 
0 0 1 1 0 1 0 0 0 1 
1 1 1 1 0 0 0 0 1 2 
1 1 2 1 0 0 0 0 1 2 
1 1 0 1 1 1 1 1 1 1 
0 0 2 0 1 1 1 0 0 2 
1 0 1 0 0 1 0 1 0 0 
0 0 1 1 1 0 0 0 0 1 
1 0 1 1 0 1 1 1 0 0 
0 0 0 0 0 0 0 0 0 0 
0 0 0 0 0 0 0 1 0 2 
1 0 1 0 0 1 1 1 1 0 
1 1 1 1 0 1 0 0 1 2 
0 1 3 0 0 0 0 1 0 1 
1 1 1 1 0 0 0 0 1 0 
0 0 1 1 1 1 0 1 0 1 
0 0 1 1 1 1 0 0 0 2 
0 0 1 1 1 1 0 0 0 1 
1 1 1 1 1 0 0 0 1 2 
0 0 2 1 1 1 0 0 0 1 
0 0 3 0 0 1 0 0 1 2 
0 1 1 1 1 1 0 0 0 1 
0 1 2 1 0 0 0 1 1 0 
0 1 1 1 0 0 0 0 1 2 
1 1 1 0 0 0 0 0 1 2 
1 0 1 0 1 1 1 1 0 0 
1 0 3 1 1 0 1 1 1 0 
1 0 2 0 0 0 0 0 0 1 
1 1 1 1 0 0 0 0 0 2 
1 1 1 1 0 0 1 0 1 2 
1 0 1 0 0 1 1 1 0 1 
1 1 1 0 0 1 1 1 0 0 
MFS
[ - , - , 1 , - , - , - , - , - , - , - ]
precise
0.0
recall
0.0
F-measure
0.0
accurate
0.5
accurate_oppsite
0.5
testCase Num: 51
0 1 2 1 1 0 0 0 1 2 
0 0 1 0 0 0 0 0 1 2 
1 1 1 1 0 1 1 1 1 1 
1 1 2 1 0 1 1 1 1 1 
1 1 1 1 0 1 1 1 1 2 
0 1 0 1 1 1 1 1 0 0 
0 0 3 1 0 0 0 1 1 0 
0 1 3 0 0 0 0 0 0 1 
1 1 1 1 1 1 1 1 1 1 
1 0 1 0 1 0 0 0 0 1 
0 0 0 0 0 0 0 0 0 1 
0 0 1 0 0 0 0 1 0 2 
0 0 0 0 0 0 0 0 0 0 
0 0 1 0 0 0 0 1 0 0 
0 0 2 0 0 0 0 0 0 2 
0 1 1 0 0 0 0 0 0 2 
1 1 1 1 0 1 0 1 1 1 
0 1 1 0 0 0 0 0 0 0 
0 0 1 0 1 0 0 0 1 1 
1 0 3 0 1 1 1 1 0 2 
0 1 2 0 0 1 0 1 0 1 
1 0 1 0 0 0 0 0 0 0 
0 0 1 0 1 0 0 0 0 2 
1 0 0 0 0 1 0 0 1 2 
0 0 1 0 0 0 1 0 0 0 
1 0 1 1 0 1 1 1 1 1 
0 0 1 0 0 0 1 0 0 2 
1 1 1 1 0 1 1 0 1 1 
0 0 1 0 1 1 0 0 0 1 
0 0 2 0 1 0 0 0 0 1 
0 0 1 0 1 0 0 0 0 1 
0 0 1 1 0 0 0 0 0 0 
0 0 1 0 1 0 0 0 0 0 
0 0 1 1 0 0 0 0 0 2 
1 0 1 0 0 0 0 0 0 2 
0 1 1 1 0 1 1 1 1 1 
0 0 1 0 0 0 0 0 0 0 
0 0 1 1 1 0 0 0 0 1 
0 0 2 0 0 0 0 0 0 0 
1 1 1 0 0 1 1 1 1 1 
0 0 1 0 0 0 0 0 0 1 
0 0 1 0 0 0 0 0 0 2 
1 1 1 1 0 1 1 1 0 1 
0 0 1 0 1 0 1 0 0 1 
0 0 1 0 0 1 0 0 0 0 
0 0 1 0 0 1 0 0 0 2 
1 0 2 0 0 0 1 0 1 0 
1 1 1 1 0 0 1 1 1 1 
0 0 1 0 1 0 0 1 0 1 
0 1 1 0 1 0 0 0 0 1 
0 0 1 0 0 0 0 0 1 0 
MFS
[ - , - , 1 , - , - , - , - , - , - , - ]
precise
0.0
recall
0.0
F-measure
0.0
accurate
0.5
accurate_oppsite
0.5
testCase Num: 53
0 1 1 1 1 0 0 0 1 2 
0 0 1 0 0 0 1 1 0 1 
0 1 1 0 0 0 1 0 0 1 
1 1 2 0 1 1 1 1 1 1 
1 1 1 0 1 1 1 1 1 1 
0 1 1 1 0 0 1 0 1 2 
0 0 0 0 0 1 0 0 1 1 
0 1 1 1 0 0 0 0 0 2 
1 0 1 0 0 0 1 0 0 1 
1 1 1 0 1 1 1 1 0 1 
0 1 2 0 1 1 0 0 1 0 
1 0 3 1 1 0 0 0 1 1 
1 1 1 1 0 0 0 0 1 2 
1 1 1 1 1 1 1 1 1 1 
1 1 1 0 1 0 1 1 1 1 
0 0 0 0 0 0 0 0 0 0 
0 0 1 0 0 0 0 1 0 0 
0 1 1 0 0 0 0 0 0 0 
0 0 1 1 0 0 0 0 1 2 
0 1 2 1 0 0 0 0 1 2 
0 1 1 1 0 0 0 1 1 2 
1 1 1 0 1 1 1 1 1 2 
1 0 1 0 0 0 0 0 0 0 
0 0 3 0 0 0 1 0 0 0 
0 0 1 0 0 0 1 0 0 0 
0 0 1 0 0 0 1 0 0 1 
0 0 1 0 0 0 1 0 0 2 
0 1 1 0 0 0 0 0 1 2 
0 0 1 1 0 0 0 0 0 0 
0 0 1 0 1 0 0 0 0 0 
0 1 1 0 1 1 1 1 1 1 
1 1 1 0 1 1 1 0 1 1 
0 0 1 0 0 1 1 0 0 1 
1 0 1 0 1 1 1 1 1 1 
1 1 1 0 1 1 0 1 1 1 
0 0 1 0 0 0 1 0 1 1 
0 0 1 0 0 0 0 0 0 0 
0 0 2 0 0 0 0 0 0 0 
1 1 1 0 0 1 1 1 1 1 
1 1 3 0 0 1 0 1 0 2 
0 0 1 0 0 0 0 0 0 1 
0 0 1 1 0 0 1 0 0 1 
0 0 1 0 1 0 1 0 0 1 
1 1 0 1 1 0 1 1 0 0 
0 1 1 1 0 0 0 0 1 0 
0 1 1 1 0 0 0 0 1 2 
0 0 1 0 0 1 0 0 0 0 
1 0 2 0 0 0 0 0 0 1 
0 0 0 0 1 0 0 0 0 2 
0 1 1 1 0 1 0 0 1 2 
0 0 2 1 0 1 1 1 0 2 
0 0 1 0 0 0 0 0 1 0 
0 0 2 0 0 0 1 0 0 1 
MFS
[ - , - , 1 , - , - , - , - , - , - , - ]
precise
0.0
recall
0.0
F-measure
0.0
accurate
0.5
accurate_oppsite
0.5
testCase Num: 54
0 0 1 0 0 0 0 0 1 2 
0 0 1 1 1 0 1 0 0 0 
0 0 2 1 0 0 0 1 0 1 
0 0 1 1 0 0 0 1 0 1 
0 0 1 1 0 0 0 1 0 2 
0 0 3 1 1 1 0 1 1 2 
1 1 3 0 0 0 0 0 1 1 
0 0 1 1 0 1 0 1 0 1 
1 1 1 1 1 1 1 1 1 1 
0 0 1 0 1 1 1 0 0 0 
0 1 0 1 0 1 0 0 0 2 
0 0 1 1 1 0 0 1 0 1 
0 0 0 0 0 0 0 0 0 1 
0 0 1 0 0 0 0 1 0 2 
0 0 0 0 0 0 0 0 0 0 
0 1 1 0 1 0 1 0 0 0 
0 0 2 0 0 0 0 0 0 2 
0 0 1 0 0 0 0 1 0 1 
0 1 1 0 0 0 0 0 0 2 
1 1 2 1 1 1 1 0 1 1 
0 0 2 0 1 0 1 0 0 0 
0 0 1 1 0 0 1 1 0 1 
0 0 1 0 1 0 1 1 0 0 
1 0 1 1 1 1 1 0 1 1 
0 1 1 1 1 1 1 0 1 1 
1 0 1 1 0 0 0 1 0 1 
0 0 1 0 1 0 0 0 0 2 
0 0 3 0 0 0 1 0 0 0 
1 1 1 1 1 1 0 0 1 1 
0 0 1 0 0 0 1 0 0 0 
0 0 2 0 0 0 0 0 1 1 
0 0 1 0 0 0 1 0 0 2 
1 1 1 1 0 1 1 0 1 1 
0 0 1 1 0 0 0 0 0 1 
0 0 1 0 1 0 0 0 0 0 
0 0 1 1 0 0 0 0 0 2 
1 0 1 0 0 0 0 0 0 2 
0 0 1 0 1 0 1 0 1 0 
1 1 1 0 1 1 1 0 1 1 
0 1 1 1 0 0 0 1 0 1 
1 0 0 0 1 1 1 1 1 0 
1 1 1 1 1 1 1 0 1 2 
0 0 1 0 0 0 0 0 0 0 
0 0 1 0 0 0 0 0 0 2 
1 1 1 1 1 1 1 0 1 1 
0 0 1 1 0 0 0 1 1 1 
0 0 1 0 1 0 1 0 0 1 
0 0 1 0 1 0 1 0 0 0 
1 1 2 0 0 0 1 1 0 2 
0 1 2 1 1 1 0 0 0 0 
0 0 1 0 0 1 0 0 0 2 
1 1 1 1 1 0 1 0 1 1 
1 1 1 1 1 1 1 0 0 1 
1 0 1 0 1 0 1 0 0 0 
MFS
[ - , - , 1 , - , - , - , - , - , - , - ]
precise
0.0
recall
0.0
F-measure
0.0
accurate
0.5
accurate_oppsite
0.5
testCase Num: 54
0 0 1 0 0 0 0 0 1 2 
1 1 2 0 1 1 1 1 1 1 
1 1 1 0 1 1 1 1 1 1 
1 1 3 0 0 0 0 0 1 2 
0 1 1 1 0 0 0 0 0 1 
1 1 2 0 0 0 1 1 0 0 
0 1 2 1 0 0 0 0 0 1 
0 1 1 1 0 0 0 0 0 2 
1 1 1 0 1 1 1 1 0 1 
0 1 1 1 0 1 0 0 0 1 
1 1 1 1 1 1 1 1 1 1 
1 1 1 0 1 0 1 1 1 1 
0 0 1 0 0 0 0 1 0 2 
0 1 1 1 1 0 0 0 0 1 
0 0 0 0 0 0 0 0 0 0 
0 0 1 0 0 0 0 1 0 0 
0 0 0 0 0 0 0 0 0 2 
0 0 2 0 0 0 0 0 0 2 
0 1 1 0 0 0 0 0 0 2 
0 1 1 0 0 0 0 0 0 0 
0 1 1 0 0 0 0 0 0 1 
1 0 0 0 1 1 0 1 0 1 
0 1 1 1 0 0 1 0 0 1 
1 1 1 0 1 1 1 1 1 2 
1 0 1 0 0 0 0 0 0 0 
0 0 1 0 1 0 0 0 0 2 
1 1 1 1 0 0 0 0 0 1 
0 0 1 0 0 0 1 0 0 0 
0 0 1 0 0 0 1 0 0 2 
0 0 2 0 1 0 0 0 0 1 
0 0 1 1 0 0 0 0 0 0 
0 0 1 1 0 0 0 0 0 1 
0 0 1 0 1 0 0 0 0 0 
0 0 1 1 0 0 0 0 0 2 
0 1 1 0 1 1 1 1 1 1 
1 0 1 0 0 0 0 0 0 2 
0 0 3 0 0 1 0 0 0 0 
1 1 1 0 1 1 1 0 1 1 
0 1 1 1 0 0 0 1 0 1 
1 0 1 0 1 1 1 1 1 1 
1 1 1 0 1 1 0 1 1 1 
0 0 3 0 0 0 0 0 0 1 
0 0 1 0 0 0 0 0 0 0 
0 0 2 0 0 0 0 0 0 0 
1 1 1 0 0 1 1 1 1 1 
1 0 2 1 0 1 0 0 1 2 
0 0 1 0 0 0 0 0 0 1 
0 0 1 0 0 0 0 0 0 2 
0 1 1 1 0 0 0 0 1 1 
0 1 0 1 1 1 1 0 1 0 
0 0 1 0 0 1 0 0 0 0 
0 0 1 0 0 1 0 0 0 2 
0 0 1 0 0 0 0 0 1 0 
0 0 3 1 1 0 1 1 0 2 
MFS
[ - , - , 1 , - , - , - , - , - , - , - ]
precise
0.0
recall
0.0
F-measure
0.0
accurate
0.5
accurate_oppsite
0.5
testCase Num: 42
0 0 0 0 0 0 1 0 0 2 
1 0 2 0 0 1 0 1 1 0 
0 0 1 0 1 1 1 1 1 2 
0 0 1 0 1 1 0 1 0 2 
0 0 2 1 0 0 0 1 0 1 
1 1 1 1 0 0 1 0 1 0 
0 0 1 1 1 1 0 1 1 2 
0 0 1 1 0 0 0 0 0 1 
0 0 1 1 0 0 0 1 0 1 
0 0 1 1 0 0 0 1 0 2 
1 0 1 0 1 1 0 1 1 2 
1 1 1 0 0 0 0 0 1 0 
1 1 1 0 0 0 1 0 0 0 
0 1 1 1 0 0 0 1 0 1 
0 0 1 0 0 1 0 1 1 2 
1 0 3 1 1 0 1 1 0 0 
0 0 1 1 0 1 0 1 0 1 
0 0 1 0 1 0 0 1 1 2 
1 1 2 1 0 0 1 0 0 2 
1 1 0 1 1 1 1 1 1 1 
0 1 1 0 0 0 1 0 1 0 
1 1 1 0 1 0 1 0 1 0 
0 0 1 0 1 1 0 1 1 0 
0 0 3 0 0 0 0 0 0 2 
0 0 1 1 1 0 0 1 0 1 
1 1 1 0 0 1 1 0 1 0 
0 0 0 0 0 0 0 0 0 0 
0 0 1 0 0 0 0 1 0 1 
0 0 1 0 1 1 0 1 1 2 
0 0 1 0 1 1 0 0 1 2 
0 0 2 0 1 1 0 1 1 2 
0 1 3 0 0 1 0 0 1 1 
0 0 1 1 0 0 1 1 0 1 
0 0 1 1 0 0 0 1 1 1 
0 1 1 0 1 1 0 1 1 2 
1 1 1 0 0 0 1 0 1 0 
1 1 2 0 0 0 1 0 1 0 
1 1 1 0 0 0 1 1 1 0 
1 1 1 0 0 0 1 0 1 1 
1 0 1 1 0 0 0 1 0 1 
1 0 1 0 0 0 1 0 1 0 
0 0 2 0 1 1 0 0 0 1 
MFS
[ - , - , 1 , - , - , - , - , - , - , - ]
precise
0.0
recall
0.0
F-measure
0.0
accurate
0.5
accurate_oppsite
0.5
testCase Num: 42
0 0 1 0 0 0 1 0 0 2 
0 0 1 0 0 0 0 0 1 2 
1 1 2 1 0 1 0 0 0 1 
1 1 1 1 0 1 1 1 1 0 
0 0 2 0 1 0 0 0 0 0 
0 0 1 0 1 1 0 0 0 1 
0 0 2 0 1 0 0 0 0 1 
0 0 1 0 1 0 0 0 0 1 
0 0 1 1 0 0 0 0 0 2 
1 0 1 0 0 0 0 0 0 2 
0 0 3 0 0 1 0 0 0 0 
0 0 2 0 0 1 1 1 1 1 
1 1 1 0 1 1 1 1 1 0 
1 0 3 0 0 0 0 1 1 2 
0 1 0 0 0 1 0 0 1 2 
1 1 1 1 1 1 1 1 1 1 
0 0 3 0 0 0 0 0 0 1 
0 0 1 0 0 0 0 0 0 0 
0 0 1 1 1 0 0 0 0 1 
1 0 1 0 1 0 0 0 0 1 
0 0 1 0 0 0 0 1 0 2 
0 0 0 0 0 0 0 0 0 0 
0 0 1 0 0 0 0 0 0 1 
0 0 1 0 0 0 0 0 0 2 
0 0 2 0 0 0 0 0 0 2 
0 1 1 0 0 0 0 0 0 2 
1 1 2 1 1 1 1 1 1 0 
1 1 1 1 1 1 1 1 1 0 
1 0 0 1 1 0 1 1 0 1 
1 1 1 1 1 1 1 0 1 0 
0 0 1 0 1 0 1 0 0 1 
0 0 1 0 1 0 0 0 1 1 
1 0 1 1 1 1 1 1 1 0 
0 1 1 1 1 1 1 1 1 0 
0 0 1 0 0 1 0 0 0 2 
1 1 1 1 1 0 1 1 1 0 
0 0 1 0 1 0 0 0 0 2 
0 0 1 0 1 0 0 1 0 1 
1 1 1 1 1 1 0 1 1 0 
1 1 1 1 1 1 1 1 0 0 
0 1 3 1 1 0 1 0 0 2 
0 1 1 0 1 0 0 0 0 1 
MFS
[ - , - , 1 , - , - , - , - , - , - , - ]
precise
0.0
recall
0.0
F-measure
0.0
accurate
0.5
accurate_oppsite
0.5
testCase Num: 53
0 0 1 0 0 0 0 0 1 2 
0 1 1 0 1 0 0 0 0 0 
1 0 3 0 1 1 0 0 0 1 
0 1 1 1 0 0 0 0 0 0 
0 1 1 1 1 1 1 1 0 1 
1 1 1 0 1 1 1 1 0 1 
0 1 2 0 0 0 0 0 0 0 
1 1 1 1 1 1 1 1 1 1 
1 1 1 1 1 1 0 1 0 1 
1 0 2 0 1 0 1 0 1 2 
0 0 0 0 0 0 0 0 0 1 
0 0 1 0 0 0 0 1 0 2 
0 0 0 0 0 0 0 0 0 0 
0 1 2 1 1 0 0 1 0 0 
0 0 2 0 0 0 0 0 0 2 
0 1 1 0 0 0 0 0 0 2 
0 1 1 0 0 0 0 0 0 0 
0 1 1 0 0 0 0 0 0 1 
0 0 1 1 0 0 0 0 1 1 
0 0 1 1 0 0 0 0 1 2 
1 1 1 1 1 0 1 1 0 1 
0 0 2 0 0 1 0 0 0 1 
0 1 1 0 0 1 0 0 0 0 
0 0 1 0 1 0 0 0 0 2 
0 0 1 1 0 1 0 0 1 1 
1 1 1 1 1 1 1 1 0 1 
0 0 3 0 0 0 1 0 0 0 
0 1 1 0 0 0 0 0 1 0 
1 1 1 1 1 1 1 1 0 2 
0 0 0 1 1 0 1 1 0 2 
0 1 3 1 0 1 0 1 1 2 
0 0 1 0 0 0 1 0 0 2 
0 0 1 1 1 0 0 0 1 1 
0 0 1 1 0 0 0 0 0 1 
0 0 1 1 0 0 0 0 0 2 
1 0 1 0 0 0 0 0 0 2 
0 0 2 1 0 0 0 0 1 1 
1 1 0 0 0 1 1 1 1 0 
0 0 1 0 0 0 0 0 0 0 
0 0 1 0 0 0 0 0 0 2 
1 1 1 1 0 1 1 1 0 1 
0 1 1 0 0 0 0 1 0 0 
0 0 1 1 0 0 0 1 1 1 
0 1 1 1 0 0 0 0 1 1 
1 0 1 1 0 0 0 0 1 1 
1 1 1 0 0 0 0 0 0 0 
0 0 1 0 0 1 0 0 0 2 
1 0 1 1 1 1 1 1 0 1 
0 0 1 1 0 0 1 0 1 1 
0 1 1 0 0 0 1 0 0 0 
1 1 1 1 1 1 1 0 0 1 
1 1 2 1 1 1 1 1 0 1 
0 0 1 0 0 0 0 0 1 1 
MFS
[ - , - , 1 , - , - , - , - , - , - , - ]
precise
0.0
recall
0.0
F-measure
0.0
accurate
0.5
accurate_oppsite
0.5
testCase Num: 43
0 1 1 0 0 0 0 1 1 2 
0 1 1 0 0 0 1 1 0 2 
0 0 3 1 0 0 0 1 0 1 
1 0 3 0 1 1 1 0 1 0 
1 0 1 0 0 0 0 1 0 1 
1 0 1 0 0 0 0 0 0 2 
0 1 1 1 0 0 1 1 1 2 
1 0 2 0 0 0 1 1 0 0 
1 1 1 0 0 0 1 1 1 2 
1 1 1 0 0 0 0 0 0 1 
1 0 1 0 0 0 1 0 0 1 
0 0 2 1 1 1 0 0 0 0 
1 0 1 0 0 0 0 0 1 1 
0 1 3 0 0 0 0 0 0 0 
0 0 1 1 0 1 0 0 0 0 
0 1 1 0 0 0 1 1 1 0 
1 1 0 1 1 1 1 1 1 1 
1 0 1 0 0 1 0 0 0 1 
1 1 2 1 1 1 0 0 0 2 
0 0 3 0 0 0 0 0 0 2 
1 0 1 0 1 0 0 0 0 1 
0 0 0 0 0 0 0 0 0 0 
0 0 1 0 0 0 1 1 1 2 
0 0 1 1 1 0 0 0 0 0 
0 0 1 0 0 0 0 0 0 1 
0 1 1 0 0 0 1 1 1 2 
0 1 1 0 0 0 1 0 1 2 
0 1 2 0 0 0 1 1 1 2 
0 0 1 1 1 1 0 1 0 0 
0 0 1 1 1 1 0 0 0 1 
0 0 1 1 1 1 0 0 0 0 
1 0 1 1 1 1 0 0 0 0 
0 0 2 0 0 1 0 0 1 1 
0 1 1 1 1 1 0 0 0 0 
1 0 1 1 0 0 0 0 0 1 
1 0 2 0 0 0 0 0 0 1 
0 0 0 0 1 0 0 0 0 2 
1 0 1 0 0 0 0 0 0 1 
0 0 1 1 1 1 1 0 0 0 
0 0 1 1 1 1 0 0 1 0 
0 1 1 0 0 1 1 1 1 2 
0 0 1 0 1 1 0 0 0 0 
0 1 1 0 1 0 1 1 1 2 
MFS
[ - , - , 1 , - , - , - , - , - , - , - ]
precise
0.0
recall
0.0
F-measure
0.0
accurate
0.5
accurate_oppsite
0.5
testCase Num: 53
0 0 1 0 0 0 0 0 1 2 
1 0 1 0 0 1 1 0 0 1 
0 0 2 0 1 0 0 1 0 1 
1 0 2 0 0 0 1 0 0 1 
1 0 1 0 0 0 1 0 0 1 
1 0 1 0 0 0 1 0 0 2 
0 1 3 0 0 0 0 0 0 0 
1 1 1 1 1 1 1 1 1 1 
1 0 2 1 1 0 0 0 1 0 
1 1 1 1 1 1 0 1 0 1 
0 0 0 0 0 0 0 0 0 1 
0 0 1 0 0 0 0 1 0 2 
0 0 0 0 0 0 0 0 0 0 
0 0 2 0 0 0 0 0 0 2 
0 1 1 0 0 0 0 0 0 2 
1 1 1 1 0 1 0 1 1 1 
0 0 1 0 1 0 0 0 1 0 
1 0 1 1 0 0 1 0 0 1 
1 1 0 1 0 0 0 1 0 2 
1 0 1 0 0 0 1 0 1 1 
1 0 1 0 0 0 0 0 0 1 
1 0 1 1 1 1 0 1 1 1 
0 0 1 0 1 0 0 0 0 2 
1 1 1 1 1 1 0 0 1 1 
0 1 1 0 0 0 0 0 1 0 
1 1 2 1 1 1 0 1 1 1 
0 0 1 0 0 0 1 0 0 1 
0 0 1 0 0 0 0 1 1 0 
0 0 2 0 0 0 0 0 1 0 
0 0 1 0 0 0 1 0 0 2 
0 1 0 0 1 1 1 1 1 0 
0 0 1 1 0 0 0 0 0 2 
1 0 1 0 0 0 0 0 0 2 
0 1 1 1 1 1 0 1 1 1 
1 1 1 0 0 0 1 0 0 1 
1 0 1 0 0 0 1 1 0 1 
1 1 1 0 1 1 0 1 1 1 
1 0 1 0 0 0 0 0 1 0 
0 0 1 1 0 0 0 0 1 0 
0 0 3 1 0 1 0 0 0 1 
0 0 1 0 0 0 0 0 0 0 
1 0 3 0 1 0 1 1 1 2 
0 0 1 0 0 0 1 0 1 0 
0 0 1 0 0 0 0 0 0 2 
1 1 1 1 1 0 0 1 1 1 
0 0 1 0 0 1 0 0 1 0 
0 0 1 0 0 1 0 0 0 2 
1 1 1 1 1 1 0 1 1 1 
1 1 1 1 1 1 0 1 1 2 
0 0 1 0 0 0 0 0 1 0 
1 0 1 0 1 0 1 0 0 1 
0 0 1 0 0 0 0 0 1 1 
0 1 2 1 0 1 1 0 0 2 
MFS
[ - , - , 1 , - , - , - , - , - , - , - ]
precise
0.0
recall
0.0
F-measure
0.0
accurate
0.5
accurate_oppsite
0.5
testCase Num: 42
0 0 1 0 0 0 1 0 0 2 
0 0 1 0 0 0 0 0 1 2 
1 1 1 1 0 1 1 1 1 0 
0 0 3 0 1 0 0 0 0 0 
0 0 1 0 1 0 0 0 0 1 
0 0 1 1 0 0 0 0 0 1 
0 0 1 1 0 0 0 0 0 2 
0 1 0 0 1 1 0 0 0 2 
1 0 1 0 0 0 0 0 0 2 
0 0 3 0 0 1 1 1 1 2 
1 1 1 0 1 1 1 1 1 0 
1 1 1 1 1 1 1 1 1 1 
0 0 3 0 0 0 0 0 0 1 
0 0 2 0 0 0 0 0 0 1 
0 0 1 0 0 0 0 0 0 0 
0 0 1 0 0 0 0 1 0 2 
0 0 0 0 0 0 0 0 0 0 
0 0 1 0 0 0 0 0 0 1 
0 1 2 1 1 0 0 1 0 1 
0 0 1 0 0 0 0 0 0 2 
0 0 2 0 0 0 0 0 0 2 
0 0 1 0 0 0 0 1 0 1 
0 1 1 0 0 0 0 0 0 2 
1 1 2 1 1 1 1 1 1 0 
1 1 1 1 1 1 1 1 1 0 
1 1 3 1 0 0 0 0 1 2 
0 1 1 0 0 0 0 0 0 1 
1 1 1 1 1 1 1 0 1 0 
1 0 1 1 1 1 1 1 1 0 
1 0 2 0 1 1 1 0 0 1 
0 1 1 1 1 1 1 1 1 0 
0 0 1 0 0 1 0 0 0 1 
0 0 1 0 0 1 0 0 0 2 
1 0 1 0 0 0 0 0 0 1 
1 1 1 1 1 0 1 1 1 0 
0 0 1 0 1 0 0 0 0 2 
1 0 0 1 1 0 1 1 1 1 
1 1 1 1 1 1 0 1 1 0 
1 1 1 1 1 1 1 1 0 0 
0 0 1 0 0 0 1 0 0 1 
0 0 1 0 0 0 0 0 1 1 
0 0 2 0 0 0 0 0 1 0 
MFS
[ - , - , 1 , - , - , - , - , - , - , - ]
precise
0.0
recall
0.0
F-measure
0.0
accurate
0.5
accurate_oppsite
0.5
testCase Num: 52
0 1 3 0 1 0 1 0 1 1 
0 1 0 1 1 0 1 1 0 2 
0 0 1 0 0 0 0 0 1 2 
0 0 1 0 0 0 1 1 0 1 
0 1 1 0 0 0 1 0 0 1 
1 0 1 0 0 0 1 0 0 1 
1 1 1 1 1 1 1 1 1 1 
1 1 1 1 1 1 0 1 0 1 
0 0 1 0 0 0 0 1 0 2 
0 0 0 0 0 0 0 0 0 0 
0 0 1 0 0 0 0 1 0 0 
0 0 2 0 0 0 0 0 0 2 
0 1 1 0 0 0 0 0 0 2 
1 1 1 1 0 1 0 1 1 1 
0 1 1 0 0 0 0 0 0 0 
1 1 2 0 0 0 0 0 0 0 
0 1 3 0 1 1 0 1 0 0 
1 0 1 1 1 1 0 1 1 1 
1 0 1 0 0 0 0 0 0 0 
0 0 1 0 1 0 0 0 0 2 
1 1 1 1 1 1 0 0 1 1 
1 1 2 1 1 1 0 1 1 1 
1 0 2 0 0 1 1 1 0 2 
0 0 1 0 0 0 1 0 0 0 
0 0 1 0 0 0 1 0 0 1 
0 0 2 1 1 0 0 0 1 2 
0 0 1 0 0 0 1 0 0 2 
0 0 1 1 0 0 0 0 0 0 
0 0 1 0 1 0 0 0 0 0 
0 0 1 1 0 0 0 0 0 2 
1 0 1 0 0 0 0 0 0 2 
0 1 1 1 1 1 0 1 1 1 
0 0 1 0 0 1 1 0 0 1 
1 1 1 0 1 1 0 1 1 1 
0 0 3 0 0 0 0 0 0 2 
0 0 2 0 0 0 0 0 0 1 
0 0 1 0 0 0 1 0 1 1 
0 0 1 0 0 0 0 0 0 0 
0 0 2 0 0 0 0 0 0 0 
0 0 1 0 0 0 0 0 0 1 
0 0 1 0 0 0 0 0 0 2 
0 0 1 1 0 0 1 0 0 1 
0 0 1 0 1 0 1 0 0 1 
1 1 1 1 1 0 0 1 1 1 
0 0 1 0 0 1 0 0 0 0 
0 0 1 0 0 1 0 0 0 2 
1 1 1 1 1 1 0 1 1 1 
1 1 1 1 1 1 0 1 1 2 
1 1 0 0 0 1 0 0 1 1 
0 0 1 0 0 0 0 0 1 0 
0 0 2 0 0 0 1 0 0 1 
1 0 3 1 0 1 1 0 1 0 
MFS
[ - , - , 1 , - , - , - , - , - , - , - ]
precise
0.0
recall
0.0
F-measure
0.0
accurate
0.5
accurate_oppsite
0.5
testCase Num: 53
0 0 1 0 0 0 0 0 1 2 
0 0 1 1 1 0 1 0 0 1 
1 1 1 1 0 1 1 1 1 1 
1 1 2 1 0 1 1 1 1 1 
1 1 1 1 0 1 1 1 1 2 
0 1 0 1 0 0 1 0 1 2 
1 0 1 1 0 0 0 0 0 0 
1 0 1 0 0 0 1 0 0 0 
1 1 1 1 1 1 1 1 1 1 
1 1 0 1 1 1 0 1 0 0 
0 0 1 0 1 1 1 0 0 1 
1 0 1 0 1 0 0 0 0 0 
0 0 0 0 0 0 0 0 0 1 
0 0 1 0 0 0 0 1 0 2 
0 0 0 0 0 0 0 0 0 0 
0 0 2 0 0 0 0 0 0 2 
0 1 1 0 1 0 1 0 0 1 
0 1 1 0 0 0 0 0 0 2 
0 0 2 0 1 0 1 0 0 1 
1 1 1 1 0 1 0 1 1 1 
1 0 1 0 0 1 0 0 0 0 
0 0 1 0 1 0 1 1 0 1 
1 1 2 0 0 0 1 0 1 0 
0 0 3 0 0 1 0 1 1 1 
1 0 1 0 0 0 0 0 0 1 
1 0 1 0 0 0 0 0 0 0 
0 0 1 0 1 0 0 0 0 2 
0 0 1 0 0 0 1 0 0 1 
1 0 1 1 0 1 1 1 1 1 
0 0 1 0 0 0 1 0 0 2 
1 1 1 1 0 1 1 0 1 1 
0 0 1 0 1 0 0 0 0 1 
0 0 1 1 0 0 0 0 0 2 
0 0 1 0 1 0 1 0 1 1 
1 0 1 0 0 0 0 0 0 2 
0 0 2 1 1 1 0 0 1 2 
1 0 1 0 0 0 0 0 1 0 
0 1 1 1 0 1 1 1 1 1 
0 0 1 0 0 0 0 0 0 0 
1 1 1 0 0 1 1 1 1 1 
0 0 2 0 0 0 0 1 0 1 
0 0 1 0 0 0 0 0 0 2 
1 1 1 1 0 1 1 1 0 1 
0 0 1 0 1 0 1 0 0 2 
0 0 1 0 1 0 1 0 0 1 
1 1 1 0 0 0 0 0 0 0 
1 0 2 0 0 0 0 0 0 0 
0 0 1 0 0 1 0 0 0 2 
0 0 3 1 0 0 0 0 0 0 
1 0 1 0 0 0 0 1 0 0 
1 1 1 1 0 0 1 1 1 1 
1 1 3 0 1 0 1 1 0 2 
1 0 1 0 1 0 1 0 0 1 
MFS
[ - , - , 1 , - , - , - , - , - , - , - ]
precise
0.0
recall
0.0
F-measure
0.0
accurate
0.5
accurate_oppsite
0.5
testCase Num: 42
0 1 1 1 1 0 0 1 1 0 
0 1 1 1 1 0 0 0 1 1 
0 0 1 1 1 0 0 0 1 0 
0 1 1 0 0 0 1 1 0 2 
1 0 2 0 0 1 0 0 1 1 
1 0 1 0 0 1 0 0 1 1 
0 1 1 1 1 1 0 0 1 0 
0 0 1 0 0 1 0 0 1 1 
0 0 1 0 0 1 1 1 0 2 
0 1 2 0 0 1 1 1 0 2 
0 1 1 0 0 1 1 1 0 0 
1 0 1 0 0 0 0 0 1 1 
1 1 1 1 1 0 0 0 1 0 
0 1 1 0 0 1 1 1 0 2 
0 1 1 0 0 1 1 0 0 2 
0 0 2 0 1 1 1 1 0 0 
1 1 0 1 1 1 1 1 1 1 
1 0 1 0 0 1 0 0 0 1 
0 1 1 1 1 0 1 0 1 0 
1 0 1 1 0 1 0 0 1 1 
0 0 0 0 0 0 0 0 0 0 
0 1 1 1 1 0 0 0 0 0 
1 1 3 1 1 1 0 1 0 0 
1 0 1 0 0 1 1 0 1 1 
0 0 3 0 1 0 1 0 0 1 
0 1 1 0 1 0 0 0 1 0 
0 1 2 0 0 0 0 0 0 1 
0 1 1 0 1 1 1 1 0 2 
1 0 2 1 0 0 0 0 1 2 
0 1 1 1 0 0 0 0 1 0 
0 1 1 0 0 1 0 1 0 2 
1 0 1 0 1 1 0 0 1 1 
0 0 0 0 1 0 0 0 0 2 
0 1 1 0 0 1 1 1 1 2 
1 0 1 0 0 1 0 1 1 1 
1 0 1 0 0 1 0 0 1 2 
0 0 3 0 0 0 0 1 1 2 
1 1 1 0 0 1 1 1 0 2 
0 1 2 1 1 0 0 0 1 0 
0 1 1 1 1 0 0 0 1 0 
1 1 1 0 0 1 0 0 1 1 
0 1 1 1 0 1 1 1 0 2 
MFS
[ - , - , 1 , - , - , - , - , - , - , - ]
precise
0.0
recall
0.0
F-measure
0.0
accurate
0.5
accurate_oppsite
0.5
testCase Num: 44
0 0 3 0 1 0 0 0 0 0 
0 0 2 0 1 0 1 1 1 2 
0 1 1 0 0 0 1 0 0 2 
0 0 1 1 0 0 0 0 0 0 
0 0 2 1 0 0 0 0 0 1 
0 0 1 1 0 0 0 1 0 0 
0 0 1 1 0 0 0 0 0 1 
0 1 1 1 0 0 0 0 0 0 
0 1 1 1 1 1 0 1 1 1 
1 0 1 1 0 0 0 0 0 0 
1 1 2 0 0 0 1 0 0 2 
1 1 1 0 0 0 1 0 0 0 
1 0 0 1 1 1 0 1 0 2 
1 1 1 0 0 0 0 0 0 2 
1 0 1 0 0 0 1 0 0 2 
1 1 1 0 1 1 0 1 1 1 
0 0 1 1 0 1 0 0 0 0 
0 0 1 1 0 0 1 0 0 0 
0 0 1 1 0 0 0 0 1 0 
1 1 1 1 0 0 1 0 0 2 
1 1 1 1 1 1 1 1 1 1 
0 0 3 0 0 0 0 0 0 2 
1 1 1 1 1 1 0 1 0 1 
1 0 3 1 0 1 1 0 0 1 
0 0 1 0 0 0 0 0 0 0 
1 1 2 0 0 1 0 1 0 0 
0 0 0 0 0 0 0 0 0 1 
0 0 0 0 0 0 0 0 0 0 
0 0 1 1 1 0 0 0 0 0 
1 1 1 1 0 1 0 1 1 1 
1 1 1 1 1 0 0 1 1 1 
0 1 0 1 1 1 1 0 1 0 
1 1 1 0 0 0 1 0 1 2 
1 1 1 0 0 0 1 0 0 2 
1 1 1 0 0 0 1 1 0 2 
1 0 1 1 1 1 0 1 1 1 
0 1 3 0 0 0 0 1 1 1 
0 0 2 1 0 0 0 0 0 0 
1 1 1 1 1 1 0 1 1 1 
1 1 1 1 1 1 0 0 1 1 
1 1 1 0 1 0 1 0 0 2 
1 1 2 1 1 1 0 1 1 1 
1 1 1 1 1 1 0 1 1 2 
1 1 1 0 0 1 1 0 0 2 
MFS
[ - , - , 1 , - , - , - , - , - , - , - ]
precise
0.0
recall
0.0
F-measure
0.0
accurate
0.5
accurate_oppsite
0.5
testCase Num: 54
0 0 1 0 0 0 0 0 1 2 
0 0 1 1 1 0 1 0 0 1 
1 1 1 1 0 1 1 1 1 1 
1 1 2 1 0 1 1 1 1 1 
1 1 1 1 0 1 1 1 1 2 
0 1 3 0 0 1 1 0 0 2 
1 1 1 1 1 1 1 1 1 1 
0 0 1 0 1 1 1 0 0 1 
0 0 1 0 0 0 0 1 0 2 
0 0 0 0 0 0 0 0 0 0 
0 1 0 1 1 0 1 1 1 0 
0 0 1 0 0 0 0 1 0 0 
0 0 0 0 0 0 0 0 0 2 
0 0 2 0 0 0 0 0 0 2 
0 1 1 0 1 0 1 0 0 1 
0 1 1 0 0 0 0 0 0 2 
0 0 2 0 1 0 1 0 0 1 
1 1 1 1 0 1 0 1 1 1 
0 1 1 0 0 0 0 0 0 0 
0 0 1 0 1 0 1 1 0 1 
1 0 1 0 0 0 0 0 0 0 
0 0 1 0 1 0 0 0 0 2 
0 0 1 0 0 0 1 0 0 0 
0 0 1 0 0 0 1 0 0 1 
1 0 1 1 0 1 1 1 1 1 
0 0 1 0 0 0 1 0 0 2 
1 1 1 1 0 1 1 0 1 1 
1 0 2 0 0 1 1 1 0 0 
0 0 1 0 1 0 0 0 0 1 
0 0 1 1 0 0 0 0 0 0 
0 0 2 1 0 0 0 0 0 1 
0 0 1 0 1 0 0 0 0 0 
0 0 1 1 0 0 0 0 0 2 
0 0 1 0 1 0 1 0 1 1 
1 0 1 0 0 0 0 0 0 2 
0 1 1 1 0 1 1 1 1 1 
0 0 3 0 0 0 0 0 0 1 
0 0 1 0 0 0 0 0 0 0 
0 0 2 0 0 0 0 0 0 0 
1 1 1 0 0 1 1 1 1 1 
1 0 0 1 0 1 0 0 1 1 
0 0 1 0 0 0 0 0 0 1 
0 0 1 0 0 0 0 0 0 2 
1 1 1 1 0 1 1 1 0 1 
0 0 1 0 1 0 1 0 0 2 
0 0 1 0 1 0 1 0 0 1 
0 1 2 0 1 1 0 0 1 2 
0 0 1 0 0 1 0 0 0 0 
0 0 1 0 0 1 0 0 0 2 
1 0 3 1 1 0 0 1 0 2 
1 1 1 1 0 0 1 1 1 1 
0 0 3 0 0 0 0 0 1 0 
1 0 1 0 1 0 1 0 0 1 
0 0 1 0 0 0 0 0 1 0 
MFS
[ - , - , 1 , - , - , - , - , - , - , - ]
precise
0.0
recall
0.0
F-measure
0.0
accurate
0.5
accurate_oppsite
0.5
testCase Num: 43
1 0 0 0 1 0 0 0 1 2 
1 1 1 1 0 1 1 1 1 0 
0 0 1 0 1 0 0 0 0 1 
0 0 2 1 0 0 0 1 0 0 
0 0 1 1 0 0 0 0 0 1 
1 0 3 1 0 0 1 1 1 2 
1 0 1 0 0 0 0 1 0 2 
1 0 1 0 0 0 0 0 0 2 
0 1 3 0 1 1 0 1 0 2 
1 1 1 0 1 1 1 1 1 0 
1 1 1 0 0 0 0 0 0 2 
1 0 1 0 0 0 1 0 0 2 
1 0 1 0 0 0 0 0 1 2 
1 0 1 0 0 1 0 0 0 2 
0 1 0 1 0 1 1 1 1 1 
0 0 3 0 0 0 0 0 0 0 
1 1 1 1 1 1 1 1 1 1 
0 0 3 0 0 0 0 0 0 1 
0 0 2 0 0 0 0 0 0 1 
1 0 2 1 0 1 0 0 1 1 
1 0 1 0 1 0 0 0 0 2 
0 0 0 0 0 0 0 0 0 0 
0 0 1 0 0 0 0 0 0 1 
0 1 2 0 1 0 1 0 0 1 
0 0 2 0 0 0 0 0 0 2 
0 0 1 0 0 0 0 1 0 1 
0 0 1 0 0 0 0 0 0 2 
1 1 2 1 1 1 1 1 1 0 
1 1 1 1 1 1 1 1 1 0 
0 1 1 0 0 0 0 0 0 1 
1 1 1 1 1 1 1 0 1 0 
1 0 1 1 1 1 1 1 1 0 
0 1 1 1 1 1 1 1 1 0 
1 0 1 1 0 0 0 0 0 2 
0 0 1 0 0 1 0 0 0 1 
1 0 2 0 0 0 0 0 0 2 
1 0 1 0 0 0 0 0 0 1 
1 1 1 1 1 0 1 1 1 0 
1 0 1 0 0 0 0 0 0 0 
1 1 1 1 1 1 0 1 1 0 
1 1 1 1 1 1 1 1 0 0 
0 0 1 0 0 0 1 0 0 1 
0 0 1 0 0 0 0 0 1 1 
MFS
[ - , - , 1 , - , - , - , - , - , - , - ]
precise
0.0
recall
0.0
F-measure
0.0
accurate
0.5
accurate_oppsite
0.5
testCase Num: 53
0 0 1 0 0 0 0 0 1 2 
0 1 2 0 1 0 1 0 1 2 
0 0 1 0 0 1 0 0 1 1 
0 0 1 0 0 1 0 0 1 2 
0 1 1 1 1 1 1 1 0 1 
1 1 1 0 1 1 1 1 0 1 
0 1 3 0 0 0 0 0 0 0 
1 1 1 1 1 1 1 1 1 1 
1 1 1 1 1 1 0 1 0 1 
0 0 0 0 0 0 0 0 0 1 
0 0 1 0 0 0 0 1 0 2 
0 0 0 0 0 0 0 0 0 0 
0 0 2 1 1 0 0 1 0 0 
0 0 1 0 0 0 0 1 0 0 
0 0 2 0 0 0 0 0 0 2 
0 1 1 0 0 0 0 0 0 2 
0 1 1 0 0 0 0 0 0 0 
1 1 1 1 1 0 1 1 0 1 
0 0 2 0 0 1 0 0 1 1 
1 0 1 0 0 0 0 0 0 0 
0 0 1 0 1 0 0 0 0 2 
0 0 1 1 0 1 0 0 1 1 
1 1 1 1 1 1 1 1 0 1 
1 1 1 1 1 1 1 1 0 2 
0 0 1 0 0 0 1 0 0 0 
0 0 1 0 0 0 1 0 0 2 
1 0 1 0 0 1 0 0 1 1 
1 1 0 1 1 0 0 0 0 2 
0 0 1 1 0 0 0 0 0 0 
0 0 1 0 1 0 0 0 0 0 
0 0 1 1 0 0 0 0 0 2 
1 0 1 0 0 0 0 0 0 2 
0 0 1 0 0 1 1 0 1 1 
0 0 1 0 0 1 0 1 1 1 
0 1 1 0 0 1 0 0 1 1 
0 0 1 0 1 1 0 0 1 1 
1 1 0 0 0 1 1 1 1 0 
0 0 1 0 0 0 0 0 0 0 
0 0 2 0 0 0 0 0 0 0 
1 0 3 1 0 1 0 1 1 2 
0 0 1 0 0 0 0 0 0 1 
0 0 1 0 0 0 0 0 0 2 
1 0 2 0 0 1 0 0 0 1 
0 0 3 0 1 0 1 0 0 1 
1 1 1 1 0 1 1 1 0 1 
0 0 1 0 0 1 0 0 0 0 
0 0 1 0 0 1 0 0 0 1 
0 0 1 0 0 1 0 0 0 2 
1 0 1 1 1 1 1 1 0 1 
1 1 1 1 1 1 1 0 0 1 
1 1 2 1 1 1 1 1 0 1 
0 0 1 0 0 0 0 0 1 0 
0 0 1 0 0 0 0 0 1 1 
MFS
[ - , - , 1 , - , - , - , - , - , - , - ]
precise
0.0
recall
0.0
F-measure
0.0
accurate
0.5
accurate_oppsite
0.5
testCase Num: 51
0 0 1 0 0 0 1 1 0 1 
0 0 1 0 0 0 0 0 1 2 
0 0 0 1 1 1 1 0 0 2 
0 0 1 1 0 0 0 1 0 1 
1 0 1 0 0 0 0 1 0 1 
0 1 3 0 0 0 1 0 1 0 
1 1 1 1 1 1 1 1 1 1 
0 0 0 0 0 0 0 0 0 1 
0 0 1 0 0 0 0 1 0 2 
0 0 0 0 0 0 0 0 0 0 
0 0 1 0 0 0 0 1 0 0 
0 0 1 0 0 0 0 1 0 1 
0 0 2 0 0 0 0 0 0 2 
0 1 1 0 0 0 0 0 0 2 
1 1 2 1 1 1 1 0 1 1 
0 1 1 0 0 0 0 0 0 0 
1 0 1 1 1 1 1 0 1 1 
0 0 2 0 0 1 0 0 1 1 
0 1 1 1 1 1 1 0 1 1 
0 0 1 0 0 1 0 1 0 1 
1 0 1 0 0 0 0 0 0 0 
0 0 1 0 1 0 0 0 0 2 
1 1 1 1 1 1 0 0 1 1 
0 0 1 0 0 0 1 0 0 0 
0 0 1 0 0 0 0 1 1 1 
0 0 1 0 0 0 1 0 0 2 
0 0 3 0 1 0 0 0 0 1 
1 1 1 1 0 1 1 0 1 1 
0 0 1 1 0 0 0 0 0 0 
0 0 1 0 1 0 0 0 0 0 
0 0 1 1 0 0 0 0 0 2 
1 0 1 0 0 0 0 0 0 2 
1 1 1 0 1 1 1 0 1 1 
1 1 0 0 1 1 0 1 1 0 
1 1 1 1 1 1 1 0 1 2 
0 1 2 0 1 0 1 1 0 2 
0 0 1 0 0 0 0 0 0 0 
0 0 2 0 0 0 0 0 0 0 
1 0 3 1 0 1 0 1 1 2 
0 0 1 0 0 0 0 0 0 1 
0 0 1 0 0 0 0 0 0 2 
0 0 2 0 0 0 0 1 0 1 
0 1 1 0 0 0 0 1 0 1 
1 1 1 1 1 1 1 0 1 1 
1 0 2 1 0 0 1 0 0 0 
0 0 1 0 0 1 0 0 0 0 
0 0 1 0 0 1 0 0 0 2 
1 1 1 1 1 0 1 0 1 1 
0 0 1 0 1 0 0 1 0 1 
1 1 1 1 1 1 1 0 0 1 
0 0 1 0 0 0 0 0 1 0 
MFS
[ - , - , 1 , - , - , - , - , - , - , - ]
precise
0.0
recall
0.0
F-measure
0.0
accurate
0.5
accurate_oppsite
0.5
testCase Num: 53
0 0 1 0 0 0 0 0 1 2 
0 1 1 0 1 0 0 0 0 0 
0 1 1 0 0 0 0 1 1 1 
0 0 1 0 1 0 0 1 0 0 
1 1 1 0 0 0 0 0 1 1 
1 1 0 0 1 1 1 1 0 0 
0 1 1 0 0 0 1 0 1 1 
0 0 3 1 0 1 0 1 0 1 
1 1 1 1 1 1 1 1 1 1 
1 0 1 0 1 0 0 0 0 0 
0 0 0 0 0 0 0 0 0 1 
0 0 1 0 0 0 0 1 0 2 
0 0 0 0 0 0 0 0 0 0 
0 0 1 1 1 0 0 0 0 0 
0 0 2 0 0 0 0 0 0 2 
0 1 1 0 0 0 0 0 0 2 
0 1 1 0 0 0 0 0 0 1 
1 0 2 1 1 1 1 1 1 1 
0 0 1 0 1 0 0 0 1 0 
0 0 1 1 1 1 1 1 1 1 
1 0 1 1 1 1 1 0 1 1 
1 0 0 1 0 0 1 0 1 2 
1 0 3 0 0 0 0 0 0 0 
1 0 1 1 1 1 0 1 1 1 
0 0 1 0 1 0 0 0 0 2 
0 0 1 0 1 1 0 0 0 0 
0 1 3 0 1 0 1 1 1 2 
1 0 1 1 0 1 1 1 1 1 
0 0 1 0 0 0 1 0 0 2 
0 0 2 0 1 0 0 0 0 0 
0 1 1 0 0 0 0 0 1 1 
1 1 2 1 0 1 0 0 0 2 
0 1 1 0 0 0 0 0 1 2 
0 0 1 0 1 0 0 0 0 1 
0 0 1 0 1 0 0 0 0 0 
0 0 1 1 0 0 0 0 0 2 
1 0 1 0 0 0 0 0 0 2 
1 0 1 0 1 1 1 1 1 1 
0 1 1 0 0 1 0 0 1 1 
1 0 1 1 1 1 1 1 1 2 
0 0 1 0 0 0 0 0 0 0 
0 0 2 1 1 0 1 0 1 0 
0 0 2 0 0 0 0 1 0 1 
0 0 1 0 0 0 0 0 0 2 
0 1 1 0 1 0 0 0 1 1 
1 0 1 1 1 1 1 1 1 1 
0 0 1 0 1 0 1 0 0 0 
0 1 1 1 0 0 0 0 1 1 
0 0 1 0 0 1 0 0 0 2 
1 0 1 1 1 1 1 1 0 1 
0 1 2 0 0 0 0 0 1 1 
1 0 1 1 1 0 1 1 1 1 
0 0 1 0 0 0 0 0 1 1 
MFS
[ - , - , 1 , - , - , - , - , - , - , - ]
precise
0.0
recall
0.0
F-measure
0.0
accurate
0.5
accurate_oppsite
0.5
testCase Num: 53
0 0 1 0 0 0 0 0 1 2 
0 1 1 0 0 0 0 1 1 1 
1 1 1 1 1 1 1 1 1 1 
0 0 0 0 0 0 0 0 0 1 
0 0 1 0 0 0 0 1 0 2 
0 0 0 0 0 0 0 0 0 0 
0 0 2 0 0 0 0 0 0 2 
0 0 1 0 0 0 0 1 0 1 
0 1 1 0 0 0 0 0 0 2 
0 1 2 0 0 0 0 1 0 1 
1 0 1 0 0 1 0 0 0 0 
0 1 1 0 0 0 0 0 0 1 
1 0 2 1 1 1 1 1 1 1 
1 0 3 1 0 0 1 0 0 1 
0 0 1 1 1 1 1 1 1 1 
1 0 1 1 1 1 1 0 1 1 
1 1 2 0 0 0 1 0 1 2 
0 0 1 0 0 1 1 0 0 0 
0 0 1 0 0 1 0 1 0 0 
1 0 1 1 1 1 0 1 1 1 
0 1 1 0 0 1 0 0 0 0 
0 0 0 0 1 0 1 1 1 2 
0 0 1 0 1 0 0 0 0 2 
0 1 1 0 1 0 0 1 0 1 
0 0 1 0 1 1 0 0 0 0 
1 0 1 1 0 1 1 1 1 1 
0 0 1 0 0 0 1 0 0 2 
0 1 1 0 0 0 1 1 0 1 
0 0 2 1 0 0 0 0 0 1 
0 0 1 1 0 0 0 0 0 2 
1 0 1 0 0 0 0 0 0 2 
0 0 2 0 0 1 0 0 0 0 
0 1 1 1 0 0 0 1 0 1 
1 1 1 0 0 0 0 1 0 1 
1 0 1 0 1 1 1 1 1 1 
1 0 1 1 1 1 1 1 1 2 
0 0 1 1 0 1 0 0 0 0 
0 0 2 0 1 1 1 1 0 0 
0 0 1 0 0 0 0 0 0 0 
0 0 1 0 0 0 0 0 0 2 
0 1 1 0 0 0 0 1 0 1 
0 1 1 0 0 0 0 1 0 2 
1 0 1 1 1 1 1 1 1 1 
0 0 1 0 0 1 0 0 1 0 
0 1 3 1 1 1 0 1 0 2 
0 0 1 0 0 1 0 0 0 0 
0 0 1 0 0 1 0 0 0 1 
0 0 1 0 0 1 0 0 0 2 
1 0 1 1 1 1 1 1 0 1 
0 1 1 0 0 1 0 1 0 1 
1 1 0 1 1 1 0 0 1 0 
0 0 3 0 0 0 0 0 1 0 
1 0 1 1 1 0 1 1 1 1 
MFS
[ - , - , 1 , - , - , - , - , - , - , - ]
precise
0.0
recall
0.0
F-measure
0.0
accurate
0.5
accurate_oppsite
0.5
testCase Num: 54
0 0 1 0 0 0 0 0 1 2 
0 1 1 0 0 0 1 0 1 1 
1 1 1 1 1 1 1 1 1 1 
1 1 1 1 1 1 0 1 0 1 
0 0 1 0 0 0 1 1 1 1 
0 0 1 0 0 0 0 1 0 2 
0 0 0 0 0 0 0 0 0 0 
0 0 1 0 0 0 0 1 0 0 
0 0 0 0 0 0 0 0 0 2 
0 0 2 0 0 0 0 0 0 2 
0 1 1 0 0 0 0 0 0 2 
1 1 1 1 0 1 0 1 1 1 
0 1 1 0 0 0 0 0 0 0 
1 0 0 0 1 1 0 1 0 1 
1 0 1 0 0 0 1 0 1 1 
0 0 2 1 1 1 0 0 1 0 
1 0 3 0 0 0 0 0 0 0 
1 0 1 1 1 1 0 1 1 1 
1 1 0 1 0 0 1 1 1 0 
1 0 1 0 0 0 0 0 0 0 
0 0 1 0 1 0 0 0 0 2 
0 0 3 1 0 1 1 1 0 2 
1 1 1 1 1 1 0 0 1 1 
1 1 2 1 1 1 0 1 1 1 
0 0 1 0 0 0 1 0 0 0 
0 0 1 0 0 0 1 0 0 1 
0 0 1 0 0 0 1 0 0 2 
0 0 1 1 0 0 0 0 0 0 
0 0 1 0 1 0 0 0 0 0 
0 0 1 1 0 0 0 0 0 2 
0 0 1 0 1 0 1 0 1 1 
1 0 1 0 0 0 0 0 0 2 
0 1 1 1 1 1 0 1 1 1 
0 0 1 0 0 1 1 0 1 1 
1 1 1 0 1 1 0 1 1 1 
0 0 3 0 0 0 0 0 0 1 
0 0 1 0 0 0 1 0 1 1 
0 0 1 0 0 0 0 0 0 0 
0 0 1 0 0 0 1 0 1 2 
0 0 2 0 0 0 0 0 0 0 
0 0 2 0 0 0 1 0 1 1 
0 0 1 0 0 0 0 0 0 1 
0 1 3 0 1 0 0 0 1 2 
0 0 2 0 0 0 0 1 0 1 
0 0 1 0 0 0 0 0 0 2 
1 1 1 1 1 0 0 1 1 1 
0 0 1 0 0 1 0 0 0 0 
0 0 1 0 0 1 0 0 0 2 
0 0 1 1 0 0 1 0 1 1 
1 1 1 1 1 1 0 1 1 1 
1 1 2 0 1 0 1 0 0 2 
1 1 1 1 1 1 0 1 1 2 
0 0 1 0 0 0 0 0 1 0 
0 0 1 0 0 0 0 0 1 1 
MFS
[ - , - , 1 , - , - , - , - , - , - , - ]
precise
0.0
recall
0.0
F-measure
0.0
accurate
0.5
accurate_oppsite
0.5
testCase Num: 43
0 0 2 1 1 0 1 1 0 1 
1 1 2 0 0 1 0 0 1 0 
1 1 1 1 0 1 1 1 1 0 
1 0 2 0 0 1 0 1 1 1 
1 0 1 0 0 1 0 0 1 1 
0 1 0 0 1 1 1 0 1 1 
0 0 2 1 0 0 0 0 0 2 
0 0 1 1 0 0 0 0 0 0 
0 0 1 1 0 0 0 0 0 2 
0 0 1 1 0 0 0 1 0 2 
1 1 1 0 1 1 1 1 1 0 
0 1 1 1 0 0 0 0 0 2 
0 0 1 0 0 1 0 1 1 1 
1 0 1 0 0 0 0 1 1 1 
0 0 1 1 0 1 0 0 0 2 
1 0 1 0 0 1 0 1 0 1 
1 1 1 1 1 1 1 1 1 1 
0 0 3 0 0 0 0 1 0 0 
0 0 3 0 0 0 0 0 0 1 
0 0 1 1 1 0 0 0 0 2 
0 0 0 0 0 0 0 0 0 0 
1 0 1 1 0 1 0 1 1 1 
0 0 2 0 0 0 0 0 0 2 
0 0 1 0 0 0 0 0 0 2 
1 1 2 1 1 1 1 1 1 0 
1 0 1 0 0 1 1 1 1 1 
1 1 1 1 1 1 1 1 1 0 
1 1 1 1 1 1 1 0 1 0 
0 0 1 1 0 0 1 0 0 2 
0 0 1 1 0 0 0 0 1 2 
1 0 1 1 1 1 1 1 1 0 
0 1 1 1 1 1 1 1 1 0 
1 0 1 1 0 0 0 0 0 2 
1 0 1 0 1 1 0 1 1 1 
1 0 0 1 0 0 0 1 0 2 
1 1 1 1 1 0 1 1 1 0 
1 0 1 0 0 1 0 1 1 2 
1 0 1 0 0 1 0 1 1 1 
1 1 1 1 1 1 0 1 1 0 
1 1 1 1 1 1 1 1 0 0 
1 1 3 0 1 0 0 0 1 2 
0 1 3 1 0 1 1 0 0 2 
1 1 1 0 0 1 0 1 1 1 
MFS
[ - , - , 1 , - , - , - , - , - , - , - ]
precise
0.0
recall
0.0
F-measure
0.0
accurate
0.5
accurate_oppsite
0.5
testCase Num: 53
0 0 1 0 0 0 1 1 0 2 
0 1 1 0 0 0 1 0 0 2 
0 1 2 1 0 0 0 0 0 1 
1 1 1 0 0 0 0 0 1 1 
0 1 1 1 1 1 1 1 0 1 
1 0 1 0 0 0 1 0 0 2 
1 1 1 0 1 1 1 1 0 1 
1 0 1 0 0 0 0 1 1 1 
1 1 1 1 1 1 1 1 1 1 
0 0 3 0 0 0 0 1 0 0 
1 1 1 1 1 1 0 1 0 1 
0 0 0 0 0 0 0 0 0 0 
0 0 1 0 0 0 0 1 0 0 
0 0 0 0 0 0 0 0 0 2 
0 1 1 0 0 0 0 0 0 0 
1 1 1 1 1 0 1 1 0 1 
1 0 1 0 0 0 1 0 1 1 
1 0 1 0 0 0 0 0 0 1 
1 0 1 0 0 0 0 0 0 0 
1 1 1 1 1 1 1 1 0 1 
0 0 3 0 1 1 0 0 0 1 
1 1 1 1 1 1 1 1 0 2 
0 0 1 0 0 0 1 0 0 0 
1 0 1 0 1 0 0 0 1 1 
0 0 1 0 0 0 1 0 0 2 
1 0 1 0 0 1 0 0 1 1 
1 1 3 1 0 0 1 0 1 2 
0 0 1 1 0 0 0 0 0 0 
0 0 1 0 1 0 0 0 0 0 
0 0 1 0 0 1 1 0 0 2 
1 0 2 0 0 0 0 0 1 1 
1 0 2 1 1 0 1 0 0 0 
1 0 1 0 0 0 0 0 1 2 
1 0 1 0 0 0 0 0 1 1 
0 1 0 1 0 1 1 1 1 0 
0 0 1 0 0 0 0 0 0 0 
0 0 1 0 0 0 1 0 1 2 
0 0 2 0 0 0 0 0 0 0 
1 1 0 0 1 0 0 1 0 1 
0 0 1 0 0 0 0 0 0 1 
0 0 1 0 0 0 0 0 0 2 
0 0 2 0 1 1 0 1 1 2 
1 1 1 1 0 1 1 1 0 1 
0 0 1 0 1 0 1 0 0 2 
0 0 1 1 0 0 1 0 0 2 
1 0 1 1 0 0 0 0 1 1 
0 0 1 0 0 1 0 0 0 0 
1 0 1 1 1 1 1 1 0 1 
1 1 1 1 1 1 1 0 0 1 
1 1 2 1 1 1 1 1 0 1 
0 0 2 0 0 0 1 0 0 2 
0 0 1 0 0 0 0 0 1 0 
0 0 1 0 0 0 0 0 1 1 
MFS
[ - , - , 1 , - , - , - , - , - , - , - ]
precise
0.0
recall
0.0
F-measure
0.0
accurate
0.5
accurate_oppsite
0.5
