testCase Num: 58
2 1 0 0 0 0 0 1 0 0 0 0 1 0 
2 0 1 1 1 0 1 1 1 1 1 0 0 0 
1 0 1 1 1 0 0 0 0 0 0 1 1 1 
0 0 0 0 0 0 0 0 1 0 0 0 0 2 
2 0 0 1 1 1 1 1 1 1 1 0 0 0 
1 0 1 1 0 1 0 0 0 0 0 1 1 1 
1 0 1 1 0 0 0 0 0 0 1 1 1 1 
0 0 1 0 0 0 0 0 0 0 0 0 3 2 
1 0 1 1 0 0 0 0 1 0 0 1 1 1 
2 0 1 1 1 1 1 0 1 1 1 0 0 0 
2 0 1 0 1 1 1 1 1 1 1 0 0 0 
1 1 0 0 1 0 0 0 0 0 0 1 0 1 
2 1 0 0 1 1 0 0 1 0 0 0 3 1 
0 0 1 0 0 0 0 0 0 1 1 0 3 2 
1 0 0 0 0 0 0 0 0 0 0 0 3 0 
0 0 1 0 0 0 0 0 0 0 1 0 3 0 
1 0 1 1 0 0 1 0 0 0 0 1 1 1 
1 0 1 1 0 0 0 1 0 0 0 1 1 1 
1 0 1 1 0 0 0 0 0 0 0 0 1 1 
0 1 1 0 0 0 0 0 0 0 1 0 3 2 
1 0 1 0 0 0 0 0 0 0 1 0 3 2 
0 0 1 0 0 0 0 0 0 0 1 0 3 2 
2 0 1 1 1 1 0 1 1 1 1 0 0 0 
2 0 1 1 1 1 1 1 1 1 1 1 0 0 
0 0 0 0 0 0 0 0 0 0 1 0 3 2 
2 0 0 0 0 0 0 0 0 0 0 0 2 0 
0 0 1 0 1 0 0 0 0 0 1 0 3 2 
2 0 1 1 1 1 1 1 1 0 1 0 0 0 
1 0 1 1 0 0 0 0 0 0 0 1 1 1 
1 0 1 1 0 0 0 0 0 0 0 1 1 2 
1 1 1 1 0 0 0 0 0 0 0 1 1 1 
0 0 1 0 0 0 0 1 0 0 1 0 3 2 
2 0 1 1 1 1 1 1 0 1 1 0 0 0 
0 0 1 1 0 0 0 0 0 0 1 0 3 2 
1 0 1 1 0 0 0 0 0 0 0 1 2 1 
1 0 1 0 0 0 0 0 0 0 0 1 1 1 
0 0 0 0 0 0 0 0 0 0 0 0 1 2 
1 0 1 1 0 0 0 0 0 1 0 1 1 1 
2 0 1 1 1 1 1 1 1 1 0 0 0 0 
2 0 1 1 1 1 1 1 1 1 1 0 1 0 
0 0 1 0 0 0 0 0 1 0 1 0 3 2 
2 0 1 1 0 1 1 1 1 1 1 0 0 0 
2 0 0 1 1 0 1 1 0 1 0 1 3 2 
0 0 1 0 0 0 0 0 0 0 1 0 0 2 
0 1 1 1 1 1 1 1 1 1 1 1 1 1 
1 0 0 0 0 0 1 1 1 0 1 1 2 0 
0 0 1 0 0 1 0 0 0 0 1 0 3 2 
0 0 1 0 0 0 0 0 0 0 1 1 3 2 
2 0 1 1 0 0 0 0 0 0 0 1 1 1 
0 0 1 0 0 0 1 0 0 0 1 0 3 2 
0 0 0 0 0 0 0 0 0 0 0 0 0 0 
0 0 1 1 1 1 1 1 1 1 1 0 0 0 
2 1 1 1 1 1 1 1 1 1 1 0 0 0 
0 0 0 1 1 0 1 0 0 0 0 0 2 1 
1 0 0 1 0 0 0 0 0 0 0 1 1 1 
2 0 1 1 1 1 1 1 1 1 1 0 0 1 
1 1 1 0 0 1 0 0 0 1 1 0 2 2 
2 0 1 1 1 1 1 1 1 1 1 0 0 0 
MFS
[ - , 0 , 1 , - , - , - , - , - , - , - , - , - , - , - ]
precise
1.0
recall
1.0
F-measure
1.0
accurate
1.0
accurate_oppsite
1.0
testCase Num: 43
2 0 1 1 0 1 0 1 0 1 0 1 1 2 
1 1 1 1 1 1 1 1 1 1 1 1 0 1 
2 0 0 0 0 0 0 0 0 0 0 0 0 0 
2 0 1 1 0 1 0 1 1 0 0 1 1 2 
2 0 1 1 0 1 0 0 0 0 0 1 1 2 
0 0 0 0 1 0 1 0 0 1 1 1 1 0 
1 1 1 0 0 1 0 0 0 0 0 1 2 1 
2 0 1 0 0 1 0 1 0 0 0 1 1 2 
2 0 1 0 0 0 0 1 0 0 0 0 0 0 
2 0 1 0 1 0 0 0 0 0 0 0 0 0 
2 0 1 1 0 1 0 1 0 0 1 1 1 2 
2 0 1 1 0 1 0 1 0 0 0 1 2 2 
2 0 1 1 0 0 0 0 0 0 0 0 0 0 
2 1 0 0 1 0 1 0 1 1 1 0 2 2 
2 0 1 0 0 0 0 0 0 0 0 0 1 0 
0 1 1 0 1 1 0 1 1 1 0 0 3 0 
2 0 1 0 0 0 0 0 0 0 1 0 0 0 
2 0 1 1 1 1 0 1 0 0 0 1 1 2 
1 0 0 1 0 0 1 0 0 0 1 0 3 1 
2 0 0 1 0 1 0 1 0 0 0 1 1 2 
1 1 0 0 0 0 0 0 0 0 0 0 1 0 
2 0 1 0 0 0 0 0 1 0 0 0 0 0 
0 0 0 1 0 0 0 1 1 1 1 0 1 1 
2 0 0 0 0 0 0 0 0 0 0 0 3 1 
1 0 0 0 0 0 0 0 0 0 0 1 3 2 
2 0 1 0 0 0 0 0 0 1 0 0 0 0 
2 0 1 1 0 0 0 1 0 0 0 1 1 2 
2 0 1 1 0 1 0 1 0 0 0 0 1 2 
2 0 1 0 0 1 0 0 0 0 0 0 0 0 
2 0 1 1 0 1 0 1 0 0 0 1 1 0 
0 0 1 0 0 0 0 0 0 0 0 0 0 0 
2 1 1 0 0 0 0 0 0 0 0 0 0 0 
2 0 1 1 0 1 0 1 0 0 0 1 1 2 
2 0 1 1 0 1 1 1 0 0 0 1 1 2 
0 0 0 0 0 0 0 0 0 0 0 0 0 0 
2 0 1 0 0 0 0 0 0 0 0 0 0 0 
0 0 0 1 1 1 1 1 1 0 0 0 2 0 
0 0 0 0 0 0 0 0 0 0 0 0 0 2 
2 1 1 1 0 1 0 1 0 0 0 1 1 2 
2 0 1 0 0 0 1 0 0 0 0 0 0 0 
2 0 1 0 0 0 0 0 0 0 0 1 0 0 
2 0 1 0 0 0 0 0 0 0 0 0 0 1 
0 0 1 1 0 1 0 1 0 0 0 1 1 2 
MFS
[ - , 0 , 1 , - , - , - , - , - , - , - , - , - , - , - ]
precise
1.0
recall
1.0
F-measure
1.0
accurate
1.0
accurate_oppsite
1.0
testCase Num: 45
0 0 0 1 0 0 0 1 0 0 0 0 2 2 
0 0 1 1 1 1 0 1 0 0 1 1 1 0 
0 0 1 1 1 1 1 1 0 0 1 1 1 1 
0 1 1 1 1 1 1 1 0 0 1 1 1 0 
2 0 0 0 0 0 0 0 0 0 0 0 2 0 
1 1 1 1 1 1 1 1 1 1 1 1 0 1 
2 1 0 1 0 0 1 0 0 1 0 1 1 1 
2 0 0 0 0 0 0 0 0 0 0 0 0 0 
1 0 0 0 0 0 0 0 0 0 1 0 3 2 
2 0 0 0 1 0 1 1 0 1 1 1 2 2 
0 0 1 1 1 1 1 1 0 1 1 1 1 0 
1 0 1 1 0 0 0 1 0 0 0 0 2 2 
0 0 1 1 0 0 0 1 0 0 0 0 2 2 
0 0 1 1 0 0 1 1 0 0 0 0 2 2 
0 0 1 1 0 0 0 1 0 0 0 1 2 2 
1 0 0 1 0 1 1 1 0 0 0 0 3 1 
0 1 1 1 0 0 0 1 0 0 0 0 2 2 
0 0 1 1 1 1 1 1 0 0 1 1 2 0 
0 0 1 1 0 1 0 1 0 0 0 0 2 2 
0 0 1 1 0 1 1 1 0 0 1 1 1 0 
2 1 1 0 0 1 0 0 1 0 1 0 1 2 
0 0 1 0 1 1 1 1 0 0 1 1 1 0 
0 1 1 1 1 0 0 0 1 1 0 1 3 0 
1 1 0 0 0 1 0 0 1 1 0 0 2 1 
0 0 1 1 1 1 1 0 0 0 1 1 1 0 
0 0 1 1 0 0 0 1 0 1 0 0 2 2 
0 0 1 1 1 1 1 1 0 0 0 1 1 0 
0 0 1 1 1 1 1 1 1 0 1 1 1 0 
1 0 0 0 1 0 0 0 1 0 0 0 1 0 
0 0 1 1 0 0 0 1 1 0 0 0 2 2 
0 0 1 1 0 0 0 1 0 0 0 0 2 0 
2 0 0 0 0 0 0 0 0 0 0 0 3 0 
0 0 1 1 0 0 0 0 0 0 0 0 2 2 
0 0 1 0 0 0 0 1 0 0 0 0 2 2 
0 0 0 1 1 1 1 1 0 0 1 1 1 0 
0 0 1 1 0 0 0 1 0 0 1 0 2 2 
0 0 1 1 0 0 0 1 0 0 0 0 3 2 
0 0 0 0 0 0 0 0 0 0 0 0 0 0 
0 0 0 0 0 0 0 0 0 0 0 0 0 1 
0 0 0 0 0 0 0 0 0 0 0 0 0 2 
0 0 1 1 1 1 1 1 0 0 1 0 1 0 
0 0 1 1 1 1 1 1 0 0 1 1 1 0 
1 0 1 1 1 1 1 1 0 0 1 1 1 0 
0 0 1 1 1 0 0 1 0 0 0 0 2 2 
0 0 1 1 1 0 1 1 0 0 1 1 1 0 
MFS
[ - , 0 , 1 , - , - , - , - , - , - , - , - , - , - , - ]
precise
1.0
recall
1.0
F-measure
1.0
accurate
1.0
accurate_oppsite
1.0
testCase Num: 59
2 0 1 1 1 0 1 1 0 0 1 0 3 0 
2 0 1 0 0 1 0 0 1 0 0 1 3 2 
0 0 1 1 1 0 0 0 0 0 0 1 3 0 
2 0 0 0 0 0 0 0 0 0 0 0 0 0 
1 0 0 0 0 1 0 0 1 0 1 0 2 1 
0 0 1 0 1 0 0 0 0 0 0 1 2 0 
0 0 1 1 0 0 0 0 0 0 0 1 2 0 
2 0 1 1 1 0 1 1 0 1 0 0 3 0 
2 0 1 0 1 1 0 0 1 0 0 0 3 2 
2 0 1 1 1 0 1 1 0 1 1 0 0 0 
2 0 1 1 1 0 1 0 0 1 1 0 3 0 
2 0 1 1 0 0 1 1 0 1 1 0 3 0 
2 0 1 0 1 0 1 1 0 1 1 0 3 0 
2 0 1 0 1 0 0 0 1 0 0 1 3 2 
0 0 1 1 1 1 0 0 0 0 0 1 2 0 
0 1 0 0 0 0 0 0 0 0 0 0 3 1 
0 0 1 1 1 0 1 0 0 0 0 1 2 0 
0 0 1 1 1 0 0 0 0 0 0 0 2 0 
1 0 0 0 0 0 0 0 0 0 0 0 3 0 
2 0 1 0 1 1 0 0 0 0 0 1 3 2 
2 0 1 1 1 1 0 0 1 0 0 1 3 2 
0 0 1 1 1 0 1 1 0 1 1 0 3 0 
2 0 1 1 1 0 1 1 0 1 1 0 3 1 
2 0 1 1 1 0 1 1 0 1 1 0 3 0 
2 0 1 0 1 1 0 1 1 0 0 1 3 2 
2 1 1 1 1 0 1 1 0 1 1 0 3 0 
2 0 1 0 1 1 0 0 1 0 0 1 0 2 
1 0 0 0 1 0 0 0 1 1 0 0 0 1 
0 0 1 1 1 0 0 1 0 0 0 1 2 0 
2 0 0 1 1 0 1 1 0 1 1 0 3 0 
0 0 1 1 1 0 0 0 0 0 1 1 2 0 
2 0 0 0 0 0 0 0 0 0 0 0 2 0 
2 0 1 0 1 1 0 0 1 1 0 1 3 2 
1 0 0 0 0 0 1 0 1 0 0 0 1 0 
0 0 1 1 1 0 0 0 1 0 0 1 2 0 
1 1 0 1 0 0 1 1 0 1 0 0 2 2 
2 0 1 0 1 1 1 0 1 0 0 1 3 2 
2 0 1 0 1 1 0 0 1 0 0 1 3 0 
0 0 1 0 1 1 0 0 1 0 0 1 3 2 
2 0 1 0 1 1 0 0 1 0 0 1 3 2 
1 1 1 1 0 1 1 0 0 0 1 1 0 0 
2 1 1 0 1 1 0 0 1 0 0 1 3 2 
0 0 0 0 0 0 0 0 0 0 0 0 1 2 
0 0 1 1 1 0 0 0 0 1 0 1 2 0 
0 1 1 1 1 0 0 0 0 0 0 1 2 0 
0 0 1 1 1 0 0 0 0 0 0 1 2 0 
0 0 1 1 1 0 0 0 0 0 0 1 2 1 
2 0 1 1 1 0 1 1 1 1 1 0 3 0 
0 1 1 1 1 1 1 1 1 1 1 1 1 1 
1 0 1 1 1 0 0 0 0 0 0 1 2 0 
2 0 0 0 1 1 0 0 1 0 0 1 3 2 
2 0 1 1 1 0 1 1 0 1 1 1 3 0 
2 0 1 0 1 1 0 0 1 0 1 1 3 2 
2 0 1 1 1 0 0 1 0 1 1 0 3 0 
2 0 1 1 1 1 1 1 0 1 1 0 3 0 
0 0 0 0 0 0 0 0 0 0 0 0 0 0 
0 0 0 1 1 0 0 0 0 0 0 1 2 0 
2 1 0 0 0 0 0 1 0 0 0 1 1 1 
0 0 0 0 0 0 0 1 0 0 1 0 0 2 
MFS
[ - , 0 , 1 , - , - , - , - , - , - , - , - , - , - , - ]
precise
1.0
recall
1.0
F-measure
1.0
accurate
1.0
accurate_oppsite
1.0
testCase Num: 58
0 0 1 1 1 0 1 0 1 1 1 1 1 0 
1 0 1 0 0 0 0 0 1 0 0 0 1 1 
2 0 1 0 0 1 0 0 1 0 0 0 1 1 
2 0 1 1 1 1 1 0 0 0 0 0 3 2 
2 0 1 0 1 1 1 0 0 0 0 0 2 2 
2 0 0 0 0 0 0 0 0 0 0 0 0 0 
1 0 0 0 0 0 0 0 0 0 0 0 2 0 
2 0 1 1 0 1 1 0 0 0 0 0 2 2 
1 0 0 0 0 1 0 0 1 0 0 0 1 1 
0 1 1 1 1 0 1 0 0 1 1 1 1 0 
0 0 1 1 1 0 1 0 0 1 1 1 1 0 
0 0 1 1 1 0 1 0 0 1 1 1 1 1 
1 0 1 0 1 1 0 0 1 0 0 0 1 1 
1 0 0 0 1 0 0 1 0 0 0 1 3 1 
0 0 1 1 1 0 0 0 0 1 1 1 1 0 
1 0 1 0 0 1 0 1 1 0 0 0 1 1 
1 0 1 1 0 1 0 0 1 0 0 0 1 1 
1 0 1 0 0 1 0 0 1 0 1 0 1 1 
0 0 1 1 1 1 1 0 0 0 0 0 2 2 
2 1 1 1 1 1 1 0 0 0 0 0 2 2 
2 0 1 1 1 1 1 0 0 0 0 0 2 0 
2 0 1 1 1 1 1 0 0 0 0 0 2 2 
2 0 0 0 0 0 0 0 0 0 0 0 3 0 
1 0 1 0 0 1 0 0 1 1 0 0 1 1 
0 0 1 1 1 0 1 1 0 1 1 1 1 0 
1 0 0 0 0 0 0 0 0 0 0 1 0 2 
0 0 1 1 1 0 1 0 0 1 1 1 2 0 
0 0 1 1 1 0 1 0 0 1 0 1 1 0 
2 0 0 1 1 1 1 0 0 0 0 0 2 2 
1 1 1 0 0 1 0 0 1 0 0 0 1 1 
1 0 1 0 0 1 0 0 1 0 0 0 1 2 
1 0 1 0 0 1 0 0 1 0 0 0 1 1 
2 1 0 0 0 0 0 1 1 1 1 0 1 2 
2 0 1 1 1 1 1 1 0 0 0 0 2 2 
0 0 1 1 0 0 1 0 0 1 1 1 1 0 
2 0 1 1 1 1 1 0 0 0 1 0 2 2 
1 1 1 1 1 1 1 1 1 1 1 1 0 1 
0 0 0 1 0 0 0 0 0 1 0 0 3 2 
2 0 1 1 1 1 1 0 1 0 0 0 2 2 
0 0 1 1 1 1 1 0 0 1 1 1 1 0 
1 0 1 0 0 1 0 0 0 0 0 0 1 1 
0 1 1 0 0 1 1 0 1 0 1 1 3 0 
0 0 1 1 1 0 1 0 0 1 1 0 1 0 
1 0 1 1 1 0 1 0 0 1 1 1 1 0 
2 0 1 1 1 1 1 0 0 1 0 0 2 2 
1 0 1 0 0 1 0 0 1 0 0 0 2 1 
2 1 0 0 0 0 1 0 0 0 1 1 2 1 
2 0 1 1 1 1 0 0 0 0 0 0 2 2 
2 0 1 1 1 1 1 0 0 0 0 1 2 2 
0 0 1 1 1 0 1 0 0 0 1 1 1 0 
2 0 1 1 1 0 1 0 0 0 0 0 2 2 
0 0 0 1 1 0 1 0 0 1 1 1 1 0 
0 1 0 1 0 1 0 1 1 1 0 1 2 0 
0 0 0 0 0 0 0 0 0 0 0 0 0 0 
0 0 0 0 0 0 0 0 0 0 0 0 0 1 
0 0 1 0 1 0 1 0 0 1 1 1 1 0 
1 0 1 0 0 1 0 0 1 0 0 1 1 1 
1 0 1 0 0 1 1 0 1 0 0 0 1 1 
MFS
[ - , 0 , 1 , - , - , - , - , - , - , - , - , - , - , - ]
precise
1.0
recall
1.0
F-measure
1.0
accurate
1.0
accurate_oppsite
1.0
testCase Num: 43
2 1 1 0 0 0 1 1 0 1 1 1 3 2 
2 0 1 0 0 0 1 1 0 1 1 1 3 0 
2 1 0 1 1 1 0 0 1 0 1 0 2 2 
0 1 1 1 0 0 0 0 0 1 0 1 2 1 
0 0 1 1 0 1 0 0 0 1 0 1 2 1 
2 0 1 0 0 0 0 1 0 1 1 1 3 2 
2 0 1 0 0 0 1 1 0 1 1 1 3 2 
2 0 1 0 0 0 1 1 0 1 1 0 3 2 
1 1 1 1 1 1 1 1 1 1 0 1 1 1 
0 1 0 1 0 1 1 1 1 1 1 1 0 0 
2 0 1 0 0 0 1 1 0 0 1 1 3 2 
0 0 1 1 0 0 0 0 1 1 0 1 2 1 
2 0 0 0 0 0 1 1 0 1 1 1 3 2 
0 0 1 0 0 0 0 0 0 1 0 1 2 1 
2 0 1 0 1 0 1 1 0 1 1 1 3 2 
0 0 0 0 0 0 0 0 0 0 0 1 1 2 
2 0 1 0 0 0 1 1 0 1 1 1 0 2 
1 0 0 0 1 0 0 0 0 0 1 0 1 1 
0 0 1 1 0 0 0 0 0 1 1 1 2 1 
0 0 1 1 0 0 0 0 0 1 0 1 3 1 
2 0 1 1 0 0 1 1 0 1 1 1 3 2 
0 1 1 0 1 1 1 0 0 0 0 0 3 0 
1 0 0 0 0 0 1 1 0 0 0 0 2 0 
0 0 1 1 0 0 0 1 0 1 0 1 2 1 
2 0 1 0 0 0 1 1 0 1 0 1 3 2 
0 0 0 0 0 0 0 0 0 0 0 0 3 1 
0 0 1 1 1 0 0 0 0 1 0 1 2 1 
2 0 0 0 0 0 0 0 0 0 0 0 1 0 
2 0 1 0 0 0 1 0 0 1 1 1 3 2 
0 0 0 1 0 0 0 0 0 1 0 1 2 1 
2 1 1 0 1 0 0 0 1 1 0 0 0 1 
2 0 1 0 0 0 1 1 1 1 1 1 3 2 
0 0 1 1 0 0 0 0 0 0 0 1 2 1 
1 0 0 0 0 0 0 0 0 0 0 0 0 2 
0 0 0 0 0 0 0 0 0 0 0 0 0 0 
1 0 0 1 0 1 0 1 1 0 0 0 3 2 
1 0 1 1 0 0 0 0 0 1 0 1 2 1 
0 0 1 1 0 0 0 0 0 1 0 1 2 1 
0 0 1 1 0 0 0 0 0 1 0 0 2 1 
2 0 1 0 0 1 1 1 0 1 1 1 3 2 
0 0 1 1 0 0 1 0 0 1 0 1 2 1 
0 0 1 0 0 0 1 1 0 1 1 1 3 2 
0 0 1 1 0 0 0 0 0 1 0 1 2 2 
MFS
[ - , 0 , 1 , - , - , - , - , - , - , - , - , - , - , - ]
precise
1.0
recall
1.0
F-measure
1.0
accurate
1.0
accurate_oppsite
1.0
testCase Num: 46
2 0 0 0 0 0 0 1 1 1 1 1 3 0 
2 0 1 0 0 1 0 0 1 0 0 1 1 1 
2 0 1 0 1 0 0 1 1 1 1 1 3 0 
2 0 1 0 0 0 0 1 0 1 1 1 3 0 
0 0 0 0 0 0 0 0 0 0 0 0 2 1 
2 0 1 1 0 0 0 1 1 1 1 1 3 0 
1 1 1 1 1 1 1 1 1 1 0 1 1 1 
2 0 0 0 0 0 0 0 0 0 0 0 0 0 
0 1 1 1 0 1 0 1 0 1 1 0 0 2 
0 1 1 0 0 0 0 0 1 1 0 0 2 0 
2 0 1 1 0 1 0 0 0 0 0 1 1 1 
2 0 1 0 0 1 0 1 0 0 0 1 1 1 
2 0 1 0 0 0 0 1 1 1 1 1 0 0 
2 0 1 0 0 0 0 0 1 1 1 1 3 0 
2 0 1 0 0 0 0 1 1 1 0 1 3 0 
2 0 1 0 0 1 0 0 0 0 0 0 1 1 
2 1 0 1 1 1 1 0 0 0 1 0 2 2 
2 0 1 0 0 1 0 0 0 0 0 1 1 1 
2 0 1 0 0 1 1 0 0 0 0 1 1 1 
1 0 0 1 1 1 1 0 0 0 0 0 3 0 
2 0 0 0 0 1 0 0 0 0 0 1 1 1 
2 0 1 0 0 0 0 0 0 0 0 1 1 1 
0 0 0 1 1 0 1 0 1 0 0 1 0 1 
1 0 0 0 0 0 1 1 0 0 0 1 2 2 
0 1 0 0 0 0 0 0 0 0 0 0 3 1 
0 0 0 0 0 0 0 0 0 0 0 0 1 0 
0 0 0 0 0 0 0 0 0 0 0 0 3 2 
1 0 0 0 0 0 0 0 0 0 1 0 0 0 
2 0 1 0 0 0 1 1 1 1 1 1 3 0 
2 0 1 0 0 1 0 0 0 0 0 1 1 2 
0 0 0 0 0 0 0 0 1 0 0 0 1 2 
2 1 1 0 0 1 0 0 0 0 0 1 1 1 
2 0 1 0 1 1 0 0 0 0 0 1 1 1 
0 0 1 0 0 0 0 1 1 1 1 1 3 0 
2 1 1 0 0 0 0 1 1 1 1 1 3 0 
2 0 1 0 0 1 0 1 1 1 1 1 3 0 
0 0 1 0 0 1 0 0 0 0 0 1 1 1 
2 0 1 0 0 0 0 1 1 1 1 1 3 1 
2 0 1 0 0 0 0 1 1 1 1 1 3 0 
2 0 1 0 0 1 0 0 0 0 1 1 1 1 
2 0 1 0 0 1 0 0 0 0 0 1 2 1 
2 0 1 0 0 0 0 1 1 1 1 0 3 0 
0 1 0 0 1 0 0 0 1 1 1 0 1 1 
0 0 0 0 0 0 0 0 0 0 0 0 0 0 
2 0 1 0 0 1 0 0 0 1 0 1 1 1 
2 0 1 0 0 0 0 1 1 0 1 1 3 0 
MFS
[ - , 0 , 1 , - , - , - , - , - , - , - , - , - , - , - ]
precise
1.0
recall
1.0
F-measure
1.0
accurate
1.0
accurate_oppsite
1.0
testCase Num: 59
2 0 1 0 0 0 1 1 0 1 1 1 3 2 
0 0 1 0 1 1 1 0 0 0 0 1 0 0 
2 0 0 1 0 0 0 0 0 1 0 0 1 1 
2 0 1 0 1 1 1 0 0 0 0 1 0 0 
2 1 1 0 1 1 1 0 0 0 0 1 0 0 
2 0 1 0 1 1 1 0 0 0 0 1 0 1 
2 0 1 0 1 1 0 0 0 0 0 1 0 0 
1 1 0 1 0 1 0 1 1 1 1 0 0 0 
1 0 1 0 0 1 0 0 0 0 0 0 3 0 
1 0 1 0 0 0 0 0 0 0 0 1 3 0 
1 1 0 0 1 0 1 1 0 0 0 0 1 1 
2 0 0 0 0 0 1 1 0 1 1 0 3 2 
2 0 1 1 0 0 1 1 0 1 1 0 3 2 
2 0 1 0 1 0 1 1 0 1 1 0 3 2 
2 0 1 0 0 0 0 0 0 0 0 0 3 0 
2 0 1 0 0 0 1 1 0 1 1 0 0 2 
2 0 1 0 1 1 1 1 0 0 0 1 0 0 
2 0 1 0 0 0 1 1 0 1 0 0 3 2 
2 0 1 1 1 1 1 0 0 0 0 1 0 0 
2 0 1 0 1 1 1 0 0 0 0 1 1 0 
1 0 0 0 0 0 0 0 0 0 0 0 3 0 
1 0 1 0 1 0 0 0 0 0 0 0 3 0 
2 1 1 0 0 0 1 1 1 1 0 1 2 0 
1 0 1 0 0 0 0 0 0 0 1 0 3 0 
2 0 1 0 0 1 1 0 0 0 0 1 0 0 
2 0 1 0 1 1 1 0 0 1 0 1 0 0 
0 0 1 0 0 0 1 1 0 1 1 0 3 2 
2 0 1 0 0 0 1 1 0 1 1 0 3 0 
2 1 1 0 0 0 1 1 0 1 1 0 3 2 
1 0 1 0 0 0 0 0 1 0 0 0 3 0 
2 0 1 0 0 0 1 1 0 1 1 0 3 2 
2 0 1 0 0 0 0 1 0 1 1 0 3 2 
2 0 1 0 1 1 1 0 0 0 0 0 0 0 
1 0 1 0 0 0 0 0 0 1 0 0 3 0 
2 0 1 0 1 0 1 0 0 0 0 1 0 0 
2 1 1 1 0 1 0 0 0 0 1 1 3 0 
1 0 1 0 0 0 0 0 0 0 0 0 3 0 
1 0 1 0 0 0 1 0 0 0 0 0 3 0 
1 0 1 0 0 0 0 0 0 0 0 0 3 1 
2 0 1 0 0 0 1 1 0 0 1 0 3 2 
1 1 1 0 0 0 0 0 0 0 0 0 3 0 
0 0 0 0 0 0 0 0 0 0 0 0 1 2 
1 0 0 1 1 1 0 0 1 0 0 1 2 2 
2 0 0 0 1 1 1 0 0 0 0 1 0 0 
0 0 0 0 0 0 0 0 0 0 1 0 2 1 
0 0 0 0 0 0 0 0 0 0 0 0 1 0 
2 0 1 0 1 1 1 0 0 0 1 1 0 0 
0 0 0 0 1 0 0 0 1 0 0 0 3 1 
0 1 1 1 1 1 1 1 1 1 1 1 1 1 
2 0 1 0 0 0 1 1 1 1 1 0 3 2 
2 0 1 0 0 0 1 0 0 1 1 0 3 2 
1 0 1 1 0 0 0 0 0 0 0 0 3 0 
1 0 1 0 0 0 0 1 0 0 0 0 3 0 
2 0 1 0 1 1 1 0 1 0 0 1 0 0 
1 0 1 0 0 0 0 0 0 0 0 0 0 0 
0 0 0 0 0 0 0 0 0 0 0 0 0 0 
0 1 0 0 0 0 0 0 0 0 0 0 0 2 
0 0 0 0 0 0 0 0 0 0 0 0 0 1 
2 0 1 0 0 1 1 1 0 1 1 0 3 2 
MFS
[ - , 0 , 1 , - , - , - , - , - , - , - , - , - , - , - ]
precise
1.0
recall
1.0
F-measure
1.0
accurate
1.0
accurate_oppsite
1.0
testCase Num: 57
2 0 1 1 0 0 0 1 0 1 1 0 2 2 
2 0 1 1 0 1 0 1 0 1 1 1 2 2 
0 0 1 1 0 1 1 1 0 0 0 0 3 1 
0 0 1 1 1 1 1 1 1 1 1 1 0 0 
2 1 1 1 0 1 1 1 0 0 0 0 3 1 
2 0 1 1 0 1 1 1 0 0 0 0 3 2 
1 0 0 0 0 0 0 0 0 0 1 1 1 1 
2 0 1 1 0 1 1 1 0 0 0 0 3 1 
2 0 0 0 0 0 0 0 0 0 0 0 0 1 
2 0 1 1 0 1 0 1 0 0 0 0 3 1 
1 1 1 1 1 1 1 1 1 1 1 0 1 1 
0 0 0 1 1 1 1 1 1 1 0 1 0 0 
2 0 1 1 1 0 0 1 0 1 1 1 2 2 
2 0 1 1 0 0 0 1 0 1 0 1 2 2 
2 0 1 1 0 0 0 1 0 1 1 1 3 2 
0 0 1 1 1 0 1 1 1 1 0 1 0 0 
0 0 1 1 1 1 0 1 1 1 0 1 0 0 
2 1 0 0 1 1 1 0 1 0 0 1 3 2 
0 0 1 1 1 1 1 1 1 1 0 0 0 0 
1 0 0 0 0 0 0 0 0 0 0 0 3 0 
2 0 0 1 0 0 0 1 0 1 1 1 2 2 
0 0 0 0 0 1 0 0 1 0 0 0 2 1 
1 1 0 1 1 1 0 0 0 1 1 0 0 2 
2 0 1 1 0 1 1 1 0 1 0 0 3 1 
2 0 1 1 0 0 0 1 0 1 1 1 2 2 
0 0 1 1 1 1 1 0 1 1 0 1 0 0 
0 0 1 1 0 0 0 1 0 1 1 1 2 2 
2 0 1 1 0 0 0 1 0 1 1 1 2 0 
0 0 1 0 1 1 1 1 1 1 0 1 0 0 
2 1 1 1 0 0 0 1 0 1 1 1 2 2 
0 0 1 1 1 1 1 1 1 1 0 1 1 0 
2 0 1 1 0 1 1 1 0 0 0 1 3 1 
0 1 1 0 0 0 0 0 1 1 1 0 3 0 
2 0 1 1 0 0 1 1 0 0 0 0 3 1 
2 0 1 1 0 0 0 1 0 0 1 1 2 2 
0 0 1 1 1 1 1 1 0 1 0 1 0 0 
2 0 1 1 0 1 1 1 0 0 0 0 0 1 
0 0 0 0 0 0 0 0 0 0 0 0 1 2 
0 0 1 1 1 1 1 1 1 0 0 1 0 0 
2 0 0 1 0 1 1 1 0 0 0 0 3 1 
2 0 1 1 1 1 1 1 0 0 0 0 3 1 
1 0 1 1 1 1 1 1 1 1 0 1 0 0 
0 0 1 1 1 1 1 1 1 1 0 1 0 1 
2 0 1 0 0 0 0 1 0 1 1 1 2 2 
0 0 1 1 1 1 1 1 1 1 0 1 0 0 
2 0 1 1 0 0 0 0 0 1 1 1 2 2 
0 1 1 1 1 1 1 1 1 1 0 1 0 0 
2 0 0 0 0 0 0 0 0 0 0 0 1 0 
2 0 1 1 0 1 1 1 0 0 1 0 3 1 
2 0 1 1 0 0 0 1 1 1 1 1 2 2 
2 0 1 1 0 1 1 0 0 0 0 0 3 1 
2 0 1 0 0 1 1 1 0 0 0 0 3 1 
1 1 0 0 1 0 1 1 0 0 0 0 2 0 
2 0 1 1 0 1 1 1 1 0 0 0 3 1 
0 0 0 0 0 0 0 0 0 0 0 0 0 0 
0 0 1 1 0 1 1 1 1 1 0 1 0 0 
2 0 1 1 0 0 1 1 0 1 1 1 2 2 
MFS
[ - , 0 , 1 , - , - , - , - , - , - , - , - , - , - , - ]
precise
1.0
recall
1.0
F-measure
1.0
accurate
1.0
accurate_oppsite
1.0
testCase Num: 45
0 0 1 1 0 1 0 0 0 1 0 0 2 0 
1 0 1 0 0 0 0 0 1 0 0 1 1 1 
0 0 1 0 0 1 0 0 0 1 1 0 2 0 
2 1 1 0 0 0 0 0 0 1 1 0 0 1 
0 0 1 1 0 1 0 1 0 1 1 0 2 0 
0 0 1 1 0 1 0 0 1 1 1 0 2 0 
1 0 1 1 0 0 0 0 0 0 0 1 1 1 
1 0 1 0 0 0 0 1 0 0 0 1 1 1 
2 0 0 1 1 0 1 0 0 1 0 1 3 2 
0 0 0 1 0 1 0 0 0 1 1 0 2 0 
1 0 0 0 0 0 0 0 0 0 0 1 1 1 
1 0 1 0 0 0 0 0 0 0 0 0 1 1 
1 1 1 1 1 1 1 1 1 1 1 0 1 1 
2 1 0 0 0 1 0 1 1 0 1 1 2 2 
1 0 1 0 0 0 0 0 0 0 0 1 1 1 
1 0 1 0 0 0 1 0 0 0 0 1 1 1 
0 0 0 0 0 0 0 0 0 0 0 0 1 1 
0 0 0 0 0 0 0 0 0 0 0 0 1 2 
2 0 1 0 0 0 0 0 0 0 0 1 1 1 
0 1 1 1 1 1 1 1 1 0 0 1 0 0 
0 0 1 1 0 1 1 0 0 1 1 0 2 0 
0 0 1 1 0 1 0 0 0 1 1 0 2 0 
0 0 0 0 1 0 0 0 0 0 0 0 2 0 
1 0 1 1 0 1 0 0 0 1 1 0 2 0 
0 0 1 1 0 1 0 0 0 1 1 0 2 1 
0 0 1 1 0 1 0 0 0 1 1 1 2 0 
1 0 0 0 0 0 1 1 0 0 0 0 2 1 
0 0 1 1 0 0 0 0 0 1 1 0 2 0 
0 1 1 1 0 1 0 0 0 1 1 0 2 0 
0 0 0 0 0 0 0 0 0 0 0 0 3 1 
1 0 0 0 0 1 0 1 1 0 0 0 3 0 
1 0 1 0 0 0 0 0 0 0 0 1 1 2 
2 0 0 0 0 0 0 0 0 0 0 0 1 0 
1 1 1 0 0 0 0 0 0 0 0 1 1 1 
1 0 1 0 0 1 0 0 0 0 0 1 1 1 
0 0 1 1 0 1 0 0 0 0 1 0 2 0 
1 0 1 0 1 0 0 0 0 0 0 1 1 1 
0 1 1 0 1 0 0 0 1 0 1 0 3 2 
0 0 1 1 1 1 0 0 0 1 1 0 2 0 
1 0 1 0 0 0 0 0 0 1 0 1 1 1 
1 0 1 0 0 0 0 0 0 0 1 1 1 1 
1 0 1 0 0 0 0 0 0 0 0 1 2 1 
1 0 0 0 0 0 0 0 0 0 0 0 0 2 
0 0 0 0 0 0 0 0 0 0 0 0 0 0 
0 0 1 1 0 1 0 0 0 1 1 0 3 0 
MFS
[ - , 0 , 1 , - , - , - , - , - , - , - , - , - , - , - ]
precise
1.0
recall
1.0
F-measure
1.0
accurate
1.0
accurate_oppsite
1.0
testCase Num: 42
1 0 1 1 0 0 0 1 0 1 0 0 1 1 
1 0 1 1 0 0 0 0 0 1 1 0 1 1 
1 0 1 1 0 0 0 0 0 1 0 0 2 1 
2 1 1 1 0 1 1 1 0 0 0 0 3 2 
0 1 1 1 1 0 1 1 1 0 1 1 0 0 
2 1 1 0 1 0 0 0 1 1 1 1 2 2 
2 0 1 0 1 0 1 0 1 1 1 1 2 2 
2 0 1 0 1 0 0 0 1 1 1 1 2 0 
1 0 0 1 0 0 0 0 0 1 0 0 1 1 
0 0 1 0 1 0 0 0 1 1 1 1 2 2 
2 0 1 0 1 0 0 0 1 1 1 0 2 2 
1 0 1 0 0 0 0 0 0 1 0 0 1 1 
2 0 1 0 1 1 0 0 1 1 1 1 2 2 
2 0 1 0 1 0 0 0 1 1 1 1 2 2 
1 0 0 0 0 1 0 1 0 1 1 1 3 0 
1 0 1 1 0 0 0 0 1 1 0 0 1 1 
1 1 0 1 1 1 1 1 1 1 1 1 1 1 
0 0 0 0 0 0 1 0 0 0 0 1 1 2 
1 0 1 1 0 0 0 0 0 1 0 0 1 1 
1 0 1 1 0 0 0 0 0 1 0 1 1 1 
1 0 1 1 0 0 0 0 0 1 0 0 1 2 
2 0 0 0 1 0 0 0 1 1 1 1 2 2 
1 1 1 1 0 0 0 0 0 1 0 0 1 1 
1 0 1 1 0 1 0 0 0 1 0 0 1 1 
2 0 1 0 1 0 0 0 1 0 1 1 2 2 
2 0 1 0 1 0 0 0 0 1 1 1 2 2 
1 0 1 1 0 0 1 0 0 1 0 0 1 1 
2 0 1 0 1 0 0 1 1 1 1 1 2 2 
2 0 1 1 0 0 0 0 0 1 0 0 1 1 
0 1 0 0 0 1 1 0 1 0 0 0 2 1 
2 0 0 0 0 0 0 0 0 0 0 0 1 0 
2 0 1 0 1 0 0 0 1 1 1 1 3 2 
2 0 1 1 1 0 0 0 1 1 1 1 2 2 
2 0 1 0 1 0 0 0 1 1 0 1 2 2 
2 1 0 0 1 1 0 0 0 1 0 0 0 1 
1 0 1 1 0 0 0 0 0 0 0 0 1 1 
2 0 1 0 0 0 0 0 1 1 1 1 2 2 
1 0 0 0 0 0 0 0 0 0 0 0 0 2 
0 0 0 0 0 0 0 0 0 0 0 0 0 0 
0 0 0 0 1 0 0 0 1 1 1 0 3 1 
1 0 1 1 1 0 0 0 0 1 0 0 1 1 
1 0 0 1 0 0 0 1 0 0 0 0 2 0 
MFS
[ - , 0 , 1 , - , - , - , - , - , - , - , - , - , - , - ]
precise
1.0
recall
1.0
F-measure
1.0
accurate
1.0
accurate_oppsite
1.0
testCase Num: 29
2 1 0 1 0 1 0 0 0 0 0 0 1 0 
2 1 1 0 0 1 1 1 0 1 0 0 0 1 
2 0 1 0 0 0 1 1 0 1 0 0 0 1 
0 0 1 0 0 1 1 1 0 1 0 0 0 1 
0 0 0 0 0 0 0 0 0 0 0 0 2 1 
2 0 0 1 1 0 1 0 0 1 1 1 2 2 
2 0 1 0 0 1 1 1 0 0 0 0 0 1 
2 0 1 0 1 1 1 1 0 1 0 0 0 1 
1 1 1 1 1 1 1 1 1 1 1 0 1 1 
2 1 1 0 0 1 0 1 1 0 0 1 3 2 
0 0 0 0 0 0 0 0 0 0 0 0 1 2 
1 0 0 0 1 0 0 0 0 0 1 0 3 0 
1 0 0 0 0 0 0 1 0 0 1 1 1 1 
0 0 0 1 0 0 1 0 1 1 0 0 3 1 
2 0 1 0 0 1 1 1 0 1 1 0 0 1 
2 0 1 0 0 1 1 1 0 1 0 0 1 1 
0 1 1 1 1 1 0 0 1 1 1 1 0 0 
2 0 1 1 0 1 1 1 0 1 0 0 0 1 
2 0 1 0 0 1 1 0 0 1 0 0 0 1 
1 1 1 0 1 0 1 1 0 0 0 0 2 0 
2 0 1 0 0 1 1 1 1 1 0 0 0 1 
2 0 0 0 0 1 1 1 0 1 0 0 0 1 
1 0 0 0 0 0 0 0 0 0 0 0 0 2 
0 0 0 0 0 0 0 0 0 0 0 0 0 0 
0 0 0 0 0 1 0 1 1 0 0 0 2 2 
2 0 1 0 0 1 1 1 0 1 0 1 0 1 
2 0 1 0 0 1 1 1 0 1 0 0 0 2 
2 0 1 0 0 1 1 1 0 1 0 0 0 1 
2 0 1 0 0 1 0 1 0 1 0 0 0 1 
MFS
[ - , 0 , 1 , - , - , - , - , - , - , - , - , - , - , - ]
precise
1.0
recall
1.0
F-measure
1.0
accurate
1.0
accurate_oppsite
1.0
testCase Num: 31
1 1 0 1 0 0 0 0 1 1 0 0 2 1 
0 0 1 1 1 1 1 1 1 0 1 1 0 0 
0 0 0 0 0 0 0 0 0 0 1 0 1 0 
0 0 1 1 1 1 1 1 1 1 1 1 0 0 
0 0 1 1 1 1 1 1 1 0 1 0 0 0 
1 0 1 1 1 1 1 1 1 0 1 1 0 0 
1 0 0 0 0 0 0 0 0 0 0 0 2 0 
0 0 1 1 1 0 1 1 1 0 1 1 0 0 
0 0 1 1 0 1 1 1 1 0 1 1 0 0 
1 1 1 1 1 1 1 1 0 1 1 1 1 1 
0 0 0 0 0 0 0 0 0 0 0 0 1 2 
0 0 1 1 1 1 1 1 1 0 0 1 0 0 
2 1 1 0 0 0 0 1 1 0 1 1 2 2 
0 1 1 0 0 1 0 0 0 1 1 0 3 0 
0 0 1 1 1 1 1 1 0 0 1 1 0 0 
0 0 0 0 1 1 1 0 0 0 0 1 2 2 
0 0 0 1 1 1 1 1 1 0 1 1 0 0 
0 0 1 1 1 1 1 1 1 0 1 1 1 0 
2 0 0 0 0 0 0 0 0 0 0 0 1 0 
1 0 0 0 0 0 0 0 0 0 0 0 3 0 
0 0 1 0 1 1 1 1 1 0 1 1 0 0 
1 0 0 0 0 0 1 1 1 0 0 0 1 1 
0 0 1 1 1 1 1 0 1 0 1 1 0 0 
2 0 0 1 1 1 1 0 1 1 0 0 3 2 
1 0 0 0 0 0 0 0 0 0 0 0 0 2 
0 0 0 0 0 0 0 0 0 0 0 0 0 0 
0 0 1 1 1 1 0 1 1 0 1 1 0 0 
0 0 1 1 1 1 1 1 1 0 1 1 0 1 
0 1 1 1 1 1 1 1 1 0 1 1 0 0 
0 0 0 0 0 0 0 1 0 0 0 1 3 1 
2 1 1 0 1 0 0 0 0 1 0 0 0 1 
MFS
[ - , 0 , 1 , - , - , - , - , - , - , - , - , - , - , - ]
precise
1.0
recall
1.0
F-measure
1.0
accurate
1.0
accurate_oppsite
1.0
testCase Num: 57
1 0 1 0 0 0 0 0 1 0 0 0 1 1 
1 1 1 0 0 0 0 0 1 0 0 0 1 1 
1 0 1 0 0 0 1 0 1 0 0 0 1 1 
1 0 1 0 0 0 0 0 1 0 0 0 1 2 
0 0 1 1 1 1 0 1 0 0 0 1 2 0 
0 0 1 1 1 1 0 0 0 0 1 1 2 0 
2 0 0 1 0 0 0 0 0 0 0 0 1 0 
2 0 1 0 1 0 0 1 1 1 0 1 0 1 
2 0 1 1 1 0 0 1 0 1 0 1 0 1 
0 0 0 1 1 1 0 0 0 0 0 1 2 0 
0 1 0 1 0 1 1 1 1 1 1 1 0 0 
0 1 0 0 1 0 0 0 0 1 1 0 3 1 
0 0 1 1 1 1 0 0 1 0 0 1 2 0 
1 1 1 1 1 1 1 1 0 1 1 1 1 1 
2 0 0 0 1 0 0 1 0 1 0 1 0 1 
1 0 1 0 0 0 0 0 0 0 0 0 1 1 
2 0 1 0 1 0 1 1 0 1 0 1 0 1 
2 1 1 1 0 0 1 0 1 0 0 1 3 2 
1 0 1 0 0 0 0 0 1 0 1 0 1 1 
0 0 1 1 1 1 0 0 0 0 0 1 2 0 
1 0 1 1 1 1 0 0 0 0 0 1 2 0 
2 0 1 0 1 1 0 1 0 1 0 1 0 1 
2 0 1 0 1 0 0 1 0 0 0 1 0 1 
2 0 0 0 1 1 0 1 1 1 1 0 2 2 
0 1 0 0 0 0 0 0 0 0 0 0 2 1 
2 0 1 0 1 0 0 1 0 1 1 1 0 1 
1 0 0 0 0 1 0 1 0 0 0 0 3 0 
1 0 1 0 0 1 0 0 1 0 0 0 1 1 
1 0 0 0 0 0 1 1 0 0 1 0 2 2 
1 0 1 0 0 0 0 0 1 0 0 1 1 1 
0 0 1 1 1 1 0 0 0 0 0 1 3 0 
2 0 1 0 1 0 0 0 0 1 0 1 0 1 
2 0 1 0 0 0 0 0 1 0 0 0 1 1 
0 0 1 0 1 1 0 0 0 0 0 1 2 0 
1 0 0 0 0 0 0 0 1 0 0 0 1 1 
0 0 0 0 0 0 0 0 0 0 0 0 1 2 
1 0 1 0 1 0 0 0 1 0 0 0 1 1 
0 0 1 1 1 1 0 0 0 0 0 1 2 1 
2 0 1 0 1 0 0 1 0 1 0 0 0 1 
1 0 1 0 0 0 0 1 1 0 0 0 1 1 
1 0 1 1 0 0 0 0 1 0 0 0 1 1 
0 1 1 1 1 1 0 0 0 0 0 1 2 0 
1 0 1 0 0 0 0 0 1 0 0 0 2 1 
0 0 1 1 1 1 1 0 0 0 0 1 2 0 
0 0 1 1 1 1 0 0 0 0 0 0 2 0 
2 0 1 0 1 0 0 1 0 1 0 1 0 2 
2 0 1 0 1 0 0 1 0 1 0 1 0 1 
0 0 1 1 1 0 0 0 0 0 0 1 2 0 
2 1 1 0 1 0 0 1 0 1 0 1 0 1 
0 0 1 1 1 1 0 0 0 1 0 1 2 0 
0 0 1 0 1 0 0 1 0 1 0 1 0 1 
0 0 1 1 0 1 0 0 0 0 0 1 2 0 
1 0 1 0 0 0 0 0 1 1 0 0 1 1 
1 0 0 0 0 0 0 0 0 0 0 0 0 2 
0 0 0 0 0 0 0 0 0 0 0 0 0 0 
2 0 1 0 0 0 0 1 0 1 0 1 0 1 
2 0 1 0 1 0 0 1 0 1 0 1 1 1 
MFS
[ - , 0 , 1 , - , - , - , - , - , - , - , - , - , - , - ]
precise
1.0
recall
1.0
F-measure
1.0
accurate
1.0
accurate_oppsite
1.0
testCase Num: 59
1 0 1 0 1 0 1 0 0 1 0 1 0 2 
2 0 0 0 1 0 0 1 1 0 0 0 3 1 
1 1 0 0 0 0 1 0 0 0 0 0 2 0 
0 0 0 0 0 0 0 0 0 0 1 0 1 0 
1 0 0 0 0 0 1 0 0 1 0 1 0 2 
2 0 0 1 1 0 0 0 1 0 1 1 2 2 
1 1 0 0 1 0 0 0 0 1 1 1 3 0 
2 0 1 1 1 0 0 1 1 0 1 1 2 2 
2 0 1 0 1 0 0 1 1 0 1 0 3 1 
2 0 1 1 1 0 0 1 1 0 0 0 3 1 
2 0 1 0 0 0 1 0 0 1 0 1 0 2 
1 0 1 0 0 0 1 0 0 1 0 0 0 2 
1 0 1 0 0 1 1 0 0 1 0 1 0 2 
0 0 0 0 0 1 0 0 0 0 0 0 1 2 
2 0 1 1 0 0 0 0 1 0 1 1 2 2 
2 0 1 0 1 0 0 1 1 1 0 0 3 1 
0 0 0 0 0 0 0 0 0 0 0 0 3 0 
2 0 0 0 0 0 0 0 0 0 1 0 0 0 
2 0 1 1 1 0 0 0 1 1 1 1 2 2 
2 0 1 0 1 0 0 1 1 0 0 0 3 1 
2 0 1 0 1 0 0 1 1 0 0 0 3 2 
2 1 1 1 1 0 0 0 1 0 1 1 2 2 
0 0 1 0 1 0 0 1 1 0 0 0 3 1 
0 0 1 1 1 0 0 0 1 0 1 1 2 2 
2 0 1 1 1 0 0 0 1 0 1 1 2 0 
2 1 0 1 0 1 1 1 0 1 0 0 3 2 
2 0 1 1 1 0 0 0 1 0 1 1 2 2 
2 1 1 0 1 0 0 1 1 0 0 0 3 1 
1 0 1 0 0 0 1 0 0 1 0 1 1 2 
1 1 1 0 1 1 1 1 1 1 1 1 1 1 
1 0 1 1 0 0 1 0 0 1 0 1 0 2 
1 0 1 0 0 0 1 1 0 1 0 1 0 2 
0 0 0 0 0 1 0 1 1 1 0 0 2 1 
2 0 1 1 1 0 0 0 0 0 1 1 2 2 
1 0 1 0 0 0 1 0 0 0 0 1 0 2 
2 0 1 0 1 0 0 1 0 0 0 0 3 1 
2 0 1 1 1 0 0 0 1 0 1 1 3 2 
1 0 1 0 0 0 0 0 0 1 0 1 0 2 
2 0 1 1 1 0 0 0 1 0 0 1 2 2 
1 0 1 0 0 0 1 0 0 1 0 1 0 2 
2 0 1 0 1 0 0 1 1 0 0 0 0 1 
1 1 1 0 0 0 1 0 0 1 0 1 0 2 
2 0 1 0 0 0 0 1 1 0 0 0 3 1 
0 1 1 1 1 1 1 1 1 0 0 1 0 0 
2 0 1 0 1 0 0 0 1 0 0 0 3 1 
2 0 1 0 1 0 0 0 1 0 1 1 2 2 
1 0 0 1 0 0 0 0 0 0 1 0 1 1 
1 0 1 0 0 0 1 0 0 1 0 1 0 0 
2 0 0 0 0 0 0 0 0 0 0 0 1 0 
1 0 1 0 0 0 1 0 1 1 0 1 0 2 
2 0 1 1 1 1 0 0 1 0 1 1 2 2 
2 0 1 0 1 0 0 1 1 0 0 1 3 1 
2 0 1 1 1 0 1 0 1 0 1 1 2 2 
2 0 1 0 1 0 1 1 1 0 0 0 3 1 
2 0 1 1 1 0 0 0 1 0 1 0 2 2 
2 0 1 0 1 1 0 1 1 0 0 0 3 1 
1 0 1 0 0 0 1 0 0 1 1 1 0 2 
0 0 0 0 0 0 0 0 0 0 0 0 0 0 
0 0 0 0 0 0 0 0 0 0 0 0 0 1 
MFS
[ - , 0 , 1 , - , - , - , - , - , - , - , - , - , - , - ]
precise
1.0
recall
1.0
F-measure
1.0
accurate
1.0
accurate_oppsite
1.0
testCase Num: 43
2 0 1 1 1 0 0 1 1 1 1 0 0 0 
2 0 1 1 1 0 1 1 1 1 1 0 0 0 
2 0 1 1 1 0 1 1 1 1 1 1 0 0 
2 0 1 1 1 0 1 1 1 1 1 0 0 1 
0 0 0 0 0 0 0 0 0 0 0 0 2 0 
2 0 0 0 0 0 1 1 0 0 0 1 3 1 
0 0 0 0 0 0 0 0 0 0 0 0 2 1 
2 0 1 1 1 0 1 1 1 0 1 0 0 0 
2 0 1 0 1 0 1 1 0 0 0 1 3 1 
2 0 1 1 0 0 1 1 0 0 0 1 3 1 
2 0 0 1 1 0 1 1 1 1 1 0 0 0 
2 0 1 0 0 0 1 1 0 0 0 1 0 1 
2 0 1 1 1 0 1 1 0 1 1 0 0 0 
2 0 1 0 0 0 1 1 0 0 1 1 3 1 
1 0 0 0 1 1 1 1 0 1 0 0 2 2 
0 0 0 0 0 0 0 0 0 0 0 0 1 2 
2 0 1 0 0 0 1 1 1 0 0 1 3 1 
2 1 1 1 0 0 0 0 1 0 1 1 2 2 
2 0 1 0 0 0 1 0 0 0 0 1 3 1 
2 0 0 0 0 1 0 1 0 0 1 0 1 0 
2 0 1 0 1 0 1 1 1 1 1 0 0 0 
2 0 1 1 1 0 1 0 1 1 1 0 0 0 
2 0 1 1 1 0 1 1 1 1 0 0 0 0 
2 0 1 1 1 0 1 1 1 1 1 0 1 0 
2 0 1 0 0 0 1 1 0 1 0 1 3 1 
2 0 1 1 0 0 1 1 1 1 1 0 0 0 
1 1 0 0 1 0 0 0 1 0 0 0 1 1 
0 1 1 1 1 1 1 1 1 1 1 1 1 1 
2 0 1 0 0 1 1 1 0 0 0 1 3 1 
2 1 1 0 0 0 1 1 0 0 0 1 3 1 
0 0 1 0 0 0 1 1 0 0 0 1 3 1 
2 0 1 0 0 0 1 1 0 0 0 1 3 2 
2 0 1 0 0 0 1 1 0 0 0 1 3 1 
2 0 1 0 0 0 0 1 0 0 0 1 3 1 
2 0 1 0 0 0 1 1 0 0 0 0 3 1 
1 1 1 1 0 1 1 0 0 0 0 1 0 1 
0 0 0 0 0 0 0 0 0 0 0 0 0 0 
1 1 0 1 0 1 0 0 1 1 1 1 3 0 
0 0 0 0 0 0 0 0 0 0 0 0 0 2 
0 0 0 0 1 0 0 0 0 0 0 0 3 2 
2 1 1 1 1 0 1 1 1 1 1 0 0 0 
0 0 1 1 1 0 1 1 1 1 1 0 0 0 
2 0 1 1 1 1 1 1 1 1 1 0 0 0 
MFS
[ - , 0 , 1 , - , - , - , - , - , - , - , - , - , - , - ]
precise
1.0
recall
1.0
F-measure
1.0
accurate
1.0
accurate_oppsite
1.0
testCase Num: 44
1 0 0 0 0 0 0 1 1 1 0 0 2 0 
1 0 1 0 0 0 0 0 1 0 0 0 1 2 
0 0 0 0 0 0 0 0 0 0 0 0 2 1 
0 0 0 0 0 0 1 1 1 0 1 0 3 1 
1 0 1 0 1 0 0 0 1 1 0 0 1 2 
1 0 1 0 0 0 0 0 1 1 0 1 1 2 
1 1 1 0 0 0 0 0 1 1 0 0 1 2 
2 0 1 1 0 1 1 0 1 1 1 0 2 2 
1 0 1 0 0 1 0 0 1 1 0 0 1 2 
1 0 1 0 0 0 0 0 1 1 1 0 1 2 
1 0 1 0 0 0 0 0 1 1 0 0 2 2 
2 1 1 1 0 1 1 0 1 0 1 0 2 2 
1 1 0 1 1 1 1 1 1 1 1 1 1 1 
0 0 1 1 0 1 1 0 1 0 1 0 2 2 
2 0 0 1 1 0 1 0 1 1 0 0 0 1 
2 0 1 1 0 1 1 0 1 0 1 1 2 2 
2 0 1 1 0 1 1 0 1 0 1 0 2 2 
2 0 1 1 0 1 0 0 1 0 1 0 2 2 
2 0 1 1 0 0 1 0 1 0 1 0 2 2 
0 0 0 0 0 1 0 0 0 0 0 0 3 2 
1 0 0 0 0 0 0 1 0 0 0 0 0 2 
2 0 1 1 0 1 1 0 1 0 1 0 2 0 
1 1 0 1 0 0 0 0 0 0 1 0 3 0 
0 1 1 1 1 1 1 1 0 0 1 1 0 0 
0 0 0 0 0 0 0 0 0 0 0 0 1 0 
2 0 0 0 0 0 0 0 0 0 0 1 1 0 
2 0 1 1 0 1 1 0 0 0 1 0 2 2 
2 0 0 1 0 1 1 0 1 0 1 0 2 2 
1 0 1 1 0 0 0 0 1 1 0 0 1 2 
1 0 1 0 0 0 0 1 1 1 0 0 1 2 
1 0 1 0 0 0 1 0 1 1 0 0 1 2 
1 0 1 0 0 0 0 0 1 1 0 0 1 2 
0 1 0 0 1 1 0 0 0 1 0 1 2 2 
2 0 1 1 1 1 1 0 1 0 1 0 2 2 
2 0 1 0 0 0 0 0 1 1 0 0 1 2 
1 0 1 0 0 0 0 0 0 1 0 0 1 2 
1 0 1 0 0 0 0 0 1 1 0 0 1 0 
2 0 1 1 0 1 1 1 1 0 1 0 2 2 
0 0 0 0 0 0 0 0 0 0 0 0 0 0 
2 1 1 0 1 0 0 1 0 1 0 1 3 1 
2 0 1 1 0 1 1 0 1 0 0 0 2 2 
1 0 0 0 0 0 0 0 1 1 0 0 1 2 
2 0 1 0 0 1 1 0 1 0 1 0 2 2 
2 0 1 1 0 1 1 0 1 0 1 0 3 2 
MFS
[ - , 0 , 1 , - , - , - , - , - , - , - , - , - , - , - ]
precise
1.0
recall
1.0
F-measure
1.0
accurate
1.0
accurate_oppsite
1.0
testCase Num: 45
2 0 1 1 0 0 0 1 0 1 1 0 2 2 
2 1 1 0 0 0 1 0 1 0 0 1 3 2 
1 0 1 0 1 0 0 0 0 1 0 0 2 1 
2 0 1 1 0 1 0 1 0 1 1 1 2 2 
2 0 1 1 0 1 0 1 0 1 1 0 2 2 
0 1 0 0 0 0 1 0 0 0 0 0 2 1 
0 0 0 1 0 0 0 0 0 0 0 0 3 0 
1 0 0 0 0 1 0 1 1 1 0 0 0 0 
2 1 1 1 0 1 0 1 0 1 1 0 2 2 
1 0 1 0 0 0 0 0 0 1 0 0 1 1 
1 0 1 0 1 0 0 0 1 1 0 0 1 1 
0 0 1 1 0 1 0 1 0 1 1 0 2 2 
2 0 1 1 0 1 0 1 0 0 1 0 2 2 
2 0 0 0 0 0 0 0 0 0 0 0 0 1 
1 0 0 0 0 0 0 0 0 0 0 0 2 0 
2 0 1 1 1 1 0 1 0 1 1 0 2 2 
1 1 0 1 1 1 1 1 1 1 1 1 1 1 
1 0 1 0 1 1 0 0 0 1 0 0 1 1 
2 0 1 1 0 1 0 1 0 1 1 0 3 2 
1 1 1 0 1 0 0 0 0 1 0 0 1 1 
1 0 1 0 1 0 1 0 0 1 0 0 1 1 
1 1 0 0 0 0 0 1 0 0 1 0 3 1 
2 0 1 0 1 0 0 0 0 1 0 0 1 1 
1 0 1 0 1 0 0 0 0 1 0 1 1 1 
1 0 1 0 1 0 0 0 0 1 0 0 1 2 
2 0 1 0 0 1 0 1 0 1 1 0 2 2 
1 0 1 0 1 0 0 0 0 1 0 0 1 1 
2 0 1 1 0 1 0 0 0 1 1 0 2 2 
2 0 1 1 0 1 0 1 0 1 0 0 2 2 
0 1 1 1 1 1 1 1 0 0 1 1 0 0 
0 0 0 0 0 0 0 0 0 0 0 0 1 0 
2 0 1 1 0 1 0 1 1 1 1 0 2 2 
2 0 0 1 1 0 0 0 1 0 0 1 2 0 
2 0 0 0 0 0 0 0 0 0 0 0 1 2 
1 0 1 0 1 0 0 0 0 0 0 0 1 1 
1 0 0 0 1 0 0 0 0 1 0 0 1 1 
2 0 0 1 0 1 0 1 0 1 1 0 2 2 
0 0 0 0 1 1 1 0 1 1 1 0 3 2 
1 0 0 0 0 0 0 0 0 0 0 0 0 2 
0 0 0 0 0 0 0 0 0 0 0 0 0 0 
1 0 1 0 1 0 0 1 0 1 0 0 1 1 
1 0 1 1 1 0 0 0 0 1 0 0 1 1 
2 0 1 1 0 1 1 1 0 1 1 0 2 2 
1 0 1 0 1 0 0 0 0 1 1 0 1 1 
2 0 1 1 0 1 0 1 0 1 1 0 2 0 
MFS
[ - , 0 , 1 , - , - , - , - , - , - , - , - , - , - , - ]
precise
1.0
recall
1.0
F-measure
1.0
accurate
1.0
accurate_oppsite
1.0
testCase Num: 43
2 0 1 1 1 0 1 1 1 1 0 0 3 2 
2 0 0 1 0 0 1 0 0 0 1 0 2 1 
2 0 1 1 0 0 1 1 1 1 1 0 3 2 
2 0 0 0 0 0 0 0 0 0 0 0 0 1 
1 0 0 0 0 0 0 0 0 0 0 0 2 0 
2 0 1 0 0 0 1 1 1 1 0 0 3 2 
2 0 1 1 0 0 1 1 0 0 1 0 2 1 
0 1 1 1 0 1 1 1 0 1 1 1 0 0 
1 1 1 0 1 0 0 0 0 0 1 0 3 0 
2 0 1 1 1 0 1 0 0 0 1 0 2 1 
2 0 1 1 0 0 1 0 1 1 0 0 3 2 
2 0 1 1 0 0 1 0 0 0 1 0 3 1 
2 0 1 1 0 0 1 0 0 0 0 0 2 1 
0 0 0 0 0 0 0 0 0 0 0 0 1 2 
2 1 0 0 0 0 0 0 0 1 0 0 1 0 
2 0 1 1 0 0 1 0 1 0 1 0 2 1 
1 0 0 1 1 1 0 0 1 0 0 0 0 2 
0 0 0 0 0 1 0 0 0 0 0 1 3 1 
2 0 1 0 0 0 1 0 0 0 1 0 2 1 
0 0 1 1 0 0 1 1 1 1 0 0 3 2 
2 0 1 1 0 0 1 0 0 1 1 0 2 1 
2 0 1 1 0 1 1 1 1 1 0 0 3 2 
2 0 1 1 0 0 1 1 1 1 0 0 3 2 
2 1 1 1 0 0 1 1 1 1 0 0 3 2 
2 0 1 1 0 0 1 1 1 1 0 1 3 2 
2 1 0 0 1 1 0 1 0 0 1 1 2 2 
2 0 1 1 0 1 1 0 0 0 1 0 2 1 
2 0 1 1 0 0 0 1 1 1 0 0 3 2 
0 0 1 1 0 0 1 0 0 0 1 0 2 1 
1 0 0 0 0 0 0 1 1 0 0 0 1 1 
2 0 1 1 0 0 1 1 1 1 0 0 3 0 
2 0 1 1 0 0 1 0 0 0 1 1 2 1 
2 0 1 1 0 0 1 0 0 0 1 0 2 2 
2 1 1 1 0 0 1 0 0 0 1 0 2 1 
2 0 1 1 0 0 1 1 1 1 0 0 0 2 
2 0 1 1 0 0 1 0 0 0 1 0 2 1 
2 0 1 1 0 0 0 0 0 0 1 0 2 1 
0 0 0 0 0 0 0 0 0 0 0 0 0 0 
2 0 1 1 0 0 1 1 1 0 0 0 3 2 
0 0 0 0 1 0 1 0 1 1 0 1 2 0 
1 1 1 1 1 1 1 0 1 1 1 1 1 1 
2 0 0 1 0 0 1 1 1 1 0 0 3 2 
2 0 1 1 0 0 1 1 0 1 0 0 3 2 
MFS
[ - , 0 , 1 , - , - , - , - , - , - , - , - , - , - , - ]
precise
1.0
recall
1.0
F-measure
1.0
accurate
1.0
accurate_oppsite
1.0
testCase Num: 45
2 1 0 0 0 1 0 1 0 0 0 0 1 1 
0 0 1 0 1 1 1 0 1 1 1 1 0 0 
0 0 1 0 1 1 1 1 1 1 0 1 0 0 
0 0 0 0 0 0 0 0 0 0 1 0 1 0 
0 0 0 0 0 0 0 0 0 1 0 1 2 1 
0 0 1 0 0 0 0 0 0 1 1 1 2 1 
0 0 1 0 0 0 0 0 0 1 0 1 3 1 
0 0 1 1 1 1 1 1 1 1 1 1 0 0 
1 0 0 1 0 1 0 0 1 0 1 0 3 0 
1 0 0 0 0 0 0 0 0 0 0 0 0 0 
1 0 0 0 0 0 0 0 0 0 0 0 2 0 
0 0 1 0 1 1 1 1 0 1 1 1 0 0 
0 0 0 0 1 1 1 1 1 1 1 1 0 0 
2 0 0 1 1 0 0 1 1 1 1 0 2 2 
0 0 1 0 0 0 0 0 1 1 0 1 2 1 
0 0 1 0 0 0 0 0 0 1 0 1 2 1 
0 0 1 0 0 0 0 0 0 1 0 1 2 2 
0 1 1 0 0 0 0 0 0 1 0 1 2 1 
0 0 1 0 1 1 1 1 1 1 1 0 0 0 
0 0 1 0 1 1 1 1 1 1 1 1 0 0 
0 0 1 0 0 1 0 0 0 1 0 1 2 1 
1 0 1 0 1 1 1 1 1 1 1 1 0 0 
0 0 0 0 0 1 0 0 0 0 0 0 1 2 
2 1 1 1 1 1 1 0 0 0 0 0 2 0 
0 0 1 0 1 0 1 1 1 1 1 1 0 0 
0 0 1 0 1 1 0 1 1 1 1 1 0 0 
0 0 1 0 1 1 1 1 1 1 1 1 0 1 
0 0 1 0 0 0 1 0 0 1 0 1 2 1 
0 1 1 0 1 1 1 1 1 1 1 1 0 0 
0 0 1 0 0 0 0 0 0 1 0 0 2 1 
1 0 1 0 0 0 0 0 0 1 0 1 2 1 
0 0 1 0 1 1 1 1 1 0 1 1 0 0 
1 1 1 0 0 0 1 1 0 0 0 1 3 2 
0 0 0 0 1 0 0 0 0 1 0 0 3 1 
2 0 0 0 0 0 0 0 0 0 0 0 3 0 
2 0 0 0 0 0 0 0 0 0 0 1 0 1 
0 1 0 1 0 0 1 0 1 0 0 1 0 2 
0 0 1 0 0 0 0 0 0 0 0 1 2 1 
0 0 0 0 0 0 0 0 0 0 0 0 0 0 
0 0 1 0 0 1 1 1 1 1 1 1 0 0 
0 0 1 1 0 0 0 0 0 1 0 1 2 1 
0 0 1 0 1 1 1 1 1 1 1 1 1 0 
1 1 1 1 1 1 1 0 1 1 1 1 1 1 
0 0 1 0 1 0 0 0 0 1 0 1 2 1 
0 0 1 0 0 0 0 1 0 1 0 1 2 1 
MFS
[ - , 0 , 1 , - , - , - , - , - , - , - , - , - , - , - ]
precise
1.0
recall
1.0
F-measure
1.0
accurate
1.0
accurate_oppsite
1.0
testCase Num: 58
1 0 1 0 0 1 0 1 0 1 0 1 2 0 
0 0 1 0 0 1 0 1 0 1 0 0 2 0 
2 0 1 1 1 0 1 0 0 0 0 1 3 2 
2 0 1 0 1 0 1 1 0 0 0 1 3 2 
1 0 0 0 0 0 0 0 0 0 0 0 2 0 
2 0 1 1 0 0 1 1 0 0 0 1 3 2 
0 1 0 0 0 1 0 0 0 1 1 0 3 2 
1 0 1 0 0 1 1 0 0 0 0 1 1 1 
1 0 1 0 0 0 1 0 0 0 0 0 1 1 
2 0 0 0 0 0 0 0 1 0 0 0 1 0 
2 0 1 0 0 1 1 0 0 0 0 0 1 1 
0 0 1 0 0 1 0 0 0 1 0 1 2 0 
2 0 1 1 1 1 1 1 0 0 0 1 3 2 
0 0 1 0 0 1 0 1 0 1 0 1 3 0 
2 0 1 1 1 0 0 1 0 0 0 1 3 2 
0 0 0 0 0 0 0 0 0 0 0 0 3 0 
0 0 1 1 0 1 0 1 0 1 0 1 2 0 
1 1 1 1 1 1 0 1 1 1 1 1 1 1 
2 0 1 1 1 0 1 1 0 0 0 0 3 2 
1 0 0 1 0 0 0 1 1 0 1 0 3 1 
1 0 1 0 0 1 1 1 0 0 0 0 1 1 
1 0 1 1 0 1 1 0 0 0 0 0 1 1 
1 0 1 0 0 1 1 0 0 0 0 0 2 1 
0 0 0 1 1 0 0 0 0 0 0 0 2 1 
2 0 1 1 1 0 1 1 0 0 0 1 0 2 
0 0 1 0 0 0 0 1 0 1 0 1 2 0 
0 0 1 0 0 1 0 1 0 1 0 1 2 1 
0 0 1 0 0 1 0 1 0 1 0 1 2 0 
0 1 1 0 0 1 0 1 0 1 0 1 2 0 
0 0 1 0 0 1 1 1 0 1 0 1 2 0 
1 0 1 0 0 1 1 0 0 1 0 0 1 1 
2 0 1 1 1 0 1 1 0 0 1 1 3 2 
2 0 1 1 1 0 1 1 1 0 0 1 3 2 
0 1 0 1 1 0 1 0 1 1 1 1 0 0 
1 1 1 0 0 1 1 0 0 0 0 0 1 1 
1 0 1 0 0 1 1 0 0 0 0 0 1 2 
1 0 1 0 0 1 1 0 0 0 0 0 1 1 
1 0 1 0 0 1 0 0 0 0 0 0 1 1 
0 0 1 0 0 1 0 1 1 1 0 1 2 0 
2 0 1 1 1 0 1 1 0 1 0 1 3 2 
0 0 0 0 0 0 0 0 0 0 0 0 1 2 
2 1 1 0 1 1 0 1 0 0 0 0 0 1 
0 0 1 1 1 0 1 1 0 0 0 1 3 2 
2 1 1 1 1 0 1 1 0 0 0 1 3 2 
2 0 1 1 1 0 1 1 0 0 0 1 3 0 
0 0 1 0 0 1 0 1 0 1 1 1 2 0 
1 0 0 0 0 1 1 0 0 0 0 0 1 1 
2 0 1 1 1 0 1 1 0 0 0 1 3 2 
1 0 1 0 1 1 1 0 0 0 0 0 1 1 
0 0 1 0 1 1 0 1 0 1 0 1 2 0 
0 0 0 0 0 1 0 1 0 1 0 1 2 0 
1 0 1 0 0 1 1 0 0 0 1 0 1 1 
0 0 1 0 0 1 0 1 0 0 0 1 2 0 
1 0 0 0 0 0 0 0 0 0 0 0 0 2 
2 0 0 1 1 0 1 1 0 0 0 1 3 2 
0 0 0 0 0 0 0 0 0 0 0 0 0 0 
2 1 0 0 0 1 1 0 1 1 1 0 2 2 
1 0 1 0 0 1 1 0 1 0 0 0 1 1 
MFS
[ - , 0 , 1 , - , - , - , - , - , - , - , - , - , - , - ]
precise
1.0
recall
1.0
F-measure
1.0
accurate
1.0
accurate_oppsite
1.0
testCase Num: 59
0 0 1 0 0 0 0 0 1 0 0 0 3 0 
1 0 0 0 0 1 1 1 1 1 0 0 2 2 
2 0 0 0 0 0 0 1 0 0 0 0 1 1 
0 0 1 0 0 0 0 0 0 1 0 0 3 0 
1 0 1 0 1 1 1 0 1 1 1 1 0 0 
2 0 1 0 1 0 0 1 0 0 0 0 1 1 
2 0 1 1 0 0 0 1 0 0 0 0 1 1 
1 0 1 0 1 1 1 0 1 0 1 1 0 0 
0 1 1 0 0 0 0 0 0 0 0 0 3 0 
0 0 1 0 0 0 1 0 0 0 0 0 3 0 
1 0 1 0 1 1 1 0 1 0 1 1 0 1 
2 0 1 0 0 0 0 1 0 0 1 0 1 1 
1 1 1 0 1 1 1 0 1 0 1 1 0 0 
0 0 1 0 0 0 0 0 0 0 0 0 3 0 
1 0 1 0 1 1 0 0 1 0 1 1 0 0 
0 0 1 0 0 0 0 0 0 0 0 0 3 1 
2 1 0 0 0 1 0 1 1 1 0 1 3 0 
0 0 0 0 0 0 0 1 0 0 0 0 0 1 
2 0 1 0 0 0 0 1 1 0 0 0 1 1 
2 0 1 0 0 0 0 1 0 1 0 0 1 1 
0 0 0 0 0 0 0 0 0 0 0 0 3 0 
1 0 0 0 1 1 1 0 1 0 1 1 0 0 
0 0 1 0 1 0 0 0 0 0 0 0 3 0 
2 1 1 0 0 0 0 1 0 0 0 0 1 1 
0 0 1 0 0 0 0 0 0 0 1 0 3 0 
2 0 1 0 0 0 0 1 0 0 0 0 1 1 
2 0 1 0 0 0 0 1 0 0 0 0 1 2 
2 1 0 1 0 0 1 0 0 1 1 0 0 0 
0 0 0 0 0 0 0 0 0 0 0 0 2 0 
0 0 0 0 0 0 0 0 0 0 0 0 2 1 
2 1 1 1 1 0 0 0 0 0 1 1 2 2 
0 0 1 0 0 0 0 1 0 0 0 0 1 1 
2 0 1 0 1 1 1 0 1 0 1 1 0 0 
2 0 1 0 0 0 0 1 0 0 0 0 2 1 
0 0 0 0 0 0 0 0 1 0 0 0 3 2 
1 0 1 0 1 0 1 0 1 0 1 1 0 0 
1 0 1 0 0 0 0 0 0 0 0 0 3 0 
0 0 1 0 0 1 0 0 0 0 0 0 3 0 
1 0 1 0 1 1 1 0 1 0 1 0 0 0 
0 0 1 0 0 0 0 0 0 0 0 1 3 0 
2 0 1 0 0 0 0 0 0 0 0 0 1 1 
0 0 0 0 0 0 0 0 0 0 0 0 1 2 
1 0 1 0 1 1 1 0 0 0 1 1 0 0 
0 1 1 1 1 1 1 1 1 1 1 1 1 1 
1 1 0 1 1 1 0 0 0 0 0 0 1 0 
1 0 1 1 1 1 1 0 1 0 1 1 0 0 
0 0 1 0 0 0 0 1 0 0 0 0 3 0 
1 0 1 0 1 1 1 1 1 0 1 1 0 0 
2 0 1 0 0 1 0 1 0 0 0 0 1 1 
2 0 1 0 0 0 1 1 0 0 0 0 1 1 
1 0 1 0 1 1 1 0 1 0 0 1 0 0 
0 0 1 1 0 0 0 0 0 0 0 0 3 0 
2 0 1 0 0 0 0 1 0 0 0 1 1 1 
0 0 1 0 0 0 0 0 0 0 0 0 0 0 
1 0 1 0 1 1 1 0 1 0 1 1 1 0 
0 0 0 0 0 0 0 0 0 0 0 0 0 0 
0 0 0 0 0 0 0 0 0 0 0 0 0 2 
1 0 0 1 1 0 1 0 0 0 1 0 3 1 
1 0 1 0 0 1 1 0 1 0 1 1 0 0 
MFS
[ - , 0 , 1 , - , - , - , - , - , - , - , - , - , - , - ]
precise
1.0
recall
1.0
F-measure
1.0
accurate
1.0
accurate_oppsite
1.0
testCase Num: 44
1 0 1 0 0 0 0 0 1 0 0 0 1 1 
2 0 1 1 0 0 0 0 1 0 1 1 3 0 
0 0 0 0 0 0 0 0 0 0 0 0 2 0 
1 0 0 0 0 0 0 0 1 1 0 0 1 1 
1 0 1 0 1 0 0 0 1 1 0 0 1 1 
1 0 1 0 0 0 0 0 0 1 0 0 1 1 
2 0 0 0 0 0 0 0 0 0 0 0 0 1 
0 0 0 0 0 1 0 0 1 0 1 0 2 1 
1 0 0 1 0 0 1 0 1 0 0 1 2 2 
1 0 1 0 0 0 0 1 1 1 0 0 1 1 
2 0 0 1 0 1 0 0 1 0 1 1 3 0 
1 0 1 1 0 0 0 0 1 1 0 0 1 1 
2 0 1 1 0 1 0 0 0 0 1 1 3 0 
1 0 1 0 0 0 0 0 1 1 1 0 1 1 
1 0 1 0 0 0 0 0 1 1 0 0 2 1 
2 0 1 1 0 1 0 1 1 0 1 1 3 0 
1 1 0 1 1 1 1 1 1 1 1 1 1 1 
2 0 1 1 1 1 0 0 1 0 1 1 3 0 
0 0 0 0 0 0 0 0 0 0 0 1 1 0 
2 1 1 0 1 0 1 1 0 1 0 0 2 2 
2 0 1 1 0 1 0 0 1 0 1 1 0 0 
2 0 1 1 0 1 0 0 1 0 0 1 3 0 
2 1 0 0 0 0 0 1 0 0 1 0 3 1 
0 1 1 1 1 1 0 1 0 0 1 1 0 2 
2 0 1 0 0 1 0 0 1 0 1 1 3 0 
0 1 0 0 1 1 1 0 0 1 0 0 3 0 
1 0 0 0 0 0 0 0 0 0 0 0 3 2 
2 0 0 0 0 0 0 0 0 0 0 0 1 2 
2 0 1 1 0 1 0 0 1 1 1 1 3 0 
1 0 1 0 0 1 0 0 1 1 0 0 1 1 
1 0 0 1 1 0 1 1 1 1 0 0 0 0 
1 1 1 0 0 0 0 0 1 1 0 0 1 1 
1 0 1 0 0 0 1 0 1 1 0 0 1 1 
1 0 1 0 0 0 0 0 1 1 0 1 1 1 
1 0 1 0 0 0 0 0 1 1 0 0 1 2 
1 0 1 0 0 0 0 0 1 1 0 0 1 1 
2 0 1 0 0 0 0 0 1 1 0 0 1 1 
0 0 1 1 0 1 0 0 1 0 1 1 3 0 
0 0 0 0 0 0 0 0 0 0 0 0 0 0 
2 0 1 1 0 1 0 0 1 0 1 1 3 1 
2 1 1 1 0 1 0 0 1 0 1 1 3 0 
2 0 1 1 0 1 0 0 1 0 1 0 3 0 
2 0 1 1 0 1 0 0 1 0 1 1 3 0 
2 0 1 1 0 1 1 0 1 0 1 1 3 0 
MFS
[ - , 0 , 1 , - , - , - , - , - , - , - , - , - , - , - ]
precise
1.0
recall
1.0
F-measure
1.0
accurate
1.0
accurate_oppsite
1.0
testCase Num: 30
1 0 1 0 0 0 1 0 1 0 1 0 0 2 
1 0 1 0 0 0 1 0 1 0 0 0 1 2 
0 1 1 1 1 0 0 0 0 0 0 0 3 0 
1 0 0 0 0 0 0 0 0 0 0 0 2 0 
0 0 0 0 1 0 1 0 0 1 0 1 2 0 
1 0 1 0 0 0 1 0 1 1 0 0 0 2 
2 0 0 1 1 1 0 0 1 1 1 1 3 2 
2 1 1 1 0 1 1 1 0 0 0 0 2 2 
2 0 0 1 0 0 0 0 0 0 0 1 0 1 
0 0 0 0 0 0 0 0 0 0 0 0 1 2 
1 1 1 1 1 0 1 1 1 1 1 1 1 1 
1 0 0 0 0 1 0 0 0 0 0 1 1 1 
2 0 0 0 0 0 0 0 0 1 0 0 1 0 
1 0 1 0 0 1 1 0 1 0 0 0 0 2 
1 1 1 0 0 0 1 0 1 0 0 0 0 2 
1 0 1 0 0 0 1 0 1 0 0 0 0 2 
1 0 1 0 0 0 1 0 1 0 0 1 0 2 
1 0 1 0 0 0 1 0 1 0 0 0 0 0 
2 1 0 0 0 0 1 1 0 0 1 0 3 1 
1 0 1 0 0 0 0 0 1 0 0 0 0 2 
0 1 1 0 1 1 0 1 1 1 1 0 0 0 
2 0 1 0 0 0 1 0 1 0 0 0 0 2 
0 0 0 0 0 0 0 1 1 0 1 0 2 1 
1 0 0 0 0 0 0 0 0 0 0 0 3 0 
1 0 0 0 0 0 1 0 1 0 0 0 0 2 
1 0 1 0 0 0 1 0 0 0 0 0 0 2 
0 0 0 0 0 0 0 0 0 0 0 0 0 0 
1 0 1 0 1 0 1 0 1 0 0 0 0 2 
1 0 1 0 0 0 1 1 1 0 0 0 0 2 
1 0 1 1 0 0 1 0 1 0 0 0 0 2 
MFS
[ - , 0 , 1 , - , - , - , - , - , - , - , - , - , - , - ]
precise
1.0
recall
1.0
F-measure
1.0
accurate
1.0
accurate_oppsite
1.0
testCase Num: 57
0 0 1 1 0 0 0 1 0 1 1 1 0 0 
1 0 1 1 0 1 0 1 0 1 1 1 0 0 
2 0 1 0 0 1 0 0 0 1 1 0 2 1 
1 0 0 0 1 0 1 1 0 0 0 0 0 2 
2 0 1 0 0 0 0 0 0 1 1 1 2 1 
0 0 1 1 0 1 0 1 0 1 1 0 0 0 
1 0 0 0 0 0 0 0 0 0 0 0 2 0 
2 0 0 0 0 1 1 1 1 0 0 1 2 2 
2 0 1 0 1 1 1 1 1 0 0 1 2 2 
2 0 1 1 0 1 1 1 1 0 0 1 2 2 
1 1 1 1 1 1 1 1 1 1 1 0 1 1 
2 0 1 0 0 1 1 1 1 0 1 1 2 2 
2 0 0 0 0 0 0 0 0 1 1 0 2 1 
0 0 1 1 0 1 0 0 0 1 1 1 0 0 
0 0 1 0 0 1 0 1 0 1 1 1 0 0 
2 0 1 1 0 0 0 0 0 1 1 0 2 1 
2 0 1 0 0 0 0 1 0 1 1 0 2 1 
2 0 1 0 0 0 0 0 0 1 0 0 2 1 
2 0 1 0 0 0 0 0 0 1 1 0 3 1 
0 0 0 1 0 1 0 1 0 1 1 1 0 0 
2 1 0 0 0 0 0 0 1 0 0 0 0 1 
0 0 1 1 1 1 0 1 0 1 1 1 0 0 
0 0 1 1 0 1 0 1 0 0 1 1 0 0 
0 1 0 1 1 1 1 0 1 0 1 1 2 0 
2 0 1 0 0 1 0 1 1 0 0 1 2 2 
2 0 1 0 0 1 1 1 1 0 0 0 2 2 
2 0 1 0 0 0 1 1 1 0 0 1 2 2 
0 0 1 0 0 0 0 0 0 1 1 0 2 1 
2 0 1 0 0 0 0 0 0 1 1 0 2 1 
2 0 1 0 0 0 0 0 0 1 1 0 2 2 
2 1 1 0 0 0 0 0 0 1 1 0 2 1 
0 0 1 1 0 1 0 1 0 1 1 1 0 0 
0 0 1 1 0 1 1 1 0 1 1 1 0 0 
0 0 1 0 0 1 1 1 1 0 0 1 2 2 
0 0 1 1 0 1 0 1 0 1 1 1 0 1 
2 0 1 0 0 0 1 0 0 1 1 0 2 1 
2 0 1 0 0 1 1 1 0 0 0 1 2 2 
0 1 1 1 0 1 0 1 0 1 1 1 0 0 
0 1 1 0 0 0 1 1 1 0 0 0 3 1 
0 0 0 0 0 0 0 0 0 0 0 0 1 2 
2 0 1 0 0 1 1 1 1 0 0 1 3 2 
2 0 1 0 0 0 0 0 0 0 1 0 2 1 
2 0 1 0 0 1 1 0 1 0 0 1 2 2 
0 0 1 1 0 1 0 1 1 1 1 1 0 0 
0 0 1 1 0 1 0 1 0 1 0 1 0 0 
1 0 0 0 0 0 0 0 0 1 0 1 1 1 
2 0 1 0 1 0 0 0 0 1 1 0 2 1 
1 0 0 0 0 1 0 0 0 0 0 0 3 0 
0 0 1 1 0 1 0 1 0 1 1 1 1 0 
2 0 1 0 0 1 1 1 1 1 0 1 2 2 
2 1 0 1 1 0 0 0 0 1 1 1 3 2 
2 0 0 1 0 0 0 0 1 0 0 0 1 0 
2 0 1 0 0 0 0 0 1 1 1 0 2 1 
2 1 1 0 0 1 1 1 1 0 0 1 2 2 
0 0 0 0 0 0 0 0 0 0 0 0 0 0 
2 0 1 0 0 1 1 1 1 0 0 1 2 2 
2 0 1 0 0 1 1 1 1 0 0 1 2 0 
MFS
[ - , 0 , 1 , - , - , - , - , - , - , - , - , - , - , - ]
precise
1.0
recall
1.0
F-measure
1.0
accurate
1.0
accurate_oppsite
1.0
testCase Num: 46
1 0 1 1 1 1 0 0 1 1 1 0 3 2 
1 0 1 0 0 1 1 0 0 1 0 0 1 1 
0 0 0 0 0 0 0 0 0 0 0 0 2 0 
2 0 0 1 0 0 0 1 1 0 1 0 2 1 
1 0 1 1 1 1 1 0 1 0 1 0 3 2 
2 0 0 0 0 0 0 0 0 0 0 0 0 1 
1 0 0 0 0 0 0 0 0 0 0 0 2 0 
0 1 1 1 1 1 1 0 0 1 1 1 0 0 
1 1 1 1 1 1 0 0 1 0 1 0 3 2 
1 1 1 0 0 1 1 0 0 0 0 0 1 1 
1 0 1 1 1 0 0 0 1 0 1 0 3 2 
1 0 1 1 1 1 0 0 1 0 1 1 3 2 
1 0 1 0 0 1 1 0 0 0 0 1 1 1 
1 0 1 0 0 1 1 0 0 0 0 0 1 2 
1 0 1 1 1 1 0 0 1 0 1 0 3 2 
1 0 1 0 0 1 1 0 0 0 0 0 1 1 
1 0 1 0 0 1 0 0 0 0 0 0 1 1 
1 0 1 0 0 0 1 0 0 0 0 0 1 1 
1 0 1 1 1 1 0 0 1 0 1 0 3 0 
2 0 1 1 1 1 0 0 1 0 1 0 3 2 
2 0 1 0 0 1 1 0 0 0 0 0 1 1 
0 0 0 0 0 0 0 0 0 0 0 1 1 2 
1 1 1 1 1 0 1 1 1 1 1 1 1 1 
1 0 0 0 0 0 0 1 1 1 1 0 0 2 
0 1 0 0 0 0 1 0 0 0 0 0 3 1 
1 0 0 1 1 1 0 0 1 0 1 0 3 2 
1 0 0 0 0 1 1 0 0 0 0 0 1 1 
1 0 1 1 1 1 0 0 0 0 1 0 3 2 
1 0 0 0 0 0 0 0 0 0 0 0 1 0 
2 0 0 0 0 0 0 0 0 0 0 0 1 0 
1 0 1 0 1 1 1 0 0 0 0 0 1 1 
2 1 1 1 1 0 0 0 0 0 0 0 2 0 
1 0 1 1 1 1 0 1 1 0 1 0 3 2 
1 0 1 0 0 1 1 1 0 0 0 0 1 1 
1 0 1 1 0 1 1 0 0 0 0 0 1 1 
2 0 0 0 0 0 0 0 0 0 0 0 3 0 
1 0 1 0 1 1 0 0 1 0 1 0 3 2 
1 0 1 1 1 1 0 0 1 0 1 0 0 2 
1 0 1 0 0 1 1 0 0 0 0 0 2 1 
1 0 1 1 1 1 0 0 1 0 0 0 3 2 
2 1 0 0 0 1 1 1 0 1 0 1 2 2 
1 0 1 0 0 1 1 0 0 0 1 0 1 1 
0 0 0 0 1 0 0 1 1 1 0 1 3 0 
0 0 0 0 0 0 0 0 0 0 0 0 0 0 
1 0 1 1 0 1 0 0 1 0 1 0 3 2 
1 0 1 0 0 1 1 0 1 0 0 0 1 1 
MFS
[ - , 0 , 1 , - , - , - , - , - , - , - , - , - , - , - ]
precise
1.0
recall
1.0
F-measure
1.0
accurate
1.0
accurate_oppsite
1.0
testCase Num: 44
1 0 1 1 0 1 0 0 0 1 0 0 2 0 
1 1 1 1 0 1 0 0 0 1 0 0 2 0 
0 0 1 1 1 0 0 1 1 1 1 1 0 0 
2 0 1 1 0 1 0 0 0 1 0 0 2 0 
0 0 1 1 1 0 1 1 1 1 1 1 0 1 
1 0 1 1 0 0 0 0 0 1 0 0 2 0 
2 1 1 0 0 0 1 0 0 1 1 1 2 2 
0 1 1 1 1 0 1 1 1 1 1 1 0 0 
2 0 0 1 0 1 1 1 1 0 0 0 3 2 
0 0 1 1 1 1 1 1 1 1 1 1 0 0 
2 1 0 0 1 0 0 1 0 1 0 1 3 0 
2 0 0 0 0 0 0 0 0 0 0 0 0 1 
0 0 1 1 1 0 1 1 1 0 1 1 0 0 
1 0 1 1 0 1 0 0 0 0 0 0 2 0 
1 0 1 1 1 1 0 0 0 1 0 0 2 0 
0 0 0 0 0 0 0 0 0 0 0 0 1 2 
0 0 1 1 0 0 1 1 1 1 1 1 0 0 
0 0 1 1 1 0 1 1 1 1 1 1 1 0 
0 0 1 0 1 0 1 1 1 1 1 1 0 0 
0 0 0 0 0 0 0 1 0 0 0 0 2 0 
1 0 1 1 0 1 0 0 0 1 1 0 2 0 
1 0 1 1 0 1 0 0 0 1 0 0 3 0 
0 0 1 1 1 0 1 1 1 1 0 1 0 0 
0 0 1 1 1 0 1 0 1 1 1 1 0 0 
1 0 1 0 0 1 0 0 0 1 0 0 2 0 
1 0 1 1 0 1 0 1 0 1 0 0 2 0 
1 1 1 1 1 1 0 1 1 1 1 1 1 1 
0 0 0 0 1 1 0 0 1 0 1 0 2 1 
2 0 0 0 0 0 0 0 0 0 0 0 1 0 
1 0 0 0 0 0 0 0 0 0 0 0 3 0 
1 0 1 1 0 1 0 0 1 1 0 0 2 0 
1 0 0 1 0 1 0 0 0 1 0 0 2 0 
0 0 1 1 1 0 1 1 0 1 1 1 0 0 
0 1 1 0 0 0 0 0 0 0 1 0 3 1 
0 0 0 1 1 0 1 1 1 1 1 1 0 0 
0 0 0 0 0 0 0 0 0 0 0 0 0 0 
1 1 0 0 1 0 1 0 0 0 0 0 1 1 
1 1 1 0 1 1 0 0 0 0 0 1 0 2 
0 0 1 1 1 0 1 1 1 1 1 1 0 0 
0 0 1 1 1 0 1 1 1 1 1 0 0 0 
1 0 1 1 0 1 1 0 0 1 0 0 2 0 
1 0 1 1 0 1 0 0 0 1 0 1 2 0 
1 0 1 1 0 1 0 0 0 1 0 0 2 1 
1 0 1 1 1 0 1 1 1 1 1 1 0 0 
MFS
[ - , 0 , 1 , - , - , - , - , - , - , - , - , - , - , - ]
precise
1.0
recall
1.0
F-measure
1.0
accurate
1.0
accurate_oppsite
1.0
testCase Num: 71
1 1 0 0 0 0 1 0 1 1 0 1 1 0 
0 0 1 1 1 1 1 1 1 0 0 1 3 0 
1 0 1 0 0 1 0 0 0 1 0 0 3 2 
1 0 1 0 0 0 0 0 0 1 0 1 3 2 
2 0 0 0 0 0 0 0 0 0 0 0 0 1 
1 0 0 0 0 0 0 0 0 0 0 0 2 0 
0 0 0 0 0 0 0 0 1 0 0 0 0 2 
2 0 1 0 0 1 1 1 0 0 1 1 1 2 
0 0 1 1 1 1 1 1 0 1 0 1 3 0 
2 0 1 0 0 0 0 0 0 1 0 0 3 2 
2 0 1 0 0 0 1 1 0 0 1 0 1 2 
1 0 1 0 1 1 0 0 1 0 1 0 2 1 
0 0 1 0 1 1 0 0 1 0 1 1 2 1 
0 0 1 0 1 0 0 0 1 0 1 0 2 1 
1 0 1 0 0 0 0 0 0 1 0 0 0 2 
1 0 0 0 0 0 0 0 0 1 0 0 3 2 
0 0 1 1 1 1 1 0 1 1 0 1 3 0 
2 0 0 0 0 1 1 1 0 0 1 0 1 2 
0 0 1 0 1 1 1 1 1 1 0 1 3 0 
1 0 1 0 1 0 0 0 0 1 0 0 3 2 
0 0 1 1 0 1 1 1 1 1 0 1 3 0 
0 0 1 0 1 1 0 0 0 0 1 0 2 1 
2 0 1 1 0 1 1 1 0 0 1 0 1 2 
1 0 1 0 0 0 0 0 0 1 1 0 3 2 
2 0 1 0 0 1 1 1 0 0 0 0 1 2 
0 0 1 0 1 1 0 1 1 0 1 0 2 1 
2 0 0 0 0 0 0 0 0 0 0 0 3 0 
2 0 1 0 0 1 1 1 0 0 1 0 2 2 
0 0 1 1 1 1 0 0 1 0 1 0 2 1 
0 0 1 0 1 1 0 0 1 0 0 0 2 1 
0 1 1 1 1 1 1 1 1 1 0 1 3 0 
1 0 1 0 0 0 0 0 1 1 0 0 3 2 
0 0 1 0 0 1 1 1 0 0 1 0 1 2 
0 0 1 0 1 1 0 0 1 0 1 0 3 1 
1 0 1 1 1 1 1 1 1 1 0 1 3 0 
0 0 1 1 1 1 1 1 1 1 0 1 3 1 
0 0 1 1 1 1 1 1 1 1 0 1 3 0 
0 0 1 0 0 1 0 0 1 0 1 0 2 1 
2 0 1 0 0 1 1 1 0 1 1 0 1 2 
1 1 1 0 0 0 0 0 0 1 0 0 3 2 
0 0 1 0 1 1 0 0 1 1 1 0 2 1 
1 0 1 0 0 0 0 0 0 1 0 0 3 2 
1 1 1 1 1 1 1 1 1 1 1 1 0 1 
1 0 1 0 0 0 1 0 0 1 0 0 3 2 
1 0 1 0 0 0 0 0 0 1 0 0 3 0 
2 1 1 0 0 1 1 1 0 0 1 0 1 2 
0 0 0 1 1 1 1 1 1 1 0 1 3 0 
2 0 1 0 0 1 1 1 0 0 1 0 1 2 
0 1 1 0 1 1 0 0 1 0 1 0 2 1 
2 0 0 1 0 0 1 1 1 0 1 0 2 0 
2 0 1 0 0 1 0 1 0 0 1 0 1 2 
2 0 1 0 0 1 1 1 0 0 1 0 1 0 
0 1 0 1 1 1 0 1 0 0 0 1 1 1 
0 0 1 0 1 1 0 0 1 0 1 0 2 2 
0 0 1 0 1 1 0 0 1 0 1 0 2 1 
2 1 0 1 1 0 0 0 0 1 0 1 2 2 
1 0 1 0 0 0 0 0 0 0 0 0 3 2 
0 0 1 0 1 1 1 0 1 0 1 0 2 1 
0 0 1 1 1 1 1 1 1 1 1 1 3 0 
1 0 1 0 0 0 0 1 0 1 0 0 3 2 
1 0 1 1 0 0 0 0 0 1 0 0 3 2 
2 0 1 0 1 1 1 1 0 0 1 0 1 2 
0 0 0 0 1 1 0 0 1 0 1 0 2 1 
0 0 1 1 1 1 1 1 1 1 0 1 0 0 
1 1 0 0 0 0 0 0 1 0 1 0 3 1 
2 0 1 0 0 1 1 0 0 0 1 0 1 2 
0 0 0 0 0 0 0 0 0 0 0 0 0 0 
0 0 1 1 1 1 0 1 1 1 0 1 3 0 
2 0 1 0 0 1 1 1 1 0 1 0 1 2 
0 0 1 1 1 1 1 1 1 1 0 0 3 0 
0 0 1 1 1 0 1 1 1 1 0 1 3 0 
MFS
[ - , 0 , 1 , - , - , - , - , - , - , - , - , - , - , - ]
precise
1.0
recall
1.0
F-measure
1.0
accurate
1.0
accurate_oppsite
1.0
testCase Num: 31
1 1 1 0 1 0 0 0 0 1 0 1 0 1 
0 0 1 0 1 1 0 0 1 1 1 1 2 0 
0 0 0 0 0 0 0 0 0 0 1 0 1 0 
0 0 0 0 0 0 0 0 0 0 0 0 2 1 
0 0 1 0 0 1 0 1 1 1 1 1 2 0 
2 0 0 0 1 0 1 1 0 1 0 1 3 2 
2 1 1 1 0 0 0 0 1 1 1 0 2 2 
1 0 0 1 0 1 0 0 0 1 0 0 1 1 
2 1 1 1 0 1 1 0 0 0 1 1 3 0 
0 0 0 0 0 0 0 0 1 0 0 0 3 1 
1 0 0 0 0 0 0 0 0 0 0 0 1 2 
1 0 0 0 1 0 1 0 0 0 0 0 2 0 
0 1 1 0 1 1 0 1 1 1 1 1 2 0 
0 0 1 0 1 1 0 1 1 1 1 0 2 0 
0 0 1 0 1 1 1 1 1 1 1 1 2 0 
0 0 1 0 1 1 0 1 1 1 1 1 2 1 
0 0 1 0 1 1 0 1 1 1 1 1 2 0 
0 0 1 0 1 0 0 1 1 1 1 1 2 0 
1 0 1 0 1 1 0 1 1 1 1 1 2 0 
1 1 1 1 1 1 1 1 1 0 1 1 1 1 
0 1 0 1 0 1 1 1 1 0 0 0 0 2 
2 0 0 0 0 0 0 0 0 0 0 0 1 0 
2 0 0 0 0 0 0 0 0 0 1 0 0 1 
1 0 0 0 0 0 0 0 0 0 0 0 3 0 
0 0 1 0 1 1 0 1 1 0 1 1 2 0 
0 0 0 0 1 1 0 1 1 1 1 1 2 0 
0 0 1 0 1 1 0 1 0 1 1 1 2 0 
0 0 0 0 0 0 0 0 0 0 0 0 0 0 
0 0 1 1 1 1 0 1 1 1 1 1 2 0 
0 0 1 0 1 1 0 1 1 1 1 1 3 0 
0 0 1 0 1 1 0 1 1 1 0 1 2 0 
MFS
[ - , 0 , 1 , - , - , - , - , - , - , - , - , - , - , - ]
precise
1.0
recall
1.0
F-measure
1.0
accurate
1.0
accurate_oppsite
1.0
testCase Num: 57
2 0 0 0 1 1 0 1 1 0 0 1 3 2 
2 1 0 0 1 1 1 0 1 0 0 0 0 1 
0 0 1 1 1 1 1 1 1 1 1 1 0 0 
2 0 1 1 1 1 0 1 1 0 0 1 3 2 
1 0 1 0 0 1 0 0 0 0 0 0 3 0 
2 0 1 0 1 1 0 1 1 0 1 1 3 2 
1 1 1 1 1 1 1 1 1 1 1 0 1 1 
1 0 0 0 0 1 0 1 0 0 1 0 3 2 
2 0 1 0 1 1 0 1 1 1 0 1 3 2 
0 0 0 0 0 0 0 0 0 1 0 0 1 2 
0 0 1 0 1 1 0 1 1 0 0 1 3 2 
0 0 1 1 1 0 1 1 0 1 1 1 0 0 
2 1 1 0 1 1 0 1 1 0 0 1 3 2 
1 0 1 0 0 1 1 0 0 0 0 0 2 0 
1 0 1 0 0 1 0 0 0 0 0 1 2 0 
0 0 1 1 1 1 1 1 0 1 1 0 0 0 
2 0 1 0 1 1 0 1 1 0 0 1 3 2 
0 0 1 1 1 1 0 1 0 1 1 1 0 0 
1 0 1 0 0 0 0 0 0 0 0 0 2 0 
2 0 1 0 1 1 0 1 1 0 0 1 3 0 
0 0 0 1 1 0 0 1 1 0 0 0 2 1 
0 0 0 1 0 0 0 0 0 0 0 0 3 1 
1 0 0 0 0 1 0 0 0 0 0 0 2 0 
2 0 1 0 1 1 0 1 0 0 0 1 3 2 
1 0 1 0 1 1 0 0 0 0 0 0 2 0 
2 1 0 1 0 0 1 0 0 1 1 1 2 2 
0 0 1 1 0 1 1 1 0 1 1 1 0 0 
1 0 1 0 0 1 0 1 0 0 0 0 2 0 
0 0 1 1 1 1 1 0 0 1 1 1 0 0 
0 0 1 0 1 1 1 1 0 1 1 1 0 0 
1 0 1 1 0 1 0 0 0 0 0 0 2 0 
1 0 1 0 0 1 0 0 0 0 1 0 2 0 
0 0 1 1 1 1 1 1 0 1 0 1 0 0 
0 0 1 1 1 1 1 1 0 1 1 1 1 0 
2 0 1 0 1 1 0 0 1 0 0 1 3 2 
1 1 0 0 0 0 0 0 0 0 0 1 1 1 
2 0 1 0 0 1 0 1 1 0 0 1 3 2 
1 0 1 0 0 1 0 0 1 0 0 0 2 0 
0 0 0 1 1 1 1 1 0 1 1 1 0 0 
1 0 1 0 0 1 0 0 0 1 0 0 2 0 
0 0 1 1 1 1 1 1 0 0 1 1 0 0 
2 0 0 0 0 0 0 0 0 0 0 0 1 0 
2 0 1 0 1 1 1 1 1 0 0 1 3 2 
0 1 1 0 0 0 1 0 1 1 0 0 3 0 
2 0 1 0 1 1 0 1 1 0 0 1 0 2 
1 0 1 1 1 1 1 1 0 1 1 1 0 0 
0 0 1 1 1 1 1 1 0 1 1 1 0 1 
1 0 1 0 0 1 0 0 0 0 0 0 2 0 
1 1 1 0 0 1 0 0 0 0 0 0 2 0 
1 0 1 0 0 1 0 0 0 0 0 0 2 1 
2 0 1 0 1 1 0 1 1 0 0 0 3 2 
0 0 1 1 1 1 1 1 0 1 1 1 0 0 
2 0 1 0 0 1 0 0 0 0 0 0 2 0 
2 0 1 0 1 0 0 1 1 0 0 1 3 2 
1 0 0 0 0 0 0 0 0 0 0 0 0 2 
0 1 1 1 1 1 1 1 0 1 1 1 0 0 
0 0 0 0 0 0 0 0 0 0 0 0 0 0 
MFS
[ - , 0 , 1 , - , - , - , - , - , - , - , - , - , - , - ]
precise
1.0
recall
1.0
F-measure
1.0
accurate
1.0
accurate_oppsite
1.0
