testCase Num: 40
1 1 0 1 1 1 0 1 2 2 0 0 
2 0 0 0 0 0 1 1 1 1 0 0 
1 0 0 0 0 0 1 0 0 0 0 0 
1 0 1 1 1 1 0 1 2 2 0 0 
0 0 1 0 0 1 1 0 2 1 0 1 
0 0 0 0 1 0 0 0 3 1 0 0 
0 0 0 0 0 1 1 0 2 2 0 1 
1 0 1 1 1 0 0 0 0 1 1 1 
0 0 0 0 0 1 1 0 2 1 0 1 
0 0 0 0 0 0 0 0 1 0 0 0 
2 0 1 0 0 0 1 0 3 2 1 1 
1 0 0 1 1 1 0 0 2 2 0 0 
0 0 0 0 0 0 0 0 0 0 0 0 
0 0 0 0 0 1 1 0 3 1 0 1 
0 0 0 0 0 1 1 0 2 1 1 1 
0 0 0 1 0 1 1 0 2 1 0 1 
2 1 1 1 0 0 0 0 2 0 1 0 
0 0 0 0 0 0 1 0 2 1 0 1 
1 0 0 0 1 1 0 1 2 2 0 0 
0 0 0 0 0 1 1 1 2 1 0 1 
1 0 0 1 1 1 0 1 2 2 0 1 
1 0 0 1 0 1 0 1 2 2 0 0 
1 0 0 1 1 1 0 1 2 2 0 0 
1 0 0 0 0 1 1 0 2 1 0 1 
1 0 0 1 1 1 0 1 2 0 0 0 
2 1 0 0 1 1 1 1 0 0 0 1 
0 1 1 1 1 1 1 1 1 1 1 1 
2 0 0 1 1 1 0 1 2 2 0 0 
0 0 0 0 1 1 1 0 2 1 0 1 
0 0 0 0 0 1 1 0 2 1 0 0 
0 0 0 0 0 0 0 0 1 2 0 0 
0 1 0 0 0 1 1 0 2 1 0 1 
1 0 0 1 1 1 1 1 2 2 0 0 
1 1 1 1 0 1 0 1 3 0 0 0 
0 1 0 0 0 0 0 0 0 2 0 0 
1 1 0 0 0 0 0 0 1 1 1 0 
1 0 0 1 1 0 0 1 2 2 0 0 
0 0 0 0 0 1 0 0 2 1 0 1 
1 0 0 1 1 1 0 1 3 2 0 0 
1 0 0 1 1 1 0 1 2 2 1 0 
MFS
[ - , - , - , - , - , 1 , - , - , 2 , 2 , - , - ]
[ - , - , - , - , - , 1 , - , - , 2 , - , - , - ]
accurate
0.8333333333333333
testCase Num: 28
2 0 0 1 0 0 0 0 2 1 0 0 
2 1 0 1 0 1 0 0 2 1 0 0 
2 0 0 1 0 1 1 0 2 1 0 0 
1 1 1 1 1 1 1 0 1 1 1 1 
2 1 1 0 1 0 0 1 2 2 1 0 
0 0 0 0 0 0 0 0 0 0 0 0 
0 0 0 0 0 0 1 0 2 0 0 1 
1 0 0 0 0 0 0 0 2 0 0 0 
2 0 0 1 1 1 1 1 0 0 1 1 
2 0 0 1 0 1 0 0 2 1 0 0 
2 0 0 1 1 1 0 0 2 1 0 0 
0 1 1 0 1 0 0 0 0 1 0 0 
2 0 0 1 0 1 0 0 2 2 0 0 
2 0 0 1 0 1 0 0 2 1 0 1 
1 0 0 0 0 0 0 0 0 2 0 0 
2 0 0 0 0 1 0 0 2 1 0 0 
0 1 0 1 0 1 1 1 3 2 0 1 
1 0 0 0 1 0 1 0 3 2 0 0 
1 0 1 1 0 0 0 0 3 0 1 0 
2 0 0 0 0 0 0 0 1 2 0 0 
2 0 0 0 0 0 0 0 3 1 0 0 
2 0 0 1 0 1 0 1 2 1 0 0 
2 0 1 1 0 1 0 0 2 1 0 0 
0 1 1 0 0 1 0 0 1 0 1 0 
1 0 1 0 0 0 0 1 1 1 0 1 
0 0 0 1 0 1 0 0 2 1 0 0 
2 0 0 1 0 1 0 0 3 1 0 0 
2 0 0 1 0 1 0 0 2 1 1 0 
MFS
[ - , - , - , - , - , 1 , - , - , 2 , - , - , - ]
accurate
0.6666666666666666
testCase Num: 27
1 1 1 1 1 1 1 1 0 0 0 0 
1 0 0 0 0 1 0 1 2 0 1 1 
2 0 0 0 0 1 0 1 2 2 1 1 
1 0 0 0 0 1 1 1 2 2 1 1 
2 0 1 1 0 0 0 1 3 0 1 1 
2 0 1 0 1 0 1 0 2 1 0 1 
0 0 0 0 0 0 0 0 0 0 0 0 
1 0 0 0 0 0 0 1 2 2 1 1 
1 0 0 0 0 1 0 1 3 2 1 1 
1 0 0 0 0 1 0 1 2 2 0 1 
1 1 0 0 0 1 0 1 2 2 1 1 
1 0 1 0 0 1 0 1 2 2 1 1 
0 0 0 0 0 1 0 0 3 1 0 0 
2 1 0 1 1 0 1 0 3 2 0 0 
2 0 0 0 1 0 0 0 1 0 0 0 
1 0 0 0 0 1 0 0 2 2 1 1 
0 1 1 1 1 1 1 1 1 1 1 1 
1 1 1 0 0 0 0 0 1 1 0 0 
2 0 0 0 0 1 1 0 0 1 1 0 
0 0 0 0 0 0 0 0 1 2 0 0 
1 0 0 0 0 0 0 0 3 0 0 0 
1 0 0 0 0 1 0 1 2 2 1 0 
1 0 0 0 0 1 0 1 2 2 1 1 
0 0 1 0 0 0 0 0 0 2 0 1 
1 0 0 0 1 1 0 1 2 2 1 1 
0 1 0 1 0 0 0 0 2 0 0 0 
1 0 0 1 0 1 0 1 2 2 1 1 
MFS
[ - , - , - , - , - , 1 , - , - , 2 , 2 , - , - ]
accurate
1.0
testCase Num: 28
2 0 0 0 1 1 0 0 2 2 1 1 
2 0 0 0 0 0 1 1 3 1 0 1 
0 1 1 1 0 1 1 1 0 2 1 1 
2 0 0 0 0 0 0 0 0 0 0 0 
2 0 1 0 1 1 0 1 2 2 1 1 
2 0 0 0 0 1 0 1 2 2 1 1 
1 1 1 0 0 0 0 0 2 0 0 1 
0 0 0 0 0 0 0 0 3 0 0 0 
2 0 0 1 1 1 0 1 2 2 1 1 
0 0 0 0 0 0 0 0 0 0 0 0 
2 0 0 0 1 1 0 1 3 2 1 1 
1 0 0 1 0 0 0 0 1 1 1 0 
1 0 0 0 1 0 0 0 0 1 0 0 
2 0 0 0 1 0 0 1 2 2 1 1 
2 0 0 0 1 1 1 1 2 2 1 1 
1 1 1 1 1 1 1 1 1 1 0 1 
0 1 0 0 1 0 1 1 2 1 0 0 
2 1 1 1 1 0 1 0 3 0 1 0 
0 0 0 0 0 1 0 1 1 0 0 0 
0 0 0 1 0 0 0 0 2 0 0 0 
0 0 0 0 1 1 0 1 2 2 1 1 
1 0 1 0 0 1 0 0 3 2 0 0 
2 0 0 0 0 0 0 0 1 2 0 0 
2 0 0 0 1 1 0 1 2 2 0 1 
2 1 0 0 1 1 0 1 2 2 1 1 
2 0 0 0 1 1 0 1 2 2 1 1 
2 0 0 0 1 1 0 1 2 2 1 0 
2 0 0 0 1 1 0 1 2 0 1 1 
MFS
[ - , - , - , - , - , 1 , - , - , 2 , 2 , - , - ]
accurate
1.0
testCase Num: 28
2 1 0 0 1 1 0 0 2 2 0 1 
2 1 0 1 1 1 0 0 2 2 0 0 
2 1 0 1 1 1 0 0 2 2 0 1 
2 1 0 1 0 1 0 0 2 2 0 1 
0 0 0 1 0 0 0 0 3 0 0 0 
2 0 1 0 0 1 0 1 2 0 1 0 
0 0 0 0 0 0 0 0 0 0 0 0 
2 1 0 1 1 1 0 1 2 2 0 1 
2 1 1 0 0 0 0 0 3 1 0 0 
0 0 0 0 0 1 0 0 1 0 0 0 
0 0 0 0 0 0 1 0 2 1 0 0 
1 0 0 0 0 0 0 0 2 0 0 0 
2 1 0 1 1 1 1 0 2 2 0 1 
1 0 0 1 0 0 1 0 1 1 0 1 
1 1 0 0 1 1 0 1 3 0 0 0 
0 1 0 1 1 1 0 0 2 2 0 1 
2 1 0 1 1 0 0 0 2 2 0 1 
0 0 1 0 0 0 1 1 3 2 1 1 
2 0 0 1 1 1 0 0 2 2 0 1 
0 1 1 1 1 0 1 0 0 0 1 1 
2 1 0 1 1 1 0 0 3 2 0 1 
2 1 0 1 1 1 0 0 2 2 1 1 
2 0 0 0 0 0 0 0 1 2 0 0 
2 1 1 1 1 1 0 0 2 2 0 1 
2 0 0 0 0 0 1 0 0 1 0 0 
1 0 0 0 1 1 0 1 0 2 1 0 
2 1 0 1 1 1 0 0 2 0 0 1 
1 1 1 1 1 1 1 1 1 1 1 0 
MFS
[ - , - , - , - , - , 1 , - , - , 2 , 2 , - , - ]
accurate
1.0
testCase Num: 28
2 0 0 1 0 0 1 1 2 2 1 1 
2 1 1 0 0 1 1 0 2 1 0 0 
0 1 0 0 1 0 0 0 2 0 0 0 
0 1 1 0 0 1 0 0 2 1 0 0 
2 1 1 0 0 1 0 1 2 1 0 0 
2 0 0 0 1 0 0 0 0 1 0 0 
0 1 0 1 1 0 0 1 1 1 1 0 
0 0 0 0 0 0 0 0 0 0 0 0 
2 1 1 1 0 1 0 0 2 1 0 0 
2 1 1 0 0 1 0 0 2 1 0 0 
2 1 1 0 0 1 0 0 2 2 0 0 
2 1 1 0 0 1 0 0 2 1 0 1 
2 1 1 0 1 1 0 0 2 1 0 0 
1 0 0 0 0 0 0 0 2 0 0 0 
0 0 1 0 1 1 1 1 0 0 1 1 
1 0 0 1 0 0 1 0 3 0 0 1 
1 1 1 1 1 1 1 1 1 1 0 1 
1 1 1 0 1 1 0 0 3 2 1 0 
2 0 0 0 0 1 1 0 1 0 0 0 
2 0 0 0 0 0 0 0 3 0 0 0 
0 0 0 0 0 0 0 0 1 2 0 0 
1 1 1 1 0 0 0 0 0 2 0 1 
2 1 1 0 0 1 0 0 3 1 0 0 
2 1 1 0 0 1 0 0 2 1 1 0 
2 0 1 0 0 1 0 0 2 1 0 0 
0 0 0 0 0 0 0 1 3 1 0 0 
2 1 1 0 0 0 0 0 2 1 0 0 
2 1 0 0 0 1 0 0 2 1 0 0 
MFS
[ - , - , - , - , - , 1 , - , - , 2 , - , - , - ]
accurate
0.6666666666666666
testCase Num: 28
2 0 0 1 0 0 1 1 3 1 0 0 
1 0 1 0 0 1 0 1 2 2 0 0 
1 0 1 0 0 1 1 1 2 2 1 0 
2 0 0 0 0 0 0 0 2 0 0 0 
1 0 1 0 0 1 1 1 3 2 0 0 
1 0 1 0 0 0 1 1 2 2 0 0 
0 0 0 0 0 0 0 0 0 0 0 0 
2 0 1 0 0 1 1 1 2 2 0 0 
1 0 1 0 0 1 1 1 2 2 0 1 
1 0 0 0 1 0 0 0 1 1 1 0 
1 0 1 1 0 1 1 1 2 2 0 0 
2 0 0 0 0 0 0 1 1 0 0 0 
2 1 0 0 1 0 0 0 3 2 1 1 
2 0 1 1 1 1 1 0 0 0 0 1 
1 0 1 0 1 1 1 1 2 2 0 0 
1 1 1 1 0 0 0 0 2 0 1 1 
1 0 1 0 0 1 1 1 2 2 0 0 
1 0 1 0 0 1 1 1 2 0 0 0 
0 0 0 0 1 0 0 0 2 1 0 0 
1 0 0 0 0 1 1 1 2 2 0 0 
0 1 1 1 1 1 1 1 1 1 1 1 
0 0 0 0 0 0 0 0 1 2 0 0 
0 0 0 1 0 0 0 0 0 2 1 0 
1 0 1 0 0 1 1 0 2 2 0 0 
1 0 0 0 0 0 0 0 3 0 0 0 
1 1 1 0 0 1 1 1 2 2 0 0 
1 1 0 0 0 1 0 1 0 1 0 0 
0 0 1 0 0 1 0 0 3 0 0 0 
MFS
[ - , - , - , - , - , 1 , - , - , 2 , 2 , - , - ]
accurate
1.0
testCase Num: 27
2 1 0 1 0 0 1 1 2 2 0 1 
1 1 1 0 1 1 1 1 1 1 1 1 
1 0 0 1 0 0 0 0 1 1 0 0 
2 0 0 0 0 0 0 0 0 1 0 0 
1 0 0 0 0 1 1 1 0 2 1 0 
0 0 0 0 0 0 0 0 0 0 0 0 
0 1 0 0 1 0 1 0 2 0 1 0 
2 1 1 0 0 1 0 0 2 1 0 1 
2 0 1 0 0 1 0 0 3 1 0 1 
2 0 1 0 0 1 0 0 2 1 1 1 
1 0 0 0 0 0 0 0 2 0 0 0 
0 1 1 1 1 1 0 1 0 0 0 1 
0 0 1 0 0 1 0 0 2 1 0 1 
2 0 1 0 0 0 0 0 2 1 0 1 
2 0 0 0 0 1 0 0 2 1 0 1 
2 0 1 0 0 1 1 0 2 1 0 1 
0 1 0 0 0 0 0 0 3 1 0 0 
2 0 0 0 0 0 0 0 1 0 0 0 
2 0 1 0 0 1 0 1 2 1 0 1 
1 0 1 0 0 0 1 1 3 0 0 1 
0 0 0 0 0 0 0 0 1 2 0 0 
2 0 1 1 0 1 0 0 2 1 0 1 
2 0 1 1 1 1 0 0 3 2 1 0 
2 0 1 0 0 1 0 0 2 1 0 0 
2 0 1 0 0 1 0 0 2 2 0 1 
2 0 1 0 0 1 0 0 2 1 0 1 
2 0 1 0 1 1 0 0 2 1 0 1 
MFS
[ - , - , - , - , - , 1 , - , - , 2 , - , - , - ]
accurate
0.6666666666666666
testCase Num: 27
0 0 1 1 1 1 1 0 3 0 1 1 
0 0 0 0 0 0 0 1 3 2 0 0 
1 1 0 0 0 0 1 0 3 1 0 0 
2 1 0 1 0 1 0 0 1 2 1 0 
1 0 1 1 1 1 0 0 2 1 0 0 
2 0 0 0 0 0 0 0 0 1 0 0 
1 0 0 1 0 1 0 0 2 1 0 0 
1 0 0 1 1 1 0 0 3 1 0 0 
1 0 0 1 1 1 0 0 2 1 1 0 
2 0 1 0 1 0 0 1 2 2 0 1 
1 0 0 1 1 1 0 0 2 2 0 0 
1 0 0 1 1 1 0 0 2 1 0 1 
0 0 0 0 0 0 0 0 0 0 0 0 
1 0 0 1 1 0 0 0 2 1 0 0 
1 0 0 1 1 1 1 0 2 1 0 0 
1 0 0 1 1 1 0 1 2 1 0 0 
2 0 0 1 1 1 0 0 2 1 0 0 
0 1 0 0 0 1 1 1 2 0 1 1 
1 1 1 1 1 1 1 1 0 1 1 1 
1 0 0 0 0 0 0 0 0 2 0 0 
1 0 1 1 0 0 1 1 1 0 0 0 
0 0 0 0 1 0 0 0 1 1 1 1 
2 0 0 0 0 0 0 0 3 0 0 0 
1 0 0 1 1 1 0 0 2 1 0 0 
1 1 0 1 1 1 0 0 2 1 0 0 
1 0 0 0 1 1 0 0 2 1 0 0 
2 0 0 0 0 0 1 0 0 2 0 0 
MFS
[ - , - , - , - , - , 1 , - , - , 2 , - , - , - ]
accurate
0.6666666666666666
testCase Num: 27
2 0 0 1 0 0 0 0 2 1 0 0 
2 1 0 1 0 1 0 0 2 1 0 0 
2 0 0 1 0 1 1 0 2 1 0 0 
2 0 0 0 0 0 0 0 3 0 1 0 
0 0 0 0 0 0 0 0 0 0 0 0 
1 0 0 0 0 1 0 1 0 2 0 1 
1 1 0 1 1 1 1 0 3 2 0 0 
0 0 1 0 1 0 0 1 3 1 0 1 
0 1 1 1 1 0 1 1 0 0 1 0 
1 0 0 0 0 0 0 0 2 0 0 0 
2 0 1 0 0 0 1 1 2 2 1 1 
2 0 0 1 0 1 0 0 2 1 0 0 
2 0 0 1 1 1 0 0 2 1 0 0 
2 0 0 1 0 1 0 0 2 2 0 0 
2 0 0 1 0 1 0 0 2 1 0 1 
0 1 0 0 1 1 0 0 2 0 0 0 
2 0 0 0 0 1 0 0 2 1 0 0 
1 1 0 0 0 0 1 0 1 0 1 1 
1 1 1 1 1 1 0 1 1 1 1 1 
2 0 0 1 0 1 0 1 2 1 0 0 
0 0 0 0 0 0 0 0 1 2 0 0 
2 1 1 0 1 1 0 0 1 0 0 0 
2 0 0 0 0 0 1 0 0 1 0 0 
2 0 1 1 0 1 0 0 2 1 0 0 
0 0 0 1 0 1 0 0 2 1 0 0 
2 0 0 1 0 1 0 0 3 1 0 0 
2 0 0 1 0 1 0 0 2 1 1 0 
MFS
[ - , - , - , - , - , 1 , - , - , 2 , - , - , - ]
accurate
0.6666666666666666
testCase Num: 15
2 1 1 0 0 0 1 0 2 2 1 1 
0 1 0 0 0 0 0 1 3 1 1 1 
1 0 0 0 0 0 1 0 1 1 0 0 
1 1 1 1 1 1 0 1 1 1 1 1 
0 1 1 0 1 1 1 1 0 0 0 1 
2 0 0 0 0 0 0 0 1 0 0 1 
2 0 0 0 0 0 0 0 0 1 0 0 
1 1 0 1 1 0 0 0 0 2 1 0 
0 0 0 0 0 0 0 0 0 0 0 0 
0 0 0 0 0 0 0 0 1 2 0 0 
1 0 1 0 0 0 0 0 3 0 0 0 
0 0 1 1 0 1 0 0 2 0 1 0 
2 0 0 0 1 0 0 1 2 1 0 0 
1 0 0 0 0 0 0 0 2 0 0 0 
2 0 0 1 1 1 1 1 3 2 0 0 
MFS
accurate
NaN
testCase Num: 27
1 0 0 0 0 0 0 0 1 1 0 1 
2 1 0 0 0 1 1 1 2 2 1 1 
0 0 0 1 0 0 1 1 2 0 0 0 
0 1 0 0 0 1 0 1 2 2 1 1 
2 1 0 0 0 0 0 1 2 2 1 1 
2 0 0 0 0 1 0 1 2 2 1 1 
2 0 0 0 0 0 0 0 0 1 0 0 
2 1 0 0 0 1 0 1 2 2 0 1 
2 1 0 0 0 1 0 1 3 2 1 1 
1 1 0 0 1 1 1 1 0 2 0 0 
0 0 0 0 0 0 0 0 0 0 0 0 
0 1 1 0 0 0 0 1 3 1 1 0 
2 1 0 0 0 1 0 1 2 0 1 1 
2 1 1 0 0 1 0 1 2 2 1 1 
2 1 0 0 0 1 0 0 2 2 1 1 
2 0 1 1 1 0 1 0 3 2 0 1 
2 0 0 0 0 1 0 0 3 0 1 0 
2 0 0 0 0 0 0 0 1 0 0 0 
0 1 1 1 1 1 0 0 0 0 1 1 
2 1 0 0 0 1 0 1 2 2 1 0 
2 1 0 0 0 1 0 1 2 2 1 1 
2 1 0 0 1 1 0 1 2 2 1 1 
2 1 0 1 0 1 0 1 2 2 1 1 
1 0 1 0 1 0 0 0 2 1 0 0 
0 0 0 0 0 0 0 0 1 2 0 0 
1 0 0 0 0 0 0 0 3 0 0 0 
1 1 1 1 1 1 1 1 1 1 1 0 
MFS
[ - , - , - , - , - , 1 , - , - , 2 , 2 , - , - ]
accurate
1.0
testCase Num: 39
2 1 0 1 0 0 0 0 2 2 1 0 
0 1 0 0 1 1 1 1 2 1 0 1 
0 0 0 0 1 1 1 1 3 1 0 1 
0 1 0 1 0 1 0 0 2 2 1 0 
0 0 0 0 1 1 1 1 2 1 1 1 
0 0 0 1 0 0 0 1 3 2 0 0 
2 1 0 1 0 1 0 0 2 2 0 0 
2 1 0 1 0 1 1 0 2 2 1 0 
0 0 0 1 0 0 1 1 1 0 1 0 
0 0 0 0 1 0 1 1 2 1 0 1 
0 0 0 0 1 1 0 1 2 1 0 1 
2 0 0 0 0 0 0 0 0 1 0 0 
0 0 0 0 0 0 0 0 0 0 0 0 
1 0 0 0 1 1 1 1 2 1 0 1 
1 0 0 0 0 0 0 0 2 0 0 0 
2 1 0 1 1 1 0 0 2 2 1 0 
0 0 0 0 0 1 1 1 2 1 0 1 
2 1 0 1 0 1 0 0 2 0 1 0 
0 0 0 0 1 1 1 1 2 1 0 1 
0 0 0 0 1 1 1 1 2 2 0 1 
2 1 0 0 0 1 0 0 2 2 1 0 
0 0 0 1 1 1 1 1 2 1 0 1 
1 1 1 1 1 1 1 1 0 1 1 1 
0 1 1 0 1 1 1 0 3 0 1 1 
0 0 0 0 1 1 1 1 2 1 0 0 
2 1 1 0 0 0 1 0 2 0 0 1 
2 1 0 1 0 1 0 0 2 2 1 1 
2 1 0 1 0 1 0 0 2 2 1 0 
1 0 0 0 0 0 1 0 3 1 0 0 
2 0 0 0 0 0 0 0 3 0 0 0 
2 0 1 0 1 0 0 1 1 2 0 1 
2 1 1 1 0 1 0 0 2 2 1 0 
0 0 0 0 1 1 1 0 2 1 0 1 
2 1 0 1 0 1 0 1 2 2 1 0 
1 0 0 0 0 0 1 0 0 2 0 0 
0 0 1 0 1 1 1 1 2 1 0 1 
2 1 0 1 0 1 0 0 3 2 1 0 
1 1 1 1 1 1 0 0 1 1 0 0 
2 0 0 1 0 1 0 0 2 2 1 0 
MFS
[ - , - , - , - , - , 1 , - , - , 2 , 2 , - , - ]
[ - , - , - , - , - , 1 , - , - , 2 , - , - , - ]
accurate
0.8333333333333333
testCase Num: 16
0 1 0 1 1 1 1 1 0 0 1 1 
0 0 1 1 0 0 1 0 3 2 1 0 
2 0 0 0 1 0 0 0 1 1 1 0 
0 0 0 0 0 0 0 0 3 1 0 0 
1 1 0 0 1 1 0 0 3 2 0 1 
0 0 0 0 0 0 0 0 0 0 0 0 
2 1 0 0 0 1 0 1 3 0 0 0 
0 0 0 0 0 0 0 0 1 0 0 1 
0 0 0 0 0 0 0 0 1 2 0 0 
2 0 0 0 0 0 0 0 0 2 0 0 
2 0 1 0 0 1 0 0 2 0 1 1 
1 0 0 0 0 0 0 0 2 0 0 0 
2 0 1 1 1 0 1 1 2 2 0 0 
0 1 0 0 0 0 1 1 2 1 0 0 
1 1 1 1 0 1 1 1 1 1 1 1 
1 0 1 1 0 0 0 1 0 1 0 0 
MFS
accurate
NaN
testCase Num: 40
2 0 1 1 0 1 1 0 2 2 1 1 
2 0 1 1 0 1 1 0 3 2 0 1 
0 1 0 0 1 1 0 0 2 1 1 0 
2 1 1 1 0 1 1 0 2 2 0 1 
2 1 0 0 1 0 1 1 3 1 1 0 
2 0 1 1 0 0 1 0 2 2 0 1 
0 0 0 0 1 1 0 0 2 1 0 0 
0 0 0 0 1 1 0 0 3 1 1 0 
0 0 0 1 0 0 0 0 3 0 0 0 
2 0 1 1 0 1 0 0 2 2 0 1 
1 0 1 0 1 1 0 0 0 0 0 0 
2 0 0 0 0 0 0 0 0 1 0 0 
0 0 0 0 0 0 0 0 1 0 0 0 
0 0 0 0 1 0 0 0 2 1 1 0 
0 0 0 0 0 0 0 0 0 0 0 0 
0 0 0 0 1 1 1 0 2 1 1 0 
1 1 0 0 0 0 0 1 2 1 0 1 
1 0 0 0 1 1 0 0 2 1 1 0 
0 0 0 0 1 1 0 1 2 1 1 0 
1 0 0 0 1 0 1 1 1 2 0 0 
2 0 1 1 0 1 1 0 2 2 0 0 
2 0 1 1 0 1 1 0 2 2 0 1 
2 0 1 1 1 1 1 0 2 2 0 1 
0 0 0 1 1 1 0 0 2 1 1 0 
2 0 1 1 0 1 1 0 2 0 0 1 
2 0 1 0 0 1 1 0 2 2 0 1 
0 1 1 1 0 0 1 1 0 0 1 1 
0 0 0 0 1 1 0 0 2 2 1 0 
0 0 0 0 1 1 0 0 2 1 1 1 
0 0 0 0 1 1 0 0 2 1 1 0 
0 0 0 0 0 1 0 0 2 1 1 0 
1 1 1 1 1 1 0 1 1 1 1 1 
0 0 0 0 0 0 0 0 2 0 0 0 
2 0 1 1 0 1 1 1 2 2 0 1 
0 0 0 0 0 0 0 0 0 2 1 0 
2 0 0 1 0 1 1 0 2 2 0 1 
1 1 1 0 0 1 0 0 3 2 0 1 
0 0 1 1 0 1 1 0 2 2 0 1 
0 0 1 0 1 1 0 0 2 1 1 0 
2 0 0 1 0 1 0 0 1 0 0 0 
MFS
[ - , - , - , - , - , 1 , - , - , 2 , 2 , - , - ]
[ - , - , - , - , - , 1 , - , - , 2 , - , - , - ]
accurate
0.8333333333333333
testCase Num: 28
1 1 0 0 0 0 1 0 1 1 0 0 
2 1 1 0 0 1 1 0 3 0 1 1 
1 0 0 1 1 0 0 1 3 0 1 0 
0 1 1 0 0 1 0 0 2 1 0 0 
2 0 0 0 0 0 0 0 0 1 0 0 
0 0 0 0 0 0 0 0 3 1 0 1 
0 0 0 0 0 0 0 0 3 2 0 0 
0 0 0 0 0 0 0 0 1 0 0 0 
0 0 0 0 0 0 0 0 0 0 0 0 
0 1 1 0 0 1 0 1 2 1 0 0 
0 1 1 0 1 1 0 1 2 1 0 0 
0 1 1 0 0 1 0 1 2 2 0 0 
0 1 1 0 0 1 0 1 2 1 0 1 
0 0 1 1 1 1 1 0 0 2 1 0 
0 1 1 1 0 1 0 1 2 1 0 0 
2 0 0 1 1 0 1 1 2 2 0 1 
1 1 1 0 0 1 0 1 2 1 0 0 
0 1 0 0 0 1 0 1 2 1 0 0 
0 1 1 0 0 1 1 1 2 1 0 0 
1 1 1 1 1 1 0 1 1 1 1 1 
0 1 1 0 0 0 0 1 2 1 0 0 
0 0 1 0 0 1 0 1 2 1 0 0 
0 0 0 0 0 0 0 0 1 2 0 0 
1 0 0 1 0 0 0 0 2 0 1 0 
0 1 1 0 0 1 0 1 3 1 0 0 
0 1 1 0 0 1 0 1 2 1 1 0 
1 1 0 0 0 1 0 1 0 2 0 1 
2 0 1 0 1 0 0 0 1 1 0 0 
MFS
[ - , - , - , - , - , 1 , - , - , 2 , - , - , - ]
accurate
0.6666666666666666
testCase Num: 27
1 0 0 0 1 0 1 0 3 2 1 0 
0 0 1 0 1 0 0 0 2 1 0 1 
2 0 0 1 0 1 1 1 2 2 0 0 
2 0 0 1 1 1 1 1 2 2 0 1 
2 0 0 1 1 1 1 0 2 2 0 0 
2 0 1 1 0 1 0 0 0 1 0 0 
1 1 1 1 1 1 1 0 1 1 1 1 
0 0 0 0 0 0 0 0 3 1 0 0 
2 0 1 1 1 1 1 1 2 2 0 0 
0 0 0 0 0 0 0 0 0 0 0 0 
1 1 0 0 0 0 0 0 2 0 1 0 
2 0 0 1 1 1 1 1 2 2 1 0 
2 0 0 1 1 1 1 1 3 2 0 0 
0 0 0 1 1 1 1 1 2 2 0 0 
2 0 0 1 1 0 1 1 2 2 0 0 
1 0 0 0 0 0 0 0 0 2 0 0 
2 0 0 0 0 0 0 0 1 0 0 0 
2 1 0 1 1 1 1 1 2 2 0 0 
2 1 1 0 0 0 0 1 3 2 1 1 
2 0 0 1 1 1 0 1 2 2 0 0 
0 0 0 0 0 0 0 0 1 2 0 0 
1 0 0 0 0 1 0 1 1 1 0 0 
2 0 0 1 1 1 1 1 2 0 0 0 
2 0 0 1 1 1 1 1 2 2 0 0 
0 1 1 1 0 1 1 0 3 0 0 0 
2 0 0 0 1 1 1 1 2 2 0 0 
0 1 0 1 1 0 1 1 0 0 1 1 
MFS
[ - , - , - , - , - , 1 , - , - , 2 , 2 , - , - ]
accurate
1.0
testCase Num: 27
2 1 0 0 1 0 1 1 3 2 1 0 
2 0 0 1 0 1 1 1 2 1 0 1 
1 0 1 1 0 1 0 0 3 1 1 0 
2 0 0 1 1 1 1 0 2 1 0 1 
2 0 0 1 0 1 1 0 2 1 0 1 
2 0 0 1 0 1 1 0 2 1 0 0 
0 0 0 0 0 0 0 0 3 0 0 1 
2 0 0 0 0 1 1 0 2 1 0 1 
0 0 0 0 0 0 0 0 0 0 0 0 
0 0 0 0 0 0 0 0 2 2 0 0 
0 0 0 1 0 1 1 0 2 1 0 1 
0 0 1 0 1 0 0 1 2 1 1 1 
2 0 0 1 0 0 0 1 1 0 0 0 
2 1 0 1 0 1 1 0 2 1 0 1 
2 0 1 1 0 1 1 0 2 1 0 1 
2 0 0 1 0 1 0 0 2 1 0 1 
2 0 1 0 0 0 0 0 0 2 0 0 
1 1 0 0 0 0 0 0 0 1 1 0 
0 1 1 1 1 1 1 1 0 2 0 1 
2 0 0 1 0 1 1 0 3 1 0 1 
2 0 0 1 0 1 1 0 2 1 1 1 
2 0 0 1 0 0 1 0 2 1 0 1 
0 0 0 0 0 0 0 0 1 1 0 0 
2 0 0 1 0 1 1 0 2 2 0 1 
1 1 0 0 1 0 0 0 2 0 0 0 
1 1 1 0 0 1 0 0 1 2 0 0 
1 1 1 1 1 1 1 1 1 0 1 1 
MFS
[ - , - , - , - , - , 1 , - , - , 2 , - , - , - ]
accurate
0.6666666666666666
testCase Num: 29
1 0 0 0 0 1 1 0 2 2 1 0 
1 1 0 1 1 1 0 1 2 0 0 0 
2 0 1 0 0 1 1 0 2 2 1 0 
1 0 1 0 0 1 1 1 2 2 1 0 
2 0 0 0 0 0 0 0 2 0 0 0 
2 0 0 0 0 0 0 0 0 0 0 0 
2 1 0 1 0 0 0 1 3 2 0 1 
0 0 0 0 0 0 0 0 3 1 0 0 
1 0 0 0 0 0 0 1 1 0 1 0 
0 0 0 0 0 0 0 0 0 0 0 0 
0 0 0 0 0 0 0 0 2 1 0 1 
0 0 0 0 1 0 0 0 0 2 0 0 
1 0 1 1 0 1 1 0 2 2 1 0 
1 0 1 0 0 1 1 0 2 0 1 0 
1 0 1 0 0 1 1 0 2 2 1 0 
1 0 1 0 1 1 1 0 2 2 1 0 
1 0 1 0 0 1 1 0 2 2 1 1 
2 0 0 0 1 0 1 0 1 1 0 0 
1 0 1 0 0 1 0 0 2 2 1 0 
0 1 1 1 1 1 1 1 1 1 1 1 
1 1 1 1 0 1 1 0 0 1 0 0 
0 0 0 0 0 0 0 0 1 2 0 0 
1 1 1 0 0 1 1 0 2 2 1 0 
1 0 1 0 0 1 1 0 3 2 1 0 
1 0 1 0 0 1 1 0 2 2 0 0 
1 0 0 0 0 0 0 0 3 0 0 0 
2 1 1 0 1 1 1 0 3 0 1 1 
1 0 1 0 0 0 1 0 2 2 1 0 
1 0 1 1 1 0 0 1 0 0 1 1 
MFS
[ - , - , - , - , - , 1 , - , - , 2 , 2 , - , - ]
accurate
1.0
testCase Num: 40
0 1 0 0 0 1 1 1 2 1 0 0 
1 0 1 0 0 1 0 1 2 2 0 0 
2 1 1 1 1 0 1 0 3 2 0 0 
1 0 1 0 0 0 0 1 2 2 1 0 
1 1 1 0 0 1 0 1 2 2 1 0 
1 0 1 0 0 1 1 1 2 2 1 0 
2 0 0 0 0 0 0 0 2 0 0 0 
0 1 0 0 1 1 1 0 2 1 0 0 
2 0 1 0 0 1 0 1 2 2 1 0 
0 0 0 0 0 0 0 0 0 0 0 0 
0 0 0 0 0 0 0 0 0 2 0 0 
1 0 0 0 1 0 0 0 0 1 0 0 
1 1 0 1 1 0 0 1 2 0 0 1 
0 1 0 0 0 1 0 0 2 1 0 0 
1 0 1 0 0 1 0 1 2 0 1 0 
1 0 1 0 1 1 0 1 2 2 1 0 
1 0 1 0 0 1 0 1 2 2 1 0 
2 0 0 0 0 1 0 0 3 1 1 1 
1 0 1 0 0 1 0 1 2 2 1 1 
1 0 0 0 1 0 1 0 1 1 0 0 
0 1 1 0 0 1 1 0 2 1 0 0 
1 0 1 1 0 1 0 1 2 2 1 0 
0 1 0 0 0 1 1 0 3 1 0 0 
0 1 0 0 0 1 1 0 2 1 1 0 
1 0 1 0 0 1 0 0 2 2 1 0 
0 1 1 1 1 1 1 1 1 1 1 1 
2 1 1 1 0 1 1 1 0 0 1 1 
0 1 0 0 0 1 1 0 2 1 0 0 
0 0 0 0 0 1 1 0 2 1 0 0 
0 1 0 0 0 0 1 0 2 1 0 0 
0 1 0 0 0 1 1 0 2 2 0 0 
0 1 0 0 0 1 1 0 2 1 0 1 
0 1 0 1 0 1 1 0 2 1 0 0 
1 0 0 0 0 0 0 0 3 0 0 0 
1 0 0 0 0 1 0 1 2 2 1 0 
2 0 0 1 0 0 0 0 1 2 1 1 
1 1 0 0 0 1 1 0 2 1 0 0 
1 0 1 0 0 1 0 1 3 2 1 0 
1 0 0 0 0 0 0 0 1 0 0 0 
0 0 0 0 0 0 0 1 3 0 0 0 
MFS
[ - , - , - , - , - , 1 , - , - , 2 , 2 , - , - ]
[ - , - , - , - , - , 1 , - , - , 2 , - , - , - ]
accurate
0.8333333333333333
testCase Num: 27
2 1 1 1 0 1 1 0 2 2 0 1 
0 1 0 1 1 1 1 1 0 0 0 1 
2 1 0 1 0 1 0 0 2 2 0 1 
0 0 0 1 0 0 0 0 3 1 0 0 
0 1 1 1 0 1 0 0 2 2 0 1 
2 1 1 1 0 0 0 0 2 2 0 1 
2 0 1 1 0 1 0 0 2 2 0 1 
2 1 1 1 0 1 0 0 2 2 1 1 
2 1 1 1 0 1 0 0 3 2 0 1 
2 0 1 1 0 0 0 1 0 1 1 1 
0 0 0 0 0 0 0 0 0 0 0 0 
2 1 1 1 0 1 0 0 2 0 0 1 
1 0 0 0 0 0 0 0 2 0 0 0 
1 1 1 0 0 0 1 0 3 0 0 1 
0 1 0 1 0 0 1 1 2 1 0 0 
1 0 0 0 0 0 0 0 0 2 0 0 
1 1 1 1 1 0 1 1 1 1 1 1 
0 0 1 0 1 0 0 0 2 0 1 0 
2 0 0 0 0 0 0 0 1 0 0 0 
1 0 0 0 0 1 0 0 1 1 0 0 
2 1 1 0 0 1 0 0 2 2 0 1 
2 1 1 1 0 1 0 0 2 2 0 0 
2 1 1 1 0 1 0 0 2 2 0 1 
2 1 1 1 1 1 0 0 2 2 0 1 
0 0 0 0 0 0 0 0 1 2 0 0 
2 0 0 0 1 1 1 1 3 2 1 0 
2 1 1 1 0 1 0 1 2 2 0 1 
MFS
[ - , - , - , - , - , 1 , - , - , 2 , 2 , - , - ]
accurate
1.0
testCase Num: 28
0 1 0 1 0 1 0 0 2 1 1 0 
2 1 0 1 0 0 0 0 2 1 1 0 
0 1 1 1 1 0 1 0 2 1 0 1 
2 1 0 1 0 1 1 0 2 1 1 0 
2 1 0 1 0 1 0 0 2 1 0 0 
2 0 0 0 1 0 0 0 0 0 0 0 
0 0 0 0 0 0 0 0 0 0 0 0 
0 0 0 0 0 0 0 0 2 2 0 0 
2 1 0 1 1 1 0 0 2 1 1 0 
2 1 0 1 0 1 0 0 2 1 1 0 
0 0 0 0 0 0 0 1 0 1 0 0 
2 1 0 0 0 1 0 0 2 1 1 0 
2 0 1 0 1 0 1 1 3 2 0 1 
0 0 0 1 0 1 0 0 3 0 0 0 
2 1 0 1 0 1 0 0 2 2 1 0 
2 1 0 1 0 1 0 0 2 1 1 1 
2 0 0 0 0 0 0 0 1 0 0 0 
0 0 1 1 0 1 1 1 0 2 1 0 
2 1 1 1 0 1 0 0 2 1 1 0 
0 0 0 0 0 0 0 0 1 1 0 0 
1 1 1 0 0 0 0 0 0 2 0 1 
2 1 0 1 0 1 0 1 2 1 1 0 
1 1 0 0 1 0 0 0 3 1 1 0 
1 0 0 0 0 0 1 1 2 0 0 1 
1 0 0 0 0 1 0 1 1 2 0 0 
2 1 0 1 0 1 0 0 3 1 1 0 
2 0 0 1 0 1 0 0 2 1 1 0 
1 1 1 1 1 1 1 1 1 0 1 1 
MFS
[ - , - , - , - , - , 1 , - , - , 2 , - , - , - ]
accurate
0.6666666666666666
testCase Num: 28
0 0 0 1 1 0 0 0 2 0 1 0 
2 0 1 0 0 1 1 0 2 2 1 0 
1 1 0 0 0 0 0 0 2 1 0 1 
2 0 0 0 0 0 0 0 0 1 0 0 
0 1 0 0 0 1 1 0 3 1 1 0 
1 1 1 1 1 1 1 0 1 1 1 1 
2 0 1 0 0 1 0 1 2 2 1 0 
2 1 0 1 1 0 0 1 3 2 0 1 
0 0 0 0 0 0 0 0 0 0 0 0 
1 0 0 0 0 0 0 1 1 1 0 0 
2 1 1 0 0 1 1 1 2 2 1 0 
1 0 1 0 1 1 0 0 0 2 1 1 
2 0 1 0 0 1 1 1 3 2 1 0 
2 0 1 0 0 1 1 1 2 2 0 0 
0 0 1 0 0 1 1 1 2 2 1 0 
2 0 1 0 0 0 1 1 2 2 1 0 
2 0 0 0 0 1 1 1 2 2 1 0 
2 0 0 0 0 0 0 0 1 0 0 0 
2 0 1 0 0 0 1 0 3 0 0 0 
0 1 1 1 0 1 1 1 0 0 0 1 
2 0 1 1 0 1 1 1 2 2 1 0 
0 0 0 0 0 0 0 0 1 2 0 0 
2 0 1 0 0 1 1 1 2 0 1 0 
2 0 1 0 0 1 1 1 2 2 1 0 
2 0 1 0 1 1 1 1 2 2 1 0 
2 0 1 0 0 1 1 1 2 2 1 1 
1 0 0 0 0 0 0 0 3 0 0 0 
1 0 0 0 0 0 0 0 1 0 0 0 
MFS
[ - , - , - , - , - , 1 , - , - , 2 , 2 , - , - ]
accurate
1.0
testCase Num: 27
2 0 1 0 1 1 1 0 3 2 0 1 
1 0 0 0 0 0 0 0 1 1 0 1 
1 0 1 1 0 1 0 1 0 2 0 0 
0 0 1 0 1 1 1 0 2 2 0 1 
2 0 1 0 1 1 1 0 2 2 1 1 
0 0 0 0 1 0 0 0 3 1 0 0 
2 0 1 0 1 0 1 0 2 2 0 1 
2 0 0 0 0 0 0 0 0 1 0 0 
2 0 0 0 1 1 1 0 2 2 0 1 
0 0 0 0 0 0 0 0 0 0 0 0 
2 0 0 1 0 0 1 0 2 1 1 0 
2 0 1 0 1 1 1 1 2 2 0 1 
1 0 0 0 0 0 0 0 2 0 0 0 
2 0 1 0 1 1 1 0 2 0 0 1 
2 0 1 1 1 1 1 0 2 2 0 1 
2 0 1 0 0 1 1 0 2 2 0 1 
0 1 1 1 1 0 1 0 0 0 1 1 
2 0 1 0 1 1 1 0 2 2 0 1 
2 0 1 0 1 1 1 0 2 2 0 0 
2 0 0 0 0 0 0 0 1 0 0 0 
0 1 0 0 1 1 0 1 2 0 0 0 
2 1 0 1 0 0 0 1 3 2 1 1 
1 0 1 0 0 1 1 0 3 0 1 0 
0 0 0 0 0 0 0 0 1 2 0 0 
2 0 1 0 1 1 0 0 2 2 0 1 
2 1 1 0 1 1 1 0 2 2 0 1 
1 1 1 1 1 1 1 1 1 1 1 0 
MFS
[ - , - , - , - , - , 1 , - , - , 2 , 2 , - , - ]
accurate
1.0
testCase Num: 28
0 1 1 0 0 1 1 0 2 2 1 0 
0 1 0 1 0 1 1 1 0 1 0 1 
1 1 1 0 0 1 0 0 2 2 1 0 
0 1 1 0 0 1 0 0 2 2 0 0 
0 0 0 0 1 0 0 0 3 1 0 0 
2 0 0 0 0 0 0 0 0 1 0 0 
0 0 0 0 0 0 0 0 3 2 0 0 
1 1 1 1 1 1 1 0 1 1 1 1 
0 0 0 0 0 0 0 0 1 0 0 0 
0 0 0 0 0 0 0 0 0 0 0 0 
1 0 1 1 1 0 1 0 3 0 1 1 
2 0 0 0 0 0 1 0 1 2 0 0 
1 1 1 1 1 0 0 0 0 2 1 1 
0 1 1 0 1 1 0 0 2 2 1 0 
0 1 1 0 0 1 0 0 2 0 1 0 
0 1 1 0 0 1 0 0 2 2 1 0 
0 1 1 0 0 1 0 0 2 2 1 1 
0 1 1 1 0 1 0 0 2 2 1 0 
1 0 0 0 1 0 0 1 1 1 0 0 
2 1 0 1 0 1 0 1 3 0 1 0 
0 0 0 0 0 0 0 0 2 1 0 0 
1 0 0 1 0 1 0 0 2 0 0 0 
0 1 1 0 0 1 0 1 2 2 1 0 
0 1 1 0 0 1 0 0 3 2 1 0 
0 1 0 0 0 1 0 0 2 2 1 0 
0 0 1 0 0 1 0 0 2 2 1 0 
2 0 1 0 1 0 1 1 2 2 0 1 
0 1 1 0 0 0 0 0 2 2 1 0 
MFS
[ - , - , - , - , - , 1 , - , - , 2 , 2 , - , - ]
accurate
1.0
testCase Num: 28
2 0 1 1 0 0 1 0 2 0 0 1 
2 1 0 1 1 1 0 0 2 2 0 0 
0 1 0 0 1 1 0 1 0 0 1 1 
0 1 0 1 1 0 1 0 3 1 0 0 
0 0 0 0 0 0 0 0 2 1 1 0 
1 1 1 1 1 1 1 0 1 1 1 1 
1 0 1 1 1 0 0 0 0 2 1 0 
0 0 0 0 0 0 0 0 1 0 0 0 
2 1 0 0 1 1 0 1 2 2 0 0 
0 0 0 0 0 0 0 0 0 0 0 0 
2 1 0 1 0 1 0 1 2 2 0 0 
2 1 0 1 1 1 0 1 2 2 0 0 
2 1 0 1 1 1 0 1 2 2 0 1 
1 0 0 0 0 1 0 0 3 0 0 0 
1 0 0 0 0 0 0 0 2 0 0 0 
0 0 1 0 0 0 1 1 3 2 1 1 
2 1 0 1 1 1 1 1 2 2 0 0 
2 0 0 0 0 0 0 0 1 2 0 0 
2 1 0 1 1 1 0 1 2 0 0 0 
2 0 0 0 0 0 0 0 3 0 0 0 
2 1 0 1 1 0 0 1 2 2 0 0 
2 0 0 1 1 1 0 1 2 2 0 0 
2 1 0 0 0 0 1 0 0 1 1 0 
0 1 0 1 1 1 0 1 2 2 0 0 
2 1 0 1 1 1 0 1 3 2 0 0 
2 1 0 1 1 1 0 1 2 2 1 0 
1 0 0 0 0 1 0 1 1 1 0 0 
2 1 1 1 1 1 0 1 2 2 0 0 
MFS
[ - , - , - , - , - , 1 , - , - , 2 , 2 , - , - ]
accurate
1.0
testCase Num: 27
1 1 0 1 0 1 1 0 0 2 0 0 
2 0 1 0 0 1 1 0 2 2 1 0 
2 0 0 0 0 0 0 0 0 1 0 0 
2 0 1 0 0 1 0 1 2 2 1 0 
0 0 0 0 0 0 0 0 0 0 0 0 
1 0 1 0 0 0 0 0 1 1 0 0 
2 1 1 0 0 1 1 1 2 2 1 0 
2 1 1 1 1 0 0 0 3 2 0 1 
0 0 1 1 1 1 0 1 0 0 1 1 
2 0 1 0 0 1 1 1 3 2 1 0 
1 1 0 1 1 1 1 1 1 1 1 1 
2 0 1 0 0 1 1 1 2 2 0 0 
1 0 0 0 0 0 0 0 2 0 0 0 
0 0 1 0 0 1 1 1 2 2 1 0 
2 0 1 0 0 0 1 1 2 2 1 0 
2 0 0 0 0 1 1 1 2 2 1 0 
1 0 0 0 0 1 1 0 3 0 1 1 
2 0 0 1 0 0 0 0 2 1 1 1 
0 1 0 0 1 0 1 1 2 0 0 0 
2 0 0 0 0 0 0 0 1 0 0 0 
2 0 1 1 0 1 1 1 2 2 1 0 
0 0 0 0 0 0 0 0 1 2 0 0 
2 0 1 0 0 1 1 1 2 0 1 0 
2 0 1 0 0 1 1 1 2 2 1 0 
2 0 1 0 1 1 1 1 2 2 1 0 
2 0 1 0 0 1 1 1 2 2 1 1 
0 0 0 0 0 0 0 1 3 1 0 0 
MFS
[ - , - , - , - , - , 1 , - , - , 2 , 2 , - , - ]
accurate
1.0
testCase Num: 27
2 1 0 1 0 1 1 0 3 1 0 0 
2 1 0 1 0 1 1 0 2 1 1 0 
2 1 0 1 0 1 0 0 2 1 0 0 
2 0 0 1 0 1 1 0 2 1 0 0 
2 1 0 1 0 0 1 0 2 1 0 0 
1 0 0 0 0 0 0 1 1 1 1 0 
2 1 1 0 0 0 0 1 0 0 1 0 
0 0 0 0 0 0 0 0 0 0 0 0 
2 1 0 1 0 1 1 0 2 2 0 0 
2 1 0 1 0 1 1 0 2 1 0 1 
2 0 1 0 1 0 0 0 3 2 1 1 
1 0 0 0 1 0 0 0 2 2 0 0 
1 0 0 0 1 1 1 0 0 2 0 0 
0 0 1 0 0 0 0 0 3 1 0 0 
1 0 0 0 0 0 1 0 3 0 0 0 
2 1 0 1 0 1 1 0 2 1 0 0 
2 1 0 1 1 1 1 0 2 1 0 0 
2 0 0 0 0 0 0 0 1 0 0 0 
2 1 0 1 0 1 1 1 2 1 0 0 
2 1 0 0 0 1 1 0 2 1 0 0 
0 1 1 0 0 0 0 1 2 0 1 1 
0 0 0 0 0 0 0 0 1 2 0 0 
0 1 0 1 0 1 1 0 2 1 0 0 
0 0 0 1 1 0 1 1 0 1 0 1 
0 1 1 1 0 1 0 1 3 2 0 0 
2 1 1 1 0 1 1 0 2 1 0 0 
1 1 1 1 1 1 1 1 1 0 1 1 
MFS
[ - , - , - , - , - , 1 , - , - , 2 , - , - , - ]
accurate
0.6666666666666666
testCase Num: 14
1 1 1 1 1 1 1 1 0 1 1 1 
1 1 0 0 0 1 1 0 1 1 0 0 
1 0 1 0 0 1 1 1 2 0 1 0 
2 0 0 0 0 0 0 0 0 0 0 0 
2 0 0 0 0 0 0 0 3 1 0 0 
0 1 1 1 1 0 0 1 1 0 1 0 
1 0 0 0 0 0 0 1 3 2 0 0 
0 0 0 0 0 0 0 0 0 0 0 0 
0 0 0 0 0 0 0 0 0 2 0 0 
0 0 0 1 0 0 0 0 2 1 0 1 
2 0 1 0 0 1 0 0 1 2 1 1 
2 1 0 1 1 0 1 1 2 2 0 0 
1 0 0 0 1 0 0 0 3 1 1 0 
0 1 1 1 0 1 1 0 3 0 0 1 
MFS
accurate
NaN
testCase Num: 39
1 0 0 0 0 1 1 0 2 2 1 1 
1 0 0 0 0 1 1 0 2 2 1 0 
1 1 1 0 1 1 1 1 1 1 1 1 
1 0 0 0 0 1 1 0 2 0 1 0 
1 0 0 1 0 0 0 0 1 1 0 0 
2 0 1 1 0 1 0 0 2 2 0 1 
0 0 0 0 0 0 0 0 0 0 0 0 
0 0 0 0 1 1 1 0 3 1 0 1 
1 0 1 0 0 0 0 0 3 0 0 1 
1 0 1 0 0 1 1 0 2 2 1 0 
1 0 0 0 0 1 0 0 2 2 1 0 
2 0 1 1 1 1 0 0 3 2 0 1 
2 0 1 1 1 1 0 0 2 2 1 1 
2 0 1 1 1 1 0 1 2 2 0 1 
2 0 1 1 1 0 0 0 2 2 0 1 
1 1 0 0 0 1 1 0 2 2 1 0 
1 0 0 0 0 1 1 0 2 2 0 0 
2 0 0 1 1 1 0 0 2 2 0 1 
2 0 1 1 1 1 1 0 2 2 0 1 
1 0 0 0 0 0 0 0 0 2 0 0 
1 0 0 0 0 1 1 0 3 2 1 0 
1 0 0 0 0 0 1 0 2 2 1 0 
0 0 1 1 1 1 0 0 2 2 0 1 
2 0 0 0 0 0 0 0 1 0 0 0 
0 0 0 0 0 0 0 0 2 1 0 0 
2 0 0 0 0 1 1 0 2 2 1 0 
2 1 1 1 1 1 0 0 2 2 0 1 
2 0 1 0 1 0 0 1 0 1 1 0 
1 0 0 0 0 1 1 1 2 2 1 0 
0 0 0 0 0 0 0 0 1 2 0 0 
2 0 1 1 1 1 0 0 2 2 0 1 
2 0 1 1 1 1 0 0 2 2 0 0 
2 0 1 1 1 1 0 0 2 0 0 1 
2 0 1 0 1 1 0 0 2 2 0 1 
0 1 0 0 1 0 0 1 2 0 0 0 
2 1 0 1 0 0 1 1 3 2 1 0 
1 0 0 1 0 1 1 0 2 2 1 0 
1 0 0 0 1 1 1 0 2 2 1 0 
0 1 1 1 0 1 1 0 0 0 1 1 
MFS
[ - , - , - , - , - , 1 , - , - , 2 , 2 , - , - ]
accurate
1.0
