testCase Num: 124
1 1 1 1 0 1 1 1 1 0 
1 1 1 1 0 1 1 1 1 1 
1 1 1 1 1 0 0 1 0 1 
1 1 1 0 0 0 0 0 1 1 
0 1 1 0 0 1 1 0 0 1 
1 0 1 0 0 0 0 1 1 1 
0 1 1 0 0 1 1 0 0 0 
0 1 2 0 0 1 1 0 0 1 
0 1 3 0 0 0 0 0 0 0 
0 1 1 0 0 1 1 0 0 2 
0 1 2 0 0 1 1 0 0 2 
1 1 0 0 0 1 1 0 1 2 
1 0 1 0 1 0 0 0 0 0 
0 0 1 1 1 0 1 0 1 0 
1 0 3 0 0 1 1 0 1 2 
0 0 1 1 1 0 1 0 1 2 
0 1 2 1 1 0 0 1 0 1 
1 1 1 1 1 1 1 1 1 0 
0 1 2 0 0 0 0 1 0 0 
1 0 2 1 1 1 1 1 1 2 
0 0 1 1 0 0 0 0 1 2 
1 1 1 0 1 1 0 1 0 2 
1 0 3 1 1 0 1 0 1 0 
1 0 1 0 0 0 0 0 0 1 
0 1 1 0 0 1 1 0 1 2 
1 0 1 0 0 0 0 0 0 0 
0 1 1 0 0 1 1 0 1 1 
0 0 1 0 1 1 1 0 1 0 
1 1 2 1 0 1 1 1 1 0 
0 1 1 0 1 0 0 1 0 1 
1 1 2 0 1 0 0 0 1 1 
1 1 0 0 1 0 1 1 0 0 
1 1 1 1 0 1 1 0 1 0 
1 0 1 0 1 0 0 0 1 1 
1 0 1 1 0 1 1 1 1 0 
0 0 2 1 1 0 0 0 1 2 
1 1 3 1 0 1 0 0 0 1 
1 0 1 0 0 1 0 0 1 1 
0 0 1 1 1 1 0 0 1 2 
0 1 1 1 0 0 0 1 0 1 
0 0 1 0 0 1 1 0 0 1 
0 0 2 0 0 1 0 1 1 1 
1 0 2 0 0 0 0 0 1 1 
0 0 1 0 0 1 1 0 0 2 
1 0 1 0 1 1 0 1 0 0 
0 1 1 0 0 1 1 1 0 2 
1 0 1 1 1 1 0 1 0 2 
0 1 1 0 0 1 1 1 0 1 
0 1 1 1 0 1 1 1 1 0 
0 0 1 0 0 0 0 0 0 0 
0 1 3 0 1 0 0 0 1 1 
0 1 1 1 1 1 0 1 0 1 
1 0 1 0 1 1 0 1 0 2 
0 1 2 1 1 1 0 0 0 0 
1 0 2 0 0 0 0 0 0 0 
1 0 1 0 0 0 0 1 0 0 
1 0 0 1 0 1 0 1 0 2 
0 0 1 0 0 0 0 0 1 1 
0 1 1 1 1 0 0 0 1 2 
0 1 1 0 1 0 1 0 1 0 
0 1 1 1 1 0 1 1 0 1 
0 1 3 1 1 0 1 1 0 2 
0 1 1 0 0 0 1 0 0 2 
0 1 1 0 0 0 1 0 0 1 
0 0 1 0 1 1 0 1 0 2 
0 1 2 0 0 0 1 0 0 2 
1 1 1 1 0 0 1 1 1 0 
0 0 1 0 1 0 1 1 1 0 
1 0 1 0 1 1 0 1 1 2 
1 0 1 1 0 0 0 0 0 0 
1 0 1 0 0 0 1 0 0 0 
1 0 1 1 1 0 0 0 1 2 
0 0 3 0 1 1 0 1 1 0 
1 0 1 0 1 0 1 0 1 0 
1 0 1 0 0 1 0 1 0 2 
0 0 1 1 1 0 0 1 0 1 
0 1 1 1 1 0 0 0 0 1 
0 0 0 0 0 0 0 0 0 0 
1 1 1 0 0 1 1 1 1 0 
0 0 2 0 0 0 0 0 0 2 
1 1 1 1 0 1 0 1 1 0 
1 0 1 0 0 1 0 0 0 0 
0 0 1 0 1 0 0 0 1 2 
0 0 0 1 1 1 1 0 1 1 
0 0 1 0 1 0 0 0 1 0 
1 0 2 1 0 0 1 1 0 1 
1 0 1 0 1 1 0 0 0 2 
1 0 2 0 1 1 0 1 0 2 
1 0 1 0 0 0 1 0 1 1 
0 1 1 0 0 1 0 0 0 1 
0 1 1 0 0 1 0 0 0 2 
0 1 1 1 0 1 1 0 0 2 
0 1 1 1 0 1 1 0 0 1 
0 0 1 1 1 0 0 1 1 2 
0 1 1 1 1 0 0 1 1 1 
0 0 2 0 1 0 1 0 1 0 
0 0 1 1 1 0 0 0 1 0 
0 0 0 1 1 1 0 0 1 0 
0 0 1 0 1 0 1 0 1 1 
0 0 1 0 1 0 1 0 1 0 
1 1 0 0 0 0 0 1 0 1 
1 0 1 0 1 1 1 1 0 2 
1 0 1 0 0 0 0 0 1 2 
1 0 1 0 0 0 0 0 1 1 
1 0 1 0 0 0 0 0 1 0 
0 0 1 1 1 0 0 0 0 2 
0 0 1 0 0 0 1 0 1 0 
1 0 1 0 1 0 0 1 0 2 
0 1 1 1 1 0 0 1 0 2 
0 1 1 1 1 0 0 1 0 1 
1 1 1 1 0 1 1 1 0 0 
0 0 1 0 1 0 1 0 0 0 
0 1 1 0 1 1 1 0 0 1 
0 1 1 0 1 1 1 0 0 2 
1 0 1 1 0 0 0 0 1 1 
0 1 0 1 0 0 0 1 1 2 
1 1 1 0 0 0 0 0 0 0 
1 0 3 0 0 0 0 1 0 2 
0 0 0 0 1 0 0 0 0 2 
1 0 2 0 0 0 1 0 1 0 
0 0 3 0 0 0 1 1 0 1 
0 0 1 1 1 0 0 0 1 2 
1 1 1 0 0 1 1 0 0 1 
1 1 1 0 0 1 1 0 0 2 
MFS
[ - , - , 1 , - , - , - , - , - , - , - ]
precise
0.0
recall
0.0
F-measure
0.0
accurate
0.5
accurate_oppsite
0.5
testCase Num: 139
1 1 1 0 1 0 1 1 0 2 
1 1 1 1 1 0 0 1 0 2 
1 0 1 1 1 1 1 1 0 0 
1 1 1 1 1 0 0 1 0 0 
1 1 3 0 0 0 1 1 0 2 
1 1 1 0 0 0 0 0 1 0 
1 1 1 0 0 0 0 0 1 1 
0 0 1 0 0 1 1 1 0 1 
0 0 1 0 0 1 1 1 0 2 
0 0 1 1 0 1 0 1 0 1 
0 1 1 0 0 1 1 0 0 2 
0 0 3 1 1 0 1 0 1 2 
0 1 2 1 1 0 0 1 0 0 
0 1 3 0 1 0 0 1 1 1 
0 0 1 1 1 0 1 0 1 1 
0 0 1 0 0 0 0 1 0 1 
0 0 1 0 1 1 1 0 0 2 
1 1 1 1 1 1 1 1 1 0 
0 0 1 1 0 0 0 0 1 1 
0 0 1 1 0 0 0 0 1 2 
1 0 2 1 1 1 1 1 1 0 
0 0 2 0 0 1 1 1 0 0 
0 0 0 0 0 1 0 0 0 1 
1 1 1 0 0 0 1 1 1 0 
0 0 1 0 0 1 1 0 0 0 
1 1 1 0 1 1 0 1 0 2 
0 1 1 0 1 0 0 1 0 2 
1 0 1 0 0 1 1 0 0 2 
0 0 1 0 1 1 1 0 1 1 
0 1 1 0 1 0 0 1 0 0 
0 1 3 1 0 1 0 1 1 0 
1 0 1 1 0 1 1 1 1 0 
1 1 0 1 0 1 1 0 1 2 
1 0 0 1 1 0 0 1 0 1 
1 1 1 0 1 0 0 1 1 2 
1 0 1 0 0 1 0 0 1 1 
1 1 1 1 0 0 1 0 1 0 
0 0 1 1 0 0 0 0 0 1 
0 0 2 1 0 0 0 0 0 1 
0 0 1 1 0 0 0 0 0 2 
1 0 1 1 1 1 0 1 1 0 
0 1 1 1 0 0 0 1 0 0 
1 1 1 0 0 0 1 0 0 0 
0 0 1 0 0 1 1 0 0 2 
0 0 1 1 1 1 1 1 1 0 
1 0 3 0 0 0 0 0 1 0 
0 1 1 0 0 1 0 0 1 1 
0 0 1 1 0 0 0 0 1 0 
1 1 2 1 0 1 0 0 1 0 
0 0 2 1 1 0 0 0 0 2 
0 0 1 0 0 0 0 0 0 1 
1 1 1 0 1 0 0 0 0 2 
0 0 2 1 0 0 0 0 1 2 
0 0 1 1 0 0 0 1 1 2 
1 0 3 0 1 1 1 0 0 1 
1 1 1 0 0 0 1 0 1 0 
0 1 1 1 1 1 0 1 0 0 
1 1 1 0 0 0 1 0 1 1 
0 1 2 1 1 1 0 0 0 1 
0 0 1 0 0 1 1 0 1 2 
0 0 2 0 0 1 0 1 0 1 
1 0 2 0 0 0 0 0 0 1 
0 0 3 0 0 1 0 0 0 2 
0 0 2 1 0 0 1 1 1 1 
0 0 1 1 0 1 1 0 0 2 
0 0 0 1 0 1 1 1 0 0 
1 1 2 0 1 0 1 0 0 0 
1 0 1 1 1 0 1 1 1 0 
1 1 1 0 0 1 0 1 1 1 
1 1 2 0 0 1 0 0 1 1 
0 0 0 0 0 0 0 0 1 1 
0 1 1 0 1 0 1 0 1 1 
0 1 1 1 1 0 1 1 0 0 
0 0 1 0 0 0 0 0 1 2 
0 0 0 1 0 0 0 1 0 2 
0 0 1 0 1 1 0 1 0 1 
0 1 0 0 0 0 1 0 0 1 
1 0 3 1 0 0 0 0 0 0 
0 0 1 0 1 0 1 1 1 1 
0 0 1 1 0 0 0 1 0 1 
0 1 1 1 0 0 0 0 0 1 
0 1 3 1 0 0 0 0 0 1 
1 0 1 0 0 1 0 1 0 1 
0 1 1 0 0 0 1 0 1 0 
1 1 1 0 1 0 0 1 0 0 
1 0 1 0 1 0 1 0 1 1 
0 0 1 1 1 0 0 1 0 0 
1 1 1 0 0 1 0 0 0 1 
0 0 0 0 0 0 0 0 0 0 
0 1 1 1 1 0 0 0 0 0 
1 0 0 0 1 0 1 0 1 0 
1 1 1 0 1 0 0 1 0 2 
0 0 3 0 1 0 1 1 0 0 
1 0 1 1 1 1 1 0 1 0 
0 0 1 0 1 0 0 0 1 1 
0 1 0 0 1 1 0 1 1 2 
1 1 2 0 0 0 1 0 1 0 
1 0 1 0 0 0 1 0 1 0 
0 0 1 0 0 1 0 1 0 1 
0 0 1 0 0 1 0 1 0 2 
0 0 1 1 0 1 0 0 1 2 
1 1 1 0 0 1 0 0 1 1 
1 1 1 0 0 1 0 0 1 2 
0 1 1 1 1 0 0 1 1 0 
0 1 2 0 1 0 1 1 1 2 
0 0 1 0 0 0 1 0 0 2 
0 0 2 0 1 0 1 0 1 1 
0 0 1 1 0 0 1 0 1 2 
0 0 1 0 1 0 1 0 1 2 
0 0 1 0 1 0 1 0 1 1 
1 0 1 1 0 0 0 0 1 2 
0 0 1 0 0 1 0 1 1 1 
0 0 2 0 0 1 1 0 0 2 
1 1 1 0 0 0 0 1 0 2 
1 0 1 0 1 1 1 1 1 0 
0 0 1 1 0 1 0 0 0 1 
1 1 1 0 1 0 1 0 1 0 
0 0 1 0 0 0 1 0 1 1 
0 0 1 1 1 0 0 0 0 1 
0 1 1 1 1 0 0 1 0 0 
1 0 1 0 1 0 0 1 0 2 
1 1 1 0 0 1 1 0 1 0 
1 1 1 0 0 1 1 0 1 1 
0 1 1 1 1 0 0 1 0 1 
0 1 0 0 0 0 0 0 0 0 
1 1 1 1 0 1 0 0 1 1 
1 1 2 0 1 0 0 1 0 2 
0 0 1 1 0 0 1 0 0 1 
0 0 1 0 1 0 1 0 0 1 
1 0 1 1 1 1 1 1 1 1 
1 0 1 1 1 1 1 1 1 0 
1 1 1 0 1 1 0 0 1 1 
0 1 1 1 0 0 0 0 1 2 
1 0 1 1 0 0 0 0 0 1 
0 0 1 0 0 1 0 0 0 1 
0 0 1 0 0 1 0 0 0 2 
0 1 1 0 0 1 0 1 0 1 
1 0 2 0 0 1 0 1 1 2 
0 0 1 1 1 0 0 0 1 2 
MFS
[ - , - , 1 , - , - , - , - , - , - , - ]
precise
0.0
recall
0.0
F-measure
0.0
accurate
0.5
accurate_oppsite
0.5
testCase Num: 128
0 1 2 0 1 0 0 0 0 1 
0 0 0 0 1 1 1 1 1 2 
0 0 1 1 1 1 0 1 1 0 
1 0 1 1 0 0 1 0 1 2 
0 1 1 1 0 0 1 0 1 1 
1 1 1 0 0 0 1 1 0 0 
1 1 2 0 0 0 1 1 0 0 
0 0 1 0 0 1 1 1 0 1 
1 0 1 0 1 1 1 0 1 1 
0 0 2 1 0 1 0 1 0 1 
0 0 1 1 0 1 0 1 0 1 
0 0 1 1 0 0 1 0 0 0 
1 0 3 1 0 1 1 1 0 0 
1 0 1 1 0 1 0 0 1 2 
0 0 1 0 0 0 0 1 0 1 
0 0 1 1 0 0 0 0 1 2 
0 1 1 1 0 0 1 0 0 1 
0 1 2 1 1 1 1 0 0 0 
1 1 1 0 0 0 1 1 1 0 
0 1 1 1 0 0 1 0 0 2 
0 0 1 0 0 1 1 0 0 0 
1 1 1 0 0 0 1 1 0 1 
1 1 1 0 1 1 0 1 0 2 
0 1 3 1 1 1 0 0 0 1 
0 1 1 0 1 0 0 1 0 2 
0 1 1 1 1 0 1 0 0 1 
0 1 1 0 1 1 0 1 0 0 
0 1 1 0 1 1 0 1 0 2 
1 1 1 0 1 1 1 0 1 2 
1 1 1 0 1 1 1 0 1 1 
1 1 3 0 0 0 0 1 1 2 
1 1 1 0 0 0 1 0 0 0 
0 0 1 0 0 1 1 0 0 2 
1 1 1 1 0 0 1 0 0 1 
0 0 3 0 0 0 1 0 1 2 
0 0 3 1 0 1 0 0 0 2 
0 1 3 0 1 0 1 1 0 2 
0 0 1 0 0 0 0 0 0 2 
1 1 1 1 1 1 1 0 1 1 
0 0 1 1 0 0 0 1 1 0 
0 0 1 1 0 1 1 0 1 0 
0 0 1 0 1 0 0 1 1 0 
0 1 1 1 1 1 0 1 0 2 
0 1 1 0 1 1 0 1 1 2 
0 0 2 0 0 1 0 1 1 0 
1 1 0 0 0 0 1 1 1 0 
0 0 2 0 0 1 0 1 0 1 
1 0 0 1 1 1 1 0 0 2 
0 0 1 1 0 1 1 0 0 1 
0 0 1 1 0 1 1 0 0 0 
1 1 1 0 1 0 1 1 0 0 
0 0 2 0 0 0 1 0 0 2 
0 0 2 1 1 0 0 1 1 0 
0 0 1 1 1 0 0 1 1 0 
0 0 1 0 0 0 1 1 0 2 
0 0 1 0 1 1 0 1 0 1 
0 1 1 0 0 0 1 0 0 2 
0 0 1 0 1 1 0 1 0 2 
0 1 1 0 0 0 1 0 0 1 
0 0 2 1 0 1 1 0 0 0 
0 1 1 0 1 1 0 0 0 2 
1 1 1 0 1 1 1 1 1 1 
1 0 2 1 0 0 0 0 0 0 
0 1 1 1 0 0 0 0 0 1 
1 0 1 1 0 0 0 1 1 2 
1 0 1 0 0 0 1 0 0 2 
1 0 3 1 1 0 0 0 1 1 
1 1 1 1 0 0 1 1 0 0 
1 1 1 1 0 0 0 0 1 2 
1 0 1 0 0 1 0 1 0 1 
1 0 1 1 1 0 0 0 1 2 
1 1 0 1 1 1 0 1 0 1 
0 0 1 1 1 0 0 1 0 0 
1 1 2 0 0 1 0 0 0 2 
0 0 0 0 0 0 0 0 0 0 
0 1 1 0 1 1 1 1 0 2 
0 1 3 0 0 1 0 0 1 0 
0 1 0 1 0 0 0 0 1 1 
0 0 0 0 1 0 1 0 0 1 
1 1 1 0 1 1 1 0 0 1 
1 0 2 1 0 0 0 0 1 2 
1 0 2 0 0 0 1 1 1 1 
0 0 1 0 0 1 0 1 0 1 
0 0 1 0 0 1 0 1 0 2 
0 0 1 1 1 1 1 0 0 0 
0 0 1 1 0 1 1 1 0 0 
0 1 1 1 0 1 1 0 0 1 
0 1 1 1 0 1 1 0 0 0 
0 0 1 0 0 0 1 0 0 0 
0 0 1 1 1 0 0 1 1 1 
1 1 1 0 0 1 1 1 0 0 
0 1 1 1 1 0 0 1 1 0 
0 0 1 0 0 0 1 0 0 2 
0 1 2 1 1 0 0 1 1 2 
0 0 1 1 1 0 0 0 1 0 
0 0 3 0 1 0 0 0 0 0 
0 1 1 0 0 0 1 1 0 0 
0 1 2 0 1 1 0 1 0 2 
1 1 2 0 1 1 1 0 1 1 
0 0 0 0 1 0 0 0 0 0 
1 1 1 0 0 0 0 1 0 0 
1 0 1 1 0 0 0 0 1 2 
0 0 1 0 0 1 0 1 1 1 
1 0 1 0 0 0 1 1 0 0 
1 0 1 0 0 0 0 0 1 2 
0 0 0 1 0 1 1 0 1 0 
0 0 1 1 0 1 0 0 0 0 
1 0 1 1 1 0 0 1 1 0 
1 1 1 0 1 0 1 0 1 1 
0 0 1 0 0 0 1 0 1 2 
1 0 1 1 0 1 1 0 0 0 
1 1 1 0 0 1 1 0 1 1 
0 0 1 1 1 0 1 1 1 0 
0 1 0 0 0 0 0 0 0 2 
0 0 1 0 1 0 1 0 0 2 
0 0 1 1 0 0 1 0 0 1 
0 0 1 1 0 0 1 0 0 2 
1 1 1 0 1 1 0 0 1 1 
0 1 2 1 0 0 1 0 0 1 
1 0 1 1 0 0 0 0 1 0 
0 1 1 1 0 0 1 1 0 1 
0 1 1 0 0 1 0 1 0 2 
1 0 1 1 0 0 0 0 0 2 
0 0 1 0 0 1 0 0 0 1 
0 1 1 0 1 1 1 0 1 1 
0 1 1 0 0 1 0 1 0 1 
1 0 2 0 1 0 0 0 1 0 
0 0 3 0 0 0 1 1 0 1 
MFS
[ - , - , 1 , - , - , - , - , - , - , - ]
precise
0.0
recall
0.0
F-measure
0.0
accurate
0.5
accurate_oppsite
0.5
testCase Num: 128
1 0 3 1 0 1 0 0 0 2 
1 1 1 1 0 1 1 1 1 0 
1 1 1 1 1 1 1 0 0 0 
1 0 1 1 0 0 1 0 1 1 
0 0 1 0 0 1 0 0 1 1 
1 1 1 0 0 0 0 0 0 2 
0 0 1 0 0 1 1 1 0 1 
0 0 1 1 0 1 0 1 0 1 
0 1 3 0 1 0 0 1 1 0 
0 0 1 0 0 0 0 1 0 1 
0 1 1 0 0 0 0 0 0 2 
1 0 1 0 0 1 1 0 1 1 
0 1 1 0 0 0 0 0 0 0 
0 0 2 1 0 0 1 0 0 2 
1 0 1 0 0 0 0 1 1 2 
0 0 0 0 0 1 0 0 0 1 
0 1 1 1 1 1 0 0 0 1 
1 1 1 0 0 0 1 1 1 0 
0 0 2 0 0 1 0 0 1 0 
0 0 3 1 1 1 0 1 1 1 
1 1 1 0 1 0 1 0 0 0 
0 0 0 0 1 1 1 1 1 0 
1 0 1 0 1 0 0 0 1 2 
1 0 2 0 1 0 0 1 1 2 
0 1 1 1 1 0 1 0 0 1 
1 1 1 0 1 0 0 1 1 2 
1 0 1 0 0 1 0 0 1 0 
1 1 1 1 0 0 1 0 1 0 
0 1 3 0 0 0 1 1 0 2 
1 1 1 1 1 0 0 0 0 1 
1 1 1 0 1 1 1 0 1 0 
0 0 1 0 0 1 1 0 1 0 
0 0 1 0 0 1 1 0 0 2 
0 1 1 0 0 1 0 0 1 0 
0 0 1 1 0 1 1 0 1 2 
0 0 1 0 1 0 0 1 1 2 
0 0 1 0 1 1 0 0 1 0 
0 1 2 1 1 0 1 0 1 0 
1 0 1 0 1 0 1 1 1 2 
0 0 1 0 0 0 0 0 0 2 
0 0 2 0 1 0 0 0 1 0 
0 1 1 0 0 0 0 1 0 2 
0 1 2 0 0 0 0 0 0 2 
0 0 0 1 1 1 0 1 0 2 
1 1 1 0 0 0 1 0 1 1 
0 0 2 0 0 1 0 1 0 1 
1 1 0 1 0 0 0 0 0 0 
0 0 1 1 0 1 1 0 0 2 
1 1 1 1 0 0 1 1 1 1 
0 0 1 1 0 1 1 0 0 0 
1 1 0 1 1 1 1 1 0 1 
0 0 1 0 0 0 0 0 1 0 
0 1 1 1 1 0 0 0 1 1 
0 0 1 0 1 1 0 1 0 1 
1 1 2 1 0 0 1 1 1 0 
0 1 1 0 0 0 1 0 0 2 
1 1 1 1 0 0 1 1 1 0 
0 0 1 1 1 1 1 0 0 2 
0 1 2 0 1 1 0 0 0 2 
1 1 2 0 1 1 1 1 1 2 
0 1 1 1 0 0 0 0 0 1 
1 0 1 0 1 1 0 1 1 2 
0 1 1 1 0 0 0 0 0 2 
1 0 1 0 0 0 1 0 0 1 
1 1 1 1 0 0 1 1 0 0 
1 1 0 1 0 0 0 0 1 2 
1 0 1 0 0 1 0 1 0 1 
0 0 2 0 0 0 1 1 1 1 
1 0 1 0 1 0 1 0 1 1 
0 1 1 1 1 0 0 0 0 1 
0 0 0 0 0 0 0 0 0 0 
1 0 0 0 1 0 1 0 1 1 
0 1 1 1 1 0 0 0 0 2 
0 1 0 0 0 0 1 1 1 2 
0 0 3 0 1 0 0 0 1 2 
1 0 1 1 1 0 0 1 1 2 
1 1 1 0 1 1 1 0 0 1 
1 1 1 0 1 1 1 0 0 0 
0 1 3 1 0 0 0 0 0 0 
1 0 1 0 0 0 1 0 1 1 
0 0 1 0 0 1 0 1 0 1 
1 0 1 0 0 0 1 0 1 2 
0 0 1 0 0 1 0 1 0 2 
0 0 1 1 0 1 1 1 0 2 
1 1 1 1 1 0 1 1 1 0 
0 0 1 1 0 1 0 0 1 0 
0 1 1 0 0 1 0 0 0 2 
0 0 3 0 0 0 1 0 0 1 
0 1 1 1 0 1 1 0 0 2 
0 0 2 1 0 1 1 0 0 2 
1 1 3 0 0 1 0 0 1 1 
1 0 2 1 0 1 0 1 0 0 
1 1 1 0 0 1 1 0 0 0 
0 1 1 0 0 0 0 0 1 2 
1 0 1 1 0 0 1 1 1 0 
1 1 1 0 1 1 0 0 0 0 
0 1 1 1 0 0 1 1 1 0 
0 0 3 0 0 1 1 0 1 0 
0 0 1 0 0 1 0 1 1 0 
0 0 1 0 0 1 0 1 1 1 
1 0 3 1 1 0 1 0 0 0 
0 1 1 0 1 1 1 0 0 0 
1 0 1 0 0 0 0 0 1 1 
0 0 1 1 0 1 0 0 0 2 
1 1 1 1 0 0 0 1 1 0 
0 0 1 0 0 0 1 0 1 1 
0 0 1 1 1 0 0 0 0 1 
1 0 1 0 1 0 0 1 0 2 
1 0 1 1 0 1 1 0 0 2 
0 1 2 1 1 0 0 0 0 1 
0 1 1 1 1 0 0 1 0 1 
1 1 2 0 1 1 1 0 0 0 
0 0 1 1 0 0 1 0 0 2 
1 1 1 0 1 1 1 1 0 0 
0 0 1 0 0 1 0 0 1 0 
0 0 1 0 0 1 0 0 0 0 
1 0 2 0 0 0 1 0 1 1 
0 0 1 0 0 1 0 0 0 1 
1 0 1 0 1 1 1 0 0 0 
1 0 1 0 0 0 1 1 1 1 
1 0 3 0 0 0 0 1 0 0 
1 1 2 1 0 0 0 0 0 1 
0 1 1 0 0 1 0 1 0 1 
0 0 2 0 1 1 0 0 0 1 
0 1 1 0 1 0 0 0 0 2 
0 1 1 0 1 0 0 0 0 1 
1 0 1 0 1 0 0 1 1 0 
1 0 1 0 1 0 0 1 1 2 
MFS
[ - , - , 1 , - , - , - , - , - , - , - ]
precise
0.0
recall
0.0
F-measure
0.0
accurate
0.5
accurate_oppsite
0.5
testCase Num: 126
1 0 2 1 0 1 0 0 0 2 
1 0 1 1 0 1 0 0 0 0 
1 0 1 1 0 1 0 0 0 2 
1 1 1 1 0 1 1 1 1 0 
1 1 1 1 0 1 1 1 1 1 
1 1 1 0 1 0 1 1 0 2 
0 1 2 0 0 0 0 1 1 1 
0 0 1 0 1 0 0 1 0 0 
0 0 0 1 1 1 0 1 1 0 
1 0 0 1 0 0 1 0 1 0 
1 1 1 0 0 0 0 0 0 1 
0 0 1 0 0 1 0 0 1 2 
1 0 1 0 1 1 1 0 1 0 
1 0 1 0 0 0 0 1 1 1 
0 0 2 1 0 0 1 0 0 1 
1 0 1 1 1 1 0 0 0 2 
1 0 1 1 0 1 0 0 1 2 
0 0 1 1 1 0 1 0 1 1 
0 1 1 0 0 0 0 0 0 2 
1 1 1 1 1 1 1 1 1 0 
0 1 1 0 0 0 0 0 0 1 
0 0 1 1 0 0 0 0 1 2 
0 0 1 1 1 1 0 1 0 0 
1 1 2 1 0 1 1 1 1 0 
0 1 1 0 1 0 0 1 0 2 
1 1 1 1 0 1 1 0 1 0 
0 0 1 0 1 1 1 0 1 1 
1 0 1 1 1 0 1 0 1 0 
1 0 1 0 1 0 0 0 1 0 
1 0 1 1 0 1 1 1 1 0 
1 0 1 1 0 1 0 1 0 2 
0 0 1 0 0 0 0 1 1 2 
1 0 1 0 0 1 0 0 1 1 
0 0 1 1 1 1 0 0 1 1 
1 0 3 0 0 0 1 1 0 2 
0 0 1 1 0 1 1 0 1 1 
1 0 1 0 0 1 0 0 0 2 
0 1 1 1 0 1 1 1 1 0 
1 0 1 0 1 0 1 1 1 0 
1 0 1 1 0 1 0 1 1 1 
0 0 1 0 0 0 0 0 0 1 
0 0 1 0 0 0 0 0 0 2 
0 1 1 0 0 0 0 1 0 1 
1 0 1 0 0 1 1 1 1 1 
0 1 2 0 0 0 0 0 0 1 
0 0 0 0 0 1 1 1 1 1 
1 0 1 0 1 1 0 1 1 1 
0 0 1 0 0 0 0 0 1 0 
1 0 1 0 1 0 1 0 0 0 
1 1 1 0 0 1 0 1 1 1 
0 1 1 1 1 0 1 1 0 2 
0 0 1 0 0 0 0 0 1 2 
0 0 1 1 1 0 0 1 1 0 
1 0 2 0 0 1 0 1 1 1 
1 0 2 0 0 1 0 1 1 0 
0 1 1 0 0 0 1 0 0 1 
0 0 0 1 1 1 1 0 0 2 
1 1 1 1 0 0 1 1 1 0 
0 0 1 1 0 0 0 1 0 0 
0 0 1 1 1 1 1 0 0 1 
0 1 1 1 0 0 0 0 0 1 
0 0 2 1 1 1 1 0 1 1 
0 0 1 1 1 1 1 0 1 1 
0 0 1 0 1 0 1 1 0 2 
1 0 2 0 1 0 1 0 1 0 
1 0 1 0 0 1 0 1 0 1 
1 0 1 0 1 0 1 0 1 0 
0 1 1 0 1 0 1 0 0 2 
0 0 1 1 1 0 0 1 0 1 
0 0 1 1 1 0 0 1 0 0 
1 0 1 0 1 0 1 0 1 1 
0 0 0 0 0 0 0 0 0 1 
0 0 0 0 0 0 0 0 0 0 
1 1 1 0 0 1 1 1 1 0 
0 0 2 1 1 0 0 1 0 0 
0 0 1 1 1 0 0 0 0 0 
0 0 0 0 0 0 0 0 0 2 
1 1 1 1 0 1 0 1 1 0 
0 0 1 0 1 0 0 0 1 2 
0 1 1 0 1 1 1 1 0 2 
1 1 0 1 1 0 1 0 0 1 
1 0 3 1 0 0 0 1 1 1 
1 0 1 1 1 1 1 0 1 1 
0 0 1 1 1 1 1 1 1 1 
1 0 3 0 1 1 1 1 0 0 
0 1 1 1 1 1 1 0 1 1 
1 0 1 0 0 0 1 0 1 0 
0 1 1 0 0 1 0 0 0 1 
1 0 1 0 0 1 0 1 1 2 
1 0 1 0 0 1 0 1 1 1 
0 1 3 1 1 0 0 0 1 2 
0 0 2 0 0 0 0 0 1 2 
0 1 1 0 1 0 1 1 1 2 
0 1 2 1 1 0 1 0 0 0 
1 1 3 0 0 1 0 0 1 0 
1 1 0 0 0 1 0 1 1 2 
0 0 1 1 1 0 1 1 0 0 
0 0 3 0 1 0 0 0 0 1 
0 1 1 0 0 0 1 1 0 2 
0 1 1 0 0 0 0 0 1 1 
1 1 1 1 0 1 0 0 0 2 
0 1 1 0 0 0 0 0 1 2 
0 0 1 0 1 0 1 0 1 0 
0 0 2 0 0 1 1 0 1 2 
0 1 3 1 0 0 0 1 0 0 
1 0 2 0 1 1 0 1 0 1 
0 0 1 0 0 1 0 1 1 1 
1 0 2 1 0 0 1 1 0 2 
1 0 1 0 0 0 0 0 1 2 
0 0 1 1 0 1 0 0 0 2 
1 1 1 0 1 0 1 0 1 0 
0 1 1 0 1 0 1 1 0 2 
0 0 1 0 0 0 1 0 1 2 
0 1 2 0 1 0 1 1 0 2 
0 1 1 1 1 0 0 1 0 0 
1 0 1 1 0 1 1 0 0 2 
0 1 1 0 1 0 1 1 0 0 
1 1 1 1 0 1 1 1 0 0 
0 0 3 1 0 1 1 0 1 2 
0 1 3 0 0 1 1 0 0 1 
0 0 1 1 1 1 1 0 1 2 
1 0 1 1 0 0 0 0 0 2 
1 0 1 1 1 0 0 1 0 0 
1 1 2 1 1 1 0 0 1 2 
0 1 0 0 1 0 0 1 0 0 
0 1 1 0 1 0 0 0 0 1 
MFS
[ - , - , 1 , - , - , - , - , - , - , - ]
precise
0.0
recall
0.0
F-measure
0.0
accurate
0.5
accurate_oppsite
0.5
testCase Num: 136
1 0 1 1 0 1 0 0 0 0 
1 0 1 1 0 1 0 0 0 1 
0 0 1 1 0 0 1 1 1 2 
0 1 1 0 0 1 1 0 1 0 
0 1 1 1 0 0 1 0 1 2 
0 0 2 0 0 1 1 1 1 1 
1 0 1 1 0 0 1 0 1 2 
0 0 0 1 0 1 0 1 0 2 
0 1 1 0 0 1 1 0 0 1 
1 1 1 1 1 0 0 1 1 0 
0 1 1 0 0 1 1 0 0 0 
0 0 1 1 0 1 0 1 0 1 
0 1 1 1 0 1 0 0 0 1 
0 1 1 0 1 0 0 1 1 1 
1 0 1 0 1 0 0 0 0 0 
1 0 1 0 1 0 0 0 0 2 
1 0 1 1 0 1 0 0 1 0 
1 0 2 0 1 0 0 0 0 2 
0 0 1 1 1 0 1 0 1 2 
0 0 1 0 0 0 0 1 0 0 
0 1 2 0 1 0 0 0 1 1 
1 1 2 1 0 1 1 1 0 2 
0 1 1 0 0 0 0 0 0 0 
1 1 1 1 1 1 1 1 1 0 
0 0 1 1 0 0 0 0 1 2 
0 1 2 0 0 1 1 0 0 0 
1 0 1 1 1 1 0 0 0 0 
1 1 1 0 1 1 0 1 1 0 
1 0 0 0 1 1 1 1 1 2 
0 0 1 0 0 1 1 0 0 0 
0 0 2 1 0 0 1 0 1 2 
1 0 1 0 0 0 0 0 0 0 
0 1 3 0 0 0 1 1 0 1 
1 1 2 1 0 0 0 1 0 0 
1 0 2 1 0 1 0 0 0 0 
1 0 1 0 1 0 0 0 1 2 
1 0 1 0 1 0 1 1 0 2 
1 0 1 0 1 0 1 1 0 1 
1 0 1 1 0 1 0 1 0 0 
0 0 1 1 0 0 0 0 0 0 
0 0 2 1 0 0 0 0 0 1 
0 0 1 1 0 0 0 0 0 1 
0 0 1 0 1 0 0 0 0 0 
0 1 1 0 1 1 0 1 0 2 
1 0 1 1 1 1 0 1 1 0 
0 1 0 1 1 1 1 0 0 1 
0 0 2 0 0 1 0 0 0 0 
0 1 1 1 1 1 0 1 1 0 
0 1 1 0 0 1 1 1 0 0 
0 0 1 1 0 1 1 0 1 2 
0 1 1 0 0 1 1 1 0 2 
1 1 0 1 0 0 0 1 1 1 
0 0 3 1 0 1 0 0 0 1 
1 0 0 0 0 1 0 0 0 1 
0 1 0 0 1 0 0 0 1 2 
1 0 1 0 1 0 1 1 1 1 
1 1 3 0 0 1 1 0 1 0 
0 0 1 0 0 0 0 0 0 0 
1 1 1 0 0 1 0 1 0 2 
0 1 2 1 1 0 1 0 1 0 
0 0 1 0 0 0 0 0 0 1 
1 1 1 0 1 0 0 0 0 2 
0 1 1 0 0 0 0 1 0 2 
0 0 2 0 1 0 0 0 1 2 
0 0 1 1 1 1 0 0 0 1 
0 0 3 0 0 1 0 0 0 2 
0 0 1 1 0 1 1 0 0 1 
1 1 1 0 1 0 1 1 0 1 
1 1 1 0 1 0 0 0 1 1 
0 0 1 0 0 0 0 0 1 0 
1 0 1 0 1 0 1 0 0 1 
1 0 1 0 1 0 1 0 0 2 
0 0 3 1 1 0 0 1 1 2 
0 1 1 1 1 0 0 0 1 1 
0 1 1 0 1 0 1 0 1 1 
1 1 2 1 1 1 0 1 1 0 
1 0 1 1 1 0 0 0 0 2 
1 0 1 1 0 0 0 0 0 0 
1 0 2 0 1 1 0 0 0 2 
0 0 0 1 0 1 1 1 1 0 
0 1 1 0 0 1 0 1 1 2 
1 1 1 1 1 1 0 1 0 0 
1 0 1 1 1 0 1 1 0 1 
0 0 0 0 0 0 0 0 0 0 
1 1 1 1 0 1 0 1 1 0 
1 0 1 0 0 1 0 0 0 0 
0 0 1 0 1 0 1 1 0 1 
0 0 1 0 1 0 0 0 1 1 
0 1 1 0 1 1 0 0 1 1 
1 0 1 0 1 1 0 0 0 2 
1 0 1 0 1 1 1 1 0 1 
0 0 1 0 0 1 0 1 0 2 
0 1 1 0 0 1 0 0 0 0 
0 1 2 0 0 1 0 1 0 2 
0 0 1 1 0 1 0 0 1 1 
0 0 1 0 1 0 0 0 0 2 
0 1 1 0 0 1 0 0 0 2 
0 1 1 1 0 1 1 0 0 0 
0 0 1 0 0 0 1 0 0 0 
1 1 1 0 0 1 1 0 0 0 
1 1 1 1 0 1 0 0 0 0 
0 1 1 0 0 0 0 0 1 1 
1 1 1 1 1 1 0 0 1 0 
0 0 1 1 0 0 1 0 1 2 
1 0 3 1 0 0 0 1 0 0 
1 0 1 0 0 0 0 0 0 2 
1 0 1 0 0 0 1 1 0 1 
0 0 1 1 0 1 0 0 0 1 
0 0 3 0 1 1 1 1 0 0 
0 0 1 1 0 1 0 0 0 2 
0 1 1 0 1 1 1 0 0 0 
0 0 2 1 0 1 0 0 0 1 
0 0 1 1 0 1 0 0 0 0 
0 1 1 0 1 0 0 0 1 2 
0 0 1 0 0 0 1 0 1 2 
0 0 2 0 0 0 0 0 0 0 
0 1 1 1 0 1 0 1 0 2 
1 0 1 1 0 1 1 0 0 0 
1 0 1 0 1 0 0 1 0 1 
1 0 1 0 1 0 0 1 0 2 
0 1 1 0 1 0 0 0 1 1 
1 1 3 1 0 0 1 0 0 2 
0 0 1 1 0 0 1 0 0 2 
0 1 1 0 0 1 0 1 0 2 
0 0 1 0 0 1 0 0 0 0 
0 0 1 0 0 1 0 0 0 1 
0 0 1 1 0 0 1 0 1 0 
0 1 1 0 0 1 0 1 0 0 
1 1 2 0 1 0 0 1 1 1 
0 1 1 0 0 0 1 0 0 0 
1 1 1 1 1 1 0 1 1 1 
1 1 1 1 1 1 0 1 1 0 
1 1 0 0 1 0 1 0 0 0 
1 1 3 0 1 0 0 0 1 1 
0 1 1 0 1 0 0 0 0 1 
1 0 2 0 1 0 1 1 0 1 
MFS
[ - , - , 1 , - , - , - , - , - , - , - ]
precise
0.0
recall
0.0
F-measure
0.0
accurate
0.5
accurate_oppsite
0.5
testCase Num: 125
0 0 1 1 1 0 1 0 0 1 
1 1 1 1 0 1 1 1 1 0 
0 1 1 0 0 0 0 1 1 2 
1 0 2 0 0 1 1 0 0 0 
0 1 1 0 0 0 0 1 1 1 
1 0 1 1 0 0 1 0 1 2 
0 1 1 1 1 1 0 0 1 0 
1 0 1 0 1 1 1 0 1 1 
0 0 2 1 0 0 1 0 0 1 
1 0 1 1 1 1 0 0 0 2 
1 0 1 0 1 0 0 0 0 0 
1 0 1 1 0 1 1 1 0 0 
0 0 1 0 0 0 0 1 0 2 
1 1 0 1 0 1 0 0 1 1 
0 0 1 0 0 0 0 1 0 1 
1 1 1 1 0 1 1 0 0 0 
0 1 1 0 0 0 0 0 0 2 
0 1 2 0 0 0 0 1 0 2 
1 0 1 0 0 1 1 0 1 2 
0 1 0 0 0 0 0 1 0 1 
0 1 2 0 0 0 0 1 0 1 
1 1 2 1 0 1 1 1 0 0 
0 1 1 0 0 0 0 0 0 1 
0 0 1 1 1 1 0 1 0 2 
0 0 1 1 0 0 1 1 0 1 
0 1 1 1 0 0 1 0 0 1 
0 1 1 1 1 1 0 0 0 2 
1 0 1 1 0 0 1 0 0 1 
0 0 2 1 1 1 0 0 0 2 
0 0 3 0 0 1 1 0 0 0 
0 0 0 0 0 1 0 0 0 0 
1 0 1 0 0 0 0 0 0 1 
1 0 1 0 0 0 0 0 0 0 
1 1 1 1 1 1 1 1 0 0 
0 1 1 0 1 0 0 1 0 2 
0 1 1 0 1 0 0 1 0 1 
0 1 0 1 0 1 1 1 0 2 
1 0 0 0 1 0 0 0 1 2 
0 0 1 0 1 1 0 0 0 2 
0 0 0 0 1 0 1 0 1 1 
0 1 1 1 0 0 0 1 0 2 
0 0 1 1 0 0 0 0 0 1 
0 0 1 1 1 1 0 0 1 2 
1 0 2 0 1 1 1 1 1 1 
0 1 1 1 0 0 0 1 0 1 
1 1 1 1 1 0 0 0 1 0 
1 1 3 1 0 1 0 0 1 1 
1 0 0 1 1 0 0 1 1 0 
1 1 2 0 1 0 1 0 1 1 
1 0 1 0 1 0 1 1 1 1 
0 1 1 1 1 0 1 0 1 0 
0 0 1 0 0 0 0 0 0 0 
0 1 2 1 1 0 1 0 1 0 
0 1 1 0 0 0 0 1 0 1 
0 1 1 0 0 0 0 1 0 2 
1 0 1 0 0 1 1 1 1 1 
0 1 2 0 0 0 0 0 0 2 
0 1 1 0 0 0 0 1 0 0 
0 0 1 1 1 1 0 0 0 2 
0 0 1 1 1 1 0 0 0 0 
0 0 3 0 0 1 1 1 0 1 
1 1 0 0 1 1 1 0 0 0 
1 1 1 0 0 0 1 0 1 2 
1 0 1 0 1 1 0 1 1 1 
1 0 2 0 0 0 0 0 0 0 
1 0 1 0 0 0 0 1 0 0 
1 0 2 1 1 1 0 1 1 2 
0 0 1 1 0 1 1 0 0 1 
0 1 1 1 0 1 1 1 0 0 
0 0 1 0 1 1 1 1 1 1 
0 0 2 0 0 0 1 0 0 2 
0 0 3 1 1 0 0 1 1 1 
0 1 1 1 1 0 0 0 1 1 
1 1 1 1 0 1 0 1 0 0 
0 0 1 1 1 1 1 0 0 2 
1 1 1 0 1 1 1 1 1 1 
1 0 1 1 0 0 0 0 0 0 
1 0 1 0 0 0 1 0 0 0 
1 0 1 0 0 0 1 0 0 2 
0 1 2 0 0 1 0 1 1 0 
1 1 1 1 0 0 1 1 0 0 
1 1 3 0 1 0 0 1 0 2 
1 0 1 0 1 0 1 0 1 2 
0 0 0 0 0 0 0 0 0 0 
0 1 1 1 1 0 0 0 0 0 
1 0 1 0 0 1 0 0 0 0 
1 1 3 1 0 0 1 1 0 0 
1 0 3 0 1 1 0 0 1 0 
1 0 2 1 0 0 1 1 0 1 
1 0 1 0 1 1 1 1 0 1 
1 0 1 0 0 0 1 0 1 0 
1 0 1 0 0 0 1 0 1 2 
0 0 3 0 0 1 0 1 0 2 
0 0 1 0 0 0 1 0 0 1 
0 1 1 1 1 0 0 0 1 0 
1 1 1 0 0 1 1 1 0 0 
0 1 1 1 1 0 0 1 1 0 
0 0 1 1 1 0 0 0 1 0 
0 1 1 0 0 0 1 1 0 2 
0 1 1 0 0 0 1 1 0 1 
1 0 1 0 1 1 1 1 1 2 
1 0 1 0 1 1 1 1 1 1 
1 1 1 0 0 0 0 1 0 1 
1 1 1 0 0 0 0 1 0 2 
1 0 1 0 0 0 0 0 1 2 
0 0 1 1 0 1 0 0 0 2 
1 0 1 0 0 0 0 0 1 0 
0 1 3 1 1 0 1 0 1 2 
0 0 1 1 1 0 0 0 0 2 
0 0 1 0 0 0 1 0 1 2 
1 1 1 1 0 1 1 1 0 0 
0 1 1 0 1 0 0 0 1 0 
1 1 1 1 0 1 1 1 0 1 
0 0 1 1 0 0 1 0 0 1 
0 0 1 1 0 0 1 0 0 2 
1 0 1 1 1 1 1 1 1 1 
0 1 1 1 0 0 0 0 1 0 
1 1 1 0 0 0 0 0 0 0 
0 1 1 0 0 1 0 1 0 2 
1 0 2 0 0 0 1 0 1 2 
1 0 1 0 0 0 1 1 1 2 
0 1 1 0 0 1 0 1 0 1 
0 0 1 1 0 0 1 0 1 1 
0 0 2 0 1 1 0 0 0 1 
0 1 2 1 1 0 0 0 1 0 
MFS
[ - , - , 1 , - , - , - , - , - , - , - ]
precise
0.0
recall
0.0
F-measure
0.0
accurate
0.5
accurate_oppsite
0.5
testCase Num: 125
1 0 1 1 0 1 0 0 0 0 
0 1 1 0 0 0 0 1 1 1 
1 0 2 1 1 1 0 0 1 1 
1 0 1 0 0 0 0 1 0 2 
0 0 1 1 1 1 0 1 1 0 
1 0 1 1 0 0 1 0 1 1 
0 1 1 1 0 0 1 0 1 2 
1 0 1 1 0 0 1 0 1 2 
1 0 2 1 0 0 1 0 1 1 
1 1 1 0 0 0 0 0 0 2 
1 0 0 0 1 1 1 0 1 1 
0 0 3 0 1 1 1 0 0 2 
0 1 1 1 0 1 0 0 0 0 
0 1 1 0 1 0 0 1 1 2 
0 0 1 0 1 1 1 0 0 1 
0 0 1 0 1 1 1 0 0 0 
0 0 2 0 1 1 1 0 0 0 
1 0 1 0 1 0 0 0 0 2 
0 0 1 0 0 0 0 1 0 1 
1 1 1 1 0 1 1 0 0 0 
0 1 2 0 0 0 0 1 0 1 
0 0 2 0 1 0 0 1 1 2 
0 1 1 0 0 0 0 0 0 1 
1 0 3 1 0 0 1 0 0 1 
0 0 3 1 1 1 0 1 0 1 
1 0 1 1 0 0 1 0 0 1 
0 0 1 0 0 1 1 0 0 0 
1 1 1 0 1 1 0 1 0 1 
0 1 2 0 1 1 1 0 1 2 
0 1 1 0 0 1 1 0 1 2 
1 0 1 0 0 0 0 0 0 0 
0 0 0 1 0 1 0 1 1 1 
1 1 1 1 1 1 1 1 0 1 
0 0 1 0 1 1 1 0 1 0 
1 0 1 1 1 0 1 0 1 1 
0 1 1 0 1 0 0 1 0 1 
0 1 0 0 1 0 0 0 0 1 
0 0 1 0 0 0 0 1 1 2 
1 1 2 1 0 1 0 0 0 0 
1 1 1 1 0 1 1 0 1 2 
1 1 1 1 0 0 1 0 1 1 
0 1 2 1 0 0 0 1 0 2 
0 1 1 1 0 0 0 1 0 1 
0 1 0 0 0 1 1 1 0 2 
0 1 0 0 0 1 0 0 1 0 
0 0 1 1 0 1 1 0 1 2 
0 0 1 0 1 0 0 1 1 2 
1 0 1 0 0 1 0 0 0 2 
0 1 1 1 0 1 1 1 1 2 
0 0 1 0 1 1 1 1 0 0 
1 1 3 0 1 0 1 0 1 0 
0 0 1 0 0 0 0 0 0 2 
0 1 1 0 0 0 0 1 0 1 
0 1 1 0 0 0 0 1 0 2 
0 0 1 1 0 0 0 1 1 0 
0 0 1 0 1 0 0 1 1 0 
1 0 3 1 0 0 1 1 0 2 
0 1 3 1 0 0 0 0 1 2 
1 0 2 0 0 0 0 0 0 2 
0 0 1 0 1 0 0 1 0 2 
0 1 1 1 0 1 0 0 1 2 
1 1 1 0 1 0 1 1 0 1 
0 0 2 1 1 0 0 1 1 0 
1 0 3 0 0 1 0 1 1 0 
0 0 1 1 1 0 0 1 1 0 
1 1 1 1 0 1 0 1 0 0 
0 0 1 0 1 0 1 1 1 2 
1 1 1 0 1 1 1 1 1 1 
1 0 2 0 0 0 1 0 0 0 
1 1 1 0 1 1 1 1 0 2 
1 1 1 0 1 1 1 1 0 1 
1 0 1 0 0 0 1 0 0 2 
1 0 0 1 1 0 1 1 0 0 
0 1 1 1 0 1 1 0 1 2 
0 1 1 1 0 1 1 0 1 0 
0 0 1 1 1 0 0 1 0 0 
0 1 2 1 0 1 1 0 1 2 
1 1 1 0 0 1 0 0 0 0 
0 0 0 0 0 0 0 0 0 0 
0 0 1 0 1 1 0 1 1 2 
0 1 3 0 0 1 0 0 1 1 
0 0 1 0 1 0 0 0 1 2 
0 1 1 0 1 1 1 1 0 1 
1 1 2 0 1 1 1 1 0 1 
1 1 1 0 1 1 1 0 0 1 
1 0 1 0 1 1 1 1 0 1 
1 0 1 0 0 0 1 0 1 1 
0 1 1 1 1 1 1 0 1 2 
0 0 1 1 1 1 1 0 0 0 
1 1 1 1 0 0 0 0 0 0 
0 1 1 1 0 1 1 0 0 2 
0 0 1 0 1 1 0 0 0 0 
0 1 2 1 1 0 1 0 0 1 
0 0 1 1 1 0 0 1 1 2 
0 0 1 1 1 0 0 1 1 1 
1 1 1 0 0 1 1 1 0 1 
0 1 1 1 1 0 0 1 1 0 
0 0 1 1 1 0 0 0 1 0 
1 1 1 1 0 1 0 0 0 0 
1 1 1 1 0 1 0 0 0 1 
0 1 1 0 0 0 1 1 0 1 
1 0 0 0 0 0 0 0 0 2 
1 0 1 0 0 0 0 0 0 2 
1 0 1 1 0 0 1 1 1 1 
0 1 3 1 0 0 0 1 0 0 
1 1 1 0 0 0 0 1 0 1 
1 0 1 0 0 0 0 0 1 2 
0 1 1 0 1 1 1 0 0 0 
1 0 1 1 1 0 0 1 1 0 
1 1 1 1 1 1 0 0 0 0 
1 0 2 0 0 1 0 0 0 2 
0 0 2 0 0 0 0 1 0 1 
0 0 1 1 1 0 1 1 1 0 
1 1 1 1 0 1 0 0 1 0 
0 0 2 1 0 1 1 1 1 0 
0 0 1 0 1 0 1 0 0 0 
1 1 0 1 1 0 0 0 1 2 
1 0 1 1 0 0 0 0 1 1 
1 0 1 1 0 0 0 0 0 2 
1 0 1 0 1 1 1 0 0 0 
0 0 1 1 0 0 1 0 1 1 
0 1 1 0 0 1 0 1 0 1 
1 1 2 0 1 0 0 1 1 0 
1 0 1 1 0 1 1 0 1 1 
1 0 1 0 1 0 0 1 1 2 
MFS
[ - , - , 1 , - , - , - , - , - , - , - ]
precise
0.0
recall
0.0
F-measure
0.0
accurate
0.5
accurate_oppsite
0.5
testCase Num: 139
1 0 1 1 0 1 0 0 0 0 
0 1 1 0 0 0 0 1 1 2 
1 1 1 1 0 1 1 1 1 1 
0 0 1 0 1 1 1 1 1 2 
0 0 0 1 1 1 0 1 1 2 
1 0 1 1 1 1 0 0 1 0 
1 1 1 1 1 0 0 1 0 0 
1 0 1 1 0 0 1 0 1 2 
1 1 3 0 0 0 1 1 0 0 
1 0 1 1 0 0 1 0 0 2 
0 0 1 0 0 1 1 1 0 2 
1 0 0 0 1 1 1 0 1 1 
0 0 2 1 0 0 1 0 0 0 
0 1 1 0 0 1 1 0 0 0 
0 1 0 0 0 1 1 0 0 2 
1 0 1 0 1 0 0 0 0 0 
1 0 2 0 1 0 0 0 0 0 
0 1 2 1 0 1 0 0 0 1 
1 0 1 0 1 0 0 0 0 1 
1 0 1 1 0 1 0 0 1 0 
1 0 2 1 0 1 0 0 1 0 
1 0 1 1 0 1 0 0 1 1 
0 1 2 1 1 0 0 1 0 0 
0 1 1 0 0 0 0 0 0 2 
0 0 1 0 1 1 1 0 0 2 
0 0 2 0 1 1 1 1 0 2 
0 1 1 0 0 0 0 0 0 0 
0 0 1 1 0 0 0 0 1 1 
1 0 1 1 0 0 1 0 0 0 
1 1 0 0 0 0 0 1 1 2 
0 1 1 1 0 0 1 0 0 0 
0 0 3 0 0 1 1 0 0 0 
1 1 1 0 0 0 1 1 1 1 
1 1 1 0 0 0 0 0 1 2 
1 0 2 0 0 0 0 1 0 1 
1 0 1 0 0 0 0 0 0 0 
0 1 1 0 0 0 0 0 1 0 
0 0 2 0 1 1 1 1 1 0 
0 1 1 0 1 0 0 1 0 0 
1 0 1 0 1 0 0 0 1 0 
1 0 1 0 1 0 0 0 1 1 
0 0 2 0 1 0 0 0 0 2 
0 1 2 0 0 0 0 0 1 2 
1 0 1 0 0 1 0 0 1 0 
0 0 1 0 1 0 0 0 0 1 
0 0 1 1 0 0 0 0 0 1 
0 0 2 1 0 0 0 0 0 1 
0 0 1 0 1 0 0 0 0 0 
0 0 1 1 1 1 1 1 0 2 
1 1 3 0 1 1 0 0 0 2 
0 0 1 1 0 0 0 0 0 2 
0 1 1 1 0 0 0 1 0 0 
1 1 1 0 0 0 1 0 0 0 
0 1 1 0 0 1 0 0 1 2 
1 1 1 1 0 0 1 0 0 2 
1 0 1 1 1 0 1 0 0 2 
0 0 1 0 1 1 1 1 0 0 
0 0 1 0 1 1 0 0 1 1 
1 1 1 0 1 0 0 0 0 0 
1 1 2 0 0 1 1 1 1 1 
1 0 1 1 0 1 0 1 1 0 
0 0 1 0 0 0 0 0 0 1 
0 0 1 0 1 1 1 1 0 2 
1 0 1 0 0 1 1 1 1 1 
0 0 2 0 1 0 0 0 1 1 
1 1 2 1 0 1 0 1 1 2 
0 0 1 0 1 0 0 1 1 1 
0 0 3 0 0 1 0 0 1 1 
1 1 3 0 0 0 0 0 0 1 
0 1 1 1 1 1 0 1 0 0 
0 1 1 0 0 1 1 1 1 1 
1 1 0 1 1 1 1 1 0 0 
0 0 2 0 0 0 1 0 0 2 
1 0 1 0 1 0 1 0 0 0 
0 0 1 0 0 0 0 0 1 1 
0 0 3 1 1 0 1 1 0 1 
1 1 1 0 0 1 0 1 1 1 
0 1 2 0 1 0 1 0 1 1 
0 0 1 0 0 0 0 0 1 2 
0 1 1 1 1 0 1 1 0 0 
0 0 1 0 1 1 0 1 0 2 
0 1 1 0 0 0 1 0 0 1 
0 0 1 1 0 0 0 1 0 1 
0 0 3 1 0 0 0 1 0 2 
1 1 1 0 1 1 1 1 1 1 
0 1 1 1 0 0 0 0 0 1 
1 0 1 0 1 1 0 0 0 0 
1 0 1 0 0 0 1 0 0 2 
0 1 3 0 0 0 1 0 1 2 
0 0 1 0 1 0 1 1 0 2 
0 1 1 0 0 0 1 0 1 0 
1 0 0 1 1 0 0 0 1 1 
0 0 1 1 1 0 0 1 0 0 
0 0 0 0 0 0 0 0 0 0 
0 1 1 1 1 0 0 0 0 0 
0 1 1 0 1 0 1 0 0 0 
0 1 1 0 0 0 1 0 1 2 
0 1 1 0 1 1 1 1 0 2 
0 0 1 0 1 0 0 0 1 2 
0 0 1 0 1 0 0 0 1 1 
0 1 0 1 0 0 1 1 0 1 
1 1 2 1 1 0 1 0 1 0 
0 0 1 1 0 1 0 0 1 0 
0 1 2 0 0 0 1 0 0 0 
1 0 1 1 1 0 0 0 0 0 
0 1 3 1 1 0 0 0 1 0 
0 0 1 0 0 0 1 0 0 0 
0 0 0 0 0 0 0 0 1 0 
1 1 1 0 0 1 1 1 0 1 
0 1 1 1 1 0 0 1 1 0 
0 0 1 1 1 0 0 0 1 1 
0 1 1 0 0 0 0 0 1 2 
0 1 1 0 0 0 1 1 0 0 
0 0 1 0 1 0 1 0 1 1 
1 0 1 0 1 1 1 1 0 2 
1 0 1 1 0 0 1 1 0 2 
0 0 1 1 0 1 0 0 0 1 
0 1 1 0 1 0 0 0 1 2 
1 0 3 1 0 1 0 1 1 0 
0 0 2 0 0 0 0 0 0 0 
0 0 1 1 1 0 0 0 0 1 
1 1 1 0 0 1 1 1 1 1 
1 0 1 0 1 0 0 1 0 0 
1 1 1 0 0 1 1 1 1 2 
0 1 1 1 1 0 0 1 0 0 
1 0 1 1 0 1 1 0 0 2 
1 1 1 0 0 1 1 0 1 1 
0 1 1 1 1 0 0 1 0 1 
1 1 1 1 0 1 0 0 1 0 
0 1 1 0 1 0 0 0 1 1 
0 0 1 1 0 0 1 0 0 1 
0 0 1 1 0 0 1 0 0 2 
1 0 2 1 0 0 1 0 0 2 
0 1 1 1 0 0 0 0 1 2 
1 0 1 1 0 0 0 0 1 0 
1 0 1 1 0 0 0 0 0 2 
1 0 1 1 0 0 0 0 0 1 
0 1 1 0 0 0 1 0 0 0 
1 0 1 1 0 1 1 0 1 0 
MFS
[ - , - , 1 , - , - , - , - , - , - , - ]
precise
0.0
recall
0.0
F-measure
0.0
accurate
0.5
accurate_oppsite
0.5
testCase Num: 127
1 0 1 1 0 1 0 0 0 2 
0 1 1 0 1 0 0 0 0 0 
0 0 1 0 1 1 1 1 1 2 
0 0 1 0 1 0 0 1 0 0 
1 0 2 1 1 1 1 1 0 1 
0 1 1 1 0 0 1 0 1 1 
1 1 1 0 0 0 0 0 1 0 
0 0 1 0 0 1 0 0 1 1 
1 0 0 0 1 1 1 0 1 2 
0 0 1 1 0 1 0 1 0 0 
0 1 1 1 0 1 0 0 0 0 
0 0 3 0 0 0 0 1 0 1 
0 0 1 1 1 0 1 1 1 2 
1 0 1 0 1 0 0 0 0 0 
1 1 3 0 0 1 0 1 0 0 
1 0 1 1 0 1 1 1 0 1 
1 1 2 1 0 1 0 0 1 2 
0 0 1 1 0 0 0 0 1 1 
0 1 1 1 1 1 0 0 0 2 
1 1 1 0 0 0 1 1 1 0 
0 0 1 0 0 1 1 1 1 1 
1 1 1 1 1 1 1 1 0 1 
1 0 3 0 1 0 0 0 1 1 
0 1 1 1 0 1 0 1 1 0 
1 0 1 0 0 1 1 0 0 2 
0 1 3 0 1 0 1 1 1 2 
0 0 1 0 0 0 0 1 1 1 
0 1 1 1 1 0 1 0 0 2 
0 0 2 0 1 0 0 0 0 0 
0 0 2 0 1 0 0 0 0 2 
0 0 1 0 1 0 0 0 0 1 
1 1 1 1 0 0 1 0 1 0 
0 0 1 0 1 0 0 0 0 0 
1 1 1 1 1 0 0 0 0 2 
0 0 1 1 1 1 1 1 0 1 
0 1 1 1 0 0 0 1 0 0 
1 1 1 0 0 0 1 0 0 0 
0 0 2 0 0 1 0 1 1 1 
1 0 1 1 1 1 0 1 0 1 
0 0 1 0 1 0 0 1 1 2 
1 0 1 0 0 1 0 0 0 2 
1 0 0 1 1 0 0 1 1 0 
0 0 1 0 0 0 0 0 0 0 
0 1 0 1 0 1 0 1 0 2 
1 0 1 0 1 0 1 1 1 2 
0 0 2 1 0 0 1 1 0 2 
1 1 1 0 0 0 1 0 1 0 
0 1 1 1 1 1 0 1 0 0 
1 1 0 0 0 0 1 1 0 1 
1 1 1 0 0 0 1 0 1 1 
0 0 3 0 0 1 0 0 0 2 
0 0 2 1 1 1 1 0 0 0 
1 0 1 0 0 1 0 0 1 2 
0 1 1 1 0 1 1 1 0 0 
0 1 1 1 0 1 0 0 1 1 
1 1 2 0 1 0 1 0 0 0 
0 1 1 1 1 0 0 0 1 2 
0 0 0 0 0 0 0 0 1 1 
0 1 1 1 1 0 0 0 1 1 
1 0 2 0 0 1 0 1 1 0 
0 0 2 0 1 0 1 1 1 2 
1 1 1 1 0 1 0 1 0 0 
0 0 1 0 1 0 1 1 1 2 
0 0 1 0 1 0 1 1 1 0 
1 0 2 1 0 0 0 0 0 1 
0 1 1 1 0 0 0 0 0 1 
0 1 1 1 0 0 0 0 0 2 
0 1 1 0 0 1 0 1 1 1 
1 1 1 1 0 0 0 0 1 1 
0 0 1 0 1 0 1 1 0 2 
1 0 1 1 1 0 1 1 0 1 
0 1 1 0 0 0 1 0 1 0 
1 0 1 0 0 1 0 1 0 2 
1 1 1 0 0 1 0 0 0 2 
0 0 0 0 0 0 0 0 0 0 
0 1 1 1 1 0 0 0 0 0 
0 0 1 0 0 0 1 1 1 2 
0 0 1 1 1 0 0 0 0 0 
0 1 1 1 1 0 0 0 0 2 
0 0 0 0 0 0 0 0 0 2 
0 0 1 0 1 1 0 1 1 1 
1 0 1 0 0 1 0 0 0 0 
0 0 1 0 1 0 0 0 1 0 
1 1 2 0 0 0 1 0 1 0 
1 0 1 0 1 1 0 0 0 2 
0 1 2 1 0 0 0 0 1 1 
0 1 1 1 0 0 0 1 1 1 
1 0 1 0 0 0 1 0 1 0 
1 0 1 0 1 1 1 1 0 1 
0 0 1 0 0 1 0 1 0 1 
1 0 3 1 0 0 0 1 0 2 
1 0 3 0 0 0 1 0 1 0 
1 0 1 0 0 1 0 1 1 1 
0 0 1 0 1 1 0 0 0 0 
0 1 1 0 1 0 1 1 1 2 
0 1 3 1 0 1 1 0 0 1 
0 0 2 0 1 0 1 0 1 1 
0 1 1 0 0 0 0 0 1 1 
0 0 3 0 1 0 0 0 0 2 
0 0 1 0 1 0 1 0 1 2 
1 0 1 1 1 1 1 0 0 1 
0 1 2 0 1 1 0 1 0 1 
1 0 1 0 0 0 0 0 0 2 
0 0 1 0 0 1 0 1 1 1 
0 0 1 0 0 1 0 1 1 2 
0 1 0 1 0 1 1 1 1 0 
0 1 1 1 0 1 0 1 0 0 
1 1 1 0 1 0 1 0 1 0 
1 0 2 0 0 1 0 0 0 2 
0 0 1 1 1 0 0 0 0 2 
0 1 2 1 0 1 0 1 0 0 
0 1 1 1 0 1 0 1 0 1 
1 1 1 0 0 1 1 0 1 0 
0 1 1 1 1 0 0 1 0 2 
0 1 2 1 1 0 0 0 0 2 
0 0 1 0 1 0 1 0 0 0 
1 0 1 1 1 1 1 1 1 1 
0 1 0 1 1 1 0 0 0 1 
0 1 1 1 0 0 0 0 1 1 
0 1 1 1 0 0 0 0 1 2 
0 0 3 1 1 1 0 0 1 0 
0 0 1 0 0 1 0 0 0 2 
0 0 1 1 0 1 0 1 1 1 
1 0 1 1 1 1 1 1 0 2 
1 0 1 1 1 1 1 1 0 1 
0 1 1 0 0 1 0 1 0 0 
0 1 1 0 1 0 0 0 0 2 
MFS
[ - , - , 1 , - , - , - , - , - , - , - ]
precise
0.0
recall
0.0
F-measure
0.0
accurate
0.5
accurate_oppsite
0.5
testCase Num: 137
1 0 3 0 0 1 1 0 0 0 
1 0 3 1 0 1 0 0 0 2 
0 0 1 1 1 0 1 0 0 0 
0 1 1 0 0 0 0 1 1 2 
1 1 1 1 0 1 1 1 1 0 
1 0 1 0 0 0 0 1 0 2 
1 0 1 0 0 0 0 1 0 1 
1 1 1 1 1 0 0 1 0 0 
1 1 3 0 0 0 1 1 0 1 
0 0 1 0 0 1 0 0 1 1 
0 0 1 0 0 1 0 0 1 2 
1 1 3 1 1 0 0 1 1 2 
1 0 1 0 0 0 0 1 1 1 
0 1 1 0 0 1 1 0 0 1 
0 1 2 0 0 1 1 0 0 1 
0 1 1 1 0 1 0 0 0 1 
1 0 1 0 1 0 0 0 0 2 
1 0 1 1 0 1 1 1 0 0 
0 0 1 0 0 0 0 1 0 0 
0 0 1 0 0 0 0 1 0 1 
1 1 1 1 0 1 1 0 0 1 
0 1 1 0 0 0 0 0 0 0 
0 1 1 1 0 0 1 0 0 1 
0 1 3 1 1 1 0 0 1 1 
0 0 2 0 0 1 0 0 0 2 
1 0 2 0 0 0 0 1 0 1 
1 1 1 0 1 1 0 1 0 0 
1 0 1 0 0 0 0 0 0 1 
1 0 1 0 0 0 0 0 0 0 
0 0 0 1 0 1 0 1 1 0 
1 1 1 0 1 0 1 0 0 2 
0 0 1 0 1 1 1 0 1 1 
0 1 1 0 1 0 0 1 0 0 
0 1 2 0 1 0 0 0 0 2 
0 0 0 1 1 0 0 0 1 2 
1 0 1 0 1 0 1 1 0 2 
1 0 1 1 0 1 1 1 1 0 
0 1 1 1 0 1 0 1 1 2 
0 0 1 0 1 1 0 0 0 2 
0 0 1 0 1 1 0 0 0 1 
0 0 1 1 0 0 0 0 0 0 
0 1 1 1 0 0 0 1 0 2 
0 0 1 0 1 0 0 0 0 0 
0 0 1 1 1 1 0 0 1 1 
0 1 0 0 1 1 0 1 0 2 
0 0 1 0 0 1 1 0 0 2 
1 0 0 1 1 1 1 1 1 1 
1 0 1 0 0 1 0 0 0 2 
1 0 1 1 1 0 1 0 0 2 
0 0 1 0 1 1 0 0 1 1 
1 1 1 0 1 0 0 0 0 0 
0 0 1 0 0 0 0 0 0 0 
1 0 2 1 0 1 1 1 0 2 
0 0 2 1 1 0 0 0 0 0 
1 0 1 1 0 1 0 1 1 0 
0 0 1 0 0 0 0 0 0 1 
0 0 1 0 0 0 0 0 0 2 
0 0 2 0 1 0 0 0 1 0 
1 0 1 0 0 1 1 1 1 0 
0 0 1 0 1 1 0 0 1 2 
0 0 1 1 0 0 0 1 1 2 
0 0 1 1 1 1 0 0 0 0 
0 1 2 1 0 0 0 1 1 2 
1 1 0 0 1 1 1 0 0 0 
1 1 0 0 0 0 0 0 1 1 
0 0 1 1 0 1 1 0 0 1 
0 1 1 1 0 1 1 1 0 1 
1 1 1 0 1 0 1 1 0 0 
0 0 1 0 0 0 0 0 1 0 
0 1 2 1 0 1 1 0 0 1 
1 0 1 0 1 0 1 0 0 0 
1 0 1 0 1 0 1 0 0 2 
1 0 2 1 0 1 1 1 1 0 
1 0 1 0 0 0 1 0 0 2 
0 0 1 1 0 1 1 1 1 0 
1 0 1 0 0 1 0 1 0 1 
1 1 2 0 1 0 0 1 0 0 
0 0 3 0 1 1 0 1 1 0 
1 1 1 0 1 0 0 1 0 0 
0 1 1 1 0 1 1 0 1 1 
1 0 1 0 1 0 1 0 1 2 
0 0 1 1 1 0 0 1 0 0 
0 0 2 1 1 0 0 1 0 1 
0 0 0 0 0 0 0 0 0 1 
0 0 0 0 0 0 0 0 0 0 
0 1 1 1 1 0 0 0 0 0 
0 0 1 1 1 0 0 0 0 0 
0 0 2 0 1 0 1 0 0 0 
1 1 2 1 1 1 0 0 0 0 
0 0 1 0 1 1 0 1 1 1 
1 1 1 0 1 0 0 1 0 1 
0 1 0 1 0 0 1 1 0 2 
0 1 1 0 1 1 0 0 1 1 
0 0 1 0 1 0 0 0 1 1 
1 0 2 1 0 0 0 0 1 1 
0 1 1 1 0 0 0 1 1 0 
0 1 1 1 0 0 0 1 1 2 
1 0 1 1 0 0 0 1 0 1 
1 0 1 0 1 1 0 0 1 1 
0 0 1 0 0 1 0 1 0 2 
0 1 1 0 0 1 0 0 0 2 
1 0 1 1 1 0 0 0 0 0 
0 1 1 1 0 1 1 0 0 2 
0 1 1 1 0 1 1 0 0 1 
0 0 3 0 0 0 1 0 0 2 
1 1 1 0 1 0 0 1 1 0 
0 0 1 0 0 0 1 0 0 0 
1 0 2 0 1 0 1 0 0 2 
1 0 1 1 0 1 1 1 1 1 
0 0 1 1 1 0 0 0 1 0 
0 1 1 1 1 0 0 1 1 2 
0 0 3 0 1 0 0 0 0 1 
1 0 0 0 0 0 0 0 0 2 
1 0 1 1 0 0 1 1 1 0 
0 0 2 0 0 1 1 0 1 2 
0 1 1 1 0 0 1 1 1 2 
1 1 1 0 0 0 0 1 0 0 
1 1 1 0 0 0 0 1 0 1 
0 1 1 1 1 1 1 0 0 1 
1 0 1 0 0 0 1 1 0 1 
1 1 1 1 0 0 0 1 1 2 
0 0 1 1 0 1 0 0 0 2 
0 1 3 1 1 0 1 0 1 0 
0 0 2 0 1 1 0 0 1 1 
0 0 2 0 0 0 0 0 0 0 
0 0 1 1 1 0 0 0 0 1 
1 0 1 0 1 0 0 1 0 0 
1 0 1 0 1 0 0 1 0 1 
0 0 1 0 1 0 1 0 0 2 
1 0 1 1 1 1 1 1 1 0 
1 1 2 0 0 0 1 1 1 0 
0 1 1 1 0 0 0 0 1 2 
0 0 1 0 0 1 0 0 0 0 
1 0 1 0 1 1 1 0 0 2 
0 0 1 0 0 1 0 0 0 2 
0 0 3 0 0 0 0 0 1 0 
1 0 1 1 0 1 1 0 1 0 
MFS
[ - , - , 1 , - , - , - , - , - , - , - ]
precise
0.0
recall
0.0
F-measure
0.0
accurate
0.5
accurate_oppsite
0.5
testCase Num: 126
1 0 1 1 0 1 0 0 0 2 
0 0 1 1 1 0 1 0 0 0 
0 1 1 0 0 0 0 1 1 2 
0 0 1 0 1 1 1 1 1 2 
1 1 1 1 1 1 1 0 0 0 
0 1 2 0 0 1 1 0 1 0 
1 0 0 0 0 0 0 1 0 2 
0 0 1 0 1 0 0 1 0 0 
1 0 1 1 0 0 1 0 1 1 
1 1 3 0 0 0 0 0 1 0 
1 1 2 0 0 0 0 0 1 2 
0 0 0 0 0 1 0 0 1 1 
1 1 1 0 0 0 0 0 0 1 
0 0 1 1 0 1 0 1 0 2 
1 0 1 1 0 0 1 0 0 2 
0 0 2 1 0 0 1 0 0 0 
0 0 1 1 0 0 1 0 0 0 
0 0 1 1 1 0 1 1 1 2 
0 1 2 1 1 0 0 1 0 0 
1 0 1 1 0 1 1 1 0 2 
0 1 1 0 0 0 0 0 0 2 
1 1 1 1 1 1 1 1 1 0 
0 1 1 0 0 0 0 0 0 1 
1 1 2 1 1 1 1 0 1 0 
0 0 1 1 0 0 1 1 0 0 
0 0 1 1 1 1 0 1 0 0 
0 0 0 0 0 1 0 0 0 2 
1 0 1 1 0 0 1 0 0 0 
1 0 2 0 1 1 1 0 0 1 
1 0 1 1 0 0 1 0 0 1 
0 1 1 1 0 0 1 0 0 0 
1 1 1 0 0 0 0 0 1 2 
1 1 1 0 1 1 0 1 0 1 
1 1 3 0 1 1 0 1 0 2 
0 0 3 0 0 0 0 1 1 0 
0 1 1 0 0 0 0 0 1 0 
1 1 1 1 0 1 1 0 1 0 
0 1 0 1 0 1 1 1 0 1 
1 0 1 1 0 1 0 1 0 0 
1 0 1 1 0 1 0 1 0 2 
1 1 3 1 0 0 0 0 0 1 
0 1 2 0 0 0 0 0 1 2 
0 1 1 0 1 1 0 1 0 0 
0 0 1 1 0 0 0 0 0 0 
0 0 2 1 1 1 1 1 0 2 
1 1 1 0 1 1 1 0 1 0 
1 0 2 0 0 0 1 1 0 0 
1 0 1 0 1 1 0 1 0 0 
1 0 1 1 1 1 0 1 0 2 
0 1 1 0 0 1 0 0 1 2 
1 1 1 1 0 0 1 0 0 1 
0 0 1 0 1 0 0 1 1 2 
1 0 1 1 1 0 1 0 0 1 
0 0 1 0 1 1 1 1 0 0 
1 0 1 0 1 0 1 1 1 2 
1 0 1 1 0 1 0 1 1 2 
0 0 1 0 0 0 0 0 0 1 
0 1 0 1 1 0 0 0 0 2 
0 1 1 0 0 0 0 1 0 1 
1 1 1 1 1 1 1 0 1 1 
1 1 1 1 1 1 1 0 1 0 
0 1 2 0 0 0 0 0 0 1 
0 1 1 0 1 1 0 1 1 1 
1 0 3 1 0 0 1 1 0 0 
1 1 2 0 1 1 0 1 1 1 
1 0 2 1 0 0 0 1 1 1 
0 1 0 1 0 0 1 0 0 0 
1 0 1 0 1 1 0 1 1 1 
0 0 1 1 0 1 1 0 0 0 
1 1 1 0 0 1 0 1 1 1 
1 1 1 1 0 1 0 1 0 2 
0 1 3 0 1 0 1 0 1 1 
0 0 1 0 0 0 0 0 1 2 
0 0 1 0 1 1 0 1 0 1 
0 0 1 0 1 1 0 1 0 0 
0 0 2 0 1 0 1 1 1 2 
0 1 1 0 0 0 1 0 0 1 
0 0 1 0 1 0 1 1 1 2 
0 0 1 0 1 0 1 1 1 0 
1 1 1 0 1 1 1 1 1 1 
0 1 1 1 0 0 0 0 0 1 
1 1 0 0 0 0 1 0 1 2 
1 0 1 0 0 0 1 0 0 1 
0 1 2 0 1 1 0 0 1 1 
0 0 1 0 1 0 1 1 0 2 
0 0 1 0 1 1 0 1 1 0 
1 0 1 0 0 1 0 1 0 2 
0 0 0 0 0 0 0 0 0 0 
0 0 1 0 0 0 1 1 1 2 
0 1 1 0 0 0 1 0 1 2 
1 0 1 1 1 1 1 0 1 0 
0 0 1 0 0 1 0 1 0 0 
1 0 0 0 1 1 0 1 1 0 
0 0 3 0 0 1 0 1 0 1 
0 0 3 1 1 1 1 0 0 0 
1 0 1 1 0 0 0 1 0 2 
0 0 2 1 0 0 0 0 0 0 
0 1 1 0 0 1 0 0 0 1 
0 0 3 1 0 1 0 0 1 2 
0 0 2 0 1 1 0 1 0 0 
0 0 1 0 1 1 0 0 0 0 
1 1 1 0 1 0 0 1 1 1 
0 0 3 0 0 0 1 0 0 2 
0 1 1 0 1 0 1 1 1 2 
0 0 1 0 0 0 1 0 0 0 
1 0 2 1 0 1 0 1 0 2 
1 1 1 1 1 1 0 0 1 0 
0 1 1 0 0 0 0 0 1 1 
0 1 1 0 0 0 0 0 1 2 
0 0 1 0 1 0 1 0 1 2 
0 1 1 1 1 1 1 0 1 0 
1 1 1 0 1 1 0 1 1 2 
1 0 1 1 0 0 1 1 0 1 
1 1 1 0 1 1 0 1 1 1 
0 1 1 0 1 0 0 0 1 2 
1 0 1 1 0 1 1 0 0 1 
0 0 1 1 0 0 1 0 0 1 
1 1 1 0 1 1 0 0 1 1 
1 0 2 1 0 0 1 0 0 1 
0 1 1 1 0 0 0 0 1 2 
1 0 1 1 0 0 0 0 0 1 
0 0 1 1 0 0 1 0 1 0 
1 1 1 1 1 0 1 0 1 0 
1 0 0 1 1 0 1 0 1 1 
1 1 1 1 1 1 0 1 1 1 
0 1 1 0 1 0 0 0 0 1 
MFS
[ - , - , 1 , - , - , - , - , - , - , - ]
precise
0.0
recall
0.0
F-measure
0.0
accurate
0.5
accurate_oppsite
0.5
testCase Num: 127
1 0 1 1 0 1 0 0 0 2 
1 0 1 0 0 1 1 0 0 0 
0 1 1 0 1 0 0 0 0 0 
0 1 1 0 0 0 0 1 1 1 
1 1 1 1 1 0 0 1 0 1 
1 1 1 0 0 0 0 0 1 1 
0 0 1 0 0 1 1 1 0 0 
1 1 1 0 0 0 0 0 0 2 
1 1 1 0 1 0 1 1 1 2 
1 0 1 1 0 1 0 0 1 0 
1 0 1 1 0 1 1 1 0 0 
1 0 1 1 0 1 0 0 1 2 
1 1 2 0 0 1 1 0 1 0 
0 1 1 0 0 0 0 0 0 2 
0 1 1 0 0 0 0 0 0 0 
0 1 1 0 0 0 0 0 0 1 
1 1 1 0 1 1 0 1 0 1 
0 0 1 1 0 0 1 1 1 0 
1 1 1 1 1 1 1 1 0 1 
1 1 1 0 1 0 1 0 0 0 
0 0 1 0 0 0 0 1 1 0 
1 0 1 0 1 0 1 1 0 2 
0 0 0 0 1 1 0 0 0 0 
1 0 1 0 0 1 1 1 0 0 
1 1 2 0 0 0 0 1 0 2 
0 0 1 0 0 1 1 0 0 1 
0 1 1 0 0 1 0 0 1 1 
1 0 1 1 1 1 0 1 0 1 
0 0 1 1 0 0 0 0 1 0 
0 0 1 1 0 1 1 0 1 1 
1 0 1 0 1 0 1 1 1 0 
1 0 1 0 1 0 1 1 1 2 
1 0 2 1 0 1 0 0 1 2 
1 0 1 1 0 1 0 1 1 2 
0 1 3 0 1 0 1 1 0 0 
0 0 1 0 0 0 0 0 0 2 
1 0 1 0 0 1 1 1 1 0 
0 1 1 0 0 0 0 1 0 2 
0 1 2 0 0 0 0 0 0 2 
0 0 1 1 0 0 0 1 1 0 
0 0 1 1 0 0 0 1 1 1 
1 1 3 0 0 0 0 0 0 1 
0 1 1 1 1 1 0 1 0 1 
0 0 2 0 0 1 0 1 0 1 
0 0 0 1 0 1 1 1 0 2 
1 1 0 0 1 1 1 1 1 1 
0 1 2 1 1 1 0 0 0 2 
0 0 1 1 0 1 1 0 0 2 
0 0 1 1 0 1 1 0 0 1 
0 1 2 0 0 0 0 0 1 1 
1 0 1 1 1 0 1 1 1 2 
1 0 1 0 0 1 0 0 1 2 
1 0 1 0 0 1 1 1 0 1 
0 0 1 0 0 0 0 0 1 1 
0 1 1 1 1 0 1 0 0 0 
1 1 3 0 0 1 1 0 0 2 
0 0 3 1 1 0 1 1 0 1 
1 0 1 1 0 1 1 0 1 2 
0 1 1 0 1 0 1 0 1 0 
0 0 1 1 1 0 0 1 1 0 
1 0 0 1 1 0 0 0 0 1 
0 1 1 0 0 0 1 0 0 2 
0 1 0 0 0 0 1 0 0 1 
1 1 1 1 0 1 0 1 0 1 
0 0 1 0 1 0 1 1 1 2 
0 0 1 1 0 0 0 1 0 0 
0 0 1 1 1 1 1 0 0 1 
1 0 2 1 0 0 0 0 0 0 
0 1 1 1 0 0 0 0 0 2 
0 0 2 1 0 0 0 1 1 0 
0 1 1 0 0 0 1 0 1 1 
1 0 1 0 0 1 0 1 0 0 
1 1 1 1 1 1 0 1 0 2 
1 1 1 1 1 1 0 1 0 1 
0 0 3 0 0 0 1 1 1 2 
1 1 2 1 1 1 0 1 0 1 
0 0 2 0 0 0 1 1 1 2 
1 0 1 0 1 0 1 0 1 2 
0 0 3 1 1 0 0 0 0 2 
0 0 0 0 0 0 0 0 0 0 
0 1 1 0 1 0 1 0 0 0 
0 1 1 0 1 0 1 0 0 1 
0 0 3 0 0 1 0 1 1 1 
0 1 1 1 0 0 0 1 1 0 
1 0 1 1 0 0 0 1 1 0 
1 0 1 0 1 1 1 1 0 0 
0 0 1 1 0 1 0 0 1 2 
1 1 0 1 0 0 1 1 1 0 
0 0 1 1 0 1 1 1 0 1 
0 1 1 0 0 1 0 0 0 2 
0 0 2 1 0 1 1 0 0 1 
0 1 1 1 0 1 1 0 0 1 
0 0 3 0 1 1 0 0 0 0 
1 0 3 1 0 1 0 1 0 0 
1 0 2 0 1 0 1 0 0 1 
1 1 1 0 0 1 1 1 0 0 
1 0 2 0 0 1 1 1 0 0 
0 1 1 0 0 0 0 0 1 1 
0 1 1 0 0 0 0 0 1 2 
1 0 1 0 1 1 1 1 1 2 
1 1 3 1 1 0 0 0 1 0 
1 0 1 1 0 0 0 0 1 2 
1 0 1 0 0 0 1 1 0 0 
0 0 1 1 0 1 0 0 0 1 
0 1 1 0 1 1 1 0 0 0 
1 1 1 1 1 1 0 0 0 1 
0 0 2 0 0 0 0 0 0 0 
1 0 2 0 1 0 1 1 1 2 
0 1 2 0 1 0 1 0 0 0 
1 0 1 1 0 1 1 0 0 1 
0 1 1 0 1 0 1 1 0 0 
0 1 1 0 1 0 0 0 1 1 
1 1 1 1 0 1 0 0 1 2 
0 0 1 1 0 0 1 0 0 1 
0 1 0 0 1 1 0 0 1 2 
0 0 1 0 1 0 1 0 0 0 
1 0 0 0 0 0 0 1 1 2 
0 1 1 1 0 0 0 0 1 1 
0 1 2 1 0 0 1 0 1 1 
0 0 2 1 1 1 0 1 1 0 
1 0 1 0 0 0 1 1 1 2 
1 0 1 1 1 1 0 0 1 2 
0 0 1 1 0 1 0 1 1 0 
1 1 1 1 1 1 0 1 1 1 
0 1 1 0 0 0 1 0 0 0 
0 1 1 0 1 0 0 0 0 2 
1 0 1 0 1 0 0 1 1 2 
MFS
[ - , - , 1 , - , - , - , - , - , - , - ]
precise
0.0
recall
0.0
F-measure
0.0
accurate
0.5
accurate_oppsite
0.5
testCase Num: 138
1 0 3 0 0 1 1 0 0 1 
0 1 2 0 1 0 0 0 0 0 
1 1 1 1 1 1 1 0 0 0 
1 1 3 1 0 0 0 1 0 0 
0 0 1 1 0 0 1 1 1 2 
1 1 1 0 0 0 0 0 0 2 
0 1 1 0 0 1 1 0 0 2 
1 0 3 0 1 0 0 0 0 0 
1 0 2 0 1 0 0 0 0 2 
0 1 2 1 0 1 0 0 0 2 
1 0 1 0 1 0 0 0 0 2 
0 1 1 1 0 1 0 0 0 2 
1 1 1 1 1 1 1 1 1 0 
1 1 1 1 0 1 1 0 0 2 
1 1 2 1 1 1 1 0 1 0 
0 0 1 1 0 0 0 0 1 1 
0 0 1 1 0 0 0 0 1 2 
0 0 1 0 0 1 1 0 0 0 
0 1 1 1 0 0 1 0 0 2 
1 0 0 1 1 1 0 0 1 2 
1 1 1 0 1 1 0 1 0 1 
1 1 1 0 1 0 1 0 0 2 
1 1 1 1 0 1 1 0 1 0 
1 0 1 0 1 0 1 1 0 0 
1 0 1 0 1 0 0 0 1 1 
0 0 3 1 1 0 1 0 0 2 
1 0 1 0 1 0 1 1 0 1 
0 0 1 0 0 0 0 1 1 2 
0 0 1 0 1 0 0 0 0 1 
0 0 1 1 0 0 0 0 0 1 
0 0 2 1 0 0 0 0 0 1 
0 0 1 1 0 0 0 0 0 2 
1 1 1 1 1 0 0 0 0 2 
1 1 1 0 1 1 1 0 1 0 
0 0 2 0 0 1 0 0 0 0 
0 0 1 0 0 1 1 0 0 1 
1 0 0 0 0 1 0 0 0 1 
0 0 1 0 1 1 0 0 1 1 
1 1 1 0 1 0 0 0 0 0 
1 1 1 0 0 1 0 1 0 1 
1 1 1 0 0 1 0 1 0 2 
0 0 1 0 0 0 0 0 0 0 
1 0 1 0 1 0 1 1 1 0 
0 1 3 0 1 0 0 0 1 1 
0 0 1 0 0 0 0 0 0 1 
1 1 1 0 1 0 0 0 0 2 
0 0 2 0 1 0 0 0 1 1 
1 1 1 1 1 1 1 0 1 1 
1 1 1 1 1 1 1 0 1 0 
0 0 1 0 1 0 0 1 1 1 
0 0 1 1 0 0 0 1 1 0 
0 0 1 1 0 0 0 1 1 2 
1 0 0 1 0 0 1 1 1 1 
0 1 3 0 0 0 1 0 0 0 
0 0 1 1 0 1 1 0 0 2 
1 1 1 0 1 0 0 0 1 2 
1 1 1 0 1 0 1 1 0 0 
0 0 1 0 0 0 0 0 1 1 
1 0 1 0 1 0 1 0 0 0 
0 0 2 0 0 0 1 0 0 1 
0 1 2 1 0 1 1 0 0 2 
1 1 1 0 0 1 0 1 1 1 
0 1 1 1 0 1 1 1 0 2 
0 0 1 0 0 0 1 1 0 1 
1 1 1 1 0 1 0 1 0 1 
0 1 1 0 0 0 1 0 0 1 
0 0 3 1 0 0 0 1 0 1 
0 0 1 1 0 0 0 1 0 1 
0 0 1 1 0 0 0 1 0 2 
0 1 1 1 0 0 0 0 0 1 
1 0 1 1 0 0 0 1 1 2 
1 0 1 0 0 0 1 0 0 1 
1 0 1 0 0 1 0 1 0 1 
1 0 2 0 1 0 1 0 1 1 
0 1 1 1 0 1 1 0 1 2 
1 0 1 1 1 0 1 1 0 0 
0 1 2 1 0 1 1 0 1 1 
1 1 1 0 0 1 0 0 0 1 
0 0 0 0 0 0 0 0 0 0 
0 0 0 0 0 0 0 0 0 2 
1 1 1 0 1 0 0 1 0 2 
1 0 1 0 0 1 0 0 0 0 
1 0 1 1 1 1 1 0 1 0 
0 0 1 0 1 0 0 0 1 2 
0 0 2 1 0 0 0 1 1 2 
0 0 1 0 1 0 0 0 1 1 
0 0 1 0 1 0 1 1 0 0 
1 0 2 1 0 0 1 1 0 0 
0 1 1 1 0 0 0 1 1 2 
0 0 1 0 0 1 0 1 0 0 
1 0 1 0 1 1 1 1 0 0 
0 1 1 0 0 1 0 0 0 0 
0 1 1 1 0 1 1 0 0 2 
0 0 1 0 1 1 0 0 0 0 
0 1 1 1 0 1 1 0 0 0 
1 1 0 0 0 1 0 1 1 0 
0 0 1 1 1 0 0 1 1 2 
0 0 1 0 0 0 1 0 0 1 
1 1 1 0 0 1 1 1 0 1 
0 1 0 1 1 0 1 0 0 1 
1 1 3 0 0 1 0 1 1 2 
0 0 1 1 1 0 0 0 1 1 
0 0 1 0 0 0 1 0 0 2 
0 0 0 1 1 0 0 0 1 0 
1 1 1 1 1 1 0 0 1 0 
0 0 1 0 1 0 1 0 1 1 
0 1 1 1 1 1 1 0 1 0 
1 1 1 0 0 0 0 1 0 1 
0 1 1 1 1 1 1 0 0 2 
1 0 1 0 0 0 1 1 0 0 
0 0 3 1 1 1 1 1 1 0 
0 0 1 1 0 1 0 0 0 1 
0 0 1 1 0 1 0 0 0 0 
0 0 3 0 0 0 0 0 0 0 
1 1 2 0 1 0 0 0 0 2 
0 0 1 0 0 0 1 0 1 1 
0 0 1 1 1 0 0 0 0 1 
1 1 2 0 0 1 0 1 0 1 
1 0 1 0 1 0 0 1 0 0 
0 1 1 0 1 0 0 0 1 1 
1 0 2 0 0 1 0 0 0 0 
0 0 1 1 0 0 1 0 0 1 
0 0 1 0 1 0 1 0 0 1 
0 1 2 0 0 1 0 0 1 0 
0 1 0 0 1 1 1 1 0 2 
0 0 2 1 1 1 0 1 0 1 
1 1 2 0 0 0 1 1 1 2 
0 0 1 0 0 1 0 0 1 0 
0 0 1 0 0 1 0 0 0 0 
1 0 1 1 0 0 0 0 0 1 
0 0 1 0 0 1 0 0 0 1 
1 1 1 0 1 1 0 0 0 2 
0 0 1 1 0 1 0 1 1 2 
1 1 1 1 1 0 1 0 1 0 
0 1 1 0 0 1 0 1 0 1 
0 1 1 0 1 0 0 0 0 2 
0 0 0 0 0 0 1 0 0 0 
1 0 2 0 1 0 1 1 0 0 
MFS
[ - , - , 1 , - , - , - , - , - , - , - ]
precise
0.0
recall
0.0
F-measure
0.0
accurate
0.5
accurate_oppsite
0.5
testCase Num: 124
1 0 1 1 0 1 0 0 0 1 
1 1 0 0 1 0 1 1 0 1 
1 0 1 0 0 1 1 0 0 1 
0 0 1 1 0 0 1 1 1 2 
1 0 0 1 1 1 0 0 1 0 
1 0 1 1 0 0 1 0 1 2 
0 0 1 0 0 1 0 0 1 2 
1 0 3 0 0 0 0 1 1 1 
0 0 1 1 0 1 0 1 0 0 
1 1 1 0 1 0 1 1 1 0 
0 1 1 1 0 1 0 0 0 0 
0 0 3 0 0 0 0 1 0 0 
1 0 1 0 1 0 0 0 0 0 
1 0 2 0 1 0 0 0 0 0 
1 0 1 0 1 0 0 0 0 1 
0 1 2 0 1 0 0 0 1 0 
0 0 1 1 1 0 1 0 1 1 
0 0 0 0 1 1 1 1 0 2 
1 1 1 1 1 1 1 1 1 0 
0 0 1 1 0 0 0 0 1 1 
1 1 1 0 1 1 0 1 1 0 
1 1 1 0 0 0 1 1 0 1 
0 0 2 0 0 1 0 0 0 2 
1 0 1 1 0 0 1 1 1 2 
1 1 2 1 1 0 0 0 0 1 
1 0 1 0 0 0 0 0 0 1 
1 0 1 0 0 0 0 0 0 0 
0 1 1 1 0 1 0 1 1 0 
1 1 1 0 1 0 1 0 0 2 
1 0 1 0 1 0 0 0 1 0 
0 0 2 1 1 0 0 0 1 1 
0 1 1 1 1 0 1 0 0 2 
0 0 1 0 1 1 0 0 0 2 
1 0 1 0 0 1 0 0 1 1 
0 1 2 0 0 0 1 1 0 1 
0 0 1 0 1 0 0 0 0 0 
0 0 1 1 1 1 0 0 1 1 
1 1 1 0 1 1 1 0 1 0 
0 1 1 1 0 0 0 1 0 0 
0 0 1 0 0 1 1 0 0 2 
1 1 0 1 0 0 0 1 1 2 
0 1 1 0 0 1 1 1 0 1 
1 0 1 0 0 1 0 0 0 2 
1 0 1 0 0 1 0 0 0 1 
1 1 1 0 1 0 0 0 0 0 
1 0 2 1 0 1 1 0 0 0 
0 0 1 0 0 0 0 0 0 2 
0 1 1 0 0 0 0 1 0 1 
0 1 3 1 1 1 1 0 0 1 
0 1 1 1 1 1 0 1 0 0 
1 0 2 1 0 0 0 1 0 2 
0 0 2 1 0 0 1 1 1 0 
1 1 1 1 0 0 1 1 1 2 
1 0 1 1 1 0 1 1 1 2 
0 1 1 1 0 1 1 1 0 0 
1 1 3 0 0 1 1 0 0 0 
1 0 1 0 1 0 1 0 0 0 
1 1 2 0 0 1 0 0 1 2 
0 1 1 1 1 0 0 0 1 1 
0 0 1 0 0 0 1 1 0 1 
0 1 1 0 1 0 1 0 1 2 
0 0 0 1 0 0 0 1 0 1 
1 1 1 1 0 1 0 1 0 0 
0 1 1 0 0 0 1 0 0 2 
0 1 1 0 0 0 1 0 0 1 
1 1 2 0 1 1 1 1 1 0 
1 1 1 0 1 1 1 1 1 1 
1 1 1 0 1 1 1 1 1 0 
1 0 1 0 1 1 0 0 0 0 
1 0 1 1 0 0 0 1 1 2 
1 0 1 0 1 1 0 0 0 1 
1 0 3 1 1 0 1 1 0 2 
0 1 0 1 0 1 1 0 1 1 
1 0 1 1 1 0 0 0 1 1 
1 0 1 0 0 1 0 1 0 1 
0 1 1 0 1 0 1 0 0 2 
1 1 1 0 0 1 0 0 0 1 
0 0 0 0 0 0 0 0 0 0 
1 1 1 0 0 1 1 1 1 0 
0 1 1 0 1 0 1 0 0 0 
0 0 0 0 0 0 0 0 0 2 
0 1 0 0 0 0 1 1 1 0 
0 0 1 0 1 0 0 0 1 1 
0 0 1 0 0 1 0 1 0 2 
0 1 1 0 1 1 1 1 1 0 
0 1 1 0 0 1 0 0 0 2 
1 0 1 1 1 0 0 0 0 0 
0 1 3 1 1 0 0 0 1 0 
0 0 2 0 0 0 0 0 1 1 
0 0 1 1 1 0 0 1 1 1 
1 0 1 1 0 1 1 1 1 2 
0 0 1 1 1 0 0 0 1 1 
0 1 2 0 1 0 1 1 1 2 
0 1 1 0 0 0 1 1 0 2 
0 1 1 0 0 0 1 1 0 1 
1 0 2 1 0 0 1 1 1 2 
1 0 1 1 0 0 1 1 1 0 
0 1 3 0 1 1 0 1 0 2 
1 0 1 0 1 1 1 1 1 0 
1 0 1 1 0 0 1 1 0 2 
0 0 1 1 0 1 0 0 0 2 
0 1 1 1 0 1 0 1 0 0 
0 0 2 0 1 1 1 1 0 1 
0 1 1 0 1 0 1 1 0 1 
0 0 1 1 1 0 0 0 0 1 
0 1 1 0 1 0 1 1 0 2 
0 1 2 1 0 1 0 1 0 0 
1 0 1 0 1 0 0 1 0 0 
0 1 1 1 0 1 0 1 0 1 
0 1 2 0 1 0 1 0 0 2 
1 0 2 0 0 1 0 0 0 1 
0 0 3 1 0 1 1 0 1 2 
0 1 1 0 0 0 1 1 1 1 
0 0 1 0 1 0 1 0 0 2 
0 1 1 0 1 1 1 0 0 2 
1 1 1 0 1 1 1 1 0 0 
0 1 1 1 0 0 1 1 0 1 
0 0 1 0 0 1 0 0 0 0 
0 0 1 0 0 1 0 0 0 1 
0 0 1 0 0 1 0 0 0 2 
1 0 1 0 0 0 1 1 1 2 
0 1 1 0 0 1 0 1 0 0 
0 1 1 0 1 0 0 0 0 2 
0 0 1 1 1 0 0 0 1 2 
MFS
[ - , - , 1 , - , - , - , - , - , - , - ]
precise
0.0
recall
0.0
F-measure
0.0
accurate
0.5
accurate_oppsite
0.5
testCase Num: 135
0 1 2 0 1 0 0 0 0 1 
0 0 1 1 1 0 1 0 0 0 
1 0 1 0 0 1 1 0 0 0 
0 1 1 0 1 0 0 0 0 0 
0 1 1 0 0 0 0 1 1 1 
0 0 1 1 1 1 0 1 1 2 
0 0 1 1 1 1 0 1 1 0 
0 1 1 1 1 1 0 0 1 2 
0 0 1 0 0 1 1 1 0 0 
1 1 1 0 0 0 0 0 0 2 
1 1 2 0 0 0 0 0 0 2 
0 0 1 0 0 1 1 1 0 2 
1 0 1 0 1 1 1 0 1 1 
0 0 3 0 0 1 1 1 0 2 
0 0 2 0 0 1 1 1 0 2 
1 0 1 0 0 0 0 1 1 1 
0 0 2 1 0 0 1 0 0 0 
0 0 1 1 0 0 1 0 0 0 
0 1 0 0 1 0 0 1 1 2 
0 1 2 0 0 0 0 0 0 0 
1 1 3 0 0 1 0 1 0 0 
1 1 0 1 0 1 0 0 1 2 
1 0 0 0 1 0 0 0 0 1 
0 0 1 0 0 0 0 1 0 1 
0 1 1 0 0 0 0 0 0 2 
1 1 2 1 0 1 0 0 1 1 
0 1 2 0 0 0 0 1 0 1 
0 1 1 0 0 0 0 0 0 1 
0 0 1 1 0 0 1 1 0 0 
1 0 1 1 0 0 1 0 0 0 
0 0 3 1 1 1 0 1 0 1 
0 0 2 1 1 1 0 0 0 2 
0 1 1 1 0 0 1 0 0 0 
0 1 1 1 1 1 0 0 0 0 
1 1 1 0 0 0 0 0 1 2 
0 0 1 0 0 1 1 1 1 2 
1 0 0 1 1 1 1 1 0 0 
1 0 1 0 0 0 0 0 0 0 
0 1 1 0 1 0 0 1 0 1 
0 0 1 1 0 0 0 0 0 0 
0 0 1 1 1 1 0 0 1 2 
0 0 2 1 1 1 0 0 1 2 
1 1 1 0 1 1 1 0 1 2 
1 1 1 0 1 1 1 0 1 1 
1 1 1 0 0 0 1 0 0 0 
0 1 1 1 0 0 0 1 0 1 
0 0 1 0 0 1 1 0 0 2 
0 1 1 0 0 1 1 1 0 2 
0 0 3 0 0 0 1 0 1 1 
0 0 1 0 1 1 0 0 1 0 
1 0 1 1 0 1 0 1 1 1 
0 1 1 0 0 0 0 1 0 1 
0 0 1 0 1 1 1 1 0 2 
0 0 1 0 1 1 0 0 1 2 
1 1 1 0 1 0 0 0 0 2 
0 1 1 0 0 0 0 1 0 2 
1 1 3 1 0 1 0 0 1 2 
1 1 1 1 1 1 1 0 1 1 
0 0 1 1 1 1 0 0 0 2 
0 0 1 1 0 0 0 1 1 1 
0 1 1 0 1 1 0 1 1 0 
0 0 1 0 1 0 0 1 1 0 
1 1 3 0 0 0 0 0 0 1 
1 0 2 1 0 0 0 1 1 1 
1 1 1 0 0 0 1 0 0 2 
1 0 1 0 1 1 0 1 1 0 
0 0 1 1 1 1 0 0 1 0 
1 1 1 1 1 0 0 0 0 0 
0 0 1 1 0 1 1 0 0 0 
1 0 1 0 0 1 1 1 0 2 
0 0 1 0 1 1 1 1 1 0 
1 0 1 0 1 0 1 0 0 0 
0 1 1 1 1 0 1 0 0 0 
0 0 1 0 0 0 1 1 0 2 
0 0 1 0 1 1 0 1 0 0 
1 1 1 0 1 1 1 1 1 1 
0 1 1 1 0 0 0 0 0 0 
1 0 1 1 0 0 0 1 1 2 
1 0 1 1 0 0 0 1 1 1 
1 0 1 0 0 0 1 0 0 0 
1 0 2 0 0 0 1 0 0 0 
1 0 1 0 0 0 1 0 0 1 
0 0 2 0 1 1 0 1 1 0 
1 1 2 1 0 0 1 1 0 2 
0 1 3 1 1 0 1 1 1 0 
0 0 1 0 1 1 0 1 1 0 
1 1 1 0 0 1 0 0 0 2 
0 0 2 0 0 0 1 1 1 1 
0 1 1 1 1 0 0 0 0 1 
0 0 0 0 0 0 0 0 0 0 
0 1 1 1 1 0 0 0 0 0 
0 0 1 1 1 0 0 0 0 0 
0 0 1 0 1 1 0 1 1 1 
0 0 2 1 0 1 1 0 1 0 
0 1 0 1 0 0 0 0 1 0 
1 1 1 0 1 1 1 0 0 1 
1 0 1 1 0 0 0 1 0 1 
1 0 1 0 0 0 1 0 1 0 
1 0 2 0 1 1 0 1 1 0 
0 0 1 0 0 1 0 1 0 2 
1 0 0 0 0 0 1 1 1 1 
0 0 1 1 0 1 0 0 1 2 
1 1 1 1 0 0 0 0 0 2 
0 0 1 1 0 1 1 1 0 2 
0 0 1 0 0 0 1 0 0 0 
0 1 1 1 1 0 0 0 1 0 
0 0 2 0 1 0 1 0 1 2 
0 1 1 0 0 0 1 1 0 1 
1 1 2 0 1 1 1 0 1 1 
1 0 1 0 0 0 0 0 0 2 
1 0 1 1 0 0 1 1 1 1 
0 0 1 0 0 1 0 1 1 0 
1 1 1 0 0 0 0 1 0 1 
1 0 1 0 0 0 1 1 0 0 
1 1 1 0 0 0 0 1 0 2 
1 1 1 1 0 0 0 1 1 1 
1 1 1 0 1 0 1 0 1 1 
0 0 3 0 0 0 0 0 0 0 
1 0 1 1 1 0 0 1 1 1 
0 1 2 1 1 0 0 0 0 0 
0 1 1 1 1 0 0 1 0 0 
1 1 1 0 0 1 1 0 1 1 
0 0 0 0 1 1 1 0 0 2 
0 0 1 1 0 0 1 0 0 1 
0 0 1 1 1 1 1 0 1 2 
1 1 1 0 1 1 0 0 1 1 
1 0 1 1 0 0 0 0 1 1 
1 1 1 0 0 0 0 0 0 0 
1 0 1 1 1 1 0 0 1 2 
0 1 1 0 1 1 1 0 1 1 
0 0 1 1 0 0 1 0 1 0 
0 1 1 0 0 1 0 1 0 1 
0 1 0 1 0 1 1 0 0 1 
0 0 1 1 1 0 0 0 1 2 
1 0 3 0 1 0 1 0 0 2 
MFS
[ - , - , 1 , - , - , - , - , - , - , - ]
precise
0.0
recall
0.0
F-measure
0.0
accurate
0.5
accurate_oppsite
0.5
testCase Num: 149
1 0 1 1 0 1 0 0 0 0 
1 1 0 1 0 1 1 1 1 1 
1 0 2 0 0 1 1 0 0 2 
0 1 1 0 1 0 0 0 0 0 
1 0 1 0 0 1 1 0 0 0 
1 1 1 0 1 0 1 1 0 2 
1 0 1 1 1 1 1 1 0 0 
1 0 1 1 0 0 1 0 1 1 
0 1 0 1 1 1 0 0 1 2 
0 0 1 0 0 1 0 0 1 1 
0 1 1 1 1 1 1 1 0 0 
1 0 1 1 0 0 1 0 0 2 
0 0 3 1 1 1 0 0 0 0 
0 0 2 1 0 0 1 0 0 1 
1 0 1 0 0 0 0 1 1 0 
0 1 2 0 0 0 0 0 0 0 
0 1 1 1 0 1 0 0 0 0 
0 1 1 0 1 0 0 1 1 2 
0 1 1 0 1 0 0 1 1 1 
0 0 3 1 1 0 1 0 1 2 
0 1 1 1 0 1 0 0 0 2 
0 1 2 1 0 1 0 0 0 2 
0 1 1 0 0 0 0 0 0 0 
1 0 3 0 0 1 1 0 1 0 
0 0 2 0 1 0 0 1 1 2 
0 1 1 0 0 0 0 0 0 1 
0 0 1 1 1 1 0 1 0 0 
0 1 1 1 1 1 0 0 0 2 
1 0 1 1 0 0 1 0 0 1 
1 1 2 0 0 0 0 0 0 1 
1 0 3 0 0 0 0 0 0 2 
0 0 2 1 1 1 1 1 0 0 
0 1 0 0 0 1 1 1 1 0 
0 1 1 0 0 1 1 0 1 1 
1 0 1 0 0 0 0 0 0 0 
0 0 2 0 1 0 0 1 0 2 
1 1 1 0 1 0 1 0 0 0 
0 1 1 0 0 0 0 0 1 0 
0 1 1 0 1 0 0 1 0 2 
1 1 1 0 1 0 1 0 0 2 
0 1 1 0 1 0 0 1 0 1 
1 0 0 0 0 1 1 1 0 2 
0 0 1 0 0 0 0 1 1 2 
1 0 1 0 0 1 0 0 1 0 
0 0 1 1 1 1 1 1 0 1 
0 0 1 1 1 1 1 1 0 0 
0 1 1 0 1 1 0 1 0 1 
0 0 1 0 0 1 1 0 1 0 
1 1 1 0 1 1 1 0 0 2 
0 0 1 1 1 1 1 1 1 0 
0 1 1 0 0 1 0 0 1 1 
0 1 1 0 0 1 0 0 1 2 
1 1 1 1 0 0 1 0 0 1 
0 0 1 0 1 0 0 1 1 2 
1 0 1 0 0 1 0 0 0 1 
1 0 1 1 1 0 1 0 0 1 
0 0 1 0 1 1 1 1 0 0 
0 0 1 0 0 0 0 0 0 0 
0 0 2 0 0 0 1 0 1 0 
1 0 1 1 0 1 0 1 1 0 
1 1 0 0 1 0 0 1 0 1 
0 1 1 0 0 0 0 1 0 1 
1 1 1 0 1 0 0 0 0 2 
0 1 1 0 0 0 0 1 0 0 
0 0 1 1 0 0 0 1 1 0 
0 0 1 0 1 0 0 1 1 0 
1 0 2 1 0 0 0 1 1 0 
1 1 1 0 0 0 1 0 0 2 
0 1 3 0 0 1 0 1 0 2 
0 0 1 0 1 0 0 1 0 2 
1 0 3 1 1 0 0 1 0 1 
0 0 1 0 1 0 0 1 0 1 
0 1 1 1 0 1 0 0 1 2 
1 1 2 0 1 0 1 0 0 2 
0 1 1 1 0 1 0 0 1 1 
0 0 1 0 0 0 0 0 1 0 
0 1 2 0 1 0 0 1 0 1 
1 0 1 0 1 0 1 0 0 2 
0 0 1 0 1 0 1 1 1 2 
0 1 1 1 0 0 0 0 0 0 
0 1 1 1 0 0 0 0 0 2 
1 0 1 0 1 1 0 0 0 0 
1 0 1 1 0 0 0 1 1 1 
1 0 1 0 0 0 1 0 0 1 
0 1 1 0 0 1 0 1 1 1 
0 0 2 0 1 1 0 1 1 1 
0 1 1 0 0 0 1 0 1 0 
1 0 1 0 0 1 0 1 0 0 
0 0 1 0 0 0 1 1 1 0 
0 1 1 0 1 0 1 0 0 2 
1 1 1 0 0 1 0 0 0 0 
0 0 0 0 0 0 0 0 0 0 
0 0 1 0 1 1 0 1 1 2 
1 1 2 1 1 1 0 0 0 0 
1 1 1 0 1 0 0 1 0 1 
1 0 1 0 0 1 0 0 0 0 
1 1 3 0 1 1 1 0 0 1 
0 0 1 0 1 0 0 0 1 2 
0 1 1 0 1 1 0 0 1 1 
1 0 1 1 0 0 0 1 1 0 
1 0 1 0 0 0 1 0 1 0 
1 0 1 1 0 0 0 1 0 0 
0 0 1 1 1 1 1 0 0 0 
0 1 1 0 0 1 0 0 0 0 
0 0 1 1 0 1 1 1 0 0 
0 1 1 0 0 1 0 0 0 1 
0 1 1 0 0 1 0 0 0 2 
0 1 1 1 0 1 1 0 0 2 
0 0 1 1 1 0 0 1 1 2 
0 0 1 0 0 0 1 0 0 0 
0 0 2 0 0 0 0 0 1 0 
1 1 1 0 0 1 0 0 1 1 
0 1 2 0 1 0 1 1 1 0 
0 0 1 1 1 0 1 1 0 0 
0 0 0 1 0 0 0 0 0 1 
0 1 1 0 0 0 0 0 1 1 
1 1 1 1 0 1 0 0 0 2 
1 0 0 0 0 0 0 0 0 2 
0 0 1 0 1 0 1 0 1 0 
1 0 1 1 0 0 1 1 1 0 
0 1 3 1 0 0 0 1 1 0 
1 0 1 1 0 0 1 1 0 1 
0 1 2 0 0 1 0 0 1 1 
0 0 1 1 0 1 0 0 0 2 
1 1 2 1 0 0 0 1 1 2 
1 1 1 1 0 0 0 1 1 0 
1 0 1 1 1 0 0 1 1 0 
1 1 1 0 1 0 1 0 1 2 
0 0 1 0 0 0 1 0 1 1 
0 1 1 0 1 0 1 1 0 1 
0 1 1 1 0 1 0 1 0 2 
0 0 1 0 0 0 1 0 1 0 
1 0 1 1 0 1 1 0 0 1 
0 1 1 1 1 0 0 1 0 1 
1 0 2 0 0 1 0 0 0 0 
0 0 1 1 0 0 1 0 0 1 
1 1 1 1 1 0 1 0 0 2 
1 0 2 1 0 0 1 0 0 1 
1 1 1 0 0 0 0 0 0 0 
1 0 1 1 0 0 0 0 1 0 
0 0 1 0 0 1 0 0 0 0 
1 0 1 1 0 0 0 0 0 1 
0 0 1 1 0 0 1 0 1 0 
0 0 3 0 0 0 1 1 0 0 
0 1 1 0 0 0 1 0 0 0 
0 0 3 0 0 0 0 0 1 1 
1 0 0 1 1 0 1 0 1 0 
0 1 1 0 1 0 0 0 0 1 
1 0 1 0 1 0 0 1 1 2 
MFS
[ - , - , 1 , - , - , - , - , - , - , - ]
precise
0.0
recall
0.0
F-measure
0.0
accurate
0.5
accurate_oppsite
0.5
testCase Num: 137
1 0 1 0 0 1 1 0 0 0 
0 1 1 0 1 0 0 0 0 0 
1 1 1 0 1 0 1 1 0 2 
0 1 1 0 0 0 0 1 1 0 
0 0 3 0 1 0 0 1 0 1 
1 1 3 1 0 0 0 1 0 0 
0 0 3 0 0 1 1 1 1 2 
1 0 0 0 1 1 1 0 0 2 
0 0 1 0 0 1 0 0 1 1 
0 0 1 0 0 1 0 0 1 2 
1 0 1 0 0 0 0 1 1 0 
1 0 2 0 1 0 0 0 0 1 
1 0 1 0 1 0 0 0 0 2 
0 1 2 0 1 0 0 0 1 0 
1 0 1 1 0 1 0 0 1 2 
0 0 1 0 0 0 0 1 0 0 
0 1 1 0 1 0 0 1 1 0 
0 0 1 1 0 0 0 0 1 2 
1 0 1 1 0 0 1 0 0 0 
1 1 1 0 1 1 0 1 0 2 
0 0 2 0 0 1 0 0 0 1 
1 0 1 0 0 0 0 0 0 0 
0 1 1 0 0 0 0 0 1 0 
1 0 1 1 1 0 1 0 1 1 
1 1 1 1 1 1 1 1 0 2 
1 1 1 0 1 0 1 0 0 1 
0 0 1 0 0 0 0 1 1 0 
1 0 1 1 0 1 0 1 0 0 
0 1 1 1 1 0 1 0 0 1 
0 0 1 0 0 0 0 1 1 1 
0 0 1 0 1 1 0 0 0 2 
0 0 1 0 1 1 0 0 0 1 
0 0 2 0 1 0 0 0 0 2 
0 0 1 0 1 0 0 0 0 0 
0 0 1 1 1 1 0 0 1 2 
1 1 1 0 0 0 1 0 0 0 
0 0 1 0 0 1 1 0 0 1 
1 1 1 0 1 1 1 0 0 2 
0 0 1 1 0 1 1 0 1 2 
1 0 1 0 0 1 0 0 0 1 
1 1 2 1 0 1 0 0 1 0 
1 0 1 0 1 0 1 1 1 1 
1 1 1 0 0 1 0 1 0 0 
0 1 3 0 1 0 0 0 1 0 
0 0 1 0 0 0 0 0 0 1 
0 0 1 0 0 0 0 0 0 2 
0 0 1 1 0 0 0 1 1 0 
0 0 1 0 1 0 0 1 1 0 
0 0 1 0 1 0 0 1 0 2 
1 1 1 0 1 0 0 0 1 0 
0 1 1 1 0 1 0 0 1 2 
1 0 1 1 1 0 1 1 1 2 
1 0 1 1 1 0 1 1 1 1 
0 0 2 0 0 0 1 0 0 2 
0 0 1 0 0 0 0 0 1 0 
1 0 1 0 1 0 1 0 0 0 
0 1 1 0 1 0 1 0 1 0 
0 1 1 0 1 0 1 0 1 1 
1 1 2 1 0 1 0 1 0 0 
1 1 1 1 0 1 0 1 0 0 
1 1 1 1 0 1 0 1 0 1 
0 1 1 0 0 0 1 0 0 1 
0 1 0 0 1 1 0 0 0 1 
1 0 3 0 1 1 0 0 0 2 
1 0 1 0 0 0 1 0 0 0 
1 0 2 0 0 0 1 0 0 0 
0 0 3 1 1 1 1 0 1 0 
1 1 1 0 1 1 1 1 0 2 
1 0 1 0 0 0 1 0 0 1 
1 1 2 0 1 1 1 1 0 2 
0 1 1 0 1 1 0 0 1 0 
1 1 1 1 1 1 0 1 0 0 
1 0 1 1 1 0 1 1 0 1 
0 1 1 0 1 0 1 0 0 2 
0 0 1 0 0 0 1 1 1 0 
0 0 0 0 0 0 0 0 0 0 
0 1 1 0 1 0 1 0 0 1 
1 1 1 1 0 1 0 1 1 0 
0 1 1 0 1 1 1 1 0 2 
0 0 1 0 1 0 0 0 1 2 
0 0 1 0 1 0 0 0 1 0 
1 0 1 0 0 0 1 0 1 0 
0 1 2 1 1 1 0 1 0 2 
0 0 1 0 0 1 0 1 0 1 
1 1 1 0 1 1 1 1 1 2 
0 0 1 1 0 1 0 0 1 2 
1 1 1 1 1 0 1 1 1 1 
1 0 2 1 1 0 1 1 1 1 
0 1 1 0 0 1 0 0 0 1 
0 0 1 1 0 1 0 0 1 0 
0 0 1 0 1 0 0 0 0 2 
0 0 3 0 0 0 1 0 0 1 
0 0 1 0 0 0 1 0 0 0 
1 1 1 0 0 1 1 1 0 2 
1 1 3 0 0 1 0 0 1 1 
0 1 1 1 1 0 0 0 1 0 
1 0 2 0 0 1 1 1 0 0 
1 1 1 1 0 1 0 0 0 0 
0 1 0 0 1 1 1 1 1 0 
1 0 1 1 0 0 1 1 1 1 
0 1 2 1 0 0 1 1 1 1 
1 0 1 0 1 1 1 1 0 2 
0 0 1 0 0 1 0 1 1 0 
1 0 1 0 0 0 1 1 0 0 
0 0 1 1 0 1 0 0 0 1 
1 1 0 1 1 0 0 0 1 0 
0 0 1 1 0 1 0 0 0 2 
0 0 2 1 0 1 0 0 0 1 
0 1 1 1 0 1 0 1 0 0 
1 0 1 1 1 0 0 1 1 1 
0 1 1 0 1 0 1 1 0 1 
0 0 1 1 1 0 0 0 0 2 
1 0 0 1 0 1 1 1 0 1 
0 0 0 0 0 0 1 0 1 1 
0 1 2 0 1 0 1 0 0 0 
0 0 1 1 1 0 1 1 1 1 
0 1 2 0 1 0 1 0 0 1 
0 1 1 0 1 0 0 0 1 1 
0 1 1 0 1 0 0 0 1 0 
1 1 1 1 0 1 1 1 0 0 
1 1 3 1 0 0 1 0 0 2 
0 0 1 0 1 0 1 0 0 2 
0 0 1 0 1 0 1 0 0 1 
0 1 1 0 1 1 1 0 0 1 
1 0 1 1 1 1 1 1 1 1 
1 1 1 0 1 1 1 1 0 0 
0 1 0 1 0 0 0 1 1 2 
0 0 1 0 0 1 0 0 0 1 
0 0 1 0 0 1 0 0 0 2 
0 0 3 1 0 0 0 0 0 1 
0 0 1 1 0 1 0 1 1 2 
0 0 2 1 0 1 0 0 1 2 
1 1 1 1 0 0 0 1 0 0 
0 1 1 0 1 0 0 0 0 2 
0 1 1 0 1 0 0 0 0 1 
1 0 2 0 1 0 0 0 1 2 
0 0 2 0 0 0 0 1 1 0 
MFS
[ - , - , 1 , - , - , - , - , - , - , - ]
precise
0.0
recall
0.0
F-measure
0.0
accurate
0.5
accurate_oppsite
0.5
testCase Num: 128
1 0 1 1 0 1 0 0 0 2 
0 0 1 1 1 0 1 0 0 0 
0 0 3 0 1 0 0 1 0 2 
0 0 1 0 1 0 0 1 0 0 
0 0 1 1 1 1 0 1 1 0 
1 1 0 0 0 0 0 0 0 0 
1 1 2 0 0 0 0 0 0 2 
0 1 3 1 1 1 0 0 1 2 
0 1 1 0 0 1 1 0 0 2 
0 1 1 1 0 1 0 0 0 1 
0 0 2 0 1 1 1 0 0 1 
0 0 1 0 1 1 1 0 0 1 
1 1 1 0 1 0 1 1 1 2 
1 1 1 0 1 0 1 1 1 1 
1 1 2 0 1 0 1 1 1 1 
1 0 2 0 1 0 0 0 0 0 
0 1 2 1 0 1 0 0 0 1 
0 1 1 1 0 1 0 0 0 2 
1 0 1 1 0 1 0 0 1 0 
0 0 1 0 0 0 0 1 0 2 
1 0 1 1 0 1 0 0 1 2 
0 0 0 0 0 0 1 0 1 2 
1 1 2 0 0 1 1 0 1 0 
0 1 1 0 0 0 0 0 0 2 
0 0 1 0 1 1 1 0 0 2 
0 1 2 0 0 0 0 1 0 1 
0 0 2 0 1 0 0 1 1 2 
1 0 1 1 0 0 1 0 0 0 
0 1 3 1 1 1 1 1 0 0 
0 1 1 1 1 1 0 0 0 1 
0 1 1 1 0 0 1 0 0 2 
1 1 1 0 0 0 1 1 1 1 
0 0 2 0 1 0 0 1 0 2 
0 1 1 0 1 0 0 1 0 2 
0 0 1 0 1 1 1 0 1 1 
1 0 1 1 1 0 1 0 1 0 
0 0 1 0 1 1 0 0 0 1 
0 1 1 1 0 0 0 1 0 0 
0 1 2 1 0 0 0 1 0 0 
0 1 1 1 0 0 0 1 0 1 
0 1 0 0 0 1 0 0 1 2 
0 0 1 0 0 1 1 0 0 1 
1 0 2 1 1 0 1 0 0 0 
0 0 1 0 1 0 0 1 1 2 
1 0 1 1 1 0 1 0 0 1 
1 0 1 1 1 0 1 0 0 0 
0 0 1 0 1 1 0 0 1 0 
1 0 1 0 1 0 1 1 1 1 
1 0 2 1 0 1 0 0 1 2 
1 0 1 1 0 1 0 1 1 2 
0 0 1 0 1 1 1 1 0 1 
0 1 1 0 0 0 0 1 0 0 
1 0 3 1 0 0 0 0 1 0 
0 1 1 0 1 1 0 1 1 0 
0 0 1 0 1 0 0 1 1 0 
1 1 1 0 0 0 1 0 0 2 
1 0 1 0 1 1 0 1 1 0 
0 0 1 0 1 0 0 1 0 2 
0 1 1 1 0 1 0 0 1 1 
1 0 1 0 0 1 0 0 1 2 
1 1 1 0 1 0 1 1 0 1 
0 0 2 0 1 1 1 0 1 1 
0 0 1 0 1 1 1 1 1 0 
1 0 1 0 1 0 1 0 0 0 
1 0 1 1 0 1 1 0 1 2 
0 0 1 0 1 1 0 1 0 0 
0 1 1 0 0 0 1 0 0 2 
0 0 0 0 1 1 0 1 0 1 
0 0 1 0 1 1 0 1 0 2 
0 1 2 0 0 0 1 0 0 2 
0 0 1 1 0 0 0 1 0 0 
0 0 1 1 1 1 1 0 0 1 
1 1 1 0 1 1 1 1 1 1 
0 1 1 1 0 0 0 0 0 0 
0 1 1 1 0 0 0 0 0 1 
1 1 1 1 1 0 1 0 0 0 
0 0 2 1 0 0 0 1 1 0 
0 0 1 0 1 0 1 1 0 2 
0 0 3 0 0 0 1 1 1 1 
0 0 2 0 1 1 0 1 1 0 
1 0 1 1 1 0 1 1 0 0 
0 0 1 0 1 1 0 1 1 0 
0 1 1 0 1 0 1 0 0 2 
0 0 1 1 1 0 0 1 0 2 
0 0 0 0 0 0 0 0 0 0 
0 0 1 0 1 1 0 1 1 1 
0 1 1 0 0 0 1 0 1 2 
0 1 1 1 0 0 0 1 1 0 
1 0 3 1 1 0 0 0 0 1 
1 1 1 1 1 0 1 1 1 1 
0 0 1 1 0 1 0 0 1 2 
0 1 1 0 0 1 0 0 0 1 
0 1 3 0 0 1 0 0 0 1 
0 0 1 0 1 0 0 0 0 2 
1 0 1 1 1 0 0 0 0 0 
0 1 1 1 0 1 1 0 0 1 
1 1 1 0 1 0 0 1 1 1 
0 1 2 1 1 0 1 0 0 0 
1 0 2 1 0 1 0 1 0 1 
0 0 1 0 0 0 1 0 0 2 
0 1 1 0 1 0 1 1 1 1 
0 1 1 0 0 0 1 1 0 2 
1 1 1 1 0 1 0 0 0 1 
1 0 1 1 1 1 1 0 0 0 
1 0 3 0 1 1 0 1 0 0 
0 0 1 0 0 1 0 1 1 0 
1 0 1 1 0 0 0 0 1 2 
0 0 1 1 0 1 0 0 0 1 
0 1 1 1 0 1 0 1 0 0 
1 1 1 0 1 0 1 0 1 1 
0 1 1 1 0 1 0 1 0 1 
0 1 1 1 1 0 0 1 0 0 
1 0 1 0 1 0 0 1 0 2 
0 0 0 1 0 0 1 1 0 1 
1 1 3 1 0 0 1 0 0 2 
1 0 0 1 1 0 1 0 0 2 
1 1 1 1 0 1 0 0 1 2 
0 0 1 0 1 0 1 0 0 1 
0 0 0 1 1 1 1 1 1 0 
1 1 0 1 1 0 0 0 1 1 
0 1 1 0 1 1 1 0 0 1 
0 1 1 1 0 0 1 1 0 0 
1 0 1 0 1 1 1 0 0 1 
1 0 1 1 1 1 0 0 1 2 
1 1 1 1 0 0 0 1 0 0 
0 1 1 0 0 0 1 0 0 0 
0 0 2 1 0 1 1 1 0 2 
1 1 0 0 0 1 1 1 0 2 
MFS
[ - , - , 1 , - , - , - , - , - , - , - ]
precise
0.0
recall
0.0
F-measure
0.0
accurate
0.5
accurate_oppsite
0.5
testCase Num: 125
1 0 3 1 0 1 0 0 0 2 
0 0 1 1 1 0 1 0 0 0 
0 0 1 0 1 1 1 1 1 2 
1 1 1 1 0 1 1 1 1 1 
0 1 1 0 0 0 0 1 1 0 
0 0 1 1 1 1 0 1 1 1 
1 0 1 0 0 0 0 1 0 2 
1 0 1 1 1 1 0 0 1 1 
0 1 1 1 0 0 1 0 1 2 
0 1 0 1 1 1 0 0 1 2 
0 1 1 1 1 1 0 0 1 1 
0 1 2 1 0 0 1 0 1 2 
0 0 1 0 0 1 1 1 0 2 
1 0 2 0 0 0 0 1 1 2 
0 0 3 0 1 1 1 0 0 1 
1 0 1 0 0 0 0 1 1 0 
1 0 2 0 1 0 0 0 0 1 
1 0 1 0 1 0 0 0 0 1 
1 0 1 0 1 0 0 0 0 2 
0 0 2 1 1 0 1 1 1 2 
1 0 1 1 0 1 1 1 0 1 
0 1 1 1 1 0 1 0 1 2 
0 0 1 0 0 0 0 1 0 0 
0 0 1 0 1 1 1 0 0 2 
1 1 1 1 0 1 1 0 0 1 
0 0 2 0 1 1 1 1 0 2 
1 1 2 1 0 1 1 1 0 1 
1 1 3 0 1 1 0 1 1 0 
0 1 3 0 0 0 0 0 0 2 
1 0 1 0 0 0 0 1 1 2 
0 1 1 1 0 0 1 0 0 0 
0 1 1 1 0 0 1 0 0 2 
0 1 1 1 0 0 1 0 1 0 
0 0 2 1 1 1 0 0 1 1 
1 0 1 0 0 0 0 0 0 1 
1 1 1 1 0 0 1 0 1 2 
1 1 1 1 1 1 1 1 0 1 
1 1 2 0 1 0 0 0 1 1 
1 1 2 0 1 0 1 1 0 0 
0 0 1 0 0 0 0 1 1 0 
1 0 1 0 1 0 0 0 1 1 
0 1 1 1 1 0 1 0 0 1 
0 0 1 0 0 0 0 1 1 1 
0 0 0 0 0 0 0 1 1 2 
0 0 1 0 0 0 0 1 1 2 
1 0 0 1 1 0 0 1 0 1 
1 1 3 1 0 0 0 0 0 1 
0 0 1 0 1 0 0 0 0 1 
0 0 2 1 0 0 0 0 0 1 
0 0 1 1 1 1 1 1 0 2 
0 0 1 1 1 1 0 0 1 2 
0 0 1 1 1 1 0 0 1 1 
0 1 3 0 0 0 1 1 1 1 
0 0 1 0 1 1 0 0 1 1 
1 1 1 0 1 0 0 0 0 1 
0 0 1 0 1 1 1 1 0 0 
0 1 1 1 1 0 1 0 1 0 
1 1 1 0 0 1 0 1 0 0 
0 0 1 0 1 1 1 1 0 2 
0 0 1 1 0 0 0 1 1 0 
0 0 1 0 1 0 0 1 1 0 
0 0 1 1 1 1 0 0 0 1 
1 0 2 0 0 0 0 0 0 2 
0 1 1 1 0 1 1 1 0 1 
1 0 1 0 1 0 1 0 0 1 
0 0 1 0 0 0 0 0 1 0 
0 1 1 1 1 0 1 0 0 0 
1 1 1 0 0 1 0 0 1 0 
0 1 1 1 1 0 1 1 0 0 
0 0 3 0 1 0 1 1 1 2 
0 0 1 0 1 1 0 1 0 2 
1 1 1 1 0 1 0 1 0 1 
0 1 2 1 0 0 0 0 0 0 
1 0 1 1 0 0 0 1 1 2 
0 1 3 1 0 0 0 0 1 0 
1 0 1 0 1 1 0 0 0 1 
1 0 0 0 1 1 0 0 0 0 
0 0 1 1 1 1 1 0 1 1 
1 0 3 1 1 0 1 1 0 0 
1 1 1 1 1 0 1 0 0 0 
0 0 1 0 1 0 1 1 0 2 
1 1 1 1 0 0 1 1 0 1 
0 1 1 1 0 1 1 0 1 2 
0 0 1 0 0 0 1 1 1 0 
1 1 1 0 0 1 0 0 0 0 
1 1 1 0 0 1 0 0 0 1 
1 1 2 0 0 1 0 0 0 0 
0 0 0 0 0 0 0 0 0 0 
0 1 1 1 1 0 0 0 0 0 
0 1 1 0 1 0 1 0 0 0 
1 0 1 0 0 1 0 0 0 0 
0 1 1 0 0 0 1 0 1 2 
0 1 1 0 1 1 1 1 0 2 
0 1 2 0 0 1 0 1 0 2 
0 1 1 0 0 1 0 0 0 0 
0 0 1 1 0 1 0 0 1 1 
1 0 1 0 0 1 0 1 1 2 
1 0 1 1 1 0 0 0 0 1 
1 0 2 1 0 1 1 0 1 0 
0 1 2 1 1 0 1 0 0 0 
1 1 1 0 0 1 1 1 0 1 
1 1 1 0 0 1 1 0 0 0 
0 0 1 1 1 0 0 0 1 1 
1 1 0 0 1 0 1 0 0 2 
1 1 1 1 0 1 0 0 0 0 
0 0 1 1 0 0 1 0 1 2 
1 1 1 0 1 1 0 0 0 0 
0 1 1 1 0 0 1 1 1 2 
1 0 1 0 1 1 1 1 0 2 
0 1 1 1 1 1 1 0 0 0 
0 0 1 0 0 1 0 1 1 0 
1 0 1 0 0 0 0 0 1 2 
0 1 0 1 0 1 1 1 1 0 
0 0 2 0 1 1 1 1 0 1 
1 0 1 0 1 0 0 1 0 1 
1 1 1 1 0 1 1 1 0 1 
1 0 0 0 0 1 1 0 1 1 
0 1 0 0 0 0 0 0 0 1 
1 1 1 1 0 1 1 1 0 2 
0 1 1 1 0 0 0 0 1 2 
1 1 1 0 0 0 0 0 0 0 
1 1 1 0 0 0 0 1 1 2 
1 0 1 0 0 0 1 1 1 2 
0 0 2 0 0 0 0 1 1 0 
1 0 1 0 1 0 0 1 1 2 
MFS
[ - , - , 1 , - , - , - , - , - , - , - ]
precise
0.0
recall
0.0
F-measure
0.0
accurate
0.5
accurate_oppsite
0.5
testCase Num: 139
1 0 1 0 0 1 1 0 0 0 
1 1 1 1 0 1 1 1 1 1 
1 1 2 0 0 0 0 0 1 0 
1 1 1 0 0 0 0 0 1 0 
0 1 1 1 1 1 0 0 1 1 
1 1 1 0 0 0 0 0 1 1 
0 0 1 0 0 1 1 1 1 0 
1 1 1 0 0 0 0 0 0 2 
1 1 2 0 0 0 0 0 0 2 
0 0 1 0 0 1 0 0 1 2 
1 0 1 0 1 1 1 0 1 0 
0 0 1 1 0 1 0 1 0 0 
0 0 1 0 1 1 1 0 0 0 
0 1 2 1 0 1 0 0 0 0 
1 0 3 0 0 1 1 0 1 2 
1 0 1 1 0 1 1 1 0 1 
1 0 1 1 0 1 0 0 1 2 
0 0 1 0 0 0 0 1 0 0 
0 0 1 0 0 0 0 1 0 1 
0 1 1 0 0 0 0 0 0 2 
1 1 1 1 0 1 1 0 0 1 
0 1 1 0 0 0 0 0 0 1 
1 1 2 1 0 1 1 1 0 1 
0 0 1 1 0 0 1 1 0 0 
0 0 1 1 0 0 0 0 1 2 
1 0 2 0 1 1 1 0 0 0 
0 0 2 0 0 1 0 0 1 1 
1 1 1 0 0 0 0 0 1 2 
1 1 0 1 0 0 0 1 0 2 
1 1 0 0 1 1 1 0 1 2 
1 0 1 0 0 0 0 0 0 1 
0 0 2 1 0 0 1 0 1 2 
0 0 1 1 0 0 1 1 1 0 
1 1 2 0 1 0 1 1 0 1 
1 1 1 1 1 1 1 1 0 1 
0 1 1 0 0 0 0 0 1 0 
0 1 3 0 1 0 0 1 0 2 
0 0 1 0 0 0 0 1 1 0 
1 0 1 0 1 0 1 1 0 2 
1 0 0 0 1 0 0 0 1 0 
0 0 1 1 0 0 0 0 0 0 
0 0 1 0 1 0 0 0 0 1 
0 0 2 1 0 0 0 0 0 1 
0 0 1 1 0 0 0 0 0 1 
0 0 1 1 1 1 0 0 1 2 
0 1 1 1 0 0 0 1 0 0 
1 1 1 1 1 0 0 0 1 1 
0 0 1 1 0 1 1 0 1 2 
0 1 3 0 0 0 1 1 1 1 
0 1 1 1 1 0 1 0 1 1 
0 0 1 0 0 0 0 0 0 1 
0 0 1 0 0 0 0 0 0 2 
0 0 1 0 1 1 1 1 0 2 
1 1 1 0 1 0 0 0 0 2 
0 0 2 0 1 0 1 1 0 2 
0 0 1 1 0 0 0 1 1 0 
0 1 3 1 1 1 1 0 0 0 
1 1 1 0 0 0 1 0 1 0 
1 1 3 0 0 0 0 0 0 0 
1 1 1 0 0 0 1 0 0 2 
0 0 2 0 0 1 0 1 0 2 
0 0 1 0 1 0 0 1 0 2 
1 1 1 0 1 0 0 0 1 0 
0 1 1 1 0 1 1 1 0 1 
0 1 1 1 0 1 0 0 1 2 
0 0 1 0 0 0 1 1 0 0 
0 0 1 0 0 0 0 0 1 1 
1 0 1 0 1 0 1 0 0 0 
0 1 1 1 1 0 0 0 1 2 
0 1 1 1 1 0 0 0 1 1 
1 1 1 0 0 1 0 0 1 0 
0 0 1 0 0 0 1 1 0 2 
0 0 0 0 1 1 0 1 0 1 
1 1 1 1 0 1 0 1 0 1 
0 0 1 0 1 0 1 1 1 2 
0 0 1 1 0 0 0 1 0 0 
0 0 2 1 0 0 0 1 0 0 
1 0 3 1 0 0 0 0 0 1 
0 0 1 1 0 0 0 1 0 1 
0 0 1 0 1 0 1 1 1 0 
1 0 1 0 1 1 0 0 0 0 
0 0 3 1 0 0 0 1 1 0 
0 0 1 0 1 0 1 1 0 2 
1 1 1 1 0 0 1 1 0 1 
0 0 1 0 0 0 1 1 1 0 
1 1 1 0 0 1 0 0 0 2 
0 0 1 1 1 0 0 1 0 0 
0 0 1 0 0 0 1 1 1 1 
0 0 2 0 0 0 1 1 1 0 
0 1 1 1 1 0 0 0 0 1 
0 0 0 0 0 0 0 0 0 0 
1 1 1 1 0 0 0 0 1 0 
0 0 1 0 1 0 1 1 0 0 
1 0 2 1 0 0 1 1 0 0 
1 1 1 0 1 1 1 0 0 0 
1 0 1 1 0 0 0 1 0 0 
1 0 1 0 1 1 1 1 0 0 
0 0 1 1 0 1 0 0 1 2 
1 1 1 1 0 0 0 0 0 2 
0 0 1 1 0 1 0 0 1 0 
0 0 3 0 1 1 0 0 0 1 
0 0 1 0 0 0 1 0 0 1 
1 1 1 0 0 1 1 1 0 1 
0 0 0 0 0 0 1 0 0 2 
0 1 1 1 1 0 0 1 1 1 
0 0 1 1 1 0 0 0 1 1 
0 1 2 1 1 0 0 1 1 2 
0 0 0 1 0 0 0 0 0 0 
0 0 3 1 0 0 0 0 0 2 
1 0 1 0 0 0 0 0 0 2 
1 0 1 1 1 1 1 0 0 0 
1 1 1 0 0 0 0 1 1 0 
1 1 1 0 0 0 0 1 0 2 
0 0 1 1 0 1 0 0 0 2 
1 0 1 0 0 0 0 0 1 0 
0 1 0 1 0 1 1 1 1 0 
0 1 1 0 0 0 1 1 1 0 
0 0 2 0 0 0 0 0 0 1 
0 1 1 0 1 0 1 1 0 2 
0 0 1 0 0 0 1 0 1 0 
0 1 1 0 1 0 0 0 1 1 
1 1 1 1 0 1 1 1 0 1 
0 1 0 0 0 0 0 0 0 1 
1 1 1 1 0 1 1 1 0 2 
0 0 1 0 1 0 1 0 0 2 
1 1 2 0 1 1 1 0 0 2 
1 0 3 0 1 1 0 1 1 0 
0 1 1 1 0 0 0 0 1 1 
1 1 1 0 0 0 0 0 0 0 
1 0 1 0 0 0 1 1 1 0 
0 0 1 0 0 1 0 0 0 1 
1 0 1 0 1 1 1 0 0 1 
1 0 1 0 1 1 1 0 0 0 
0 0 1 1 0 1 0 1 1 2 
0 0 2 1 0 1 0 0 1 2 
1 0 0 1 1 0 1 0 1 1 
1 0 2 0 1 0 0 0 1 0 
0 0 1 1 1 0 1 1 0 2 
0 1 2 1 1 0 0 0 1 1 
MFS
[ - , - , 1 , - , - , - , - , - , - , - ]
precise
0.0
recall
0.0
F-measure
0.0
accurate
0.5
accurate_oppsite
0.5
testCase Num: 127
1 0 2 1 0 1 0 0 0 2 
1 0 1 1 0 1 0 0 0 0 
1 0 1 1 0 1 0 0 0 2 
0 1 3 0 1 0 0 0 0 2 
1 1 1 0 1 0 1 1 0 2 
0 0 1 0 1 0 0 1 0 0 
1 1 1 1 1 0 0 1 0 2 
0 1 2 0 0 1 1 0 1 1 
0 1 0 1 1 1 1 1 0 0 
0 1 2 1 1 1 0 0 1 2 
1 0 0 0 1 1 1 0 1 0 
0 0 3 1 1 1 0 0 0 1 
0 1 1 0 0 1 1 0 0 1 
1 0 1 1 1 1 0 0 0 2 
0 0 1 1 0 0 1 0 0 0 
0 0 1 0 1 1 1 0 0 1 
1 0 1 1 0 1 0 0 1 2 
0 1 1 0 1 0 0 1 1 0 
0 0 2 0 1 0 0 1 1 0 
0 1 1 1 0 0 1 0 0 1 
0 1 1 1 0 0 1 0 0 0 
1 0 3 0 0 0 0 0 0 2 
1 1 1 0 1 1 0 1 0 2 
0 1 1 1 0 0 1 0 1 0 
1 1 1 0 1 1 0 1 0 0 
0 1 1 0 0 1 1 0 1 2 
0 1 1 0 0 1 1 0 1 1 
0 1 1 0 1 0 0 1 0 2 
1 0 1 1 1 0 1 0 1 1 
0 0 1 0 0 0 0 1 1 0 
0 1 3 1 0 1 0 1 1 2 
1 0 1 1 0 1 0 1 0 2 
0 0 1 0 1 1 0 0 0 2 
0 0 3 0 1 0 1 0 1 2 
0 0 1 0 1 1 0 0 0 1 
1 1 1 0 1 0 0 1 1 2 
0 0 1 0 1 0 0 0 0 1 
0 0 3 0 0 1 0 0 0 0 
0 0 1 0 0 1 1 0 1 1 
0 1 1 0 0 1 0 0 1 1 
1 1 0 1 0 0 0 1 1 1 
1 0 1 0 0 1 0 0 0 2 
0 0 1 0 1 1 0 0 1 1 
1 1 1 0 0 1 0 1 0 1 
1 0 1 0 1 0 1 1 1 1 
0 0 2 0 0 0 1 0 1 2 
1 1 1 0 0 1 0 1 0 0 
1 1 1 0 1 0 0 0 0 2 
0 0 1 0 1 0 0 1 1 1 
0 0 1 0 1 0 0 1 1 0 
1 1 1 1 0 0 1 0 0 0 
0 0 1 1 1 1 0 0 0 1 
0 0 2 1 0 0 1 1 0 2 
0 0 1 0 0 1 1 0 1 2 
1 0 2 0 0 0 0 0 0 2 
0 1 1 0 0 1 1 1 1 1 
1 0 1 1 1 0 1 1 1 2 
1 0 1 1 1 0 1 1 1 1 
1 1 2 0 1 0 1 0 0 1 
0 1 2 1 0 1 1 0 0 0 
0 1 1 1 1 0 1 0 0 0 
1 1 1 0 0 1 0 1 1 0 
0 0 1 0 0 0 0 0 1 2 
0 0 1 1 1 0 0 1 1 0 
0 0 2 0 1 0 1 1 1 0 
0 0 1 0 1 1 0 1 0 1 
1 0 2 0 0 1 0 1 1 0 
1 1 1 1 0 1 0 1 0 0 
1 1 2 1 0 1 0 1 0 1 
0 1 1 0 1 1 0 0 0 1 
0 0 1 0 1 0 1 1 1 0 
0 1 1 1 0 0 0 0 0 0 
1 0 1 0 1 1 0 0 0 1 
1 0 3 1 1 0 1 1 0 0 
0 0 0 0 1 0 1 1 0 1 
0 1 1 0 0 0 1 0 1 1 
1 0 1 1 1 0 1 1 0 1 
1 0 1 0 0 1 0 1 0 0 
1 1 1 0 1 0 0 1 0 0 
0 0 1 0 1 1 0 1 1 0 
0 1 1 1 0 1 1 0 1 1 
1 1 1 0 0 1 0 0 0 0 
1 1 0 0 0 1 0 0 0 1 
0 0 0 0 0 0 0 0 0 0 
0 0 1 0 0 0 1 1 1 2 
1 1 1 0 1 0 0 1 0 2 
1 1 3 1 0 0 0 0 1 0 
0 1 1 0 0 0 1 0 1 2 
0 0 1 0 1 0 0 0 1 0 
1 0 1 0 0 0 1 0 1 2 
1 1 1 1 1 0 1 1 1 1 
1 0 2 1 1 0 1 1 1 1 
0 1 1 1 0 1 1 0 0 0 
0 0 2 0 0 0 0 0 1 1 
1 1 3 0 0 1 1 1 0 1 
0 0 0 0 0 0 0 0 1 0 
1 1 1 0 0 1 1 1 0 0 
0 0 1 0 0 0 1 0 0 2 
1 1 1 1 0 1 0 0 0 2 
0 0 1 1 0 0 1 0 1 2 
0 0 1 0 1 0 1 0 1 2 
1 0 1 1 0 0 1 1 1 1 
1 1 1 0 0 0 0 1 0 0 
0 1 2 1 0 0 1 0 0 0 
1 1 1 0 0 0 0 1 0 2 
0 0 1 1 0 1 0 0 0 2 
1 0 1 1 1 0 0 1 1 1 
0 0 1 0 0 0 1 0 1 2 
0 0 0 1 1 0 0 0 0 2 
1 1 0 0 0 1 1 1 1 2 
0 0 1 0 0 0 1 0 1 0 
1 1 2 0 0 1 0 1 0 0 
1 0 1 0 1 0 0 1 0 2 
1 0 1 1 0 1 1 0 0 2 
1 1 1 0 0 1 1 0 1 1 
0 0 1 1 1 0 1 1 1 1 
1 1 2 0 1 0 0 1 0 2 
1 0 1 1 1 1 1 1 1 1 
0 1 1 1 0 0 1 1 0 0 
1 0 1 1 0 0 0 0 0 2 
0 0 1 0 0 1 0 0 0 1 
0 1 1 0 1 1 1 0 1 1 
0 1 1 0 0 1 0 1 0 0 
0 1 1 0 0 0 1 0 0 0 
0 0 3 0 0 0 0 0 1 1 
0 0 2 0 1 1 0 0 0 1 
1 0 1 0 1 0 0 1 1 0 
MFS
[ - , - , 1 , - , - , - , - , - , - , - ]
precise
0.0
recall
0.0
F-measure
0.0
accurate
0.5
accurate_oppsite
0.5
testCase Num: 125
1 0 1 1 0 1 0 0 0 0 
1 0 1 1 0 1 0 0 0 1 
1 0 2 0 0 1 1 0 0 2 
1 1 1 0 1 0 1 1 0 2 
0 0 1 0 1 1 1 1 1 2 
0 1 2 0 0 0 0 1 1 1 
0 0 1 0 1 0 0 1 0 0 
1 1 1 1 1 0 0 1 0 2 
0 0 1 1 1 1 0 1 1 2 
1 1 3 0 0 0 0 0 1 2 
1 1 1 0 0 0 0 0 1 0 
0 1 2 1 1 1 0 0 1 2 
0 0 1 1 0 1 0 1 0 2 
1 0 2 0 0 0 0 1 1 2 
0 1 3 0 0 0 0 0 0 0 
0 0 3 1 0 1 0 1 0 2 
1 0 1 1 0 1 0 0 1 0 
0 0 1 0 0 0 0 1 0 2 
0 1 1 0 0 0 0 0 0 2 
1 0 1 1 1 1 0 0 0 0 
0 1 1 1 1 1 0 0 0 1 
1 0 1 1 0 0 1 0 0 1 
1 1 1 0 0 0 1 1 1 0 
0 0 1 0 0 1 1 1 1 1 
1 0 1 0 0 0 0 0 0 1 
0 0 2 1 0 1 0 1 1 2 
0 0 2 0 1 1 1 1 1 1 
1 1 1 1 1 1 1 1 0 2 
0 0 1 0 1 1 1 0 1 1 
1 0 1 0 1 0 1 1 0 0 
1 0 2 1 0 1 0 0 0 0 
0 1 1 1 0 1 0 1 1 2 
1 0 1 1 0 1 0 1 0 0 
0 0 1 0 1 1 0 0 0 1 
1 1 1 1 0 0 1 0 1 0 
0 0 1 1 0 0 0 0 0 1 
0 0 1 1 0 0 0 0 0 2 
0 1 1 0 1 1 0 1 0 1 
1 1 1 0 0 0 1 0 0 0 
1 0 0 1 0 0 1 1 0 1 
1 1 1 1 1 0 1 1 0 0 
0 0 1 0 1 1 1 1 0 0 
1 0 3 1 0 1 1 0 0 1 
0 0 1 0 0 0 0 0 0 0 
1 0 0 0 1 0 0 0 0 2 
1 0 1 1 0 1 0 1 1 2 
0 0 1 0 0 0 0 0 0 2 
0 0 3 0 1 0 1 0 0 2 
0 0 2 0 1 0 1 1 0 0 
0 0 1 0 1 1 1 1 0 1 
1 0 1 1 1 0 1 1 0 2 
0 0 1 1 0 0 0 1 1 2 
1 1 2 1 1 0 1 1 0 2 
1 1 1 0 0 0 1 0 1 0 
0 1 0 1 0 0 1 0 0 0 
1 1 1 0 0 0 1 0 1 1 
0 0 1 0 1 1 1 1 1 1 
0 0 1 0 0 0 1 1 0 0 
0 1 1 1 1 0 1 1 0 2 
0 0 3 1 1 0 0 1 1 1 
0 1 3 0 1 0 1 0 1 1 
0 0 1 0 0 0 0 0 1 2 
0 1 1 0 1 1 0 0 0 1 
0 0 1 0 1 0 1 1 1 1 
0 1 2 0 1 1 0 0 0 1 
0 0 1 0 1 0 1 1 1 0 
0 1 1 0 1 1 0 0 0 2 
1 1 1 1 1 0 1 1 1 2 
1 0 2 1 0 0 0 0 0 1 
1 0 1 1 0 0 0 0 0 0 
1 1 1 1 0 0 1 1 0 2 
0 0 1 1 0 1 1 1 1 2 
0 1 1 0 0 0 1 0 1 0 
1 1 2 1 1 1 0 1 0 0 
0 0 0 0 0 0 0 0 0 0 
0 0 2 0 0 0 0 0 0 2 
0 1 0 0 0 0 1 1 1 2 
0 0 1 0 1 1 0 1 1 1 
1 0 1 0 0 1 0 0 0 0 
0 0 1 0 1 0 1 1 0 1 
0 0 1 0 1 0 1 1 0 0 
0 1 1 0 1 1 0 0 1 1 
1 1 1 1 1 0 1 1 0 2 
0 1 0 1 1 1 0 1 0 2 
0 0 1 1 1 1 1 1 1 1 
1 1 2 0 0 0 1 0 1 0 
1 0 1 0 0 0 1 0 1 0 
1 0 1 1 0 0 0 1 0 1 
1 0 0 0 1 1 0 1 1 0 
0 0 1 1 0 1 0 0 1 2 
0 1 2 0 0 0 1 0 0 0 
0 1 1 0 0 1 0 0 0 1 
0 0 1 0 1 0 0 0 0 2 
1 1 1 1 0 0 0 0 0 1 
1 0 1 1 1 0 0 0 0 1 
0 0 1 0 0 0 1 0 0 2 
0 0 1 1 1 0 1 1 0 0 
1 1 1 1 0 1 0 0 0 0 
0 1 1 0 1 1 1 1 1 1 
1 0 1 0 0 0 0 0 0 2 
1 0 1 0 1 1 1 1 1 1 
0 0 1 0 0 1 0 1 1 2 
0 0 2 1 0 1 0 0 0 1 
0 0 1 1 0 1 0 0 0 0 
1 1 0 1 1 1 1 0 1 1 
1 1 1 0 1 0 1 0 1 0 
1 0 1 1 0 1 1 0 0 0 
1 1 1 0 0 1 1 0 1 0 
0 0 2 1 1 0 1 0 1 0 
0 1 1 0 1 0 1 1 0 0 
0 1 1 0 1 1 1 0 0 1 
0 0 1 0 1 0 1 0 0 0 
1 1 1 1 1 0 1 0 0 2 
0 0 0 0 0 1 0 1 0 1 
1 0 3 0 1 1 0 1 1 0 
1 0 1 1 0 0 0 0 1 1 
1 0 1 1 0 0 0 0 0 2 
1 0 1 1 0 0 0 0 0 1 
0 0 1 0 0 1 0 0 0 2 
1 1 1 0 1 1 0 0 0 1 
0 0 1 1 0 1 0 1 1 2 
0 0 1 1 0 1 0 1 1 0 
0 1 1 0 1 0 0 0 0 1 
0 1 3 1 0 1 1 1 0 0 
1 0 2 0 1 0 1 1 0 1 
MFS
[ - , - , 1 , - , - , - , - , - , - , - ]
precise
0.0
recall
0.0
F-measure
0.0
accurate
0.5
accurate_oppsite
0.5
testCase Num: 128
1 0 1 1 0 1 0 0 0 1 
0 1 1 0 1 0 0 0 0 0 
0 1 1 0 0 0 0 1 1 2 
1 0 1 0 0 1 1 0 0 1 
1 0 1 0 0 0 0 1 0 2 
1 0 2 0 1 1 1 0 1 0 
1 1 3 0 1 1 0 1 0 0 
0 1 0 1 0 0 1 0 1 1 
0 0 1 0 0 1 1 1 1 0 
1 0 1 1 0 0 1 0 1 0 
1 1 1 0 1 0 1 1 1 2 
1 1 1 0 1 0 1 1 1 1 
1 1 2 0 1 0 1 1 1 1 
1 0 3 0 1 0 0 0 0 1 
0 0 1 1 1 0 1 0 1 0 
0 0 1 1 0 0 0 0 1 1 
0 1 1 1 1 1 0 0 0 2 
0 1 1 1 1 1 0 0 0 0 
1 1 1 0 0 0 1 1 1 1 
1 1 1 0 0 0 1 1 0 2 
0 0 3 1 1 1 0 1 1 1 
1 0 1 0 0 0 0 0 0 1 
0 0 1 1 0 0 1 1 1 0 
1 0 1 1 1 0 1 0 1 1 
1 1 0 0 1 0 1 1 0 0 
1 0 1 1 1 0 1 0 1 0 
1 0 1 0 1 0 1 1 0 2 
1 0 1 1 0 1 1 1 1 0 
0 1 1 1 0 1 0 1 1 2 
0 1 1 1 1 0 1 0 0 2 
1 0 1 0 0 1 0 0 1 1 
0 1 1 0 1 1 0 1 0 0 
0 0 1 1 0 0 0 0 0 1 
0 0 2 1 0 0 0 0 0 1 
0 0 1 1 0 0 0 0 0 2 
1 1 1 1 1 0 0 0 0 2 
1 0 2 0 0 0 1 1 0 2 
0 0 1 1 1 1 1 1 1 0 
1 0 3 0 0 0 0 0 1 0 
0 1 1 0 0 1 0 0 1 2 
1 0 1 0 0 1 0 0 0 2 
1 0 1 0 0 1 0 0 0 1 
0 1 1 1 0 1 1 1 1 0 
1 0 1 1 1 0 1 0 0 0 
1 0 1 0 1 0 1 1 1 1 
0 0 2 1 1 0 0 0 0 0 
0 0 1 0 0 0 0 0 0 1 
0 0 2 0 1 0 1 1 0 2 
0 0 1 1 0 1 1 0 1 0 
1 0 3 1 0 0 1 1 0 0 
0 1 1 0 1 1 0 1 1 2 
1 0 2 1 0 0 0 1 1 1 
0 1 2 1 0 0 0 1 1 0 
0 0 3 0 0 1 0 0 1 0 
0 0 2 0 0 1 0 1 0 0 
1 0 2 1 1 0 1 0 1 0 
0 1 3 0 0 0 1 0 0 1 
0 1 1 0 0 1 1 1 1 2 
1 1 3 1 0 0 0 1 0 2 
1 1 1 0 1 0 1 1 0 1 
1 0 1 1 1 0 1 1 1 0 
1 0 1 0 0 1 1 1 0 2 
1 1 1 0 0 1 0 1 1 2 
0 0 2 0 0 0 1 0 0 1 
0 1 1 1 1 0 0 0 1 2 
0 0 1 0 0 0 1 1 0 2 
0 1 1 0 1 1 0 0 0 1 
0 1 1 0 1 1 0 0 0 0 
0 1 2 0 1 1 0 0 0 1 
0 0 1 1 0 0 0 1 0 1 
1 1 1 0 1 1 1 1 1 1 
0 1 1 1 0 0 0 0 0 1 
0 1 1 1 0 0 0 0 0 2 
1 0 1 0 1 1 0 0 0 1 
1 0 1 0 0 0 1 0 0 2 
0 1 2 0 0 1 0 1 1 2 
0 1 1 0 0 1 0 1 1 0 
0 1 1 0 1 1 0 0 1 0 
0 0 1 1 0 1 1 1 1 1 
0 1 0 0 0 1 0 1 1 2 
0 1 3 0 0 0 1 0 1 2 
0 0 1 1 0 1 1 1 1 0 
0 1 1 0 0 1 0 1 1 2 
1 0 1 0 0 1 0 1 0 1 
1 0 1 0 1 0 1 0 1 0 
1 0 1 1 1 0 0 0 1 0 
1 1 1 0 0 1 0 0 0 1 
0 0 0 0 0 0 0 0 0 0 
0 1 1 1 1 0 0 0 0 0 
0 1 1 1 1 0 0 0 0 2 
1 0 0 1 1 0 0 0 1 2 
1 0 1 1 1 1 1 0 1 0 
0 0 3 1 1 1 1 0 0 2 
1 1 1 1 1 0 1 1 1 1 
0 1 2 0 1 1 0 0 0 0 
0 1 1 0 0 1 0 0 0 0 
0 0 1 1 0 1 1 1 0 0 
0 0 1 0 1 1 0 0 0 0 
1 1 1 0 1 0 0 1 1 1 
0 0 2 0 0 0 0 0 1 2 
0 0 0 0 0 0 1 0 0 2 
0 1 1 0 1 0 1 1 1 1 
0 0 0 1 1 1 1 1 0 1 
1 0 0 0 0 0 0 0 0 1 
1 1 1 0 1 1 0 0 0 0 
0 0 1 0 0 1 0 1 1 2 
1 0 1 0 0 0 1 1 0 0 
1 0 1 1 0 0 1 1 0 2 
0 0 1 1 0 1 0 0 0 1 
0 1 1 0 1 1 1 0 0 0 
1 1 1 0 1 0 1 0 1 1 
0 0 1 1 1 0 0 0 0 2 
0 0 1 1 1 0 0 0 0 1 
1 0 0 1 0 1 0 0 1 0 
0 1 1 1 1 0 0 1 0 2 
0 1 2 1 1 0 0 0 0 2 
1 0 2 0 0 1 0 0 0 1 
1 1 2 1 0 1 1 0 0 2 
0 0 2 1 0 1 1 1 1 0 
0 0 1 1 0 0 1 0 0 1 
1 0 1 0 0 0 1 1 0 2 
0 1 1 0 0 1 0 1 0 2 
1 0 1 1 0 0 0 0 0 1 
0 0 1 0 0 1 0 0 0 1 
1 0 1 0 0 0 1 1 1 2 
1 1 1 1 1 0 1 0 1 0 
0 0 1 1 0 1 0 1 1 0 
0 1 1 0 1 0 0 0 0 2 
MFS
[ - , - , 1 , - , - , - , - , - , - , - ]
precise
0.0
recall
0.0
F-measure
0.0
accurate
0.5
accurate_oppsite
0.5
testCase Num: 126
1 0 1 1 0 1 0 0 0 1 
1 0 2 1 0 1 0 0 0 1 
1 0 1 1 0 1 0 0 0 2 
0 0 1 1 1 0 1 0 0 1 
0 1 1 0 0 0 0 1 1 2 
1 1 1 1 1 1 1 0 0 0 
0 1 1 0 0 0 0 1 1 1 
0 0 1 0 1 0 0 1 0 0 
1 0 1 1 1 1 1 1 0 0 
0 0 2 0 0 1 1 1 1 1 
1 0 1 1 0 0 1 0 1 2 
1 0 1 1 0 0 1 0 1 0 
0 1 1 1 1 1 1 1 0 0 
1 0 1 1 0 0 1 0 0 2 
1 0 1 1 1 1 0 0 0 1 
0 1 1 1 0 1 0 0 0 0 
1 0 1 1 0 1 0 0 1 1 
0 0 1 0 0 0 0 1 0 2 
0 0 1 1 1 0 1 0 1 2 
0 0 1 1 1 0 1 0 1 1 
0 0 1 0 0 0 0 1 0 1 
0 1 1 0 0 0 0 0 0 0 
0 1 2 0 0 0 0 1 0 1 
1 1 1 1 1 1 1 1 1 0 
0 1 1 0 0 0 0 0 0 1 
1 0 1 0 0 1 1 0 1 0 
0 0 2 1 0 0 1 0 0 2 
0 0 0 1 1 1 0 0 0 0 
1 0 1 1 0 0 1 0 0 0 
0 1 1 1 0 0 1 0 0 0 
0 0 2 0 1 0 0 1 0 2 
1 1 1 1 1 1 1 1 0 1 
1 1 1 1 1 1 1 1 0 0 
0 1 1 0 1 0 0 1 0 2 
1 0 1 1 1 0 1 0 1 1 
0 1 1 0 1 0 0 1 0 1 
0 1 1 1 0 1 0 1 1 2 
1 0 1 1 0 1 0 1 0 1 
0 0 1 1 0 0 0 0 0 0 
0 1 3 0 0 0 1 1 0 2 
0 0 2 1 0 0 0 0 0 1 
0 1 0 1 1 1 1 0 0 1 
0 1 1 1 0 0 0 1 0 0 
0 1 1 1 0 0 0 1 0 1 
1 0 3 0 0 0 0 0 1 1 
1 1 1 1 1 0 1 1 0 0 
0 1 1 0 0 1 0 0 1 2 
1 1 1 1 0 0 1 0 0 2 
0 0 1 0 1 0 0 1 1 2 
1 0 1 1 1 0 1 0 0 2 
1 0 1 0 0 1 0 0 0 1 
0 1 1 1 1 0 1 0 1 1 
0 1 1 0 0 0 0 1 0 1 
0 0 2 0 1 0 1 1 0 0 
0 1 1 0 0 0 0 1 0 2 
0 1 1 0 1 1 0 1 1 2 
1 0 3 0 1 1 1 0 0 2 
1 1 1 0 0 0 1 0 1 0 
0 1 2 1 1 1 0 0 1 0 
1 1 0 0 0 0 1 1 1 0 
1 0 0 0 0 0 1 0 1 1 
0 0 1 0 1 0 0 1 0 2 
0 1 1 0 0 1 1 1 1 2 
1 1 1 0 0 1 0 1 1 2 
0 0 1 0 1 1 0 1 0 2 
0 1 1 1 0 0 0 0 0 0 
0 1 2 1 0 0 0 0 0 0 
0 1 1 1 0 0 0 0 0 1 
1 0 1 0 0 0 1 0 0 0 
0 1 3 0 1 1 0 0 1 1 
1 0 1 0 0 0 1 0 0 2 
0 1 2 0 0 1 0 1 1 2 
0 0 1 1 1 1 1 0 1 1 
0 1 1 0 0 1 0 1 1 0 
0 1 1 0 0 1 0 1 1 2 
0 0 1 0 1 0 1 1 0 2 
1 1 1 1 1 1 0 1 0 0 
1 1 2 0 1 0 0 1 0 1 
1 0 1 0 1 0 1 0 1 0 
1 1 3 0 0 1 1 1 1 0 
0 0 1 1 1 0 0 1 0 2 
0 0 0 0 0 0 0 0 0 0 
0 1 1 1 1 0 0 0 0 0 
1 1 3 1 0 0 0 0 1 2 
0 0 0 0 0 1 1 0 1 2 
1 0 1 0 0 0 1 0 1 0 
1 0 1 0 0 0 1 0 1 1 
1 1 1 1 0 0 0 0 0 0 
0 0 1 0 1 0 0 0 0 2 
1 1 2 1 0 0 1 1 1 2 
0 0 3 1 0 1 1 1 0 1 
0 0 1 1 1 0 0 0 1 1 
1 1 2 1 1 1 1 1 0 0 
0 0 2 0 1 1 0 0 0 2 
1 1 1 1 0 1 0 0 0 1 
0 1 1 0 0 0 1 1 0 1 
0 0 1 0 1 0 1 0 1 1 
1 1 1 0 0 0 0 1 0 1 
0 0 1 0 0 1 0 1 1 2 
1 0 1 1 0 0 1 1 0 2 
0 0 1 1 0 1 0 0 0 1 
1 0 1 0 0 0 0 0 1 0 
0 0 3 0 0 0 0 0 0 0 
0 0 1 0 0 0 1 0 1 0 
1 0 1 1 0 1 1 0 0 1 
1 0 1 0 1 0 0 1 0 2 
0 0 3 1 1 0 0 1 0 0 
1 0 1 1 0 1 1 0 0 2 
0 0 2 1 1 0 1 0 1 1 
0 0 1 1 1 0 1 1 1 1 
1 0 2 0 0 1 0 0 0 0 
1 1 1 1 0 1 1 1 0 0 
0 0 1 1 0 0 1 0 0 2 
0 1 1 1 0 0 0 0 1 0 
1 0 2 1 0 0 1 0 0 2 
1 1 1 0 1 1 1 1 0 0 
1 0 1 1 0 0 0 0 0 2 
0 1 1 0 0 1 0 1 0 2 
1 0 0 1 1 1 0 1 1 2 
1 0 1 1 0 0 0 0 0 1 
1 0 1 0 0 0 1 1 1 0 
1 0 0 1 0 0 0 1 0 1 
1 0 2 0 0 0 1 0 1 0 
0 0 1 1 0 0 1 0 1 1 
0 1 1 0 0 1 0 1 0 1 
0 1 0 0 1 0 0 1 0 2 
MFS
[ - , - , 1 , - , - , - , - , - , - , - ]
precise
0.0
recall
0.0
F-measure
0.0
accurate
0.5
accurate_oppsite
0.5
testCase Num: 125
0 1 1 0 0 0 0 1 1 2 
0 1 1 0 1 0 0 0 0 0 
1 1 1 1 0 1 1 1 1 1 
1 0 1 0 0 0 0 1 0 1 
0 0 1 1 1 1 0 1 1 0 
1 0 1 1 0 0 1 0 1 0 
1 0 3 0 0 0 0 1 1 2 
0 0 1 1 0 1 0 1 0 2 
1 0 2 0 0 0 0 1 1 1 
1 0 1 0 0 0 0 1 1 1 
0 0 2 1 0 1 0 1 0 2 
0 0 1 1 0 1 0 1 0 0 
0 1 2 0 0 0 0 0 0 0 
0 0 2 0 1 1 1 0 0 0 
1 0 1 0 1 0 0 0 0 2 
0 0 1 1 1 0 1 0 1 0 
1 1 0 0 1 0 0 0 0 1 
1 1 1 1 0 1 1 0 0 1 
0 1 1 0 0 0 0 0 0 0 
0 1 1 0 0 0 0 0 0 1 
0 0 1 1 1 1 0 1 0 2 
0 0 1 1 1 1 0 1 0 1 
0 0 1 1 1 1 0 1 0 0 
1 0 1 0 0 0 0 1 1 2 
0 1 1 1 1 1 0 0 0 1 
0 1 1 0 0 0 0 0 1 0 
1 0 1 1 1 0 1 0 1 1 
1 1 1 0 1 0 1 0 0 2 
1 0 1 1 1 0 1 0 1 0 
1 0 1 0 1 0 1 1 0 2 
0 0 1 0 0 0 0 1 1 1 
1 0 1 1 0 1 0 1 0 2 
1 1 1 1 0 1 1 0 1 1 
1 1 1 1 0 1 1 0 1 2 
0 0 1 0 1 1 0 0 0 1 
1 1 1 1 0 0 1 0 1 1 
1 1 0 1 1 0 1 0 1 2 
0 1 1 0 1 1 0 1 0 1 
0 0 1 1 1 1 1 1 0 0 
1 0 2 0 0 0 0 0 1 0 
1 1 1 0 0 0 1 1 1 2 
0 1 3 1 1 1 1 0 0 2 
1 0 1 1 1 1 0 1 0 0 
1 0 1 1 1 0 1 0 0 2 
1 0 1 1 1 0 1 0 0 0 
0 1 0 1 0 1 0 1 0 1 
0 0 1 0 0 0 0 0 0 0 
1 1 1 1 1 1 1 0 1 1 
0 1 1 0 0 0 0 1 0 0 
0 0 1 1 1 1 0 0 0 0 
0 1 1 1 1 1 0 1 0 0 
0 0 2 0 0 1 0 1 0 1 
1 0 2 1 1 0 1 0 1 0 
1 1 2 0 1 1 0 1 0 2 
1 0 0 0 0 0 1 0 1 1 
0 1 1 0 0 1 1 1 1 2 
1 0 1 1 1 0 1 1 1 0 
0 0 2 0 0 0 1 0 0 2 
1 0 1 0 1 0 1 0 0 0 
0 0 3 1 1 0 1 1 0 1 
1 0 1 0 1 0 1 0 0 2 
0 1 2 0 1 0 1 0 1 1 
0 0 1 0 1 1 0 1 0 0 
0 1 1 0 1 1 0 0 0 1 
0 1 0 1 0 0 0 0 0 0 
0 1 2 0 1 1 0 0 0 1 
0 1 1 0 1 1 0 0 0 2 
0 0 1 1 0 0 0 1 0 2 
0 1 1 1 0 0 0 0 0 0 
0 1 3 1 0 0 0 0 1 1 
1 0 1 1 0 0 0 1 1 1 
1 0 1 0 0 0 1 0 0 2 
1 0 3 0 0 0 1 0 0 0 
0 1 1 1 0 1 1 0 1 1 
1 0 1 0 1 0 1 0 1 0 
1 0 1 1 1 0 0 0 1 0 
1 0 1 0 1 0 1 0 1 2 
0 0 1 1 1 0 0 1 0 0 
0 0 0 0 0 0 0 0 0 0 
1 0 3 0 0 1 0 0 0 1 
0 0 1 0 0 0 1 1 1 2 
0 1 1 0 0 0 1 0 1 2 
0 1 2 0 0 0 1 1 1 2 
1 0 1 1 1 1 1 0 1 0 
0 1 1 0 1 1 0 0 1 1 
0 0 1 0 0 1 0 1 0 2 
0 0 1 1 0 1 1 1 0 2 
0 1 1 0 0 1 0 0 0 0 
0 0 0 1 0 1 1 0 0 2 
0 1 1 0 0 1 0 0 0 1 
1 0 1 0 0 1 0 1 1 1 
0 1 1 0 1 0 1 1 1 2 
1 0 2 0 1 0 1 0 0 2 
0 0 3 0 1 0 0 0 0 0 
0 1 1 0 0 0 1 1 0 2 
0 1 3 0 0 1 1 1 1 0 
0 1 1 1 0 0 1 1 1 2 
1 1 3 1 1 0 0 0 1 0 
1 0 0 0 1 1 1 1 1 0 
0 0 0 0 1 0 0 1 1 2 
0 0 1 1 0 1 0 0 0 2 
1 0 1 0 0 0 0 0 1 1 
1 0 2 1 1 0 0 1 1 1 
0 1 1 0 0 0 1 1 1 0 
0 1 1 1 0 1 0 1 0 2 
1 1 1 0 0 1 1 0 1 1 
1 1 1 1 0 1 0 0 1 1 
0 1 1 0 0 0 1 1 1 2 
1 1 2 1 0 0 1 1 0 0 
0 0 1 0 1 0 1 0 0 2 
0 1 1 0 1 1 1 0 0 1 
0 0 2 1 1 1 0 1 0 0 
1 1 1 0 0 0 0 0 0 0 
1 1 1 0 0 0 0 1 1 1 
1 0 1 0 1 1 1 0 0 2 
1 0 1 0 0 0 1 1 1 1 
1 1 1 0 1 1 0 0 0 1 
0 0 1 1 0 1 0 1 1 2 
0 0 2 1 0 1 0 0 1 2 
1 1 1 1 1 0 1 0 1 0 
0 1 1 0 0 0 1 0 0 0 
1 1 2 1 0 1 1 0 1 1 
0 1 1 0 1 0 0 0 0 1 
1 0 1 0 1 0 0 1 1 1 
1 0 1 1 0 1 1 0 1 1 
MFS
[ - , - , 1 , - , - , - , - , - , - , - ]
precise
0.0
recall
0.0
F-measure
0.0
accurate
0.5
accurate_oppsite
0.5
testCase Num: 138
0 1 2 0 1 0 0 0 0 0 
0 0 1 1 1 0 1 0 0 0 
1 1 1 1 0 1 1 1 1 1 
1 1 1 0 1 0 1 1 0 2 
1 0 1 0 0 0 0 1 0 2 
0 1 1 0 1 1 1 0 1 2 
0 0 1 1 1 1 0 1 1 1 
1 0 1 0 0 0 0 1 0 1 
0 1 1 1 1 1 0 0 1 2 
0 0 1 1 0 1 0 1 0 1 
1 0 1 0 0 0 0 1 1 0 
0 1 2 0 0 1 1 0 0 2 
1 0 3 1 0 1 0 0 1 0 
1 0 1 1 0 1 0 0 1 0 
0 0 1 0 0 0 0 1 0 2 
0 0 1 0 0 0 0 1 0 0 
0 0 1 0 0 0 0 1 0 1 
1 1 0 1 1 1 1 0 1 0 
1 0 1 0 0 1 1 0 1 0 
0 1 1 0 0 0 0 0 0 1 
0 0 1 1 1 1 0 1 0 2 
0 0 1 1 1 1 0 1 0 1 
0 1 1 1 0 0 1 0 0 0 
0 0 2 0 0 1 0 0 1 0 
1 1 1 0 0 0 1 1 1 1 
0 0 2 1 1 1 1 1 0 0 
1 0 2 0 0 0 0 1 0 0 
1 0 1 0 0 0 0 0 0 1 
1 0 1 0 0 0 0 0 0 0 
0 0 0 1 0 1 0 1 1 1 
1 1 1 0 1 0 1 0 0 0 
1 1 1 0 1 0 1 0 0 2 
0 0 3 1 1 0 1 0 0 2 
0 1 1 1 1 0 1 0 0 1 
0 0 1 0 0 0 0 1 1 2 
1 0 1 0 0 1 0 0 1 1 
1 0 1 0 0 1 0 0 1 0 
0 0 1 0 1 0 0 0 0 1 
0 0 2 1 0 0 0 0 0 1 
0 0 1 1 0 0 0 0 0 1 
1 1 1 1 0 0 1 0 1 1 
0 0 1 1 1 1 1 1 0 1 
0 0 1 0 0 1 1 0 0 2 
1 1 1 0 1 1 1 0 0 2 
1 0 1 1 1 1 0 1 0 1 
0 1 1 0 0 1 0 0 1 2 
0 0 1 1 0 1 1 0 1 2 
0 1 1 1 1 0 1 0 1 0 
0 0 1 0 0 0 0 0 0 1 
0 0 1 0 0 0 0 0 0 2 
0 1 1 0 0 0 0 1 0 2 
0 0 1 0 1 1 0 0 1 2 
1 1 1 0 1 0 0 0 0 2 
0 1 2 0 1 1 0 0 1 2 
0 0 1 1 1 1 0 0 0 1 
0 1 1 0 1 1 0 1 1 2 
0 1 1 1 1 1 0 1 0 1 
1 1 3 0 0 0 0 0 0 0 
0 1 3 0 1 1 1 0 1 0 
1 1 1 0 0 0 1 0 0 2 
1 0 1 0 0 0 0 1 0 0 
0 0 1 1 0 1 1 0 0 2 
1 1 1 1 0 0 1 1 1 1 
0 0 1 0 1 0 0 1 0 2 
0 0 1 1 0 1 1 0 0 0 
1 1 1 1 0 0 1 1 1 2 
1 1 2 0 1 0 1 0 0 2 
1 1 0 0 1 0 0 1 1 0 
0 1 1 1 1 0 1 0 0 0 
0 0 1 0 0 0 0 0 1 1 
1 0 1 0 1 0 1 0 0 2 
1 1 1 0 0 1 0 0 1 0 
0 1 1 1 1 0 1 1 0 0 
0 0 1 0 0 0 1 1 0 2 
0 0 1 0 1 1 0 1 0 1 
1 0 1 0 0 1 0 1 1 0 
1 1 2 1 0 0 1 1 1 1 
0 0 1 1 1 1 1 0 0 2 
0 0 1 1 0 0 0 1 0 2 
0 1 1 0 1 1 0 0 0 2 
1 0 2 0 0 0 1 0 0 0 
1 1 1 0 1 1 0 0 1 2 
1 0 0 0 0 0 1 0 0 0 
1 1 1 1 1 0 1 0 0 0 
0 1 1 0 1 1 0 0 1 0 
0 1 0 0 0 1 0 1 1 2 
1 1 1 1 0 0 1 1 0 1 
1 0 1 0 0 1 0 1 0 0 
0 0 1 1 1 0 0 1 0 1 
0 1 1 0 1 0 1 0 0 2 
0 0 0 0 0 0 0 0 0 0 
0 1 1 1 1 0 0 0 0 0 
0 1 1 0 1 0 1 0 0 0 
1 0 1 0 0 1 0 0 0 0 
0 1 1 0 1 1 0 0 1 2 
1 0 1 1 0 0 0 1 0 0 
1 0 1 0 1 1 0 0 1 0 
0 0 1 0 0 1 0 1 0 2 
1 0 3 1 1 0 0 0 0 1 
0 0 1 1 0 1 1 1 0 2 
1 1 1 1 1 0 1 1 1 1 
0 1 1 1 0 1 1 0 0 2 
0 0 2 1 0 1 1 0 0 2 
0 0 1 0 0 0 1 0 0 1 
0 1 2 1 1 0 1 0 0 0 
0 0 2 0 1 0 1 0 1 1 
1 0 2 0 0 1 0 0 1 0 
1 0 0 0 0 0 0 0 0 1 
0 1 1 1 0 0 1 1 1 1 
0 1 3 1 0 0 0 1 0 2 
1 0 1 1 0 0 1 1 1 1 
1 1 1 0 0 0 0 1 0 0 
0 1 1 1 1 1 1 0 0 0 
1 0 1 0 0 0 1 1 0 0 
0 0 1 1 0 1 0 0 0 2 
1 0 1 0 0 0 0 0 1 0 
1 0 2 1 1 0 0 1 1 2 
1 1 1 1 0 0 0 1 1 1 
0 1 1 0 1 0 0 0 1 2 
1 1 1 0 1 0 1 0 1 2 
0 0 2 0 0 0 0 0 0 1 
0 0 2 0 0 0 0 0 0 0 
1 1 2 0 0 1 0 1 0 1 
1 0 1 0 1 0 0 1 0 0 
1 0 1 1 0 1 1 0 0 2 
1 0 3 0 0 1 1 1 1 2 
0 0 2 0 0 0 0 1 0 2 
0 0 3 0 1 0 0 1 1 1 
1 0 0 1 1 0 1 0 0 2 
0 1 3 0 0 1 1 0 0 1 
1 1 2 1 0 0 0 0 1 0 
0 0 1 1 0 0 1 0 0 2 
0 1 0 0 1 1 1 1 0 1 
1 1 1 1 1 0 1 0 0 2 
0 0 2 1 1 1 0 1 0 1 
0 0 1 0 0 1 0 0 1 0 
0 0 1 0 0 1 0 0 0 1 
0 0 3 0 0 0 1 1 0 0 
MFS
[ - , - , 1 , - , - , - , - , - , - , - ]
precise
0.0
recall
0.0
F-measure
0.0
accurate
0.5
accurate_oppsite
0.5
testCase Num: 128
1 1 0 1 0 1 1 1 1 0 
1 0 1 0 0 1 1 0 0 1 
0 0 1 0 1 1 1 1 1 2 
0 1 1 0 0 0 0 1 1 0 
0 0 1 0 1 0 0 1 0 0 
0 0 1 1 0 0 1 1 1 2 
0 1 1 0 1 1 1 0 1 2 
1 1 1 0 0 0 0 0 1 0 
0 1 1 1 1 1 0 0 1 0 
1 1 1 0 0 0 0 0 0 2 
1 1 2 0 0 0 0 0 0 2 
0 0 1 0 0 1 1 1 0 1 
1 0 1 0 1 1 1 0 1 2 
1 0 1 0 0 0 0 1 1 0 
0 1 1 1 0 1 0 0 0 0 
0 0 3 1 1 0 1 0 1 2 
1 0 0 0 1 0 0 0 0 0 
1 0 1 1 0 1 1 1 0 1 
0 1 0 1 1 0 0 1 0 1 
0 0 1 0 0 0 0 1 0 1 
0 1 1 0 0 0 0 0 0 2 
0 0 1 0 1 1 1 0 0 2 
0 1 1 0 0 0 0 0 0 1 
0 0 1 1 0 0 0 0 1 2 
0 1 1 1 1 1 0 0 0 1 
0 1 1 1 1 1 0 0 0 0 
1 1 1 0 0 0 1 1 1 0 
1 1 1 0 0 0 0 0 1 2 
1 0 3 0 0 0 0 0 0 1 
1 0 1 0 0 0 0 0 0 1 
0 0 2 0 1 0 0 1 0 2 
0 0 1 0 1 1 1 0 1 0 
0 0 1 0 1 1 1 0 1 2 
1 0 1 1 1 0 1 0 1 1 
0 1 3 1 0 1 0 1 1 1 
1 0 1 0 1 0 1 1 0 0 
0 1 2 1 0 1 1 1 0 2 
0 0 1 0 0 0 0 1 1 2 
0 0 1 0 1 0 0 0 0 1 
0 0 1 1 0 0 0 0 0 1 
1 1 1 1 0 0 1 0 1 1 
1 1 2 0 0 0 0 1 1 0 
1 1 3 0 0 0 0 1 0 2 
1 0 2 0 0 0 1 1 0 1 
1 1 1 1 1 0 0 0 1 1 
0 0 1 0 1 1 1 1 0 0 
1 1 3 0 0 1 1 0 1 0 
0 1 1 1 1 0 1 0 1 1 
0 0 1 0 0 0 0 0 0 1 
0 0 0 0 0 0 0 1 0 2 
0 0 1 0 0 0 0 0 0 2 
0 0 3 0 1 0 1 0 0 1 
1 1 1 0 1 0 0 0 0 2 
0 0 2 0 1 0 1 1 0 0 
1 0 1 0 0 1 1 1 1 1 
0 0 1 0 1 1 0 0 1 2 
1 1 1 1 1 1 1 0 1 1 
0 0 1 1 0 0 0 1 1 0 
0 0 1 1 0 0 0 1 1 2 
0 0 1 1 1 1 0 0 0 0 
0 1 1 1 1 1 0 1 0 0 
1 1 1 0 0 0 1 0 0 2 
0 0 1 0 0 1 1 0 1 2 
0 1 2 1 1 1 0 0 0 0 
0 0 2 0 1 1 1 0 1 2 
0 1 2 0 0 0 0 0 1 0 
1 0 1 0 0 1 1 1 0 1 
1 0 1 0 0 1 1 1 0 2 
0 0 1 0 0 0 0 0 1 1 
0 0 1 0 0 0 1 1 0 0 
1 1 1 0 0 1 0 1 1 0 
0 0 2 0 1 0 1 1 1 0 
0 1 1 0 1 1 0 0 0 0 
0 0 1 0 1 0 1 1 1 0 
0 0 1 1 0 0 0 1 0 2 
0 1 3 0 1 1 0 0 0 2 
1 0 1 1 0 0 0 1 1 2 
1 1 1 1 1 0 1 0 0 1 
1 0 1 0 0 1 0 1 0 1 
1 1 1 0 0 1 0 0 0 2 
0 0 0 0 0 0 0 0 0 0 
0 1 1 1 1 0 0 0 0 0 
1 1 2 1 0 0 1 0 0 0 
0 0 1 0 1 0 1 1 0 1 
0 0 2 1 0 0 0 1 1 2 
0 0 1 0 1 0 1 1 0 0 
0 1 1 1 0 0 0 1 1 2 
1 0 1 0 1 1 1 1 0 1 
1 1 2 1 1 0 1 0 1 1 
1 0 0 0 0 0 1 1 1 1 
1 1 1 1 0 0 0 0 0 2 
1 1 1 1 1 0 1 1 1 1 
1 1 1 0 1 0 0 1 1 0 
0 0 1 1 1 0 0 1 1 2 
0 0 1 0 0 0 1 0 0 1 
1 1 1 0 0 1 1 1 0 1 
0 0 1 1 1 0 1 1 0 0 
1 0 2 0 0 1 0 0 1 2 
1 0 2 0 0 1 1 1 0 1 
0 0 1 0 1 0 1 0 1 2 
1 0 3 1 1 1 0 1 1 0 
1 0 1 0 0 0 0 0 0 2 
1 1 1 0 0 0 0 1 1 0 
1 1 1 0 0 0 0 1 0 0 
0 1 1 1 1 1 1 0 0 0 
1 1 1 0 0 0 0 1 0 2 
1 0 1 0 0 0 1 1 0 1 
1 1 1 1 0 0 0 1 1 0 
1 1 2 0 1 0 0 0 0 1 
1 1 1 0 1 0 1 0 1 1 
1 1 1 1 1 1 0 0 0 0 
0 0 2 0 0 0 0 0 0 1 
0 1 1 0 1 0 1 1 0 0 
0 0 0 0 1 1 1 0 0 1 
1 0 0 1 1 0 1 0 0 2 
0 1 0 0 1 1 0 0 1 2 
0 0 1 0 1 0 1 0 0 0 
0 0 1 1 1 1 1 0 1 2 
0 0 2 1 1 1 0 1 0 0 
1 1 1 0 0 0 0 0 0 0 
1 1 1 0 0 0 0 1 1 1 
0 0 1 0 0 1 0 0 0 1 
0 0 3 1 0 0 0 0 0 0 
1 1 1 1 1 0 1 0 1 2 
1 1 1 1 1 0 1 0 1 1 
0 0 1 1 0 1 0 1 1 2 
0 0 2 1 0 1 0 0 1 1 
0 0 3 0 0 0 1 1 0 0 
MFS
[ - , - , 1 , - , - , - , - , - , - , - ]
precise
0.0
recall
0.0
F-measure
0.0
accurate
0.5
accurate_oppsite
0.5
testCase Num: 137
1 0 1 1 0 1 0 0 0 1 
1 1 1 1 0 1 1 1 1 1 
1 1 1 1 1 1 1 0 0 0 
1 0 1 0 0 0 0 1 0 2 
0 0 1 0 0 1 1 1 0 0 
0 0 1 1 0 1 0 1 0 1 
0 1 3 0 0 1 1 0 0 2 
0 1 1 0 0 1 1 0 0 2 
0 1 1 0 1 0 0 1 1 1 
0 1 1 1 0 1 0 0 0 2 
1 0 1 1 0 1 1 1 0 1 
0 0 1 0 0 0 0 1 0 0 
0 0 1 1 1 0 1 0 1 2 
0 0 1 0 0 0 0 1 0 1 
0 1 1 0 0 0 0 0 0 2 
1 1 1 1 0 1 1 0 0 1 
0 1 1 0 0 0 0 0 0 1 
0 0 1 1 0 0 1 1 0 0 
0 0 1 1 0 0 0 0 1 2 
1 1 1 0 0 0 1 1 0 2 
1 0 0 1 1 1 0 0 1 2 
1 0 1 0 0 0 0 0 0 1 
1 1 1 0 1 0 1 0 0 0 
0 0 1 0 1 1 1 0 1 0 
1 0 1 0 1 0 1 1 0 2 
0 0 2 1 1 0 0 0 1 2 
0 0 3 0 1 0 1 0 1 1 
1 0 1 1 0 1 0 1 0 1 
1 0 1 1 0 1 0 1 0 2 
1 1 1 1 0 1 1 0 1 1 
1 1 1 1 0 1 1 0 1 2 
0 0 1 0 1 0 0 0 0 1 
1 1 1 1 0 0 1 0 1 1 
0 0 1 1 0 0 0 0 0 1 
0 0 1 1 1 1 0 0 1 2 
0 0 2 1 1 1 1 1 0 2 
0 1 1 1 1 1 0 1 1 1 
0 1 3 1 0 0 1 0 0 0 
0 0 3 1 1 1 0 1 0 0 
1 0 2 0 0 0 1 1 0 2 
1 1 1 1 1 0 1 1 0 0 
1 0 1 1 1 1 0 1 0 1 
0 1 1 0 0 1 0 0 1 2 
1 0 1 1 1 0 1 0 0 0 
0 0 1 0 1 1 0 0 1 1 
0 0 1 0 1 1 0 0 1 0 
0 0 2 0 0 0 1 0 1 1 
0 0 2 1 1 0 0 0 0 0 
1 0 1 1 0 1 0 1 1 1 
0 0 0 0 0 0 0 1 0 2 
0 0 1 0 0 0 0 0 0 1 
0 1 1 1 1 0 1 1 1 1 
0 0 1 0 0 0 0 0 0 2 
1 1 1 1 1 1 1 0 1 1 
1 0 2 0 0 1 1 0 1 0 
1 1 1 1 0 0 1 0 0 0 
1 1 1 1 1 0 0 1 1 1 
1 1 1 1 1 0 0 0 0 0 
0 0 1 1 1 1 0 0 1 0 
0 1 2 0 0 0 1 1 0 0 
1 0 1 0 0 1 1 1 0 2 
1 0 3 1 0 1 1 0 1 2 
0 0 1 0 0 0 1 1 0 0 
0 1 1 1 1 0 1 0 0 0 
0 0 1 0 0 0 0 0 1 1 
0 1 1 1 1 0 0 0 1 2 
0 1 1 1 1 0 0 0 1 1 
0 0 1 0 0 0 1 1 0 1 
0 0 1 0 0 0 1 1 0 2 
1 1 1 1 0 1 0 1 0 1 
0 1 0 1 0 0 0 0 0 1 
0 1 1 0 1 1 0 0 0 2 
1 1 2 1 1 0 1 0 0 0 
1 1 0 0 1 1 1 1 0 1 
1 0 1 0 0 0 1 0 0 2 
1 1 1 1 1 0 1 0 0 1 
1 1 1 1 1 0 1 0 0 0 
0 1 1 0 1 1 0 0 1 0 
1 0 1 0 0 1 0 1 0 1 
1 0 1 1 1 0 0 0 1 2 
0 1 1 1 0 1 1 0 1 1 
0 0 1 0 1 1 0 1 1 0 
1 1 1 0 0 1 0 0 0 2 
0 0 1 0 0 0 1 1 1 0 
0 0 0 0 0 0 0 0 0 0 
1 0 0 0 1 0 1 0 1 0 
0 0 1 0 1 0 0 0 1 2 
0 0 1 0 1 0 1 1 0 0 
0 0 1 0 1 0 0 0 1 0 
1 1 0 0 0 0 1 0 0 2 
0 1 1 1 0 0 0 1 1 1 
0 1 2 1 0 0 0 0 1 2 
1 0 1 1 0 0 0 1 0 1 
1 0 1 0 1 1 0 0 1 0 
0 1 2 0 0 1 0 1 0 1 
0 1 1 0 0 1 0 0 0 0 
0 1 1 0 0 1 0 0 0 2 
0 1 3 0 0 1 0 0 0 1 
0 0 1 0 1 1 0 0 0 0 
1 1 3 0 1 0 0 1 1 0 
0 0 1 0 0 0 1 0 0 0 
0 0 1 1 1 0 0 1 1 2 
0 0 1 1 1 0 0 1 1 1 
0 0 1 0 0 0 1 0 0 1 
0 0 2 0 0 0 1 1 0 0 
0 1 1 1 1 0 0 1 1 1 
1 0 2 1 0 1 0 1 0 1 
0 1 2 1 1 0 0 1 1 1 
0 1 1 1 1 0 0 1 1 2 
0 0 1 1 1 0 0 0 1 0 
0 0 3 0 1 0 0 0 0 2 
0 1 1 0 0 0 1 1 0 0 
1 0 3 1 0 0 0 1 0 1 
1 0 1 0 0 0 1 1 0 0 
1 0 1 1 0 0 1 1 0 2 
0 1 0 1 0 1 1 1 1 0 
0 0 2 0 1 1 0 0 1 0 
0 0 2 0 0 0 0 0 0 1 
0 0 1 1 1 0 0 0 0 2 
1 1 1 0 0 1 1 0 1 1 
0 1 1 1 1 0 0 1 0 1 
1 1 1 1 0 1 0 0 1 1 
1 0 1 0 0 0 1 1 0 2 
0 0 1 0 0 1 0 0 1 0 
0 1 1 0 0 1 0 1 0 2 
0 0 1 0 0 1 0 0 0 1 
0 0 1 0 0 1 0 0 0 2 
1 0 1 0 0 0 1 1 1 2 
1 1 1 1 1 0 1 0 1 0 
0 1 2 0 0 1 0 0 0 2 
1 1 2 0 1 0 0 1 1 2 
1 0 2 1 1 0 0 0 0 1 
1 1 2 1 0 1 1 0 1 1 
0 0 3 0 0 0 1 1 0 2 
0 0 0 1 1 0 0 1 1 1 
0 0 1 1 1 0 0 0 1 2 
1 0 1 1 0 1 1 0 1 1 
MFS
[ - , - , 1 , - , - , - , - , - , - , - ]
precise
0.0
recall
0.0
F-measure
0.0
accurate
0.5
accurate_oppsite
0.5
testCase Num: 124
0 0 2 1 1 0 1 0 0 2 
0 0 1 1 1 0 1 0 0 1 
0 1 1 0 0 0 0 1 1 0 
1 1 1 1 1 1 1 0 0 0 
1 1 1 0 0 0 0 0 1 1 
1 1 1 0 0 0 0 0 0 1 
0 0 1 0 0 1 0 0 1 1 
1 1 1 0 0 0 0 0 0 2 
0 0 1 0 0 1 1 1 0 2 
0 1 1 0 1 0 0 1 1 2 
1 0 1 0 0 1 1 1 1 2 
0 1 1 0 1 0 0 1 1 1 
0 0 1 0 0 0 0 1 0 2 
1 0 1 1 0 1 0 0 1 1 
1 1 0 0 1 0 0 0 0 2 
0 0 1 0 0 0 0 1 0 0 
1 0 1 1 0 1 1 1 0 2 
1 1 2 1 0 1 0 0 1 2 
0 1 1 0 1 0 0 1 1 0 
0 1 1 0 0 0 0 0 0 2 
0 0 0 1 0 0 1 0 0 1 
0 1 1 0 0 0 0 0 0 0 
1 1 1 1 1 1 1 1 1 0 
0 1 1 0 0 0 0 0 0 1 
1 1 2 1 1 1 1 0 1 0 
0 0 1 1 0 0 0 0 1 1 
0 0 1 1 0 0 1 1 0 1 
0 0 3 0 0 1 1 0 0 2 
1 1 2 0 0 0 0 0 0 1 
0 0 3 1 1 1 0 1 1 1 
1 0 1 0 0 0 0 0 0 1 
1 0 1 0 0 0 0 0 0 0 
1 0 1 0 0 1 1 0 0 2 
0 1 1 0 1 0 0 1 0 0 
1 1 1 1 0 1 1 0 1 0 
1 0 2 0 0 1 1 1 0 2 
0 0 2 1 1 0 1 1 0 1 
0 0 0 0 1 1 0 0 0 1 
1 0 1 0 0 1 1 1 0 0 
0 0 1 1 0 0 0 0 0 0 
0 0 1 0 1 0 0 0 0 0 
0 0 1 1 0 0 0 0 0 2 
0 0 1 1 1 1 1 1 0 1 
0 0 1 1 1 1 0 0 1 1 
0 1 1 1 1 1 0 1 1 2 
1 1 1 0 1 1 1 0 1 0 
1 1 0 0 0 0 1 1 1 1 
1 1 1 0 0 0 1 0 0 1 
0 0 1 1 0 1 1 0 1 1 
1 1 1 0 1 0 0 0 0 1 
0 0 1 0 0 0 0 0 0 0 
0 0 1 0 0 0 0 0 0 1 
0 1 2 0 1 0 0 1 1 0 
0 1 3 0 1 0 0 0 1 2 
0 0 1 0 0 0 0 0 0 2 
0 1 1 1 1 0 1 1 1 2 
1 1 1 1 1 1 1 0 1 1 
1 1 1 1 1 1 1 0 1 0 
0 0 1 0 1 0 0 1 1 0 
0 1 1 0 1 1 0 1 1 0 
1 1 1 1 1 0 0 1 1 2 
1 0 3 0 1 1 1 0 0 1 
0 1 0 1 1 1 1 0 1 2 
1 0 2 1 0 0 0 1 0 1 
1 0 3 0 0 0 1 1 1 0 
0 1 1 1 0 1 0 0 1 1 
1 0 1 0 0 1 1 1 0 2 
0 0 1 0 0 0 0 0 1 0 
0 1 1 1 1 0 0 0 1 2 
0 0 1 0 0 0 0 0 1 2 
0 1 1 1 1 0 1 1 0 1 
0 1 2 1 0 0 0 0 0 0 
0 1 3 1 0 0 0 0 0 1 
0 1 2 0 0 0 1 0 1 1 
1 0 1 1 1 0 1 1 0 1 
0 1 0 0 0 0 1 0 1 0 
1 0 1 0 0 1 0 1 0 2 
0 0 1 1 1 0 0 1 0 1 
1 1 1 0 0 1 0 0 0 1 
0 0 0 0 0 0 0 0 0 0 
0 0 2 0 0 0 0 0 0 2 
1 0 1 1 1 1 1 0 1 0 
0 0 1 0 1 0 1 1 0 1 
1 0 3 1 0 0 0 1 1 2 
0 1 1 1 0 0 0 1 1 2 
0 0 1 1 0 1 0 0 1 2 
0 0 1 1 0 1 0 0 1 1 
1 1 1 1 0 0 0 0 0 1 
0 0 1 0 1 0 0 0 0 2 
1 1 1 0 1 0 0 1 1 0 
0 0 1 1 1 0 0 1 1 2 
0 0 1 0 0 0 1 0 0 0 
1 1 1 0 0 1 1 1 0 2 
0 1 1 1 1 0 0 1 1 0 
0 0 1 0 0 0 1 0 0 2 
0 1 1 0 1 0 1 1 1 0 
0 1 1 1 1 0 0 1 1 2 
0 1 2 1 1 0 0 1 1 2 
1 1 1 1 1 1 0 0 1 0 
0 1 2 0 1 1 0 1 0 1 
1 0 1 0 0 0 0 0 0 2 
0 0 0 0 0 1 0 1 1 2 
0 1 1 1 1 1 1 0 1 0 
1 0 1 0 1 1 1 1 0 2 
1 1 1 0 0 0 0 1 0 1 
1 0 0 1 1 1 0 1 0 0 
0 0 1 1 0 1 0 0 0 1 
1 0 2 0 1 0 1 1 1 0 
1 1 3 0 1 0 0 0 0 0 
0 0 2 0 0 0 0 0 0 0 
0 0 2 0 0 0 0 1 0 2 
0 1 1 1 1 0 0 1 0 2 
0 0 1 1 1 0 1 1 1 1 
0 1 1 0 1 0 0 0 1 0 
0 0 2 0 0 1 1 0 0 0 
1 0 1 0 0 0 1 1 0 2 
0 0 1 0 0 1 0 0 0 0 
0 0 1 0 0 1 0 0 0 2 
0 0 1 1 0 1 0 1 1 1 
1 1 1 1 1 0 1 0 1 0 
0 0 2 1 0 1 0 0 1 1 
0 0 1 1 1 0 1 1 0 2 
0 1 3 1 0 1 1 1 0 0 
0 0 1 1 1 0 1 1 0 1 
MFS
[ - , - , 1 , - , - , - , - , - , - , - ]
precise
0.0
recall
0.0
F-measure
0.0
accurate
0.5
accurate_oppsite
0.5
