regaular Num: 51
identify Num: 14
testCase Num: 65
2 0 1 1 1 0 0 1 1 1 0 0 3 2 
2 0 0 0 1 1 1 1 1 0 1 1 0 2 
2 0 0 0 0 0 0 1 0 0 0 0 1 0 
2 0 1 0 1 0 0 1 1 1 0 0 2 2 
2 1 1 1 0 0 1 1 0 0 1 1 0 0 
2 0 0 0 0 0 0 0 0 0 0 0 0 0 
2 0 1 1 1 0 0 0 1 1 0 0 2 2 
2 0 1 1 0 0 0 1 1 1 0 0 2 2 
1 0 0 1 1 0 1 1 1 1 0 0 3 1 
2 0 0 0 0 0 0 1 1 0 1 0 3 1 
2 0 0 0 1 1 1 1 0 0 0 1 3 0 
1 1 1 0 0 1 0 1 1 1 0 0 0 2 
2 0 1 1 1 1 0 1 1 1 0 0 2 2 
2 0 0 0 0 0 1 0 0 1 1 0 2 2 
1 0 1 1 1 0 0 1 1 1 0 0 2 2 
2 0 1 1 1 0 0 1 1 1 0 0 2 1 
1 1 1 0 0 1 0 0 0 1 1 1 3 1 
2 0 1 1 1 0 0 1 1 1 0 0 2 2 
0 0 0 1 0 1 1 0 1 1 0 1 3 2 
0 0 0 0 0 0 0 0 0 0 0 0 3 1 
1 0 0 0 0 0 0 0 0 0 0 0 3 2 
1 0 0 0 0 0 0 0 0 0 1 0 0 0 
2 1 0 0 0 1 0 0 0 1 0 0 3 2 
2 0 0 0 0 0 0 0 0 0 0 1 1 1 
1 1 1 1 0 1 1 1 1 0 0 0 1 0 
2 0 1 1 1 0 0 1 1 0 0 0 2 2 
0 0 0 0 0 0 0 0 1 0 0 1 2 1 
2 1 0 0 1 1 0 0 0 1 0 1 2 1 
2 0 0 1 1 0 0 1 1 1 0 0 2 2 
0 1 1 0 0 0 0 1 1 1 1 1 0 0 
0 0 0 0 0 0 1 0 0 0 0 0 0 2 
0 1 1 0 0 0 0 0 0 1 0 0 1 1 
0 1 1 1 1 0 1 1 0 0 1 0 3 2 
2 0 0 1 0 1 0 0 1 1 1 0 1 0 
2 0 1 1 1 0 0 1 1 1 1 0 2 2 
1 0 0 1 0 1 0 0 0 0 1 1 2 2 
0 1 1 0 1 1 1 0 1 1 1 0 2 0 
0 0 0 0 0 0 0 0 0 0 1 0 3 0 
1 0 0 1 1 0 0 0 0 0 0 1 0 2 
1 1 0 1 1 1 1 1 1 0 1 1 1 1 
1 1 0 0 0 0 1 1 1 0 0 0 2 0 
1 0 0 1 1 0 1 0 0 1 1 0 0 1 
2 0 0 1 0 0 0 1 0 1 0 0 0 1 
0 1 1 0 0 0 0 1 1 1 1 1 1 2 
1 1 1 1 1 0 1 0 0 1 0 0 2 1 
0 0 0 0 0 0 0 0 0 1 0 0 3 0 
1 0 0 0 1 1 0 0 0 0 0 0 0 0 
0 0 0 1 0 0 0 0 0 0 0 0 2 2 
2 1 1 1 1 0 0 1 1 1 0 0 2 2 
0 1 0 1 1 1 0 0 1 0 0 1 0 1 
2 0 1 1 1 0 0 1 1 1 0 1 2 2 
2 0 1 1 1 0 1 1 1 1 0 0 2 2 
2 1 1 0 1 1 1 0 0 0 0 0 1 2 
1 0 0 1 0 0 1 0 0 1 1 0 1 2 
0 0 0 1 1 1 0 0 0 0 0 0 1 0 
2 1 1 1 0 0 0 0 0 0 0 0 3 0 
1 1 1 1 1 0 0 0 1 0 0 1 3 0 
1 0 0 0 1 0 0 1 0 1 0 1 1 0 
0 1 1 0 0 0 1 1 0 0 0 1 2 1 
2 1 1 0 1 0 1 0 1 0 0 0 0 1 
2 0 1 1 1 0 0 1 0 1 0 0 2 2 
0 0 0 0 0 0 0 0 0 0 0 0 0 0 
0 0 0 0 1 1 0 1 0 1 1 0 2 1 
0 0 0 1 0 0 1 0 0 0 0 0 1 1 
2 0 0 1 1 0 0 0 0 0 0 1 2 0 
MFS
[ - , 0 , 1 , - , - , - , - , - , - , - , - , - , - , - ]
precise
1.0
recall
1.0
F-measure
1.0
accurate
1.0
accurate_oppsite
1.0
regaular Num: 50
identify Num: 14
testCase Num: 64
0 1 1 0 0 0 1 0 1 0 0 1 1 2 
1 1 1 1 1 1 1 1 0 0 1 1 1 1 
2 0 1 1 0 1 1 0 0 1 1 0 3 0 
2 0 0 1 0 0 1 0 0 0 1 0 2 2 
0 0 0 0 0 0 1 0 0 0 0 1 2 0 
2 0 1 1 0 1 1 0 1 1 0 0 3 0 
2 0 0 1 0 0 1 1 0 1 0 1 0 1 
0 0 0 1 1 1 0 0 1 1 1 1 0 2 
0 0 0 0 0 0 0 0 1 0 0 0 0 1 
1 0 0 0 1 1 1 0 0 1 0 0 1 2 
0 1 1 1 1 1 0 1 0 1 1 0 1 0 
2 0 1 0 0 1 1 0 1 1 1 0 3 0 
1 0 0 0 0 0 0 0 1 1 0 1 0 0 
1 0 0 1 0 1 0 1 1 0 1 1 1 0 
1 1 1 1 1 1 0 0 0 0 0 1 2 2 
0 1 1 1 0 0 0 0 0 1 1 1 2 1 
0 0 1 1 0 1 1 0 1 1 1 0 3 0 
2 0 1 1 0 1 1 0 1 1 1 0 3 0 
2 0 0 0 0 0 1 0 0 0 0 0 1 0 
0 0 0 1 1 1 1 1 1 1 0 0 2 0 
2 1 1 1 0 1 1 0 1 1 1 0 3 0 
2 1 1 0 1 0 1 0 0 0 1 1 0 2 
0 1 0 1 0 1 1 1 0 0 0 0 3 2 
2 0 1 1 0 1 1 0 1 1 1 0 3 2 
0 1 1 1 0 1 1 1 0 1 0 1 0 0 
2 0 0 0 0 0 0 0 1 0 0 0 0 0 
0 0 0 0 0 0 0 0 0 0 0 0 2 2 
1 1 1 1 1 0 0 0 0 1 0 1 3 0 
2 0 0 1 0 1 1 0 1 1 1 0 3 0 
2 1 0 0 0 0 0 0 0 1 1 1 1 0 
2 0 1 1 0 1 1 0 1 0 1 0 3 0 
2 0 0 0 0 1 1 1 0 0 0 1 3 0 
1 1 1 0 0 0 1 1 0 1 0 0 2 1 
0 0 0 1 0 0 0 0 0 0 0 0 1 2 
2 1 1 0 1 1 0 1 0 0 1 0 2 0 
2 0 1 1 0 1 1 1 1 1 1 0 3 0 
1 0 0 1 0 0 1 0 0 0 0 0 1 0 
2 0 1 1 1 1 1 0 1 1 1 0 3 0 
2 0 1 1 0 1 1 0 1 1 1 0 2 0 
0 1 1 0 0 0 0 0 0 0 0 0 0 0 
1 0 0 0 0 1 0 0 1 0 1 1 2 1 
2 0 0 0 0 0 0 0 0 0 1 0 3 1 
1 0 0 0 0 0 0 1 0 1 1 0 3 2 
1 0 0 0 0 0 0 0 1 0 0 1 3 2 
0 1 1 0 0 0 0 0 0 1 0 0 0 2 
1 1 0 0 0 0 0 0 0 0 1 0 0 1 
2 0 0 0 1 0 0 0 0 0 0 0 2 1 
0 0 0 0 1 0 1 1 1 0 1 1 3 1 
2 0 0 1 1 0 0 1 1 0 0 0 1 1 
1 1 1 0 0 0 0 0 1 0 0 0 2 0 
2 0 1 1 0 1 1 0 1 1 1 1 3 0 
2 1 0 0 1 0 0 1 1 1 0 1 2 2 
2 0 1 1 0 1 0 0 1 1 1 0 3 0 
0 1 1 0 0 1 0 0 1 1 0 0 3 1 
2 1 1 0 1 1 0 0 0 0 0 0 3 2 
1 1 1 1 0 1 0 1 1 0 0 0 0 2 
1 1 1 0 1 0 1 1 1 0 1 0 0 0 
0 1 1 0 0 0 0 1 0 0 0 0 3 0 
2 1 1 0 0 1 0 1 0 0 1 0 1 2 
2 0 1 1 0 0 1 0 1 1 1 0 3 0 
0 0 0 0 0 0 0 0 0 0 0 0 0 0 
2 1 1 0 1 1 1 0 0 1 0 0 0 1 
0 0 0 0 0 0 0 0 1 1 0 0 1 1 
1 0 0 1 0 1 1 0 0 0 0 0 3 1 
MFS
[ - , 0 , 1 , - , - , - , - , - , - , - , - , - , - , - ]
precise
1.0
recall
1.0
F-measure
1.0
accurate
1.0
accurate_oppsite
1.0
regaular Num: 53
identify Num: 14
testCase Num: 67
2 0 1 1 1 1 1 1 0 0 0 1 2 2 
0 1 0 0 0 0 0 1 0 0 1 0 2 2 
1 0 0 0 1 0 0 0 0 0 0 0 3 0 
2 0 1 0 1 1 1 1 0 0 1 1 2 2 
2 0 0 1 1 1 0 0 0 1 0 1 3 0 
0 0 0 0 0 1 1 0 0 1 0 0 2 1 
2 0 1 0 1 1 1 1 1 0 0 1 2 2 
0 0 0 0 1 0 1 0 0 1 1 0 3 1 
0 1 1 0 0 0 0 0 0 0 0 0 3 2 
2 0 1 0 1 1 1 1 0 1 0 1 2 2 
0 1 1 1 0 0 1 1 0 0 1 0 1 1 
2 1 1 0 0 1 0 0 1 0 1 0 3 1 
1 0 0 1 0 0 0 1 0 0 0 1 1 0 
0 0 0 0 0 1 1 0 0 0 0 0 3 0 
1 0 0 0 0 0 1 0 0 0 1 0 2 1 
2 0 1 0 1 1 0 1 0 0 0 1 2 2 
0 0 0 0 0 0 0 0 0 0 0 0 3 0 
2 0 1 0 1 1 1 1 0 0 0 0 2 2 
1 0 0 0 1 1 1 0 1 0 0 0 1 0 
2 0 0 1 0 1 0 0 0 1 0 1 0 1 
2 0 0 0 0 0 1 0 0 0 0 0 1 1 
2 0 0 0 0 0 0 0 0 0 0 0 3 2 
2 0 1 0 1 0 1 1 0 0 0 1 2 2 
1 1 1 0 0 0 0 0 0 0 0 0 1 2 
0 1 1 1 0 1 1 0 1 0 1 1 0 1 
0 0 0 0 0 1 0 0 1 0 0 0 2 0 
1 1 0 1 1 1 1 0 1 1 1 1 1 1 
0 0 0 0 0 0 0 0 1 0 0 0 0 0 
1 0 0 0 1 0 0 1 1 1 1 1 2 0 
1 0 0 0 1 0 0 1 1 1 1 0 0 1 
1 1 1 1 1 0 0 0 0 0 1 1 0 2 
2 1 1 0 1 1 0 0 0 1 1 0 1 0 
1 0 0 0 0 1 0 0 0 0 0 0 0 0 
0 1 0 0 1 1 1 1 0 1 1 1 0 0 
0 0 0 0 0 1 0 0 0 0 0 0 0 2 
2 0 0 1 1 0 0 1 1 0 0 0 2 1 
0 1 1 1 1 0 1 0 1 1 0 1 2 1 
0 0 0 1 0 0 0 0 0 0 0 0 3 1 
1 1 0 1 0 1 0 0 0 0 0 0 3 2 
2 1 1 1 1 1 1 1 1 0 1 0 0 0 
2 0 1 0 1 1 1 1 0 0 0 1 3 2 
2 0 1 0 1 1 1 0 0 0 0 1 2 2 
0 1 1 0 0 0 0 0 0 0 0 0 0 0 
2 0 1 0 0 1 1 1 0 0 0 1 2 2 
2 1 0 1 0 0 1 0 1 0 0 1 1 2 
0 1 1 0 0 0 0 0 0 0 0 0 1 0 
0 1 1 0 0 1 0 0 1 1 0 1 1 2 
0 0 0 1 1 0 1 0 1 0 1 1 3 2 
2 0 0 0 1 0 1 0 0 0 0 0 0 2 
2 1 1 0 1 1 1 1 0 0 0 1 2 2 
1 0 1 0 1 1 1 1 0 0 0 1 2 2 
2 0 1 0 1 1 1 1 0 0 0 1 2 2 
2 0 1 0 1 1 1 1 0 0 0 1 2 1 
2 0 0 0 0 0 1 1 0 0 1 0 3 0 
1 0 0 1 0 0 0 0 0 1 0 0 2 2 
1 1 1 1 0 1 0 0 0 0 1 0 2 0 
1 1 1 0 0 0 1 1 0 0 0 1 3 1 
0 0 0 0 0 0 0 1 1 0 0 0 1 0 
2 0 0 0 1 0 0 1 0 1 1 0 1 2 
0 0 0 0 1 1 0 1 0 0 0 0 1 1 
0 0 0 0 0 0 0 0 1 0 0 0 2 2 
2 0 0 0 1 1 1 1 0 0 0 1 2 2 
2 1 1 0 0 0 1 0 1 1 1 1 2 0 
0 0 0 0 0 0 0 0 0 0 0 0 0 0 
1 1 1 1 0 0 1 1 1 1 0 0 0 2 
0 1 1 1 1 0 0 1 1 1 0 0 3 0 
1 0 0 0 0 1 0 1 1 1 1 0 3 2 
MFS
[ - , 0 , 1 , - , - , - , - , - , - , - , - , - , - , - ]
precise
1.0
recall
1.0
F-measure
1.0
accurate
1.0
accurate_oppsite
1.0
regaular Num: 48
identify Num: 14
testCase Num: 62
2 0 1 1 1 1 1 1 0 0 0 1 2 2 
1 0 0 1 1 1 0 0 1 0 1 1 2 0 
1 1 1 0 1 1 0 0 0 1 0 0 0 2 
2 0 1 1 1 0 1 1 0 0 0 0 2 2 
0 1 1 1 0 0 0 0 1 0 0 0 0 1 
0 0 0 1 1 0 1 0 1 1 1 0 0 2 
1 0 0 1 0 0 1 0 0 1 0 1 1 1 
0 0 0 0 0 0 1 1 0 1 0 1 3 1 
2 0 0 0 0 0 1 0 1 0 1 0 2 1 
2 0 0 1 1 1 1 1 0 0 0 0 2 2 
2 1 1 1 1 0 0 1 0 1 0 0 3 0 
1 0 0 0 0 0 0 0 0 0 0 0 1 2 
0 1 1 0 1 0 1 0 0 1 0 1 3 2 
2 0 1 1 1 1 1 1 0 0 1 0 2 2 
2 0 1 1 1 1 1 0 0 0 0 0 2 2 
1 0 0 1 1 0 1 0 1 0 0 1 0 0 
2 0 1 0 1 1 1 1 0 0 0 0 2 2 
1 1 0 1 0 0 0 1 0 0 1 0 0 1 
2 0 0 0 0 0 1 0 0 0 0 0 1 1 
2 0 0 0 0 0 0 0 0 0 0 0 3 1 
2 0 1 1 1 1 1 1 1 0 0 0 2 2 
0 1 0 1 0 1 0 1 1 1 0 1 0 2 
2 0 0 0 0 1 0 1 0 1 1 1 1 2 
2 0 0 1 1 1 0 1 0 1 0 1 0 1 
1 0 0 0 0 1 0 0 0 0 0 0 0 0 
0 0 0 0 0 1 0 1 0 0 0 0 3 0 
0 0 0 1 1 1 1 0 1 0 0 1 1 0 
2 0 1 1 1 1 1 1 0 0 0 0 2 2 
2 0 1 1 1 1 0 1 0 0 0 0 2 2 
2 0 1 1 1 1 1 1 0 0 0 0 2 1 
2 1 1 0 0 0 0 0 1 0 0 0 1 2 
1 0 0 0 0 1 0 0 0 0 0 0 2 1 
1 0 0 0 1 0 0 1 1 0 0 0 3 1 
2 0 0 0 0 0 0 0 0 0 0 0 2 0 
0 1 1 1 0 1 0 0 1 0 0 1 2 1 
2 0 0 0 1 1 1 0 0 1 1 0 3 0 
2 1 1 0 0 0 1 1 1 1 1 0 0 0 
1 0 0 0 0 0 0 1 1 0 0 0 2 2 
2 0 0 0 0 1 0 0 1 0 0 1 3 2 
0 1 0 1 1 0 1 1 0 0 0 0 1 2 
1 1 1 0 0 0 0 0 0 0 0 0 3 2 
0 1 1 0 0 1 0 0 1 0 1 0 1 1 
0 0 0 0 1 1 0 1 0 1 0 0 2 1 
0 1 1 0 0 0 1 1 0 1 1 1 2 0 
1 1 1 0 1 1 1 1 0 0 1 0 1 0 
1 1 1 1 1 0 0 1 1 1 1 1 1 1 
2 0 1 1 1 1 1 1 0 0 0 0 3 2 
2 1 1 0 1 1 1 0 0 0 1 1 0 1 
1 1 1 0 0 0 1 0 0 1 0 0 2 0 
2 0 1 1 0 1 1 1 0 0 0 0 2 2 
0 1 1 0 1 0 0 0 0 0 1 0 2 2 
2 0 0 1 1 0 0 0 1 0 1 1 1 0 
2 0 1 1 1 1 1 1 0 1 0 0 2 2 
0 0 0 1 0 0 0 1 0 1 0 0 1 0 
2 0 0 0 0 0 0 0 0 0 0 0 0 2 
0 1 1 1 0 1 0 0 1 0 1 0 3 1 
0 0 0 0 0 0 0 0 0 0 0 0 0 0 
1 1 0 0 0 1 1 0 1 1 0 1 3 0 
1 0 0 1 0 0 1 1 0 0 1 1 3 2 
1 0 1 1 1 1 1 1 0 0 0 0 2 2 
2 1 1 1 1 1 1 1 0 0 0 0 2 2 
2 1 0 1 0 0 0 0 1 1 0 1 2 2 
MFS
[ - , 0 , 1 , - , - , - , - , - , - , - , - , - , - , - ]
precise
1.0
recall
1.0
F-measure
1.0
accurate
1.0
accurate_oppsite
1.0
regaular Num: 48
identify Num: 14
testCase Num: 62
0 0 0 0 0 1 1 0 1 1 0 1 1 1 
0 1 1 0 0 0 1 1 0 1 0 0 0 2 
0 0 0 0 0 0 0 1 0 0 1 0 2 0 
1 1 1 1 1 1 0 1 1 1 0 1 1 1 
1 0 0 0 1 0 0 1 0 0 0 1 2 2 
2 0 0 1 1 1 1 0 0 1 1 0 2 2 
1 0 0 0 0 0 0 1 0 1 1 0 0 1 
2 1 1 0 0 0 1 1 0 0 1 1 3 1 
0 0 1 1 0 1 0 1 1 0 1 0 0 2 
0 0 1 1 0 1 0 1 1 0 0 0 3 2 
1 0 1 1 0 1 0 1 1 0 1 0 3 2 
1 1 1 0 0 0 1 0 0 0 0 0 1 1 
0 0 1 1 0 0 0 1 1 0 1 0 3 2 
1 0 0 0 0 0 0 0 0 0 0 0 1 2 
1 1 0 0 1 0 1 0 1 1 1 1 0 0 
0 0 1 1 0 1 0 1 0 0 1 0 3 2 
0 1 0 1 0 1 0 0 1 0 0 1 1 2 
2 1 1 1 0 0 0 0 1 0 0 1 3 0 
0 1 1 1 0 0 0 0 0 1 1 1 2 0 
2 0 0 0 1 1 1 1 1 0 0 0 0 1 
0 0 0 0 0 0 0 0 1 1 1 0 1 0 
2 0 0 0 0 0 0 1 0 0 1 1 1 0 
0 1 1 1 0 1 0 1 1 0 1 0 3 2 
0 0 0 0 0 0 0 0 1 0 0 0 0 0 
2 1 1 1 1 0 1 0 1 0 0 0 1 0 
1 0 0 1 1 1 0 0 0 0 1 0 1 0 
0 0 0 0 0 0 0 0 0 0 0 0 2 2 
1 0 0 0 0 0 0 0 0 1 0 0 2 0 
0 0 1 1 0 1 0 1 1 1 1 0 3 2 
2 0 0 0 1 0 0 0 0 0 0 0 3 2 
0 1 1 1 1 1 0 0 0 0 1 1 0 1 
1 0 0 1 0 0 1 0 0 1 0 1 3 2 
0 0 1 1 0 1 1 1 1 0 1 0 3 2 
0 0 1 1 0 1 0 1 1 0 1 0 3 2 
0 0 1 1 0 1 0 1 1 0 1 0 3 0 
2 1 1 0 1 1 0 0 1 0 1 1 0 2 
0 0 0 0 1 1 1 0 1 1 1 1 2 0 
1 0 0 0 0 0 0 0 0 0 1 0 0 2 
1 1 1 0 0 1 1 0 1 0 0 0 2 2 
0 0 0 1 0 1 0 1 1 0 1 0 3 2 
2 0 0 1 0 0 0 1 1 1 0 1 0 2 
2 1 0 1 0 1 0 1 1 0 0 0 2 0 
0 0 1 1 1 1 0 1 1 0 1 0 3 2 
2 1 1 0 0 0 0 0 0 1 0 1 2 1 
1 1 1 1 0 1 1 1 0 1 0 0 0 0 
0 0 0 1 1 0 1 0 0 1 1 0 3 1 
1 0 0 0 0 1 0 1 1 0 0 0 3 1 
2 0 0 1 0 1 0 0 0 1 1 0 1 1 
2 0 0 0 0 0 0 0 0 0 0 0 1 2 
0 1 1 0 1 0 1 1 0 1 1 0 1 2 
2 1 0 0 1 1 0 0 0 1 0 0 3 1 
1 0 0 1 0 0 0 0 1 0 1 0 2 1 
1 1 1 0 1 0 0 0 1 1 1 0 3 0 
0 0 1 1 0 1 0 1 1 0 1 1 3 2 
0 0 0 0 0 0 0 1 0 1 0 0 3 0 
0 0 1 0 0 1 0 1 1 0 1 0 3 2 
0 0 1 1 0 1 0 0 1 0 1 0 3 2 
0 0 0 0 0 0 0 0 0 0 0 0 0 0 
2 0 0 0 0 0 0 0 0 1 0 0 0 0 
0 0 0 0 0 1 0 0 0 0 0 0 2 1 
0 0 0 0 1 1 1 1 1 0 0 1 3 0 
0 1 1 0 1 0 1 1 1 1 0 0 2 1 
MFS
[ - , 0 , 1 , - , - , - , - , - , - , - , - , - , - , - ]
precise
1.0
recall
1.0
F-measure
1.0
accurate
1.0
accurate_oppsite
1.0
regaular Num: 50
identify Num: 14
testCase Num: 64
2 0 0 0 1 1 0 1 0 1 1 0 2 2 
0 1 1 0 1 0 1 1 0 1 0 0 1 1 
2 0 1 1 1 1 0 1 0 1 1 0 2 2 
0 1 1 0 0 0 0 0 0 0 0 0 3 2 
1 0 0 0 0 0 0 0 0 0 0 0 1 2 
2 1 1 1 0 1 0 0 1 0 1 1 2 0 
2 1 1 1 1 1 1 0 0 0 0 1 0 1 
2 0 1 0 1 1 0 1 1 1 1 0 2 2 
2 0 0 0 1 0 0 0 0 0 0 0 0 0 
0 0 0 0 0 1 0 1 0 0 0 0 2 1 
0 0 0 0 0 1 1 1 1 1 1 1 0 0 
1 0 0 1 0 1 0 0 0 1 0 1 0 2 
2 0 0 0 1 0 1 0 1 0 0 0 3 2 
1 1 1 0 0 1 0 0 0 0 1 1 3 0 
1 0 0 1 0 0 0 1 0 1 0 0 3 2 
2 1 1 0 0 0 0 1 1 1 1 0 3 1 
1 1 1 1 1 0 0 0 1 0 1 0 0 2 
2 0 0 0 1 0 0 0 0 1 1 0 0 1 
2 0 1 0 1 1 1 1 0 1 1 0 2 2 
1 0 0 0 1 0 1 0 0 1 1 0 2 0 
0 0 0 1 1 0 0 0 1 1 1 1 2 1 
0 0 0 0 1 0 0 1 0 0 0 0 2 0 
2 0 1 0 1 1 0 1 0 1 1 1 2 2 
2 0 1 0 1 0 0 1 0 1 1 0 2 2 
0 1 0 0 1 1 0 0 0 1 1 1 3 2 
0 0 0 0 0 1 0 1 0 0 0 0 3 0 
2 0 0 0 0 0 1 0 0 1 1 0 1 0 
0 0 0 1 0 0 1 0 0 0 0 0 3 1 
1 1 0 0 0 0 1 1 0 0 1 1 0 2 
2 0 1 0 1 1 0 1 0 0 1 0 2 2 
1 0 0 0 0 0 0 0 0 0 0 0 0 0 
0 1 1 1 1 0 1 1 1 0 0 1 3 0 
2 0 1 0 1 1 0 1 0 1 1 0 3 2 
2 1 1 0 0 0 0 0 0 0 0 0 1 0 
2 0 1 0 1 1 0 1 0 1 0 0 2 2 
1 1 1 1 0 1 1 0 1 1 1 1 1 1 
0 0 0 0 0 0 1 0 0 1 0 0 3 0 
1 0 0 0 1 0 0 0 0 0 1 1 1 0 
0 1 0 1 0 0 1 1 1 0 0 0 0 1 
0 1 1 0 1 0 0 1 0 0 0 1 0 2 
1 0 0 1 0 1 0 0 0 0 0 0 2 2 
2 0 1 0 1 1 0 0 0 1 1 0 2 2 
2 0 1 0 0 1 0 1 0 1 1 0 2 2 
1 0 0 0 1 1 1 0 1 0 0 0 3 1 
0 0 0 0 0 0 0 1 1 1 0 1 1 2 
2 0 0 1 0 1 1 0 0 0 1 1 3 0 
2 0 0 0 1 1 1 0 1 0 0 1 1 2 
2 0 0 0 0 0 1 1 0 0 0 0 2 1 
1 1 0 1 1 1 0 1 1 0 0 0 1 0 
0 0 0 0 0 0 0 0 0 0 0 1 3 1 
0 0 0 0 0 0 0 0 0 0 0 0 1 0 
2 1 0 1 0 0 1 0 0 1 0 1 2 2 
0 1 1 1 0 1 1 1 1 0 0 0 2 2 
2 1 1 0 1 1 0 1 0 1 1 0 2 2 
0 1 1 1 0 1 0 0 0 0 1 0 1 2 
2 0 0 0 0 0 0 0 0 0 0 0 0 2 
1 0 1 0 1 1 0 1 0 1 1 0 2 2 
2 0 1 0 1 1 0 1 0 1 1 0 2 1 
2 0 1 0 1 1 0 1 0 1 1 0 2 2 
1 0 0 0 0 0 0 0 0 0 0 0 0 1 
0 0 0 0 0 0 0 0 0 0 0 0 0 0 
1 1 1 0 0 0 0 1 1 0 0 1 2 1 
2 1 1 1 0 1 0 1 1 1 0 0 0 0 
2 0 0 1 0 0 0 1 0 0 1 1 1 1 
MFS
[ - , 0 , 1 , - , - , - , - , - , - , - , - , - , - , - ]
precise
1.0
recall
1.0
F-measure
1.0
accurate
1.0
accurate_oppsite
1.0
regaular Num: 51
identify Num: 14
testCase Num: 65
2 0 1 1 0 1 0 0 0 1 0 0 2 1 
1 0 1 1 0 0 0 0 0 1 0 0 2 1 
2 1 0 1 0 0 1 0 0 1 0 0 1 2 
1 0 0 1 1 0 0 1 0 0 1 0 3 1 
1 0 1 1 1 1 0 0 0 1 0 0 2 1 
0 0 0 0 1 0 1 0 1 1 0 0 3 1 
1 1 0 0 1 1 0 1 1 0 0 1 2 0 
0 0 0 1 0 0 0 0 0 0 0 1 2 0 
1 0 1 1 0 1 0 0 0 1 0 0 3 1 
0 0 0 0 0 1 0 0 0 0 1 0 2 0 
0 1 1 0 0 0 1 1 0 0 1 1 2 1 
1 0 0 1 0 1 0 0 0 1 0 0 2 1 
2 0 0 0 0 1 1 1 0 1 0 1 3 0 
2 1 1 0 0 1 1 0 0 0 0 0 2 2 
2 0 0 0 0 0 0 0 1 0 0 0 0 0 
2 0 0 0 0 0 0 0 0 0 0 1 0 2 
2 1 1 0 0 0 0 0 0 0 0 1 0 0 
1 0 0 1 0 1 1 1 0 0 1 0 1 0 
0 0 0 0 0 1 1 1 1 0 0 1 0 2 
1 0 1 1 0 1 0 0 0 1 0 0 2 2 
0 0 0 0 1 0 0 0 0 0 0 0 3 0 
1 0 1 1 0 1 0 0 0 1 0 0 2 1 
0 0 0 1 1 1 0 1 0 1 1 1 3 2 
1 1 1 1 0 1 0 0 0 1 0 0 2 1 
2 0 0 1 0 0 0 0 0 0 0 0 3 0 
2 0 0 0 1 0 0 1 1 0 0 0 1 1 
1 0 0 1 1 0 1 0 0 0 0 1 0 1 
0 1 1 1 1 1 1 1 1 1 0 1 1 1 
0 0 0 1 0 1 1 0 1 0 0 0 2 0 
1 1 1 0 0 0 0 0 0 0 1 1 1 2 
1 0 0 0 1 1 0 1 1 1 0 0 1 2 
1 0 1 1 0 1 0 0 0 0 0 0 2 1 
2 0 0 0 1 0 0 1 0 1 0 0 0 2 
1 1 1 0 0 0 0 1 1 1 0 0 0 1 
2 1 1 0 0 0 0 0 0 0 0 1 3 1 
1 1 1 0 1 1 1 0 0 1 1 0 0 0 
2 1 1 1 1 0 0 1 0 1 1 0 2 0 
2 1 1 1 0 1 0 0 1 0 0 0 1 0 
1 0 0 0 1 0 1 0 1 1 1 1 2 2 
1 1 1 1 0 0 1 0 1 0 0 1 3 0 
0 0 0 0 0 0 0 0 0 0 0 0 1 2 
0 1 0 0 0 0 1 0 0 0 0 0 1 1 
0 1 1 0 0 0 0 0 1 0 0 0 2 0 
1 0 1 1 0 1 0 0 0 1 1 0 2 1 
2 0 0 1 0 1 0 0 1 1 1 1 0 1 
2 0 0 0 1 0 0 0 0 0 1 1 1 1 
1 0 1 1 0 1 0 1 0 1 0 0 2 1 
1 0 1 0 0 1 0 0 0 1 0 0 2 1 
2 0 0 0 1 0 1 1 1 0 0 1 2 1 
1 0 0 0 0 1 0 0 0 0 0 0 3 2 
0 0 0 0 0 0 0 0 0 1 1 0 0 1 
1 0 0 0 0 0 0 0 0 0 0 0 1 1 
1 0 1 1 0 1 0 0 1 1 0 0 2 1 
0 1 1 1 1 0 0 0 1 0 0 0 0 2 
2 1 0 1 1 0 1 1 0 0 1 1 0 0 
2 1 1 0 0 1 0 1 1 0 1 0 3 2 
0 0 0 0 0 0 0 0 0 0 0 0 0 0 
2 1 0 0 1 1 0 0 0 0 0 0 3 1 
1 1 1 0 1 0 1 0 0 1 1 0 3 2 
0 0 0 1 1 0 0 1 0 1 0 0 2 2 
1 0 0 1 0 0 0 0 0 0 1 0 0 2 
0 0 0 0 1 0 0 0 1 1 1 1 1 0 
0 1 1 0 0 0 0 1 0 1 1 0 3 0 
1 0 1 1 0 1 0 0 0 1 0 1 2 1 
1 0 1 1 0 1 1 0 0 1 0 0 2 1 
MFS
[ - , 0 , 1 , - , - , - , - , - , - , - , - , - , - , - ]
precise
1.0
recall
1.0
F-measure
1.0
accurate
1.0
accurate_oppsite
1.0
regaular Num: 50
identify Num: 14
testCase Num: 64
0 1 1 1 1 1 0 0 1 1 0 0 0 1 
2 0 0 0 0 1 1 0 1 1 0 1 1 1 
2 1 1 0 0 0 0 0 1 0 0 0 3 0 
2 1 0 0 1 0 1 1 0 0 0 1 0 1 
1 0 0 1 0 1 0 0 1 0 1 0 3 1 
1 0 0 1 1 1 1 1 0 0 0 1 1 0 
2 1 1 1 0 0 0 0 0 0 1 0 1 1 
1 0 1 1 0 1 1 1 1 0 0 0 2 1 
1 1 1 0 1 1 0 1 1 0 1 1 0 2 
1 1 1 1 0 0 0 1 1 0 1 0 1 0 
1 0 1 1 0 0 1 1 1 0 0 1 2 1 
0 0 0 0 0 0 1 0 0 1 0 1 3 1 
0 1 1 0 0 1 0 1 0 0 0 1 3 1 
2 0 1 1 0 0 1 1 1 0 0 0 2 1 
1 0 0 1 0 0 0 0 0 0 0 1 0 0 
2 0 0 0 0 1 0 1 1 1 1 0 2 1 
1 1 0 1 1 0 0 1 0 1 1 0 2 2 
2 0 0 1 0 0 0 1 1 1 0 0 0 2 
2 0 0 1 0 0 0 0 0 0 0 0 2 2 
1 0 1 1 0 0 1 1 0 0 0 0 2 1 
2 1 1 0 0 0 1 1 1 1 0 1 2 0 
1 0 0 0 1 0 1 0 0 1 1 1 0 1 
2 0 0 1 1 1 1 0 1 1 1 0 0 0 
2 0 0 0 1 1 0 1 0 0 1 0 1 2 
1 0 0 0 0 0 0 0 1 1 0 1 1 2 
0 1 1 1 0 0 1 1 0 0 1 1 0 2 
0 1 0 0 0 1 0 1 1 0 1 0 1 0 
0 1 1 0 1 1 1 1 1 1 1 1 1 1 
0 0 0 1 1 0 0 0 0 0 0 1 2 1 
0 0 0 0 0 0 0 0 0 0 0 0 2 0 
2 0 0 0 1 1 0 1 0 1 0 0 3 1 
2 1 1 0 0 0 0 0 0 0 0 0 0 2 
2 0 0 0 0 0 0 0 0 0 1 0 3 2 
1 0 1 1 0 0 1 1 1 1 0 0 2 1 
0 1 1 1 1 0 0 0 0 1 0 0 3 2 
1 0 0 0 1 0 1 0 1 0 0 0 2 0 
1 1 1 1 0 0 1 1 1 0 0 0 2 1 
0 1 1 1 0 0 1 0 0 0 0 0 1 2 
1 0 1 1 0 0 1 1 1 0 0 0 2 1 
1 0 1 1 0 0 1 1 1 0 0 0 2 0 
1 0 1 1 0 0 0 1 1 0 0 0 2 1 
1 1 1 0 0 0 1 0 0 1 1 0 3 0 
0 0 0 0 0 1 0 0 0 0 0 0 3 0 
0 0 0 0 0 0 0 0 0 0 0 0 1 0 
2 1 0 1 0 1 1 0 1 0 0 1 3 2 
1 0 0 1 0 0 1 1 1 0 0 0 2 1 
1 0 0 0 0 0 0 0 0 0 0 0 1 1 
2 0 0 0 0 0 0 0 0 0 0 0 1 0 
2 1 1 0 1 1 0 0 0 0 1 1 2 0 
1 0 0 0 0 0 0 0 0 0 0 1 3 0 
1 0 0 1 0 1 0 0 0 1 0 1 2 0 
1 0 1 1 1 0 1 1 1 0 0 0 2 1 
1 1 1 0 0 1 0 1 0 0 0 0 0 0 
1 0 1 1 0 0 1 1 1 0 1 0 2 1 
0 1 1 1 1 0 1 0 0 1 0 0 1 0 
0 1 1 0 0 0 1 1 0 0 0 1 2 2 
1 0 0 0 0 0 0 0 0 0 0 0 0 1 
1 0 1 1 0 0 1 1 1 0 0 0 1 1 
1 0 0 0 1 0 1 1 1 1 0 0 3 2 
0 0 0 0 0 0 0 0 0 0 0 0 0 0 
1 0 1 0 0 0 1 1 1 0 0 0 2 1 
1 0 1 1 0 0 1 0 1 0 0 0 2 1 
0 0 0 0 0 1 1 0 1 1 1 0 2 2 
0 0 0 1 1 0 0 1 1 0 1 1 3 0 
MFS
[ - , 0 , 1 , - , - , - , - , - , - , - , - , - , - , - ]
precise
1.0
recall
1.0
F-measure
1.0
accurate
1.0
accurate_oppsite
1.0
regaular Num: 52
identify Num: 14
testCase Num: 66
1 1 1 1 1 1 0 0 1 1 1 1 1 1 
0 0 0 0 0 0 0 0 0 1 0 0 0 1 
1 0 0 0 1 0 0 0 0 0 0 0 3 0 
1 0 0 1 1 1 1 1 1 0 0 0 0 1 
0 1 1 0 0 0 0 0 0 1 0 0 3 0 
2 1 1 0 1 0 0 1 0 0 1 1 0 1 
2 1 0 0 0 0 1 0 0 0 0 0 0 1 
1 0 0 1 1 1 0 0 0 0 0 1 0 0 
0 1 1 0 1 1 1 0 0 1 0 1 0 2 
2 0 0 0 1 1 0 1 0 1 0 0 1 0 
2 0 0 0 0 0 0 0 0 0 0 0 0 0 
2 0 1 1 0 1 1 1 0 0 1 1 2 0 
1 1 1 0 0 0 1 1 1 1 1 0 0 0 
2 0 1 1 0 1 1 1 1 0 1 1 3 0 
0 0 0 0 0 0 1 0 1 0 0 0 1 1 
0 1 1 0 0 0 1 0 0 0 1 1 2 2 
0 1 1 0 0 0 0 0 0 0 0 0 3 1 
0 0 0 0 1 0 0 1 1 1 1 1 3 1 
1 0 0 0 0 0 1 0 0 1 0 0 3 1 
2 0 1 1 0 1 1 1 0 1 1 1 3 0 
1 0 0 0 1 0 0 1 0 0 1 0 2 1 
0 0 0 0 0 1 0 0 0 0 0 0 1 2 
2 1 1 1 0 1 1 1 0 0 1 1 3 0 
0 0 1 1 0 1 1 1 0 0 1 1 3 0 
2 0 0 1 0 0 0 0 0 1 0 1 2 1 
2 0 0 0 0 1 0 0 0 0 1 0 2 2 
2 0 1 1 0 1 1 1 0 0 1 1 3 2 
2 0 1 1 0 1 1 1 0 0 1 1 3 0 
0 1 1 1 0 1 0 1 1 0 0 0 2 1 
2 1 1 1 1 0 0 0 1 0 0 0 3 0 
0 0 0 1 1 1 1 0 1 1 1 1 2 0 
2 1 1 0 0 0 0 0 0 0 0 0 2 0 
1 0 0 1 0 0 0 1 1 0 0 1 3 2 
2 0 0 1 0 1 1 1 0 0 1 1 3 0 
1 0 0 1 1 0 1 0 0 0 1 0 1 2 
0 1 0 0 1 1 1 1 1 0 0 0 3 2 
0 1 1 0 1 0 0 0 0 1 0 0 2 0 
2 0 1 1 1 1 1 1 0 0 1 1 3 0 
1 0 0 1 0 0 0 0 1 1 0 0 2 2 
0 0 0 0 0 0 0 1 0 0 0 0 1 1 
0 1 0 1 0 1 0 0 0 0 0 1 3 1 
2 0 1 0 0 1 1 1 0 0 1 1 3 0 
1 0 0 0 0 0 1 0 0 0 0 1 2 1 
2 0 1 1 0 1 1 0 0 0 1 1 3 0 
2 0 1 1 0 1 1 1 0 0 0 1 3 0 
1 1 1 1 0 1 1 0 0 0 0 0 2 0 
1 0 0 0 0 0 0 0 0 0 1 0 1 0 
0 1 1 1 0 0 0 1 1 0 1 0 0 2 
0 1 1 1 1 0 0 1 0 1 1 0 1 2 
2 0 0 0 0 0 0 0 1 0 0 0 3 1 
2 1 0 0 1 0 1 1 1 1 0 0 2 2 
1 0 0 0 0 1 0 1 1 0 0 1 1 2 
1 1 0 0 1 0 0 1 0 0 1 1 2 0 
2 1 1 1 0 0 0 0 1 0 0 1 1 0 
2 1 1 0 1 0 0 0 0 1 0 0 3 2 
1 1 1 0 0 1 0 0 0 1 1 0 3 2 
2 0 0 1 0 1 0 0 1 1 1 1 0 2 
2 0 1 1 0 1 0 1 0 0 1 1 3 0 
2 0 1 1 0 0 1 1 0 0 1 1 3 0 
2 0 0 0 0 0 0 0 0 0 0 0 1 2 
2 0 1 1 0 1 1 1 0 0 1 0 3 0 
2 1 1 0 0 1 1 0 0 0 1 0 1 1 
0 0 0 1 0 0 0 0 0 1 0 0 3 0 
0 1 0 1 0 0 1 1 0 1 0 1 1 0 
1 0 0 0 0 0 0 0 0 0 0 0 0 2 
0 0 0 0 0 0 0 0 0 0 0 0 0 0 
MFS
[ - , 0 , 1 , - , - , - , - , - , - , - , - , - , - , - ]
precise
1.0
recall
1.0
F-measure
1.0
accurate
1.0
accurate_oppsite
1.0
regaular Num: 49
identify Num: 14
testCase Num: 63
2 0 1 1 0 1 0 1 0 1 1 1 2 2 
0 1 1 0 1 0 0 1 0 0 1 0 2 2 
2 0 0 1 1 1 0 0 1 0 1 1 0 1 
2 0 0 1 0 1 1 1 1 0 0 0 1 0 
0 1 1 0 0 0 0 1 1 0 0 1 2 1 
2 0 0 0 0 0 0 0 0 0 0 0 0 0 
0 0 0 1 0 0 0 0 1 0 0 0 2 0 
2 0 1 1 1 1 0 1 0 1 0 1 2 2 
0 0 0 0 1 0 0 0 0 1 0 0 2 0 
1 1 1 1 0 0 0 0 0 0 0 0 1 1 
2 0 0 1 0 1 0 1 0 1 0 1 2 2 
2 0 0 0 0 0 0 0 1 0 1 0 2 1 
2 1 1 0 0 0 0 0 1 1 1 1 3 0 
0 1 1 0 1 0 0 0 0 1 0 0 1 0 
1 0 0 1 0 1 1 0 0 0 1 1 1 0 
0 0 0 0 0 0 1 1 0 0 0 0 2 0 
2 0 1 1 0 0 0 1 0 1 0 1 2 2 
1 0 0 0 0 0 0 1 0 0 0 1 0 2 
2 0 1 1 0 1 0 1 0 1 0 1 2 2 
2 0 1 1 0 1 0 1 0 1 0 1 2 1 
2 1 1 1 1 0 1 0 0 0 0 1 2 0 
2 1 1 1 0 1 0 1 0 1 0 1 2 2 
1 0 1 1 0 1 0 1 0 1 0 1 2 2 
1 1 1 0 0 1 0 1 0 1 1 1 0 0 
0 0 0 0 0 0 0 0 0 0 1 1 2 0 
2 0 0 0 1 0 1 1 0 1 1 0 1 1 
1 0 0 0 0 0 0 0 1 0 0 0 0 1 
2 0 0 1 1 0 0 1 0 0 0 1 3 1 
2 1 1 0 0 1 1 1 1 0 1 0 3 2 
1 1 1 1 0 0 0 1 1 1 1 0 1 2 
0 1 1 0 1 1 1 1 0 0 0 1 3 0 
1 1 0 1 1 0 0 1 1 0 1 0 3 0 
2 1 0 0 1 0 0 0 0 0 0 1 1 2 
2 0 1 1 0 1 0 1 0 1 0 1 3 2 
1 1 1 1 0 1 0 0 0 1 0 0 2 0 
1 0 0 0 1 1 0 1 1 0 1 0 2 0 
0 0 0 0 0 0 0 0 0 1 0 1 0 1 
0 0 0 0 0 0 0 0 0 0 1 0 3 0 
0 1 1 0 0 0 0 0 1 1 1 0 3 1 
0 0 0 1 1 1 0 0 1 1 0 0 3 2 
1 1 1 1 0 0 1 0 0 0 1 1 3 2 
0 0 0 1 1 0 1 1 1 1 0 1 0 0 
2 1 1 0 1 0 1 1 1 0 0 0 0 1 
2 0 1 1 0 1 0 1 0 0 0 1 2 2 
0 1 0 1 0 1 1 0 0 1 1 0 2 1 
2 1 1 0 0 0 0 0 0 0 0 0 1 0 
0 0 0 1 1 0 1 0 0 0 0 0 1 1 
0 0 0 0 0 0 1 0 0 0 0 0 1 2 
1 0 0 1 1 1 1 0 0 1 0 0 0 2 
0 0 0 0 1 0 0 0 0 0 0 0 0 0 
2 0 1 1 0 1 0 1 0 1 0 0 2 2 
1 0 0 0 1 0 0 0 0 0 0 0 2 1 
1 1 1 0 1 1 1 0 1 1 1 1 1 1 
2 1 0 0 0 0 0 0 0 1 1 0 0 2 
2 0 1 1 0 1 1 1 0 1 0 1 2 2 
1 0 0 0 0 0 1 0 1 1 0 1 2 2 
0 1 1 1 0 1 1 0 1 0 1 0 0 2 
1 0 0 0 0 1 1 1 0 1 0 0 3 1 
0 0 0 0 0 0 0 0 0 0 0 0 0 0 
2 0 1 1 0 1 0 1 1 1 0 1 2 2 
0 0 0 0 0 1 0 1 1 0 1 1 1 2 
2 0 1 1 0 1 0 0 0 1 0 1 2 2 
2 0 1 0 0 1 0 1 0 1 0 1 2 2 
MFS
[ - , 0 , 1 , - , - , - , - , - , - , - , - , - , - , - ]
precise
1.0
recall
1.0
F-measure
1.0
accurate
1.0
accurate_oppsite
1.0
regaular Num: 52
identify Num: 14
testCase Num: 66
2 0 0 0 1 1 1 1 0 1 1 0 2 1 
1 1 0 1 0 0 0 1 1 1 0 0 1 1 
1 0 0 0 1 0 0 1 1 0 1 0 2 2 
0 0 0 1 1 0 1 0 0 0 0 1 0 0 
0 1 0 0 1 1 0 0 0 0 0 0 3 2 
0 0 1 1 1 1 0 0 0 1 1 1 2 2 
1 0 0 1 0 0 0 0 0 1 0 1 1 2 
0 0 0 1 0 0 0 0 0 1 0 0 1 0 
2 1 1 1 0 1 0 0 0 0 1 0 3 1 
0 1 1 0 0 0 1 0 0 0 1 1 2 1 
0 1 1 0 0 0 0 0 0 0 0 0 3 0 
0 0 1 1 1 1 0 1 0 1 0 1 2 2 
0 0 0 1 0 0 1 1 0 1 1 0 3 2 
1 0 0 1 0 1 1 1 0 1 0 0 2 2 
0 0 0 1 1 1 0 0 0 1 0 1 2 2 
1 1 1 0 1 0 0 1 0 0 0 1 0 1 
0 1 1 0 1 0 1 1 0 0 1 0 1 2 
0 0 0 0 0 1 1 0 1 1 1 1 1 1 
1 1 1 1 1 1 1 1 1 0 1 1 1 0 
0 0 1 1 1 0 0 0 0 1 0 1 2 2 
1 0 0 0 0 0 0 0 0 0 0 0 3 2 
0 0 1 1 1 1 0 0 0 1 0 0 2 2 
0 0 1 1 1 1 1 0 0 1 0 1 2 2 
0 0 1 1 1 1 0 0 0 1 0 1 0 2 
2 0 0 0 0 0 0 0 0 0 0 0 3 0 
2 1 1 0 0 0 1 0 1 1 0 1 3 2 
1 1 1 0 0 0 0 0 1 1 0 0 3 1 
0 1 0 1 0 0 0 1 0 1 1 1 2 0 
2 1 1 1 1 0 1 0 0 1 0 1 1 1 
0 1 1 0 0 1 0 1 1 1 1 0 0 0 
2 1 1 0 1 0 0 1 0 1 0 1 3 0 
0 0 1 1 1 1 0 0 1 1 0 1 2 2 
0 0 1 1 0 1 0 0 0 1 0 1 2 2 
2 0 0 0 1 1 0 0 0 0 1 1 0 2 
0 0 1 0 1 1 0 0 0 1 0 1 2 2 
2 0 0 0 1 0 0 0 1 0 1 0 1 0 
1 0 0 0 0 0 0 0 0 0 0 1 2 1 
1 0 0 0 0 0 0 0 0 0 0 0 0 0 
2 0 0 0 0 0 0 0 0 0 0 0 2 2 
2 1 0 1 1 1 1 0 1 1 0 0 0 0 
0 1 1 0 0 0 0 0 0 0 0 0 1 0 
2 1 1 0 0 0 0 1 0 0 0 0 2 0 
2 0 0 1 0 0 0 0 1 0 0 1 2 1 
0 0 0 0 0 1 0 0 1 0 0 0 0 2 
1 0 0 1 0 1 1 1 0 0 0 1 3 0 
0 0 0 0 0 0 0 0 0 0 0 0 1 1 
1 1 1 0 0 1 1 0 1 0 0 0 2 0 
0 0 1 1 1 1 0 0 0 0 0 1 2 2 
0 0 0 1 1 0 1 1 1 0 0 0 3 1 
1 1 1 1 0 0 1 0 0 1 1 0 0 2 
0 0 0 1 0 1 0 0 0 0 0 0 0 1 
0 0 0 0 0 0 0 0 0 0 0 1 3 1 
0 0 1 1 1 1 0 0 0 1 0 1 2 2 
1 0 0 0 0 0 0 0 0 0 0 0 1 0 
1 0 1 1 1 1 0 0 0 1 0 1 2 2 
0 0 1 1 1 1 0 0 0 1 0 1 2 1 
0 1 1 1 1 1 0 0 0 1 0 1 2 2 
0 0 0 0 0 0 0 0 1 0 0 0 1 2 
2 0 0 1 0 0 1 1 1 0 1 1 0 2 
2 1 1 0 0 0 0 0 0 0 0 0 0 1 
0 0 0 0 0 0 0 0 0 0 0 0 0 0 
0 0 0 0 1 0 0 0 1 1 0 0 2 0 
0 0 0 0 0 0 0 0 0 0 0 0 0 2 
1 0 0 0 1 1 0 0 1 1 1 1 3 0 
2 0 0 0 0 1 0 1 0 0 0 0 1 2 
1 0 0 0 0 1 1 0 1 1 1 1 0 1 
MFS
[ - , 0 , 1 , - , - , - , - , - , - , - , - , - , - , - ]
precise
1.0
recall
1.0
F-measure
1.0
accurate
1.0
accurate_oppsite
1.0
regaular Num: 52
identify Num: 14
testCase Num: 66
2 0 1 0 0 1 1 1 0 1 0 0 2 2 
0 0 0 0 0 0 1 1 0 0 0 0 1 2 
1 0 1 0 0 1 1 1 0 1 0 1 2 2 
2 0 1 0 0 0 1 1 0 1 0 1 2 2 
0 0 0 0 0 1 1 1 1 0 1 0 1 1 
0 0 0 1 0 1 0 1 1 1 0 1 3 2 
1 0 0 0 0 0 0 0 0 0 0 0 2 2 
1 1 1 0 0 0 0 0 1 1 0 0 1 2 
1 1 0 1 1 0 1 1 1 1 1 1 1 1 
0 1 1 0 1 0 0 1 0 1 1 0 3 1 
2 0 0 0 0 0 0 0 1 0 0 0 1 0 
2 0 1 0 1 1 1 1 0 1 0 1 2 2 
1 0 0 1 0 0 0 0 0 0 0 1 0 2 
0 1 1 0 0 0 0 0 0 1 0 0 2 1 
2 0 1 0 0 1 1 1 0 1 1 1 2 2 
2 0 1 0 0 1 1 1 0 1 0 1 3 2 
0 0 0 0 0 0 0 0 0 0 0 0 3 0 
2 0 0 0 0 1 0 0 0 1 1 0 0 1 
2 0 0 0 0 0 0 0 0 0 0 0 3 1 
2 1 1 0 1 0 0 0 0 0 1 1 2 0 
2 0 0 0 0 0 0 0 0 0 0 0 3 2 
1 0 0 0 0 0 0 0 0 0 0 0 3 0 
2 1 0 0 0 1 1 1 1 0 0 0 3 0 
2 0 0 0 0 1 1 1 0 1 0 1 2 2 
0 0 0 0 0 1 0 0 1 0 0 0 2 0 
0 1 0 0 1 1 0 1 0 0 1 1 2 1 
1 1 1 0 0 0 1 1 1 0 0 1 2 0 
2 0 1 0 0 1 1 1 0 1 0 1 2 2 
2 0 1 0 0 1 1 1 0 1 0 1 2 1 
1 1 1 0 1 1 1 1 0 0 1 0 0 2 
2 1 1 0 0 1 1 1 0 1 0 1 2 2 
1 0 0 0 0 0 1 0 0 0 1 1 3 1 
2 0 0 1 1 1 0 0 0 0 1 1 1 2 
2 1 0 1 0 0 0 1 1 0 1 0 2 2 
2 0 0 0 0 0 0 1 0 1 0 1 1 0 
1 0 0 0 0 0 0 0 0 0 0 0 0 0 
1 0 0 1 0 1 1 0 1 0 1 0 1 0 
2 0 1 0 0 1 1 1 0 0 0 1 2 2 
0 1 1 1 1 0 1 0 1 0 0 1 2 2 
0 0 0 0 1 1 1 0 0 0 1 0 3 2 
0 0 0 0 1 0 1 1 0 0 1 0 2 0 
2 1 1 0 1 1 1 0 0 1 0 0 1 1 
2 0 0 1 1 0 1 0 1 1 0 0 2 1 
2 1 1 1 1 0 1 0 0 1 1 1 3 0 
0 0 0 1 0 0 0 0 0 0 0 0 2 1 
1 1 1 0 0 0 0 1 0 1 0 0 3 2 
0 1 1 1 1 0 1 1 0 0 0 1 1 0 
1 0 0 0 1 0 0 0 0 0 0 0 2 1 
0 1 1 0 0 0 0 0 0 1 1 0 1 0 
2 0 1 1 0 1 1 1 0 1 0 1 2 2 
2 0 1 0 0 1 1 0 0 1 0 1 2 2 
0 1 0 0 1 0 1 0 0 0 0 1 0 1 
2 1 1 1 0 0 0 1 1 0 0 1 0 1 
1 0 0 0 0 0 0 0 0 0 0 0 1 1 
2 0 1 0 0 1 1 1 1 1 0 1 2 2 
1 0 0 0 1 1 0 1 1 1 0 1 0 0 
1 1 1 1 1 1 0 0 1 0 0 0 3 1 
2 0 0 0 0 0 0 0 1 0 1 0 3 0 
1 0 0 1 0 1 0 0 0 1 1 0 2 0 
0 0 0 0 0 0 0 1 1 0 0 0 0 2 
2 0 0 1 1 0 1 0 0 1 1 1 0 2 
1 0 0 0 0 0 0 0 0 0 0 0 0 1 
0 0 0 0 0 0 0 0 0 0 0 0 0 0 
0 1 1 1 0 1 1 0 1 1 1 0 0 0 
2 0 0 0 1 0 0 1 0 0 0 0 0 0 
2 0 1 0 0 1 0 1 0 1 0 1 2 2 
MFS
[ - , 0 , 1 , - , - , - , - , - , - , - , - , - , - , - ]
precise
1.0
recall
1.0
F-measure
1.0
accurate
1.0
accurate_oppsite
1.0
regaular Num: 53
identify Num: 14
testCase Num: 67
1 0 0 0 0 1 0 1 0 0 0 0 1 0 
2 1 0 1 0 0 0 0 0 0 0 1 3 1 
0 0 0 0 0 0 1 0 0 0 0 0 0 0 
1 0 0 0 0 0 0 0 0 0 0 0 2 1 
2 0 1 1 1 0 1 1 1 0 0 0 3 0 
1 0 0 0 0 0 0 0 0 0 0 0 2 2 
2 0 1 1 1 1 1 1 1 0 0 1 3 0 
2 1 1 0 0 1 0 0 0 0 0 0 1 1 
1 1 1 1 1 1 0 1 0 1 1 0 3 2 
0 1 1 1 0 0 0 1 1 0 1 0 3 1 
2 1 0 1 1 1 1 0 0 0 1 0 2 2 
1 0 0 0 1 1 0 1 0 1 0 1 0 2 
2 0 0 1 0 0 0 1 0 0 1 1 0 1 
2 0 0 1 1 0 1 1 1 0 0 1 3 0 
1 0 0 0 1 1 0 0 1 0 1 1 2 0 
0 0 0 0 0 0 0 0 0 0 0 0 3 2 
2 0 1 1 1 0 1 1 1 0 1 1 3 0 
2 0 0 0 0 0 0 0 0 0 0 0 3 2 
0 0 0 1 1 1 1 0 1 1 0 1 0 1 
1 0 0 0 0 0 0 1 1 0 0 0 3 2 
2 0 1 0 1 0 1 1 1 0 0 1 3 0 
0 0 0 0 0 0 1 0 1 0 0 0 2 0 
2 0 1 1 1 0 1 0 1 0 0 1 3 0 
2 1 1 0 1 0 1 1 0 1 1 0 0 1 
2 0 0 0 0 0 0 1 0 0 0 0 1 2 
0 1 1 1 0 1 0 1 1 1 0 0 2 2 
0 1 0 0 1 0 1 1 1 0 0 0 1 2 
0 0 0 0 0 1 1 0 0 0 1 1 3 2 
2 0 1 1 1 0 1 1 1 1 0 1 3 0 
2 0 0 1 0 0 0 0 0 1 0 1 1 2 
0 0 1 1 1 0 1 1 1 0 0 1 3 0 
2 1 1 1 1 0 1 1 1 0 0 1 3 0 
2 0 0 0 0 0 0 0 0 0 0 0 2 0 
1 0 0 0 0 0 0 0 0 0 0 0 0 0 
2 0 1 1 1 0 1 1 1 0 0 1 3 0 
2 0 1 1 1 0 1 1 1 0 0 1 3 1 
0 1 0 1 0 1 0 1 1 1 1 0 0 0 
0 1 1 0 0 0 0 0 0 0 0 0 0 0 
2 1 1 0 1 0 1 0 0 0 0 1 0 0 
2 1 1 0 1 0 0 1 1 0 0 1 2 1 
0 1 1 0 0 0 0 0 0 0 1 0 2 0 
2 0 1 1 1 0 0 1 1 0 0 1 3 0 
1 0 0 1 1 0 0 0 1 1 1 0 1 1 
1 1 1 0 0 1 1 1 1 1 1 1 1 1 
0 1 1 0 0 0 0 0 0 1 1 0 1 2 
1 0 0 0 0 1 0 0 0 0 0 0 1 2 
2 0 0 0 0 0 1 0 0 1 1 1 2 2 
0 1 1 1 1 1 1 0 0 0 1 1 1 0 
1 0 0 0 1 0 1 0 1 1 0 0 3 1 
2 0 1 1 1 0 1 1 0 0 0 1 3 0 
0 0 0 1 0 0 0 1 0 0 0 0 1 1 
2 1 1 0 0 1 0 0 1 0 0 1 0 2 
0 0 0 1 0 0 1 1 0 0 1 1 2 1 
1 1 1 1 0 0 1 0 1 0 1 1 0 2 
1 1 1 0 0 0 1 0 0 1 0 0 2 0 
1 1 0 1 0 1 0 1 0 0 0 0 3 1 
1 0 0 0 0 0 0 0 0 0 0 1 3 0 
2 0 1 1 1 0 1 1 1 0 0 1 0 0 
0 0 0 0 1 1 0 0 0 1 0 0 2 1 
1 0 0 0 0 0 0 0 0 0 0 0 0 1 
0 0 0 0 0 0 0 0 0 0 0 0 0 0 
0 1 1 0 1 0 0 0 0 1 1 1 3 0 
2 0 0 0 1 0 1 0 1 1 1 0 1 0 
0 0 0 0 0 0 0 0 0 0 0 0 0 2 
2 0 1 1 0 0 1 1 1 0 0 1 3 0 
2 0 0 0 0 1 0 1 1 1 1 0 3 0 
1 0 0 1 0 0 0 1 0 0 0 0 2 0 
MFS
[ - , 0 , 1 , - , - , - , - , - , - , - , - , - , - , - ]
precise
1.0
recall
1.0
F-measure
1.0
accurate
1.0
accurate_oppsite
1.0
regaular Num: 49
identify Num: 14
testCase Num: 63
0 0 1 1 0 1 1 1 1 1 1 0 1 0 
1 0 0 0 0 1 0 0 0 0 0 1 2 0 
0 0 1 0 0 1 1 1 1 1 1 0 0 0 
1 0 0 1 0 0 0 0 0 0 0 0 3 0 
0 0 1 1 0 1 1 0 1 1 1 0 0 0 
0 0 1 1 0 1 1 1 0 1 1 0 0 0 
1 1 1 1 1 1 1 0 1 0 1 1 1 1 
0 1 0 1 1 0 0 0 1 1 1 1 2 2 
1 1 1 0 0 0 1 1 0 0 0 0 2 2 
2 0 0 0 0 1 1 1 0 1 1 1 2 2 
1 1 0 0 0 0 0 1 0 1 0 1 1 1 
0 0 0 1 1 0 1 1 0 0 1 1 3 1 
0 1 1 0 0 0 0 0 0 0 0 0 3 0 
2 0 0 0 1 0 1 0 0 1 0 1 0 0 
2 1 1 0 0 0 0 0 0 0 1 0 0 2 
0 0 1 1 0 1 0 1 1 1 1 0 0 0 
0 0 0 1 1 1 1 0 1 0 0 0 2 0 
0 0 1 1 0 1 1 1 1 1 1 0 0 0 
0 0 1 1 0 1 1 1 1 1 1 0 0 1 
0 1 1 1 0 1 1 1 1 1 1 0 0 0 
1 0 0 0 0 0 1 1 0 0 1 0 1 2 
1 1 1 1 1 0 0 1 0 0 1 0 2 0 
2 0 0 1 1 1 0 1 0 1 0 0 3 0 
0 0 1 1 0 0 1 1 1 1 1 0 0 0 
2 0 0 0 0 0 0 0 0 0 0 1 1 0 
2 0 0 0 1 1 0 1 1 1 0 0 0 1 
1 0 0 0 0 1 0 0 1 0 1 0 3 2 
2 1 1 1 0 0 0 0 1 1 0 0 2 0 
1 0 0 1 1 0 1 0 0 1 1 0 0 2 
0 0 0 0 1 1 1 0 0 0 0 1 1 0 
1 1 1 1 0 0 1 0 1 0 0 0 0 1 
0 0 1 1 0 1 1 1 1 1 0 0 0 0 
1 0 0 1 0 0 1 0 1 1 0 0 2 1 
2 1 0 1 0 1 0 0 0 0 1 1 0 1 
2 1 0 1 0 0 1 0 1 0 1 1 3 0 
2 0 0 0 0 0 0 0 0 0 0 0 2 1 
2 1 1 0 1 1 0 0 0 0 0 1 2 0 
0 0 0 1 0 1 1 1 1 1 1 0 0 0 
0 1 1 0 0 1 0 1 1 0 1 0 2 1 
0 1 1 1 0 0 0 1 1 0 1 0 1 0 
2 0 0 0 0 0 0 0 1 0 0 0 3 1 
0 0 0 0 0 0 1 0 1 0 0 0 3 2 
1 1 1 0 1 1 1 0 0 1 0 0 3 1 
1 1 1 0 0 1 0 1 0 0 1 1 0 2 
2 1 1 0 0 0 1 0 0 0 0 0 1 1 
0 0 0 0 0 0 0 0 0 0 0 0 1 1 
0 0 0 0 1 0 0 0 0 0 0 1 2 1 
0 0 1 1 0 1 1 1 1 1 1 1 0 0 
0 1 1 0 0 1 0 0 0 1 1 1 3 1 
0 1 1 1 0 1 0 0 0 1 0 1 1 2 
2 0 0 1 1 1 0 1 1 0 0 0 1 2 
1 0 0 0 0 0 0 1 1 1 0 1 3 0 
1 0 1 1 0 1 1 1 1 1 1 0 0 0 
1 0 0 0 0 0 0 0 0 0 0 0 1 0 
2 0 0 0 0 0 0 0 0 0 0 1 3 2 
0 0 1 1 0 1 1 1 1 0 1 0 0 0 
0 1 1 0 1 0 1 1 1 0 0 1 0 2 
0 0 0 0 0 0 0 0 0 0 0 0 0 0 
0 0 1 1 1 1 1 1 1 1 1 0 0 0 
2 0 0 0 1 0 1 0 1 1 1 0 1 0 
0 0 0 0 0 0 0 0 0 0 0 0 0 1 
2 1 1 1 1 0 0 1 1 1 0 0 3 2 
1 1 0 0 0 1 1 0 0 0 0 0 0 0 
MFS
[ - , 0 , 1 , - , - , - , - , - , - , - , - , - , - , - ]
precise
1.0
recall
1.0
F-measure
1.0
accurate
1.0
accurate_oppsite
1.0
regaular Num: 51
identify Num: 14
testCase Num: 65
2 0 0 0 0 0 0 0 0 1 0 0 0 2 
2 0 0 0 0 1 0 0 0 0 1 0 3 1 
2 1 0 1 1 0 1 0 0 1 1 0 0 1 
0 0 1 0 0 0 1 1 0 0 1 0 1 1 
2 0 0 1 0 1 1 0 1 0 1 0 1 0 
0 1 0 0 0 0 1 0 1 0 0 1 2 2 
0 0 0 1 0 0 0 1 0 1 0 1 0 1 
2 1 1 1 0 0 1 1 1 0 1 0 3 2 
0 0 1 0 0 1 1 1 0 0 0 0 1 1 
1 1 1 0 0 0 0 0 0 1 0 0 0 0 
1 0 0 1 0 1 0 0 0 0 0 1 2 2 
2 0 0 0 0 0 0 0 0 1 0 0 1 1 
0 0 1 0 1 1 1 1 0 0 1 0 1 1 
1 1 1 0 1 0 0 1 0 0 0 0 2 1 
0 0 0 0 0 1 1 1 0 0 1 0 1 1 
0 0 0 1 1 1 1 1 1 0 1 1 0 0 
0 0 1 0 0 1 1 1 0 0 1 0 2 1 
0 1 0 0 0 0 0 0 0 1 0 0 1 0 
0 0 0 1 1 0 0 1 1 1 0 0 1 2 
2 0 0 1 0 1 1 0 1 0 1 1 2 1 
0 1 1 0 0 0 1 0 0 0 0 1 1 2 
2 1 1 0 1 0 0 1 1 0 1 0 0 1 
2 0 0 0 1 1 0 1 0 1 1 1 2 2 
0 0 1 0 0 1 1 1 0 0 1 0 1 2 
0 1 1 0 0 1 1 1 0 0 1 0 1 1 
0 0 0 0 1 0 0 0 0 0 0 0 3 2 
1 1 1 1 0 1 0 1 0 0 1 1 0 2 
0 1 1 0 1 1 0 0 1 1 1 0 2 2 
0 0 0 1 1 0 1 1 0 1 0 0 2 0 
0 1 0 0 0 1 0 0 0 0 0 0 0 1 
0 0 1 0 0 1 1 1 0 1 1 0 1 1 
2 1 1 0 1 0 0 1 0 0 0 1 1 0 
0 0 0 0 0 0 0 0 0 1 0 0 2 1 
2 0 0 0 0 0 0 0 0 0 0 0 2 0 
0 0 1 0 0 1 1 1 0 0 1 0 1 1 
1 0 0 0 1 0 1 0 1 0 0 1 0 2 
2 0 0 1 1 0 0 0 1 0 0 1 3 1 
2 0 0 0 0 0 0 0 0 0 0 1 0 0 
2 1 1 1 0 1 0 0 0 0 0 1 2 0 
1 0 0 1 0 1 1 0 0 1 0 0 3 2 
2 1 1 0 0 1 1 0 1 1 0 0 0 0 
2 0 1 0 0 1 1 1 0 0 1 0 1 1 
0 1 1 0 0 0 0 0 0 0 0 0 0 2 
0 1 1 1 1 0 0 0 0 1 1 1 3 0 
1 1 1 0 0 0 0 0 0 0 0 0 3 1 
0 0 0 0 0 0 0 0 0 0 0 1 3 2 
0 0 1 1 0 1 1 1 0 0 1 0 1 1 
0 1 1 0 1 1 1 1 1 1 0 0 3 1 
2 0 0 0 0 0 0 0 0 1 0 0 3 0 
0 0 0 0 1 0 0 0 0 0 1 0 1 0 
1 1 1 1 1 1 1 0 1 1 0 1 1 1 
1 0 0 0 0 0 0 0 1 1 1 1 1 1 
1 1 0 0 0 1 0 1 1 0 0 0 3 0 
2 0 0 0 0 0 0 0 0 0 0 0 1 2 
1 0 0 0 0 1 0 1 0 1 1 0 1 2 
0 0 1 0 0 1 1 0 0 0 1 0 1 1 
1 0 0 0 1 1 1 1 0 0 1 1 3 0 
0 1 1 0 0 0 1 0 0 0 0 0 2 0 
0 0 1 0 0 1 0 1 0 0 1 0 1 1 
0 0 1 0 0 1 1 1 1 0 1 0 1 1 
0 0 1 0 0 1 1 1 0 0 1 1 1 1 
1 0 0 0 0 0 0 0 0 0 0 0 0 1 
0 0 0 0 0 0 0 0 0 0 0 0 0 0 
1 0 0 1 0 0 1 1 1 1 1 0 2 0 
1 0 0 1 0 1 0 0 0 0 0 0 1 0 
MFS
[ - , 0 , 1 , - , - , - , - , - , - , - , - , - , - , - ]
precise
1.0
recall
1.0
F-measure
1.0
accurate
1.0
accurate_oppsite
1.0
regaular Num: 51
identify Num: 14
testCase Num: 65
0 0 0 0 0 0 0 1 0 0 1 0 2 0 
1 1 1 0 1 1 0 0 0 1 0 0 0 2 
0 0 0 0 0 0 0 0 0 1 0 0 0 2 
1 0 0 0 1 0 0 1 0 0 0 1 2 2 
1 1 1 0 0 1 0 1 1 1 0 1 3 0 
0 0 0 0 0 0 1 0 0 0 1 0 1 0 
2 1 1 1 1 0 1 1 0 1 0 1 0 0 
2 0 1 1 0 1 0 0 1 1 1 1 2 2 
1 0 1 1 0 0 0 0 1 1 1 1 2 2 
2 0 1 1 0 0 0 0 1 1 1 0 2 2 
1 1 1 0 0 1 0 0 0 0 1 1 1 1 
0 0 0 0 1 0 0 0 0 1 0 0 1 1 
2 0 0 1 1 1 0 0 0 0 0 1 3 2 
2 0 1 1 0 0 0 0 1 0 1 1 2 2 
0 1 1 1 1 1 0 0 1 1 1 0 0 1 
2 0 0 1 0 0 0 0 1 1 1 1 2 2 
0 0 0 1 0 0 1 1 1 0 1 1 3 1 
2 0 0 0 0 1 1 0 0 1 0 0 1 2 
1 0 0 0 0 0 0 0 0 0 0 0 3 2 
0 1 1 1 0 0 1 0 1 0 0 1 1 2 
2 0 1 1 1 0 0 0 1 1 1 1 2 2 
1 1 0 0 0 0 0 0 0 1 1 1 0 2 
1 0 0 1 0 0 1 0 1 0 0 0 1 0 
0 1 1 0 1 0 1 1 1 0 1 1 0 0 
2 1 1 0 0 1 0 0 0 0 0 0 0 0 
2 0 1 0 0 0 0 0 1 1 1 1 2 2 
2 1 1 1 0 0 0 1 0 0 1 0 0 1 
1 0 0 0 0 1 0 0 0 0 0 0 0 0 
1 0 0 0 0 0 0 0 0 1 0 0 2 0 
0 1 1 0 0 0 0 0 0 1 0 0 1 0 
1 0 0 0 1 0 1 0 1 1 1 0 3 0 
1 1 1 1 1 1 1 0 0 0 1 1 2 0 
2 0 0 0 1 1 1 0 1 0 0 1 0 1 
0 0 0 0 0 0 1 0 0 0 0 0 2 2 
2 1 1 1 0 0 0 0 1 1 1 1 2 2 
2 1 1 0 0 0 1 1 1 1 0 0 3 2 
2 0 0 0 0 0 0 0 0 0 1 0 3 0 
2 0 1 1 0 0 0 0 1 1 1 1 2 1 
1 0 0 1 0 0 0 0 1 0 0 0 2 1 
2 0 1 1 0 0 1 0 1 1 1 1 2 2 
2 0 1 1 0 0 0 0 1 1 1 1 2 2 
0 0 0 1 0 1 0 1 0 1 1 1 1 0 
2 1 1 0 1 0 0 1 1 0 1 0 1 0 
0 0 0 0 0 0 1 0 0 1 1 1 2 0 
0 0 0 0 0 0 0 0 0 1 0 0 3 0 
0 1 1 0 1 1 1 1 0 0 1 0 3 2 
2 0 0 1 0 0 0 1 0 0 0 1 1 1 
0 0 0 1 1 1 0 0 1 0 0 0 2 2 
1 1 1 1 0 0 0 0 0 1 0 0 3 1 
2 1 0 1 0 1 0 1 1 0 0 0 2 0 
2 0 1 1 0 0 0 0 0 1 1 1 2 2 
0 1 1 0 0 0 1 1 1 1 0 0 2 1 
2 0 1 1 0 0 0 1 1 1 1 1 2 2 
2 0 0 0 1 1 1 0 0 1 1 0 2 1 
2 0 1 1 0 0 0 0 1 1 1 1 3 2 
2 0 1 1 0 0 0 0 1 1 0 1 2 2 
1 1 0 1 1 1 1 1 1 1 0 1 1 1 
2 0 0 0 0 0 0 0 0 0 0 0 0 2 
1 0 0 0 0 0 0 0 0 0 0 0 0 1 
0 0 0 0 0 0 0 0 0 0 0 0 0 0 
0 0 0 0 0 0 0 0 0 0 0 1 2 1 
1 0 0 0 1 0 0 1 0 0 1 0 1 2 
1 0 0 1 0 1 1 1 1 0 1 0 0 2 
2 0 0 0 1 1 0 0 0 0 0 0 3 1 
0 1 0 1 0 0 0 0 0 0 0 0 3 0 
MFS
[ - , 0 , 1 , - , - , - , - , - , - , - , - , - , - , - ]
precise
1.0
recall
1.0
F-measure
1.0
accurate
1.0
accurate_oppsite
1.0
regaular Num: 46
identify Num: 14
testCase Num: 60
2 0 0 0 0 1 0 1 1 1 0 1 2 1 
0 0 0 0 0 1 0 1 0 0 0 0 3 2 
2 0 0 0 1 0 1 0 0 0 0 0 1 1 
1 0 0 1 0 0 0 1 1 1 1 0 2 2 
1 0 0 1 1 1 0 1 1 0 0 0 0 0 
0 1 1 1 0 1 1 0 1 1 0 0 3 1 
1 0 0 0 0 1 0 1 1 1 1 1 1 1 
2 0 0 1 0 0 0 1 1 0 0 0 3 0 
0 0 1 1 0 1 1 0 1 1 0 0 3 1 
0 0 1 1 0 1 0 0 1 1 0 0 3 1 
0 0 1 1 0 1 1 0 1 1 0 0 3 0 
0 0 0 0 1 0 0 0 1 0 0 0 2 0 
2 0 1 1 0 1 1 0 1 1 0 0 3 1 
1 1 1 1 0 0 0 0 0 0 0 0 1 1 
0 0 1 1 0 1 1 0 1 0 0 0 3 1 
1 0 0 0 1 0 1 0 0 0 0 1 2 1 
0 0 1 1 0 1 1 0 0 1 0 0 3 1 
1 1 0 0 0 0 1 1 1 1 0 1 3 0 
2 1 1 0 1 0 0 1 0 0 1 0 3 1 
2 0 0 1 0 1 0 0 0 0 1 1 3 2 
0 0 1 1 0 1 1 0 1 1 1 0 3 1 
2 1 1 1 0 0 0 1 0 1 0 1 0 2 
0 0 0 1 1 0 0 0 0 0 1 1 0 2 
0 1 1 0 1 1 1 0 0 1 1 1 0 0 
0 0 1 0 0 1 1 0 1 1 0 0 3 1 
2 0 0 0 1 1 0 1 1 1 0 0 1 0 
0 0 1 1 0 1 1 0 1 1 0 0 1 1 
0 1 1 0 1 0 1 0 0 1 1 0 1 2 
1 0 0 0 1 1 1 0 0 0 0 0 3 0 
1 0 0 0 1 0 0 0 0 0 0 0 1 2 
0 1 1 1 0 0 0 0 0 1 0 0 2 1 
0 1 1 1 1 0 0 0 1 1 1 1 3 0 
1 0 0 0 0 0 1 0 0 0 1 1 3 1 
1 1 1 1 1 0 0 0 0 1 0 1 3 2 
2 0 0 0 0 1 0 0 0 0 0 0 0 0 
0 0 1 1 0 1 1 0 1 1 0 1 3 1 
2 0 0 0 0 0 0 0 0 0 0 0 2 2 
0 0 1 1 0 0 1 0 1 1 0 0 3 1 
1 0 0 1 0 1 1 0 0 1 1 0 1 0 
0 0 0 1 1 0 1 1 0 0 1 1 1 0 
0 1 1 1 0 1 0 1 1 0 0 0 1 2 
0 1 0 0 0 1 0 1 1 0 1 1 0 1 
0 0 0 0 1 1 0 1 0 1 0 0 2 2 
0 0 0 0 0 0 0 0 0 0 0 0 1 1 
0 0 0 1 0 1 1 0 1 1 0 0 3 1 
0 0 1 1 1 1 1 0 1 1 0 0 3 1 
0 0 1 1 0 1 1 1 1 1 0 0 3 1 
2 0 0 0 0 0 1 1 1 1 0 0 3 2 
2 1 0 0 1 1 1 0 1 0 0 1 1 2 
1 1 1 0 0 1 1 0 1 0 0 0 0 2 
0 1 1 1 0 0 1 1 1 0 0 1 2 2 
1 1 1 1 1 1 1 1 0 1 1 1 0 1 
2 1 0 1 0 0 1 0 0 1 1 0 2 0 
1 0 0 0 0 0 0 0 0 0 0 0 0 1 
0 0 0 0 0 0 0 0 0 0 0 0 0 0 
2 1 1 1 0 0 1 0 1 0 1 1 1 0 
1 1 1 0 0 1 0 0 1 0 1 1 2 0 
2 0 0 1 1 0 1 0 1 1 1 0 0 1 
0 1 0 0 1 0 0 0 0 0 1 0 2 1 
2 1 1 1 1 1 1 1 0 0 0 0 2 0 
MFS
[ - , 0 , 1 , - , - , - , - , - , - , - , - , - , - , - ]
precise
1.0
recall
1.0
F-measure
1.0
accurate
1.0
accurate_oppsite
1.0
regaular Num: 50
identify Num: 14
testCase Num: 64
1 0 1 1 0 0 0 1 0 1 1 1 2 2 
2 0 1 1 0 0 0 1 0 1 1 0 2 2 
2 0 1 1 0 1 0 1 0 1 1 1 2 2 
1 0 0 0 0 0 0 0 0 1 1 1 1 1 
0 1 1 0 0 0 0 0 0 1 0 0 3 0 
0 0 0 0 0 0 1 0 0 0 0 0 0 0 
2 0 0 0 0 1 1 1 1 0 1 0 1 1 
2 1 1 1 1 0 0 0 0 0 0 0 1 1 
2 0 0 0 0 0 0 0 0 0 0 0 0 0 
0 1 1 0 0 0 1 0 1 1 0 1 1 2 
2 0 1 1 1 0 0 1 0 1 1 1 2 2 
1 0 0 1 0 0 1 1 1 0 0 1 2 2 
2 1 1 0 1 0 1 0 0 1 0 0 1 0 
0 0 0 0 0 0 0 1 0 0 0 0 0 2 
1 0 0 1 1 0 1 1 1 0 1 0 0 2 
2 0 1 1 0 0 0 1 0 1 0 1 2 2 
2 0 1 1 0 0 0 1 0 1 1 1 3 2 
0 0 0 0 1 1 0 1 1 0 0 1 2 2 
1 0 0 1 0 1 0 0 1 1 0 0 3 2 
2 1 0 1 0 0 0 0 0 0 1 0 3 2 
2 1 0 1 0 0 0 1 1 1 0 0 0 1 
0 0 0 0 0 0 0 0 0 0 1 1 2 0 
2 0 0 0 0 0 0 0 0 0 0 1 1 0 
2 0 0 1 0 0 0 1 0 1 1 1 2 2 
0 0 0 1 0 1 0 0 0 1 0 0 2 2 
2 0 0 0 1 0 0 0 1 0 1 1 0 2 
0 0 0 0 0 0 0 1 1 0 0 0 3 0 
2 1 1 1 0 1 1 0 0 0 1 0 2 0 
0 0 0 1 1 1 1 0 0 1 1 1 0 1 
2 1 0 0 1 0 0 1 0 0 0 0 2 0 
2 0 1 1 0 0 0 1 0 1 1 1 2 2 
2 0 1 1 0 0 0 1 0 1 1 1 2 1 
0 1 0 1 1 0 1 1 0 1 1 0 3 0 
2 1 1 1 0 0 0 1 0 1 1 1 2 2 
1 1 1 1 1 1 0 1 0 0 1 0 1 2 
2 1 1 0 0 0 0 0 1 0 1 0 2 1 
1 1 1 0 1 1 1 0 0 0 1 0 3 2 
2 1 1 0 1 1 1 0 0 1 0 0 0 2 
1 1 1 0 0 1 1 1 0 1 0 1 0 0 
1 0 0 1 0 0 1 1 1 0 0 1 1 0 
1 0 0 0 1 0 0 1 0 1 0 0 3 1 
1 1 1 0 1 0 0 0 1 1 1 0 2 0 
2 0 1 1 0 0 0 1 0 0 1 1 2 2 
0 1 1 0 0 1 0 0 0 0 0 0 3 0 
2 0 0 0 0 1 0 0 1 0 0 0 1 2 
0 1 1 1 1 1 0 0 1 0 1 1 0 0 
0 0 0 0 0 0 0 0 0 0 0 1 3 2 
0 0 0 0 0 0 0 0 0 0 0 0 1 1 
2 0 0 0 1 0 1 0 1 1 0 1 3 0 
0 0 0 0 0 1 1 1 0 0 1 0 3 2 
0 0 0 0 0 0 1 0 0 0 0 0 3 1 
2 0 1 0 0 0 0 1 0 1 1 1 2 2 
2 0 1 1 0 0 0 0 0 1 1 1 2 2 
0 1 1 0 0 0 1 1 1 1 0 0 2 1 
2 0 1 1 0 0 0 1 1 1 1 1 2 2 
1 0 0 0 0 0 0 0 0 0 0 1 3 0 
2 1 1 0 0 1 0 1 0 0 0 1 3 1 
0 0 0 1 1 1 0 1 0 0 1 0 1 0 
1 1 0 1 1 1 1 1 1 1 0 1 1 1 
1 0 0 1 1 1 1 0 0 0 0 1 2 1 
0 0 0 0 0 0 0 0 0 0 0 0 0 0 
0 1 1 1 0 0 0 0 1 0 1 1 3 1 
2 0 1 1 0 0 1 1 0 1 1 1 2 2 
1 1 1 0 0 0 0 0 1 0 1 1 0 1 
MFS
[ - , 0 , 1 , - , - , - , - , - , - , - , - , - , - , - ]
precise
1.0
recall
1.0
F-measure
1.0
accurate
1.0
accurate_oppsite
1.0
regaular Num: 50
identify Num: 14
testCase Num: 64
2 0 0 0 1 0 0 0 0 0 0 0 1 0 
2 1 1 0 0 0 0 0 1 0 0 1 1 2 
1 0 0 0 0 1 0 0 1 1 1 0 2 0 
1 0 1 0 1 0 0 1 0 1 0 1 1 2 
0 0 0 0 0 0 0 0 0 0 1 1 3 0 
0 1 0 0 1 0 1 1 0 1 0 0 3 1 
0 0 0 0 0 0 1 0 0 1 0 1 2 2 
1 1 0 1 1 1 0 1 1 0 1 0 1 1 
1 1 1 0 1 0 0 1 0 1 0 1 1 0 
1 0 0 0 0 0 0 0 0 0 0 0 2 1 
2 1 1 1 0 0 0 1 1 1 0 0 2 1 
1 0 1 0 1 0 0 1 0 0 0 1 1 0 
0 0 0 1 1 0 0 1 0 0 1 1 2 1 
2 1 1 0 1 0 1 0 0 0 0 0 0 2 
2 0 0 0 1 0 0 0 0 1 1 0 3 2 
1 0 0 0 0 1 0 0 1 0 0 1 3 1 
0 0 0 0 0 1 0 1 0 1 1 0 0 1 
1 1 1 0 1 0 1 0 0 1 0 1 1 1 
0 1 1 0 0 0 1 0 1 0 1 0 1 1 
2 0 0 1 0 0 1 0 1 1 0 0 1 0 
1 0 1 0 1 0 0 0 0 1 0 1 1 0 
1 1 1 1 1 1 1 0 1 1 1 1 0 1 
0 0 0 0 0 1 0 1 0 0 1 1 1 0 
1 0 1 0 1 0 0 1 1 1 0 1 1 0 
1 0 0 0 0 0 0 0 0 0 0 0 3 2 
1 0 1 1 1 0 0 1 0 1 0 1 1 0 
2 0 0 0 0 1 0 1 1 0 1 0 2 2 
1 1 1 1 0 0 1 1 0 0 1 0 3 0 
2 1 1 1 0 1 0 0 0 0 0 1 0 0 
1 1 0 0 0 1 1 1 0 1 0 0 0 2 
1 0 1 0 1 0 0 1 0 1 0 1 3 0 
2 1 1 1 1 1 1 1 1 1 0 1 3 0 
1 0 1 0 1 0 1 1 0 1 0 1 1 0 
0 1 1 1 1 0 1 1 1 1 1 0 0 0 
1 0 1 0 1 0 0 1 0 1 0 0 1 0 
0 0 0 0 0 0 0 1 0 0 0 0 3 0 
2 0 0 1 0 1 1 1 0 0 1 1 1 2 
1 0 0 0 0 0 0 0 0 1 1 0 1 2 
0 0 0 0 0 0 0 0 0 0 0 0 2 0 
2 0 0 0 1 0 1 1 1 0 1 1 0 1 
0 1 1 0 1 1 0 1 1 0 1 0 3 2 
1 0 0 0 0 0 0 0 0 0 0 0 0 0 
1 0 1 0 1 1 0 1 0 1 0 1 1 0 
0 1 1 1 1 1 0 0 0 1 0 0 1 2 
2 0 0 0 0 0 0 0 1 0 1 1 2 0 
2 1 1 1 0 0 0 0 0 0 1 0 3 1 
1 0 1 0 1 0 0 1 0 1 1 1 1 0 
0 1 1 0 1 1 1 1 1 1 1 1 2 0 
1 1 1 1 1 0 0 0 0 0 0 1 2 2 
2 1 0 0 1 1 1 0 0 0 0 0 2 1 
1 0 1 0 0 0 0 1 0 1 0 1 1 0 
0 0 0 1 0 0 1 0 1 1 0 1 3 2 
2 0 0 0 0 0 0 0 0 0 0 0 1 1 
0 0 0 0 0 0 0 0 1 0 1 1 0 2 
1 0 0 0 1 1 0 0 0 1 0 0 3 0 
1 0 0 0 1 0 0 1 0 1 0 1 1 0 
1 0 0 0 0 0 0 0 0 0 0 0 0 1 
0 0 0 0 0 0 0 0 0 0 0 0 0 0 
1 0 0 1 0 1 1 1 0 0 0 0 2 0 
1 0 1 0 1 0 0 1 0 1 0 1 1 0 
0 1 0 0 1 0 0 0 0 0 0 1 3 0 
2 0 1 0 1 0 0 1 0 1 0 1 1 0 
2 0 0 0 0 0 0 0 0 1 0 0 0 0 
1 0 0 1 1 0 0 1 1 0 0 0 0 2 
MFS
[ - , 0 , 1 , - , - , - , - , - , - , - , - , - , - , - ]
precise
1.0
recall
1.0
F-measure
1.0
accurate
1.0
accurate_oppsite
1.0
regaular Num: 52
identify Num: 14
testCase Num: 66
0 0 0 0 0 0 0 1 1 1 0 0 2 2 
0 1 0 0 0 0 0 1 0 0 0 0 1 0 
2 0 0 1 0 0 0 1 0 0 0 0 2 0 
1 0 0 0 0 1 1 0 1 1 0 1 3 0 
1 0 1 1 1 1 0 0 0 0 1 0 2 2 
2 0 1 1 1 1 0 0 0 0 1 1 2 2 
1 1 0 0 0 1 0 1 1 0 0 0 2 0 
1 0 1 1 1 0 0 0 0 0 1 1 2 2 
1 0 0 0 0 0 0 0 0 0 0 0 2 1 
0 0 0 0 1 0 1 1 0 1 0 0 3 1 
2 0 0 0 0 0 0 0 0 0 0 0 0 0 
0 0 0 0 1 1 0 0 1 1 0 0 0 2 
2 0 0 0 0 0 0 0 0 0 0 0 0 1 
1 0 1 1 0 1 0 0 0 0 1 1 2 2 
2 1 0 0 0 0 1 1 0 1 1 0 3 2 
1 0 1 1 1 1 0 0 0 0 0 1 2 2 
1 0 0 0 0 1 0 0 0 0 0 1 1 1 
1 0 0 1 0 1 1 0 0 0 1 0 3 2 
1 0 1 1 1 1 0 0 0 0 1 1 3 2 
0 0 0 0 0 0 0 0 0 0 0 0 3 2 
1 0 0 1 1 1 0 0 0 0 1 1 2 2 
2 0 0 0 1 1 0 1 0 0 0 1 1 2 
2 1 1 0 1 0 0 0 1 1 1 0 1 0 
1 1 1 1 1 0 1 1 0 1 0 0 2 0 
2 1 1 1 0 1 0 1 1 0 1 0 0 0 
0 1 1 0 0 1 1 0 0 0 0 0 1 2 
2 0 0 1 1 1 0 1 0 0 0 0 3 1 
1 1 1 1 0 0 0 0 1 1 0 0 1 2 
0 1 1 0 1 0 1 0 1 0 1 0 3 0 
2 1 1 0 0 0 1 0 0 0 0 0 0 2 
0 1 1 1 0 1 0 0 1 1 1 1 2 0 
0 0 0 0 0 0 0 1 0 0 1 1 0 2 
0 0 0 0 0 1 0 1 0 0 0 0 3 0 
1 1 1 1 1 1 0 0 0 0 1 1 2 2 
0 0 0 1 1 0 0 1 1 0 0 0 2 1 
1 0 1 1 1 1 1 0 0 0 1 1 2 2 
0 1 1 1 1 0 1 1 0 0 0 0 0 1 
1 0 1 1 1 1 0 0 0 0 1 1 2 2 
1 0 1 1 1 1 0 0 0 0 1 1 2 0 
0 0 0 0 0 0 0 0 0 0 0 0 2 0 
0 1 1 1 1 1 1 1 1 1 0 1 1 1 
1 0 1 1 1 1 0 0 0 1 1 1 2 2 
0 1 0 1 0 0 0 0 1 0 1 1 3 1 
2 0 0 0 0 0 0 0 0 0 0 0 2 2 
1 0 0 0 0 0 0 0 0 0 1 0 1 0 
2 1 0 0 0 1 1 0 1 0 1 0 2 1 
2 0 0 0 0 0 0 0 1 0 0 0 3 0 
1 1 1 0 0 0 0 0 0 0 0 0 3 1 
0 0 0 0 1 1 0 1 0 1 1 1 1 0 
2 1 1 1 0 1 0 0 0 1 0 1 3 0 
1 0 0 0 1 0 1 1 1 0 1 0 1 1 
1 0 1 1 1 1 0 1 0 0 1 1 2 2 
0 0 0 1 0 0 1 1 0 0 1 1 2 2 
2 0 0 1 1 0 1 0 1 1 0 1 0 2 
1 1 1 0 0 1 1 1 0 1 1 1 0 1 
2 0 0 1 0 0 1 0 0 0 1 1 1 0 
1 0 1 0 1 1 0 0 0 0 1 1 2 2 
2 0 0 0 0 0 0 0 0 0 0 0 1 1 
1 1 0 0 1 1 0 0 1 1 1 0 0 2 
1 0 1 1 1 1 0 0 1 0 1 1 2 2 
1 1 1 0 1 0 0 1 1 0 0 1 3 2 
1 0 0 1 0 1 0 0 1 0 0 1 0 1 
0 0 0 0 0 0 0 0 0 0 0 0 0 0 
0 0 0 0 0 0 0 0 0 0 1 0 1 2 
1 1 1 0 1 0 1 0 0 1 0 1 0 0 
2 1 1 0 1 0 0 0 0 1 0 1 2 1 
MFS
[ - , 0 , 1 , - , - , - , - , - , - , - , - , - , - , - ]
precise
1.0
recall
1.0
F-measure
1.0
accurate
1.0
accurate_oppsite
1.0
regaular Num: 49
identify Num: 14
testCase Num: 63
2 0 1 1 0 0 1 0 0 1 1 1 3 0 
2 1 0 1 0 0 0 1 0 0 1 1 1 0 
0 0 0 0 0 1 0 1 1 1 1 0 1 2 
2 0 0 0 0 0 1 0 1 1 0 0 1 0 
0 1 1 0 1 1 0 0 0 0 1 0 3 2 
1 0 1 1 0 0 1 0 0 1 1 0 3 0 
0 1 0 1 0 1 1 0 1 1 0 1 2 0 
1 1 1 0 0 0 0 0 0 0 0 0 0 1 
1 0 0 0 0 0 0 0 0 0 0 0 2 0 
2 0 0 0 0 1 0 0 1 0 0 1 0 2 
2 0 0 0 1 1 0 0 0 1 0 1 1 1 
1 0 0 0 1 0 1 0 0 1 0 1 2 2 
2 1 0 1 0 1 1 0 0 1 1 0 0 2 
1 1 0 1 1 1 1 1 1 1 1 0 1 1 
0 0 0 0 1 0 0 1 0 0 1 1 2 0 
1 0 0 1 0 0 1 0 0 1 1 1 3 0 
2 1 1 0 0 0 0 0 0 0 1 0 0 1 
1 0 0 1 0 0 0 0 0 0 1 1 1 2 
2 1 1 1 0 0 0 0 1 0 0 1 3 2 
1 0 1 1 1 0 1 0 0 1 1 1 3 0 
1 0 1 1 0 0 1 1 0 1 1 1 3 0 
1 0 1 1 0 0 1 0 0 1 1 1 2 0 
1 1 1 0 0 1 1 1 1 1 1 0 3 2 
2 1 1 0 0 1 0 0 0 1 1 0 1 0 
0 0 0 0 0 0 0 0 0 0 0 0 3 0 
0 1 1 1 0 0 1 0 1 0 0 1 1 1 
1 0 1 1 0 0 1 0 1 1 1 1 3 0 
1 0 1 0 0 0 1 0 0 1 1 1 3 0 
1 0 0 0 0 0 1 1 1 0 1 1 0 1 
0 1 1 1 1 1 0 1 0 1 1 1 0 1 
0 1 1 0 0 0 0 0 0 0 0 0 2 0 
0 0 0 0 0 0 0 0 0 0 0 0 2 2 
1 0 1 1 0 1 1 0 0 1 1 1 3 0 
2 0 0 0 0 0 0 0 0 1 0 0 2 0 
1 0 1 1 0 0 1 0 0 1 1 1 3 0 
0 1 1 1 1 0 1 1 0 0 0 0 0 2 
1 1 1 1 0 0 1 0 0 1 1 1 3 0 
1 0 1 1 0 0 1 0 0 1 1 1 3 2 
1 0 1 1 0 0 0 0 0 1 1 1 3 0 
1 1 1 0 1 0 1 1 0 0 0 0 1 0 
1 0 0 0 1 1 0 0 1 0 0 1 2 1 
2 1 1 0 0 1 0 1 1 0 0 1 2 2 
2 0 0 0 0 0 0 0 0 0 1 0 3 2 
2 0 0 1 1 0 0 0 1 0 1 0 2 2 
0 0 0 0 0 0 0 0 1 0 1 0 0 0 
1 0 1 1 0 0 1 0 0 0 1 1 3 0 
1 1 1 1 1 1 1 1 0 0 1 0 2 0 
1 0 0 1 1 0 0 0 0 0 0 0 3 0 
1 0 0 1 0 0 0 0 0 0 0 0 0 2 
0 1 1 0 1 1 1 0 0 0 0 1 1 2 
0 0 0 0 1 1 1 1 1 0 1 1 3 0 
1 0 1 1 0 0 1 0 0 1 0 1 3 0 
0 1 1 0 0 0 0 1 0 1 1 0 2 1 
1 1 1 0 1 1 0 0 1 1 0 0 0 0 
1 0 0 1 0 1 0 1 0 0 0 0 3 1 
2 1 0 0 0 1 0 0 0 0 0 0 3 0 
2 1 1 0 1 0 1 1 1 1 0 0 3 1 
2 0 0 1 0 0 1 0 0 0 0 0 2 1 
0 0 0 0 0 0 0 0 0 0 0 0 1 0 
2 0 0 0 0 0 0 0 0 0 0 0 1 2 
2 0 0 1 1 0 1 1 1 1 0 1 0 0 
0 0 0 0 0 0 0 0 0 0 0 0 0 0 
0 0 0 1 0 0 0 0 1 1 1 1 3 1 
MFS
[ - , 0 , 1 , - , - , - , - , - , - , - , - , - , - , - ]
precise
1.0
recall
1.0
F-measure
1.0
accurate
1.0
accurate_oppsite
1.0
regaular Num: 50
identify Num: 14
testCase Num: 64
2 1 1 1 0 1 1 0 0 1 0 0 2 2 
0 0 0 1 0 0 0 0 0 0 0 1 3 0 
0 0 0 0 0 1 0 0 0 0 0 0 2 0 
1 1 1 0 1 1 1 1 1 0 1 1 1 1 
1 0 0 0 0 0 1 0 0 0 0 0 2 0 
2 0 0 0 0 0 1 0 0 0 1 0 1 0 
0 0 1 1 1 1 0 1 0 1 1 1 3 1 
2 0 0 0 1 1 1 1 1 1 0 1 0 0 
1 1 1 0 1 0 0 1 0 1 0 1 2 0 
2 1 0 0 0 0 0 0 1 0 1 0 2 0 
0 0 1 1 1 0 0 1 1 1 1 1 3 1 
0 0 0 0 1 0 0 0 0 0 0 0 2 2 
0 1 0 0 0 1 1 0 0 0 0 0 3 1 
0 0 0 1 0 0 1 0 1 1 0 0 3 2 
2 0 0 0 0 0 0 1 0 0 0 0 2 1 
1 0 0 0 0 0 0 0 0 0 0 0 3 1 
0 0 1 1 1 0 0 1 0 1 1 1 2 1 
0 1 1 1 0 0 0 0 0 0 0 0 0 2 
0 0 1 1 1 0 0 1 0 1 1 1 3 1 
1 0 0 1 0 0 1 1 0 1 1 1 0 2 
2 0 1 1 1 0 0 1 0 1 1 1 3 1 
0 1 1 0 0 1 0 0 1 1 0 1 2 1 
0 1 1 0 1 1 0 0 0 1 1 0 1 0 
2 1 1 0 0 0 0 1 1 0 1 0 3 2 
0 0 0 1 1 0 0 1 0 1 1 1 3 1 
1 0 0 0 1 1 0 0 0 0 0 1 3 2 
2 1 1 0 0 1 0 0 1 0 0 0 1 1 
1 0 0 1 1 1 0 0 1 0 1 0 2 2 
0 0 1 1 1 0 0 1 0 0 1 1 3 1 
1 0 0 1 0 1 0 0 1 1 1 0 1 2 
2 0 0 0 1 0 1 0 0 0 1 1 2 1 
2 1 1 1 1 0 0 0 1 1 0 0 0 1 
2 1 1 0 1 0 0 1 0 1 0 1 1 2 
1 0 0 1 1 0 0 0 1 0 0 1 1 0 
2 0 0 0 1 0 0 0 0 0 0 0 3 0 
1 1 1 1 0 0 0 1 0 0 1 0 2 1 
1 0 0 0 0 0 1 1 0 1 0 0 1 1 
0 0 0 1 1 0 0 1 0 0 0 0 1 1 
0 0 1 1 1 0 0 1 0 1 1 1 3 2 
0 1 1 0 0 1 0 0 0 0 0 0 3 0 
0 1 1 1 1 0 0 1 0 1 1 1 3 1 
0 1 1 1 0 0 0 0 0 0 0 0 1 0 
0 1 0 1 0 0 1 0 1 0 0 1 1 2 
1 1 1 1 0 1 0 0 0 0 1 1 0 0 
0 0 1 0 1 0 0 1 0 1 1 1 3 1 
0 1 0 0 1 1 1 1 1 1 1 0 0 2 
0 0 1 1 1 0 0 0 0 1 1 1 3 1 
1 1 0 0 0 1 1 1 0 0 1 1 3 0 
0 0 1 1 0 0 0 1 0 1 1 1 3 1 
1 1 1 1 1 0 1 0 1 1 0 0 3 0 
0 0 0 1 0 0 1 1 1 0 0 0 2 0 
0 0 1 1 1 0 0 1 0 1 0 1 3 1 
0 0 1 1 1 0 1 1 0 1 1 1 3 1 
2 1 1 0 0 0 0 1 0 0 1 0 0 0 
0 0 0 1 0 1 0 1 0 1 1 1 2 2 
0 0 1 1 1 0 0 1 0 1 1 0 3 1 
2 0 0 0 0 0 0 0 0 0 0 0 0 2 
1 1 1 0 1 0 0 0 0 0 0 0 0 2 
1 0 0 1 0 1 1 0 1 0 0 0 0 1 
2 0 0 0 0 0 0 1 0 1 0 0 3 0 
0 0 0 0 0 0 0 0 0 0 0 0 0 0 
2 0 0 1 0 1 0 1 0 0 1 0 1 0 
2 0 0 1 0 1 1 0 1 1 1 1 3 1 
0 1 1 0 1 0 1 1 0 0 1 1 0 1 
MFS
[ - , 0 , 1 , - , - , - , - , - , - , - , - , - , - , - ]
precise
1.0
recall
1.0
F-measure
1.0
accurate
1.0
accurate_oppsite
1.0
regaular Num: 50
identify Num: 14
testCase Num: 64
0 0 1 0 1 1 1 0 1 1 0 0 3 2 
2 0 0 1 0 0 0 1 0 0 0 0 2 0 
0 1 1 0 1 1 1 1 0 0 0 1 1 0 
0 0 1 0 1 1 1 0 1 1 1 0 0 2 
2 0 0 0 0 1 1 1 1 1 0 0 0 1 
2 1 0 1 1 1 0 1 1 0 0 0 2 2 
2 1 1 0 0 0 0 0 0 1 1 0 0 0 
1 0 0 0 0 0 0 0 0 0 0 0 2 2 
1 1 1 0 0 1 1 1 0 0 1 1 3 0 
1 0 0 0 1 1 0 1 0 0 1 1 1 1 
0 0 1 0 0 1 1 0 1 1 1 0 3 2 
0 0 0 1 0 0 0 0 1 0 0 0 1 2 
1 0 0 0 0 0 0 0 0 0 0 0 1 2 
1 0 0 0 0 0 1 0 1 0 1 1 2 0 
0 0 0 1 0 0 0 0 0 0 0 0 0 1 
0 1 0 0 0 0 0 0 1 1 1 0 1 0 
0 0 1 0 1 1 1 0 1 1 1 1 3 2 
0 1 1 1 1 0 1 1 0 0 1 1 0 2 
0 0 1 0 1 0 1 0 1 1 1 0 3 2 
1 1 0 0 1 0 1 0 1 0 0 0 3 1 
0 0 0 1 0 0 1 1 0 0 0 0 1 1 
0 0 0 0 0 0 0 0 0 0 0 0 3 0 
0 0 1 0 1 1 0 0 1 1 1 0 3 2 
1 1 1 1 1 1 0 0 1 0 0 0 1 0 
1 0 0 1 0 0 0 1 0 1 0 0 3 2 
2 0 0 0 1 0 0 0 1 0 1 1 0 1 
1 0 0 0 1 0 1 0 0 1 0 0 0 2 
2 1 1 1 0 0 0 0 0 0 1 0 2 1 
0 0 0 1 1 1 0 1 1 1 1 0 0 0 
1 1 1 1 0 0 1 1 1 1 1 1 1 1 
0 0 1 0 1 1 1 0 0 1 1 0 3 2 
0 0 1 1 1 1 1 0 1 1 1 0 3 2 
0 0 1 0 1 1 1 1 1 1 1 0 3 2 
1 1 1 0 1 0 0 0 0 1 0 0 0 1 
0 0 0 0 0 1 0 1 0 0 1 0 2 2 
1 0 0 1 0 0 0 1 0 0 0 1 0 0 
0 1 1 0 0 1 1 1 0 1 0 1 2 1 
1 1 1 0 0 1 0 0 1 0 1 1 0 2 
0 0 0 0 0 0 0 0 0 0 0 0 2 0 
2 1 1 0 0 1 1 1 0 0 1 0 1 2 
2 1 1 0 0 1 1 0 1 1 0 1 2 2 
0 0 0 1 0 1 0 0 1 0 0 1 3 1 
0 0 0 1 1 0 0 0 1 0 0 1 2 2 
0 0 1 0 1 1 1 0 1 1 1 0 3 2 
1 0 1 0 1 1 1 0 1 1 1 0 3 2 
0 1 1 0 1 1 1 0 1 1 1 0 3 2 
2 0 0 0 0 1 0 0 0 0 0 0 3 1 
0 0 1 0 1 1 1 0 1 1 1 0 3 0 
2 1 1 0 1 0 0 1 1 1 0 1 3 0 
2 0 0 0 0 0 0 0 0 0 0 1 3 2 
2 0 0 0 0 0 0 0 0 0 0 0 1 1 
0 0 0 0 0 1 0 0 0 1 0 0 1 0 
2 1 0 1 0 1 1 0 0 1 0 1 0 0 
1 0 0 1 1 0 1 0 0 1 0 0 2 1 
0 1 1 1 1 0 0 1 0 1 1 0 3 1 
2 0 0 1 0 0 0 0 1 0 0 0 1 0 
2 0 0 0 1 0 1 0 0 1 0 1 1 2 
1 1 1 0 1 1 0 1 0 1 1 0 2 0 
0 0 0 0 0 0 0 0 1 0 0 0 2 1 
2 0 0 0 0 0 0 0 0 0 0 0 0 2 
0 0 1 0 1 1 1 0 1 0 1 0 3 2 
0 0 0 0 1 1 1 0 1 1 1 0 3 2 
0 0 0 0 0 0 0 0 0 0 0 0 0 0 
2 0 0 1 1 0 1 0 0 0 1 0 3 0 
MFS
[ - , 0 , 1 , - , - , - , - , - , - , - , - , - , - , - ]
precise
1.0
recall
1.0
F-measure
1.0
accurate
1.0
accurate_oppsite
1.0
regaular Num: 52
identify Num: 14
testCase Num: 66
2 0 0 0 1 1 1 0 1 0 1 0 1 2 
0 1 1 0 0 1 1 1 0 1 1 0 3 2 
1 0 0 0 1 1 0 0 1 0 0 0 2 2 
0 0 0 0 0 0 1 0 0 1 0 0 0 0 
1 0 0 0 1 0 0 1 0 1 1 0 2 1 
2 0 1 0 1 1 1 1 1 0 1 0 1 2 
2 0 1 1 1 1 1 0 1 0 1 0 1 2 
0 0 0 0 0 0 0 0 1 0 0 1 3 2 
1 0 0 1 1 1 1 0 0 0 0 0 3 2 
2 0 0 0 0 0 1 0 1 0 1 1 0 1 
1 0 0 0 0 1 0 1 1 1 0 0 3 1 
0 1 1 1 1 1 1 1 1 0 0 0 0 1 
1 1 1 1 1 0 0 0 1 1 0 0 3 0 
2 0 0 1 0 1 0 0 0 0 1 1 3 1 
2 0 1 0 1 1 1 0 1 1 1 0 1 2 
0 1 1 1 1 0 0 0 0 0 1 1 1 0 
0 1 1 0 0 0 0 0 0 1 0 0 2 0 
2 1 0 1 0 0 0 1 1 1 1 0 1 1 
1 0 0 0 0 0 0 0 0 1 0 0 1 2 
0 0 0 0 0 0 1 0 0 0 1 0 2 0 
2 1 1 0 1 0 0 1 0 1 0 0 0 2 
1 1 1 0 0 0 1 1 0 0 0 1 1 0 
0 0 0 0 0 0 0 0 1 0 0 1 1 1 
1 0 0 1 0 0 1 0 1 0 0 0 1 1 
0 1 1 0 1 0 0 0 1 0 1 1 3 1 
2 0 1 0 1 1 1 0 1 0 1 0 1 2 
2 1 1 0 1 1 1 0 1 0 1 0 1 2 
1 1 1 0 0 0 0 1 0 0 0 0 0 0 
0 1 1 0 0 0 0 0 0 0 0 0 2 1 
0 0 1 0 1 1 1 0 1 0 1 0 1 2 
2 0 1 0 1 1 1 0 1 0 1 0 1 0 
1 1 1 0 1 1 0 0 0 1 1 0 1 1 
0 1 0 1 0 1 0 1 0 1 0 1 3 0 
0 0 0 1 1 1 0 0 0 1 0 1 1 2 
2 0 0 0 1 0 0 1 0 0 0 0 2 1 
0 0 0 1 0 0 0 0 1 1 0 1 2 1 
2 0 0 0 1 0 1 1 1 0 0 1 3 0 
2 1 1 0 0 0 0 0 1 0 1 0 2 0 
1 1 0 0 0 0 0 0 0 0 1 1 3 0 
2 0 1 0 1 1 1 0 0 0 1 0 1 2 
2 0 0 0 0 0 0 0 0 0 0 0 2 2 
2 0 1 0 1 1 1 0 1 0 1 0 2 2 
1 1 1 0 0 0 0 0 0 0 1 1 2 2 
2 0 1 0 1 1 1 0 1 0 0 0 1 2 
0 1 0 0 1 1 1 0 0 0 0 0 2 1 
2 0 1 0 0 1 1 0 1 0 1 0 1 2 
0 1 0 1 0 1 0 0 1 0 1 1 0 2 
2 0 0 0 1 0 0 1 0 0 0 0 1 0 
2 0 0 0 0 1 0 1 0 0 0 0 0 0 
1 0 0 1 0 0 1 1 0 0 1 0 0 2 
2 1 1 1 0 0 0 0 0 1 0 0 3 2 
0 0 0 0 0 0 1 0 0 0 0 0 3 1 
1 1 1 1 1 0 1 0 0 0 0 0 2 0 
2 0 0 1 0 0 0 0 0 0 0 0 0 0 
2 0 0 1 1 1 1 0 0 1 0 1 2 0 
0 1 0 1 0 0 1 1 1 1 0 1 2 2 
0 1 1 1 0 1 0 1 1 0 1 0 2 0 
1 1 1 1 1 1 1 1 0 1 1 1 0 1 
2 1 1 0 0 1 0 0 1 1 0 1 0 1 
1 0 0 1 1 1 1 0 1 1 1 1 0 0 
2 0 1 0 1 1 0 0 1 0 1 0 1 2 
2 0 1 0 1 1 1 0 1 0 1 1 1 2 
0 0 0 0 0 0 0 0 0 0 0 0 0 0 
0 0 0 0 0 1 1 1 1 1 1 0 1 0 
2 0 0 0 0 0 0 1 0 0 0 1 1 2 
2 0 1 0 1 0 1 0 1 0 1 0 1 2 
MFS
[ - , 0 , 1 , - , - , - , - , - , - , - , - , - , - , - ]
precise
1.0
recall
1.0
F-measure
1.0
accurate
1.0
accurate_oppsite
1.0
regaular Num: 53
identify Num: 14
testCase Num: 67
0 0 0 1 1 0 0 1 1 0 0 0 0 0 
0 1 1 0 1 0 0 1 0 0 0 0 1 0 
1 1 0 0 1 0 1 0 0 0 0 1 1 2 
1 0 0 1 0 0 0 1 1 1 0 1 3 2 
0 0 0 0 0 0 0 0 0 1 1 0 1 2 
2 1 1 0 1 0 0 0 0 0 1 1 3 0 
1 1 1 0 1 1 0 1 1 0 0 0 2 0 
1 0 0 0 1 1 1 1 0 0 0 1 0 1 
2 0 0 0 0 0 0 0 0 0 0 0 0 1 
0 1 1 0 1 0 1 1 0 1 0 1 3 2 
1 0 0 0 0 0 0 0 0 0 1 0 3 0 
0 1 1 0 0 0 0 0 0 0 1 0 0 0 
1 0 1 1 0 1 0 1 0 0 1 0 1 2 
1 0 1 1 0 1 0 1 0 0 1 0 1 1 
2 0 0 0 0 0 0 0 1 0 0 0 1 2 
1 1 1 1 0 1 0 1 0 0 1 0 1 2 
1 0 1 1 0 1 1 1 0 0 1 0 1 2 
1 0 0 1 0 0 0 0 0 0 0 0 2 2 
0 0 0 0 0 0 1 1 0 0 0 0 2 0 
1 0 1 1 0 1 0 1 0 1 1 0 1 2 
0 1 0 1 0 1 1 0 0 0 1 0 1 0 
0 0 0 0 0 0 0 0 0 1 1 0 2 2 
1 1 1 0 0 0 0 0 1 1 1 0 0 1 
2 1 1 1 0 1 1 0 0 0 0 0 0 2 
1 0 1 1 0 1 0 1 0 0 0 0 1 2 
1 0 1 1 0 1 0 1 0 0 1 0 2 2 
0 1 1 1 0 0 1 0 1 0 0 1 2 1 
2 0 0 1 1 0 1 0 1 1 0 0 1 0 
1 0 1 1 1 1 0 1 0 0 1 0 1 2 
1 0 0 1 0 1 0 1 0 0 1 0 1 2 
0 1 1 0 1 1 0 1 1 1 0 0 2 2 
0 0 0 0 0 1 1 1 1 0 1 0 3 0 
1 0 0 0 0 0 0 0 1 1 0 0 1 0 
2 0 0 0 0 0 0 1 0 0 0 0 3 1 
1 1 1 1 1 1 1 1 1 1 1 1 0 0 
1 0 0 0 0 0 0 0 0 0 0 1 2 0 
1 0 0 0 0 0 0 0 0 0 0 0 0 0 
1 0 0 1 1 0 1 0 0 1 0 0 3 0 
1 0 1 1 0 0 0 1 0 0 1 0 1 2 
1 1 1 0 1 1 1 0 1 0 0 0 3 1 
2 0 1 1 0 1 0 1 0 0 1 0 1 2 
1 0 1 1 0 1 0 1 0 0 1 1 1 2 
0 1 1 0 0 1 0 0 1 1 0 1 1 0 
0 0 0 1 0 1 0 0 0 1 1 1 0 2 
2 1 1 0 0 0 0 0 0 0 1 0 2 1 
2 0 0 1 1 0 0 1 0 0 0 0 2 1 
1 1 0 0 1 0 1 0 0 0 0 0 2 0 
2 1 1 1 0 1 0 0 1 0 0 1 3 1 
0 1 0 1 1 1 0 0 0 1 1 0 3 1 
0 0 0 0 0 1 0 0 0 0 0 0 3 2 
2 1 0 1 1 0 0 1 1 0 1 0 0 2 
2 1 1 0 0 0 1 1 0 1 0 0 1 1 
0 0 0 0 1 0 0 1 1 0 1 1 1 1 
2 0 0 0 1 1 1 0 1 0 1 1 2 2 
2 0 0 0 0 0 0 1 0 1 0 1 0 0 
1 0 0 0 0 0 0 0 0 0 0 0 1 1 
1 0 1 1 0 1 0 1 1 0 1 0 1 2 
1 0 1 1 0 1 0 0 0 0 1 0 1 2 
2 0 0 1 0 1 0 1 0 1 1 1 2 0 
1 0 1 0 0 1 0 1 0 0 1 0 1 2 
1 0 0 1 0 0 1 0 0 1 1 0 2 1 
1 0 0 0 0 0 0 0 0 0 0 0 0 2 
0 0 0 0 0 0 0 0 0 0 0 0 0 0 
2 0 0 1 1 1 0 0 0 0 1 1 1 1 
0 0 0 0 0 1 0 0 0 0 0 0 2 1 
0 1 1 1 1 0 1 0 1 1 0 1 0 1 
2 0 0 0 0 0 1 0 0 1 1 0 3 2 
MFS
[ - , 0 , 1 , - , - , - , - , - , - , - , - , - , - , - ]
precise
1.0
recall
1.0
F-measure
1.0
accurate
1.0
accurate_oppsite
1.0
regaular Num: 53
identify Num: 14
testCase Num: 67
0 1 1 0 0 1 0 1 0 1 0 1 0 2 
1 0 1 0 1 1 0 0 0 1 0 1 2 2 
1 1 1 0 1 1 1 0 0 1 0 1 2 2 
0 0 0 0 0 0 0 1 1 0 1 0 3 0 
1 0 1 0 1 1 1 0 0 0 0 1 2 2 
2 0 0 0 0 0 0 0 0 0 0 0 0 0 
1 0 0 1 0 0 1 0 0 1 0 1 1 1 
1 1 0 1 0 0 0 1 0 1 0 1 2 0 
0 1 1 0 0 0 1 0 0 0 0 0 3 0 
1 1 1 0 1 0 0 1 0 1 1 1 3 1 
1 1 1 0 0 1 0 0 1 0 1 0 1 1 
1 0 1 0 1 1 1 0 0 1 0 1 3 2 
0 0 0 1 0 0 1 0 0 0 0 1 2 1 
1 0 0 1 1 0 0 1 1 0 0 0 1 2 
2 0 0 0 0 0 1 0 0 1 0 1 3 0 
2 0 0 1 1 1 1 1 0 1 1 0 2 2 
1 0 1 0 1 1 1 0 1 1 0 1 2 2 
2 1 1 1 0 1 0 1 0 0 1 0 3 0 
1 1 0 1 0 0 1 1 0 0 1 1 0 2 
1 0 0 0 1 1 1 0 0 0 0 1 0 1 
0 1 1 1 1 0 1 1 1 1 1 1 1 1 
2 1 1 0 1 0 0 1 0 1 0 0 0 1 
2 0 0 0 0 0 0 0 0 0 0 0 3 1 
1 0 0 0 0 0 0 0 0 0 0 0 3 2 
1 0 1 1 1 1 1 0 0 1 0 1 2 2 
1 0 1 0 1 1 1 1 0 1 0 1 2 2 
2 0 0 0 1 0 0 0 1 0 0 1 3 2 
0 0 0 0 0 1 0 1 0 1 1 1 1 2 
1 1 1 1 0 0 0 1 1 0 1 0 2 1 
0 1 1 1 0 1 0 0 1 1 0 0 3 2 
0 0 0 0 0 0 0 0 0 0 0 0 2 2 
1 0 1 0 1 1 1 0 0 1 0 0 2 2 
2 0 0 0 0 0 0 0 0 1 0 0 2 1 
2 1 0 1 0 0 0 1 0 0 1 0 1 0 
1 0 1 0 1 0 1 0 0 1 0 1 2 2 
1 0 0 1 0 1 0 0 0 0 0 0 3 1 
0 1 1 1 1 1 1 0 0 0 0 0 1 2 
2 0 0 0 0 1 1 0 1 1 0 0 1 0 
2 1 1 0 0 0 1 0 1 0 1 0 2 2 
0 0 0 0 0 0 1 0 0 0 0 0 2 0 
0 0 0 1 1 1 0 1 1 0 1 0 2 1 
1 0 1 0 0 1 1 0 0 1 0 1 2 2 
1 0 1 0 1 1 1 0 0 1 1 1 2 2 
0 1 0 0 0 1 1 1 1 0 0 1 3 1 
1 0 0 0 0 0 0 1 0 0 0 0 0 2 
2 0 0 1 0 1 0 0 1 1 1 1 0 1 
0 1 1 0 1 0 0 0 1 1 0 0 2 0 
0 0 0 0 0 0 0 0 0 0 0 0 1 0 
2 0 0 0 0 0 1 0 0 0 1 0 0 1 
1 0 0 0 0 0 0 0 0 0 0 0 1 0 
0 1 1 1 1 1 1 0 1 0 1 1 0 0 
2 1 0 1 1 0 0 0 1 1 0 0 0 2 
2 0 0 0 0 1 0 1 1 0 1 1 2 0 
2 0 0 0 0 0 0 0 0 0 0 0 1 1 
2 0 0 0 0 0 0 0 0 0 0 0 1 2 
1 0 0 1 0 0 0 0 1 0 0 1 3 0 
1 0 0 1 1 0 1 0 0 1 1 0 3 0 
2 1 1 0 1 0 1 0 0 0 0 1 1 0 
1 0 0 0 1 1 1 0 0 1 0 1 2 2 
0 0 0 0 1 0 1 1 0 0 1 0 3 2 
0 0 0 0 0 0 0 0 0 0 0 0 0 0 
1 0 1 0 1 1 1 0 0 1 0 1 2 0 
0 0 0 0 0 0 0 0 0 0 0 0 0 1 
1 0 1 0 1 1 1 0 0 1 0 1 2 2 
0 0 0 0 1 1 0 0 0 0 0 0 3 0 
1 1 1 0 1 1 1 1 1 1 0 0 0 0 
2 0 1 0 1 1 1 0 0 1 0 1 2 2 
MFS
[ - , 0 , 1 , - , - , - , - , - , - , - , - , - , - , - ]
precise
1.0
recall
1.0
F-measure
1.0
accurate
1.0
accurate_oppsite
1.0
regaular Num: 49
identify Num: 14
testCase Num: 63
1 0 0 0 1 0 0 0 0 0 0 0 3 2 
0 0 0 1 0 0 0 1 0 0 1 1 1 0 
1 0 0 1 0 0 0 0 0 0 0 0 3 0 
1 1 1 1 0 1 0 1 0 1 1 1 0 0 
2 0 0 1 1 1 0 1 0 0 0 0 1 2 
0 1 1 0 0 0 0 0 0 0 1 1 1 2 
2 1 1 1 0 0 0 0 1 1 0 1 3 2 
0 0 0 0 1 0 0 0 0 1 0 0 1 1 
2 0 0 0 0 0 0 0 1 0 0 0 1 1 
2 0 1 0 1 1 0 0 1 0 0 1 1 1 
2 1 1 1 1 0 0 0 1 0 0 1 0 0 
1 0 1 0 1 1 0 0 1 0 0 0 1 1 
1 0 0 0 0 0 0 0 1 0 0 0 3 1 
2 0 0 1 0 1 1 1 1 1 0 0 2 0 
1 0 1 0 1 0 0 0 1 0 0 1 1 1 
1 0 0 0 1 1 0 0 1 0 0 1 1 1 
1 1 1 0 0 0 0 0 0 1 0 0 2 0 
0 1 0 1 0 1 0 1 0 0 0 1 3 1 
1 1 0 0 0 0 0 1 0 1 0 0 0 2 
2 0 0 0 1 0 0 0 1 0 1 0 2 2 
1 0 0 0 0 0 0 0 0 0 1 0 0 1 
0 1 1 1 1 1 1 1 1 1 1 0 1 1 
2 1 1 0 0 0 1 1 0 0 1 1 2 1 
2 0 0 0 0 0 0 0 0 0 0 0 3 0 
1 1 1 0 0 0 1 0 1 1 0 0 1 2 
0 0 0 0 0 0 0 0 1 0 0 1 2 1 
0 1 1 1 0 1 1 0 0 0 0 1 2 2 
1 0 1 0 1 1 0 0 1 0 1 1 1 1 
0 1 1 0 1 0 0 0 0 1 1 0 3 1 
0 0 0 0 0 1 0 1 1 1 1 0 3 2 
1 0 1 0 1 1 0 0 1 1 0 1 1 1 
0 0 0 0 0 0 0 0 0 1 0 0 2 2 
1 0 0 0 1 1 1 0 0 1 1 1 3 0 
0 0 0 1 1 0 1 0 1 1 1 1 0 2 
0 1 1 0 1 1 0 0 1 0 1 0 2 0 
0 1 1 0 0 1 1 1 1 0 0 0 0 0 
1 0 1 0 1 1 1 0 1 0 0 1 1 1 
1 1 1 0 1 1 0 0 1 0 0 1 1 1 
1 0 1 0 1 1 0 0 1 0 0 1 1 1 
2 0 0 0 0 1 0 1 1 0 1 1 0 1 
1 1 0 0 1 0 1 1 0 0 1 1 2 2 
0 0 0 0 0 0 1 0 1 0 0 0 3 0 
0 0 0 0 1 0 0 1 0 1 0 1 2 0 
1 0 1 0 1 1 0 0 1 0 0 1 1 0 
2 1 1 0 1 0 1 1 0 1 0 0 0 1 
1 0 0 0 0 1 1 1 0 0 1 0 1 1 
1 0 0 1 0 0 0 0 1 1 1 0 2 1 
1 0 1 0 1 1 0 0 0 0 0 1 1 1 
1 1 1 0 1 0 1 1 1 0 0 0 3 0 
2 1 1 0 0 1 1 1 0 0 0 0 3 2 
1 1 0 1 0 0 0 0 1 0 0 0 1 0 
1 0 1 0 1 1 0 1 1 0 0 1 1 1 
0 0 0 1 0 0 0 0 0 1 0 1 0 1 
1 0 1 1 1 1 0 0 1 0 0 1 1 1 
1 1 1 1 1 1 1 0 1 0 0 0 0 2 
2 0 0 0 0 0 0 0 0 0 0 0 0 2 
2 1 1 1 1 1 0 0 0 1 0 0 1 0 
1 0 0 1 1 1 0 0 0 0 0 0 2 1 
1 0 1 0 1 1 0 0 1 0 0 1 2 1 
0 0 0 0 0 0 0 0 0 0 0 0 0 0 
2 1 0 0 0 0 1 0 0 1 1 1 1 0 
1 0 1 0 0 1 0 0 1 0 0 1 1 1 
2 0 0 1 1 0 1 0 0 0 1 0 3 1 
MFS
[ - , 0 , 1 , - , - , - , - , - , - , - , - , - , - , - ]
precise
1.0
recall
1.0
F-measure
1.0
accurate
1.0
accurate_oppsite
1.0
regaular Num: 50
identify Num: 14
testCase Num: 64
0 1 1 0 1 1 1 0 1 1 1 0 0 0 
0 1 1 1 1 0 1 1 0 0 1 1 1 2 
0 0 1 1 1 1 0 1 1 1 0 1 3 2 
1 1 1 0 1 0 1 1 0 0 0 0 3 1 
2 1 0 0 0 0 0 0 0 0 0 0 0 0 
2 0 0 0 1 1 0 0 1 0 1 0 1 2 
1 0 0 0 0 0 1 0 0 0 0 0 2 0 
2 1 0 1 0 0 0 0 1 0 1 0 3 2 
0 0 1 1 1 1 0 1 1 1 1 0 3 2 
2 0 0 1 0 1 1 1 0 0 1 0 2 1 
0 0 0 0 1 1 0 0 1 0 0 1 1 1 
0 1 0 1 0 0 1 0 1 1 1 1 2 0 
0 0 1 1 0 1 0 1 1 1 0 0 3 2 
1 0 0 1 0 0 0 1 0 0 1 1 2 2 
0 1 1 1 0 0 1 0 0 1 0 1 3 1 
0 0 0 0 1 0 1 1 1 0 0 0 2 1 
2 0 0 0 0 0 1 0 0 0 0 0 1 1 
1 0 0 0 0 0 0 0 0 0 0 0 3 2 
2 0 0 1 0 0 0 1 0 1 0 1 1 0 
0 0 0 1 1 1 0 1 1 1 0 0 3 2 
1 1 1 0 0 0 0 0 0 0 0 0 2 1 
0 1 1 1 0 1 0 0 0 0 0 0 2 0 
0 0 1 1 1 1 0 1 1 1 0 0 3 0 
0 0 0 0 0 0 0 0 0 0 0 0 2 2 
1 0 1 1 1 1 0 1 1 1 0 0 3 2 
1 1 0 1 1 1 1 1 0 1 1 1 1 1 
2 1 1 1 0 0 0 1 0 1 1 0 0 2 
0 0 0 0 0 0 0 1 0 0 0 0 3 0 
2 1 1 0 1 1 0 1 0 0 0 0 1 0 
0 0 0 0 0 0 0 0 0 0 1 0 3 1 
1 0 0 0 0 0 1 0 1 1 0 0 1 2 
0 0 1 1 1 1 0 1 1 1 0 0 3 2 
0 1 1 1 1 1 0 1 1 1 0 0 3 2 
0 0 1 1 1 1 0 1 1 0 0 0 3 2 
0 1 1 0 1 0 0 1 0 1 1 1 2 2 
1 0 0 0 0 1 0 1 1 0 1 1 3 0 
1 1 1 0 0 0 0 1 1 1 0 0 1 0 
0 1 1 0 0 0 0 0 0 0 0 0 0 1 
1 1 1 1 0 0 0 0 1 1 0 0 0 2 
1 0 0 1 1 1 0 0 1 1 0 0 2 0 
0 0 0 0 0 0 1 0 1 0 0 0 3 0 
2 0 0 0 1 0 1 0 0 1 1 1 3 0 
2 1 0 0 1 1 0 0 1 1 1 0 0 1 
2 1 1 0 0 1 1 0 1 0 0 1 2 2 
1 1 1 1 0 1 0 0 0 1 0 0 3 0 
0 0 1 0 1 1 0 1 1 1 0 0 3 2 
0 0 1 1 1 1 0 0 1 1 0 0 3 2 
2 0 0 0 1 0 0 1 1 0 0 0 2 0 
0 0 1 1 1 1 0 1 1 1 0 0 0 2 
1 0 0 0 1 1 0 0 0 0 0 1 0 2 
2 0 0 0 0 1 1 0 0 0 0 1 3 2 
1 1 1 1 1 0 1 1 1 0 0 1 0 0 
0 0 0 1 0 1 1 1 0 0 1 1 0 2 
0 0 1 1 1 1 0 1 0 1 0 0 3 2 
0 0 0 0 0 1 1 0 0 1 1 0 1 0 
2 1 1 0 0 1 0 1 1 0 1 0 3 1 
0 0 0 0 0 0 0 0 0 0 0 0 0 0 
0 0 1 1 1 1 1 1 1 1 0 0 3 2 
1 1 1 1 0 0 0 0 1 0 1 0 1 1 
1 0 0 1 0 0 0 0 0 0 1 0 0 1 
2 0 0 1 1 0 0 0 0 0 0 0 0 0 
2 0 0 0 0 0 0 0 0 1 0 1 2 1 
0 0 1 1 1 0 0 1 1 1 0 0 3 2 
2 0 0 0 0 0 1 1 1 1 0 1 0 1 
MFS
[ - , 0 , 1 , - , - , - , - , - , - , - , - , - , - , - ]
precise
1.0
recall
1.0
F-measure
1.0
accurate
1.0
accurate_oppsite
1.0
regaular Num: 51
identify Num: 14
testCase Num: 65
0 0 1 0 0 0 0 1 0 1 1 1 3 1 
1 1 1 0 1 0 1 0 0 1 0 1 0 2 
0 1 1 1 0 0 1 0 0 1 0 1 2 2 
0 0 0 0 0 0 0 0 0 0 1 0 1 1 
1 0 0 0 0 0 0 0 0 0 0 0 2 1 
0 0 0 1 1 1 1 0 0 0 1 0 2 1 
0 1 1 0 0 0 1 0 0 0 0 0 3 0 
0 0 1 0 1 1 0 1 0 1 1 1 3 1 
1 0 0 0 0 0 0 0 1 0 1 0 0 2 
0 0 1 0 1 0 0 1 0 1 1 0 3 1 
1 1 1 0 0 0 0 0 0 0 0 0 1 0 
0 0 0 0 0 0 0 0 0 0 0 1 1 1 
1 1 0 0 0 1 1 0 1 1 1 0 3 0 
1 0 0 1 0 1 0 0 0 0 1 1 1 2 
0 0 0 0 1 0 1 0 1 0 0 0 3 2 
2 1 0 0 1 1 0 0 0 0 0 0 0 2 
0 1 1 1 0 1 0 1 1 1 1 1 0 2 
2 0 0 0 0 0 0 0 0 0 0 0 3 1 
2 1 1 1 1 1 0 0 1 0 0 1 3 0 
1 1 1 0 0 0 0 1 0 0 0 1 3 0 
0 0 1 1 1 0 0 1 0 1 1 1 3 1 
2 0 0 1 0 1 1 1 0 1 0 0 3 2 
0 1 0 0 1 0 1 0 0 1 0 0 0 1 
1 1 1 1 0 1 0 0 0 0 0 1 0 0 
0 0 1 0 1 0 0 1 0 1 0 1 3 1 
1 1 1 0 0 1 1 1 0 0 0 0 0 1 
0 1 1 1 0 0 0 1 1 1 0 1 2 1 
1 1 1 1 1 0 0 0 0 1 1 0 2 0 
0 0 0 1 0 1 1 0 0 0 0 1 3 0 
0 0 1 0 1 0 0 1 1 1 1 1 3 1 
2 0 0 0 1 1 0 0 1 0 0 1 0 1 
2 0 0 0 0 0 0 0 0 0 1 0 3 0 
2 0 0 1 1 0 1 1 1 1 1 0 0 0 
0 1 1 0 1 0 0 1 0 1 1 1 3 1 
0 0 1 0 1 0 1 1 0 1 1 1 3 1 
0 0 1 0 1 0 0 1 0 1 1 1 3 1 
0 0 0 1 1 0 1 0 0 1 1 0 1 2 
0 0 1 0 1 0 0 1 0 1 1 1 3 2 
2 0 1 0 1 0 0 1 0 1 1 1 3 1 
0 0 0 0 0 0 0 0 0 0 0 1 3 2 
0 1 1 1 0 1 0 0 1 1 1 0 1 0 
0 1 1 0 0 0 0 0 1 0 0 0 2 0 
1 0 0 0 0 0 0 1 1 1 0 0 1 0 
2 1 0 0 0 0 1 1 0 0 1 1 1 0 
0 0 0 0 0 1 0 0 0 0 0 0 3 1 
1 0 0 0 1 0 0 1 1 0 0 0 2 2 
2 0 0 1 0 1 1 1 0 0 0 0 1 1 
0 0 1 0 1 0 0 1 0 0 1 1 3 1 
0 0 0 0 1 0 0 1 0 1 1 1 3 1 
0 1 1 0 1 1 1 1 1 0 0 0 1 0 
1 0 0 1 0 0 1 1 1 0 1 0 3 1 
2 0 0 0 0 1 0 1 0 1 0 1 2 0 
0 0 0 0 0 0 0 0 1 0 0 0 1 2 
1 1 1 0 1 0 0 0 1 0 1 0 3 2 
1 1 0 1 1 1 1 1 1 1 0 1 1 1 
2 1 1 0 0 0 0 0 1 1 0 0 1 1 
2 1 1 0 0 0 0 0 0 0 0 0 0 0 
0 0 1 0 1 0 0 1 0 1 1 1 2 1 
0 0 0 0 0 0 0 0 0 0 0 0 0 0 
2 1 1 0 1 0 0 1 0 0 0 1 1 2 
1 1 0 0 0 1 1 1 0 0 1 1 2 0 
2 1 0 1 0 0 0 0 0 0 1 0 0 1 
2 0 0 1 1 0 0 0 0 0 0 1 2 1 
2 1 1 0 0 1 1 0 1 0 1 0 2 2 
0 0 1 0 1 0 0 0 0 1 1 1 3 1 
MFS
[ - , 0 , 1 , - , - , - , - , - , - , - , - , - , - , - ]
precise
1.0
recall
1.0
F-measure
1.0
accurate
1.0
accurate_oppsite
1.0
regaular Num: 49
identify Num: 14
testCase Num: 63
2 1 1 0 0 0 0 1 0 1 1 1 3 1 
2 0 1 0 0 0 0 1 0 1 1 1 3 0 
2 0 1 0 0 0 0 1 0 1 1 1 3 1 
2 0 1 0 0 0 1 1 0 1 1 1 3 1 
1 0 0 1 0 0 1 1 1 0 0 0 1 0 
2 1 1 1 1 0 0 1 1 0 0 0 3 0 
0 1 1 0 1 0 0 1 0 1 0 1 3 2 
0 1 1 0 1 0 0 0 0 0 1 0 1 0 
0 0 0 1 0 1 0 0 0 1 0 1 1 1 
2 0 1 0 0 0 0 1 0 0 1 1 3 1 
1 1 1 1 1 0 0 0 1 0 1 0 1 1 
2 1 1 0 1 1 0 0 1 0 0 1 1 2 
0 0 0 0 0 0 1 1 1 0 1 1 0 2 
1 0 0 0 0 0 0 0 0 0 0 0 1 2 
1 0 0 0 1 1 0 1 0 1 0 0 2 2 
2 1 1 0 0 0 1 1 0 1 0 1 1 1 
1 1 1 0 0 1 1 0 0 1 1 1 1 0 
0 1 1 1 0 0 1 0 0 1 1 0 2 2 
2 0 1 1 0 0 0 1 0 1 1 1 3 1 
2 0 1 0 0 0 0 1 0 1 0 1 3 1 
0 0 0 0 0 0 1 0 1 1 1 0 3 0 
2 1 1 0 0 0 0 0 0 1 0 0 2 2 
1 1 1 0 0 0 1 1 0 0 1 0 0 0 
1 1 0 1 1 1 1 1 1 1 1 1 0 1 
2 0 0 0 0 1 0 0 0 0 0 0 0 1 
1 1 1 0 0 0 1 0 1 0 0 1 3 1 
1 0 0 1 0 1 0 0 0 0 1 1 2 0 
0 1 1 0 1 0 0 1 1 1 0 1 2 0 
2 0 1 0 0 1 0 1 0 1 1 1 3 1 
1 0 1 0 0 0 0 1 0 1 1 1 3 1 
0 0 0 1 0 0 0 0 0 0 0 0 3 1 
2 0 1 0 0 0 0 1 0 1 1 1 1 1 
2 0 1 0 0 0 0 1 0 1 1 0 3 1 
0 0 0 0 0 0 0 0 0 1 0 0 2 1 
1 1 0 1 0 0 0 0 1 0 1 0 3 2 
0 1 0 0 1 0 1 1 1 1 0 0 1 2 
1 1 1 0 0 1 0 0 0 0 1 0 2 1 
2 1 1 1 0 1 0 0 1 1 0 0 0 0 
2 0 0 0 0 0 0 1 0 1 1 1 3 1 
2 0 1 0 1 0 0 1 0 1 1 1 3 1 
0 0 0 1 1 1 0 0 1 0 1 1 3 0 
0 0 0 1 0 1 0 1 1 0 0 0 2 1 
0 0 0 0 1 0 0 0 0 0 0 0 0 1 
2 0 0 1 1 0 1 0 1 0 0 1 2 1 
2 1 0 0 0 1 1 1 1 0 1 0 2 0 
1 1 0 1 1 0 0 1 0 1 0 0 3 0 
1 0 0 0 0 1 0 0 0 0 0 0 3 0 
2 0 1 0 0 0 0 0 0 1 1 1 3 1 
2 0 0 0 0 0 0 0 0 0 0 0 1 0 
0 0 0 1 0 1 0 0 0 1 0 0 0 2 
2 0 0 1 1 1 0 1 0 0 1 0 1 2 
2 0 0 0 1 0 1 0 0 1 1 0 0 1 
0 1 1 0 0 1 0 0 0 0 1 1 0 1 
1 0 0 0 0 0 1 0 1 0 0 1 2 2 
2 0 1 0 0 0 0 1 1 1 1 1 3 1 
2 0 0 1 0 1 1 0 0 1 0 0 3 2 
2 0 0 0 0 0 0 0 0 0 0 0 0 2 
1 0 0 0 0 0 0 0 0 0 0 0 0 1 
0 0 0 0 0 0 0 0 0 0 0 0 0 0 
2 0 0 0 1 0 1 1 0 0 0 1 0 0 
0 1 1 0 1 1 1 1 0 0 0 0 3 1 
1 1 1 1 1 0 0 1 0 0 0 1 0 2 
0 0 0 0 1 0 0 0 0 0 1 0 2 0 
MFS
[ - , 0 , 1 , - , - , - , - , - , - , - , - , - , - , - ]
precise
1.0
recall
1.0
F-measure
1.0
accurate
1.0
accurate_oppsite
1.0
