testCase Num: 83
1 0 0 1 0 0 1 0 3 1 1 1 
2 0 1 0 1 1 1 0 2 2 1 0 
2 0 1 1 1 1 1 0 0 0 1 1 
2 0 0 1 0 1 1 1 2 1 0 1 
2 0 0 1 0 0 0 0 2 2 0 0 
1 1 1 0 0 1 0 0 3 0 0 1 
0 0 0 0 0 0 0 0 3 1 0 0 
2 0 1 1 0 0 0 1 1 2 1 0 
1 0 1 1 1 1 1 0 2 2 1 0 
0 1 0 0 0 0 0 0 1 2 0 0 
2 0 1 0 0 1 1 1 2 1 0 1 
0 1 1 0 0 1 0 1 2 2 0 1 
2 0 0 0 1 0 1 0 1 1 0 0 
2 1 0 1 1 1 0 0 3 2 0 0 
0 0 0 0 0 1 1 1 2 1 0 1 
2 1 1 0 0 0 1 1 3 1 1 0 
0 0 0 1 0 1 0 0 1 1 0 1 
2 0 0 0 0 1 1 1 3 1 0 1 
2 1 0 0 0 1 1 1 2 1 0 1 
2 0 0 0 0 0 1 1 2 1 0 1 
1 0 0 1 0 0 0 0 0 0 0 0 
1 0 1 0 1 1 1 1 0 1 0 0 
1 1 1 1 0 1 0 1 2 2 0 1 
2 0 0 0 0 1 0 1 2 1 0 1 
2 0 1 1 1 0 0 1 1 0 0 1 
0 1 0 1 1 0 1 0 2 1 0 0 
2 1 0 1 1 0 0 1 0 2 0 1 
1 0 1 0 1 1 1 0 3 2 1 0 
2 1 0 0 0 0 1 0 1 0 0 0 
1 0 1 0 1 1 1 0 2 2 0 0 
0 1 1 0 1 0 1 0 0 1 0 1 
0 1 0 1 0 1 0 1 2 2 0 1 
1 0 1 0 1 0 1 0 2 2 1 0 
0 0 1 0 0 0 0 0 0 2 0 0 
0 1 1 1 0 1 0 1 2 2 1 1 
0 1 1 1 0 1 0 1 0 1 1 0 
0 0 1 0 1 1 1 1 3 0 1 0 
1 0 0 0 1 0 0 0 3 0 0 0 
2 0 0 0 1 1 1 1 2 1 0 1 
2 0 0 0 0 1 1 1 2 2 0 1 
2 0 0 0 0 1 1 1 2 1 0 1 
1 1 1 0 0 0 0 1 1 1 1 0 
2 0 0 0 0 1 1 1 2 1 0 0 
1 0 0 0 0 0 0 0 1 2 0 1 
2 0 0 0 0 1 0 0 1 0 0 0 
1 0 1 0 1 1 1 1 2 2 1 0 
0 1 1 1 0 1 0 0 2 2 0 1 
0 0 1 0 1 1 1 0 1 2 1 0 
2 0 0 0 0 0 0 0 2 0 0 0 
2 0 0 0 0 0 0 0 0 1 0 0 
2 0 0 0 0 1 1 0 2 1 0 1 
0 1 0 1 0 0 1 0 3 0 0 1 
0 0 0 0 0 1 1 0 2 0 1 0 
0 0 0 0 0 0 0 0 0 0 0 0 
1 0 1 0 1 1 1 0 2 0 1 0 
1 0 1 0 1 1 1 0 2 2 1 1 
1 0 1 0 1 1 1 0 2 2 1 0 
1 0 1 0 0 1 1 0 2 2 1 0 
1 1 0 1 1 1 1 1 1 0 1 1 
1 1 0 0 0 0 0 1 0 0 0 0 
2 1 1 0 1 0 0 0 2 1 1 1 
0 1 1 1 1 1 0 1 2 2 0 1 
1 0 0 0 0 0 0 0 2 1 0 0 
0 1 1 1 0 1 0 1 2 2 0 0 
0 1 1 1 0 1 0 1 2 0 0 1 
0 0 0 0 1 0 0 1 3 2 1 1 
0 1 1 1 0 1 0 1 2 2 0 1 
2 0 0 0 0 1 1 1 2 1 1 1 
0 1 0 0 0 0 0 1 1 0 0 0 
1 0 0 1 0 0 0 1 2 0 1 0 
1 0 1 0 1 1 0 0 2 2 1 0 
1 0 1 1 0 0 1 1 3 2 0 0 
2 0 0 0 0 0 0 0 3 0 0 0 
0 1 1 1 0 1 1 1 2 2 0 1 
2 0 0 0 0 1 1 0 0 2 1 0 
0 1 1 1 0 0 0 1 2 2 0 1 
1 1 1 0 1 1 1 0 2 2 1 0 
0 0 1 1 0 1 0 1 2 2 0 1 
0 1 1 1 0 1 0 1 3 2 0 1 
2 0 0 1 1 1 0 0 3 1 0 1 
1 1 0 0 0 0 1 0 0 2 1 1 
1 0 0 0 1 1 1 0 2 2 1 0 
1 1 1 0 1 0 0 1 2 0 0 1 
MFS
[ - , - , - , - , - , 1 , - , - , 2 , 2 , - , - ]
[ - , - , - , - , - , 1 , - , - , 2 , - , - , - ]
accurate
0.8333333333333333
testCase Num: 82
0 0 0 1 0 1 1 1 2 2 1 0 
1 1 1 1 1 1 0 0 1 0 0 0 
2 0 0 0 1 1 0 0 1 1 0 1 
2 0 0 1 0 0 1 1 2 2 1 0 
1 1 1 0 0 1 0 1 2 1 1 1 
1 1 1 0 0 1 0 0 2 1 1 1 
0 0 0 0 1 0 1 0 1 2 0 1 
2 0 0 0 0 0 0 0 0 0 0 0 
0 1 0 1 0 0 1 0 0 1 0 1 
2 1 0 1 0 0 1 0 2 1 0 1 
2 1 1 1 0 1 0 0 0 0 1 1 
0 0 0 0 0 0 0 0 3 1 0 0 
2 0 0 1 0 1 0 1 2 2 1 0 
0 1 1 0 1 1 1 1 2 1 0 0 
1 0 0 1 0 0 0 1 3 1 0 1 
0 0 1 0 1 1 1 1 0 1 1 0 
0 0 1 0 1 1 1 1 3 1 0 0 
1 0 1 0 0 1 0 1 2 1 1 1 
1 1 1 0 0 0 0 1 2 1 1 1 
1 1 0 0 1 0 1 0 2 2 0 0 
2 1 1 0 0 1 1 0 1 2 0 0 
2 0 0 0 0 1 1 1 2 2 1 0 
1 0 0 1 0 0 1 0 0 1 1 0 
2 0 0 1 0 1 1 1 2 2 1 1 
2 1 1 0 0 1 0 1 2 1 1 1 
1 1 1 0 0 1 0 1 2 1 0 1 
0 1 1 1 0 0 1 1 3 2 0 1 
2 0 0 1 1 1 1 0 3 1 0 0 
0 1 1 0 1 1 1 1 3 0 0 1 
0 0 1 1 1 1 1 1 2 1 0 0 
1 0 0 0 0 0 1 1 1 0 1 1 
2 0 0 1 0 0 0 1 1 0 1 1 
1 1 1 0 0 1 0 1 2 1 1 0 
0 0 1 0 1 1 1 1 2 2 0 0 
0 0 1 0 0 1 1 1 2 1 0 0 
2 1 0 0 1 0 1 1 0 0 0 0 
2 0 0 1 0 1 1 1 2 2 0 0 
1 1 0 1 1 1 0 1 0 2 0 1 
0 0 0 0 1 1 0 0 3 2 1 0 
2 1 0 0 0 0 0 0 2 2 1 0 
0 0 1 0 1 1 1 0 2 1 0 0 
1 1 1 0 0 1 0 1 2 2 1 1 
2 1 0 1 0 1 1 1 2 2 1 0 
1 1 1 1 0 1 0 1 2 1 1 1 
2 0 0 0 0 0 0 0 0 1 0 0 
2 0 1 1 1 0 0 1 2 0 0 0 
2 1 0 1 1 0 1 0 3 0 1 1 
0 0 1 0 1 1 0 1 2 1 0 0 
0 0 0 0 0 0 0 0 0 0 0 0 
1 0 1 1 0 1 1 0 3 0 0 0 
1 0 0 1 0 0 0 0 2 0 0 0 
1 1 1 0 0 1 0 1 3 1 1 1 
2 0 0 1 1 1 1 1 2 2 1 0 
0 0 1 0 1 1 1 1 2 1 1 0 
2 0 0 1 0 1 1 1 2 2 1 0 
1 0 0 0 0 0 0 0 0 0 0 0 
1 1 0 0 0 1 0 1 2 1 1 1 
0 0 1 0 1 0 1 1 2 1 0 0 
2 0 0 1 0 1 1 1 2 0 1 0 
0 0 1 1 0 0 0 0 2 2 1 1 
0 0 1 0 0 1 0 0 0 2 0 0 
0 0 0 0 1 1 1 1 2 1 0 0 
1 1 1 0 0 1 1 1 2 1 1 1 
0 1 0 1 0 0 0 1 1 1 0 0 
1 0 1 0 1 1 1 1 2 1 0 0 
2 0 0 0 0 0 0 0 3 2 0 0 
2 0 0 1 0 1 1 0 2 2 1 0 
0 1 0 0 1 1 1 0 2 0 1 1 
2 1 1 0 0 0 0 1 3 1 1 0 
1 1 0 0 1 0 0 0 3 0 1 0 
1 1 1 1 1 0 1 0 1 1 1 1 
2 0 1 1 0 1 1 1 2 2 1 0 
0 0 1 1 1 1 0 1 1 2 1 0 
2 0 0 0 1 0 1 0 0 2 0 1 
0 0 0 1 0 0 0 0 1 0 0 0 
0 0 1 0 1 1 1 1 2 1 0 0 
1 1 1 0 1 1 0 1 2 1 1 1 
0 0 1 0 1 1 1 1 2 1 0 1 
1 0 1 0 0 0 0 1 0 2 1 0 
1 0 0 0 0 0 0 0 3 2 0 0 
1 0 0 0 1 0 0 0 1 2 0 0 
2 0 0 1 0 1 1 1 3 2 1 0 
MFS
[ - , - , - , - , - , 1 , - , - , 2 , 2 , - , - ]
[ - , - , - , - , - , 1 , - , - , 2 , - , - , - ]
accurate
0.8333333333333333
testCase Num: 72
1 0 0 0 1 1 1 0 0 1 1 0 
2 1 1 0 0 1 1 0 1 2 1 1 
1 1 0 1 0 1 0 1 2 2 0 0 
0 0 0 0 1 1 1 1 2 1 1 1 
2 0 1 1 1 1 0 1 0 0 1 0 
1 0 1 1 0 1 0 1 2 2 0 0 
0 1 0 0 0 0 1 0 1 2 1 0 
0 0 0 0 1 1 1 0 2 1 1 1 
0 0 0 0 0 1 1 0 2 1 1 1 
0 1 0 1 1 1 0 1 3 1 0 1 
0 0 0 0 1 1 1 0 2 1 1 0 
2 1 1 0 1 0 1 1 2 1 0 0 
0 1 1 1 1 0 0 1 2 2 1 0 
0 0 0 0 0 1 0 0 1 0 0 0 
1 0 0 0 0 1 0 1 2 2 0 0 
0 0 1 1 1 1 1 0 1 2 0 0 
1 1 0 0 0 0 1 0 2 2 0 1 
0 0 0 0 0 0 0 1 2 0 0 1 
2 0 1 1 0 0 1 0 2 0 1 1 
0 0 0 0 1 1 0 0 2 1 1 1 
1 0 0 1 0 0 0 1 2 1 1 0 
2 0 1 0 0 1 0 1 3 2 1 1 
0 1 0 0 1 1 1 0 2 1 1 1 
2 0 0 1 0 1 0 1 2 2 0 0 
2 0 0 0 0 0 1 0 0 0 0 0 
0 1 0 0 0 0 0 0 0 1 0 0 
2 1 0 0 1 0 0 1 1 0 0 0 
0 0 0 0 0 0 1 0 1 1 0 0 
1 0 0 0 1 1 1 0 2 1 1 1 
1 0 0 1 0 1 0 1 2 2 1 0 
2 1 0 1 1 0 0 0 3 2 0 0 
1 0 0 0 0 1 0 1 3 0 0 0 
1 1 1 1 0 0 0 0 3 1 1 0 
2 1 0 0 0 1 1 0 3 0 0 0 
0 0 1 1 0 1 1 1 0 1 0 1 
2 0 0 0 0 0 0 0 2 2 0 0 
0 0 0 1 1 1 1 0 2 1 1 1 
0 0 0 0 0 0 0 0 3 0 0 1 
1 0 1 1 0 0 0 0 1 0 0 0 
1 0 0 1 0 1 0 0 2 2 0 0 
2 0 0 0 0 0 1 0 3 1 0 0 
1 0 0 0 0 0 0 1 1 2 0 0 
0 0 0 0 0 0 0 0 0 0 0 0 
2 0 0 1 0 1 0 1 2 0 0 0 
0 0 0 0 1 1 1 0 2 2 1 1 
0 0 0 0 1 0 0 0 0 2 0 0 
1 1 0 1 1 1 1 1 1 0 1 1 
1 0 0 1 0 1 0 1 2 0 0 0 
2 1 0 1 1 0 0 0 0 2 0 1 
1 0 0 1 0 1 0 1 2 2 0 0 
2 0 0 1 0 1 0 0 1 1 1 0 
0 0 1 1 1 0 1 1 3 0 1 0 
1 1 1 1 0 1 0 0 0 2 0 0 
1 0 0 1 1 1 0 1 2 2 0 0 
1 0 0 1 0 1 0 1 2 2 0 1 
2 0 1 0 0 0 0 0 0 1 0 1 
0 1 1 0 0 0 1 1 0 0 1 1 
1 0 0 0 0 0 0 0 0 0 0 1 
0 1 0 0 1 0 0 1 1 1 0 1 
0 0 1 0 1 1 1 0 2 1 1 1 
1 0 0 0 0 0 1 1 0 2 1 0 
1 1 1 0 1 1 0 0 2 0 0 1 
0 0 0 0 0 0 0 0 3 2 1 1 
1 0 0 1 0 1 1 1 2 2 0 0 
0 0 0 0 1 1 1 0 2 1 0 1 
0 0 0 0 1 1 1 0 3 1 1 1 
0 0 0 0 1 0 1 0 2 1 1 1 
0 1 0 0 0 0 0 0 2 1 0 0 
1 0 0 1 0 0 0 1 2 2 0 0 
1 0 1 0 1 0 1 0 3 2 0 1 
1 0 1 0 0 0 0 1 1 1 0 1 
1 0 0 1 0 1 0 1 3 2 0 0 
MFS
[ - , - , - , - , - , 1 , - , - , 2 , 2 , - , - ]
[ - , - , - , - , - , 1 , - , - , 2 , - , - , - ]
accurate
0.8333333333333333
testCase Num: 94
0 0 0 0 0 1 0 1 2 1 0 1 
2 0 0 1 0 0 0 0 2 0 0 0 
1 1 0 1 1 1 1 0 2 2 0 0 
2 1 0 1 1 0 1 0 1 2 1 0 
0 1 1 1 0 0 0 1 3 1 1 0 
1 1 1 0 1 1 1 0 2 2 0 0 
1 1 0 1 1 1 0 0 0 0 1 1 
0 1 0 0 1 0 1 0 2 1 1 1 
0 1 1 0 0 1 0 1 2 2 0 1 
2 1 0 0 0 0 0 1 3 2 1 0 
0 1 0 0 0 1 0 0 0 2 0 0 
0 0 0 0 0 1 0 0 2 2 1 0 
2 0 1 0 0 1 0 0 2 2 1 0 
1 0 0 0 0 0 0 0 2 0 0 1 
1 1 0 0 1 1 1 0 3 2 0 0 
2 1 0 0 0 1 0 0 2 2 1 0 
1 1 0 0 1 0 1 0 2 2 0 0 
2 0 0 0 0 1 0 0 3 2 1 0 
2 0 0 0 0 1 0 0 2 2 0 0 
2 0 1 1 0 1 1 0 3 0 1 1 
0 1 1 1 0 0 1 1 0 0 1 1 
1 0 0 1 0 0 0 0 0 0 0 0 
2 0 0 0 0 0 0 0 2 2 1 0 
1 1 1 1 0 1 0 1 2 2 0 1 
1 1 0 0 0 0 0 0 3 2 0 1 
2 0 0 0 0 1 0 1 2 1 0 1 
2 0 0 0 0 1 1 0 2 2 1 0 
1 0 1 1 1 0 0 0 2 1 0 0 
1 1 0 0 1 1 0 0 2 2 0 0 
0 0 1 0 1 1 0 1 1 2 1 0 
0 0 0 1 0 1 1 0 1 1 0 1 
2 1 1 0 1 1 0 0 1 0 0 1 
2 0 0 0 1 1 0 1 3 1 0 1 
0 1 0 1 0 1 0 1 2 2 0 1 
2 0 0 0 0 1 0 1 2 1 1 1 
0 1 1 1 0 1 0 1 2 2 1 1 
0 1 0 1 0 0 0 0 1 0 1 0 
2 0 0 0 0 0 0 1 1 1 1 1 
0 0 1 0 0 1 0 0 2 0 1 1 
2 0 0 1 0 1 0 0 2 2 1 0 
2 0 0 0 1 1 0 0 2 2 1 0 
2 0 0 0 0 1 0 0 2 0 1 0 
2 0 0 0 0 1 1 1 2 1 0 1 
2 0 0 0 0 1 0 0 2 2 1 0 
0 0 1 0 1 0 0 0 0 1 0 0 
2 0 0 0 0 1 0 0 2 2 1 1 
1 0 0 1 1 0 0 1 3 0 1 0 
1 1 0 0 0 1 1 0 2 2 0 0 
1 1 0 0 1 1 1 0 2 2 0 1 
0 1 1 1 0 1 0 0 2 2 0 1 
0 0 1 1 1 0 1 0 3 2 0 0 
1 0 0 0 0 1 1 1 0 2 1 0 
0 0 0 0 0 0 0 0 3 0 0 1 
2 1 0 0 0 1 0 1 2 1 0 1 
0 0 0 0 0 0 0 0 0 0 0 0 
1 1 1 0 0 1 1 0 3 1 1 0 
2 1 1 0 1 0 1 1 2 0 0 0 
1 0 1 0 1 0 0 0 1 1 0 0 
1 1 0 0 1 1 1 1 2 2 0 0 
2 0 0 0 1 1 0 1 2 1 0 1 
2 0 0 0 0 1 0 1 2 1 0 0 
1 0 0 1 0 0 1 1 2 0 1 0 
0 0 0 1 0 0 0 0 2 2 0 0 
2 1 0 1 0 1 1 0 0 1 0 0 
0 0 0 0 0 1 0 0 3 2 0 0 
0 1 1 1 1 1 0 1 2 2 0 1 
0 1 1 1 0 1 0 1 2 2 0 0 
1 1 1 0 1 1 1 1 0 1 1 1 
1 1 0 1 0 0 0 1 1 1 1 0 
0 1 1 1 0 1 0 1 2 0 0 1 
1 1 0 0 1 1 1 0 2 2 1 0 
0 1 0 0 1 1 1 1 3 0 0 0 
0 1 1 1 0 1 0 1 2 2 0 1 
1 0 0 0 1 1 1 0 2 2 0 0 
2 0 1 0 0 0 0 0 0 1 0 0 
2 0 0 0 0 1 0 0 2 1 0 1 
2 1 0 0 1 1 1 0 2 2 0 0 
2 0 0 0 0 0 0 0 0 0 1 0 
2 0 0 0 0 1 0 1 2 2 0 1 
2 0 1 0 0 1 0 1 2 1 0 1 
1 0 1 1 0 1 1 0 1 2 0 1 
1 0 1 0 0 0 1 1 1 0 0 0 
0 1 1 1 0 1 1 1 2 2 0 1 
2 0 0 1 0 1 0 1 2 1 0 1 
0 1 1 1 0 0 0 1 2 2 0 1 
2 0 1 1 1 0 0 1 0 2 0 1 
0 0 0 0 0 0 0 0 0 2 1 1 
2 0 0 0 0 1 0 1 2 2 1 0 
2 0 0 0 0 1 0 1 3 1 0 1 
0 0 1 1 0 1 0 1 2 2 0 1 
1 1 0 0 1 1 1 0 2 0 0 0 
1 1 0 0 1 1 1 0 2 2 0 0 
0 1 1 1 0 1 0 1 3 2 0 1 
2 0 0 0 0 0 0 1 2 1 0 1 
MFS
[ - , - , - , - , - , 1 , - , - , 2 , 2 , - , - ]
[ - , - , - , - , - , 1 , - , - , 2 , - , - , - ]
accurate
0.8333333333333333
testCase Num: 71
1 0 1 0 1 0 0 1 2 2 1 1 
2 0 0 1 0 1 1 1 2 1 0 1 
0 0 1 1 1 1 0 0 0 1 1 0 
1 0 1 1 1 1 0 0 2 2 0 0 
2 1 1 1 0 0 0 1 3 2 0 0 
0 1 0 0 0 0 0 0 1 0 1 0 
2 0 0 0 0 0 0 0 0 0 0 0 
0 0 1 1 0 0 1 0 3 1 0 1 
0 1 1 1 1 1 1 1 1 1 0 1 
2 0 0 1 0 1 0 1 3 1 0 1 
1 0 0 1 0 1 1 1 0 0 1 1 
2 1 0 1 0 1 0 1 2 1 0 1 
1 1 1 0 1 1 1 0 2 0 0 0 
0 1 0 0 1 1 0 1 3 0 1 1 
2 0 1 0 1 1 1 1 1 0 1 0 
2 0 1 1 0 1 0 1 2 1 0 1 
0 0 1 0 1 1 0 0 2 2 0 0 
2 1 1 0 0 0 0 0 1 0 0 1 
1 1 0 0 0 1 0 1 1 2 0 0 
0 0 1 0 0 0 0 0 3 2 0 0 
0 0 1 1 1 1 0 0 2 2 0 1 
0 0 1 1 1 1 0 0 2 2 0 0 
2 0 0 0 0 1 0 1 2 1 0 1 
2 0 0 1 0 1 0 1 2 2 0 1 
2 0 0 1 1 1 0 1 2 1 0 1 
0 0 1 1 1 1 0 1 2 2 0 0 
0 0 1 0 0 1 1 0 1 2 1 1 
0 1 0 0 1 0 0 0 2 1 0 1 
0 0 1 1 1 1 0 0 2 2 1 0 
0 1 0 0 0 0 1 1 0 1 1 1 
1 0 1 0 0 0 1 0 1 1 0 1 
1 0 0 0 0 0 0 0 1 0 0 0 
0 0 0 1 1 1 0 0 2 2 0 0 
0 0 1 1 1 1 1 0 2 2 0 0 
1 0 0 0 0 0 1 0 2 1 0 0 
2 0 0 0 1 0 0 0 0 1 0 0 
0 0 0 1 0 1 0 1 2 1 0 1 
2 0 0 1 0 0 0 1 2 1 0 1 
2 0 1 0 1 1 0 1 0 2 1 0 
1 1 1 1 0 1 1 0 3 2 1 0 
0 1 1 1 1 1 0 0 2 2 0 0 
2 0 0 1 0 1 0 1 2 1 1 1 
0 0 0 0 0 0 0 0 0 0 0 0 
1 0 0 0 1 1 0 0 3 2 0 1 
0 0 0 0 0 0 0 0 0 2 0 0 
1 1 1 0 0 0 1 1 0 1 0 0 
1 0 0 1 0 0 0 0 2 0 0 0 
1 0 0 1 1 0 0 0 1 1 1 0 
0 0 0 1 0 0 1 1 1 0 0 0 
0 0 1 1 1 1 0 0 2 0 0 0 
2 0 0 1 1 0 0 0 1 2 0 1 
1 1 1 1 1 1 0 0 0 0 0 1 
2 0 0 1 0 1 0 0 2 1 0 1 
1 0 0 0 0 0 0 0 0 2 0 0 
2 1 0 0 1 0 0 0 2 2 0 0 
0 0 1 1 0 1 0 0 2 2 0 0 
2 0 0 1 0 1 1 0 2 0 1 1 
2 1 0 0 0 1 1 0 3 1 1 0 
2 0 0 0 0 0 0 0 3 0 0 1 
2 0 0 0 0 0 0 0 1 1 0 0 
2 0 0 1 0 1 0 1 2 1 0 0 
2 0 0 1 0 1 0 1 2 1 0 1 
2 0 1 1 1 0 1 1 3 0 1 0 
2 0 1 0 0 0 0 1 2 1 1 0 
0 0 1 0 0 0 0 1 2 0 0 0 
2 1 0 1 1 0 1 0 0 2 0 1 
0 0 1 1 1 1 0 0 3 2 0 0 
1 0 0 0 0 0 0 0 3 0 0 0 
1 0 0 1 1 1 0 1 3 1 0 1 
0 0 1 1 1 0 0 0 2 2 0 0 
0 1 0 1 0 0 1 1 2 2 1 0 
MFS
[ - , - , - , - , - , 1 , - , - , 2 , 2 , - , - ]
[ - , - , - , - , - , 1 , - , - , 2 , - , - , - ]
accurate
0.8333333333333333
testCase Num: 96
2 1 0 0 0 1 0 0 2 2 0 1 
2 1 0 0 1 1 1 1 1 2 0 0 
2 0 1 1 0 0 1 1 0 2 0 1 
2 1 0 1 0 1 0 0 2 1 0 1 
1 0 1 1 1 1 0 0 2 2 0 0 
0 0 1 1 1 1 0 0 1 0 0 1 
1 0 1 0 0 1 1 1 2 1 1 0 
1 0 0 0 0 1 1 1 1 0 0 1 
2 1 0 0 1 0 1 0 3 2 1 1 
1 0 1 0 0 0 1 1 2 1 0 0 
0 1 1 0 0 0 0 1 3 2 0 0 
1 0 0 1 1 1 0 0 3 2 0 0 
0 0 0 0 0 0 0 0 0 1 0 0 
1 0 1 1 0 0 0 0 0 0 0 1 
1 1 1 1 1 1 1 0 0 1 1 1 
0 1 1 1 0 0 0 1 2 2 1 0 
1 0 0 0 0 1 1 1 2 1 0 0 
1 1 1 0 1 0 0 0 1 2 0 1 
2 1 1 0 0 1 0 0 2 1 0 1 
2 0 1 0 0 1 1 1 2 1 0 0 
2 1 1 0 1 0 0 0 0 1 1 0 
0 0 0 0 1 1 0 0 2 2 1 1 
2 0 1 0 1 0 0 0 2 0 0 0 
0 0 0 0 0 0 1 0 3 1 1 1 
1 0 0 1 1 1 1 0 2 2 0 0 
1 1 1 0 0 0 1 0 3 0 0 0 
2 1 0 0 0 1 0 0 3 1 0 1 
0 1 0 0 0 1 0 0 2 1 0 1 
2 0 0 0 1 1 0 0 0 0 0 0 
0 0 1 0 1 1 1 0 2 2 1 1 
1 0 0 1 1 0 0 1 3 1 0 1 
2 0 1 0 0 1 0 1 3 0 1 1 
1 0 1 0 0 1 1 1 2 1 0 0 
1 0 1 0 0 1 1 1 2 1 0 1 
2 0 0 0 0 0 0 0 3 1 0 0 
2 0 0 0 0 0 0 0 1 0 0 1 
0 0 0 0 0 0 0 0 2 1 0 0 
0 0 0 0 0 1 1 0 2 2 1 1 
1 0 0 1 1 1 0 0 2 0 0 0 
1 1 0 1 1 0 1 1 2 0 1 1 
0 1 1 0 0 0 0 1 1 1 1 1 
0 1 1 1 1 1 1 1 3 1 0 0 
1 0 0 1 1 1 0 0 1 1 1 0 
0 0 0 0 1 1 1 0 3 2 1 1 
2 0 0 1 0 0 1 0 1 1 1 0 
0 0 0 1 1 1 1 0 2 2 1 1 
1 0 1 0 0 1 1 0 2 1 0 0 
0 0 0 0 1 0 1 0 2 2 1 1 
1 0 0 0 0 0 1 0 0 2 0 0 
2 1 0 0 0 1 0 0 2 1 0 0 
2 1 0 0 0 1 0 0 2 1 0 1 
2 0 0 1 1 0 1 1 2 1 1 0 
1 1 1 0 0 1 1 1 2 1 0 0 
0 0 1 0 0 0 0 0 2 0 0 1 
0 0 0 0 0 1 0 0 2 0 0 0 
2 0 0 1 1 0 1 0 3 0 0 0 
1 0 1 0 0 1 1 1 3 1 0 0 
2 0 0 0 0 0 0 0 2 2 0 0 
0 0 1 0 0 0 1 0 1 0 0 0 
0 0 0 0 0 0 0 0 3 0 0 0 
0 0 0 0 1 1 1 0 2 2 0 1 
2 1 0 0 0 1 0 1 2 1 0 1 
1 0 0 1 0 1 0 0 2 2 0 0 
1 0 0 1 1 1 0 0 2 2 1 0 
1 0 0 1 1 1 0 0 2 2 0 0 
0 0 0 0 1 1 1 0 2 2 1 0 
0 0 0 0 0 0 0 0 0 0 0 0 
0 0 0 0 1 1 1 0 2 2 1 1 
1 0 0 1 1 1 0 0 2 2 0 1 
2 1 1 1 1 1 0 0 1 0 1 0 
0 1 0 0 1 1 1 0 2 2 1 1 
0 0 0 0 1 1 1 0 2 0 1 1 
1 0 0 1 1 0 0 0 2 2 0 0 
0 1 1 0 0 1 1 0 0 2 0 0 
1 0 0 0 0 0 0 0 0 0 0 0 
2 0 0 1 1 1 0 0 2 2 0 0 
2 1 0 0 0 1 0 0 2 1 1 1 
1 0 0 1 1 1 0 1 2 2 0 0 
0 1 0 1 0 1 1 1 0 0 1 0 
0 0 0 0 1 0 0 1 0 1 0 1 
2 0 0 0 0 1 0 0 2 1 0 1 
1 0 1 1 0 1 1 1 2 1 0 0 
2 1 0 0 0 0 0 0 2 1 0 1 
1 0 1 0 0 1 1 1 2 2 0 0 
2 1 0 0 0 1 1 0 2 1 0 1 
1 0 1 0 1 1 1 1 2 1 0 0 
1 0 0 1 0 1 0 0 3 2 1 0 
0 0 0 0 0 0 0 0 1 1 0 0 
1 0 0 0 1 1 0 0 2 2 0 0 
1 1 0 1 1 1 0 0 2 2 0 0 
0 0 0 1 0 0 1 1 1 2 1 0 
1 0 0 0 1 1 0 1 0 2 1 0 
0 0 0 0 1 1 1 1 2 2 1 1 
2 1 0 0 1 1 0 0 2 1 0 1 
1 0 0 0 1 1 1 0 2 2 1 1 
1 0 1 0 0 1 0 1 2 1 0 0 
MFS
[ - , - , - , - , - , 1 , - , - , 2 , 2 , - , - ]
[ - , - , - , - , - , 1 , - , - , 2 , - , - , - ]
accurate
0.8333333333333333
testCase Num: 97
2 1 1 0 1 1 1 0 0 2 0 0 
1 1 0 1 1 1 0 1 2 0 0 0 
1 1 0 1 1 0 0 1 3 0 0 0 
2 1 0 0 0 0 0 0 2 1 1 1 
2 0 0 1 1 0 0 0 2 0 0 0 
0 1 0 1 0 0 0 1 3 2 1 1 
0 0 0 1 0 1 1 0 3 1 0 0 
0 0 0 0 0 0 0 0 0 1 0 0 
0 1 1 0 0 1 0 1 1 1 1 0 
1 0 0 0 1 1 0 0 0 1 1 0 
1 0 1 1 0 1 0 1 2 0 1 1 
0 0 0 0 1 1 0 0 2 2 1 1 
0 0 1 0 1 1 0 0 3 2 1 1 
2 1 0 0 0 1 0 0 2 2 1 1 
0 0 0 1 0 1 1 1 2 1 0 0 
2 1 0 0 0 0 1 1 1 0 0 1 
1 0 0 1 0 1 1 0 0 0 0 0 
2 1 0 1 0 1 0 0 2 1 1 1 
1 0 0 0 0 0 1 1 1 2 0 0 
2 1 1 1 0 0 1 0 3 0 1 0 
1 1 0 0 0 0 1 1 0 1 0 1 
0 0 0 0 0 1 1 0 2 1 0 0 
0 1 0 1 0 1 1 0 1 2 1 0 
2 1 1 0 0 1 0 0 2 1 1 1 
0 0 0 1 0 1 0 0 2 1 0 0 
0 1 0 0 0 1 0 0 2 1 1 1 
1 1 0 0 1 1 0 1 2 2 0 0 
2 1 0 0 0 1 0 0 2 1 0 1 
2 0 0 0 0 0 0 0 0 1 0 0 
2 1 0 0 0 1 1 0 2 1 1 1 
0 1 1 1 1 0 0 1 0 0 1 1 
0 0 0 0 0 0 0 0 0 2 0 0 
2 1 0 1 1 1 0 1 2 2 0 0 
2 0 0 1 1 0 0 1 1 1 0 0 
1 0 0 0 0 0 0 0 2 1 0 0 
0 0 1 0 1 0 1 1 2 1 0 0 
1 1 0 1 1 0 0 1 2 2 0 0 
2 1 0 0 0 1 0 0 2 1 1 0 
2 1 0 0 0 1 0 0 2 1 1 1 
1 0 0 0 0 0 0 0 0 2 0 0 
0 0 1 0 1 1 0 0 2 2 0 1 
1 0 0 0 0 0 1 0 2 2 1 0 
0 0 1 0 1 0 0 1 1 2 0 1 
2 0 0 0 0 0 0 0 3 2 0 0 
1 0 1 0 1 1 0 0 2 2 1 1 
1 1 1 1 1 0 1 0 1 1 1 1 
1 0 1 1 0 1 1 1 0 1 1 0 
0 0 1 0 1 1 0 0 2 2 1 1 
0 0 1 0 1 0 1 1 3 2 0 0 
0 0 1 0 1 1 0 0 2 2 1 0 
1 1 0 1 1 1 0 1 2 2 0 0 
1 1 0 1 1 1 0 1 2 2 0 1 
2 0 0 0 0 0 0 1 0 2 0 0 
1 1 0 1 0 1 0 1 2 2 0 0 
2 0 0 0 0 1 0 0 2 1 1 1 
0 0 1 1 0 1 1 0 2 1 0 0 
0 0 1 1 1 1 0 0 2 2 1 1 
2 0 0 0 0 0 0 0 0 0 0 0 
0 0 0 0 0 0 0 0 1 0 0 0 
0 0 0 1 0 1 1 0 2 2 0 0 
1 1 0 1 1 1 1 1 2 2 0 0 
0 1 1 0 0 0 0 0 2 0 0 0 
1 1 0 1 1 1 0 1 2 2 1 0 
0 0 1 0 1 0 0 0 2 2 1 1 
1 1 1 0 0 1 0 0 3 2 1 1 
0 0 1 0 1 1 1 0 2 2 1 1 
0 1 1 0 1 1 0 0 2 2 1 1 
2 0 0 0 0 0 0 0 1 2 0 0 
1 0 1 0 0 1 0 0 1 0 0 1 
0 0 0 1 1 1 1 0 2 1 0 0 
0 1 0 0 1 0 1 0 2 0 0 0 
1 0 0 0 0 1 1 1 3 1 0 0 
0 1 0 1 0 1 1 0 2 1 0 0 
2 0 1 1 0 0 1 1 2 2 0 1 
2 1 0 0 0 1 0 0 3 1 1 1 
0 0 1 0 0 1 0 0 2 2 1 1 
0 0 0 1 0 1 1 0 2 1 1 0 
0 0 0 0 0 0 0 0 3 0 0 0 
0 0 0 0 0 0 0 0 0 0 0 0 
0 0 1 0 1 1 0 1 2 2 1 1 
0 0 0 1 0 1 1 0 2 1 0 0 
0 0 0 1 0 1 1 0 2 1 0 1 
0 0 0 1 0 0 1 0 2 1 0 0 
0 0 0 1 0 1 0 0 3 1 0 1 
1 0 0 1 0 1 1 0 2 1 0 0 
1 0 0 1 1 1 0 1 2 2 0 0 
2 1 0 0 1 1 0 0 2 1 1 1 
1 1 0 1 1 1 0 1 3 2 0 0 
2 1 1 0 1 0 1 0 3 1 1 0 
1 1 1 1 1 1 0 1 2 2 0 0 
2 1 0 0 0 1 0 1 2 1 1 1 
0 1 0 0 0 1 1 0 0 0 0 1 
1 1 0 1 1 1 0 0 2 2 0 0 
2 0 1 1 1 1 0 0 1 0 1 0 
2 0 0 0 1 1 1 1 3 0 1 1 
2 0 0 1 0 1 0 0 0 2 1 1 
0 0 1 0 1 1 0 0 2 0 1 1 
MFS
[ - , - , - , - , - , 1 , - , - , 2 , 2 , - , - ]
[ - , - , - , - , - , 1 , - , - , 2 , - , - , - ]
accurate
0.8333333333333333
testCase Num: 95
1 0 0 0 0 1 1 0 1 0 0 0 
2 0 0 0 1 1 0 0 2 1 1 1 
2 1 0 1 0 0 1 1 2 1 0 1 
2 0 0 0 1 1 0 0 2 1 1 0 
2 0 0 0 0 1 0 0 2 1 1 0 
0 1 1 0 0 1 1 0 3 1 0 0 
1 0 0 0 1 1 0 1 2 2 1 0 
2 0 1 1 1 1 0 1 3 2 0 0 
2 0 0 1 0 0 0 0 1 1 1 0 
0 0 0 1 0 1 0 1 2 2 0 0 
1 0 0 1 0 0 0 0 1 2 0 0 
0 0 0 1 0 1 0 1 2 0 0 0 
1 1 1 1 1 1 1 0 1 0 1 1 
0 0 0 1 1 1 0 1 2 2 0 0 
0 0 0 1 0 1 0 1 2 2 0 1 
1 0 0 0 0 0 0 1 0 2 1 1 
0 1 1 1 1 0 0 1 1 0 0 0 
0 0 0 1 0 0 0 0 0 2 0 0 
1 0 0 0 1 0 1 1 2 2 1 0 
2 0 1 0 0 1 0 0 2 0 1 1 
0 1 1 0 0 1 1 0 2 2 0 0 
1 1 0 0 1 1 0 1 0 1 1 0 
1 0 1 1 1 0 0 1 2 0 0 0 
2 0 0 1 0 1 1 1 0 0 1 0 
2 0 0 0 1 1 1 1 2 2 1 0 
0 1 0 0 0 1 1 1 3 0 0 1 
2 0 0 0 1 1 0 0 2 1 0 0 
0 1 1 1 0 1 1 0 2 1 0 0 
0 1 1 0 0 1 1 0 2 1 0 0 
2 0 0 0 1 1 0 0 3 1 1 0 
0 0 0 0 1 1 0 0 2 1 1 0 
0 0 1 1 1 1 1 1 0 1 1 1 
2 0 0 0 1 1 1 0 2 1 1 0 
0 0 0 1 0 1 0 1 2 2 1 0 
2 0 0 0 0 0 0 0 3 1 0 0 
2 0 0 0 1 0 0 0 2 1 1 0 
1 0 0 1 1 1 1 1 2 2 1 0 
0 1 1 0 1 0 0 1 0 0 0 1 
1 0 0 1 0 1 0 0 3 1 1 1 
1 1 1 1 0 1 1 0 0 2 0 0 
1 0 0 0 0 1 1 1 2 2 1 0 
0 1 0 1 0 1 0 1 2 2 0 0 
1 1 0 0 0 0 0 1 3 2 0 0 
0 0 0 0 0 0 1 0 1 1 0 0 
2 0 0 1 1 1 0 0 2 1 1 0 
1 0 1 0 1 0 1 0 3 1 0 1 
2 0 0 0 1 1 0 0 2 2 1 0 
0 0 0 0 0 1 0 1 2 2 0 0 
0 1 1 0 0 1 1 0 2 1 1 0 
1 0 1 0 1 1 1 1 2 2 1 0 
0 1 1 0 0 1 0 0 2 1 0 0 
0 0 1 0 0 1 1 0 2 1 0 0 
0 1 1 0 0 0 1 0 2 1 0 0 
0 0 0 0 0 0 0 0 3 2 0 0 
1 1 0 0 1 1 1 1 2 2 1 0 
0 0 0 0 0 0 0 0 0 0 1 0 
2 1 0 1 1 0 1 0 3 0 1 0 
0 0 0 0 0 0 0 0 0 0 0 0 
0 1 1 0 0 0 0 1 3 1 1 0 
1 0 0 0 1 1 1 1 2 2 0 0 
1 0 0 0 1 1 1 1 3 2 1 0 
1 1 1 0 0 1 1 0 2 1 0 0 
1 1 0 0 0 0 0 0 3 0 0 0 
0 0 0 0 1 1 0 0 1 1 0 1 
1 0 0 0 0 0 0 0 2 1 0 0 
0 1 1 0 0 1 1 0 2 1 0 1 
1 0 0 0 0 0 0 0 0 0 0 0 
2 1 0 0 1 1 0 0 2 1 1 0 
0 1 0 1 1 0 0 0 2 2 1 1 
2 0 1 0 1 1 0 0 2 1 1 0 
1 1 1 0 0 0 0 1 1 1 0 1 
1 0 0 1 0 1 0 1 2 2 0 0 
2 0 1 0 0 0 0 0 0 1 0 0 
0 0 1 0 0 0 1 1 1 2 1 0 
2 0 1 0 0 0 0 0 2 2 0 0 
0 0 0 1 0 1 1 1 2 2 0 0 
0 1 1 0 1 1 1 0 2 1 0 0 
1 1 0 0 0 0 1 0 2 0 0 1 
2 1 1 0 1 0 1 0 0 2 0 1 
0 0 0 1 0 0 0 1 2 2 0 0 
2 0 1 0 0 0 1 0 1 0 0 0 
0 0 0 1 0 1 0 1 3 2 0 0 
0 1 1 0 0 1 1 1 2 1 0 0 
0 0 0 0 0 0 0 0 2 0 0 0 
2 1 0 0 1 1 0 1 1 2 0 1 
1 0 0 0 1 1 1 1 2 2 1 0 
1 0 0 0 1 1 1 1 2 2 1 1 
0 1 0 0 0 1 1 0 2 1 0 0 
1 0 0 0 1 1 1 1 2 0 1 0 
2 0 0 0 1 1 0 1 2 1 1 0 
0 0 1 1 0 1 0 1 2 2 0 0 
2 0 0 0 0 0 1 0 3 2 1 1 
0 0 1 1 1 0 0 0 3 0 1 0 
1 0 0 0 1 1 1 0 2 2 1 0 
0 0 0 1 0 1 0 0 2 2 0 0 
MFS
[ - , - , - , - , - , 1 , - , - , 2 , 2 , - , - ]
[ - , - , - , - , - , 1 , - , - , 2 , - , - , - ]
accurate
0.8333333333333333
testCase Num: 72
1 0 1 1 0 0 0 1 0 0 1 0 
2 1 0 0 0 1 1 1 0 1 1 0 
0 0 0 1 0 1 1 1 2 2 1 1 
0 1 1 0 0 1 1 0 3 1 0 0 
2 1 1 0 1 0 1 0 1 2 0 0 
0 0 1 0 0 0 0 0 0 0 0 0 
1 0 0 0 0 0 1 0 2 0 0 0 
2 0 0 1 0 0 0 0 1 1 1 1 
0 0 0 1 0 1 0 1 2 2 0 1 
0 0 0 1 0 1 1 0 2 2 0 1 
2 0 0 0 1 0 1 0 3 0 0 1 
1 1 0 1 0 0 0 1 1 2 1 0 
0 1 1 0 0 1 1 0 2 2 0 0 
1 0 0 1 1 1 1 0 3 0 1 0 
1 1 1 1 1 1 1 1 1 1 0 0 
1 0 0 0 0 1 1 0 1 0 1 1 
0 1 1 1 0 1 1 0 2 1 0 0 
0 1 1 0 0 1 1 0 3 1 1 0 
1 0 0 0 0 0 0 0 0 1 0 0 
0 0 0 1 1 1 1 1 2 2 0 1 
0 1 1 0 0 1 1 0 2 1 0 0 
0 1 1 1 1 0 1 1 0 1 1 1 
2 1 1 0 0 1 0 0 0 0 0 1 
0 0 1 1 0 1 0 1 3 0 0 0 
2 0 0 0 0 0 0 0 3 1 0 0 
0 0 0 0 0 0 0 0 1 2 0 1 
2 1 1 1 0 1 0 0 2 0 1 0 
2 0 0 0 1 1 0 1 1 0 0 1 
0 0 0 1 0 0 0 0 2 1 1 1 
2 0 1 1 1 0 1 1 0 0 0 1 
0 0 0 1 1 0 0 1 2 0 1 0 
1 1 1 0 1 1 0 1 2 0 1 1 
0 0 0 1 0 0 1 1 2 2 0 1 
0 1 0 1 0 1 1 1 2 2 0 1 
0 0 0 0 0 0 0 1 1 1 0 0 
0 0 0 1 0 1 1 1 3 2 0 1 
0 0 1 0 0 0 0 0 2 2 0 0 
1 0 0 0 0 0 1 0 2 1 0 0 
0 1 1 0 0 1 1 0 2 1 1 0 
0 1 1 0 0 1 0 0 2 1 0 0 
0 0 1 0 0 1 1 0 2 1 0 0 
0 0 1 1 0 1 1 1 2 2 0 1 
0 1 1 0 0 0 1 0 2 1 0 0 
0 0 0 0 0 0 0 0 3 2 0 0 
0 0 0 0 0 0 0 0 0 0 0 0 
2 0 1 0 1 0 0 1 2 1 0 0 
1 0 1 0 1 0 0 0 3 2 0 0 
1 1 1 0 0 1 1 0 2 1 0 0 
1 0 0 0 1 0 1 1 0 2 1 0 
0 0 0 0 0 1 1 1 2 2 0 1 
0 1 1 0 0 1 1 0 2 1 0 1 
0 1 0 1 1 0 0 0 3 1 0 1 
0 0 1 0 1 1 0 0 1 2 1 0 
1 1 1 1 1 1 0 0 0 2 0 1 
2 0 0 1 0 1 0 0 3 2 1 1 
0 0 0 1 0 1 1 1 2 0 0 1 
0 0 0 1 0 1 1 1 2 2 0 0 
0 1 1 0 1 1 1 0 2 1 0 0 
0 0 0 1 0 1 1 1 2 2 0 1 
1 1 0 0 1 0 0 1 3 0 1 1 
1 0 0 1 0 0 0 0 2 2 0 0 
0 1 1 0 0 1 1 1 2 1 0 0 
0 1 1 0 0 0 1 0 1 0 0 1 
0 1 0 0 0 0 1 0 0 2 1 0 
2 1 0 0 1 0 1 0 2 2 1 1 
0 1 0 0 0 1 1 0 2 1 0 0 
1 0 0 1 0 1 1 1 2 2 0 1 
2 0 0 0 0 0 0 0 0 2 0 0 
0 0 0 1 0 0 0 0 1 0 0 0 
0 0 0 1 0 1 0 0 0 1 0 1 
2 1 1 0 0 0 1 1 3 2 0 0 
1 0 1 0 0 1 0 1 3 1 1 1 
MFS
[ - , - , - , - , - , 1 , - , - , 2 , 2 , - , - ]
[ - , - , - , - , - , 1 , - , - , 2 , - , - , - ]
accurate
0.8333333333333333
testCase Num: 83
2 1 0 0 0 1 0 0 2 2 0 0 
2 1 1 0 1 1 1 0 0 0 0 1 
2 1 0 0 0 1 0 0 2 2 0 1 
2 0 0 0 1 1 0 0 1 1 0 0 
1 0 0 0 0 1 0 1 2 0 1 1 
0 1 0 0 0 0 0 0 1 0 1 0 
0 0 1 1 0 0 1 0 2 2 1 0 
0 0 1 1 0 1 1 1 0 2 0 1 
1 0 0 0 0 1 1 1 2 2 1 1 
2 1 1 0 0 0 0 1 2 0 1 0 
2 1 0 1 1 0 0 1 1 2 0 1 
2 1 0 0 1 1 0 1 3 1 0 1 
2 1 0 0 0 1 0 1 2 2 0 0 
0 0 0 1 0 1 1 0 0 1 0 0 
2 0 1 0 1 1 1 1 2 1 0 1 
2 0 1 0 1 1 1 1 2 1 0 0 
2 0 1 0 0 1 1 1 2 1 0 0 
1 0 0 1 1 0 0 1 0 1 1 1 
1 1 1 0 1 0 1 0 0 2 1 0 
1 0 1 1 1 1 0 1 2 0 1 1 
1 0 0 0 0 1 0 1 3 2 1 1 
1 1 1 1 0 0 0 1 3 1 0 0 
1 0 0 0 0 1 0 1 2 2 0 1 
0 0 1 0 0 0 0 0 1 2 0 0 
1 1 0 1 0 0 1 0 2 0 0 0 
1 0 0 0 0 0 0 0 3 0 1 0 
2 1 0 0 0 1 0 0 2 2 1 0 
1 1 0 0 0 1 0 1 2 2 1 1 
0 0 0 0 0 0 0 1 2 0 0 1 
2 0 1 0 0 0 0 0 0 2 0 0 
2 0 0 0 0 1 0 0 2 2 0 0 
2 1 0 0 0 0 0 0 2 2 0 0 
1 0 0 0 1 0 1 0 3 1 0 1 
0 1 0 0 1 0 0 0 2 1 1 1 
0 1 1 0 0 1 0 0 3 2 0 0 
0 0 1 0 1 0 1 0 3 1 1 0 
2 0 1 0 1 1 0 1 2 1 0 0 
2 1 0 0 0 1 1 0 2 2 0 0 
0 0 0 0 1 0 0 0 2 2 0 0 
0 0 0 0 0 1 1 0 1 2 0 1 
1 0 0 1 1 1 0 0 3 2 0 1 
0 1 1 0 1 0 0 1 0 0 1 0 
1 0 0 1 0 1 1 1 0 0 0 0 
2 0 1 0 1 1 1 1 2 1 1 0 
2 1 1 0 1 1 1 1 2 1 0 0 
0 1 0 1 1 1 1 1 3 0 1 0 
1 0 0 0 1 1 0 1 2 2 1 1 
2 0 0 0 1 1 1 1 2 1 0 0 
2 1 0 0 1 1 0 0 2 2 0 0 
1 0 0 1 0 1 0 1 2 2 1 1 
2 1 0 1 0 1 0 0 2 2 0 0 
1 1 1 0 0 1 0 1 1 0 0 0 
0 0 0 0 0 1 0 0 2 0 0 0 
2 0 0 0 0 1 0 1 2 2 1 1 
0 0 0 0 0 0 0 0 3 0 0 1 
0 0 0 0 0 0 0 0 0 0 0 0 
1 0 0 0 0 0 0 1 2 2 1 1 
0 0 0 0 1 0 0 0 0 2 0 0 
2 0 1 1 1 1 1 1 2 1 0 0 
2 0 1 0 1 1 1 1 2 2 0 0 
2 1 1 0 0 1 0 0 2 2 0 0 
1 0 0 0 1 0 0 0 1 2 1 0 
1 0 0 0 0 0 0 0 2 1 0 0 
2 1 0 0 0 1 0 0 3 2 0 0 
2 0 1 1 0 0 0 0 3 0 1 1 
0 1 0 0 0 1 0 0 2 2 0 0 
2 0 1 0 0 0 0 0 0 1 0 0 
2 0 1 0 1 1 1 0 2 1 0 0 
1 0 1 0 0 1 0 1 2 2 1 1 
2 0 0 0 0 0 1 1 3 2 1 0 
1 0 0 0 0 1 0 0 2 2 1 1 
0 0 1 1 1 0 0 1 1 1 0 0 
2 1 0 1 0 1 0 1 0 1 1 0 
1 1 1 1 0 1 1 0 1 1 1 1 
2 0 0 0 1 0 1 0 1 0 1 0 
2 0 0 1 0 0 1 0 2 1 0 1 
2 0 1 0 1 1 1 1 3 1 0 0 
0 0 1 0 1 1 1 1 2 1 0 0 
2 0 1 0 1 0 1 1 2 1 0 0 
1 0 0 0 0 1 0 1 2 2 1 0 
1 0 0 0 0 1 0 1 2 2 1 1 
2 0 1 1 0 0 1 1 1 0 1 1 
2 1 0 0 0 1 0 0 2 0 0 0 
MFS
[ - , - , - , - , - , 1 , - , - , 2 , 2 , - , - ]
[ - , - , - , - , - , 1 , - , - , 2 , - , - , - ]
accurate
0.8333333333333333
testCase Num: 72
0 0 0 1 0 1 1 1 2 2 1 0 
2 0 0 1 1 0 0 0 2 2 0 0 
1 1 1 0 1 1 0 0 3 0 0 1 
1 0 0 0 0 0 1 0 2 2 0 0 
2 0 0 1 1 1 1 0 2 1 0 1 
0 0 0 1 0 1 0 1 2 2 0 0 
0 0 0 1 0 1 0 1 3 2 1 0 
2 0 0 0 1 1 1 0 2 2 0 1 
0 1 1 1 1 1 1 1 1 1 0 1 
1 0 1 1 0 0 1 1 3 0 1 0 
2 0 1 1 0 0 0 1 2 1 0 0 
2 0 1 1 0 0 0 1 1 2 0 1 
1 0 1 0 0 0 0 0 3 1 0 0 
1 0 1 0 1 0 0 0 1 0 0 0 
0 1 0 1 0 1 0 1 2 2 1 0 
0 0 1 1 0 1 0 1 2 2 1 0 
0 0 0 0 1 0 1 0 1 2 1 0 
2 0 0 0 0 0 0 1 3 0 0 0 
0 1 0 0 0 1 0 0 1 0 1 0 
1 1 0 0 0 1 0 1 1 2 0 0 
0 0 1 1 1 0 0 0 0 1 1 0 
0 0 0 1 0 1 0 0 3 0 0 0 
2 0 0 0 1 1 0 0 2 1 0 1 
0 0 0 1 1 0 1 1 3 2 0 0 
2 1 0 0 1 1 1 0 2 1 0 1 
0 0 0 1 0 1 0 1 2 2 1 1 
0 0 0 1 0 1 0 1 2 2 1 0 
2 0 0 1 1 1 1 0 1 0 0 0 
0 0 0 1 0 1 0 1 2 0 1 0 
0 1 0 0 0 1 0 1 3 1 1 1 
2 0 0 0 1 1 1 0 2 1 1 1 
2 1 0 1 0 0 1 0 0 2 0 1 
1 0 0 1 0 0 1 1 2 0 0 1 
1 1 0 0 1 0 0 1 2 2 1 1 
1 0 0 1 0 1 0 1 2 2 1 0 
2 0 0 0 1 1 1 1 2 1 0 1 
1 1 0 1 0 0 1 0 0 1 1 1 
1 0 0 1 0 0 1 0 1 1 1 1 
0 0 0 1 0 0 0 1 2 2 1 0 
2 1 0 0 0 0 0 0 2 0 1 0 
2 0 0 0 0 0 0 0 0 1 0 0 
2 0 0 0 0 1 1 0 2 1 0 1 
2 0 0 0 1 1 1 0 2 1 0 0 
2 0 0 0 1 1 1 0 2 1 0 1 
0 0 0 0 0 0 0 0 0 0 0 0 
0 0 0 0 1 0 1 0 3 0 1 1 
1 1 0 0 0 0 0 0 3 2 0 0 
1 0 0 0 0 0 0 0 2 1 0 0 
1 0 0 0 0 0 0 0 0 0 0 0 
0 0 0 1 0 1 0 0 2 2 1 0 
2 0 1 0 0 1 1 0 3 2 1 0 
0 1 1 0 1 0 0 0 2 2 0 1 
0 0 1 0 0 1 1 1 0 2 1 0 
2 0 1 0 1 1 1 0 2 1 0 1 
0 0 0 0 0 1 0 1 2 2 1 0 
0 1 0 0 0 0 0 0 2 1 1 0 
0 1 1 0 0 0 1 0 3 1 0 0 
1 0 0 0 1 1 1 1 0 1 0 0 
0 0 0 1 1 1 0 1 2 2 1 0 
1 0 1 0 1 1 0 0 2 0 1 0 
2 0 0 0 1 1 1 0 3 1 0 1 
0 0 0 0 1 1 1 0 2 1 0 1 
0 1 0 0 0 0 0 0 0 2 0 1 
2 1 0 1 1 1 0 1 0 0 1 0 
0 0 0 0 0 0 0 0 3 2 0 1 
0 0 1 0 1 0 0 1 1 0 1 1 
2 0 0 0 1 0 1 0 2 1 0 1 
2 1 1 0 0 0 1 1 0 0 1 1 
2 1 1 0 1 0 0 0 1 1 1 0 
1 0 1 1 1 1 0 0 0 2 0 1 
0 1 1 1 0 1 1 0 2 0 1 0 
2 1 0 1 1 0 0 0 3 1 0 1 
MFS
[ - , - , - , - , - , 1 , - , - , 2 , 2 , - , - ]
[ - , - , - , - , - , 1 , - , - , 2 , - , - , - ]
accurate
0.8333333333333333
testCase Num: 84
1 0 0 0 0 1 1 0 2 0 1 1 
2 1 0 0 0 0 1 1 1 1 1 0 
2 0 0 0 1 1 0 0 1 1 0 1 
1 1 1 0 1 0 1 0 0 2 0 1 
0 1 1 0 0 0 1 0 3 2 1 1 
1 1 1 0 0 0 1 1 3 0 0 0 
0 1 0 0 0 1 0 1 2 1 1 1 
2 0 0 0 1 1 1 0 2 0 0 0 
2 0 0 0 0 0 0 0 0 0 0 0 
0 1 0 0 0 1 0 1 2 1 1 0 
2 1 1 1 0 1 0 0 0 2 1 0 
1 0 0 1 0 1 0 0 0 0 0 0 
2 0 0 0 1 1 1 0 2 2 0 1 
0 1 0 0 1 1 0 1 2 1 1 1 
1 1 1 0 1 0 0 0 2 1 0 0 
2 0 0 0 0 1 1 0 2 2 0 0 
2 0 0 0 1 1 1 0 2 2 0 0 
2 1 0 1 1 1 0 1 0 0 0 1 
0 1 0 1 1 0 1 0 0 1 0 0 
2 0 1 1 0 1 0 0 2 1 1 1 
2 0 1 1 0 1 0 1 2 1 0 1 
0 0 0 0 0 0 1 0 2 1 0 0 
2 0 1 1 0 0 0 0 2 1 0 1 
2 0 1 1 0 0 0 0 1 0 1 1 
1 1 1 1 1 1 1 1 1 1 0 0 
0 1 0 0 0 1 1 1 2 1 1 1 
0 1 0 0 0 0 0 1 2 1 1 1 
2 1 0 0 0 0 0 0 2 0 0 0 
0 0 0 0 0 1 0 1 2 1 1 1 
2 0 1 0 1 1 1 0 2 2 0 0 
0 0 1 1 0 1 0 0 2 1 0 1 
0 1 0 0 0 1 0 1 2 1 0 1 
0 0 1 1 0 1 1 1 0 0 1 1 
2 0 0 0 0 0 0 0 1 2 0 0 
0 0 1 1 1 0 0 1 3 1 1 0 
0 1 0 0 0 1 0 1 3 1 1 1 
2 0 0 0 1 1 1 0 3 2 0 0 
0 0 0 0 1 1 1 0 2 2 0 0 
1 0 1 0 0 0 0 0 1 2 1 0 
0 1 1 0 0 1 0 1 2 1 1 1 
1 1 0 1 0 1 0 0 3 2 1 1 
1 0 0 0 1 1 0 0 1 0 1 0 
2 0 1 1 0 1 0 0 2 1 0 1 
2 1 0 0 0 0 0 1 3 2 0 0 
0 1 0 0 0 0 0 0 2 2 0 0 
2 0 0 0 1 0 1 0 2 2 0 0 
2 0 1 1 0 1 0 0 2 1 0 0 
1 1 0 1 0 0 0 1 1 0 0 0 
1 0 0 0 0 0 0 0 1 0 0 1 
0 1 0 0 0 1 0 0 2 1 1 1 
1 0 0 0 1 0 0 0 3 0 0 0 
0 0 0 0 1 0 0 1 0 2 1 0 
0 1 0 0 0 1 0 1 2 2 1 1 
2 0 0 1 1 1 1 0 2 2 0 0 
2 0 1 1 0 1 0 0 2 2 0 1 
1 0 0 1 0 0 1 1 2 2 0 0 
1 0 0 0 0 0 0 1 0 1 1 1 
0 0 0 0 0 0 0 0 0 0 0 0 
0 1 0 1 0 1 0 1 2 1 1 1 
2 0 1 1 0 1 0 0 3 1 0 1 
2 0 1 0 1 1 1 1 0 1 0 0 
0 0 0 1 1 0 1 1 1 2 0 1 
0 0 0 0 0 0 1 0 1 1 1 0 
1 1 0 0 0 1 0 1 2 1 1 1 
0 0 0 0 0 0 0 1 2 0 0 0 
2 0 0 1 0 1 0 0 2 1 0 1 
2 0 1 1 0 1 1 0 2 1 0 1 
2 0 1 1 0 0 1 0 3 0 0 1 
2 0 0 0 1 1 0 0 2 2 0 0 
0 1 1 0 0 1 0 0 1 2 0 1 
2 1 0 0 1 0 0 0 3 0 1 0 
0 1 1 1 1 0 1 0 2 0 1 0 
0 0 0 0 1 1 0 1 3 2 0 0 
2 1 0 0 1 1 1 0 2 2 0 0 
2 0 0 0 1 1 1 0 3 1 0 1 
2 0 0 0 1 1 1 0 2 2 1 0 
2 1 1 1 0 1 0 0 2 1 0 1 
2 0 1 0 1 0 0 1 2 2 1 1 
2 0 1 1 1 1 0 0 2 1 0 1 
1 1 0 0 0 0 0 1 3 1 0 1 
0 0 0 0 0 0 1 0 1 0 0 0 
2 0 1 0 0 1 0 0 2 1 0 1 
2 0 0 0 1 1 1 1 2 2 0 0 
0 0 1 0 0 1 0 0 3 0 0 0 
MFS
[ - , - , - , - , - , 1 , - , - , 2 , 2 , - , - ]
[ - , - , - , - , - , 1 , - , - , 2 , - , - , - ]
accurate
0.8333333333333333
testCase Num: 79
1 0 0 0 0 1 1 0 2 2 1 1 
2 0 1 0 0 0 0 0 0 2 1 1 
0 0 1 1 0 0 1 1 0 1 1 1 
0 0 0 1 0 0 0 1 2 1 1 0 
1 1 1 0 1 1 0 0 0 0 1 1 
2 0 0 0 0 0 0 0 2 1 0 0 
2 0 1 0 0 1 0 1 3 1 0 0 
1 0 0 1 0 1 0 0 2 1 0 0 
1 0 0 1 0 1 0 0 2 1 0 1 
1 0 0 1 0 1 0 0 2 1 1 0 
2 1 1 1 1 0 1 1 2 2 0 0 
1 0 0 0 1 1 0 0 2 2 1 1 
2 0 0 1 1 0 0 1 2 0 1 0 
0 0 1 1 0 1 0 1 2 2 1 1 
1 0 0 1 0 0 0 0 2 1 0 0 
2 0 1 0 1 1 0 0 1 2 0 1 
1 0 0 0 0 0 1 1 1 0 0 1 
0 1 1 1 0 1 0 1 1 0 1 0 
1 0 0 1 0 1 0 1 2 1 0 0 
2 0 0 1 0 1 0 0 2 1 0 0 
1 1 1 1 1 1 1 1 1 1 0 0 
2 1 0 0 0 0 0 0 1 1 1 0 
0 0 1 0 0 1 1 1 2 2 1 1 
1 0 0 0 1 0 1 0 2 2 1 1 
1 0 0 1 0 0 0 0 1 2 1 0 
2 1 0 1 0 0 1 0 3 2 0 0 
0 0 1 0 0 0 0 1 2 2 1 1 
0 0 0 1 1 0 1 0 1 2 1 1 
0 0 1 0 0 1 0 1 2 0 1 1 
0 0 1 0 0 1 0 1 3 2 1 1 
0 0 1 0 0 1 0 1 2 2 0 1 
2 0 0 0 1 0 1 0 3 0 1 1 
1 0 0 0 0 0 0 0 3 1 0 1 
1 0 0 1 1 1 1 0 2 2 1 1 
1 0 0 1 1 0 1 0 0 2 0 0 
1 0 1 1 0 0 0 1 3 0 0 1 
1 1 1 0 0 0 0 1 2 0 0 0 
0 0 0 1 1 1 0 0 3 1 1 1 
2 0 0 0 1 1 0 0 1 0 0 0 
0 0 1 0 0 1 0 0 2 2 1 1 
2 1 0 1 0 1 1 0 2 0 1 1 
1 0 1 1 0 1 0 0 2 1 0 0 
0 1 1 0 1 0 1 0 2 1 0 1 
0 0 0 0 1 0 0 0 3 2 0 0 
2 1 1 1 0 0 1 1 1 2 0 1 
1 0 0 1 0 1 0 0 2 2 0 0 
1 0 0 1 0 1 0 0 3 1 0 0 
0 0 1 0 0 1 0 1 2 2 1 0 
0 0 0 0 0 0 0 0 0 0 0 0 
0 0 1 0 0 1 0 1 2 2 1 1 
0 0 1 0 1 1 0 1 2 2 1 1 
0 1 0 0 0 0 1 0 3 1 0 0 
1 0 1 0 1 1 1 0 2 2 1 1 
2 1 1 1 0 0 1 1 0 0 0 0 
0 1 1 0 1 1 1 1 3 0 1 0 
1 1 0 0 1 1 1 0 2 2 1 1 
1 0 0 1 0 1 1 0 2 1 0 0 
1 0 0 0 1 1 1 0 3 2 1 1 
1 0 0 0 1 1 1 0 2 2 0 1 
1 0 1 0 0 1 0 1 2 2 1 1 
0 0 0 0 0 1 0 1 2 2 1 1 
1 1 0 0 1 0 0 1 3 2 1 1 
0 1 0 1 0 1 0 1 0 2 0 0 
0 0 0 0 0 0 0 0 2 0 0 1 
0 0 0 0 1 0 0 0 0 0 0 0 
1 0 0 1 1 1 0 0 2 1 0 0 
2 0 0 0 1 1 1 0 2 2 1 1 
1 0 0 0 1 1 1 1 2 2 1 1 
1 1 0 1 0 1 0 0 2 1 0 0 
0 0 0 0 0 0 0 0 1 1 0 1 
1 0 1 0 0 1 1 0 3 2 1 0 
1 0 0 0 0 1 0 0 2 1 0 0 
1 1 0 0 0 0 0 1 0 1 1 0 
0 1 1 0 0 1 0 1 2 2 1 1 
2 0 1 1 0 0 0 0 0 1 1 0 
1 0 0 0 1 1 1 0 2 0 1 1 
1 0 0 0 1 1 1 0 2 2 1 0 
1 0 0 0 1 1 1 0 2 2 1 1 
2 0 0 0 1 1 1 1 0 1 0 1 
MFS
[ - , - , - , - , - , 1 , - , - , 2 , 2 , - , - ]
[ - , - , - , - , - , 1 , - , - , 2 , - , - , - ]
accurate
0.8333333333333333
testCase Num: 72
2 0 1 0 0 1 1 0 2 2 1 0 
1 1 1 1 0 0 0 0 3 0 1 1 
2 0 0 1 1 1 0 1 2 1 0 0 
0 0 0 0 0 0 0 0 2 2 0 0 
2 1 0 1 0 1 0 1 2 1 0 0 
1 0 1 1 0 1 1 1 0 1 0 1 
2 1 1 1 0 1 1 0 2 2 1 0 
2 0 0 1 0 1 0 0 2 1 0 0 
2 0 1 1 0 1 1 0 2 2 0 0 
2 0 1 1 0 1 1 0 3 2 1 0 
2 1 1 0 1 0 1 0 0 1 0 0 
0 0 1 1 0 1 1 0 2 2 1 0 
2 0 1 1 0 0 1 0 2 2 1 0 
2 1 0 1 0 1 0 0 1 1 0 0 
2 1 0 0 0 0 0 0 2 0 0 0 
2 0 1 1 0 1 0 1 2 1 0 0 
0 1 1 1 0 0 1 1 3 2 0 0 
2 0 0 0 0 0 0 0 1 2 0 0 
2 0 0 1 0 1 0 1 2 2 0 0 
2 0 1 1 1 1 1 1 1 0 0 0 
2 0 0 1 0 1 0 1 3 1 0 0 
1 1 0 1 1 0 1 1 1 1 1 1 
0 0 0 0 0 0 0 0 0 1 1 0 
2 1 0 1 1 0 0 1 0 0 1 0 
1 0 0 0 1 1 1 1 3 0 0 0 
0 1 0 1 0 1 0 1 2 0 0 1 
1 1 1 0 0 1 0 0 0 2 1 0 
0 0 0 0 1 1 0 1 3 1 1 1 
1 0 0 1 1 0 0 1 2 2 0 0 
2 0 0 1 0 0 0 1 2 1 0 0 
0 0 0 0 0 1 0 0 1 1 1 0 
2 0 0 1 0 1 1 1 2 1 0 0 
1 0 0 0 0 0 0 0 1 0 0 0 
0 1 1 0 0 0 0 0 1 0 0 0 
2 0 1 1 0 1 1 0 2 2 1 1 
0 0 1 1 1 0 0 0 1 2 1 1 
2 0 1 1 0 1 1 0 2 2 1 0 
0 1 1 0 1 1 1 0 0 0 1 1 
2 0 1 1 1 1 1 0 2 2 1 0 
2 0 1 1 0 1 1 0 2 0 1 0 
0 0 1 0 1 0 1 0 3 1 0 0 
0 0 0 1 0 1 0 1 2 1 0 0 
2 0 0 0 0 0 0 0 3 2 1 0 
1 0 0 1 1 1 0 0 3 1 0 0 
0 0 0 0 0 0 0 0 3 0 0 0 
0 0 0 0 0 0 0 0 0 0 0 0 
0 0 0 0 0 0 0 0 0 2 0 0 
2 0 0 0 0 1 0 1 2 1 0 0 
2 1 0 1 0 1 1 1 3 1 1 0 
2 0 1 1 0 1 0 0 2 2 1 0 
1 0 0 0 1 0 1 1 0 2 1 0 
1 0 0 0 0 0 0 0 2 1 0 0 
2 0 0 1 0 1 0 0 0 2 0 1 
1 0 0 0 0 0 0 0 0 0 0 0 
1 1 1 0 1 1 1 1 2 0 1 0 
0 0 0 1 0 0 0 1 0 1 0 1 
1 1 0 0 0 1 1 0 1 2 0 1 
2 1 0 0 0 0 0 0 1 0 1 1 
1 0 1 0 0 0 0 1 1 1 1 0 
2 1 1 0 1 1 0 1 3 2 0 1 
1 1 0 0 0 0 0 0 2 2 1 1 
2 0 0 1 0 1 1 0 2 2 1 0 
0 0 1 0 1 0 1 0 2 0 0 1 
2 0 0 1 0 1 0 1 2 1 0 0 
2 0 0 1 0 1 0 1 2 1 0 1 
2 0 0 0 0 0 1 0 3 0 1 1 
2 0 0 1 0 1 0 1 2 1 1 0 
2 0 1 1 0 1 1 1 2 2 1 0 
2 0 0 0 1 0 1 0 2 1 0 1 
1 0 0 0 0 0 0 0 3 2 0 0 
0 0 0 0 1 1 1 1 1 2 0 0 
0 1 1 0 0 0 0 0 2 1 1 0 
MFS
[ - , - , - , - , - , 1 , - , - , 2 , 2 , - , - ]
[ - , - , - , - , - , 1 , - , - , 2 , - , - , - ]
accurate
0.8333333333333333
testCase Num: 84
1 0 0 0 0 1 1 0 1 0 0 0 
2 0 0 0 0 1 1 1 2 2 0 0 
1 1 1 1 0 1 0 0 3 1 0 0 
0 0 0 0 0 1 1 1 2 1 1 0 
1 0 1 0 0 0 0 1 2 0 1 0 
2 1 0 0 0 1 1 0 3 1 0 1 
0 0 1 1 1 0 1 0 3 1 0 0 
1 0 0 0 1 1 0 0 0 1 0 0 
1 0 0 1 1 0 1 1 0 0 0 1 
2 1 1 0 0 1 1 1 1 2 1 1 
1 1 1 1 0 1 1 0 2 1 0 0 
0 0 0 0 0 0 0 0 0 1 0 0 
1 0 1 0 0 0 0 0 1 2 0 0 
0 0 0 0 0 1 1 0 2 1 1 1 
0 0 0 0 0 1 1 0 2 1 1 0 
0 0 0 0 1 1 1 0 2 1 1 0 
1 0 0 0 1 0 1 1 3 1 0 0 
1 1 0 1 1 1 1 1 1 1 1 0 
2 1 1 0 1 1 0 0 1 0 1 1 
1 0 0 0 1 0 0 0 2 0 0 1 
1 0 0 0 0 1 0 1 2 2 0 0 
1 0 0 0 1 0 0 0 1 1 1 1 
0 0 1 0 0 0 1 1 0 2 0 1 
1 1 1 1 0 1 0 0 2 2 0 0 
2 0 1 1 0 0 0 0 3 1 1 0 
0 1 1 0 0 0 1 1 1 0 0 1 
2 0 0 1 1 0 0 0 1 2 0 0 
2 0 1 1 0 0 1 0 2 2 1 1 
0 0 1 0 0 0 1 0 3 0 1 1 
0 0 1 0 0 1 1 0 2 1 1 0 
2 0 0 0 1 0 0 0 3 2 0 0 
1 0 0 0 0 1 1 1 2 2 0 1 
1 0 0 0 0 1 1 1 2 2 0 0 
0 0 0 0 0 1 1 0 2 1 0 0 
1 0 0 0 0 1 1 1 2 2 1 0 
0 0 0 0 0 0 0 0 1 2 0 0 
0 0 0 0 0 1 1 0 3 1 1 0 
1 1 1 0 0 0 1 1 0 1 1 1 
1 1 1 0 1 0 1 0 3 2 1 1 
1 0 0 1 0 0 0 0 3 2 0 0 
0 1 0 1 1 1 1 0 2 0 0 1 
0 0 0 0 0 0 1 0 2 1 1 0 
2 0 0 0 1 0 0 1 2 1 0 1 
2 0 1 0 1 1 1 0 0 0 1 0 
1 0 0 0 0 1 1 0 2 1 1 0 
1 1 1 1 0 1 0 0 2 1 1 0 
0 1 0 1 1 1 0 0 0 2 1 1 
0 0 0 0 0 1 0 1 3 2 1 0 
1 1 0 0 0 0 0 0 0 0 0 0 
1 0 1 1 0 1 0 0 2 1 0 0 
1 1 1 1 0 0 0 0 2 1 0 0 
0 0 0 1 0 1 1 0 2 1 1 0 
2 1 0 1 0 0 0 1 3 0 1 0 
0 0 0 0 0 0 0 0 0 0 0 0 
2 1 1 1 0 1 0 0 2 1 0 0 
1 0 0 0 1 1 1 1 2 2 0 0 
0 0 0 0 0 1 1 0 2 2 1 0 
1 1 0 0 0 1 1 1 2 2 0 0 
1 0 0 0 0 1 1 1 2 0 0 0 
1 0 1 1 1 1 0 1 3 0 0 1 
0 1 0 0 1 0 0 0 1 1 0 0 
1 1 1 1 0 1 0 0 2 1 0 1 
1 1 1 1 0 1 0 0 2 1 0 0 
1 0 0 0 0 1 1 0 2 2 0 0 
1 1 1 1 1 1 0 0 2 1 0 0 
1 0 0 0 0 0 0 0 0 2 0 0 
0 0 0 1 0 0 0 1 2 0 0 0 
0 0 0 0 0 1 0 0 2 1 1 0 
1 1 1 0 0 1 0 0 2 1 0 0 
0 1 0 0 0 0 0 0 3 0 0 0 
1 0 1 0 0 1 1 1 2 2 0 0 
1 1 1 1 0 1 0 1 2 1 0 0 
2 0 0 0 0 0 0 0 1 1 0 0 
0 1 0 0 0 1 1 0 2 1 1 0 
0 1 1 0 1 0 0 1 2 2 1 0 
1 0 0 1 0 1 1 1 2 2 0 0 
1 1 0 1 0 1 0 0 2 1 0 0 
1 0 0 0 0 1 1 1 3 2 0 0 
0 0 1 1 0 1 0 1 1 1 1 1 
0 0 0 1 0 0 0 0 1 0 0 0 
2 1 1 1 0 1 0 1 0 2 0 0 
2 0 0 1 0 0 0 0 0 1 0 1 
1 0 0 0 0 0 1 1 2 2 0 0 
2 1 0 0 0 1 0 0 2 0 0 0 
MFS
[ - , - , - , - , - , 1 , - , - , 2 , 2 , - , - ]
[ - , - , - , - , - , 1 , - , - , 2 , - , - , - ]
accurate
0.8333333333333333
testCase Num: 83
2 1 0 1 1 0 0 0 1 0 0 1 
0 1 0 0 1 1 1 1 2 2 0 0 
1 0 0 0 0 1 1 0 0 1 1 0 
1 1 0 1 0 0 1 0 1 1 0 0 
0 1 0 0 1 1 1 1 2 0 0 1 
0 1 0 0 1 1 1 1 2 2 0 1 
0 1 0 0 0 1 1 1 2 2 0 1 
0 0 1 1 0 1 1 0 2 1 0 0 
0 1 1 1 0 0 1 0 2 1 0 0 
1 1 1 0 0 1 0 0 2 1 1 1 
2 0 0 0 0 0 0 0 0 0 0 0 
0 1 1 1 0 1 0 0 2 1 0 0 
0 0 0 0 0 0 0 0 2 2 1 0 
1 1 0 0 0 1 0 0 2 2 1 1 
1 1 1 1 0 1 1 0 2 1 0 0 
0 1 1 0 1 0 0 1 0 0 1 1 
1 1 0 0 0 1 0 0 3 1 1 1 
1 1 0 1 0 1 0 0 2 1 1 1 
1 1 1 0 1 1 1 0 3 2 1 0 
2 0 0 1 0 0 0 0 0 2 1 0 
1 1 0 0 0 1 1 0 2 1 1 1 
0 0 0 1 0 1 0 0 3 2 0 1 
0 1 1 1 0 1 1 0 2 1 0 0 
0 1 0 0 1 1 1 1 2 2 1 1 
0 1 1 1 0 1 1 0 2 1 0 1 
0 1 1 0 0 1 1 0 2 1 0 0 
2 0 0 0 1 1 1 0 3 0 0 0 
0 0 0 1 0 1 0 1 2 0 1 1 
0 0 0 1 0 0 1 0 0 1 0 0 
1 0 1 0 0 0 0 0 1 2 0 1 
1 1 0 0 0 1 0 0 2 1 0 1 
0 1 0 0 1 1 0 1 2 2 0 1 
0 1 1 1 0 1 1 1 2 1 0 0 
1 1 0 0 0 1 0 0 2 1 1 0 
1 0 0 1 0 1 1 1 0 0 0 1 
0 0 0 0 0 0 0 0 1 2 0 0 
0 0 1 0 1 0 0 1 3 2 1 0 
0 1 0 1 0 1 1 0 2 1 0 0 
1 1 1 1 1 0 1 1 0 1 1 1 
1 0 1 0 1 0 1 0 2 0 1 0 
1 0 0 0 0 0 0 0 1 0 0 0 
0 1 1 1 0 1 1 0 2 1 1 0 
0 1 0 1 1 1 0 0 0 2 1 0 
2 1 1 0 0 1 0 1 3 0 1 1 
0 1 0 1 1 1 1 1 2 2 0 1 
0 0 1 1 1 1 0 0 1 1 0 1 
2 0 0 0 0 0 0 0 2 2 0 0 
1 0 0 1 1 1 0 0 3 1 0 0 
0 0 0 0 0 0 0 0 3 0 0 0 
1 1 0 0 0 1 0 0 2 1 1 1 
0 1 1 1 1 1 1 1 1 0 0 0 
0 0 0 0 0 0 0 0 0 0 0 0 
2 1 0 0 0 0 1 0 2 1 0 0 
1 1 0 0 1 1 1 1 2 2 0 1 
1 0 0 0 0 1 0 0 2 1 1 1 
2 1 1 0 0 0 1 0 0 2 0 1 
1 1 0 0 0 0 0 0 2 1 1 1 
0 1 0 0 1 0 1 1 2 2 0 1 
1 1 0 0 0 1 0 1 2 1 1 1 
0 0 1 1 0 0 0 0 3 0 0 0 
0 0 0 0 1 1 1 1 2 2 0 1 
0 1 1 1 1 1 1 0 2 1 0 0 
2 1 0 0 0 1 0 0 2 1 1 1 
2 0 1 1 0 1 1 0 1 2 1 0 
1 0 1 1 0 0 0 1 2 2 0 0 
0 1 1 1 0 1 1 0 2 2 0 0 
2 0 0 1 1 0 1 1 3 2 1 1 
0 1 0 0 1 1 1 1 3 2 0 1 
0 1 1 0 1 1 1 1 2 2 0 1 
0 1 1 0 0 0 1 0 3 1 0 0 
2 0 0 0 0 0 0 0 1 1 0 0 
2 0 1 0 1 1 0 1 0 1 0 0 
2 0 1 1 1 0 0 1 2 1 1 1 
1 1 0 0 1 1 0 0 2 1 1 1 
0 1 0 0 1 1 1 0 2 2 0 1 
1 0 0 0 0 0 0 1 0 2 0 0 
0 0 0 0 0 0 1 1 1 1 1 1 
2 0 0 0 0 0 0 1 3 1 1 1 
1 1 0 1 0 0 0 1 3 0 0 1 
1 1 0 0 1 1 0 1 1 2 1 0 
2 0 0 0 0 0 0 1 1 0 1 0 
2 1 0 0 0 1 0 0 2 0 0 0 
0 1 1 1 0 1 1 0 3 1 0 0 
MFS
[ - , - , - , - , - , 1 , - , - , 2 , 2 , - , - ]
[ - , - , - , - , - , 1 , - , - , 2 , - , - , - ]
accurate
0.8333333333333333
testCase Num: 97
1 0 1 0 0 0 0 1 3 1 0 0 
1 0 0 1 1 1 0 1 2 1 1 0 
2 1 0 0 0 1 0 0 2 2 0 1 
2 0 1 1 0 1 1 0 0 2 1 0 
1 0 1 0 1 0 0 1 0 1 1 0 
0 0 1 0 0 0 1 1 2 1 1 0 
2 1 0 1 0 1 0 0 2 1 0 1 
1 0 1 0 0 1 1 1 2 1 1 0 
0 0 1 0 1 0 1 0 1 1 0 1 
0 0 0 0 0 0 0 0 2 0 1 0 
2 1 1 0 0 1 0 0 2 1 0 1 
0 0 1 1 0 1 1 1 2 1 1 0 
0 0 0 0 0 1 0 0 2 2 1 0 
0 0 1 0 0 1 1 1 2 2 1 0 
0 1 0 1 1 1 0 0 3 1 1 0 
1 0 1 0 0 0 1 0 0 2 0 0 
0 1 0 0 0 1 0 0 2 1 0 1 
2 1 0 0 0 0 0 1 1 2 1 0 
2 1 1 1 1 0 0 1 2 0 0 0 
0 0 1 0 0 1 1 0 2 1 1 0 
2 0 0 0 0 0 0 0 1 0 0 1 
0 1 0 0 0 1 1 0 2 0 0 1 
0 0 0 0 0 1 0 0 2 2 0 0 
0 0 0 0 0 1 0 0 2 2 0 1 
0 0 1 0 0 1 1 1 2 1 0 0 
2 0 0 1 1 1 0 0 2 1 1 0 
2 1 0 0 0 1 0 0 2 1 0 0 
2 1 0 0 0 1 0 0 2 1 0 1 
0 0 0 0 0 1 0 0 2 0 0 0 
0 0 0 1 0 1 0 1 1 0 1 1 
2 0 0 0 1 0 0 0 0 1 0 0 
1 1 1 0 0 0 0 0 3 2 1 1 
0 0 0 0 0 1 1 0 2 2 0 0 
1 0 0 1 1 1 0 0 2 2 1 0 
0 0 0 0 0 0 0 0 0 2 0 0 
1 0 0 0 1 1 0 0 2 1 1 0 
2 0 1 0 0 1 0 0 3 0 0 1 
0 0 0 0 0 1 0 0 3 2 0 0 
0 0 1 0 1 1 1 1 2 1 1 0 
0 1 1 0 1 0 1 1 0 0 1 1 
1 1 1 1 0 1 1 1 1 1 0 1 
1 1 0 1 1 0 1 0 1 0 1 0 
2 1 0 0 0 1 0 0 2 1 1 1 
0 1 0 1 1 1 0 0 0 1 0 0 
2 0 0 0 0 1 0 0 2 1 0 1 
2 1 0 0 0 1 1 0 2 1 0 1 
1 0 0 1 1 1 0 0 2 1 0 0 
0 0 1 0 0 1 0 1 2 1 1 0 
0 1 1 0 1 0 0 1 1 0 0 0 
0 0 0 1 0 1 1 0 1 2 0 0 
1 0 0 1 1 0 0 0 2 1 1 0 
0 1 1 0 0 1 1 1 2 1 1 0 
0 0 0 0 1 0 1 0 3 2 0 1 
0 0 0 1 0 1 0 0 2 2 0 0 
2 0 0 0 0 1 0 0 3 2 0 0 
0 0 0 0 0 1 1 1 2 1 1 0 
2 0 0 0 0 1 0 1 0 0 1 1 
1 0 0 0 0 1 0 0 2 2 0 0 
1 0 0 1 1 1 0 0 2 1 1 0 
1 0 0 1 1 1 0 0 2 1 1 1 
1 0 0 1 0 1 0 0 2 1 1 0 
0 0 0 0 0 0 0 0 2 2 0 0 
2 0 1 0 1 1 0 0 1 2 0 0 
2 1 0 0 0 1 0 0 3 1 0 1 
0 0 1 0 0 1 0 0 2 2 0 0 
1 0 0 1 0 0 0 0 0 0 0 0 
0 1 1 1 0 0 1 1 3 2 0 0 
1 1 0 1 1 1 0 0 2 1 1 0 
1 0 0 0 1 1 1 1 3 0 0 0 
1 0 1 1 0 1 1 0 2 0 0 1 
1 0 0 1 0 0 0 0 3 0 0 0 
0 0 1 0 0 1 1 1 3 1 1 0 
1 1 1 0 0 0 0 1 2 2 0 0 
1 0 0 0 0 0 0 0 1 2 0 1 
2 0 0 0 1 0 1 1 2 2 1 1 
1 1 0 1 1 1 0 1 0 2 0 1 
2 0 1 1 0 0 1 0 1 1 1 0 
0 0 0 0 0 1 0 1 2 2 0 0 
2 1 0 1 1 0 1 0 3 0 1 0 
2 1 0 0 0 1 0 1 2 1 0 1 
0 0 0 0 0 0 0 0 0 0 0 0 
0 1 0 1 0 0 0 0 2 2 1 0 
0 0 1 0 0 1 1 1 2 1 1 1 
0 0 1 0 0 1 1 1 2 1 1 0 
1 0 0 0 0 0 0 0 0 0 0 0 
0 1 0 0 0 1 0 0 2 2 0 0 
2 0 0 1 0 0 1 1 3 1 1 1 
1 0 1 1 1 1 0 0 2 1 1 0 
2 1 0 0 0 0 0 0 2 1 0 1 
0 0 1 0 1 0 0 0 3 0 0 0 
0 0 0 0 1 0 0 0 2 1 0 0 
1 0 0 1 1 1 0 0 3 1 1 0 
2 1 0 1 0 0 1 0 0 1 0 1 
1 0 0 1 1 1 1 0 2 1 1 0 
0 0 0 0 1 1 0 0 2 2 0 0 
1 0 0 0 0 0 0 0 1 1 0 0 
2 1 0 0 1 1 0 0 2 1 0 1 
MFS
[ - , - , - , - , - , 1 , - , - , 2 , 2 , - , - ]
[ - , - , - , - , - , 1 , - , - , 2 , - , - , - ]
accurate
0.8333333333333333
testCase Num: 100
2 1 0 1 0 1 0 0 2 1 0 0 
1 0 0 0 1 1 0 1 1 0 0 0 
0 0 1 0 0 1 1 0 2 0 0 1 
2 0 0 0 0 1 1 0 3 0 1 1 
2 0 0 1 0 1 1 0 2 1 0 0 
0 0 0 1 1 1 1 0 3 1 0 0 
1 1 0 1 0 0 0 0 2 1 0 0 
2 0 0 0 0 1 1 0 2 2 0 0 
1 1 1 0 1 1 1 0 1 1 1 1 
0 0 0 0 0 0 0 0 0 1 0 0 
2 0 1 1 1 1 1 1 2 2 0 0 
0 1 0 0 0 0 1 0 3 0 0 0 
0 1 1 1 1 0 1 1 0 0 1 0 
1 0 0 0 0 0 0 0 2 2 0 0 
0 0 0 1 1 1 1 1 2 2 0 0 
0 0 0 0 0 1 0 1 1 1 0 0 
0 1 0 0 0 0 0 1 2 1 1 0 
2 0 1 0 0 1 1 0 2 1 0 0 
0 1 0 0 0 1 0 1 3 1 1 0 
1 0 1 0 1 1 0 0 3 0 0 0 
1 1 0 1 0 1 0 0 2 2 0 0 
0 0 0 0 0 1 1 0 2 1 0 0 
2 0 0 0 0 0 1 0 2 1 0 0 
2 0 0 1 1 1 1 1 2 2 0 0 
0 1 0 0 0 1 0 0 2 1 1 0 
1 0 1 0 0 0 1 0 3 2 0 0 
1 1 0 1 1 0 1 0 2 0 1 1 
2 1 1 0 1 0 0 0 3 1 1 0 
2 0 0 0 0 1 1 1 2 1 0 0 
2 0 0 1 0 1 1 1 2 2 0 0 
0 0 0 0 1 1 0 0 3 2 1 0 
2 0 0 1 1 1 1 1 2 2 0 1 
0 1 0 1 1 1 0 0 0 2 1 1 
2 0 0 1 1 1 1 0 2 2 0 0 
0 1 1 0 1 1 0 1 3 0 0 1 
0 1 0 0 0 1 0 1 2 2 1 0 
2 0 0 0 1 1 1 0 2 1 0 0 
0 0 1 0 0 0 0 1 3 1 0 1 
1 1 0 1 0 1 1 1 1 0 1 0 
2 0 0 1 1 1 1 1 2 2 1 0 
2 0 0 0 0 1 0 0 2 1 0 0 
0 0 0 1 0 0 0 1 2 0 0 0 
2 0 0 0 0 0 0 0 3 2 0 0 
2 1 0 0 0 1 1 0 2 1 0 0 
0 0 0 0 1 0 0 0 0 0 0 0 
1 1 0 1 0 1 0 0 2 1 0 1 
1 1 0 1 0 1 0 0 2 1 0 0 
2 0 0 0 0 0 0 0 0 2 0 0 
2 0 0 1 0 1 0 0 0 0 1 1 
1 0 0 1 1 0 0 0 1 2 0 0 
0 1 0 0 0 1 0 1 2 1 1 1 
0 1 0 0 0 1 0 1 2 1 1 0 
0 0 1 0 1 0 0 1 1 2 1 1 
0 1 0 0 1 1 0 1 2 1 1 0 
0 0 0 0 0 0 0 0 1 0 0 0 
1 0 1 0 0 0 1 1 2 1 0 1 
1 0 0 1 0 1 0 0 2 1 0 0 
2 0 1 1 1 0 1 1 3 0 0 0 
1 1 0 1 0 1 0 0 2 1 1 0 
2 0 0 1 1 1 1 1 3 2 0 0 
0 0 1 0 1 0 0 0 2 2 1 0 
0 1 0 0 0 1 1 1 2 1 1 0 
2 1 0 0 0 1 0 0 1 2 0 1 
0 0 0 0 0 1 0 1 2 1 1 0 
2 1 0 0 1 0 0 1 0 1 0 1 
0 1 0 0 0 1 0 1 2 1 0 0 
2 1 1 0 0 1 1 1 0 2 1 0 
2 0 0 0 0 1 1 0 3 1 0 0 
2 0 0 0 0 0 0 0 2 0 1 0 
2 0 1 0 1 0 1 0 1 0 0 1 
1 1 0 0 0 1 0 0 2 1 0 0 
1 1 0 1 1 1 0 0 2 1 0 0 
0 1 1 0 0 1 0 1 2 1 1 0 
1 0 0 0 0 0 0 0 3 1 0 0 
2 0 0 1 1 1 1 1 2 0 0 0 
1 1 0 1 0 1 0 1 2 1 0 0 
1 1 0 1 0 1 1 0 2 1 0 0 
2 0 0 0 0 1 1 0 2 1 0 0 
2 0 0 0 0 1 1 0 2 1 0 1 
0 0 0 0 0 0 0 0 0 0 0 0 
1 0 0 1 0 1 1 1 0 1 1 1 
0 1 0 1 0 1 0 1 2 1 1 0 
1 1 0 1 0 1 0 0 3 1 0 0 
1 1 0 1 0 0 0 1 3 2 1 1 
2 1 0 0 0 0 0 0 2 2 0 1 
1 0 0 0 0 0 0 0 0 0 0 0 
2 0 0 0 0 0 0 1 1 0 0 0 
1 1 0 0 0 1 0 1 2 1 1 0 
1 1 1 1 0 1 0 0 2 1 0 0 
2 0 1 1 0 0 0 0 1 1 1 0 
2 0 0 1 1 0 1 1 2 2 0 0 
2 1 0 1 1 1 1 1 2 2 0 0 
2 0 0 0 0 1 1 0 2 1 1 0 
0 0 0 0 1 0 0 0 2 1 0 0 
2 0 0 1 1 1 0 1 2 2 0 0 
0 1 0 1 0 0 1 0 1 2 0 1 
2 1 1 1 0 0 0 0 2 0 0 1 
1 1 1 0 0 0 1 0 0 1 0 0 
1 0 1 1 1 1 0 0 0 2 0 1 
2 0 0 0 1 1 1 1 2 2 0 0 
MFS
[ - , - , - , - , - , 1 , - , - , 2 , 2 , - , - ]
[ - , - , - , - , - , 1 , - , - , 2 , - , - , - ]
accurate
0.8333333333333333
testCase Num: 69
0 0 1 1 0 0 0 0 1 1 1 0 
1 0 0 0 0 1 1 0 3 1 0 1 
0 0 0 1 1 1 1 1 1 2 0 0 
1 1 0 1 1 1 1 0 1 1 1 1 
2 0 1 0 1 1 0 1 2 2 1 0 
0 0 0 1 0 0 0 0 3 0 0 0 
2 0 1 0 1 1 0 1 2 2 1 1 
2 0 1 0 0 1 0 1 2 2 1 0 
1 1 0 0 0 1 0 0 0 1 1 0 
2 0 1 0 1 1 0 1 2 0 1 0 
1 0 0 1 0 1 0 0 2 1 0 1 
2 0 0 0 0 0 1 0 2 1 1 0 
1 0 1 0 1 0 0 0 3 1 0 0 
0 0 1 0 1 0 0 1 3 2 0 0 
1 1 0 1 0 1 1 1 2 0 0 0 
2 0 0 0 0 1 0 1 3 0 1 1 
0 0 0 1 0 0 0 0 2 1 0 1 
2 0 1 0 1 1 0 0 2 2 1 0 
0 1 1 0 0 0 1 1 3 1 0 1 
1 0 1 0 1 0 1 0 0 2 0 0 
0 0 0 1 0 1 0 0 2 1 1 1 
2 1 0 0 0 0 1 1 0 2 1 1 
2 0 0 1 0 1 0 0 1 0 1 1 
1 0 1 0 0 1 0 1 1 1 0 0 
2 1 0 0 1 0 0 0 0 0 0 0 
0 1 1 0 1 1 1 0 3 0 1 0 
0 1 0 0 1 0 0 1 2 2 1 1 
2 1 1 0 1 1 0 1 2 2 1 0 
0 0 1 1 0 1 0 0 2 1 0 1 
0 1 1 1 1 1 0 0 0 2 1 1 
0 0 1 0 0 0 1 0 2 2 0 0 
2 1 1 1 1 0 0 0 2 0 0 1 
2 1 1 1 0 0 0 0 3 1 1 0 
0 0 0 0 1 0 1 1 0 1 0 0 
2 0 0 0 1 1 0 1 2 2 1 0 
1 0 0 0 0 0 0 0 2 0 1 0 
1 0 1 1 0 1 1 1 0 0 1 1 
2 1 1 0 0 0 1 1 1 0 0 0 
0 0 0 1 0 1 0 0 2 1 0 0 
0 0 0 1 0 1 0 0 2 1 0 1 
2 0 1 1 1 1 0 1 2 2 1 0 
2 0 1 1 0 0 1 0 0 1 0 1 
0 0 0 1 0 1 0 1 2 1 0 1 
1 0 0 0 1 0 0 1 1 0 1 1 
0 1 1 0 1 0 0 1 1 0 0 1 
0 0 0 0 0 0 0 0 0 0 0 0 
2 1 0 1 1 1 0 1 0 1 0 0 
0 0 0 0 0 0 0 0 1 2 1 0 
0 0 0 1 0 1 1 0 2 1 0 1 
1 1 0 1 0 0 0 1 3 2 1 0 
0 0 0 1 0 1 0 0 3 1 0 1 
0 1 0 1 0 1 0 0 2 1 0 1 
2 0 0 0 1 0 0 0 1 2 0 0 
2 0 0 1 1 1 1 0 3 2 0 1 
2 0 1 0 1 1 0 1 3 2 1 0 
2 0 1 0 1 1 0 1 2 2 0 0 
2 0 0 0 0 0 0 0 1 1 0 0 
0 0 0 0 0 0 0 0 2 0 0 0 
1 0 1 0 1 0 1 1 2 1 1 1 
0 0 1 0 1 1 0 1 2 2 1 0 
2 0 1 0 1 0 0 1 2 2 1 0 
2 0 1 0 1 1 1 1 2 2 1 0 
1 0 0 1 0 0 0 0 2 2 1 0 
0 1 0 0 0 0 0 0 2 1 0 0 
1 0 0 0 0 0 0 0 3 0 0 0 
0 0 0 0 0 1 0 0 2 1 0 1 
1 1 1 0 0 1 0 0 1 2 0 1 
0 0 0 1 0 1 0 0 2 2 0 1 
0 0 0 1 1 1 0 0 2 1 0 1 
MFS
[ - , - , - , - , - , 1 , - , - , 2 , 2 , - , - ]
[ - , - , - , - , - , 1 , - , - , 2 , - , - , - ]
accurate
0.8333333333333333
testCase Num: 74
1 1 0 1 1 1 0 1 1 1 1 1 
0 0 1 1 1 0 1 0 0 1 1 1 
2 0 0 0 0 0 0 0 0 0 0 0 
0 1 0 0 0 1 0 1 2 1 1 0 
1 0 0 0 1 1 0 0 2 2 0 1 
0 0 0 0 0 0 0 0 3 1 0 1 
1 0 1 0 1 0 1 1 0 0 0 1 
2 0 0 0 0 0 1 0 3 0 0 0 
2 0 1 1 1 1 1 1 2 0 0 0 
1 1 0 1 0 1 0 0 0 0 1 0 
0 0 0 1 0 0 0 0 2 1 0 0 
2 0 0 1 1 0 0 1 1 0 0 0 
2 1 1 0 1 0 0 0 1 0 0 1 
0 0 0 0 0 0 1 0 3 1 1 0 
2 0 1 0 1 1 0 0 3 1 0 0 
0 0 0 0 1 1 1 1 3 0 1 1 
2 1 0 0 0 1 1 1 0 2 0 1 
2 0 1 0 0 1 1 0 1 0 1 0 
1 0 0 0 0 0 0 0 0 1 0 0 
2 0 0 0 0 0 0 0 1 2 0 0 
1 0 0 1 0 0 1 1 1 1 0 0 
1 0 1 0 1 1 0 0 3 2 0 1 
1 1 0 1 1 0 1 1 3 1 0 0 
1 0 1 0 0 0 0 0 2 1 0 0 
1 0 1 0 1 0 0 0 2 2 0 1 
0 1 0 0 0 1 1 0 2 0 0 1 
1 0 1 0 0 1 0 0 2 2 0 1 
1 1 0 0 0 0 1 1 2 2 1 0 
0 1 1 0 0 1 0 1 2 1 1 1 
0 1 1 0 0 1 0 1 2 1 1 0 
2 1 1 1 1 0 0 1 0 2 1 0 
1 0 1 0 1 1 1 0 2 2 0 1 
1 1 1 0 0 1 0 1 2 1 1 0 
1 0 1 1 1 1 0 0 2 2 0 1 
0 1 0 0 0 1 0 0 3 2 0 0 
0 1 0 1 1 0 0 0 2 2 0 0 
1 0 0 0 0 0 0 0 1 0 0 0 
1 0 0 0 1 1 1 0 0 2 1 0 
0 1 1 1 1 1 1 0 1 2 0 0 
1 0 1 0 1 1 0 1 2 2 0 1 
1 0 1 0 1 1 0 0 2 0 0 1 
0 1 1 0 1 1 0 1 2 1 1 0 
1 0 1 0 1 1 0 0 2 2 0 1 
2 0 0 0 0 0 0 0 2 2 0 0 
1 0 1 0 1 1 0 0 2 2 0 0 
0 0 0 0 1 0 0 0 2 1 1 0 
0 0 0 0 0 0 0 0 0 0 0 0 
0 1 1 1 0 0 0 1 3 0 0 1 
1 0 0 0 0 1 0 0 3 0 0 1 
0 1 1 0 0 1 0 1 2 1 0 0 
0 1 1 0 0 1 0 0 2 1 1 0 
1 1 1 0 1 1 0 0 2 2 0 1 
2 0 0 1 0 1 0 0 3 2 1 1 
0 0 0 0 0 0 0 1 1 2 1 1 
0 0 1 0 0 1 0 0 0 2 0 0 
1 0 0 1 0 0 0 1 2 0 1 1 
0 1 1 0 0 1 0 1 3 1 1 0 
2 0 0 0 0 0 0 0 1 1 0 0 
1 0 1 0 1 1 0 0 2 2 1 1 
0 0 0 0 0 1 1 0 1 1 0 0 
1 1 1 0 0 0 0 0 1 1 0 0 
0 1 0 0 0 1 0 1 0 1 0 1 
0 0 1 0 0 1 0 1 2 1 1 0 
2 0 1 1 0 0 0 1 0 1 0 0 
0 1 1 0 0 0 0 1 2 1 1 0 
2 1 0 0 0 0 1 0 2 1 1 1 
2 1 0 0 1 0 0 1 3 2 0 0 
0 1 1 0 0 1 0 1 2 2 1 0 
0 1 1 0 0 1 1 1 2 1 1 0 
0 1 1 1 0 1 0 1 2 1 1 0 
2 0 1 0 1 1 0 0 2 2 0 1 
0 0 0 0 0 0 1 0 1 0 0 1 
1 1 1 0 0 0 1 0 3 2 1 0 
1 0 1 1 0 0 0 1 1 2 0 0 
MFS
[ - , - , - , - , - , 1 , - , - , 2 , 2 , - , - ]
[ - , - , - , - , - , 1 , - , - , 2 , - , - , - ]
accurate
0.8333333333333333
testCase Num: 74
1 1 1 1 1 1 0 0 2 2 1 0 
2 0 1 1 0 1 1 0 2 1 1 0 
2 0 0 1 1 1 1 1 0 0 0 1 
1 0 1 0 1 0 0 1 0 1 1 1 
2 0 1 0 0 0 0 0 3 2 0 0 
2 0 1 1 0 1 1 0 2 1 1 1 
1 1 1 1 0 1 0 0 2 0 1 0 
1 0 0 0 1 0 1 0 2 2 0 1 
2 0 1 1 1 1 1 0 2 1 1 0 
1 1 0 0 0 0 0 0 1 1 1 1 
1 1 1 1 0 1 0 1 2 2 1 0 
0 0 0 1 1 0 1 0 2 0 0 0 
0 0 0 0 0 0 0 0 0 1 0 0 
0 1 0 1 0 1 0 1 2 0 1 1 
0 0 0 0 0 0 0 0 2 2 0 0 
1 1 0 0 0 0 1 1 2 1 0 0 
0 1 0 0 0 0 0 0 1 2 0 0 
2 0 1 1 0 1 0 0 2 1 1 0 
0 0 1 0 1 0 0 1 2 1 1 1 
1 0 0 0 0 0 0 0 2 0 0 0 
2 0 0 0 0 1 0 0 1 2 1 1 
1 1 1 1 0 1 0 0 2 2 0 0 
2 1 0 0 1 0 0 0 3 1 1 1 
0 0 0 0 1 1 1 1 3 2 1 0 
2 0 0 1 0 1 1 0 2 1 1 0 
0 1 1 0 0 0 1 0 3 0 0 0 
2 0 1 0 1 0 1 0 1 2 0 1 
1 1 1 0 0 1 1 0 0 1 0 0 
2 0 0 0 1 0 0 0 3 0 0 0 
2 0 1 1 0 1 1 1 2 1 1 0 
2 1 1 1 0 1 0 0 2 2 1 0 
0 1 1 0 0 1 0 1 0 0 1 1 
1 0 0 0 0 0 0 0 3 1 0 0 
2 0 0 0 0 0 0 1 2 2 0 0 
1 1 1 1 0 1 0 0 2 2 1 1 
0 1 1 1 0 1 1 0 1 1 0 1 
1 1 1 1 0 1 0 0 2 2 1 0 
1 0 0 0 0 0 0 0 1 0 0 0 
1 0 1 0 0 1 0 1 3 0 1 0 
2 1 0 1 0 0 1 1 1 0 1 0 
1 0 1 1 1 0 0 1 1 2 0 0 
2 0 0 1 1 1 0 0 0 2 1 1 
2 0 0 0 0 1 0 0 3 1 0 0 
2 0 1 0 0 1 1 0 2 1 1 0 
1 1 1 0 1 1 1 1 1 0 1 1 
2 0 1 1 0 1 1 0 2 2 1 0 
1 1 1 0 0 1 0 0 2 2 1 0 
2 0 0 0 0 0 0 0 2 0 0 1 
2 0 0 0 0 0 0 0 0 1 0 0 
0 0 0 0 0 0 0 0 0 0 0 0 
1 1 0 1 0 1 0 0 0 1 1 1 
1 1 0 1 0 1 0 0 2 2 1 0 
2 0 1 1 1 0 1 1 3 1 0 0 
0 1 0 1 0 1 0 1 3 2 0 1 
1 1 0 0 1 0 0 0 3 2 0 0 
2 1 1 0 1 1 0 0 2 0 0 0 
0 1 1 1 1 0 1 0 0 2 1 0 
1 0 0 0 0 0 0 0 0 0 0 0 
2 1 1 1 0 1 1 0 2 1 1 0 
1 0 0 0 0 0 0 0 0 2 0 0 
1 1 1 1 0 1 0 0 3 2 1 0 
2 0 1 1 0 0 1 0 2 1 1 0 
2 0 1 1 0 1 1 0 2 1 0 0 
2 0 1 1 0 1 1 0 3 1 1 0 
0 0 1 1 0 1 1 0 2 1 1 0 
2 1 1 0 0 0 1 1 0 2 0 0 
0 0 0 0 1 1 0 1 1 1 0 0 
1 0 1 1 0 1 0 0 2 2 1 0 
0 0 0 1 0 0 0 0 3 1 1 0 
1 1 1 1 0 0 0 0 2 2 1 0 
2 0 0 0 0 0 0 0 1 1 0 0 
0 0 0 0 1 0 0 0 1 0 1 0 
1 1 1 1 0 1 1 0 2 2 1 0 
1 0 1 1 0 0 1 0 3 0 0 1 
MFS
[ - , - , - , - , - , 1 , - , - , 2 , 2 , - , - ]
[ - , - , - , - , - , 1 , - , - , 2 , - , - , - ]
accurate
0.8333333333333333
testCase Num: 85
1 1 0 1 1 1 0 1 1 1 1 1 
0 1 0 1 1 1 0 0 0 1 1 1 
2 1 0 1 0 0 1 1 2 1 0 1 
1 0 0 0 0 1 1 0 3 1 0 1 
2 0 0 0 0 1 0 0 2 1 1 0 
2 0 0 0 1 1 0 0 3 2 0 1 
1 0 1 0 1 0 0 1 1 2 0 0 
1 1 0 0 0 0 1 0 1 0 0 0 
1 1 0 0 0 1 1 0 2 1 0 1 
1 0 0 0 0 0 1 0 3 2 1 1 
2 0 1 0 0 0 0 0 2 1 1 0 
0 0 0 1 1 0 0 0 3 0 0 0 
1 1 0 0 0 0 0 0 2 2 0 0 
2 0 0 0 0 0 0 0 0 0 0 0 
1 0 0 0 0 1 0 0 2 2 0 1 
0 0 0 1 0 0 0 0 0 2 0 1 
0 0 0 0 0 0 0 0 2 2 0 1 
2 0 1 1 0 1 0 0 2 1 1 0 
0 1 0 1 0 1 1 0 2 0 1 1 
0 0 1 1 1 1 0 0 3 1 1 1 
1 1 1 0 1 1 0 1 2 0 0 1 
2 0 1 0 0 1 0 0 2 2 1 0 
0 0 0 0 0 1 0 0 2 2 1 1 
1 0 0 0 1 1 1 0 2 1 0 1 
1 0 0 0 0 1 1 0 2 2 0 1 
1 0 0 0 0 1 1 0 2 1 0 1 
1 0 0 0 0 1 1 0 2 1 0 0 
1 0 0 0 0 0 0 0 0 1 0 1 
1 0 0 1 0 1 1 0 2 1 0 1 
0 0 1 0 0 1 0 0 2 2 0 1 
2 0 0 0 0 0 0 0 1 2 0 0 
2 1 1 0 0 0 0 1 0 2 1 1 
2 0 0 0 1 0 1 0 1 1 1 0 
2 1 0 0 0 1 0 1 3 1 1 0 
0 0 0 0 1 0 0 0 0 2 1 0 
1 0 0 1 0 1 1 1 0 2 0 0 
0 0 1 0 1 0 0 1 2 0 0 0 
1 0 1 0 0 1 1 0 2 1 0 1 
2 1 1 0 0 1 0 0 2 1 1 0 
0 0 0 0 0 1 0 0 2 0 0 1 
2 0 1 1 0 0 0 0 3 2 0 0 
0 0 0 0 0 1 0 0 2 2 0 0 
1 0 1 1 1 0 1 0 0 0 1 1 
0 0 0 0 0 1 0 0 2 2 0 1 
1 0 0 0 1 0 0 0 3 0 0 0 
2 1 0 1 1 0 1 1 3 0 1 1 
1 0 0 0 0 1 1 0 2 1 1 1 
2 0 1 0 0 1 1 0 2 1 1 0 
0 0 1 1 0 0 1 1 1 1 0 1 
0 1 1 0 0 1 0 0 1 2 1 1 
0 0 0 0 0 1 0 1 2 2 0 1 
0 0 0 1 1 0 0 1 2 2 1 0 
1 1 0 0 0 0 0 0 0 0 0 0 
1 0 0 0 0 0 1 0 2 1 0 1 
2 0 0 0 0 0 0 0 2 0 0 0 
0 0 0 1 0 0 1 0 1 2 0 0 
1 0 0 0 0 1 0 0 2 1 0 1 
2 0 0 0 0 0 0 0 0 1 0 0 
0 0 0 0 0 1 1 0 2 2 0 1 
2 0 0 0 0 1 1 0 2 1 0 1 
2 0 1 0 0 1 0 1 2 1 1 0 
0 0 0 0 1 1 1 0 1 0 0 0 
0 0 0 0 0 0 0 0 0 0 0 0 
2 0 1 0 1 0 0 1 1 0 1 1 
0 0 0 0 0 1 0 0 3 2 0 1 
2 0 1 0 0 1 0 0 2 1 1 1 
2 0 1 0 0 1 0 0 2 1 1 0 
2 0 1 0 1 1 0 0 2 1 1 0 
0 1 0 0 0 1 0 0 2 2 0 1 
2 1 1 1 1 0 1 0 2 2 0 0 
2 1 0 1 0 1 0 0 1 0 0 0 
1 1 1 1 0 0 0 0 3 1 0 0 
0 1 1 0 1 1 1 1 0 1 0 0 
1 0 1 0 0 1 1 1 3 0 1 0 
0 0 0 0 1 0 0 0 2 1 0 0 
1 0 0 0 0 1 1 1 2 1 0 1 
1 0 0 1 0 0 0 0 2 0 1 0 
0 0 0 0 1 1 0 0 2 2 0 1 
2 0 1 0 0 1 0 0 2 1 0 0 
0 1 0 0 0 0 1 1 3 2 0 0 
0 0 0 0 0 0 1 0 3 1 0 0 
2 0 0 1 1 1 1 1 0 0 0 0 
0 0 1 0 0 1 0 0 2 1 1 0 
0 0 0 1 0 1 0 0 2 2 0 1 
2 0 1 0 0 1 0 0 3 1 1 0 
MFS
[ - , - , - , - , - , 1 , - , - , 2 , 2 , - , - ]
[ - , - , - , - , - , 1 , - , - , 2 , - , - , - ]
accurate
0.8333333333333333
testCase Num: 82
1 0 0 1 1 0 1 0 1 2 1 0 
2 0 1 0 0 0 0 0 1 1 0 1 
0 0 0 0 0 0 0 1 1 2 0 1 
2 1 0 1 0 1 1 0 2 1 1 0 
0 0 0 1 1 0 0 0 3 0 0 0 
2 1 0 1 0 1 1 0 2 1 1 1 
2 1 0 1 1 1 1 0 2 1 1 0 
1 0 1 1 0 1 0 1 2 2 0 0 
1 1 1 0 1 1 0 0 2 1 1 1 
2 0 0 1 0 1 1 0 0 0 0 0 
0 1 0 1 0 0 0 1 0 1 0 1 
2 0 0 0 1 0 0 0 1 0 1 0 
0 0 0 0 0 0 0 0 2 2 1 0 
0 1 0 0 1 1 0 1 1 1 0 0 
1 1 0 0 1 1 0 0 3 1 1 1 
2 0 1 1 0 0 0 1 3 1 1 1 
1 1 0 0 1 1 0 0 2 2 1 1 
1 1 0 1 1 1 0 0 2 1 1 1 
2 0 0 1 0 0 0 1 1 0 0 0 
1 1 1 1 0 0 1 1 0 1 0 0 
0 1 0 0 0 0 1 1 1 0 1 1 
2 0 1 0 0 1 0 0 2 0 1 1 
1 0 0 0 0 1 0 1 2 2 0 0 
2 1 0 1 0 1 0 0 2 1 1 0 
1 1 0 0 1 1 1 0 2 1 1 1 
1 0 1 0 0 1 0 1 3 2 0 0 
2 1 0 0 1 0 1 1 3 2 0 1 
2 1 1 0 0 1 1 0 1 2 0 0 
2 1 0 1 0 1 1 0 2 1 0 0 
0 1 1 1 1 0 0 0 2 2 0 1 
2 1 0 1 0 1 1 0 3 1 1 0 
0 0 1 0 1 1 1 0 0 1 1 1 
2 0 0 1 0 1 1 0 2 1 1 0 
1 0 0 0 0 1 0 0 1 1 0 0 
1 1 1 1 1 1 0 1 1 0 1 1 
2 0 1 0 0 1 0 1 2 2 0 0 
0 1 0 0 0 1 1 0 3 1 0 0 
2 1 0 1 0 0 1 0 2 1 1 0 
1 0 0 0 1 0 1 1 2 0 0 1 
1 0 0 1 0 0 0 0 3 2 0 0 
0 0 0 0 0 0 1 0 3 2 0 1 
1 0 1 0 0 1 0 1 2 0 0 0 
1 0 1 0 0 1 0 1 2 2 0 1 
1 0 1 0 0 1 0 1 2 2 0 0 
2 1 0 1 0 1 1 0 2 2 1 0 
2 1 0 0 0 1 1 0 2 1 1 0 
1 1 0 1 1 1 1 0 0 2 0 1 
1 0 1 0 1 0 1 1 3 0 1 0 
2 0 0 0 0 0 0 0 0 1 0 0 
1 0 1 0 0 1 0 0 2 2 0 0 
2 0 0 1 0 1 0 1 0 2 1 1 
2 1 1 0 1 0 0 1 0 0 1 0 
1 1 0 0 0 1 0 0 2 1 1 1 
0 0 0 0 0 0 0 0 0 0 0 0 
1 1 0 0 0 1 0 0 3 0 1 1 
1 0 1 0 0 0 0 0 0 2 1 0 
0 0 0 0 0 0 0 0 0 2 0 0 
1 1 0 0 1 0 0 0 2 1 1 1 
1 0 0 0 1 1 0 0 2 1 1 1 
1 0 0 1 0 0 0 0 2 0 0 0 
0 1 0 1 0 1 1 0 2 1 1 0 
2 0 1 0 1 0 0 0 2 1 0 0 
1 0 1 0 0 1 0 1 2 2 1 0 
2 1 1 1 0 1 1 0 2 1 1 0 
1 1 0 0 1 1 0 1 2 1 1 1 
2 1 0 0 1 1 0 0 2 1 1 1 
1 0 0 0 0 0 0 0 0 0 0 1 
1 0 1 0 0 0 0 1 2 2 0 0 
2 0 0 0 0 0 1 1 2 2 0 0 
1 1 1 0 0 1 0 1 2 2 0 0 
1 0 1 0 0 1 1 1 2 2 0 0 
0 0 1 1 0 0 1 0 1 1 1 0 
0 1 1 1 0 1 1 1 3 2 1 0 
0 1 1 1 0 1 1 1 2 0 0 0 
1 1 0 0 1 1 0 0 2 1 1 0 
1 1 0 0 1 1 0 0 2 1 1 1 
1 1 0 0 1 1 0 0 2 1 0 1 
2 1 0 1 0 1 1 1 2 1 1 0 
0 0 0 1 1 0 0 1 2 1 1 0 
1 0 0 0 1 0 0 0 3 1 0 0 
2 0 1 1 1 1 1 0 3 0 0 0 
1 0 1 0 1 1 0 1 2 2 0 0 
MFS
[ - , - , - , - , - , 1 , - , - , 2 , 2 , - , - ]
[ - , - , - , - , - , 1 , - , - , 2 , - , - , - ]
accurate
0.8333333333333333
testCase Num: 82
1 1 0 0 1 0 1 0 2 2 1 1 
0 0 0 1 1 1 0 0 3 2 1 0 
0 0 0 1 0 1 1 1 2 2 1 0 
2 0 0 0 0 1 0 0 2 1 1 1 
2 0 1 0 0 0 0 0 2 1 1 1 
2 0 0 1 0 0 1 1 2 2 1 0 
0 1 1 0 0 1 0 0 2 2 0 1 
0 1 1 0 0 1 0 0 2 2 0 0 
0 1 1 0 1 1 0 0 2 2 0 0 
0 1 0 1 0 0 0 1 0 1 0 0 
2 0 0 1 0 1 0 1 2 2 1 0 
2 1 1 0 1 0 1 1 2 1 0 0 
0 1 1 0 0 1 0 1 2 2 0 0 
2 0 1 1 0 1 0 0 2 1 1 1 
2 1 1 0 1 0 1 1 0 2 0 0 
2 0 0 0 1 0 0 1 3 2 0 1 
0 1 1 0 0 1 1 0 2 2 0 0 
2 0 1 0 0 1 0 0 2 2 1 1 
1 0 1 1 1 0 0 1 2 0 0 0 
0 1 1 0 0 0 0 0 2 2 0 0 
2 0 0 0 0 1 1 1 2 2 1 0 
1 0 1 0 0 1 0 1 3 2 0 1 
0 0 1 0 0 1 0 0 2 2 0 0 
0 0 1 0 1 0 0 0 1 2 0 0 
2 0 0 1 0 1 1 1 2 2 1 1 
1 1 1 0 1 1 0 1 1 1 1 1 
0 1 1 0 0 1 0 0 3 2 0 0 
1 1 0 0 0 0 0 0 0 2 1 0 
1 1 1 1 0 0 1 0 1 1 0 1 
1 1 0 1 0 1 0 0 2 0 0 1 
1 1 0 1 0 0 0 0 3 1 1 0 
1 0 1 1 0 1 0 0 0 2 0 1 
2 1 1 0 0 1 0 0 2 1 1 1 
0 0 0 0 1 0 1 0 1 0 0 0 
0 0 1 0 0 1 1 1 3 1 1 0 
0 1 1 0 0 1 0 0 2 0 0 0 
2 0 0 1 1 1 0 0 1 1 0 0 
2 1 1 0 0 1 1 0 3 2 1 1 
2 1 1 1 0 0 1 0 0 1 1 1 
2 0 0 1 0 1 1 1 2 2 0 0 
0 1 0 0 0 0 1 1 2 0 1 1 
2 0 1 0 0 1 1 0 2 1 1 1 
2 0 1 0 0 0 1 0 1 0 1 1 
2 1 0 1 0 1 1 1 2 2 1 0 
2 1 0 0 0 0 0 1 1 2 0 0 
0 1 1 1 0 1 0 0 2 2 0 0 
0 0 0 1 0 1 0 1 1 0 1 0 
2 0 0 0 0 0 0 0 0 1 0 0 
2 0 1 0 0 1 0 1 2 1 1 1 
0 0 0 0 0 0 0 0 0 0 0 0 
0 0 0 0 0 0 0 0 0 2 0 0 
2 0 1 0 0 1 0 0 2 1 1 1 
1 1 1 0 0 1 0 0 2 2 0 0 
2 0 1 0 0 1 0 0 2 1 1 0 
1 0 0 0 0 0 0 0 2 1 0 0 
2 0 1 0 1 1 0 0 2 1 1 1 
2 0 0 1 1 1 1 1 2 2 1 0 
2 0 0 1 0 1 1 1 2 2 1 0 
1 0 1 0 1 0 1 0 3 0 1 0 
1 0 0 0 0 0 0 0 0 0 0 0 
0 1 0 1 0 0 1 1 1 2 1 1 
2 0 0 1 0 1 1 1 2 0 1 0 
0 1 0 0 0 1 0 0 2 2 0 0 
2 0 0 0 1 1 0 0 2 0 0 0 
0 1 1 0 0 1 0 0 2 2 1 0 
0 0 0 1 1 0 0 1 2 1 0 1 
0 0 1 0 1 1 1 0 0 0 1 1 
1 0 0 0 0 1 0 0 1 2 0 0 
2 0 0 1 0 1 1 0 2 2 1 0 
2 0 0 0 1 0 0 0 3 1 0 0 
1 0 0 0 1 1 1 1 0 1 0 0 
1 1 0 0 0 1 1 1 1 0 0 0 
2 1 0 1 1 1 0 1 0 0 1 1 
0 0 0 0 0 0 0 0 1 1 0 0 
2 0 1 1 0 1 1 1 2 2 1 0 
2 1 0 1 0 0 0 1 3 0 0 0 
0 0 0 0 0 0 1 0 3 1 0 1 
2 0 1 0 0 1 0 0 3 1 1 1 
2 0 1 0 0 1 0 0 2 1 0 1 
0 0 1 0 0 1 0 0 2 1 1 1 
2 0 0 1 0 1 1 1 3 2 1 0 
0 1 1 1 1 1 1 0 3 0 0 1 
MFS
[ - , - , - , - , - , 1 , - , - , 2 , 2 , - , - ]
[ - , - , - , - , - , 1 , - , - , 2 , - , - , - ]
accurate
0.8333333333333333
testCase Num: 95
0 1 1 1 0 1 1 0 2 1 1 1 
0 1 1 0 1 1 1 0 2 2 1 0 
0 0 1 0 1 1 1 0 2 2 0 0 
0 1 1 0 1 0 1 0 2 2 0 0 
0 1 1 0 1 1 0 0 2 2 0 0 
2 0 0 0 1 0 0 0 2 1 0 0 
1 1 0 1 0 0 0 0 1 2 1 0 
0 0 1 0 0 1 0 1 0 2 1 0 
1 1 1 1 1 1 1 0 2 1 0 0 
0 0 0 1 1 1 0 1 2 0 0 1 
1 1 1 1 0 1 1 0 2 1 0 0 
0 0 0 1 1 1 0 1 2 2 0 0 
0 0 0 1 1 1 0 1 2 2 0 1 
0 0 0 1 0 1 0 1 2 2 0 1 
0 0 0 1 1 0 1 0 3 2 1 0 
1 1 1 0 1 1 1 0 2 2 0 0 
2 0 0 1 1 0 1 0 1 0 0 1 
0 1 0 0 0 1 1 0 2 1 1 1 
0 1 0 1 0 1 1 0 2 2 1 1 
0 0 0 1 0 0 1 0 2 0 0 0 
0 0 0 0 0 0 1 0 0 0 0 0 
2 1 0 1 1 1 0 0 0 0 1 0 
1 0 0 0 0 0 0 0 2 2 0 0 
0 1 1 0 0 1 1 0 2 2 0 0 
0 1 1 0 1 1 1 0 2 2 0 1 
0 0 0 1 0 1 0 0 3 0 0 1 
0 1 1 1 1 1 1 0 2 2 0 0 
0 1 1 0 1 1 1 0 2 0 0 0 
2 0 0 0 0 1 1 1 3 1 0 0 
0 1 1 0 1 1 1 0 2 2 0 0 
2 0 1 0 0 0 0 0 0 0 0 0 
0 0 0 1 1 1 1 1 2 2 0 1 
0 0 0 1 1 0 0 1 2 2 0 1 
2 0 0 0 0 0 0 0 1 2 0 0 
0 0 0 0 0 0 0 0 3 1 1 0 
0 0 0 1 1 1 0 1 3 2 0 1 
1 1 1 1 0 1 1 0 2 1 1 0 
0 1 1 1 1 0 0 1 0 1 0 1 
0 1 0 1 0 0 1 0 2 1 1 1 
1 1 1 1 0 1 1 0 2 1 0 1 
0 0 0 1 0 1 1 0 2 1 1 1 
0 1 0 1 0 1 1 0 2 1 0 1 
1 0 1 0 0 1 1 1 1 2 0 1 
0 0 1 1 1 1 0 1 2 2 0 1 
0 1 0 1 0 1 1 0 3 1 1 1 
2 0 1 0 0 1 0 0 3 2 1 1 
1 0 0 0 0 0 0 0 3 1 0 0 
2 0 1 0 0 1 0 0 1 1 1 1 
2 1 0 0 1 0 1 1 0 2 0 1 
0 0 0 1 1 1 0 0 2 2 0 1 
1 0 0 0 0 0 0 0 1 0 0 0 
2 1 1 1 0 1 1 0 2 1 0 0 
1 0 1 0 1 0 1 0 0 1 1 0 
1 1 1 1 0 1 1 1 2 1 0 0 
1 1 0 1 0 1 1 0 0 2 0 1 
0 1 0 1 0 1 0 0 2 1 1 1 
0 1 1 0 1 1 1 0 3 2 0 0 
1 0 0 0 0 0 1 0 0 0 0 0 
2 1 1 0 0 1 0 1 2 0 0 1 
1 1 0 1 0 1 1 0 2 1 0 0 
0 0 0 0 1 1 0 1 2 2 0 1 
0 0 0 0 0 0 0 0 0 0 0 0 
1 1 0 0 1 1 1 1 1 1 1 1 
1 1 1 0 0 1 1 0 2 1 0 0 
0 0 0 0 0 0 1 1 1 1 0 1 
1 1 0 0 0 0 0 1 2 1 0 1 
0 0 1 1 0 1 0 1 1 1 0 0 
0 1 0 1 0 1 1 0 2 1 1 0 
2 1 1 1 1 0 0 0 3 1 0 1 
0 1 0 1 0 1 1 0 2 1 1 1 
0 1 0 1 1 1 1 0 2 1 1 1 
2 0 1 1 0 0 1 1 2 2 1 0 
1 0 1 0 0 0 1 0 3 0 1 0 
2 0 0 0 0 1 0 0 0 1 0 0 
1 1 0 1 1 1 0 1 3 0 0 0 
0 1 1 0 1 0 0 0 1 0 1 0 
1 0 0 1 1 1 0 1 2 2 0 1 
1 1 1 1 0 1 0 0 2 1 0 0 
1 0 1 1 0 1 0 1 0 0 1 1 
0 1 0 1 0 1 1 1 2 1 1 1 
1 1 0 1 0 1 1 0 2 1 1 1 
0 1 1 0 1 1 1 1 2 2 0 0 
1 1 1 1 0 1 1 0 3 1 0 0 
2 0 0 0 0 0 0 0 3 0 0 0 
0 0 0 1 1 1 0 1 2 2 1 1 
1 1 1 1 0 1 1 0 2 2 0 0 
0 0 0 0 1 0 0 0 1 2 0 0 
1 0 1 1 0 1 1 0 2 1 0 0 
0 1 0 0 1 1 1 0 2 2 0 0 
1 1 1 1 0 0 1 0 2 1 0 0 
0 1 0 1 1 1 0 1 2 2 0 1 
1 1 0 0 1 0 0 1 3 2 0 1 
0 1 1 0 0 0 1 1 3 0 1 1 
2 1 0 0 0 1 1 1 1 0 0 0 
1 0 0 0 1 0 0 0 2 0 1 0 
MFS
[ - , - , - , - , - , 1 , - , - , 2 , 2 , - , - ]
[ - , - , - , - , - , 1 , - , - , 2 , - , - , - ]
accurate
0.8333333333333333
testCase Num: 71
1 1 0 0 1 1 0 1 3 1 1 1 
2 0 0 0 0 1 0 0 3 2 0 0 
2 0 1 0 0 0 0 0 0 0 1 0 
1 1 1 0 0 1 0 1 0 2 1 0 
0 0 1 0 0 1 1 0 3 2 1 1 
2 0 0 0 0 0 0 0 2 1 0 1 
1 1 0 0 1 1 1 1 2 1 1 1 
0 0 0 1 0 0 1 0 3 0 1 1 
2 0 1 1 1 1 1 1 2 0 0 0 
2 1 0 1 1 1 0 1 0 0 0 0 
0 0 0 1 0 0 1 0 1 1 1 0 
2 0 0 0 0 0 1 1 0 2 0 1 
1 0 0 0 0 1 0 0 1 0 0 0 
0 0 1 1 1 1 0 1 0 1 1 1 
1 0 0 0 0 0 0 0 2 2 0 0 
0 0 1 1 0 1 1 0 2 2 1 1 
0 1 0 1 0 0 1 1 2 2 0 0 
0 1 1 0 0 0 0 0 2 0 0 0 
1 1 0 0 1 1 0 1 2 2 1 1 
1 0 0 1 0 0 1 0 2 0 1 0 
1 0 0 0 0 0 0 0 0 1 0 0 
0 0 1 0 0 1 1 1 2 2 1 1 
0 0 1 0 1 1 1 0 2 2 1 1 
1 0 0 1 0 0 0 0 0 0 0 0 
0 1 1 0 1 1 0 1 1 0 1 0 
0 1 0 1 0 0 0 1 3 1 0 0 
0 0 0 0 0 1 1 0 2 2 1 1 
1 0 1 0 0 0 0 0 2 1 0 0 
2 0 0 1 1 0 0 1 3 0 1 0 
0 0 0 0 1 0 0 0 1 1 0 1 
1 0 0 1 0 0 0 1 1 0 1 1 
2 1 1 0 0 1 0 0 3 0 0 1 
2 1 0 1 0 1 1 0 0 1 1 0 
1 0 1 1 0 0 1 0 3 1 0 1 
0 1 1 0 0 1 1 0 2 2 1 1 
1 0 0 1 1 1 0 1 3 2 0 0 
0 0 1 0 0 1 0 0 2 2 1 1 
1 0 0 0 1 1 0 1 2 1 1 1 
1 1 0 0 1 0 0 1 2 1 1 1 
2 0 0 0 0 1 1 0 1 0 1 1 
2 1 0 1 1 0 0 1 1 1 0 0 
0 0 1 0 0 0 1 0 2 2 1 1 
2 1 0 0 1 1 0 1 2 1 1 1 
0 0 0 0 0 0 0 0 0 0 0 0 
0 1 0 1 1 0 1 0 0 2 0 0 
0 0 0 1 1 0 1 0 2 1 0 0 
1 0 1 0 0 1 1 0 2 2 1 1 
0 1 0 0 0 1 0 0 2 0 0 1 
1 0 0 0 0 0 0 0 0 0 0 0 
1 1 0 0 0 1 0 1 2 1 1 1 
1 1 1 1 0 1 1 1 1 1 0 1 
1 1 0 0 1 1 0 1 2 1 1 1 
1 1 0 0 1 0 1 0 1 2 1 0 
0 0 1 0 1 0 0 0 3 2 0 0 
1 1 0 0 1 1 0 1 2 1 1 0 
0 0 0 0 0 1 0 1 1 2 0 1 
1 1 0 1 1 1 0 1 2 1 1 1 
0 0 0 0 0 1 0 1 3 1 0 1 
0 0 1 0 0 1 1 0 2 2 1 1 
0 0 1 0 0 1 1 0 2 2 1 0 
0 0 1 0 0 1 1 0 2 0 1 1 
1 1 0 0 1 1 0 0 2 1 1 1 
0 0 1 0 0 1 1 0 2 2 0 1 
1 0 0 0 0 0 0 0 3 0 0 0 
1 1 1 0 1 1 0 1 2 1 1 1 
1 1 1 0 1 0 1 0 0 0 0 1 
2 0 1 0 1 0 1 1 3 1 1 0 
1 1 0 0 1 1 1 0 3 2 1 1 
2 0 1 1 0 0 0 0 1 2 0 0 
2 1 0 1 1 0 0 0 2 2 1 1 
1 1 0 0 1 1 0 1 2 1 0 1 
MFS
[ - , - , - , - , - , 1 , - , - , 2 , 2 , - , - ]
[ - , - , - , - , - , 1 , - , - , 2 , - , - , - ]
accurate
0.8333333333333333
testCase Num: 86
1 1 0 1 0 1 0 1 2 2 0 0 
2 0 0 0 0 1 0 0 2 1 1 1 
2 1 1 0 1 1 0 1 2 1 0 1 
2 1 1 0 1 1 0 1 2 1 0 0 
2 1 1 0 0 1 0 1 2 1 0 0 
1 1 0 1 0 1 1 0 2 2 0 0 
0 0 0 0 0 1 1 0 3 2 0 0 
0 0 0 0 0 0 0 0 2 2 0 0 
0 0 0 0 0 1 1 0 2 1 1 1 
1 1 0 1 0 1 0 0 3 2 0 0 
2 0 0 1 1 0 0 1 2 2 1 1 
0 0 0 1 0 0 0 0 2 1 0 0 
2 1 1 0 1 1 0 0 2 1 0 0 
2 0 0 0 0 0 1 0 2 1 1 1 
1 1 0 0 1 0 0 0 1 0 0 0 
0 0 1 0 1 0 0 1 3 0 0 0 
2 1 1 1 0 0 1 0 0 2 0 0 
1 1 1 1 0 1 0 0 2 2 0 0 
1 0 0 0 0 0 0 0 3 0 1 0 
2 1 1 0 1 1 0 1 3 1 0 0 
2 0 1 0 1 1 0 1 2 1 0 0 
2 0 0 0 0 0 0 0 0 1 1 0 
2 0 0 0 0 0 0 0 3 1 0 0 
2 0 0 1 0 1 1 0 2 1 1 1 
2 1 0 1 0 0 0 1 1 1 1 0 
2 1 1 0 1 0 0 1 2 1 0 0 
2 0 0 0 1 1 1 0 2 1 1 1 
2 0 0 0 0 1 1 0 2 2 1 1 
1 1 0 1 0 1 0 0 2 2 0 1 
1 1 0 1 0 1 0 0 2 2 0 0 
2 0 1 1 1 1 0 0 3 0 1 0 
2 1 1 0 1 1 1 1 2 1 0 0 
1 1 0 1 0 1 0 0 2 0 0 0 
2 0 0 0 0 0 0 1 3 2 1 0 
1 0 1 1 1 0 1 0 1 1 0 0 
2 0 0 0 1 1 0 0 1 2 0 1 
0 1 0 1 1 0 0 0 3 2 1 1 
1 1 1 1 0 1 1 1 1 0 1 1 
0 1 0 0 1 1 0 0 2 0 1 1 
2 1 0 0 1 0 1 1 0 0 0 1 
0 0 1 0 1 0 0 0 1 1 1 1 
2 1 1 1 1 1 0 1 2 1 0 0 
1 0 1 0 0 0 0 1 3 2 0 1 
2 1 1 0 0 0 1 0 3 0 0 0 
1 0 0 0 0 0 0 0 1 2 0 0 
2 1 0 1 0 1 0 0 2 2 0 0 
0 0 0 1 1 0 1 1 3 1 1 0 
2 1 1 0 1 1 0 1 2 2 0 0 
2 0 1 0 0 1 1 0 2 1 1 1 
1 1 0 0 0 0 1 1 0 2 1 1 
0 1 0 0 0 0 1 0 0 1 0 1 
2 0 0 0 0 0 0 0 2 0 0 0 
0 1 1 0 0 0 1 0 1 2 1 0 
2 1 0 0 0 1 1 0 2 1 1 1 
1 1 0 1 0 0 0 0 2 2 0 0 
2 0 0 0 0 1 1 0 3 1 1 1 
2 0 0 0 0 1 1 0 2 1 0 1 
1 0 1 1 0 0 0 0 3 1 0 0 
1 0 0 1 0 1 0 0 2 2 0 0 
0 0 0 0 0 0 0 0 0 0 0 0 
1 1 0 1 0 1 0 0 2 2 1 0 
1 1 1 0 1 0 1 0 2 2 1 0 
0 1 1 0 1 1 0 1 2 1 0 0 
1 1 0 1 1 1 1 0 3 0 0 0 
0 0 0 0 0 1 0 0 1 1 0 0 
1 0 0 0 0 0 0 0 2 1 0 1 
0 0 1 1 0 0 1 1 2 0 0 1 
1 0 0 1 1 1 0 1 0 1 0 1 
0 1 0 0 0 1 1 1 3 1 0 1 
2 0 0 0 0 1 1 1 2 1 1 1 
1 0 0 0 0 0 0 0 0 2 0 0 
2 1 1 0 1 1 0 1 2 1 1 0 
0 0 1 1 1 1 1 1 0 2 1 0 
2 0 1 0 0 0 1 0 1 0 0 0 
2 0 0 0 0 0 0 0 3 0 0 1 
2 0 0 0 0 1 1 0 2 1 1 0 
2 0 0 0 0 1 1 0 2 1 1 1 
1 1 0 0 0 1 0 0 2 2 0 0 
1 0 0 0 1 0 0 1 2 0 1 0 
2 1 0 0 1 1 0 1 2 1 0 0 
2 0 1 1 1 1 0 0 0 0 0 1 
1 1 0 1 1 1 0 0 2 2 0 0 
1 1 1 0 0 1 0 0 0 1 1 1 
0 0 0 1 0 1 1 1 1 2 0 0 
1 0 0 0 0 0 0 0 0 0 1 0 
0 0 0 0 1 0 0 1 1 0 0 0 
MFS
[ - , - , - , - , - , 1 , - , - , 2 , 2 , - , - ]
[ - , - , - , - , - , 1 , - , - , 2 , - , - , - ]
accurate
0.8333333333333333
testCase Num: 84
0 0 0 1 1 1 1 1 2 2 1 0 
2 0 1 0 0 0 0 0 1 1 0 0 
1 1 1 0 1 1 0 0 2 1 1 0 
1 1 1 0 1 1 0 1 0 0 1 1 
1 1 1 0 0 1 0 0 2 1 1 0 
1 1 1 0 1 1 0 0 2 1 1 1 
0 1 1 1 0 0 1 1 2 1 0 0 
2 0 0 0 0 0 0 0 2 1 0 0 
2 0 0 0 0 0 0 0 0 0 0 0 
2 0 1 0 1 1 0 1 2 2 1 1 
2 0 1 0 0 1 0 1 2 2 1 1 
0 0 0 1 1 1 1 0 2 2 1 0 
0 0 0 1 1 1 0 1 1 1 1 0 
2 0 1 0 0 1 0 1 2 2 1 0 
2 0 1 0 0 1 0 1 2 0 1 1 
0 0 0 1 1 1 1 0 2 0 1 0 
1 0 0 0 1 0 1 1 2 0 1 0 
2 0 1 0 0 1 0 1 2 2 0 1 
0 0 0 1 1 1 1 0 2 2 0 0 
0 1 0 1 1 1 1 0 2 2 1 0 
2 1 1 0 1 0 1 1 0 2 0 0 
2 1 1 0 0 1 0 1 2 2 1 1 
2 0 1 1 1 1 1 0 3 0 1 0 
1 0 0 0 0 0 1 1 0 1 1 0 
0 0 0 0 0 1 0 0 1 0 0 1 
2 0 1 0 0 1 0 0 2 2 1 1 
0 0 1 0 0 0 1 1 3 0 1 1 
0 0 1 0 1 1 1 0 3 1 0 1 
1 1 1 0 1 1 0 0 3 1 1 0 
1 1 1 0 1 1 0 0 2 1 0 0 
1 0 1 0 1 1 0 0 2 1 1 0 
2 0 1 0 0 1 0 1 3 2 1 1 
0 1 0 1 0 0 1 0 0 2 1 1 
0 0 1 0 0 0 1 0 2 0 0 1 
0 1 1 0 0 0 0 1 0 1 0 0 
1 1 1 0 1 0 0 0 2 1 1 0 
1 1 1 0 1 1 1 0 2 1 1 0 
0 0 0 0 0 0 0 0 1 2 0 0 
2 0 1 0 0 0 0 1 2 2 1 1 
0 0 0 1 1 1 1 0 2 2 1 1 
2 0 1 0 0 1 1 1 2 2 1 1 
2 0 1 1 0 1 0 1 2 2 1 1 
1 0 0 0 0 0 0 0 3 1 0 0 
1 0 0 1 1 1 1 0 2 2 1 0 
1 0 0 0 0 0 0 0 1 0 0 0 
1 1 1 1 1 1 0 0 2 1 1 0 
2 0 0 1 1 1 1 1 0 1 0 1 
0 0 0 1 0 0 0 1 3 1 0 0 
0 1 0 0 0 0 0 1 2 2 0 1 
1 1 1 0 1 1 0 0 2 2 1 0 
1 1 0 1 0 1 1 1 3 0 0 0 
2 0 0 0 0 1 0 1 2 2 1 1 
0 1 1 0 1 0 0 1 1 0 0 1 
0 0 0 0 1 1 1 0 2 2 1 0 
0 0 0 0 0 0 0 0 0 0 0 0 
0 0 1 0 0 1 0 1 2 2 1 1 
0 0 0 1 1 1 1 0 0 0 0 0 
1 0 1 1 0 1 0 0 1 2 0 0 
2 0 1 1 0 0 1 1 1 0 0 1 
1 0 0 1 1 0 0 1 3 2 0 1 
1 0 0 0 0 0 0 0 2 1 0 1 
0 0 0 1 1 1 0 0 2 2 1 0 
2 1 0 0 0 0 1 1 3 2 0 1 
1 0 0 0 0 0 0 0 0 2 0 0 
0 0 1 1 1 1 1 0 2 2 1 0 
2 1 0 0 0 0 0 0 3 1 1 0 
2 1 0 0 0 1 1 0 1 0 1 0 
1 0 0 1 0 0 0 0 2 2 0 0 
2 0 0 0 1 0 0 0 1 2 0 1 
1 1 0 0 0 0 1 1 1 2 1 0 
0 0 0 0 0 1 1 0 1 1 0 0 
0 0 0 1 1 1 1 0 3 2 1 0 
1 1 0 0 1 1 0 0 2 1 1 0 
2 0 0 0 0 0 1 0 2 0 0 0 
1 1 1 1 1 0 1 0 1 1 1 1 
0 0 0 1 0 1 1 0 2 2 1 0 
0 0 0 1 1 0 1 0 2 2 1 0 
1 0 1 0 0 0 0 0 3 0 1 0 
0 1 1 0 1 1 0 0 3 2 1 0 
1 0 1 1 0 1 0 0 0 1 0 0 
2 1 1 0 1 1 0 0 2 1 1 0 
2 1 0 1 1 1 0 0 2 0 0 1 
1 1 1 0 1 1 0 1 2 1 1 0 
2 0 0 1 0 1 0 0 0 2 1 0 
MFS
[ - , - , - , - , - , 1 , - , - , 2 , 2 , - , - ]
[ - , - , - , - , - , 1 , - , - , 2 , - , - , - ]
accurate
0.8333333333333333
testCase Num: 82
2 0 0 0 0 1 0 0 2 1 1 0 
2 0 0 0 1 1 0 0 2 1 1 0 
2 0 0 1 0 0 1 1 2 2 1 1 
2 0 0 0 0 1 0 0 2 1 1 1 
1 1 0 1 0 1 0 1 2 0 0 1 
0 1 1 1 0 0 0 0 2 2 1 0 
0 1 1 1 0 1 0 0 2 1 0 1 
1 1 1 1 0 1 0 1 3 1 0 0 
0 0 0 0 1 0 1 1 3 1 1 0 
1 1 1 1 0 0 1 0 0 1 0 1 
2 0 0 0 0 0 0 0 0 0 0 1 
0 1 1 1 1 1 0 0 2 1 0 0 
0 1 1 1 1 1 0 0 2 1 0 1 
2 1 0 1 1 0 0 1 0 1 1 0 
0 0 0 0 0 0 0 0 1 0 0 0 
1 1 1 0 1 1 1 0 1 1 1 1 
0 0 0 0 0 0 0 0 0 1 0 0 
2 0 0 0 0 0 1 0 3 0 0 0 
1 1 1 0 0 1 1 0 2 2 0 0 
0 1 0 0 0 0 0 0 1 2 0 0 
1 0 1 0 0 1 1 0 3 2 0 0 
1 0 0 0 1 1 0 0 2 0 1 0 
0 1 1 1 1 1 0 1 2 1 0 1 
1 1 0 1 1 0 1 0 3 2 1 0 
0 0 1 1 0 0 0 0 0 2 1 0 
2 0 1 1 1 1 1 0 0 2 0 0 
1 0 1 0 0 1 0 1 0 0 1 1 
0 1 0 1 1 1 0 0 2 1 0 1 
1 0 0 1 0 0 1 0 1 0 0 0 
2 0 0 1 1 0 0 0 1 2 0 0 
0 0 0 0 1 0 0 0 2 2 0 0 
0 1 1 1 1 1 0 0 2 1 1 1 
2 0 0 0 0 1 1 0 0 1 1 0 
1 0 1 1 0 1 1 0 2 2 0 0 
2 0 0 0 0 1 0 1 2 1 1 0 
1 0 1 0 1 1 1 0 2 2 0 0 
2 0 1 1 0 1 0 0 1 0 1 1 
0 0 0 1 0 0 0 0 1 1 0 0 
1 0 0 0 0 0 1 1 2 1 0 1 
2 0 0 0 0 1 0 0 2 2 1 0 
2 1 0 0 0 1 1 1 1 1 0 0 
0 1 0 0 1 1 1 1 0 2 0 1 
0 0 1 0 0 1 1 1 1 2 1 0 
0 0 1 1 0 1 1 0 3 0 1 1 
0 1 1 0 1 1 0 0 2 1 0 1 
0 1 0 1 1 0 0 1 1 0 1 1 
0 0 0 0 0 0 1 1 2 0 0 0 
1 0 1 0 0 1 0 0 2 2 0 0 
0 1 1 1 1 1 0 0 2 2 0 1 
0 0 0 0 0 0 0 0 0 0 0 0 
2 1 1 0 1 0 1 1 2 0 0 0 
1 0 1 0 0 1 1 0 2 2 1 0 
0 0 1 0 1 1 1 1 3 2 0 0 
2 0 1 0 0 1 0 0 2 1 1 0 
1 1 0 1 1 0 1 0 0 0 0 0 
2 1 0 0 0 1 0 0 2 1 1 0 
1 1 1 1 1 1 0 0 2 1 0 1 
1 0 1 0 0 0 1 0 2 2 0 0 
2 0 0 0 0 1 0 0 3 1 1 0 
1 0 0 0 0 1 1 0 2 2 0 0 
0 1 1 1 1 1 1 0 2 1 0 1 
1 0 0 0 0 0 0 0 0 2 0 0 
2 0 0 0 0 1 0 0 2 1 0 0 
0 1 1 1 1 0 0 0 2 1 0 1 
0 0 0 0 0 1 0 0 2 1 1 0 
0 0 1 1 1 1 0 0 2 1 0 1 
2 0 1 0 0 1 1 0 2 2 0 0 
0 1 0 0 0 0 0 0 3 0 0 0 
2 0 0 0 0 0 0 0 2 1 1 0 
1 0 1 0 0 1 1 1 2 2 0 0 
2 0 0 0 0 1 1 0 2 1 1 0 
0 1 1 1 1 1 0 0 3 1 0 1 
0 0 0 0 0 0 0 0 1 1 0 0 
1 0 1 0 0 1 1 0 2 0 0 0 
1 0 1 0 0 1 1 0 2 2 0 0 
2 1 0 0 1 0 0 1 3 0 0 1 
1 0 1 0 0 1 1 0 2 2 0 1 
2 0 1 1 0 0 0 0 3 1 0 1 
1 0 0 0 0 0 0 0 3 0 0 1 
1 0 1 0 1 0 0 1 1 2 0 1 
2 1 0 0 0 1 0 0 3 2 1 1 
2 0 0 1 0 1 0 0 2 1 1 0 
MFS
[ - , - , - , - , - , 1 , - , - , 2 , 2 , - , - ]
[ - , - , - , - , - , 1 , - , - , 2 , - , - , - ]
accurate
0.8333333333333333
testCase Num: 71
2 0 1 0 0 0 0 0 1 1 0 1 
1 0 0 0 0 0 1 0 3 0 1 1 
0 1 0 1 0 1 1 1 0 2 0 1 
1 0 1 1 1 1 0 1 2 2 0 1 
1 0 1 1 1 1 0 0 2 2 0 0 
1 0 1 1 0 1 0 1 0 1 0 0 
1 0 1 1 1 1 0 0 2 0 0 1 
0 1 1 0 1 1 0 1 3 1 0 0 
2 1 0 0 1 1 1 0 0 1 1 1 
2 1 0 1 1 0 0 1 1 2 0 1 
0 0 0 0 0 0 0 0 0 1 0 0 
0 0 0 0 1 1 1 0 1 1 0 0 
0 1 1 0 1 1 1 1 2 1 0 0 
2 0 1 0 0 1 1 1 1 2 1 0 
1 1 0 1 0 1 1 1 2 0 0 0 
0 1 1 0 1 1 0 1 2 2 0 0 
0 0 1 1 0 1 0 0 3 1 1 1 
0 0 0 0 0 1 0 0 1 0 0 1 
0 1 1 1 1 1 0 1 2 1 0 0 
1 1 1 1 1 1 0 0 2 2 0 1 
1 0 1 1 1 1 0 0 2 2 1 1 
1 0 1 1 1 1 0 0 1 0 0 0 
0 0 1 1 0 0 1 0 2 1 0 1 
2 0 0 0 0 0 0 0 3 1 0 0 
1 1 0 0 0 1 0 0 1 2 1 0 
1 1 0 1 1 0 1 1 1 1 1 1 
0 0 0 0 0 0 0 0 1 2 0 0 
0 0 0 1 0 0 1 0 1 0 0 0 
2 0 1 1 1 1 0 0 2 2 0 1 
0 0 0 0 1 0 1 0 2 2 1 1 
0 1 1 0 1 1 0 0 2 1 0 0 
1 0 1 1 1 1 0 0 2 2 0 1 
1 0 0 0 1 0 0 0 3 2 0 1 
1 0 0 1 1 1 0 1 3 1 0 0 
2 0 0 1 1 0 1 1 3 2 0 0 
1 0 1 0 1 0 0 1 0 0 1 1 
1 0 0 0 1 0 1 1 0 2 0 0 
1 1 0 0 0 0 0 0 0 0 0 0 
0 1 1 0 1 1 0 1 2 1 1 0 
1 0 1 0 1 1 0 0 2 2 0 1 
0 1 1 1 1 0 0 1 3 2 1 0 
2 0 0 0 0 0 0 0 2 2 0 0 
2 1 0 0 1 1 0 1 3 0 0 1 
0 0 0 0 0 0 0 0 3 0 0 0 
0 0 1 0 1 1 0 1 2 1 0 0 
0 1 1 0 1 0 0 1 2 1 0 0 
0 0 0 0 0 0 0 0 0 0 0 0 
1 0 0 1 1 1 0 0 2 2 0 1 
0 1 1 0 0 1 0 1 2 1 0 0 
2 0 0 1 0 0 0 1 2 1 1 0 
0 1 1 0 1 1 0 1 2 1 0 0 
2 0 1 1 1 1 0 0 2 0 1 1 
0 1 1 0 1 1 0 1 2 1 0 1 
1 1 1 0 1 1 0 1 2 1 0 0 
1 0 0 0 0 0 0 0 2 1 0 0 
1 1 1 0 0 0 1 0 3 1 0 0 
2 0 1 1 0 0 0 0 3 0 1 0 
2 1 1 0 0 0 1 0 2 0 0 0 
1 0 1 1 1 1 0 0 3 2 0 1 
2 1 1 1 0 0 0 0 0 2 1 0 
0 0 0 0 0 0 0 0 2 0 0 0 
1 0 1 1 1 0 0 0 2 2 0 1 
0 1 0 0 1 1 0 1 2 1 0 0 
0 1 1 0 0 0 0 1 1 0 1 1 
1 0 1 1 1 1 1 0 2 2 0 1 
1 1 0 0 0 0 0 1 2 2 1 1 
1 0 1 1 0 1 0 0 2 2 0 1 
0 0 0 0 0 1 1 1 3 2 0 0 
2 0 0 0 0 0 0 1 0 0 0 0 
2 0 1 1 0 0 0 0 1 0 0 1 
0 1 1 1 1 1 1 0 0 0 1 0 
MFS
[ - , - , - , - , - , 1 , - , - , 2 , 2 , - , - ]
[ - , - , - , - , - , 1 , - , - , 2 , - , - , - ]
accurate
0.8333333333333333
