regaular Num: 51
identify Num: 50
testCase Num: 101
3 0 1 0 0 0 1 1 0 1 
2 1 1 0 1 1 0 1 1 0 
5 0 1 1 0 0 1 1 0 0 
5 1 1 1 1 1 0 0 0 0 
4 0 1 0 0 1 0 1 1 0 
2 1 1 1 1 0 0 0 0 0 
2 1 0 1 0 1 1 0 0 0 
2 0 1 1 1 0 0 1 0 0 
4 0 0 1 0 0 0 0 0 0 
2 1 1 0 1 0 1 0 0 1 
3 0 1 1 1 1 1 0 1 0 
3 1 1 1 0 0 0 0 1 1 
3 1 0 0 1 1 0 0 1 1 
4 0 0 0 0 0 1 0 0 1 
1 0 1 0 1 0 0 0 0 0 
3 0 1 0 1 1 0 1 1 0 
1 0 0 0 1 0 0 1 0 1 
2 1 1 1 0 0 0 1 0 0 
3 0 0 0 0 0 0 0 0 0 
3 0 0 1 1 0 0 0 0 0 
2 0 1 0 1 1 0 1 0 0 
2 0 0 1 0 1 0 0 0 0 
2 1 1 1 1 0 0 1 1 0 
5 0 0 1 0 0 0 0 0 1 
1 0 1 1 0 0 1 0 0 0 
2 1 1 1 1 0 0 1 0 1 
3 1 0 1 0 0 0 0 0 0 
1 0 0 0 0 1 0 0 1 1 
3 0 1 1 0 0 0 0 0 0 
0 0 0 1 1 0 1 1 0 0 
3 0 0 1 0 0 0 1 0 0 
1 1 0 0 0 1 1 0 0 0 
2 1 1 1 1 1 0 1 0 0 
2 1 0 0 0 1 0 0 0 0 
2 1 1 1 1 0 0 1 0 0 
2 1 0 1 0 1 0 0 1 0 
2 0 1 0 1 0 0 1 1 0 
1 0 1 0 0 1 0 0 0 1 
4 0 0 1 1 0 0 1 1 1 
0 1 0 1 0 1 0 1 0 1 
2 0 0 0 0 1 1 0 0 1 
2 0 1 0 0 1 0 1 1 0 
5 0 0 0 0 1 1 0 0 1 
4 1 0 0 0 1 1 0 1 0 
5 0 0 1 1 1 0 1 1 0 
2 1 1 0 0 0 0 0 1 1 
4 1 0 1 1 1 0 0 0 0 
2 1 0 1 0 1 0 0 0 0 
3 0 1 1 0 1 1 1 1 0 
2 1 0 1 0 1 0 0 0 1 
3 0 0 1 0 1 0 0 0 0 
2 1 1 0 1 0 0 1 0 0 
1 1 0 1 1 1 1 1 0 1 
3 0 1 1 1 1 0 1 1 0 
5 0 0 0 1 0 1 0 1 1 
3 1 0 0 0 0 1 0 0 0 
2 1 0 1 1 1 0 0 0 0 
2 0 1 0 1 1 0 0 1 0 
3 1 1 1 1 1 1 1 1 0 
0 0 1 1 1 1 1 0 1 1 
3 1 0 1 0 1 0 0 0 0 
3 0 0 1 0 0 1 0 0 0 
5 1 0 0 0 1 0 1 1 1 
0 0 0 0 0 0 0 0 0 0 
3 0 1 1 1 0 1 1 1 0 
2 0 1 0 1 1 1 1 1 0 
2 0 0 1 0 0 1 1 1 1 
4 0 1 0 1 0 0 0 0 0 
4 0 1 1 1 1 1 1 1 0 
2 1 1 1 0 1 0 0 0 0 
2 1 0 1 0 1 0 1 0 0 
1 0 0 1 0 0 0 0 0 0 
3 0 0 0 0 1 1 0 0 1 
3 0 1 1 1 1 1 1 0 0 
3 0 1 0 1 1 1 1 1 0 
4 1 0 0 1 0 1 0 0 0 
0 0 1 0 0 0 1 0 0 1 
0 1 1 0 1 0 1 1 1 0 
2 0 1 0 1 1 0 1 1 0 
2 0 1 0 1 1 0 1 1 1 
3 1 0 0 1 0 0 1 0 0 
5 1 0 0 0 0 0 0 0 0 
2 0 0 0 1 1 0 1 1 0 
5 1 1 0 0 0 1 0 1 1 
1 1 1 0 0 0 0 1 1 0 
3 0 1 1 1 1 1 1 1 0 
2 0 0 0 1 0 1 0 0 0 
3 0 1 1 1 1 1 1 1 1 
3 0 0 1 1 1 1 1 1 0 
4 1 1 1 0 1 1 1 0 1 
2 1 0 1 0 0 0 0 0 0 
3 0 0 1 0 0 0 0 1 0 
2 0 1 1 1 1 0 1 1 0 
3 1 1 1 1 0 0 1 0 0 
0 1 0 0 1 1 0 0 1 0 
2 1 1 1 1 0 1 1 0 0 
0 0 1 0 0 1 0 0 1 0 
2 1 0 1 1 0 0 1 0 0 
1 0 0 1 1 0 1 0 1 0 
3 0 0 1 0 0 0 0 0 1 
3 0 0 1 0 0 0 0 0 0 
MFS
[ 3 , - , - , - , - , - , - , - , - , 0 ]
[ - , - , - , - , - , - , - , - , - , 0 ]
[ - , - , - , - , - , 1 , - , - , - , 0 ]
[ - , - , - , 1 , - , - , - , - , - , 0 ]
[ 3 , - , - , 1 , - , - , - , - , - , 0 ]
precise
0.2
recall
0.25
F-measure
0.22222222222222224
accurate
0.6666666666666666
accurate_oppsite
0.75
regaular Num: 53
identify Num: 80
testCase Num: 133
3 1 1 1 1 0 1 1 0 0 
2 1 0 0 1 1 0 1 1 0 
3 0 0 1 1 0 0 1 1 1 
5 1 0 0 0 0 0 1 0 0 
4 0 0 0 0 1 0 1 1 0 
2 1 0 1 1 0 0 0 0 0 
5 0 0 1 1 0 1 1 1 0 
4 0 1 0 1 1 0 0 0 0 
4 1 1 1 1 0 1 0 0 0 
3 1 1 1 1 1 0 1 0 0 
3 0 0 0 0 1 0 1 0 0 
4 0 1 1 1 0 0 0 1 1 
0 1 1 1 0 1 0 0 0 0 
3 1 0 0 1 1 0 0 1 0 
2 1 0 0 1 1 0 1 0 1 
5 0 1 0 0 1 1 1 0 0 
4 1 0 0 1 0 0 1 0 0 
1 0 1 0 1 0 0 0 0 0 
3 0 0 0 1 1 0 1 1 0 
2 1 0 1 0 0 0 1 0 0 
3 0 0 0 0 0 0 0 0 0 
3 1 1 1 1 0 0 0 0 0 
2 0 1 1 0 0 1 0 1 0 
4 1 1 1 1 1 0 0 0 0 
4 1 0 1 0 0 0 0 1 0 
2 1 0 1 1 0 1 1 0 0 
3 1 1 0 0 1 0 1 1 0 
1 0 1 0 0 0 0 0 0 1 
3 0 0 0 0 1 0 1 1 1 
3 0 0 0 0 1 0 1 1 0 
5 1 0 1 0 1 0 0 1 1 
3 1 0 1 0 0 0 0 0 0 
1 0 0 0 0 1 0 0 1 1 
3 1 1 0 1 1 0 0 0 0 
2 1 1 1 0 0 1 1 0 0 
3 0 0 0 0 0 0 1 1 0 
2 1 1 0 1 1 0 0 1 0 
2 0 1 0 1 1 1 0 0 0 
2 1 0 0 1 1 0 0 1 1 
2 1 0 0 1 1 0 0 1 0 
1 0 1 0 0 1 1 1 0 0 
2 0 1 0 1 1 1 0 0 1 
4 1 0 0 0 1 1 0 0 1 
2 1 0 0 0 0 0 0 0 0 
1 1 1 1 0 0 1 0 1 0 
2 0 0 1 0 1 1 0 0 1 
3 0 1 0 1 0 1 0 1 1 
2 0 0 0 1 1 1 0 0 0 
2 1 1 1 1 0 0 1 0 0 
3 1 1 0 0 1 1 1 1 0 
5 0 0 0 0 0 0 1 0 1 
3 1 1 0 0 1 1 1 1 1 
2 0 0 1 1 0 1 0 1 0 
3 0 0 0 0 1 0 0 0 1 
2 0 0 1 0 1 1 0 1 0 
2 1 0 0 0 1 0 0 1 0 
1 1 0 0 1 0 0 0 0 0 
4 0 0 0 0 0 0 0 1 0 
0 0 0 0 0 0 0 1 0 0 
2 1 1 1 0 0 0 0 0 0 
2 0 1 1 1 1 1 0 0 0 
2 0 1 0 1 1 1 0 1 0 
2 1 0 0 1 1 0 0 0 0 
2 0 0 1 0 0 0 0 0 0 
3 1 0 1 0 0 1 1 0 1 
5 0 1 0 0 0 0 0 1 0 
3 1 1 1 0 1 0 0 0 0 
2 1 0 1 0 1 0 0 0 0 
1 1 0 0 0 0 1 1 0 1 
3 1 1 0 0 1 1 1 0 0 
3 1 0 0 0 1 0 1 1 0 
3 0 0 0 0 1 0 0 1 0 
0 0 0 1 0 1 0 0 1 1 
3 0 0 1 0 0 1 0 1 0 
2 1 1 0 1 1 1 0 0 0 
2 1 0 1 0 0 1 0 0 0 
2 0 0 1 0 0 0 0 1 0 
2 0 1 0 1 1 1 1 0 0 
0 1 0 0 0 0 1 0 0 0 
2 0 0 0 0 0 1 0 1 0 
2 0 0 0 1 1 0 0 1 0 
1 1 0 0 1 1 1 1 1 0 
3 1 1 0 0 1 1 0 1 0 
3 0 0 1 0 1 0 1 1 0 
3 0 0 0 0 1 1 1 1 0 
3 0 1 0 0 1 1 1 1 0 
3 0 1 0 1 1 1 0 0 0 
3 0 1 1 1 1 0 0 0 0 
2 1 1 1 1 1 1 1 0 0 
2 1 0 1 1 1 0 0 1 0 
5 0 1 1 1 1 1 0 0 1 
0 0 0 0 0 0 0 0 0 0 
2 1 0 1 0 0 1 0 1 0 
2 0 0 1 0 0 1 1 1 0 
0 1 0 0 0 0 1 1 1 0 
2 1 1 1 1 0 1 0 0 0 
3 1 1 1 0 1 1 1 1 0 
2 0 1 1 1 0 1 1 0 0 
5 1 0 0 0 0 1 0 0 0 
3 1 1 1 1 1 1 0 0 0 
4 0 1 1 0 1 1 1 1 0 
2 1 0 1 0 0 0 0 1 0 
0 0 1 1 1 0 1 1 0 0 
2 0 0 1 0 0 1 0 0 0 
2 1 1 1 1 0 1 1 1 0 
0 1 1 0 1 1 1 1 1 1 
3 1 0 0 0 1 1 1 1 0 
2 1 0 0 1 0 0 0 1 0 
1 0 0 1 1 1 0 1 0 1 
2 0 1 0 1 0 1 0 0 0 
3 1 1 1 1 1 0 0 0 0 
3 1 1 1 1 1 0 0 0 1 
2 1 1 0 1 0 1 1 0 0 
3 1 0 1 1 1 0 0 0 0 
2 1 0 1 0 0 0 0 0 0 
2 0 1 0 0 1 1 0 0 0 
3 1 1 0 0 0 1 1 1 0 
2 1 0 1 0 0 0 0 0 1 
2 0 0 1 0 0 1 0 1 1 
2 0 1 0 1 1 0 0 0 0 
2 1 0 0 1 1 1 0 1 0 
2 0 0 1 0 0 1 0 1 0 
4 1 1 0 0 1 1 1 1 0 
2 1 1 1 1 0 1 1 0 1 
2 0 1 0 0 0 0 1 1 1 
2 1 1 1 1 0 1 1 0 0 
5 1 1 0 1 0 0 0 0 1 
3 0 1 0 0 1 0 1 1 0 
3 1 1 1 1 1 0 0 1 0 
0 0 0 0 1 0 0 0 0 1 
1 0 0 0 0 0 0 0 0 0 
4 0 0 0 0 0 0 1 0 1 
3 1 1 0 1 1 1 1 1 0 
MFS
[ 3 , - , - , - , - , 1 , - , - , - , 0 ]
[ 3 , - , - , - , - , - , - , - , - , 0 ]
[ - , - , - , - , - , 1 , - , - , - , 0 ]
[ - , - , - , 1 , - , - , - , - , - , 0 ]
precise
0.25
recall
0.25
F-measure
0.25
accurate
0.7499999999999999
accurate_oppsite
0.7499999999999999
regaular Num: 54
identify Num: 70
testCase Num: 124
2 0 1 1 1 1 1 1 1 0 
2 1 0 0 0 0 1 1 1 0 
2 0 1 0 0 0 0 0 0 0 
1 0 0 0 0 0 0 1 0 0 
2 0 0 0 0 0 0 0 0 0 
2 0 0 1 1 0 0 1 0 0 
3 1 0 0 0 1 0 0 0 0 
5 1 0 0 1 0 0 1 1 0 
3 0 0 0 0 1 0 1 0 0 
5 1 0 1 0 1 0 0 0 1 
3 1 1 1 0 0 1 1 0 0 
3 0 0 1 1 1 1 0 1 0 
5 0 1 0 0 1 1 1 0 1 
4 0 0 0 0 0 1 0 0 0 
3 0 0 0 0 0 0 0 0 0 
5 0 0 0 0 1 0 0 1 0 
3 1 0 1 0 1 1 0 1 0 
4 0 0 0 0 1 0 0 0 0 
0 0 1 1 1 1 0 1 0 0 
2 1 0 1 0 1 1 1 1 0 
0 0 0 0 0 1 0 0 0 0 
2 0 1 0 1 0 1 1 1 0 
4 0 1 1 0 0 1 1 0 1 
2 0 0 0 0 0 0 1 0 1 
3 0 1 1 0 0 0 0 0 0 
3 0 0 0 1 1 0 0 0 0 
2 1 0 1 0 0 0 1 1 0 
2 1 0 1 1 1 0 1 0 0 
2 0 0 1 1 1 0 0 0 0 
2 0 1 1 0 0 1 0 0 0 
2 0 1 1 1 0 0 0 0 0 
2 1 0 1 1 0 1 1 1 0 
5 1 1 0 0 0 0 0 0 0 
3 1 1 1 1 1 1 0 1 0 
3 0 0 0 0 1 0 0 0 1 
5 0 1 1 1 0 1 0 1 0 
3 0 0 0 0 1 0 0 0 0 
3 1 0 1 1 1 1 0 1 1 
3 1 0 1 1 1 1 0 1 0 
3 1 1 1 0 1 0 1 0 0 
3 0 0 1 1 1 0 1 0 0 
3 1 1 0 0 0 0 1 0 0 
2 1 1 0 1 1 1 1 1 0 
2 1 1 1 0 0 0 0 0 0 
2 0 0 1 1 1 1 1 0 0 
2 0 1 0 1 1 1 0 1 0 
4 0 1 0 1 0 1 1 1 0 
0 1 0 0 1 0 1 0 0 0 
2 0 0 1 0 0 0 0 0 0 
4 0 0 0 1 0 0 0 0 1 
4 0 1 0 0 1 0 0 0 0 
2 0 0 0 1 1 1 1 1 0 
3 0 0 0 1 0 1 0 0 1 
2 1 0 1 0 1 0 0 0 1 
3 0 0 1 0 1 0 0 0 0 
4 1 0 0 1 1 1 1 0 0 
1 0 0 0 0 0 1 0 1 1 
3 1 0 1 1 1 1 0 0 0 
3 0 0 0 0 1 0 0 1 0 
3 1 0 1 0 0 1 1 1 0 
1 1 0 1 0 0 0 0 0 1 
3 1 0 0 1 1 1 0 1 0 
3 0 1 1 0 0 0 1 0 0 
0 0 1 0 0 0 0 0 1 1 
2 0 1 1 1 1 0 1 0 0 
2 0 1 0 1 1 1 1 0 0 
2 0 1 1 0 0 0 0 1 0 
0 1 0 1 0 0 0 0 0 1 
3 1 1 0 1 0 0 0 0 1 
4 0 0 1 1 1 0 0 1 0 
4 1 1 1 0 0 0 1 0 0 
3 0 0 0 1 0 0 1 0 0 
4 1 1 0 0 0 0 0 1 1 
1 1 0 1 1 0 1 0 0 0 
3 1 0 1 1 1 1 1 1 0 
2 1 0 1 0 0 1 1 1 1 
0 0 0 0 0 0 0 0 0 0 
2 1 0 1 0 0 1 0 1 0 
2 0 0 1 1 1 0 1 1 0 
2 0 1 0 1 1 1 1 1 0 
2 0 1 1 0 0 0 0 0 1 
2 0 0 1 0 0 1 1 1 0 
2 0 1 1 0 0 0 0 0 0 
2 0 1 0 1 1 1 1 1 1 
0 1 0 0 0 0 1 1 1 1 
5 0 0 0 0 0 0 0 1 1 
0 1 1 1 1 1 1 0 1 1 
1 0 1 0 1 1 0 0 1 1 
3 1 0 1 1 1 0 0 1 0 
3 1 1 1 0 0 0 1 0 0 
3 0 0 0 0 1 1 0 0 0 
1 1 0 1 1 1 0 1 1 0 
3 0 1 0 1 1 1 1 1 0 
3 0 0 1 0 0 1 1 1 1 
2 0 0 1 1 1 0 1 0 1 
2 0 0 1 1 1 0 1 0 0 
1 1 1 0 0 1 1 0 0 0 
3 0 1 0 0 0 1 0 0 0 
2 0 1 0 1 1 0 1 1 0 
1 0 1 1 1 0 0 1 0 1 
3 1 0 1 0 0 0 1 0 0 
3 1 1 1 0 0 0 1 0 1 
3 0 1 0 0 1 0 0 0 0 
2 1 1 0 1 0 0 0 1 1 
1 0 0 0 0 0 1 1 0 0 
2 0 1 1 0 1 0 0 0 0 
3 1 1 1 0 0 0 1 1 0 
2 0 1 0 0 1 1 0 0 1 
2 1 1 1 0 0 1 1 1 0 
2 1 0 1 0 0 1 1 1 0 
3 1 1 1 1 0 0 1 0 0 
3 1 0 1 1 0 1 0 1 0 
5 1 0 1 1 1 1 1 0 0 
2 0 1 1 0 0 0 1 0 0 
4 1 0 1 1 1 1 0 1 0 
2 0 0 0 1 1 0 1 0 0 
2 0 0 1 0 1 0 1 0 0 
3 0 1 0 0 1 0 1 1 1 
3 1 1 1 0 0 0 0 0 0 
0 0 0 0 1 1 1 0 1 0 
4 1 0 1 0 1 0 1 0 1 
5 0 0 0 1 0 0 0 0 1 
2 0 1 0 0 1 1 1 1 0 
2 1 0 1 0 0 1 1 0 0 
MFS
[ 3 , - , - , - , - , 1 , - , - , - , 0 ]
[ 3 , - , - , - , - , - , - , - , - , 0 ]
[ - , - , - , - , - , - , - , - , - , 0 ]
[ - , - , - , - , - , 1 , - , - , - , 0 ]
[ - , - , - , 1 , - , - , - , - , - , 0 ]
[ 3 , - , - , 1 , - , - , - , - , - , 0 ]
precise
0.3333333333333333
recall
0.5
F-measure
0.4
accurate
0.7222222222222222
accurate_oppsite
0.8333333333333333
regaular Num: 48
identify Num: 60
testCase Num: 108
3 1 1 0 1 0 1 0 1 0 
3 1 1 1 1 0 0 0 1 0 
3 0 1 0 0 0 0 0 1 0 
4 1 1 0 0 1 0 0 1 0 
3 0 0 0 1 0 1 1 1 0 
2 1 0 1 1 0 0 0 0 0 
3 0 1 1 0 1 1 0 0 0 
2 0 0 1 1 0 0 1 0 0 
2 0 0 0 1 0 0 0 1 0 
3 1 1 1 0 0 0 0 1 0 
3 0 1 1 0 0 0 1 1 0 
0 0 1 0 1 1 1 0 0 0 
3 0 0 0 1 1 0 1 1 0 
3 0 0 0 0 0 0 0 0 0 
3 0 0 1 1 0 0 0 0 0 
4 0 0 1 0 1 1 0 0 0 
2 1 0 0 0 1 0 1 1 0 
2 0 0 0 0 0 0 1 1 0 
5 0 1 0 1 1 0 0 0 0 
4 1 1 1 1 0 1 0 1 0 
2 0 0 0 1 0 0 0 0 0 
4 0 1 1 0 0 0 0 1 0 
3 0 0 0 0 1 0 1 1 0 
3 1 0 1 0 1 1 0 0 1 
2 0 1 1 0 1 1 0 0 1 
2 0 1 1 0 1 1 0 0 0 
3 1 0 0 1 1 1 1 1 0 
1 0 0 0 0 1 1 1 0 0 
3 0 1 1 0 0 0 0 0 0 
2 1 0 1 0 0 0 1 1 1 
2 1 1 0 1 1 1 1 0 1 
2 0 0 1 1 1 0 0 0 0 
3 1 1 1 1 0 1 0 0 0 
5 0 0 1 1 1 0 0 0 1 
2 0 1 1 0 0 1 0 0 0 
2 1 1 0 0 0 0 0 0 0 
0 0 1 1 0 0 0 0 0 0 
2 0 1 1 1 0 0 0 0 0 
3 0 1 1 0 1 0 0 1 0 
3 1 1 1 1 1 1 0 1 0 
4 0 0 0 1 1 1 1 1 0 
2 0 1 1 0 1 1 0 1 0 
2 0 1 0 0 1 0 1 1 0 
4 0 0 0 1 0 0 0 0 0 
3 0 1 1 1 0 1 0 1 0 
1 0 0 0 1 0 1 1 1 1 
3 1 1 1 1 0 1 1 1 0 
2 0 1 1 1 1 1 0 0 0 
2 0 0 1 0 0 0 0 0 0 
5 0 1 0 0 0 1 1 0 1 
4 0 0 0 0 1 0 1 0 1 
0 1 1 1 1 1 0 1 0 0 
1 1 0 0 0 0 0 0 1 1 
2 1 1 1 0 1 1 0 0 0 
3 1 1 1 0 0 1 0 1 0 
2 0 0 1 0 1 1 0 0 0 
1 1 1 1 1 1 1 0 0 1 
1 1 1 0 0 1 0 1 1 0 
0 1 0 0 1 0 1 0 1 1 
5 1 0 1 0 0 0 1 1 1 
3 0 1 1 0 1 0 1 1 1 
2 0 1 0 0 0 1 0 1 0 
3 0 0 0 0 1 1 1 1 0 
0 0 1 1 0 1 1 1 1 1 
5 0 0 0 1 0 0 0 1 0 
2 0 0 0 0 1 0 0 1 0 
0 0 0 0 0 0 0 0 0 0 
3 1 1 1 1 0 1 0 1 1 
3 1 1 1 1 0 1 0 1 0 
2 0 0 0 0 0 1 0 0 1 
1 0 0 1 0 0 0 0 0 0 
2 0 0 1 1 0 1 0 0 0 
4 0 1 0 0 0 0 1 0 0 
4 1 0 0 0 0 1 1 1 1 
3 0 1 0 1 1 1 1 1 0 
3 0 0 0 1 1 1 0 1 0 
2 0 0 0 0 1 1 1 1 0 
3 0 1 1 0 0 1 0 1 0 
3 0 1 1 1 0 0 0 1 0 
2 0 0 0 0 1 0 1 0 0 
5 1 1 1 0 0 0 0 1 0 
2 0 0 1 0 1 0 1 1 0 
2 0 0 0 1 1 0 1 1 0 
3 1 1 0 1 0 0 1 0 1 
2 0 0 1 1 0 0 0 0 1 
2 0 0 1 1 0 0 0 0 0 
2 0 1 1 0 1 0 0 0 0 
1 0 1 1 1 0 0 1 1 0 
3 0 1 1 0 0 0 0 1 0 
3 0 1 1 0 0 0 0 1 1 
3 0 0 1 1 1 1 1 1 0 
4 1 0 1 1 0 1 1 0 0 
2 0 0 0 0 1 0 1 1 0 
3 0 0 0 1 1 1 1 0 0 
3 0 0 1 0 0 0 0 1 0 
2 0 1 0 0 1 1 0 0 0 
3 1 0 1 1 0 1 0 1 0 
2 0 0 0 0 1 0 1 1 1 
5 1 0 0 1 1 1 1 1 0 
0 1 0 1 0 0 0 1 1 0 
0 0 0 0 0 1 0 1 0 1 
4 0 1 1 1 1 0 0 0 0 
2 0 0 1 1 0 0 0 1 0 
5 1 0 1 0 1 1 0 0 0 
2 0 1 1 0 1 1 1 0 0 
4 0 1 1 1 0 1 0 1 1 
3 0 0 0 1 1 1 1 1 0 
3 0 0 0 1 1 1 1 1 1 
MFS
[ 3 , - , - , - , - , 1 , - , - , - , 0 ]
[ - , - , - , - , - , - , - , - , - , 0 ]
[ - , - , - , - , - , 1 , - , - , - , 0 ]
[ - , - , - , 1 , - , - , - , - , - , 0 ]
[ 3 , - , - , 1 , - , - , - , - , - , 0 ]
precise
0.4
recall
0.5
F-measure
0.4444444444444445
accurate
0.7333333333333333
accurate_oppsite
0.8333333333333333
regaular Num: 50
identify Num: 60
testCase Num: 110
2 1 0 0 0 0 1 1 1 0 
2 1 0 0 0 1 0 1 0 0 
2 0 0 0 0 0 0 0 0 0 
1 0 1 0 0 0 0 1 0 1 
3 0 0 1 0 1 1 0 0 0 
3 1 0 0 0 1 0 0 0 0 
3 0 1 0 0 1 0 1 0 0 
4 0 0 0 1 1 0 0 0 0 
2 0 1 0 1 0 1 1 0 0 
5 0 1 1 0 1 0 1 0 0 
3 0 0 1 1 1 1 0 1 0 
2 0 1 1 1 1 1 1 0 0 
0 0 1 1 1 0 1 0 1 1 
2 0 1 0 1 1 0 1 0 0 
1 0 1 0 0 1 1 0 1 0 
2 1 0 1 0 1 1 1 1 0 
3 0 1 1 0 1 1 0 1 0 
1 1 0 1 0 0 0 1 0 1 
2 0 1 1 0 1 1 0 0 1 
0 1 1 0 0 0 0 0 1 0 
3 0 0 1 1 1 1 0 0 1 
3 0 0 1 1 1 1 0 0 0 
2 1 0 1 0 0 0 1 1 0 
4 0 1 1 0 1 0 1 0 0 
2 1 1 0 1 1 1 1 0 0 
2 0 1 0 1 1 1 0 0 0 
5 0 0 0 0 1 1 1 1 0 
2 1 1 0 0 0 0 0 0 1 
2 1 0 0 0 1 0 0 0 0 
4 0 1 0 1 0 1 1 0 0 
2 1 0 0 0 0 0 0 0 0 
2 1 0 0 0 1 0 0 0 1 
4 0 0 1 1 1 1 0 0 0 
2 1 0 1 1 0 1 1 1 0 
3 0 1 1 0 1 1 1 0 0 
3 0 0 0 0 1 0 0 0 1 
0 0 0 1 0 1 0 0 0 1 
0 1 1 0 0 1 1 1 0 1 
3 1 1 1 0 1 0 1 0 0 
2 1 0 0 0 1 0 0 1 0 
3 0 1 1 1 1 0 1 0 0 
4 1 0 0 1 0 1 0 1 0 
3 0 1 0 1 1 1 1 0 0 
3 0 1 1 1 0 1 0 1 0 
2 0 0 1 1 1 0 0 1 1 
2 1 0 0 1 1 0 0 0 0 
3 1 0 0 1 0 0 0 1 0 
2 1 0 1 0 1 0 0 0 0 
5 1 1 0 1 0 1 0 1 0 
3 1 0 1 1 1 1 0 0 0 
3 1 1 1 0 0 1 0 1 0 
3 1 0 1 0 0 1 1 1 0 
3 0 0 1 0 0 1 0 1 0 
1 1 1 1 1 1 1 0 0 1 
1 0 0 1 1 0 0 0 0 0 
3 0 1 1 0 0 0 1 0 0 
3 0 0 1 1 0 1 0 0 0 
2 0 1 0 1 1 1 1 0 0 
2 0 1 0 1 1 1 1 0 1 
3 1 1 1 0 1 0 0 1 1 
2 0 0 0 1 1 1 1 0 0 
3 0 1 1 0 1 0 1 1 0 
2 1 1 0 1 0 0 1 1 1 
3 0 0 1 0 1 0 1 0 0 
3 0 1 1 0 1 0 1 0 1 
4 0 1 1 0 0 1 0 1 0 
3 0 0 1 1 1 0 0 0 0 
3 0 1 1 0 0 1 0 0 0 
2 1 0 0 0 1 1 0 0 0 
4 0 0 0 0 0 0 1 1 0 
3 0 0 0 1 1 1 0 0 0 
2 0 1 0 0 1 1 1 0 0 
2 1 0 1 0 0 1 1 1 1 
0 0 0 0 0 0 0 0 0 0 
2 1 0 1 0 0 1 0 1 0 
4 0 1 1 0 1 1 1 0 1 
2 0 1 0 1 1 1 1 1 0 
2 0 0 1 0 0 1 1 1 0 
4 0 0 0 0 1 1 0 1 1 
5 0 0 0 0 0 1 1 0 1 
3 0 1 1 0 1 0 0 0 0 
3 0 1 0 1 0 0 1 1 1 
4 1 0 1 1 0 0 1 0 1 
3 0 1 1 0 0 1 0 1 1 
4 0 0 0 0 0 0 0 0 0 
3 1 0 0 0 0 1 1 0 0 
3 0 1 1 0 0 1 0 1 0 
3 0 0 0 0 0 1 0 0 1 
5 1 0 0 0 0 0 0 0 0 
0 1 0 1 1 1 0 1 1 0 
5 0 0 1 0 0 1 0 0 0 
1 1 0 0 1 1 0 1 1 0 
1 0 0 0 0 0 1 1 0 0 
5 0 1 1 1 0 0 0 0 1 
3 0 1 1 0 0 0 0 1 0 
4 1 1 1 0 1 0 0 1 0 
2 1 1 1 0 0 1 1 1 0 
2 1 0 1 0 0 1 1 1 0 
5 1 0 1 1 1 0 0 1 1 
3 0 1 0 0 0 1 0 1 0 
0 0 0 0 1 0 1 1 0 0 
3 0 1 1 0 1 0 1 0 0 
1 0 1 1 0 0 0 0 1 1 
3 0 1 1 1 1 1 0 0 0 
5 1 0 0 1 0 0 1 0 0 
2 1 1 0 0 1 0 0 0 0 
3 0 0 1 1 1 1 1 0 0 
3 0 1 1 0 0 1 1 1 0 
2 0 0 0 0 1 0 0 0 0 
2 1 0 1 0 0 1 1 0 0 
MFS
[ 3 , - , - , - , - , - , - , - , - , 0 ]
[ - , - , - , - , - , 1 , - , - , - , 0 ]
[ 3 , - , - , 1 , - , - , - , - , - , 0 ]
[ - , - , - , 1 , - , - , - , - , - , 0 ]
precise
0.25
recall
0.25
F-measure
0.25
accurate
0.7499999999999999
accurate_oppsite
0.75
regaular Num: 51
identify Num: 78
testCase Num: 128
3 0 0 0 0 0 1 1 0 0 
3 1 1 0 1 0 1 0 1 0 
3 0 0 1 1 0 0 1 1 1 
4 0 0 1 0 1 1 0 1 0 
0 1 0 0 0 0 0 1 1 1 
5 0 0 1 0 0 1 1 0 1 
2 1 1 1 1 0 0 0 0 0 
4 0 1 0 0 1 0 1 1 0 
3 0 0 1 0 1 1 0 0 0 
1 1 0 0 0 0 0 0 0 0 
1 0 0 1 0 0 1 0 0 1 
2 1 1 0 1 0 1 0 0 0 
4 0 1 1 0 0 0 0 0 0 
3 0 1 0 0 1 0 1 0 0 
2 1 1 0 0 1 0 1 1 0 
3 0 0 1 1 1 1 0 1 0 
2 1 0 1 0 0 0 1 0 1 
3 0 1 0 1 1 0 1 1 0 
4 1 1 1 0 1 0 1 1 0 
2 1 0 1 0 0 0 1 0 0 
2 1 1 1 0 0 0 1 0 0 
3 0 0 0 0 0 0 0 0 0 
2 0 0 1 1 1 1 0 0 0 
4 0 1 0 1 0 1 0 1 1 
5 0 1 0 0 0 1 0 0 0 
2 0 0 1 0 1 0 0 0 0 
0 0 1 1 0 0 1 1 0 1 
0 1 0 0 1 1 1 0 0 1 
4 0 0 0 0 1 0 0 0 1 
5 0 1 0 1 1 0 0 0 1 
3 1 1 0 0 1 0 1 1 0 
5 0 0 1 1 0 0 0 1 1 
2 0 0 0 1 0 0 0 0 0 
3 0 0 0 0 1 0 1 1 0 
3 0 1 1 0 0 0 0 0 0 
3 0 0 1 1 1 1 0 0 1 
3 0 0 1 1 1 1 0 0 0 
3 0 1 1 0 0 0 0 0 1 
2 1 0 1 0 0 0 1 1 0 
1 0 0 0 1 0 1 1 0 0 
2 0 0 1 1 1 0 0 0 0 
3 1 1 1 1 0 1 0 0 0 
3 0 1 0 0 0 0 1 1 0 
2 1 0 0 0 1 0 0 0 1 
0 0 1 0 1 0 0 0 0 0 
4 0 0 1 1 1 1 0 0 0 
0 1 1 1 1 1 0 1 1 0 
3 1 0 1 0 1 0 1 0 1 
3 1 0 1 0 1 0 1 0 0 
4 0 1 0 1 1 0 1 0 0 
3 1 1 1 0 1 0 1 0 0 
2 0 0 1 0 0 0 1 0 0 
2 0 1 0 0 1 0 1 1 1 
2 0 1 0 0 1 0 1 1 0 
3 0 1 0 0 0 0 0 0 0 
2 0 0 1 1 1 0 0 1 0 
5 0 0 0 0 1 1 0 0 0 
2 1 0 1 1 0 1 0 0 0 
3 1 0 0 0 1 0 1 0 0 
5 1 0 0 1 0 1 1 1 0 
3 0 1 0 0 1 1 0 0 1 
3 1 0 1 1 1 1 0 0 0 
5 1 1 1 0 1 0 0 1 0 
2 1 1 0 0 1 1 0 1 1 
2 1 0 0 0 0 0 1 0 0 
1 1 0 1 1 1 0 0 1 1 
3 0 1 1 0 0 0 1 0 0 
1 0 0 1 0 1 0 1 0 0 
2 0 1 0 0 1 0 1 0 0 
2 0 0 1 1 1 0 0 0 1 
2 1 0 1 1 1 0 0 0 0 
3 0 0 1 1 0 1 0 0 0 
2 1 1 1 1 0 1 0 1 0 
3 0 1 1 0 1 0 1 1 0 
1 0 1 1 0 0 0 0 0 0 
4 1 1 0 0 0 0 0 1 1 
2 0 0 1 1 0 1 1 1 1 
3 0 0 1 0 1 0 1 0 0 
3 0 1 0 0 1 1 1 1 0 
3 1 0 1 0 1 0 0 0 0 
3 0 0 1 1 1 0 0 0 0 
3 0 1 1 0 0 1 0 0 0 
3 0 0 0 1 1 1 0 0 0 
3 1 0 0 0 0 0 0 0 1 
2 0 1 0 0 1 0 0 1 0 
0 0 0 0 0 0 0 0 0 0 
2 1 1 1 1 0 1 0 0 0 
2 0 0 0 1 1 0 0 0 0 
2 1 1 1 1 0 1 0 0 1 
3 0 1 1 0 1 0 0 0 0 
2 1 0 1 0 1 0 1 0 0 
1 1 0 0 0 0 1 0 0 1 
3 0 1 0 0 1 0 0 1 0 
3 1 0 1 0 1 0 1 1 0 
2 0 1 1 0 1 0 1 1 0 
4 0 0 0 0 0 0 0 0 0 
5 1 0 0 0 1 0 1 0 1 
2 0 0 1 1 1 0 1 0 0 
2 0 1 1 1 1 0 0 0 0 
2 0 1 0 1 1 0 1 1 0 
3 1 0 1 0 0 0 1 0 0 
5 0 1 0 0 0 0 1 0 0 
2 0 0 1 1 0 0 0 0 0 
0 0 0 1 0 1 1 0 1 0 
4 1 0 1 1 0 1 1 0 1 
3 0 1 1 0 0 0 0 1 0 
2 1 1 1 1 1 1 0 0 0 
2 0 0 0 0 1 0 1 1 0 
1 1 1 0 0 1 1 1 1 1 
2 1 0 1 0 0 0 0 0 0 
3 0 1 1 1 0 0 0 0 0 
2 0 1 0 0 0 0 1 1 0 
2 1 1 1 1 0 1 1 0 0 
3 1 0 1 1 1 0 1 0 0 
2 0 1 1 1 0 1 0 0 0 
3 0 1 0 0 1 0 1 1 0 
3 0 1 0 0 1 0 1 1 1 
2 1 0 1 1 0 0 1 0 0 
3 0 1 1 1 1 1 0 0 0 
3 1 0 1 0 1 1 1 0 0 
3 1 1 1 0 0 0 0 0 0 
3 0 0 1 1 1 1 1 0 0 
1 0 1 0 1 0 0 1 1 0 
3 0 0 1 0 0 0 0 0 0 
2 1 1 1 0 0 1 0 0 0 
2 0 1 0 0 1 1 1 1 0 
2 1 0 1 0 0 1 1 0 0 
4 1 0 1 0 1 0 1 0 0 
MFS
[ 3 , - , - , - , - , - , - , - , - , 0 ]
[ 3 , - , - , - , - , 1 , - , - , - , 0 ]
[ - , - , - , - , - , - , - , - , - , 0 ]
[ - , - , - , - , - , 1 , - , - , - , 0 ]
[ - , - , - , 1 , - , - , - , - , - , 0 ]
[ 3 , - , - , 1 , - , - , - , - , - , 0 ]
precise
0.3333333333333333
recall
0.5
F-measure
0.4
accurate
0.7222222222222222
accurate_oppsite
0.8333333333333333
regaular Num: 53
identify Num: 60
testCase Num: 113
2 1 1 0 1 1 0 1 1 0 
2 0 1 1 1 1 1 1 1 0 
1 0 1 0 0 1 1 0 0 0 
4 0 0 1 0 1 1 0 1 0 
2 1 1 0 0 1 0 1 0 0 
2 0 0 0 0 0 0 0 0 0 
3 0 0 1 0 1 1 0 0 0 
3 1 0 0 1 0 1 0 1 0 
1 0 0 1 1 1 0 0 0 0 
4 0 1 0 0 0 1 0 0 1 
3 0 1 1 1 1 1 0 1 0 
3 1 1 1 1 1 0 1 0 0 
5 1 1 1 0 1 0 0 0 0 
2 1 1 0 0 1 0 1 1 0 
4 0 1 1 1 0 1 1 0 0 
3 1 0 0 1 1 0 0 1 0 
3 0 0 0 0 0 0 0 0 0 
0 0 1 0 0 0 0 1 0 0 
5 0 0 0 0 1 1 1 0 1 
2 0 0 1 1 1 1 0 0 0 
2 0 1 1 1 1 0 0 1 0 
3 1 1 1 1 0 0 0 0 0 
2 1 0 0 0 1 0 1 1 0 
5 1 0 1 0 0 1 1 1 0 
0 0 1 1 0 0 0 0 1 1 
2 0 0 1 0 1 0 0 0 0 
4 1 1 1 1 1 0 0 0 0 
3 1 1 0 0 1 0 1 1 0 
1 0 1 0 0 0 0 0 0 1 
3 1 1 0 1 1 0 0 0 0 
3 1 0 0 1 1 1 1 1 0 
4 0 0 0 1 0 0 0 1 0 
2 0 0 1 1 1 0 0 0 0 
2 0 1 1 1 1 1 0 1 0 
2 0 1 1 1 1 1 0 1 1 
3 0 1 0 1 0 1 0 1 1 
2 0 1 1 0 1 1 0 1 0 
4 0 1 0 1 1 0 1 0 1 
0 1 0 0 0 1 1 1 0 0 
3 1 0 1 0 0 1 0 0 0 
3 1 0 1 1 1 1 0 1 0 
3 1 0 0 1 1 1 0 0 0 
4 0 0 0 0 0 0 0 1 1 
2 0 0 1 0 0 0 1 0 1 
3 1 1 0 0 0 0 1 0 1 
2 0 1 0 0 1 0 1 1 0 
2 0 0 1 1 1 0 0 1 0 
2 0 1 0 1 1 1 0 1 0 
2 0 1 1 1 1 1 0 0 0 
3 1 1 1 0 1 0 0 0 0 
1 1 0 0 0 0 1 1 0 0 
3 0 0 1 0 1 0 1 1 1 
4 1 1 0 0 0 1 1 1 0 
1 1 1 0 1 0 0 0 1 0 
3 0 0 1 0 0 1 0 1 0 
3 1 0 0 1 1 1 0 1 1 
3 1 0 0 1 1 1 0 1 0 
1 1 0 1 1 1 1 1 0 1 
0 0 0 1 1 0 1 0 0 1 
2 0 0 1 1 1 0 0 0 1 
2 1 0 1 1 1 0 0 0 0 
2 0 0 0 0 1 0 0 0 1 
3 0 0 1 1 0 1 0 0 0 
2 1 1 1 0 1 0 1 1 0 
3 1 0 0 0 1 1 0 1 0 
3 0 0 0 1 0 0 1 0 0 
1 0 0 1 0 0 0 1 1 1 
5 0 1 1 1 0 0 1 0 0 
3 0 0 1 1 1 0 0 0 0 
3 0 0 1 0 0 1 0 0 0 
3 0 1 1 0 0 1 0 0 0 
3 0 0 1 0 0 1 0 0 1 
3 0 1 1 1 1 0 0 0 0 
5 0 0 0 1 0 0 0 1 0 
0 1 1 1 1 0 1 1 1 0 
0 0 0 0 0 0 0 0 0 0 
2 1 1 0 0 0 0 1 1 0 
2 0 0 0 1 1 0 0 0 0 
1 0 1 1 0 0 0 1 0 0 
4 0 0 1 0 0 1 0 0 0 
3 1 1 1 1 1 1 0 0 0 
0 0 1 1 0 1 1 1 0 1 
2 1 1 0 0 1 1 1 1 0 
3 0 0 0 1 1 1 0 1 0 
3 1 0 0 0 0 1 1 0 0 
5 0 1 0 1 0 0 0 0 1 
2 0 0 1 1 1 0 1 0 0 
3 1 1 0 1 1 1 0 1 0 
2 0 1 1 1 1 0 0 0 0 
2 0 0 1 1 1 1 0 1 0 
3 0 0 0 0 0 1 0 0 0 
5 1 0 1 0 0 0 0 1 1 
2 0 1 1 1 0 1 0 1 0 
2 0 0 1 1 0 0 0 0 0 
3 1 1 1 1 1 0 0 0 0 
3 1 1 1 1 1 0 0 0 1 
3 1 0 1 1 1 0 0 0 0 
4 1 0 0 1 1 1 0 1 0 
2 1 1 0 0 1 0 0 1 0 
3 0 0 1 0 0 1 1 0 0 
5 1 1 0 1 1 1 0 1 0 
1 0 0 0 0 1 1 0 1 0 
4 1 0 0 0 1 0 0 0 0 
2 1 1 0 0 1 0 1 1 1 
0 1 0 0 1 1 0 0 1 1 
3 1 1 1 1 1 0 0 1 0 
2 1 0 0 1 0 0 0 0 0 
2 0 0 0 1 0 1 1 1 1 
4 1 0 1 1 0 0 0 0 1 
4 0 0 0 0 0 0 1 0 0 
3 0 0 1 0 0 0 0 0 0 
2 1 1 1 1 1 1 0 1 0 
2 1 1 1 0 0 1 0 0 1 
MFS
[ 3 , - , - , - , - , - , - , - , - , 0 ]
[ 3 , - , - , - , - , 1 , - , - , - , 0 ]
[ - , - , - , - , - , - , - , - , - , 0 ]
[ - , - , - , - , - , 1 , - , - , - , 0 ]
[ 3 , - , - , 1 , - , - , - , - , - , 0 ]
precise
0.4
recall
0.5
F-measure
0.4444444444444445
accurate
0.7333333333333333
accurate_oppsite
0.8333333333333333
regaular Num: 51
identify Num: 68
testCase Num: 119
4 1 1 1 0 1 0 1 0 1 
3 1 0 1 1 0 0 0 1 0 
3 0 1 0 0 0 0 0 1 0 
2 1 1 0 0 1 0 1 0 0 
2 0 0 0 0 0 0 0 0 0 
3 1 0 0 1 0 1 0 1 0 
5 0 1 1 0 0 0 0 1 0 
3 1 1 0 0 1 0 0 0 1 
3 1 1 0 0 1 0 0 0 0 
1 0 0 0 1 1 1 0 1 0 
3 1 0 0 0 1 0 0 0 0 
4 0 1 0 1 1 0 0 0 0 
3 1 1 1 1 1 0 1 0 0 
3 1 1 1 0 0 0 0 1 0 
3 0 1 1 0 0 0 1 1 0 
4 0 0 1 1 0 0 0 1 1 
3 1 0 1 1 0 1 1 1 0 
2 0 1 1 1 1 0 0 1 0 
0 0 0 0 1 1 0 0 1 1 
3 0 1 1 1 0 0 1 0 0 
4 1 1 0 0 1 0 0 0 0 
4 0 0 0 0 1 0 0 0 0 
2 0 0 0 0 0 0 1 1 0 
4 0 1 1 1 1 0 1 0 0 
0 1 1 1 0 0 1 0 0 0 
4 0 1 1 0 0 0 0 1 0 
2 0 0 1 0 1 0 0 1 0 
3 1 1 0 1 1 0 0 0 0 
3 0 1 1 0 0 0 0 0 0 
3 0 1 0 1 1 0 1 0 0 
5 0 0 0 1 0 0 1 0 0 
2 1 1 0 1 1 1 1 0 0 
2 1 0 0 1 1 0 0 1 1 
0 0 1 0 1 0 0 0 0 0 
2 1 1 1 0 1 1 1 0 0 
3 0 1 1 0 1 0 0 1 0 
4 1 1 0 0 0 1 0 0 1 
4 0 0 1 0 0 1 1 1 0 
2 0 0 1 1 0 1 0 1 1 
2 0 0 1 1 0 1 0 1 0 
2 1 0 1 1 0 1 1 0 1 
2 0 1 1 0 1 1 0 1 0 
3 1 0 1 1 1 1 0 1 0 
3 0 1 1 1 1 0 1 0 1 
3 0 1 1 1 1 0 1 0 0 
3 0 0 1 1 1 0 1 0 0 
5 0 1 0 1 0 0 1 1 1 
5 1 1 0 1 1 0 0 0 1 
2 1 1 0 0 0 1 1 0 0 
2 1 0 0 0 1 1 1 0 0 
3 1 1 1 0 1 0 0 0 0 
3 1 1 0 0 1 0 0 1 0 
3 1 1 0 0 1 1 1 0 0 
1 1 1 1 1 0 0 0 0 0 
1 1 1 1 0 0 1 1 1 1 
2 0 1 0 1 0 0 0 0 0 
0 1 0 1 0 1 0 1 1 0 
3 0 1 1 1 1 0 1 1 0 
4 1 0 1 1 0 1 0 1 0 
0 0 0 0 0 0 1 1 0 1 
2 0 1 1 0 0 0 0 1 0 
2 1 0 1 1 0 1 0 1 0 
3 0 1 0 0 1 1 1 1 1 
2 0 0 1 1 0 1 1 1 0 
2 1 1 0 0 1 1 0 0 0 
4 1 0 0 0 0 0 0 1 0 
1 0 0 0 0 1 0 1 0 1 
3 0 1 1 1 1 0 0 0 0 
3 0 0 0 1 1 1 0 0 1 
2 0 1 0 0 1 1 1 0 0 
3 1 0 0 0 0 0 0 0 1 
1 1 1 0 0 1 0 0 0 0 
3 1 1 0 0 0 0 0 0 0 
2 0 1 0 0 1 0 0 1 0 
0 0 0 0 0 0 0 0 0 0 
3 0 0 1 1 0 1 0 1 0 
3 1 1 1 1 0 1 0 1 0 
2 1 1 0 0 1 1 1 0 1 
3 1 1 0 0 1 1 0 0 0 
2 0 0 0 1 0 1 0 1 0 
2 0 0 1 1 0 1 0 0 0 
2 1 1 1 0 1 0 0 1 0 
3 0 1 1 1 1 1 1 0 0 
3 1 0 1 0 0 1 0 1 0 
2 1 1 0 0 1 1 1 1 0 
2 0 1 1 0 1 0 1 1 0 
5 0 0 1 0 1 1 0 0 1 
3 0 1 1 0 0 1 0 1 0 
2 0 0 1 1 1 1 0 1 0 
3 1 0 1 1 0 1 0 0 0 
3 0 1 1 1 0 0 0 1 0 
5 1 1 1 1 1 1 1 1 0 
5 1 0 0 0 0 0 0 0 0 
5 0 0 0 0 0 1 1 1 0 
2 0 1 1 1 0 1 0 1 0 
3 1 1 0 0 1 0 1 0 0 
3 0 1 0 0 1 0 0 0 0 
1 0 0 1 1 1 0 1 0 0 
1 0 1 0 0 0 0 0 1 0 
2 0 1 1 0 1 0 0 0 0 
2 1 1 0 0 1 1 1 0 0 
3 0 1 1 0 0 0 0 1 0 
3 0 1 1 0 0 0 0 1 1 
2 0 1 1 0 0 0 1 0 1 
3 1 0 0 0 0 0 1 0 0 
3 0 0 1 0 0 0 0 1 0 
3 1 0 1 1 0 1 0 1 1 
3 1 0 1 1 0 1 0 1 0 
0 0 1 1 1 0 1 1 1 1 
2 0 0 1 0 0 1 0 1 0 
0 1 1 0 1 1 1 0 0 1 
4 0 1 0 0 1 1 0 1 0 
3 0 1 1 0 1 0 1 0 0 
2 0 0 1 1 0 0 0 1 0 
2 0 1 1 0 1 0 0 1 1 
2 0 1 1 0 1 0 0 1 0 
1 1 0 0 1 0 1 0 0 1 
4 1 0 0 1 0 1 1 0 0 
3 0 0 1 0 0 0 0 0 1 
MFS
[ 3 , - , - , - , - , 1 , - , - , - , 0 ]
[ 3 , - , - , - , - , - , - , - , - , 0 ]
[ - , - , - , - , - , - , - , - , - , 0 ]
[ - , - , - , - , - , 1 , - , - , - , 0 ]
[ - , - , - , 1 , - , - , - , - , - , 0 ]
[ 3 , - , - , 1 , - , - , - , - , - , 0 ]
precise
0.3333333333333333
recall
0.5
F-measure
0.4
accurate
0.7222222222222222
accurate_oppsite
0.8333333333333333
regaular Num: 48
identify Num: 70
testCase Num: 118
3 0 0 0 0 0 1 1 0 0 
1 0 0 0 1 0 0 1 1 0 
3 1 0 1 0 0 0 0 0 1 
2 1 1 1 1 0 0 0 0 0 
2 0 1 1 1 0 0 1 0 1 
3 1 1 0 0 1 0 0 0 0 
3 1 0 0 0 1 0 0 0 0 
0 1 1 1 1 1 1 1 0 0 
2 1 0 1 0 1 1 0 1 0 
0 0 0 1 0 1 0 1 0 0 
3 1 0 1 0 0 1 1 0 0 
2 0 0 1 0 1 1 1 1 0 
2 1 1 1 0 0 0 1 0 0 
2 0 0 1 1 1 1 0 0 0 
3 1 1 1 1 0 0 0 0 0 
3 0 1 1 1 0 0 1 0 0 
3 0 0 1 1 0 0 0 0 0 
0 1 1 0 0 0 0 0 0 0 
2 0 0 0 1 1 1 0 1 0 
2 1 0 1 0 1 1 1 1 1 
2 1 0 1 0 1 1 1 1 0 
3 0 1 1 0 1 1 0 1 0 
3 1 0 0 0 1 0 0 0 1 
3 1 0 0 0 1 0 0 1 0 
5 1 0 0 1 0 0 0 0 1 
3 0 1 1 0 0 0 0 0 0 
3 0 0 1 0 0 0 1 0 0 
2 1 1 1 0 0 0 0 1 0 
3 1 1 0 1 0 1 1 1 0 
3 0 1 0 0 0 0 1 1 1 
2 0 1 0 1 1 1 0 0 0 
3 0 0 1 1 0 1 1 0 0 
2 1 1 0 0 0 0 0 0 0 
2 0 0 0 1 1 1 0 0 1 
2 0 0 0 1 1 1 0 0 0 
3 0 1 1 0 1 0 0 1 1 
2 1 0 1 0 1 1 1 0 0 
1 1 1 0 1 1 1 0 1 1 
3 0 0 1 0 1 1 1 0 0 
3 0 1 1 0 1 0 0 1 0 
3 0 0 1 0 1 0 0 1 0 
4 0 0 1 0 0 1 1 1 0 
1 0 1 0 1 1 0 1 0 0 
2 1 1 1 0 1 1 1 1 0 
3 0 0 0 0 1 0 0 0 0 
4 0 0 0 0 0 0 0 1 1 
2 0 0 0 0 1 1 0 0 0 
2 1 1 1 0 0 0 0 0 1 
4 0 0 0 1 0 0 0 0 0 
2 1 1 1 0 0 0 0 0 0 
5 1 1 1 1 1 0 1 1 1 
0 0 0 1 1 0 1 0 1 1 
2 1 1 0 0 0 0 0 1 1 
3 1 0 0 0 1 0 1 0 0 
4 0 0 1 0 0 1 1 0 0 
2 1 0 0 1 0 1 0 1 0 
0 0 1 0 1 0 0 1 0 1 
4 0 1 1 1 0 0 0 0 0 
2 1 0 0 0 1 1 1 1 0 
3 0 1 1 1 0 1 0 0 0 
4 0 0 1 0 1 0 0 0 0 
2 1 0 0 1 1 1 0 0 0 
2 0 0 0 1 1 1 1 0 0 
3 1 1 1 0 1 0 0 1 0 
4 0 1 0 0 1 1 0 0 1 
3 0 1 1 0 1 0 1 1 0 
4 1 1 1 0 0 0 1 0 1 
2 1 0 1 0 1 0 1 1 0 
4 1 0 0 1 1 0 1 0 1 
0 1 1 0 0 1 0 1 1 1 
3 1 0 1 0 1 0 0 0 0 
3 0 0 1 0 0 1 0 0 0 
3 0 1 1 1 1 0 0 0 0 
3 0 0 0 1 1 1 0 0 0 
3 1 0 0 0 0 0 0 0 0 
4 0 1 1 0 1 0 0 1 0 
0 0 0 0 0 0 0 0 0 0 
2 0 1 1 0 0 0 0 0 0 
3 0 0 0 0 0 1 0 1 0 
2 0 0 0 1 1 0 0 0 0 
5 0 0 0 0 0 0 0 1 1 
3 0 1 1 0 1 0 0 0 0 
5 1 1 0 0 0 1 1 0 0 
2 1 1 1 0 1 0 0 0 0 
3 0 1 0 0 1 0 0 1 0 
1 1 1 1 0 0 0 0 0 0 
3 0 0 1 0 0 1 1 1 0 
3 0 1 1 1 1 0 0 1 0 
3 0 1 1 1 0 0 0 1 0 
3 0 1 0 1 0 0 0 0 0 
1 0 0 0 0 0 0 0 1 1 
4 1 0 0 1 1 1 0 1 0 
2 0 0 0 1 0 1 0 0 0 
3 0 1 1 0 0 0 0 1 0 
3 0 1 1 0 0 1 1 0 0 
3 0 0 1 0 0 1 1 0 0 
3 0 0 1 0 0 1 1 0 1 
4 1 1 1 1 0 0 0 1 0 
1 0 0 1 0 1 1 1 0 1 
2 0 1 0 0 1 1 0 0 1 
3 0 0 0 1 1 1 1 0 1 
2 1 0 1 0 0 0 0 0 0 
2 1 0 1 0 0 1 1 1 0 
5 0 0 1 1 1 1 0 0 0 
2 0 0 0 0 1 0 1 1 1 
5 0 0 0 0 1 0 1 1 0 
5 0 1 1 0 0 1 0 1 1 
3 0 1 1 1 0 0 0 0 1 
3 0 1 1 1 0 0 0 0 0 
4 1 0 0 0 1 0 0 0 0 
3 1 0 1 0 1 1 1 1 0 
3 1 0 0 0 1 1 0 0 0 
0 1 0 0 0 1 1 0 1 0 
1 1 0 1 1 0 1 1 1 0 
3 1 1 1 0 0 0 0 0 0 
3 1 0 0 1 1 0 0 0 0 
2 1 0 1 1 1 1 1 1 0 
2 1 1 1 0 0 1 0 0 0 
MFS
[ 3 , - , - , - , - , - , - , - , - , 0 ]
[ 3 , - , - , - , - , 1 , - , - , - , 0 ]
[ - , - , - , - , - , - , - , - , - , 0 ]
[ - , - , - , - , - , 1 , - , - , - , 0 ]
[ 3 , - , - , 1 , - , - , - , - , - , 0 ]
[ - , - , - , 1 , - , - , - , - , - , 0 ]
precise
0.3333333333333333
recall
0.5
F-measure
0.4
accurate
0.7222222222222222
accurate_oppsite
0.8333333333333333
regaular Num: 51
identify Num: 80
testCase Num: 131
3 0 0 0 0 0 1 1 0 0 
3 0 0 0 0 0 0 0 1 0 
1 1 1 1 0 1 1 1 1 0 
4 0 1 0 1 0 1 0 0 1 
4 1 1 0 0 1 0 0 1 1 
2 1 1 1 1 0 0 0 0 0 
0 0 0 0 0 1 1 1 0 1 
3 1 0 0 0 1 0 0 0 0 
3 0 1 1 1 1 1 0 1 0 
3 0 0 0 0 1 0 1 0 0 
3 1 1 1 0 0 0 0 1 0 
2 0 0 1 0 1 1 1 1 0 
3 1 1 0 0 0 1 0 1 0 
3 1 0 0 1 1 1 1 0 0 
2 1 0 0 1 1 0 1 0 0 
2 1 1 1 0 0 0 1 0 0 
5 0 1 1 0 0 1 1 1 0 
4 0 0 1 0 1 1 0 0 1 
0 1 1 0 0 0 0 0 0 1 
3 1 0 1 0 0 0 1 1 1 
3 1 0 0 0 1 1 1 0 0 
2 0 0 1 1 0 0 1 1 1 
5 0 0 1 1 0 0 0 1 0 
4 1 1 1 1 0 1 0 1 0 
3 1 1 1 0 0 1 1 1 0 
5 1 0 0 1 0 0 0 0 1 
2 0 0 0 1 0 0 0 0 1 
3 1 0 1 0 0 0 0 0 0 
2 0 0 1 0 1 0 0 1 0 
2 0 1 0 0 1 1 0 1 1 
5 1 1 0 0 1 1 0 1 1 
2 1 1 1 0 0 0 0 1 0 
1 0 0 0 1 0 0 0 1 0 
2 1 1 0 1 1 1 1 0 0 
2 1 0 0 1 1 1 1 0 0 
0 1 0 0 1 0 1 1 1 0 
2 0 0 1 0 0 0 1 1 0 
2 0 1 1 0 0 1 0 0 0 
2 1 1 0 0 0 0 0 0 0 
3 0 0 1 0 1 1 1 0 0 
3 0 1 1 0 1 0 0 1 0 
3 1 1 1 0 0 1 0 0 0 
0 0 1 1 0 1 1 0 1 1 
0 0 0 1 0 1 0 0 0 0 
3 1 0 1 0 1 0 1 0 0 
1 0 0 0 0 1 0 0 0 0 
3 0 1 0 1 1 0 0 1 0 
2 1 1 1 0 0 0 0 0 1 
2 1 1 1 0 0 0 0 0 0 
3 1 1 0 1 0 1 0 0 1 
2 0 0 1 0 0 0 0 0 0 
2 1 0 0 0 1 1 1 0 0 
3 1 1 1 0 1 0 0 0 0 
0 1 1 1 1 1 0 1 0 1 
3 0 0 1 0 1 0 0 0 0 
4 0 0 1 0 0 1 1 0 0 
4 0 0 1 0 0 0 0 1 0 
3 0 0 0 0 1 1 1 0 0 
3 0 0 0 0 1 1 1 0 1 
3 1 1 1 0 0 1 0 1 1 
3 1 1 1 0 0 1 0 1 0 
2 0 0 1 0 1 1 0 0 0 
3 0 1 1 1 1 0 1 1 0 
3 0 0 0 1 1 0 1 0 1 
2 1 0 1 0 0 1 0 0 0 
2 1 0 0 1 1 1 0 0 0 
2 0 0 1 0 0 1 1 0 0 
3 1 0 1 0 1 0 0 1 0 
2 0 0 0 1 1 1 1 0 0 
4 0 1 1 1 1 0 0 1 0 
2 1 0 1 0 1 0 1 1 0 
3 0 0 1 0 1 0 1 1 0 
4 1 0 0 1 1 0 1 0 0 
3 0 0 0 0 1 1 1 1 0 
4 0 1 0 0 0 0 1 1 1 
3 1 0 1 0 1 0 0 0 0 
3 1 0 1 0 1 0 0 0 1 
3 0 0 1 0 0 1 0 0 0 
1 1 0 1 1 1 0 1 0 0 
3 0 1 1 1 1 0 0 0 0 
0 0 0 0 0 0 0 0 0 0 
2 0 0 1 1 1 0 1 1 0 
3 0 1 0 0 0 0 1 0 0 
2 1 0 0 1 1 1 1 1 0 
2 0 1 1 0 0 0 0 0 0 
3 1 1 1 1 0 1 0 1 0 
2 0 0 0 0 0 1 0 0 0 
2 1 1 1 0 1 0 0 0 0 
1 0 1 0 0 0 1 0 1 0 
3 0 1 0 0 1 1 1 0 0 
2 0 0 1 1 0 1 0 0 0 
3 1 0 1 0 0 1 0 1 0 
2 0 1 1 0 1 0 1 1 0 
3 0 0 0 0 1 1 0 0 0 
2 0 1 0 1 0 0 1 0 0 
3 0 1 1 1 1 0 0 1 1 
3 0 1 1 1 1 0 0 1 0 
2 1 0 0 1 1 1 1 0 1 
3 0 1 1 0 0 1 0 1 0 
4 1 0 1 0 1 0 0 0 0 
3 0 1 1 1 0 0 0 1 0 
0 0 1 1 1 0 0 0 1 0 
2 0 0 1 0 0 1 0 0 0 
5 1 0 1 0 0 1 1 0 1 
2 0 0 1 0 0 1 0 0 1 
2 1 0 0 0 0 1 0 1 1 
5 1 0 0 0 0 0 0 0 0 
2 0 0 1 0 1 0 1 1 0 
4 0 0 0 0 1 1 1 0 0 
4 1 1 1 0 0 1 0 1 0 
3 1 0 1 0 1 1 0 0 0 
2 0 0 1 0 1 0 1 1 1 
2 1 0 0 1 0 1 1 0 0 
1 1 0 1 0 0 1 0 0 1 
3 1 0 1 1 1 0 0 0 0 
1 0 0 1 1 0 1 0 0 0 
2 0 0 0 0 1 0 1 1 0 
3 0 0 0 1 1 1 1 0 0 
2 1 0 1 0 0 0 0 0 0 
1 0 1 0 1 0 0 1 0 1 
2 1 0 1 1 1 1 1 0 0 
5 0 0 1 1 1 1 0 0 1 
2 0 0 1 0 0 1 0 1 0 
2 0 0 1 0 1 0 1 0 0 
3 1 1 1 0 1 1 0 1 0 
5 0 1 0 1 1 0 1 0 0 
3 1 1 1 1 1 0 0 1 0 
3 1 1 1 0 0 0 0 0 0 
3 0 0 1 1 1 0 0 1 0 
1 1 0 0 0 1 0 0 1 1 
2 1 1 1 0 0 1 0 0 0 
MFS
[ 3 , - , - , - , - , - , - , - , - , 0 ]
[ 3 , - , - , - , - , 1 , - , - , - , 0 ]
[ - , - , - , - , - , - , - , - , - , 0 ]
[ - , - , - , - , - , 1 , - , - , - , 0 ]
[ - , - , - , 1 , - , - , - , - , - , 0 ]
[ 3 , - , - , 1 , - , - , - , - , - , 0 ]
precise
0.3333333333333333
recall
0.5
F-measure
0.4
accurate
0.7222222222222222
accurate_oppsite
0.8333333333333333
regaular Num: 52
identify Num: 50
testCase Num: 102
4 0 0 0 1 0 1 0 0 0 
2 0 0 0 0 0 0 0 0 0 
1 0 0 0 0 0 0 1 0 1 
0 0 0 0 0 1 1 1 0 0 
2 1 1 1 0 1 1 0 1 0 
3 1 1 1 1 1 0 1 0 0 
2 0 1 0 1 0 1 1 0 0 
3 1 1 0 0 0 1 0 1 0 
5 0 1 1 0 1 0 1 0 0 
0 1 0 0 1 0 0 1 1 1 
4 1 1 0 1 0 0 1 0 0 
2 1 1 1 0 0 0 1 0 1 
2 0 1 1 1 1 1 1 0 0 
3 1 1 1 1 0 0 0 0 0 
5 0 0 0 0 1 0 0 1 0 
2 0 1 0 1 1 0 1 0 0 
5 0 1 0 0 0 1 0 0 0 
4 1 1 1 1 1 0 0 0 0 
2 0 0 1 0 1 0 0 0 0 
3 1 0 1 0 1 1 0 1 1 
3 0 0 0 1 0 0 0 1 0 
2 1 0 1 1 0 0 0 1 0 
1 0 0 0 1 1 1 0 0 0 
3 0 0 0 0 1 0 1 1 1 
4 1 1 0 1 1 0 0 1 0 
3 1 1 0 1 1 0 0 0 0 
2 1 0 1 1 1 1 0 1 0 
5 0 0 0 1 0 0 1 0 0 
2 1 1 1 0 0 0 0 1 0 
2 1 1 0 1 1 1 1 0 0 
2 0 1 0 1 1 1 0 0 0 
1 0 0 1 1 0 0 1 0 0 
3 0 0 1 1 0 1 1 0 1 
0 0 1 1 1 1 1 1 0 1 
4 1 1 1 0 0 0 0 0 1 
2 1 0 1 0 1 0 0 1 0 
2 1 0 1 1 0 1 1 1 0 
2 1 1 1 0 1 0 0 1 1 
5 1 1 0 0 0 0 0 0 0 
2 0 0 1 1 0 1 0 1 0 
4 0 0 0 0 0 1 1 0 1 
2 0 0 1 0 0 0 1 0 0 
5 1 0 0 0 1 1 1 0 1 
3 0 1 0 1 1 1 1 0 0 
1 1 0 0 0 1 0 1 0 0 
3 0 1 0 0 0 0 0 0 1 
2 0 0 1 0 0 0 0 0 0 
5 0 0 0 1 1 0 0 0 0 
3 1 1 1 0 1 0 0 0 0 
2 1 0 1 1 0 1 0 0 0 
2 1 0 0 1 0 1 0 1 0 
0 0 0 1 0 1 0 0 1 1 
4 1 0 1 1 0 1 0 1 1 
2 0 0 1 0 0 0 0 1 0 
2 0 1 0 1 1 1 1 0 0 
5 1 0 1 0 0 0 1 1 0 
2 0 1 0 1 1 1 1 0 1 
2 0 0 0 1 1 1 1 0 0 
2 1 1 1 1 0 1 0 1 0 
3 1 1 1 0 1 0 0 1 0 
4 0 1 0 0 1 1 0 0 1 
2 1 0 1 1 0 1 0 1 1 
2 1 1 1 0 1 0 1 1 0 
2 1 0 1 1 0 1 0 1 0 
2 1 0 0 1 0 0 1 1 1 
1 1 1 1 0 0 0 0 1 1 
3 0 1 1 1 1 0 0 0 0 
2 0 0 1 0 0 0 0 0 1 
0 1 1 1 0 1 1 0 1 0 
2 1 1 1 1 1 0 0 1 0 
2 0 0 0 0 1 0 0 1 1 
2 0 1 0 0 1 1 1 0 0 
0 0 0 0 0 0 0 0 0 0 
2 1 0 1 0 0 1 0 1 0 
0 0 1 1 1 0 0 0 0 0 
3 0 1 0 0 0 0 1 0 0 
2 0 1 0 1 1 1 1 1 0 
4 0 0 1 0 1 0 1 1 0 
2 0 1 1 0 0 0 0 0 0 
2 0 0 0 0 0 1 0 0 1 
2 1 1 1 0 1 0 0 0 0 
3 1 1 1 1 1 1 0 0 0 
2 1 1 1 0 1 0 0 1 0 
5 1 0 0 1 0 1 0 1 0 
2 0 0 1 0 0 1 0 0 0 
0 1 1 0 0 0 1 1 0 0 
5 0 0 1 0 0 1 0 0 0 
2 0 0 1 1 0 0 0 0 0 
3 1 1 1 1 1 0 0 0 0 
3 1 1 1 1 1 0 0 0 1 
3 1 0 1 1 1 0 0 0 0 
1 1 0 1 1 1 1 0 1 1 
1 1 1 1 1 1 0 0 0 0 
2 1 1 0 0 1 0 0 1 0 
3 1 0 0 0 0 0 1 0 0 
2 1 0 1 0 0 0 0 0 0 
3 1 0 1 1 0 1 0 1 0 
1 0 1 0 0 0 1 1 1 0 
3 1 1 1 1 1 0 0 1 0 
5 0 1 1 1 0 0 0 1 1 
2 0 1 1 0 1 0 0 1 0 
3 0 0 1 0 0 0 0 0 0 
MFS
[ 3 , - , - , - , - , - , - , - , - , 0 ]
[ - , - , - , - , - , - , - , - , - , 0 ]
[ - , - , - , - , - , 1 , - , - , - , 0 ]
[ - , - , - , 1 , - , - , - , - , - , 0 ]
precise
0.0
recall
0.0
F-measure
0.0
accurate
0.5833333333333333
accurate_oppsite
0.6666666666666666
regaular Num: 51
identify Num: 79
testCase Num: 130
3 1 1 1 1 0 0 0 1 1 
2 1 0 0 1 1 0 1 1 0 
4 1 0 0 0 1 0 0 1 0 
1 0 1 0 0 1 1 0 0 1 
2 1 1 0 0 0 1 1 1 0 
2 1 0 0 0 1 0 1 0 0 
2 0 0 1 0 1 1 1 0 1 
2 0 0 0 0 0 0 0 0 0 
2 1 0 1 1 0 0 0 0 0 
3 0 0 1 0 1 1 0 0 0 
4 1 1 1 0 0 1 1 1 1 
3 1 0 0 0 1 0 0 0 0 
3 0 1 1 1 1 1 0 1 0 
3 1 0 0 1 1 0 0 1 0 
2 1 0 0 1 1 0 1 0 1 
2 1 0 0 1 1 0 1 0 0 
2 1 0 1 0 0 0 1 0 0 
3 0 0 0 0 0 0 0 0 0 
2 0 1 1 1 1 0 0 1 0 
3 0 1 0 0 0 1 1 1 0 
1 0 0 0 0 1 1 1 1 0 
2 0 1 1 0 0 1 0 1 1 
3 1 0 0 0 1 0 0 1 1 
3 1 0 0 0 1 0 0 1 0 
2 0 0 1 0 1 0 0 1 0 
3 1 0 1 0 0 0 0 0 0 
3 0 1 0 1 1 0 1 0 1 
2 1 0 1 1 1 0 1 0 0 
2 0 0 1 1 1 0 0 0 0 
2 1 0 0 1 1 1 1 0 0 
2 1 0 0 0 0 0 0 0 0 
4 0 1 0 0 1 0 0 1 1 
3 0 1 0 1 0 1 0 1 0 
5 0 0 1 0 0 0 1 1 1 
3 1 1 0 0 1 1 1 1 0 
2 0 1 1 1 0 0 0 0 0 
3 0 0 1 0 1 0 0 1 0 
4 0 0 0 1 1 1 1 1 0 
3 0 0 1 0 1 0 0 0 1 
3 0 0 0 0 1 0 0 0 0 
3 0 1 0 0 1 1 0 1 0 
5 0 0 1 0 1 0 0 0 0 
2 1 0 0 0 1 0 0 1 0 
3 0 1 1 1 0 1 0 1 0 
2 1 1 1 0 0 0 0 0 0 
3 0 1 1 1 0 1 0 1 1 
2 0 1 1 1 1 1 0 0 0 
2 1 0 0 1 1 0 0 0 0 
2 0 0 1 0 0 0 0 0 0 
4 0 0 0 1 0 0 0 0 1 
3 1 0 1 0 0 1 1 0 1 
2 0 0 0 0 0 0 0 1 0 
5 0 1 0 0 0 1 1 0 1 
3 1 1 0 0 1 0 0 1 0 
2 1 0 1 0 1 0 0 0 0 
3 0 0 1 0 1 0 0 0 0 
3 0 1 1 0 1 1 1 1 0 
3 1 0 0 0 1 0 1 1 0 
3 0 0 0 0 1 0 0 1 0 
2 1 1 1 1 1 0 0 0 0 
2 0 0 0 0 1 1 0 1 0 
2 1 0 1 0 0 1 0 0 0 
2 0 1 1 1 1 0 1 0 0 
3 0 1 1 1 0 1 0 0 0 
0 1 1 1 1 0 1 1 0 1 
4 0 0 1 0 1 0 0 0 0 
0 1 0 0 0 0 1 0 0 1 
0 1 1 0 1 1 0 0 0 0 
0 0 1 1 0 0 0 1 0 0 
3 1 0 1 0 1 0 0 1 0 
2 0 0 0 1 1 0 0 1 0 
3 1 0 0 0 1 1 0 1 0 
3 0 1 0 0 1 1 1 1 1 
3 0 1 0 0 1 1 1 1 0 
3 0 0 0 0 1 1 1 1 0 
3 0 0 1 0 1 0 1 0 0 
5 1 0 1 1 0 0 0 0 1 
0 0 0 1 1 1 1 0 1 0 
0 1 1 0 0 1 0 1 1 1 
3 1 0 1 0 1 0 0 0 0 
3 0 0 1 1 1 0 0 0 0 
3 0 1 1 1 1 0 0 0 0 
2 0 0 0 0 1 0 0 1 0 
2 0 0 0 0 1 0 0 1 1 
2 0 1 0 0 1 0 0 1 0 
5 0 1 1 1 1 1 0 0 1 
0 0 0 0 0 0 0 0 0 0 
3 0 1 1 1 0 1 1 1 0 
3 0 0 1 1 0 1 0 1 0 
0 0 0 1 0 0 0 1 1 1 
3 1 1 1 1 0 1 0 1 0 
1 0 0 0 0 0 1 1 0 1 
3 0 1 1 0 1 0 0 0 0 
4 0 1 0 0 1 1 1 1 0 
5 1 1 0 0 0 0 0 1 0 
3 0 1 0 0 1 1 1 0 0 
1 0 0 1 0 0 0 0 0 1 
2 1 0 0 1 0 0 1 0 0 
3 0 1 0 1 1 1 1 1 0 
3 1 0 0 1 1 0 1 0 0 
3 1 0 0 0 0 0 0 1 0 
3 0 1 1 0 0 1 0 1 0 
2 0 1 1 1 1 0 0 0 0 
2 0 1 1 1 1 0 0 0 1 
2 1 0 1 0 0 0 0 1 0 
3 0 1 1 1 0 0 0 1 0 
5 1 0 0 1 1 1 1 0 0 
1 1 1 0 1 1 0 0 0 0 
1 1 0 0 0 0 0 1 0 0 
3 0 0 0 1 0 0 0 0 0 
2 1 0 0 1 0 0 0 1 1 
4 0 0 1 0 0 0 1 0 0 
2 0 0 0 1 0 1 0 0 0 
2 0 1 1 0 1 0 0 0 0 
1 1 0 1 1 1 1 0 1 1 
1 0 1 1 1 0 0 1 1 0 
2 0 0 0 0 1 0 1 1 0 
2 1 0 1 0 0 0 0 0 0 
2 1 0 1 0 0 0 0 0 1 
2 1 1 0 1 1 0 1 0 0 
2 0 1 0 1 1 0 0 0 0 
2 0 0 0 1 1 0 1 0 0 
5 0 0 0 1 1 1 0 1 0 
3 0 1 0 0 1 0 1 1 0 
4 0 1 1 1 0 1 0 1 0 
4 1 1 0 1 0 1 0 0 0 
4 1 0 1 1 0 0 0 0 0 
2 0 0 0 0 1 0 0 0 0 
3 0 0 1 0 0 0 0 0 0 
4 1 1 1 0 1 0 0 0 0 
MFS
[ 3 , - , - , - , - , 1 , - , - , - , 0 ]
[ 3 , - , - , - , - , - , - , - , - , 0 ]
[ - , - , - , - , - , - , - , - , - , 0 ]
[ - , - , - , - , - , 1 , - , - , - , 0 ]
[ - , - , - , 1 , - , - , - , - , - , 0 ]
[ 3 , - , - , 1 , - , - , - , - , - , 0 ]
precise
0.3333333333333333
recall
0.5
F-measure
0.4
accurate
0.7222222222222222
accurate_oppsite
0.8333333333333333
regaular Num: 51
identify Num: 70
testCase Num: 121
1 0 0 0 1 0 0 1 1 1 
2 0 0 1 1 1 1 1 1 0 
2 0 0 1 0 1 1 1 0 0 
3 1 0 0 1 0 1 0 1 1 
3 0 1 1 0 1 1 0 0 0 
3 1 1 1 1 1 0 1 0 0 
2 0 0 0 1 0 0 0 1 0 
2 0 0 1 0 1 1 1 1 0 
2 0 1 1 0 1 1 1 1 0 
3 1 0 1 0 0 1 1 0 0 
1 1 0 1 1 1 1 1 1 0 
3 1 1 0 1 1 0 0 1 1 
3 1 1 0 1 1 0 0 1 0 
3 1 0 0 1 1 0 0 1 0 
3 0 0 1 0 0 0 1 1 1 
2 0 1 1 1 1 1 1 0 0 
5 0 1 0 0 0 1 0 0 0 
4 0 0 0 0 1 0 0 0 1 
2 0 0 0 1 1 1 0 1 0 
4 1 0 1 1 1 0 1 0 0 
3 0 0 1 0 1 1 1 1 0 
2 1 0 1 0 1 1 1 1 0 
5 1 1 0 1 0 0 1 0 0 
4 0 1 0 0 0 1 1 1 1 
4 1 1 0 1 1 0 0 1 0 
3 1 0 1 0 0 0 0 0 0 
3 1 1 0 1 1 0 0 0 0 
3 0 1 1 0 0 0 0 0 0 
4 1 0 0 1 0 0 1 1 1 
1 0 0 1 0 1 0 0 0 0 
2 1 1 1 0 0 0 0 1 1 
2 1 1 1 1 1 0 1 0 0 
2 1 1 0 1 1 1 1 0 0 
2 1 0 0 1 1 0 0 1 0 
5 0 1 1 1 1 0 0 0 1 
5 0 0 0 1 1 0 1 1 0 
4 1 0 1 1 1 0 0 1 0 
5 0 0 0 0 0 0 1 0 1 
2 1 1 1 0 1 1 1 0 0 
3 0 1 1 0 1 0 0 1 0 
3 1 1 1 0 0 1 0 0 0 
3 1 0 1 0 0 1 0 0 0 
2 0 0 1 0 1 1 0 1 0 
3 1 0 1 0 0 1 0 0 1 
3 1 0 1 0 1 0 1 0 0 
3 0 0 1 1 1 0 1 0 0 
3 0 1 0 1 1 0 0 1 0 
3 1 1 0 1 1 0 1 1 0 
0 1 0 1 0 1 0 1 0 1 
5 0 0 0 1 0 1 0 0 0 
3 0 1 0 1 1 1 1 0 1 
4 0 1 1 0 1 0 1 1 0 
3 0 1 0 0 0 0 0 0 0 
2 0 0 1 1 1 0 0 1 0 
5 0 1 0 0 0 0 0 1 0 
2 0 0 1 0 1 1 1 1 1 
3 1 1 1 0 1 0 0 0 0 
2 0 1 0 0 0 1 0 0 0 
2 0 0 0 0 0 1 1 0 1 
3 1 1 0 0 1 0 0 1 0 
3 0 0 1 0 1 0 0 0 0 
3 1 0 0 0 0 1 0 0 0 
4 0 1 1 0 1 0 0 0 0 
2 0 0 0 0 1 0 0 0 1 
2 0 1 0 1 1 0 0 1 0 
2 0 0 0 1 1 0 0 1 1 
0 0 1 0 1 0 1 1 1 1 
2 0 0 0 1 1 0 0 1 0 
2 1 0 0 1 0 0 1 0 1 
3 0 0 1 0 0 1 0 0 0 
0 1 0 0 1 0 1 0 0 1 
3 0 1 1 1 1 0 0 0 0 
2 1 1 1 1 1 1 1 0 0 
2 0 0 0 0 1 0 0 1 0 
0 0 0 0 0 0 0 0 0 0 
2 1 1 1 1 1 1 1 0 1 
3 1 0 1 1 0 0 1 0 0 
2 0 0 1 0 0 1 1 1 0 
4 0 1 0 1 0 0 0 0 0 
2 0 0 0 1 1 0 0 0 0 
3 0 1 1 0 1 0 0 0 0 
3 1 1 0 1 0 0 0 1 0 
3 0 1 1 0 1 0 0 0 1 
1 1 0 0 0 0 1 0 0 1 
1 0 1 0 0 0 1 0 1 0 
1 0 1 1 0 0 0 1 0 0 
3 1 0 1 1 1 1 1 0 0 
3 1 0 1 0 0 1 0 1 0 
3 1 0 0 1 1 0 1 0 0 
2 0 0 0 0 1 1 1 1 0 
3 1 1 0 1 1 1 0 1 0 
2 1 1 1 1 1 1 1 1 0 
3 1 0 1 1 0 1 0 0 0 
4 1 1 0 0 1 1 0 0 0 
2 0 0 0 1 1 0 1 1 0 
2 0 0 1 0 1 0 1 1 0 
3 1 0 1 0 1 1 0 0 0 
0 1 1 1 1 1 1 0 1 0 
3 0 1 0 0 1 0 0 0 0 
3 1 0 1 1 1 0 0 0 0 
3 0 0 0 1 1 0 0 1 0 
2 1 1 1 1 1 1 0 0 0 
4 0 0 1 1 0 1 0 0 1 
0 0 1 0 0 0 1 0 1 0 
2 1 0 1 1 1 1 1 0 0 
5 1 0 1 0 0 0 0 0 0 
3 1 0 1 1 1 0 1 0 1 
3 1 0 1 1 1 0 1 0 0 
2 1 1 1 1 0 1 1 0 0 
5 0 0 1 0 0 1 1 1 0 
3 0 1 1 0 1 0 1 0 0 
4 1 0 1 0 0 1 0 0 0 
0 0 1 0 0 1 0 0 0 0 
3 1 1 1 1 1 0 0 1 0 
1 0 0 1 0 0 0 1 0 1 
3 1 1 1 1 1 1 1 0 0 
1 1 1 0 1 1 0 0 0 1 
3 1 0 1 1 1 0 1 1 0 
4 0 0 0 0 0 0 1 0 0 
0 0 0 1 1 0 0 1 1 0 
5 1 0 0 0 1 1 0 1 1 
MFS
[ 3 , - , - , - , - , 1 , - , - , - , 0 ]
[ 3 , - , - , - , - , - , - , - , - , 0 ]
[ - , - , - , - , - , - , - , - , - , 0 ]
[ - , - , - , - , - , 1 , - , - , - , 0 ]
[ 3 , - , - , 1 , - , - , - , - , - , 0 ]
precise
0.4
recall
0.5
F-measure
0.4444444444444445
accurate
0.7333333333333333
accurate_oppsite
0.8333333333333333
regaular Num: 51
identify Num: 50
testCase Num: 101
4 0 1 1 0 1 1 0 1 1 
3 0 0 0 0 0 1 1 0 0 
3 1 0 1 1 0 0 0 1 0 
1 0 0 0 0 1 1 0 0 0 
4 0 0 1 0 0 0 0 0 0 
1 0 1 0 0 0 0 1 1 0 
3 1 0 1 0 0 1 1 0 0 
3 1 1 0 0 0 1 0 1 0 
2 1 0 0 0 0 1 1 0 1 
3 1 0 0 1 1 0 0 1 0 
2 0 1 1 1 1 1 1 0 0 
0 1 0 1 1 0 0 1 0 1 
5 0 0 0 0 1 0 0 1 0 
2 1 0 0 0 1 0 1 1 0 
4 1 1 0 0 1 0 0 0 0 
2 0 0 0 0 0 0 1 1 0 
5 0 1 0 1 1 0 0 0 1 
1 0 1 0 0 0 0 0 0 1 
3 0 0 0 0 1 0 1 1 0 
4 0 0 0 1 1 1 1 0 0 
2 0 0 1 0 1 0 0 1 0 
1 0 0 0 0 1 0 0 1 1 
0 1 1 0 0 0 0 0 1 0 
3 0 0 1 0 0 0 1 0 0 
4 0 0 0 1 0 0 0 1 0 
2 1 1 1 1 1 0 1 0 0 
2 1 1 0 1 1 1 1 0 0 
2 0 1 1 0 0 1 0 0 1 
2 0 0 1 0 0 0 1 1 0 
3 0 0 1 1 0 1 1 0 0 
0 0 0 1 0 0 1 0 1 1 
5 0 1 0 0 0 1 1 1 0 
4 1 0 1 1 1 0 0 1 0 
3 0 0 1 0 1 1 1 0 0 
2 1 1 1 0 1 1 1 0 0 
0 0 0 0 0 1 1 0 0 0 
4 1 0 0 0 0 0 1 1 0 
3 1 0 1 1 1 1 0 1 0 
2 0 1 0 0 1 0 1 1 0 
3 0 0 0 0 0 0 1 0 1 
2 0 0 1 0 0 0 0 0 0 
2 0 0 0 0 0 0 0 1 0 
4 0 0 1 0 0 1 1 0 0 
0 1 1 0 0 1 1 1 1 1 
1 0 1 0 1 0 1 0 0 0 
2 0 0 1 0 0 0 0 1 0 
2 0 1 0 1 1 0 0 1 1 
0 0 1 0 1 1 0 1 0 0 
1 0 0 1 1 0 0 0 0 1 
2 0 0 1 0 0 0 0 1 1 
1 1 1 1 0 1 0 1 0 0 
2 0 1 1 0 0 0 0 1 0 
3 1 0 1 0 1 0 0 1 0 
1 1 0 1 1 0 1 1 1 1 
5 1 0 0 1 0 1 0 0 0 
1 0 0 0 1 1 0 0 0 0 
0 0 1 1 1 1 1 0 1 0 
5 1 1 0 0 1 0 1 1 1 
3 0 0 1 0 0 1 0 0 0 
2 1 1 1 1 1 1 1 0 0 
2 0 0 0 0 1 0 0 1 0 
3 1 0 0 0 0 0 0 0 0 
0 0 0 0 0 0 0 0 0 0 
2 1 1 1 1 1 1 1 0 1 
5 1 0 1 0 0 0 1 0 1 
3 1 0 0 1 0 0 1 1 1 
3 0 1 0 0 1 0 0 1 1 
1 1 0 0 0 0 1 0 1 0 
3 1 0 1 1 1 0 0 1 1 
3 1 0 1 1 1 0 0 1 0 
5 0 1 1 1 0 0 1 1 0 
3 0 1 1 1 1 1 1 0 1 
5 0 0 1 0 1 1 0 0 1 
3 0 0 1 0 0 1 1 1 0 
4 1 1 1 1 0 0 0 0 1 
2 0 0 0 0 1 1 1 1 0 
2 1 1 1 1 1 1 1 1 0 
2 1 0 1 0 0 0 0 1 0 
2 0 0 0 0 1 0 1 0 0 
2 1 0 0 0 0 1 0 1 0 
2 0 0 1 0 1 0 1 1 0 
2 0 0 0 1 1 0 1 1 0 
4 0 1 1 0 0 0 1 0 1 
3 1 0 1 1 1 0 0 0 0 
4 1 0 0 0 0 1 0 0 1 
3 0 1 1 0 0 1 1 0 0 
3 0 0 1 0 0 1 1 0 0 
3 0 0 1 0 0 1 1 0 1 
2 0 0 0 0 1 0 1 1 0 
2 1 1 1 1 1 1 0 0 0 
3 0 0 1 0 0 0 0 1 0 
2 1 0 1 1 1 1 1 0 0 
2 0 0 0 0 1 0 1 1 1 
2 0 0 1 0 0 1 0 1 0 
2 1 1 1 1 0 1 1 0 0 
3 1 1 1 1 1 0 0 1 0 
2 0 0 1 1 0 0 0 1 0 
3 1 1 1 1 1 1 1 0 0 
2 1 0 0 1 0 0 0 0 0 
3 1 0 1 1 1 0 1 1 0 
3 0 0 1 1 1 0 0 1 0 
MFS
[ 3 , - , - , - , - , - , - , - , - , 0 ]
[ - , - , - , - , - , - , - , - , - , 0 ]
[ - , - , - , - , - , 1 , - , - , - , 0 ]
[ - , - , - , 1 , - , - , - , - , - , 0 ]
[ 3 , - , - , 1 , - , - , - , - , - , 0 ]
precise
0.2
recall
0.25
F-measure
0.22222222222222224
accurate
0.6666666666666666
accurate_oppsite
0.75
regaular Num: 47
identify Num: 70
testCase Num: 117
2 0 0 1 1 1 1 1 1 0 
2 1 0 0 0 1 0 1 0 1 
2 0 1 0 0 0 0 0 0 0 
2 0 0 1 0 1 1 1 0 0 
4 1 0 1 1 1 0 1 1 1 
2 1 1 1 0 1 1 0 1 0 
3 1 1 1 1 1 0 1 0 0 
1 0 0 0 1 0 0 1 0 1 
2 0 1 1 0 0 1 0 1 0 
2 0 0 1 0 1 0 0 0 0 
2 0 1 0 0 0 0 0 1 0 
5 0 0 1 0 0 0 0 0 1 
2 0 0 0 1 1 1 0 1 0 
3 0 0 1 0 1 1 1 1 0 
3 0 0 1 0 1 1 1 1 1 
4 1 0 0 1 1 1 0 0 0 
1 1 1 1 1 1 1 1 0 0 
3 0 0 1 1 1 1 0 0 0 
3 0 0 0 1 1 0 0 0 0 
4 1 1 1 0 1 0 1 0 0 
2 0 1 0 0 1 1 0 1 0 
2 1 1 1 0 0 0 0 1 0 
3 0 0 0 0 0 0 1 1 1 
3 1 1 1 0 1 0 1 1 0 
4 1 1 1 0 0 0 0 0 1 
3 0 0 1 0 1 1 1 0 0 
3 1 1 1 0 1 0 1 0 1 
2 0 1 0 1 0 0 1 1 1 
5 1 1 1 0 1 1 1 1 1 
3 1 1 1 0 1 0 1 0 0 
3 1 0 1 0 1 0 1 0 0 
3 1 0 0 1 1 1 0 0 0 
2 0 0 1 0 0 0 1 0 0 
3 0 1 0 0 0 0 0 0 0 
3 1 1 1 0 1 0 0 0 0 
3 0 0 0 1 0 1 0 0 0 
2 0 0 0 1 1 1 1 1 1 
4 0 1 0 0 1 0 0 0 0 
2 0 0 0 1 1 1 1 1 0 
2 1 0 1 1 0 1 0 0 1 
1 0 0 1 0 0 1 0 0 0 
3 0 1 1 0 1 1 1 1 0 
4 0 0 0 1 1 1 0 0 0 
5 1 0 1 1 0 0 0 1 0 
2 1 1 0 0 1 1 0 1 0 
2 1 1 0 0 1 1 0 1 1 
0 1 1 1 0 1 0 0 1 1 
2 0 0 1 0 0 0 0 1 0 
2 0 1 1 0 0 0 0 1 1 
2 0 1 1 0 0 0 0 1 0 
3 1 1 1 0 1 1 1 0 0 
0 1 0 0 1 1 0 0 0 0 
2 0 0 0 1 1 1 1 0 0 
5 0 1 0 0 0 0 0 0 0 
3 1 1 0 0 1 1 0 1 0 
3 0 0 1 0 1 0 1 1 0 
1 0 0 1 0 0 0 1 1 0 
3 0 0 1 0 1 0 1 0 0 
3 0 0 0 0 1 1 1 1 0 
4 1 0 0 0 0 1 1 0 1 
2 1 1 0 0 1 1 0 0 0 
3 0 1 0 1 1 1 0 0 0 
4 0 0 0 0 0 0 1 1 0 
3 0 0 0 1 1 1 0 0 0 
3 0 0 0 1 1 1 0 0 1 
0 0 0 0 0 0 0 0 0 0 
2 1 1 0 1 1 1 0 1 0 
3 1 1 1 1 0 1 0 1 1 
5 1 1 0 1 1 0 1 0 0 
2 0 1 0 1 1 1 1 1 0 
2 0 1 1 0 0 0 0 0 0 
2 1 0 0 1 1 1 1 1 0 
0 0 0 1 0 0 0 1 1 0 
2 0 1 1 0 1 0 1 0 0 
2 0 1 1 1 0 0 0 1 0 
2 1 0 1 0 1 0 1 0 0 
1 0 1 1 0 0 0 1 0 1 
1 1 0 0 0 0 1 0 1 1 
4 0 1 0 0 0 0 1 0 0 
3 1 1 1 0 0 0 1 0 0 
3 0 0 0 0 1 1 0 0 0 
2 1 1 0 0 1 1 1 1 0 
2 1 0 0 0 1 1 0 1 0 
3 0 0 1 0 0 1 1 1 0 
4 0 0 0 0 0 0 0 0 1 
3 0 0 0 1 1 1 0 1 0 
2 0 0 0 0 1 1 1 1 0 
0 0 1 0 0 0 1 0 0 1 
2 0 0 1 1 1 0 1 0 0 
1 1 1 0 0 1 0 0 1 1 
0 1 1 0 1 0 1 1 1 0 
2 0 0 0 0 1 0 1 0 0 
3 1 0 0 1 1 0 1 0 1 
2 0 1 1 0 0 0 1 1 0 
4 0 0 1 0 1 1 1 1 0 
2 1 1 0 0 0 1 0 1 0 
5 0 0 0 1 1 1 0 0 1 
0 0 0 1 1 1 1 1 0 1 
2 0 0 1 0 1 0 1 1 0 
2 0 0 0 1 1 0 1 1 0 
5 0 1 0 0 0 0 1 0 0 
5 0 0 0 0 0 1 1 1 0 
3 1 1 0 0 1 0 1 0 0 
3 0 1 1 0 0 0 0 1 0 
2 1 1 0 0 1 0 0 1 0 
3 0 0 1 1 1 1 1 1 0 
3 0 0 0 1 1 1 1 0 0 
2 0 0 1 0 1 0 1 0 0 
3 1 0 1 0 1 1 1 1 0 
2 0 0 1 0 1 0 1 0 1 
3 0 1 1 0 1 0 1 0 0 
3 0 0 1 0 1 1 0 1 0 
1 0 0 0 1 1 0 0 1 0 
2 0 0 0 1 0 1 1 1 0 
2 0 1 1 0 1 0 0 1 0 
4 0 1 1 1 0 1 0 1 0 
3 0 0 0 1 1 1 1 1 0 
MFS
[ 3 , - , - , - , - , - , - , - , - , 0 ]
[ 3 , - , - , - , - , 1 , - , - , - , 0 ]
[ - , - , - , - , - , - , - , - , - , 0 ]
[ - , - , - , - , - , 1 , - , - , - , 0 ]
[ - , - , - , 1 , - , - , - , - , - , 0 ]
precise
0.2
recall
0.25
F-measure
0.22222222222222224
accurate
0.6666666666666666
accurate_oppsite
0.7499999999999999
regaular Num: 50
identify Num: 78
testCase Num: 128
3 0 0 0 0 0 0 0 1 1 
1 1 1 1 0 1 1 1 1 0 
0 1 1 0 1 0 0 0 0 0 
3 0 0 1 1 0 0 1 1 0 
3 0 1 1 1 0 0 1 1 0 
3 0 0 1 1 0 0 1 1 1 
2 1 1 0 0 1 0 1 0 1 
2 1 0 0 0 0 1 1 1 0 
2 1 1 0 0 1 0 1 0 0 
2 1 0 0 0 1 0 1 0 0 
2 0 1 0 0 0 0 0 0 0 
1 0 0 0 0 0 0 1 0 0 
4 0 1 0 0 1 0 1 1 0 
1 0 0 1 1 1 0 0 1 0 
5 0 0 1 0 0 0 0 1 0 
3 1 0 0 0 1 0 0 0 0 
4 0 1 0 0 0 1 0 0 1 
5 1 1 1 0 1 0 0 0 0 
2 1 1 0 0 1 0 1 1 0 
3 1 0 0 1 1 0 0 1 0 
3 0 0 1 0 0 0 1 1 0 
4 1 0 0 1 0 0 1 0 1 
3 0 1 0 0 0 1 1 1 0 
2 0 0 0 1 1 1 0 1 0 
2 1 0 1 0 1 1 1 1 0 
5 0 1 1 1 0 1 0 0 0 
2 0 1 0 1 0 1 1 1 1 
3 1 1 0 1 1 0 0 0 0 
3 0 0 0 1 1 0 0 0 0 
2 1 0 1 0 0 0 1 1 0 
2 0 1 0 0 1 1 0 1 0 
0 0 0 0 0 0 0 1 1 1 
3 1 0 1 1 0 0 1 1 0 
3 0 0 1 1 0 0 0 1 0 
2 0 1 1 0 0 1 0 0 0 
5 0 1 0 0 0 1 1 1 0 
0 0 1 1 1 1 0 0 1 1 
3 1 1 0 0 1 1 1 1 0 
2 1 0 1 1 0 1 1 1 0 
2 0 1 1 1 0 0 0 0 0 
1 1 1 0 0 0 1 0 0 1 
4 1 0 0 1 1 0 0 0 0 
3 0 1 0 0 1 1 0 1 0 
2 0 0 1 0 1 1 0 1 0 
3 1 1 1 0 0 1 0 0 1 
3 0 1 1 1 1 0 1 0 1 
3 1 0 0 1 1 1 0 0 0 
2 0 0 0 0 1 1 0 0 0 
4 0 0 1 1 0 0 1 1 0 
2 0 1 1 1 1 1 0 0 0 
3 0 0 1 1 0 1 1 1 0 
3 0 0 0 1 0 1 0 0 0 
2 0 0 0 0 0 0 0 1 1 
3 0 1 1 0 1 1 1 1 0 
4 1 1 0 1 1 1 0 0 0 
1 0 0 0 0 0 1 0 1 0 
3 1 0 1 0 0 1 1 1 0 
5 0 0 1 0 1 1 1 0 1 
2 0 1 0 0 1 0 1 0 0 
2 0 0 0 0 1 1 0 1 1 
2 0 0 0 0 1 1 0 1 0 
2 1 0 1 1 1 0 0 0 1 
3 0 1 1 1 0 1 0 0 0 
1 0 0 0 1 0 1 0 0 0 
2 1 1 0 0 0 0 1 0 0 
2 0 0 0 0 0 1 0 1 0 
5 1 0 0 1 1 0 1 1 0 
5 0 0 0 0 0 0 0 0 0 
3 1 0 0 1 0 0 0 0 0 
4 0 0 1 1 1 0 0 1 1 
3 0 1 0 0 1 1 1 1 1 
3 0 1 0 0 1 1 1 1 0 
3 0 0 0 0 1 1 1 1 0 
2 0 0 0 0 1 0 0 1 0 
2 0 1 0 0 1 0 0 1 0 
2 1 0 1 0 0 1 1 1 1 
0 0 0 0 0 0 0 0 0 0 
2 1 0 1 0 0 1 0 1 0 
2 0 0 1 0 0 1 1 1 0 
2 1 1 1 1 0 1 0 0 0 
4 0 1 0 0 1 1 1 1 0 
2 0 1 1 1 0 1 1 0 0 
5 1 1 0 0 0 0 0 1 1 
5 1 0 0 0 0 1 0 0 0 
3 0 1 0 0 1 1 1 0 0 
2 0 0 1 1 0 1 0 0 0 
0 0 0 1 0 1 1 0 0 0 
4 1 0 0 0 0 1 1 1 0 
3 0 0 1 1 1 0 1 1 0 
2 1 0 0 0 1 1 0 1 0 
1 0 1 1 1 0 0 0 0 1 
3 0 1 0 1 1 1 1 1 0 
3 1 0 0 1 1 0 1 0 0 
2 0 1 0 0 1 0 0 0 1 
2 0 0 0 0 1 1 1 1 0 
2 0 1 0 0 1 0 0 0 0 
0 1 0 0 1 1 1 1 1 0 
2 0 1 1 1 0 1 0 1 0 
3 1 1 0 0 1 0 1 0 0 
3 0 1 0 0 1 0 0 0 0 
2 0 1 0 1 0 1 0 0 0 
4 0 1 1 0 0 0 1 0 0 
3 1 0 1 1 1 0 0 0 0 
1 0 0 0 0 0 0 0 1 1 
2 0 1 1 0 1 0 0 0 0 
2 1 1 0 0 1 1 1 0 0 
3 0 0 0 0 1 1 0 1 0 
2 0 1 0 0 1 1 0 0 0 
2 1 1 1 0 0 1 1 1 0 
2 1 0 1 0 0 1 1 1 0 
2 1 1 0 1 1 0 1 0 0 
2 0 1 0 1 1 0 0 0 0 
3 0 0 1 1 0 0 1 0 0 
2 0 1 1 1 0 1 0 0 0 
2 1 1 1 0 1 0 1 0 0 
2 0 1 1 1 0 1 0 0 1 
3 0 0 0 1 0 0 1 1 0 
0 1 1 1 0 0 1 1 0 1 
4 1 0 1 0 0 1 0 0 0 
3 0 1 0 0 1 0 1 1 0 
1 1 0 0 1 1 0 1 0 1 
2 1 1 0 0 1 0 0 0 0 
3 1 0 0 1 1 0 0 0 0 
3 1 0 0 1 1 0 0 0 1 
2 0 0 0 0 1 0 0 0 0 
5 0 0 0 1 0 0 0 0 1 
3 1 0 0 0 0 0 1 1 0 
2 1 0 1 0 0 1 1 0 0 
MFS
[ 3 , - , - , - , - , 1 , - , - , - , 0 ]
[ - , - , - , - , - , 1 , - , - , - , 0 ]
[ 3 , - , - , 1 , - , - , - , - , - , 0 ]
[ - , - , - , 1 , - , - , - , - , - , 0 ]
precise
0.5
recall
0.5
F-measure
0.5
accurate
0.8333333333333333
accurate_oppsite
0.8333333333333333
regaular Num: 51
identify Num: 59
testCase Num: 110
3 0 0 0 0 0 0 0 1 0 
2 1 1 0 1 1 0 1 1 0 
2 1 1 0 1 1 0 1 1 1 
3 1 0 1 1 0 1 1 0 0 
2 1 0 0 1 1 0 1 1 0 
2 1 0 1 0 1 1 0 0 1 
2 1 0 1 0 1 1 0 0 0 
5 0 1 0 1 1 1 1 0 0 
3 0 1 1 0 1 1 0 0 0 
1 0 0 1 0 0 1 0 1 0 
2 1 0 1 0 1 1 0 1 0 
4 0 0 1 0 0 0 0 0 1 
2 1 1 0 0 1 0 1 1 0 
4 1 0 1 1 0 1 0 0 0 
4 0 1 1 1 0 1 1 0 1 
1 0 0 0 1 0 0 0 0 1 
2 0 1 1 1 1 0 0 1 0 
4 0 1 0 1 0 1 0 1 0 
4 0 0 0 0 1 0 0 0 1 
3 1 0 0 1 0 1 0 0 0 
3 1 0 0 0 1 0 0 1 0 
3 0 0 0 0 1 0 1 1 0 
3 1 1 1 0 0 1 1 1 1 
2 0 0 1 0 1 0 0 1 0 
3 0 1 1 0 0 0 0 0 0 
1 0 0 0 1 0 1 1 0 0 
2 1 1 0 1 1 0 0 1 0 
3 1 1 1 1 0 1 0 0 0 
4 1 0 0 0 1 1 0 0 0 
3 0 0 0 1 0 1 0 1 0 
0 0 1 1 1 1 0 0 1 1 
0 0 0 0 1 0 1 0 1 0 
2 1 0 1 0 1 1 1 0 0 
3 0 1 1 0 1 0 0 1 0 
3 0 0 1 0 1 0 0 1 0 
5 0 0 1 1 0 1 0 1 1 
2 0 1 1 0 1 1 0 1 0 
3 0 0 0 0 1 0 0 0 0 
3 1 0 1 0 0 1 0 0 0 
3 1 1 0 1 1 0 1 1 0 
2 1 1 1 1 1 0 1 1 0 
1 1 0 0 0 1 0 1 0 0 
2 1 1 0 1 1 1 1 1 0 
3 1 0 1 1 0 0 0 0 0 
3 0 0 0 0 0 0 1 0 0 
4 1 1 0 0 1 0 1 0 0 
1 0 1 0 0 1 1 1 1 1 
1 1 1 1 1 1 1 0 1 0 
3 1 1 1 0 1 0 0 0 0 
2 0 1 0 0 0 1 0 0 0 
5 0 0 1 0 0 0 1 0 0 
2 1 0 1 1 0 1 0 0 1 
2 1 0 1 0 1 0 0 0 0 
3 0 0 1 0 1 0 0 0 0 
2 1 1 1 0 1 1 0 0 0 
3 1 0 1 1 1 1 0 0 0 
3 0 0 0 0 1 0 0 1 1 
3 0 0 0 0 1 0 0 1 0 
2 0 1 0 1 0 0 0 0 1 
2 0 0 1 0 1 1 0 0 0 
2 1 0 0 0 0 0 1 0 0 
2 1 0 1 0 0 1 0 0 0 
4 0 1 1 0 1 0 0 0 0 
2 0 0 0 0 1 0 0 0 1 
3 0 0 1 1 0 1 0 0 0 
2 0 1 1 0 0 0 0 1 0 
5 0 0 0 0 0 0 0 0 0 
0 1 1 1 0 0 0 0 0 0 
4 1 1 0 0 0 0 0 1 1 
2 1 1 0 1 0 0 1 1 0 
1 1 0 1 0 0 0 0 1 1 
2 1 0 0 0 1 1 0 0 0 
3 0 1 1 1 1 0 0 0 0 
3 0 1 0 1 1 1 0 0 1 
2 0 1 0 0 1 0 0 1 0 
5 1 0 0 0 1 0 1 1 0 
0 0 0 0 0 0 0 0 0 0 
2 0 0 1 0 0 1 1 1 1 
5 1 1 1 1 0 0 0 1 0 
3 0 1 1 0 1 0 0 0 0 
3 0 1 1 0 1 0 0 0 1 
5 1 0 0 0 0 1 0 0 0 
3 0 1 0 0 1 0 0 1 0 
2 1 1 1 0 1 0 0 1 0 
2 0 1 1 0 1 0 1 1 0 
5 0 0 1 0 1 1 0 0 1 
3 1 0 1 1 0 1 0 0 0 
3 1 0 1 1 0 1 0 0 1 
3 1 0 0 1 1 0 1 0 1 
2 0 1 0 1 1 0 1 1 0 
4 0 0 0 0 1 0 0 1 0 
3 1 0 1 0 1 1 0 0 0 
4 0 0 1 1 1 0 1 1 0 
5 0 1 0 0 0 0 1 0 1 
3 0 1 0 0 1 0 0 0 0 
2 0 1 1 0 1 0 0 0 0 
3 0 0 0 0 1 1 0 1 0 
0 1 0 1 0 1 1 1 1 0 
0 1 1 0 1 0 1 1 0 1 
3 0 0 0 1 1 0 0 1 0 
2 1 0 1 1 1 1 0 0 0 
3 1 0 1 1 0 1 0 1 0 
2 1 1 0 1 1 0 1 0 0 
5 1 0 1 0 0 0 0 0 1 
0 0 0 0 0 1 0 1 0 1 
3 0 1 1 0 1 0 1 0 0 
2 0 1 1 0 1 0 0 1 1 
1 1 1 1 0 0 0 1 0 0 
2 0 1 1 0 1 0 0 1 0 
4 1 0 1 1 0 0 0 0 0 
MFS
[ 3 , - , - , - , - , - , - , - , - , 0 ]
[ 3 , - , - , - , - , 1 , - , - , - , 0 ]
[ - , - , - , - , - , - , - , - , - , 0 ]
[ - , - , - , - , - , 1 , - , - , - , 0 ]
[ 3 , - , - , 1 , - , - , - , - , - , 0 ]
precise
0.4
recall
0.5
F-measure
0.4444444444444445
accurate
0.7333333333333333
accurate_oppsite
0.8333333333333333
regaular Num: 53
identify Num: 60
testCase Num: 113
3 0 1 0 0 0 1 1 0 0 
2 1 1 0 0 1 0 1 0 1 
2 1 1 0 0 1 0 1 0 0 
5 0 1 1 1 1 0 1 0 1 
2 1 0 0 0 1 0 1 0 0 
3 0 0 0 1 0 1 1 1 0 
2 0 0 0 0 0 0 0 0 0 
1 1 1 0 0 0 1 1 0 0 
4 0 1 1 0 0 0 0 0 0 
2 0 0 0 1 0 0 0 1 1 
1 0 0 0 0 0 0 1 1 0 
3 1 1 1 0 0 1 1 0 0 
2 1 1 0 0 1 0 1 1 0 
1 1 0 0 0 1 1 0 1 1 
5 1 0 0 0 1 1 0 0 1 
3 1 0 0 0 0 1 0 1 0 
3 0 0 0 0 0 0 0 0 0 
3 1 0 1 1 0 1 1 1 0 
2 1 1 0 1 1 0 0 0 1 
4 0 1 0 0 1 0 1 0 1 
3 1 0 1 0 1 1 0 1 0 
2 0 0 1 0 1 0 0 0 0 
2 1 0 1 1 0 1 1 0 0 
2 1 0 0 1 0 1 1 1 0 
5 0 1 0 1 0 1 0 1 0 
3 1 0 0 0 1 0 0 1 0 
5 1 0 0 1 0 0 0 0 0 
4 0 1 1 0 0 1 1 0 0 
1 0 0 1 1 1 1 1 0 0 
0 0 0 0 1 0 0 1 0 1 
4 1 0 0 0 0 0 1 0 0 
2 0 1 1 0 1 1 0 0 1 
2 0 0 1 0 1 0 0 1 0 
2 0 1 0 0 0 1 1 1 1 
4 1 0 1 1 1 0 0 1 0 
2 1 0 1 1 0 1 1 1 1 
2 1 0 1 1 0 1 1 1 0 
3 0 1 1 0 1 1 1 0 0 
0 0 0 0 0 1 1 0 0 1 
4 0 0 1 0 0 1 1 1 1 
2 1 0 0 0 1 0 0 1 0 
2 0 0 1 0 0 0 1 0 0 
2 0 0 1 0 0 0 0 0 0 
4 1 0 0 0 1 1 0 1 0 
4 0 0 0 1 0 0 0 0 1 
2 0 0 0 0 0 0 0 1 0 
5 1 1 1 0 1 0 0 1 0 
3 0 0 0 0 1 0 0 1 0 
1 1 1 0 1 0 0 0 1 0 
3 1 0 0 1 1 1 0 1 0 
3 0 1 1 0 0 0 1 0 0 
2 0 1 0 0 1 0 1 0 0 
2 0 0 0 0 1 1 0 1 0 
2 0 0 1 0 0 0 0 1 0 
5 1 0 1 0 0 0 1 1 0 
2 1 1 0 0 0 0 1 0 0 
5 0 0 0 0 0 0 0 0 0 
2 0 0 0 1 1 0 0 1 0 
3 1 0 0 0 1 1 0 1 0 
4 0 0 1 1 1 1 1 0 0 
3 1 1 0 0 1 1 0 1 0 
3 1 0 0 0 1 1 0 1 1 
2 1 0 1 1 0 1 0 1 0 
4 1 1 0 0 0 0 0 1 1 
2 0 0 1 1 0 1 1 1 0 
1 1 1 1 0 0 0 0 1 1 
1 0 1 0 0 1 0 1 0 1 
3 0 1 1 0 0 1 0 0 0 
2 0 0 1 0 0 0 0 0 1 
2 0 0 0 0 1 0 0 1 0 
2 0 0 0 0 1 0 0 1 1 
3 1 1 0 0 0 0 0 0 0 
2 0 1 0 0 1 0 0 1 0 
0 0 0 0 0 0 0 0 0 0 
2 0 1 1 0 0 0 0 0 0 
3 0 1 1 1 1 0 0 1 1 
4 0 0 0 0 0 0 0 0 0 
5 0 0 0 1 0 1 1 1 1 
2 0 0 1 0 0 1 0 0 0 
3 0 1 1 1 0 1 1 0 0 
2 1 1 1 1 0 1 1 1 0 
3 1 0 0 1 0 0 1 0 1 
0 1 1 0 1 1 1 1 1 1 
0 0 0 1 1 1 0 0 1 1 
5 0 0 1 0 0 1 0 0 0 
3 1 1 0 0 1 0 1 0 0 
3 1 0 0 0 1 1 1 1 0 
2 0 0 1 1 0 0 0 0 0 
2 1 1 0 0 1 1 1 0 0 
3 0 0 0 0 1 1 0 1 0 
3 0 1 1 0 0 1 1 0 0 
3 0 0 1 0 0 1 1 0 0 
3 0 1 1 0 0 1 1 0 1 
2 0 0 0 0 1 0 1 1 0 
2 1 0 1 0 0 0 0 0 0 
2 1 0 1 0 0 1 1 1 0 
2 1 1 0 1 1 0 1 0 0 
0 1 0 0 0 0 0 0 0 0 
0 1 1 0 1 0 0 0 1 0 
0 1 1 1 0 0 1 1 0 0 
2 1 1 1 0 1 0 1 0 0 
2 1 0 1 1 0 0 1 1 0 
3 1 0 0 0 1 1 0 0 0 
0 0 1 0 0 1 0 0 1 0 
1 0 0 0 1 1 0 0 1 1 
1 0 0 0 0 0 0 0 0 0 
3 1 0 1 0 1 1 1 0 1 
2 1 1 0 0 1 0 0 0 0 
3 0 1 1 0 0 1 1 1 0 
4 1 1 0 1 0 1 0 0 0 
2 0 0 0 0 1 0 0 0 0 
2 1 0 1 1 1 1 1 1 0 
3 0 0 1 0 0 0 0 0 0 
MFS
[ 3 , - , - , - , - , 1 , - , - , - , 0 ]
[ - , - , - , - , - , 1 , - , - , - , 0 ]
[ - , - , - , 1 , - , - , - , - , - , 0 ]
[ 3 , - , - , 1 , - , - , - , - , - , 0 ]
precise
0.5
recall
0.5
F-measure
0.5
accurate
0.8333333333333333
accurate_oppsite
0.8333333333333333
regaular Num: 47
identify Num: 60
testCase Num: 107
3 0 1 0 0 0 0 0 1 0 
4 0 1 1 0 1 1 0 1 0 
2 0 0 0 0 0 0 0 0 0 
4 1 1 1 1 1 0 1 1 1 
4 1 1 1 1 0 1 0 0 0 
3 1 1 1 0 0 0 0 1 0 
2 0 1 0 1 0 1 1 0 0 
2 0 0 1 0 1 1 1 1 0 
3 0 1 1 0 0 0 1 1 0 
3 1 1 0 1 1 1 1 0 0 
2 1 0 1 0 0 0 1 0 1 
4 1 1 1 0 1 0 1 1 0 
2 1 0 1 0 0 0 1 0 0 
2 1 1 1 0 0 0 1 0 0 
3 0 0 0 0 0 0 0 0 0 
2 0 1 1 1 1 1 1 0 0 
2 0 1 0 1 1 0 1 0 0 
5 1 1 1 0 0 1 0 1 1 
0 0 0 1 0 0 1 0 0 0 
5 0 0 1 0 0 0 0 0 0 
3 1 1 0 0 1 0 1 1 0 
4 0 0 1 0 0 0 1 1 0 
3 0 0 1 0 1 1 1 0 1 
3 1 1 1 1 1 0 1 1 0 
4 0 1 1 0 0 0 0 1 0 
3 1 1 0 1 1 0 0 0 0 
3 0 1 1 0 0 0 0 0 0 
0 1 0 0 1 0 0 0 0 0 
2 1 0 1 0 0 0 1 1 0 
4 0 0 0 1 0 1 1 0 1 
2 1 1 0 1 1 1 1 0 0 
2 0 1 0 1 1 1 0 0 0 
2 0 0 1 0 0 0 1 1 0 
3 1 1 1 0 1 0 1 1 0 
2 0 0 0 0 0 1 1 1 0 
0 0 1 0 0 1 1 0 1 0 
3 0 1 1 0 1 0 0 1 0 
5 1 0 0 1 0 1 1 0 0 
3 1 1 1 0 1 0 1 0 0 
3 1 0 0 1 1 1 0 0 0 
2 0 0 1 0 0 0 1 0 0 
5 0 1 0 1 0 0 1 1 1 
3 0 1 0 1 1 1 1 0 0 
3 0 1 1 1 0 1 0 1 1 
2 0 0 1 1 1 0 0 1 1 
3 1 1 0 1 0 1 0 0 0 
2 0 1 1 0 0 1 1 1 0 
4 0 1 0 0 1 0 0 0 1 
0 1 0 1 1 1 1 0 1 1 
4 1 1 0 1 1 1 0 0 0 
1 1 1 1 0 0 1 1 1 1 
4 1 0 0 0 0 0 0 0 0 
3 1 1 1 0 1 0 1 1 1 
2 1 0 0 0 0 0 1 0 0 
2 0 1 0 1 1 1 1 0 0 
2 0 0 1 0 0 1 1 0 0 
2 0 1 0 1 1 1 1 0 1 
2 0 0 0 1 1 1 1 0 0 
3 1 1 1 0 1 0 0 1 0 
3 0 1 1 0 1 0 1 1 0 
2 0 0 1 1 0 1 1 1 0 
1 1 0 1 1 0 1 0 0 0 
5 0 1 1 1 0 0 1 0 0 
1 0 0 0 0 1 0 1 0 0 
3 0 1 0 1 1 1 0 0 0 
2 0 1 0 0 1 1 1 0 0 
5 1 0 0 0 1 0 1 1 0 
0 0 0 0 0 0 0 0 0 0 
2 0 0 1 0 0 1 1 1 0 
2 0 1 0 1 1 1 1 1 0 
0 0 0 1 0 0 0 1 1 1 
2 0 0 1 0 0 1 1 1 1 
3 1 0 0 1 0 0 1 1 1 
3 1 1 1 0 1 1 1 1 0 
3 1 1 0 0 1 1 0 0 0 
2 1 0 1 0 1 0 1 0 0 
1 0 0 1 0 0 0 0 1 0 
1 0 1 0 1 1 0 0 1 1 
3 1 1 1 1 1 1 0 0 0 
3 1 0 1 0 1 0 1 1 0 
3 0 0 1 0 0 1 1 1 0 
3 1 1 0 1 1 1 0 1 0 
3 0 1 1 0 0 1 0 1 0 
1 1 0 1 0 1 0 0 0 0 
3 0 1 1 1 0 0 0 1 0 
2 1 1 0 0 0 1 0 1 1 
5 0 0 0 1 1 1 0 0 1 
4 0 0 0 0 1 0 0 1 0 
3 1 0 1 0 0 0 1 0 0 
1 0 0 0 1 1 1 1 0 1 
3 1 1 1 0 0 0 1 1 0 
3 0 1 1 0 0 0 0 1 0 
5 0 1 1 0 1 0 0 0 0 
3 0 1 1 0 0 0 0 1 1 
3 1 1 0 1 1 1 0 0 0 
3 1 1 0 1 1 1 0 0 1 
3 0 0 1 0 0 0 0 1 0 
2 1 0 1 0 0 0 0 0 0 
2 1 0 1 0 0 1 1 1 0 
0 0 1 1 1 0 1 1 1 0 
2 0 0 1 0 0 1 0 1 0 
2 1 1 1 0 1 0 1 0 1 
1 1 1 0 0 0 0 0 0 0 
2 1 0 0 1 0 0 0 0 0 
2 1 0 1 1 0 0 1 0 0 
0 1 1 0 0 1 0 1 0 1 
2 1 0 1 0 0 1 1 0 0 
MFS
[ 3 , - , - , - , - , - , - , - , - , 0 ]
[ 3 , - , - , - , - , 1 , - , - , - , 0 ]
[ - , - , - , - , - , 1 , - , - , - , 0 ]
[ 3 , - , - , 1 , - , - , - , - , - , 0 ]
[ - , - , - , 1 , - , - , - , - , - , 0 ]
precise
0.4
recall
0.5
F-measure
0.4444444444444445
accurate
0.7999999999999999
accurate_oppsite
0.8333333333333333
regaular Num: 49
identify Num: 59
testCase Num: 108
3 0 0 0 0 0 0 0 1 1 
5 0 0 0 0 1 0 0 0 0 
5 0 1 0 0 1 0 0 0 0 
3 0 1 1 1 0 0 1 1 0 
2 1 0 0 0 1 0 1 0 0 
0 1 0 1 1 1 0 0 1 1 
3 0 0 1 0 1 1 0 0 0 
0 0 0 0 0 1 0 0 1 0 
3 1 0 0 0 1 0 0 0 0 
4 0 1 0 0 0 1 0 0 0 
2 0 1 1 0 1 1 1 1 0 
3 0 1 1 0 0 0 1 1 0 
3 1 1 0 1 1 0 0 1 0 
3 0 1 1 0 0 0 1 1 1 
4 1 1 0 1 0 0 1 0 0 
3 0 0 1 0 0 0 1 1 0 
3 0 1 0 1 1 0 1 1 0 
2 0 0 1 1 1 1 0 0 0 
0 0 0 0 1 1 1 1 0 1 
5 1 1 1 0 0 1 0 1 1 
3 0 0 0 0 1 0 1 0 1 
2 0 0 0 1 1 1 0 1 0 
3 0 0 0 1 0 1 1 0 0 
5 1 1 0 1 0 0 1 0 0 
5 0 1 1 1 0 1 0 0 0 
1 1 0 1 0 0 0 1 0 0 
5 1 0 0 0 1 1 1 1 0 
1 0 0 0 1 0 0 0 1 0 
3 0 1 0 0 0 0 1 1 0 
2 0 1 0 1 1 1 0 0 0 
2 1 0 0 0 1 0 0 0 0 
2 1 0 0 0 0 0 0 0 0 
2 1 0 0 0 1 0 0 0 1 
5 1 1 0 0 0 0 0 0 1 
2 0 0 0 1 1 1 0 0 1 
2 0 0 0 1 1 1 0 0 0 
0 1 1 1 0 0 0 1 0 0 
1 1 1 0 0 0 1 0 0 1 
4 1 0 0 1 1 0 0 0 1 
3 1 0 1 0 0 1 0 0 0 
2 1 0 0 0 1 0 0 1 0 
3 0 1 0 1 1 0 0 1 0 
2 0 0 0 0 1 1 0 0 0 
3 1 1 0 0 0 0 1 0 0 
4 0 0 1 1 0 0 1 1 0 
2 0 1 0 0 1 0 1 1 0 
3 0 1 0 1 1 0 0 1 1 
5 0 0 1 1 1 0 1 1 1 
2 1 0 0 1 1 0 0 0 0 
1 1 1 1 1 1 1 0 1 0 
2 1 1 0 0 0 0 0 1 1 
2 1 0 1 0 1 0 0 0 0 
1 0 1 0 1 1 0 1 0 1 
1 0 0 0 0 0 1 0 1 1 
0 0 1 1 0 1 1 0 0 1 
3 0 0 1 0 0 1 0 1 0 
3 0 1 1 0 0 0 1 0 0 
3 0 1 0 1 1 0 0 0 0 
3 0 0 1 1 0 1 0 0 0 
4 0 0 1 0 1 0 0 0 0 
2 1 0 0 1 1 1 0 0 0 
2 0 0 0 1 1 1 1 0 0 
5 0 0 0 0 0 0 0 0 0 
3 1 1 0 0 1 1 0 1 1 
3 0 1 1 0 1 0 1 1 0 
2 1 1 1 0 1 0 1 1 0 
2 0 1 0 0 0 1 0 1 0 
2 1 0 0 1 0 0 1 1 0 
3 0 0 1 0 0 1 0 0 0 
3 0 1 1 0 0 1 0 0 0 
2 1 0 0 0 1 1 0 0 0 
3 0 0 1 0 0 1 0 0 1 
3 0 0 0 1 1 1 0 0 0 
0 0 0 0 0 0 0 0 0 1 
0 0 0 0 0 0 0 0 0 0 
2 0 0 0 1 1 0 0 0 0 
2 0 1 1 0 1 0 1 0 0 
3 1 0 1 1 1 0 0 0 1 
3 0 1 0 0 1 0 0 1 0 
1 0 0 1 0 0 0 0 0 1 
4 0 0 1 0 0 1 0 0 0 
2 0 1 1 0 1 0 1 1 0 
3 0 1 1 1 1 0 0 1 0 
4 1 1 1 0 1 1 1 1 1 
2 0 1 1 1 1 0 0 0 1 
3 0 0 0 0 0 1 0 0 0 
0 1 1 0 1 0 1 1 1 0 
2 0 1 1 0 0 0 1 1 0 
2 0 0 1 0 1 0 1 1 0 
2 0 1 1 0 1 0 1 1 1 
2 0 0 0 1 0 1 0 0 0 
3 1 1 1 0 0 0 1 1 0 
3 0 1 1 0 0 0 0 1 0 
3 0 0 1 0 0 1 1 0 0 
3 0 0 0 1 1 0 0 1 0 
2 0 1 1 1 1 0 1 1 0 
4 0 0 0 1 0 1 0 1 1 
3 0 1 0 1 0 0 0 1 0 
4 0 1 0 1 1 0 0 1 0 
4 0 1 1 0 0 0 1 1 0 
2 0 1 1 0 1 0 0 1 0 
2 1 1 0 0 1 0 0 0 0 
3 0 1 0 1 1 1 0 1 0 
3 0 1 1 0 0 1 1 1 0 
3 0 0 1 0 0 0 0 0 0 
2 0 0 0 0 1 0 0 0 0 
2 1 0 1 0 0 1 1 0 1 
1 0 0 1 0 1 1 1 1 0 
MFS
[ 3 , - , - , - , - , 1 , - , - , - , 0 ]
[ - , - , - , - , - , - , - , - , - , 0 ]
[ - , - , - , - , - , 1 , - , - , - , 0 ]
[ 3 , - , - , 1 , - , - , - , - , - , 0 ]
precise
0.5
recall
0.5
F-measure
0.5
accurate
0.75
accurate_oppsite
0.8333333333333333
regaular Num: 52
identify Num: 80
testCase Num: 132
3 0 0 0 0 0 1 1 0 0 
3 1 1 0 1 0 1 0 1 0 
3 0 1 1 1 0 0 1 1 0 
2 0 0 0 0 0 0 0 0 0 
1 1 0 1 1 0 0 1 0 0 
5 1 0 1 1 0 1 0 1 1 
2 0 1 0 1 0 0 0 1 0 
4 0 1 0 0 0 1 0 0 0 
3 0 0 0 0 1 0 1 0 0 
2 0 0 1 0 1 1 1 1 0 
3 1 0 1 0 0 1 1 0 0 
3 1 1 0 1 1 0 0 1 0 
3 0 1 0 1 1 0 1 1 0 
3 0 0 0 1 1 0 1 1 1 
1 0 0 0 1 0 0 0 0 1 
2 0 1 1 1 1 0 0 1 0 
2 1 0 0 0 0 0 0 1 0 
5 0 1 0 1 1 0 0 0 1 
3 1 0 0 0 1 1 1 0 0 
3 1 1 1 1 1 0 1 1 0 
2 1 0 1 1 0 0 0 0 1 
2 0 0 0 1 0 0 0 0 0 
0 0 0 1 0 1 0 1 1 0 
2 0 0 1 0 1 0 0 1 0 
3 1 0 1 0 0 0 0 0 0 
3 0 0 1 0 0 0 1 0 0 
3 0 0 0 1 1 0 0 0 0 
0 1 0 1 0 1 1 1 0 1 
2 0 1 0 0 1 1 0 1 1 
1 0 0 1 0 1 0 0 0 0 
4 0 0 0 1 0 0 0 1 1 
5 0 0 0 0 1 1 1 1 1 
2 0 0 1 1 1 0 0 0 0 
1 1 1 1 0 1 1 0 1 1 
2 0 0 1 0 0 0 1 1 0 
2 0 1 1 0 0 1 0 0 0 
0 0 1 1 0 0 0 0 0 1 
2 0 0 0 1 1 1 0 0 0 
4 0 0 1 1 1 1 0 0 0 
5 0 1 1 0 0 0 1 1 0 
2 0 1 1 1 0 0 0 0 0 
3 0 0 1 0 1 1 1 0 0 
3 1 1 1 1 1 1 0 1 0 
4 1 1 0 1 1 1 0 1 0 
3 1 0 1 0 1 0 1 0 0 
5 0 0 1 0 1 0 0 0 0 
3 0 1 1 1 1 0 1 0 0 
4 1 1 0 1 0 0 0 0 0 
4 0 0 0 0 0 0 0 1 0 
5 1 0 0 0 1 1 1 0 0 
4 0 1 1 0 1 0 1 1 1 
2 1 0 0 1 1 0 0 0 0 
2 0 0 1 0 0 0 0 0 0 
2 1 0 0 0 1 1 1 0 1 
2 0 1 1 1 0 0 1 1 0 
3 0 0 0 0 1 1 1 0 0 
3 0 0 0 0 1 1 1 0 1 
2 0 0 1 0 1 1 0 0 0 
3 1 0 0 1 1 1 0 1 0 
3 0 1 1 1 1 0 1 1 1 
3 0 1 1 1 1 0 1 1 0 
2 1 0 1 0 0 1 0 0 0 
0 0 0 0 0 0 1 1 0 0 
2 0 0 1 0 0 1 1 0 0 
2 0 1 1 0 0 0 0 1 0 
2 0 0 0 1 1 0 0 1 0 
3 0 1 1 0 1 0 1 1 0 
3 1 1 0 0 1 1 0 1 0 
2 1 0 1 0 1 0 1 1 0 
3 0 0 1 0 1 0 1 1 0 
4 1 0 1 0 0 0 1 0 0 
3 0 0 0 0 1 1 1 1 0 
0 1 1 0 1 1 0 0 1 0 
1 0 1 0 0 1 0 1 0 1 
3 0 1 1 0 0 1 0 0 1 
3 0 0 1 0 0 1 0 0 0 
0 1 0 0 1 0 1 0 0 1 
0 0 0 0 0 0 0 0 0 0 
2 0 0 1 1 1 0 1 1 0 
1 0 0 0 1 0 1 0 1 0 
3 1 0 1 1 0 0 1 0 0 
2 0 0 0 1 1 0 0 0 0 
2 0 0 0 1 1 0 0 0 1 
2 0 0 0 0 0 1 0 0 0 
2 0 1 1 1 0 0 0 1 0 
2 0 1 1 1 0 0 0 1 1 
3 0 1 0 0 1 1 1 0 0 
1 0 1 0 1 1 1 1 0 0 
2 0 0 1 1 0 1 0 0 0 
4 1 0 0 0 0 1 1 1 1 
2 0 1 1 0 1 0 1 1 0 
3 1 1 1 0 0 0 1 0 0 
3 0 0 0 0 1 1 0 0 0 
4 1 0 1 1 0 0 1 0 0 
3 0 0 1 1 1 0 1 1 0 
4 0 0 0 0 0 0 0 0 0 
3 1 1 0 1 1 1 0 1 1 
3 0 1 1 1 1 0 0 1 0 
3 1 1 0 1 1 1 0 1 0 
3 1 0 0 0 0 0 0 1 1 
3 0 1 1 1 0 0 0 1 0 
2 0 0 1 0 0 1 0 0 0 
2 0 0 1 0 0 1 0 0 1 
2 0 0 1 0 1 0 1 1 0 
3 1 0 1 0 0 0 1 0 0 
5 1 0 0 0 0 0 0 0 0 
4 0 0 0 0 1 1 1 0 0 
2 0 0 1 0 1 0 1 1 1 
3 1 0 1 0 0 0 1 0 1 
2 0 1 1 1 0 1 0 1 0 
4 0 1 1 1 1 0 1 1 0 
3 0 0 0 1 0 0 0 0 0 
5 1 1 0 1 0 1 1 0 0 
2 1 1 0 1 0 1 1 0 0 
3 0 1 1 1 1 1 1 1 0 
3 1 0 1 0 0 0 1 1 0 
3 1 1 0 1 1 1 0 0 0 
2 0 0 0 0 1 0 1 1 0 
3 0 0 0 1 1 1 1 0 0 
3 1 0 0 0 0 0 1 0 0 
0 0 1 1 1 0 1 1 1 1 
2 0 1 0 1 1 0 0 0 0 
4 1 0 0 0 1 0 0 0 1 
2 0 0 1 0 0 1 0 1 0 
2 0 0 0 1 1 0 1 0 0 
2 1 1 1 1 0 0 0 1 0 
2 0 0 1 0 1 0 1 0 0 
1 1 1 0 0 0 0 1 1 1 
2 0 0 1 1 0 0 0 1 0 
3 0 1 0 1 1 1 0 1 0 
3 1 1 0 1 1 1 1 1 0 
2 0 0 0 0 1 0 0 0 0 
MFS
[ 3 , - , - , - , - , 1 , - , - , - , 0 ]
[ 3 , - , - , - , - , - , - , - , - , 0 ]
[ - , - , - , - , - , - , - , - , - , 0 ]
[ - , - , - , - , - , 1 , - , - , - , 0 ]
[ - , - , - , 1 , - , - , - , - , - , 0 ]
[ 3 , - , - , 1 , - , - , - , - , - , 0 ]
precise
0.3333333333333333
recall
0.5
F-measure
0.4
accurate
0.7222222222222222
accurate_oppsite
0.8333333333333333
regaular Num: 49
identify Num: 40
testCase Num: 89
2 1 1 1 0 0 0 1 1 0 
2 0 0 1 1 1 1 1 1 0 
1 0 1 0 0 1 1 0 0 0 
5 1 0 1 0 0 0 1 1 1 
4 0 0 1 0 1 0 0 0 0 
2 0 1 1 0 0 0 0 1 0 
0 0 0 1 1 1 0 1 1 1 
2 0 0 1 0 1 1 1 0 0 
2 0 0 0 1 1 1 1 0 0 
3 0 0 0 1 0 1 1 1 0 
2 0 0 0 0 0 0 0 0 0 
0 0 1 1 0 0 0 1 0 1 
3 0 0 1 0 1 1 0 0 0 
5 0 1 0 1 1 0 0 1 0 
1 0 0 0 1 1 0 1 1 1 
4 1 0 0 1 1 0 1 0 0 
0 1 0 0 0 1 0 1 1 0 
3 0 0 1 0 1 0 1 0 0 
3 0 0 0 0 1 1 1 1 0 
3 0 1 1 0 1 0 1 0 1 
5 1 0 1 1 0 0 0 0 1 
3 1 0 1 0 1 0 0 0 0 
3 0 0 1 1 1 0 0 0 0 
3 0 1 1 0 0 0 1 1 0 
3 0 0 1 0 0 0 1 1 1 
2 0 0 1 1 1 1 1 0 1 
3 0 0 0 1 1 0 1 1 0 
5 0 0 0 1 0 1 1 0 0 
2 0 1 1 1 1 1 1 0 0 
0 0 0 0 0 0 0 0 0 0 
2 0 0 1 1 1 1 0 0 0 
0 0 0 0 1 0 1 0 0 1 
2 1 1 1 0 1 0 0 0 1 
3 0 1 1 0 1 0 0 0 0 
2 1 1 0 1 0 0 0 0 1 
1 1 0 0 1 1 0 0 0 1 
2 0 0 0 0 0 0 1 0 1 
1 1 1 1 1 0 1 1 1 0 
4 1 1 0 0 0 1 0 1 0 
2 0 1 1 0 1 0 1 1 0 
5 1 1 1 0 1 1 0 0 1 
3 1 0 0 1 1 1 1 1 0 
2 1 0 0 0 1 1 0 1 1 
3 0 1 0 1 1 1 1 1 0 
0 1 1 1 0 1 1 0 0 0 
3 0 0 0 1 1 1 0 1 0 
2 0 0 1 1 1 0 1 0 0 
4 0 0 0 1 0 0 0 1 0 
5 0 1 0 0 1 0 1 0 1 
0 1 1 0 1 0 1 1 1 1 
3 1 0 1 1 0 1 0 0 1 
3 0 1 0 0 0 1 0 0 0 
2 0 1 1 0 0 0 1 1 1 
2 0 1 1 0 0 0 1 1 0 
2 0 0 1 0 0 0 1 1 0 
3 0 1 0 1 0 0 0 0 0 
5 1 1 0 0 0 0 0 0 0 
3 0 0 1 0 1 0 0 1 0 
3 1 0 0 0 1 1 1 0 1 
3 0 0 1 0 1 0 0 0 1 
4 0 0 0 1 1 1 1 1 0 
4 1 1 0 1 1 0 0 0 1 
1 0 1 0 0 0 1 1 0 1 
3 0 0 0 0 1 0 0 0 0 
1 0 0 1 1 0 1 0 0 1 
3 0 0 1 1 1 1 1 1 0 
3 0 0 0 1 1 1 1 0 0 
4 0 0 1 1 0 1 0 0 1 
1 0 0 1 0 1 0 0 1 0 
5 0 0 1 0 1 1 0 1 0 
4 1 0 1 0 1 1 1 0 0 
4 0 1 1 0 1 0 1 1 1 
2 0 0 1 1 1 1 1 0 0 
2 1 0 1 1 1 1 1 0 0 
2 0 1 1 0 0 0 1 0 0 
2 0 1 1 0 0 1 1 1 0 
2 0 1 0 0 0 0 1 1 0 
0 0 0 0 1 0 0 0 1 0 
2 0 1 1 1 0 0 1 1 0 
3 0 0 1 0 1 0 0 0 0 
1 1 1 0 0 0 0 0 0 0 
2 0 0 1 1 0 1 1 0 0 
2 1 1 0 1 0 1 1 1 0 
3 0 0 1 1 1 1 1 0 0 
4 0 0 0 0 0 0 1 0 0 
3 0 0 0 1 1 1 1 1 0 
3 0 0 1 0 0 0 0 0 0 
3 0 0 0 1 1 1 1 1 1 
3 1 1 0 0 0 0 0 1 0 
MFS
[ 3 , - , - , - , - , - , - , - , - , 0 ]
[ 3 , - , - , - , - , 1 , - , - , - , 0 ]
[ - , - , - , - , - , - , - , - , - , 0 ]
[ - , - , - , 1 , - , - , - , - , - , 0 ]
precise
0.25
recall
0.25
F-measure
0.25
accurate
0.6666666666666666
accurate_oppsite
0.7499999999999999
regaular Num: 51
identify Num: 70
testCase Num: 121
3 1 0 1 1 0 1 1 0 0 
2 1 1 0 0 1 0 1 0 0 
2 1 1 1 1 0 0 0 0 0 
4 0 1 0 0 1 0 1 1 0 
2 1 0 1 0 1 1 0 0 0 
2 0 1 1 1 0 0 1 0 0 
3 1 1 0 0 1 0 0 0 0 
2 1 1 1 0 1 1 0 1 0 
2 1 0 1 0 1 1 0 1 0 
3 0 1 0 0 1 0 1 0 0 
3 1 1 1 0 0 0 0 1 0 
2 0 0 0 1 0 0 0 1 0 
3 1 0 0 1 1 1 1 0 0 
3 0 1 0 1 1 0 1 1 0 
2 1 1 1 0 0 0 1 0 0 
2 1 1 0 1 1 0 0 0 0 
5 0 0 0 0 1 0 0 1 0 
3 1 0 1 0 1 1 0 1 0 
2 1 1 1 1 0 0 1 1 0 
0 0 0 1 1 1 0 0 0 0 
0 1 1 1 0 0 1 0 0 0 
2 1 0 1 0 1 1 1 1 0 
2 1 0 1 1 0 0 0 1 0 
3 1 1 0 0 1 0 1 1 0 
2 0 0 1 1 0 0 1 1 0 
1 0 0 0 1 1 1 0 0 0 
2 1 1 1 1 0 0 1 0 1 
5 1 0 0 1 0 0 0 0 1 
3 0 0 0 0 1 0 1 1 0 
2 1 0 1 1 1 1 0 1 0 
4 0 0 0 0 0 1 0 1 0 
3 1 1 0 0 0 1 0 0 1 
5 0 1 1 1 1 0 0 0 0 
2 1 1 1 1 1 0 1 0 0 
3 0 1 0 0 0 0 1 1 0 
4 1 0 0 0 1 1 0 0 0 
3 0 0 1 1 0 0 0 1 0 
3 0 0 1 1 0 0 0 1 1 
0 1 0 0 1 0 1 1 1 0 
2 1 0 0 0 1 0 0 0 0 
2 1 1 0 0 0 0 0 0 0 
3 1 1 1 0 1 0 1 1 0 
2 0 0 0 0 0 1 1 1 0 
3 0 1 0 1 0 1 0 1 0 
4 1 0 1 1 1 1 1 0 0 
2 1 1 1 1 0 0 1 0 0 
2 1 0 1 0 1 0 0 1 0 
1 1 1 0 0 0 1 0 0 0 
3 0 1 1 0 1 0 0 1 0 
2 0 0 1 1 0 1 0 1 0 
3 0 0 0 0 1 0 0 0 1 
2 0 0 1 0 1 1 0 1 0 
1 1 0 1 1 1 0 0 0 0 
5 1 0 0 0 1 1 1 0 1 
5 1 1 1 0 0 0 1 0 0 
0 0 1 0 0 0 0 0 0 1 
3 0 0 0 0 0 0 1 0 1 
3 0 0 0 0 0 0 1 0 0 
2 0 0 1 1 1 0 0 1 0 
3 1 1 1 0 1 0 0 0 0 
2 1 0 1 1 0 1 0 0 1 
3 1 1 0 0 1 0 0 1 0 
2 1 1 0 1 0 0 1 0 0 
3 1 0 1 1 1 1 0 0 0 
1 0 0 0 0 0 1 0 1 0 
2 0 0 1 0 0 0 0 1 0 
3 1 1 1 0 1 0 0 1 1 
2 0 1 0 0 0 1 0 1 1 
3 1 1 1 0 1 0 0 1 0 
3 1 0 1 0 1 0 0 1 0 
5 0 0 0 0 0 0 0 0 0 
3 1 0 1 1 1 1 1 0 1 
3 0 1 1 0 1 0 1 1 0 
4 0 0 1 1 1 0 0 1 1 
4 1 1 0 0 0 0 0 1 1 
3 0 1 0 0 1 1 1 1 0 
0 0 1 1 1 1 1 0 1 1 
3 1 0 1 1 1 1 1 1 0 
2 1 1 0 0 1 1 0 0 0 
0 0 0 0 0 0 0 0 0 0 
2 1 0 1 0 0 1 0 1 0 
4 0 0 1 0 1 0 1 1 0 
2 0 1 1 1 0 0 0 1 0 
2 1 1 1 0 1 0 0 0 0 
3 0 1 0 0 1 0 0 1 0 
4 0 1 0 1 1 1 0 0 0 
3 1 0 1 1 1 1 1 0 0 
2 1 0 0 0 1 1 0 1 0 
2 0 1 0 0 1 0 0 0 0 
5 0 1 1 0 0 1 0 0 1 
5 1 0 1 0 0 0 0 1 1 
2 1 1 0 0 1 0 0 0 1 
0 0 0 0 0 1 0 1 1 1 
2 0 0 1 1 0 0 0 0 0 
1 0 1 1 0 0 1 1 0 1 
1 1 1 0 1 1 0 1 1 1 
4 0 1 1 0 0 0 1 0 0 
2 0 0 0 1 1 0 1 0 1 
4 1 0 1 1 0 1 1 0 1 
2 1 1 0 0 1 0 0 1 0 
4 1 1 1 0 1 0 0 1 0 
0 1 1 1 0 1 0 1 0 1 
1 0 0 1 0 1 0 0 1 1 
1 0 0 0 1 0 0 1 0 0 
3 1 1 1 1 0 0 1 0 0 
3 1 1 1 0 1 1 0 1 0 
3 1 0 1 1 1 0 1 0 0 
2 1 1 1 1 0 1 1 0 0 
2 1 0 1 0 1 1 0 1 1 
3 0 1 0 0 1 0 1 1 0 
3 1 1 1 1 1 0 0 1 0 
2 0 0 1 1 0 0 0 1 1 
2 0 0 1 1 0 0 0 1 0 
3 1 1 1 1 1 1 1 0 0 
3 0 1 0 0 1 0 1 1 1 
2 1 0 1 1 0 0 1 0 0 
3 1 0 1 0 1 1 1 0 0 
2 1 1 0 0 1 0 0 0 0 
3 0 0 1 1 1 1 1 0 0 
4 0 0 0 0 0 0 1 0 0 
5 0 1 0 1 0 1 1 1 0 
MFS
[ 3 , - , - , - , - , - , - , - , - , 0 ]
[ 3 , - , - , - , - , 1 , - , - , - , 0 ]
[ - , - , - , - , - , - , - , - , - , 0 ]
[ - , - , - , - , - , 1 , - , - , - , 0 ]
[ - , - , - , 1 , - , - , - , - , - , 0 ]
precise
0.2
recall
0.25
F-measure
0.22222222222222224
accurate
0.6666666666666666
accurate_oppsite
0.7499999999999999
regaular Num: 52
identify Num: 70
testCase Num: 122
3 0 0 0 0 0 0 0 1 1 
2 1 1 0 1 1 0 1 1 0 
3 0 1 0 0 0 0 0 1 0 
4 1 1 0 0 1 0 0 1 0 
2 1 1 0 0 1 0 1 0 0 
4 0 1 0 0 1 0 1 1 0 
0 0 1 1 1 1 0 1 1 1 
2 0 0 0 0 0 0 0 0 0 
2 0 1 1 1 0 0 1 0 0 
0 0 0 0 0 1 0 0 1 0 
3 1 1 0 0 1 0 0 0 0 
1 0 0 1 0 0 1 0 0 1 
1 0 0 1 1 1 0 0 0 1 
4 0 1 0 0 0 1 0 0 0 
2 0 0 0 1 0 0 0 1 0 
3 1 1 1 0 0 0 0 1 0 
2 0 1 0 1 0 1 1 0 0 
1 0 0 0 0 1 1 1 1 1 
3 0 1 1 0 0 0 1 1 0 
3 1 1 0 1 1 0 0 1 0 
2 1 0 0 1 1 0 1 0 0 
2 1 1 0 1 1 0 1 0 1 
1 0 1 0 1 0 0 0 0 0 
2 0 1 1 1 1 1 1 0 0 
0 1 0 1 1 0 0 1 0 0 
2 1 1 0 1 1 0 0 0 0 
3 0 0 1 1 0 0 0 0 0 
2 0 1 0 1 1 0 1 0 0 
2 0 0 1 0 1 0 0 0 0 
2 0 0 0 1 1 1 0 1 0 
2 1 0 1 0 1 1 1 1 1 
3 1 1 0 0 1 0 1 1 0 
3 1 0 0 0 1 0 0 1 0 
4 1 0 0 1 1 1 0 0 0 
4 0 1 1 0 0 0 0 1 0 
3 0 1 1 0 0 0 0 0 0 
5 0 0 1 0 1 0 1 1 1 
3 0 0 1 1 1 1 0 0 0 
2 1 1 1 1 1 0 1 0 0 
2 1 1 0 1 1 1 1 0 0 
3 0 0 1 1 0 1 1 0 0 
2 1 0 0 1 1 0 0 1 0 
2 1 1 0 0 0 0 0 0 1 
3 1 0 0 1 0 1 1 1 0 
1 1 1 0 1 1 1 0 1 1 
3 0 1 1 0 1 0 0 1 0 
3 1 0 1 0 1 0 1 0 1 
2 0 0 1 0 0 0 1 0 0 
2 0 0 1 1 1 0 0 1 0 
2 0 0 1 0 0 0 0 0 0 
5 0 1 0 0 0 0 0 1 0 
3 0 0 0 1 0 1 0 0 0 
3 1 1 0 0 1 0 0 1 0 
1 1 0 0 0 0 1 1 0 0 
3 1 1 0 0 1 0 0 1 1 
2 1 1 0 1 0 0 1 0 0 
5 1 0 1 1 0 0 0 1 0 
3 1 1 0 1 1 0 1 0 0 
3 0 1 1 1 0 1 0 0 0 
3 0 0 1 1 0 1 0 0 0 
2 0 1 0 1 1 0 0 1 0 
2 0 0 1 0 0 0 0 1 0 
3 0 0 1 1 0 1 0 0 1 
2 0 1 1 0 0 1 1 0 0 
2 0 0 0 1 1 0 0 1 1 
3 1 1 1 0 1 0 0 1 0 
2 0 0 0 1 1 0 0 1 0 
5 0 0 0 0 0 0 0 0 0 
2 0 1 1 1 0 1 1 1 0 
4 1 1 1 0 0 0 1 0 1 
3 1 1 0 0 1 1 0 1 0 
3 0 1 0 1 0 0 1 0 1 
4 1 0 0 0 0 0 0 1 0 
3 0 0 1 0 0 1 0 0 0 
2 0 0 1 0 0 0 0 0 1 
2 0 0 0 0 1 0 0 1 0 
3 0 1 0 1 1 1 0 0 1 
5 0 1 1 1 1 1 0 0 1 
0 0 0 0 0 0 0 0 0 0 
3 0 0 1 1 0 1 0 1 0 
2 0 1 1 0 0 0 0 0 0 
0 1 0 0 0 0 1 1 1 1 
4 0 0 0 1 0 0 1 0 0 
2 0 0 0 1 1 0 0 0 0 
2 0 1 1 1 0 1 1 0 0 
1 0 1 1 0 0 0 1 1 0 
2 0 1 1 1 0 1 1 0 1 
3 0 1 0 0 1 0 0 1 0 
4 0 0 1 1 0 1 0 1 1 
0 1 1 1 0 1 1 0 0 0 
4 0 0 0 0 0 0 0 0 0 
3 0 1 1 0 0 1 0 1 0 
3 1 0 1 1 0 1 0 0 0 
3 0 0 0 0 0 1 0 0 0 
1 1 0 1 0 1 0 0 0 0 
3 0 1 1 1 0 0 0 1 0 
2 0 0 1 0 0 1 0 0 0 
3 0 1 1 1 0 1 1 0 0 
2 0 0 0 1 1 0 1 1 0 
5 1 0 0 0 0 0 0 0 1 
5 0 0 0 0 0 1 1 1 1 
4 0 0 0 0 1 1 1 0 1 
5 1 1 0 1 0 1 1 0 0 
2 0 0 1 1 0 0 0 0 0 
3 0 1 1 0 0 0 0 1 0 
4 0 0 1 1 0 1 0 0 0 
3 0 1 1 0 0 0 0 1 1 
3 0 0 0 1 1 0 0 1 0 
3 0 0 1 0 0 0 0 1 0 
2 1 0 1 0 0 0 0 0 0 
1 0 0 0 1 0 0 1 0 0 
2 1 1 0 1 1 0 1 0 0 
0 0 1 0 1 0 1 0 0 1 
2 1 1 1 1 0 1 1 0 0 
2 0 1 1 1 0 1 0 0 0 
4 0 1 1 1 1 0 0 0 0 
2 0 1 0 1 0 1 0 1 1 
2 0 0 1 1 0 1 1 0 0 
1 0 0 0 0 0 0 0 0 0 
5 1 1 0 0 1 0 1 0 0 
3 0 0 1 0 0 0 0 0 0 
3 1 1 0 0 0 0 0 1 0 
MFS
[ 3 , - , - , - , - , 1 , - , - , - , 0 ]
[ - , - , - , - , - , 1 , - , - , - , 0 ]
[ 3 , - , - , 1 , - , - , - , - , - , 0 ]
[ - , - , - , 1 , - , - , - , - , - , 0 ]
precise
0.5
recall
0.5
F-measure
0.5
accurate
0.8333333333333333
accurate_oppsite
0.8333333333333333
regaular Num: 49
identify Num: 49
testCase Num: 98
1 0 0 0 1 0 0 1 1 0 
3 1 0 1 1 0 0 0 1 1 
5 1 0 0 1 1 1 0 0 0 
3 0 1 1 1 0 0 1 1 0 
0 0 0 1 0 0 1 1 1 1 
5 0 1 0 0 0 1 0 1 1 
3 0 1 0 1 0 1 1 1 0 
2 0 1 1 1 0 0 1 0 0 
3 1 0 0 0 1 0 0 0 0 
3 0 0 0 0 1 0 1 0 0 
2 0 1 0 1 0 1 1 0 0 
2 0 1 1 0 1 1 1 1 0 
2 1 0 0 0 0 1 1 0 1 
3 1 0 0 1 1 0 0 1 0 
4 1 0 1 1 0 1 0 0 1 
3 0 0 0 1 1 0 1 1 0 
1 0 0 0 1 0 0 0 0 1 
2 0 1 1 1 1 1 1 0 0 
4 0 1 0 1 0 1 0 1 0 
5 1 0 1 0 0 1 1 1 1 
3 0 0 0 1 0 0 0 1 0 
4 1 0 1 0 0 1 1 0 0 
3 1 0 0 0 1 1 1 0 0 
4 0 0 0 1 1 0 0 1 0 
2 0 0 0 1 0 0 0 0 0 
4 0 1 1 1 0 1 1 1 0 
2 1 0 1 1 1 1 0 1 1 
3 0 0 0 1 1 0 0 0 0 
2 1 1 0 0 0 0 0 0 0 
1 0 0 1 1 1 1 0 0 0 
0 1 1 1 1 1 0 1 1 0 
3 1 0 1 0 1 0 1 0 0 
1 0 0 0 0 1 0 0 0 1 
3 0 1 0 1 1 0 0 1 0 
2 0 1 0 0 1 0 1 1 0 
3 0 1 1 1 0 1 0 1 0 
3 1 1 1 1 0 1 1 1 0 
3 0 0 1 1 0 1 1 1 0 
2 1 0 0 0 0 0 1 1 0 
5 0 0 1 0 0 0 1 0 0 
3 1 0 0 0 1 0 1 0 1 
3 1 0 0 0 1 0 1 0 0 
3 0 1 0 0 1 1 0 0 1 
3 1 0 0 0 1 0 1 1 0 
4 1 0 0 0 0 0 0 0 0 
3 0 0 0 0 1 0 0 1 0 
5 0 1 0 1 0 0 1 0 1 
2 0 1 1 0 0 1 1 0 0 
2 0 1 1 1 0 1 1 1 0 
3 0 1 1 0 1 0 1 1 0 
2 1 1 1 0 1 0 1 1 0 
0 1 1 1 0 0 0 0 0 1 
1 0 1 1 1 0 1 1 0 0 
0 0 0 0 0 0 0 0 0 0 
3 0 1 1 1 0 1 1 1 0 
3 0 1 1 1 0 1 1 1 1 
4 1 0 0 0 1 0 1 0 0 
2 0 1 1 0 1 0 1 0 0 
5 1 1 1 1 0 0 0 1 0 
2 0 1 1 1 0 1 1 0 0 
2 0 1 1 1 0 1 1 0 1 
4 0 1 0 0 0 0 1 0 0 
2 0 1 1 0 1 0 1 1 0 
1 1 1 1 0 0 0 0 0 1 
3 0 0 0 1 1 1 0 1 0 
3 1 0 0 1 1 0 1 0 0 
2 0 1 0 0 1 0 0 0 1 
5 0 1 1 0 1 0 0 1 0 
5 0 0 0 0 1 0 1 0 1 
2 0 1 1 0 0 0 1 1 0 
4 0 0 1 0 1 1 1 1 0 
3 0 1 1 1 0 1 1 0 0 
2 0 0 1 0 1 0 1 1 0 
2 0 1 1 0 1 0 1 1 1 
3 0 0 0 1 0 0 0 0 0 
3 1 1 0 0 1 0 1 0 0 
3 0 1 1 1 1 1 1 1 0 
1 1 0 1 1 0 0 0 1 0 
4 0 0 0 1 1 0 1 0 1 
3 0 0 0 1 1 0 0 1 0 
3 0 0 0 1 1 0 0 1 1 
1 1 1 0 0 1 1 1 1 1 
4 1 1 1 0 1 0 0 1 1 
3 1 0 0 0 0 0 1 0 0 
2 0 1 1 1 1 0 1 1 0 
0 1 1 0 1 1 1 0 0 1 
2 1 1 1 1 0 1 1 0 0 
2 0 1 1 1 0 1 0 0 0 
0 0 1 0 0 1 0 0 1 0 
2 0 0 1 1 0 1 1 0 0 
1 0 0 0 0 0 0 0 0 0 
3 1 0 1 0 1 1 1 0 1 
2 0 1 1 0 1 0 0 1 0 
3 0 1 1 0 0 1 1 1 0 
0 0 0 0 1 1 1 0 1 0 
0 1 0 0 1 0 0 1 0 0 
3 0 0 1 1 1 0 0 1 0 
3 1 1 0 0 0 0 0 1 0 
MFS
[ 3 , - , - , - , - , 1 , - , - , - , 0 ]
[ - , - , - , - , - , - , - , - , - , 0 ]
[ 3 , - , - , 1 , - , - , - , - , - , 0 ]
[ - , - , - , 1 , - , - , - , - , - , 0 ]
precise
0.5
recall
0.5
F-measure
0.5
accurate
0.7499999999999999
accurate_oppsite
0.8333333333333333
regaular Num: 51
identify Num: 79
testCase Num: 130
2 1 1 1 0 0 0 1 1 0 
3 1 0 1 1 0 0 0 1 0 
3 0 0 1 0 0 0 1 0 1 
4 1 1 0 0 1 0 0 1 0 
0 0 0 1 1 1 0 1 1 0 
3 0 0 1 0 1 1 0 0 0 
3 0 0 1 0 1 1 0 0 1 
3 0 1 1 0 1 1 0 0 0 
2 0 1 1 1 0 0 1 0 0 
5 1 1 0 1 0 0 1 1 0 
3 0 1 0 0 1 0 1 0 0 
3 0 1 0 0 1 0 1 0 1 
3 0 0 0 0 1 0 1 0 0 
3 1 1 1 0 0 0 0 1 0 
4 0 0 0 1 1 0 0 0 0 
2 0 1 0 1 0 1 1 0 0 
3 0 0 1 0 0 0 1 1 0 
1 0 0 0 1 0 0 0 0 1 
2 0 1 1 1 1 1 1 0 0 
3 0 0 0 0 0 0 0 0 1 
3 1 1 1 1 0 0 0 0 0 
3 0 0 1 1 0 0 0 0 0 
2 1 0 0 0 0 0 0 1 0 
4 0 0 1 0 1 1 0 0 0 
0 1 0 0 1 1 1 0 0 0 
2 0 0 0 0 0 0 1 1 0 
4 0 1 0 0 1 0 1 0 0 
1 1 0 1 0 0 0 1 0 1 
3 1 0 1 0 0 0 0 0 0 
1 1 1 1 1 1 0 0 1 1 
4 0 1 1 1 0 1 1 1 0 
3 0 0 1 1 1 1 0 0 0 
3 0 0 1 0 0 0 1 0 0 
3 0 1 0 1 1 0 1 0 0 
2 1 0 1 1 1 1 0 1 1 
3 0 0 0 1 1 0 0 0 0 
3 0 0 0 1 1 0 0 0 1 
2 1 1 1 0 0 0 0 1 1 
2 1 1 1 0 0 0 0 1 0 
0 0 1 0 0 0 0 1 1 1 
2 0 1 0 0 1 0 1 0 1 
2 0 0 0 1 1 1 0 0 0 
3 0 0 1 0 1 1 1 0 0 
1 1 1 0 0 0 1 0 0 1 
5 0 0 0 1 1 0 1 1 1 
3 0 0 0 0 1 0 0 0 0 
0 1 1 0 0 1 1 1 0 1 
5 0 1 1 0 1 1 0 1 0 
2 0 0 0 0 1 1 0 0 0 
5 0 0 0 1 0 1 0 0 0 
0 1 1 1 1 0 1 0 1 1 
5 1 0 0 0 1 1 1 0 1 
2 0 0 0 0 1 1 0 0 1 
2 1 1 1 0 0 0 0 0 0 
3 0 1 1 1 0 1 0 1 1 
3 1 0 1 1 0 0 0 0 0 
1 0 0 0 1 0 1 1 1 0 
3 0 0 0 0 0 0 1 0 0 
3 1 0 1 1 0 0 0 0 1 
2 1 1 0 0 0 0 0 1 0 
4 1 0 1 1 1 0 0 0 0 
4 0 0 0 0 1 0 1 0 0 
3 0 0 1 0 1 0 0 0 0 
4 1 0 1 0 0 0 1 0 1 
4 0 0 0 1 1 1 0 0 1 
2 0 0 1 0 1 1 0 0 0 
3 0 1 1 0 0 0 1 0 0 
1 0 0 1 0 1 0 1 0 0 
3 0 1 0 1 1 0 0 0 0 
1 1 1 0 0 1 0 1 1 0 
3 0 0 0 1 1 0 1 0 0 
2 0 0 0 0 1 1 0 1 0 
2 0 1 1 0 0 1 1 0 0 
2 0 1 1 0 0 0 0 1 0 
3 1 0 0 1 0 0 0 0 0 
2 0 1 1 1 0 1 1 1 0 
2 1 0 0 1 0 0 1 0 1 
0 1 1 1 0 0 0 0 0 0 
3 0 0 1 0 1 0 1 0 0 
3 0 0 1 1 1 0 0 0 0 
3 0 0 1 0 0 1 0 0 0 
2 1 0 0 0 1 1 0 0 0 
3 0 0 0 1 1 1 0 0 0 
2 1 1 1 0 0 1 0 1 0 
2 0 0 0 0 1 1 1 0 0 
3 1 1 0 0 0 0 0 0 0 
0 0 0 0 0 0 0 0 0 0 
3 0 1 0 0 0 0 1 0 0 
3 1 0 1 1 0 0 1 0 0 
2 0 0 0 0 0 1 0 0 0 
2 0 1 1 1 0 1 1 0 0 
2 0 1 1 1 0 1 1 0 1 
3 0 1 0 0 1 1 1 0 0 
2 1 1 1 0 1 0 0 1 0 
4 1 0 0 0 0 1 1 1 1 
3 0 0 0 0 1 1 0 0 0 
3 1 0 1 1 0 1 0 0 0 
5 1 1 1 0 0 1 1 0 1 
0 0 0 0 0 0 1 0 0 1 
2 1 0 1 0 0 0 0 1 0 
3 0 1 1 1 0 1 1 0 0 
5 1 0 0 0 0 0 0 0 0 
3 1 0 1 0 0 0 1 0 0 
3 1 0 1 0 1 1 0 0 0 
3 1 1 0 0 1 0 1 0 0 
3 0 0 0 1 0 0 0 0 0 
3 1 0 0 0 1 1 1 1 1 
3 0 1 0 0 1 0 0 0 0 
4 0 0 1 0 0 0 1 0 0 
3 1 0 1 1 1 0 0 0 0 
5 0 0 1 1 0 0 0 0 1 
3 0 0 1 0 0 1 1 0 0 
3 0 0 0 1 1 0 0 1 0 
2 0 1 0 0 1 1 0 0 0 
1 0 1 1 0 1 1 0 0 0 
3 0 0 1 1 0 0 1 0 0 
2 1 1 1 1 0 0 0 1 0 
2 1 1 1 1 0 1 1 0 0 
2 0 1 1 1 0 1 0 0 0 
3 0 1 1 0 1 0 1 0 0 
3 0 0 0 1 0 0 1 1 0 
3 0 0 1 0 1 1 0 1 0 
3 0 1 0 0 1 0 1 1 0 
2 0 0 1 1 0 1 1 0 0 
4 0 1 0 0 0 0 0 0 0 
4 0 1 0 0 0 0 0 0 1 
3 1 0 0 1 1 0 0 0 0 
4 1 0 1 1 0 0 0 0 0 
3 0 0 1 0 0 0 0 0 0 
2 0 0 0 0 1 0 0 0 0 
MFS
[ 3 , - , - , - , - , - , - , - , - , 0 ]
[ 3 , - , - , - , - , 1 , - , - , - , 0 ]
[ - , - , - , - , - , 1 , - , - , - , 0 ]
[ - , - , - , 1 , - , - , - , - , - , 0 ]
[ 3 , - , - , 1 , - , - , - , - , - , 0 ]
precise
0.4
recall
0.5
F-measure
0.4444444444444445
accurate
0.7999999999999999
accurate_oppsite
0.8333333333333333
regaular Num: 55
identify Num: 60
testCase Num: 114
5 1 0 1 1 1 0 0 0 0 
3 0 1 1 1 0 0 1 1 0 
2 0 0 1 0 1 0 0 1 1 
2 0 0 0 0 0 0 0 0 0 
3 0 0 1 0 1 1 0 0 0 
2 0 1 1 1 0 0 1 0 0 
0 0 1 0 0 1 1 1 1 0 
3 0 0 0 0 1 0 1 0 0 
1 0 1 0 0 0 0 1 1 0 
3 1 1 1 0 0 1 1 0 0 
3 0 0 1 1 1 1 0 1 0 
1 0 0 1 0 1 0 1 1 1 
2 1 1 1 0 0 0 1 0 0 
0 1 0 1 1 0 0 1 0 1 
5 0 0 0 0 1 0 0 1 0 
5 0 1 0 0 0 1 0 0 0 
3 1 0 1 0 1 1 0 1 0 
4 0 0 0 0 1 0 0 0 1 
2 1 1 1 1 0 0 1 1 0 
0 1 1 1 0 0 1 0 0 0 
3 0 0 0 1 0 1 1 0 1 
2 0 0 1 1 0 0 1 1 0 
4 1 0 0 0 0 0 1 0 0 
3 1 0 1 0 1 1 0 0 1 
3 0 0 1 0 0 0 1 0 0 
2 1 1 1 0 0 1 1 0 0 
1 0 0 0 1 0 0 0 1 1 
3 0 1 0 0 0 0 1 1 0 
2 0 1 0 1 1 1 0 0 0 
4 0 0 1 0 1 0 1 0 0 
0 0 0 0 1 1 0 0 0 1 
2 0 1 0 1 1 1 0 0 1 
2 1 1 0 0 0 0 0 0 1 
3 0 0 0 1 0 1 0 1 0 
2 0 0 0 1 1 1 0 0 0 
5 0 0 1 0 0 0 1 1 1 
3 0 0 1 0 1 1 1 0 0 
2 1 1 1 0 1 1 1 0 0 
3 1 0 1 0 0 1 0 0 0 
2 0 1 0 1 0 0 1 1 0 
3 1 0 1 0 1 0 1 0 0 
3 0 0 1 1 1 0 1 0 0 
1 0 1 1 1 0 1 0 0 0 
1 1 0 1 0 1 1 0 0 0 
0 0 1 0 0 0 0 0 0 1 
2 0 1 1 1 1 1 0 0 0 
2 0 1 0 1 1 1 0 1 0 
2 1 1 0 0 0 1 1 0 0 
0 1 0 0 1 0 1 0 0 0 
2 0 1 1 1 0 0 1 1 0 
1 1 1 0 0 0 1 0 1 1 
3 0 0 1 0 1 0 0 0 0 
2 0 1 1 1 0 0 1 1 1 
5 1 0 0 1 0 1 1 1 0 
4 0 0 1 0 0 0 0 1 0 
4 1 0 0 1 1 0 0 1 0 
3 1 0 1 1 1 1 0 0 0 
3 1 0 0 1 1 1 0 1 0 
2 1 1 0 1 1 1 0 0 0 
2 0 1 1 0 0 1 1 0 0 
2 0 1 0 1 1 1 1 0 0 
2 1 0 0 0 1 1 1 1 1 
5 0 0 0 0 0 0 0 0 0 
2 0 1 1 1 0 1 1 1 0 
3 0 0 1 0 1 0 1 1 0 
3 0 0 1 0 1 0 1 0 1 
4 0 0 0 1 1 1 0 1 0 
3 0 0 1 0 1 0 1 0 0 
2 1 0 0 1 0 0 1 1 1 
3 1 0 1 0 1 0 0 0 0 
3 0 1 0 1 1 1 0 0 0 
3 0 0 0 1 1 1 0 0 0 
4 1 0 1 0 1 1 0 0 0 
0 0 0 0 0 0 0 0 0 0 
1 0 1 0 0 1 0 0 0 0 
2 0 1 1 1 0 0 0 1 0 
4 0 1 0 0 1 1 1 1 0 
0 1 1 1 1 1 1 0 1 1 
5 0 0 1 0 1 1 0 0 1 
4 0 0 0 0 0 0 0 0 0 
3 0 0 0 1 1 1 0 1 0 
3 0 0 0 1 1 1 0 1 1 
4 0 1 1 1 0 0 1 0 1 
2 1 1 1 0 0 1 1 0 1 
2 0 1 1 0 0 0 1 1 0 
3 1 0 1 0 1 1 0 0 0 
3 1 1 1 0 1 1 0 0 0 
1 0 0 0 0 0 0 0 0 1 
2 0 1 0 1 0 1 0 0 0 
1 0 0 0 0 0 1 1 0 0 
3 0 0 0 0 1 1 0 1 0 
4 1 1 0 1 0 1 0 1 1 
3 0 0 0 1 1 0 0 1 0 
2 1 1 1 0 0 1 1 1 0 
2 0 1 0 0 1 1 0 0 0 
2 0 1 1 1 1 0 1 1 0 
2 0 1 0 1 1 0 0 0 0 
0 0 0 1 0 0 0 0 1 1 
2 1 1 1 1 0 1 1 0 0 
4 1 0 1 0 0 1 0 0 1 
3 0 1 1 0 1 0 1 0 0 
3 1 0 0 0 1 1 0 0 0 
1 1 0 0 1 1 0 1 0 0 
3 1 1 1 1 1 0 0 1 1 
5 0 1 1 1 0 0 0 1 0 
3 1 0 1 0 1 1 1 0 0 
3 0 1 0 1 1 1 0 1 0 
5 1 1 0 0 1 0 1 0 1 
3 0 0 1 0 0 0 0 0 1 
3 0 0 0 1 1 1 1 1 0 
3 1 1 0 0 0 1 1 0 0 
5 0 0 0 1 0 0 0 0 1 
2 1 1 1 0 0 1 0 0 0 
2 1 0 1 0 0 1 1 0 0 
MFS
[ 3 , - , - , - , - , - , - , - , - , 0 ]
[ 3 , - , - , - , - , 1 , - , - , - , 0 ]
[ - , - , - , - , - , 1 , - , - , - , 0 ]
[ - , - , - , 1 , - , - , - , - , - , 0 ]
precise
0.25
recall
0.25
F-measure
0.25
accurate
0.7499999999999999
accurate_oppsite
0.7499999999999999
regaular Num: 53
identify Num: 60
testCase Num: 113
1 0 0 0 1 0 0 1 1 0 
4 0 0 0 1 0 1 0 0 0 
2 1 0 0 0 1 0 1 0 0 
4 0 0 0 0 1 0 1 1 0 
4 1 0 1 0 0 1 1 1 1 
3 0 0 1 0 1 1 0 0 0 
2 1 0 1 1 0 0 0 0 0 
3 0 1 1 0 1 1 0 0 1 
3 1 1 0 0 1 0 0 0 1 
0 0 0 0 0 1 0 0 1 1 
3 0 1 1 0 1 1 0 0 0 
2 0 0 1 1 0 0 1 0 0 
3 0 0 0 0 1 0 1 0 0 
2 0 1 0 1 0 1 1 0 0 
3 1 0 1 0 0 0 0 1 0 
2 0 0 1 0 1 1 1 1 0 
2 1 0 1 0 0 0 1 0 1 
3 1 0 0 0 0 1 0 1 0 
2 1 1 0 1 1 0 0 0 1 
3 0 0 1 1 0 0 0 0 0 
3 1 0 1 0 1 1 0 1 0 
2 0 0 0 1 1 1 0 1 0 
3 0 1 1 0 1 1 0 1 0 
4 1 1 0 1 1 1 1 0 1 
2 0 0 0 1 0 0 0 0 0 
2 1 0 1 1 1 1 0 1 0 
4 0 0 1 1 0 0 0 0 0 
4 0 0 0 1 0 0 0 1 1 
2 0 0 1 1 1 0 0 0 0 
2 0 0 1 0 0 0 1 1 0 
2 1 0 0 1 1 0 0 1 0 
3 0 1 0 1 0 1 0 1 1 
2 0 0 0 0 0 1 1 1 0 
5 0 1 0 0 0 1 1 1 1 
5 0 1 0 1 1 1 0 0 0 
3 0 1 1 0 1 1 1 0 0 
2 0 1 1 1 0 0 0 0 0 
0 1 0 1 0 0 1 1 1 1 
5 1 0 0 0 0 1 0 1 0 
1 1 0 0 0 0 1 0 0 0 
3 1 0 1 0 0 1 0 0 0 
0 1 0 0 1 0 1 1 0 0 
3 0 0 0 0 0 0 1 0 0 
0 0 0 0 0 0 0 1 0 1 
2 0 0 1 0 0 0 0 0 0 
2 0 1 1 0 0 1 1 1 0 
0 1 1 0 1 1 0 1 1 1 
2 0 0 0 0 0 0 0 1 0 
5 1 0 0 1 1 0 1 0 0 
4 0 1 0 0 1 0 0 0 0 
5 0 0 1 0 0 0 1 0 0 
4 1 1 1 0 0 0 0 1 0 
5 0 0 1 1 0 1 0 0 0 
3 0 1 0 0 1 1 0 0 0 
2 1 0 0 1 0 1 0 1 0 
1 0 0 0 0 0 1 0 1 1 
3 1 1 1 0 0 1 0 1 0 
3 1 0 1 0 0 1 1 1 0 
5 1 1 1 0 1 0 0 1 1 
3 0 0 1 0 0 1 0 1 0 
3 1 0 0 1 1 1 0 1 0 
1 0 0 1 1 0 0 0 0 0 
2 0 1 0 0 1 0 1 0 0 
2 0 0 1 0 0 1 1 0 0 
2 1 0 0 1 1 1 0 0 0 
5 0 0 0 0 0 0 0 0 1 
1 0 0 0 1 1 0 0 0 0 
2 0 0 1 1 0 1 1 1 0 
1 0 1 0 0 1 0 1 0 1 
3 0 1 1 0 0 1 0 0 0 
2 0 0 0 0 1 1 1 0 0 
5 0 0 0 1 0 0 0 1 1 
0 0 0 0 0 0 0 0 0 0 
2 1 1 0 1 1 1 0 1 0 
2 0 0 1 0 0 1 1 1 0 
2 0 0 1 0 0 1 1 1 1 
2 1 0 0 1 1 1 1 1 0 
2 0 0 0 0 0 1 0 0 1 
1 1 1 1 1 0 1 1 0 1 
3 0 1 1 0 1 0 0 0 0 
2 0 0 1 1 0 1 0 0 0 
0 0 1 1 1 1 1 0 0 0 
3 1 0 1 0 0 1 0 1 0 
3 1 0 1 0 0 1 0 1 1 
2 1 0 0 0 1 1 0 1 0 
3 0 0 1 1 1 0 1 1 1 
3 0 0 1 0 0 1 1 1 0 
2 0 0 0 0 1 0 1 0 0 
2 0 0 0 0 1 0 1 0 1 
3 1 0 0 1 0 0 1 0 0 
3 1 1 1 0 1 1 0 0 0 
2 0 0 0 0 0 0 1 0 0 
4 1 0 1 0 0 1 0 1 0 
2 0 0 1 1 0 0 0 0 1 
2 0 0 1 1 0 0 0 0 0 
2 0 0 0 0 1 0 1 1 0 
4 0 1 1 0 1 1 0 0 0 
2 1 0 1 0 0 1 1 1 0 
3 1 0 1 1 0 1 0 1 0 
1 1 1 1 0 1 0 0 1 0 
4 0 0 1 0 1 1 1 0 0 
2 1 0 0 1 1 1 0 1 1 
2 1 0 0 1 1 1 0 1 0 
2 0 0 1 0 0 1 0 1 0 
3 0 1 0 1 0 1 1 0 0 
2 0 0 1 0 1 0 1 0 0 
2 0 0 0 1 1 0 1 0 0 
0 1 1 1 0 0 0 0 1 0 
2 0 0 1 1 0 0 0 1 0 
3 0 1 1 1 1 1 0 0 0 
2 0 1 1 0 1 0 0 1 1 
1 0 0 0 0 1 1 0 0 1 
2 0 0 0 0 1 0 0 0 0 
MFS
[ 3 , - , - , - , - , - , - , - , - , 0 ]
[ - , - , - , - , - , 1 , - , - , - , 0 ]
[ - , - , - , 1 , - , - , - , - , - , 0 ]
[ 3 , - , - , 1 , - , - , - , - , - , 0 ]
precise
0.25
recall
0.25
F-measure
0.25
accurate
0.75
accurate_oppsite
0.75
regaular Num: 53
identify Num: 79
testCase Num: 132
2 1 1 1 0 0 0 1 1 0 
2 1 0 0 0 1 0 1 0 0 
5 1 0 1 1 0 1 0 1 0 
2 0 0 0 0 0 0 0 0 0 
2 1 0 1 0 1 1 0 0 0 
2 0 1 0 1 0 0 0 1 0 
4 0 1 1 0 0 0 0 0 0 
3 0 0 0 0 1 0 1 0 0 
5 0 1 1 0 1 0 1 0 1 
3 0 1 0 1 1 0 1 1 1 
3 0 1 0 1 1 0 1 1 0 
3 0 0 0 1 1 0 1 1 0 
1 0 1 0 1 0 0 0 0 1 
5 1 1 0 0 1 1 0 0 0 
4 0 1 1 1 0 1 1 0 1 
2 1 0 1 1 1 1 0 0 1 
2 0 1 1 1 1 0 0 1 0 
2 0 0 1 1 1 1 0 0 0 
2 1 1 1 1 0 0 1 1 0 
2 1 1 1 1 0 0 1 1 1 
4 0 1 0 1 1 0 1 1 0 
5 1 1 0 1 0 0 1 0 0 
2 0 0 0 1 0 0 0 0 1 
0 0 0 1 0 1 0 1 1 0 
3 0 1 1 0 0 0 0 0 0 
3 0 0 1 1 1 1 0 0 0 
3 0 1 1 0 0 0 0 0 1 
3 0 1 0 1 1 0 1 0 0 
2 1 0 1 1 1 1 0 1 0 
3 0 0 0 1 1 0 0 0 0 
2 1 1 0 1 1 0 0 1 0 
1 0 0 0 0 1 0 0 1 0 
2 1 1 1 1 0 0 1 0 0 
0 0 0 0 0 1 1 0 0 1 
2 1 0 0 0 0 0 1 1 1 
3 1 0 0 1 1 1 0 0 0 
3 0 1 0 1 1 0 0 1 0 
3 1 1 0 1 1 0 1 1 0 
2 1 1 1 1 1 0 1 1 0 
4 0 0 0 1 0 0 0 0 0 
3 0 1 0 0 0 0 0 0 0 
2 0 1 0 1 1 1 0 1 0 
5 0 1 0 0 0 0 0 1 0 
3 0 0 0 1 0 1 0 0 0 
2 0 1 1 1 0 0 1 1 0 
2 1 0 1 1 0 1 0 0 0 
4 1 1 1 0 0 0 0 1 0 
3 0 0 1 0 1 0 1 1 1 
4 0 0 0 1 1 1 0 0 0 
3 1 0 1 1 1 1 0 0 0 
3 0 0 1 0 0 1 0 1 0 
3 0 0 1 0 0 1 0 1 1 
3 0 1 1 1 1 0 1 1 0 
3 0 1 1 0 0 0 1 0 0 
1 0 0 1 0 1 0 1 0 0 
2 0 0 0 0 1 1 0 1 1 
0 0 1 0 0 0 0 0 1 0 
2 0 1 0 0 1 0 1 0 0 
0 1 0 1 1 0 1 1 0 0 
4 0 0 0 1 0 0 1 1 0 
2 1 0 1 1 1 0 0 0 0 
2 0 1 1 0 0 1 1 0 1 
2 0 1 0 1 1 0 0 1 0 
2 0 1 0 1 1 0 0 1 1 
2 1 0 0 1 1 1 0 0 0 
5 0 0 0 0 0 0 0 0 0 
3 1 0 0 1 0 0 0 0 0 
2 0 0 0 1 1 0 0 1 0 
1 1 1 0 1 1 1 1 1 0 
4 1 0 0 1 1 0 1 0 0 
2 1 1 0 1 0 0 1 1 0 
0 0 1 1 1 1 1 0 1 1 
0 1 1 0 0 1 0 1 1 1 
4 0 0 1 0 0 1 0 1 0 
1 0 0 1 1 0 1 1 0 0 
3 0 1 0 1 1 1 0 0 0 
3 0 1 1 0 0 1 0 0 0 
3 0 0 1 0 0 1 0 0 0 
1 0 0 0 0 1 0 1 0 1 
3 0 0 0 1 1 1 0 0 0 
3 0 0 0 1 1 1 0 0 1 
2 0 0 0 0 1 1 1 0 0 
2 0 1 0 0 1 0 0 1 0 
0 0 0 0 0 0 0 0 0 0 
3 0 0 1 1 0 1 0 1 0 
3 0 0 0 0 0 1 0 1 0 
3 0 1 0 1 0 0 1 1 0 
4 0 0 0 0 1 1 0 1 1 
3 1 0 1 1 1 0 0 0 1 
5 0 0 0 0 0 1 1 0 0 
3 0 1 1 0 1 0 0 0 0 
3 1 0 1 0 0 1 0 1 0 
1 1 1 1 0 0 0 0 0 0 
3 0 0 0 0 1 1 0 0 0 
3 0 1 0 1 1 1 1 1 0 
3 0 0 1 0 0 1 1 1 0 
3 0 0 0 1 1 1 0 1 0 
3 1 0 0 0 0 0 0 1 0 
3 0 1 1 0 0 1 0 1 0 
2 0 0 0 0 1 0 1 0 0 
3 1 1 1 1 0 0 1 1 0 
2 0 0 0 0 1 0 1 0 1 
2 0 1 0 1 1 0 1 1 0 
4 1 1 0 0 1 1 0 0 0 
2 1 1 1 1 0 1 1 1 0 
5 1 0 0 0 0 0 0 0 1 
2 0 0 0 0 0 0 1 0 0 
3 0 1 1 0 0 0 0 1 0 
2 1 0 1 1 1 1 0 0 0 
3 0 0 0 1 1 1 1 0 0 
2 0 0 0 0 1 0 1 1 0 
2 1 1 1 1 1 1 0 0 0 
5 0 0 0 1 0 0 1 1 1 
3 0 0 1 0 0 0 0 1 0 
2 1 0 1 1 1 1 1 0 0 
0 1 0 0 0 0 0 0 0 0 
2 0 1 0 1 1 0 0 0 0 
3 0 1 1 1 0 0 0 0 0 
5 0 0 0 1 1 1 0 1 1 
2 1 1 1 1 0 0 0 1 0 
2 0 0 1 0 1 0 1 0 0 
2 0 0 0 1 1 0 1 0 0 
2 1 0 1 1 0 0 1 1 0 
3 0 0 1 0 1 1 0 1 0 
3 0 1 0 0 1 0 1 1 0 
1 1 0 1 0 0 1 0 1 1 
3 1 1 1 0 0 0 0 0 0 
0 1 1 0 1 0 0 0 0 1 
3 1 1 0 0 0 1 1 0 1 
3 0 0 1 0 0 0 0 0 0 
2 0 0 0 0 1 0 0 0 0 
4 1 0 1 0 1 0 1 0 1 
MFS
[ 3 , - , - , - , - , 1 , - , - , - , 0 ]
[ - , - , - , - , - , - , - , - , - , 0 ]
[ - , - , - , - , - , 1 , - , - , - , 0 ]
[ - , - , - , 1 , - , - , - , - , - , 0 ]
[ 3 , - , - , 1 , - , - , - , - , - , 0 ]
precise
0.4
recall
0.5
F-measure
0.4444444444444445
accurate
0.7333333333333333
accurate_oppsite
0.8333333333333333
regaular Num: 52
identify Num: 50
testCase Num: 102
3 0 0 0 0 0 1 1 0 0 
1 1 1 0 0 0 0 0 1 0 
0 1 1 1 1 1 1 1 0 0 
5 1 1 0 1 0 0 1 1 1 
4 0 1 0 1 1 0 0 0 1 
2 0 1 1 0 1 1 1 1 0 
2 1 0 0 1 1 0 1 0 0 
2 1 1 0 1 1 0 0 0 0 
3 0 0 1 1 0 0 0 0 0 
4 0 0 0 1 0 1 1 1 0 
2 1 0 0 0 0 0 0 1 0 
3 1 0 1 0 1 1 0 1 0 
1 0 1 1 0 0 1 0 0 1 
4 1 1 1 0 0 1 0 0 1 
1 1 0 0 0 0 0 1 1 0 
3 0 1 1 0 1 1 0 1 0 
3 0 0 0 0 1 0 1 1 1 
0 1 0 0 0 1 1 1 1 1 
1 0 0 0 0 1 0 0 1 1 
3 0 0 1 1 1 1 0 0 0 
3 0 0 1 1 0 1 1 0 0 
2 1 0 0 1 1 0 0 1 0 
2 1 0 0 0 1 0 0 0 0 
3 1 1 1 1 1 1 0 1 0 
2 0 0 1 1 0 1 0 1 1 
3 0 0 1 1 1 0 1 0 0 
3 0 1 1 1 1 0 1 0 0 
4 0 0 0 0 0 0 0 1 1 
5 0 1 0 0 1 1 0 0 1 
2 1 0 0 1 1 0 0 0 1 
5 0 0 0 1 0 1 0 0 0 
2 0 1 0 0 1 0 1 1 0 
2 1 1 1 0 0 0 0 0 1 
5 1 1 0 1 1 0 0 0 0 
2 1 0 0 1 1 0 0 0 0 
0 0 0 0 1 1 0 1 1 0 
2 1 1 0 0 0 1 1 0 1 
3 0 0 0 1 0 1 0 0 0 
2 0 0 0 0 0 1 1 0 0 
5 0 1 1 0 0 0 0 0 0 
0 1 0 1 0 0 1 0 0 1 
0 1 0 0 0 1 0 0 0 0 
3 1 1 1 0 0 1 0 1 0 
4 1 0 0 0 0 0 0 0 0 
3 1 0 0 0 0 1 0 0 1 
2 0 0 0 0 1 1 0 1 1 
0 0 1 0 0 0 1 1 0 0 
4 1 1 1 0 1 1 0 1 0 
3 0 0 0 1 1 0 1 0 0 
3 0 1 1 1 0 1 0 0 0 
2 1 0 1 1 1 0 0 0 0 
3 0 0 1 1 0 1 0 0 0 
3 0 0 1 1 0 1 0 0 1 
2 1 0 0 1 1 1 0 0 0 
3 1 1 1 0 1 0 0 1 0 
5 0 0 0 0 0 0 0 0 0 
3 0 1 1 0 1 0 1 1 0 
2 1 1 1 0 1 0 1 1 0 
3 1 1 0 0 1 1 0 1 0 
3 0 0 1 0 1 0 1 0 0 
4 0 1 0 0 0 0 1 1 0 
5 0 0 1 0 1 1 1 1 1 
3 0 0 1 1 1 0 0 0 0 
3 0 0 1 0 0 1 0 0 0 
0 0 0 0 0 0 0 0 0 0 
5 0 0 1 1 1 0 0 1 0 
3 0 0 1 1 0 1 0 1 0 
3 0 0 1 1 1 0 1 0 1 
2 0 0 0 1 1 0 0 0 0 
2 0 1 1 0 1 0 1 0 0 
3 1 1 1 0 1 1 1 1 0 
1 0 1 0 1 1 1 1 0 0 
2 0 1 1 0 1 0 1 1 0 
2 0 1 0 1 0 0 1 0 0 
3 0 0 1 1 1 0 1 1 0 
3 1 0 1 1 0 1 0 0 0 
0 0 1 1 1 0 0 0 1 1 
2 0 1 1 0 0 0 1 1 0 
5 1 0 1 0 0 1 1 0 0 
2 0 0 1 0 1 0 1 1 0 
3 1 1 0 1 0 0 1 0 1 
2 0 1 1 0 1 0 1 1 1 
3 1 1 1 0 1 1 0 0 0 
1 1 0 1 1 0 0 0 0 0 
1 1 0 1 1 1 1 0 1 1 
4 0 0 1 1 0 1 0 0 0 
4 1 0 1 0 1 0 1 1 0 
2 0 1 1 1 1 0 1 1 0 
4 0 0 1 0 1 1 1 0 1 
3 0 0 1 1 0 0 1 0 0 
3 0 1 0 1 0 0 0 1 0 
3 1 1 1 0 1 1 0 1 1 
3 1 1 1 0 1 1 0 1 0 
3 1 0 1 1 1 0 1 0 0 
4 0 0 1 1 1 0 1 0 0 
1 0 0 1 0 0 0 1 0 1 
2 1 0 0 1 0 0 0 0 0 
2 0 1 1 0 1 0 0 1 0 
3 0 0 1 1 1 1 1 0 0 
3 1 0 0 1 1 0 0 0 0 
4 1 0 1 1 0 0 0 0 0 
3 0 0 1 0 0 0 0 0 1 
MFS
[ 3 , - , - , - , - , - , - , - , - , 0 ]
[ - , - , - , - , - , - , - , - , - , 0 ]
[ - , - , - , - , - , 1 , - , - , - , 0 ]
[ 3 , - , - , 1 , - , - , - , - , - , 0 ]
precise
0.25
recall
0.25
F-measure
0.25
accurate
0.6666666666666666
accurate_oppsite
0.75
