testCase Num: 29
regaular Num: 29
identify Num: 0
1 0 1 0 0 1 0 1 2 2 0 1 
0 1 1 0 0 0 0 0 1 2 0 0 
0 0 0 0 0 0 0 1 1 2 0 0 
0 0 1 0 0 0 0 0 2 1 0 0 
1 1 1 0 1 1 1 1 1 1 1 1 
2 0 1 1 0 1 1 0 2 2 1 0 
0 0 1 0 0 0 0 0 1 0 1 1 
0 0 1 1 1 0 1 0 2 2 1 0 
0 0 1 0 0 0 0 1 2 2 0 1 
0 1 0 0 1 1 1 0 3 2 1 0 
1 0 1 1 0 0 0 0 1 1 0 0 
0 1 1 0 1 0 0 1 0 1 1 0 
0 0 0 0 0 0 0 0 0 0 0 0 
0 0 0 0 0 0 0 0 0 2 0 0 
0 0 1 0 0 0 0 1 3 1 0 0 
1 0 1 0 0 0 0 0 3 0 0 0 
0 1 1 1 1 1 1 0 3 0 1 1 
0 1 1 0 0 0 0 0 2 0 0 0 
0 0 1 0 0 0 0 0 3 2 0 0 
1 0 0 0 0 0 0 0 0 1 0 0 
0 1 0 0 0 0 1 1 2 0 0 0 
2 0 0 0 0 0 0 0 1 0 0 0 
0 0 0 0 0 0 0 0 2 1 0 0 
0 1 1 1 0 1 1 1 0 0 0 1 
2 1 0 1 1 0 0 1 3 1 0 1 
0 0 1 0 0 1 0 1 2 2 0 1 
2 0 0 0 1 1 0 1 0 0 1 0 
1 0 1 0 1 1 0 0 0 2 0 0 
1 0 0 0 1 0 0 0 2 2 1 1 
MFS
[ 2 , - , 1 , - , - , - , - , - , - , - , - , - ]
[ - , - , 1 , - , - , 1 , - , - , 2 , - , - , - ]
[ - , - , 0 , - , - , - , - , - , - , - , - , - ]
[ 1 , - , 1 , - , - , - , - , - , 2 , - , - , - ]
precise
0.25
recall
0.3333333333333333
F-measure
0.28571428571428575
multi
0
time
all 136 iden 2 gen 119
t-cover
331
all-cover
357
coveredNum
(1 : 126)  (2 : 70)  (3 : 77)  (4 : 30)  (5 : 8)  (6 : 2)  (7 : 12)  (8 : 13)  (9 : 9)  (10 : 6)  (11 : 4)  
real Identify
([ - , - , 0 , - , - , - , - , - , - , - , - , - ] : 1)  
testCase Num: 33
regaular Num: 33
identify Num: 0
0 0 0 1 1 1 1 1 0 0 1 1 
0 0 1 1 1 1 1 0 2 1 0 0 
1 1 1 1 1 0 0 0 3 0 1 0 
2 0 1 0 0 0 0 0 3 2 0 0 
0 0 1 0 1 1 1 0 2 1 0 0 
0 0 0 0 1 0 0 0 3 0 0 0 
0 0 1 0 0 1 1 0 2 1 0 0 
1 1 1 1 1 1 1 0 1 1 1 1 
0 0 1 0 1 0 1 0 0 2 1 1 
0 0 0 0 0 0 0 0 0 0 0 0 
1 0 0 0 0 0 0 1 1 1 0 0 
2 0 1 0 1 1 1 1 2 2 0 0 
1 0 1 0 0 1 1 0 3 0 0 1 
0 0 1 0 0 0 0 0 3 1 0 0 
0 0 1 0 0 1 0 0 0 0 0 0 
1 0 0 0 0 0 0 0 0 2 0 0 
2 0 1 0 0 0 0 0 0 0 0 0 
2 0 1 0 0 0 0 0 2 0 0 0 
0 0 1 0 0 0 0 0 1 0 0 0 
0 0 0 0 0 1 0 0 3 1 0 0 
2 0 0 0 0 0 0 0 1 0 0 0 
2 1 0 1 0 0 0 1 3 2 1 1 
0 0 0 0 0 0 0 0 2 1 0 0 
0 0 1 0 0 0 1 0 2 1 0 0 
2 0 1 0 0 0 1 0 1 0 0 1 
1 0 1 1 0 0 0 0 2 0 0 0 
1 1 1 0 0 0 0 0 2 2 0 1 
1 0 1 0 0 1 0 0 0 1 0 0 
0 0 0 0 0 0 0 0 1 2 0 0 
2 0 1 1 0 1 0 0 1 2 1 0 
2 1 1 1 1 0 0 0 0 1 0 0 
0 1 1 0 0 0 0 0 2 0 1 0 
1 0 0 1 0 0 1 0 2 2 0 1 
MFS
[ - , - , 1 , - , - , - , - , 1 , - , - , - , - ]
[ 0 , - , 1 , 1 , - , - , - , 0 , - , - , - , - ]
[ - , - , 1 , - , 1 , - , - , - , 2 , - , - , - ]
[ - , - , 1 , - , - , 1 , - , - , 2 , - , - , - ]
[ - , - , 0 , - , - , - , - , - , - , - , - , - ]
precise
0.2
recall
0.3333333333333333
F-measure
0.25
multi
0
time
all 169 iden 0 gen 137
t-cover
329
all-cover
357
coveredNum
(1 : 116)  (2 : 67)  (3 : 57)  (4 : 35)  (5 : 30)  (6 : 7)  (7 : 6)  (8 : 1)  (9 : 6)  (10 : 8)  (11 : 5)  (12 : 4)  (13 : 12)  (14 : 2)  (18 : 1)  
real Identify
([ - , - , 0 , - , - , - , - , - , - , - , - , - ] : 1)  
testCase Num: 25
regaular Num: 25
identify Num: 0
0 0 1 0 0 0 0 0 2 2 0 0 
0 1 0 0 1 0 0 1 3 2 1 1 
2 0 1 0 0 1 1 0 0 2 1 1 
2 0 0 1 1 0 1 0 3 1 0 0 
1 0 1 0 0 0 0 0 0 2 0 0 
1 1 1 1 1 1 1 0 1 1 1 1 
0 0 0 0 0 0 0 0 0 0 0 0 
1 0 1 1 0 0 0 0 0 1 0 0 
2 0 1 1 0 1 1 1 2 2 0 0 
0 0 0 0 0 0 0 0 0 2 0 0 
2 1 1 0 1 0 0 0 3 2 0 0 
0 0 1 1 1 0 0 0 2 1 1 0 
2 0 1 0 0 0 0 0 0 1 0 0 
1 0 1 1 0 1 0 0 3 0 0 1 
1 1 0 0 0 0 0 0 2 2 1 1 
0 0 1 0 0 1 1 0 1 0 0 0 
2 0 0 0 0 0 0 0 1 2 0 0 
0 0 1 0 0 0 1 0 3 1 1 0 
0 0 0 0 0 0 0 0 2 0 0 0 
1 1 0 0 0 0 0 1 1 1 0 0 
2 0 1 0 0 1 0 0 2 0 0 0 
1 1 1 0 0 0 1 0 2 0 0 1 
2 1 0 0 1 1 1 1 0 0 1 1 
2 0 1 1 0 0 0 0 1 2 0 0 
0 1 1 0 1 0 0 0 0 0 1 1 
MFS
[ - , - , 1 , - , - , - , - , 1 , - , - , - , - ]
[ - , - , 0 , - , - , - , - , - , - , - , - , - ]
precise
0.5
recall
0.3333333333333333
F-measure
0.4
multi
0
time
all 91 iden 2 gen 78
t-cover
332
all-cover
357
coveredNum
(1 : 133)  (2 : 67)  (3 : 55)  (4 : 42)  (5 : 24)  (6 : 1)  (7 : 8)  (8 : 9)  (9 : 2)  (10 : 11)  (11 : 4)  (15 : 1)  
real Identify
([ - , - , 0 , - , - , - , - , - , - , - , - , - ] : 1)  
testCase Num: 28
regaular Num: 28
identify Num: 0
2 1 1 0 0 1 1 0 2 2 0 1 
1 1 1 0 1 0 0 1 2 2 0 1 
0 0 1 0 0 0 0 0 2 0 0 0 
1 1 1 0 0 0 1 1 0 0 1 1 
1 0 0 0 0 1 0 0 0 2 0 0 
0 0 0 0 0 0 0 0 0 0 0 0 
1 0 1 0 0 0 0 0 3 0 0 0 
1 0 0 0 0 0 0 0 2 0 0 0 
0 0 1 1 1 1 0 0 2 0 0 0 
0 0 0 0 0 0 0 1 2 1 0 0 
0 0 1 0 0 1 0 0 0 1 0 0 
0 0 1 0 0 0 0 0 3 1 0 0 
0 1 1 1 1 1 0 1 3 0 1 1 
0 0 0 1 1 0 0 1 3 2 1 1 
2 0 0 0 0 0 0 0 1 0 0 0 
0 0 1 1 0 0 1 0 1 2 1 0 
0 1 0 0 0 1 1 0 3 1 0 0 
2 0 0 0 0 0 0 0 3 0 0 0 
2 0 1 0 0 0 1 0 2 1 1 1 
2 0 1 0 0 0 1 0 3 2 0 0 
0 0 1 0 1 1 0 1 2 2 0 1 
1 1 1 1 0 1 1 0 2 2 0 0 
2 0 0 1 1 1 0 1 2 0 1 0 
2 0 1 0 0 0 0 1 1 0 0 1 
2 1 1 1 1 0 0 0 0 1 0 0 
0 0 1 0 0 0 0 0 0 2 0 0 
1 0 0 0 1 0 0 0 1 1 0 1 
1 1 1 1 1 1 1 1 1 1 1 0 
MFS
[ - , - , 1 , - , - , 1 , - , - , - , 2 , - , - ]
[ 2 , - , 1 , - , - , 1 , - , - , - , - , - , - ]
[ - , - , 0 , - , - , - , - , - , - , - , - , - ]
precise
0.3333333333333333
recall
0.3333333333333333
F-measure
0.3333333333333333
multi
0
time
all 98 iden 0 gen 87
t-cover
355
all-cover
357
coveredNum
(1 : 117)  (2 : 80)  (3 : 78)  (4 : 29)  (5 : 11)  (6 : 7)  (7 : 10)  (8 : 10)  (9 : 7)  (10 : 7)  (11 : 1)  
real Identify
([ - , - , 0 , - , - , - , - , - , - , - , - , - ] : 1)  
testCase Num: 28
regaular Num: 28
identify Num: 0
0 1 1 1 1 1 1 0 0 0 1 1 
0 0 1 0 0 1 0 0 3 2 0 1 
2 0 1 0 0 0 0 0 1 0 0 0 
0 1 1 0 0 0 1 1 2 2 0 0 
1 1 0 0 0 0 0 0 1 2 1 0 
2 0 0 0 1 0 0 0 0 2 0 0 
2 1 0 1 1 1 0 1 3 0 0 0 
0 0 0 1 0 0 1 0 3 2 0 1 
2 0 1 0 1 0 1 0 3 1 1 0 
0 0 0 0 0 0 0 0 1 0 0 0 
2 0 0 1 0 1 0 1 2 2 1 1 
0 0 0 0 0 0 0 0 0 0 0 0 
1 0 1 1 0 0 0 0 1 2 1 1 
1 0 1 0 0 0 0 0 3 0 0 0 
0 0 1 0 0 0 0 1 0 0 1 0 
1 0 0 0 0 0 0 0 2 1 0 1 
1 0 0 0 0 0 0 0 0 0 0 0 
2 0 1 1 0 0 0 0 2 1 0 0 
2 0 1 0 1 0 0 0 0 2 0 1 
1 1 1 1 1 1 1 1 1 1 0 1 
2 1 1 1 0 1 0 1 3 0 0 0 
0 0 1 0 0 0 0 0 1 0 0 0 
2 0 0 0 0 0 0 0 1 0 0 0 
1 0 1 0 1 1 0 0 2 0 1 1 
0 0 1 0 0 1 0 1 0 1 0 0 
0 0 0 0 1 0 0 0 2 0 0 0 
1 0 1 0 0 0 0 0 0 0 0 0 
1 0 0 0 0 0 0 0 3 0 0 0 
MFS
[ - , - , 0 , - , - , - , - , - , - , - , - , - ]
precise
1.0
recall
0.3333333333333333
F-measure
0.5
multi
1
time
all 92 iden 0 gen 82
t-cover
357
all-cover
357
coveredNum
(1 : 106)  (2 : 83)  (3 : 76)  (4 : 34)  (5 : 12)  (6 : 9)  (7 : 4)  (8 : 14)  (9 : 7)  (10 : 5)  (11 : 5)  (12 : 2)  
real Identify
([ - , - , 0 , - , - , - , - , - , - , - , - , - ] : 1)  
testCase Num: 30
regaular Num: 30
identify Num: 0
0 1 1 0 1 0 1 1 0 2 0 1 
0 0 1 0 0 1 0 0 0 0 1 1 
2 0 1 0 0 1 1 0 1 2 0 0 
0 0 0 0 0 0 0 0 3 2 0 0 
1 1 1 1 1 1 1 0 1 1 1 1 
0 0 0 0 0 0 0 0 1 0 0 0 
1 0 1 1 1 0 0 0 2 2 1 0 
0 0 1 0 0 1 0 1 2 0 0 0 
0 0 0 0 0 0 0 0 0 0 0 0 
0 0 1 0 0 0 0 1 3 1 0 0 
1 0 1 1 1 1 1 0 3 0 0 0 
0 0 1 1 0 1 0 1 2 2 1 0 
0 0 1 1 1 1 0 1 2 2 1 0 
2 0 1 0 1 0 0 0 2 0 0 1 
2 0 1 1 1 0 0 0 0 1 0 0 
1 0 0 0 0 0 0 0 0 2 0 0 
0 0 1 0 0 0 0 0 3 2 0 0 
2 1 0 1 1 1 0 0 0 1 1 0 
0 0 1 0 0 0 0 0 1 0 0 0 
0 0 0 0 0 1 0 0 3 1 0 0 
2 0 0 0 0 0 0 0 1 2 0 0 
0 0 0 0 0 0 0 0 2 0 0 0 
2 1 1 0 0 0 0 1 3 0 1 1 
1 0 1 0 0 0 0 0 0 0 0 0 
0 0 0 1 0 0 0 0 2 2 1 1 
0 0 1 1 1 1 0 0 2 2 1 0 
1 0 0 0 0 1 0 1 1 1 0 0 
1 1 1 0 0 0 1 0 2 1 0 0 
2 0 0 1 1 1 1 1 2 2 0 0 
1 0 1 0 0 0 0 1 1 2 0 0 
MFS
[ - , - , 1 , 1 , - , - , - , 1 , - , - , - , - ]
[ - , - , 1 , 1 , 0 , - , - , - , - , - , - , - ]
[ - , - , 0 , - , - , - , - , - , - , - , - , - ]
[ 0 , - , 1 , 1 , - , - , - , - , - , - , - , - ]
precise
0.25
recall
0.3333333333333333
F-measure
0.28571428571428575
multi
1
time
all 105 iden 1 gen 95
t-cover
354
all-cover
357
coveredNum
(1 : 109)  (2 : 78)  (3 : 75)  (4 : 35)  (5 : 16)  (6 : 8)  (7 : 5)  (8 : 11)  (9 : 6)  (10 : 7)  (11 : 4)  (12 : 3)  
real Identify
([ - , - , 0 , - , - , - , - , - , - , - , - , - ] : 1)  
testCase Num: 33
regaular Num: 33
identify Num: 0
0 0 1 0 1 0 0 0 2 0 0 1 
1 1 1 0 1 1 1 1 1 1 1 1 
2 0 1 0 0 0 0 0 3 0 0 1 
0 0 1 0 0 0 0 0 2 0 0 1 
1 0 0 0 0 1 0 1 3 0 0 0 
2 0 0 0 0 0 0 0 0 0 0 0 
2 0 1 0 1 1 0 1 2 2 1 1 
2 0 1 0 0 1 0 1 2 2 1 1 
0 0 0 0 0 0 0 0 1 0 0 0 
1 0 1 0 0 0 0 0 0 2 0 1 
0 1 1 0 0 0 0 1 3 2 0 1 
2 0 1 0 0 1 0 1 2 0 1 1 
1 1 0 0 1 0 1 1 2 0 0 0 
0 0 0 0 0 0 0 0 0 0 0 0 
0 1 0 0 1 0 0 0 0 2 1 0 
2 0 1 1 1 0 0 0 1 0 1 1 
0 0 1 0 0 0 0 0 1 2 0 1 
0 0 1 0 0 0 0 0 0 2 1 1 
1 1 0 1 0 0 1 0 3 2 1 1 
0 0 1 0 1 0 0 0 3 1 0 1 
2 1 1 1 0 0 1 0 2 2 0 1 
1 0 0 0 0 0 0 0 0 1 0 0 
2 0 1 1 1 1 0 1 2 2 0 0 
0 0 1 1 0 1 1 1 0 0 1 1 
2 0 0 0 0 1 1 0 2 0 1 1 
0 0 0 0 0 0 0 0 2 1 0 0 
2 0 0 0 0 0 0 0 3 0 0 0 
1 0 1 1 0 1 1 0 3 1 1 1 
0 0 0 0 0 0 0 0 1 2 0 0 
1 0 1 0 0 0 0 0 2 1 0 1 
2 0 1 0 1 1 0 0 0 1 0 1 
2 1 0 1 0 0 0 0 1 1 0 0 
1 1 1 0 0 0 0 1 0 0 0 1 
MFS
[ - , - , 1 , - , 1 , - , - , - , - , 2 , - , 1 ]
[ - , - , 1 , - , - , 1 , - , - , - , 2 , - , 1 ]
[ - , - , 1 , - , - , - , - , - , - , - , - , 0 ]
[ - , - , 1 , - , - , 1 , - , - , - , 2 , - , - ]
[ - , - , 0 , - , - , - , - , - , - , - , - , - ]
precise
0.2
recall
0.3333333333333333
F-measure
0.25
multi
0
time
all 138 iden 0 gen 115
t-cover
330
all-cover
357
coveredNum
(1 : 131)  (2 : 53)  (3 : 56)  (4 : 42)  (5 : 27)  (6 : 8)  (7 : 4)  (8 : 3)  (9 : 7)  (10 : 7)  (11 : 5)  (12 : 7)  (13 : 6)  (17 : 1)  
real Identify
([ - , - , 0 , - , - , - , - , - , - , - , - , - ] : 1)  
testCase Num: 25
regaular Num: 25
identify Num: 0
0 1 1 1 1 1 1 0 0 0 1 1 
0 1 1 0 0 0 1 1 0 2 0 0 
1 0 1 0 1 1 0 0 3 2 1 0 
2 0 0 0 0 0 0 0 1 1 1 1 
1 1 1 0 0 0 0 0 1 0 1 0 
1 0 0 0 1 0 0 1 2 0 0 1 
0 0 0 0 0 0 0 0 1 0 0 0 
0 0 1 1 1 0 0 1 2 2 0 1 
2 1 1 0 0 1 1 1 2 0 1 1 
0 0 0 0 0 0 0 0 0 0 0 0 
0 0 0 0 0 0 0 0 0 2 0 1 
0 1 1 1 0 0 0 1 3 1 0 0 
2 0 0 1 0 1 1 1 3 0 0 1 
0 0 1 0 0 1 0 0 2 1 0 0 
2 1 0 1 0 0 1 1 2 2 1 0 
1 1 1 1 1 1 1 1 1 1 0 1 
2 0 1 0 1 0 0 0 0 1 0 0 
2 0 1 1 1 0 1 0 3 0 0 0 
1 1 0 0 0 0 1 1 0 2 0 0 
1 1 1 0 0 0 0 0 2 1 1 0 
1 0 1 0 1 0 0 0 0 0 0 0 
0 0 0 0 0 0 0 0 1 2 0 0 
2 0 1 0 1 0 0 0 1 2 0 0 
0 1 1 0 0 0 0 0 1 0 0 0 
0 1 1 0 0 0 0 0 3 0 0 1 
MFS
[ 0 , 0 , 1 , - , - , 1 , - , - , - , - , - , - ]
[ - , 0 , 1 , - , 0 , - , - , - , - , - , - , - ]
[ - , - , 0 , - , - , - , - , - , - , - , - , - ]
precise
0.3333333333333333
recall
0.3333333333333333
F-measure
0.3333333333333333
multi
0
time
all 125 iden 1 gen 112
t-cover
356
all-cover
357
coveredNum
(1 : 114)  (2 : 76)  (3 : 75)  (4 : 30)  (5 : 26)  (6 : 12)  (7 : 5)  (8 : 9)  (9 : 4)  (10 : 5)  (11 : 1)  
real Identify
([ - , - , 0 , - , - , - , - , - , - , - , - , - ] : 1)  
testCase Num: 35
regaular Num: 35
identify Num: 0
1 0 0 0 0 0 1 0 3 0 1 0 
0 0 0 0 1 1 0 0 3 1 1 1 
2 0 1 0 0 0 0 0 3 0 0 0 
2 0 1 0 0 1 1 0 2 2 1 0 
2 0 0 0 0 0 0 0 0 1 0 0 
1 1 1 1 1 1 1 0 1 1 1 1 
2 1 0 1 0 0 1 0 2 1 0 0 
0 0 0 0 0 0 0 0 0 0 0 0 
0 1 1 1 0 0 0 1 3 2 0 1 
1 0 1 0 1 0 0 0 0 2 1 1 
1 1 0 0 0 0 0 1 1 1 1 0 
2 0 1 1 1 0 0 0 2 0 0 1 
0 0 1 0 1 1 0 0 3 0 1 0 
1 0 0 0 0 0 0 0 2 0 0 0 
0 1 1 1 0 0 0 0 2 0 0 0 
0 0 1 0 0 0 0 0 1 2 0 0 
0 0 1 0 0 1 0 0 2 0 0 0 
2 0 0 0 1 1 1 1 2 2 1 0 
2 1 1 1 0 1 1 0 2 2 1 0 
0 0 1 0 0 0 1 1 1 1 1 0 
2 1 1 0 0 1 1 0 2 2 1 0 
0 0 1 0 0 1 0 0 2 2 0 0 
2 0 1 0 0 0 0 0 0 0 0 0 
0 0 1 0 0 0 0 0 1 0 0 0 
2 0 0 0 0 0 0 0 1 2 0 0 
0 0 0 0 0 0 0 0 2 0 0 0 
2 0 0 0 0 0 0 0 3 0 0 0 
2 0 1 0 0 0 1 0 2 2 1 0 
1 0 1 0 0 0 0 0 2 0 0 0 
2 0 1 0 0 0 0 1 1 1 0 0 
0 0 1 0 1 0 0 1 2 1 0 0 
0 0 0 0 0 0 1 0 1 0 0 0 
1 0 1 0 0 0 1 0 3 1 0 0 
0 0 1 0 0 0 0 0 0 1 0 0 
1 1 1 1 0 1 1 1 0 0 0 0 
MFS
[ 2 , 1 , 1 , - , - , - , - , - , - , - , - , - ]
[ - , 1 , 1 , 0 , - , - , - , - , - , - , - , - ]
[ - , - , 1 , - , - , 1 , - , - , - , 2 , - , - ]
[ 2 , - , 1 , - , - , 1 , - , - , - , - , - , - ]
[ - , - , 0 , - , - , - , - , - , - , - , - , - ]
precise
0.2
recall
0.3333333333333333
F-measure
0.25
multi
1
time
all 123 iden 1 gen 108
t-cover
353
all-cover
357
coveredNum
(1 : 110)  (2 : 63)  (3 : 69)  (4 : 39)  (5 : 20)  (6 : 5)  (7 : 7)  (8 : 6)  (9 : 2)  (10 : 4)  (11 : 9)  (12 : 10)  (13 : 4)  (14 : 6)  (15 : 3)  
real Identify
([ - , - , 0 , - , - , - , - , - , - , - , - , - ] : 1)  
testCase Num: 33
regaular Num: 33
identify Num: 0
0 0 0 0 0 0 0 1 2 1 1 1 
2 0 1 0 0 0 0 0 1 2 0 0 
0 0 1 0 0 0 0 0 2 1 0 0 
2 1 0 1 1 1 0 0 2 2 0 1 
0 0 0 0 1 0 0 0 3 0 0 0 
1 0 0 0 0 1 0 0 0 0 0 0 
0 1 0 0 0 1 1 0 1 0 1 0 
0 0 0 0 0 0 0 0 0 1 0 0 
0 0 0 0 0 0 0 0 0 0 0 0 
0 0 1 0 1 1 0 1 2 2 1 1 
0 0 1 0 0 1 0 1 2 2 1 1 
2 0 1 0 0 1 1 1 3 1 1 0 
0 0 1 1 1 1 0 1 0 0 1 1 
2 1 1 1 1 0 0 0 3 2 0 1 
1 0 1 0 0 0 0 0 3 0 0 0 
0 0 1 0 0 1 0 0 2 0 0 0 
1 0 1 0 0 0 1 0 2 2 0 0 
0 0 1 0 0 0 0 0 3 0 0 0 
2 0 1 0 0 0 0 0 0 1 0 0 
1 1 1 1 1 0 1 1 1 1 1 1 
0 1 1 0 0 1 0 0 1 0 0 0 
2 0 0 0 0 0 0 0 1 0 0 0 
0 0 1 0 0 0 0 1 2 2 1 1 
0 0 0 0 0 0 0 0 2 0 0 0 
1 1 0 1 0 0 0 0 3 1 0 1 
0 0 0 0 0 0 0 0 3 2 1 0 
1 0 1 0 0 1 0 0 0 0 1 1 
0 0 0 1 0 0 0 0 1 2 0 0 
0 1 1 0 1 1 0 1 2 2 1 1 
0 1 1 1 0 0 1 0 0 1 0 0 
0 0 1 0 0 0 0 0 0 2 0 0 
2 0 1 1 1 0 1 1 2 0 0 0 
2 1 0 0 1 0 1 1 0 2 0 0 
MFS
[ - , 1 , 1 , - , - , - , - , - , 2 , - , - , - ]
[ - , - , 1 , 0 , 1 , - , - , - , - , - , - , - ]
[ - , - , 1 , - , - , 1 , - , - , - , 2 , - , - ]
[ - , - , 0 , - , - , - , - , - , - , - , - , - ]
precise
0.25
recall
0.3333333333333333
F-measure
0.28571428571428575
multi
1
time
all 137 iden 1 gen 122
t-cover
354
all-cover
357
coveredNum
(1 : 110)  (2 : 81)  (3 : 59)  (4 : 41)  (5 : 19)  (6 : 7)  (7 : 3)  (8 : 4)  (9 : 8)  (10 : 10)  (11 : 6)  (12 : 7)  (13 : 2)  
real Identify
([ - , - , 0 , - , - , - , - , - , - , - , - , - ] : 1)  
