testCase Num: 24
regaular Num: 24
identify Num: 0
0 0 0 0 0 0 0 0 0 1 
0 0 0 0 0 0 0 0 0 0 
0 1 1 3 0 1 1 0 1 2 
0 0 1 0 0 0 0 1 1 2 
0 1 0 2 0 1 0 1 1 0 
0 0 0 1 0 0 0 0 0 2 
0 0 0 1 0 0 0 0 1 0 
1 0 0 0 0 1 0 0 1 0 
0 0 0 1 1 1 1 1 1 2 
0 0 0 3 1 0 0 1 1 0 
0 0 0 3 1 0 0 0 0 1 
0 1 0 0 1 1 0 1 0 2 
0 0 0 2 0 0 1 0 0 1 
0 1 1 1 0 0 0 0 1 0 
1 0 1 2 1 0 0 0 1 2 
0 0 0 2 0 0 1 0 1 0 
1 0 1 2 1 0 0 1 0 2 
0 0 1 1 0 1 0 0 0 1 
1 0 0 1 1 1 1 1 1 2 
1 0 0 0 0 0 0 1 1 0 
1 1 0 1 1 1 1 1 1 1 
1 1 1 0 1 0 1 0 1 0 
1 0 0 3 0 0 0 0 1 0 
1 0 0 3 0 0 1 1 0 0 
MFS
[ - , - , - , - , - , - , - , - , 0 , - ]
[ - , - , - , - , - , - , - , - , 1 , 1 ]
[ 1 , - , - , 3 , - , - , - , - , 1 , - ]
[ 1 , - , - , 1 , - , - , - , - , 1 , - ]
precise
0.25
recall
0.3333333333333333
F-measure
0.28571428571428575
multi
1
time
all 76 iden 1 gen 68
t-cover
215
all-cover
236
coveredNum
(1 : 91)  (2 : 59)  (3 : 36)  (4 : 17)  (5 : 15)  (6 : 10)  (7 : 2)  (8 : 6)  
real Identify
([ - , - , - , - , - , - , - , - , 0 , - ] : 1)  
testCase Num: 30
regaular Num: 30
identify Num: 0
0 0 0 0 0 0 0 0 1 2 
0 0 0 0 0 0 0 0 1 1 
0 0 0 1 0 0 0 0 0 2 
0 0 0 1 0 0 0 0 0 0 
0 0 0 3 0 1 0 1 1 2 
0 0 0 2 0 0 0 0 1 0 
0 1 1 3 1 0 1 0 0 2 
0 0 0 2 0 0 0 0 1 1 
0 1 0 2 1 1 0 1 0 0 
1 0 0 1 1 1 1 1 1 1 
1 0 0 0 0 0 0 0 1 1 
0 0 0 3 0 0 0 0 0 1 
0 0 0 0 1 1 0 0 1 0 
1 0 0 3 0 0 0 0 1 0 
1 0 1 0 1 0 1 1 1 0 
1 1 1 0 0 1 0 0 0 1 
0 0 0 0 0 0 0 0 0 0 
0 0 1 2 1 0 0 1 1 2 
0 0 0 0 0 0 0 0 0 2 
0 0 0 1 0 0 1 1 0 1 
0 0 0 1 0 0 0 0 1 2 
1 0 0 2 0 1 1 0 1 2 
0 0 0 1 0 0 0 0 1 0 
0 0 1 1 0 0 0 0 1 1 
0 0 0 1 1 1 1 1 1 1 
0 0 1 2 0 0 0 0 0 1 
0 0 0 3 0 0 0 0 1 0 
1 1 1 1 1 1 0 1 1 1 
0 0 1 3 1 1 1 0 1 1 
1 0 0 3 0 0 0 0 0 0 
MFS
[ - , 1 , - , - , - , - , - , - , 1 , - ]
[ - , - , - , - , - , - , - , - , 0 , - ]
[ 1 , 0 , - , 1 , - , - , - , - , 1 , - ]
[ 1 , 0 , - , 3 , - , - , - , - , 1 , - ]
precise
0.25
recall
0.3333333333333333
F-measure
0.28571428571428575
multi
1
time
all 76 iden 1 gen 58
t-cover
214
all-cover
236
coveredNum
(1 : 92)  (2 : 41)  (3 : 30)  (4 : 31)  (5 : 12)  (6 : 2)  (8 : 1)  (9 : 4)  (10 : 9)  (11 : 5)  (12 : 6)  (13 : 2)  (16 : 1)  
real Identify
([ - , - , - , - , - , - , - , - , 0 , - ] : 1)  
testCase Num: 25
regaular Num: 25
identify Num: 0
0 0 1 3 0 1 1 0 0 1 
0 0 0 2 1 0 0 0 0 1 
0 0 1 0 0 0 0 0 1 2 
0 1 1 3 0 1 0 1 1 0 
0 1 0 0 0 0 1 0 0 2 
0 0 1 3 1 0 0 0 1 1 
0 0 1 1 1 1 0 1 1 2 
0 1 1 2 1 0 1 1 1 2 
1 1 1 0 1 1 1 1 1 1 
0 0 1 2 0 0 0 0 1 1 
0 0 1 0 0 1 0 0 1 1 
1 1 0 3 1 0 1 1 1 0 
0 0 0 3 0 0 0 0 0 2 
0 0 1 3 0 0 1 0 1 2 
0 0 1 2 0 1 0 0 1 0 
0 0 1 1 1 0 1 0 1 0 
0 0 0 0 0 0 0 0 0 0 
1 0 1 1 0 1 0 1 1 2 
0 1 0 2 0 1 1 1 0 0 
0 1 0 1 1 1 0 1 0 2 
1 1 1 0 0 0 1 0 1 0 
0 1 1 1 0 0 0 0 1 1 
1 0 0 1 0 0 0 1 0 1 
1 0 1 3 1 0 0 0 1 1 
1 0 1 2 0 0 0 0 1 2 
MFS
[ - , - , 1 , - , - , - , - , - , 0 , - ]
[ 1 , - , 1 , 1 , - , - , - , - , 1 , - ]
[ 1 , - , 1 , 3 , - , - , - , - , 1 , - ]
[ - , - , 0 , - , - , - , - , - , - , - ]
precise
0.0
recall
0.0
F-measure
0.0
multi
1
time
all 71 iden 1 gen 54
t-cover
193
all-cover
236
coveredNum
(1 : 89)  (2 : 49)  (3 : 40)  (4 : 18)  (5 : 13)  (6 : 3)  (7 : 5)  (8 : 6)  (9 : 8)  (10 : 2)  (11 : 2)  (14 : 1)  
real Identify

testCase Num: 24
regaular Num: 24
identify Num: 0
0 0 1 3 0 1 0 0 1 1 
0 0 0 0 0 0 0 0 0 1 
0 0 0 0 0 0 0 0 0 0 
0 0 0 1 0 0 0 0 0 2 
1 1 1 1 0 1 1 1 1 1 
1 0 0 1 1 0 0 0 0 1 
0 0 0 1 0 0 1 0 0 0 
0 0 0 1 0 0 0 0 1 0 
0 1 0 0 0 0 0 1 1 1 
0 1 0 0 1 1 1 1 1 0 
0 0 1 0 1 0 0 0 1 2 
0 0 0 1 1 1 0 0 1 1 
0 1 0 3 1 0 1 0 1 2 
0 0 0 2 0 0 0 0 1 1 
0 1 1 1 0 0 1 1 1 2 
0 0 0 3 0 0 0 1 1 0 
1 1 1 0 0 0 0 1 0 2 
0 1 1 2 0 0 0 0 1 0 
0 0 1 2 1 1 1 1 1 1 
1 1 0 3 1 0 1 0 1 2 
0 0 1 2 1 1 0 1 0 2 
0 0 0 3 0 0 0 1 0 0 
1 1 1 2 0 0 1 0 0 0 
0 0 0 2 0 1 0 0 1 2 
MFS
[ - , - , - , - , - , - , - , - , 0 , - ]
[ 1 , - , - , - , - , - , - , - , 1 , - ]
precise
0.5
recall
0.3333333333333333
F-measure
0.4
multi
1
time
all 64 iden 0 gen 56
t-cover
216
all-cover
236
coveredNum
(1 : 86)  (2 : 57)  (3 : 41)  (4 : 13)  (5 : 19)  (6 : 4)  (7 : 3)  (8 : 10)  (9 : 2)  (13 : 1)  
real Identify
([ - , - , - , - , - , - , - , - , 0 , - ] : 1)  
testCase Num: 28
regaular Num: 28
identify Num: 0
0 0 0 2 1 0 0 0 0 1 
0 1 1 2 0 1 1 0 1 0 
0 0 1 3 0 1 0 1 1 0 
0 0 0 1 0 0 0 0 0 2 
0 0 0 1 0 0 0 0 0 0 
0 1 0 0 1 1 1 1 1 0 
0 1 0 3 1 0 0 0 1 0 
1 0 1 0 1 1 0 0 0 1 
1 0 0 3 1 0 1 0 1 2 
0 0 0 3 0 0 1 0 1 0 
1 1 0 3 1 0 1 0 1 0 
0 0 0 3 0 0 0 0 0 1 
0 1 1 3 0 0 0 1 0 2 
0 0 0 0 0 0 0 0 0 0 
1 1 0 1 0 1 0 0 1 0 
0 0 0 2 1 0 0 0 1 0 
1 1 0 0 0 1 1 0 1 0 
0 0 0 0 0 0 0 0 0 2 
0 0 1 1 1 0 1 1 1 0 
0 1 1 2 0 1 1 0 0 2 
0 0 0 1 0 0 1 1 0 1 
0 0 0 3 0 1 0 0 0 0 
0 1 0 1 0 0 0 0 1 0 
0 0 0 1 0 1 0 0 1 0 
1 1 1 1 1 1 0 1 1 1 
1 0 1 2 0 0 0 1 1 0 
1 0 1 0 1 0 0 0 1 0 
0 0 0 0 0 0 0 0 1 0 
MFS
[ - , - , - , - , - , - , - , - , 0 , - ]
[ - , - , - , - , - , - , - , - , 1 , 2 ]
[ 1 , - , - , 3 , - , - , - , - , 1 , 0 ]
[ - , - , - , - , - , - , - , - , 1 , 1 ]
[ 1 , - , - , 3 , - , - , - , - , 1 , - ]
[ 1 , - , - , 1 , - , - , - , - , 1 , 0 ]
[ 1 , - , - , 1 , - , - , - , - , 1 , - ]
precise
0.14285714285714285
recall
0.3333333333333333
F-measure
0.2
multi
0
time
all 73 iden 0 gen 57
t-cover
196
all-cover
236
coveredNum
(1 : 92)  (2 : 53)  (3 : 32)  (4 : 15)  (5 : 16)  (6 : 10)  (7 : 3)  (8 : 10)  (9 : 2)  (10 : 2)  (13 : 1)  
real Identify
([ - , - , - , - , - , - , - , - , 0 , - ] : 1)  
testCase Num: 30
regaular Num: 30
identify Num: 0
0 1 1 2 0 1 1 0 1 0 
0 0 0 1 1 0 0 0 1 0 
0 0 0 1 0 0 0 0 0 2 
1 1 1 1 0 1 1 1 1 1 
1 0 0 0 0 1 0 0 1 0 
1 1 0 2 0 1 1 0 0 0 
1 0 0 2 1 0 0 1 1 2 
0 0 0 1 0 1 0 0 0 0 
0 0 1 1 0 0 0 0 1 0 
0 1 1 3 1 1 1 0 0 2 
1 0 1 1 1 0 0 0 1 0 
1 0 0 1 1 0 0 0 1 0 
0 1 0 1 0 1 1 1 1 2 
0 0 0 0 0 0 0 0 0 1 
1 0 0 3 1 1 1 0 1 0 
0 0 0 0 0 0 0 0 0 0 
1 0 1 3 1 1 1 1 1 0 
1 1 1 3 1 1 1 1 1 2 
0 1 1 0 1 1 0 1 1 0 
0 1 1 2 0 0 0 0 0 1 
0 0 0 3 0 0 0 0 1 0 
1 0 1 0 0 0 1 0 1 2 
0 0 0 1 0 1 0 0 1 0 
1 1 1 1 1 0 1 0 1 0 
0 0 0 3 1 1 1 0 1 0 
0 0 1 3 0 0 0 1 1 0 
1 0 0 3 0 0 0 1 0 1 
0 0 0 1 1 0 1 0 0 1 
0 1 0 3 0 0 0 0 1 2 
0 0 0 0 0 0 0 0 1 0 
MFS
[ 1 , - , 1 , 1 , - , - , - , - , 1 , - ]
[ 1 , - , 1 , 2 , - , - , - , - , 1 , - ]
[ 1 , - , 1 , 3 , - , - , - , - , 1 , - ]
[ - , - , - , - , - , - , - , - , 0 , - ]
[ - , - , - , - , - , - , - , - , 1 , 1 ]
[ 1 , - , - , 3 , - , - , - , - , 1 , - ]
[ 1 , - , - , 1 , - , - , - , - , 1 , - ]
[ 1 , 1 , - , - , - , - , - , - , 1 , - ]
precise
0.125
recall
0.3333333333333333
F-measure
0.18181818181818182
multi
1
time
all 86 iden 1 gen 75
t-cover
214
all-cover
236
coveredNum
(1 : 92)  (2 : 45)  (3 : 42)  (4 : 17)  (5 : 5)  (6 : 6)  (7 : 11)  (8 : 10)  (9 : 2)  (10 : 5)  (11 : 1)  
real Identify
([ - , - , - , - , - , - , - , - , 0 , - ] : 1)  
testCase Num: 31
regaular Num: 31
identify Num: 0
0 0 0 0 0 0 0 0 1 2 
0 1 0 3 0 1 0 0 1 1 
0 0 0 1 0 0 0 0 0 2 
1 1 1 1 0 1 1 1 1 1 
1 1 0 1 1 0 1 0 1 2 
0 0 0 1 1 1 0 0 1 1 
0 0 0 2 0 0 0 0 1 1 
1 1 0 2 1 0 0 0 1 0 
1 0 0 1 0 0 0 0 1 2 
0 1 0 2 1 1 0 1 0 2 
1 1 1 0 0 0 0 1 0 2 
1 0 1 3 1 0 1 0 1 2 
1 0 0 0 1 1 1 1 1 0 
1 0 0 3 1 0 1 1 1 1 
0 0 0 3 0 0 0 1 0 0 
1 1 0 1 1 1 1 0 1 2 
1 0 0 3 0 0 0 0 1 0 
0 0 1 1 1 0 0 0 0 1 
0 0 0 0 0 0 0 0 0 1 
0 0 0 0 0 0 0 0 0 0 
1 0 0 3 1 1 1 1 1 1 
0 0 0 1 0 0 1 0 0 0 
0 1 0 1 0 0 0 1 1 0 
1 0 0 0 0 0 0 0 1 2 
0 1 0 1 1 1 1 0 1 2 
1 1 0 0 0 0 0 0 1 1 
0 0 0 3 0 0 0 0 1 0 
0 0 0 3 1 1 1 1 1 1 
0 0 0 3 0 0 0 0 1 2 
0 0 0 2 0 1 1 1 1 2 
1 1 1 2 0 0 1 0 0 0 
MFS
[ - , - , 1 , - , - , - , - , - , 1 , - ]
[ - , - , 0 , - , - , 0 , 1 , - , 1 , - ]
[ - , - , - , - , - , - , - , - , 0 , - ]
[ 1 , - , - , 3 , - , - , - , - , 1 , - ]
[ 1 , - , - , 1 , - , - , 1 , - , 1 , - ]
[ 1 , - , - , 1 , - , - , - , - , 1 , - ]
[ 1 , - , - , 2 , - , - , 1 , - , 1 , - ]
[ 1 , - , - , 3 , - , - , 1 , - , 1 , - ]
precise
0.125
recall
0.3333333333333333
F-measure
0.18181818181818182
multi
0
time
all 108 iden 2 gen 94
t-cover
213
all-cover
236
coveredNum
(1 : 94)  (2 : 39)  (3 : 39)  (4 : 25)  (5 : 11)  (6 : 5)  (7 : 7)  (8 : 4)  (9 : 5)  (10 : 6)  (14 : 1)  
real Identify
([ - , - , - , - , - , - , - , - , 0 , - ] : 1)  
testCase Num: 34
regaular Num: 34
identify Num: 0
1 0 0 1 0 1 1 0 1 0 
0 0 0 0 0 0 0 0 1 2 
1 1 0 3 0 0 0 0 0 1 
1 0 1 2 0 1 1 0 0 0 
1 1 0 3 1 1 0 0 1 0 
1 0 0 1 0 0 1 0 1 1 
1 0 0 1 0 0 1 0 1 0 
1 1 0 2 1 0 0 0 1 2 
0 1 0 3 1 1 0 0 1 0 
1 1 0 0 0 1 0 1 0 2 
0 1 0 0 0 0 1 0 1 0 
1 0 0 3 0 0 0 0 1 0 
0 0 1 0 0 0 0 0 0 0 
0 0 1 2 0 1 0 0 1 1 
1 0 0 3 0 0 0 0 1 1 
0 0 0 0 0 0 0 0 0 0 
1 1 0 3 0 0 0 0 1 1 
0 0 0 1 0 0 1 0 0 2 
0 0 0 1 0 0 0 0 1 2 
0 0 1 3 0 1 1 1 1 2 
0 0 0 2 0 0 0 1 0 1 
0 0 0 3 1 0 0 0 0 0 
0 1 1 1 0 0 0 1 1 0 
1 1 1 0 0 0 0 1 1 1 
0 0 0 3 0 0 0 0 1 1 
1 1 0 0 0 0 1 0 1 1 
0 0 0 1 0 1 0 0 1 0 
1 1 0 1 0 0 1 0 1 1 
1 1 1 1 1 1 1 1 0 1 
0 0 0 1 0 0 1 0 1 0 
0 0 0 0 1 1 1 0 1 1 
0 0 1 2 1 0 1 1 1 0 
0 0 0 1 1 0 0 1 1 1 
0 0 0 0 0 0 0 0 1 0 
MFS
[ 1 , 1 , - , - , - , 1 , - , - , 1 , - ]
[ 1 , - , - , - , - , 1 , - , - , 1 , - ]
[ 1 , - , - , - , - , - , - , - , 1 , 0 ]
[ - , - , - , - , - , - , - , - , 0 , - ]
[ 1 , - , - , 3 , - , - , - , - , 1 , - ]
[ 1 , - , - , 1 , - , - , - , - , 1 , - ]
[ 1 , 0 , - , - , - , - , - , - , 1 , - ]
precise
0.14285714285714285
recall
0.3333333333333333
F-measure
0.2
multi
2
time
all 86 iden 2 gen 76
t-cover
231
all-cover
236
coveredNum
(1 : 73)  (2 : 42)  (3 : 36)  (4 : 34)  (5 : 17)  (6 : 4)  (7 : 4)  (8 : 9)  (9 : 5)  (10 : 3)  (11 : 4)  (12 : 4)  (14 : 1)  
real Identify
([ - , - , - , - , - , - , - , - , 0 , - ] : 1)  
testCase Num: 33
regaular Num: 33
identify Num: 0
0 0 0 0 0 0 0 1 1 1 
0 1 1 1 1 0 0 1 1 1 
0 1 0 3 0 1 0 1 1 2 
1 1 1 3 0 0 1 1 1 0 
0 1 1 2 0 1 1 1 1 2 
0 0 1 3 0 1 1 1 0 2 
0 1 0 0 0 0 0 1 1 2 
0 0 0 0 1 0 1 1 1 0 
1 0 0 2 1 0 0 1 1 2 
0 0 0 3 1 0 0 1 1 1 
0 0 0 2 0 0 0 1 1 1 
0 0 0 2 0 0 0 1 1 0 
0 0 0 1 0 1 0 0 0 2 
1 0 0 1 0 0 0 1 1 1 
0 0 1 3 0 0 1 1 1 0 
1 0 1 0 0 0 0 1 1 1 
0 1 0 2 0 0 1 1 0 1 
0 0 0 1 0 1 1 1 1 1 
0 0 1 2 0 1 1 0 0 0 
0 0 0 0 0 0 0 0 0 1 
0 0 0 0 0 0 0 0 0 0 
1 1 0 3 0 0 0 0 1 1 
0 0 0 1 0 0 0 1 1 2 
1 1 1 1 1 1 1 0 1 1 
0 0 1 1 0 0 0 1 1 0 
0 1 1 0 1 1 0 1 1 0 
0 0 0 3 1 0 0 0 0 0 
1 1 1 1 1 0 0 1 1 1 
1 0 0 3 0 1 0 1 1 2 
1 0 0 1 0 0 0 1 0 0 
1 0 0 0 0 0 1 1 1 0 
1 1 1 0 1 0 1 0 0 2 
1 0 1 3 0 0 1 1 1 0 
MFS
[ 1 , 0 , - , - , - , 1 , - , - , 1 , - ]
[ - , - , - , - , - , - , - , - , 0 , - ]
[ - , - , - , - , - , - , - , 0 , 1 , - ]
[ 1 , - , - , 3 , - , - , - , - , 1 , - ]
[ 1 , - , - , 1 , - , - , - , - , 1 , - ]
[ 1 , 1 , - , - , - , - , - , - , 1 , - ]
precise
0.16666666666666666
recall
0.3333333333333333
F-measure
0.2222222222222222
multi
1
time
all 108 iden 2 gen 95
t-cover
212
all-cover
236
coveredNum
(1 : 87)  (2 : 32)  (3 : 33)  (4 : 30)  (5 : 18)  (6 : 8)  (8 : 4)  (9 : 6)  (10 : 4)  (11 : 3)  (12 : 6)  (13 : 2)  (14 : 2)  (17 : 1)  
real Identify
([ - , - , - , - , - , - , - , - , 0 , - ] : 1)  
testCase Num: 25
regaular Num: 25
identify Num: 0
0 1 1 3 0 1 1 0 0 2 
1 0 0 0 1 0 0 0 1 0 
0 0 0 1 0 0 0 0 0 2 
0 0 0 1 0 0 0 0 0 0 
1 0 0 0 0 1 0 0 1 0 
0 0 0 3 1 0 0 1 1 2 
0 0 0 2 1 1 1 0 1 0 
0 1 1 0 0 1 0 1 1 0 
0 0 0 3 0 0 0 0 0 1 
1 0 0 3 0 0 0 0 1 0 
0 0 0 0 0 0 0 0 0 0 
0 1 0 1 1 0 0 0 0 1 
0 0 0 0 0 0 0 0 0 2 
1 1 1 3 1 1 1 0 1 1 
1 0 1 1 1 1 1 1 1 1 
0 0 0 0 1 0 0 0 1 1 
0 0 1 2 0 0 0 0 0 1 
0 0 1 2 0 0 1 1 1 1 
0 0 1 0 0 1 1 0 1 2 
1 0 1 0 0 0 1 0 1 1 
0 0 0 3 0 0 0 0 1 0 
1 1 1 0 1 1 0 1 0 0 
0 1 1 3 1 1 1 0 1 1 
1 1 0 2 0 0 0 1 1 2 
1 0 0 3 0 0 0 0 0 0 
MFS
[ - , - , - , - , - , - , - , - , 0 , - ]
[ 1 , - , - , 3 , - , - , - , - , 1 , - ]
[ - , - , - , 1 , - , - , - , - , 1 , - ]
[ 1 , - , - , 1 , - , - , - , - , 1 , - ]
precise
0.25
recall
0.3333333333333333
F-measure
0.28571428571428575
multi
1
time
all 71 iden 2 gen 62
t-cover
217
all-cover
236
coveredNum
(1 : 96)  (2 : 43)  (3 : 41)  (4 : 30)  (5 : 13)  (6 : 5)  (7 : 5)  (8 : 2)  (9 : 1)  
real Identify
([ - , - , - , - , - , - , - , - , 0 , - ] : 1)  
