testCase Num: 61
regaular Num: 61
identify Num: 0
0 0 0 0 0 0 0 0 1 2 
0 1 1 1 1 0 1 1 0 0 
0 0 0 2 1 0 1 0 1 1 
0 0 0 1 1 1 0 1 1 2 
0 1 0 0 1 1 0 0 0 2 
0 1 0 1 1 1 0 0 1 1 
1 1 1 0 0 0 0 0 1 1 
1 1 0 2 1 0 1 0 0 0 
0 1 1 2 0 0 0 0 1 1 
1 0 0 2 0 0 0 0 0 2 
0 0 0 3 1 1 0 0 1 1 
1 1 1 2 0 0 1 1 1 0 
0 1 1 1 1 0 1 1 1 0 
1 0 1 3 0 0 1 1 0 0 
0 0 0 0 0 0 0 0 0 0 
1 0 0 2 0 1 0 1 0 1 
1 1 1 3 0 0 0 0 1 2 
1 0 0 0 1 0 1 0 1 1 
0 1 1 0 1 0 1 0 0 0 
0 0 0 2 1 0 0 1 1 0 
1 0 1 0 0 1 1 0 1 2 
0 0 0 1 0 0 0 1 1 1 
1 1 1 1 0 1 1 0 0 2 
0 0 1 3 1 0 1 0 1 1 
0 0 0 3 1 0 1 1 1 2 
0 1 0 3 0 1 0 1 0 2 
0 1 1 2 0 0 0 1 0 1 
1 1 0 2 0 0 0 0 1 2 
1 1 0 0 0 1 0 1 1 0 
0 0 0 2 1 0 0 1 0 0 
0 0 0 0 0 0 0 1 1 0 
0 1 1 3 0 1 0 0 1 2 
0 0 0 1 0 0 0 0 0 2 
1 1 1 0 1 0 0 1 1 2 
1 0 0 2 0 1 0 1 1 1 
0 1 1 0 1 1 1 1 1 1 
0 0 1 0 1 0 1 0 1 0 
0 0 0 2 0 0 0 0 1 0 
0 1 0 3 1 0 0 0 1 0 
0 1 0 1 0 0 1 1 1 2 
1 0 0 1 0 0 1 1 0 1 
0 1 0 2 1 1 1 0 1 2 
0 0 0 3 0 0 0 1 0 1 
0 0 1 1 0 1 1 0 1 2 
0 0 1 1 0 0 0 0 1 0 
0 1 1 3 0 0 1 0 1 0 
0 0 0 3 0 1 1 1 1 0 
1 0 0 1 1 0 0 1 1 2 
1 0 1 2 1 1 0 0 1 0 
1 0 1 0 0 0 1 1 0 2 
0 0 1 2 0 0 1 1 1 2 
1 0 1 3 0 1 0 0 1 1 
0 0 0 2 0 0 0 0 0 0 
0 0 0 3 0 0 1 0 0 2 
0 0 1 0 0 1 0 0 0 1 
0 0 1 3 1 1 0 1 0 2 
1 1 0 3 1 0 1 0 0 1 
0 0 0 1 0 1 0 0 1 0 
0 0 1 1 0 0 1 0 1 1 
1 0 0 1 0 1 0 1 0 0 
0 1 1 3 0 0 0 1 1 1 
MFS
[ - , - , - , - , - , - , - , - , 0 , - ]
[ 1 , - , - , 3 , - , - , - , - , 1 , - ]
[ 1 , - , - , 1 , - , - , - , - , 1 , - ]
precise
0.3333333333333333
recall
0.3333333333333333
F-measure
0.3333333333333333
multi
5
time
all 341 iden 1 gen 314
t-cover
1392
all-cover
1424
coveredNum
(1 : 415)  (2 : 300)  (3 : 245)  (4 : 152)  (5 : 107)  (6 : 72)  (7 : 35)  (8 : 32)  (9 : 24)  (10 : 12)  (11 : 8)  (12 : 8)  (13 : 7)  (14 : 2)  (15 : 2)  (16 : 1)  (17 : 1)  (18 : 1)  
real Identify
([ - , - , - , - , - , - , - , - , 0 , - ] : 1)  
testCase Num: 72
regaular Num: 72
identify Num: 0
0 0 0 0 0 0 0 0 1 2 
1 1 0 3 0 0 1 0 1 2 
0 0 1 0 0 0 0 0 1 2 
0 0 0 3 0 1 0 0 1 2 
0 0 1 0 1 1 0 1 0 2 
0 1 1 0 0 1 1 0 1 0 
0 0 1 3 1 0 1 1 0 0 
1 0 0 2 1 0 1 1 0 1 
0 0 0 0 0 1 0 0 1 1 
0 0 0 2 0 0 1 0 0 0 
0 0 0 1 0 1 0 1 0 2 
0 1 0 2 1 1 1 1 1 2 
1 1 1 3 1 0 0 0 0 1 
0 0 1 1 0 1 1 1 1 0 
0 0 0 3 0 0 1 0 1 2 
1 1 0 2 0 0 1 1 1 0 
0 0 0 0 0 0 0 0 0 0 
0 1 1 3 0 1 0 0 0 2 
1 0 0 3 1 1 1 1 1 0 
0 0 1 1 1 0 1 0 1 2 
0 0 1 2 1 0 0 0 1 2 
1 0 1 2 0 1 1 0 1 2 
1 1 0 1 1 0 0 1 1 2 
0 0 0 2 0 0 0 1 0 2 
0 0 1 1 0 0 0 0 1 1 
0 1 0 1 0 0 0 0 1 0 
0 1 0 1 1 1 1 1 1 1 
0 0 0 0 0 1 0 0 0 1 
1 1 0 0 1 1 0 0 1 0 
0 1 1 1 0 0 1 0 0 2 
0 1 1 1 0 0 0 1 1 2 
0 0 0 3 0 0 0 0 1 1 
1 1 1 0 0 0 0 0 1 2 
1 0 1 0 1 1 0 0 1 0 
0 0 1 3 1 1 1 0 1 1 
1 0 0 1 0 1 0 0 0 1 
1 1 0 0 0 1 1 0 0 2 
0 0 1 1 0 0 0 0 0 1 
0 0 0 1 1 1 0 0 1 0 
1 1 0 2 0 1 0 0 1 0 
1 0 1 1 0 0 1 1 1 0 
0 1 1 3 1 0 0 0 1 2 
0 0 1 2 0 0 0 0 1 0 
0 1 1 2 0 0 0 1 1 1 
1 0 0 1 0 0 0 0 1 1 
0 0 1 2 1 1 0 1 0 0 
0 0 0 3 0 0 0 1 0 1 
0 1 0 0 1 0 0 0 1 1 
0 1 0 0 1 0 1 1 0 1 
1 0 0 2 1 1 0 1 1 1 
0 0 0 0 0 0 0 1 0 0 
0 0 0 2 1 0 0 0 1 0 
0 1 0 2 1 0 1 0 0 2 
0 0 1 0 1 0 0 1 1 0 
0 0 1 1 1 1 0 0 0 0 
1 1 0 0 0 0 0 0 1 1 
0 0 0 2 0 0 1 0 1 1 
1 0 0 3 1 0 1 1 0 2 
1 0 1 0 0 0 1 1 1 1 
1 0 0 3 1 0 0 0 1 0 
1 1 0 0 1 1 1 1 1 2 
1 1 0 3 0 1 1 1 0 0 
1 1 1 3 0 1 0 1 1 1 
0 0 1 3 0 0 0 0 1 0 
0 0 0 3 0 0 0 1 1 2 
0 0 0 1 0 1 0 0 1 2 
0 1 0 3 1 1 1 1 1 0 
1 0 1 1 1 0 1 1 1 0 
0 1 0 3 0 0 0 0 1 0 
1 1 1 1 1 1 0 1 1 2 
0 1 1 3 0 0 0 1 1 1 
0 0 0 2 0 1 0 0 0 1 
MFS
[ 1 , - , - , - , 1 , 0 , - , - , 1 , - ]
[ - , - , - , - , - , - , - , - , 0 , - ]
[ 1 , - , - , 3 , - , - , - , - , 1 , - ]
[ 1 , - , - , 1 , - , - , - , - , 1 , - ]
precise
0.25
recall
0.3333333333333333
F-measure
0.28571428571428575
multi
4
time
all 409 iden 1 gen 369
t-cover
1391
all-cover
1424
coveredNum
(1 : 415)  (2 : 274)  (3 : 214)  (4 : 155)  (5 : 106)  (6 : 85)  (7 : 51)  (8 : 25)  (9 : 27)  (10 : 16)  (11 : 13)  (12 : 7)  (13 : 6)  (14 : 8)  (15 : 5)  (16 : 4)  (17 : 2)  (18 : 4)  (19 : 3)  (20 : 1)  (21 : 3)  
real Identify
([ - , - , - , - , - , - , - , - , 0 , - ] : 1)  
testCase Num: 63
regaular Num: 63
identify Num: 0
0 0 0 0 0 0 0 0 1 2 
0 0 0 3 0 1 0 0 1 0 
1 1 1 1 1 0 0 1 0 2 
0 0 1 1 1 1 0 1 1 2 
1 0 0 0 1 1 0 1 1 1 
0 0 0 2 0 0 0 1 1 0 
0 0 1 3 0 0 0 0 0 2 
0 0 1 0 0 1 1 1 0 2 
1 0 0 1 1 1 0 0 0 1 
0 0 0 1 0 1 1 1 1 0 
0 0 1 3 1 1 0 0 1 1 
1 0 0 0 0 0 0 1 1 0 
0 0 0 3 0 0 1 0 1 1 
0 1 0 1 0 1 1 0 1 2 
1 0 1 0 1 0 1 0 1 0 
0 1 1 3 0 0 1 1 1 0 
0 1 0 3 1 1 0 1 1 2 
1 0 1 3 1 1 1 0 1 0 
0 0 0 0 0 0 0 0 0 0 
0 1 0 0 0 0 1 1 1 1 
0 0 1 1 0 0 0 0 1 2 
0 0 0 3 1 0 0 1 0 0 
0 1 0 3 1 0 1 0 1 0 
0 1 0 1 0 0 1 1 0 0 
0 1 1 1 0 0 0 1 1 1 
0 1 1 1 1 1 1 0 1 1 
0 0 1 2 1 1 0 0 1 0 
0 1 1 1 0 0 1 0 1 0 
0 1 0 2 0 0 1 0 1 0 
1 0 1 0 0 0 0 0 0 1 
1 1 0 3 0 1 1 0 0 2 
0 0 0 1 0 1 1 0 0 2 
0 0 0 3 0 0 1 1 0 0 
0 0 0 3 0 0 0 0 1 2 
1 1 1 0 1 0 1 0 0 0 
0 1 0 3 0 0 0 1 1 1 
0 0 0 1 1 0 0 0 1 0 
1 1 1 3 0 0 0 1 0 1 
0 0 0 3 1 0 0 1 1 0 
1 1 0 2 0 1 0 0 1 0 
1 0 0 0 0 0 0 0 0 2 
0 0 0 2 0 0 0 0 1 1 
0 1 1 2 0 0 1 0 0 1 
0 1 0 0 0 1 0 0 1 0 
0 0 1 2 1 1 0 1 0 0 
0 1 1 0 1 0 0 0 1 2 
0 1 0 3 0 0 0 0 0 0 
1 1 1 0 0 1 1 1 1 2 
0 0 0 2 0 1 0 0 1 2 
1 0 1 1 0 1 0 1 1 0 
0 0 0 0 0 0 0 1 0 0 
0 0 1 3 0 1 1 0 1 2 
0 1 0 2 1 0 0 1 1 1 
0 0 0 1 0 0 0 0 1 1 
1 0 1 2 0 1 1 1 1 1 
1 0 0 2 1 0 1 1 1 2 
1 0 0 1 0 0 1 1 1 1 
0 0 0 3 1 1 0 0 0 1 
1 0 0 2 1 0 1 0 0 0 
0 1 1 2 0 0 0 0 0 2 
1 1 1 0 1 0 0 0 1 1 
0 0 0 2 0 1 0 0 0 2 
1 1 1 2 0 0 0 0 1 2 
MFS
[ - , - , - , - , - , - , - , - , 0 , - ]
[ 1 , - , - , 3 , - , - , - , - , 1 , - ]
[ 1 , - , - , 1 , - , - , - , - , 1 , - ]
precise
0.3333333333333333
recall
0.3333333333333333
F-measure
0.3333333333333333
multi
4
time
all 362 iden 1 gen 332
t-cover
1392
all-cover
1424
coveredNum
(1 : 411)  (2 : 290)  (3 : 227)  (4 : 158)  (5 : 109)  (6 : 80)  (7 : 36)  (8 : 29)  (9 : 23)  (10 : 18)  (11 : 11)  (12 : 5)  (13 : 9)  (14 : 4)  (15 : 6)  (16 : 3)  (18 : 1)  (19 : 4)  
real Identify
([ - , - , - , - , - , - , - , - , 0 , - ] : 1)  
testCase Num: 65
regaular Num: 65
identify Num: 0
0 1 0 3 0 1 0 1 1 1 
0 0 0 0 0 0 0 0 1 2 
0 0 0 2 1 0 0 0 0 2 
0 0 0 3 1 0 0 0 1 1 
0 1 0 0 1 1 0 0 0 2 
1 0 1 0 0 0 1 0 0 1 
1 1 1 0 1 1 0 0 1 2 
0 0 1 3 0 0 1 0 1 1 
1 0 0 2 0 0 0 0 0 0 
0 1 1 1 0 1 0 0 0 1 
1 0 0 0 0 1 1 1 1 2 
1 0 1 1 1 0 0 0 1 2 
1 1 1 0 1 0 0 1 0 0 
0 1 1 1 0 1 1 0 1 1 
1 0 0 1 0 1 0 1 1 1 
0 0 1 2 0 1 0 1 1 0 
0 0 0 0 0 0 0 0 0 0 
1 1 0 1 1 1 1 0 1 0 
1 1 1 2 0 1 1 1 1 1 
1 1 0 3 0 1 0 1 1 0 
1 0 1 3 1 0 1 1 1 0 
1 0 1 3 0 1 1 0 0 1 
0 1 0 1 0 0 1 1 0 0 
1 1 1 0 0 0 1 1 1 0 
0 1 1 3 1 0 1 1 1 0 
0 0 0 3 0 0 0 0 1 1 
0 0 0 3 0 0 0 0 1 0 
0 1 0 1 1 0 0 1 1 2 
0 1 0 0 0 0 0 0 1 1 
0 0 1 2 1 0 1 1 1 2 
0 0 0 1 0 0 1 0 1 2 
1 1 0 1 0 1 0 0 0 2 
0 1 1 2 1 0 0 0 0 0 
0 1 1 0 1 1 1 1 1 1 
0 0 1 1 1 1 0 0 1 2 
0 0 0 1 1 1 0 0 1 0 
0 1 0 1 0 0 1 1 1 0 
1 1 0 2 0 1 1 1 0 2 
0 0 0 2 0 0 0 0 1 1 
1 0 0 2 1 0 1 0 1 1 
0 0 1 3 1 1 0 1 1 2 
1 0 0 0 0 0 0 0 1 0 
0 0 1 1 0 0 0 0 1 0 
0 1 1 3 0 0 0 0 0 0 
0 1 0 3 0 0 1 0 1 2 
1 1 0 2 1 1 0 0 1 0 
0 0 0 2 0 1 0 0 1 2 
0 0 1 0 0 0 0 0 0 2 
0 0 0 1 0 0 0 0 1 1 
0 1 0 3 1 0 0 1 0 1 
0 0 1 1 0 0 0 1 1 0 
0 0 0 3 1 0 0 0 0 0 
0 0 0 1 1 1 1 1 1 1 
0 1 0 2 0 0 1 1 1 0 
0 0 1 3 1 1 0 1 0 2 
0 0 0 2 1 1 1 1 0 0 
0 0 0 3 1 1 1 0 1 0 
1 0 0 3 0 0 0 0 0 2 
0 0 0 0 1 1 1 0 1 0 
0 0 1 1 1 0 1 1 0 2 
0 0 0 1 1 0 1 0 0 1 
1 1 1 2 0 0 0 0 1 2 
1 0 1 0 1 0 0 1 1 1 
0 0 0 2 0 1 0 0 0 1 
1 1 1 2 0 0 1 1 0 1 
MFS
[ - , - , - , - , - , - , - , - , 0 , - ]
[ 1 , - , - , 3 , - , - , - , - , 1 , - ]
[ 1 , - , - , 1 , - , - , - , - , 1 , - ]
precise
0.3333333333333333
recall
0.3333333333333333
F-measure
0.3333333333333333
multi
3
time
all 350 iden 0 gen 310
t-cover
1392
all-cover
1424
coveredNum
(1 : 417)  (2 : 300)  (3 : 230)  (4 : 160)  (5 : 105)  (6 : 79)  (7 : 30)  (8 : 28)  (9 : 15)  (10 : 14)  (11 : 14)  (12 : 6)  (13 : 8)  (14 : 6)  (15 : 3)  (16 : 4)  (17 : 3)  (18 : 1)  (19 : 1)  
real Identify
([ - , - , - , - , - , - , - , - , 0 , - ] : 1)  
testCase Num: 60
regaular Num: 60
identify Num: 0
1 0 1 2 0 1 1 1 0 1 
0 1 1 2 0 1 1 1 1 2 
0 0 0 1 1 1 1 0 0 1 
1 0 0 0 0 0 1 1 1 2 
0 1 0 1 0 0 1 0 1 0 
0 0 0 2 0 0 1 0 0 2 
0 0 1 3 0 0 0 0 0 2 
1 1 1 3 1 0 0 0 0 1 
0 0 0 1 0 1 1 1 1 2 
0 0 1 3 0 0 1 0 1 2 
0 1 0 0 0 1 0 1 1 2 
1 0 1 0 0 1 0 1 0 1 
1 0 0 3 0 0 0 0 1 0 
0 0 0 0 0 0 0 0 0 0 
0 0 0 3 0 1 1 0 1 1 
1 0 0 1 0 0 0 0 0 1 
0 0 1 3 0 0 1 0 0 0 
0 0 0 1 0 1 1 0 0 0 
0 0 0 0 1 0 0 1 0 1 
0 1 1 2 0 0 0 1 0 2 
1 1 1 0 1 0 0 1 1 0 
0 1 0 3 0 0 0 1 1 0 
0 1 0 3 0 1 0 0 1 2 
0 0 0 0 0 0 0 1 1 1 
0 1 0 1 1 0 0 1 1 0 
0 1 1 1 1 0 0 1 1 2 
0 0 0 3 0 1 1 0 0 1 
1 0 1 0 0 1 0 0 1 1 
1 0 0 0 0 1 0 0 1 0 
0 0 1 0 1 0 1 0 1 2 
1 0 0 0 0 0 0 0 0 2 
0 1 1 3 1 0 0 0 1 1 
0 0 0 3 1 0 0 1 1 2 
1 1 0 0 1 1 1 0 1 1 
0 0 0 2 0 0 0 0 1 1 
0 1 0 0 0 1 1 1 0 2 
0 0 0 0 0 1 1 0 1 0 
1 0 0 1 0 0 1 1 0 2 
0 1 1 2 1 1 0 0 0 0 
0 0 0 2 0 1 0 0 1 1 
0 1 1 1 0 1 1 1 1 1 
1 0 0 2 1 1 0 1 1 2 
0 1 0 3 0 0 1 0 1 0 
1 1 1 1 1 1 0 0 0 2 
0 0 0 1 1 0 1 0 1 1 
0 1 0 2 1 0 1 0 0 1 
0 0 0 1 0 0 0 0 1 2 
1 0 1 2 0 0 1 0 1 0 
0 0 0 1 0 0 0 0 1 1 
0 0 0 2 0 0 1 0 1 0 
1 0 1 1 0 0 0 0 1 0 
1 0 0 3 1 0 1 1 0 2 
1 1 1 2 1 0 1 1 1 1 
1 1 0 3 0 1 1 1 0 0 
0 0 1 1 1 1 0 0 1 0 
0 0 0 3 0 0 0 1 1 1 
0 1 1 2 1 1 0 0 1 0 
0 0 1 3 1 1 1 1 1 0 
1 1 0 2 0 0 0 1 1 0 
1 1 1 2 0 0 0 0 1 2 
MFS
[ - , - , - , - , - , - , - , - , 0 , - ]
[ 1 , - , - , 3 , - , - , - , - , 1 , - ]
[ 1 , - , - , 1 , - , - , - , - , 1 , - ]
precise
0.3333333333333333
recall
0.3333333333333333
F-measure
0.3333333333333333
multi
6
time
all 308 iden 0 gen 281
t-cover
1392
all-cover
1424
coveredNum
(1 : 407)  (2 : 301)  (3 : 242)  (4 : 144)  (5 : 114)  (6 : 73)  (7 : 41)  (8 : 28)  (9 : 23)  (10 : 12)  (11 : 15)  (12 : 6)  (13 : 3)  (14 : 4)  (15 : 5)  (16 : 3)  (18 : 3)  
real Identify
([ - , - , - , - , - , - , - , - , 0 , - ] : 1)  
testCase Num: 64
regaular Num: 64
identify Num: 0
1 0 1 3 1 1 1 0 0 0 
0 0 0 3 0 1 0 0 1 0 
0 1 0 2 0 1 1 1 1 0 
0 0 0 1 0 0 1 1 1 1 
0 0 1 0 1 1 0 1 0 2 
0 1 1 0 0 0 1 0 0 1 
0 1 0 0 0 0 0 1 1 1 
1 1 1 0 0 0 0 0 1 0 
0 0 1 2 1 1 0 0 0 1 
0 1 0 2 0 0 0 0 1 2 
1 0 0 3 0 0 0 0 1 0 
1 0 0 1 0 1 1 0 0 2 
0 0 0 2 1 0 0 1 1 1 
0 0 0 0 0 0 0 0 0 0 
0 0 0 3 0 1 1 0 1 1 
0 0 0 2 1 0 1 0 0 0 
0 0 0 0 0 0 0 0 0 2 
1 1 0 2 0 1 1 0 1 1 
0 0 0 3 1 0 1 1 1 1 
0 0 1 3 1 0 0 0 0 1 
0 0 1 2 0 0 0 0 0 0 
0 1 1 1 1 1 1 0 1 1 
0 1 0 0 1 1 1 0 1 0 
0 0 0 3 0 0 0 0 1 2 
0 1 1 3 1 1 1 1 1 2 
1 0 0 0 0 1 0 0 1 2 
0 1 1 3 0 0 1 1 0 0 
1 1 0 2 1 1 0 1 0 2 
0 1 0 3 0 0 0 1 1 0 
0 1 1 3 0 0 0 0 1 2 
0 1 0 1 1 0 0 1 1 2 
0 0 0 1 0 0 0 0 0 1 
1 0 1 0 0 1 0 0 1 1 
0 0 0 1 0 0 0 0 0 0 
1 1 0 3 0 1 0 1 0 1 
0 1 1 3 1 0 0 0 1 1 
1 1 0 2 1 0 0 0 1 0 
0 1 1 2 0 0 0 1 1 1 
1 0 1 0 0 0 1 1 0 0 
1 1 1 1 1 0 1 1 0 0 
0 0 1 3 1 0 1 0 1 0 
1 0 1 2 0 0 1 1 1 2 
0 0 0 1 1 0 1 0 1 2 
0 1 1 1 1 0 1 0 1 0 
0 1 0 3 1 1 1 1 0 2 
0 1 0 1 0 1 0 1 0 0 
0 0 1 0 0 0 1 0 1 2 
1 0 0 0 1 0 1 1 1 1 
0 1 0 1 1 0 0 0 0 2 
1 1 0 0 1 0 1 1 1 2 
1 0 0 1 1 0 0 1 1 1 
0 0 0 1 0 0 0 0 1 0 
0 0 1 1 0 0 0 1 1 0 
0 0 0 2 0 0 0 0 0 2 
0 0 1 2 1 1 1 0 1 0 
1 0 1 0 1 1 0 1 1 0 
0 0 0 2 1 1 0 0 1 2 
0 0 1 1 0 1 0 1 1 2 
1 0 0 0 0 0 1 0 1 0 
0 1 0 0 1 0 0 1 0 1 
1 1 0 2 0 0 1 0 0 1 
1 0 0 3 0 0 0 0 0 2 
0 1 1 1 0 1 0 0 1 0 
0 1 0 1 0 1 0 1 1 1 
MFS
[ - , - , - , - , - , - , - , - , 0 , - ]
[ 1 , - , - , 3 , - , - , - , - , 1 , - ]
[ 1 , - , - , 1 , - , - , - , - , 1 , - ]
precise
0.3333333333333333
recall
0.3333333333333333
F-measure
0.3333333333333333
multi
5
time
all 326 iden 0 gen 301
t-cover
1392
all-cover
1424
coveredNum
(1 : 394)  (2 : 271)  (3 : 242)  (4 : 161)  (5 : 123)  (6 : 85)  (7 : 41)  (8 : 37)  (9 : 19)  (10 : 20)  (11 : 5)  (12 : 13)  (13 : 4)  (14 : 3)  (15 : 1)  (16 : 4)  (17 : 1)  
real Identify
([ - , - , - , - , - , - , - , - , 0 , - ] : 1)  
testCase Num: 71
regaular Num: 71
identify Num: 0
1 0 0 0 1 0 0 1 1 1 
0 0 0 2 1 0 0 0 0 2 
0 0 1 0 0 0 0 0 1 2 
0 1 0 3 0 1 0 1 1 0 
0 1 1 2 0 1 0 1 0 1 
1 0 0 1 1 0 0 0 0 1 
0 1 0 0 0 0 1 0 0 1 
0 0 0 1 0 0 1 1 1 0 
1 0 0 2 1 0 0 0 1 1 
0 1 1 2 0 0 0 0 1 2 
1 0 0 0 1 1 0 0 0 0 
1 0 0 0 0 0 0 1 1 0 
0 0 0 1 0 1 0 1 0 0 
0 0 0 0 0 0 0 0 0 0 
0 1 0 2 1 0 1 1 0 1 
0 1 0 2 0 1 0 1 1 1 
1 0 0 2 0 1 1 1 1 2 
0 1 0 3 1 0 0 0 0 1 
1 1 1 1 0 0 0 0 1 0 
0 0 1 0 1 0 0 0 1 0 
0 1 0 1 0 0 0 0 1 0 
0 1 0 0 1 1 0 1 1 2 
1 1 0 0 0 0 0 1 1 2 
1 0 0 3 0 1 1 1 0 2 
0 0 1 2 0 0 1 0 1 1 
0 0 0 3 0 0 0 0 1 1 
0 1 1 1 1 1 1 0 1 2 
1 0 1 1 0 0 0 1 0 2 
1 1 0 3 0 1 1 0 0 0 
0 0 0 3 1 1 1 1 1 2 
1 1 0 1 0 0 1 1 1 0 
0 0 1 3 0 0 0 1 1 0 
1 1 1 0 1 0 1 0 0 2 
0 0 1 2 1 0 1 1 1 0 
0 1 1 3 0 0 0 0 1 2 
1 0 0 0 1 0 0 0 1 2 
0 0 0 1 0 0 0 0 0 2 
0 1 1 0 0 0 0 0 1 1 
0 0 0 1 0 0 1 0 1 1 
0 0 1 3 1 0 1 0 0 0 
0 1 0 0 1 1 0 1 0 2 
0 1 1 1 1 1 0 1 1 1 
1 0 1 3 0 1 1 0 1 1 
1 1 0 0 1 1 1 0 1 1 
0 0 1 2 0 0 1 1 0 0 
0 0 0 3 1 1 0 1 1 0 
0 0 1 3 1 0 1 0 1 0 
1 0 0 0 0 0 0 0 1 1 
1 1 0 1 0 0 0 1 1 1 
0 0 1 1 0 0 0 0 1 0 
1 1 0 2 0 0 1 0 1 0 
1 0 0 1 0 1 0 0 1 0 
0 0 0 2 1 0 0 0 1 2 
1 1 0 1 0 1 1 0 0 1 
0 0 1 3 0 1 1 0 1 1 
0 0 0 1 1 0 1 0 1 0 
0 0 0 1 0 0 1 1 0 0 
0 0 1 1 0 0 0 1 1 2 
1 1 0 1 1 0 0 0 1 2 
0 1 0 3 1 0 1 1 1 1 
0 0 1 0 0 1 0 0 0 1 
0 0 0 3 1 1 0 0 0 2 
1 0 0 0 1 1 0 0 1 0 
1 1 0 3 1 0 0 1 1 0 
1 0 0 0 0 0 1 0 1 2 
0 1 1 0 0 1 1 1 1 0 
0 0 1 3 0 0 1 1 0 1 
0 0 0 1 0 1 0 0 1 2 
0 1 1 2 1 1 0 0 1 0 
0 1 0 1 0 1 0 1 1 0 
1 0 1 2 1 1 0 0 0 0 
MFS
[ 1 , - , 0 , 3 , - , - , - , - , 1 , - ]
[ - , - , - , - , - , - , - , - , 0 , - ]
[ 1 , - , 1 , - , - , - , - , - , 1 , - ]
[ 1 , - , - , 3 , - , - , - , - , 1 , - ]
[ 1 , - , - , 1 , - , - , - , - , 1 , - ]
precise
0.2
recall
0.3333333333333333
F-measure
0.25
multi
5
time
all 398 iden 1 gen 365
t-cover
1376
all-cover
1424
coveredNum
(1 : 408)  (2 : 239)  (3 : 230)  (4 : 140)  (5 : 116)  (6 : 99)  (7 : 44)  (8 : 49)  (9 : 25)  (10 : 21)  (11 : 16)  (12 : 8)  (13 : 8)  (14 : 4)  (15 : 3)  (16 : 5)  (17 : 4)  (18 : 3)  (19 : 2)  
real Identify
([ - , - , - , - , - , - , - , - , 0 , - ] : 1)  
testCase Num: 75
regaular Num: 75
identify Num: 0
1 0 1 1 0 1 0 0 0 1 
0 1 0 1 1 0 0 0 1 2 
1 1 1 1 0 1 1 1 1 0 
0 0 0 1 0 0 1 1 1 1 
1 0 1 2 0 1 0 0 1 1 
0 0 1 3 1 0 0 0 1 1 
0 0 1 1 0 0 1 1 1 2 
0 0 0 3 1 0 0 0 1 0 
1 0 1 1 1 1 0 0 1 0 
0 1 1 2 0 0 0 0 1 2 
1 0 0 1 0 0 0 1 1 2 
0 0 0 3 0 0 1 0 1 0 
0 1 1 1 0 1 1 0 1 0 
0 0 1 2 1 0 0 0 1 0 
0 1 0 3 0 0 1 1 1 2 
0 1 0 3 0 0 0 1 0 1 
1 0 0 3 0 0 0 0 1 1 
0 0 0 0 0 0 0 0 0 0 
0 1 0 2 0 1 0 1 1 0 
1 1 1 3 0 0 1 1 0 2 
0 0 0 2 0 0 0 1 0 2 
1 0 0 3 0 1 0 0 1 1 
1 0 0 2 1 0 0 0 0 0 
1 1 1 0 1 1 1 0 0 0 
0 1 0 2 0 0 1 0 1 1 
1 0 0 0 0 0 1 1 1 0 
0 0 0 1 0 1 0 1 1 0 
0 0 0 1 0 0 1 0 1 0 
0 1 1 3 0 0 0 0 1 1 
1 0 0 2 1 1 1 0 1 2 
1 1 0 0 0 1 0 1 1 2 
0 1 1 3 1 1 1 1 1 0 
0 1 0 3 0 1 0 0 1 2 
1 0 0 2 0 1 0 1 1 2 
1 0 0 0 1 0 0 0 1 1 
0 0 1 2 1 0 1 1 1 1 
0 1 0 0 1 0 1 1 1 0 
1 0 0 3 0 1 0 0 0 0 
1 1 0 1 0 0 1 0 1 0 
0 0 1 1 0 0 0 0 0 2 
0 0 1 3 1 0 0 1 1 2 
0 1 0 1 1 1 1 0 0 2 
0 1 1 1 1 1 0 1 1 1 
0 1 0 2 0 0 1 0 0 0 
0 0 0 0 0 1 1 0 1 0 
0 0 1 0 0 1 1 0 0 2 
1 0 1 0 0 0 0 0 1 2 
1 0 0 0 0 0 0 0 1 0 
0 0 1 3 1 1 1 0 0 1 
1 0 0 1 0 1 0 0 1 2 
0 0 1 2 0 1 1 1 0 0 
1 0 0 1 0 1 0 0 1 1 
0 0 0 1 1 0 1 0 1 0 
1 0 1 3 1 1 1 1 1 2 
0 0 0 0 1 1 1 0 0 1 
1 0 1 2 0 1 0 1 0 1 
0 0 1 0 1 1 0 0 1 2 
1 1 0 3 1 1 1 1 1 1 
0 0 0 3 0 1 1 1 1 1 
0 0 0 0 1 0 0 0 1 1 
0 0 0 3 1 0 0 0 0 2 
1 1 1 0 0 0 1 0 1 1 
1 1 0 2 1 0 0 0 0 1 
1 0 1 3 1 0 0 1 1 0 
1 1 1 3 0 1 0 1 1 0 
1 0 0 0 0 0 1 0 1 2 
0 0 1 0 1 0 0 1 0 2 
0 0 0 1 0 1 0 0 1 2 
0 0 1 1 0 1 1 0 0 0 
0 0 0 1 0 1 0 0 1 1 
1 0 0 0 0 1 0 1 1 1 
1 0 1 1 1 0 0 1 0 0 
1 0 1 0 1 0 0 1 1 0 
0 1 0 3 1 1 0 1 0 0 
1 1 0 2 1 1 1 0 1 0 
MFS
[ 1 , - , - , 1 , - , 0 , - , - , 1 , - ]
[ - , - , - , - , - , - , - , - , 0 , - ]
[ 1 , - , - , 3 , - , 0 , - , - , 1 , - ]
[ 1 , - , - , 2 , - , 0 , - , - , 1 , - ]
[ 1 , - , - , 3 , - , - , - , - , 1 , - ]
[ 1 , - , - , 1 , - , - , - , - , 1 , - ]
precise
0.16666666666666666
recall
0.3333333333333333
F-measure
0.2222222222222222
multi
4
time
all 399 iden 2 gen 358
t-cover
1391
all-cover
1424
coveredNum
(1 : 397)  (2 : 235)  (3 : 235)  (4 : 169)  (5 : 112)  (6 : 74)  (7 : 52)  (8 : 46)  (9 : 36)  (10 : 19)  (11 : 18)  (12 : 8)  (13 : 6)  (14 : 1)  (15 : 3)  (16 : 5)  (17 : 6)  (18 : 2)  
real Identify
([ - , - , - , - , - , - , - , - , 0 , - ] : 1)  
testCase Num: 60
regaular Num: 60
identify Num: 0
0 0 0 0 0 0 0 0 1 1 
0 1 0 1 1 0 0 0 1 2 
0 1 0 0 0 0 1 0 0 0 
0 0 1 3 0 1 0 0 1 2 
0 1 0 3 1 0 1 0 0 2 
0 0 1 3 1 0 0 0 1 0 
1 0 0 0 0 0 1 1 1 2 
0 1 0 1 0 0 1 0 1 0 
0 0 0 2 0 0 1 0 0 2 
0 0 0 3 0 0 0 0 0 0 
1 0 1 3 1 0 0 1 0 1 
1 0 1 0 0 0 1 0 0 1 
0 0 0 3 0 0 1 0 1 1 
1 1 0 1 0 0 0 0 1 2 
0 0 1 2 0 1 0 1 1 2 
1 1 0 1 1 1 0 1 0 0 
1 1 1 2 0 0 1 1 1 0 
1 0 1 3 1 1 1 0 1 0 
0 1 0 3 1 1 0 1 1 1 
0 0 0 0 0 0 0 0 0 0 
1 0 1 0 0 1 1 0 1 2 
0 0 0 1 0 0 0 1 1 0 
0 0 1 1 1 1 1 1 1 2 
0 1 1 3 1 0 1 1 1 2 
0 1 1 1 0 0 0 1 1 1 
0 0 0 2 1 1 1 0 0 1 
1 0 1 2 0 0 0 0 1 1 
1 0 0 1 0 1 0 0 0 1 
0 1 0 1 0 1 0 0 1 2 
0 0 0 0 0 0 0 0 1 0 
0 0 0 2 1 0 0 1 0 0 
0 0 1 1 0 0 0 0 0 0 
0 1 1 2 1 0 1 0 1 1 
0 1 1 0 1 1 1 1 1 1 
0 0 0 3 1 0 0 1 1 0 
0 1 0 0 0 1 1 1 0 2 
1 1 0 2 1 0 0 0 1 2 
1 0 0 2 0 0 0 1 0 1 
1 1 0 0 1 0 1 0 1 0 
0 1 1 0 1 0 0 0 1 2 
0 1 1 3 0 0 0 0 0 2 
1 0 1 1 0 1 1 0 0 2 
0 0 0 2 1 0 0 0 1 0 
0 0 0 1 1 0 1 0 1 1 
0 1 0 2 0 1 0 0 1 0 
0 1 0 3 0 1 1 0 1 0 
1 0 1 2 0 0 1 0 1 0 
1 0 0 2 0 1 0 0 0 0 
0 0 0 2 0 0 1 0 1 2 
1 0 0 3 0 1 0 1 1 2 
1 0 1 0 1 1 0 1 1 0 
0 0 1 1 1 1 0 0 1 0 
1 1 0 3 0 1 1 1 0 1 
0 0 0 3 0 0 0 1 1 2 
0 0 1 3 0 0 0 0 1 1 
0 0 0 1 0 1 0 0 1 1 
1 0 0 2 1 1 1 1 1 1 
1 1 1 2 0 0 1 1 0 0 
1 1 0 0 0 1 0 0 1 1 
1 0 0 0 1 0 1 1 0 2 
MFS
[ - , - , - , - , - , - , - , - , 0 , - ]
[ 1 , - , - , 3 , - , - , - , - , 1 , - ]
[ 1 , - , - , 1 , - , - , - , - , 1 , - ]
precise
0.3333333333333333
recall
0.3333333333333333
F-measure
0.3333333333333333
multi
5
time
all 321 iden 0 gen 293
t-cover
1392
all-cover
1424
coveredNum
(1 : 405)  (2 : 302)  (3 : 229)  (4 : 163)  (5 : 111)  (6 : 75)  (7 : 40)  (8 : 25)  (9 : 25)  (10 : 13)  (11 : 10)  (12 : 6)  (13 : 5)  (14 : 5)  (15 : 4)  (16 : 3)  (17 : 1)  (18 : 2)  
real Identify
([ - , - , - , - , - , - , - , - , 0 , - ] : 1)  
testCase Num: 64
regaular Num: 64
identify Num: 0
1 0 1 3 1 1 0 1 1 0 
1 0 0 1 0 1 1 0 1 0 
0 0 0 0 0 0 0 0 1 2 
0 1 0 1 1 0 0 0 1 0 
0 1 1 0 1 0 1 0 1 0 
0 0 0 3 0 1 0 0 1 0 
1 0 1 1 1 0 0 0 0 2 
0 1 1 3 1 0 0 1 1 0 
0 1 1 1 1 1 0 0 1 2 
0 1 1 2 0 0 0 0 1 2 
1 1 0 0 1 1 0 0 1 1 
0 1 1 1 1 1 1 1 0 1 
0 0 0 3 0 0 1 0 1 0 
1 1 0 2 0 0 0 1 0 0 
0 1 0 3 1 1 1 0 0 2 
1 1 1 3 0 0 0 0 1 1 
0 1 0 3 0 1 0 1 0 0 
0 0 0 0 0 0 0 0 0 0 
0 1 1 1 1 0 0 0 0 0 
0 1 0 2 0 1 0 1 1 0 
0 0 0 1 0 0 1 0 0 2 
0 0 0 1 0 0 0 1 1 0 
0 0 1 1 0 0 0 0 1 1 
0 1 0 0 1 1 1 0 0 1 
0 0 0 2 0 0 0 1 0 1 
1 0 0 0 0 0 0 0 1 2 
0 1 0 1 1 1 1 1 1 1 
0 0 0 3 0 0 1 1 0 1 
0 0 1 3 0 0 0 1 1 2 
1 0 0 3 1 0 1 0 0 0 
0 0 1 3 0 0 1 0 0 0 
0 1 1 2 1 0 1 0 1 0 
1 1 0 1 0 0 0 1 0 0 
1 0 0 1 1 0 1 1 1 1 
1 0 1 0 0 1 1 0 0 2 
1 1 1 2 0 0 0 1 1 1 
0 1 0 3 0 0 0 1 1 2 
1 1 0 0 1 0 0 1 1 2 
0 0 0 1 0 0 1 0 1 2 
1 1 1 0 1 1 1 0 1 2 
0 0 1 1 1 1 1 1 1 0 
1 0 0 0 0 0 0 0 1 0 
1 0 0 0 0 1 0 0 0 1 
1 1 0 0 0 1 1 1 1 0 
0 1 0 3 1 1 0 0 1 1 
0 0 0 2 0 1 0 0 1 2 
1 1 0 0 1 0 0 1 0 2 
0 1 1 3 0 1 1 1 1 1 
0 0 0 2 1 0 0 0 1 1 
1 0 1 2 1 1 0 0 1 0 
0 0 1 0 1 0 0 1 1 1 
1 0 0 2 1 0 1 1 1 2 
0 0 1 0 0 1 0 0 1 0 
0 0 0 3 1 1 0 0 0 1 
0 0 0 3 1 1 1 0 1 2 
1 0 0 0 0 0 1 0 1 1 
0 0 1 3 0 0 0 0 1 1 
1 0 1 2 0 0 1 0 0 1 
1 0 0 3 0 0 0 0 0 2 
0 1 0 1 0 1 0 1 1 2 
1 1 0 2 1 1 0 0 0 1 
0 0 0 2 0 1 1 0 1 1 
0 0 0 2 0 1 0 0 0 2 
0 0 1 2 0 1 0 1 0 0 
MFS
[ - , - , - , - , - , - , - , - , 0 , - ]
[ 1 , - , - , 3 , - , - , - , - , 1 , - ]
[ 1 , - , - , 1 , - , - , - , - , 1 , - ]
precise
0.3333333333333333
recall
0.3333333333333333
F-measure
0.3333333333333333
multi
4
time
all 377 iden 0 gen 336
t-cover
1392
all-cover
1424
coveredNum
(1 : 420)  (2 : 276)  (3 : 237)  (4 : 164)  (5 : 114)  (6 : 73)  (7 : 36)  (8 : 29)  (9 : 24)  (10 : 18)  (11 : 7)  (12 : 6)  (13 : 6)  (14 : 4)  (15 : 7)  (16 : 1)  (17 : 1)  (18 : 1)  
real Identify
([ - , - , - , - , - , - , - , - , 0 , - ] : 1)  
