testCase Num: 80
regaular Num: 80
identify Num: 0
0 0 1 0 1 1 1 0 3 0 1 0 
1 1 1 0 1 1 0 0 3 2 0 0 
2 0 1 1 1 0 1 0 0 0 0 1 
0 0 1 1 0 1 0 0 1 2 0 1 
2 0 1 0 0 0 0 0 3 0 0 0 
0 0 1 1 1 0 0 1 2 2 0 1 
1 0 1 0 0 0 0 0 1 0 0 0 
0 1 0 0 0 0 1 0 3 0 0 0 
2 0 1 0 0 1 0 1 2 2 0 1 
2 0 1 1 0 1 0 0 1 1 0 0 
0 0 0 0 1 1 0 1 2 1 1 0 
0 1 1 0 0 1 1 0 0 1 0 1 
0 1 1 1 1 1 0 1 0 0 0 0 
1 0 0 0 0 0 0 0 3 0 1 0 
1 1 1 0 1 0 0 1 0 1 1 1 
0 0 1 1 0 0 0 0 3 2 0 1 
0 0 1 0 0 0 1 1 2 0 0 0 
1 0 1 1 1 1 1 1 1 0 1 1 
0 1 0 0 0 0 0 0 3 1 0 0 
2 1 0 1 1 1 0 1 3 1 1 0 
1 1 1 0 0 0 1 1 2 1 0 0 
2 1 0 1 0 0 1 0 2 1 1 1 
2 0 0 1 1 1 0 1 0 2 0 1 
1 0 0 0 1 0 0 1 3 0 0 0 
1 0 1 0 0 0 0 0 0 0 0 0 
1 0 1 0 1 0 0 0 2 2 0 0 
1 0 0 0 0 1 0 0 2 0 0 1 
0 1 1 0 1 1 0 1 1 0 0 0 
2 1 1 1 0 0 0 0 2 1 0 0 
0 0 0 1 0 0 0 0 3 2 0 0 
2 1 1 1 1 1 0 1 1 2 1 1 
1 1 1 0 0 0 0 1 3 0 1 0 
0 0 1 0 1 0 0 0 1 1 1 1 
0 0 1 0 0 0 0 0 2 0 0 0 
0 0 1 1 0 0 1 0 2 1 1 0 
2 1 1 0 0 1 0 0 0 2 1 0 
2 0 0 0 0 0 0 0 2 0 0 0 
0 0 1 1 1 0 1 0 0 2 1 0 
1 0 0 0 0 1 0 0 1 2 1 1 
2 1 0 0 1 0 1 0 1 0 1 0 
2 0 0 0 0 0 0 0 0 1 0 0 
1 1 1 1 0 0 1 0 1 2 1 1 
1 0 1 1 0 0 0 0 2 0 1 0 
1 0 0 1 0 1 0 0 0 1 0 0 
2 1 1 0 0 0 0 1 3 0 0 1 
0 0 0 0 0 0 0 0 0 0 0 0 
1 0 0 1 1 0 1 1 2 2 1 0 
1 0 1 0 0 0 0 0 1 1 0 0 
2 0 1 0 1 0 1 1 2 1 1 1 
0 1 1 1 0 1 0 1 3 0 1 1 
1 0 1 1 0 1 1 1 0 2 0 1 
0 0 0 1 1 1 1 1 2 0 0 0 
2 0 1 0 0 0 0 0 0 1 0 0 
0 0 1 0 0 0 0 0 3 1 0 0 
1 0 0 1 1 0 1 0 3 1 0 1 
2 0 0 0 0 1 1 1 3 0 0 1 
1 0 0 0 0 0 0 0 0 2 0 0 
2 0 1 0 0 0 0 0 2 2 0 0 
0 1 1 0 0 0 1 1 1 1 0 0 
0 0 0 1 0 0 0 1 0 1 0 0 
0 1 1 0 0 0 1 0 2 2 1 1 
2 0 0 0 0 0 0 0 3 0 0 0 
0 1 0 1 1 0 0 1 1 2 0 1 
2 0 1 0 0 0 1 0 1 2 0 0 
2 1 1 1 1 1 1 1 3 1 1 0 
1 0 1 0 0 0 0 0 2 0 0 1 
1 1 0 1 0 1 1 1 0 0 1 0 
1 0 1 1 1 0 1 0 3 1 0 1 
0 1 0 1 0 1 1 0 2 2 0 1 
1 1 0 0 0 0 0 1 1 0 0 0 
1 0 1 1 0 1 0 0 0 1 0 0 
0 0 0 0 1 0 1 0 3 2 0 1 
0 0 0 0 0 1 0 0 1 0 1 1 
2 0 1 0 0 0 1 1 3 2 1 0 
2 1 1 0 1 0 0 0 2 0 0 1 
2 0 1 0 0 1 0 0 1 0 1 0 
2 0 0 0 1 0 0 1 1 1 1 1 
2 1 1 0 0 0 1 1 0 0 1 0 
1 0 0 0 0 0 0 0 1 1 0 0 
0 1 0 0 0 1 0 0 1 0 0 0 
MFS
[ - , - , 1 , - , - , 1 , - , - , 2 , - , - , - ]
[ - , - , 0 , - , - , - , - , - , - , - , - , - ]
precise
0.5
recall
0.3333333333333333
F-measure
0.4
multi
2
time
all 744 iden 0 gen 683
t-cover
2721
all-cover
2742
coveredNum
(1 : 599)  (2 : 512)  (3 : 491)  (4 : 348)  (5 : 237)  (6 : 150)  (7 : 121)  (8 : 78)  (9 : 53)  (10 : 44)  (11 : 15)  (12 : 9)  (13 : 8)  (14 : 13)  (15 : 15)  (16 : 11)  (17 : 8)  (18 : 4)  (19 : 7)  (20 : 5)  (21 : 7)  (22 : 4)  (23 : 3)  
real Identify
([ - , - , 0 , - , - , - , - , - , - , - , - , - ] : 1)  
testCase Num: 80
regaular Num: 80
identify Num: 0
1 1 0 0 1 0 1 0 3 1 0 1 
0 0 1 0 0 1 0 0 3 2 0 1 
2 0 0 1 1 0 0 0 3 2 1 1 
2 0 1 1 0 1 0 1 2 1 1 0 
0 1 1 0 1 1 0 0 2 2 0 0 
2 1 0 0 1 0 1 0 2 2 0 0 
2 1 1 0 1 0 0 1 3 1 0 0 
0 0 1 1 1 0 0 1 2 2 1 0 
1 0 1 0 0 0 0 0 3 1 0 1 
1 0 1 1 0 0 1 0 1 1 1 1 
2 1 1 0 0 0 1 1 0 0 0 1 
1 1 1 1 0 0 0 1 2 0 1 1 
2 0 1 0 1 1 0 0 2 0 1 0 
0 1 1 0 0 0 0 0 0 0 0 0 
0 1 1 0 0 0 0 0 2 2 0 0 
2 1 1 0 0 1 1 0 1 2 0 0 
0 0 1 0 0 0 0 0 2 1 1 0 
0 0 1 0 0 0 0 0 3 2 0 0 
2 0 0 0 0 0 0 1 1 1 0 1 
0 1 0 1 0 1 0 0 2 0 0 1 
2 0 1 0 0 0 0 0 2 1 0 0 
0 0 1 0 0 0 1 1 3 0 1 0 
1 0 1 0 0 1 0 0 1 0 0 1 
1 1 0 0 1 1 1 1 1 0 1 0 
0 1 0 1 1 1 0 1 3 1 1 0 
1 1 0 1 1 1 0 0 0 0 0 1 
1 0 1 0 0 1 0 0 2 2 0 1 
1 0 1 0 0 1 1 0 2 1 0 0 
1 1 1 0 0 1 0 0 0 2 1 0 
2 1 1 1 1 1 1 0 3 2 1 1 
1 0 0 0 1 0 0 0 1 1 0 0 
1 0 1 1 1 1 1 1 0 1 1 1 
2 0 0 1 0 0 0 0 0 2 0 1 
2 1 1 1 0 1 0 1 2 0 0 1 
0 1 1 1 0 1 1 0 1 1 0 0 
1 1 1 0 1 0 0 1 2 1 0 0 
2 1 1 0 0 0 0 0 2 0 0 0 
1 0 1 1 1 0 0 1 1 2 0 0 
2 0 1 0 0 0 0 0 1 0 0 1 
0 0 1 0 0 0 0 0 2 0 0 0 
0 0 1 0 0 0 0 1 0 1 0 0 
0 0 0 0 1 0 0 0 3 2 0 1 
0 0 0 0 0 0 0 0 2 1 1 0 
0 0 1 0 0 0 1 0 0 1 0 1 
2 1 0 0 0 1 0 1 3 0 0 1 
0 0 0 0 0 0 0 0 0 0 0 0 
0 0 0 1 1 0 1 0 1 0 1 1 
2 0 1 0 1 1 0 1 0 2 0 1 
2 0 1 1 0 1 0 0 3 1 0 1 
2 0 0 1 0 0 1 0 3 0 0 0 
0 0 1 1 0 1 0 1 2 1 1 0 
0 0 1 1 1 1 0 1 0 0 1 0 
0 0 1 1 1 0 1 0 0 2 0 0 
2 0 1 0 1 1 1 1 1 1 1 0 
2 1 1 1 1 0 0 0 0 1 1 0 
0 0 1 0 0 0 0 1 1 0 0 0 
0 0 0 0 0 1 0 0 0 0 1 0 
0 0 0 0 0 1 1 1 2 2 0 1 
1 0 0 0 0 0 0 0 0 0 0 0 
2 0 1 0 0 1 0 0 3 0 0 0 
0 1 1 0 1 1 1 0 1 0 1 1 
1 1 1 0 0 1 1 1 3 2 0 0 
2 0 0 0 0 0 1 1 1 1 1 0 
0 1 1 1 1 0 0 0 2 1 0 1 
1 0 1 1 1 0 0 0 3 0 1 0 
0 0 1 0 0 0 1 0 3 1 1 0 
2 1 1 0 0 1 0 0 2 2 0 1 
0 1 1 1 1 0 0 1 3 0 0 1 
0 1 1 0 0 0 0 1 1 2 1 1 
1 1 0 1 0 0 1 1 2 0 1 0 
2 0 1 1 0 0 0 1 2 2 1 1 
1 1 1 0 0 0 0 0 1 1 0 0 
2 1 0 0 1 1 0 1 0 1 1 0 
1 0 1 0 0 0 0 0 2 2 0 1 
1 0 0 0 1 0 0 1 2 2 0 1 
1 1 1 1 0 0 1 0 0 0 0 0 
2 1 0 1 1 1 1 0 1 2 0 0 
0 1 0 1 1 0 1 1 0 2 1 0 
2 0 0 0 0 0 0 1 2 1 0 0 
2 0 1 1 0 0 0 0 1 0 0 0 
MFS
[ 1 , - , 1 , - , - , 1 , - , - , 2 , - , - , - ]
[ - , - , 1 , - , - , 1 , - , - , 2 , 2 , - , - ]
[ - , - , 1 , - , - , - , 1 , - , 2 , - , - , - ]
[ 0 , - , 1 , - , - , 1 , - , - , 2 , - , - , - ]
[ - , - , 1 , - , - , 1 , - , - , 2 , 1 , - , - ]
[ - , - , 0 , - , - , - , - , - , - , - , - , - ]
precise
0.16666666666666666
recall
0.3333333333333333
F-measure
0.2222222222222222
multi
1
time
all 702 iden 0 gen 636
t-cover
2717
all-cover
2742
coveredNum
(1 : 617)  (2 : 482)  (3 : 483)  (4 : 340)  (5 : 232)  (6 : 155)  (7 : 117)  (8 : 85)  (9 : 62)  (10 : 40)  (11 : 19)  (12 : 17)  (13 : 22)  (14 : 12)  (15 : 13)  (16 : 7)  (17 : 5)  (18 : 8)  (19 : 7)  (20 : 4)  (21 : 5)  (22 : 3)  (23 : 3)  (24 : 3)  (25 : 1)  
real Identify
([ - , - , 0 , - , - , - , - , - , - , - , - , - ] : 1)  
testCase Num: 89
regaular Num: 89
identify Num: 0
0 0 0 0 0 0 0 1 1 0 0 0 
0 1 1 0 0 0 1 1 2 2 0 1 
2 0 1 1 1 0 1 0 3 1 1 0 
0 0 1 0 1 0 0 0 2 1 0 1 
1 1 1 1 1 1 0 0 2 0 1 0 
0 0 0 1 1 0 0 1 3 2 0 0 
2 0 0 0 0 0 0 0 0 0 0 0 
1 0 1 1 1 0 1 1 1 1 1 1 
2 1 0 1 1 0 1 0 2 1 0 1 
1 0 0 1 0 1 0 0 0 0 0 0 
0 0 0 0 0 0 0 0 3 1 0 1 
1 1 1 0 1 0 0 0 1 2 1 1 
0 0 1 0 1 0 1 0 3 2 0 0 
2 0 0 1 0 1 0 1 0 1 1 1 
2 0 1 0 0 1 0 1 0 1 0 0 
0 0 1 0 0 0 0 1 0 0 1 0 
2 1 1 1 0 0 0 0 2 1 1 1 
2 1 1 0 0 1 0 0 0 0 0 0 
2 0 1 0 0 1 0 0 3 1 0 0 
0 1 1 0 0 1 1 0 2 2 0 1 
0 0 1 0 0 1 0 0 2 0 0 0 
0 0 1 1 1 0 0 0 1 0 0 1 
1 1 1 1 0 1 1 1 1 0 0 0 
2 0 1 1 1 1 1 0 0 2 0 0 
2 0 1 0 0 0 0 0 0 0 0 0 
1 0 1 0 0 0 0 1 2 1 0 0 
1 1 0 0 0 0 0 0 1 1 0 0 
2 1 0 1 1 0 1 0 1 0 0 0 
1 0 1 0 0 0 0 0 0 0 0 0 
1 1 1 0 0 1 1 0 0 1 1 0 
1 1 1 0 1 1 1 0 3 0 0 0 
2 0 0 0 1 0 1 0 3 0 1 1 
0 0 0 0 0 0 1 0 3 2 0 0 
1 1 1 1 0 0 0 1 3 1 1 1 
0 0 1 0 0 0 0 0 0 2 0 0 
0 1 1 1 1 1 0 1 3 0 0 1 
0 0 1 0 0 0 1 1 3 1 0 0 
0 0 1 0 0 0 0 0 2 0 0 0 
0 1 0 0 0 0 0 0 2 0 0 0 
0 0 1 0 0 0 0 1 0 1 0 0 
1 0 1 0 0 1 0 0 3 2 1 1 
1 0 0 1 0 1 0 0 2 2 0 1 
0 0 0 0 0 0 0 0 2 1 1 0 
1 1 0 0 1 1 1 1 2 0 1 1 
2 1 1 1 0 1 1 1 2 1 1 1 
1 1 0 1 1 0 0 0 3 1 0 0 
2 0 1 1 0 0 0 1 0 2 1 0 
0 0 0 0 0 0 0 0 0 0 0 0 
1 0 0 1 0 1 1 1 1 0 0 0 
0 1 0 1 0 0 1 0 1 2 1 1 
1 1 0 0 1 0 0 1 0 2 0 1 
0 0 0 1 0 0 0 0 0 1 0 0 
1 0 1 0 1 1 1 0 2 2 1 0 
2 1 0 1 0 1 1 1 3 1 1 0 
0 0 1 0 0 1 1 0 1 2 0 0 
0 0 1 0 0 0 0 1 1 0 0 0 
2 1 1 0 0 0 0 0 3 2 0 1 
1 0 0 0 0 0 1 1 3 0 0 0 
0 1 0 0 1 1 0 0 1 1 1 0 
1 0 1 0 0 0 1 0 2 2 0 0 
0 0 1 1 0 0 0 0 1 2 0 0 
2 0 1 0 0 0 0 0 2 2 0 0 
2 1 1 1 1 0 1 0 2 0 0 0 
2 0 1 1 0 0 1 0 1 1 0 0 
0 0 1 1 0 1 0 0 0 1 0 1 
0 0 1 0 0 0 0 0 2 0 1 0 
0 1 1 1 1 0 1 1 0 0 1 1 
1 0 1 0 1 1 0 0 2 2 1 0 
2 0 1 0 1 1 0 1 2 0 0 1 
1 1 1 1 0 0 0 0 2 0 1 0 
2 0 0 0 0 0 0 0 1 1 0 0 
0 0 1 0 0 0 1 0 2 1 0 0 
0 0 0 0 0 0 0 0 3 0 1 0 
1 1 1 1 0 1 0 1 0 2 0 1 
1 0 1 0 0 0 0 0 2 0 0 1 
2 1 1 0 0 0 0 1 1 2 0 0 
2 1 1 1 0 1 0 0 2 1 1 1 
0 0 1 1 0 1 0 1 3 2 1 0 
1 0 1 0 1 1 1 0 0 0 0 1 
2 0 1 0 0 1 0 0 1 0 1 1 
0 0 0 0 0 1 1 1 0 2 1 0 
0 1 1 0 1 1 0 0 1 1 1 0 
2 0 1 0 0 0 1 1 3 0 1 1 
0 0 0 0 0 1 0 0 2 1 0 1 
0 0 1 1 1 0 1 1 2 2 1 0 
2 1 1 0 1 0 0 0 0 1 0 1 
2 0 1 0 1 0 0 0 1 0 0 0 
2 1 0 0 0 1 1 1 2 2 1 0 
1 0 0 0 1 1 1 0 1 2 0 0 
MFS
[ - , - , 1 , - , - , 1 , 1 , - , 2 , - , - , - ]
[ - , - , 1 , - , - , 1 , - , - , 2 , 2 , - , - ]
[ - , - , 1 , - , - , 1 , - , - , 2 , 1 , - , - ]
[ - , - , 0 , - , - , - , - , - , - , - , - , - ]
precise
0.25
recall
0.3333333333333333
F-measure
0.28571428571428575
multi
3
time
all 702 iden 2 gen 638
t-cover
2739
all-cover
2742
coveredNum
(1 : 585)  (2 : 409)  (3 : 431)  (4 : 374)  (5 : 249)  (6 : 161)  (7 : 100)  (8 : 123)  (9 : 61)  (10 : 60)  (11 : 45)  (12 : 28)  (13 : 16)  (14 : 10)  (15 : 10)  (16 : 10)  (17 : 12)  (18 : 11)  (19 : 8)  (20 : 8)  (21 : 3)  (22 : 3)  (23 : 4)  (24 : 7)  (25 : 6)  (26 : 6)  (27 : 2)  
real Identify
([ - , - , 0 , - , - , - , - , - , - , - , - , - ] : 1)  
testCase Num: 83
regaular Num: 83
identify Num: 0
0 0 1 0 0 0 0 0 0 0 0 0 
1 0 1 0 0 0 0 1 1 0 0 0 
2 1 1 0 1 0 0 1 2 0 1 0 
2 0 0 0 0 0 0 0 0 0 0 0 
2 1 0 0 1 0 1 0 3 2 1 1 
1 1 1 1 1 1 1 0 2 1 0 0 
1 0 1 1 0 0 1 1 3 0 1 0 
1 0 0 0 0 0 0 1 1 1 1 0 
1 1 1 0 0 0 0 0 3 1 1 1 
0 1 1 1 0 0 0 1 1 2 0 0 
1 0 1 1 1 1 1 0 2 0 1 0 
1 1 0 1 1 1 1 0 1 0 0 0 
2 1 1 0 0 1 0 0 1 0 1 1 
2 0 0 0 0 0 0 1 3 0 0 0 
1 0 0 0 0 0 0 0 3 2 1 1 
1 1 1 0 1 0 1 0 1 1 0 0 
0 0 0 0 0 0 0 1 0 1 0 0 
1 0 1 0 0 1 0 1 2 1 1 0 
1 1 1 1 0 1 1 1 2 1 1 0 
2 0 1 1 1 0 1 0 0 0 1 0 
0 0 1 0 1 0 0 0 2 2 1 1 
0 1 1 1 0 0 0 0 0 0 0 0 
2 0 1 0 0 1 1 0 2 1 0 0 
0 0 0 1 0 0 1 1 2 0 1 0 
1 1 1 1 1 0 0 1 0 2 1 1 
2 0 0 0 0 0 0 0 0 1 1 0 
0 0 1 1 1 0 1 0 3 2 1 1 
0 0 0 0 1 0 0 0 2 2 0 0 
0 0 1 1 1 1 0 1 2 0 0 1 
0 0 1 1 1 1 0 1 0 1 0 1 
0 0 0 1 0 0 0 0 3 2 0 0 
0 1 1 0 0 1 0 0 3 0 1 0 
1 0 0 1 0 0 1 0 0 1 0 0 
2 0 1 1 0 0 0 0 1 1 0 0 
2 0 0 1 1 1 0 0 3 0 0 0 
1 0 1 1 0 0 0 1 2 1 1 0 
2 1 0 1 1 0 0 0 1 1 0 0 
1 1 0 1 0 0 1 0 2 2 1 1 
0 0 1 0 0 0 1 1 3 1 0 0 
2 1 1 0 0 1 1 0 2 0 0 0 
0 0 1 0 0 0 0 0 2 0 0 0 
0 0 0 0 0 1 0 0 2 0 0 0 
0 1 1 1 0 0 1 0 2 0 0 0 
0 0 1 1 1 1 1 1 1 1 1 1 
0 1 1 0 0 0 1 0 2 1 0 1 
1 0 1 1 1 0 0 0 1 0 0 1 
2 0 0 0 1 1 1 0 2 1 0 0 
0 0 0 0 0 0 0 0 0 0 0 0 
2 0 0 0 1 0 1 0 1 2 0 1 
1 0 0 1 1 0 0 0 2 0 0 1 
2 1 1 0 0 0 0 0 3 2 0 0 
1 0 0 0 0 0 0 0 2 1 0 0 
2 0 1 0 1 0 0 0 2 1 0 0 
2 0 1 1 0 0 0 0 2 2 0 1 
2 0 1 0 1 1 0 0 3 0 0 1 
0 1 0 0 1 1 1 1 3 0 0 1 
2 0 0 0 0 0 0 1 1 0 0 0 
1 0 1 0 0 0 1 0 2 0 0 1 
1 0 1 0 0 0 1 0 0 1 0 0 
0 1 0 1 0 1 0 0 3 1 1 0 
1 0 0 0 0 0 0 0 0 2 0 0 
2 0 0 1 0 1 1 1 0 2 1 0 
0 0 1 1 1 1 1 0 2 2 1 1 
0 0 1 0 0 0 1 1 1 0 1 0 
0 0 1 0 0 1 0 0 0 2 0 0 
0 0 1 1 1 1 0 0 0 2 0 0 
0 0 1 0 0 0 0 0 1 0 0 0 
2 0 1 1 0 0 1 0 0 2 1 1 
0 1 1 0 1 0 1 0 0 2 1 0 
1 1 1 0 0 0 1 1 2 2 0 0 
1 0 1 0 1 1 0 0 0 1 1 1 
2 1 1 1 1 1 1 1 3 1 1 1 
2 1 0 1 1 0 0 1 0 1 0 1 
1 0 1 0 0 1 0 0 1 2 1 1 
2 1 1 0 0 1 0 1 0 1 0 0 
1 1 1 0 1 1 0 1 3 2 0 0 
0 0 1 1 0 1 0 1 2 2 0 1 
2 0 1 0 1 1 1 1 1 2 0 0 
0 0 0 0 0 0 1 0 1 0 0 0 
2 0 1 1 0 0 0 0 3 1 0 1 
0 0 0 1 1 1 0 0 0 2 0 1 
1 0 0 0 1 0 0 0 3 1 0 0 
1 1 1 0 0 1 1 1 0 0 0 1 
MFS
[ - , - , 1 , 1 , 0 , 1 , - , - , - , - , - , - ]
[ - , - , 1 , - , - , 1 , - , - , 2 , 2 , - , - ]
[ - , - , 1 , - , - , 1 , - , - , 2 , 1 , - , - ]
[ - , - , 0 , - , - , - , - , - , - , - , - , - ]
precise
0.25
recall
0.3333333333333333
F-measure
0.28571428571428575
multi
1
time
all 728 iden 2 gen 671
t-cover
2739
all-cover
2742
coveredNum
(1 : 595)  (2 : 472)  (3 : 489)  (4 : 357)  (5 : 258)  (6 : 164)  (7 : 109)  (8 : 85)  (9 : 65)  (10 : 32)  (11 : 31)  (12 : 25)  (13 : 18)  (14 : 9)  (15 : 5)  (16 : 4)  (17 : 5)  (18 : 2)  (19 : 11)  (20 : 4)  (21 : 2)  
real Identify
([ - , - , 0 , - , - , - , - , - , - , - , - , - ] : 1)  
testCase Num: 89
regaular Num: 89
identify Num: 0
0 1 1 0 0 0 0 0 1 1 0 0 
0 1 1 0 0 1 0 0 2 2 0 1 
1 0 1 0 0 0 0 1 2 2 1 1 
2 0 1 0 0 0 0 0 2 1 1 0 
2 0 1 0 0 1 0 0 0 1 0 1 
2 1 0 0 0 0 0 0 1 1 0 0 
1 0 0 0 0 0 1 0 0 1 0 0 
1 0 0 0 0 0 1 0 2 2 0 0 
0 1 1 0 0 1 0 0 2 2 0 0 
2 1 1 1 0 0 0 0 0 0 0 1 
1 1 1 0 1 0 1 1 0 0 1 0 
1 0 1 0 1 1 0 0 3 1 1 1 
2 0 0 1 0 1 1 0 2 1 0 1 
0 0 1 1 1 0 1 0 2 0 1 1 
2 1 0 1 0 0 0 1 2 2 1 1 
2 1 1 0 1 0 0 1 0 1 1 0 
1 1 0 1 0 0 1 1 2 0 0 0 
0 1 0 1 0 1 1 0 1 2 0 1 
1 0 1 1 1 0 0 0 0 2 0 1 
2 0 1 1 1 1 1 1 2 0 0 1 
2 0 0 0 1 1 0 1 2 2 0 0 
1 1 1 1 0 0 1 0 2 2 1 1 
0 0 0 0 0 0 1 0 0 0 0 0 
0 1 1 1 1 0 0 0 1 0 1 1 
0 0 1 0 0 0 0 0 1 2 0 0 
0 0 1 0 0 1 0 0 2 0 0 0 
0 1 1 0 0 0 0 0 0 2 0 0 
1 1 0 1 1 1 0 1 1 2 0 0 
1 1 0 0 0 0 1 0 1 2 1 0 
2 1 1 1 1 1 0 1 2 1 1 1 
0 0 1 0 0 0 0 0 0 0 1 1 
0 1 0 0 1 0 0 0 2 1 1 0 
0 1 1 1 1 0 0 0 2 2 0 0 
1 0 1 0 1 1 1 1 1 1 1 1 
2 0 0 0 0 0 0 0 3 1 0 0 
2 0 1 1 0 0 0 1 1 1 0 0 
2 1 1 0 0 0 0 1 2 0 0 0 
2 0 1 1 0 0 0 1 0 0 0 1 
2 1 1 0 1 1 0 0 1 2 0 0 
1 1 0 1 1 1 1 1 0 0 1 0 
0 1 1 0 0 1 0 0 3 2 1 0 
0 1 1 0 0 1 0 0 2 0 0 0 
0 1 1 1 0 0 0 0 3 0 0 1 
0 1 1 0 0 0 1 1 2 1 0 0 
1 0 0 0 0 0 0 0 1 0 0 0 
0 0 1 1 0 0 0 0 2 1 0 1 
2 0 0 0 1 1 0 0 1 0 0 0 
2 0 1 0 0 0 0 0 1 0 0 0 
2 0 1 0 0 0 0 0 3 1 0 0 
1 0 0 0 0 0 1 0 3 1 1 1 
1 0 1 1 0 1 1 1 3 0 0 1 
1 0 1 0 0 1 1 0 0 1 0 1 
0 1 1 0 0 0 1 0 0 0 0 0 
0 0 0 0 1 0 0 0 1 1 0 0 
2 0 1 0 0 0 1 0 1 2 1 1 
0 0 1 0 0 1 0 1 1 0 0 0 
2 0 1 1 1 0 0 1 3 2 1 0 
2 0 1 0 0 0 1 0 2 1 0 0 
2 0 1 1 1 1 1 1 2 1 0 1 
0 0 0 0 0 0 0 0 0 0 0 0 
1 0 1 0 0 0 0 0 3 2 0 0 
0 0 1 0 1 1 1 1 3 2 0 1 
1 0 0 0 0 0 0 0 2 1 0 1 
1 1 1 0 0 0 1 0 1 0 0 0 
1 1 0 0 0 1 0 1 3 0 0 1 
0 1 1 1 0 1 0 1 0 1 0 1 
2 1 1 1 1 1 1 0 3 0 0 0 
0 0 1 0 0 0 1 1 3 1 1 1 
2 0 1 0 0 0 0 0 2 2 0 0 
2 0 1 0 0 0 0 0 2 0 0 0 
0 0 1 1 1 1 1 0 0 1 1 0 
0 0 0 0 0 1 0 0 3 0 0 0 
0 0 0 0 1 0 1 1 3 2 0 1 
1 1 1 1 0 1 0 1 1 2 1 0 
1 1 1 1 0 0 0 0 3 1 0 0 
0 0 0 0 0 0 1 1 1 0 0 0 
2 0 0 0 0 0 0 0 3 2 0 0 
1 0 1 0 1 1 0 0 2 0 1 0 
2 1 0 0 1 0 1 0 0 1 1 1 
0 1 1 0 0 0 0 1 3 0 0 0 
1 0 1 0 1 0 0 0 2 1 0 0 
0 0 0 1 1 1 0 1 3 1 1 0 
0 0 1 1 0 0 1 0 1 1 0 1 
1 0 0 1 1 0 0 0 3 2 0 1 
2 0 1 0 0 1 1 1 0 2 1 0 
2 0 1 0 0 0 1 1 3 0 1 1 
2 0 1 0 0 1 0 0 0 0 0 0 
1 1 1 1 0 1 1 1 2 2 0 1 
0 1 0 0 1 1 0 0 0 2 1 0 
MFS
[ - , 1 , 1 , - , - , 1 , - , - , 3 , - , - , 1 ]
[ - , - , 1 , - , - , 1 , - , - , 2 , 2 , - , - ]
[ - , 1 , 1 , 0 , - , - , - , - , - , - , - , 1 ]
[ - , - , 1 , - , - , 1 , - , - , 2 , 1 , - , - ]
[ - , - , 0 , - , - , - , - , - , - , - , - , - ]
[ - , 1 , 1 , - , - , 1 , - , - , 1 , - , - , 1 ]
[ - , 1 , 1 , - , - , 1 , - , - , 2 , - , - , 1 ]
precise
0.14285714285714285
recall
0.3333333333333333
F-measure
0.2
multi
2
time
all 787 iden 3 gen 727
t-cover
2739
all-cover
2742
coveredNum
(1 : 554)  (2 : 404)  (3 : 469)  (4 : 343)  (5 : 258)  (6 : 152)  (7 : 117)  (8 : 107)  (9 : 75)  (10 : 61)  (11 : 46)  (12 : 31)  (13 : 18)  (14 : 18)  (15 : 17)  (16 : 8)  (17 : 9)  (18 : 5)  (19 : 11)  (20 : 8)  (21 : 6)  (22 : 3)  (23 : 3)  (24 : 7)  (25 : 3)  (26 : 5)  (27 : 1)  (28 : 2)  (29 : 1)  
real Identify
([ - , - , 0 , - , - , - , - , - , - , - , - , - ] : 1)  
testCase Num: 78
regaular Num: 78
identify Num: 0
0 0 0 0 0 0 0 1 2 2 1 1 
2 0 1 0 0 0 0 0 1 1 0 0 
1 0 1 0 0 0 0 1 0 1 1 0 
1 0 1 0 1 0 0 1 2 0 1 0 
2 0 0 0 0 0 0 0 0 0 0 0 
2 0 0 1 1 0 1 0 3 1 0 0 
2 0 1 0 1 0 0 1 2 2 0 1 
1 0 1 0 0 0 0 0 1 0 0 0 
0 1 1 0 1 1 0 1 1 1 1 0 
1 1 1 0 1 1 0 1 3 0 1 1 
1 0 1 0 1 1 1 0 3 2 0 1 
1 0 1 1 0 1 1 1 1 1 1 1 
1 0 0 0 0 0 0 0 2 2 0 0 
0 1 1 0 1 0 0 0 2 2 0 0 
2 0 0 0 0 1 1 1 1 0 0 1 
0 0 0 1 1 0 0 1 1 1 1 1 
1 0 1 1 1 1 1 1 0 0 0 0 
0 0 1 1 0 1 1 0 1 0 0 0 
1 1 1 1 0 0 0 1 2 2 1 1 
0 0 1 1 1 1 0 0 2 2 0 1 
0 0 1 0 0 0 0 1 1 2 0 0 
2 0 0 0 1 0 0 0 0 2 1 1 
2 0 0 0 0 0 0 0 1 2 0 0 
2 0 0 0 1 1 1 0 1 1 0 0 
1 0 0 0 0 0 0 1 3 1 0 0 
2 0 1 0 0 0 1 0 3 0 0 0 
1 0 1 1 1 1 1 0 2 1 0 0 
2 1 1 0 0 1 0 1 0 2 0 1 
1 1 1 0 1 0 1 0 0 1 0 1 
2 1 0 1 1 0 1 1 2 2 0 0 
1 1 0 0 0 1 1 0 2 0 0 1 
1 0 0 0 0 0 0 0 1 0 0 0 
2 1 1 0 1 0 0 0 3 1 1 1 
1 1 0 0 0 1 0 1 1 2 1 0 
0 0 1 0 0 0 0 0 3 0 1 1 
2 0 1 1 0 1 0 1 3 1 0 1 
0 0 0 0 1 0 0 0 3 0 0 0 
2 0 0 0 0 0 0 0 0 1 0 0 
0 0 1 0 0 0 1 0 2 0 1 1 
1 0 1 0 0 0 0 0 0 2 0 0 
2 0 1 0 0 1 0 1 2 1 1 1 
1 0 1 1 1 0 0 0 1 2 0 0 
0 1 0 1 0 0 1 0 2 1 1 0 
1 1 0 1 1 0 0 0 0 1 0 1 
0 0 1 1 0 0 0 1 0 0 0 1 
1 1 1 1 0 0 1 0 3 0 0 0 
0 0 0 0 0 0 0 0 0 0 0 0 
1 1 1 0 0 0 0 0 1 1 0 1 
1 0 1 0 0 0 0 0 2 1 1 0 
0 0 0 0 0 0 0 0 0 2 0 0 
0 1 1 0 0 0 1 0 1 2 0 1 
0 1 0 0 0 0 0 0 3 2 0 0 
0 1 0 0 0 0 0 0 1 1 0 0 
0 0 1 1 1 0 1 1 3 2 1 0 
2 1 1 0 0 0 0 0 3 2 0 0 
1 0 0 0 1 1 1 0 3 2 1 1 
0 1 1 1 0 1 1 0 0 1 0 0 
0 0 0 1 0 1 0 0 1 0 0 0 
1 0 1 0 0 0 1 0 2 2 0 0 
2 0 1 0 0 0 0 0 0 1 0 0 
0 1 0 0 1 1 1 1 0 0 1 1 
1 0 0 0 0 0 0 0 0 2 0 0 
2 0 1 0 1 0 0 0 0 0 0 0 
0 0 1 1 1 1 0 0 0 2 0 0 
0 1 1 0 1 1 0 0 0 0 1 1 
0 0 1 1 1 0 1 0 2 1 0 1 
2 0 1 1 0 0 1 0 0 2 1 0 
2 0 0 0 0 0 0 0 3 2 0 0 
0 0 0 0 0 0 0 0 2 0 0 0 
2 0 0 1 0 1 0 1 3 0 0 1 
2 0 1 0 1 1 1 1 1 0 0 1 
0 0 1 0 0 0 0 1 2 0 0 0 
0 1 1 0 0 1 0 1 3 1 0 0 
2 1 1 1 1 0 0 0 1 0 1 0 
2 1 1 1 0 0 0 0 2 0 0 0 
1 0 1 0 0 0 1 0 3 1 0 0 
2 1 1 0 0 0 1 1 2 1 1 0 
2 0 1 0 0 1 0 0 1 2 1 0 
MFS
[ - , - , 1 , - , - , 1 , - , - , 2 , - , - , - ]
[ - , - , 0 , - , - , - , - , - , - , - , - , - ]
precise
0.5
recall
0.3333333333333333
F-measure
0.4
multi
0
time
all 690 iden 1 gen 636
t-cover
2721
all-cover
2742
coveredNum
(1 : 650)  (2 : 484)  (3 : 492)  (4 : 340)  (5 : 217)  (6 : 165)  (7 : 128)  (8 : 67)  (9 : 49)  (10 : 37)  (11 : 24)  (12 : 13)  (13 : 12)  (14 : 16)  (15 : 8)  (16 : 9)  (17 : 5)  (18 : 3)  (19 : 5)  (20 : 9)  (21 : 4)  (22 : 3)  (23 : 2)  
real Identify
([ - , - , 0 , - , - , - , - , - , - , - , - , - ] : 1)  
testCase Num: 88
regaular Num: 88
identify Num: 0
2 1 1 0 0 1 1 0 2 1 0 0 
0 0 1 0 0 0 0 0 2 1 0 0 
2 1 1 0 0 1 0 1 1 0 1 1 
2 0 1 0 0 0 1 0 2 2 0 0 
0 0 1 0 0 0 1 0 0 2 0 0 
1 1 1 0 0 1 1 0 2 0 0 0 
0 1 0 0 0 0 1 0 3 0 0 0 
0 0 0 0 0 0 0 0 0 1 0 1 
1 0 0 0 0 1 0 0 3 1 0 0 
0 0 1 1 0 1 0 1 2 2 1 0 
0 1 0 0 0 1 0 0 0 2 0 0 
2 0 1 1 0 0 1 1 1 1 0 0 
2 0 0 0 1 0 0 1 3 0 0 1 
1 0 1 1 1 0 1 0 0 1 0 0 
2 1 0 1 1 1 1 0 0 0 0 1 
1 0 0 0 0 0 0 0 2 2 0 0 
0 0 1 0 1 1 0 0 2 0 0 0 
0 0 1 1 1 0 0 0 3 1 0 0 
1 1 1 0 0 0 0 1 2 1 1 1 
0 1 1 0 0 0 0 0 1 1 1 0 
2 0 1 0 0 0 0 0 0 2 0 0 
1 0 1 1 1 1 0 1 0 2 1 0 
2 1 1 1 0 0 0 0 1 2 0 0 
2 0 0 0 0 0 0 0 1 2 0 0 
1 0 1 0 0 1 1 1 3 1 1 1 
0 1 1 0 1 0 1 0 2 2 1 0 
0 0 0 0 1 0 0 0 1 1 1 0 
0 0 1 0 0 1 0 1 2 0 1 0 
0 0 1 0 1 1 0 1 1 2 1 1 
1 0 1 0 1 0 0 0 2 2 0 1 
1 1 0 1 0 1 0 0 0 1 0 0 
1 0 1 0 0 0 0 0 0 0 0 0 
2 0 1 0 0 0 0 1 0 1 1 0 
1 0 1 0 0 0 0 0 0 0 0 1 
2 1 1 0 0 1 1 1 2 0 0 1 
2 1 1 1 0 0 0 0 3 1 1 0 
2 0 1 0 1 0 0 1 3 0 0 1 
0 1 1 1 0 0 1 1 3 0 1 0 
2 0 1 0 0 1 1 1 2 2 1 1 
2 0 1 1 1 0 0 0 1 0 0 1 
0 0 1 1 0 1 0 0 3 0 0 0 
1 0 0 0 0 0 1 1 3 1 1 1 
2 0 1 0 1 1 0 0 2 1 0 0 
2 0 1 0 0 1 0 0 0 1 0 0 
1 0 0 1 1 1 0 1 0 2 1 0 
0 0 0 1 0 1 1 1 3 0 0 0 
0 0 1 0 0 1 0 0 0 1 1 1 
0 0 1 0 0 0 0 0 3 2 1 0 
0 0 1 1 0 0 1 1 0 0 1 1 
0 0 1 0 0 0 0 0 2 0 0 1 
2 0 0 1 1 0 0 0 1 0 1 0 
1 0 0 0 1 0 1 0 0 2 0 0 
2 0 0 0 1 1 0 0 2 0 1 0 
2 0 1 0 1 1 1 0 3 2 0 0 
1 1 0 0 0 0 0 1 2 1 1 0 
0 0 1 0 0 0 0 1 2 2 0 0 
0 0 0 0 1 0 1 1 2 0 0 0 
0 0 1 0 0 0 1 0 1 0 0 0 
1 1 1 0 0 0 0 0 0 2 1 1 
2 1 1 0 1 1 1 1 2 2 1 1 
0 0 0 0 0 0 0 0 0 0 0 0 
2 0 1 0 1 0 0 1 2 1 0 1 
0 0 0 0 0 0 0 0 0 2 0 0 
0 1 1 0 1 1 0 0 3 0 0 1 
1 0 0 1 1 0 0 0 2 0 0 1 
0 1 0 1 0 1 1 0 2 1 1 1 
0 1 0 0 0 0 0 0 1 1 0 0 
2 0 0 0 0 0 0 1 0 1 1 0 
1 0 0 0 0 0 0 0 0 0 0 0 
2 0 1 0 0 0 1 1 0 2 1 1 
1 1 1 0 1 0 0 1 1 0 0 0 
0 1 0 0 1 1 0 0 3 0 1 1 
2 1 0 0 1 0 1 1 2 2 1 0 
2 0 0 1 0 1 1 1 1 1 0 0 
1 1 1 1 0 0 0 1 3 2 0 1 
1 0 0 0 0 0 1 0 1 2 0 0 
1 0 1 1 1 0 0 0 3 0 1 0 
0 1 1 0 1 1 1 1 0 1 0 0 
0 0 0 0 0 0 0 0 3 2 1 0 
0 0 1 0 0 0 1 0 2 1 0 0 
1 0 1 1 1 1 1 0 1 1 1 1 
0 1 0 1 0 0 1 0 1 2 0 1 
0 0 0 0 0 0 1 0 1 0 0 0 
2 0 1 0 1 0 0 0 2 0 1 0 
2 0 0 1 0 0 0 0 2 2 0 1 
2 1 1 1 1 1 1 0 0 0 0 1 
1 0 1 0 0 0 1 0 1 2 0 0 
0 1 1 1 0 1 1 0 1 2 0 0 
MFS
[ - , - , 1 , 1 , - , - , - , - , 2 , - , - , - ]
[ - , - , 1 , - , 0 , 1 , - , - , 2 , 2 , - , - ]
[ - , - , 1 , - , 0 , 1 , - , - , 2 , 1 , - , - ]
[ - , - , 1 , - , - , 1 , - , - , 2 , 2 , - , - ]
[ - , - , 1 , - , - , 1 , - , - , 2 , 1 , - , - ]
[ - , - , 0 , - , - , - , - , - , - , - , - , - ]
precise
0.16666666666666666
recall
0.3333333333333333
F-measure
0.2222222222222222
multi
1
time
all 737 iden 0 gen 678
t-cover
2719
all-cover
2742
coveredNum
(1 : 606)  (2 : 477)  (3 : 423)  (4 : 362)  (5 : 224)  (6 : 169)  (7 : 135)  (8 : 79)  (9 : 66)  (10 : 54)  (11 : 28)  (12 : 21)  (13 : 17)  (14 : 15)  (15 : 15)  (16 : 11)  (17 : 8)  (18 : 6)  (19 : 2)  (20 : 2)  (21 : 5)  (22 : 8)  (23 : 6)  (24 : 2)  (25 : 1)  
real Identify
([ - , - , 0 , - , - , - , - , - , - , - , - , - ] : 1)  
testCase Num: 78
regaular Num: 78
identify Num: 0
2 1 1 1 1 0 0 1 3 0 0 1 
0 0 1 0 0 1 1 1 0 1 0 1 
2 0 1 0 0 0 1 0 2 2 0 0 
0 1 1 0 1 0 0 1 0 2 1 0 
0 0 1 0 0 0 1 0 1 1 0 0 
1 0 1 0 1 0 0 0 1 2 0 0 
0 1 1 0 0 0 0 1 2 0 0 0 
0 1 0 1 0 1 0 1 3 1 0 0 
0 0 0 0 0 0 1 1 1 2 0 0 
1 0 0 1 0 0 0 1 1 0 0 0 
2 0 0 0 1 0 1 0 3 2 0 0 
0 0 0 1 0 0 0 0 0 0 0 0 
0 0 1 1 0 1 1 0 1 2 0 1 
2 1 0 1 1 1 1 0 0 2 0 0 
0 1 1 1 1 1 0 1 1 0 1 1 
1 1 1 1 0 1 0 0 3 2 1 1 
0 0 1 0 0 0 0 0 3 2 0 0 
2 1 1 0 0 1 1 0 1 0 0 0 
2 0 1 1 0 0 1 1 0 2 1 1 
2 0 0 1 1 0 0 0 1 0 0 0 
1 0 1 0 1 0 1 1 2 0 1 1 
2 0 0 0 0 0 0 0 0 1 1 0 
2 0 0 1 1 0 1 0 2 1 0 0 
0 0 1 0 1 0 1 0 0 0 0 0 
1 1 1 0 0 0 0 0 0 1 1 0 
2 0 1 0 1 1 1 1 3 2 0 0 
2 0 0 0 1 1 0 1 2 0 1 0 
2 0 0 0 0 0 0 1 1 1 1 1 
0 0 1 0 1 1 0 0 0 0 1 0 
1 1 1 1 0 1 1 1 0 0 0 0 
2 0 1 1 1 0 0 0 2 0 1 0 
2 1 0 0 0 1 0 0 1 2 1 0 
0 1 1 0 0 1 0 0 0 2 0 1 
1 1 0 1 0 0 0 1 2 0 1 0 
0 1 1 1 1 0 1 0 2 2 0 0 
2 0 1 0 0 0 0 0 3 1 0 0 
0 0 1 0 0 0 0 0 2 0 0 0 
0 0 1 1 0 1 1 0 3 0 1 0 
2 0 0 0 0 0 0 0 2 2 0 0 
0 1 1 0 1 0 1 0 3 1 1 0 
0 0 0 0 0 0 0 0 3 2 0 0 
1 0 1 0 0 0 0 0 0 2 0 0 
2 0 1 0 0 0 1 0 0 0 0 1 
0 0 0 0 0 0 0 0 0 0 0 0 
1 1 1 0 0 0 0 0 1 1 0 1 
2 0 1 1 1 1 0 0 0 1 1 0 
1 0 1 0 0 0 0 0 3 0 0 0 
0 1 1 0 1 1 0 0 2 1 1 0 
0 0 0 0 1 0 1 0 2 2 0 0 
1 0 0 0 0 0 1 1 3 2 0 0 
1 0 0 0 0 0 0 0 2 1 0 0 
0 0 0 0 0 0 0 1 3 0 1 0 
0 1 0 1 1 0 0 0 1 2 0 1 
1 1 0 1 1 1 0 1 0 0 1 0 
2 0 0 0 0 1 0 0 3 1 1 1 
1 0 0 0 0 0 0 0 0 2 0 0 
1 1 0 1 0 0 1 0 0 1 0 1 
1 1 1 0 1 1 1 1 3 1 0 1 
1 1 0 0 0 1 1 0 2 2 1 1 
2 0 1 0 0 0 0 0 3 2 1 0 
1 0 1 1 1 1 1 1 1 1 1 0 
0 1 1 1 0 0 1 0 2 1 1 1 
1 0 1 1 0 0 0 0 1 0 1 0 
2 1 1 0 0 0 0 1 2 1 0 1 
0 0 0 1 1 1 1 0 3 0 1 1 
2 1 1 0 0 0 0 1 1 2 1 0 
0 0 1 1 0 0 0 1 3 1 1 1 
2 0 1 1 1 1 1 1 1 1 0 1 
1 0 1 0 1 0 0 0 2 1 0 0 
1 0 1 0 1 1 0 0 0 1 0 1 
0 0 1 1 0 1 0 1 2 2 0 1 
1 1 1 0 0 0 1 0 2 2 0 1 
1 0 0 0 1 0 0 0 3 1 0 0 
2 1 1 0 0 0 0 0 0 0 0 0 
0 0 1 0 1 0 0 0 0 2 0 1 
0 1 0 0 0 1 1 1 1 0 1 1 
1 0 1 1 0 0 0 1 2 2 1 0 
0 0 1 1 0 0 0 0 0 0 0 0 
MFS
[ - , - , 1 , - , - , 1 , - , - , 2 , - , - , - ]
[ - , - , 0 , - , - , - , - , - , - , - , - , - ]
precise
0.5
recall
0.3333333333333333
F-measure
0.4
multi
1
time
all 702 iden 1 gen 647
t-cover
2721
all-cover
2742
coveredNum
(1 : 613)  (2 : 491)  (3 : 470)  (4 : 376)  (5 : 220)  (6 : 160)  (7 : 123)  (8 : 86)  (9 : 50)  (10 : 35)  (11 : 27)  (12 : 15)  (13 : 10)  (14 : 12)  (15 : 11)  (16 : 8)  (17 : 8)  (18 : 7)  (19 : 4)  (20 : 5)  (21 : 3)  (22 : 5)  (23 : 3)  
real Identify
([ - , - , 0 , - , - , - , - , - , - , - , - , - ] : 1)  
testCase Num: 84
regaular Num: 84
identify Num: 0
1 1 0 0 0 0 1 0 2 0 1 1 
2 1 0 0 0 1 0 0 1 1 1 1 
0 0 1 0 0 1 0 0 0 2 1 0 
0 0 1 0 0 0 0 0 2 1 0 1 
2 0 1 1 0 1 0 1 3 0 0 0 
1 1 1 1 1 0 1 1 3 1 0 1 
2 0 1 1 0 1 0 0 0 2 0 0 
0 1 1 0 0 1 1 1 1 2 0 0 
1 0 1 0 0 1 0 0 2 1 0 1 
2 0 0 0 1 0 0 0 3 1 1 0 
1 1 1 0 0 0 0 0 0 0 0 0 
1 0 1 1 0 0 0 0 0 0 1 0 
2 1 0 1 0 1 0 1 2 1 0 1 
2 0 0 1 1 0 1 0 0 1 1 1 
1 1 1 0 0 1 0 0 0 0 0 0 
1 1 0 1 0 0 0 1 1 2 1 0 
0 0 1 1 0 1 0 0 3 1 1 1 
2 1 1 0 0 0 1 1 1 0 1 0 
0 0 1 0 0 0 0 0 1 2 0 1 
2 0 0 0 1 0 0 1 3 2 0 1 
0 1 1 1 0 0 0 0 1 0 1 0 
0 0 1 1 0 0 1 1 2 2 0 1 
2 0 1 0 0 1 1 0 0 0 0 0 
1 0 1 1 1 1 1 1 1 0 1 1 
0 1 0 0 1 0 1 1 1 1 1 0 
0 1 1 1 0 0 1 1 0 2 1 0 
0 0 0 0 1 1 0 1 2 2 1 0 
1 0 0 1 0 0 0 1 2 1 1 0 
1 1 1 0 1 0 0 0 1 1 0 1 
0 0 0 0 0 0 0 0 2 1 0 0 
0 0 0 0 0 1 1 0 1 2 0 1 
0 0 1 0 1 0 1 0 0 0 0 1 
1 0 1 0 0 0 0 0 2 1 0 0 
0 1 0 0 0 0 0 0 0 1 0 0 
0 0 1 0 1 0 0 1 3 2 1 0 
1 1 0 1 1 1 0 0 0 2 0 1 
0 0 0 1 0 0 0 0 1 1 0 0 
0 1 0 0 0 0 0 1 3 0 1 1 
2 1 1 1 1 1 1 0 2 2 0 1 
0 1 1 1 0 1 0 1 2 2 1 0 
2 0 0 0 0 0 0 1 2 0 0 0 
1 0 1 0 0 1 0 1 1 1 1 0 
2 0 1 0 1 1 1 0 2 1 1 0 
2 0 1 0 0 0 0 0 1 0 0 1 
2 0 0 0 1 0 1 1 1 0 0 0 
0 0 0 0 1 1 0 1 0 1 0 0 
2 0 1 0 0 0 0 0 2 0 1 0 
1 1 1 0 0 1 0 1 2 2 1 0 
0 0 1 1 1 0 1 0 1 1 0 0 
0 0 1 0 0 1 1 0 2 1 0 1 
2 0 0 0 0 0 0 0 2 2 0 0 
0 0 0 0 0 0 0 0 3 2 0 0 
2 0 1 0 0 0 1 0 0 0 0 0 
0 0 0 0 0 0 0 0 0 0 0 0 
0 0 0 0 0 0 0 0 0 2 0 1 
1 1 1 1 0 0 0 0 0 1 1 1 
1 0 1 0 0 1 1 1 0 1 0 0 
2 0 1 1 0 1 0 0 1 0 0 0 
0 0 1 1 0 1 1 1 2 0 1 0 
0 1 1 0 1 0 1 1 2 1 1 0 
0 1 1 0 1 0 1 1 3 0 0 0 
1 0 1 0 0 0 1 0 2 0 0 0 
2 0 1 1 0 0 1 1 2 0 1 1 
0 1 1 1 1 1 0 1 0 1 0 0 
1 0 1 0 0 0 0 1 1 2 1 1 
1 1 1 0 0 0 0 1 2 2 1 1 
0 0 1 0 0 0 0 0 3 1 0 0 
0 0 1 1 0 0 0 0 1 2 0 0 
2 1 1 0 0 0 1 0 3 2 1 0 
1 0 0 1 0 0 1 0 0 0 1 1 
2 1 1 1 1 0 1 0 2 2 0 0 
0 1 0 1 1 1 1 0 3 0 0 0 
2 1 1 0 1 1 0 1 3 2 0 1 
2 1 1 0 1 1 0 1 0 0 1 1 
1 0 1 1 1 1 0 0 3 2 0 0 
1 0 1 1 1 0 0 0 2 0 0 0 
1 1 0 1 0 0 1 1 3 1 0 0 
1 0 1 0 0 1 1 0 3 0 1 1 
0 0 0 0 0 0 0 0 0 2 1 1 
0 1 1 0 1 1 0 0 2 0 0 1 
1 1 0 0 1 1 1 0 2 2 0 0 
1 0 1 0 1 0 1 0 0 2 1 1 
2 0 1 0 1 0 0 0 1 2 0 0 
0 0 1 1 0 0 0 0 2 1 0 0 
MFS
[ 2 , - , 1 , - , - , - , - , - , - , 1 , - , - ]
[ 2 , - , 1 , - , - , 1 , - , - , 2 , - , - , - ]
[ 1 , - , 1 , - , - , 1 , - , - , 2 , - , - , - ]
[ - , - , 1 , - , - , 1 , - , - , 2 , 2 , - , - ]
[ - , - , 1 , - , - , 1 , - , - , 2 , 1 , - , - ]
[ - , - , 0 , - , - , - , - , - , - , - , - , - ]
precise
0.16666666666666666
recall
0.3333333333333333
F-measure
0.2222222222222222
multi
3
time
all 719 iden 2 gen 665
t-cover
2717
all-cover
2742
coveredNum
(1 : 597)  (2 : 436)  (3 : 422)  (4 : 374)  (5 : 234)  (6 : 201)  (7 : 143)  (8 : 89)  (9 : 66)  (10 : 33)  (11 : 35)  (12 : 33)  (13 : 12)  (14 : 18)  (15 : 9)  (16 : 9)  (17 : 3)  (18 : 6)  (19 : 4)  (20 : 6)  (21 : 5)  (22 : 4)  (23 : 2)  (24 : 1)  
real Identify
([ - , - , 0 , - , - , - , - , - , - , - , - , - ] : 1)  
testCase Num: 86
regaular Num: 86
identify Num: 0
0 1 0 0 0 1 0 1 0 2 1 1 
0 1 0 1 1 1 0 1 3 1 0 0 
0 0 0 0 1 1 1 0 3 2 0 1 
0 1 1 0 1 0 0 1 2 0 0 0 
1 0 1 0 0 0 0 0 3 1 0 0 
1 1 1 0 1 0 1 0 2 1 1 0 
1 0 0 0 0 1 0 0 3 1 0 0 
2 1 1 1 1 0 1 1 3 0 1 0 
2 0 1 1 0 1 0 0 3 0 0 1 
1 0 0 0 1 0 0 0 2 0 0 1 
0 0 1 1 1 0 1 1 1 0 1 0 
0 0 1 0 0 0 0 0 1 2 0 0 
0 0 1 0 0 1 1 1 3 1 0 0 
2 0 1 0 1 0 0 0 3 2 1 1 
0 0 1 1 1 0 0 0 3 1 0 1 
1 1 1 0 0 0 0 1 3 0 0 1 
1 1 1 1 0 1 1 1 2 2 1 1 
1 0 1 0 1 0 1 0 0 0 0 1 
0 0 1 0 0 0 0 0 3 0 0 0 
0 1 1 0 0 0 0 0 2 2 0 0 
2 0 0 0 0 1 0 0 3 2 1 0 
2 1 0 1 0 0 1 1 1 2 0 1 
1 0 0 0 0 0 0 0 0 1 0 0 
1 0 0 1 0 0 1 0 1 0 0 0 
0 0 1 0 0 0 0 0 1 1 0 0 
0 1 1 0 0 1 0 0 2 1 1 1 
0 1 1 1 1 0 0 0 2 2 0 1 
2 0 0 0 0 0 0 0 2 2 1 0 
2 0 0 0 0 0 0 0 1 0 0 0 
2 0 0 0 0 0 0 0 3 1 0 0 
0 1 1 0 1 1 1 1 1 2 1 1 
2 0 0 0 1 1 1 0 1 1 0 0 
0 1 1 1 0 1 1 1 0 0 0 1 
2 1 1 0 1 1 0 0 2 0 1 0 
0 0 0 1 0 1 1 0 2 1 1 1 
1 0 1 0 0 0 0 0 0 0 0 0 
1 1 1 0 0 1 0 0 1 1 0 0 
0 1 1 0 0 1 0 0 3 2 1 0 
1 1 1 0 0 1 1 1 2 2 0 1 
1 0 1 1 1 1 1 1 0 1 1 1 
2 0 0 0 1 0 0 1 2 1 0 1 
2 1 1 0 0 0 0 0 2 0 0 1 
2 0 1 0 0 0 0 0 1 0 0 0 
2 0 1 0 0 0 0 0 3 1 0 0 
1 1 0 1 0 1 1 0 0 0 0 1 
2 0 1 0 1 1 1 0 1 1 0 1 
0 1 1 1 0 0 1 0 2 0 0 0 
0 0 0 1 0 1 0 1 1 0 1 1 
1 0 1 1 0 1 0 0 1 0 1 1 
0 1 1 0 0 0 1 0 3 1 1 1 
2 0 1 0 0 1 0 1 0 0 1 0 
2 0 1 1 0 1 1 1 1 2 0 0 
0 0 0 0 0 0 0 0 3 0 0 0 
1 1 1 0 0 0 0 0 2 0 0 0 
0 0 0 0 0 0 0 0 0 0 0 0 
0 1 0 0 1 1 1 0 1 2 0 0 
1 0 1 1 1 1 1 0 3 2 0 0 
1 0 0 0 1 0 1 1 3 0 0 1 
0 0 0 0 1 0 1 0 2 0 0 0 
2 1 1 1 0 0 1 1 2 1 0 0 
2 1 1 1 0 0 0 1 1 1 1 1 
2 1 1 1 0 0 0 0 2 2 1 0 
2 1 1 1 0 0 0 0 0 1 1 0 
0 1 0 0 0 0 0 1 2 0 1 0 
1 0 0 0 0 0 0 0 2 1 0 0 
1 0 0 0 1 0 0 0 1 2 1 1 
1 1 1 1 0 1 0 0 2 1 0 1 
1 1 1 0 1 0 0 1 1 0 0 0 
0 1 1 0 0 0 0 0 2 1 0 0 
1 1 1 1 0 1 1 1 2 0 1 1 
0 1 1 0 0 0 0 0 2 1 0 1 
2 0 1 0 0 0 0 0 0 1 0 1 
1 0 0 0 0 0 0 0 0 2 0 0 
0 0 1 1 1 1 0 0 0 2 0 0 
0 0 1 0 0 0 0 0 0 1 1 0 
0 0 0 0 0 0 1 0 0 1 0 0 
2 0 0 0 1 0 1 1 0 0 0 1 
1 0 1 0 0 1 1 1 2 2 0 0 
1 1 1 0 0 0 1 1 2 2 0 0 
0 0 0 0 0 0 0 0 1 1 0 0 
1 1 1 0 0 0 0 0 0 2 0 1 
2 1 1 1 1 0 1 1 0 2 1 0 
0 1 1 0 0 1 0 1 2 0 1 1 
1 1 1 1 0 0 0 1 3 2 1 0 
1 0 1 0 0 0 1 0 1 2 0 0 
1 1 0 1 0 0 1 0 2 0 1 0 
MFS
[ - , 0 , 1 , - , - , - , - , - , 2 , - , - , - ]
[ - , - , 1 , - , - , 1 , - , - , 2 , - , 0 , - ]
[ - , - , 1 , - , - , 1 , - , - , 2 , 2 , - , - ]
[ - , - , 1 , - , - , 1 , - , - , 2 , 1 , - , - ]
[ - , - , 0 , - , - , - , - , - , - , - , - , - ]
precise
0.2
recall
0.3333333333333333
F-measure
0.25
multi
1
time
all 753 iden 1 gen 684
t-cover
2718
all-cover
2742
coveredNum
(1 : 578)  (2 : 461)  (3 : 504)  (4 : 300)  (5 : 246)  (6 : 159)  (7 : 125)  (8 : 93)  (9 : 60)  (10 : 49)  (11 : 49)  (12 : 24)  (13 : 17)  (14 : 6)  (15 : 10)  (16 : 6)  (17 : 10)  (18 : 6)  (19 : 9)  (20 : 7)  (21 : 6)  (22 : 1)  (23 : 2)  (24 : 9)  (25 : 3)  (26 : 2)  
real Identify
([ - , - , 0 , - , - , - , - , - , - , - , - , - ] : 1)  
