testCase Num: 155
regaular Num: 138
identify Num: 17
0 0 0 1 0 0 1 0 0 0 0 1 3 1 
2 0 0 1 0 0 0 1 1 1 0 1 1 0 
1 0 0 0 0 1 1 1 0 0 1 1 0 0 
1 0 0 1 0 0 1 1 0 0 0 1 2 2 
0 0 0 0 1 1 0 1 1 0 1 1 0 1 
0 1 0 0 1 1 1 1 1 0 0 0 1 1 
2 0 0 0 0 1 0 0 0 1 0 0 2 2 
0 1 1 1 1 0 1 1 1 0 1 1 2 1 
0 1 1 0 0 0 1 1 1 0 0 0 0 2 
0 1 1 1 0 1 0 0 1 0 0 1 0 0 
0 1 1 1 1 0 0 1 0 1 0 1 0 2 
1 0 0 0 0 1 0 1 1 0 0 0 2 1 
2 0 0 0 1 1 0 1 1 1 1 1 0 2 
2 0 0 0 0 1 1 1 1 0 1 0 1 2 
0 0 0 1 0 1 0 1 0 0 0 0 0 1 
0 0 0 0 0 0 0 0 1 0 0 1 3 1 
2 0 0 0 0 0 0 1 0 1 1 0 3 1 
1 1 1 0 1 0 1 0 1 0 0 1 1 1 
0 0 0 0 0 0 0 0 0 0 0 1 1 1 
2 1 1 0 1 1 0 1 1 1 1 0 2 0 
0 1 1 1 0 1 1 1 0 0 1 1 1 0 
0 0 1 1 1 1 0 0 1 1 1 1 2 2 
1 0 0 1 1 1 0 0 1 0 1 0 3 1 
2 1 0 0 0 0 0 1 0 0 0 0 2 1 
1 0 0 0 1 0 0 1 1 0 0 0 0 0 
1 0 0 1 0 0 0 0 0 0 0 0 2 0 
2 0 0 1 0 0 0 0 1 1 0 0 3 0 
1 1 1 1 0 1 1 1 0 1 0 0 2 1 
2 1 0 1 1 0 1 0 0 1 1 0 1 0 
2 0 0 0 0 0 0 0 0 0 0 0 3 2 
1 1 1 1 0 0 0 1 1 0 1 0 1 2 
1 0 0 0 0 0 0 0 0 0 0 0 3 1 
2 1 1 0 0 1 0 0 0 0 0 1 1 2 
0 1 1 0 0 0 0 0 0 0 0 0 1 2 
2 1 1 0 0 0 1 1 0 0 1 0 0 1 
0 1 0 1 1 1 0 0 0 0 1 1 2 0 
1 1 1 0 0 0 0 1 0 0 0 0 0 0 
0 0 0 0 0 0 0 0 1 0 0 1 2 0 
0 0 0 1 0 0 0 0 0 1 1 0 2 0 
2 0 0 1 0 0 1 0 1 0 1 0 2 0 
0 0 0 0 0 1 1 1 1 1 1 0 3 0 
2 1 1 0 1 0 1 1 0 1 0 0 3 2 
1 1 0 0 1 0 1 0 1 1 0 0 2 0 
1 0 0 0 1 0 0 1 0 0 0 0 2 0 
2 0 0 0 1 0 0 1 0 0 0 0 2 2 
0 0 0 0 0 0 1 0 1 1 0 1 1 0 
1 0 0 0 0 0 0 0 1 1 0 0 1 1 
0 1 0 1 0 0 0 1 0 0 1 1 3 0 
1 0 0 0 0 0 0 0 0 0 0 1 2 1 
0 1 1 1 1 1 1 0 1 0 0 0 2 2 
0 0 0 1 0 1 0 0 0 1 0 0 1 2 
0 0 1 1 0 0 1 0 1 1 1 1 2 2 
2 1 1 0 0 1 0 0 1 1 1 0 1 0 
1 1 1 1 0 0 0 0 0 0 1 0 0 1 
0 1 0 1 0 1 1 0 0 1 1 1 0 2 
1 0 0 0 1 1 0 1 0 0 0 1 3 0 
0 1 1 0 0 1 0 0 1 1 1 0 0 1 
2 0 0 0 0 0 0 0 1 0 1 0 0 1 
0 1 1 0 0 0 0 0 0 1 0 1 2 1 
0 0 1 1 1 1 1 0 1 1 1 1 2 2 
0 1 0 0 0 1 1 0 0 0 1 0 2 1 
0 1 0 0 0 1 1 0 0 0 0 0 3 2 
2 1 1 0 0 0 1 0 1 0 1 1 3 0 
1 1 1 0 0 0 0 0 0 1 1 0 1 0 
1 0 0 0 1 0 1 1 1 1 0 1 0 1 
1 1 1 1 1 1 0 0 1 0 1 1 2 2 
2 0 0 1 1 1 1 1 0 0 1 1 2 1 
2 1 1 1 0 0 1 0 0 0 0 0 1 1 
0 0 1 1 1 1 0 1 0 1 1 1 2 2 
1 1 1 0 0 1 0 0 1 1 0 1 0 0 
1 0 0 0 0 1 0 0 0 0 0 1 0 1 
1 1 0 1 0 0 1 1 1 0 1 1 0 0 
1 0 0 1 1 1 1 1 0 1 1 1 1 1 
1 0 1 1 1 1 0 1 0 0 0 0 2 2 
0 0 1 1 1 1 0 1 0 0 0 1 2 2 
2 0 0 1 0 1 1 0 1 1 0 0 0 1 
0 1 1 0 1 0 0 1 0 0 1 0 2 2 
1 0 0 0 0 0 0 0 0 1 0 0 2 2 
2 1 1 1 1 0 1 0 1 1 1 1 1 2 
2 0 0 0 0 1 0 0 0 0 1 1 1 1 
2 0 0 1 0 0 1 0 0 0 0 1 3 1 
0 0 0 0 1 0 0 1 0 0 1 1 1 2 
2 1 1 0 1 0 1 0 1 1 1 1 0 0 
2 0 0 0 0 0 0 0 0 0 0 0 0 1 
0 1 0 1 1 0 0 0 1 1 1 0 0 1 
2 1 1 1 0 1 0 1 1 0 1 1 3 2 
2 1 1 0 0 0 0 0 0 0 0 0 3 1 
0 1 1 1 0 0 0 0 1 1 1 0 1 1 
1 1 0 0 0 1 0 1 0 1 0 0 1 2 
0 0 0 1 1 1 0 1 1 1 0 0 2 2 
0 1 1 1 1 0 1 0 0 1 1 0 3 1 
0 0 0 1 1 1 0 0 0 1 1 1 3 2 
0 0 0 0 1 1 1 0 0 0 0 1 2 0 
2 1 0 1 1 1 0 1 1 0 0 0 3 1 
2 1 1 1 1 1 1 0 0 0 0 1 0 1 
1 0 1 1 1 1 0 1 0 0 0 0 3 0 
2 0 0 1 1 0 0 0 0 0 1 0 0 2 
2 0 0 0 1 0 0 1 0 0 0 1 1 0 
1 0 1 1 1 1 0 1 0 0 0 0 3 2 
0 0 0 1 1 1 1 1 0 1 1 0 0 0 
2 1 1 0 1 1 0 1 1 1 0 0 1 1 
1 0 0 1 0 0 0 0 1 1 0 0 3 2 
0 0 1 1 1 1 0 1 0 0 0 0 1 1 
1 0 0 0 0 0 1 0 0 0 1 0 2 0 
0 1 1 0 0 1 0 1 0 1 0 1 3 1 
2 1 1 0 1 0 1 1 0 0 0 1 2 0 
1 0 0 0 1 0 1 1 1 0 1 0 3 2 
0 1 1 1 0 0 0 1 0 1 0 0 2 0 
1 0 0 0 0 0 0 0 0 0 0 1 1 0 
1 1 1 0 1 0 1 1 1 0 0 1 3 1 
1 1 1 1 1 0 0 1 0 1 1 1 3 0 
1 1 1 0 0 0 0 0 0 0 0 0 2 0 
2 0 0 0 1 0 0 1 0 0 1 0 3 0 
1 0 0 0 1 0 0 0 0 0 0 0 1 2 
1 0 1 1 1 1 0 1 0 0 0 0 0 1 
0 0 0 0 0 0 1 0 1 1 1 1 2 2 
2 0 0 1 0 1 0 0 0 0 0 0 1 0 
1 0 0 1 1 1 0 0 1 0 0 0 1 0 
2 1 1 1 1 0 0 0 1 1 0 1 2 1 
2 1 0 0 0 0 1 0 1 1 1 1 2 2 
0 1 1 1 1 0 1 1 1 1 0 1 3 2 
0 0 0 0 0 0 1 0 0 1 0 1 0 1 
0 0 1 1 1 1 0 1 1 1 1 1 2 2 
0 0 0 0 0 0 0 0 0 0 0 0 2 1 
2 1 1 0 0 0 0 0 0 0 0 0 0 2 
1 1 1 1 0 1 1 0 0 0 1 0 3 0 
1 0 0 1 0 0 0 1 1 0 0 0 3 0 
2 1 0 0 0 0 1 0 1 0 0 1 0 2 
1 0 0 0 0 1 0 1 0 1 1 1 2 0 
0 1 1 0 1 0 0 0 1 0 0 0 3 0 
1 1 1 0 0 1 0 0 0 0 0 0 1 0 
0 1 0 1 1 1 1 0 1 1 0 1 1 2 
2 1 1 1 0 0 0 0 0 0 0 0 2 2 
0 1 1 0 0 0 0 0 0 0 0 0 1 0 
1 0 0 0 0 0 1 0 0 0 0 1 1 2 
2 0 0 1 0 0 1 0 0 1 0 0 0 0 
2 1 1 1 0 1 0 1 0 0 0 0 0 0 
1 0 0 1 0 1 0 0 0 0 0 1 0 2 
1 0 0 1 1 0 0 0 0 0 1 0 0 0 
1 1 0 0 0 1 1 0 1 1 1 1 3 1 
1 0 0 0 0 1 1 1 0 0 1 0 1 0 
0 0 0 1 0 0 0 1 0 0 0 0 1 1 
0 0 1 1 1 1 0 1 0 0 1 1 2 2 
0 0 1 1 1 0 1 0 1 1 1 1 2 2 
1 1 1 0 1 1 0 0 0 1 0 1 3 2 
1 0 0 1 0 0 1 1 1 1 0 0 0 2 
1 1 1 0 1 1 1 0 0 1 1 0 0 2 
2 0 0 0 1 1 1 0 0 1 0 1 3 0 
0 1 1 0 0 0 1 0 1 1 1 1 2 2 
0 0 1 0 0 0 1 0 1 1 1 1 2 2 
1 0 0 0 1 0 0 0 0 1 1 0 2 1 
0 1 1 0 1 0 1 1 0 1 0 0 1 0 
2 0 1 0 0 0 1 0 1 1 1 1 2 2 
0 0 0 0 0 0 0 0 0 0 0 0 0 0 
0 0 0 0 0 0 0 0 0 0 0 0 0 2 
MFS
[ - , 0 , 1 , - , - , - , - , - , - , - , - , - , - , - ]
precise
1.0
recall
1.0
F-measure
1.0
multi
0
time
all 11639 iden 5496 gen 3770
t-cover
26532
all-cover
26532
coveredNum
(1 : 1621)  (2 : 3350)  (3 : 4488)  (4 : 4226)  (5 : 3492)  (6 : 2600)  (7 : 1808)  (8 : 1248)  (9 : 913)  (10 : 677)  (11 : 488)  (12 : 444)  (13 : 330)  (14 : 212)  (15 : 131)  (16 : 78)  (17 : 40)  (18 : 38)  (19 : 22)  (20 : 32)  (21 : 30)  (22 : 29)  (23 : 32)  (24 : 38)  (25 : 31)  (26 : 22)  (27 : 29)  (28 : 21)  (29 : 21)  (30 : 12)  (31 : 14)  (32 : 6)  (33 : 4)  (34 : 4)  (35 : 1)  
real Identify
([ - , 0 , 1 , - , - , - , - , - , - , - , - , - , - , - ] : 1)  
testCase Num: 149
regaular Num: 132
identify Num: 17
1 0 0 0 0 1 0 1 0 0 0 1 3 2 
0 0 0 0 0 0 1 0 1 1 1 0 2 0 
0 0 1 1 0 1 0 1 0 1 0 1 1 2 
0 1 1 0 1 0 1 1 0 0 0 1 3 0 
1 1 0 0 1 1 1 1 1 0 1 0 0 2 
2 1 1 1 1 1 0 0 0 0 0 0 3 2 
1 0 0 0 0 0 0 0 0 0 1 1 1 0 
1 0 0 0 0 0 0 0 0 0 0 0 2 0 
2 0 0 1 0 0 0 1 0 1 0 1 0 1 
2 1 0 1 0 1 0 0 0 1 1 0 0 0 
1 0 0 0 0 0 1 0 1 0 1 0 0 1 
1 1 1 0 1 0 1 0 1 0 0 1 1 2 
1 1 1 0 0 0 0 1 1 1 0 1 0 0 
0 0 0 1 0 1 0 1 0 1 1 1 3 0 
1 1 1 0 0 1 1 0 1 0 0 1 2 0 
1 0 1 0 1 0 1 0 1 0 0 1 1 2 
0 0 0 1 1 0 0 1 0 1 0 0 3 2 
0 1 1 1 0 1 1 0 1 1 1 1 1 1 
1 0 1 1 0 0 1 0 1 0 0 1 1 2 
2 0 0 1 0 0 1 0 0 0 1 1 3 0 
1 0 0 1 0 1 1 0 0 0 1 0 1 2 
2 0 0 1 1 0 0 1 1 0 1 0 0 2 
1 0 1 1 0 1 0 0 1 0 0 1 1 2 
2 1 0 0 1 0 1 0 1 0 0 1 1 2 
2 1 1 0 1 1 0 0 0 0 1 1 0 1 
1 0 0 0 0 0 1 0 0 0 0 0 1 1 
0 1 1 0 0 0 0 0 0 0 0 0 1 2 
2 1 1 1 0 1 1 1 1 0 0 0 0 2 
0 1 1 1 0 1 0 1 0 1 0 0 0 1 
1 0 0 0 1 1 0 0 0 1 0 0 0 2 
1 0 0 1 1 1 1 1 1 1 1 1 0 1 
2 1 1 0 1 0 1 1 0 1 1 0 0 0 
2 1 1 0 0 0 1 0 0 0 0 1 2 0 
2 0 0 0 1 1 0 1 0 0 1 0 1 2 
1 1 1 0 1 1 0 0 0 1 1 1 3 1 
1 0 0 1 1 0 0 0 1 1 1 0 0 0 
0 1 0 0 1 0 0 0 0 0 0 0 3 1 
2 0 0 0 0 0 0 0 0 1 0 0 2 1 
2 0 0 1 1 1 1 1 0 1 0 1 2 0 
0 1 1 0 1 0 1 0 1 1 1 0 0 1 
1 1 1 0 0 1 1 1 0 1 0 0 2 1 
2 0 0 0 1 1 1 0 1 0 0 1 0 0 
0 0 0 0 0 0 1 0 0 0 1 0 3 1 
1 0 1 1 0 1 0 1 0 1 1 0 0 0 
0 0 0 1 0 0 1 1 1 1 0 0 1 0 
0 0 0 0 0 1 1 1 0 0 1 1 0 2 
0 0 1 1 0 1 0 1 0 1 1 0 2 0 
1 0 0 1 0 0 1 1 1 0 1 1 2 2 
0 0 1 1 0 1 0 1 0 1 1 0 2 2 
2 1 0 1 0 0 1 0 1 0 0 0 0 1 
1 0 0 0 0 0 1 1 0 1 1 0 3 0 
0 0 0 1 0 1 1 0 0 1 0 1 3 1 
0 1 1 0 1 1 1 1 0 1 0 0 1 2 
2 1 1 1 0 1 1 0 1 0 1 0 2 1 
2 0 1 0 1 0 1 0 1 0 0 1 1 2 
2 1 0 0 0 0 1 0 1 1 0 1 0 2 
1 1 1 1 0 1 1 1 0 0 1 1 1 0 
0 1 1 1 1 1 1 1 1 0 0 1 0 0 
0 0 0 1 0 1 0 1 1 0 1 1 1 2 
0 1 1 1 1 1 1 0 0 0 0 0 2 2 
2 1 1 0 1 0 0 1 0 0 0 1 2 1 
2 0 0 1 1 0 1 1 0 1 0 0 1 1 
2 1 0 1 1 1 1 1 1 1 1 1 3 0 
1 1 0 0 1 1 1 0 0 1 0 0 1 0 
0 0 0 1 0 0 0 0 0 1 0 0 2 1 
0 1 0 0 0 0 0 0 1 0 0 0 2 0 
1 0 0 0 0 0 0 0 1 0 1 0 3 0 
0 1 0 0 0 0 1 1 0 1 0 1 2 1 
0 0 0 1 1 1 1 0 0 0 1 0 1 1 
0 1 1 0 0 0 0 0 0 0 1 0 1 0 
1 1 1 0 0 0 0 0 1 1 0 1 3 0 
1 0 1 1 0 1 0 1 0 0 0 1 1 2 
0 1 1 0 0 0 0 1 1 1 1 0 0 2 
0 0 0 0 1 1 0 0 0 1 1 1 1 0 
1 0 0 0 0 0 0 0 0 0 0 1 2 2 
1 0 0 0 0 0 0 0 0 0 0 0 0 1 
2 1 1 1 1 0 0 0 1 0 0 0 1 0 
0 1 1 0 1 0 0 0 0 0 0 0 0 2 
1 1 1 1 1 1 1 1 0 0 1 0 3 2 
0 0 0 0 0 1 0 1 1 0 0 1 0 1 
2 0 0 0 1 0 0 0 1 1 0 0 2 1 
0 1 0 1 1 0 0 0 1 0 1 1 0 0 
1 0 0 1 1 1 0 0 1 0 0 0 3 0 
2 1 1 0 0 1 1 0 0 1 0 1 3 1 
1 0 0 0 0 0 0 0 0 1 1 1 1 1 
1 0 0 1 0 1 1 1 0 0 0 1 0 0 
2 1 1 0 0 0 0 0 1 0 0 0 3 0 
0 0 0 0 0 0 0 0 0 1 0 0 0 0 
2 1 0 1 0 1 0 0 1 0 1 0 1 1 
0 1 0 0 1 0 0 1 1 1 0 1 1 1 
0 0 1 1 0 1 0 1 1 0 0 1 1 2 
2 0 0 1 0 1 1 0 0 1 0 1 1 2 
0 1 1 0 1 0 1 0 1 0 0 1 3 2 
0 1 1 0 1 1 0 1 0 1 1 1 2 2 
1 1 1 1 0 0 0 0 0 0 1 1 0 2 
1 1 0 1 0 1 0 0 0 1 1 0 2 2 
0 1 1 1 0 0 0 1 1 0 1 0 3 1 
1 1 0 0 1 0 1 1 0 0 1 0 2 0 
0 1 1 0 1 1 1 1 1 1 1 0 2 1 
1 0 1 1 0 1 0 1 0 1 1 0 3 1 
1 0 0 0 0 0 0 0 0 1 0 0 3 1 
2 0 0 0 1 0 0 1 1 1 1 1 3 1 
2 0 0 1 1 1 1 0 1 0 1 1 3 2 
1 1 1 1 1 0 0 1 1 1 1 0 1 2 
2 1 1 1 1 0 0 0 1 1 1 1 2 2 
1 0 0 0 0 0 1 0 1 1 0 0 2 1 
2 0 0 0 0 0 1 0 0 0 0 0 1 0 
0 1 0 0 0 1 0 0 1 0 1 0 3 2 
0 0 0 0 0 1 0 0 0 1 0 0 3 2 
1 0 0 0 1 0 1 0 1 0 0 1 1 2 
0 0 1 1 0 1 0 1 0 1 1 0 1 2 
1 1 1 0 1 1 0 1 1 0 0 0 1 1 
0 0 0 0 0 0 0 1 1 0 0 0 3 2 
1 0 0 1 0 0 0 0 1 0 0 1 1 0 
0 0 0 0 0 0 0 0 1 0 1 1 3 1 
1 1 1 0 0 0 0 0 0 0 0 0 2 2 
0 0 0 1 0 1 0 0 1 0 0 1 2 1 
0 1 1 1 0 0 0 1 0 0 1 1 2 0 
0 0 0 0 0 0 0 0 0 0 0 0 2 2 
2 0 0 0 0 1 0 1 1 1 1 0 1 0 
2 0 0 0 0 1 0 1 0 0 1 0 2 2 
2 1 1 0 0 0 1 1 0 1 1 0 3 2 
2 1 0 0 0 0 1 0 0 0 0 0 2 2 
0 0 0 0 1 1 1 0 1 1 0 1 0 2 
1 1 1 1 0 0 1 0 1 1 0 1 3 2 
2 1 1 0 0 0 1 1 0 0 1 1 1 1 
1 1 1 0 0 1 0 0 0 0 0 0 0 0 
1 0 0 0 1 1 1 1 1 1 0 0 2 2 
1 1 1 1 0 0 0 1 1 0 0 0 2 0 
2 0 0 0 1 1 1 1 0 0 0 0 3 1 
2 1 1 0 0 0 0 0 0 0 0 0 1 2 
2 0 0 0 0 0 0 1 0 0 0 1 0 2 
1 1 1 0 1 1 0 0 0 1 1 1 2 0 
0 0 0 1 1 1 0 0 0 1 0 0 2 0 
1 1 0 1 1 0 1 1 1 0 0 1 3 1 
0 0 0 0 1 0 0 1 1 0 0 0 2 2 
2 1 0 1 0 1 0 0 1 1 0 1 3 1 
0 1 1 0 1 1 1 0 1 1 1 0 3 0 
2 0 0 1 1 0 0 1 1 0 1 0 2 0 
0 0 1 1 0 1 1 0 1 0 0 1 1 2 
1 1 1 1 1 0 1 0 0 1 0 0 0 1 
0 0 1 1 0 1 0 1 0 1 1 1 1 2 
0 1 1 1 0 0 0 0 0 0 0 0 3 0 
2 1 1 1 1 1 0 1 0 1 0 1 1 0 
0 0 1 1 1 0 1 0 1 0 0 1 1 2 
1 0 0 1 1 0 0 1 0 0 1 1 2 1 
0 0 0 1 1 0 0 0 0 1 1 0 0 2 
0 0 0 0 0 0 0 0 0 0 0 0 0 0 
1 0 0 1 0 1 0 1 1 0 0 0 1 1 
MFS
[ - , 0 , 1 , - , - , - , - , - , - , - , - , - , - , - ]
precise
1.0
recall
1.0
F-measure
1.0
multi
0
time
all 11297 iden 5329 gen 3613
t-cover
26532
all-cover
26532
coveredNum
(1 : 1518)  (2 : 3338)  (3 : 4563)  (4 : 4415)  (5 : 3492)  (6 : 2747)  (7 : 1953)  (8 : 1395)  (9 : 959)  (10 : 650)  (11 : 445)  (12 : 310)  (13 : 183)  (14 : 118)  (15 : 77)  (16 : 60)  (17 : 49)  (18 : 43)  (19 : 41)  (20 : 43)  (21 : 41)  (22 : 28)  (23 : 20)  (24 : 17)  (25 : 16)  (26 : 6)  (27 : 4)  (28 : 1)  
real Identify
([ - , 0 , 1 , - , - , - , - , - , - , - , - , - , - , - ] : 1)  
testCase Num: 150
regaular Num: 133
identify Num: 17
2 0 0 0 0 1 1 0 1 1 1 0 0 0 
0 0 0 1 0 1 0 0 0 0 1 0 0 2 
2 1 1 0 0 0 0 0 1 0 0 1 1 2 
0 1 0 1 0 0 1 0 0 0 0 0 1 2 
1 0 0 1 0 0 0 0 0 0 0 0 3 2 
0 0 1 1 0 1 1 1 0 0 0 0 3 1 
1 0 0 0 1 0 0 1 1 0 0 0 1 2 
2 1 1 1 0 0 1 1 1 1 1 1 1 1 
1 1 0 0 0 0 0 0 0 0 0 0 2 0 
1 0 0 1 1 1 0 0 0 1 1 1 2 0 
2 0 0 1 0 1 0 0 1 0 0 1 2 1 
1 0 0 0 0 0 1 1 1 0 0 0 0 1 
0 1 1 1 0 0 0 0 0 0 1 1 2 1 
2 0 0 1 1 0 0 0 1 0 0 1 0 2 
1 0 0 0 1 1 1 1 0 1 0 1 0 0 
1 1 1 0 0 1 1 1 1 1 0 1 2 1 
2 1 1 0 0 0 1 1 1 0 1 0 2 2 
2 1 0 0 1 0 0 0 1 1 1 1 2 2 
0 0 1 1 0 1 1 1 0 0 0 0 2 2 
0 1 0 0 1 1 1 1 1 0 0 0 2 0 
0 0 0 1 0 0 1 1 1 0 0 1 0 1 
1 0 0 0 1 0 0 0 0 0 1 1 3 1 
0 0 0 0 0 0 0 1 0 0 1 0 3 2 
2 1 1 1 1 1 0 0 1 1 0 0 1 0 
2 0 0 1 1 1 1 1 0 1 0 1 3 1 
0 0 1 1 1 0 0 0 1 1 1 1 2 2 
0 1 1 0 0 1 1 0 1 0 0 1 0 2 
2 1 1 0 0 0 1 0 1 0 1 0 3 1 
2 0 0 0 0 0 0 1 0 0 0 0 2 0 
2 0 0 0 1 0 0 0 1 0 1 0 2 1 
2 0 0 0 0 0 0 0 0 0 0 0 3 1 
1 0 0 0 0 0 1 0 0 0 0 0 1 2 
0 0 0 1 1 0 1 0 1 1 0 0 0 2 
2 0 0 0 1 1 1 0 0 1 0 0 3 2 
0 1 1 0 1 0 0 0 1 0 1 0 1 0 
0 1 1 0 0 0 0 1 0 0 0 0 0 2 
2 0 0 0 1 0 1 1 0 1 0 1 1 2 
2 1 1 1 0 0 0 1 0 0 1 0 0 1 
0 1 0 1 0 1 0 0 0 1 0 1 0 1 
0 0 1 1 0 1 0 0 1 1 1 1 2 2 
2 0 0 0 0 1 0 0 0 1 1 0 1 1 
0 1 0 0 1 0 0 0 0 0 0 0 3 0 
0 0 1 1 0 1 1 1 0 0 1 1 2 2 
0 0 1 1 0 1 1 1 0 0 0 0 3 2 
0 0 0 0 0 0 0 0 0 1 1 0 3 0 
1 0 0 1 1 0 0 1 1 0 1 1 1 0 
1 1 1 1 1 0 1 1 1 1 0 0 3 0 
2 0 0 1 0 0 1 1 0 0 0 1 2 2 
1 0 0 1 0 1 0 0 0 0 0 0 3 0 
0 0 0 0 1 0 1 1 1 0 0 1 3 0 
0 0 0 0 1 0 0 0 0 0 0 1 1 2 
0 1 1 0 1 0 0 0 1 1 1 1 2 2 
1 1 0 0 1 1 0 0 0 0 1 0 0 2 
2 1 1 1 1 1 1 0 0 0 1 0 2 0 
2 1 0 0 0 0 0 0 0 1 0 1 0 1 
2 0 0 0 0 0 0 0 0 0 1 0 3 2 
0 0 1 0 1 0 0 0 1 1 1 1 2 2 
1 1 1 1 1 1 1 0 1 0 1 1 3 2 
1 1 0 0 0 0 0 1 0 1 0 1 3 1 
0 1 1 0 1 0 1 1 0 1 1 0 0 1 
0 1 0 1 0 1 1 1 0 0 1 0 3 2 
2 0 1 0 1 0 0 0 1 1 1 1 2 2 
1 0 0 1 0 0 0 0 1 0 0 0 2 2 
0 0 0 1 1 1 1 1 0 0 1 1 2 1 
2 1 1 0 1 1 0 1 0 1 0 0 2 1 
1 0 0 0 0 0 0 0 0 1 1 0 2 1 
0 0 0 0 1 0 0 0 0 0 0 1 2 0 
1 1 1 0 0 0 1 0 0 1 1 0 3 0 
2 1 0 0 0 1 0 0 1 1 1 1 3 0 
2 1 1 0 1 0 1 1 1 1 1 0 0 2 
0 1 1 0 1 1 1 0 0 0 0 0 1 1 
2 0 0 0 0 0 1 0 1 1 0 1 2 0 
0 0 0 0 0 0 0 0 0 0 1 0 2 0 
2 1 1 1 1 0 1 0 0 0 0 1 0 0 
0 0 0 1 0 0 1 1 1 1 0 1 2 1 
1 1 1 1 1 0 1 0 0 0 0 0 2 1 
0 0 0 0 0 1 0 1 1 1 0 0 1 0 
2 1 1 0 0 1 1 1 0 0 0 0 3 0 
0 0 0 1 0 0 0 0 0 1 0 0 2 2 
1 0 0 0 1 0 1 1 0 1 0 0 2 2 
0 0 0 1 0 1 0 1 0 0 1 1 2 2 
1 0 0 0 0 0 1 0 0 0 0 0 3 1 
1 0 0 0 0 0 0 0 0 0 0 1 3 0 
1 1 0 0 0 1 0 0 1 0 1 0 1 1 
0 1 1 1 0 0 1 0 0 0 0 1 3 1 
0 0 0 1 0 1 1 0 0 1 1 1 1 0 
1 0 0 1 1 1 1 1 1 1 0 1 1 1 
1 1 1 1 0 0 1 1 1 0 0 0 1 0 
0 0 0 1 0 0 1 1 0 1 1 0 0 0 
2 1 0 1 0 0 1 0 0 1 1 0 2 1 
1 0 0 0 0 0 0 0 0 0 0 1 2 2 
2 1 0 0 1 0 0 1 0 0 0 0 0 0 
0 0 0 1 0 1 0 0 1 1 1 0 3 1 
1 1 1 0 0 1 0 0 1 0 1 0 0 0 
0 1 0 0 1 0 0 0 0 0 0 0 1 0 
0 1 1 0 1 0 1 1 1 1 1 1 1 2 
0 0 0 0 0 0 0 0 0 1 0 0 0 1 
1 1 1 1 1 1 0 1 1 0 0 0 3 1 
0 0 0 0 0 0 0 0 0 0 1 0 1 1 
2 0 0 0 0 1 0 0 0 0 0 0 2 2 
0 0 1 1 0 1 1 1 0 1 1 1 2 2 
2 0 0 1 0 1 1 0 1 0 1 0 1 2 
0 0 0 0 0 0 0 0 1 0 1 0 2 1 
0 1 1 0 0 1 0 0 0 0 0 0 0 1 
1 1 1 1 0 0 1 1 0 0 0 1 0 2 
1 1 1 0 1 1 1 0 0 1 0 0 1 0 
2 1 1 0 0 1 0 1 1 0 0 0 3 2 
1 1 1 0 0 1 0 1 0 0 0 1 1 2 
1 1 1 0 1 0 0 0 1 1 0 1 0 1 
1 0 1 1 0 1 1 1 0 0 0 0 0 0 
0 0 0 0 1 0 0 0 1 1 1 1 2 2 
0 0 1 1 0 1 1 1 1 1 1 1 2 2 
2 1 1 0 1 1 1 1 0 0 1 1 1 0 
0 0 0 1 0 1 1 0 0 0 0 0 0 0 
1 0 0 0 0 0 0 0 0 0 0 1 1 0 
0 1 1 0 0 0 1 0 0 0 0 0 0 0 
2 0 0 0 0 0 0 1 0 1 0 0 1 0 
0 1 1 0 1 1 0 1 1 1 1 1 3 1 
1 1 1 1 0 0 0 0 0 1 1 0 1 2 
1 1 1 1 1 1 0 1 1 0 1 0 2 2 
2 0 0 1 1 0 0 1 1 0 1 0 3 0 
1 0 0 1 1 1 0 1 0 0 1 1 0 1 
0 1 1 1 1 1 0 0 0 1 0 1 3 0 
2 0 0 0 0 1 0 1 0 1 1 1 0 2 
0 1 1 1 0 0 0 1 1 0 0 1 1 1 
0 0 0 0 0 1 1 1 0 1 0 0 1 1 
1 1 1 1 0 0 0 1 0 0 1 0 1 1 
0 0 1 1 0 1 1 1 0 0 0 1 2 2 
1 0 0 0 0 1 1 1 1 1 1 0 2 0 
0 0 0 0 0 0 0 0 0 0 0 1 3 2 
2 1 0 1 1 0 0 0 0 0 0 0 1 1 
1 0 0 0 1 0 1 0 0 0 1 1 1 1 
0 1 1 0 0 1 1 0 0 1 0 0 2 2 
0 1 1 1 1 0 1 0 1 1 0 0 3 2 
2 1 0 1 0 0 0 0 0 0 1 1 3 0 
1 1 0 1 0 0 1 0 1 1 1 1 0 0 
0 1 0 1 1 1 0 1 0 1 0 1 1 2 
2 0 0 0 1 1 1 0 1 0 1 0 0 1 
2 1 1 1 1 0 0 1 0 1 0 1 3 2 
1 1 1 0 0 0 0 1 0 0 1 1 2 0 
0 0 1 1 0 0 0 0 1 1 1 1 2 2 
2 1 1 0 0 0 0 0 0 0 0 1 2 0 
0 0 0 0 0 0 0 0 0 0 0 0 0 0 
0 0 1 1 0 1 1 0 1 1 1 1 2 2 
0 0 1 1 0 1 1 1 0 0 0 0 1 0 
2 1 1 1 0 1 0 1 1 1 0 0 0 0 
1 0 0 0 0 1 1 1 1 1 1 1 3 2 
0 1 1 1 1 1 0 1 1 0 1 1 0 0 
0 1 1 1 0 0 0 1 1 1 0 0 2 0 
1 0 0 1 0 0 0 0 1 1 0 0 0 2 
MFS
[ - , 0 , 1 , - , - , - , - , - , - , - , - , - , - , - ]
precise
1.0
recall
1.0
F-measure
1.0
multi
0
time
all 11441 iden 5339 gen 3695
t-cover
26532
all-cover
26532
coveredNum
(1 : 1616)  (2 : 3452)  (3 : 4590)  (4 : 4387)  (5 : 3560)  (6 : 2515)  (7 : 1798)  (8 : 1320)  (9 : 929)  (10 : 641)  (11 : 461)  (12 : 350)  (13 : 236)  (14 : 164)  (15 : 103)  (16 : 59)  (17 : 49)  (18 : 27)  (19 : 23)  (20 : 30)  (21 : 28)  (22 : 42)  (23 : 40)  (24 : 29)  (25 : 18)  (26 : 20)  (27 : 13)  (28 : 18)  (29 : 7)  (30 : 6)  (31 : 1)  
real Identify
([ - , 0 , 1 , - , - , - , - , - , - , - , - , - , - , - ] : 1)  
testCase Num: 149
regaular Num: 132
identify Num: 17
0 0 0 0 0 0 1 0 0 0 0 0 0 0 
1 1 0 0 1 0 1 0 1 1 0 0 0 2 
0 0 0 1 1 0 0 0 1 0 0 0 3 0 
0 0 0 0 0 0 0 0 0 0 0 1 2 0 
0 1 1 1 1 0 0 0 0 1 0 1 3 2 
2 0 0 0 0 0 0 0 0 0 1 1 3 2 
2 0 0 0 0 0 0 0 1 1 0 0 1 0 
1 0 0 1 0 0 1 0 1 0 1 0 1 0 
2 0 0 0 0 1 0 0 1 0 0 1 0 1 
0 0 0 0 0 0 0 0 1 0 0 0 0 1 
0 0 0 0 1 1 0 1 1 1 1 0 3 2 
0 1 1 1 0 0 1 1 1 0 0 0 2 0 
0 1 1 0 0 0 0 0 0 0 0 0 3 0 
0 1 0 0 0 1 0 0 1 0 0 0 2 1 
0 0 0 0 1 0 0 1 0 1 1 1 1 0 
2 0 0 1 0 0 1 0 0 1 0 0 2 2 
1 1 0 1 0 1 1 1 0 1 1 0 3 2 
0 0 0 0 0 0 1 0 0 0 0 1 1 1 
0 0 0 1 1 1 0 0 0 1 0 0 0 1 
2 0 0 0 0 0 0 1 0 0 0 0 0 1 
1 0 1 1 1 0 0 0 0 1 1 0 1 2 
2 0 0 0 1 0 0 1 1 1 0 1 2 0 
1 0 0 1 1 0 0 0 0 0 1 0 2 2 
2 1 1 0 0 1 0 0 1 0 0 0 2 2 
2 1 1 0 0 1 0 1 0 1 0 1 3 2 
1 0 0 0 0 1 1 1 0 0 0 0 0 2 
1 0 0 1 0 1 1 1 0 0 1 1 2 1 
2 1 1 1 1 0 0 1 0 1 1 1 2 2 
0 0 1 1 1 1 1 0 0 1 1 0 1 2 
1 0 0 1 1 0 1 0 0 1 0 1 2 0 
0 0 0 1 0 0 0 1 0 1 1 1 2 1 
0 0 0 0 0 1 1 0 0 1 1 0 3 0 
1 0 0 1 1 1 1 1 1 1 1 1 0 1 
2 0 0 0 1 0 0 0 0 1 1 0 0 1 
0 0 0 0 1 1 1 1 0 0 0 0 2 0 
1 1 1 0 0 0 0 1 0 0 0 0 0 2 
2 0 0 0 1 0 1 1 1 1 0 0 1 1 
0 0 0 1 0 1 0 0 1 0 1 0 1 2 
1 0 0 1 0 1 1 1 0 0 1 1 3 0 
2 0 0 0 0 0 0 1 0 0 0 0 1 2 
0 1 1 1 0 0 1 1 0 0 0 0 1 2 
2 0 0 0 1 1 0 0 0 0 0 0 1 1 
0 1 1 0 0 0 1 0 1 0 1 0 2 1 
0 0 0 1 0 1 1 0 1 1 0 1 0 2 
0 0 0 0 1 0 1 1 1 0 0 1 3 1 
0 1 0 0 0 1 1 1 0 0 1 1 0 1 
1 1 1 0 1 1 1 0 0 1 0 1 0 0 
0 0 1 1 1 0 0 1 0 1 1 0 1 2 
1 0 0 1 0 0 0 0 1 0 0 0 1 2 
2 0 0 0 0 0 1 0 1 0 0 0 3 2 
0 0 1 1 1 0 0 1 1 0 0 1 2 2 
2 0 0 0 1 1 1 0 1 1 1 1 2 1 
2 1 0 0 1 1 1 1 1 0 1 0 1 0 
1 1 1 0 0 1 1 0 0 1 1 0 1 2 
1 0 1 0 0 1 1 0 0 1 1 0 1 2 
0 1 1 0 0 0 0 0 1 0 0 0 0 2 
1 1 1 0 0 1 1 1 0 1 0 1 3 1 
0 1 1 0 1 0 0 0 1 1 0 0 2 1 
1 0 0 0 0 0 0 0 0 0 0 1 3 2 
0 0 1 1 1 0 0 1 1 0 0 1 2 0 
1 1 1 1 1 0 0 1 0 1 0 0 1 0 
0 0 1 1 1 0 0 1 1 0 0 1 1 2 
2 1 1 0 0 1 0 1 0 0 0 1 2 1 
1 1 1 0 0 0 0 0 0 0 0 1 2 0 
0 1 1 0 0 1 0 1 1 1 0 0 1 1 
2 0 0 1 0 0 0 0 0 1 0 0 3 0 
2 1 1 1 1 1 1 0 1 1 1 1 3 0 
0 1 0 1 1 1 0 0 0 1 1 0 2 0 
0 0 0 0 1 0 0 0 0 0 0 0 1 0 
2 1 1 0 0 0 0 0 1 0 0 0 3 0 
2 0 0 1 0 0 1 0 0 0 0 0 1 0 
2 0 0 0 1 0 1 1 0 1 0 0 3 0 
1 0 0 1 0 0 1 1 1 0 1 0 2 2 
1 0 0 0 0 1 1 0 0 1 1 0 1 2 
0 1 1 1 1 1 0 0 1 0 1 1 3 1 
1 0 1 1 1 0 0 1 1 0 0 1 3 1 
1 0 1 1 1 0 0 1 1 0 0 0 1 2 
0 0 0 1 1 0 1 1 0 0 1 0 0 2 
2 0 0 1 1 1 1 1 0 0 0 0 2 1 
2 0 0 0 0 1 0 0 1 0 1 1 2 0 
1 1 1 0 1 0 1 0 1 0 0 0 3 2 
0 0 1 1 1 0 0 1 1 0 0 1 0 1 
1 1 1 1 0 0 0 0 0 0 1 1 0 2 
1 0 0 0 1 0 0 0 0 1 1 1 3 1 
1 1 1 1 0 1 0 0 1 1 0 1 2 2 
2 1 1 0 0 1 1 1 1 0 1 0 0 2 
1 1 1 0 0 0 1 1 1 0 0 1 1 0 
1 1 0 0 1 0 1 0 0 0 0 1 2 1 
2 0 0 1 1 1 1 0 1 0 1 1 3 2 
0 0 1 1 1 0 0 1 1 1 1 0 1 2 
0 1 1 0 1 1 1 0 0 0 1 1 2 2 
2 0 0 1 0 0 0 0 0 0 0 0 2 0 
1 0 0 0 0 1 0 0 0 0 0 0 1 0 
2 0 0 1 0 0 0 0 0 0 0 0 2 1 
2 1 1 0 1 1 0 1 0 1 0 1 0 2 
1 0 0 0 1 1 0 1 0 0 0 1 1 2 
1 0 0 0 0 1 0 1 0 1 0 0 2 2 
2 1 1 1 0 0 1 0 1 1 0 0 0 1 
2 1 1 0 1 0 1 1 1 0 1 1 0 0 
0 1 1 0 0 0 0 0 0 0 1 0 3 2 
0 1 1 0 0 0 0 1 1 1 1 1 0 0 
2 0 0 0 1 1 1 0 0 0 0 0 3 1 
1 1 1 1 1 0 0 1 1 1 1 0 2 1 
1 0 0 0 1 0 1 0 0 0 1 1 0 0 
1 1 1 0 0 0 0 0 1 0 1 0 0 1 
2 1 0 1 1 0 0 1 1 0 0 0 2 2 
0 1 1 1 0 0 1 0 0 1 1 0 3 1 
1 1 1 1 1 1 0 1 0 0 0 0 0 1 
0 0 1 1 0 1 1 0 0 1 1 0 1 2 
0 0 0 0 0 0 1 1 1 1 0 1 2 2 
1 1 1 0 1 1 0 0 0 0 1 0 3 0 
2 1 1 0 0 0 1 0 0 1 1 0 2 0 
0 0 0 1 0 1 1 0 0 0 0 0 1 1 
1 0 0 0 0 1 0 1 1 1 0 0 0 0 
2 1 1 0 1 0 1 0 1 1 0 1 1 2 
2 1 0 0 0 1 1 0 0 1 1 0 1 2 
0 0 0 1 1 1 1 0 1 1 0 1 1 0 
2 1 1 1 0 1 0 1 1 0 1 0 3 1 
2 0 0 1 0 1 1 1 0 1 0 1 0 0 
0 1 0 0 1 0 0 0 0 1 0 1 1 2 
2 1 1 1 1 0 0 0 1 0 1 0 1 2 
2 1 1 1 0 1 0 0 0 0 0 1 1 0 
0 1 0 0 0 0 0 1 1 0 0 0 3 2 
0 0 1 1 1 0 1 0 0 1 1 0 1 2 
1 1 0 1 1 1 0 1 1 1 1 1 1 1 
1 0 0 1 0 0 0 0 0 0 0 0 0 0 
2 0 0 1 0 0 0 0 1 1 1 0 0 2 
0 0 0 1 0 0 0 0 0 0 0 0 2 2 
0 1 1 0 1 0 1 1 0 0 0 1 0 1 
1 1 1 1 1 1 1 0 0 0 1 0 1 1 
0 1 1 0 0 1 1 0 0 1 1 1 1 0 
1 1 1 1 1 0 0 1 0 0 0 0 3 0 
2 0 1 0 0 1 1 0 0 1 1 0 1 2 
2 1 1 0 1 0 0 1 0 0 1 0 1 1 
1 0 0 0 0 0 0 0 0 1 0 1 1 1 
2 1 0 1 0 0 0 1 1 1 1 1 1 2 
0 0 0 0 0 0 1 0 0 0 0 0 3 2 
1 0 0 1 0 1 0 0 1 0 0 0 3 1 
0 1 1 1 1 1 0 0 1 0 1 0 0 0 
0 0 1 1 1 0 0 1 1 0 1 0 1 2 
1 1 1 0 1 1 1 1 1 0 1 0 2 0 
0 1 1 0 1 0 0 0 1 0 1 1 1 1 
2 1 0 1 1 0 0 0 1 1 0 1 3 1 
1 0 0 0 0 0 1 0 0 0 0 1 0 2 
0 0 0 0 0 0 0 0 0 0 0 0 0 0 
2 1 0 1 1 0 0 0 0 0 0 0 0 0 
0 1 1 1 0 1 1 1 0 0 0 1 3 0 
1 1 0 0 0 0 0 1 1 1 1 1 3 0 
2 0 0 1 0 0 0 1 0 0 1 1 1 1 
MFS
[ - , 0 , 1 , - , - , - , - , - , - , - , - , - , - , - ]
precise
1.0
recall
1.0
F-measure
1.0
multi
0
time
all 11314 iden 5327 gen 3635
t-cover
26532
all-cover
26532
coveredNum
(1 : 1622)  (2 : 3466)  (3 : 4597)  (4 : 4409)  (5 : 3486)  (6 : 2534)  (7 : 1875)  (8 : 1315)  (9 : 951)  (10 : 645)  (11 : 437)  (12 : 341)  (13 : 208)  (14 : 151)  (15 : 97)  (16 : 68)  (17 : 42)  (18 : 37)  (19 : 50)  (20 : 41)  (21 : 23)  (22 : 40)  (23 : 28)  (24 : 23)  (25 : 15)  (26 : 8)  (27 : 3)  (28 : 5)  (29 : 6)  (30 : 4)  (31 : 5)  
real Identify
([ - , 0 , 1 , - , - , - , - , - , - , - , - , - , - , - ] : 1)  
testCase Num: 155
regaular Num: 138
identify Num: 17
2 1 1 1 1 1 0 0 0 0 1 1 2 2 
2 1 0 0 0 0 1 0 0 0 1 0 1 2 
1 1 1 1 0 0 1 0 1 1 1 1 2 0 
2 0 0 0 0 0 0 0 0 0 1 0 1 1 
2 1 1 0 0 1 1 0 1 1 1 0 3 1 
1 0 0 1 1 1 1 0 0 0 0 1 0 0 
1 1 1 1 0 1 1 0 1 0 0 0 0 1 
0 1 1 0 1 0 0 0 0 0 1 0 1 0 
0 1 1 0 0 1 0 1 1 0 1 1 1 1 
1 0 0 0 1 0 0 0 1 0 1 0 1 0 
0 0 0 0 1 1 1 1 0 0 0 1 3 1 
1 1 0 0 0 0 0 0 1 0 0 0 3 0 
2 1 1 0 1 0 1 0 1 0 0 0 1 1 
0 1 1 0 0 1 1 1 1 0 0 0 3 0 
0 1 1 0 0 0 0 0 0 0 0 0 3 1 
2 1 1 0 1 1 0 0 1 0 0 0 3 2 
0 0 1 1 0 0 0 1 1 1 1 0 2 2 
1 1 1 0 1 1 0 0 0 1 1 0 2 1 
2 0 0 0 1 1 0 0 0 0 0 0 0 0 
2 0 0 0 0 1 1 1 1 1 0 0 1 0 
2 1 1 0 1 0 0 0 1 0 0 1 3 0 
0 0 0 0 1 0 0 0 0 0 0 0 2 0 
1 1 1 0 1 0 0 0 0 1 1 1 0 2 
1 1 0 1 0 0 0 0 1 1 1 1 0 1 
2 1 1 0 0 1 0 1 0 1 1 1 0 0 
2 0 0 1 0 1 1 0 0 0 1 0 3 0 
1 0 0 1 0 0 0 0 0 0 0 0 2 1 
1 1 0 0 1 1 1 0 1 0 1 0 2 0 
0 1 1 1 1 1 0 1 1 1 0 0 2 1 
0 0 0 1 0 0 0 0 1 0 0 0 3 1 
2 0 0 1 1 1 0 1 1 1 1 0 0 2 
1 0 1 1 0 1 1 0 0 0 0 1 2 2 
0 0 0 0 0 1 0 0 1 0 1 1 0 1 
0 1 1 0 0 1 0 0 1 1 0 1 2 0 
2 0 0 0 0 0 0 1 0 1 1 0 2 0 
0 1 1 1 0 0 0 0 1 1 0 1 3 2 
0 0 0 1 0 1 1 0 1 0 0 0 2 2 
2 0 0 0 1 0 0 1 0 0 1 1 1 0 
0 1 1 1 1 1 1 0 0 0 0 0 1 0 
2 1 1 1 0 0 0 1 0 1 0 0 3 1 
0 1 0 1 0 0 1 1 1 0 0 1 1 1 
0 1 1 0 0 0 1 0 1 0 1 0 2 1 
0 1 1 0 1 0 1 1 0 0 0 1 1 2 
2 0 0 0 1 1 0 0 0 0 0 0 1 0 
0 0 0 0 0 0 0 0 0 0 1 0 3 2 
2 1 1 0 1 0 1 0 1 1 1 0 0 1 
2 1 1 0 0 0 0 1 1 1 1 1 2 1 
1 0 1 1 0 1 1 0 0 0 0 0 2 2 
1 1 1 1 0 0 1 0 0 0 1 0 1 2 
2 0 0 1 1 0 0 0 0 1 0 0 1 1 
0 0 1 1 0 1 1 0 0 0 0 1 1 0 
1 0 0 1 0 0 0 0 0 1 1 0 3 0 
1 0 0 1 0 0 0 1 1 0 0 1 0 2 
0 1 1 1 1 1 1 1 0 1 1 0 3 2 
1 1 1 1 0 0 0 1 1 1 0 0 1 0 
1 0 0 1 1 1 0 1 1 0 0 0 3 2 
0 0 1 1 0 1 0 1 1 1 1 0 2 2 
0 1 1 0 0 0 1 0 0 1 0 1 2 1 
0 0 1 1 0 1 1 1 1 1 1 0 2 2 
1 0 0 0 0 0 1 1 1 1 1 0 0 0 
1 1 0 0 1 0 1 0 0 1 0 0 3 2 
0 1 1 1 0 1 1 0 1 0 1 0 0 2 
1 0 0 0 0 0 0 1 1 0 1 0 2 0 
2 1 1 0 0 1 0 0 0 0 0 0 2 0 
1 1 1 0 0 1 1 1 1 0 1 1 3 2 
1 0 0 0 0 0 0 0 0 0 0 0 0 1 
2 0 0 1 0 0 0 0 0 1 0 0 3 2 
0 0 0 1 0 0 0 0 0 0 0 1 1 0 
0 0 0 0 1 0 0 0 0 0 0 0 1 1 
0 0 0 0 1 0 0 0 0 0 0 1 3 2 
1 0 0 1 1 1 1 1 0 1 1 1 1 1 
1 1 1 1 0 1 0 0 0 1 0 0 0 0 
0 0 0 0 0 1 0 0 0 0 1 0 3 1 
2 1 0 0 0 1 0 1 0 0 0 1 1 1 
2 0 0 0 0 1 1 0 0 1 0 1 0 1 
1 0 0 0 0 0 1 0 1 1 0 0 3 1 
1 1 1 0 1 0 1 0 0 0 0 0 2 2 
2 1 0 0 1 0 1 1 0 0 0 1 0 2 
1 0 0 0 1 0 0 0 1 0 0 0 0 0 
2 1 1 0 0 1 1 1 0 0 0 0 2 2 
0 0 0 1 1 0 1 1 0 0 1 0 0 1 
0 1 1 0 0 0 1 0 0 0 0 1 0 0 
2 0 0 1 0 1 0 0 1 0 1 0 1 0 
0 0 1 1 0 1 1 0 0 0 0 1 3 2 
1 0 0 0 0 1 1 0 0 1 1 0 2 2 
0 0 0 1 1 0 1 0 1 1 1 1 3 0 
1 1 1 0 1 1 0 0 0 1 0 1 3 0 
2 0 0 1 0 0 0 0 0 0 0 0 0 2 
2 0 0 1 1 0 1 0 1 1 0 1 2 0 
2 0 0 0 1 0 0 1 1 1 1 1 3 1 
0 1 0 1 0 1 1 1 0 1 0 0 0 2 
1 1 1 0 1 1 0 1 0 0 0 0 0 1 
2 0 0 0 0 0 1 1 0 0 1 1 3 2 
1 0 0 0 0 0 1 1 0 0 1 1 3 0 
1 1 1 1 1 0 1 0 0 0 1 1 3 1 
0 1 0 0 1 0 0 1 0 1 1 0 3 1 
0 0 0 1 0 1 1 1 0 0 1 1 2 0 
0 0 1 1 0 1 1 0 0 0 0 1 3 1 
1 0 0 0 0 0 0 0 1 0 0 1 1 2 
1 0 1 1 0 1 1 0 0 0 1 0 2 2 
2 0 0 1 0 1 0 0 1 0 1 0 2 1 
1 1 1 0 0 1 1 0 0 0 1 1 1 0 
0 1 0 0 1 0 0 0 0 1 1 1 1 0 
1 0 0 0 0 0 0 0 1 0 0 1 2 2 
0 1 0 1 1 1 0 1 1 1 1 0 0 0 
0 1 1 0 0 0 1 1 1 1 0 1 1 0 
2 0 0 1 0 0 0 0 0 0 0 0 1 2 
0 0 1 1 1 0 0 1 1 1 1 0 2 2 
1 0 0 0 0 0 0 1 0 0 0 0 1 2 
0 0 0 1 0 0 0 0 1 1 1 0 1 1 
1 1 1 1 1 0 0 1 0 0 0 0 2 0 
1 0 0 0 0 1 1 1 0 0 1 0 0 2 
0 0 1 1 0 1 1 0 1 1 1 0 2 2 
0 0 0 1 1 0 0 0 0 0 0 1 2 2 
0 0 0 1 1 1 1 1 1 0 1 0 1 2 
0 0 0 0 0 0 0 0 0 0 0 0 2 1 
0 0 0 0 1 1 1 0 1 1 0 1 0 2 
2 0 0 0 0 0 0 0 0 0 0 0 2 1 
2 1 0 0 0 0 0 0 0 0 0 0 2 0 
2 0 0 0 0 0 0 0 0 0 0 0 2 2 
1 0 0 1 0 1 0 1 0 1 0 1 2 0 
1 1 0 0 1 1 1 1 1 1 0 0 1 1 
2 0 0 1 0 0 0 1 1 0 0 0 0 1 
2 1 1 0 0 0 0 0 0 0 0 0 1 0 
0 1 1 0 0 0 1 1 0 0 1 1 0 2 
2 0 0 1 1 0 1 0 1 1 1 1 1 2 
0 1 1 0 1 0 0 1 1 1 1 0 2 2 
1 0 0 0 1 0 1 1 1 0 0 1 2 1 
2 0 0 1 1 1 1 1 0 1 0 0 3 0 
1 1 1 1 0 1 0 0 0 1 0 1 1 1 
1 0 0 0 0 0 0 1 0 0 1 0 1 1 
0 0 1 0 1 0 0 1 1 1 1 0 2 2 
0 0 1 1 0 1 1 0 0 1 1 0 2 2 
2 0 0 1 1 1 1 1 0 1 1 1 2 1 
1 1 1 0 0 1 0 1 0 1 0 0 3 1 
0 0 0 1 0 0 0 1 0 0 0 1 3 0 
2 0 1 0 1 0 0 1 1 1 1 0 2 2 
2 1 1 1 0 1 0 1 0 1 1 1 1 2 
0 1 1 1 1 0 0 1 1 1 0 1 0 1 
2 1 0 1 0 1 1 0 1 0 0 1 3 1 
0 0 0 0 0 1 0 0 0 1 0 0 1 2 
2 0 0 0 1 1 0 0 1 0 1 1 0 0 
2 1 1 0 0 0 0 0 1 1 0 0 0 2 
2 1 1 1 1 0 1 1 1 0 0 1 0 0 
1 0 1 1 0 1 1 0 0 0 0 1 0 0 
0 0 0 0 1 0 0 1 1 1 1 0 2 2 
2 1 0 0 1 0 0 1 1 1 1 0 2 2 
0 1 0 1 1 0 1 0 0 0 0 0 2 1 
0 1 1 0 0 0 1 1 0 0 0 0 0 1 
0 0 0 0 0 0 0 0 0 0 0 0 0 0 
1 1 1 0 1 1 0 0 1 1 0 1 1 2 
0 0 0 0 0 0 0 0 0 0 0 0 0 2 
1 1 1 1 0 0 1 1 1 1 0 1 2 2 
0 1 0 0 0 0 0 0 0 0 0 1 2 0 
0 1 1 1 1 0 0 1 0 0 1 0 3 0 
MFS
[ - , 0 , 1 , - , - , - , - , - , - , - , - , - , - , - ]
precise
1.0
recall
1.0
F-measure
1.0
multi
0
time
all 11567 iden 5325 gen 3840
t-cover
26532
all-cover
26532
coveredNum
(1 : 1450)  (2 : 3151)  (3 : 4539)  (4 : 4323)  (5 : 3577)  (6 : 2636)  (7 : 1868)  (8 : 1339)  (9 : 964)  (10 : 710)  (11 : 582)  (12 : 399)  (13 : 267)  (14 : 174)  (15 : 108)  (16 : 62)  (17 : 40)  (18 : 28)  (19 : 16)  (20 : 23)  (21 : 26)  (22 : 35)  (23 : 31)  (24 : 28)  (25 : 43)  (26 : 37)  (27 : 26)  (28 : 20)  (29 : 14)  (30 : 3)  (31 : 8)  (32 : 1)  (33 : 1)  (34 : 1)  (35 : 1)  (36 : 1)  
real Identify
([ - , 0 , 1 , - , - , - , - , - , - , - , - , - , - , - ] : 1)  
testCase Num: 152
regaular Num: 135
identify Num: 17
1 1 1 1 0 1 0 0 0 1 1 0 1 2 
1 0 0 1 1 0 0 1 1 0 0 0 2 0 
1 1 1 0 1 0 0 1 1 1 0 1 2 1 
2 0 0 0 1 0 0 0 0 0 1 0 2 0 
2 1 1 1 1 0 1 0 0 0 1 1 0 0 
1 0 0 0 0 0 0 0 0 1 0 1 0 1 
1 1 0 0 0 0 0 0 0 0 0 0 2 0 
0 1 1 0 1 1 0 1 1 0 1 0 1 0 
1 0 0 0 0 1 0 0 1 0 1 0 2 1 
2 1 1 1 0 0 0 0 1 1 1 0 2 0 
1 1 1 1 1 0 0 1 0 1 0 0 0 2 
1 1 1 1 0 0 1 0 1 1 0 0 3 0 
2 1 1 1 1 0 1 1 0 1 1 1 2 2 
1 1 1 0 1 1 1 0 1 0 0 0 1 1 
0 0 0 0 0 1 0 1 0 1 1 1 2 2 
1 0 1 1 0 0 0 1 0 0 0 0 2 2 
0 0 0 1 1 0 1 0 0 0 1 1 2 0 
1 0 0 0 0 0 0 0 1 0 0 0 3 1 
0 1 1 0 0 1 0 1 0 0 0 1 3 0 
1 0 0 1 1 1 1 1 1 0 1 0 2 2 
2 1 0 1 1 1 1 1 0 1 1 1 0 1 
0 0 0 1 1 0 0 1 1 0 0 1 3 0 
1 1 1 1 0 1 0 1 1 1 0 1 3 2 
0 0 0 1 0 1 0 0 0 0 0 0 2 0 
1 1 0 0 1 0 1 0 1 0 1 0 0 1 
2 0 0 0 0 0 0 1 0 0 0 0 2 1 
2 1 0 0 0 1 1 1 1 0 1 1 2 0 
2 1 1 0 0 0 1 0 0 1 1 0 1 1 
2 0 0 0 0 0 0 1 0 0 0 0 2 2 
0 1 0 0 1 1 0 1 1 0 0 1 2 1 
0 1 0 0 0 0 0 1 1 1 0 0 1 1 
2 0 0 1 0 0 0 0 0 1 0 1 2 1 
2 1 1 1 1 1 1 1 1 0 1 1 1 2 
2 1 0 0 0 0 0 0 0 0 0 0 3 0 
0 0 0 1 1 0 1 1 0 0 0 1 0 1 
2 1 1 1 1 1 1 1 0 1 1 1 3 0 
0 1 1 0 0 0 0 0 0 0 0 0 1 2 
0 0 0 1 0 1 1 1 0 0 0 1 1 2 
1 0 1 1 0 0 0 1 0 0 1 1 3 0 
1 0 1 1 0 0 0 0 1 1 0 0 2 2 
0 0 0 0 0 0 0 0 1 0 0 1 2 0 
0 0 0 1 0 1 0 1 0 1 1 0 2 1 
0 1 1 1 0 0 0 0 1 1 0 0 1 0 
1 1 1 0 1 0 1 0 1 0 0 1 0 2 
0 1 0 1 0 0 0 1 0 1 1 0 0 0 
2 0 0 0 0 0 0 0 0 1 1 1 1 0 
2 0 0 0 1 0 0 0 0 0 0 0 3 2 
1 0 0 0 0 1 1 1 0 0 0 1 1 0 
0 0 0 1 0 0 0 0 1 1 0 0 0 2 
2 1 1 0 1 1 0 0 1 1 0 1 3 1 
2 0 0 0 1 1 1 1 0 1 1 0 0 0 
0 1 1 1 0 0 0 0 1 0 1 1 1 1 
2 0 0 1 0 0 0 0 0 1 1 0 0 1 
0 1 1 1 1 1 1 1 1 1 1 0 0 2 
1 0 0 0 0 0 0 0 0 0 0 0 0 0 
0 1 1 1 1 0 1 0 0 1 0 1 1 0 
2 0 0 1 0 1 1 0 0 1 0 1 3 2 
2 1 1 0 0 1 0 1 0 0 0 1 2 0 
1 1 1 1 0 1 0 1 1 0 1 0 0 0 
0 0 0 0 1 0 1 0 0 1 0 1 1 2 
1 0 0 0 0 1 1 1 0 1 1 0 0 2 
0 1 1 0 0 0 0 1 0 0 0 0 1 1 
1 1 1 0 1 0 0 1 0 1 1 0 3 1 
0 1 1 0 0 0 1 1 1 1 0 1 0 0 
1 1 0 1 1 0 0 0 0 1 1 1 1 0 
0 1 0 0 1 0 0 1 0 1 1 1 3 2 
1 0 0 0 1 0 0 1 0 0 0 0 3 0 
1 0 0 1 1 1 0 1 1 0 0 0 3 2 
0 0 0 0 0 1 0 0 0 0 0 0 3 2 
0 1 1 0 1 1 1 0 1 1 0 0 2 2 
2 0 0 1 1 1 1 0 1 0 0 0 2 1 
0 0 0 0 0 1 1 0 1 1 1 0 1 2 
0 0 1 0 1 1 1 0 1 1 0 0 2 2 
2 0 0 0 1 0 1 1 0 1 1 0 3 0 
2 0 1 0 1 1 1 0 1 1 0 0 2 2 
1 1 0 1 0 0 1 0 1 0 1 1 2 2 
0 0 1 1 0 0 1 0 1 1 0 0 2 2 
0 1 1 0 0 0 0 0 1 1 1 0 2 0 
0 0 0 1 1 1 1 1 0 0 0 0 3 1 
1 0 0 1 1 0 1 1 1 1 1 1 1 1 
0 0 0 0 1 1 1 0 1 1 0 0 2 2 
2 1 0 0 1 1 1 0 1 1 0 0 2 2 
0 0 0 0 1 0 0 0 0 0 0 0 1 0 
1 0 0 0 0 1 0 0 1 1 0 1 1 0 
0 1 1 0 0 0 1 0 1 0 0 0 3 2 
0 1 1 0 1 0 1 1 0 0 1 0 2 1 
2 1 0 0 1 0 0 1 0 0 0 1 0 2 
0 0 0 0 1 1 0 0 1 0 0 0 0 0 
0 1 1 1 0 0 0 0 1 0 0 1 2 2 
1 1 0 1 0 1 0 1 0 0 1 0 3 1 
2 1 0 0 0 0 0 1 0 1 0 0 1 2 
2 0 0 0 0 0 0 0 0 0 0 0 0 0 
1 1 0 0 0 1 1 0 1 0 0 1 3 0 
0 1 1 0 0 1 1 0 0 0 0 0 0 2 
0 0 1 1 0 0 0 1 0 0 1 1 3 2 
1 1 1 0 0 0 0 0 0 0 0 0 1 0 
1 0 0 1 0 0 0 0 0 1 1 1 3 0 
1 0 0 1 1 0 1 0 0 0 0 0 1 2 
1 0 0 0 0 0 0 0 0 1 0 0 3 2 
1 0 1 1 0 0 0 1 0 1 0 0 2 2 
1 0 0 0 0 0 1 1 0 0 1 0 1 0 
2 0 0 1 1 1 0 0 1 0 1 0 3 0 
1 0 1 1 0 1 1 0 1 1 0 0 2 2 
2 0 0 1 1 0 0 0 1 0 1 0 1 2 
1 0 0 1 1 1 1 0 1 1 0 1 0 0 
0 1 0 1 1 1 1 0 0 0 0 0 1 1 
2 1 1 1 1 1 0 1 0 1 0 0 1 0 
0 1 1 0 0 0 0 0 0 0 1 0 3 0 
0 0 1 1 0 0 0 1 0 0 1 1 2 2 
2 1 1 0 0 1 1 1 0 0 0 0 0 1 
0 0 0 1 1 0 0 0 0 0 1 0 3 2 
0 0 0 1 0 1 1 0 1 1 1 0 3 0 
2 1 0 0 1 0 0 0 1 1 0 0 0 0 
0 0 1 1 1 1 1 0 1 1 0 0 2 2 
2 0 0 0 1 0 0 1 0 0 1 0 3 1 
2 0 0 1 0 0 0 1 1 1 1 1 0 2 
0 0 0 0 1 1 0 0 0 0 1 1 0 2 
1 1 1 0 1 1 1 0 0 0 0 0 2 0 
0 0 0 0 0 0 0 0 0 0 0 0 2 1 
2 1 1 1 0 1 1 0 1 0 0 0 0 2 
1 1 1 0 1 0 1 1 1 0 1 0 3 2 
1 0 1 1 0 0 0 1 0 0 1 0 2 2 
1 0 0 0 1 1 0 0 0 1 1 1 2 2 
2 0 0 0 0 0 0 1 1 0 1 1 3 2 
1 1 1 0 0 1 0 1 0 0 1 1 0 1 
0 0 1 1 0 0 0 1 0 0 1 1 1 0 
2 0 0 0 0 0 1 0 1 0 0 1 1 0 
0 0 0 0 0 0 0 0 0 0 0 0 1 1 
1 1 1 0 1 1 0 0 0 1 1 1 2 0 
1 0 0 1 0 0 0 0 0 0 0 0 0 1 
2 1 1 0 1 0 0 0 1 0 1 1 2 1 
0 0 0 0 0 0 1 0 1 1 1 1 3 1 
2 0 0 1 0 1 0 0 1 1 0 0 1 1 
2 0 0 0 1 1 0 1 1 0 0 0 0 1 
0 0 0 1 0 0 0 0 0 0 1 0 1 0 
1 1 1 0 0 0 1 0 0 1 0 0 2 2 
1 1 1 0 0 0 0 1 1 0 0 1 1 2 
1 0 0 0 0 0 0 1 0 1 0 1 0 0 
1 1 1 1 0 1 1 1 0 1 0 1 2 1 
2 1 1 0 0 1 0 0 0 0 1 0 3 2 
0 0 0 0 0 1 1 1 0 1 0 0 2 0 
2 1 1 1 0 0 1 1 1 0 0 1 3 1 
0 1 1 1 1 0 0 0 0 1 0 0 3 1 
0 0 1 1 0 0 0 1 0 0 1 1 0 1 
2 0 0 0 1 1 0 1 0 0 1 1 1 1 
0 0 0 0 0 0 0 0 0 0 0 0 0 0 
1 0 0 0 1 1 1 0 0 0 0 1 3 1 
0 0 1 1 0 0 0 1 1 1 0 0 2 2 
0 0 0 0 0 0 0 0 0 0 0 0 0 1 
0 1 1 1 0 1 0 0 1 1 1 1 0 1 
1 0 0 1 0 0 0 0 0 0 0 1 1 1 
2 1 1 0 1 0 0 0 0 1 0 0 0 1 
MFS
[ - , 0 , 1 , - , - , - , - , - , - , - , - , - , - , - ]
precise
1.0
recall
1.0
F-measure
1.0
multi
0
time
all 11384 iden 5310 gen 3729
t-cover
26532
all-cover
26532
coveredNum
(1 : 1559)  (2 : 3327)  (3 : 4593)  (4 : 4241)  (5 : 3581)  (6 : 2626)  (7 : 1891)  (8 : 1297)  (9 : 953)  (10 : 711)  (11 : 476)  (12 : 352)  (13 : 216)  (14 : 166)  (15 : 91)  (16 : 70)  (17 : 50)  (18 : 28)  (19 : 28)  (20 : 24)  (21 : 31)  (22 : 39)  (23 : 42)  (24 : 32)  (25 : 37)  (26 : 24)  (27 : 13)  (28 : 17)  (29 : 5)  (30 : 5)  (31 : 4)  (32 : 3)  
real Identify
([ - , 0 , 1 , - , - , - , - , - , - , - , - , - , - , - ] : 1)  
testCase Num: 155
regaular Num: 138
identify Num: 17
1 1 1 1 1 0 0 0 0 1 1 0 0 2 
1 1 1 1 1 1 0 1 1 1 1 1 2 2 
0 1 0 1 1 0 1 1 1 0 0 1 2 1 
1 0 0 0 0 0 0 0 0 0 0 0 2 2 
2 1 1 1 1 1 1 1 1 0 0 1 3 1 
2 1 1 0 0 1 0 0 0 0 0 1 2 2 
1 0 0 0 0 1 1 1 0 1 1 0 3 2 
0 0 1 1 0 0 0 0 1 1 0 1 2 2 
1 1 1 0 1 1 0 0 1 0 1 1 0 0 
2 1 1 0 0 1 1 0 0 0 0 0 1 1 
2 1 0 0 1 1 1 1 0 0 1 0 2 2 
0 1 1 1 1 1 0 0 1 0 0 1 1 2 
0 1 1 0 0 0 1 1 1 0 0 0 1 0 
0 0 0 0 0 0 0 0 0 0 0 1 1 0 
0 0 1 1 1 1 1 1 0 0 1 0 2 2 
0 0 0 1 1 0 1 0 0 0 0 0 3 0 
1 0 0 0 1 0 0 0 0 0 1 0 1 0 
2 0 0 0 0 0 0 0 0 1 0 0 1 0 
1 0 0 1 0 0 1 1 1 1 0 1 0 0 
0 0 0 0 0 0 1 0 0 0 0 1 3 0 
0 1 0 1 0 1 1 1 1 0 0 0 0 2 
2 1 1 1 1 0 1 0 0 0 0 0 0 0 
0 0 0 1 1 1 0 1 1 0 0 0 3 2 
1 0 0 0 0 0 0 0 0 0 1 0 0 1 
0 0 0 0 0 1 0 0 1 0 0 0 2 0 
1 0 1 1 0 0 0 0 1 1 0 0 2 2 
0 0 0 1 0 1 1 0 0 1 0 1 2 0 
0 0 1 1 0 0 0 0 1 1 0 1 3 2 
2 1 1 1 1 0 1 1 0 1 0 0 2 0 
2 1 1 0 0 0 0 1 1 1 1 1 0 1 
1 0 1 1 0 0 0 0 0 0 1 0 2 2 
0 1 1 1 0 0 1 0 0 0 1 1 1 1 
2 1 0 0 1 1 1 0 1 1 1 0 1 1 
2 0 0 1 1 0 1 1 0 0 0 0 3 1 
2 0 0 0 1 1 0 1 1 1 0 1 3 0 
0 0 0 0 1 1 1 0 0 1 0 1 0 1 
0 1 1 0 1 1 1 1 0 0 1 0 2 2 
0 0 1 0 1 1 1 1 0 0 1 0 2 2 
0 1 0 0 0 1 0 0 1 1 0 0 1 0 
2 0 0 0 0 0 0 1 0 0 0 0 3 2 
2 0 0 0 1 1 1 1 0 1 1 0 0 0 
1 1 0 0 0 1 1 1 0 0 0 1 1 2 
2 1 1 0 0 0 0 0 0 1 0 1 3 2 
0 0 0 0 1 0 0 1 0 1 1 0 2 0 
1 0 1 1 0 0 1 1 0 0 1 0 2 2 
1 1 1 1 0 1 0 0 0 0 0 0 2 0 
2 0 0 0 0 0 0 0 0 0 0 1 0 0 
2 0 0 1 0 1 0 0 1 0 0 0 2 1 
0 0 0 0 0 1 1 0 1 0 0 1 3 1 
1 1 0 0 0 0 1 1 1 0 1 0 3 0 
1 0 1 1 0 0 0 0 1 1 1 0 2 2 
2 1 1 0 1 0 0 0 0 0 1 1 1 0 
2 0 0 0 0 0 0 0 0 0 1 0 3 0 
2 0 0 0 0 1 0 1 0 1 1 0 3 1 
1 0 0 0 0 1 0 0 1 0 0 0 3 0 
1 1 1 1 0 1 0 0 0 0 0 0 1 0 
1 1 0 0 1 1 0 0 0 0 1 1 3 1 
0 1 1 0 0 1 1 1 0 0 0 0 3 2 
0 1 1 0 0 1 1 1 1 1 1 0 1 2 
1 0 0 1 0 0 0 1 0 0 1 1 2 0 
1 1 0 0 1 1 1 1 0 1 0 0 0 1 
1 1 1 0 0 0 1 0 1 0 0 0 0 1 
1 0 0 1 0 0 0 1 0 0 0 1 3 2 
1 0 0 1 0 0 1 0 0 0 1 0 3 1 
0 1 1 1 1 0 0 1 0 0 0 1 3 1 
2 1 1 0 1 0 1 1 1 1 1 0 0 2 
1 0 0 0 0 0 1 1 0 0 0 0 2 1 
1 0 0 1 1 0 1 0 1 0 0 1 2 2 
1 1 1 1 0 0 0 1 1 1 0 0 3 1 
1 0 0 0 0 0 0 0 0 0 0 0 1 0 
1 1 1 1 0 1 1 0 0 0 1 1 2 1 
0 0 0 1 0 0 0 0 0 1 0 0 2 1 
1 0 0 1 0 1 1 1 1 1 1 1 1 1 
1 1 0 1 0 0 0 0 1 0 0 0 1 0 
1 1 0 0 1 0 1 0 0 1 1 1 2 0 
0 0 1 1 0 0 0 0 1 1 0 1 1 1 
1 1 1 0 1 0 0 1 1 0 0 0 1 1 
2 0 0 0 0 1 0 0 1 0 0 0 0 1 
0 1 1 0 1 0 0 0 0 0 0 0 0 1 
0 0 1 1 0 1 1 1 0 0 1 0 2 2 
1 1 1 0 0 0 0 1 0 1 1 1 1 0 
0 1 1 0 0 1 0 1 0 1 0 0 2 1 
1 0 0 0 1 1 0 0 1 0 0 0 2 0 
0 0 0 0 0 0 0 0 0 1 0 0 0 2 
2 1 0 1 0 0 1 1 1 0 0 1 1 0 
0 0 0 0 0 0 0 0 0 1 0 0 0 0 
2 1 1 1 1 0 1 1 1 0 0 0 3 0 
2 0 0 0 1 0 0 1 0 1 1 1 2 1 
0 1 1 1 1 0 0 0 1 0 0 0 2 0 
1 0 1 1 0 0 0 0 1 1 0 1 0 1 
0 1 1 0 0 0 0 0 0 0 0 1 0 2 
0 0 0 0 1 1 1 1 0 0 1 0 2 2 
1 0 0 0 1 1 1 1 0 0 0 1 1 0 
0 0 0 0 0 0 0 1 0 0 0 1 2 2 
0 1 1 0 1 0 1 0 1 1 1 0 3 1 
1 1 1 0 1 0 0 1 0 0 1 0 3 0 
2 0 0 0 0 0 1 1 1 1 0 0 1 2 
1 1 1 1 1 0 1 0 1 1 0 0 1 2 
0 0 0 0 0 0 0 0 0 1 0 1 3 1 
0 0 0 1 1 0 1 0 0 1 1 0 1 0 
2 1 0 1 1 0 0 0 1 1 0 1 0 1 
1 0 0 1 1 1 0 1 0 0 0 1 0 1 
0 1 0 0 0 1 0 0 0 1 0 0 3 2 
0 0 0 1 1 0 0 1 1 1 0 0 1 1 
1 1 1 0 0 0 1 1 0 0 0 1 0 2 
2 0 0 0 1 1 1 0 0 1 0 1 0 2 
2 1 1 1 0 1 0 1 1 0 1 0 0 0 
2 1 1 0 0 0 0 0 1 1 0 1 1 1 
2 0 0 0 0 0 1 0 1 0 1 1 1 2 
2 0 0 0 1 1 0 0 1 1 0 0 2 2 
2 1 1 1 0 0 0 0 1 0 1 0 3 2 
1 1 0 0 0 0 1 1 0 0 1 0 0 0 
2 0 0 1 0 1 1 0 0 0 1 1 0 1 
1 1 0 0 0 0 0 1 1 1 0 0 2 2 
0 0 0 0 0 0 0 0 1 1 1 1 2 1 
0 0 0 0 0 0 0 0 1 1 0 0 3 2 
2 1 1 1 0 1 0 1 0 1 0 0 1 2 
2 0 1 0 1 1 1 1 0 0 1 0 2 2 
0 1 1 0 0 1 0 1 0 0 1 1 3 0 
2 0 0 0 0 0 0 0 0 0 0 0 2 0 
1 0 1 1 0 0 0 1 0 0 1 0 2 2 
1 0 1 1 0 0 0 0 1 1 0 1 3 0 
1 1 1 0 1 0 0 0 1 0 1 0 2 1 
1 0 0 1 1 0 0 0 1 1 1 1 3 0 
0 1 0 1 0 0 0 1 0 1 1 1 3 2 
1 1 1 0 1 0 1 0 1 0 0 1 3 2 
2 0 0 1 1 1 0 1 0 1 0 1 1 1 
0 0 0 0 1 1 0 0 0 0 0 0 2 1 
1 1 1 1 0 1 1 0 0 1 0 0 3 0 
0 0 0 0 0 1 0 0 1 1 1 0 3 0 
0 0 0 1 0 0 1 0 1 1 1 0 2 2 
1 0 1 1 0 0 0 0 1 0 1 0 2 2 
2 0 0 1 1 1 0 0 1 0 1 0 1 0 
1 0 0 1 0 1 0 0 0 0 1 0 1 2 
0 0 0 1 1 0 0 1 1 0 1 0 0 1 
0 0 0 0 0 1 0 1 0 0 1 0 1 1 
2 1 0 0 0 0 1 0 0 0 0 0 3 1 
0 1 1 1 0 1 0 0 0 1 1 0 0 1 
0 1 1 1 1 1 1 1 1 1 0 1 0 0 
2 0 0 1 1 1 1 0 0 1 1 1 3 2 
2 0 0 1 1 0 0 1 0 0 0 1 0 2 
2 0 0 0 0 1 1 1 1 0 1 0 2 0 
0 1 1 0 1 1 1 0 1 0 1 1 0 2 
0 1 1 0 0 0 0 0 0 0 0 1 2 0 
1 0 0 1 1 0 0 0 0 1 0 1 1 1 
2 0 0 0 0 0 0 0 0 0 0 0 0 2 
0 0 0 0 1 0 0 1 0 1 0 1 1 2 
2 1 1 0 0 0 1 0 1 1 1 1 2 0 
2 1 1 0 0 0 1 0 0 0 0 0 2 1 
0 0 0 0 0 0 0 0 0 0 0 0 0 0 
0 0 0 0 1 0 1 1 0 1 1 1 0 0 
2 1 1 1 1 0 0 0 0 1 1 1 2 2 
2 0 0 0 1 0 0 1 0 0 1 0 1 2 
1 0 0 0 0 0 1 0 0 1 0 0 2 1 
1 0 0 0 0 1 0 0 1 1 1 0 0 2 
MFS
[ - , 0 , 1 , - , - , - , - , - , - , - , - , - , - , - ]
precise
1.0
recall
1.0
F-measure
1.0
multi
0
time
all 11584 iden 5316 gen 3927
t-cover
26532
all-cover
26532
coveredNum
(1 : 1507)  (2 : 3160)  (3 : 4446)  (4 : 4268)  (5 : 3532)  (6 : 2615)  (7 : 1908)  (8 : 1411)  (9 : 1021)  (10 : 716)  (11 : 537)  (12 : 383)  (13 : 259)  (14 : 191)  (15 : 114)  (16 : 58)  (17 : 53)  (18 : 47)  (19 : 44)  (20 : 46)  (21 : 37)  (22 : 33)  (23 : 44)  (24 : 23)  (25 : 17)  (26 : 18)  (27 : 13)  (28 : 11)  (29 : 5)  (30 : 6)  (31 : 3)  (32 : 3)  (33 : 3)  
real Identify
([ - , 0 , 1 , - , - , - , - , - , - , - , - , - , - , - ] : 1)  
testCase Num: 149
regaular Num: 132
identify Num: 17
0 1 1 0 1 1 0 0 1 1 1 0 0 0 
1 0 0 1 1 0 0 1 1 0 0 0 2 1 
2 1 1 0 0 1 0 0 1 0 1 1 0 2 
1 0 0 0 1 0 0 1 1 0 1 1 0 0 
0 1 1 1 0 1 0 0 0 1 1 1 1 1 
0 0 0 0 0 0 1 0 0 0 0 0 0 0 
0 1 1 0 0 0 1 1 1 1 1 0 2 2 
1 0 0 0 0 0 0 0 0 0 0 0 2 2 
0 0 0 0 0 0 0 1 1 0 1 0 3 2 
2 1 1 0 0 0 0 0 0 1 1 1 2 0 
0 0 1 0 0 0 1 1 1 1 1 0 2 2 
0 1 1 0 0 0 0 1 0 0 0 1 1 2 
2 0 0 1 0 1 1 1 0 1 0 0 0 2 
0 0 0 1 1 1 1 0 0 0 1 0 2 1 
0 0 0 1 0 0 1 0 0 1 1 0 3 1 
2 0 0 1 0 0 1 0 0 1 1 1 1 0 
2 1 1 0 0 1 0 1 1 1 1 1 1 2 
0 0 0 1 1 1 1 0 1 0 1 0 3 0 
2 1 0 1 0 0 0 1 0 0 0 0 3 0 
0 0 0 0 0 1 0 0 0 0 0 1 3 1 
2 0 0 1 0 1 1 0 0 0 0 1 0 0 
2 1 0 1 1 1 0 0 1 0 0 0 0 1 
0 0 1 1 1 1 0 0 1 1 1 0 2 2 
0 1 1 0 0 1 1 1 0 0 0 1 3 0 
2 1 1 1 1 1 0 1 1 0 0 0 0 0 
2 1 0 0 1 1 1 0 0 1 0 0 3 1 
1 1 1 1 1 1 0 1 0 1 1 1 0 1 
2 0 0 1 0 1 0 0 1 0 0 1 2 2 
1 1 0 0 0 1 0 1 0 1 0 1 0 2 
2 0 0 0 1 0 0 0 0 1 0 0 3 2 
1 1 0 1 0 0 0 1 1 1 1 0 2 0 
2 0 0 1 0 1 0 1 1 1 0 0 3 1 
2 0 0 1 1 0 0 0 1 1 1 0 0 2 
2 0 0 0 0 1 1 0 0 1 0 0 2 0 
0 0 0 0 0 0 0 0 0 0 0 1 0 1 
1 0 0 0 1 0 0 1 0 0 0 0 2 0 
0 0 1 1 1 1 0 0 0 0 0 1 1 0 
2 0 0 1 0 1 0 0 0 0 0 1 1 1 
0 1 1 0 0 0 0 0 1 0 0 0 3 2 
2 0 0 0 0 1 1 1 0 0 1 0 2 1 
2 1 1 1 0 0 1 0 0 1 1 0 3 2 
2 1 1 0 0 0 0 0 1 0 0 1 3 1 
0 1 1 1 0 0 0 0 0 1 0 0 2 2 
0 0 1 1 1 1 0 0 0 0 0 1 3 1 
2 1 1 0 0 0 0 0 0 1 0 0 1 0 
1 1 1 1 0 1 1 1 0 1 1 0 0 0 
2 0 0 0 0 0 0 0 0 0 1 0 3 1 
0 0 0 1 0 0 0 1 0 1 0 1 2 1 
0 0 0 1 1 0 0 0 0 1 0 1 2 0 
2 1 1 0 0 0 0 0 0 1 0 0 0 1 
0 1 0 0 1 0 0 1 0 1 1 0 1 1 
0 1 1 0 1 0 1 0 0 1 0 1 1 0 
1 0 1 1 1 1 0 0 0 0 0 1 0 0 
2 0 0 0 1 0 1 1 0 0 1 1 0 1 
0 0 0 0 0 0 1 1 1 1 1 0 2 2 
2 1 0 0 0 0 1 1 1 1 1 0 2 2 
1 1 1 0 0 1 0 0 0 1 0 1 2 1 
0 0 1 1 1 1 0 0 0 0 0 1 2 2 
2 1 0 1 0 0 1 0 1 1 1 1 0 0 
1 0 0 1 0 0 0 1 0 0 0 0 3 0 
2 0 0 1 1 0 0 1 1 0 0 0 1 0 
1 0 0 1 0 0 1 1 0 0 1 0 0 2 
1 0 0 0 0 1 1 0 0 0 0 0 1 0 
0 1 1 0 1 1 0 1 1 0 1 1 2 0 
2 1 1 0 1 0 0 0 0 0 0 0 1 2 
1 0 0 0 1 0 0 0 0 1 0 0 0 1 
0 1 1 1 1 0 0 0 1 0 0 0 1 1 
1 0 0 1 1 1 1 1 1 1 0 1 1 1 
1 1 1 0 1 1 1 0 1 0 0 0 2 2 
2 1 1 0 0 0 1 0 0 0 0 1 0 0 
1 0 0 0 0 0 0 0 0 0 0 0 0 2 
1 1 1 1 1 1 0 1 0 0 1 0 1 0 
0 0 1 1 1 1 0 0 0 0 0 1 3 2 
0 1 1 0 1 1 1 0 0 0 0 0 0 1 
0 0 0 0 0 1 0 0 0 0 0 0 2 2 
0 0 1 1 1 0 1 1 1 1 1 0 2 2 
2 1 0 0 1 1 1 0 1 0 1 0 1 0 
0 1 1 1 1 1 0 0 0 0 0 0 3 1 
0 0 0 0 0 0 1 0 0 0 1 0 1 1 
1 0 1 1 1 1 0 0 0 0 1 0 2 2 
0 0 1 1 1 1 0 1 1 1 1 0 2 2 
1 0 0 0 0 0 1 0 1 1 1 1 2 1 
1 1 1 0 1 0 0 0 1 1 0 1 1 0 
0 0 0 0 1 1 0 0 1 1 1 0 1 2 
2 1 1 1 0 0 1 1 0 0 0 0 1 1 
2 1 1 1 1 0 0 0 0 0 1 0 2 1 
0 0 0 0 0 0 1 1 1 0 1 1 1 0 
2 0 1 0 0 0 1 1 1 1 1 0 2 2 
0 1 0 1 0 1 0 1 1 1 0 0 1 0 
2 1 1 0 0 1 1 1 1 0 0 0 3 0 
2 0 0 0 0 1 0 1 0 1 1 1 3 0 
1 1 1 0 0 0 1 0 1 1 1 0 3 1 
1 1 1 0 0 0 0 0 0 0 0 0 1 1 
1 0 0 1 1 1 1 0 0 0 1 1 2 0 
0 0 0 0 0 0 0 0 0 1 0 1 3 0 
1 0 0 1 1 1 0 0 1 0 1 1 1 2 
0 0 0 0 0 1 0 1 0 0 0 0 2 1 
2 0 0 0 1 0 0 1 1 0 0 1 2 0 
2 0 0 1 0 0 0 0 0 0 0 0 2 0 
1 1 1 0 1 0 1 1 0 1 1 1 1 2 
1 0 0 0 1 1 0 0 0 1 1 0 2 2 
1 0 0 1 1 1 1 0 1 1 0 1 0 0 
0 1 1 1 1 0 0 1 0 1 0 0 3 2 
0 1 0 1 0 0 1 1 1 1 0 1 0 1 
2 1 1 0 0 0 0 0 0 0 0 0 2 2 
0 0 1 1 1 1 1 1 1 1 1 0 2 2 
1 1 1 0 0 1 1 0 1 0 1 0 0 1 
2 1 0 1 0 0 0 0 0 0 0 0 1 2 
0 1 1 0 1 0 1 1 1 1 1 1 3 1 
0 0 0 1 0 1 0 1 1 0 1 0 0 1 
1 0 0 1 0 0 1 0 0 0 0 1 3 1 
2 0 0 0 1 0 0 0 0 0 0 1 1 2 
1 0 0 0 0 1 0 0 1 1 0 0 3 2 
0 1 1 0 0 1 0 1 0 1 0 0 0 2 
0 0 0 0 1 1 1 0 1 1 0 1 0 2 
2 1 1 0 1 0 1 0 0 0 1 0 3 0 
2 0 0 0 1 0 0 0 0 1 0 1 2 2 
2 1 1 0 0 1 1 1 0 0 0 1 1 2 
2 0 0 0 1 0 0 0 0 1 0 0 0 0 
1 1 1 0 0 1 1 1 0 0 0 1 3 2 
1 1 1 1 1 0 0 1 1 0 0 1 0 2 
1 1 0 0 0 0 0 0 0 1 0 1 3 0 
0 0 0 1 1 0 0 1 0 1 1 1 0 0 
2 1 1 1 1 1 1 1 1 1 0 1 2 1 
1 1 0 0 0 0 1 0 0 0 0 1 1 1 
0 0 0 0 0 1 0 0 0 0 0 1 1 0 
0 1 1 0 0 1 0 0 0 1 0 0 2 1 
0 1 0 1 0 1 0 0 1 1 0 1 3 2 
1 0 1 1 1 1 0 0 0 0 0 0 2 2 
0 0 1 1 0 0 1 1 1 1 1 0 2 2 
0 0 0 0 0 0 1 0 0 0 0 0 3 2 
1 1 1 1 0 0 1 1 0 0 0 1 2 0 
1 0 0 1 0 0 0 1 1 0 1 0 1 1 
0 0 0 1 0 1 1 1 0 0 0 0 1 2 
1 1 1 1 0 1 0 0 1 1 1 0 3 0 
1 0 0 0 1 0 1 1 1 1 0 0 3 0 
1 1 1 1 1 0 0 0 1 0 0 1 3 0 
1 1 1 1 0 0 1 0 1 1 0 0 1 2 
0 1 0 1 1 0 1 1 0 0 0 1 2 2 
0 1 1 1 0 0 1 0 1 0 0 0 2 0 
1 0 1 1 1 1 0 0 0 1 1 0 2 2 
1 0 0 0 1 1 0 1 0 0 1 0 3 1 
1 1 0 1 1 0 0 0 0 0 1 1 3 2 
0 0 0 0 0 0 0 0 0 0 0 0 0 0 
2 0 0 0 1 1 0 0 1 1 1 0 1 1 
1 1 1 1 0 1 0 1 0 0 1 1 2 2 
0 1 1 1 1 0 1 0 0 0 1 1 0 2 
2 0 0 1 1 1 1 1 1 0 1 1 3 2 
0 1 0 0 1 1 0 0 1 0 0 1 2 1 
MFS
[ - , 0 , 1 , - , - , - , - , - , - , - , - , - , - , - ]
precise
1.0
recall
1.0
F-measure
1.0
multi
0
time
all 11347 iden 5319 gen 3673
t-cover
26532
all-cover
26532
coveredNum
(1 : 1567)  (2 : 3411)  (3 : 4600)  (4 : 4401)  (5 : 3490)  (6 : 2628)  (7 : 1845)  (8 : 1338)  (9 : 1004)  (10 : 632)  (11 : 458)  (12 : 318)  (13 : 232)  (14 : 130)  (15 : 104)  (16 : 74)  (17 : 61)  (18 : 51)  (19 : 31)  (20 : 39)  (21 : 25)  (22 : 28)  (23 : 20)  (24 : 18)  (25 : 7)  (26 : 11)  (27 : 3)  (28 : 3)  (29 : 2)  (30 : 1)  
real Identify
([ - , 0 , 1 , - , - , - , - , - , - , - , - , - , - , - ] : 1)  
testCase Num: 149
regaular Num: 132
identify Num: 17
2 1 1 1 0 1 1 1 1 1 1 1 3 1 
1 1 1 0 1 1 1 1 1 1 1 1 1 2 
1 1 1 1 0 1 1 0 1 1 1 0 2 0 
0 0 0 1 0 0 1 1 1 1 1 0 0 2 
0 1 1 1 1 1 1 0 1 0 0 0 0 0 
0 1 1 1 1 1 1 1 1 1 0 1 3 2 
1 1 1 1 1 1 1 0 1 0 0 0 2 2 
0 0 1 1 0 1 0 1 1 0 1 1 2 2 
0 0 0 1 1 0 1 1 1 1 1 0 2 1 
2 1 1 0 0 1 1 0 0 0 0 0 1 2 
2 1 1 0 1 0 1 0 1 0 0 1 3 0 
2 0 0 0 0 1 0 0 1 0 0 1 1 0 
0 1 1 0 0 1 1 0 1 1 1 1 0 1 
0 0 0 0 0 0 1 1 0 0 1 0 3 0 
0 1 0 1 1 1 0 0 0 1 0 1 2 0 
0 0 0 1 0 0 1 0 0 0 0 0 0 1 
2 1 1 1 1 0 0 1 0 0 1 0 2 0 
1 0 0 1 1 0 1 0 1 0 1 0 3 0 
1 0 0 0 0 0 0 1 1 1 0 0 3 0 
0 0 1 1 0 1 0 1 0 1 0 1 2 2 
0 0 1 1 0 1 0 1 0 1 0 0 0 1 
0 0 0 0 1 0 1 0 1 0 1 1 2 2 
0 1 0 0 1 0 0 0 0 0 1 1 1 1 
2 1 1 0 1 0 1 1 0 0 1 1 3 2 
1 0 0 1 0 1 0 1 1 1 0 1 0 0 
0 1 1 0 0 0 0 0 0 0 0 0 1 2 
0 1 1 0 1 0 1 1 1 0 1 1 0 0 
2 0 0 0 0 0 1 1 1 0 0 0 1 1 
2 0 0 1 1 0 1 0 0 1 1 0 1 0 
2 0 0 0 1 1 1 0 0 1 1 0 0 1 
0 1 1 0 0 0 0 0 0 0 0 0 2 0 
0 1 1 1 1 0 0 1 1 0 0 0 1 1 
2 1 1 1 0 0 0 1 1 1 0 0 0 1 
0 1 1 1 1 1 1 1 0 1 0 1 1 0 
2 0 0 0 0 0 1 0 1 0 0 1 0 0 
0 1 1 0 0 0 0 0 0 1 1 0 2 2 
2 0 0 0 0 0 1 0 0 1 0 1 2 1 
0 1 1 0 0 0 0 0 1 0 0 0 3 0 
0 0 0 1 0 1 0 0 0 0 0 0 3 0 
2 0 0 0 1 0 1 1 1 0 0 1 3 1 
1 0 0 1 0 0 0 0 0 0 1 0 2 2 
0 0 0 1 0 0 0 1 0 0 1 1 3 2 
2 1 0 0 0 0 0 1 0 1 0 1 1 2 
0 0 0 1 0 0 0 0 1 0 1 0 1 0 
0 1 1 0 0 0 0 0 1 1 1 0 3 1 
0 1 1 0 0 1 1 0 0 0 0 0 3 2 
1 1 1 1 0 0 0 0 0 0 1 1 3 1 
0 1 0 0 1 0 1 1 1 1 0 0 2 0 
1 1 0 0 1 0 1 0 0 1 0 0 1 2 
0 0 0 1 1 0 0 0 0 1 0 0 0 1 
1 0 0 0 0 1 1 0 0 0 0 0 1 2 
2 0 0 1 0 0 1 1 1 1 0 0 2 0 
0 1 0 1 1 0 1 0 1 0 1 1 1 2 
0 0 0 1 0 0 0 0 1 1 0 1 1 2 
0 0 0 0 0 1 0 1 0 0 0 0 0 2 
1 1 1 0 1 0 0 0 0 0 1 0 2 1 
1 0 0 0 0 0 0 0 0 0 0 0 1 1 
2 1 1 0 1 1 1 0 0 0 0 0 1 1 
1 0 0 0 0 0 0 1 1 0 1 0 2 0 
2 1 1 0 1 0 1 0 0 0 1 0 0 2 
1 1 1 0 0 0 0 0 1 1 0 0 1 0 
0 0 1 1 1 0 1 0 1 0 1 1 2 2 
0 0 0 0 1 1 0 1 0 0 1 0 3 1 
2 0 0 1 1 0 0 1 1 1 1 0 1 2 
1 0 0 0 0 1 1 0 0 1 1 1 3 2 
1 0 0 0 0 0 0 0 0 0 0 0 0 1 
2 0 0 1 1 1 0 0 1 1 0 0 3 2 
0 0 1 1 0 1 0 1 0 0 1 1 2 2 
2 0 0 1 1 1 0 0 0 0 0 0 2 1 
1 0 1 1 0 1 0 1 0 1 0 0 3 0 
2 0 0 0 0 1 0 0 0 1 1 0 3 0 
0 0 0 0 0 1 0 0 0 0 0 0 2 1 
0 1 0 0 0 1 1 0 0 0 1 0 1 0 
1 1 0 1 0 0 0 0 0 0 0 0 3 2 
1 1 1 0 1 0 1 0 0 1 0 1 0 1 
1 0 0 1 1 0 1 0 1 0 1 1 0 2 
0 0 1 1 0 1 0 1 0 1 0 0 3 2 
1 1 1 0 1 1 0 0 0 0 1 1 3 0 
2 1 1 1 0 1 0 1 0 0 0 0 3 0 
0 0 0 0 0 0 0 0 0 1 0 0 0 0 
0 0 1 1 0 1 0 1 0 1 1 1 2 2 
2 1 0 1 0 0 1 1 0 1 0 0 3 1 
2 1 1 1 0 0 0 0 1 1 0 1 3 2 
2 1 1 1 0 1 1 1 1 0 1 0 1 0 
0 1 0 1 1 0 0 0 1 1 1 1 3 0 
0 0 0 1 0 1 0 1 0 1 0 1 2 2 
0 0 1 1 0 1 1 0 1 0 1 1 2 2 
2 0 0 1 0 0 0 0 0 0 0 1 2 2 
2 1 1 1 0 0 1 0 0 1 0 1 1 1 
2 1 0 0 0 1 0 0 1 1 0 1 0 2 
1 0 0 0 0 0 0 1 0 0 0 0 2 1 
2 1 1 0 0 0 1 0 0 1 0 1 2 0 
0 0 1 1 0 1 0 0 1 0 1 1 2 2 
1 1 1 1 0 1 0 0 1 0 1 0 0 1 
2 1 0 0 1 0 1 0 1 0 1 1 2 2 
1 1 1 1 0 0 0 1 1 0 0 1 2 2 
1 1 0 0 0 1 0 0 1 0 0 0 2 1 
2 1 0 1 0 0 1 1 0 1 1 1 0 0 
2 0 0 0 0 1 1 1 0 1 1 0 2 2 
1 0 0 1 0 0 1 0 0 1 1 1 2 1 
2 1 1 0 0 0 0 0 0 0 0 0 2 2 
1 1 1 0 1 0 1 0 1 0 1 1 1 1 
0 0 0 1 0 1 0 1 1 0 1 1 2 0 
2 0 0 0 1 0 0 0 0 0 0 1 1 0 
0 0 0 0 0 1 1 0 1 1 0 0 1 1 
0 0 0 1 1 0 1 0 1 0 0 1 3 1 
0 1 1 0 0 0 0 1 0 1 1 1 1 0 
1 1 0 0 0 1 1 1 0 0 1 0 0 1 
0 0 1 1 0 1 0 1 0 1 0 0 1 0 
1 1 1 0 0 0 1 0 0 1 0 0 3 0 
1 1 1 0 0 0 0 1 1 0 0 0 0 2 
2 1 0 0 0 0 0 0 0 0 1 1 1 1 
0 0 0 0 1 0 1 1 0 1 0 1 3 0 
1 1 1 0 1 1 0 1 1 0 1 0 1 0 
0 1 1 1 1 1 0 0 0 1 1 1 0 2 
1 1 1 0 1 0 0 1 1 0 1 0 3 2 
1 0 0 0 0 1 1 0 1 0 0 0 3 1 
1 1 1 1 0 0 1 0 0 0 0 0 0 0 
0 1 1 0 1 0 1 0 1 0 1 1 2 2 
1 0 0 1 1 1 0 1 1 1 1 1 1 1 
1 0 0 0 1 0 0 1 0 1 0 0 2 2 
2 1 1 0 0 0 0 0 0 0 0 0 1 0 
0 0 1 0 1 0 1 0 1 0 1 1 2 2 
0 1 0 0 1 0 1 0 0 0 0 0 0 0 
2 0 0 0 0 1 0 0 0 1 0 0 1 0 
0 0 1 1 0 0 1 0 1 0 1 1 2 2 
0 0 0 0 0 0 0 0 1 1 0 0 2 2 
2 1 1 0 1 1 0 1 1 1 1 0 0 0 
2 1 1 0 1 1 0 1 1 1 1 1 2 1 
2 0 1 0 1 0 1 0 1 0 1 1 2 2 
0 1 1 1 0 1 1 1 0 0 0 1 2 1 
2 0 0 0 0 0 0 0 0 1 0 0 3 1 
1 0 0 1 0 0 1 1 0 0 0 1 1 0 
1 0 0 0 0 0 0 1 0 0 1 0 1 1 
0 0 0 0 1 1 0 1 1 0 0 1 0 1 
0 0 1 1 0 1 0 1 0 1 0 0 2 2 
1 1 0 0 0 1 1 1 1 0 0 1 3 0 
2 0 0 1 1 1 1 1 0 0 0 1 0 2 
1 0 0 0 1 1 0 0 0 1 1 0 0 0 
0 0 0 0 1 1 0 1 0 0 0 0 1 2 
2 1 1 0 0 0 0 1 0 0 0 1 0 0 
2 0 0 1 0 0 0 0 1 0 1 1 0 1 
1 1 1 1 1 1 0 1 0 1 0 0 3 1 
1 1 1 1 0 1 0 0 0 0 1 0 1 2 
1 0 0 0 1 1 1 1 0 0 0 1 2 0 
1 1 0 1 0 1 0 0 0 1 0 0 0 2 
0 0 0 0 0 0 0 0 0 0 0 0 0 0 
2 0 0 0 0 1 0 0 0 1 0 0 2 0 
1 0 0 0 1 0 0 1 0 0 0 0 0 0 
MFS
[ - , 0 , 1 , - , - , - , - , - , - , - , - , - , - , - ]
precise
1.0
recall
1.0
F-measure
1.0
multi
0
time
all 11319 iden 5321 gen 3645
t-cover
26532
all-cover
26532
coveredNum
(1 : 1641)  (2 : 3341)  (3 : 4717)  (4 : 4438)  (5 : 3445)  (6 : 2575)  (7 : 1813)  (8 : 1291)  (9 : 900)  (10 : 659)  (11 : 494)  (12 : 341)  (13 : 240)  (14 : 153)  (15 : 87)  (16 : 65)  (17 : 61)  (18 : 42)  (19 : 47)  (20 : 41)  (21 : 36)  (22 : 29)  (23 : 34)  (24 : 11)  (25 : 13)  (26 : 9)  (27 : 9)  
real Identify
([ - , 0 , 1 , - , - , - , - , - , - , - , - , - , - , - ] : 1)  
testCase Num: 144
regaular Num: 127
identify Num: 17
2 1 1 1 1 0 1 1 0 0 0 1 0 0 
0 0 0 1 0 0 1 0 0 0 0 0 1 0 
1 0 0 1 0 1 0 0 1 1 0 0 2 1 
0 1 1 0 1 0 1 1 0 0 0 1 3 0 
0 1 0 0 1 0 0 0 1 0 0 0 2 0 
1 1 0 0 0 1 0 1 0 0 0 1 3 1 
1 0 0 0 0 1 1 1 1 1 0 1 0 2 
2 1 1 0 1 0 0 1 1 1 0 0 2 1 
0 1 1 1 0 1 1 0 0 0 1 0 3 2 
0 1 1 1 1 0 0 0 0 1 0 1 3 1 
0 1 0 1 0 0 1 1 1 1 0 0 3 2 
2 1 1 1 0 1 0 1 1 0 0 1 1 0 
0 0 0 1 1 0 1 1 1 1 1 0 2 1 
2 0 0 1 1 1 0 1 0 0 1 0 3 0 
2 0 1 0 1 1 0 0 1 0 1 1 2 2 
0 1 1 1 0 0 0 0 1 1 0 1 2 2 
1 0 0 0 0 0 0 0 1 0 0 0 3 2 
1 0 0 0 0 0 1 0 0 1 0 1 1 0 
2 0 0 0 1 0 1 0 1 1 0 0 3 1 
2 0 0 0 0 0 0 0 0 1 0 0 1 0 
0 0 0 1 0 0 1 0 0 0 0 0 0 2 
2 0 0 1 0 0 0 1 1 1 0 1 2 0 
1 0 1 1 0 0 1 1 0 1 0 0 0 0 
0 0 0 0 1 1 0 0 1 0 1 1 2 2 
1 1 1 0 0 0 0 1 1 1 1 0 3 0 
2 0 0 1 0 0 1 1 1 0 1 0 1 1 
1 0 0 1 0 0 0 0 0 1 0 0 0 0 
0 1 1 0 0 0 1 1 1 0 0 1 1 1 
0 1 0 1 0 1 1 0 1 1 1 1 0 0 
1 1 1 1 0 1 1 1 1 0 1 0 2 2 
1 1 1 1 1 1 1 0 1 0 0 0 3 1 
1 0 0 1 0 0 1 1 0 1 1 0 3 1 
0 1 1 0 0 0 0 0 0 0 0 0 2 1 
0 0 0 0 0 1 1 1 0 1 1 1 3 1 
0 0 1 1 0 0 1 1 1 0 1 1 2 2 
0 0 0 0 0 0 0 0 0 1 1 0 3 0 
0 0 0 0 0 0 0 0 0 0 0 1 0 2 
0 1 1 0 0 0 0 0 1 0 0 0 3 2 
0 0 0 1 0 0 0 0 0 0 0 0 1 1 
2 1 1 1 0 0 0 1 0 1 0 0 3 1 
2 0 0 0 0 0 0 1 0 0 1 1 2 1 
0 0 1 1 0 0 1 1 0 1 1 1 2 2 
2 1 1 0 0 0 1 0 1 0 1 0 2 0 
1 0 0 0 0 0 0 1 0 1 0 0 1 2 
0 1 1 1 1 0 0 0 0 1 0 1 1 2 
0 1 1 0 1 0 0 0 0 0 0 0 2 0 
2 1 0 0 0 0 0 0 0 0 1 0 3 0 
1 0 0 1 0 0 0 0 1 0 1 1 1 1 
2 0 0 1 0 0 0 0 1 0 1 1 3 1 
2 0 0 1 1 1 0 0 0 1 0 1 0 0 
1 0 0 0 1 0 0 1 0 0 1 0 0 1 
2 1 0 0 1 1 1 1 0 1 0 0 2 2 
2 1 1 0 0 1 1 0 0 1 0 1 0 2 
2 0 0 0 0 1 0 0 0 0 0 0 3 1 
1 0 0 0 1 0 1 1 1 0 1 1 3 0 
1 1 1 1 0 1 0 0 0 0 0 1 3 0 
1 1 1 1 1 0 0 1 0 1 1 1 0 2 
0 0 0 0 0 1 1 0 1 0 0 0 2 1 
2 0 0 0 1 1 0 0 0 1 1 0 0 1 
0 0 0 0 1 1 1 1 0 0 0 1 1 2 
2 0 0 0 1 0 0 1 0 1 1 0 1 0 
2 0 0 0 1 0 1 1 1 1 1 0 0 0 
1 1 1 0 1 1 0 1 1 0 0 1 0 0 
2 0 0 1 0 0 1 0 0 1 1 0 2 2 
0 0 1 1 0 0 1 1 0 1 0 0 3 1 
1 0 0 1 0 1 1 0 0 0 1 0 0 0 
1 0 0 1 1 1 1 1 0 1 1 1 1 1 
1 1 1 0 1 1 0 1 0 0 0 0 1 1 
0 1 1 1 1 1 0 0 0 0 1 0 0 0 
0 0 1 1 0 0 1 1 0 1 0 0 1 0 
0 0 0 1 1 1 0 1 1 0 0 1 0 1 
0 0 0 0 0 0 1 0 0 1 0 0 0 1 
1 1 1 0 0 0 1 0 0 1 1 0 2 1 
0 1 1 0 0 1 0 1 0 1 0 0 2 0 
0 0 0 0 0 0 0 0 0 1 0 1 2 1 
2 1 0 0 0 0 0 0 0 0 0 0 0 0 
0 1 0 1 1 1 0 0 0 0 0 0 0 2 
2 1 1 1 0 1 0 1 1 0 1 0 0 1 
2 0 0 1 0 0 0 0 1 0 1 1 0 2 
0 1 1 0 1 0 0 1 1 0 1 0 3 1 
0 1 1 0 1 1 0 0 1 0 1 1 2 2 
2 1 1 0 0 1 0 0 1 1 1 1 1 1 
1 1 1 0 1 0 0 1 1 0 0 1 2 1 
0 0 1 0 1 1 0 0 1 0 1 1 2 2 
0 1 1 0 1 1 1 1 0 1 1 0 0 2 
2 0 0 1 1 1 0 0 0 0 1 0 2 0 
1 0 1 1 0 0 0 0 1 0 1 1 2 2 
0 1 0 0 0 0 0 0 0 0 1 1 2 1 
0 0 0 0 0 1 0 0 1 1 1 0 1 2 
2 1 0 0 1 1 0 0 1 0 1 1 2 2 
1 1 1 0 0 1 1 1 0 1 0 0 3 2 
0 0 1 1 0 0 1 1 0 1 0 1 2 2 
0 1 1 0 1 0 1 0 0 0 1 1 0 1 
2 0 0 0 1 0 0 1 1 0 0 0 0 2 
0 0 1 1 0 1 0 0 1 0 1 1 2 2 
0 0 0 1 0 1 0 0 1 0 0 1 3 0 
0 0 0 1 0 1 1 1 0 0 1 1 2 0 
2 1 1 0 1 0 0 0 0 0 0 0 3 2 
0 0 0 1 1 0 0 1 1 1 0 0 1 0 
1 1 1 0 0 0 0 0 1 1 0 1 0 1 
0 0 0 0 1 0 1 0 0 1 0 1 2 2 
1 0 0 0 0 1 0 0 1 0 0 0 2 0 
2 1 1 0 0 0 0 0 0 0 0 0 2 2 
0 1 1 1 0 0 0 1 1 1 0 0 0 0 
2 0 0 1 0 1 1 0 0 0 0 0 1 2 
0 0 0 1 0 0 0 1 0 0 0 1 2 2 
2 0 0 0 0 1 0 1 0 0 1 0 2 1 
2 0 0 0 1 1 1 0 1 0 1 1 1 0 
2 0 0 0 0 0 1 0 0 1 0 1 0 1 
2 1 1 1 1 0 1 0 1 1 1 0 1 2 
0 1 1 1 0 1 1 0 0 1 1 0 1 1 
1 1 0 1 1 0 1 0 0 1 0 0 3 0 
1 1 1 1 0 0 1 0 0 0 0 1 2 0 
2 0 0 0 1 1 1 1 1 1 1 1 3 2 
2 1 0 1 0 0 1 1 0 1 0 0 0 1 
0 0 0 0 0 0 0 1 1 0 1 0 0 2 
1 0 0 1 1 1 0 0 0 1 1 1 3 2 
1 1 0 1 0 1 1 0 1 0 1 0 0 1 
0 0 1 1 0 0 1 0 1 0 1 1 2 2 
0 1 0 0 0 0 0 0 0 0 0 0 1 0 
1 1 1 1 1 1 0 0 1 1 0 0 1 0 
1 1 0 1 1 0 0 1 1 0 0 1 1 2 
1 0 1 1 0 0 1 1 0 1 0 0 2 2 
2 1 1 1 1 1 1 0 0 0 0 1 2 1 
0 0 0 0 1 1 0 0 1 0 0 0 1 1 
1 0 0 0 0 0 1 0 1 1 0 1 2 2 
1 0 0 1 1 0 0 1 0 0 0 0 2 2 
2 1 1 1 0 0 1 1 0 0 1 1 3 2 
1 0 0 0 1 1 0 0 0 1 1 1 2 0 
0 0 1 1 1 1 0 0 1 0 1 1 2 2 
2 1 1 0 0 1 1 0 1 1 0 1 3 0 
0 0 0 0 1 1 0 1 0 0 0 1 3 2 
0 1 0 0 1 1 1 1 0 0 1 0 1 0 
1 1 1 0 0 1 1 0 0 0 1 0 1 2 
2 1 0 0 1 0 0 0 0 1 0 0 1 1 
0 1 1 0 0 0 1 0 0 0 0 0 2 2 
0 1 1 1 0 0 0 0 0 0 1 1 1 0 
1 1 1 0 1 0 1 0 1 0 0 0 0 2 
0 0 1 1 0 0 1 1 0 0 1 1 2 2 
0 0 0 0 0 0 0 0 0 0 0 0 0 0 
1 1 1 0 0 0 1 1 1 0 1 1 1 0 
2 1 1 0 0 0 0 1 0 1 1 1 1 2 
1 0 1 1 0 0 1 1 0 1 0 0 3 2 
1 1 0 1 1 0 1 1 0 1 0 1 2 0 
MFS
[ - , 0 , 1 , - , - , - , - , - , - , - , - , - , - , - ]
precise
1.0
recall
1.0
F-measure
1.0
multi
0
time
all 11232 iden 5319 gen 3535
t-cover
26532
all-cover
26532
coveredNum
(1 : 1721)  (2 : 3597)  (3 : 4892)  (4 : 4294)  (5 : 3367)  (6 : 2624)  (7 : 1864)  (8 : 1306)  (9 : 908)  (10 : 640)  (11 : 371)  (12 : 263)  (13 : 167)  (14 : 121)  (15 : 88)  (16 : 65)  (17 : 66)  (18 : 55)  (19 : 44)  (20 : 35)  (21 : 22)  (22 : 12)  (23 : 7)  (24 : 1)  (25 : 1)  (26 : 1)  
real Identify
([ - , 0 , 1 , - , - , - , - , - , - , - , - , - , - , - ] : 1)  
