testCase Num: 158
regaular Num: 115
identify Num: 43
2 0 1 0 1 1 1 0 2 2 1 0 
0 1 1 0 0 0 1 1 0 1 0 1 
2 0 1 0 0 0 0 0 0 2 1 1 
1 0 1 0 0 1 0 1 0 2 0 0 
0 0 1 0 0 0 0 0 0 0 0 0 
0 1 1 1 0 0 0 0 2 2 1 1 
1 1 1 1 0 0 0 1 1 1 1 0 
0 0 1 0 1 1 1 0 2 0 0 1 
0 0 1 0 1 1 1 1 2 2 0 1 
1 0 1 1 0 1 1 1 2 0 1 0 
0 1 1 1 1 0 1 0 1 0 1 0 
1 0 1 0 0 1 1 1 2 1 1 1 
1 0 1 0 1 1 0 0 1 2 1 0 
0 1 1 0 1 0 0 1 3 2 1 1 
1 0 1 1 1 0 0 0 2 1 1 0 
1 0 1 0 1 1 1 0 3 0 0 0 
0 1 1 1 1 0 0 1 1 2 0 0 
1 1 0 1 1 1 1 1 3 2 1 1 
1 1 1 1 0 0 1 1 2 2 0 0 
0 1 1 1 1 1 0 1 2 1 0 0 
0 1 1 0 0 0 0 0 1 1 1 0 
2 1 1 1 1 0 1 0 1 2 1 1 
2 0 1 1 0 1 1 0 0 1 0 0 
0 0 1 0 1 1 0 0 0 2 0 0 
2 0 1 0 0 1 1 0 2 1 0 0 
0 1 1 1 0 1 0 0 0 1 1 0 
1 0 1 0 1 1 0 0 0 0 1 1 
1 1 1 0 1 0 0 0 2 1 1 1 
1 0 1 0 1 0 1 1 3 1 0 1 
1 1 0 1 1 1 0 0 0 0 0 0 
1 1 1 1 0 1 1 0 0 2 0 1 
2 1 1 1 0 1 0 0 2 0 1 0 
2 0 1 1 0 1 1 1 0 0 1 1 
2 1 1 0 0 1 0 0 3 2 0 0 
2 0 1 1 0 1 0 1 1 2 0 1 
2 1 1 0 1 1 1 1 3 1 1 0 
1 1 1 0 0 0 1 1 1 2 0 1 
2 1 1 0 0 1 0 1 0 0 0 0 
2 1 1 0 0 0 1 1 2 2 1 1 
0 1 1 0 0 1 1 0 1 2 0 1 
2 0 1 1 0 0 0 0 1 1 0 0 
2 1 1 1 0 1 0 1 2 2 0 1 
1 0 1 0 0 1 0 1 2 2 0 1 
2 0 1 0 0 1 1 0 2 1 1 0 
2 0 1 0 0 0 0 0 1 0 0 1 
2 0 1 0 0 1 1 0 2 1 1 1 
1 1 0 0 0 0 0 0 0 0 0 0 
0 0 1 1 0 1 0 0 3 2 0 0 
0 1 1 0 1 1 1 1 0 2 1 1 
2 1 1 1 0 0 0 1 3 1 0 1 
2 1 1 1 1 0 0 1 0 1 1 0 
1 0 1 1 0 0 1 1 0 0 0 0 
1 1 1 0 1 0 0 0 0 1 0 0 
1 1 1 0 0 0 0 0 2 0 0 0 
2 0 1 0 0 0 0 1 2 1 0 0 
1 0 1 0 0 0 0 0 0 0 1 0 
0 1 1 1 1 0 0 1 0 0 1 0 
0 0 1 0 1 0 0 1 3 1 0 0 
1 1 0 1 1 1 1 1 0 0 0 0 
1 0 1 0 0 1 1 0 0 1 1 1 
0 1 1 1 0 1 0 1 2 0 0 1 
2 0 1 1 1 0 0 0 3 0 1 0 
0 0 1 1 0 0 0 0 3 0 0 1 
0 0 1 1 1 0 0 0 3 0 0 0 
2 0 1 0 0 1 0 0 3 0 0 0 
2 0 1 0 0 1 1 0 2 0 0 0 
0 0 1 1 0 0 1 1 1 2 1 0 
2 0 1 0 0 0 0 0 2 2 0 0 
2 0 1 1 1 1 0 1 2 1 0 0 
0 1 1 0 1 0 1 0 2 1 1 0 
0 0 1 1 1 1 1 1 1 1 0 0 
0 0 1 0 1 0 1 0 3 0 1 0 
0 0 1 0 1 1 0 1 2 0 1 0 
2 0 1 0 0 1 0 1 2 1 0 0 
2 0 1 1 1 0 0 1 3 2 0 0 
0 0 1 1 0 0 0 1 1 0 0 1 
1 0 1 1 0 0 0 0 1 2 0 0 
0 0 1 1 0 1 0 1 2 2 0 1 
2 1 1 1 0 1 1 0 3 2 1 1 
1 0 1 0 0 1 0 1 1 0 1 0 
1 1 1 1 1 1 0 0 3 1 0 0 
2 1 1 1 1 1 0 1 2 0 0 1 
2 0 1 0 0 1 1 0 3 1 0 1 
0 0 1 0 1 1 1 0 2 2 0 1 
1 1 1 1 1 0 1 1 2 0 1 1 
1 0 1 1 1 0 1 1 0 1 0 0 
1 1 0 1 0 0 0 0 0 0 0 0 
1 1 0 1 1 0 0 0 0 0 0 0 
1 1 1 0 0 0 0 0 0 0 0 0 
2 1 1 0 1 1 1 1 0 2 1 0 
2 0 1 0 0 1 1 1 2 1 0 0 
1 0 1 0 0 1 1 0 2 1 1 1 
1 1 0 1 1 1 1 1 1 1 1 1 
1 1 0 1 1 1 1 1 1 1 1 0 
1 1 1 0 0 1 0 1 3 0 1 1 
0 0 1 0 1 0 0 0 2 2 1 0 
2 0 1 1 1 0 1 0 2 1 1 1 
2 0 1 1 0 0 0 0 0 2 0 0 
1 0 1 0 1 0 0 1 2 2 0 1 
0 0 1 1 0 0 1 1 2 2 0 0 
0 0 1 0 1 1 1 0 2 2 1 0 
1 0 1 0 0 0 0 1 2 1 0 0 
0 0 1 0 1 1 1 0 2 2 1 1 
1 1 1 1 1 0 0 1 0 2 1 1 
0 0 1 1 0 0 1 0 3 1 1 1 
2 0 1 0 1 1 0 1 2 1 0 0 
0 0 1 0 1 1 1 0 1 0 0 1 
1 1 1 1 1 1 0 1 2 1 0 0 
1 1 1 0 1 0 0 0 1 1 0 0 
0 1 1 1 0 1 1 1 3 0 0 0 
1 1 0 1 1 1 1 1 1 1 0 0 
0 0 1 1 1 1 0 1 0 1 0 1 
2 1 1 0 1 0 0 0 2 1 0 0 
0 0 1 0 0 0 0 0 0 2 0 0 
2 1 1 1 0 1 1 0 1 0 1 0 
2 1 1 0 0 0 0 0 3 0 1 0 
2 0 1 0 0 0 0 0 1 2 0 0 
2 0 1 0 0 1 1 0 1 1 0 0 
2 0 1 1 1 0 1 0 2 2 0 0 
0 0 1 0 0 0 0 0 2 0 0 0 
1 1 0 1 1 1 1 0 0 0 0 0 
2 1 0 1 1 1 1 1 2 2 1 1 
0 0 1 1 1 0 1 0 0 2 1 0 
1 0 1 1 0 0 0 0 1 0 0 1 
1 0 1 0 0 1 0 0 2 0 0 0 
0 0 0 0 0 0 0 0 0 0 0 0 
1 0 1 0 0 0 0 0 3 2 0 0 
1 0 1 0 1 1 1 0 2 2 1 0 
0 1 1 0 0 1 0 1 1 0 1 1 
2 0 1 0 1 0 0 1 1 0 1 0 
0 0 1 0 1 0 0 1 1 0 0 1 
2 1 1 0 0 0 1 1 1 1 1 1 
2 0 1 0 1 0 1 1 3 0 0 1 
1 0 0 0 0 0 0 0 0 0 0 0 
0 1 1 1 0 1 0 1 2 2 0 1 
1 0 1 1 1 1 1 1 3 2 1 0 
2 0 1 0 0 0 0 0 0 1 0 1 
1 1 1 0 1 1 1 1 1 0 0 0 
0 0 1 0 1 0 0 0 1 1 0 1 
2 1 1 0 1 0 1 0 0 0 0 1 
2 0 1 0 0 0 0 0 2 0 0 0 
1 1 1 1 1 0 0 0 3 0 0 1 
0 0 1 0 1 1 1 0 3 2 0 1 
1 0 1 1 0 0 1 1 3 2 0 1 
1 1 1 0 1 0 0 0 2 2 1 0 
0 0 1 0 1 1 0 1 2 2 0 1 
1 1 1 0 1 1 1 0 2 0 1 1 
1 0 1 1 1 1 1 0 1 1 1 1 
1 1 1 1 0 0 1 0 2 1 0 1 
0 1 1 1 1 0 0 1 2 1 0 0 
2 1 1 0 1 1 0 0 1 1 0 1 
1 1 0 1 1 1 1 1 1 0 0 0 
0 1 1 0 0 1 0 0 3 1 1 0 
1 1 1 0 0 0 1 0 3 2 1 0 
0 0 1 1 0 1 1 0 0 0 0 1 
2 0 1 0 1 1 0 0 0 1 0 0 
0 0 1 1 0 0 1 1 2 1 1 1 
1 0 1 0 0 1 0 1 3 1 1 0 
MFS
[ - , - , - , - , - , 1 , - , - , 2 , 1 , - , - ]
[ - , - , - , - , - , 1 , - , - , 2 , 2 , - , - ]
[ - , - , 0 , - , - , - , - , - , - , - , - , - ]
precise
1.0
recall
1.0
F-measure
1.0
multi
0
time
all 13877 iden 9191 gen 1923
t-cover
14136
all-cover
14136
coveredNum
(1 : 2993)  (2 : 1982)  (3 : 2153)  (4 : 1794)  (5 : 1433)  (6 : 962)  (7 : 699)  (8 : 491)  (9 : 397)  (10 : 282)  (11 : 225)  (12 : 170)  (13 : 125)  (14 : 91)  (15 : 70)  (16 : 57)  (17 : 61)  (18 : 37)  (19 : 20)  (20 : 13)  (21 : 11)  (22 : 13)  (23 : 4)  (24 : 4)  (25 : 5)  (26 : 8)  (27 : 6)  (28 : 8)  (29 : 6)  (30 : 7)  (31 : 4)  (32 : 2)  (33 : 2)  (34 : 1)  
real Identify
([ - , - , - , - , - , 1 , - , - , 2 , 1 , - , - ] : 1)  ([ - , - , - , - , - , 1 , - , - , 2 , 2 , - , - ] : 1)  ([ - , - , 0 , - , - , - , - , - , - , - , - , - ] : 1)  
testCase Num: 157
regaular Num: 114
identify Num: 43
1 0 1 0 1 1 0 1 0 2 0 1 
0 0 1 0 0 0 0 0 0 0 0 0 
1 1 1 1 0 0 1 1 1 0 0 0 
1 1 1 1 0 1 0 1 0 1 1 0 
0 0 1 1 0 1 1 1 2 1 0 0 
0 1 1 1 0 1 0 0 1 2 1 1 
1 1 1 1 1 1 0 1 1 2 0 0 
2 1 1 1 0 1 0 0 3 2 1 0 
0 0 1 0 0 1 1 0 0 2 1 1 
1 1 0 1 1 1 1 1 3 2 1 1 
0 0 1 1 0 1 0 0 3 1 1 1 
1 0 1 0 1 0 1 0 1 0 1 1 
0 1 1 0 0 1 0 0 3 1 0 0 
1 0 1 1 0 1 0 1 3 1 0 0 
0 1 1 1 1 0 0 0 1 0 1 0 
0 1 1 0 0 0 0 0 3 0 1 1 
0 1 1 0 0 0 1 1 2 0 1 1 
0 1 1 0 0 0 0 0 3 0 1 0 
2 1 1 1 1 1 0 1 3 0 0 1 
1 0 1 0 1 0 0 1 2 0 0 0 
0 0 1 0 1 0 0 0 1 2 0 0 
1 0 1 1 1 0 1 1 0 0 1 0 
2 1 1 0 0 0 1 0 0 0 0 1 
1 1 1 1 0 0 1 0 0 2 1 0 
2 0 1 1 1 0 0 1 1 0 0 1 
0 1 1 1 0 1 1 1 2 1 0 0 
2 0 1 0 0 0 0 1 2 2 1 0 
1 0 1 0 0 0 0 0 2 1 0 0 
1 0 1 1 0 1 1 0 3 0 1 1 
1 1 0 1 1 1 0 0 0 0 0 0 
1 0 1 0 1 0 1 0 2 2 1 0 
2 0 1 0 0 1 1 1 0 1 1 1 
2 0 1 1 0 0 0 0 3 0 0 1 
0 1 1 0 0 1 0 0 2 0 0 0 
0 0 1 0 0 1 1 1 2 1 0 0 
2 0 1 0 1 1 0 0 2 1 0 0 
1 0 1 0 0 0 0 1 1 2 0 1 
2 0 1 0 1 1 0 0 0 2 0 0 
2 0 1 0 1 0 0 0 2 1 1 1 
0 0 1 0 1 1 0 0 2 1 1 1 
1 0 1 0 0 1 0 1 2 0 0 1 
0 1 1 0 0 0 0 0 0 1 1 0 
2 1 1 0 1 0 1 0 3 2 0 0 
0 1 1 0 1 1 1 0 3 2 0 1 
1 1 0 0 0 0 0 0 0 0 0 0 
1 1 1 1 1 0 0 0 2 1 0 1 
2 1 1 1 1 0 0 1 2 0 1 0 
0 0 1 0 0 0 0 1 0 1 0 1 
2 0 1 1 1 0 0 1 0 1 0 0 
0 1 1 0 0 0 0 1 3 1 0 1 
0 0 1 1 0 0 0 1 2 1 1 0 
2 0 1 0 1 1 1 1 3 0 1 0 
1 1 0 1 1 1 1 1 0 0 0 0 
0 1 1 0 1 1 0 0 2 1 1 1 
0 1 1 0 1 1 0 1 0 0 0 1 
2 1 1 0 1 1 1 0 1 0 0 1 
0 0 1 1 0 0 1 1 1 2 1 0 
1 1 1 0 0 1 1 1 3 2 0 0 
2 1 1 1 0 0 1 0 3 1 1 0 
0 0 1 0 1 1 0 1 2 0 1 0 
0 0 1 0 1 0 1 0 1 1 1 1 
1 0 1 0 0 1 0 0 1 1 0 0 
1 1 1 0 0 1 1 0 1 2 1 1 
1 1 1 0 1 0 1 1 3 1 1 0 
1 1 1 0 0 0 0 0 3 2 0 1 
1 0 1 0 0 1 0 0 0 0 1 1 
2 0 1 0 0 1 0 1 1 0 1 0 
0 0 1 1 0 0 0 1 1 0 0 1 
0 0 1 1 0 1 0 1 1 1 1 0 
2 0 1 0 1 0 1 1 2 1 0 0 
0 0 1 1 1 1 1 0 0 1 0 0 
0 0 1 0 1 1 0 0 2 2 1 0 
1 0 1 0 1 0 1 0 3 0 0 0 
2 0 1 1 1 0 0 0 0 0 1 1 
2 1 1 0 0 0 0 0 2 1 0 0 
2 0 1 1 0 1 1 0 1 1 0 0 
0 0 1 0 1 0 0 0 2 1 0 0 
1 0 1 1 1 1 0 1 1 1 1 1 
0 1 1 1 1 0 1 1 0 2 0 1 
1 1 0 1 0 0 0 0 0 0 0 0 
1 1 0 1 1 0 0 0 0 0 0 0 
1 1 1 0 0 0 0 0 0 0 0 0 
0 0 1 0 1 1 0 1 3 2 1 0 
2 0 1 1 0 1 1 1 2 0 0 0 
0 1 1 1 1 1 1 1 3 0 1 0 
1 0 1 1 1 1 1 0 3 1 0 1 
2 1 1 1 1 0 1 1 2 2 0 1 
2 0 1 0 1 1 1 1 2 1 0 0 
1 1 0 1 1 1 1 1 1 1 1 1 
1 1 0 1 1 1 1 1 1 1 1 0 
1 1 1 0 0 0 1 0 1 1 0 0 
2 0 1 0 1 1 0 0 3 1 0 0 
2 1 1 1 0 1 1 0 2 2 1 0 
2 0 1 1 0 0 0 0 2 1 0 0 
2 0 1 1 1 1 1 0 0 0 0 0 
2 1 1 0 0 1 1 0 2 0 1 1 
0 0 1 1 0 0 1 1 2 2 0 0 
0 0 1 1 0 1 1 0 2 2 1 0 
0 0 1 0 1 1 1 0 2 2 1 0 
0 0 1 1 0 1 1 1 0 0 1 0 
2 0 1 0 1 1 0 1 2 1 0 0 
0 0 1 1 1 0 1 0 2 0 0 1 
0 1 1 0 0 0 1 0 2 1 1 1 
2 0 1 1 0 1 1 1 0 2 0 1 
1 1 1 1 1 1 1 0 2 0 1 0 
2 0 1 0 0 0 0 1 3 1 0 1 
1 0 1 1 0 0 1 1 0 1 0 1 
0 1 1 0 0 0 1 0 0 2 0 0 
1 1 0 1 1 1 1 1 1 1 0 0 
0 0 1 0 0 1 0 0 1 0 0 0 
1 1 1 1 0 1 1 1 2 1 0 0 
0 1 1 1 0 1 1 0 2 2 1 0 
2 0 1 0 0 0 0 0 1 2 0 0 
2 0 1 1 0 1 1 0 1 2 0 0 
1 0 1 0 1 1 0 1 2 2 0 1 
1 0 1 1 1 1 0 0 1 0 1 0 
1 1 0 1 1 1 1 0 0 0 0 0 
2 1 0 1 1 1 1 1 2 2 1 1 
0 0 1 0 1 0 1 0 3 1 0 0 
0 1 1 0 1 1 1 1 1 1 0 0 
1 0 1 1 0 0 0 0 2 2 1 0 
2 1 1 0 1 0 0 1 0 2 1 0 
0 0 0 0 0 0 0 0 0 0 0 0 
2 0 1 0 0 0 0 1 0 0 0 0 
2 1 1 1 1 0 1 1 1 2 1 1 
1 0 1 0 0 1 1 0 2 2 1 0 
0 0 1 1 1 1 0 0 2 0 0 1 
2 0 1 0 1 1 0 0 2 1 1 1 
1 1 1 1 0 0 0 1 3 0 0 1 
1 0 0 0 0 0 0 0 0 0 0 0 
2 0 1 1 0 0 0 0 2 2 0 1 
1 0 1 0 0 0 1 0 2 2 0 1 
2 0 1 0 1 1 0 0 2 1 1 0 
1 1 1 0 0 0 0 1 2 2 1 0 
0 0 1 0 1 0 0 0 3 0 0 1 
0 1 1 1 0 0 0 0 0 1 0 0 
2 1 1 0 0 1 0 0 0 1 0 1 
2 0 1 0 1 1 0 1 2 2 0 1 
1 0 1 1 0 0 1 1 2 1 1 1 
0 0 1 0 0 0 1 0 1 0 1 0 
0 0 1 0 1 1 0 1 2 2 1 0 
1 0 1 1 1 0 0 0 3 2 1 1 
0 1 1 1 0 1 1 1 2 0 0 0 
0 1 1 0 0 0 0 1 2 1 0 0 
2 1 1 1 0 1 0 0 0 2 0 0 
0 0 1 0 1 1 0 1 2 2 0 1 
0 0 1 0 1 1 0 1 2 2 0 0 
1 1 1 0 1 1 1 0 0 1 1 1 
1 1 0 1 1 1 1 1 1 0 0 0 
2 1 1 1 0 0 0 1 1 1 0 1 
2 1 1 0 1 0 0 0 1 1 1 0 
0 1 1 1 1 0 0 0 0 0 1 0 
0 0 1 1 0 0 1 1 3 2 0 0 
2 0 1 0 1 1 0 0 2 0 0 0 
0 0 1 1 0 0 0 0 0 2 0 0 
2 0 1 0 0 0 1 1 3 2 1 1 
0 1 1 0 1 0 0 0 2 2 1 1 
MFS
[ - , - , - , - , - , 1 , - , - , 2 , 1 , - , - ]
[ - , - , - , - , - , 1 , - , - , 2 , 2 , - , - ]
[ - , - , 0 , - , - , - , - , - , - , - , - , - ]
precise
1.0
recall
1.0
F-measure
1.0
multi
0
time
all 13825 iden 9109 gen 1891
t-cover
14136
all-cover
14136
coveredNum
(1 : 3038)  (2 : 1892)  (3 : 2100)  (4 : 1862)  (5 : 1389)  (6 : 1014)  (7 : 741)  (8 : 544)  (9 : 387)  (10 : 259)  (11 : 225)  (12 : 159)  (13 : 122)  (14 : 85)  (15 : 78)  (16 : 82)  (17 : 38)  (18 : 44)  (19 : 12)  (20 : 7)  (21 : 6)  (22 : 7)  (23 : 8)  (24 : 10)  (25 : 11)  (26 : 8)  (27 : 6)  (28 : 2)  
real Identify
([ - , - , - , - , - , 1 , - , - , 2 , 1 , - , - ] : 1)  ([ - , - , - , - , - , 1 , - , - , 2 , 2 , - , - ] : 1)  ([ - , - , 0 , - , - , - , - , - , - , - , - , - ] : 1)  
testCase Num: 169
regaular Num: 114
identify Num: 55
1 0 1 1 1 1 1 1 3 1 0 1 
2 0 1 0 0 0 0 0 3 2 0 0 
0 0 1 0 0 0 0 0 0 0 0 0 
0 0 1 0 1 1 1 0 2 0 0 0 
0 1 1 0 0 1 0 0 0 1 0 0 
0 0 1 0 1 1 1 0 2 0 0 1 
0 0 1 0 1 1 1 1 2 2 0 1 
2 0 1 1 1 1 0 0 0 2 0 0 
1 0 1 1 0 0 1 1 2 2 0 0 
0 0 1 0 0 0 0 1 0 2 0 0 
0 0 1 0 1 0 1 0 1 1 0 1 
2 0 1 0 1 1 0 1 2 0 1 0 
0 1 1 1 1 1 1 1 3 2 1 0 
0 1 1 0 1 0 0 1 2 0 0 1 
0 0 1 0 0 0 1 0 0 0 1 1 
1 1 0 1 1 1 1 1 3 2 1 1 
2 0 1 0 0 1 1 1 0 0 0 1 
2 1 1 0 1 1 1 0 2 1 1 0 
0 1 1 1 0 0 0 0 1 0 1 0 
2 1 1 0 1 1 1 0 2 1 1 1 
0 1 1 0 0 0 0 0 3 0 1 0 
0 0 1 1 0 0 1 1 0 1 0 1 
0 0 1 0 0 0 1 1 3 2 1 1 
2 1 1 0 0 0 0 0 0 2 1 1 
0 0 1 0 1 1 1 0 2 0 1 1 
0 1 1 0 1 1 0 0 1 2 0 1 
1 1 1 0 0 1 0 1 2 1 0 0 
1 1 1 0 0 1 1 1 2 0 1 0 
0 0 1 0 1 1 1 0 0 1 1 0 
1 0 1 0 1 1 0 0 0 0 1 1 
1 0 1 0 0 0 1 1 3 0 0 0 
0 0 1 0 1 1 0 1 3 0 0 0 
2 0 1 1 1 0 0 1 2 2 1 0 
1 0 1 1 1 0 0 0 1 0 1 1 
2 0 1 1 1 0 0 1 1 0 0 0 
1 1 0 1 1 1 0 0 0 0 0 0 
0 0 1 0 0 1 0 1 2 2 0 1 
1 0 1 1 1 0 1 0 3 2 0 0 
2 0 1 0 1 1 1 1 1 1 0 0 
0 0 1 1 0 1 0 1 2 1 0 0 
1 1 1 1 1 0 1 0 0 0 0 0 
1 0 1 0 1 1 1 0 2 2 0 1 
2 1 1 0 1 1 0 1 0 1 0 0 
0 1 1 0 0 1 0 0 2 0 0 0 
2 0 1 0 0 1 0 0 1 1 1 1 
2 1 1 0 1 1 1 0 2 1 0 0 
2 1 1 1 1 1 0 1 1 2 1 0 
2 1 1 1 0 1 0 1 2 2 0 1 
0 1 1 0 0 0 0 0 2 2 1 0 
1 0 1 0 0 1 0 1 2 2 0 1 
0 0 1 1 1 1 1 0 2 0 0 1 
1 0 1 0 0 0 0 1 3 2 0 0 
2 0 1 1 0 1 1 0 1 0 0 0 
2 1 1 0 0 1 1 0 3 0 1 0 
1 1 0 0 0 0 0 0 0 0 0 0 
0 0 1 1 0 1 0 0 3 2 0 0 
0 1 1 1 0 0 1 1 2 2 0 0 
0 1 1 0 0 0 1 0 2 1 0 1 
0 1 1 0 0 1 1 1 0 2 1 1 
1 0 1 1 0 1 1 0 0 2 0 0 
0 0 1 0 0 0 1 0 3 1 0 0 
2 0 1 0 1 0 1 0 1 2 1 0 
0 0 1 1 1 0 0 1 2 1 1 1 
1 0 1 0 0 0 0 0 1 1 0 1 
1 0 1 0 0 0 0 0 3 0 0 0 
2 0 1 1 0 1 0 0 0 1 1 0 
1 1 0 1 1 1 1 1 0 0 0 0 
2 0 1 0 1 0 1 1 2 1 1 0 
2 0 1 1 0 0 1 1 2 0 1 0 
1 1 1 0 0 0 0 1 0 0 1 1 
0 0 1 0 0 1 0 0 3 1 1 0 
0 1 1 1 0 0 1 0 3 0 0 1 
1 1 1 0 1 1 0 0 3 2 1 1 
1 0 1 1 1 1 1 1 1 1 1 0 
1 0 1 1 0 1 0 0 2 0 1 0 
0 1 1 1 1 0 0 0 0 2 0 1 
2 1 1 0 0 0 1 1 0 2 0 0 
2 1 1 1 0 0 0 1 3 2 1 0 
2 1 1 0 1 0 0 1 3 0 1 1 
1 1 1 1 0 1 0 1 2 1 0 0 
0 0 1 0 1 0 1 0 2 2 0 1 
1 0 1 0 1 0 1 1 0 2 1 0 
0 0 1 0 0 0 1 0 1 2 1 0 
0 0 1 0 0 1 0 1 1 0 1 1 
0 0 1 1 0 1 0 1 2 2 0 1 
1 0 1 1 0 1 0 1 3 0 1 1 
2 0 1 1 1 0 0 0 3 0 0 1 
0 1 1 0 1 1 1 0 2 2 1 0 
2 1 1 1 1 0 1 0 2 1 1 1 
0 0 1 0 0 0 0 0 2 1 0 0 
1 1 1 1 1 1 1 1 0 2 0 1 
1 0 1 1 0 1 0 1 2 2 0 1 
0 0 1 0 1 1 1 0 2 2 0 1 
0 0 1 1 0 1 0 0 1 0 0 1 
2 0 1 0 0 0 1 0 2 2 0 1 
2 1 1 1 1 0 0 1 0 0 1 1 
1 1 1 0 0 0 1 1 2 1 1 1 
1 1 0 1 0 0 0 0 0 0 0 0 
1 1 0 1 1 0 0 0 0 0 0 0 
1 1 1 0 0 0 0 0 0 0 0 0 
0 0 1 0 0 1 0 1 2 0 0 0 
1 1 1 1 0 1 1 0 1 2 0 0 
1 0 1 0 1 0 0 0 1 2 0 0 
2 0 1 1 1 1 1 1 3 2 1 1 
1 1 0 1 1 1 1 1 1 1 1 1 
1 1 0 1 1 1 1 1 1 1 1 0 
1 0 1 0 0 0 1 0 3 1 1 0 
0 1 1 1 1 0 0 0 3 1 1 0 
0 1 1 0 1 0 1 1 1 0 0 1 
2 0 1 1 0 0 0 0 2 1 0 0 
0 0 1 1 0 0 0 0 0 2 1 0 
1 1 1 1 0 1 0 0 0 1 0 1 
1 0 1 0 1 0 0 1 2 2 0 1 
0 0 1 0 1 1 1 0 2 2 1 0 
1 0 1 0 1 1 1 1 2 2 0 1 
2 1 1 0 0 1 0 1 3 2 0 0 
1 1 1 1 0 1 0 1 2 2 0 1 
1 1 1 1 1 0 0 0 2 2 1 1 
1 1 1 0 0 0 0 0 3 1 0 1 
1 1 1 0 1 0 0 0 1 1 0 0 
2 1 1 0 1 1 1 1 1 0 1 1 
2 0 1 0 0 0 0 1 3 1 0 0 
1 1 1 0 1 1 1 0 2 1 1 1 
0 1 1 1 1 0 0 1 1 1 1 0 
1 0 1 0 1 1 1 0 2 0 0 1 
1 1 0 1 1 1 1 1 1 1 0 0 
1 0 1 0 1 1 1 0 0 1 0 0 
0 1 1 1 1 1 0 1 0 0 1 0 
2 1 1 0 0 0 0 0 2 2 0 0 
2 1 1 1 0 1 0 1 2 0 0 1 
1 1 1 0 1 0 0 1 2 1 0 0 
1 1 1 0 1 1 1 1 2 1 0 0 
1 0 1 0 1 1 0 1 2 2 0 1 
2 1 1 1 1 0 1 0 0 1 1 1 
0 0 1 0 1 1 1 0 2 1 0 1 
1 0 1 1 0 1 0 1 2 1 0 0 
1 1 1 1 1 0 1 1 3 0 0 0 
1 1 0 1 1 1 1 0 0 0 0 0 
2 1 0 1 1 1 1 1 2 2 1 1 
1 0 1 0 0 0 0 0 0 2 0 1 
0 0 1 0 0 0 1 0 2 2 1 0 
0 0 1 0 0 1 0 1 3 1 0 1 
0 0 0 0 0 0 0 0 0 0 0 0 
1 0 1 0 1 1 1 0 2 2 1 1 
1 0 1 0 1 1 1 0 2 2 1 0 
2 1 1 1 0 0 1 1 3 1 1 1 
1 1 1 0 1 1 0 1 2 1 0 0 
1 1 1 1 0 0 1 1 1 2 1 1 
1 1 1 0 0 1 0 1 1 0 1 0 
2 1 1 0 1 1 1 0 3 1 0 0 
1 0 0 0 0 0 0 0 0 0 0 0 
0 1 1 1 0 1 0 1 2 2 0 1 
0 1 1 1 0 1 1 0 1 1 1 0 
2 0 1 0 0 0 0 0 0 1 0 1 
1 0 1 0 0 1 0 1 1 2 0 1 
2 1 1 0 0 0 0 0 1 2 0 1 
0 0 1 0 1 1 1 0 3 2 0 1 
1 0 1 0 0 1 0 0 3 2 0 0 
2 0 1 1 0 0 1 0 0 0 1 0 
0 0 1 1 0 0 0 1 1 2 0 0 
1 0 1 1 0 0 0 0 2 1 0 0 
0 0 1 0 1 1 0 1 2 2 0 1 
1 0 1 0 0 0 0 0 2 0 0 0 
1 1 1 0 0 1 1 0 2 1 1 1 
1 1 0 1 1 1 1 1 1 0 0 0 
2 1 1 1 0 0 0 1 1 1 0 1 
2 1 1 0 1 1 1 0 2 0 0 0 
1 0 1 0 0 0 1 0 1 0 0 0 
1 0 1 1 0 0 0 1 0 1 1 0 
MFS
[ - , - , - , - , - , 1 , - , - , 2 , 1 , - , - ]
[ - , - , - , - , - , 1 , - , - , 2 , 2 , - , - ]
[ - , - , 0 , - , - , - , - , - , - , - , - , - ]
precise
1.0
recall
1.0
F-measure
1.0
multi
0
time
all 22051 iden 17505 gen 2111
t-cover
14136
all-cover
14136
coveredNum
(1 : 2929)  (2 : 1721)  (3 : 2018)  (4 : 1794)  (5 : 1344)  (6 : 1032)  (7 : 790)  (8 : 552)  (9 : 434)  (10 : 357)  (11 : 279)  (12 : 172)  (13 : 148)  (14 : 116)  (15 : 86)  (16 : 81)  (17 : 70)  (18 : 51)  (19 : 49)  (20 : 28)  (21 : 13)  (22 : 10)  (23 : 4)  (24 : 4)  (25 : 6)  (26 : 7)  (27 : 3)  (28 : 14)  (29 : 10)  (30 : 6)  (31 : 4)  (32 : 1)  (33 : 2)  (34 : 1)  
real Identify
([ - , - , - , - , - , 1 , - , - , 2 , 1 , - , - ] : 1)  ([ - , - , - , - , - , 1 , - , - , 2 , 2 , - , - ] : 1)  ([ - , - , 0 , - , - , - , - , - , - , - , - , - ] : 1)  
testCase Num: 168
regaular Num: 113
identify Num: 55
0 0 1 1 0 0 1 1 1 2 0 1 
1 1 1 1 1 1 1 1 0 0 0 1 
0 0 1 0 1 0 0 0 0 0 0 0 
0 1 1 0 1 1 1 0 0 1 1 0 
2 0 1 0 0 0 0 0 3 2 0 0 
0 0 1 0 0 0 0 0 0 0 0 0 
0 0 1 0 1 1 1 0 3 2 1 0 
0 0 1 0 1 1 1 0 2 0 0 1 
2 1 1 0 0 0 1 0 3 1 0 1 
1 1 1 0 1 1 0 0 3 0 0 0 
1 0 1 1 1 0 1 1 2 2 0 1 
1 0 1 1 1 0 1 1 1 1 1 1 
1 1 1 0 0 0 0 0 1 0 1 0 
0 0 1 1 0 0 0 1 0 1 0 1 
0 0 1 0 0 0 1 0 1 1 0 0 
0 0 1 1 0 0 0 1 2 0 1 1 
2 1 1 0 0 0 0 1 2 2 0 1 
0 0 1 1 0 1 0 1 2 2 1 0 
2 0 1 1 0 1 0 0 2 1 1 1 
0 1 1 1 1 0 1 1 3 0 0 1 
2 0 1 0 0 1 1 1 1 2 1 1 
1 1 0 1 1 1 1 1 3 2 1 1 
0 0 1 0 1 1 1 1 2 2 1 0 
1 1 1 0 0 1 1 1 0 2 1 1 
0 0 1 0 0 0 0 0 1 2 0 0 
0 1 1 0 0 0 0 0 3 0 1 1 
2 1 1 0 0 0 0 0 1 2 0 0 
2 0 1 1 0 0 0 0 0 0 0 0 
0 0 1 0 1 0 0 0 3 1 0 1 
0 0 1 0 1 0 0 0 3 1 0 0 
2 0 1 1 0 1 1 0 2 0 0 1 
2 1 1 0 0 1 0 1 3 0 0 0 
2 0 1 0 1 1 1 0 2 2 0 1 
0 1 1 1 1 0 0 0 2 2 0 0 
2 1 1 1 0 0 0 1 1 0 1 0 
1 1 0 1 1 1 0 0 0 0 0 0 
1 0 1 0 1 1 1 0 2 2 0 0 
1 0 1 0 1 1 1 0 2 2 0 1 
0 1 1 0 0 1 0 1 1 1 0 1 
0 1 1 1 0 1 0 1 2 2 1 0 
2 0 1 0 1 0 0 0 2 1 1 1 
1 0 1 0 0 0 1 0 3 2 0 1 
1 0 1 0 0 1 0 1 2 0 0 0 
0 0 1 0 0 1 0 0 2 0 1 0 
2 0 1 1 0 1 1 0 1 0 0 0 
2 1 1 0 0 1 1 0 1 1 1 0 
2 1 1 0 0 0 0 0 0 2 0 0 
2 0 1 0 0 0 0 0 1 0 0 1 
1 0 1 0 1 1 1 1 2 2 1 0 
1 1 0 0 0 0 0 0 0 0 0 0 
0 0 1 1 1 1 0 0 1 1 0 0 
0 1 1 0 1 0 1 0 2 1 0 1 
0 1 1 0 0 0 1 0 1 0 1 1 
1 0 1 0 0 0 1 1 3 0 1 0 
0 0 1 0 0 1 0 1 2 2 1 0 
2 0 1 1 0 0 0 1 1 1 0 1 
1 0 1 0 1 1 1 0 2 0 1 0 
2 1 1 1 0 0 1 1 2 1 0 1 
0 0 1 0 0 0 0 1 3 1 0 0 
1 1 1 0 1 1 0 1 3 1 1 0 
1 1 0 1 1 1 1 1 0 0 0 0 
0 1 1 1 0 1 0 1 2 0 0 0 
1 0 1 1 0 1 1 1 1 2 1 0 
2 1 1 1 0 1 0 1 2 2 1 0 
2 0 1 0 0 0 1 1 0 0 1 1 
0 0 1 0 1 1 0 0 1 0 1 1 
1 0 1 0 0 1 0 1 2 2 1 0 
0 1 1 1 0 1 1 0 3 1 1 1 
1 0 1 0 0 0 1 0 0 1 0 0 
1 1 1 1 1 1 1 1 1 0 0 1 
1 0 1 0 0 0 0 1 2 0 0 1 
2 1 1 1 0 0 0 1 3 2 1 0 
2 0 1 0 1 0 1 0 1 1 0 1 
1 1 1 1 0 0 0 0 2 2 1 0 
1 0 1 0 1 1 1 1 2 1 0 0 
0 1 1 0 0 0 1 0 2 2 1 1 
1 1 1 1 0 1 1 0 3 1 0 0 
1 0 1 0 0 1 0 0 1 1 0 0 
0 0 1 1 0 0 0 1 1 0 0 0 
1 0 1 1 0 0 0 0 3 1 1 1 
0 0 1 1 1 0 0 1 3 2 1 1 
1 0 1 0 1 0 0 0 2 1 0 0 
1 0 1 0 0 0 0 0 2 2 0 0 
0 0 1 0 1 1 1 1 2 1 0 0 
1 1 1 1 0 1 0 0 2 0 1 1 
0 0 1 0 0 0 0 0 2 1 0 0 
0 0 1 0 1 1 1 0 2 2 0 1 
2 0 1 1 1 0 1 0 0 2 0 1 
1 1 1 1 0 1 0 1 2 2 1 0 
1 1 0 1 0 0 0 0 0 0 0 0 
1 1 0 1 1 0 0 0 0 0 0 0 
1 1 1 0 0 0 0 0 0 0 0 0 
1 0 1 1 1 0 0 0 3 0 0 1 
2 1 1 0 1 1 1 1 3 2 0 1 
2 1 1 1 1 1 1 1 0 1 0 0 
2 0 1 0 1 1 1 1 2 1 0 1 
2 0 1 0 1 1 1 1 2 1 0 0 
2 1 1 0 1 1 0 0 0 0 0 1 
1 1 0 1 1 1 1 1 1 1 1 1 
1 1 1 1 0 0 0 0 1 1 0 0 
1 1 0 1 1 1 1 1 1 1 1 0 
1 0 1 1 1 1 0 0 0 2 1 0 
1 0 1 1 0 0 0 1 0 2 0 1 
2 0 1 0 1 0 0 0 2 2 0 0 
2 0 1 1 0 0 0 0 2 1 0 0 
1 1 1 1 1 1 0 0 0 1 0 1 
1 0 1 0 1 1 0 1 1 2 0 0 
2 0 1 1 0 0 1 0 2 2 1 0 
0 0 1 0 1 1 1 0 2 2 1 0 
1 0 1 1 0 1 0 1 2 2 1 0 
0 1 1 0 1 1 1 1 1 2 1 0 
1 1 1 0 0 0 1 1 2 1 0 0 
0 0 1 0 0 1 1 0 3 0 0 0 
1 0 1 0 0 1 0 0 1 0 0 0 
2 1 1 1 1 1 0 0 1 2 1 1 
2 0 1 1 1 1 0 0 3 0 1 1 
1 0 1 0 0 0 0 0 1 2 1 1 
0 1 1 1 1 0 0 1 1 1 1 0 
2 0 1 0 1 0 0 1 0 2 1 0 
1 0 1 0 1 1 1 0 2 0 0 1 
2 0 1 0 1 1 1 1 2 1 1 1 
2 1 1 1 0 0 0 1 0 1 1 0 
1 1 0 1 1 1 1 1 1 1 0 0 
0 1 1 1 1 1 0 1 0 0 1 1 
2 0 1 0 1 1 1 0 2 1 1 1 
2 0 1 1 0 0 1 0 3 0 1 0 
0 1 1 0 1 0 1 1 0 2 0 0 
2 0 1 0 1 0 0 0 0 1 1 0 
2 0 1 0 0 1 0 0 0 2 0 0 
2 1 1 1 1 0 1 0 2 0 1 0 
2 1 1 0 1 1 0 1 2 0 0 0 
0 0 1 0 1 1 1 0 2 1 0 0 
0 0 1 0 1 1 1 0 2 1 0 1 
0 1 1 1 0 0 0 0 0 2 1 1 
1 1 0 1 1 1 1 0 0 0 0 0 
2 1 0 1 1 1 1 1 2 2 1 1 
0 0 0 0 0 0 0 0 0 0 0 0 
2 0 1 1 1 0 1 1 3 1 0 0 
1 0 1 0 0 0 0 0 3 2 0 0 
0 0 1 0 1 0 0 1 2 2 1 0 
1 0 1 0 1 1 1 0 2 2 1 0 
2 0 1 0 0 1 0 0 2 1 1 1 
1 1 1 0 1 0 1 0 1 2 0 0 
1 1 1 1 1 0 0 1 2 1 1 1 
0 0 1 1 1 1 0 0 2 0 0 0 
2 0 1 0 1 1 0 0 2 1 1 1 
1 0 0 0 0 0 0 0 0 0 0 0 
1 0 1 0 1 1 0 1 2 2 1 0 
1 0 1 0 0 1 0 1 0 1 1 1 
0 0 1 0 1 1 1 0 2 1 1 0 
0 0 1 1 0 1 1 0 0 0 1 0 
0 1 1 0 0 1 1 0 2 0 0 0 
1 0 1 1 0 1 0 1 3 2 0 1 
2 0 1 0 0 1 0 1 3 1 1 1 
0 1 1 1 0 1 0 0 2 1 1 1 
0 1 1 1 0 1 0 0 3 2 0 0 
0 0 1 0 1 1 0 1 2 2 1 0 
0 0 1 0 0 1 0 1 3 0 0 0 
1 1 1 1 1 0 1 0 3 2 1 1 
1 0 1 0 1 0 0 0 0 0 0 0 
2 1 1 1 0 1 0 0 2 1 1 1 
2 0 1 0 1 1 1 1 2 0 1 1 
2 0 1 0 1 0 0 1 1 0 0 0 
2 0 1 0 1 1 1 1 0 1 1 1 
0 0 1 0 1 1 1 0 0 2 0 1 
1 1 0 1 1 1 1 1 1 0 0 0 
0 0 1 1 0 0 1 1 2 1 1 0 
1 0 1 1 1 0 0 1 0 0 1 0 
MFS
[ - , - , - , - , - , 1 , - , - , 2 , 1 , - , - ]
[ - , - , - , - , - , 1 , - , - , 2 , 2 , - , - ]
[ - , - , 0 , - , - , - , - , - , - , - , - , - ]
precise
1.0
recall
1.0
F-measure
1.0
multi
0
time
all 23590 iden 18717 gen 2129
t-cover
14136
all-cover
14136
coveredNum
(1 : 2943)  (2 : 1762)  (3 : 2218)  (4 : 1845)  (5 : 1357)  (6 : 992)  (7 : 747)  (8 : 520)  (9 : 398)  (10 : 332)  (11 : 242)  (12 : 178)  (13 : 113)  (14 : 114)  (15 : 78)  (16 : 71)  (17 : 52)  (18 : 35)  (19 : 27)  (20 : 19)  (21 : 20)  (22 : 8)  (23 : 4)  (24 : 4)  (25 : 6)  (26 : 4)  (27 : 10)  (28 : 5)  (29 : 9)  (30 : 5)  (31 : 7)  (32 : 7)  (33 : 3)  (34 : 1)  
real Identify
([ - , - , - , - , - , 1 , - , - , 2 , 1 , - , - ] : 1)  ([ - , - , - , - , - , 1 , - , - , 2 , 2 , - , - ] : 1)  ([ - , - , 0 , - , - , - , - , - , - , - , - , - ] : 1)  
testCase Num: 154
regaular Num: 111
identify Num: 43
1 1 1 1 1 1 1 1 1 2 1 0 
0 0 1 1 0 0 0 0 2 2 0 1 
0 0 1 0 0 0 0 0 0 0 0 0 
0 0 1 1 0 1 1 0 3 1 1 0 
0 0 1 0 1 1 1 0 0 1 0 0 
1 0 1 0 1 1 0 0 3 1 1 0 
2 0 1 0 1 0 0 1 2 2 0 1 
2 1 1 1 0 1 0 0 2 0 0 0 
2 0 1 0 1 0 0 1 3 0 1 1 
0 0 1 1 0 1 1 1 2 1 1 0 
1 1 0 1 1 1 1 1 3 2 1 1 
1 0 1 0 1 0 1 0 2 1 0 0 
1 1 1 0 0 1 0 1 2 0 0 0 
1 0 1 0 0 0 1 0 1 0 1 0 
1 1 1 0 0 0 1 0 3 2 0 1 
1 1 1 1 1 0 1 1 2 2 0 1 
2 0 1 1 1 0 1 1 2 1 1 0 
0 0 1 0 0 1 0 0 2 0 0 1 
2 0 1 0 0 0 0 0 0 2 0 1 
0 0 1 1 0 0 1 1 0 1 0 1 
0 0 1 1 0 0 0 0 1 0 0 0 
0 1 1 0 1 1 1 0 2 0 0 0 
2 0 1 0 0 0 0 0 2 1 0 0 
0 0 1 0 0 1 1 1 1 0 0 1 
0 0 1 1 0 1 1 0 2 0 1 0 
1 0 1 1 0 1 0 1 3 1 0 1 
1 0 1 1 1 1 0 0 1 0 0 1 
2 1 1 1 0 0 0 1 1 0 1 1 
0 0 1 0 1 0 1 0 1 2 1 1 
2 0 1 1 0 1 1 1 3 0 0 0 
1 1 0 1 1 1 0 0 0 0 0 0 
2 0 1 1 1 0 0 0 3 1 0 1 
0 1 1 0 1 0 1 1 2 0 0 1 
0 0 1 1 1 0 1 1 0 0 1 0 
0 1 1 1 0 1 1 0 1 1 0 0 
0 1 1 0 0 0 0 0 2 2 1 0 
1 0 1 0 0 1 0 1 1 1 1 1 
2 1 1 1 1 0 1 0 2 2 1 0 
2 0 1 0 0 0 0 0 2 2 1 1 
0 0 1 0 0 0 0 0 1 1 1 1 
1 1 0 0 0 0 0 0 0 0 0 0 
1 0 1 1 0 0 0 0 2 0 1 1 
1 1 1 1 1 1 1 0 3 0 1 1 
2 0 1 0 1 0 0 1 0 0 0 0 
0 0 1 1 0 0 0 1 2 1 1 0 
2 1 1 0 0 1 0 0 3 0 1 0 
1 0 1 0 0 0 0 0 3 0 0 0 
1 0 1 1 0 1 0 0 1 2 0 0 
0 0 1 0 1 0 0 1 3 1 0 0 
1 1 0 1 1 1 1 1 0 0 0 0 
0 1 1 0 1 1 0 0 3 2 0 0 
1 1 1 0 1 1 0 0 0 1 0 0 
0 1 1 1 0 1 0 1 3 2 1 1 
0 0 1 0 0 1 1 1 3 0 0 1 
1 1 1 1 1 0 0 1 3 0 0 0 
0 0 1 1 1 0 1 1 2 2 0 0 
2 0 1 1 0 1 1 0 2 1 0 1 
2 0 1 0 1 0 0 0 0 2 0 0 
0 0 1 0 1 1 0 0 2 2 0 1 
2 0 1 1 0 1 1 0 2 1 0 0 
0 0 1 1 0 1 1 0 2 1 1 0 
0 1 1 1 1 0 0 0 2 1 0 1 
0 1 1 1 0 0 1 0 3 0 0 0 
0 0 1 1 1 1 0 1 2 1 1 0 
1 1 1 1 0 0 1 0 0 1 1 1 
0 0 1 0 1 1 0 1 2 0 1 0 
0 0 1 0 0 1 0 1 0 2 0 0 
1 0 1 0 0 0 1 1 2 2 1 0 
1 0 1 1 0 0 0 0 0 0 0 0 
0 1 1 0 0 0 0 1 1 2 1 0 
1 0 1 0 0 0 0 0 2 2 0 0 
1 0 1 1 1 1 1 1 1 1 0 1 
0 0 1 1 0 1 1 0 2 1 0 1 
2 1 1 0 0 0 1 1 2 1 1 1 
2 1 1 1 1 1 0 1 0 1 0 0 
2 1 1 1 0 0 1 0 3 2 0 1 
1 0 1 1 0 1 1 1 2 2 1 0 
2 0 1 0 0 1 1 0 0 1 1 1 
1 0 1 0 0 1 1 0 0 2 0 0 
0 1 1 1 1 1 0 0 1 0 1 1 
1 1 0 1 0 0 0 0 0 0 0 0 
1 1 0 1 1 0 0 0 0 0 0 0 
0 0 1 0 0 0 1 0 2 1 1 1 
1 1 1 0 0 0 0 0 0 0 0 0 
1 0 1 1 0 0 0 0 1 1 0 0 
2 1 1 1 0 1 0 0 1 1 0 1 
2 0 1 1 0 1 1 1 2 0 0 1 
2 0 1 1 1 0 0 1 1 2 0 1 
0 0 1 0 1 0 0 1 1 1 0 0 
0 1 1 0 0 0 1 0 0 2 1 1 
1 1 0 1 1 1 1 1 1 1 1 1 
2 0 1 1 0 1 0 0 0 0 1 1 
1 1 0 1 1 1 1 1 1 1 1 0 
0 0 1 1 0 1 0 1 1 2 0 0 
1 0 1 1 1 1 0 0 0 2 1 1 
2 0 1 0 0 1 0 0 1 2 0 0 
0 1 1 1 0 1 0 1 0 0 0 1 
2 1 1 0 0 1 1 0 1 2 0 1 
2 0 1 0 1 0 1 1 0 1 1 0 
2 0 1 0 0 0 0 0 1 2 1 0 
1 0 1 0 0 0 0 1 2 1 0 1 
0 0 1 1 1 1 0 0 2 2 0 1 
2 0 1 0 1 1 0 1 1 0 1 0 
2 0 1 0 0 0 1 0 0 0 1 0 
1 1 1 0 1 0 0 0 1 1 0 1 
1 0 1 0 0 0 0 0 1 2 0 1 
2 0 1 1 0 1 1 1 0 2 0 1 
1 1 1 1 1 1 1 0 2 0 1 1 
0 0 1 0 1 1 0 1 2 1 1 0 
1 1 0 1 1 1 1 1 1 1 0 0 
0 1 1 0 1 1 0 1 0 1 1 1 
2 1 1 0 1 1 0 0 2 0 1 1 
0 0 1 1 0 1 1 0 2 2 0 1 
2 1 1 0 0 0 1 1 3 1 0 0 
0 0 1 1 1 0 1 1 3 2 0 0 
0 0 1 0 1 0 0 0 3 0 1 0 
1 1 0 1 1 1 1 0 0 0 0 0 
0 0 1 0 0 1 1 0 2 1 0 1 
2 1 0 1 1 1 1 1 2 2 1 1 
2 0 1 1 0 1 0 0 2 2 0 1 
0 1 1 0 1 1 0 1 2 1 1 0 
1 1 1 0 0 0 1 1 1 0 0 0 
2 1 1 0 0 0 0 1 3 2 0 0 
1 0 1 0 0 0 1 1 3 2 1 0 
1 0 1 0 0 1 0 0 2 0 0 0 
0 0 0 0 0 0 0 0 0 0 0 0 
2 0 1 0 1 1 1 1 3 2 1 0 
2 1 1 0 1 1 0 0 2 2 0 1 
0 0 1 1 0 1 0 1 2 1 1 0 
1 1 1 1 1 0 0 1 2 1 1 0 
1 1 1 0 1 1 0 0 2 2 0 1 
2 1 1 0 1 0 1 1 1 1 1 0 
1 1 1 0 0 0 1 0 3 1 0 0 
1 0 0 0 0 0 0 0 0 0 0 0 
2 0 1 1 0 0 0 0 1 1 1 0 
1 0 1 1 0 0 0 1 0 1 0 0 
0 1 1 0 0 0 0 0 3 1 1 1 
1 1 1 0 1 0 0 1 0 2 1 0 
2 0 1 1 1 0 1 0 1 0 0 0 
0 1 1 1 1 1 1 0 0 2 0 0 
2 1 1 0 1 0 1 0 0 0 0 1 
2 0 1 0 0 0 0 0 2 0 0 0 
1 1 1 0 0 1 1 1 0 0 1 0 
2 1 1 1 0 0 0 0 0 2 1 0 
1 0 1 1 1 1 0 0 3 2 0 0 
1 0 1 0 1 1 1 1 0 0 0 1 
0 0 1 1 0 1 1 1 2 2 1 0 
2 0 1 1 0 1 1 1 2 2 0 1 
2 1 1 1 1 1 1 1 3 1 1 1 
2 0 1 1 0 1 1 1 2 2 1 0 
2 0 1 1 0 1 1 1 2 2 1 1 
1 1 0 1 1 1 1 1 1 0 0 0 
1 1 1 0 1 1 0 1 2 1 1 0 
0 0 1 1 1 0 0 0 3 2 1 1 
MFS
[ - , - , - , - , - , 1 , - , - , 2 , 1 , - , - ]
[ - , - , - , - , - , 1 , - , - , 2 , 2 , - , - ]
[ - , - , 0 , - , - , - , - , - , - , - , - , - ]
precise
1.0
recall
1.0
F-measure
1.0
multi
0
time
all 12485 iden 8355 gen 1838
t-cover
14136
all-cover
14136
coveredNum
(1 : 3042)  (2 : 2022)  (3 : 2195)  (4 : 1856)  (5 : 1360)  (6 : 1007)  (7 : 685)  (8 : 479)  (9 : 387)  (10 : 283)  (11 : 200)  (12 : 139)  (13 : 89)  (14 : 94)  (15 : 83)  (16 : 74)  (17 : 43)  (18 : 26)  (19 : 8)  (20 : 7)  (21 : 1)  (22 : 2)  (23 : 9)  (24 : 6)  (25 : 13)  (26 : 15)  (27 : 3)  (28 : 4)  (29 : 4)  
real Identify
([ - , - , - , - , - , 1 , - , - , 2 , 1 , - , - ] : 1)  ([ - , - , - , - , - , 1 , - , - , 2 , 2 , - , - ] : 1)  ([ - , - , 0 , - , - , - , - , - , - , - , - , - ] : 1)  
testCase Num: 180
regaular Num: 118
identify Num: 63
1 1 1 0 1 1 1 1 2 0 0 0 
2 1 1 0 0 1 1 0 2 1 0 0 
0 0 1 0 1 1 0 0 0 2 1 1 
0 0 1 0 0 0 0 0 0 0 0 0 
1 0 1 1 0 1 1 1 3 1 0 0 
1 0 1 0 0 0 0 1 0 1 1 0 
1 0 1 1 1 1 0 0 2 2 0 0 
2 1 1 0 0 0 1 0 1 2 0 0 
2 1 1 1 0 0 1 0 3 0 0 0 
2 1 1 1 0 0 0 1 2 1 1 0 
0 0 1 0 1 1 1 0 0 1 0 0 
1 1 1 0 0 0 0 0 2 1 0 0 
2 0 1 1 1 1 1 1 2 2 0 0 
2 0 1 1 0 1 1 1 2 2 0 0 
2 0 1 1 0 1 0 0 3 2 0 0 
2 0 1 1 0 1 0 0 2 1 1 0 
2 1 1 0 0 1 0 1 0 1 1 0 
1 1 0 1 1 1 1 1 3 2 1 1 
1 0 1 0 0 1 1 0 0 0 1 0 
0 0 1 0 0 1 0 0 2 0 0 0 
0 1 1 0 0 0 0 0 3 0 1 0 
0 1 1 0 0 0 0 0 0 0 0 0 
0 1 1 0 0 0 0 0 2 2 0 0 
2 0 1 0 1 0 0 0 0 1 0 0 
1 1 1 0 0 1 0 1 0 2 0 0 
0 1 1 0 0 1 0 0 3 2 0 0 
1 0 1 0 1 1 0 0 1 1 0 1 
0 0 1 0 1 0 1 0 1 2 1 0 
2 0 1 0 0 0 1 0 3 2 0 0 
1 0 1 0 1 0 0 0 2 2 0 1 
2 1 1 1 0 1 1 1 1 0 0 1 
1 1 0 1 1 1 0 0 0 0 0 0 
2 0 1 1 0 1 0 0 2 1 0 0 
0 0 1 0 1 1 1 1 2 2 0 0 
1 0 1 1 1 1 1 1 0 1 1 1 
0 1 1 1 1 1 0 1 2 1 1 1 
1 1 1 1 0 1 0 0 1 0 0 0 
0 1 1 0 0 0 1 1 0 2 0 1 
0 0 1 1 0 1 1 0 2 0 0 0 
1 1 0 0 0 0 0 0 0 0 0 0 
1 0 1 1 0 1 0 1 0 0 0 1 
2 0 1 1 0 0 1 0 0 1 0 1 
0 0 1 0 0 0 0 1 0 1 0 0 
0 0 1 1 1 1 1 1 2 2 0 0 
0 0 1 1 1 1 0 1 2 0 0 0 
2 0 1 0 1 0 1 0 3 1 1 0 
1 1 1 1 0 1 1 0 3 2 1 1 
0 0 1 1 0 0 0 1 1 0 1 1 
2 1 1 0 0 0 0 1 3 0 0 0 
2 0 1 0 1 1 1 1 2 2 0 0 
2 0 1 1 0 1 0 0 2 0 1 1 
2 0 1 1 0 1 0 0 2 0 1 0 
0 0 1 1 1 1 0 1 2 1 1 1 
1 1 0 1 1 1 1 1 0 0 0 0 
2 0 1 1 0 1 0 1 2 2 0 0 
1 0 1 1 1 1 0 1 2 1 1 1 
2 1 1 1 0 0 0 0 1 0 0 0 
0 1 1 0 1 0 1 1 1 1 0 0 
0 0 1 0 0 1 1 1 3 0 0 1 
2 1 1 0 0 0 0 0 0 2 1 0 
0 1 1 1 0 1 0 1 0 1 0 1 
0 0 1 1 1 0 0 0 3 0 0 0 
2 1 1 0 0 0 0 0 2 1 1 0 
1 0 1 1 0 0 0 1 2 2 0 0 
0 0 1 1 0 0 0 0 1 2 0 1 
1 0 1 1 1 1 1 1 2 2 0 0 
2 0 1 0 0 0 0 0 1 1 1 1 
1 1 1 1 1 0 0 1 1 2 0 0 
1 0 1 1 0 1 0 0 2 0 1 0 
2 1 1 0 0 1 0 1 3 1 0 1 
0 0 1 1 1 1 0 1 2 1 1 0 
0 0 1 1 1 0 1 0 0 0 0 1 
1 1 1 0 1 0 0 0 0 1 0 1 
2 0 1 1 0 1 0 0 2 0 0 0 
0 0 1 1 0 0 1 0 0 2 1 0 
0 0 1 1 1 1 0 1 2 1 0 0 
0 0 1 1 0 1 0 1 2 2 0 0 
2 0 1 0 1 1 0 0 1 1 1 0 
2 0 1 0 0 1 0 0 0 0 0 1 
1 0 1 1 1 0 0 1 0 2 1 0 
0 0 1 0 1 0 0 0 2 1 0 0 
0 0 1 1 1 1 1 0 2 1 0 0 
1 1 1 0 1 1 1 1 2 2 0 0 
2 1 1 1 0 1 0 1 2 0 0 0 
0 0 1 1 0 1 1 0 2 1 0 0 
1 0 1 1 0 1 0 1 2 2 0 0 
0 1 1 1 0 0 1 1 2 1 0 0 
1 1 1 1 0 0 0 0 1 1 1 0 
1 0 1 0 0 1 1 1 1 1 0 0 
2 1 1 1 1 0 0 0 0 2 0 1 
0 1 1 0 1 1 0 1 2 0 1 1 
1 1 0 1 0 0 0 0 0 0 0 0 
1 1 0 1 1 0 0 0 0 0 0 0 
0 0 1 0 0 0 1 0 2 1 1 1 
1 1 1 0 0 0 0 0 0 0 0 0 
2 1 1 1 1 1 1 1 3 1 0 0 
2 0 1 1 0 0 0 1 0 0 0 0 
2 0 1 0 0 0 0 1 3 2 1 1 
1 1 1 1 0 1 1 0 0 1 1 0 
1 1 1 0 1 1 0 1 3 0 1 0 
1 1 0 1 1 1 1 1 1 1 1 1 
1 1 0 1 1 1 1 1 1 1 1 0 
2 0 1 0 1 1 1 1 0 2 0 0 
2 0 1 1 1 1 0 0 0 0 1 0 
0 0 1 1 1 1 0 0 2 1 0 0 
0 0 1 0 0 1 1 1 2 0 1 0 
2 0 1 1 1 0 1 1 1 1 0 1 
2 0 1 0 1 1 0 0 1 2 0 1 
2 1 1 0 1 0 0 0 2 2 1 0 
2 0 1 1 1 1 1 0 3 0 1 1 
1 0 1 1 0 1 1 1 2 2 0 0 
0 1 1 0 0 1 1 0 1 1 1 1 
1 0 1 0 0 0 1 0 1 2 1 1 
1 0 1 0 1 0 1 0 0 0 0 0 
0 0 1 0 0 0 1 1 3 0 1 0 
1 0 1 0 1 1 1 1 2 2 0 0 
1 0 1 1 0 1 0 0 2 1 1 0 
0 1 1 0 1 1 0 0 1 0 0 1 
0 0 1 1 1 0 1 0 3 2 1 0 
1 0 1 0 0 1 0 0 2 2 1 1 
1 1 1 0 0 0 0 0 3 1 0 1 
0 1 1 1 0 1 1 1 1 2 1 0 
2 0 1 0 0 0 0 1 1 2 0 0 
1 0 1 0 0 1 1 0 2 1 0 0 
1 1 0 1 1 1 1 1 1 1 0 0 
0 1 1 1 1 0 0 1 2 2 0 1 
2 0 1 1 0 0 1 1 2 2 0 0 
0 1 1 1 1 1 0 1 0 0 1 0 
0 0 1 0 1 0 1 1 2 2 1 0 
1 1 1 0 0 0 0 1 2 0 0 1 
1 0 1 1 0 0 0 1 3 2 0 0 
1 1 1 0 1 1 1 1 1 0 1 1 
2 1 1 0 1 1 0 1 3 2 1 0 
1 0 1 1 0 1 0 0 2 1 0 0 
1 1 0 1 1 1 1 0 0 0 0 0 
0 0 1 1 0 1 1 1 2 2 0 0 
2 1 0 1 1 1 1 1 2 2 1 1 
2 0 1 0 0 0 1 0 1 0 1 0 
1 1 1 0 0 0 1 1 2 2 1 1 
0 0 1 0 0 1 1 0 1 0 1 0 
1 0 1 0 0 1 0 0 2 0 0 1 
1 0 1 0 0 0 0 0 0 2 0 1 
0 0 1 0 1 0 1 0 3 1 0 1 
2 0 1 0 0 0 1 0 2 1 0 0 
0 0 0 0 0 0 0 0 0 0 0 0 
2 0 1 0 1 0 0 1 2 1 0 1 
1 1 1 0 0 1 1 0 2 1 0 0 
1 0 1 1 1 0 1 0 2 1 0 0 
0 0 1 1 1 1 0 1 1 1 0 0 
2 0 1 0 1 0 0 1 1 0 1 0 
2 0 1 1 0 1 0 0 2 2 1 1 
1 0 1 1 0 1 0 0 2 2 1 1 
1 1 1 1 1 0 0 1 2 1 1 1 
0 1 1 0 1 0 1 1 3 2 0 1 
1 0 1 0 0 0 1 0 3 0 1 0 
1 0 0 0 0 0 0 0 0 0 0 0 
2 1 1 0 0 0 0 0 1 1 0 0 
1 0 1 0 1 0 1 0 3 2 1 0 
1 0 1 0 0 1 0 1 1 2 0 1 
2 0 1 0 0 0 0 0 2 0 0 0 
0 0 1 0 0 0 0 0 0 1 1 0 
2 0 1 1 1 0 1 0 2 2 1 1 
1 0 1 1 0 1 0 0 2 2 1 0 
0 1 1 1 1 0 1 0 2 0 1 0 
0 1 1 0 1 1 1 1 2 2 0 0 
2 1 1 0 1 1 1 1 2 2 0 0 
0 0 1 1 0 0 0 1 3 1 1 0 
1 1 1 1 1 1 1 0 0 2 0 0 
0 1 1 1 1 1 0 0 3 1 1 1 
1 0 1 0 1 0 0 0 3 1 1 0 
2 1 1 1 1 0 0 0 1 2 1 1 
2 0 1 1 0 1 0 0 2 2 0 0 
0 0 1 0 0 0 0 1 1 1 1 0 
1 1 0 1 1 1 1 1 1 0 0 0 
1 0 1 1 0 1 0 0 2 2 0 0 
2 1 1 0 0 0 1 1 0 0 1 1 
1 0 1 1 1 0 1 0 1 0 0 1 
2 1 1 0 1 1 1 0 2 0 0 1 
1 0 1 1 1 0 0 1 3 0 0 1 
0 1 1 0 0 0 0 0 3 0 0 1 
MFS
[ - , - , - , - , - , 1 , - , - , 2 , 1 , - , - ]
[ - , - , - , - , - , 1 , - , - , 2 , 2 , - , - ]
[ - , - , 0 , - , - , - , - , - , - , - , - , - ]
precise
1.0
recall
1.0
F-measure
1.0
multi
0
time
all 33019 iden 28258 gen 2204
t-cover
14136
all-cover
14136
coveredNum
(1 : 2920)  (2 : 1630)  (3 : 1902)  (4 : 1618)  (5 : 1343)  (6 : 1027)  (7 : 843)  (8 : 569)  (9 : 469)  (10 : 346)  (11 : 303)  (12 : 222)  (13 : 198)  (14 : 150)  (15 : 102)  (16 : 103)  (17 : 84)  (18 : 58)  (19 : 38)  (20 : 45)  (21 : 39)  (22 : 29)  (23 : 12)  (24 : 17)  (25 : 10)  (26 : 6)  (27 : 7)  (28 : 8)  (29 : 11)  (30 : 7)  (31 : 4)  (32 : 3)  (33 : 5)  (34 : 3)  (35 : 2)  (36 : 2)  (38 : 1)  
real Identify
([ - , - , - , - , - , 1 , - , - , 2 , 1 , - , - ] : 1)  ([ - , - , - , - , - , 1 , - , - , 2 , 2 , - , - ] : 1)  ([ - , - , 0 , - , - , - , - , - , - , - , - , - ] : 1)  
testCase Num: 165
regaular Num: 110
identify Num: 55
0 0 1 0 0 0 0 0 3 1 1 1 
1 0 1 0 0 1 0 1 0 2 0 1 
0 0 1 0 1 0 0 0 0 0 0 0 
1 1 1 0 1 1 1 1 3 2 1 1 
0 0 1 0 0 0 0 0 0 0 0 0 
0 1 1 1 0 0 0 0 1 0 0 0 
1 1 1 0 0 0 1 0 0 2 0 0 
0 0 1 1 1 1 0 0 0 1 1 1 
0 1 1 0 1 1 1 1 2 2 1 1 
1 0 1 1 0 0 0 0 2 1 1 1 
1 0 1 1 1 0 0 0 0 2 1 0 
2 1 1 1 0 1 0 0 0 2 1 1 
2 1 1 0 0 1 1 1 3 0 0 1 
0 0 1 0 0 0 0 1 3 2 0 0 
1 0 1 0 0 1 1 0 1 1 0 0 
1 1 0 1 1 1 1 1 3 2 1 1 
1 0 1 1 1 0 1 0 0 1 0 1 
2 1 1 0 1 0 0 0 1 2 0 1 
2 1 1 0 0 0 0 0 0 1 1 0 
1 0 1 0 1 1 0 1 2 1 1 0 
1 0 1 1 0 0 0 1 1 1 1 0 
1 0 1 1 1 1 1 1 3 1 1 0 
2 0 1 0 0 0 0 0 0 2 0 0 
2 0 1 0 1 1 1 0 3 0 1 1 
1 0 1 0 0 0 0 1 1 2 1 0 
1 0 1 1 0 1 0 0 3 0 0 0 
0 1 1 0 0 1 0 0 3 2 0 0 
0 1 1 0 1 0 1 0 1 0 0 1 
0 1 1 0 0 1 1 1 1 1 1 0 
0 0 1 0 0 1 1 0 2 1 1 0 
1 1 1 1 0 1 0 1 3 2 1 0 
0 1 1 1 0 1 0 0 3 1 0 0 
0 1 1 1 1 1 1 1 0 1 0 0 
2 0 1 0 0 0 1 0 2 1 1 0 
2 0 1 0 0 1 0 1 2 0 0 0 
1 1 1 1 0 1 1 0 2 1 1 0 
1 0 1 0 1 0 1 1 1 2 0 0 
1 1 0 1 1 1 0 0 0 0 0 0 
2 0 1 0 0 0 0 1 2 2 1 1 
0 1 1 1 0 0 1 1 3 0 1 0 
0 0 1 0 0 0 0 1 2 1 0 0 
1 1 1 0 0 0 1 0 1 0 1 0 
1 0 1 0 1 1 0 1 2 1 0 1 
1 1 1 1 0 1 0 0 2 2 1 1 
2 0 1 1 0 0 0 0 0 0 1 1 
0 0 1 1 1 0 0 0 1 0 1 0 
2 1 1 1 1 1 0 1 0 0 0 1 
1 0 1 0 1 1 0 1 2 1 0 0 
1 1 1 1 1 1 0 0 1 1 0 0 
0 0 1 0 1 1 0 0 2 1 1 0 
2 1 1 0 1 1 1 0 0 2 0 1 
2 0 1 1 0 1 1 0 1 0 0 1 
0 1 1 0 0 0 1 1 0 2 0 1 
2 1 1 1 1 0 1 0 2 2 1 0 
0 0 1 0 0 0 0 0 2 2 0 0 
0 1 1 0 1 0 1 1 1 2 1 1 
0 0 1 1 0 1 1 0 2 0 0 0 
1 1 0 0 0 0 0 0 0 0 0 0 
2 0 1 1 0 0 1 0 0 1 0 1 
1 1 1 1 1 0 0 0 2 1 0 0 
1 0 1 0 0 0 1 1 3 0 1 0 
0 0 1 0 1 1 0 1 3 1 1 0 
2 0 1 1 1 0 0 1 3 2 1 1 
0 0 1 0 0 1 0 1 1 0 0 0 
1 0 1 1 0 1 1 0 2 1 1 0 
1 0 1 0 0 0 0 0 1 1 0 1 
2 0 1 1 0 1 0 0 3 1 0 1 
1 1 0 1 1 1 1 1 0 0 0 0 
2 0 1 1 1 0 0 0 2 2 0 0 
2 1 1 1 0 1 1 0 2 1 1 0 
1 0 1 0 1 1 0 1 2 0 1 0 
0 0 1 0 0 1 0 0 1 2 1 1 
1 0 1 1 0 0 0 1 2 2 0 1 
2 1 1 1 0 0 1 0 1 2 1 0 
0 0 1 0 0 1 1 1 0 0 1 1 
1 0 1 0 1 0 0 1 0 0 0 1 
0 0 1 1 0 1 1 0 2 1 1 0 
2 1 1 1 0 0 1 0 3 1 1 0 
0 1 1 1 1 0 0 0 2 1 0 1 
0 1 1 0 0 1 0 0 2 2 1 1 
1 1 1 1 1 0 1 1 2 0 0 0 
1 1 1 1 1 1 1 0 0 0 1 0 
2 0 1 0 1 1 0 1 0 1 0 0 
1 1 1 0 1 0 0 0 3 1 0 1 
0 1 1 0 1 0 0 1 2 2 0 0 
1 1 1 0 1 1 1 0 2 2 1 1 
2 1 1 1 1 0 1 1 2 1 1 1 
0 1 1 0 1 1 1 1 2 0 1 1 
1 1 1 0 0 0 1 0 2 2 0 0 
0 1 1 1 0 0 1 0 0 0 0 0 
2 0 1 0 1 0 0 0 1 0 0 0 
0 0 1 0 0 1 0 0 3 0 0 1 
1 0 1 0 1 1 0 1 2 0 0 1 
2 1 1 1 0 1 1 0 2 0 0 1 
1 1 1 0 1 1 1 1 2 2 0 0 
0 0 1 1 0 0 1 1 2 2 1 1 
2 1 1 1 1 0 0 1 3 0 0 0 
1 0 1 1 1 1 0 0 2 0 0 0 
0 0 1 0 1 0 1 0 2 1 1 0 
2 1 1 0 0 1 0 1 1 0 1 0 
1 1 0 1 0 0 0 0 0 0 0 0 
1 1 0 1 1 0 0 0 0 0 0 0 
1 1 1 0 0 0 0 0 0 0 0 0 
0 0 1 0 1 1 0 1 2 0 0 1 
1 0 1 0 0 0 1 1 2 1 0 1 
2 1 1 0 1 0 0 1 3 1 0 0 
1 0 1 0 1 1 1 0 2 1 1 0 
1 0 1 0 0 0 0 0 3 1 0 0 
2 1 1 0 0 1 1 1 3 2 0 0 
1 0 1 0 0 1 1 0 2 1 1 0 
1 1 0 1 1 1 1 1 1 1 1 1 
1 1 0 1 1 1 1 1 1 1 1 0 
2 0 1 0 1 1 0 0 2 0 1 0 
0 1 1 0 0 0 0 0 3 2 1 1 
0 1 1 0 0 0 0 0 2 0 0 1 
1 1 1 0 0 0 0 1 1 0 0 1 
0 0 1 1 1 1 1 0 3 2 0 0 
2 0 1 1 0 1 1 0 1 1 1 0 
1 0 1 1 1 1 1 1 1 0 1 1 
0 1 1 0 1 1 0 0 2 2 1 1 
1 0 1 0 1 1 0 0 2 1 1 0 
2 0 1 0 1 1 0 1 2 1 0 1 
0 0 1 1 1 1 1 1 1 2 0 0 
2 0 1 1 0 1 1 1 0 2 0 0 
0 0 1 0 1 1 0 1 2 1 1 0 
1 1 1 0 1 0 0 0 3 0 0 1 
0 0 1 0 1 1 0 1 2 1 0 1 
1 1 1 0 0 1 1 0 2 0 1 0 
1 1 0 1 1 1 1 1 1 1 0 0 
2 0 1 0 0 0 0 1 2 0 1 0 
0 1 1 1 0 1 0 1 2 0 1 0 
0 1 1 1 0 1 1 0 2 1 1 0 
1 1 1 1 0 1 0 0 1 2 0 1 
0 0 1 0 0 0 1 1 3 1 0 1 
1 1 0 1 1 1 1 0 0 0 0 0 
2 1 0 1 1 1 1 1 2 2 1 1 
0 0 0 0 0 0 0 0 0 0 0 0 
0 1 1 1 0 0 0 1 1 1 0 1 
0 1 1 1 1 0 0 1 0 2 1 0 
2 1 1 0 1 1 0 0 1 1 1 1 
2 0 1 1 0 1 0 0 2 2 1 1 
1 0 1 1 0 1 0 0 2 2 1 1 
2 0 1 0 1 0 1 1 0 0 1 0 
1 1 1 0 0 1 1 1 0 1 1 1 
0 1 1 1 1 0 0 0 3 0 1 1 
1 0 0 0 0 0 0 0 0 0 0 0 
1 0 1 1 0 0 0 1 0 1 0 0 
1 0 1 0 1 0 1 0 3 2 1 0 
2 0 1 0 1 0 1 1 1 1 0 1 
0 0 1 0 1 0 0 0 1 1 0 0 
0 0 1 0 1 1 1 0 2 1 1 0 
2 0 1 0 0 0 0 0 3 2 1 0 
0 0 1 0 1 1 1 0 0 2 1 0 
0 1 1 0 1 1 1 1 2 2 0 1 
1 0 1 1 0 0 1 1 3 2 0 1 
0 1 1 0 1 1 1 1 2 2 0 0 
2 1 1 0 0 0 0 1 2 1 0 0 
1 1 1 0 1 0 0 0 2 2 1 1 
0 0 1 0 1 1 0 1 2 2 1 0 
0 0 1 0 1 1 0 1 2 2 0 1 
2 1 1 0 1 1 1 1 2 2 0 0 
0 0 1 0 1 1 0 1 2 2 0 0 
0 1 1 0 0 0 1 0 0 1 0 0 
1 1 0 1 1 1 1 1 1 0 0 0 
2 0 1 1 1 1 0 1 1 2 0 0 
MFS
[ - , - , - , - , - , 1 , - , - , 2 , 1 , - , - ]
[ - , - , - , - , - , 1 , - , - , 2 , 2 , - , - ]
[ - , - , 0 , - , - , - , - , - , - , - , - , - ]
precise
1.0
recall
1.0
F-measure
1.0
multi
0
time
all 23625 iden 18860 gen 2061
t-cover
14136
all-cover
14136
coveredNum
(1 : 2977)  (2 : 1760)  (3 : 2147)  (4 : 1866)  (5 : 1415)  (6 : 1057)  (7 : 758)  (8 : 536)  (9 : 391)  (10 : 325)  (11 : 207)  (12 : 147)  (13 : 129)  (14 : 106)  (15 : 80)  (16 : 63)  (17 : 45)  (18 : 36)  (19 : 22)  (20 : 11)  (21 : 8)  (22 : 5)  (23 : 12)  (24 : 9)  (25 : 6)  (26 : 5)  (27 : 5)  (28 : 7)  (29 : 1)  
real Identify
([ - , - , - , - , - , 1 , - , - , 2 , 1 , - , - ] : 1)  ([ - , - , - , - , - , 1 , - , - , 2 , 2 , - , - ] : 1)  ([ - , - , 0 , - , - , - , - , - , - , - , - , - ] : 1)  
testCase Num: 168
regaular Num: 113
identify Num: 55
2 0 1 0 0 0 0 0 3 2 0 0 
1 0 1 0 0 1 0 1 0 2 0 0 
0 0 1 0 0 0 0 0 0 0 0 0 
1 1 1 1 1 0 1 1 1 0 0 0 
2 1 1 1 1 0 1 0 3 0 0 1 
2 0 1 1 0 1 0 1 3 0 0 0 
2 1 1 0 1 1 0 1 1 2 1 0 
0 0 1 1 1 1 0 0 0 1 1 1 
0 1 1 0 1 0 1 0 1 1 1 1 
2 1 1 1 0 0 0 1 2 1 1 1 
1 1 1 1 0 1 0 1 0 1 1 1 
1 1 1 1 1 0 0 0 2 0 0 1 
1 1 1 0 0 0 0 0 2 1 0 0 
2 1 1 1 0 1 1 1 2 2 1 0 
2 1 1 1 0 1 1 1 1 0 0 0 
0 1 1 1 1 1 1 1 3 2 0 0 
1 0 1 1 1 0 0 0 0 2 0 1 
1 0 1 0 1 1 1 0 0 0 1 0 
2 0 1 1 0 1 0 1 0 0 0 1 
1 0 1 1 1 1 0 1 3 1 0 1 
1 1 0 1 1 1 1 1 3 2 1 1 
2 1 1 1 1 1 1 0 3 1 0 0 
1 1 1 0 0 0 1 0 3 2 0 1 
0 1 1 1 0 1 0 1 2 1 0 1 
0 1 1 1 0 0 0 0 1 0 1 0 
0 0 1 0 0 1 0 0 2 0 0 0 
0 1 1 1 0 1 1 0 0 0 0 1 
0 0 1 1 0 0 1 1 3 1 1 0 
0 1 1 0 1 0 0 0 2 2 0 0 
2 1 1 1 0 1 1 0 2 0 1 0 
0 0 1 1 0 0 0 0 1 1 0 0 
0 1 1 0 0 0 0 0 0 0 0 0 
2 0 1 0 0 0 0 0 0 2 0 0 
0 0 1 0 0 1 1 0 3 2 0 1 
1 0 1 1 0 0 0 0 3 2 1 1 
1 1 1 0 0 1 1 0 2 2 0 1 
1 0 1 0 0 1 0 0 2 0 1 1 
1 1 1 1 0 1 1 0 2 1 1 0 
1 1 0 1 1 1 0 0 0 0 0 0 
0 1 1 1 1 1 0 0 3 0 1 1 
1 1 1 0 0 0 0 0 2 2 0 1 
1 1 1 1 0 1 0 1 2 0 1 0 
1 1 1 0 0 0 1 1 1 2 0 1 
0 0 1 0 1 0 0 1 3 2 1 0 
2 0 1 1 1 1 0 0 2 0 0 0 
2 1 1 0 1 1 0 1 0 1 0 0 
1 0 1 0 1 0 1 0 1 0 0 0 
2 0 1 0 1 0 0 0 2 1 1 0 
1 0 1 1 0 0 0 1 0 0 1 1 
0 0 1 1 1 0 0 0 2 1 0 0 
0 1 1 0 0 0 0 0 2 2 1 1 
0 1 1 0 1 1 1 0 2 1 1 0 
1 0 1 0 1 0 0 1 3 0 0 1 
0 1 1 0 0 1 1 0 3 0 0 0 
1 0 1 1 1 1 1 1 1 1 0 0 
1 1 0 0 0 0 0 0 0 0 0 0 
1 1 1 1 0 1 0 1 2 1 1 0 
2 1 1 1 0 1 0 0 1 2 0 1 
2 0 1 0 1 0 1 0 3 1 1 0 
2 0 1 0 1 0 1 0 1 2 1 0 
1 0 1 1 0 1 0 0 1 2 0 0 
0 0 1 1 0 0 1 0 0 2 0 1 
0 0 1 0 0 1 1 0 1 2 0 0 
1 1 0 1 1 1 1 1 0 0 0 0 
1 0 1 1 0 0 1 0 2 1 0 1 
0 1 1 1 0 1 0 1 2 0 0 1 
0 1 1 0 1 0 1 1 0 0 1 1 
2 1 1 1 0 1 0 1 2 2 1 0 
2 1 1 1 1 0 1 0 2 2 0 1 
2 1 1 1 0 1 1 0 0 2 1 0 
2 0 1 0 0 0 0 0 2 2 0 0 
0 0 1 1 0 0 1 1 1 2 1 1 
1 1 1 1 0 0 0 1 3 2 0 0 
2 1 1 0 0 1 0 1 3 1 0 0 
1 1 1 1 0 1 0 1 2 1 0 1 
0 1 1 1 1 0 1 1 0 2 1 0 
1 1 1 1 0 1 0 1 2 1 0 0 
2 1 1 0 1 1 0 0 0 2 0 1 
0 1 1 0 1 1 1 1 0 1 0 0 
0 0 1 0 1 0 1 0 2 2 0 1 
1 0 1 0 0 0 0 0 1 1 1 0 
2 1 1 0 1 1 1 1 2 0 0 1 
1 1 1 0 0 0 1 1 0 2 1 1 
0 1 1 1 0 1 0 1 2 1 1 0 
2 0 1 0 1 0 0 0 1 0 0 0 
1 0 1 0 0 0 1 0 0 1 1 0 
2 1 1 0 0 0 0 0 1 0 1 1 
2 1 1 1 0 1 1 0 2 2 0 1 
0 0 1 0 0 0 0 0 2 1 0 1 
0 1 1 1 1 0 0 0 1 2 0 0 
1 1 1 0 1 0 0 0 3 1 1 0 
1 1 1 1 0 1 0 1 2 2 1 0 
1 0 1 1 1 0 1 1 0 1 0 0 
1 1 1 0 1 0 1 1 2 1 1 1 
1 1 1 0 1 0 0 0 1 2 1 1 
1 1 1 0 1 0 0 0 0 0 0 0 
1 1 0 1 0 0 0 0 0 0 0 0 
1 1 0 1 1 0 0 0 0 0 0 0 
0 0 1 0 0 1 0 1 0 2 1 0 
1 1 1 0 0 0 0 0 0 0 0 0 
1 0 1 0 1 1 1 0 2 1 1 0 
1 1 1 0 1 1 1 0 2 0 0 0 
1 1 1 0 1 1 1 0 3 2 1 0 
0 0 1 0 0 0 0 1 3 0 0 1 
1 1 0 1 1 1 1 1 1 1 1 1 
1 1 0 1 1 1 1 1 1 1 1 0 
2 1 1 1 0 1 1 0 2 2 1 0 
2 0 1 1 0 1 1 0 1 1 1 1 
0 0 1 0 1 0 0 0 2 2 1 0 
1 0 1 0 1 0 0 1 2 2 0 0 
0 0 1 1 0 0 1 1 2 2 0 1 
2 1 1 1 0 0 1 0 0 1 0 0 
1 0 1 1 1 1 1 1 1 0 1 1 
1 0 1 0 0 0 0 1 1 0 1 0 
2 1 1 0 1 1 0 1 2 2 1 0 
2 0 1 1 1 1 0 1 3 2 1 1 
1 1 1 1 0 1 0 1 2 2 0 1 
1 1 1 1 0 1 0 1 2 2 0 0 
1 0 1 0 0 1 1 1 3 1 1 1 
0 0 1 0 1 0 0 1 3 0 1 0 
1 1 1 0 1 1 1 0 2 1 1 0 
1 1 0 1 1 1 1 1 1 1 0 0 
1 0 1 1 0 0 1 0 2 2 1 0 
0 1 1 0 0 0 0 0 3 1 0 1 
0 1 1 1 0 1 1 0 2 1 1 0 
2 0 1 0 0 0 0 0 0 1 1 1 
2 0 1 0 1 1 1 0 2 1 1 0 
1 1 1 1 0 1 0 0 2 1 1 0 
2 0 1 0 0 0 0 0 3 1 0 1 
2 1 1 0 0 0 1 0 3 2 0 0 
1 1 0 1 1 1 1 0 0 0 0 0 
2 0 1 0 0 0 1 0 2 1 0 1 
2 1 0 1 1 1 1 1 2 2 1 1 
2 1 1 1 0 0 0 1 2 2 1 0 
1 1 1 0 0 0 0 0 3 0 1 0 
0 0 0 0 0 0 0 0 0 0 0 0 
1 0 1 1 0 1 1 0 3 0 0 0 
0 0 1 0 1 1 0 1 1 0 0 1 
0 1 1 0 0 1 0 1 2 1 0 1 
0 0 1 1 1 1 1 1 2 0 1 0 
0 1 1 1 0 1 0 1 1 1 1 0 
1 0 0 0 0 0 0 0 0 0 0 0 
2 1 1 0 0 0 1 1 3 0 1 1 
0 1 1 1 0 1 0 1 2 2 0 1 
1 0 1 0 1 1 0 1 2 2 1 0 
0 0 1 0 0 0 1 1 0 1 0 1 
2 1 1 1 1 1 0 1 2 2 1 0 
0 0 1 0 1 1 1 0 2 1 1 0 
2 1 1 0 1 0 1 0 0 0 0 0 
2 0 1 0 0 1 1 1 0 2 0 1 
0 1 1 1 0 0 1 0 2 1 1 0 
0 0 1 0 0 0 0 0 2 0 1 0 
0 0 1 0 0 1 1 0 1 0 0 0 
0 1 1 1 0 1 0 0 2 1 1 0 
2 0 1 1 1 0 0 1 1 1 0 1 
1 1 1 1 1 1 1 0 2 1 1 0 
0 0 1 0 1 1 0 1 2 2 1 0 
2 0 1 1 1 0 0 1 0 0 1 0 
1 1 1 1 0 1 1 0 2 2 0 1 
1 0 1 0 0 1 0 0 0 2 0 1 
0 0 1 0 1 0 0 1 2 1 0 0 
1 1 0 1 1 1 1 1 1 0 0 0 
2 1 1 0 0 0 1 1 1 1 0 0 
1 1 1 0 1 1 0 0 1 1 0 1 
2 0 1 0 0 0 1 1 2 0 0 0 
2 1 1 1 0 1 1 0 2 2 0 0 
0 0 1 0 1 1 0 0 3 1 0 0 
0 1 1 1 1 1 1 0 2 1 1 0 
MFS
[ - , - , - , - , - , 1 , - , - , 2 , 1 , - , - ]
[ - , - , - , - , - , 1 , - , - , 2 , 2 , - , - ]
[ - , - , 0 , - , - , - , - , - , - , - , - , - ]
precise
1.0
recall
1.0
F-measure
1.0
multi
0
time
all 24285 iden 19467 gen 2097
t-cover
14136
all-cover
14136
coveredNum
(1 : 2964)  (2 : 1794)  (3 : 2081)  (4 : 1807)  (5 : 1347)  (6 : 1063)  (7 : 767)  (8 : 592)  (9 : 391)  (10 : 323)  (11 : 234)  (12 : 174)  (13 : 101)  (14 : 125)  (15 : 93)  (16 : 73)  (17 : 54)  (18 : 36)  (19 : 28)  (20 : 18)  (21 : 9)  (22 : 7)  (23 : 3)  (24 : 12)  (25 : 10)  (26 : 6)  (27 : 6)  (28 : 7)  (29 : 1)  (30 : 5)  (31 : 4)  (35 : 1)  
real Identify
([ - , - , - , - , - , 1 , - , - , 2 , 1 , - , - ] : 1)  ([ - , - , - , - , - , 1 , - , - , 2 , 2 , - , - ] : 1)  ([ - , - , 0 , - , - , - , - , - , - , - , - , - ] : 1)  
testCase Num: 174
regaular Num: 108
identify Num: 67
1 0 1 0 1 0 0 1 3 1 0 0 
0 0 1 1 1 1 1 0 3 1 1 0 
2 0 1 1 0 1 1 0 0 2 1 0 
0 0 1 0 0 0 0 0 0 0 0 0 
0 0 1 0 0 1 1 1 2 2 0 1 
1 1 1 1 1 0 0 1 2 2 0 0 
0 0 1 0 0 0 0 1 0 2 0 1 
1 0 1 1 1 0 1 1 1 1 1 1 
2 0 1 0 0 0 1 0 2 0 0 0 
0 0 1 0 0 0 1 0 1 1 0 1 
2 1 1 1 1 1 0 0 2 0 0 0 
2 1 1 0 1 0 1 1 2 1 0 0 
1 1 0 1 1 1 1 1 3 2 1 1 
1 0 1 1 0 1 1 1 0 1 0 1 
0 0 1 0 0 1 1 1 2 2 1 0 
1 1 1 1 1 1 0 0 2 2 0 1 
2 0 1 0 0 0 0 0 1 0 1 0 
1 0 1 1 1 1 0 1 0 2 1 0 
2 0 1 0 1 1 1 0 1 1 1 1 
1 1 1 0 1 1 0 0 3 1 1 1 
2 0 1 0 0 0 1 0 3 2 0 1 
1 0 1 0 0 1 1 1 2 1 0 1 
2 0 1 1 1 0 0 1 2 2 1 1 
1 1 1 0 1 1 1 0 0 0 1 0 
1 0 1 0 0 0 0 0 2 1 0 0 
0 0 1 0 1 1 0 1 0 0 0 1 
1 1 0 1 1 1 0 0 0 0 0 0 
1 0 1 1 1 0 1 0 2 1 1 0 
2 1 1 0 0 1 0 0 2 1 1 1 
0 0 1 1 0 1 1 1 2 0 0 0 
1 0 1 1 1 1 0 0 2 2 0 1 
0 1 1 1 0 0 1 0 2 2 0 0 
0 0 1 0 0 1 1 1 2 1 0 0 
2 0 1 0 0 1 0 0 2 2 0 1 
2 1 1 0 0 0 1 1 2 2 1 0 
2 1 1 1 0 1 0 1 1 1 1 0 
0 0 1 0 0 1 0 0 2 0 1 1 
1 0 1 0 0 0 1 0 0 2 1 1 
1 0 1 0 1 0 1 0 1 0 0 1 
1 1 1 1 0 0 0 1 2 1 0 1 
1 1 0 0 0 0 0 0 0 0 0 0 
0 0 1 0 0 0 0 0 3 0 1 0 
1 0 1 0 0 1 1 1 2 2 1 0 
0 0 1 0 0 0 0 1 0 1 0 0 
1 0 1 0 0 1 1 1 2 2 1 1 
1 0 1 0 1 0 1 1 3 2 1 0 
1 0 1 0 1 1 0 0 2 2 0 1 
1 1 1 0 0 0 1 1 0 1 1 0 
0 1 1 1 1 1 0 0 2 2 0 1 
1 0 1 1 0 0 0 0 3 1 0 0 
0 1 1 1 0 0 0 1 2 1 1 0 
1 1 1 0 1 0 1 0 2 2 1 1 
1 0 1 0 0 1 1 1 2 2 0 1 
1 1 0 1 1 1 1 1 0 0 0 0 
2 0 1 0 0 1 1 1 2 2 0 1 
0 1 1 0 1 1 0 0 3 2 0 0 
0 1 1 1 1 0 0 0 2 0 0 1 
2 0 1 1 0 0 1 1 3 1 0 1 
2 0 1 0 1 1 0 0 3 0 0 1 
2 1 1 0 0 0 0 0 2 1 1 1 
0 0 1 0 0 0 1 1 2 2 0 1 
0 0 1 1 0 0 0 0 0 1 1 0 
0 0 1 1 0 0 0 0 1 2 0 1 
2 0 1 0 0 0 0 0 2 2 0 0 
0 0 1 0 1 1 0 0 2 2 0 1 
0 0 1 1 0 1 0 0 0 1 0 0 
0 1 1 0 0 1 1 1 2 1 0 0 
0 1 1 1 1 0 0 1 3 0 0 1 
0 0 1 1 0 0 1 0 3 2 1 1 
2 1 1 1 1 1 0 0 2 2 0 1 
2 0 1 0 1 0 0 1 0 1 1 0 
1 1 1 0 0 0 0 0 0 2 0 0 
1 0 1 0 0 0 0 0 2 2 0 1 
2 1 1 0 0 1 1 1 2 1 0 1 
2 1 1 0 0 1 1 1 2 1 0 0 
0 1 1 0 1 1 0 1 1 1 0 0 
2 1 1 0 1 1 0 0 2 1 1 1 
2 0 1 0 1 1 0 0 2 2 0 1 
2 0 1 0 0 1 0 0 0 0 0 0 
2 0 1 0 0 1 0 0 3 1 1 0 
2 0 1 0 0 0 0 0 1 1 0 0 
0 1 1 1 0 0 0 0 3 1 0 1 
2 0 1 1 0 0 1 0 2 1 0 1 
1 0 1 1 0 1 0 0 3 2 1 0 
0 1 1 1 1 0 1 1 0 2 0 0 
0 0 1 0 1 0 0 1 1 2 1 1 
1 0 1 1 1 0 0 0 0 0 1 1 
0 1 1 1 0 1 1 1 0 0 1 0 
1 1 0 1 0 0 0 0 0 0 0 0 
1 1 0 1 1 0 0 0 0 0 0 0 
1 1 1 0 0 0 0 0 0 0 0 0 
1 0 1 1 0 0 0 0 1 1 0 0 
1 0 1 1 0 0 0 0 3 0 0 0 
0 0 1 0 0 0 1 0 0 2 1 0 
1 0 1 0 0 0 0 0 1 2 0 0 
2 1 1 0 0 1 1 1 2 1 1 1 
0 1 1 0 0 1 1 1 3 1 1 1 
1 1 0 1 1 1 1 1 1 1 1 1 
1 1 0 1 1 1 1 1 1 1 1 0 
0 0 1 0 0 1 1 1 2 0 1 1 
1 1 1 1 1 0 0 1 2 0 1 0 
2 1 1 1 0 1 0 1 3 2 0 0 
2 0 1 0 0 0 1 1 1 2 0 0 
0 0 1 0 1 0 0 0 2 2 1 0 
0 0 1 0 0 1 0 0 2 2 0 1 
0 1 1 0 0 1 1 0 2 1 0 0 
0 0 1 1 1 1 0 0 2 2 0 1 
1 0 1 0 0 0 0 1 1 0 1 0 
1 1 1 0 0 1 0 1 1 2 1 0 
0 1 1 0 0 1 1 1 2 0 0 1 
0 1 1 0 1 0 1 0 0 1 1 1 
0 1 1 1 1 1 0 0 2 1 1 1 
1 1 1 1 1 1 1 0 2 0 1 1 
0 1 1 1 0 1 1 1 1 2 1 0 
1 0 1 0 0 1 0 0 2 2 0 1 
2 0 1 1 1 1 0 0 2 2 0 1 
2 0 1 0 0 1 1 1 2 2 1 0 
1 1 0 1 1 1 1 1 1 1 0 0 
2 1 1 1 1 0 0 0 3 2 1 1 
2 0 1 1 0 1 0 1 1 0 0 1 
2 1 1 0 1 1 0 0 3 1 0 0 
0 1 1 0 1 1 0 0 1 0 1 1 
2 0 1 0 0 1 0 0 2 0 0 0 
0 0 1 0 1 1 1 1 2 0 0 0 
1 1 1 0 0 0 1 0 3 1 1 0 
1 0 1 0 0 0 0 1 3 0 0 1 
0 0 1 0 0 1 1 1 2 1 0 1 
1 1 0 1 1 1 1 0 0 0 0 0 
2 1 1 1 1 0 0 0 0 1 0 1 
2 1 0 1 1 1 1 1 2 2 1 1 
1 0 1 0 1 1 0 0 0 1 0 0 
1 1 1 0 0 0 0 0 1 1 1 1 
0 1 1 0 0 0 0 1 1 0 0 0 
2 1 1 0 0 1 1 1 2 0 1 1 
2 1 1 0 0 0 0 1 0 2 0 0 
1 0 1 0 0 0 0 0 3 2 0 1 
0 0 0 0 0 0 0 0 0 0 0 0 
1 1 1 1 0 1 1 0 1 1 0 0 
2 1 1 0 1 0 1 1 3 0 1 0 
1 0 1 1 1 1 1 0 3 0 0 1 
1 1 1 1 0 0 1 0 3 2 0 0 
1 1 1 1 0 1 0 1 3 0 1 1 
1 1 1 1 0 0 1 1 0 0 0 1 
0 0 1 0 1 1 1 1 3 0 0 0 
1 0 0 0 0 0 0 0 0 0 0 0 
1 0 1 0 0 1 0 1 2 0 1 0 
2 1 1 1 0 1 1 0 3 0 0 0 
2 1 1 0 0 1 1 0 2 1 1 1 
1 1 1 1 1 1 1 1 1 2 0 1 
2 0 1 0 0 1 1 0 2 2 0 1 
0 0 1 0 0 1 1 1 3 2 0 1 
2 0 1 0 1 1 1 0 0 2 0 1 
0 0 1 1 0 1 0 0 1 1 1 0 
1 0 1 1 1 1 0 0 2 1 1 1 
1 0 1 0 0 1 1 1 2 0 0 1 
0 0 1 1 1 0 1 0 1 0 1 0 
2 0 1 1 0 0 1 0 0 0 1 1 
1 0 1 0 0 1 1 1 2 0 0 0 
1 0 1 0 1 1 0 0 1 2 0 0 
2 1 1 0 0 1 1 1 0 1 1 1 
0 0 1 0 0 0 1 0 2 1 0 0 
0 1 1 1 0 1 0 0 0 2 1 1 
1 1 1 1 0 1 1 0 1 0 0 0 
2 1 1 1 1 1 1 1 0 0 0 0 
0 0 1 0 1 0 0 1 2 1 0 1 
1 1 0 1 1 1 1 1 1 0 0 0 
1 0 1 0 0 1 1 0 2 2 0 1 
0 0 1 0 0 1 1 0 2 2 0 1 
2 1 1 1 1 0 0 0 1 2 1 0 
0 0 1 1 1 1 0 0 2 1 1 1 
0 0 1 0 0 1 1 1 2 0 0 1 
2 1 1 0 1 0 1 1 1 0 0 1 
0 0 1 0 0 1 1 1 2 0 0 0 
2 0 1 1 0 1 1 0 1 2 0 1 
MFS
[ - , - , - , - , - , 1 , - , - , 2 , 1 , - , - ]
[ - , - , - , - , - , 1 , - , - , 2 , 2 , - , - ]
[ - , - , 0 , - , - , - , - , - , - , - , - , - ]
precise
1.0
recall
1.0
F-measure
1.0
multi
0
time
all 33159 iden 28727 gen 2141
t-cover
14136
all-cover
14136
coveredNum
(1 : 2957)  (2 : 1773)  (3 : 2013)  (4 : 1684)  (5 : 1316)  (6 : 996)  (7 : 720)  (8 : 575)  (9 : 459)  (10 : 332)  (11 : 279)  (12 : 184)  (13 : 160)  (14 : 159)  (15 : 121)  (16 : 64)  (17 : 70)  (18 : 62)  (19 : 55)  (20 : 33)  (21 : 22)  (22 : 13)  (23 : 12)  (24 : 12)  (25 : 9)  (26 : 13)  (27 : 15)  (28 : 8)  (29 : 7)  (30 : 4)  (32 : 2)  (33 : 3)  (34 : 1)  (38 : 1)  (39 : 2)  
real Identify
([ - , - , - , - , - , 1 , - , - , 2 , 1 , - , - ] : 1)  ([ - , - , - , - , - , 1 , - , - , 2 , 2 , - , - ] : 1)  ([ - , - , 0 , - , - , - , - , - , - , - , - , - ] : 1)  
testCase Num: 170
regaular Num: 114
identify Num: 56
2 0 1 0 0 0 0 0 0 2 1 0 
2 0 1 1 1 1 1 0 2 1 1 1 
2 0 1 1 0 1 1 0 2 1 1 1 
2 0 1 0 0 0 0 0 3 2 0 0 
0 0 1 0 0 0 0 0 0 0 0 0 
2 0 1 1 0 0 1 1 0 2 0 0 
2 0 1 0 0 0 0 1 2 2 0 0 
1 0 1 0 0 0 0 0 2 2 1 1 
0 0 1 1 0 1 0 1 2 2 1 0 
2 0 1 1 1 0 1 1 3 2 0 1 
0 0 1 1 0 1 0 1 2 2 1 1 
2 0 1 1 0 1 0 0 2 1 1 1 
1 1 0 1 1 1 1 1 3 2 1 1 
1 1 1 1 1 0 1 1 2 2 0 1 
1 1 1 0 0 1 1 1 0 2 1 0 
2 1 1 0 1 1 1 0 2 1 1 1 
2 0 1 1 1 0 1 1 2 1 1 0 
0 1 1 0 0 0 0 0 3 0 1 0 
1 0 1 0 0 0 1 0 2 1 0 1 
0 1 1 0 0 0 0 0 2 2 0 1 
2 0 1 0 0 0 0 0 2 1 0 0 
0 1 1 1 0 0 0 0 2 1 0 0 
0 1 1 0 1 1 0 0 0 1 1 0 
1 0 1 0 0 1 0 0 3 1 0 1 
1 0 1 1 0 0 1 1 2 2 1 0 
1 1 1 1 1 0 0 0 2 0 1 0 
1 1 1 0 1 0 0 0 0 2 1 0 
0 1 1 1 1 1 0 0 1 1 0 1 
1 0 1 1 1 0 0 0 2 1 0 0 
0 1 1 1 0 0 0 1 1 2 1 0 
0 1 1 0 1 0 0 1 2 1 1 1 
1 1 0 1 1 1 0 0 0 0 0 0 
0 0 1 1 0 1 0 1 2 1 0 0 
0 0 1 0 0 0 0 1 2 1 0 0 
0 0 1 0 1 0 0 1 3 2 1 0 
0 0 1 1 0 1 0 1 2 1 0 1 
1 0 1 1 0 1 0 0 0 0 0 0 
0 1 1 0 0 0 1 1 3 1 1 0 
0 1 1 1 0 1 0 1 2 2 1 0 
1 0 1 0 0 0 0 1 1 2 0 0 
2 1 1 1 0 0 1 0 0 1 1 0 
0 1 1 0 1 1 1 0 2 1 1 1 
1 0 1 0 0 0 0 1 3 2 0 1 
0 0 1 1 0 1 0 0 2 1 1 1 
0 0 1 1 0 1 0 0 3 2 0 1 
1 1 0 0 0 0 0 0 0 0 0 0 
2 0 1 1 0 1 0 1 2 2 1 0 
2 0 1 1 0 0 0 1 3 0 1 0 
0 1 1 0 0 1 1 1 3 2 0 1 
0 0 1 1 0 0 1 0 2 1 1 1 
0 0 1 0 1 1 0 1 1 2 0 0 
1 0 1 0 0 0 0 0 1 1 0 1 
2 1 1 0 1 0 1 1 2 0 0 0 
2 0 1 1 0 1 1 1 0 0 0 0 
1 1 0 1 1 1 1 1 0 0 0 0 
2 1 1 1 1 0 0 0 2 2 1 1 
0 0 1 1 0 1 1 0 0 2 1 1 
1 0 1 1 1 1 0 0 0 1 1 1 
2 0 1 0 1 0 0 0 1 0 1 0 
2 1 1 1 1 1 0 1 1 2 0 1 
0 0 1 1 0 0 1 1 3 0 1 0 
0 0 1 1 1 1 1 0 3 1 0 0 
1 0 1 1 1 0 0 1 0 2 0 1 
2 1 1 0 0 1 1 0 3 0 0 1 
0 0 1 1 0 1 1 0 2 1 1 1 
1 0 1 1 1 1 1 1 1 1 1 0 
0 1 1 0 0 1 0 0 1 0 0 0 
0 1 1 1 0 0 1 1 2 2 1 0 
0 0 1 0 1 1 1 0 0 0 1 1 
2 1 1 0 1 1 0 0 0 2 0 1 
0 0 1 0 1 0 1 0 1 1 1 1 
2 0 1 0 0 0 1 0 2 0 1 1 
0 0 1 0 1 0 1 0 2 2 0 0 
0 0 1 1 0 0 0 1 1 0 0 1 
1 0 1 1 0 0 0 0 1 2 0 0 
2 1 1 0 0 1 1 1 1 0 1 1 
1 0 1 0 0 1 0 0 1 2 1 1 
0 0 1 0 0 1 0 0 3 0 0 0 
0 0 1 1 1 1 1 0 1 0 1 0 
0 0 1 1 0 1 0 0 2 2 1 0 
0 0 1 0 1 1 1 0 2 2 0 0 
2 0 1 0 0 1 1 0 1 2 0 0 
2 0 1 1 0 1 0 1 2 1 1 1 
0 0 1 0 0 1 1 0 2 2 0 0 
2 0 1 0 0 0 1 0 2 2 0 0 
2 1 1 1 1 0 0 1 0 0 1 1 
0 1 1 1 1 0 1 1 0 2 0 0 
1 1 1 1 1 1 0 1 1 0 0 1 
1 0 1 0 0 1 1 1 3 0 0 0 
1 1 0 1 0 0 0 0 0 0 0 0 
1 1 0 1 1 0 0 0 0 0 0 0 
1 1 1 0 0 0 0 0 0 0 0 0 
0 0 1 0 1 1 0 1 2 0 0 0 
2 0 1 1 1 1 0 0 3 0 0 0 
2 1 1 1 0 1 0 0 1 1 1 0 
2 0 1 0 1 0 0 1 0 1 0 0 
0 0 1 1 0 1 0 1 2 0 1 1 
1 1 1 1 0 0 1 0 1 0 0 0 
1 1 1 0 1 1 0 1 3 0 1 1 
1 1 0 1 1 1 1 1 1 1 1 1 
1 1 0 1 1 1 1 1 1 1 1 0 
1 1 1 1 1 0 0 1 3 1 0 0 
2 0 1 1 1 0 1 1 1 1 0 1 
1 0 1 1 0 0 1 0 3 0 1 1 
0 0 1 0 1 1 0 0 2 2 0 0 
1 1 1 1 0 1 0 0 2 0 0 1 
2 1 1 0 0 0 0 0 1 0 0 1 
1 1 1 0 0 0 0 1 2 1 1 0 
0 1 1 1 1 1 1 0 2 0 0 0 
0 0 1 1 1 1 1 0 2 1 1 1 
2 1 1 0 0 0 1 0 2 1 0 1 
0 1 1 1 1 0 1 0 3 0 0 1 
1 0 1 0 0 0 0 1 1 0 1 0 
2 0 1 1 0 1 0 1 2 1 0 0 
2 1 1 0 0 0 0 1 3 2 1 1 
1 1 1 0 1 0 0 0 1 1 0 0 
2 1 1 1 1 1 1 1 3 2 1 0 
1 1 1 0 1 1 1 0 2 1 1 1 
0 0 1 0 1 1 0 1 0 2 0 1 
1 0 1 0 0 0 0 0 0 0 0 1 
1 0 1 0 1 1 0 0 0 2 0 0 
0 0 1 1 0 1 0 1 3 1 1 1 
1 0 1 0 1 1 1 0 2 0 0 1 
0 0 1 1 0 0 1 0 1 2 0 1 
1 0 1 0 0 0 0 0 3 1 1 0 
1 1 0 1 1 1 1 1 1 1 0 0 
0 1 1 1 0 1 0 1 2 0 1 0 
2 1 1 0 1 1 1 0 3 1 1 0 
0 0 1 1 0 1 1 0 2 2 0 0 
2 0 1 0 0 0 1 1 1 2 1 0 
0 0 1 1 0 0 0 0 0 1 0 0 
2 0 1 0 1 1 1 0 2 1 1 1 
0 0 1 1 0 0 0 0 1 0 1 1 
1 0 1 0 1 1 0 1 2 2 0 1 
2 1 1 0 0 1 1 0 2 0 0 0 
2 0 1 0 0 0 0 0 3 1 0 0 
2 0 1 1 0 1 0 1 2 0 1 0 
1 0 1 1 0 1 0 1 2 1 0 0 
0 0 1 0 0 0 0 0 2 0 0 0 
0 1 1 0 0 1 0 0 0 0 0 0 
1 1 0 1 1 1 1 0 0 0 0 0 
2 1 0 1 1 1 1 1 2 2 1 1 
2 0 1 0 0 1 0 1 1 1 0 0 
0 1 1 1 0 0 0 1 0 0 1 1 
0 0 0 0 0 0 0 0 0 0 0 0 
1 1 1 0 1 0 1 0 3 1 0 1 
0 0 1 1 0 1 0 1 2 1 1 1 
1 0 0 0 0 0 0 0 0 0 0 0 
2 1 1 1 0 1 0 1 3 1 0 1 
1 0 1 0 1 0 1 0 3 2 1 0 
0 0 1 0 0 0 1 1 0 1 0 1 
1 0 1 0 1 0 1 0 0 1 0 0 
0 1 1 1 0 1 1 0 2 2 0 0 
0 1 1 0 0 0 1 1 1 1 0 0 
2 1 1 0 1 0 1 0 0 0 0 1 
0 0 1 0 1 1 1 0 2 1 1 1 
2 0 1 1 0 1 0 1 2 0 0 1 
2 0 1 0 1 1 0 1 2 2 0 1 
1 0 1 0 0 1 1 1 2 0 0 0 
1 0 1 0 1 0 1 1 0 0 1 0 
0 0 1 0 1 1 0 1 2 2 0 1 
1 1 1 1 0 1 1 0 2 2 0 0 
0 0 1 0 1 1 0 1 2 2 0 0 
2 0 1 0 0 1 0 1 0 1 1 1 
1 1 0 1 1 1 1 1 1 0 0 0 
1 1 1 0 1 0 1 0 1 2 1 1 
1 1 1 1 0 1 1 1 0 1 0 1 
1 1 1 1 0 1 0 0 3 2 0 0 
2 0 1 0 1 1 0 0 2 0 0 0 
2 0 1 1 0 0 0 0 1 0 0 0 
MFS
[ - , - , - , - , - , 1 , - , - , 2 , 1 , - , - ]
[ - , - , - , - , - , 1 , - , - , 2 , 2 , - , - ]
[ - , - , - , - , - , 1 , - , - , 2 , - , 1 , - ]
[ - , - , 0 , - , - , - , - , - , - , - , - , - ]
precise
0.75
recall
1.0
F-measure
0.8571428571428571
multi
0
time
all 19268 iden 14964 gen 2168
t-cover
14131
all-cover
14136
coveredNum
(1 : 2946)  (2 : 1792)  (3 : 2031)  (4 : 1844)  (5 : 1320)  (6 : 1041)  (7 : 753)  (8 : 608)  (9 : 399)  (10 : 328)  (11 : 275)  (12 : 151)  (13 : 119)  (14 : 106)  (15 : 97)  (16 : 79)  (17 : 60)  (18 : 52)  (19 : 35)  (20 : 24)  (21 : 12)  (22 : 5)  (23 : 3)  (24 : 4)  (25 : 4)  (26 : 5)  (27 : 8)  (28 : 15)  (29 : 9)  (30 : 6)  (31 : 3)  (33 : 1)  (34 : 1)  
real Identify
([ - , - , - , - , - , 1 , - , - , 2 , 1 , - , - ] : 1)  ([ - , - , - , - , - , 1 , - , - , 2 , 2 , - , - ] : 1)  ([ - , - , 0 , - , - , - , - , - , - , - , - , - ] : 1)  
