testCase Num: 71
regaular Num: 51
identify Num: 20
3 1 1 1 1 0 1 1 0 1 
2 0 1 0 1 1 1 1 0 0 
2 1 1 1 1 0 1 0 1 0 
5 0 0 0 0 0 1 0 1 0 
0 1 1 0 0 1 1 0 1 0 
2 1 0 1 1 0 1 0 1 1 
2 1 0 1 1 0 1 0 1 0 
4 1 0 0 1 1 0 1 0 0 
5 1 0 0 1 0 1 0 0 1 
2 0 1 0 1 0 0 0 1 0 
4 0 1 0 0 0 0 1 1 0 
1 0 0 0 0 0 0 1 1 0 
4 1 0 0 0 0 0 0 1 1 
1 1 0 1 0 0 1 1 0 1 
3 1 0 1 0 0 0 0 1 1 
2 0 1 -1 0 1 1 1 0 0 
2 0 1 0 0 1 1 1 0 1 
2 0 1 0 0 1 1 1 0 0 
2 0 0 0 0 1 1 1 0 0 
2 0 0 0 0 1 0 0 1 1 
0 0 0 0 0 0 0 0 0 0 
2 1 0 1 0 0 1 0 1 0 
5 0 0 1 1 1 0 0 1 1 
2 0 1 0 0 0 1 1 0 0 
0 1 0 1 0 0 0 0 1 1 
2 1 0 1 1 0 0 0 1 0 
3 0 0 1 0 1 1 1 1 1 
3 0 1 0 0 1 1 1 0 0 
1 1 0 0 0 0 1 0 1 0 
0 0 0 0 1 0 0 1 0 0 
1 1 0 1 1 1 1 0 0 1 
5 0 1 1 0 1 1 1 0 1 
4 0 0 1 0 1 0 1 0 1 
2 1 0 1 1 1 1 0 1 0 
3 0 0 0 1 1 0 0 0 1 
5 0 1 0 1 0 0 0 0 0 
2 1 0 0 0 1 0 0 0 1 
2 1 0 1 1 0 1 1 1 0 
1 0 1 0 1 1 1 1 1 1 
2 0 0 1 1 0 1 0 1 0 
3 1 1 1 0 1 0 1 0 1 
2 1 1 0 0 1 1 1 0 0 
1 1 1 0 1 0 0 0 0 0 
4 0 0 0 0 0 1 1 0 0 
2 0 1 0 0 1 1 0 0 0 
1 0 0 1 0 1 0 0 1 1 
4 0 0 0 1 0 0 0 0 0 
3 1 0 1 1 0 1 0 1 0 
0 1 1 1 1 0 0 1 0 1 
3 0 0 0 0 0 0 1 0 0 
5 1 0 1 0 0 0 0 0 1 
3 0 1 0 1 0 0 0 1 0 
4 1 0 1 1 1 1 0 1 1 
0 0 1 0 1 0 1 0 0 1 
5 1 0 0 1 1 0 1 0 1 
5 0 0 0 0 0 1 0 0 0 
0 0 0 1 1 1 1 1 1 1 
4 0 1 0 0 1 0 0 0 1 
0 0 0 0 0 1 0 1 0 1 
2 1 0 1 1 0 1 0 0 0 
5 1 1 0 0 0 0 1 1 0 
2 1 0 0 1 0 1 0 1 0 
1 0 1 1 0 0 0 0 0 1 
4 0 1 1 0 0 1 0 0 1 
2 0 0 0 1 0 0 1 0 0 
4 1 1 0 1 0 1 0 0 0 
2 0 1 0 0 1 0 1 0 0 
2 0 0 1 1 1 0 0 0 1 
2 0 1 0 0 1 1 1 1 0 
3 1 0 0 0 0 1 0 0 0 
2 1 1 1 0 0 0 1 1 1 
MFS
[ - , - , - , - , - , 1 , - , - , - , 0 ]
[ - , - , - , 1 , - , - , - , - , - , 0 ]
precise
0.0
recall
0.0
F-measure
0.0
multi
0
time
all 218 iden 0 gen 112
t-cover
1511
all-cover
1536
coveredNum
(1 : 240)  (2 : 356)  (3 : 276)  (4 : 145)  (5 : 105)  (6 : 89)  (7 : 82)  (8 : 74)  (9 : 58)  (10 : 38)  (11 : 24)  (12 : 22)  (13 : 16)  (14 : 8)  (15 : 2)  (20 : 1)  
real Identify

testCase Num: 75
regaular Num: 45
identify Num: 30
3 0 1 1 1 0 1 0 0 0 
5 1 1 0 1 1 1 0 0 0 
2 0 0 1 1 1 1 1 1 0 
3 1 1 1 1 0 1 1 0 0 
4 0 0 1 0 1 0 0 0 1 
0 0 0 0 1 1 0 1 0 1 
4 0 0 1 0 1 1 0 1 0 
3 1 0 0 1 0 0 0 0 0 
2 0 0 0 0 0 0 0 0 1 
0 1 0 1 0 0 1 0 1 0 
4 0 0 0 1 1 0 0 0 0 
0 0 1 1 0 1 1 1 1 1 
3 1 1 1 0 1 0 0 0 1 
2 0 1 0 1 0 1 1 0 1 
4 0 1 1 1 0 1 1 0 0 
3 0 0 0 1 1 0 1 1 1 
0 1 1 1 1 0 0 0 0 1 
0 0 0 0 0 0 0 0 0 0 
2 1 0 1 1 1 0 1 1 0 
3 0 1 1 1 0 1 1 1 0 
2 0 0 1 1 1 0 1 1 0 
3 0 1 1 1 0 0 1 0 0 
1 1 1 0 1 0 0 1 0 1 
2 0 1 1 0 0 1 0 1 1 
1 0 1 1 1 1 1 0 1 1 
5 0 0 0 0 0 1 1 0 0 
3 1 1 0 0 1 0 1 1 1 
3 1 1 0 0 1 0 1 1 0 
2 0 0 1 1 0 0 1 1 0 
1 0 0 0 0 0 1 1 1 0 
1 0 1 0 0 0 0 0 0 0 
4 0 0 0 0 0 0 0 0 0 
4 1 1 1 1 0 0 0 0 1 
2 0 0 1 1 1 0 1 0 0 
0 0 1 0 0 0 0 1 1 0 
3 1 1 0 0 0 0 1 1 0 
1 1 0 0 0 1 0 1 1 1 
1 1 0 1 0 1 0 0 0 0 
3 0 0 1 1 0 1 1 0 0 
3 0 1 1 1 0 1 1 0 0 
4 1 1 0 0 1 0 1 1 0 
3 0 1 1 1 0 1 1 0 1 
2 1 0 0 0 1 0 0 0 1 
3 1 1 1 0 1 0 1 1 0 
2 0 0 0 1 1 0 1 1 0 
2 0 0 1 0 1 0 1 1 0 
0 1 0 0 1 1 1 1 1 0 
3 1 1 0 0 1 1 1 1 0 
5 0 1 0 0 0 0 1 0 1 
5 1 1 1 1 0 0 1 0 0 
3 1 1 0 0 1 0 1 0 0 
0 0 0 0 0 1 1 0 0 0 
2 1 1 0 1 0 0 0 1 1 
3 0 1 1 0 0 1 1 0 0 
3 1 1 0 1 1 0 1 1 0 
4 1 0 0 1 0 1 0 1 1 
2 0 0 1 1 1 0 1 1 1 
2 0 1 0 0 1 1 0 0 1 
2 0 1 1 1 1 0 1 1 0 
2 0 0 1 1 1 0 0 1 0 
5 0 1 0 0 1 0 0 1 1 
5 0 0 1 1 1 0 1 1 0 
5 1 0 1 0 0 1 0 1 1 
3 0 1 0 1 0 1 1 0 0 
5 0 0 0 0 0 1 0 0 0 
1 1 0 1 1 0 1 1 0 0 
3 1 1 0 0 1 0 0 1 0 
3 0 0 1 0 1 1 0 1 1 
3 1 0 0 0 1 0 1 1 0 
3 0 1 0 0 1 0 1 1 0 
3 0 1 1 1 -1 1 1 0 0 
4 0 0 0 0 0 0 1 0 1 
2 1 0 1 0 0 1 1 0 1 
5 0 0 0 1 0 0 0 0 1 
3 1 0 0 0 0 1 0 0 0 
MFS
[ 3 , - , - , - , - , 1 , - , - , - , 0 ]
[ 2 , - , - , - , - , - , - , - , - , 0 ]
[ 3 , - , - , 1 , - , - , - , - , - , 0 ]
precise
0.6666666666666666
recall
0.5
F-measure
0.5714285714285715
multi
1
time
all 234 iden 1 gen 79
t-cover
1520
all-cover
1536
coveredNum
(1 : 247)  (2 : 375)  (3 : 249)  (4 : 141)  (5 : 119)  (6 : 136)  (7 : 97)  (8 : 67)  (9 : 42)  (10 : 22)  (11 : 19)  (12 : 12)  (13 : 8)  (14 : 1)  (15 : 1)  
real Identify
([ 3 , - , - , - , - , 1 , - , - , - , 0 ] : 1)  ([ 3 , - , - , 1 , - , - , - , - , - , 0 ] : 1)  
testCase Num: 86
regaular Num: 46
identify Num: 40
5 0 0 0 0 1 0 0 0 0 
5 0 0 0 0 1 0 0 0 1 
5 0 0 1 1 1 0 1 0 0 
3 0 0 1 1 0 0 1 1 0 
2 0 1 1 0 0 0 0 1 1 
2 0 1 1 0 0 0 0 1 0 
2 0 0 1 0 1 1 1 0 0 
3 0 0 0 1 0 1 1 1 0 
2 0 0 0 1 1 1 1 0 0 
0 0 1 1 1 1 1 0 0 1 
4 1 1 1 0 0 0 1 0 0 
2 1 0 1 0 1 0 1 1 1 
2 0 1 0 0 0 1 0 1 0 
3 1 0 0 0 1 0 0 0 0 
2 1 1 0 1 0 0 1 1 0 
3 0 0 0 0 1 0 1 0 0 
4 0 1 1 0 0 1 0 1 0 
3 0 0 -1 0 1 0 0 0 0 
2 0 0 0 0 1 1 1 0 0 
2 0 1 0 0 1 1 1 0 0 
2 1 1 1 0 0 1 0 1 0 
1 0 0 0 1 0 0 1 0 1 
3 1 0 1 1 0 1 1 1 0 
3 0 0 0 0 0 0 0 0 0 
0 0 0 0 0 0 0 0 0 0 
3 0 1 1 1 0 1 1 1 0 
2 0 0 0 0 1 1 1 0 1 
3 0 0 1 1 0 1 0 1 0 
3 0 1 0 0 0 0 1 0 0 
2 0 1 1 0 0 1 0 1 1 
2 0 1 1 0 0 1 0 1 0 
5 1 1 1 1 0 0 0 1 1 
3 0 0 0 0 1 1 0 0 1 
3 0 0 0 0 1 1 0 0 0 
3 1 0 1 0 1 0 1 1 1 
1 0 1 1 1 0 0 0 0 0 
3 0 0 1 0 0 1 1 1 0 
2 0 0 0 0 1 1 1 1 0 
3 0 0 0 1 1 0 0 0 0 
5 0 1 1 0 1 0 0 1 0 
3 1 1 0 0 0 1 0 0 0 
1 0 1 1 0 1 1 1 1 1 
1 1 0 1 0 1 0 0 0 0 
2 0 0 0 0 1 0 1 0 0 
0 0 0 1 1 0 0 0 1 0 
3 0 0 1 1 0 1 1 0 0 
2 0 1 1 0 0 1 0 0 0 
4 0 0 0 0 1 1 1 0 0 
2 0 1 1 1 0 1 0 1 0 
5 0 0 1 0 0 1 0 0 0 
0 1 0 1 0 0 1 1 1 1 
3 0 1 0 0 1 0 0 0 0 
5 1 0 0 1 0 1 1 0 0 
1 0 0 0 0 0 1 1 0 0 
3 0 0 0 0 1 0 0 0 1 
3 0 0 0 0 1 0 0 0 0 
2 0 1 1 0 -1 1 0 1 0 
4 1 0 0 0 0 1 0 0 0 
1 1 0 0 1 0 1 0 1 0 
3 0 1 1 0 0 0 0 1 1 
3 0 0 1 1 1 1 1 1 0 
2 0 0 0 0 1 1 0 0 0 
1 1 0 0 0 1 0 1 0 1 
3 1 0 1 1 0 0 0 0 1 
3 0 0 1 1 0 1 1 1 0 
3 0 0 1 1 0 1 1 1 1 
2 1 0 0 0 1 1 1 0 0 
2 0 1 0 1 1 0 0 0 1 
2 0 1 1 0 0 1 1 1 0 
2 0 0 1 0 0 1 0 1 0 
0 1 1 0 1 1 0 1 1 0 
2 0 0 0 0 0 1 1 0 0 
5 0 1 0 0 0 1 1 0 1 
5 0 0 0 0 0 0 1 1 0 
2 1 0 1 1 0 1 0 0 1 
4 0 1 1 1 1 0 0 0 1 
1 1 1 0 1 1 0 0 1 1 
0 1 0 0 0 1 0 0 0 1 
4 0 1 0 0 0 1 0 1 1 
4 1 0 0 1 1 0 0 1 1 
3 0 0 0 0 1 0 0 1 0 
5 1 0 0 0 1 1 0 1 0 
4 0 0 0 0 0 0 1 0 1 
4 0 0 1 1 0 1 1 1 0 
3 0 1 0 1 1 0 0 0 1 
0 0 1 0 0 0 1 1 0 0 
MFS
[ 3 , - , - , - , - , 1 , - , - , - , 0 ]
[ 2 , - , - , - , - , 1 , - , - , - , 0 ]
[ 2 , - , - , 1 , - , - , - , - , - , 0 ]
[ 3 , - , - , 1 , - , - , - , - , - , 0 ]
precise
1.0
recall
1.0
F-measure
1.0
multi
0
time
all 158 iden 1 gen 95
t-cover
1536
all-cover
1536
coveredNum
(1 : 227)  (2 : 364)  (3 : 236)  (4 : 152)  (5 : 143)  (6 : 109)  (7 : 79)  (8 : 51)  (9 : 47)  (10 : 47)  (11 : 37)  (12 : 21)  (13 : 10)  (14 : 5)  (15 : 1)  (16 : 4)  (17 : 2)  (18 : 1)  
real Identify
([ 3 , - , - , - , - , 1 , - , - , - , 0 ] : 1)  ([ 2 , - , - , - , - , 1 , - , - , - , 0 ] : 1)  ([ 2 , - , - , 1 , - , - , - , - , - , 0 ] : 1)  ([ 3 , - , - , 1 , - , - , - , - , - , 0 ] : 1)  
testCase Num: 85
regaular Num: 45
identify Num: 40
0 0 0 0 0 0 1 1 0 1 
2 1 1 0 1 1 0 1 1 0 
3 1 1 1 1 0 1 1 0 0 
5 1 0 0 1 1 1 0 0 0 
3 0 1 0 0 0 0 0 1 0 
0 0 0 1 0 0 0 1 0 0 
2 0 0 1 0 0 1 1 0 0 
1 0 0 0 0 1 1 0 0 0 
4 1 1 0 0 1 0 0 1 1 
2 1 1 0 0 1 0 1 0 0 
3 1 1 1 0 1 1 1 0 0 
5 0 1 0 1 1 0 0 1 1 
2 0 0 1 1 0 0 1 0 0 
4 1 1 0 1 1 0 1 0 0 
4 0 1 0 0 0 1 0 0 1 
3 1 1 1 0 0 1 1 0 1 
3 1 1 1 0 0 1 1 0 0 
3 1 0 1 0 0 1 1 0 0 
2 1 0 0 1 1 0 1 0 0 
2 1 1 0 1 1 0 1 0 1 
3 0 0 1 0 0 0 1 1 1 
1 0 0 0 1 0 0 1 0 1 
1 1 0 0 0 1 0 0 0 1 
2 1 0 1 0 0 0 1 0 0 
0 0 0 0 0 0 0 0 0 0 
2 1 1 0 1 1 0 0 0 0 
0 1 0 0 1 0 0 0 1 0 
4 0 0 0 1 0 0 1 0 1 
2 0 1 0 1 1 0 1 0 0 
5 1 1 1 0 0 1 0 1 1 
5 0 1 0 0 0 1 0 0 0 
2 0 1 0 0 0 0 0 1 0 
0 1 0 1 1 1 0 1 0 1 
4 0 0 1 1 1 1 0 1 0 
5 0 0 0 0 0 1 1 0 0 
2 1 0 1 1 0 0 0 1 1 
3 0 1 0 0 1 0 0 1 0 
3 0 1 0 0 1 0 0 1 1 
3 1 1 1 0 0 1 1 1 0 
1 1 0 1 0 0 1 1 1 1 
0 1 1 0 0 1 1 0 1 1 
2 0 0 0 1 0 0 0 0 0 
3 0 0 0 0 1 1 0 0 1 
3 1 1 1 0 0 0 1 0 0 
2 0 1 1 0 1 1 0 0 1 
5 0 0 1 0 1 0 1 1 0 
2 1 0 0 0 1 1 0 1 1 
2 1 1 1 1 1 0 1 0 0 
2 1 1 0 1 1 1 1 0 0 
2 0 0 1 0 0 0 1 1 0 
1 0 1 0 0 1 0 0 1 0 
3 0 1 0 1 0 0 0 0 0 
3 0 0 0 1 0 1 0 1 1 
2 0 0 0 0 0 1 1 1 0 
2 0 0 0 0 0 0 1 0 0 
1 0 1 0 1 1 1 1 1 1 
3 0 1 0 0 1 0 0 0 0 
5 1 0 1 1 0 0 1 0 1 
3 1 1 1 0 0 1 0 0 0 
2 0 0 0 1 0 1 0 0 0 
3 0 1 0 0 1 1 0 1 0 
0 0 1 1 0 1 0 0 0 0 
3 0 1 1 0 0 1 1 0 0 
3 0 1 0 1 1 0 0 1 0 
2 0 0 1 0 0 0 1 0 0 
2 0 0 1 0 0 0 1 0 1 
0 0 1 1 1 0 1 1 1 0 
2 1 1 0 1 1 0 1 0 0 
2 0 1 1 0 0 0 1 0 0 
2 0 0 1 0 0 0 0 0 0 
3 1 0 1 1 1 0 1 0 1 
3 1 0 0 1 0 0 0 1 0 
2 0 0 1 0 -1 0 1 0 0 
3 1 1 0 0 1 0 0 1 0 
4 1 1 1 0 0 1 1 0 0 
4 1 0 1 0 0 0 1 1 1 
2 1 1 0 1 0 0 1 0 0 
3 0 1 0 0 1 0 1 1 0 
1 1 1 1 1 0 0 0 0 0 
3 0 0 0 0 1 0 0 1 0 
3 0 0 1 0 0 0 0 0 1 
1 0 0 1 0 1 0 1 0 0 
5 0 1 0 1 0 0 1 0 1 
3 0 1 -1 0 1 0 0 1 0 
3 1 1 0 0 0 1 1 0 0 
MFS
[ 3 , - , - , - , - , 1 , - , - , - , 0 ]
[ 2 , - , - , - , - , 1 , - , - , - , 0 ]
[ 2 , - , - , 1 , - , - , - , - , - , 0 ]
[ 3 , - , - , 1 , - , - , - , - , - , 0 ]
precise
1.0
recall
1.0
F-measure
1.0
multi
0
time
all 179 iden 1 gen 98
t-cover
1536
all-cover
1536
coveredNum
(1 : 239)  (2 : 365)  (3 : 240)  (4 : 137)  (5 : 133)  (6 : 110)  (7 : 82)  (8 : 83)  (9 : 45)  (10 : 37)  (11 : 25)  (12 : 19)  (13 : 11)  (14 : 8)  (15 : 1)  (16 : 1)  
real Identify
([ 3 , - , - , - , - , 1 , - , - , - , 0 ] : 1)  ([ 2 , - , - , - , - , 1 , - , - , - , 0 ] : 1)  ([ 2 , - , - , 1 , - , - , - , - , - , 0 ] : 1)  ([ 3 , - , - , 1 , - , - , - , - , - , 0 ] : 1)  
testCase Num: 58
regaular Num: 48
identify Num: 10
5 1 0 1 1 1 0 0 0 1 
4 1 1 0 0 1 1 1 0 1 
5 0 0 1 1 1 1 1 1 1 
0 1 0 0 0 0 1 0 0 1 
2 0 0 1 0 1 1 1 0 0 
2 0 0 0 1 1 0 0 1 1 
3 1 0 0 1 0 0 0 0 1 
2 1 1 1 1 0 0 0 0 1 
2 1 0 1 0 1 1 0 0 0 
0 0 0 0 0 1 1 1 0 1 
0 1 1 1 1 1 1 1 0 1 
4 0 0 0 1 1 0 0 0 1 
2 0 0 0 1 0 1 1 0 1 
4 1 0 1 0 1 0 0 1 1 
0 0 0 0 0 0 0 0 0 0 
4 0 1 0 1 0 1 0 1 1 
1 0 1 1 1 1 1 0 1 1 
1 1 0 1 1 0 0 1 1 1 
5 0 0 0 0 0 1 1 0 1 
2 1 0 1 0 1 1 1 1 0 
2 1 0 1 0 1 0 1 0 0 
5 1 1 0 0 0 0 0 1 1 
1 1 1 0 0 0 1 1 0 1 
4 0 0 1 0 0 1 0 0 1 
1 0 0 0 0 0 1 1 1 1 
0 1 1 0 0 1 1 0 1 1 
1 1 1 1 0 0 0 0 0 1 
5 0 1 1 1 0 1 0 0 1 
4 0 0 0 0 0 0 0 0 1 
4 1 0 0 1 0 1 0 0 1 
2 0 1 0 0 1 0 0 0 1 
3 1 1 0 0 0 0 1 1 1 
5 1 0 0 0 1 0 1 0 1 
2 0 0 1 0 0 1 0 0 1 
3 0 1 1 1 0 1 1 0 1 
2 0 1 0 0 0 1 1 1 1 
2 1 0 1 0 1 1 1 0 0 
3 0 1 1 0 1 0 0 1 1 
2 1 1 1 0 1 1 1 0 0 
2 1 0 1 0 1 1 1 0 1 
3 0 0 0 0 1 0 0 0 1 
0 0 1 1 0 1 0 0 0 1 
3 1 0 1 1 1 1 0 1 1 
1 0 0 0 0 1 0 0 0 1 
2 1 0 1 1 1 1 1 0 0 
4 0 1 1 0 1 0 1 1 1 
2 1 0 0 0 1 1 1 0 0 
5 1 0 1 0 0 1 0 1 1 
5 0 1 0 1 1 0 1 0 1 
1 1 0 0 1 1 0 1 0 1 
3 0 0 0 0 1 1 1 0 1 
3 1 0 1 0 1 1 1 0 0 
2 1 0 0 0 0 0 1 0 1 
0 1 1 0 1 0 0 0 0 1 
0 0 0 1 1 0 0 1 1 1 
2 1 0 1 0 0 0 0 1 1 
2 1 0 1 0 0 1 1 0 0 
4 0 0 1 1 0 0 1 0 1 
MFS
[ - , - , - , - , - , - , - , - , - , 0 ]
precise
0.0
recall
0.0
F-measure
0.0
multi
1
time
all 135 iden 0 gen 68
t-cover
1364
all-cover
1536
coveredNum
(1 : 419)  (2 : 289)  (3 : 213)  (4 : 141)  (5 : 121)  (6 : 94)  (7 : 46)  (8 : 53)  (9 : 46)  (10 : 28)  (11 : 22)  (12 : 15)  (13 : 21)  (14 : 11)  (15 : 6)  (16 : 7)  (17 : 2)  (19 : 2)  
real Identify

testCase Num: 61
regaular Num: 51
identify Num: 10
5 1 1 1 0 0 1 0 0 1 
1 0 0 0 1 0 1 0 0 1 
2 0 0 0 0 1 0 0 0 1 
5 0 1 0 0 1 0 0 0 1 
4 0 1 1 1 1 1 1 0 1 
3 1 1 0 0 1 1 0 1 1 
1 0 1 1 0 0 0 1 1 1 
1 0 0 1 0 0 1 0 0 1 
2 1 0 1 0 1 1 0 1 0 
2 0 0 0 1 0 0 0 1 1 
2 0 0 1 0 1 1 1 1 0 
3 1 0 1 0 0 0 0 1 1 
1 0 0 1 1 0 0 0 1 1 
5 0 0 1 0 1 0 1 0 1 
1 0 0 0 1 0 0 1 0 1 
2 1 1 0 1 1 1 0 1 1 
0 0 0 0 0 0 0 0 0 0 
5 1 1 0 1 1 1 1 1 1 
3 0 0 1 1 0 1 0 1 1 
0 1 0 0 1 1 1 0 0 1 
4 0 0 0 0 1 1 0 1 1 
0 0 1 1 1 1 1 1 1 1 
2 0 0 0 0 0 0 1 1 1 
0 1 1 1 0 0 0 1 1 1 
4 0 0 1 0 0 1 0 0 1 
0 0 1 0 0 1 0 1 0 1 
2 0 0 1 0 1 0 0 1 0 
1 0 0 0 0 1 0 0 1 1 
0 0 0 1 1 0 0 0 1 1 
2 0 0 1 1 1 1 0 1 0 
3 0 0 0 0 0 1 0 0 1 
3 1 0 0 1 1 0 1 0 1 
2 0 1 1 0 0 1 0 0 1 
4 0 1 0 1 0 0 0 1 1 
4 1 0 0 0 1 1 0 0 1 
2 0 1 0 0 0 0 1 0 1 
1 1 0 0 0 0 1 1 1 1 
3 0 1 0 1 0 0 0 0 1 
3 0 0 1 0 1 0 0 0 1 
2 0 1 1 0 1 1 0 1 0 
2 0 0 1 0 1 1 0 1 0 
2 0 0 1 0 1 1 0 1 1 
5 0 0 1 1 0 0 0 0 1 
1 1 1 1 1 1 0 0 0 0 
4 1 0 0 1 0 0 0 0 1 
3 0 0 0 0 0 1 1 1 1 
5 0 0 0 0 1 0 1 1 1 
4 1 1 0 0 1 0 1 0 1 
0 0 0 1 0 0 1 1 0 1 
2 0 0 1 0 0 1 0 1 0 
2 1 0 0 0 1 1 1 0 1 
5 1 0 0 0 0 0 0 1 1 
5 0 0 1 0 0 1 1 1 1 
4 1 0 1 0 0 0 1 1 1 
3 0 0 1 0 1 1 0 1 0 
2 1 0 1 1 0 0 1 0 1 
2 0 0 1 0 1 1 0 0 0 
1 0 1 0 0 1 1 1 0 1 
3 0 1 1 0 0 0 1 0 1 
0 0 1 0 0 0 0 0 1 1 
2 0 0 0 0 1 1 0 1 0 
MFS
[ - , - , - , - , - , - , - , - , - , 0 ]
precise
0.0
recall
0.0
F-measure
0.0
multi
1
time
all 129 iden 0 gen 69
t-cover
1397
all-cover
1536
coveredNum
(1 : 409)  (2 : 263)  (3 : 249)  (4 : 151)  (5 : 92)  (6 : 72)  (7 : 56)  (8 : 56)  (9 : 40)  (10 : 37)  (11 : 34)  (12 : 18)  (13 : 12)  (14 : 12)  (15 : 10)  (16 : 7)  (17 : 6)  (18 : 4)  (19 : 3)  (20 : 2)  (21 : 2)  (22 : 1)  
real Identify

testCase Num: 88
regaular Num: 48
identify Num: 40
0 0 0 0 0 0 1 1 0 1 
3 1 0 1 1 0 0 0 1 0 
3 0 0 1 0 0 0 1 0 1 
2 0 0 1 0 0 0 0 1 0 
3 0 0 1 1 0 0 1 1 0 
4 1 0 0 0 1 1 1 0 0 
5 0 0 1 1 1 0 1 0 1 
2 0 0 0 0 0 1 0 1 0 
4 0 0 0 0 1 0 1 1 0 
5 0 0 0 0 0 0 0 0 0 
3 0 0 1 0 1 1 0 0 1 
0 1 0 0 0 1 0 1 1 0 
4 0 1 1 0 0 0 0 0 0 
4 0 0 0 1 1 0 0 0 0 
4 0 0 1 1 0 0 0 1 0 
3 1 0 0 1 1 1 1 0 1 
3 1 0 0 1 1 1 1 0 0 
3 1 1 0 1 1 1 1 0 0 
2 0 0 0 0 1 0 0 1 0 
4 1 0 0 1 0 0 1 0 1 
3 1 1 0 0 0 0 0 0 0 
3 1 0 0 0 0 1 0 1 0 
1 0 0 0 1 0 0 1 0 1 
4 1 1 1 0 1 0 1 1 1 
0 1 0 1 1 0 1 1 1 1 
2 0 1 1 1 1 0 0 1 1 
0 0 0 0 0 0 0 0 0 0 
2 1 0 1 0 0 1 0 1 0 
3 0 0 1 1 0 1 0 1 0 
4 0 1 0 1 0 1 0 1 1 
2 0 0 1 0 0 1 1 1 0 
3 0 0 1 1 0 0 0 0 0 
5 0 0 0 0 1 0 0 1 0 
2 1 0 0 0 1 0 1 1 0 
2 0 1 1 0 0 1 0 1 0 
3 0 0 0 1 0 0 0 1 0 
5 1 1 1 1 0 0 0 1 1 
2 0 0 0 0 0 0 1 1 0 
2 0 0 -1 0 1 0 1 1 0 
5 0 0 1 0 0 1 0 1 0 
3 1 0 0 0 1 1 1 0 0 
1 1 0 0 0 0 1 0 1 1 
1 0 1 0 1 1 0 0 1 1 
1 0 0 1 0 0 0 0 0 1 
4 0 0 1 0 0 1 0 0 0 
1 0 1 0 0 0 0 0 0 0 
2 0 1 0 1 0 0 1 0 0 
3 1 0 0 1 1 1 1 1 0 
3 1 0 0 1 1 0 1 0 0 
2 0 0 0 0 1 1 1 1 0 
3 0 1 1 1 0 0 0 1 0 
2 0 0 0 0 1 0 1 0 0 
2 1 0 0 1 1 0 0 1 1 
2 0 0 1 0 0 1 0 0 0 
3 0 0 1 1 0 0 0 1 0 
5 1 0 0 1 1 1 1 0 0 
1 1 1 1 0 1 0 0 0 0 
3 0 0 1 1 0 0 0 1 1 
2 1 0 0 0 0 0 0 0 0 
2 0 0 0 1 1 0 1 1 0 
3 0 1 0 1 0 0 0 0 0 
2 1 1 1 0 1 1 1 0 1 
1 0 0 1 0 0 1 1 0 0 
2 0 0 1 1 0 1 0 1 0 
0 1 1 0 1 1 1 0 0 0 
2 0 0 0 1 0 1 0 0 0 
2 0 0 1 0 1 1 0 1 0 
3 1 1 1 0 0 1 0 0 1 
3 1 0 0 1 1 1 0 0 0 
5 0 1 0 0 1 1 0 0 1 
3 0 0 0 1 1 1 1 0 0 
0 0 1 1 1 0 0 0 0 1 
2 0 0 0 0 1 0 1 1 0 
2 0 1 0 0 1 0 1 1 0 
3 0 0 1 0 0 0 0 1 0 
2 0 0 0 0 1 0 1 1 1 
2 0 0 1 0 0 1 0 1 1 
2 0 0 1 0 0 1 0 1 0 
0 0 0 1 0 0 0 0 1 0 
3 1 0 0 1 0 1 1 0 0 
1 0 1 1 1 1 1 1 1 0 
5 1 1 0 0 0 0 1 1 0 
1 1 0 0 1 1 0 1 0 0 
3 0 1 0 0 1 0 1 1 1 
0 0 1 1 0 1 0 1 1 1 
3 1 0 -1 1 1 1 1 0 0 
4 1 0 0 0 0 0 0 0 0 
3 0 0 1 1 1 0 0 1 0 
MFS
[ 3 , - , - , - , - , 1 , - , - , - , 0 ]
[ 2 , - , - , - , - , 1 , - , - , - , 0 ]
[ 2 , - , - , 1 , - , - , - , - , - , 0 ]
[ 3 , - , - , 1 , - , - , - , - , - , 0 ]
precise
1.0
recall
1.0
F-measure
1.0
multi
0
time
all 157 iden 0 gen 104
t-cover
1536
all-cover
1536
coveredNum
(1 : 214)  (2 : 325)  (3 : 267)  (4 : 162)  (5 : 132)  (6 : 107)  (7 : 99)  (8 : 69)  (9 : 42)  (10 : 21)  (11 : 24)  (12 : 21)  (13 : 15)  (14 : 17)  (15 : 12)  (16 : 6)  (17 : 3)  
real Identify
([ 3 , - , - , - , - , 1 , - , - , - , 0 ] : 1)  ([ 2 , - , - , - , - , 1 , - , - , - , 0 ] : 1)  ([ 2 , - , - , 1 , - , - , - , - , - , 0 ] : 1)  ([ 3 , - , - , 1 , - , - , - , - , - , 0 ] : 1)  
testCase Num: 80
regaular Num: 50
identify Num: 30
1 1 1 0 0 1 0 0 1 0 
3 0 0 0 0 0 0 0 1 0 
2 0 1 0 1 1 1 1 0 0 
0 1 1 0 0 0 0 1 1 0 
5 0 1 0 0 0 1 0 1 1 
2 1 1 1 1 0 1 0 1 0 
3 0 0 0 1 0 1 1 1 0 
0 0 0 1 1 1 1 0 0 1 
2 1 0 1 1 0 1 0 1 1 
3 0 0 1 0 1 1 0 0 1 
2 1 0 1 1 0 1 0 1 0 
4 1 1 0 1 1 0 1 0 0 
1 0 0 0 0 1 0 1 0 0 
3 1 1 0 1 1 1 1 0 0 
1 0 0 0 1 0 0 1 0 1 
4 1 1 1 0 1 1 0 0 1 
3 1 0 0 0 0 0 0 0 0 
2 0 1 -1 1 1 1 1 1 0 
0 0 0 0 0 0 0 0 0 0 
2 1 0 1 0 0 1 0 1 0 
3 1 1 1 1 0 1 0 1 1 
2 0 1 0 1 1 1 1 1 0 
5 0 1 0 0 1 0 1 1 0 
2 0 1 1 0 0 0 0 0 1 
2 0 1 0 1 1 1 1 1 1 
2 1 0 0 0 1 1 0 0 1 
1 1 0 1 1 0 1 0 0 1 
0 1 1 1 0 0 1 0 0 1 
2 1 0 1 1 0 0 0 1 0 
2 0 1 0 1 0 1 1 1 0 
5 1 0 1 1 0 0 1 1 1 
4 0 0 1 0 0 0 1 1 1 
2 0 0 0 1 0 0 0 0 0 
4 1 1 0 0 0 1 0 1 0 
0 1 0 0 0 1 0 1 0 1 
3 1 1 0 1 1 0 0 0 0 
4 0 0 0 0 0 0 0 0 0 
3 1 0 0 1 1 0 1 0 0 
2 1 0 1 1 1 1 0 1 0 
3 0 1 0 1 1 0 1 0 0 
1 0 1 1 0 1 1 1 1 1 
2 0 1 0 1 1 0 1 1 0 
5 0 1 1 1 1 0 0 0 1 
2 1 1 0 0 0 0 0 0 0 
3 1 1 0 1 0 0 1 0 0 
5 0 0 1 0 0 1 0 0 1 
2 1 0 1 1 0 1 1 1 0 
0 1 0 1 1 1 0 1 1 1 
3 1 1 0 0 1 0 1 0 0 
5 1 1 0 0 0 0 0 0 0 
1 1 0 0 0 0 0 1 0 0 
1 0 0 1 0 0 0 0 1 1 
2 0 0 1 1 0 1 0 1 0 
3 1 1 0 1 1 0 1 1 0 
4 0 0 0 0 0 1 1 0 0 
3 1 1 -1 1 1 0 1 0 0 
5 0 0 0 1 0 1 0 0 0 
5 1 0 0 0 1 1 1 0 0 
2 1 1 0 1 1 1 1 1 0 
3 1 0 1 1 0 1 0 1 0 
2 0 1 0 1 1 1 0 1 0 
2 0 0 0 0 0 0 0 1 0 
2 0 0 0 1 1 1 1 1 0 
2 0 0 1 0 1 0 1 0 1 
0 0 0 0 1 0 0 0 1 0 
2 1 0 1 1 0 1 0 0 0 
4 0 1 0 1 1 0 0 1 0 
2 1 0 0 1 0 1 0 1 0 
1 0 0 0 1 1 0 0 1 0 
3 0 0 0 0 1 0 0 1 1 
4 0 0 0 1 1 1 0 0 1 
3 1 1 0 1 1 0 1 0 0 
4 1 0 1 1 0 0 0 0 1 
2 1 0 0 0 0 0 1 0 0 
3 1 1 0 1 1 0 1 0 1 
0 0 1 0 1 1 1 1 1 0 
3 0 1 1 0 0 0 1 0 1 
1 0 1 0 1 0 1 0 0 0 
2 0 1 0 0 1 1 1 1 0 
5 0 0 0 1 0 0 0 0 0 
MFS
[ 3 , - , - , - , - , 1 , - , - , - , 0 ]
[ 2 , - , - , - , - , 1 , - , - , - , 0 ]
[ - , - , - , 1 , - , - , - , - , - , 0 ]
precise
0.6666666666666666
recall
0.5
F-measure
0.5714285714285715
multi
0
time
all 264 iden 0 gen 123
t-cover
1516
all-cover
1536
coveredNum
(1 : 220)  (2 : 330)  (3 : 286)  (4 : 150)  (5 : 116)  (6 : 111)  (7 : 94)  (8 : 70)  (9 : 45)  (10 : 25)  (11 : 20)  (12 : 20)  (13 : 18)  (14 : 13)  (15 : 11)  (16 : 2)  (17 : 3)  (20 : 1)  (21 : 1)  
real Identify
([ 3 , - , - , - , - , 1 , - , - , - , 0 ] : 1)  ([ 2 , - , - , - , - , 1 , - , - , - , 0 ] : 1)  
testCase Num: 87
regaular Num: 47
identify Num: 40
2 0 1 1 1 1 0 1 0 0 
3 1 0 1 1 0 1 1 0 0 
5 0 1 0 0 1 0 0 0 1 
0 1 1 0 1 0 0 0 0 0 
5 1 0 1 0 0 1 0 0 1 
4 1 0 1 1 1 1 0 0 0 
0 1 1 0 0 1 1 0 1 0 
5 0 1 1 0 0 0 0 1 1 
3 1 0 0 1 0 1 0 1 0 
2 0 1 1 1 0 0 1 0 0 
2 0 1 1 1 0 0 1 0 1 
2 0 0 1 1 0 0 1 0 0 
4 0 1 0 0 0 1 0 0 1 
2 0 0 0 1 0 0 0 1 0 
2 1 1 0 0 1 1 0 0 0 
3 1 0 1 0 0 1 1 0 0 
3 1 1 1 0 0 1 1 0 0 
3 1 1 0 1 1 0 0 1 0 
3 0 0 1 1 1 0 0 0 1 
3 0 1 0 1 1 0 1 1 0 
0 0 0 0 0 0 0 0 0 0 
2 1 1 0 1 1 1 0 1 0 
1 1 1 1 0 1 1 0 0 0 
5 1 0 0 0 0 0 1 1 0 
2 0 0 0 0 0 1 0 0 0 
2 0 0 0 1 1 0 0 0 1 
4 0 0 0 0 1 0 0 0 1 
2 0 1 1 1 0 1 1 0 0 
0 1 0 1 0 0 1 1 0 0 
3 1 1 0 0 1 0 1 1 0 
1 1 0 0 1 1 0 0 0 1 
1 0 0 1 0 0 0 0 0 1 
3 1 1 1 1 1 0 1 1 0 
4 0 0 1 0 0 0 1 1 1 
2 1 1 0 0 1 1 1 1 0 
2 0 1 0 1 0 0 1 0 0 
4 1 0 0 0 0 1 1 1 0 
2 1 0 0 0 1 1 0 1 0 
3 0 1 1 0 0 0 0 0 1 
1 0 1 1 1 0 1 0 1 0 
3 1 0 0 0 0 1 1 0 0 
0 0 0 0 0 0 0 0 1 0 
2 0 1 0 0 1 1 0 1 0 
1 0 1 1 0 1 1 1 1 1 
2 1 1 0 0 0 1 0 1 0 
0 0 0 1 1 1 1 1 0 1 
3 1 0 1 0 0 0 1 0 0 
2 0 0 1 0 1 0 1 1 1 
5 0 1 0 0 0 0 1 0 0 
2 1 1 1 1 0 0 1 0 0 
2 0 1 1 1 0 0 0 0 0 
5 1 1 0 1 0 1 1 0 1 
5 0 0 1 1 0 0 0 0 0 
5 1 0 1 0 1 0 1 0 0 
3 1 0 1 0 0 1 0 0 0 
1 0 1 0 0 0 0 0 1 0 
3 1 1 0 1 1 0 1 1 1 
2 1 1 0 0 1 0 0 1 0 
3 1 0 0 1 1 0 1 1 0 
3 0 0 1 0 0 1 1 0 0 
3 1 1 0 1 1 0 1 1 0 
3 0 0 1 0 0 0 0 1 1 
2 1 1 -1 0 1 1 0 1 0 
3 0 0 0 0 0 0 1 0 0 
2 0 1 1 0 0 0 1 0 0 
3 1 0 1 0 0 1 1 0 1 
0 0 1 0 1 0 0 1 1 1 
5 0 0 0 1 1 1 0 1 0 
4 0 0 0 0 1 0 1 0 0 
2 0 0 0 0 0 1 1 0 0 
3 1 1 0 1 0 0 1 1 0 
2 1 0 1 1 0 1 0 0 1 
2 0 1 1 1 0 0 1 1 0 
1 1 0 0 0 0 1 1 1 0 
3 0 1 0 0 1 1 0 0 1 
4 1 1 0 1 1 0 1 1 0 
2 1 1 0 0 1 1 0 1 0 
2 1 1 0 0 1 1 0 1 1 
3 1 0 1 0 0 1 1 1 0 
3 1 1 0 1 1 0 1 0 0 
2 1 0 0 0 0 0 1 0 0 
4 0 1 1 1 0 0 0 0 0 
0 1 1 1 0 1 0 0 1 1 
1 0 1 1 1 0 0 1 0 0 
3 1 1 0 1 1 1 1 1 0 
4 1 0 0 1 0 0 0 1 1 
3 1 0 1 0 -1 1 1 0 0 
MFS
[ 3 , - , - , - , - , 1 , - , - , - , 0 ]
[ 2 , - , - , - , - , 1 , - , - , - , 0 ]
[ 2 , - , - , 1 , - , - , - , - , - , 0 ]
[ 3 , - , - , 1 , - , - , - , - , - , 0 ]
precise
1.0
recall
1.0
F-measure
1.0
multi
0
time
all 205 iden 1 gen 99
t-cover
1536
all-cover
1536
coveredNum
(1 : 212)  (2 : 327)  (3 : 285)  (4 : 165)  (5 : 111)  (6 : 102)  (7 : 81)  (8 : 81)  (9 : 51)  (10 : 40)  (11 : 38)  (12 : 18)  (13 : 13)  (14 : 7)  (15 : 2)  (16 : 1)  (17 : 1)  (18 : 1)  
real Identify
([ 3 , - , - , - , - , 1 , - , - , - , 0 ] : 1)  ([ 2 , - , - , - , - , 1 , - , - , - , 0 ] : 1)  ([ 2 , - , - , 1 , - , - , - , - , - , 0 ] : 1)  ([ 3 , - , - , 1 , - , - , - , - , - , 0 ] : 1)  
testCase Num: 82
regaular Num: 42
identify Num: 40
2 1 1 0 0 1 0 1 0 0 
5 1 1 0 0 0 0 1 0 1 
2 1 1 1 1 0 1 0 1 0 
2 0 1 1 1 0 1 1 1 0 
0 1 1 1 0 0 0 0 0 1 
3 0 0 0 1 0 0 1 0 0 
3 1 1 1 0 0 0 0 1 0 
3 0 0 0 0 1 0 1 0 0 
3 0 1 1 0 0 0 1 1 0 
2 0 1 0 0 1 1 1 0 0 
3 0 0 0 1 1 0 1 1 0 
0 0 1 1 1 0 1 0 1 0 
0 0 0 0 0 0 0 0 0 0 
5 0 1 1 0 0 1 1 1 0 
3 0 0 1 1 0 1 0 1 1 
4 0 0 0 1 0 0 1 0 1 
1 0 1 0 0 1 0 0 0 0 
2 0 1 0 1 1 0 1 0 0 
4 0 1 0 1 0 0 0 0 0 
2 0 1 1 0 0 1 0 1 0 
3 0 1 0 1 0 1 0 0 0 
1 1 0 1 1 0 0 1 1 0 
5 1 0 1 1 0 1 0 0 0 
4 0 0 1 1 1 1 0 1 0 
4 0 1 0 0 1 0 1 0 0 
2 0 1 1 1 0 0 0 1 0 
2 1 1 1 0 1 0 0 0 1 
4 1 1 1 0 0 0 1 1 0 
5 0 0 0 1 1 0 1 0 0 
1 1 0 0 0 0 1 0 1 1 
1 0 0 1 0 0 0 0 0 1 
3 1 1 1 0 0 1 1 1 0 
3 1 1 1 0 0 0 1 0 0 
0 1 0 0 0 1 1 1 1 1 
3 1 0 0 1 1 1 1 1 1 
3 1 0 0 1 1 0 1 0 0 
3 0 1 0 1 1 0 1 0 0 
0 0 0 1 1 0 1 1 0 0 
2 0 1 0 0 1 0 0 0 0 
3 0 0 0 1 1 0 0 0 0 
3 1 1 0 0 0 0 1 1 0 
2 0 1 1 1 1 1 0 1 0 
2 0 0 0 0 1 0 1 0 0 
3 1 1 1 1 0 0 1 1 0 
2 0 1 0 0 1 0 1 0 1 
2 1 0 0 1 1 0 0 1 1 
5 0 0 0 0 1 1 1 1 0 
4 1 1 0 0 1 1 0 0 1 
1 0 0 0 0 1 0 0 1 0 
3 1 1 1 0 1 0 1 1 0 
2 0 1 1 1 0 1 0 1 0 
2 0 1 0 0 0 0 1 0 0 
2 0 1 1 1 0 1 0 1 1 
3 0 0 -1 1 1 0 1 0 0 
1 1 1 0 0 0 0 1 1 0 
3 0 0 1 0 1 0 0 0 1 
3 0 1 0 0 1 0 0 0 1 
2 0 0 1 1 0 1 0 1 0 
3 1 1 1 0 0 0 1 1 1 
3 1 1 1 0 0 0 1 1 0 
3 1 0 1 0 0 0 1 1 0 
0 0 1 0 1 1 0 0 1 1 
2 0 1 0 0 1 0 1 1 0 
3 0 0 0 1 1 1 1 0 0 
2 0 0 0 0 1 1 0 0 1 
5 0 1 1 1 1 0 0 1 1 
2 1 0 0 0 0 0 1 1 0 
2 0 1 1 1 0 1 0 0 0 
0 1 1 1 1 1 0 1 0 0 
1 1 0 0 1 1 1 0 0 0 
2 0 1 0 1 0 1 0 1 0 
1 0 1 1 1 1 1 1 0 1 
2 0 0 0 1 0 0 1 0 0 
2 0 1 -1 0 1 0 1 0 0 
4 1 0 1 1 0 0 0 0 1 
4 0 0 0 0 0 1 1 1 1 
2 0 1 0 0 1 0 1 0 0 
2 1 0 1 0 0 1 1 0 1 
3 0 0 0 1 1 0 1 0 0 
3 0 0 0 1 1 0 1 0 1 
3 1 0 0 0 0 1 0 0 0 
5 1 0 0 0 1 1 0 1 1 
MFS
[ 3 , - , - , - , - , 1 , - , - , - , 0 ]
[ 2 , - , - , - , - , 1 , - , - , - , 0 ]
[ 2 , - , - , 1 , - , - , - , - , - , 0 ]
[ 3 , - , - , 1 , - , - , - , - , - , 0 ]
precise
1.0
recall
1.0
F-measure
1.0
multi
0
time
all 173 iden 0 gen 62
t-cover
1536
all-cover
1536
coveredNum
(1 : 244)  (2 : 384)  (3 : 238)  (4 : 146)  (5 : 114)  (6 : 115)  (7 : 103)  (8 : 90)  (9 : 56)  (10 : 32)  (11 : 6)  (12 : 4)  (13 : 1)  (14 : 3)  
real Identify
([ 3 , - , - , - , - , 1 , - , - , - , 0 ] : 1)  ([ 2 , - , - , - , - , 1 , - , - , - , 0 ] : 1)  ([ 2 , - , - , 1 , - , - , - , - , - , 0 ] : 1)  ([ 3 , - , - , 1 , - , - , - , - , - , 0 ] : 1)  
