testCase Num: 139
regaular Num: 115
identify Num: 24
1 1 1 1 1 1 0 0 1 0 0 0 
2 1 1 0 0 0 1 0 2 0 1 0 
2 1 1 1 1 0 1 0 1 1 0 1 
2 0 1 0 0 0 0 0 3 2 0 0 
0 0 1 0 0 0 0 0 0 0 0 0 
0 1 1 0 1 0 1 0 2 2 0 1 
1 0 1 0 0 0 1 1 3 1 1 0 
2 0 1 0 0 0 1 0 0 1 0 0 
0 0 1 1 0 0 0 1 3 2 1 1 
0 0 0 0 0 0 0 0 0 1 0 0 
2 0 1 0 0 0 0 1 1 1 1 0 
0 1 1 1 0 0 0 1 1 2 0 0 
1 1 1 0 0 1 1 0 2 2 0 0 
0 0 1 1 1 1 0 0 3 1 1 0 
2 0 1 1 1 0 1 1 3 2 0 1 
0 0 0 1 0 0 0 0 0 0 0 0 
0 1 1 1 1 0 1 1 0 0 1 0 
0 0 0 0 0 0 1 0 0 0 0 0 
0 0 1 0 0 0 0 0 1 2 0 0 
0 0 1 1 1 0 0 0 1 0 0 1 
2 0 1 0 0 0 0 0 0 2 0 1 
0 1 1 0 0 0 0 0 2 2 0 0 
0 0 1 0 0 0 0 0 1 1 0 0 
0 0 1 1 0 1 0 0 0 0 0 1 
1 1 1 1 0 0 0 0 3 2 0 0 
1 0 1 1 0 0 1 1 2 2 1 1 
1 0 1 0 1 0 1 1 2 0 1 0 
0 1 1 0 0 0 0 1 3 1 0 0 
2 1 1 0 0 1 1 1 2 2 0 0 
1 0 1 1 0 1 1 0 1 1 1 0 
1 0 1 0 1 0 0 0 2 2 0 0 
0 0 1 0 0 0 0 1 2 1 0 0 
1 1 1 1 0 0 0 0 0 2 0 1 
2 1 1 1 0 0 0 1 1 0 0 1 
0 1 1 0 0 1 0 0 3 2 1 0 
0 0 1 0 1 0 1 1 3 1 0 1 
1 0 1 0 1 0 0 1 3 0 0 1 
1 1 1 0 0 1 1 1 2 1 0 0 
1 1 1 0 0 1 0 1 0 1 1 0 
1 0 1 1 0 1 0 1 0 0 0 0 
1 0 1 1 0 1 0 1 1 2 1 1 
0 1 1 0 1 1 0 1 3 0 0 0 
1 0 1 0 0 1 1 1 1 0 0 1 
0 0 1 1 1 1 1 1 1 1 1 1 
1 0 1 1 0 0 0 0 2 0 1 1 
1 1 1 0 0 0 0 0 2 0 0 0 
1 1 -1 0 0 1 1 1 2 2 0 0 
2 0 1 0 1 1 1 1 3 0 1 0 
2 0 1 0 0 0 0 1 2 1 0 1 
0 0 1 0 1 0 0 1 0 1 1 0 
1 0 1 1 1 1 0 1 3 2 0 0 
0 0 0 0 0 0 0 1 0 0 0 0 
1 1 1 0 0 0 0 1 0 0 1 1 
0 0 1 0 0 0 1 1 2 1 0 0 
1 1 1 0 1 0 0 1 1 1 0 1 
2 0 1 0 0 0 0 0 2 2 0 0 
0 0 1 0 0 0 1 1 1 0 1 0 
1 1 1 0 0 1 1 1 3 2 0 0 
0 1 1 0 0 1 0 0 1 0 0 0 
1 0 1 0 0 1 1 1 2 2 0 0 
0 0 0 0 1 0 0 0 0 0 0 0 
2 0 1 1 1 0 0 1 0 2 1 0 
1 1 1 0 1 0 1 0 2 1 0 1 
0 0 1 0 0 1 1 0 0 1 0 0 
0 1 0 0 0 0 0 0 0 0 0 0 
2 1 1 0 1 0 1 1 0 1 1 1 
1 1 1 1 0 1 1 1 2 2 0 0 
0 0 1 0 1 0 0 0 2 1 0 0 
1 1 1 1 1 1 0 0 3 1 0 1 
0 1 1 0 1 0 0 0 0 2 1 1 
1 1 1 0 1 1 1 1 2 2 0 0 
2 1 1 0 1 1 0 1 1 0 1 0 
2 0 1 0 0 0 0 0 3 0 0 0 
1 0 1 0 0 0 0 1 1 0 0 0 
2 0 1 0 0 1 1 0 3 1 0 1 
0 1 1 0 0 1 0 0 1 1 1 1 
2 1 1 1 0 0 0 1 3 0 0 1 
1 0 1 1 1 0 1 1 0 1 0 0 
1 1 1 1 0 0 0 0 3 0 1 0 
1 0 1 0 0 0 0 0 0 1 0 1 
0 0 0 0 0 0 0 0 1 0 0 0 
2 1 1 0 1 1 1 1 0 2 0 0 
2 1 1 1 0 1 1 1 3 1 0 1 
0 0 1 0 1 0 1 0 3 2 0 0 
0 0 1 1 1 0 0 1 2 2 0 1 
1 1 1 0 0 0 0 0 1 2 0 1 
2 0 1 1 0 1 0 0 1 1 0 0 
2 1 1 1 0 0 0 0 2 1 1 1 
2 0 1 1 1 1 0 0 0 0 1 0 
2 0 1 1 0 0 1 1 0 0 1 1 
1 0 1 0 1 0 1 0 3 1 1 1 
1 0 1 0 1 0 1 0 1 2 1 0 
0 0 1 0 1 0 0 0 2 2 1 0 
1 1 1 0 0 1 1 1 2 2 1 0 
0 1 1 1 1 0 1 0 3 0 0 1 
2 0 1 1 0 1 0 0 0 1 1 1 
0 1 1 0 1 1 1 1 1 2 1 1 
1 0 1 0 0 0 1 1 0 2 0 0 
2 1 1 0 1 0 0 1 1 2 0 1 
2 1 1 1 1 0 0 0 2 0 0 0 
2 0 1 0 1 0 1 1 2 0 0 1 
0 1 1 0 0 1 0 0 3 0 1 1 
1 1 1 0 0 1 1 1 2 2 0 1 
2 0 1 1 1 0 1 1 1 2 1 0 
1 1 1 0 0 1 1 1 2 2 0 0 
0 1 1 1 0 1 1 0 0 2 1 0 
1 1 1 1 1 1 1 1 3 2 1 1 
2 0 1 1 0 1 1 0 1 2 0 0 
0 1 1 0 1 1 1 0 1 1 0 0 
2 0 1 1 1 0 1 0 2 2 0 1 
0 0 1 0 0 0 0 0 2 0 0 0 
0 0 1 0 0 1 1 1 0 2 0 1 
0 0 1 1 0 1 1 0 3 0 1 0 
0 1 1 1 1 1 0 0 0 1 0 1 
2 1 1 1 0 0 0 1 2 2 1 0 
0 0 0 0 0 0 0 0 0 0 1 0 
0 0 0 0 0 0 0 0 0 0 0 1 
0 0 0 0 0 0 0 0 0 0 0 0 
1 1 1 0 1 1 1 0 0 0 0 1 
1 0 1 0 1 1 0 0 0 2 1 1 
2 1 1 0 0 1 0 0 3 2 1 1 
1 1 1 1 1 0 0 1 2 1 1 0 
1 0 0 0 0 0 0 0 0 0 0 0 
0 0 1 1 0 0 1 1 2 0 0 0 
2 0 1 0 1 1 1 0 1 0 1 1 
0 1 1 1 0 0 1 0 2 1 1 1 
1 1 1 0 0 1 0 1 2 2 0 0 
1 1 1 0 0 0 1 1 2 2 0 0 
2 0 1 0 1 0 1 0 2 1 1 0 
1 0 1 1 0 0 0 0 2 1 0 1 
2 1 1 1 1 0 0 0 3 1 1 0 
0 1 1 0 1 0 0 1 2 0 1 1 
1 0 1 0 0 1 1 0 3 0 1 1 
1 1 1 1 0 0 1 0 1 0 1 1 
0 0 0 0 0 1 0 0 0 0 0 0 
2 1 1 1 0 1 0 1 0 0 0 1 
1 0 1 1 0 0 1 0 0 0 1 0 
2 0 1 0 1 1 0 0 0 1 0 0 
2 1 1 0 0 0 0 0 0 0 0 0 
MFS
[ - , - , - , - , - , 1 , - , - , 2 , - , - , - ]
[ - , - , 0 , - , - , - , - , - , - , - , - , - ]
precise
0.5
recall
0.3333333333333333
F-measure
0.4
multi
0
time
all 1810 iden 2 gen 894
t-cover
13939
all-cover
14136
coveredNum
(1 : 3202)  (2 : 1935)  (3 : 2237)  (4 : 1879)  (5 : 1333)  (6 : 929)  (7 : 700)  (8 : 517)  (9 : 353)  (10 : 246)  (11 : 185)  (12 : 143)  (13 : 115)  (14 : 80)  (15 : 69)  (16 : 55)  (17 : 47)  (18 : 23)  (19 : 16)  (20 : 7)  (21 : 8)  (22 : 6)  (23 : 15)  (24 : 5)  (25 : 8)  (26 : 7)  (27 : 6)  (28 : 5)  (29 : 1)  (30 : 2)  (31 : 2)  
real Identify
([ - , - , 0 , - , - , - , - , - , - , - , - , - ] : 1)  
testCase Num: 140
regaular Num: 116
identify Num: 24
0 1 1 0 0 0 0 0 1 1 0 1 
2 1 1 1 0 0 1 0 1 1 0 0 
1 0 1 0 1 1 0 1 0 2 0 0 
0 0 1 0 0 0 0 0 0 0 0 0 
2 1 1 0 1 1 1 0 1 0 1 0 
2 0 1 1 1 1 0 1 3 0 0 1 
1 1 1 0 0 0 1 0 0 2 0 1 
1 1 1 0 0 0 1 1 3 0 0 1 
0 1 1 1 1 0 0 1 3 1 1 0 
0 1 1 0 1 0 0 1 0 2 1 1 
0 0 0 0 0 0 0 0 0 1 0 0 
1 0 1 0 1 0 0 0 2 2 1 1 
0 0 0 1 0 0 0 0 0 0 0 0 
0 0 0 0 0 0 1 0 0 0 0 0 
1 1 1 0 0 0 1 0 2 1 1 0 
2 1 1 1 1 1 0 1 1 1 0 1 
0 1 1 1 0 1 1 0 0 0 0 1 
2 0 1 0 0 0 1 1 2 2 1 0 
0 0 1 1 0 1 1 0 3 1 0 0 
1 0 1 1 1 1 0 1 3 2 0 1 
2 0 1 1 0 0 0 1 2 1 1 0 
0 0 1 0 0 0 1 0 1 1 1 0 
1 0 1 1 0 0 0 0 2 0 0 0 
1 0 1 1 0 0 0 0 0 2 1 0 
2 0 1 0 0 0 0 1 1 0 0 0 
1 0 1 1 0 1 0 0 1 2 1 0 
0 0 1 0 1 0 1 1 2 0 1 0 
2 0 1 0 1 0 0 0 3 2 0 0 
1 0 1 0 1 0 1 0 1 0 0 1 
2 0 1 1 0 1 1 0 1 0 0 1 
2 1 1 1 0 0 1 0 2 0 1 1 
1 1 1 1 1 0 1 1 2 1 1 1 
2 1 1 0 1 1 0 1 2 2 0 0 
2 0 1 0 0 1 1 0 3 2 0 0 
0 0 1 1 1 1 1 1 1 1 1 1 
2 1 1 1 0 1 1 1 1 2 1 0 
2 0 1 0 1 0 0 1 1 2 1 0 
2 1 1 0 1 1 1 1 0 1 1 0 
0 1 1 0 0 1 0 1 1 2 1 0 
0 1 1 1 1 0 0 0 2 0 0 1 
0 0 1 1 1 1 1 0 0 2 1 0 
2 0 1 1 0 0 0 0 0 1 0 0 
0 0 0 0 0 0 0 1 0 0 0 0 
0 0 1 1 0 0 0 0 1 2 0 1 
2 0 1 0 0 0 0 0 1 1 1 0 
2 1 1 1 1 0 1 0 2 2 0 0 
0 1 1 1 0 0 1 1 1 0 0 0 
1 1 1 0 1 0 0 0 2 0 1 0 
0 1 1 0 0 0 1 0 2 2 1 0 
0 1 1 1 0 0 0 1 2 0 1 0 
0 0 0 0 1 0 0 0 0 0 0 0 
1 0 1 1 0 0 0 0 3 1 1 1 
0 0 1 0 1 1 0 1 0 1 0 0 
2 0 1 0 1 0 0 1 2 0 1 0 
0 1 0 0 0 0 0 0 0 0 0 0 
2 1 1 1 0 1 0 1 0 2 0 0 
0 1 1 1 1 0 0 0 3 2 0 0 
2 0 1 0 0 1 0 0 0 0 0 0 
1 1 1 0 1 0 0 1 2 2 0 0 
2 1 1 0 0 0 0 0 1 0 1 1 
2 0 1 1 1 0 0 0 0 0 1 1 
0 0 1 0 1 0 0 0 1 0 1 1 
1 1 1 0 1 1 1 1 2 2 0 0 
1 0 1 0 0 1 1 1 0 0 1 1 
1 0 1 1 1 0 1 1 0 1 0 0 
0 0 0 0 0 0 0 0 1 0 0 0 
1 0 1 1 1 0 1 0 3 0 1 0 
1 0 1 0 0 0 0 0 0 1 1 0 
2 1 1 0 0 0 0 0 2 2 1 1 
1 1 1 0 0 1 1 1 1 1 0 0 
2 0 1 0 0 1 0 0 0 1 1 1 
1 1 1 1 1 1 0 0 0 1 0 1 
2 1 1 1 0 0 1 0 3 2 1 1 
0 0 1 1 0 0 1 1 2 2 0 1 
1 1 1 0 1 1 0 1 2 2 0 1 
1 1 1 0 1 1 0 1 2 2 0 0 
2 0 1 0 1 1 1 1 0 2 0 1 
1 1 1 1 1 1 0 1 1 0 1 1 
2 1 1 0 0 0 0 1 2 0 0 1 
1 0 1 0 0 1 0 0 1 0 0 0 
1 1 1 0 1 0 0 0 0 0 1 0 
2 0 1 0 0 0 0 1 3 1 0 0 
2 0 1 1 1 0 1 1 3 1 1 1 
0 1 1 0 0 0 1 0 0 2 0 0 
0 1 1 0 1 1 1 1 3 0 0 0 
1 0 1 0 0 1 1 1 1 2 0 0 
1 1 1 0 1 1 0 1 2 2 1 0 
2 1 1 0 1 0 0 0 2 1 0 0 
2 0 1 1 0 0 0 0 0 2 1 0 
2 0 1 0 0 0 0 0 1 2 0 1 
0 0 1 0 1 0 0 0 2 2 0 1 
1 1 -1 0 1 1 0 1 2 2 0 0 
0 0 1 0 1 0 0 0 3 0 1 1 
0 0 1 1 0 0 1 0 3 0 0 1 
1 0 1 1 0 0 0 0 2 2 1 0 
1 0 1 0 0 0 1 1 2 0 0 1 
2 1 1 0 0 0 0 1 3 2 0 1 
1 0 1 1 1 0 0 0 1 2 0 0 
0 0 0 0 0 0 0 0 0 0 1 0 
2 0 1 0 1 0 1 0 2 1 0 1 
0 0 0 0 0 0 0 0 0 0 0 1 
0 0 0 0 0 0 0 0 0 0 0 0 
2 1 1 0 1 1 0 0 3 0 1 0 
0 0 1 1 1 1 0 1 0 0 1 1 
1 1 1 1 0 1 0 1 3 0 1 0 
2 1 1 1 1 0 1 1 0 0 0 0 
1 1 1 0 1 1 0 1 2 1 0 0 
1 1 1 1 0 0 1 1 1 2 1 1 
1 0 0 0 0 0 0 0 0 0 0 0 
1 0 1 0 0 1 0 1 3 1 0 0 
1 0 1 0 1 0 1 0 3 2 1 0 
0 0 1 1 1 0 0 0 2 1 1 1 
1 0 1 0 0 0 1 0 2 2 0 0 
2 0 1 1 0 0 1 0 3 0 0 0 
0 1 1 1 0 0 1 1 0 1 1 1 
1 1 1 0 1 1 0 0 2 2 0 0 
1 1 1 0 1 1 0 0 1 1 1 1 
1 1 1 0 0 1 0 1 2 2 0 0 
1 1 1 1 1 0 0 0 1 1 0 0 
1 1 1 1 0 1 0 1 0 0 0 0 
2 1 1 0 0 0 1 0 0 1 0 0 
1 1 1 1 1 1 0 1 2 2 0 0 
1 0 1 1 0 0 0 0 2 1 0 1 
0 0 1 0 0 0 1 0 2 1 0 0 
0 0 1 0 1 1 0 1 1 0 0 0 
0 1 1 0 0 0 0 1 2 1 0 0 
1 1 1 0 1 1 1 0 3 1 0 1 
1 0 1 0 0 0 0 0 3 2 1 0 
1 0 1 1 0 1 1 0 0 0 0 0 
0 0 0 0 0 1 0 0 0 0 0 0 
1 1 1 0 1 1 0 1 3 2 0 0 
2 1 1 0 0 1 0 0 3 1 0 0 
0 1 1 0 0 1 0 0 3 1 1 1 
0 0 1 0 0 1 1 1 3 2 1 1 
1 0 1 0 0 0 0 1 1 1 0 1 
0 0 1 0 0 0 0 0 0 1 0 0 
1 0 1 0 1 1 0 1 2 2 0 0 
2 1 1 0 0 0 0 0 0 0 0 1 
0 0 1 1 0 0 0 0 0 2 0 1 
0 1 1 0 1 1 1 0 1 2 0 1 
MFS
[ - , - , - , - , - , 1 , - , - , 2 , - , - , - ]
[ - , - , 0 , - , - , - , - , - , - , - , - , - ]
precise
0.5
recall
0.3333333333333333
F-measure
0.4
multi
0
time
all 1842 iden 2 gen 893
t-cover
13939
all-cover
14136
coveredNum
(1 : 3193)  (2 : 1968)  (3 : 2245)  (4 : 1826)  (5 : 1273)  (6 : 952)  (7 : 683)  (8 : 507)  (9 : 378)  (10 : 272)  (11 : 196)  (12 : 134)  (13 : 116)  (14 : 91)  (15 : 75)  (16 : 65)  (17 : 46)  (18 : 28)  (19 : 14)  (20 : 10)  (21 : 6)  (22 : 10)  (23 : 10)  (24 : 9)  (25 : 9)  (26 : 6)  (27 : 4)  (28 : 4)  (29 : 3)  (32 : 2)  (33 : 1)  
real Identify
([ - , - , 0 , - , - , - , - , - , - , - , - , - ] : 1)  
testCase Num: 144
regaular Num: 120
identify Num: 24
0 0 1 0 1 0 1 1 0 2 1 0 
0 1 1 0 1 0 0 0 1 1 0 1 
0 0 1 0 0 0 0 0 0 0 0 0 
1 1 1 1 0 0 1 0 0 1 0 0 
1 1 1 1 0 1 0 1 3 1 0 0 
0 0 1 0 0 0 1 0 1 1 0 0 
0 0 1 1 0 0 0 1 0 1 0 0 
0 0 0 0 0 0 0 0 0 1 0 0 
0 1 1 0 0 0 0 1 3 2 1 0 
1 1 1 1 0 1 1 0 1 0 0 1 
0 1 1 0 0 1 0 1 1 1 1 0 
0 0 1 0 1 0 0 1 2 1 1 1 
2 0 1 1 0 1 1 1 3 0 1 0 
0 0 0 1 0 0 0 0 0 0 0 0 
0 0 0 0 0 0 1 0 0 0 0 0 
2 0 1 0 1 0 1 1 1 0 0 0 
0 0 1 1 1 1 1 0 1 2 0 0 
0 1 1 0 0 0 1 1 2 0 1 1 
0 1 1 0 0 0 0 0 3 0 1 0 
1 1 1 0 0 0 0 1 0 1 1 1 
2 0 1 0 0 0 0 0 0 2 0 1 
0 1 1 0 1 1 0 0 0 1 1 0 
0 0 1 1 0 0 1 0 2 1 0 1 
2 0 1 1 0 1 1 1 0 0 0 1 
1 0 1 0 0 0 0 0 2 1 0 0 
2 1 1 1 1 1 1 1 1 1 0 1 
2 1 1 0 1 1 1 1 1 2 1 1 
2 1 1 1 1 1 1 0 2 0 0 0 
2 0 1 0 0 1 1 1 0 1 1 0 
1 0 -1 0 1 1 0 1 2 2 0 0 
1 0 1 0 1 1 0 1 2 1 0 0 
1 0 1 0 0 1 0 1 3 2 1 1 
1 0 1 0 0 1 0 1 2 2 0 0 
0 0 1 0 0 0 0 0 2 2 0 0 
1 1 1 1 1 0 0 1 0 0 0 0 
0 0 1 0 0 1 1 1 1 2 1 1 
0 1 1 0 0 1 1 0 0 0 1 0 
0 1 1 1 0 0 1 1 2 2 0 0 
1 0 1 0 1 1 0 0 2 2 0 0 
2 1 1 1 0 1 0 0 0 1 1 1 
1 1 1 0 1 0 0 0 2 0 0 1 
1 0 1 1 0 1 1 0 3 2 0 0 
0 0 1 1 0 1 0 1 3 0 0 1 
1 1 1 1 0 0 0 0 2 2 1 1 
2 0 1 1 0 0 0 0 3 2 1 0 
0 0 0 0 0 0 0 1 0 0 0 0 
1 0 1 1 1 0 0 1 1 0 1 1 
2 0 1 0 0 1 0 0 3 0 0 0 
0 0 1 0 1 1 0 0 1 0 1 0 
2 0 1 0 0 0 0 0 2 2 0 0 
2 1 1 0 0 0 1 1 0 2 0 0 
1 1 1 1 1 0 0 0 3 2 0 1 
1 1 1 0 1 0 1 1 1 2 1 1 
0 0 0 0 1 0 0 0 0 0 0 0 
2 0 1 0 0 0 1 0 3 1 0 0 
2 1 1 1 0 1 0 0 1 2 1 0 
2 1 1 0 0 0 0 1 3 1 1 1 
2 1 1 1 1 0 1 1 3 2 0 0 
1 0 1 1 0 0 0 0 1 2 0 0 
1 0 1 0 1 0 0 0 0 2 0 0 
2 1 1 0 1 1 0 0 3 2 0 1 
2 1 1 1 1 0 0 0 1 0 1 0 
0 1 0 0 0 0 0 0 0 0 0 0 
0 1 1 1 0 0 1 1 1 0 1 0 
0 1 1 0 0 0 0 0 0 2 1 0 
0 0 1 1 0 0 0 0 0 0 0 0 
0 0 1 0 1 1 1 1 0 1 0 1 
1 0 1 1 1 1 0 1 2 2 0 0 
2 0 1 0 1 0 1 0 2 2 0 1 
2 1 1 1 0 0 0 1 3 0 0 0 
0 0 1 1 0 0 1 0 3 1 0 1 
0 0 0 0 0 0 0 0 1 0 0 0 
0 0 1 1 1 0 1 0 2 0 1 0 
0 1 1 1 1 1 0 0 0 2 0 1 
2 0 1 1 1 0 0 1 3 1 1 1 
2 0 1 1 0 0 0 1 1 2 0 1 
1 0 1 0 0 0 0 0 3 1 0 1 
1 1 1 0 1 1 0 1 3 0 1 0 
1 0 1 1 0 0 1 1 0 2 1 1 
2 1 1 1 0 0 0 0 2 1 1 0 
1 0 1 0 0 1 1 1 0 0 0 1 
1 0 1 0 0 0 0 0 2 0 1 0 
0 1 1 1 0 0 1 0 0 1 1 0 
2 0 1 0 1 0 0 0 3 0 1 1 
2 0 1 1 1 1 0 1 0 2 0 0 
2 0 1 0 0 1 0 0 3 1 0 0 
0 0 1 0 1 1 1 1 3 1 0 0 
2 0 1 0 1 0 0 0 1 1 1 0 
1 0 1 0 0 0 1 0 1 2 1 0 
1 1 1 0 0 0 0 1 1 0 0 0 
1 0 1 0 1 0 0 1 2 2 0 0 
1 0 1 0 1 1 0 1 1 2 0 0 
0 0 1 0 0 0 0 0 3 2 0 0 
2 0 1 0 0 0 0 0 0 0 0 0 
1 0 1 0 1 1 1 1 2 2 0 0 
0 1 1 1 1 0 1 0 3 0 0 1 
1 1 1 0 1 1 0 1 2 2 0 0 
1 1 1 1 0 0 1 1 2 0 0 0 
1 0 1 1 0 0 0 0 3 0 1 0 
1 1 1 0 0 0 1 1 2 1 0 1 
1 0 1 1 1 0 1 1 2 1 1 0 
0 0 1 1 0 0 0 1 1 1 0 1 
2 0 1 0 0 0 1 0 3 0 0 1 
1 0 1 1 0 0 0 0 1 1 1 0 
2 0 1 0 0 0 1 0 1 1 0 0 
0 0 1 1 1 0 0 1 2 2 1 1 
2 0 1 0 1 0 0 1 2 1 1 1 
0 1 1 1 1 1 0 1 0 0 1 1 
0 1 1 0 0 0 0 0 1 2 0 1 
1 0 1 0 1 1 0 1 2 2 0 1 
2 1 1 0 1 0 1 0 0 0 1 1 
2 0 1 0 0 0 0 0 2 0 1 0 
0 0 1 0 0 0 0 0 2 0 0 0 
0 0 0 0 0 0 0 0 0 0 1 0 
2 0 1 1 0 0 0 1 2 0 0 1 
2 0 1 0 0 0 1 0 2 1 0 0 
0 0 0 0 0 0 0 0 0 0 0 1 
1 0 1 1 1 1 1 0 0 0 1 0 
0 0 0 0 0 0 0 0 0 0 0 0 
0 0 1 0 1 1 0 1 1 0 0 1 
2 0 1 0 1 1 0 0 0 2 1 0 
1 0 0 0 0 0 0 0 0 0 0 0 
1 0 1 0 0 0 1 0 2 2 0 1 
1 0 1 0 1 1 0 1 2 2 1 0 
2 0 1 1 1 0 0 0 0 1 0 0 
2 0 1 1 0 0 0 0 2 2 0 0 
0 1 1 0 1 0 0 0 2 1 0 0 
0 1 1 0 0 1 1 0 3 2 1 1 
1 0 1 0 1 0 1 1 3 0 0 1 
0 1 1 0 0 0 0 1 0 2 0 1 
1 1 1 0 0 1 1 0 0 2 0 0 
1 1 1 0 0 0 0 0 1 1 0 0 
2 1 1 0 1 0 0 1 2 0 0 1 
0 0 1 0 1 1 0 1 2 2 0 0 
1 1 1 0 1 0 1 0 3 1 1 0 
1 0 1 1 1 1 1 0 1 1 1 1 
0 1 1 1 1 1 0 0 3 1 1 1 
2 1 1 0 1 0 1 1 2 2 1 0 
1 0 1 0 1 1 0 0 0 1 0 1 
0 0 0 0 0 1 0 0 0 0 0 0 
2 0 1 0 0 1 0 0 1 0 1 1 
1 0 1 0 0 0 0 1 1 1 0 1 
1 0 1 0 1 1 0 1 2 2 0 0 
0 0 1 1 1 0 0 0 3 2 1 0 
MFS
[ - , - , - , - , - , 1 , - , - , 2 , - , - , - ]
[ - , - , 0 , - , - , - , - , - , - , - , - , - ]
precise
0.5
recall
0.3333333333333333
F-measure
0.4
multi
0
time
all 1658 iden 2 gen 922
t-cover
13984
all-cover
14136
coveredNum
(1 : 3156)  (2 : 1888)  (3 : 2160)  (4 : 1821)  (5 : 1388)  (6 : 972)  (7 : 642)  (8 : 497)  (9 : 365)  (10 : 309)  (11 : 243)  (12 : 160)  (13 : 93)  (14 : 77)  (15 : 79)  (16 : 56)  (17 : 55)  (18 : 50)  (19 : 14)  (20 : 19)  (21 : 15)  (22 : 9)  (23 : 8)  (24 : 1)  (25 : 5)  (26 : 12)  (27 : 6)  (28 : 9)  (29 : 4)  (30 : 2)  (31 : 10)  (32 : 3)  (33 : 3)  (34 : 4)  (35 : 1)  
real Identify
([ - , - , 0 , - , - , - , - , - , - , - , - , - ] : 1)  
testCase Num: 138
regaular Num: 114
identify Num: 24
0 1 1 0 1 0 0 0 1 1 0 1 
0 0 1 0 0 0 0 0 0 0 0 0 
0 0 1 1 0 1 0 0 0 1 1 1 
0 0 1 0 1 0 1 0 3 0 0 0 
1 0 1 0 0 1 1 1 3 2 0 0 
1 1 1 1 0 0 0 0 2 0 0 1 
1 1 1 0 0 0 0 0 1 0 1 0 
2 0 1 0 1 1 0 1 0 1 1 0 
1 0 1 1 1 0 1 1 3 0 1 1 
2 0 1 0 0 0 1 0 0 1 0 0 
0 0 0 0 0 0 0 0 0 1 0 0 
1 0 1 1 1 0 1 0 3 2 1 1 
0 0 0 1 0 0 0 0 0 0 0 0 
0 0 0 0 0 0 1 0 0 0 0 0 
0 1 1 0 1 0 1 1 3 1 0 1 
0 1 1 1 1 1 1 0 2 2 0 1 
2 0 1 0 0 0 0 0 2 1 0 0 
1 1 1 1 0 0 0 1 2 2 1 0 
0 1 1 1 1 0 0 0 2 2 0 1 
1 0 1 1 0 1 0 1 1 2 0 0 
0 1 1 1 0 1 1 1 0 2 0 1 
1 1 1 1 1 0 0 0 0 1 1 0 
0 1 1 0 1 0 1 0 1 0 0 0 
1 1 1 1 1 0 1 0 1 2 0 1 
2 0 1 0 1 0 0 1 1 1 0 1 
1 0 1 0 1 0 0 0 2 2 0 1 
2 1 1 0 1 1 1 1 1 2 1 1 
0 0 1 0 1 0 0 1 2 0 0 0 
0 0 1 0 0 0 0 1 1 0 1 0 
0 1 1 0 1 0 1 1 3 2 1 0 
2 1 1 1 1 1 0 1 0 0 0 1 
0 0 1 1 0 0 1 1 2 0 1 1 
1 1 1 0 1 0 0 1 1 2 1 0 
2 1 1 1 0 1 1 0 3 1 1 1 
2 0 1 0 1 0 1 1 2 2 0 1 
2 0 1 1 0 0 0 0 0 0 1 0 
2 0 1 1 1 0 1 0 3 2 1 1 
2 0 1 0 1 1 1 0 3 0 0 0 
2 0 1 1 0 0 1 0 2 0 0 0 
0 1 1 1 0 1 0 0 2 2 0 1 
0 1 1 1 1 1 0 0 2 2 0 0 
0 1 1 1 1 1 0 0 2 2 0 1 
0 0 1 1 0 1 0 1 3 0 0 1 
1 0 1 0 0 0 0 0 3 0 0 0 
0 1 1 1 0 0 0 0 3 0 1 0 
0 1 1 0 0 1 1 0 1 2 1 1 
0 0 0 0 0 0 0 1 0 0 0 0 
1 0 1 1 1 0 0 1 2 1 0 0 
0 0 1 0 0 0 0 0 2 2 1 0 
0 1 1 0 1 0 1 0 0 2 1 0 
2 1 1 1 1 0 1 1 0 2 0 0 
1 1 1 0 0 0 0 0 3 2 0 0 
0 0 0 0 1 0 0 0 0 0 0 0 
0 1 1 1 1 1 0 0 2 2 1 1 
2 0 1 0 0 1 0 1 1 0 1 0 
2 1 1 1 1 1 0 0 2 2 0 1 
2 0 1 0 1 0 1 0 0 0 1 1 
0 1 -1 1 1 1 0 0 2 2 0 1 
0 1 1 0 1 1 0 1 0 0 1 1 
2 1 1 1 0 0 1 1 2 2 1 1 
2 0 1 0 1 0 0 1 2 0 1 0 
2 1 1 1 1 0 0 0 1 0 1 0 
2 1 1 1 0 0 1 1 1 0 0 1 
0 1 0 0 0 0 0 0 0 0 0 0 
0 1 1 1 1 0 1 1 2 0 0 0 
1 1 1 0 0 1 1 1 0 2 0 0 
2 1 1 0 0 0 1 1 2 1 1 0 
2 0 1 1 0 0 0 0 1 2 0 0 
1 1 1 1 0 1 1 1 1 1 1 1 
1 1 1 0 0 0 0 1 2 1 0 1 
1 1 1 1 1 1 0 0 3 1 0 1 
2 0 1 1 1 1 1 0 1 1 0 0 
2 0 1 0 0 0 0 0 1 1 0 0 
0 1 1 1 0 0 1 1 2 1 0 0 
0 0 1 1 0 0 1 0 3 1 0 0 
0 1 1 0 1 1 0 0 2 2 0 1 
2 1 1 0 0 1 0 0 1 2 0 0 
0 0 1 1 0 1 1 1 0 0 0 0 
0 0 0 0 0 0 0 0 1 0 0 0 
0 1 1 1 1 1 0 0 2 1 0 1 
1 1 1 0 1 1 1 0 0 1 0 0 
1 1 1 0 1 1 0 1 3 0 1 0 
1 0 1 0 1 0 0 0 2 0 1 0 
1 0 1 1 0 0 1 0 2 2 0 0 
1 0 1 1 1 1 0 0 0 2 1 1 
2 1 1 0 1 0 0 0 2 2 1 0 
0 0 1 0 0 0 1 1 2 2 0 0 
0 0 1 0 0 0 0 0 3 2 0 0 
1 0 1 1 1 1 1 1 1 0 1 1 
0 0 1 1 1 1 0 0 2 2 0 1 
0 1 1 1 0 1 0 0 1 0 0 1 
0 1 1 1 1 1 0 0 3 2 0 1 
1 0 1 0 0 1 0 0 1 0 0 1 
2 1 1 0 0 0 0 1 2 0 0 1 
1 1 1 1 0 1 1 0 0 0 1 0 
2 0 1 1 1 0 0 1 3 1 0 0 
1 0 1 0 0 0 0 0 3 1 1 1 
0 0 1 0 0 1 1 1 3 1 1 1 
0 1 1 0 1 0 0 0 2 1 1 0 
1 0 1 0 0 0 1 0 1 1 0 0 
2 1 1 0 0 0 0 0 3 0 1 1 
0 1 1 0 0 0 0 0 3 1 0 0 
2 0 1 0 0 0 0 0 3 1 0 0 
2 1 1 1 0 0 0 0 0 1 0 1 
0 0 1 0 0 0 0 0 2 0 0 0 
1 1 1 1 0 0 1 1 3 0 0 0 
2 1 1 0 0 1 0 0 0 2 1 0 
1 0 1 0 0 1 1 1 3 1 0 0 
1 0 1 0 0 0 0 0 0 2 0 0 
2 1 1 0 0 0 0 1 3 2 0 1 
1 0 1 0 0 0 1 1 2 0 0 1 
0 0 0 0 0 0 0 0 0 0 1 0 
0 0 1 1 1 0 0 1 1 2 1 1 
0 0 0 0 0 0 0 0 0 0 0 1 
0 0 0 0 0 0 0 0 0 0 0 0 
1 1 1 0 1 0 1 0 2 0 1 1 
1 0 1 0 1 0 0 0 1 1 0 0 
2 1 1 0 1 1 0 0 1 1 1 1 
0 1 1 1 1 1 0 1 2 2 0 1 
1 0 0 0 0 0 0 0 0 0 0 0 
1 1 1 0 0 0 0 1 0 2 1 1 
0 0 1 0 1 1 0 0 3 1 1 0 
1 0 1 1 1 0 0 1 0 0 0 0 
0 0 1 0 1 1 1 1 1 2 0 0 
2 0 1 1 0 1 0 1 3 2 1 0 
2 0 1 0 0 1 1 1 0 2 0 1 
0 0 1 1 0 0 1 0 1 1 1 0 
0 1 1 0 1 0 0 1 0 1 0 1 
0 0 1 0 0 0 1 0 2 1 0 1 
1 0 1 0 0 0 1 1 0 1 0 1 
1 1 1 0 0 0 0 0 0 0 0 1 
0 0 0 0 0 1 0 0 0 0 0 0 
2 1 1 1 1 0 1 1 3 0 0 0 
2 0 1 1 1 0 0 0 2 1 1 1 
1 0 1 0 1 0 1 0 2 1 1 0 
0 1 1 1 0 1 0 1 1 1 0 0 
0 0 1 1 1 0 1 1 0 1 1 0 
0 0 1 1 0 0 0 0 0 2 0 0 
MFS
[ - , - , - , - , - , 1 , - , - , 2 , - , - , - ]
[ - , - , 0 , - , - , - , - , - , - , - , - , - ]
precise
0.5
recall
0.3333333333333333
F-measure
0.4
multi
0
time
all 1766 iden 2 gen 868
t-cover
13939
all-cover
14136
coveredNum
(1 : 3214)  (2 : 2090)  (3 : 2284)  (4 : 1734)  (5 : 1321)  (6 : 929)  (7 : 666)  (8 : 475)  (9 : 348)  (10 : 301)  (11 : 179)  (12 : 131)  (13 : 94)  (14 : 87)  (15 : 60)  (16 : 46)  (17 : 44)  (18 : 28)  (19 : 19)  (20 : 22)  (21 : 8)  (22 : 10)  (23 : 3)  (24 : 7)  (25 : 6)  (26 : 8)  (27 : 5)  (28 : 5)  (29 : 3)  (30 : 6)  (31 : 2)  (32 : 1)  
real Identify
([ - , - , 0 , - , - , - , - , - , - , - , - , - ] : 1)  
testCase Num: 159
regaular Num: 123
identify Num: 36
2 1 1 1 1 0 1 0 0 0 1 1 
0 1 1 0 0 0 0 0 1 1 0 1 
1 0 1 0 0 1 0 1 0 2 0 0 
0 0 1 0 0 0 0 0 0 0 0 0 
0 0 1 1 1 1 1 0 0 0 0 0 
0 1 1 1 0 0 0 0 1 0 0 0 
1 1 1 0 1 0 1 0 0 2 0 1 
1 0 1 0 0 1 1 1 2 1 1 1 
0 0 1 0 0 0 1 0 3 0 0 0 
2 0 1 0 1 1 0 1 1 2 0 0 
2 1 1 0 0 0 0 1 2 2 1 1 
2 0 1 0 0 0 1 0 2 0 0 0 
2 0 1 1 0 0 0 1 2 1 0 0 
0 0 0 0 0 0 0 0 0 1 0 0 
0 1 1 0 0 0 0 1 3 2 1 0 
1 0 -1 0 0 1 1 0 2 1 1 1 
0 1 1 1 0 0 0 1 1 2 0 0 
2 1 1 1 0 0 1 1 3 2 1 0 
0 0 0 1 0 0 0 0 0 0 0 0 
1 1 1 1 0 0 0 0 3 2 0 1 
0 0 0 0 0 0 1 0 0 0 0 0 
1 0 1 1 0 0 1 0 0 1 0 0 
2 0 1 0 0 1 1 1 0 0 0 0 
1 1 1 0 0 0 0 1 0 1 1 1 
1 1 1 1 1 1 1 1 3 0 0 1 
1 0 1 0 0 0 0 1 3 1 1 0 
2 0 1 1 1 1 0 1 3 0 1 0 
0 0 1 0 1 1 0 0 0 2 0 0 
2 1 -1 0 0 1 0 1 2 2 1 1 
0 0 1 0 0 1 1 0 2 1 1 1 
1 0 1 0 0 1 1 0 3 1 1 1 
1 0 1 1 0 0 1 1 2 2 0 1 
2 1 1 0 0 0 1 1 1 0 0 1 
0 0 1 0 0 0 0 0 0 0 0 1 
2 0 1 0 1 0 0 0 3 2 0 1 
1 0 1 0 0 0 1 0 2 1 1 1 
2 0 1 1 0 0 0 0 0 0 1 0 
1 0 1 0 0 1 0 1 2 0 0 0 
0 0 1 1 1 1 1 0 3 2 1 0 
2 1 1 1 1 0 1 0 2 2 1 0 
0 1 1 1 1 1 1 0 1 2 0 1 
0 0 1 0 0 0 0 0 1 1 1 1 
0 0 1 1 0 1 1 0 2 0 0 0 
2 1 1 0 0 1 0 1 3 2 1 1 
1 1 1 1 0 0 1 0 0 0 0 1 
2 1 1 0 0 1 1 1 2 2 1 1 
1 0 1 1 0 1 1 0 2 1 1 1 
1 0 1 0 0 1 1 0 2 0 1 1 
0 1 1 0 1 1 1 1 2 0 0 0 
2 0 1 1 0 1 0 0 2 0 1 0 
2 1 1 1 0 1 0 1 2 2 1 1 
0 1 1 0 0 0 1 1 2 1 1 0 
0 0 0 0 0 0 0 1 0 0 0 0 
1 1 1 1 0 1 1 1 0 0 1 0 
0 0 1 0 1 0 0 0 2 1 1 1 
2 0 1 0 0 0 0 0 2 2 0 0 
0 0 1 0 0 0 1 1 1 0 1 0 
2 1 1 0 0 1 0 1 2 0 1 1 
0 0 0 0 1 0 0 0 0 0 0 0 
1 0 1 0 1 0 1 1 3 2 0 0 
0 0 1 1 0 0 0 1 2 2 1 0 
0 0 1 0 1 1 0 1 3 1 0 0 
1 1 1 0 1 0 1 0 2 1 0 0 
2 1 1 0 0 1 0 0 2 2 1 1 
0 1 1 0 0 0 1 0 2 2 0 1 
0 1 0 0 0 0 0 0 0 0 0 0 
2 0 1 0 1 1 0 0 1 1 1 0 
1 0 1 1 1 1 1 1 1 1 0 1 
1 0 1 1 0 0 0 1 2 2 1 0 
0 0 1 1 1 1 1 0 1 0 1 0 
1 0 1 0 1 1 0 1 0 0 0 1 
1 1 1 1 0 1 0 0 3 1 0 0 
2 0 1 1 0 1 1 0 3 0 0 0 
0 1 1 1 1 0 1 0 3 1 1 1 
1 0 1 1 0 1 0 0 3 2 1 0 
0 0 1 0 1 0 0 1 1 2 1 1 
2 0 1 0 0 1 0 1 2 2 1 1 
2 0 1 0 0 0 0 1 0 2 1 1 
0 0 0 0 0 0 0 0 1 0 0 0 
2 1 1 1 1 0 1 1 1 1 1 0 
1 0 1 0 0 1 1 0 2 1 1 0 
1 0 1 0 0 1 1 0 2 1 1 1 
1 0 1 0 1 1 1 0 2 1 1 1 
2 1 1 0 0 1 0 0 1 2 1 0 
1 1 1 1 0 0 0 0 1 1 0 0 
0 0 1 1 1 1 0 1 0 1 1 1 
2 1 1 0 0 1 0 1 2 2 1 1 
1 0 1 1 1 1 0 0 0 2 1 0 
2 0 1 0 1 0 1 1 0 1 1 0 
2 0 1 0 1 1 1 0 2 0 0 1 
1 1 1 1 1 1 0 0 2 0 0 0 
2 1 1 0 1 0 1 0 3 0 1 0 
1 0 1 0 1 0 0 1 2 2 0 1 
1 1 1 0 1 1 0 0 1 0 1 0 
1 0 1 1 0 1 0 1 1 0 0 0 
2 0 1 0 0 0 0 0 3 1 1 0 
2 1 1 0 1 1 0 1 2 2 1 1 
2 0 1 1 0 1 0 0 0 1 1 1 
2 1 1 0 1 1 0 0 0 1 0 1 
0 0 1 0 0 1 0 1 0 1 0 0 
2 0 1 1 1 0 0 1 3 1 0 1 
2 0 1 0 0 0 1 0 1 1 0 1 
2 0 1 0 0 0 1 0 3 0 0 1 
0 0 1 1 0 0 0 1 3 0 1 1 
0 1 1 0 1 0 0 1 0 0 1 0 
2 0 1 0 1 0 0 1 2 1 1 0 
1 0 1 0 0 1 1 0 2 1 0 1 
1 0 1 0 1 1 1 0 0 1 0 1 
1 1 1 1 1 0 0 1 2 0 0 0 
2 0 1 1 1 0 0 0 1 0 0 1 
0 1 1 1 0 0 0 0 3 0 0 0 
1 1 1 0 1 1 1 1 1 2 1 1 
0 1 1 0 1 0 0 0 3 2 0 0 
1 0 1 0 0 1 0 1 3 0 1 0 
2 1 1 1 1 1 0 1 0 2 0 0 
2 0 1 0 0 0 0 0 1 2 0 0 
0 0 1 0 1 0 0 0 2 2 0 0 
1 1 1 1 1 0 0 0 3 1 1 0 
0 1 1 1 0 1 0 0 2 0 0 1 
2 0 1 0 0 0 1 0 0 2 0 0 
1 0 1 1 1 0 0 0 1 2 0 0 
1 1 1 0 0 0 0 0 2 2 0 0 
0 0 0 0 0 0 0 0 0 0 1 0 
0 0 0 0 0 0 0 0 0 0 0 1 
2 1 1 0 0 1 1 1 3 1 0 0 
0 0 0 0 0 0 0 0 0 0 0 0 
0 0 1 0 1 0 0 1 1 0 0 0 
0 1 1 0 1 1 0 0 3 0 0 1 
1 1 1 0 0 0 1 0 1 2 0 0 
1 1 1 1 1 0 0 1 2 1 1 1 
0 1 1 1 0 1 0 1 1 1 1 0 
0 0 1 1 0 1 1 0 1 1 0 0 
1 0 0 0 0 0 0 0 0 0 0 0 
0 0 1 1 0 0 1 1 0 2 0 1 
2 0 1 1 0 1 1 0 1 2 1 1 
0 0 1 0 0 0 0 0 3 1 0 0 
0 0 1 0 1 0 0 0 1 1 0 0 
2 1 1 1 0 0 1 0 2 1 0 1 
1 0 1 0 0 0 0 1 1 1 1 0 
0 0 1 0 0 1 1 1 3 2 0 1 
2 1 1 0 0 1 0 1 2 2 1 0 
0 0 1 1 0 1 0 1 2 0 1 0 
1 0 1 0 0 1 0 0 2 1 1 1 
1 1 1 0 0 0 0 0 3 0 0 0 
1 0 1 1 0 0 0 0 1 0 1 1 
1 1 1 0 0 1 1 0 2 1 1 1 
0 0 0 0 0 1 0 0 0 0 0 0 
0 1 1 0 0 1 0 1 1 0 0 1 
0 1 1 0 0 1 0 1 2 2 1 1 
0 1 1 0 0 1 1 0 0 2 1 1 
2 1 1 0 0 1 0 1 2 2 0 1 
0 0 1 1 1 0 1 1 2 0 1 1 
2 0 1 0 0 1 0 0 1 0 1 0 
2 0 1 0 0 0 1 1 2 0 0 0 
0 1 1 1 1 0 1 0 0 1 0 0 
2 1 1 0 0 0 0 0 0 0 0 0 
1 0 1 0 0 0 1 0 1 0 0 0 
0 0 1 1 0 0 0 0 2 1 0 0 
0 0 1 0 1 1 0 0 2 0 1 0 
MFS
[ - , - , - , - , - , 1 , - , - , 2 , 1 , - , - ]
[ - , - , - , - , - , 1 , - , - , 2 , 2 , - , - ]
[ - , - , 0 , - , - , - , - , - , - , - , - , - ]
precise
1.0
recall
1.0
F-measure
1.0
multi
0
time
all 2153 iden 4 gen 978
t-cover
14136
all-cover
14136
coveredNum
(1 : 2952)  (2 : 1830)  (3 : 2087)  (4 : 1822)  (5 : 1391)  (6 : 966)  (7 : 773)  (8 : 510)  (9 : 411)  (10 : 305)  (11 : 255)  (12 : 199)  (13 : 141)  (14 : 86)  (15 : 68)  (16 : 77)  (17 : 70)  (18 : 47)  (19 : 43)  (20 : 19)  (21 : 16)  (22 : 5)  (23 : 7)  (24 : 5)  (25 : 5)  (26 : 9)  (27 : 4)  (28 : 9)  (29 : 12)  (30 : 7)  (31 : 1)  (32 : 2)  (33 : 1)  (34 : 1)  
real Identify
([ - , - , - , - , - , 1 , - , - , 2 , 1 , - , - ] : 1)  ([ - , - , - , - , - , 1 , - , - , 2 , 2 , - , - ] : 1)  ([ - , - , 0 , - , - , - , - , - , - , - , - , - ] : 1)  
testCase Num: 151
regaular Num: 115
identify Num: 36
0 1 1 0 1 1 1 0 2 0 1 0 
2 1 1 1 0 1 0 1 3 0 1 1 
0 0 1 0 0 0 0 0 0 0 0 0 
0 1 1 1 1 0 1 0 2 1 0 0 
2 1 1 1 0 0 1 0 3 0 0 0 
1 0 1 1 0 1 1 1 2 0 1 0 
1 0 1 1 0 0 1 1 2 2 0 0 
0 1 1 0 1 1 1 1 1 0 0 1 
1 1 1 1 0 1 1 0 1 0 1 0 
0 0 0 0 0 0 0 0 0 1 0 0 
1 0 1 0 0 0 0 0 1 0 0 0 
2 0 1 0 1 1 0 1 0 1 0 1 
0 0 0 1 0 0 0 0 0 0 0 0 
0 0 0 0 0 0 1 0 0 0 0 0 
1 0 1 1 0 0 1 0 0 1 0 0 
2 1 1 0 1 1 1 0 3 2 0 1 
0 0 1 1 1 1 1 0 1 2 0 1 
1 0 1 0 1 0 1 0 0 2 0 1 
1 1 1 0 1 0 0 1 1 2 0 0 
0 0 1 1 0 1 1 0 2 0 1 1 
2 0 1 0 1 1 1 0 2 2 0 1 
2 0 1 1 0 0 0 1 3 2 0 1 
2 1 1 1 1 1 0 0 0 2 0 0 
2 0 1 1 1 1 1 1 1 0 0 0 
0 1 1 1 1 1 0 0 3 0 1 0 
1 1 1 0 1 1 1 0 1 1 0 1 
2 0 1 0 0 1 0 1 0 2 1 1 
1 0 1 0 1 0 0 0 2 2 0 0 
1 0 1 0 1 0 0 0 3 0 1 1 
0 0 1 0 0 0 0 1 2 1 0 0 
2 1 1 0 0 1 0 0 2 1 1 0 
1 1 1 0 0 1 0 1 2 1 1 0 
2 0 1 0 0 0 1 1 1 0 1 1 
2 1 1 0 0 1 1 0 2 2 0 1 
0 0 1 0 1 0 0 0 3 2 1 1 
0 1 1 0 0 0 1 1 0 2 0 1 
0 1 1 1 1 1 1 0 0 1 1 1 
0 0 1 0 0 0 0 0 2 2 0 0 
0 1 1 1 1 0 0 0 0 2 1 0 
1 1 1 1 0 0 0 1 0 2 0 1 
0 0 1 0 0 1 1 0 3 1 1 1 
2 1 1 0 0 0 1 0 0 0 1 0 
1 1 1 0 1 0 1 1 2 0 1 0 
2 0 1 0 0 1 0 1 2 1 1 0 
2 0 1 0 0 0 0 1 2 1 0 1 
1 1 1 1 0 0 0 0 2 2 1 1 
2 0 1 1 1 1 0 0 3 1 0 1 
0 1 1 1 0 1 0 1 2 0 0 1 
2 1 1 1 0 0 1 0 0 1 0 1 
2 1 1 0 1 1 1 0 2 2 1 1 
2 0 1 0 1 1 0 0 3 0 0 0 
0 0 0 0 0 0 0 1 0 0 0 0 
2 1 -1 0 1 1 1 0 2 2 0 1 
2 0 1 1 0 0 0 0 2 0 0 0 
2 0 1 0 1 0 0 0 0 2 0 0 
2 1 1 1 0 1 0 1 2 1 1 0 
2 1 1 0 0 1 0 1 2 0 1 0 
2 0 1 0 0 1 0 0 1 2 0 1 
2 1 -1 0 0 1 0 1 2 1 1 0 
0 0 1 1 0 1 0 0 0 1 0 1 
2 0 1 0 0 1 1 0 0 1 0 0 
2 1 1 1 1 0 1 1 0 2 0 0 
0 0 0 0 1 0 0 0 0 0 0 0 
1 0 1 0 1 0 0 0 2 1 0 0 
2 1 1 1 1 0 0 0 1 0 1 1 
0 1 0 0 0 0 0 0 0 0 0 0 
0 1 1 0 0 1 1 0 0 0 1 1 
0 1 1 0 1 0 0 0 3 1 0 1 
2 1 1 0 1 1 1 0 2 2 0 0 
2 1 1 0 1 1 1 0 2 2 0 1 
0 0 1 0 0 1 0 0 3 0 0 0 
1 1 1 1 0 1 0 0 3 1 0 0 
0 0 1 0 0 0 0 0 2 1 0 0 
2 0 1 1 1 1 1 0 0 0 1 1 
1 1 1 1 1 0 0 0 3 0 1 0 
0 0 1 0 1 1 1 1 0 1 0 0 
1 1 1 1 1 0 1 1 3 1 0 1 
1 0 1 1 1 1 0 1 1 1 1 1 
2 1 1 0 0 1 0 1 2 1 0 0 
1 0 1 0 0 1 1 1 3 0 0 0 
0 0 0 0 0 0 0 0 1 0 0 0 
1 0 1 0 0 0 1 1 2 1 0 1 
2 1 1 0 0 1 1 1 2 1 1 0 
1 0 1 1 0 0 0 0 1 2 1 1 
1 1 1 0 0 1 1 0 2 0 0 1 
0 1 1 0 0 1 0 1 3 2 1 0 
1 0 1 0 0 1 1 1 1 2 1 1 
0 0 1 1 0 1 0 1 1 2 0 0 
0 1 1 0 1 1 1 0 2 2 0 1 
1 0 1 0 0 0 1 0 0 0 0 0 
2 1 1 0 0 1 0 1 2 1 1 0 
2 1 1 0 1 0 1 0 2 2 0 1 
2 1 1 0 0 1 0 1 2 1 1 1 
1 0 1 1 0 1 1 0 0 2 1 0 
2 0 1 1 1 1 1 1 2 0 1 1 
0 1 1 1 0 0 0 1 1 0 1 1 
2 0 1 1 0 0 1 1 1 1 1 1 
0 1 1 0 1 0 1 1 3 0 1 1 
2 1 1 1 1 1 1 0 2 2 0 1 
1 0 1 0 1 1 0 1 0 0 0 0 
0 0 1 0 0 1 0 0 1 0 0 0 
0 0 1 0 1 0 0 0 1 1 1 0 
0 0 1 1 0 1 1 0 1 1 1 0 
2 1 1 0 1 0 1 0 1 1 0 0 
0 0 1 0 0 0 0 0 2 0 0 1 
1 1 1 1 1 0 1 1 0 0 1 1 
2 1 1 0 0 1 0 1 1 1 1 0 
1 0 1 0 1 1 0 0 2 0 0 0 
0 1 1 1 1 0 1 1 2 2 0 0 
0 1 1 0 0 0 1 0 1 2 1 0 
0 0 1 1 1 0 1 0 3 2 0 0 
0 0 0 0 0 0 0 0 0 0 1 0 
0 0 1 1 1 0 0 1 3 0 0 1 
2 1 1 0 0 0 0 1 2 1 1 0 
2 0 1 0 0 0 1 0 2 1 0 0 
0 0 0 0 0 0 0 0 0 0 0 1 
0 0 0 0 0 0 0 0 0 0 0 0 
0 0 1 1 1 0 0 1 0 0 1 0 
0 1 1 1 0 0 0 1 1 1 0 1 
2 1 1 1 1 0 1 1 1 2 1 0 
2 0 1 0 0 0 0 1 0 0 0 0 
2 1 1 0 1 1 0 0 2 2 0 1 
0 0 1 0 1 0 0 1 2 2 1 1 
2 1 1 1 0 0 0 1 2 2 0 0 
1 1 1 1 1 0 0 1 2 1 1 1 
1 0 0 0 0 0 0 0 0 0 0 0 
1 0 1 0 0 0 1 0 1 1 1 0 
1 1 1 0 1 0 0 1 0 1 1 0 
1 0 1 1 1 1 1 1 3 2 1 0 
1 0 1 0 1 0 0 1 1 0 1 1 
0 0 1 0 0 1 0 0 0 2 0 0 
2 1 1 0 1 1 0 1 2 1 1 0 
0 1 1 1 0 0 1 0 2 1 1 1 
1 1 1 1 0 1 0 1 0 0 0 1 
2 0 1 0 0 0 1 0 2 2 1 0 
2 0 1 1 0 0 0 1 0 1 1 0 
2 1 1 0 1 1 1 1 2 2 0 1 
1 0 1 0 0 0 0 0 3 2 1 0 
1 1 1 0 0 1 1 0 3 2 0 1 
2 1 1 1 0 0 0 0 3 2 1 0 
0 0 0 0 0 1 0 0 0 0 0 0 
0 1 1 1 0 0 1 1 3 1 1 0 
1 1 1 0 0 1 0 0 0 1 1 1 
1 0 1 1 0 0 1 0 1 1 0 1 
2 0 1 0 1 0 1 1 3 1 1 0 
1 1 1 0 0 1 0 0 1 2 0 1 
0 0 1 0 0 0 0 0 0 1 0 0 
2 1 1 0 1 1 1 0 2 0 0 1 
2 0 1 1 1 0 0 0 2 1 1 0 
2 1 1 0 0 0 0 0 3 1 1 0 
1 0 1 0 0 1 0 1 3 1 1 0 
MFS
[ - , - , - , - , - , 1 , - , - , 2 , 1 , - , - ]
[ - , - , - , - , - , 1 , - , - , 2 , 2 , - , - ]
[ - , - , 0 , - , - , - , - , - , - , - , - , - ]
precise
1.0
recall
1.0
F-measure
1.0
multi
0
time
all 2046 iden 3 gen 910
t-cover
14136
all-cover
14136
coveredNum
(1 : 3029)  (2 : 1906)  (3 : 2193)  (4 : 1864)  (5 : 1422)  (6 : 991)  (7 : 703)  (8 : 536)  (9 : 411)  (10 : 251)  (11 : 166)  (12 : 163)  (13 : 109)  (14 : 123)  (15 : 81)  (16 : 58)  (17 : 39)  (18 : 23)  (19 : 6)  (20 : 7)  (21 : 4)  (22 : 6)  (23 : 12)  (24 : 11)  (25 : 8)  (26 : 8)  (27 : 4)  (28 : 2)  
real Identify
([ - , - , - , - , - , 1 , - , - , 2 , 1 , - , - ] : 1)  ([ - , - , - , - , - , 1 , - , - , 2 , 2 , - , - ] : 1)  ([ - , - , 0 , - , - , - , - , - , - , - , - , - ] : 1)  
testCase Num: 144
regaular Num: 120
identify Num: 24
0 1 1 1 1 1 1 0 1 1 0 1 
1 0 1 0 0 0 0 1 3 1 0 0 
2 1 1 0 0 1 1 0 2 1 0 0 
0 0 1 0 0 0 0 0 0 0 0 0 
2 1 1 0 1 1 1 0 1 0 1 0 
1 0 1 0 1 1 1 1 3 2 0 1 
1 0 1 0 0 1 0 0 3 1 1 0 
2 0 1 1 1 1 0 0 0 2 0 1 
0 0 1 0 1 0 1 0 0 0 1 1 
2 0 1 0 0 0 1 0 2 0 0 0 
0 0 1 0 0 1 0 1 1 1 0 0 
0 0 0 0 0 0 0 0 0 1 0 0 
1 0 1 0 0 1 0 0 1 2 0 1 
1 0 1 1 1 0 1 0 3 2 1 0 
1 0 1 0 1 0 0 0 1 0 0 1 
2 0 1 0 0 0 0 1 2 2 0 0 
1 0 1 0 1 1 1 0 1 1 0 0 
0 0 1 0 1 0 0 1 2 1 1 1 
2 1 1 0 1 1 0 0 2 1 0 0 
1 0 1 0 1 1 1 1 0 2 0 1 
0 0 1 1 0 1 0 1 1 0 0 1 
0 0 0 1 0 0 0 0 0 0 0 0 
0 0 0 0 0 0 1 0 0 0 0 0 
1 1 1 1 0 0 1 1 1 1 1 1 
2 1 1 0 1 1 1 0 2 1 1 0 
0 0 1 0 1 1 1 1 1 0 0 0 
1 0 1 1 1 0 0 1 3 0 1 1 
0 0 1 1 0 0 0 0 0 0 1 1 
1 1 1 1 0 1 1 1 3 1 0 1 
0 0 1 0 0 0 0 0 3 0 0 0 
0 0 1 0 0 0 0 0 1 1 0 0 
2 1 1 1 1 0 0 1 2 0 0 1 
1 0 1 1 0 0 0 0 2 0 0 1 
1 1 1 0 1 0 0 0 3 2 0 1 
1 0 1 1 1 0 0 0 2 1 0 0 
2 0 1 0 1 0 1 0 0 1 1 0 
1 1 1 0 1 0 0 0 2 1 1 0 
0 1 1 1 0 1 0 0 3 1 1 0 
2 1 1 1 0 0 1 1 2 1 1 1 
1 1 1 1 0 0 0 0 0 2 0 0 
1 0 1 1 0 0 1 0 1 2 0 0 
2 1 1 0 1 0 0 0 0 0 0 0 
0 1 1 1 0 0 0 0 2 1 1 0 
2 0 1 0 1 0 0 0 3 2 0 0 
2 1 1 0 1 1 1 0 2 1 0 0 
2 1 1 0 1 1 1 0 2 1 0 1 
2 0 1 0 0 0 0 0 1 0 0 0 
0 0 1 0 1 0 0 0 0 1 0 0 
1 1 1 0 0 1 0 1 1 2 0 0 
0 0 1 0 0 1 1 0 1 2 1 0 
0 1 1 1 0 0 1 1 2 2 0 1 
0 1 1 0 0 0 1 0 1 0 1 1 
1 0 1 1 0 0 1 1 0 0 0 0 
0 0 1 0 0 0 1 0 3 1 0 1 
1 1 1 0 1 0 1 1 2 0 1 0 
0 0 1 1 0 0 0 1 0 2 0 0 
1 1 1 0 0 0 0 0 3 2 1 0 
1 1 1 0 1 1 1 0 2 1 0 0 
1 0 1 0 0 0 0 0 1 1 0 0 
0 0 1 1 1 1 0 1 3 2 0 0 
2 0 1 0 0 0 1 1 3 0 0 1 
0 0 0 0 0 0 0 1 0 0 0 0 
2 1 1 0 1 0 1 0 2 1 0 0 
0 0 1 0 0 1 0 0 0 0 0 0 
0 0 1 1 0 0 0 0 1 2 0 1 
0 0 1 0 0 0 0 0 2 2 1 0 
2 1 1 1 1 0 0 1 3 1 1 1 
2 1 1 0 0 0 1 1 0 2 0 0 
0 0 1 1 0 1 1 1 0 1 1 0 
0 0 0 0 1 0 0 0 0 0 0 0 
0 0 1 0 1 0 1 0 2 2 0 0 
0 1 1 1 1 0 0 1 0 0 0 1 
0 1 1 1 0 0 0 1 3 2 1 1 
1 0 1 0 1 0 0 0 2 1 0 1 
2 1 1 0 0 1 0 1 0 1 0 1 
0 0 1 0 0 1 1 0 0 1 0 0 
0 1 0 0 0 0 0 0 0 0 0 0 
1 1 1 1 0 1 0 0 0 0 1 0 
2 0 1 1 0 0 0 0 1 2 0 0 
2 1 1 0 1 1 1 0 2 2 0 0 
1 1 1 0 1 0 0 1 2 2 0 0 
2 0 1 1 1 0 0 0 3 0 0 0 
1 0 1 1 0 0 0 1 2 2 1 0 
1 1 1 0 0 0 0 1 1 0 1 0 
1 1 1 1 1 0 0 1 0 1 0 0 
2 0 1 0 1 1 1 0 1 2 0 0 
2 0 1 0 0 0 0 1 0 2 1 1 
0 0 0 0 0 0 0 0 1 0 0 0 
1 0 1 0 0 0 1 1 2 1 0 1 
0 1 1 0 1 0 0 1 1 1 1 0 
0 1 1 0 0 1 0 1 0 1 0 1 
2 1 1 1 0 1 0 0 3 0 1 1 
1 1 1 1 0 0 1 0 2 2 1 1 
1 0 1 0 1 0 0 0 3 1 0 0 
2 1 1 0 0 1 0 1 1 0 0 1 
2 1 -1 0 1 1 1 0 2 1 0 0 
2 0 1 1 0 0 1 1 1 1 0 0 
2 1 1 0 1 0 1 1 1 2 1 1 
1 1 1 0 1 0 1 0 0 0 1 1 
0 0 1 1 0 0 1 1 2 1 0 0 
0 1 1 0 0 0 0 0 2 0 0 0 
2 0 1 1 0 0 0 0 2 1 0 0 
1 0 1 1 1 1 1 1 1 0 1 1 
0 1 1 0 0 0 1 0 3 2 0 0 
2 1 1 0 1 1 1 1 2 1 0 0 
2 1 1 1 0 0 0 1 0 1 1 0 
2 0 1 0 0 0 0 1 2 0 1 0 
0 0 1 1 1 1 1 1 3 1 1 0 
0 1 1 1 0 0 1 1 2 0 0 0 
2 0 1 0 0 1 0 0 3 2 1 1 
1 0 1 0 0 0 1 0 3 0 0 0 
2 0 1 1 1 0 0 0 1 0 0 0 
1 1 1 0 0 1 0 1 3 0 0 0 
1 0 1 1 1 1 0 0 0 1 0 1 
2 1 1 1 0 0 0 0 1 0 1 0 
2 1 1 0 0 0 0 0 2 2 0 1 
0 1 1 1 1 0 0 0 2 0 1 0 
0 1 1 0 1 0 1 1 3 0 1 0 
0 1 1 0 0 0 0 0 1 2 0 0 
2 1 1 1 0 1 1 0 0 0 0 1 
2 0 1 0 0 0 0 0 3 1 0 0 
1 0 1 0 0 0 0 1 0 0 1 0 
0 0 1 1 0 1 1 0 3 0 1 1 
0 0 1 0 1 0 1 0 2 0 1 1 
0 0 0 0 0 0 0 0 0 0 1 0 
2 0 1 0 1 1 0 1 0 0 1 0 
0 0 1 1 1 0 0 1 1 2 1 0 
0 0 0 0 0 0 0 0 0 0 0 1 
0 0 0 0 0 0 0 0 0 0 0 0 
1 0 1 0 0 1 0 0 0 2 1 0 
1 1 1 0 0 0 1 0 0 1 1 1 
0 1 1 1 1 0 1 0 0 2 1 0 
2 1 1 0 1 0 0 0 1 1 0 1 
2 1 1 0 1 1 1 0 3 1 0 0 
1 0 0 0 0 0 0 0 0 0 0 0 
1 1 1 1 1 1 0 0 1 2 1 0 
2 0 1 0 1 1 1 0 2 1 0 0 
2 0 1 1 1 0 1 0 2 2 1 1 
2 1 1 1 0 1 1 1 3 2 1 0 
0 1 1 0 1 1 0 0 3 0 1 1 
0 0 0 0 0 1 0 0 0 0 0 0 
2 0 1 1 0 1 0 0 1 1 1 1 
0 1 1 0 1 1 0 1 0 2 1 1 
2 1 1 1 1 1 1 0 2 1 0 0 
MFS
[ - , - , - , - , - , 1 , - , - , 2 , - , - , - ]
[ - , - , 0 , - , - , - , - , - , - , - , - , - ]
precise
0.5
recall
0.3333333333333333
F-measure
0.4
multi
0
time
all 1839 iden 3 gen 888
t-cover
13939
all-cover
14136
coveredNum
(1 : 3177)  (2 : 1909)  (3 : 2116)  (4 : 1793)  (5 : 1369)  (6 : 1004)  (7 : 649)  (8 : 466)  (9 : 415)  (10 : 301)  (11 : 226)  (12 : 158)  (13 : 106)  (14 : 76)  (15 : 83)  (16 : 75)  (17 : 57)  (18 : 30)  (19 : 27)  (20 : 13)  (21 : 12)  (22 : 9)  (23 : 6)  (24 : 4)  (25 : 4)  (26 : 4)  (27 : 6)  (28 : 14)  (29 : 7)  (30 : 7)  (31 : 5)  (32 : 5)  (33 : 1)  (34 : 1)  (36 : 1)  
real Identify
([ - , - , 0 , - , - , - , - , - , - , - , - , - ] : 1)  
testCase Num: 152
regaular Num: 116
identify Num: 36
0 0 1 1 0 0 0 0 1 1 1 0 
1 0 1 0 0 1 0 1 2 1 0 1 
1 1 1 1 1 1 1 1 0 0 0 1 
0 0 1 0 0 0 0 0 0 0 0 0 
1 1 1 1 0 0 0 1 1 1 1 1 
0 1 1 1 0 0 1 0 2 1 0 0 
2 0 1 1 0 1 0 1 3 0 0 1 
2 0 1 0 0 1 1 0 2 2 1 1 
1 1 1 0 0 1 0 1 0 2 1 0 
0 0 1 0 1 0 1 0 3 0 0 1 
1 0 1 0 0 1 0 0 0 0 0 0 
0 0 1 1 0 0 0 1 0 1 0 1 
0 0 0 0 0 0 0 0 0 1 0 0 
0 1 1 1 1 0 0 1 1 2 0 1 
2 1 1 1 0 1 0 0 2 0 0 0 
1 0 1 0 0 0 0 0 2 2 1 0 
1 1 1 0 1 0 1 0 2 1 1 0 
0 0 1 0 1 0 0 1 2 1 1 1 
0 0 0 1 0 0 0 0 0 0 0 0 
0 0 0 0 0 0 1 0 0 0 0 0 
0 1 1 0 1 0 0 0 3 0 1 0 
0 0 1 0 0 1 0 0 2 0 0 1 
1 0 1 0 0 1 0 1 2 1 1 1 
0 1 1 0 0 0 0 0 2 2 0 0 
1 0 1 0 1 0 0 1 2 0 0 0 
2 1 1 0 0 1 1 0 2 2 1 1 
2 1 1 0 0 1 1 0 2 2 1 0 
2 1 1 1 1 0 1 0 1 2 1 0 
1 1 1 0 0 1 0 1 2 1 0 1 
1 0 1 0 0 1 1 1 2 1 0 1 
0 0 1 1 0 1 1 1 0 2 1 1 
2 1 1 0 1 1 1 1 1 2 0 1 
1 1 1 0 1 0 0 0 3 2 0 1 
1 1 1 1 0 1 0 1 2 0 1 0 
2 0 1 1 0 1 0 1 0 1 1 0 
0 0 1 1 1 1 0 0 2 0 1 1 
1 0 1 0 1 1 0 1 2 1 0 1 
0 0 1 0 0 1 0 0 3 1 0 0 
2 0 1 1 0 0 0 0 1 1 0 0 
1 0 1 0 0 1 0 1 2 0 0 1 
2 1 1 0 0 1 1 0 2 2 0 1 
0 0 1 0 0 0 1 1 2 2 1 0 
2 1 1 1 0 1 1 0 0 2 0 1 
2 0 1 0 0 0 0 0 1 0 0 0 
1 0 1 1 0 0 1 1 3 1 1 0 
2 1 1 0 0 0 1 0 0 0 1 0 
0 0 1 1 0 0 0 1 1 0 1 1 
0 0 1 0 0 0 1 0 1 2 0 0 
1 1 1 0 0 0 0 0 2 0 0 0 
2 0 1 0 0 0 0 1 1 0 1 1 
2 1 1 0 0 1 1 1 2 2 1 1 
0 1 1 0 1 1 1 1 2 0 0 0 
1 0 1 0 0 0 0 0 3 0 0 0 
2 1 1 1 1 0 0 0 1 0 0 1 
0 0 1 0 1 1 1 1 3 2 0 0 
2 1 1 0 1 0 1 1 0 1 0 0 
2 1 1 0 1 1 1 0 2 2 1 1 
0 1 1 0 1 1 1 0 0 2 0 0 
0 1 1 0 0 0 0 0 0 1 0 1 
0 0 0 0 0 0 0 1 0 0 0 0 
0 1 1 0 1 1 1 0 1 0 1 0 
1 0 1 1 1 0 0 1 0 2 0 0 
1 0 1 0 1 0 0 1 1 2 1 0 
0 0 1 1 1 0 1 1 2 2 0 1 
1 0 1 1 1 1 1 1 1 1 1 0 
2 0 1 0 1 1 0 1 2 0 0 0 
1 0 1 0 1 1 0 0 1 0 0 0 
2 0 1 0 0 1 0 1 2 1 0 1 
1 0 1 1 1 0 0 0 2 2 0 1 
0 0 0 0 1 0 0 0 0 0 0 0 
2 0 1 0 0 0 0 1 0 2 0 1 
2 1 1 0 0 0 0 1 3 1 1 0 
1 0 1 1 0 1 1 0 1 0 1 1 
1 0 1 1 1 1 1 0 2 0 0 0 
2 1 1 0 0 1 0 0 2 2 1 1 
0 1 1 1 1 0 1 1 2 0 0 1 
0 1 0 0 0 0 0 0 0 0 0 0 
0 0 1 0 1 0 0 1 3 1 1 0 
1 0 1 1 0 0 1 0 0 2 1 0 
1 1 1 1 0 0 1 1 2 2 1 1 
2 1 1 0 1 1 1 0 3 0 1 0 
0 1 1 0 0 1 1 0 1 1 0 1 
1 0 1 0 0 1 0 1 2 1 0 0 
1 0 1 0 0 0 1 0 0 1 1 1 
0 0 1 1 0 0 0 0 0 0 0 0 
0 1 1 0 1 0 0 0 0 2 1 1 
2 0 1 0 0 1 1 0 3 1 0 0 
0 0 1 0 1 0 1 1 1 1 0 0 
1 0 1 0 1 0 0 1 1 0 0 0 
1 1 1 1 1 0 0 0 3 0 1 0 
1 0 1 1 1 1 0 0 3 2 1 0 
2 1 1 0 0 0 1 0 2 2 1 1 
1 0 1 0 0 1 0 0 2 1 0 1 
0 0 0 0 0 0 0 0 1 0 0 0 
1 1 1 1 0 1 1 0 1 2 0 0 
2 0 1 0 1 0 0 1 3 2 1 0 
2 1 1 1 1 0 0 0 2 1 1 1 
1 1 1 0 1 1 0 1 3 0 1 1 
2 0 1 0 1 1 0 0 0 1 1 1 
2 1 1 1 0 1 1 0 2 2 1 1 
2 0 1 0 1 0 0 0 2 2 0 0 
1 1 1 1 0 1 0 0 0 1 0 0 
0 1 1 1 0 1 1 0 3 2 1 0 
2 0 1 1 1 1 1 0 0 0 0 0 
2 1 1 0 0 1 1 0 2 0 1 1 
0 0 1 0 0 0 0 0 3 2 0 1 
1 0 1 0 0 0 0 1 2 1 0 1 
0 0 1 1 0 1 1 0 1 0 0 0 
2 0 1 1 0 1 0 0 1 2 0 0 
1 1 1 0 1 0 0 0 1 1 0 1 
0 0 1 1 1 1 1 1 3 1 1 1 
1 0 -1 0 0 1 0 1 2 1 0 1 
1 1 1 1 0 0 1 1 3 2 0 1 
2 0 1 1 0 0 0 0 3 2 0 1 
0 1 1 0 0 1 1 0 2 2 1 1 
2 0 1 1 0 0 1 1 3 0 1 0 
1 0 1 0 1 0 1 0 1 2 0 1 
1 1 1 0 1 0 0 1 0 1 0 0 
2 1 1 0 0 1 1 0 3 2 1 1 
2 0 1 0 0 0 0 0 2 0 1 0 
2 0 1 1 1 0 1 0 1 1 1 1 
1 0 1 1 0 1 0 1 2 1 0 1 
2 1 1 0 0 1 0 1 1 1 1 0 
2 1 1 1 1 0 0 1 2 2 1 0 
1 1 1 0 0 0 1 1 1 0 0 0 
0 0 0 0 0 0 0 0 0 0 1 0 
0 1 1 1 1 1 1 1 0 1 1 0 
2 0 1 0 1 0 1 0 2 1 0 0 
0 0 0 0 0 0 0 0 0 0 0 1 
1 0 1 0 1 0 0 0 0 0 1 1 
0 0 0 0 0 0 0 0 0 0 0 0 
0 0 1 1 1 1 0 1 0 0 1 0 
2 1 1 1 1 0 0 0 3 1 0 1 
1 0 0 0 0 0 0 0 0 0 0 0 
1 0 1 0 0 1 0 1 3 1 0 1 
0 0 1 1 0 0 0 0 3 2 0 0 
0 1 1 0 0 0 0 0 3 1 1 1 
2 0 1 0 1 0 1 0 0 2 1 0 
0 1 1 0 0 1 1 1 0 0 0 1 
1 0 1 1 0 0 0 0 2 1 0 0 
0 0 1 0 0 1 0 1 1 2 1 1 
0 0 1 0 1 0 1 0 0 1 0 0 
1 0 1 0 0 1 0 0 0 2 0 1 
0 1 1 0 0 0 0 1 2 1 1 0 
2 0 1 1 0 1 1 1 1 0 0 0 
1 1 1 0 1 1 1 0 3 1 0 0 
1 0 1 0 0 1 1 0 3 0 1 0 
2 1 1 1 0 0 0 1 0 0 1 1 
0 0 0 0 0 1 0 0 0 0 0 0 
2 0 1 1 0 0 1 1 2 1 0 1 
0 1 1 1 0 1 0 1 3 0 0 0 
2 1 -1 0 0 1 1 0 2 2 1 1 
MFS
[ - , - , - , - , - , 1 , - , - , 2 , 1 , - , - ]
[ - , - , - , - , - , 1 , - , - , 2 , 2 , - , - ]
[ - , - , 0 , - , - , - , - , - , - , - , - , - ]
precise
1.0
recall
1.0
F-measure
1.0
multi
0
time
all 2168 iden 3 gen 886
t-cover
14136
all-cover
14136
coveredNum
(1 : 3004)  (2 : 1926)  (3 : 2165)  (4 : 1805)  (5 : 1440)  (6 : 1072)  (7 : 700)  (8 : 486)  (9 : 373)  (10 : 303)  (11 : 221)  (12 : 138)  (13 : 99)  (14 : 98)  (15 : 88)  (16 : 71)  (17 : 41)  (18 : 27)  (19 : 17)  (20 : 5)  (21 : 6)  (22 : 7)  (23 : 7)  (24 : 12)  (25 : 6)  (26 : 11)  (27 : 7)  (28 : 1)  
real Identify
([ - , - , - , - , - , 1 , - , - , 2 , 1 , - , - ] : 1)  ([ - , - , - , - , - , 1 , - , - , 2 , 2 , - , - ] : 1)  ([ - , - , 0 , - , - , - , - , - , - , - , - , - ] : 1)  
testCase Num: 140
regaular Num: 116
identify Num: 24
0 0 1 1 0 0 0 0 2 2 0 0 
0 0 1 0 0 0 0 0 3 1 1 0 
0 0 1 0 0 0 0 0 0 0 0 0 
1 0 1 0 1 0 0 1 2 0 1 0 
2 1 1 1 0 0 0 0 1 2 1 1 
0 0 1 0 1 1 1 0 0 1 0 0 
1 1 1 0 0 0 0 0 1 0 1 0 
2 1 1 0 0 0 0 1 2 2 1 0 
0 0 0 0 0 0 0 0 0 1 0 0 
2 0 1 0 1 0 0 1 2 2 0 1 
1 0 1 1 0 0 0 0 0 2 0 0 
1 1 1 0 1 1 1 0 2 2 0 1 
1 1 1 0 0 1 1 0 2 2 0 0 
0 0 1 0 0 0 0 1 2 1 1 1 
2 0 1 1 1 0 1 1 3 2 0 1 
0 0 1 1 1 1 0 1 1 0 0 0 
2 0 1 0 0 1 1 1 1 2 1 0 
0 0 0 1 0 0 0 0 0 0 0 0 
1 1 1 1 0 0 1 0 2 0 1 0 
0 0 0 0 0 0 1 0 0 0 0 0 
0 0 1 0 1 1 0 0 3 2 1 1 
2 1 1 0 0 0 1 0 3 1 1 1 
0 1 1 0 1 0 1 0 1 0 0 1 
0 1 1 0 1 0 1 0 2 2 1 1 
0 0 1 0 1 0 0 1 0 2 1 0 
2 0 1 0 1 0 1 0 2 0 1 1 
0 0 1 0 1 0 1 0 1 2 1 0 
1 1 1 0 0 1 1 0 2 2 0 1 
1 0 1 0 1 0 1 1 1 2 0 0 
1 0 1 0 0 0 0 0 2 1 0 0 
1 1 1 0 0 1 1 0 2 2 1 1 
2 1 1 1 0 0 1 1 2 1 1 0 
2 0 1 1 0 1 0 1 0 1 1 0 
2 0 1 1 0 0 0 0 1 1 0 1 
2 1 1 0 0 1 1 0 2 2 0 1 
2 1 1 1 1 1 0 1 3 1 1 1 
2 0 1 0 0 0 0 0 1 0 0 0 
1 0 1 1 1 0 1 1 2 1 0 1 
1 0 1 0 0 0 1 1 3 0 1 1 
2 0 1 1 0 0 0 1 3 0 1 1 
0 1 1 0 0 0 0 1 0 1 1 1 
2 1 1 1 1 0 1 1 1 0 1 0 
0 1 1 0 1 1 1 1 3 2 1 0 
1 1 1 0 0 1 0 0 2 2 0 1 
1 0 1 1 1 1 1 1 0 0 0 1 
2 0 1 0 0 1 0 0 1 1 0 0 
2 0 1 0 0 0 1 1 0 0 1 0 
0 0 0 0 0 0 0 1 0 0 0 0 
2 0 1 1 0 0 0 0 2 0 0 0 
2 1 1 0 0 1 1 0 3 0 0 0 
0 0 1 0 0 0 0 0 1 0 0 0 
1 0 1 1 0 1 0 0 3 1 0 0 
2 1 1 1 0 0 0 1 2 0 0 1 
1 1 1 1 1 0 0 0 2 1 1 0 
0 0 0 0 1 0 0 0 0 0 0 0 
2 0 1 1 0 0 0 1 1 0 0 1 
1 0 1 1 1 1 1 0 3 2 1 0 
0 0 1 1 0 0 1 0 0 2 1 1 
1 1 1 0 1 1 0 1 3 0 0 0 
0 1 0 0 0 0 0 0 0 0 0 0 
1 1 1 0 0 0 1 0 2 2 0 1 
0 0 1 1 1 0 1 1 2 2 1 0 
0 1 1 1 1 1 0 1 0 1 1 0 
0 1 1 0 0 0 1 1 2 0 0 0 
1 1 1 0 0 0 0 1 3 1 1 0 
2 0 1 0 0 1 0 0 3 1 1 0 
0 1 1 0 1 0 0 0 3 1 0 0 
2 0 1 1 1 0 1 0 2 1 0 0 
1 0 1 1 1 1 0 1 1 1 1 1 
0 0 1 1 1 0 1 0 3 1 0 1 
0 0 1 0 0 0 1 0 2 1 1 0 
0 0 0 0 0 0 0 0 1 0 0 0 
2 1 1 1 0 1 0 0 0 0 1 1 
1 1 1 0 1 0 0 0 0 0 0 1 
0 1 1 1 0 1 1 1 1 1 0 1 
2 1 1 0 1 0 0 1 0 1 0 1 
0 0 1 0 0 0 0 1 3 0 0 1 
0 0 1 1 0 0 1 0 0 1 0 0 
1 1 1 0 1 0 1 1 0 2 0 0 
0 0 1 0 0 1 1 1 3 1 0 0 
1 1 1 1 0 1 1 1 1 0 0 0 
0 0 1 1 0 1 0 0 0 2 0 1 
0 0 1 0 0 0 0 0 3 2 0 0 
2 0 1 0 1 1 1 0 0 1 0 1 
0 0 1 0 0 0 0 1 1 2 0 1 
1 1 1 0 1 0 0 0 1 1 0 1 
1 0 1 0 1 0 0 0 2 0 0 1 
1 1 1 0 0 1 0 0 0 2 1 0 
0 1 1 1 1 0 0 0 2 0 1 1 
2 1 1 0 1 0 0 0 2 1 0 1 
1 1 1 0 0 1 1 1 2 2 0 1 
0 1 1 1 1 0 1 0 0 0 0 1 
1 0 1 1 0 0 0 1 3 2 0 0 
1 0 1 0 0 0 1 0 1 1 0 0 
1 0 1 0 1 0 1 0 3 1 0 1 
1 1 -1 0 0 1 1 0 2 2 0 1 
2 0 1 0 0 0 0 0 3 1 0 0 
2 0 1 1 0 0 1 0 2 2 0 0 
2 0 1 0 0 1 0 0 0 2 0 1 
0 0 1 0 0 0 0 0 2 0 0 0 
0 0 0 0 0 0 0 0 0 0 1 0 
2 0 1 0 1 1 0 1 3 0 0 0 
0 0 0 0 0 0 0 0 0 0 0 1 
0 0 0 0 0 0 0 0 0 0 0 0 
0 1 1 0 0 1 0 1 0 2 0 1 
1 1 1 0 0 1 1 0 2 1 0 1 
2 1 1 1 0 1 1 1 0 2 0 0 
1 0 1 0 1 1 0 0 0 2 1 1 
0 1 1 0 1 1 0 1 1 0 1 1 
2 0 1 1 1 1 0 0 1 0 0 0 
0 0 1 1 0 1 0 0 3 0 1 1 
1 0 1 1 0 0 1 0 1 2 1 1 
0 1 1 1 0 0 1 0 3 2 0 1 
0 0 1 0 1 1 1 1 0 0 1 0 
2 1 1 0 1 0 1 1 1 1 1 0 
2 0 1 0 1 1 0 0 3 2 0 0 
1 0 0 0 0 0 0 0 0 0 0 0 
0 1 1 0 1 0 0 0 2 1 0 1 
2 1 1 0 1 1 1 0 1 2 0 1 
0 0 1 0 1 0 0 0 1 1 0 0 
1 1 1 1 0 0 0 1 0 0 1 0 
2 0 1 0 1 0 0 0 0 0 0 0 
1 0 1 0 0 0 0 1 2 2 0 0 
1 1 1 1 1 0 0 0 3 0 0 1 
1 1 1 1 1 0 0 1 2 2 1 1 
1 1 1 1 0 1 0 1 1 2 1 0 
0 0 1 1 0 0 1 0 1 1 1 0 
0 1 1 1 1 1 0 0 1 2 0 0 
1 1 1 1 0 1 1 0 2 2 0 1 
1 0 1 0 0 0 1 1 0 1 1 0 
1 1 1 0 0 1 1 0 3 2 0 1 
1 1 1 0 1 1 1 0 0 1 1 0 
0 1 1 1 1 0 1 1 3 0 1 0 
1 0 1 0 1 1 1 0 1 0 1 1 
2 1 1 1 0 0 0 0 3 2 1 0 
0 0 0 0 0 1 0 0 0 0 0 0 
1 0 1 0 0 1 1 0 2 2 0 1 
1 1 1 1 0 0 0 0 0 1 0 1 
2 0 1 1 1 0 0 0 0 2 1 0 
0 0 1 1 0 0 0 0 2 1 0 0 
MFS
[ - , - , - , - , - , 1 , - , - , 2 , - , - , - ]
[ - , - , 0 , - , - , - , - , - , - , - , - , - ]
precise
0.5
recall
0.3333333333333333
F-measure
0.4
multi
0
time
all 1807 iden 2 gen 871
t-cover
13939
all-cover
14136
coveredNum
(1 : 3231)  (2 : 1968)  (3 : 2206)  (4 : 1772)  (5 : 1341)  (6 : 996)  (7 : 700)  (8 : 446)  (9 : 342)  (10 : 282)  (11 : 215)  (12 : 142)  (13 : 108)  (14 : 78)  (15 : 64)  (16 : 54)  (17 : 55)  (18 : 28)  (19 : 22)  (20 : 16)  (21 : 12)  (22 : 8)  (23 : 4)  (24 : 6)  (25 : 8)  (26 : 6)  (27 : 10)  (28 : 3)  (29 : 8)  (30 : 4)  (32 : 1)  
real Identify
([ - , - , 0 , - , - , - , - , - , - , - , - , - ] : 1)  
testCase Num: 156
regaular Num: 120
identify Num: 36
0 0 1 0 1 0 0 0 0 0 0 0 
0 0 1 0 0 0 0 0 0 0 0 0 
0 0 1 1 1 0 1 1 1 2 0 1 
2 0 1 1 1 1 0 1 3 0 0 0 
0 1 1 1 0 0 1 0 1 0 1 1 
0 1 1 0 0 1 1 1 2 2 1 0 
2 1 1 1 0 1 1 1 2 2 1 0 
0 0 0 0 0 0 0 0 0 1 0 0 
0 1 1 1 0 0 0 1 3 1 0 1 
2 0 1 0 0 0 0 1 1 1 1 1 
1 1 1 1 1 0 0 0 0 2 1 1 
0 0 0 1 0 0 0 0 0 0 0 0 
2 0 1 1 0 1 0 0 2 1 1 1 
1 1 1 1 0 0 1 1 2 2 0 1 
1 0 1 1 0 1 0 1 2 0 1 0 
0 0 0 0 0 0 1 0 0 0 0 0 
0 1 1 0 1 0 1 1 0 1 1 0 
2 1 1 0 0 0 0 0 0 1 1 1 
0 0 1 0 1 0 1 1 3 2 1 1 
0 1 1 0 0 0 0 0 3 0 1 0 
1 1 1 0 1 0 0 1 1 2 0 0 
2 1 1 0 0 1 1 0 2 2 1 0 
2 0 1 0 0 1 1 0 1 0 1 0 
1 1 1 1 0 0 0 1 1 0 0 1 
0 1 1 1 0 0 0 0 2 1 0 0 
2 0 1 1 1 0 1 0 1 1 0 0 
2 1 1 0 0 0 1 0 1 2 1 1 
2 1 1 1 0 0 1 1 0 2 0 1 
0 1 1 1 0 0 0 1 3 0 0 0 
1 0 1 1 1 0 0 0 2 1 0 1 
1 0 1 1 1 0 0 0 1 0 1 0 
2 1 1 1 0 1 0 0 2 0 1 1 
2 1 1 1 1 1 0 0 2 1 1 1 
1 1 1 1 1 0 1 0 3 1 1 1 
2 1 1 0 0 1 1 1 2 2 0 0 
2 1 1 0 0 1 0 0 2 1 1 1 
1 0 1 1 0 1 0 0 0 0 0 0 
1 0 1 0 1 0 1 0 1 0 0 0 
0 1 1 0 0 1 1 0 1 2 0 0 
2 0 1 0 1 1 0 0 0 2 0 0 
2 1 1 0 0 0 1 1 2 2 1 0 
0 0 1 0 0 0 1 1 1 0 0 0 
2 0 1 1 1 0 1 0 3 2 1 0 
2 0 1 0 0 0 0 0 2 2 1 0 
2 0 1 1 0 0 1 0 2 0 0 0 
1 0 1 1 0 1 0 0 3 1 1 0 
1 0 1 0 1 0 0 1 3 0 0 0 
2 1 -1 0 0 1 1 1 2 2 1 0 
2 0 1 0 1 0 0 1 0 0 0 0 
2 0 1 0 0 0 0 1 2 1 0 0 
2 1 1 1 0 1 0 0 3 1 1 1 
2 1 1 0 0 1 1 1 2 2 1 1 
2 1 1 0 0 1 1 1 2 2 1 0 
1 0 1 0 1 1 1 0 2 0 1 0 
1 0 1 0 1 0 0 0 3 2 0 0 
1 1 1 0 1 1 0 1 3 1 1 1 
2 0 1 0 0 0 1 1 3 0 0 1 
2 1 1 0 1 0 0 0 3 2 0 0 
2 0 1 0 0 1 0 0 1 1 0 0 
2 1 1 1 0 1 1 0 2 1 1 1 
0 0 0 0 0 0 0 1 0 0 0 0 
0 1 1 0 1 1 1 0 0 2 0 1 
0 0 1 1 1 0 1 1 3 0 1 0 
0 0 1 0 0 0 0 0 1 0 0 1 
2 0 1 0 0 1 1 0 0 1 0 0 
0 0 1 0 0 1 1 0 3 1 0 0 
0 1 1 0 1 0 1 0 2 1 1 0 
0 0 0 0 1 0 0 0 0 0 0 0 
1 0 1 1 0 0 0 0 1 2 1 0 
1 1 1 1 1 1 1 0 3 0 0 0 
1 0 1 0 0 0 0 0 1 1 1 0 
2 0 1 0 1 0 0 1 1 2 0 0 
1 1 1 0 0 1 1 0 1 1 0 0 
1 0 1 0 0 0 0 0 2 2 0 0 
1 0 1 0 1 1 1 0 0 0 0 0 
0 1 0 0 0 0 0 0 0 0 0 0 
1 0 1 0 1 1 1 0 1 2 1 1 
1 0 1 1 1 1 1 1 1 1 0 1 
2 1 1 1 1 1 0 1 0 1 0 0 
0 0 1 1 1 0 0 0 0 1 0 1 
2 0 1 1 1 1 1 0 0 0 1 1 
1 1 1 1 0 0 0 1 3 2 1 1 
0 1 1 0 0 1 1 1 0 1 1 1 
1 1 1 0 0 0 1 1 2 1 1 1 
0 0 0 0 0 0 0 0 1 0 0 0 
2 1 1 1 1 0 1 1 1 1 1 0 
1 0 1 0 0 0 0 0 3 1 0 0 
2 1 1 1 0 0 0 0 2 1 1 1 
2 0 1 0 1 0 1 1 3 1 0 0 
0 0 1 0 1 1 0 0 1 1 1 0 
2 1 1 1 0 1 0 1 2 1 1 1 
0 1 1 1 0 1 0 1 1 2 1 1 
0 1 1 1 1 1 1 0 2 0 0 1 
1 0 1 0 0 1 0 1 0 0 1 1 
0 0 1 0 0 0 0 0 3 2 0 0 
0 0 1 0 1 0 0 0 2 2 1 1 
2 1 1 0 1 1 0 1 1 0 0 1 
1 1 1 0 0 1 0 0 2 0 0 0 
0 0 1 1 0 1 1 1 1 1 0 0 
2 0 1 1 0 1 0 0 1 2 0 0 
2 0 1 1 1 0 0 1 2 0 1 0 
1 1 1 1 1 0 0 0 2 2 1 0 
1 0 1 1 0 0 1 1 0 1 1 0 
0 1 1 1 1 1 0 0 3 2 0 0 
2 1 -1 1 0 1 0 0 2 1 1 1 
0 0 1 0 0 1 0 1 2 0 1 1 
1 0 1 0 0 0 1 1 0 2 0 0 
2 1 1 0 0 1 1 1 3 2 1 0 
2 0 1 0 1 0 0 1 0 2 1 1 
1 0 1 0 1 0 0 0 0 1 0 0 
2 0 1 0 0 1 1 1 2 2 1 0 
1 1 1 0 0 1 0 0 0 2 1 0 
0 0 1 1 1 1 0 0 1 0 0 0 
0 1 1 0 1 0 1 1 2 2 0 0 
1 0 1 1 0 1 1 1 3 2 0 0 
0 1 1 1 1 0 0 0 1 1 0 1 
0 0 1 0 0 0 0 0 2 0 0 1 
0 0 1 0 0 0 0 1 2 2 0 0 
0 0 1 1 0 0 1 0 0 0 1 1 
1 0 1 0 0 1 0 0 2 0 0 1 
0 0 0 0 0 0 0 0 0 0 1 0 
2 0 1 0 1 0 1 0 2 1 0 1 
0 0 0 0 0 0 0 0 0 0 0 1 
1 0 1 0 0 0 0 0 3 2 0 1 
0 0 0 0 0 0 0 0 0 0 0 0 
2 1 1 0 0 1 1 1 2 0 1 0 
1 1 1 0 1 0 1 0 2 0 1 0 
2 1 1 0 1 1 1 1 2 2 1 0 
1 1 1 0 0 1 0 0 0 1 0 1 
2 1 1 1 1 0 0 1 2 2 0 1 
1 1 1 1 1 0 1 1 0 0 0 1 
1 1 1 0 0 1 0 1 1 0 1 0 
2 0 1 0 0 1 0 0 3 2 0 1 
1 0 0 0 0 0 0 0 0 0 0 0 
2 1 1 0 0 0 0 0 0 0 1 0 
0 0 1 0 1 1 0 0 3 1 1 1 
1 0 1 0 1 0 0 1 2 1 0 0 
2 1 1 0 0 1 0 1 2 2 1 0 
0 0 1 1 1 1 1 1 0 2 1 0 
0 1 1 0 1 1 0 1 2 0 0 0 
0 0 1 1 1 1 0 1 3 0 0 1 
0 0 1 1 0 0 1 0 2 2 0 0 
0 1 1 0 0 0 1 0 3 1 0 0 
2 1 1 1 0 1 0 0 2 1 0 1 
0 1 1 0 0 0 0 1 0 2 0 0 
2 1 1 1 0 1 0 0 2 1 1 0 
2 1 1 1 0 1 0 0 2 1 1 1 
1 0 1 0 0 1 1 0 3 0 1 1 
2 1 1 1 0 0 0 0 2 0 0 0 
0 0 0 0 0 1 0 0 0 0 0 0 
0 1 1 1 0 1 0 1 0 0 1 0 
0 0 1 1 0 0 1 1 2 1 1 1 
1 1 1 1 0 1 0 0 2 1 1 1 
2 0 1 0 1 1 0 0 2 0 0 0 
2 0 1 1 0 0 0 0 1 0 0 1 
2 1 1 0 1 0 0 0 3 0 1 1 
MFS
[ - , - , - , - , - , 1 , - , - , 2 , 1 , - , - ]
[ - , - , - , - , - , 1 , - , - , 2 , 2 , - , - ]
[ - , - , 0 , - , - , - , - , - , - , - , - , - ]
precise
1.0
recall
1.0
F-measure
1.0
multi
0
time
all 2088 iden 3 gen 941
t-cover
14136
all-cover
14136
coveredNum
(1 : 2962)  (2 : 1835)  (3 : 2166)  (4 : 1825)  (5 : 1377)  (6 : 1014)  (7 : 739)  (8 : 537)  (9 : 433)  (10 : 312)  (11 : 192)  (12 : 154)  (13 : 120)  (14 : 108)  (15 : 100)  (16 : 63)  (17 : 51)  (18 : 38)  (19 : 25)  (20 : 14)  (21 : 8)  (22 : 8)  (23 : 7)  (24 : 8)  (25 : 6)  (26 : 2)  (27 : 4)  (28 : 12)  (29 : 10)  (30 : 4)  (32 : 2)  
real Identify
([ - , - , - , - , - , 1 , - , - , 2 , 1 , - , - ] : 1)  ([ - , - , - , - , - , 1 , - , - , 2 , 2 , - , - ] : 1)  ([ - , - , 0 , - , - , - , - , - , - , - , - , - ] : 1)  
