testCase Num: 38
regaular Num: 15
identify Num: 23
2 0 0 0 0 1 1 1 3 1 1 0 
2 1 0 0 1 1 0 0 0 2 0 1 
1 1 0 1 1 1 0 1 2 1 0 0 
0 0 1 0 0 0 0 0 0 0 0 0 
1 0 0 0 0 0 0 1 2 1 0 0 
0 0 0 0 0 0 0 0 3 0 0 0 
0 0 0 0 0 0 0 0 0 0 0 0 
2 0 1 0 0 1 1 1 3 1 1 0 
1 1 1 0 0 1 1 0 2 0 0 1 
2 1 1 1 1 0 0 0 2 2 1 0 
1 1 0 1 1 1 1 0 3 1 0 0 
1 1 0 1 1 1 1 0 3 2 0 0 
1 1 0 0 0 0 0 1 2 1 0 0 
1 1 0 1 1 1 1 1 2 1 0 0 
1 1 0 1 0 0 0 1 2 1 0 0 
1 0 1 0 0 0 0 1 1 2 1 1 
0 0 1 0 0 0 0 0 1 2 0 0 
1 1 0 1 1 0 0 1 2 1 0 0 
0 1 0 1 1 0 0 0 3 1 0 1 
0 0 0 0 0 0 0 1 2 1 0 0 
0 0 1 0 0 0 0 0 3 0 0 0 
1 1 1 1 1 1 1 1 1 1 0 1 
1 0 0 0 0 0 0 0 0 1 0 0 
2 0 0 1 0 0 0 0 1 0 0 0 
0 0 1 1 1 1 1 1 0 0 1 1 
2 1 1 0 1 1 0 0 0 2 0 1 
1 0 0 0 0 0 0 1 1 2 1 1 
0 0 0 0 0 0 0 0 1 2 0 0 
1 0 1 0 0 0 0 0 0 1 0 0 
1 1 0 1 1 1 1 0 3 2 1 0 
1 1 0 1 1 1 1 0 3 2 1 1 
0 0 1 0 0 0 0 1 2 1 0 0 
1 1 0 1 1 1 1 0 2 1 0 0 
0 1 1 1 1 0 0 0 3 1 0 1 
1 1 0 0 0 1 1 0 2 0 0 1 
1 0 1 0 0 0 1 0 3 2 0 0 
2 0 1 1 0 0 0 0 1 0 0 0 
1 1 1 0 0 0 0 1 2 1 0 0 
MFS
[ - , - , 0 , - , - , - , - , - , - , - , - , - ]
precise
1.0
recall
0.3333333333333333
F-measure
0.5
multi
0
time
all 16 iden 0 gen 16
t-cover
357
all-cover
357
coveredNum
(1 : 20)  (2 : 27)  (3 : 38)  (4 : 42)  (5 : 38)  (6 : 40)  (7 : 17)  (8 : 22)  (9 : 16)  (10 : 27)  (11 : 16)  (12 : 12)  (13 : 6)  (14 : 7)  (15 : 3)  (16 : 9)  (17 : 2)  (18 : 4)  (19 : 5)  (20 : 3)  (22 : 2)  (23 : 1)  
real Identify
([ - , - , 0 , - , - , - , - , - , - , - , - , - ] : 1)  
testCase Num: 53
regaular Num: 17
identify Num: 36
1 1 1 0 1 1 1 1 1 1 1 1 
0 0 1 0 0 0 0 0 0 0 0 0 
0 0 0 0 0 0 0 0 1 0 0 0 
1 0 1 1 0 0 0 0 1 1 0 0 
0 0 0 1 0 1 1 0 2 2 0 0 
0 1 0 1 0 0 1 1 2 0 0 0 
0 1 0 1 0 1 0 0 2 0 0 0 
0 0 1 0 0 0 0 0 3 2 0 0 
2 0 0 0 0 0 0 0 1 2 0 0 
0 0 0 0 1 0 0 0 2 2 0 0 
0 1 0 1 0 0 1 0 2 0 0 0 
0 0 1 0 0 1 0 1 3 1 0 0 
0 0 0 0 1 1 1 0 2 2 0 0 
0 0 1 1 0 1 1 0 2 2 0 0 
0 1 1 1 1 1 0 1 0 2 1 1 
0 0 0 0 1 0 0 1 3 2 0 0 
0 0 0 0 1 0 0 1 3 0 0 0 
0 1 0 1 0 0 1 1 3 0 0 0 
2 0 1 0 0 0 0 0 1 2 0 0 
0 0 0 0 1 1 0 0 2 0 0 0 
1 0 0 1 0 0 0 0 1 1 0 0 
1 1 1 0 0 0 0 0 3 0 1 0 
0 0 1 0 0 0 0 1 2 2 0 1 
2 0 0 0 0 0 0 0 0 1 0 0 
0 0 0 0 0 0 0 0 3 2 0 0 
1 0 1 0 0 0 0 0 0 2 0 0 
0 0 0 0 0 1 1 0 2 2 0 0 
0 0 1 0 0 0 1 0 0 1 0 1 
0 0 0 0 0 0 0 0 0 0 0 0 
1 0 1 0 0 0 0 0 2 1 1 0 
0 1 0 1 1 1 0 1 0 2 1 1 
0 0 0 0 1 0 1 0 2 2 0 0 
0 0 0 0 1 0 0 1 3 0 1 0 
0 1 0 1 0 0 1 1 3 1 1 1 
0 0 0 0 1 0 0 1 3 0 1 1 
0 1 0 1 0 0 1 1 3 1 1 0 
2 0 1 0 0 0 0 0 0 1 0 0 
2 0 0 0 1 1 0 0 2 0 0 0 
0 1 0 0 1 1 0 0 2 0 0 0 
0 1 1 1 0 1 1 0 2 2 0 0 
0 0 0 0 1 0 0 1 2 2 0 0 
1 0 0 0 0 0 0 0 0 2 0 0 
0 1 0 1 1 1 0 0 2 0 0 0 
2 0 0 1 1 0 1 1 3 0 1 1 
0 0 1 0 0 0 0 0 1 0 0 0 
0 0 0 0 0 1 0 1 3 1 0 0 
2 0 1 1 1 0 1 1 3 0 1 1 
0 1 1 0 1 1 0 0 2 0 0 0 
1 0 0 0 0 0 0 0 2 1 1 0 
0 1 0 1 0 0 0 0 2 0 0 0 
2 1 1 1 0 1 1 0 2 2 0 0 
2 0 1 0 1 1 0 0 2 0 0 0 
0 1 0 1 0 0 1 1 3 1 0 0 
MFS
[ - , - , - , - , - , - , - , - , - , - , - , - ]
[ - , - , 0 , - , - , - , - , - , - , - , - , - ]
precise
0.5
recall
0.3333333333333333
F-measure
0.4
multi
0
time
all 19 iden 0 gen 19
t-cover
352
all-cover
357
coveredNum
(1 : 19)  (2 : 28)  (3 : 22)  (4 : 17)  (5 : 29)  (6 : 34)  (7 : 29)  (8 : 19)  (9 : 21)  (10 : 17)  (11 : 11)  (12 : 13)  (13 : 17)  (14 : 16)  (15 : 10)  (16 : 4)  (17 : 2)  (18 : 1)  (19 : 2)  (20 : 4)  (21 : 2)  (22 : 8)  (23 : 3)  (24 : 1)  (25 : 2)  (26 : 7)  (27 : 1)  (28 : 2)  (29 : 5)  (30 : 5)  (31 : 2)  (32 : 2)  (34 : 1)  (39 : 1)  
real Identify
([ - , - , 0 , - , - , - , - , - , - , - , - , - ] : 1)  
testCase Num: 51
regaular Num: 16
identify Num: 35
1 1 1 1 1 1 1 1 0 0 0 1 
0 0 1 0 0 0 0 0 0 0 0 0 
2 1 1 0 1 0 1 0 2 2 1 1 
2 1 1 1 0 0 0 1 2 1 1 0 
0 0 0 0 1 0 0 0 3 1 0 0 
2 1 0 1 0 1 0 1 3 0 0 0 
1 0 1 1 0 0 0 0 1 1 0 0 
1 1 1 0 1 1 1 0 2 2 0 0 
1 0 0 0 0 0 0 0 2 0 0 0 
1 0 0 1 1 1 1 0 2 2 0 0 
0 0 1 0 0 0 0 0 1 2 0 0 
2 1 1 1 0 1 0 1 3 2 0 0 
0 0 1 0 1 0 0 0 3 1 0 0 
0 1 1 0 1 1 1 0 2 2 0 0 
1 0 0 0 1 0 1 0 2 2 1 1 
1 0 0 1 0 0 0 1 3 0 0 0 
2 0 0 0 0 0 0 0 0 1 1 0 
2 1 0 1 1 0 1 0 2 2 1 1 
2 1 0 1 0 1 0 1 3 0 1 1 
0 1 1 1 1 1 1 1 1 1 1 1 
2 1 0 1 0 1 0 1 3 2 0 0 
0 0 0 0 0 0 0 0 1 2 0 0 
2 1 0 1 0 1 0 1 3 0 0 1 
1 0 1 0 1 1 1 0 2 2 0 0 
2 1 0 1 0 1 1 0 2 2 1 1 
0 0 1 0 0 0 0 0 0 2 0 0 
1 0 1 0 1 0 1 0 2 2 1 1 
1 0 0 1 0 0 1 0 2 2 0 0 
2 0 1 0 0 0 0 0 0 1 1 0 
1 0 0 1 0 0 0 1 3 0 1 1 
1 0 0 1 0 0 0 1 3 0 1 0 
0 0 0 0 0 0 0 0 0 0 0 0 
2 1 0 1 0 1 0 1 3 2 1 1 
0 0 0 0 0 0 0 0 0 2 0 0 
1 0 1 0 0 0 0 0 3 0 0 0 
1 0 0 1 0 0 0 1 3 2 0 0 
2 0 0 0 1 0 1 0 2 2 1 1 
2 0 0 0 1 0 0 1 1 0 0 1 
1 0 0 0 1 1 1 0 2 2 0 0 
2 0 1 0 0 1 1 0 3 0 1 1 
1 0 0 1 0 1 1 0 2 2 0 0 
2 1 0 1 0 1 0 0 2 2 1 1 
1 0 0 1 0 0 0 0 2 2 0 0 
2 1 0 1 0 0 1 0 2 2 1 1 
2 1 0 0 1 0 1 0 2 2 1 1 
2 1 0 1 0 1 0 1 2 2 1 1 
1 0 1 0 0 0 0 0 2 0 0 0 
2 1 0 1 0 0 0 1 2 1 1 0 
2 0 1 0 1 0 0 1 1 0 0 1 
1 0 0 1 0 0 0 1 2 2 0 0 
1 0 0 0 0 0 0 0 3 0 0 0 
MFS
[ - , - , - , - , - , - , - , - , - , - , - , - ]
[ - , - , 0 , - , - , - , - , - , - , - , - , - ]
precise
0.5
recall
0.3333333333333333
F-measure
0.4
multi
0
time
all 23 iden 0 gen 23
t-cover
354
all-cover
357
coveredNum
(1 : 23)  (2 : 23)  (3 : 16)  (4 : 21)  (5 : 22)  (6 : 23)  (7 : 25)  (8 : 20)  (9 : 24)  (10 : 24)  (11 : 22)  (12 : 20)  (13 : 20)  (14 : 13)  (15 : 10)  (16 : 10)  (17 : 2)  (18 : 4)  (19 : 5)  (20 : 4)  (21 : 6)  (22 : 3)  (23 : 5)  (24 : 4)  (25 : 5)  (27 : 2)  (29 : 1)  
real Identify
([ - , - , 0 , - , - , - , - , - , - , - , - , - ] : 1)  
testCase Num: 49
regaular Num: 15
identify Num: 34
0 0 1 0 0 0 0 0 0 0 0 0 
0 0 1 1 0 1 0 0 2 2 1 0 
0 1 1 1 0 0 1 1 2 1 0 0 
0 0 0 0 1 0 0 0 2 2 1 0 
0 0 0 0 0 1 0 0 2 2 1 0 
1 0 0 0 0 0 0 0 2 0 0 0 
0 1 0 0 0 0 1 1 2 1 0 0 
0 0 1 0 0 0 0 0 1 2 0 0 
0 1 0 0 1 1 0 0 2 1 0 0 
2 0 0 0 0 0 0 0 1 0 0 0 
0 0 0 0 1 0 1 1 2 2 1 0 
1 0 0 0 0 1 0 0 1 1 0 0 
0 0 1 1 0 0 1 0 3 1 1 0 
0 1 1 1 0 1 0 0 2 2 1 0 
0 1 1 1 0 1 1 1 0 0 0 1 
2 1 1 1 0 1 0 0 2 2 1 0 
0 0 0 0 0 0 0 0 1 2 0 0 
0 0 0 0 1 0 1 0 2 2 1 0 
2 0 1 0 1 1 1 1 3 2 0 1 
0 1 0 0 1 1 0 0 3 1 0 0 
0 1 0 0 1 1 1 1 2 1 0 0 
2 0 1 0 0 0 0 0 1 0 0 0 
1 0 1 0 1 0 0 1 0 2 1 0 
0 0 0 0 1 0 1 1 3 2 1 0 
2 0 0 0 0 0 0 0 0 1 0 0 
0 0 0 0 1 0 1 1 3 0 1 0 
0 0 0 0 0 0 0 0 0 0 0 0 
1 1 0 0 0 0 0 0 3 0 0 0 
0 0 0 1 0 1 0 0 2 2 1 0 
2 0 0 0 1 1 1 1 3 2 0 1 
0 1 0 1 0 0 1 1 2 1 0 0 
0 1 0 0 1 1 0 0 3 2 1 1 
0 1 0 0 1 1 0 0 3 2 1 0 
2 0 1 0 0 0 0 0 0 1 0 0 
2 0 0 1 0 0 1 1 2 1 0 0 
0 1 0 0 1 0 1 1 2 1 0 0 
1 1 1 1 1 0 1 1 1 1 1 1 
0 1 0 0 1 0 0 0 2 0 1 1 
0 0 0 0 1 1 0 0 2 2 1 0 
0 0 0 0 1 0 1 1 3 0 0 1 
0 0 0 0 1 0 1 1 3 0 0 0 
1 0 1 0 0 1 0 0 1 1 0 0 
0 1 0 0 1 1 0 1 2 1 0 0 
1 1 1 0 0 0 0 0 3 0 0 0 
1 0 1 0 0 0 0 0 2 0 0 0 
0 0 0 1 0 0 1 1 2 1 0 0 
2 0 1 1 0 0 1 1 2 1 0 0 
0 1 1 0 1 0 0 0 2 0 1 1 
0 1 0 0 1 1 0 0 3 2 0 0 
MFS
[ - , - , - , - , - , - , - , - , - , - , - , - ]
[ - , - , 0 , - , - , - , - , - , - , - , - , - ]
precise
0.5
recall
0.3333333333333333
F-measure
0.4
multi
0
time
all 19 iden 1 gen 18
t-cover
349
all-cover
357
coveredNum
(1 : 28)  (2 : 25)  (3 : 19)  (4 : 24)  (5 : 29)  (6 : 33)  (7 : 23)  (8 : 16)  (9 : 9)  (10 : 21)  (11 : 20)  (12 : 18)  (13 : 19)  (14 : 16)  (15 : 6)  (16 : 4)  (17 : 5)  (18 : 8)  (19 : 9)  (20 : 2)  (21 : 4)  (22 : 1)  (24 : 4)  (25 : 2)  (26 : 2)  (27 : 8)  (28 : 1)  (31 : 1)  
real Identify
([ - , - , 0 , - , - , - , - , - , - , - , - , - ] : 1)  
testCase Num: 53
regaular Num: 17
identify Num: 36
0 0 1 0 0 0 0 0 0 0 0 0 
2 1 0 1 1 1 0 0 0 2 0 0 
0 1 1 0 1 1 0 0 2 2 0 0 
0 1 1 0 0 1 1 1 2 2 1 0 
0 1 1 0 1 1 0 0 2 2 0 1 
2 0 0 0 0 0 0 0 0 0 0 0 
1 0 1 1 1 0 1 0 3 0 1 0 
2 1 1 0 1 0 1 1 2 1 0 0 
0 1 1 0 1 1 0 0 2 0 1 0 
0 1 1 0 1 1 0 0 2 2 1 0 
2 1 0 0 0 0 0 0 0 2 0 0 
1 0 0 0 0 0 0 0 2 0 0 0 
0 1 1 0 1 0 1 1 2 2 1 0 
2 1 0 1 1 1 1 0 0 2 0 0 
0 0 1 0 0 0 0 0 3 2 0 0 
2 0 1 0 0 0 0 0 0 0 0 0 
1 0 0 0 0 1 0 0 1 1 0 1 
2 0 0 0 0 0 0 0 1 2 0 0 
2 1 0 1 1 1 1 1 0 2 0 0 
0 1 1 0 1 1 0 1 2 2 1 0 
2 0 1 1 0 0 1 1 3 0 1 0 
0 0 0 0 0 0 0 1 3 1 0 0 
2 0 1 0 0 0 0 0 1 2 0 0 
2 1 0 0 1 0 1 1 2 1 0 0 
2 1 1 0 0 0 0 0 0 2 0 0 
1 0 0 1 1 0 1 0 3 0 1 0 
0 0 0 1 0 0 0 1 0 1 1 1 
2 1 0 1 1 1 1 1 1 2 0 0 
0 1 1 0 1 1 1 1 0 2 1 0 
0 0 0 0 0 0 0 0 3 2 0 0 
1 0 1 0 0 0 0 0 0 2 0 0 
0 1 1 1 0 1 1 1 2 2 1 0 
0 0 0 0 0 0 0 0 0 0 0 0 
1 0 1 0 0 1 0 0 1 1 0 1 
0 0 1 0 0 0 0 1 3 1 0 0 
0 0 1 0 0 0 0 1 1 0 0 0 
2 1 0 1 1 1 1 1 1 0 1 0 
2 1 0 1 1 1 1 1 1 0 1 1 
2 0 0 1 0 1 1 1 2 2 1 0 
2 1 0 1 0 0 0 0 0 2 0 0 
2 1 0 1 1 0 0 0 0 2 0 0 
1 0 0 0 0 0 0 0 0 2 0 0 
1 1 1 1 1 0 1 1 1 1 1 1 
0 1 1 1 0 0 0 0 2 2 0 1 
0 0 1 1 0 1 1 1 2 2 1 0 
0 0 1 1 0 0 0 1 0 1 1 1 
1 0 1 0 0 0 0 0 2 0 0 0 
2 0 1 1 0 1 1 1 2 2 1 0 
2 0 0 0 0 0 0 0 0 2 0 0 
0 1 1 0 1 1 1 1 2 2 1 0 
0 1 1 0 1 1 0 0 3 2 1 0 
2 1 1 0 1 1 0 0 3 0 0 1 
2 1 0 1 1 1 1 1 1 0 0 0 
MFS
[ - , - , - , - , - , 1 , - , - , 2 , 2 , - , - ]
[ - , - , 0 , - , - , - , - , - , - , - , - , - ]
precise
1.0
recall
0.6666666666666666
F-measure
0.8
multi
1
time
all 17 iden 0 gen 17
t-cover
356
all-cover
357
coveredNum
(1 : 4)  (2 : 21)  (3 : 26)  (4 : 26)  (5 : 32)  (6 : 34)  (7 : 19)  (8 : 16)  (9 : 15)  (10 : 20)  (11 : 22)  (12 : 20)  (13 : 15)  (14 : 16)  (15 : 9)  (16 : 8)  (17 : 6)  (18 : 12)  (19 : 5)  (20 : 4)  (21 : 4)  (22 : 4)  (23 : 4)  (24 : 3)  (25 : 4)  (26 : 2)  (27 : 4)  (28 : 1)  (29 : 1)  
real Identify
([ - , - , - , - , - , 1 , - , - , 2 , 2 , - , - ] : 1)  ([ - , - , 0 , - , - , - , - , - , - , - , - , - ] : 1)  
testCase Num: 39
regaular Num: 16
identify Num: 23
2 0 1 0 0 0 0 0 1 2 0 0 
0 0 1 0 0 0 0 0 0 0 0 0 
0 1 0 0 1 0 0 0 1 0 1 1 
0 0 0 0 0 0 0 0 1 0 0 0 
0 1 1 1 0 1 1 1 0 0 1 1 
0 0 0 0 0 0 0 0 0 1 0 0 
0 0 0 0 0 0 0 0 0 0 0 0 
0 0 1 1 0 0 0 1 2 1 1 0 
1 0 1 0 0 0 0 0 3 0 0 0 
0 1 0 0 1 0 0 0 1 1 0 1 
1 1 1 1 1 0 0 0 0 2 1 0 
0 1 0 0 1 0 0 0 0 0 1 1 
0 1 0 0 1 0 0 0 1 1 0 0 
2 1 1 0 1 1 0 0 2 0 0 0 
1 0 0 0 0 0 0 0 2 0 0 0 
0 1 0 0 0 1 1 1 0 0 1 1 
0 1 0 1 0 1 1 1 0 0 1 1 
0 1 0 0 1 1 1 1 0 0 1 1 
2 1 1 1 0 0 1 0 2 2 0 1 
2 0 0 1 0 1 1 1 0 0 1 1 
0 0 0 0 1 1 1 1 3 2 1 0 
0 1 0 0 1 0 0 1 0 0 1 1 
0 0 1 0 0 0 0 0 1 0 0 0 
1 0 0 0 0 0 1 0 1 1 0 0 
2 0 0 1 0 0 0 0 3 1 0 0 
1 1 1 1 1 1 0 1 1 1 1 1 
2 0 0 0 0 0 0 0 1 2 0 0 
0 1 1 0 0 0 0 1 3 0 0 1 
1 0 1 0 0 0 0 0 2 0 0 0 
2 0 1 1 0 1 1 1 0 0 1 1 
0 1 0 0 1 0 0 0 1 1 1 1 
1 0 0 0 0 0 0 0 3 0 0 0 
2 0 1 1 0 0 0 0 3 1 0 0 
0 1 0 0 1 0 1 1 0 0 1 1 
0 0 1 0 1 1 1 1 3 2 1 0 
0 0 1 0 0 0 0 0 0 1 0 0 
2 1 0 0 1 1 0 0 2 0 0 0 
0 0 0 1 0 1 1 1 0 0 1 1 
1 0 1 0 0 0 1 0 1 1 0 0 
MFS
[ - , - , 0 , - , - , - , - , - , - , - , - , - ]
precise
1.0
recall
0.3333333333333333
F-measure
0.5
multi
0
time
all 15 iden 0 gen 15
t-cover
357
all-cover
357
coveredNum
(1 : 21)  (2 : 40)  (3 : 31)  (4 : 38)  (5 : 30)  (6 : 33)  (7 : 29)  (8 : 20)  (9 : 14)  (10 : 21)  (11 : 19)  (12 : 14)  (13 : 6)  (14 : 6)  (15 : 5)  (16 : 5)  (17 : 4)  (18 : 3)  (19 : 8)  (20 : 3)  (21 : 3)  (22 : 2)  (23 : 2)  
real Identify
([ - , - , 0 , - , - , - , - , - , - , - , - , - ] : 1)  
testCase Num: 49
regaular Num: 15
identify Num: 34
0 1 0 1 1 1 0 0 2 2 1 0 
0 0 1 0 0 0 0 0 0 0 0 0 
0 1 0 0 0 0 1 1 3 0 0 0 
0 1 0 0 0 0 1 1 3 0 0 1 
1 0 0 0 0 0 1 0 2 2 0 1 
2 1 0 1 1 1 0 1 3 0 0 1 
2 1 0 0 0 0 1 0 2 2 0 1 
0 1 0 0 0 0 0 0 2 2 1 0 
2 1 1 1 0 0 1 1 3 0 1 1 
0 0 1 0 0 0 0 0 1 2 0 0 
1 1 1 1 1 1 1 1 1 1 0 1 
0 1 1 1 0 0 0 1 2 1 0 0 
0 0 0 0 0 0 0 0 1 2 0 0 
1 0 1 1 1 1 1 0 0 0 0 0 
0 0 1 1 1 1 0 0 2 2 1 0 
0 1 0 0 0 0 1 1 2 2 1 0 
0 1 0 0 1 1 0 0 2 2 1 0 
2 0 1 0 0 0 0 0 1 0 0 1 
0 0 1 0 0 0 0 0 2 0 0 0 
2 1 0 1 1 1 0 0 2 2 0 1 
2 1 0 1 1 0 1 0 2 2 0 1 
0 1 1 0 0 1 1 1 0 2 1 1 
0 1 0 1 0 0 0 1 2 1 0 0 
2 0 0 0 0 0 0 0 0 1 0 0 
1 1 1 0 1 0 0 0 1 1 1 0 
0 0 0 0 0 0 0 0 0 0 0 0 
1 0 1 0 0 0 0 0 3 2 0 0 
0 1 0 0 0 0 1 0 2 2 1 0 
2 0 1 1 1 1 0 0 2 2 1 0 
2 1 0 1 1 1 0 1 2 2 0 1 
0 0 0 0 1 1 0 1 3 1 0 0 
2 1 0 1 1 1 1 0 2 2 0 1 
1 0 0 1 1 1 1 0 0 0 0 0 
1 0 1 0 0 0 1 0 2 2 0 1 
2 0 1 0 0 0 0 0 0 1 0 0 
0 1 0 0 0 0 1 1 3 2 1 0 
2 1 1 0 0 0 1 0 2 2 0 1 
0 1 0 0 0 0 1 1 3 0 1 0 
2 1 0 1 1 1 0 1 3 0 1 0 
2 1 0 1 1 1 0 1 3 0 1 1 
0 0 0 0 0 0 0 0 2 0 0 0 
0 1 1 1 1 1 0 0 2 2 1 0 
0 0 1 0 1 1 0 1 3 1 0 0 
2 1 0 1 0 0 1 0 2 2 0 1 
2 0 0 0 0 0 1 0 2 2 0 1 
2 1 0 1 1 1 0 1 3 2 0 1 
1 1 0 0 1 0 0 0 1 1 1 0 
0 1 0 0 0 1 0 0 2 2 1 0 
2 1 0 1 0 0 1 1 3 0 1 1 
MFS
[ - , - , - , - , - , - , - , - , - , - , - , - ]
[ - , - , 0 , - , - , - , - , - , - , - , - , - ]
precise
0.5
recall
0.3333333333333333
F-measure
0.4
multi
0
time
all 17 iden 1 gen 16
t-cover
349
all-cover
357
coveredNum
(1 : 16)  (2 : 22)  (3 : 25)  (4 : 17)  (5 : 33)  (6 : 26)  (7 : 23)  (8 : 22)  (9 : 19)  (10 : 23)  (11 : 16)  (12 : 18)  (13 : 18)  (14 : 17)  (15 : 16)  (16 : 8)  (17 : 9)  (18 : 7)  (19 : 7)  (20 : 3)  (21 : 7)  (23 : 2)  (24 : 2)  (27 : 1)  
real Identify
([ - , - , 0 , - , - , - , - , - , - , - , - , - ] : 1)  
testCase Num: 51
regaular Num: 16
identify Num: 35
0 0 1 0 0 0 0 0 2 1 0 0 
0 0 1 0 0 0 0 0 0 0 0 0 
0 0 0 1 0 0 0 1 3 2 0 0 
1 0 1 1 1 1 1 1 1 0 0 0 
2 0 1 0 0 0 0 0 3 0 0 0 
1 1 0 0 1 0 0 1 3 1 0 0 
0 0 1 0 1 1 1 0 2 2 0 0 
0 0 0 1 1 1 1 0 2 2 0 0 
0 0 0 1 0 1 1 0 2 2 0 0 
1 0 0 0 0 0 1 1 1 0 0 0 
1 0 0 0 0 0 0 0 2 0 0 0 
0 0 0 1 0 0 0 1 3 0 1 1 
0 0 0 1 0 0 0 1 3 0 1 0 
0 1 1 0 1 1 1 0 2 2 0 0 
1 1 1 0 0 1 0 0 1 1 1 0 
0 0 0 1 0 0 1 0 2 2 0 0 
0 0 0 0 0 0 0 0 2 1 0 0 
1 0 0 1 1 1 1 1 1 0 0 0 
1 0 0 0 0 0 0 1 1 0 0 0 
2 0 1 1 0 0 0 1 1 2 1 1 
0 0 0 0 1 1 1 0 2 2 0 0 
2 0 0 1 0 0 1 0 2 0 0 1 
1 0 1 0 0 0 0 0 0 0 0 0 
1 0 0 0 0 1 1 1 1 0 0 0 
0 0 0 1 0 0 0 1 3 0 0 0 
1 0 0 0 0 0 0 0 1 0 0 0 
2 0 1 1 0 0 1 0 2 0 0 1 
1 0 1 0 0 0 0 1 2 1 1 1 
2 0 0 1 0 0 0 1 1 2 1 1 
0 0 1 1 0 1 1 0 3 0 1 1 
2 0 0 0 0 0 0 0 0 1 0 0 
0 1 1 1 1 1 1 1 1 0 0 0 
0 0 0 0 0 0 0 0 0 0 0 0 
0 0 0 0 1 0 0 0 0 2 0 0 
1 0 1 0 0 0 0 0 3 2 0 0 
0 0 0 1 0 0 0 0 2 2 0 0 
1 0 0 0 0 0 0 0 2 1 0 0 
1 0 0 0 0 0 0 0 0 0 0 0 
1 1 1 0 1 0 0 1 3 1 0 0 
2 0 1 0 0 0 0 0 0 1 0 0 
1 1 1 1 1 1 1 1 0 1 1 1 
0 1 0 1 1 1 1 1 1 0 0 0 
0 0 0 1 0 0 0 1 2 2 0 0 
2 0 0 0 0 0 0 0 3 0 0 0 
1 0 0 0 1 1 1 1 1 0 0 0 
1 1 0 1 1 1 1 1 1 0 0 0 
1 0 0 0 0 0 0 0 2 1 1 0 
1 0 0 0 0 0 0 0 3 2 0 0 
1 0 0 0 0 0 0 0 2 1 1 1 
0 0 1 0 1 0 0 0 0 2 0 0 
2 1 1 0 1 1 1 0 2 2 0 0 
MFS
[ - , - , - , - , - , - , - , - , - , - , - , - ]
[ - , - , 0 , - , - , - , - , - , - , - , - , - ]
precise
0.5
recall
0.3333333333333333
F-measure
0.4
multi
0
time
all 15 iden 0 gen 15
t-cover
346
all-cover
357
coveredNum
(1 : 20)  (2 : 30)  (3 : 23)  (4 : 27)  (5 : 20)  (6 : 22)  (7 : 29)  (8 : 37)  (9 : 21)  (10 : 10)  (11 : 18)  (12 : 12)  (13 : 11)  (14 : 18)  (15 : 7)  (16 : 6)  (17 : 3)  (18 : 5)  (19 : 2)  (20 : 2)  (21 : 2)  (22 : 1)  (23 : 1)  (24 : 7)  (26 : 2)  (27 : 6)  (28 : 5)  (29 : 3)  (31 : 2)  (33 : 1)  (34 : 3)  (39 : 1)  
real Identify
([ - , - , 0 , - , - , - , - , - , - , - , - , - ] : 1)  
testCase Num: 47
regaular Num: 14
identify Num: 33
2 0 1 0 0 0 0 0 1 0 0 0 
2 1 1 1 0 1 0 1 3 0 1 1 
2 1 0 0 1 0 1 1 3 0 1 1 
0 0 1 0 0 0 0 0 0 0 0 0 
0 0 1 0 0 1 1 1 2 2 0 0 
0 0 1 1 0 1 1 1 2 2 0 0 
2 1 0 0 1 0 1 0 3 0 1 1 
1 0 1 0 0 0 0 0 0 2 0 0 
2 0 1 0 1 0 1 0 3 2 1 1 
2 1 0 0 1 0 1 0 0 1 0 1 
0 0 0 0 0 0 0 0 0 0 0 0 
2 0 0 1 0 1 0 1 3 0 1 1 
2 1 0 0 1 0 1 0 0 1 0 0 
2 1 1 1 0 1 1 1 2 2 0 0 
1 0 1 0 0 0 0 0 2 1 1 0 
2 1 0 0 1 0 0 1 3 0 1 1 
0 1 1 1 1 0 1 1 0 0 1 0 
0 1 0 0 1 0 0 1 3 1 0 0 
0 0 1 0 0 0 0 0 1 2 0 0 
0 0 1 0 1 1 0 0 2 2 0 0 
0 0 1 0 1 1 0 0 2 0 0 1 
0 0 1 0 1 0 1 1 2 2 0 0 
0 0 1 0 1 1 0 0 2 0 0 0 
1 0 0 1 0 1 0 1 3 0 1 1 
1 0 0 0 0 0 0 0 0 2 0 0 
1 0 0 0 0 0 1 0 1 1 0 0 
2 0 0 0 0 0 0 0 1 0 0 0 
2 1 0 1 0 1 1 1 2 2 0 0 
1 1 1 1 1 1 0 1 1 1 1 1 
2 1 0 1 0 1 0 1 3 0 1 1 
0 1 1 1 0 1 1 1 2 2 0 0 
2 1 0 0 1 1 0 1 3 0 1 1 
0 1 1 0 1 0 0 1 3 1 0 0 
2 1 1 1 0 1 0 0 0 1 0 1 
2 1 0 0 0 1 0 1 3 0 1 1 
2 1 0 0 1 0 1 0 0 1 1 1 
0 0 1 0 1 1 0 1 2 2 0 0 
2 1 0 0 1 0 1 0 0 0 1 1 
0 0 0 0 0 0 0 0 1 2 0 0 
2 1 1 1 0 0 1 1 3 0 0 0 
1 0 1 1 0 1 0 1 3 0 1 1 
1 0 0 0 0 0 0 0 2 1 1 0 
0 0 1 0 1 1 1 1 2 2 0 0 
0 0 1 0 1 1 0 0 2 2 1 1 
0 0 1 0 1 1 0 0 3 2 0 0 
0 0 1 0 1 1 0 0 2 2 1 0 
1 0 1 0 0 0 1 0 1 1 0 0 
MFS
[ - , - , - , - , - , 1 , - , - , 2 , 2 , - , - ]
[ - , - , 0 , - , - , - , - , - , - , - , - , - ]
precise
1.0
recall
0.6666666666666666
F-measure
0.8
multi
1
time
all 13 iden 1 gen 12
t-cover
351
all-cover
357
coveredNum
(1 : 12)  (2 : 27)  (3 : 22)  (4 : 23)  (5 : 15)  (6 : 32)  (7 : 24)  (8 : 31)  (9 : 25)  (10 : 17)  (11 : 36)  (12 : 29)  (13 : 13)  (14 : 10)  (15 : 5)  (16 : 8)  (17 : 9)  (18 : 4)  (19 : 4)  (20 : 3)  (21 : 1)  (22 : 2)  (23 : 3)  (24 : 1)  (25 : 1)  
real Identify
([ - , - , - , - , - , 1 , - , - , 2 , 2 , - , - ] : 1)  ([ - , - , 0 , - , - , - , - , - , - , - , - , - ] : 1)  
testCase Num: 49
regaular Num: 15
identify Num: 34
0 0 1 0 0 0 0 0 2 1 0 0 
0 0 1 0 0 0 0 0 0 0 0 0 
0 0 1 0 0 1 1 1 2 2 0 0 
0 0 0 1 1 0 0 0 3 0 0 0 
2 1 0 1 1 1 0 0 0 2 0 0 
0 0 0 1 1 0 0 0 3 2 0 0 
2 1 0 1 0 0 0 1 0 1 1 0 
2 1 0 0 0 0 0 0 0 2 0 0 
1 0 1 1 0 0 1 0 2 2 0 1 
2 1 0 1 1 1 1 0 0 2 0 0 
0 0 1 0 0 0 0 0 1 2 0 0 
0 1 1 0 0 0 1 1 3 1 0 1 
0 0 0 1 1 1 1 1 2 2 0 0 
0 0 0 1 1 0 0 1 2 2 0 0 
2 0 0 0 0 0 0 0 1 0 0 0 
0 1 1 0 0 1 1 1 2 2 0 0 
1 0 0 0 0 1 0 0 1 1 0 0 
2 1 0 1 1 1 1 1 0 2 0 0 
0 0 0 0 0 0 0 0 2 1 0 0 
2 1 1 0 0 1 1 1 2 2 0 0 
0 0 0 0 0 0 0 0 1 2 0 0 
2 1 1 1 0 0 0 1 0 1 1 0 
2 0 1 1 1 1 0 0 3 2 1 1 
0 1 0 0 0 0 1 1 3 1 0 1 
1 0 0 1 0 0 1 0 2 2 0 1 
2 0 1 0 0 0 0 0 1 0 0 0 
2 1 1 0 0 0 0 0 0 2 0 0 
2 1 0 1 1 1 1 1 1 2 0 0 
1 0 1 0 0 0 0 0 0 2 0 0 
0 0 0 0 0 0 0 0 0 0 0 0 
1 0 1 0 0 0 0 0 3 0 0 0 
2 1 0 1 1 1 1 1 1 0 1 0 
0 0 1 0 1 0 0 1 2 0 1 0 
2 1 0 1 1 1 1 1 1 0 1 1 
0 0 0 1 1 0 0 0 2 2 0 0 
0 0 0 0 0 1 1 1 2 2 0 0 
2 0 0 1 1 1 0 0 3 2 1 1 
2 1 0 1 0 0 0 0 0 2 0 0 
2 1 0 1 1 0 0 0 0 2 0 0 
0 1 1 1 1 1 1 0 0 0 0 1 
1 0 0 0 0 0 0 0 0 2 0 0 
0 0 0 1 0 1 1 1 2 2 0 0 
0 0 0 1 1 0 0 0 3 0 1 0 
1 1 1 1 1 0 1 1 1 1 1 1 
0 0 0 1 1 0 0 0 3 0 1 1 
1 0 1 0 0 1 0 0 1 1 0 0 
2 0 0 0 0 0 0 0 0 2 0 0 
2 1 0 1 1 1 1 1 1 0 0 0 
0 0 0 1 1 0 1 1 2 2 0 0 
MFS
[ - , - , - , - , - , - , - , - , - , - , - , - ]
[ - , - , 0 , - , - , - , - , - , - , - , - , - ]
precise
0.5
recall
0.3333333333333333
F-measure
0.4
multi
0
time
all 13 iden 0 gen 13
t-cover
350
all-cover
357
coveredNum
(1 : 13)  (2 : 21)  (3 : 26)  (4 : 26)  (5 : 39)  (6 : 34)  (7 : 28)  (8 : 15)  (9 : 16)  (10 : 19)  (11 : 14)  (12 : 22)  (13 : 14)  (14 : 13)  (15 : 6)  (16 : 5)  (17 : 7)  (18 : 3)  (19 : 9)  (20 : 1)  (21 : 3)  (22 : 3)  (23 : 5)  (24 : 2)  (25 : 7)  (26 : 4)  (27 : 1)  (34 : 1)  
real Identify
([ - , - , 0 , - , - , - , - , - , - , - , - , - ] : 1)  
