testCase Num: 228
regaular Num: 121
identify Num: 108
1 1 1 0 1 0 0 1 1 2 1 1 
0 0 1 0 0 0 0 0 0 0 0 0 
0 1 0 1 0 0 0 1 2 0 0 0 
2 0 0 1 1 1 0 1 1 2 0 0 
0 0 1 1 1 0 0 1 3 1 0 0 
0 1 1 0 0 0 0 1 3 2 0 0 
1 1 1 0 1 1 1 0 2 2 0 0 
1 0 1 0 0 1 0 0 1 2 0 0 
2 1 1 0 0 0 0 0 2 0 1 0 
1 0 0 1 1 1 0 1 0 2 0 1 
1 0 0 1 1 1 1 0 1 1 1 1 
0 0 1 1 1 0 1 1 1 2 1 0 
1 0 0 1 0 1 0 1 2 1 0 0 
0 0 0 1 1 1 0 0 2 0 1 1 
1 0 1 0 0 1 0 1 3 2 0 1 
2 0 0 0 0 0 0 1 1 1 0 1 
2 1 1 1 0 0 0 0 1 2 0 0 
2 0 1 0 1 1 1 0 2 2 0 0 
0 0 1 1 0 0 1 0 2 1 0 1 
2 1 1 1 0 0 1 1 0 2 0 0 
0 1 1 1 1 1 0 0 0 0 1 0 
2 1 1 0 1 0 0 1 2 1 0 0 
0 1 0 0 0 1 1 0 0 1 0 1 
1 1 1 1 1 0 1 0 0 0 0 0 
0 1 1 1 1 0 1 0 0 2 0 1 
2 1 0 0 0 0 0 0 0 2 1 1 
0 0 0 0 0 1 0 0 1 1 1 1 
1 0 0 0 1 0 0 0 0 0 1 1 
0 0 0 0 1 1 0 0 0 2 0 0 
2 1 1 0 1 1 1 0 2 1 0 0 
0 0 1 0 1 0 1 1 3 1 0 0 
2 1 1 1 1 1 0 1 3 1 1 1 
2 1 1 1 1 0 1 0 1 0 0 1 
2 0 0 0 0 0 0 1 0 1 0 0 
2 1 0 1 0 1 0 0 1 1 1 0 
1 0 0 0 0 0 1 0 2 1 0 0 
0 0 1 1 0 1 0 0 3 2 0 1 
2 0 0 1 1 1 1 0 2 2 0 0 
0 1 1 0 1 0 1 0 1 0 1 0 
1 1 1 1 0 1 1 0 3 2 1 0 
1 0 1 0 0 0 0 0 1 1 0 0 
2 1 1 0 1 1 0 0 0 1 0 0 
0 0 1 0 0 0 0 1 2 0 1 0 
1 1 0 0 1 1 1 0 3 1 0 0 
0 1 1 1 1 0 0 0 3 2 1 0 
2 1 1 0 1 1 1 0 2 2 1 0 
2 1 1 0 1 1 1 0 2 2 1 1 
0 0 1 1 1 0 0 0 1 1 0 0 
1 1 1 0 0 0 0 1 3 1 0 0 
2 0 0 1 0 0 0 0 2 2 1 0 
2 0 1 1 1 0 1 0 0 1 1 1 
0 1 1 1 1 1 0 0 2 2 1 0 
2 1 1 1 0 1 1 1 3 0 1 0 
1 1 0 1 0 1 0 0 1 0 1 1 
1 0 1 1 0 0 1 0 3 2 0 1 
0 0 0 1 0 0 1 1 0 2 0 0 
2 1 1 1 0 1 0 1 2 1 0 0 
1 0 1 0 0 0 1 0 0 1 1 0 
2 1 1 0 1 1 1 0 2 2 0 0 
0 0 0 0 0 0 0 1 3 0 0 0 
0 1 1 0 0 0 0 0 2 1 1 1 
0 0 0 0 1 1 0 1 0 2 0 0 
2 0 1 0 0 0 0 0 3 0 0 1 
1 0 1 1 0 1 1 1 1 0 0 0 
1 0 1 0 0 0 0 1 2 2 1 0 
2 1 1 0 1 1 0 1 2 1 0 0 
2 0 0 0 0 0 0 0 0 0 0 0 
2 0 1 0 0 0 0 1 3 2 1 1 
2 1 1 1 1 0 0 0 3 2 0 1 
2 1 0 1 1 1 0 1 2 1 0 1 
0 0 1 0 0 0 0 1 3 0 0 0 
1 1 1 0 0 1 1 1 1 1 0 1 
0 0 0 0 1 1 1 1 0 2 0 0 
1 1 1 1 1 1 0 0 0 1 0 1 
1 1 1 1 1 1 1 1 0 2 1 0 
0 0 1 0 0 1 0 0 1 1 1 1 
1 1 1 0 0 1 0 1 0 0 0 0 
2 0 1 0 0 1 1 0 1 2 1 1 
2 1 0 1 1 0 1 0 1 0 0 1 
1 0 1 1 0 0 1 1 3 1 0 1 
1 0 1 0 0 0 1 1 0 2 0 1 
2 0 0 1 0 0 1 0 2 2 0 0 
2 1 1 0 1 1 1 1 2 1 0 0 
1 1 1 0 0 1 0 0 0 2 1 1 
0 0 1 1 1 0 1 1 3 2 0 0 
1 1 0 0 0 1 0 1 0 0 0 0 
0 0 0 0 0 0 0 1 2 0 1 0 
2 1 0 1 1 0 0 0 3 2 0 1 
0 1 0 1 1 1 0 0 0 0 1 0 
0 0 1 0 1 0 0 0 2 2 0 0 
1 0 1 1 0 1 0 1 2 1 0 0 
2 0 0 1 0 1 1 0 2 2 0 0 
0 1 1 0 0 0 1 0 3 1 1 1 
0 0 0 0 0 0 0 0 0 0 0 0 
1 1 0 0 1 0 1 1 2 0 0 1 
0 1 0 0 0 1 1 0 1 2 0 0 
2 1 1 0 0 1 0 0 3 2 1 1 
2 0 0 1 0 0 0 1 3 0 0 0 
2 1 1 0 1 0 1 1 2 2 0 1 
0 1 0 0 0 0 0 0 2 1 1 1 
1 1 1 1 1 0 0 1 2 1 1 0 
0 1 0 1 0 0 1 1 0 2 0 0 
2 1 1 0 1 0 1 1 1 1 1 0 
1 1 1 1 0 1 0 0 1 0 1 1 
2 0 0 0 0 0 0 1 1 0 0 0 
0 0 1 0 0 1 0 0 2 1 0 0 
0 0 1 1 0 0 1 1 0 2 0 0 
0 0 1 0 0 0 0 0 3 1 0 0 
1 0 1 0 0 0 1 1 1 2 0 0 
2 0 0 1 0 1 0 1 3 0 0 1 
1 1 1 0 1 1 1 0 3 1 0 0 
0 0 0 0 1 0 1 1 0 2 0 0 
2 0 0 1 0 0 0 1 3 0 1 0 
0 0 0 0 1 0 1 0 3 0 0 1 
2 1 1 1 0 0 0 1 0 0 1 1 
2 0 0 1 0 0 0 1 3 0 1 1 
1 0 0 1 1 0 0 0 3 0 0 0 
1 0 1 0 1 1 0 1 3 0 1 0 
1 0 0 0 1 0 0 0 1 0 0 0 
2 0 1 0 0 1 0 0 1 0 1 0 
0 0 1 0 0 1 1 1 2 0 0 0 
2 0 1 1 1 0 1 1 2 0 0 0 
1 0 1 1 0 0 0 1 3 1 0 0 
2 1 0 1 0 0 1 1 0 2 0 0 
0 0 0 0 1 1 0 0 1 0 1 1 
2 0 1 1 0 1 0 1 3 0 0 1 
0 0 0 0 1 1 0 0 1 0 1 0 
1 1 0 0 0 0 0 1 3 1 0 0 
2 0 0 1 0 0 0 1 2 2 0 0 
0 0 1 0 1 0 1 0 3 0 0 1 
2 0 0 0 1 1 1 0 2 2 0 0 
2 0 0 1 1 0 1 0 0 1 1 1 
0 1 1 1 1 0 0 1 0 1 1 1 
1 0 1 0 1 0 0 0 1 0 0 0 
2 1 0 1 0 1 1 1 3 0 1 0 
2 0 1 1 1 1 0 0 0 2 1 0 
0 1 1 0 0 1 1 0 0 1 0 1 
0 1 1 1 0 1 0 1 1 0 1 0 
1 0 1 1 0 0 0 1 3 0 1 1 
1 0 1 0 0 0 1 0 2 1 0 0 
2 1 1 0 0 0 0 0 0 2 1 1 
0 1 0 0 0 0 0 1 3 2 0 0 
1 0 0 0 0 0 1 1 1 2 0 0 
0 1 1 1 0 0 1 1 1 1 0 0 
1 1 1 0 1 0 0 0 3 2 0 1 
1 0 1 1 0 0 0 0 2 0 0 0 
0 1 1 1 1 1 0 0 3 0 1 0 
2 0 1 0 0 0 0 1 1 0 0 0 
0 1 1 0 1 1 0 1 1 0 0 1 
2 0 1 0 1 1 1 1 0 0 1 1 
0 0 0 0 0 0 1 1 0 2 0 0 
0 0 0 1 1 0 0 1 3 1 0 0 
0 1 1 0 0 1 1 0 1 2 0 0 
0 0 1 0 0 1 0 0 3 1 0 0 
1 0 1 1 1 1 0 1 0 2 0 1 
2 1 1 1 1 0 0 1 3 1 0 1 
1 1 0 0 0 1 0 0 0 2 1 1 
2 0 1 0 0 0 1 0 3 1 1 0 
2 0 0 0 1 0 1 0 2 2 1 0 
2 0 0 1 0 0 0 1 3 2 0 0 
2 0 1 1 0 0 1 1 3 1 0 1 
0 0 1 0 1 0 0 0 0 2 1 0 
0 0 1 1 0 1 1 1 0 1 1 0 
0 1 1 1 0 0 1 1 2 2 1 1 
0 0 1 0 0 1 0 1 0 2 0 1 
1 0 1 1 0 0 0 0 3 1 1 0 
1 1 0 1 1 1 0 0 0 1 0 1 
1 0 1 0 1 0 0 0 2 1 0 1 
0 1 1 1 0 0 0 1 2 0 0 0 
2 1 0 0 0 1 0 0 3 2 1 1 
0 0 1 1 1 0 0 0 3 0 1 1 
2 0 1 0 0 1 0 0 3 1 1 0 
0 0 0 0 0 1 0 1 0 2 0 1 
2 0 0 1 0 0 0 0 2 2 0 0 
2 1 1 0 0 1 0 1 2 1 0 0 
1 0 1 1 1 0 0 0 3 0 0 0 
2 0 1 0 0 1 0 1 2 2 1 1 
2 0 0 0 0 0 1 0 3 0 0 0 
2 1 1 1 0 1 0 0 1 1 1 0 
2 0 1 0 0 0 0 1 0 1 0 0 
0 0 0 0 1 1 0 0 1 2 0 0 
1 1 1 0 0 0 1 0 3 0 0 1 
0 0 1 1 0 0 1 1 1 0 1 1 
0 0 1 1 1 0 0 0 1 2 0 1 
2 0 0 0 1 1 1 1 0 0 1 1 
0 0 0 0 1 1 1 1 3 2 1 1 
2 0 0 0 0 1 0 0 2 0 0 1 
2 0 1 0 0 0 0 0 0 0 0 0 
0 0 0 0 0 1 0 0 3 1 0 0 
2 0 1 1 0 1 0 1 2 1 0 0 
1 1 1 0 1 0 1 1 2 0 0 1 
0 0 0 0 1 0 0 0 2 2 0 0 
1 0 0 0 0 0 0 1 2 2 1 0 
2 0 1 0 0 0 1 0 3 0 0 0 
2 0 1 0 1 0 1 0 2 2 1 0 
1 1 1 0 0 1 1 0 2 0 1 1 
1 1 1 1 0 0 0 0 1 2 1 0 
1 0 0 0 0 1 0 1 3 2 0 1 
0 0 1 0 1 1 1 1 3 2 1 1 
2 0 1 0 1 0 1 1 3 2 1 0 
0 1 0 1 0 0 1 1 1 1 0 0 
1 0 0 1 0 0 0 1 3 0 1 1 
1 0 1 0 1 0 0 0 0 0 1 1 
1 0 0 1 0 0 1 1 3 1 0 1 
1 1 0 0 1 0 0 1 1 2 1 1 
1 0 0 1 0 0 0 0 2 0 0 0 
2 1 1 0 1 1 1 0 3 1 0 0 
1 0 1 1 0 0 0 1 0 1 0 1 
2 1 1 0 1 0 0 0 3 0 0 0 
2 1 1 1 0 0 1 0 2 1 0 0 
2 0 0 0 0 1 0 0 3 1 1 0 
2 0 1 1 0 1 1 0 0 0 0 1 
1 0 0 1 0 1 1 0 2 2 0 1 
0 1 1 0 0 0 1 1 0 0 1 1 
0 0 0 0 1 1 1 1 2 1 0 0 
1 0 0 0 0 0 1 0 0 1 1 0 
0 0 0 0 1 1 0 0 1 0 0 0 
0 1 0 1 1 0 0 1 0 1 1 1 
1 0 0 0 0 1 0 0 1 2 0 0 
2 0 0 0 0 1 1 0 2 1 1 0 
0 1 0 1 0 1 0 1 1 0 1 0 
0 1 0 0 1 0 1 0 1 0 1 0 
1 0 1 1 1 1 1 0 1 1 1 1 
2 0 1 0 0 0 0 1 1 1 0 1 
2 0 1 1 1 1 0 1 1 2 0 0 
0 1 0 1 0 0 1 1 2 2 1 1 
1 0 0 0 0 0 0 0 1 1 0 0 
2 0 1 1 0 0 0 0 2 2 1 0 
MFS
[ - , - , - , - , - , - , - , - , - , - , - , - ]
[ - , - , - , - , - , 1 , - , - , 2 , - , - , - ]
[ - , - , 0 , - , - , - , - , - , - , - , - , - ]
precise
0.3333333333333333
recall
0.3333333333333333
F-measure
0.3333333333333333
multi
5
time
all 1089 iden 1 gen 1087
t-cover
13954
all-cover
14136
coveredNum
(1 : 302)  (2 : 733)  (3 : 1221)  (4 : 1395)  (5 : 1529)  (6 : 1376)  (7 : 1260)  (8 : 1059)  (9 : 1010)  (10 : 834)  (11 : 647)  (12 : 524)  (13 : 413)  (14 : 373)  (15 : 320)  (16 : 264)  (17 : 174)  (18 : 131)  (19 : 101)  (20 : 114)  (21 : 73)  (22 : 54)  (23 : 35)  (24 : 25)  (25 : 24)  (26 : 20)  (27 : 17)  (28 : 21)  (29 : 16)  (30 : 11)  (31 : 11)  (32 : 9)  (33 : 9)  (34 : 2)  (35 : 6)  (36 : 4)  (37 : 5)  (38 : 2)  (39 : 4)  (40 : 2)  (41 : 3)  (43 : 1)  (44 : 2)  
real Identify
([ - , - , 0 , - , - , - , - , - , - , - , - , - ] : 1)  
testCase Num: 243
regaular Num: 122
identify Num: 122
0 1 0 1 1 0 1 1 2 0 1 1 
0 0 1 0 0 0 0 0 0 0 0 0 
2 1 1 0 1 1 0 1 1 2 1 0 
1 0 0 0 0 0 1 0 2 2 0 0 
1 1 1 0 0 1 0 1 3 2 0 0 
0 0 0 0 0 0 0 0 3 1 0 0 
1 1 1 0 1 1 1 0 2 2 0 0 
2 1 0 1 1 1 0 1 0 0 0 0 
1 1 1 1 1 0 1 0 1 2 0 0 
1 0 0 0 0 1 0 0 2 0 1 1 
1 0 0 0 0 1 0 0 3 1 0 0 
1 0 0 0 0 1 0 0 3 1 0 1 
0 1 0 0 0 0 0 0 3 1 0 1 
1 1 1 0 0 1 0 0 0 0 0 0 
1 1 1 0 0 1 0 1 2 0 0 0 
1 0 0 0 0 0 1 1 2 0 1 1 
0 0 1 0 1 1 0 0 3 2 1 1 
1 1 1 0 0 0 0 1 3 0 0 1 
0 1 1 1 0 1 0 1 0 2 0 1 
0 0 0 1 1 1 1 1 1 1 1 1 
2 0 1 0 1 0 0 0 0 1 0 1 
2 0 1 0 0 0 0 0 2 1 0 1 
1 0 0 0 0 0 1 0 1 1 0 0 
1 1 1 1 1 0 0 0 3 1 0 1 
2 0 0 0 1 1 1 0 3 0 0 0 
2 1 1 0 0 0 0 1 3 0 1 0 
1 0 1 1 1 0 1 1 0 0 1 1 
1 0 1 0 0 0 0 0 2 1 0 0 
0 1 1 1 0 1 0 0 3 1 1 0 
2 1 1 0 1 0 1 1 0 2 1 1 
1 0 1 1 0 1 1 1 3 2 0 1 
0 0 1 1 0 0 0 0 3 0 1 0 
1 1 1 0 0 0 0 1 3 0 1 1 
1 0 0 1 1 1 0 1 0 2 1 0 
2 0 0 1 0 1 0 0 1 0 0 0 
2 0 1 1 0 0 1 0 3 2 1 0 
1 0 1 0 1 0 0 1 1 1 0 1 
2 0 0 0 0 0 1 1 3 1 0 0 
2 1 0 0 1 0 0 0 2 2 1 0 
2 0 1 0 1 1 1 0 1 1 0 0 
2 1 0 0 0 0 0 1 1 0 0 1 
1 0 1 1 0 0 1 1 3 1 1 0 
0 0 1 1 1 0 1 0 3 0 0 0 
1 1 1 1 1 1 1 0 3 0 1 1 
2 0 0 1 0 0 1 0 0 0 1 1 
2 1 1 1 1 1 0 0 2 1 0 1 
1 0 0 1 1 0 1 1 2 0 1 1 
0 1 0 0 1 0 0 0 1 1 0 0 
2 0 1 0 0 1 1 1 2 2 0 1 
1 1 1 0 0 1 0 0 2 2 0 0 
1 1 0 0 1 1 1 0 2 0 1 0 
2 0 1 1 0 0 1 1 1 2 0 0 
2 0 1 1 1 0 1 1 2 2 1 1 
1 1 1 0 0 0 0 1 2 0 1 1 
1 1 1 1 1 1 0 0 2 1 0 1 
1 0 1 1 0 0 0 1 2 2 0 0 
0 0 0 1 0 0 0 1 2 0 0 0 
1 0 1 1 0 0 0 0 0 0 0 0 
0 1 0 1 1 0 1 0 3 2 0 1 
1 0 0 0 0 1 0 0 1 0 1 1 
1 0 0 1 0 0 0 1 3 2 1 1 
1 0 1 1 1 1 0 0 1 2 1 1 
1 0 0 0 0 0 1 0 2 0 0 1 
1 0 1 0 0 1 1 0 0 2 0 1 
2 1 0 0 0 0 0 1 3 2 0 1 
0 1 1 0 1 0 1 0 0 1 0 0 
0 1 1 0 1 1 1 1 1 2 0 0 
1 0 1 0 0 0 0 0 0 1 0 1 
0 1 0 1 0 0 1 0 3 2 1 1 
2 0 1 0 0 1 1 1 2 1 0 1 
2 0 1 1 1 0 0 0 1 0 1 1 
2 0 1 0 0 0 1 1 3 1 0 0 
2 1 1 0 1 0 0 0 2 2 1 0 
1 0 1 0 0 0 1 0 3 1 1 1 
2 0 1 1 0 0 1 1 3 0 0 1 
2 1 0 0 1 0 1 1 0 2 1 1 
1 0 1 1 0 0 0 1 3 2 1 1 
0 1 0 0 0 1 1 1 3 2 0 0 
0 1 0 0 1 1 1 1 1 2 0 0 
2 1 1 0 0 0 1 0 2 1 0 1 
1 0 0 1 0 0 0 0 0 0 0 0 
0 1 1 0 1 1 0 0 1 0 0 1 
0 0 1 0 0 1 1 0 0 0 1 0 
0 0 1 1 0 0 0 1 0 0 1 0 
0 0 1 0 1 1 0 1 2 1 1 1 
0 1 0 1 0 0 1 0 2 1 1 1 
0 1 0 1 0 0 1 0 3 2 0 1 
0 1 0 1 0 0 1 0 3 2 0 0 
1 0 0 0 0 1 1 1 2 0 1 1 
2 0 1 0 0 1 1 1 2 2 1 0 
2 0 1 0 0 0 0 1 2 0 1 0 
2 0 1 0 0 1 1 1 2 2 1 1 
1 0 0 1 1 0 0 0 3 1 0 0 
1 0 0 0 0 1 0 0 3 0 1 1 
0 0 1 1 0 0 0 0 0 1 0 1 
0 1 1 0 0 0 0 0 3 1 0 1 
1 0 1 0 0 1 0 1 1 1 1 0 
0 1 0 0 0 1 1 1 2 1 0 1 
0 0 1 0 1 0 1 1 1 0 0 0 
0 0 1 1 1 1 1 0 2 2 0 0 
2 0 1 0 0 0 0 0 3 1 0 0 
1 0 0 0 0 0 1 0 3 1 1 1 
1 0 1 1 0 1 1 1 2 1 1 0 
1 1 1 0 0 1 0 1 2 2 1 0 
1 1 1 0 0 1 0 1 2 2 1 1 
0 0 0 0 0 0 0 0 0 0 0 0 
0 1 0 1 1 1 0 1 2 1 1 1 
2 1 0 0 0 1 1 0 1 2 1 1 
0 1 0 0 1 0 0 0 0 2 1 0 
2 1 1 1 0 0 0 1 1 1 1 1 
1 1 1 0 0 1 1 1 1 2 0 0 
0 0 1 0 1 1 0 0 0 0 0 0 
2 1 1 1 0 1 1 0 3 0 0 1 
0 0 1 0 0 0 0 0 3 1 0 0 
0 1 0 1 0 1 0 0 3 1 1 0 
2 0 1 0 0 0 0 0 2 0 0 0 
1 1 1 0 0 1 0 1 2 2 0 0 
0 1 0 1 0 1 0 1 0 2 0 1 
0 0 1 1 1 0 1 0 2 1 0 0 
2 0 0 0 0 0 0 0 1 1 0 0 
0 0 1 0 0 0 1 0 1 0 1 0 
0 1 0 1 0 0 1 0 3 1 1 1 
2 1 0 1 1 0 0 1 3 1 0 0 
0 1 0 0 0 0 1 0 1 1 1 0 
1 0 0 0 0 1 0 0 3 1 1 1 
1 1 1 0 1 1 1 0 2 0 1 0 
2 0 1 1 1 1 0 0 2 1 0 1 
0 1 1 0 1 1 0 1 2 1 1 1 
1 0 0 1 0 0 0 1 2 2 0 0 
0 0 1 1 1 0 1 1 3 1 0 0 
2 0 1 0 0 1 0 0 2 1 0 1 
2 0 0 1 0 1 1 1 2 0 0 1 
2 0 1 1 1 0 0 0 2 1 1 0 
0 1 1 1 0 0 0 0 2 2 1 1 
1 1 0 0 0 0 0 1 2 0 1 1 
0 1 1 0 0 0 1 0 1 1 1 0 
1 0 0 1 1 1 0 0 1 2 1 1 
2 1 1 0 0 0 0 1 1 0 0 1 
1 1 1 0 0 1 1 0 2 2 0 0 
1 0 0 1 1 0 1 1 0 0 1 1 
1 0 0 0 1 0 1 1 2 0 1 1 
2 1 1 1 0 0 0 0 3 0 0 0 
2 1 0 0 0 0 0 1 3 0 1 0 
1 0 0 0 0 1 0 1 1 1 1 0 
0 1 1 0 0 0 1 1 3 1 0 1 
2 0 1 1 0 1 1 0 0 2 0 1 
2 1 1 1 0 1 1 0 0 1 1 0 
0 0 1 1 0 0 0 0 1 1 0 0 
2 0 1 0 0 1 1 0 1 0 1 0 
0 0 1 1 0 0 1 1 0 1 0 0 
0 1 1 1 1 0 1 0 3 2 0 1 
1 1 1 0 0 1 1 1 3 1 0 0 
1 0 1 1 1 1 0 1 0 2 1 0 
2 0 1 0 0 1 1 0 2 1 0 1 
1 1 1 1 1 0 0 0 0 1 1 0 
0 0 0 0 1 0 1 1 1 0 0 0 
2 0 1 0 1 1 0 1 3 1 1 1 
0 0 0 1 0 0 0 0 3 0 1 0 
1 1 0 0 0 1 0 0 0 0 0 0 
0 1 1 0 1 0 0 1 2 1 1 0 
0 0 1 1 0 0 0 1 2 0 0 0 
2 0 1 0 0 1 1 1 3 1 0 1 
1 1 0 1 1 1 1 0 3 0 1 1 
0 1 1 1 0 1 0 1 1 0 0 0 
2 0 1 0 1 1 0 0 2 1 0 1 
0 0 1 0 0 1 0 0 2 0 1 1 
2 1 1 1 1 1 0 1 0 0 0 0 
0 1 1 0 1 0 0 0 1 1 0 0 
0 1 0 0 1 1 0 0 1 0 0 1 
0 1 0 1 0 0 1 1 2 1 1 1 
2 0 1 0 1 1 1 0 3 0 0 0 
2 1 1 1 1 0 0 1 3 1 0 0 
2 0 0 1 1 0 0 0 1 0 1 1 
2 0 1 0 1 1 0 1 3 2 0 0 
2 0 0 0 1 0 0 0 0 1 0 1 
2 0 1 0 1 1 0 1 2 1 1 1 
2 0 0 0 0 0 0 0 2 0 0 0 
0 1 1 0 0 1 0 1 3 0 0 0 
0 0 1 1 1 1 1 1 1 1 1 1 
0 1 1 0 0 1 1 1 3 2 0 0 
0 1 0 0 1 0 1 0 0 1 0 0 
1 1 1 1 1 1 1 0 2 2 0 0 
1 1 1 0 1 0 0 0 3 2 1 0 
0 0 1 0 1 1 0 1 0 1 1 1 
2 1 1 0 1 0 1 1 2 0 0 0 
0 1 1 1 1 0 1 1 2 0 1 1 
1 0 0 0 0 0 0 0 2 1 0 0 
1 0 1 0 0 0 1 0 2 0 0 1 
2 0 0 0 0 0 0 1 2 0 1 0 
1 1 1 1 0 0 1 1 1 0 1 0 
2 0 0 1 1 0 0 0 2 1 1 0 
1 1 1 0 0 0 1 0 2 2 0 0 
1 1 1 0 1 1 1 1 0 1 0 1 
1 1 1 1 0 1 0 0 1 1 0 1 
0 1 1 0 1 0 0 0 0 2 1 0 
2 1 1 0 0 1 1 0 1 2 1 1 
2 0 1 0 0 0 0 0 1 1 0 0 
0 0 0 1 0 0 0 1 0 0 1 0 
1 0 0 0 0 1 0 1 2 0 1 1 
0 1 0 0 1 1 0 1 2 1 1 1 
1 0 1 0 0 1 0 0 1 0 1 1 
0 0 1 0 0 0 1 0 0 2 0 0 
0 0 0 1 1 1 1 0 2 2 0 0 
1 0 0 0 1 0 0 1 1 1 0 1 
2 0 1 0 0 0 0 1 0 1 0 0 
0 0 1 0 1 0 1 1 3 0 1 1 
0 1 1 0 0 0 1 1 2 2 1 0 
0 0 1 1 0 0 0 0 3 1 0 1 
1 0 0 0 0 0 0 0 0 1 0 1 
1 0 1 0 1 0 0 1 2 2 0 1 
2 0 0 0 0 0 0 0 3 1 0 0 
0 0 1 0 0 0 0 1 1 2 0 1 
1 0 1 0 1 0 1 1 1 0 0 1 
2 1 1 1 0 1 0 0 2 2 0 0 
1 1 0 1 1 0 1 1 2 0 1 1 
1 1 0 1 1 1 0 0 2 1 0 1 
2 1 0 1 0 1 1 0 0 1 1 0 
1 1 1 1 0 0 1 1 0 2 1 0 
0 0 0 0 1 1 0 0 0 0 0 0 
0 1 1 1 1 0 1 0 0 0 0 1 
0 0 1 1 1 0 0 0 1 2 1 0 
1 0 1 0 0 0 1 0 1 1 0 0 
1 1 0 1 1 0 1 0 1 2 0 0 
1 1 0 0 0 0 0 1 3 0 0 1 
2 1 1 0 0 0 0 1 3 2 0 1 
1 0 1 1 1 0 0 0 3 1 0 0 
1 1 0 0 1 1 1 1 0 1 0 1 
1 0 1 0 1 0 0 0 0 0 1 0 
2 0 1 0 1 0 0 1 0 2 0 0 
0 1 0 1 0 1 0 1 2 1 1 1 
1 0 1 1 1 1 0 1 3 0 0 0 
0 0 0 1 0 0 0 0 0 1 0 1 
2 1 1 0 0 1 0 1 0 0 1 1 
2 0 1 1 0 1 0 0 1 0 0 0 
0 1 0 1 0 0 0 0 2 2 1 1 
1 0 1 0 0 0 1 0 2 2 0 0 
1 0 1 1 1 0 1 1 2 0 1 1 
2 0 1 1 0 0 1 0 0 0 1 1 
0 1 0 1 0 0 0 1 2 1 1 1 
1 0 1 1 1 0 0 0 2 0 0 0 
1 0 1 1 1 1 1 0 2 2 0 0 
2 0 0 0 1 1 0 1 3 2 0 0 
2 0 0 1 0 0 1 1 1 2 0 0 
MFS
[ - , - , - , - , - , - , - , - , - , - , - , - ]
[ - , - , - , - , - , 1 , - , - , 2 , 2 , - , - ]
[ - , - , - , - , - , 1 , - , - , 2 , - , - , - ]
[ - , - , 0 , - , - , - , - , - , - , - , - , - ]
precise
0.5
recall
0.6666666666666666
F-measure
0.5714285714285715
multi
3
time
all 1079 iden 1 gen 1078
t-cover
14010
all-cover
14136
coveredNum
(1 : 277)  (2 : 694)  (3 : 1088)  (4 : 1218)  (5 : 1399)  (6 : 1246)  (7 : 1183)  (8 : 1115)  (9 : 946)  (10 : 846)  (11 : 752)  (12 : 641)  (13 : 515)  (14 : 429)  (15 : 370)  (16 : 297)  (17 : 232)  (18 : 192)  (19 : 163)  (20 : 133)  (21 : 85)  (22 : 57)  (23 : 41)  (24 : 33)  (25 : 27)  (26 : 22)  (27 : 16)  (28 : 16)  (29 : 21)  (30 : 12)  (31 : 15)  (32 : 14)  (33 : 14)  (34 : 7)  (35 : 9)  (36 : 5)  (37 : 1)  (38 : 2)  (39 : 2)  (40 : 1)  
real Identify
([ - , - , - , - , - , 1 , - , - , 2 , 2 , - , - ] : 1)  ([ - , - , 0 , - , - , - , - , - , - , - , - , - ] : 1)  
testCase Num: 224
regaular Num: 124
identify Num: 100
1 0 1 0 1 0 0 1 0 1 1 0 
0 0 1 0 0 0 0 0 0 0 0 0 
2 0 0 0 0 1 0 1 0 2 1 1 
1 0 1 1 1 0 1 1 1 1 1 1 
2 0 1 1 0 0 0 1 1 0 1 0 
0 1 0 0 1 0 1 0 3 0 0 0 
1 0 1 0 0 0 0 0 2 2 1 1 
0 0 1 0 1 1 1 1 1 0 0 1 
2 0 1 0 0 1 0 0 1 0 0 1 
2 1 1 0 0 0 1 1 2 1 0 0 
2 0 1 1 1 0 1 1 2 1 1 0 
0 0 0 1 1 1 0 0 2 0 1 0 
2 0 1 1 1 0 1 0 0 0 1 0 
0 0 0 1 0 0 0 1 2 1 0 0 
1 0 1 1 0 1 0 1 1 2 0 1 
0 0 1 0 0 1 1 0 3 2 0 1 
0 1 1 1 1 0 1 1 1 2 0 0 
0 1 0 0 1 1 1 0 2 1 1 1 
2 0 1 0 0 0 1 0 0 2 1 0 
1 0 1 0 0 0 0 0 2 1 0 0 
2 1 0 0 0 0 1 0 3 1 0 0 
1 0 0 0 0 0 0 1 0 1 0 1 
1 0 1 0 1 0 0 0 3 0 1 1 
0 1 1 0 0 1 0 1 1 1 0 1 
0 0 0 1 0 0 0 0 1 1 0 0 
2 1 1 0 1 0 0 0 1 2 1 0 
2 0 1 0 1 1 0 0 0 2 0 0 
1 1 1 1 1 1 0 0 1 1 0 0 
2 1 0 1 1 0 0 0 0 0 1 1 
1 0 1 1 0 1 1 1 3 0 0 0 
2 0 0 0 1 0 1 1 1 2 0 1 
0 1 0 0 1 0 0 0 1 1 1 0 
1 1 0 0 1 0 0 0 1 2 1 1 
0 0 1 0 0 0 1 0 2 0 1 0 
2 0 1 0 1 0 0 1 0 0 0 1 
1 0 1 1 0 1 1 0 2 1 1 1 
2 1 1 1 0 0 0 0 2 2 1 1 
1 1 0 0 1 1 1 0 3 1 0 0 
2 0 1 0 0 0 1 1 1 1 0 0 
0 1 1 0 0 0 1 1 0 2 1 1 
1 0 0 0 0 0 0 0 0 2 0 0 
2 1 1 0 1 1 1 0 1 0 0 0 
1 1 1 1 0 0 0 1 3 2 0 0 
2 0 0 0 1 0 0 0 3 1 0 0 
0 0 1 0 1 1 0 1 3 1 0 0 
2 1 1 1 0 1 1 1 3 0 1 1 
2 0 1 1 0 1 1 1 3 1 0 0 
0 1 0 0 0 0 1 1 1 1 0 0 
0 1 0 0 1 0 0 1 3 2 1 0 
2 1 1 0 1 0 0 0 0 1 0 1 
1 0 1 1 0 0 1 0 2 1 1 1 
1 0 1 0 0 0 1 0 1 2 0 0 
1 1 0 0 0 1 1 0 1 0 1 0 
0 1 1 0 0 0 0 0 3 2 0 0 
0 1 0 1 1 1 0 0 2 2 1 1 
0 0 1 0 0 0 0 0 2 1 0 0 
0 1 0 1 1 1 0 0 2 2 1 0 
1 0 1 1 0 1 0 1 2 2 0 1 
2 0 1 0 0 0 0 0 3 0 0 0 
0 0 1 0 0 0 0 0 1 0 1 0 
0 1 1 1 1 0 1 0 3 1 1 0 
2 0 1 0 0 1 1 0 0 1 1 1 
1 0 1 1 0 1 0 1 2 2 0 0 
1 0 1 1 0 0 1 1 3 2 1 0 
2 0 1 0 1 1 0 1 2 2 1 0 
2 0 1 0 1 0 0 1 3 2 1 0 
2 0 1 1 1 1 0 0 1 1 0 0 
1 0 1 0 1 1 1 0 2 1 1 1 
1 0 0 1 1 1 1 0 3 2 1 0 
1 0 1 0 0 1 1 0 0 2 1 0 
2 1 1 1 0 0 1 0 0 2 0 0 
2 0 0 0 1 1 0 0 0 2 0 0 
2 0 1 0 1 0 1 1 1 2 0 1 
0 0 1 0 1 1 0 0 1 2 1 1 
0 1 0 1 1 1 0 0 2 1 0 0 
2 1 0 0 1 0 0 0 1 2 1 0 
0 0 0 0 1 1 0 0 3 0 0 0 
0 1 0 1 1 1 1 1 1 1 0 0 
1 0 1 1 0 1 0 0 2 1 1 1 
1 0 1 1 0 1 0 1 2 2 1 1 
0 0 1 0 0 1 1 0 1 1 0 0 
1 1 1 1 0 0 0 0 3 0 0 0 
0 0 0 0 0 0 0 0 1 0 1 0 
1 1 1 0 1 1 1 0 2 1 1 1 
2 1 0 1 0 1 1 1 2 0 1 0 
2 1 1 0 0 1 0 0 3 0 0 0 
1 0 0 1 0 1 0 1 1 2 0 1 
1 0 1 1 0 0 1 0 1 0 0 1 
1 1 1 1 1 0 0 1 2 0 0 0 
2 1 1 1 0 1 0 1 0 1 0 0 
0 0 0 0 0 1 1 1 2 2 1 1 
0 1 1 1 0 0 1 0 0 1 0 1 
0 1 0 0 1 1 0 0 0 1 1 0 
2 0 0 1 1 1 0 0 1 1 0 0 
1 0 1 0 0 1 0 1 1 1 1 0 
1 1 0 1 0 0 1 0 0 1 1 1 
0 1 0 1 1 1 0 0 1 1 0 0 
1 1 1 1 0 1 0 0 2 1 1 0 
2 1 0 0 0 0 1 1 2 1 0 0 
2 0 1 0 0 0 0 0 3 1 0 1 
0 0 0 0 0 0 1 1 1 1 1 0 
1 1 1 1 0 0 0 0 3 1 1 0 
1 0 1 0 0 0 0 0 0 2 0 0 
0 0 0 0 0 0 0 0 0 0 0 0 
2 0 1 0 0 0 0 1 3 1 1 1 
0 0 0 0 0 0 1 1 1 1 0 0 
2 0 1 1 1 0 0 0 3 2 1 0 
0 1 0 1 1 1 0 0 2 2 0 0 
1 1 1 0 0 1 1 1 0 0 1 0 
1 0 1 1 0 1 0 1 2 1 1 1 
0 1 1 0 0 0 1 0 3 1 0 1 
0 1 1 0 1 0 0 1 2 0 1 1 
1 1 1 0 1 1 1 0 3 1 0 0 
1 1 0 1 0 0 0 1 3 2 0 0 
2 1 1 1 0 1 0 1 1 2 1 0 
0 0 1 0 0 0 0 0 3 1 1 1 
2 1 1 0 0 0 1 0 3 1 0 0 
0 1 1 1 0 0 0 0 1 0 0 1 
2 0 0 0 0 0 1 1 1 1 0 0 
0 1 1 0 1 0 0 1 3 2 1 0 
2 1 1 1 0 1 0 0 3 2 0 1 
2 1 0 1 0 1 0 1 1 2 1 0 
2 1 0 1 0 1 1 1 3 0 1 1 
2 1 1 1 1 0 0 0 0 0 1 1 
2 0 0 0 0 0 1 0 0 2 1 0 
1 0 1 0 0 0 0 1 0 1 0 1 
0 0 1 1 0 0 0 0 1 1 0 0 
0 1 1 0 1 0 0 0 1 1 1 0 
1 1 0 0 1 0 1 0 2 2 0 0 
2 1 0 0 0 1 0 0 0 0 1 0 
0 0 1 0 0 0 1 1 3 2 1 1 
2 1 1 1 0 0 1 0 1 1 1 1 
1 0 0 1 0 0 1 0 1 0 0 1 
0 1 1 0 1 1 0 0 0 1 1 0 
0 0 1 1 1 0 1 0 2 2 0 1 
2 0 0 0 0 0 1 1 0 0 0 0 
0 0 1 1 0 1 1 1 0 2 1 0 
2 0 1 0 0 1 0 1 0 2 1 1 
1 0 1 1 0 1 0 0 0 0 0 1 
1 0 1 1 0 1 0 1 3 1 1 1 
0 0 1 1 1 0 1 1 3 0 0 1 
0 0 1 1 1 1 0 0 2 0 1 0 
0 1 1 1 1 1 1 0 1 0 0 0 
0 1 1 0 1 1 1 0 2 1 1 1 
2 0 0 0 0 1 0 0 1 0 0 1 
1 0 1 1 0 0 0 0 3 1 0 1 
0 0 1 1 0 0 0 1 2 1 0 0 
0 0 0 1 0 1 1 0 1 2 1 0 
2 1 0 1 0 1 0 1 0 1 0 0 
1 0 0 1 0 1 1 1 2 2 1 0 
0 1 0 1 1 1 0 1 0 0 1 1 
2 0 0 1 1 0 1 0 0 0 1 0 
0 1 0 0 0 0 1 0 3 1 0 1 
0 0 0 0 0 0 0 0 0 2 0 0 
0 1 0 1 1 1 0 1 1 1 0 0 
1 0 1 1 1 1 1 0 2 1 1 1 
1 1 1 0 1 1 0 1 3 1 1 1 
1 0 0 0 0 0 0 0 2 1 0 0 
2 0 0 0 1 1 1 1 3 2 0 1 
1 1 0 0 1 0 1 0 0 0 0 1 
2 0 1 1 1 1 1 0 2 0 0 1 
2 0 0 0 0 1 0 0 2 1 0 1 
1 1 1 1 0 0 1 0 0 1 1 1 
1 1 1 0 0 0 1 1 3 2 1 1 
0 0 0 0 0 1 1 0 1 1 0 0 
0 0 1 0 0 0 1 0 0 0 0 0 
1 0 1 1 1 1 1 0 3 2 1 0 
1 0 1 0 1 0 0 0 2 1 0 1 
1 0 1 0 0 1 1 0 0 1 0 0 
2 0 0 0 0 0 0 1 3 1 1 1 
0 1 0 1 0 0 0 0 2 0 0 0 
0 1 0 1 1 0 1 1 1 1 0 0 
2 1 1 0 1 0 0 0 2 0 0 0 
1 1 1 1 1 1 1 1 2 1 0 1 
1 1 1 1 1 0 1 1 3 1 0 1 
1 1 0 0 1 1 1 0 0 2 0 1 
0 1 1 0 0 1 0 0 2 2 0 0 
0 1 0 1 0 0 1 0 0 1 0 1 
1 1 1 0 1 0 0 0 1 2 1 1 
2 1 1 1 0 0 1 1 3 0 1 0 
1 1 0 1 0 0 0 0 3 0 0 0 
1 0 0 0 0 1 0 1 2 0 0 1 
0 0 1 0 0 0 1 1 1 1 1 0 
1 1 0 1 1 0 0 1 2 0 0 0 
0 0 0 1 1 0 1 1 3 0 0 1 
1 1 1 0 1 1 1 0 0 2 0 1 
1 1 1 1 1 1 1 0 2 0 1 0 
2 1 1 0 1 0 1 1 3 0 0 1 
1 1 1 0 1 0 1 0 2 2 0 0 
2 1 1 0 0 1 0 0 0 0 1 0 
2 0 1 0 1 1 1 1 3 2 0 1 
0 0 1 0 0 0 0 0 0 2 0 0 
0 1 1 1 1 1 0 1 0 0 1 1 
0 0 0 1 0 1 1 1 0 2 1 0 
0 1 0 1 0 0 1 1 1 1 0 0 
2 0 1 0 0 0 1 1 0 0 0 0 
2 1 0 1 0 0 0 0 2 2 1 1 
1 1 1 0 1 0 0 1 1 0 1 1 
0 0 1 0 1 1 0 0 3 0 0 0 
2 0 1 0 0 0 0 0 1 2 0 0 
1 0 1 0 0 0 0 1 3 0 0 1 
1 1 1 1 1 0 0 1 0 2 0 0 
0 0 1 1 1 1 1 1 0 1 0 0 
0 1 1 0 1 0 1 0 3 1 1 1 
1 1 1 0 0 1 1 0 1 0 1 0 
0 1 0 1 0 0 0 0 1 0 0 1 
2 1 1 0 0 0 1 1 2 2 0 1 
0 1 1 1 0 0 0 0 2 0 0 0 
2 1 0 0 0 1 0 0 3 0 0 0 
0 0 1 1 0 0 0 0 3 2 0 0 
0 0 1 1 1 0 0 0 0 2 1 1 
0 1 1 0 0 0 1 1 1 1 0 0 
0 1 1 1 0 1 0 1 3 0 1 0 
2 1 0 0 1 0 0 0 2 0 0 0 
0 1 1 0 1 0 1 0 3 0 0 0 
1 0 0 0 1 0 0 1 0 1 1 0 
2 0 0 0 0 0 0 0 3 0 0 0 
0 0 0 0 0 1 1 0 3 2 0 1 
1 0 0 1 1 0 1 1 1 1 1 1 
1 0 0 1 0 0 0 0 3 1 0 1 
1 1 1 0 1 0 1 0 0 0 0 1 
2 0 1 0 1 0 0 0 3 1 0 0 
0 0 1 1 0 1 1 0 1 2 1 0 
0 0 0 0 1 1 1 1 1 0 0 1 
MFS
[ - , - , - , - , - , 1 , - , - , 2 , - , - , - ]
[ - , - , 0 , - , - , - , - , - , - , - , - , - ]
precise
0.5
recall
0.3333333333333333
F-measure
0.4
multi
4
time
all 993 iden 1 gen 992
t-cover
13954
all-cover
14136
coveredNum
(1 : 330)  (2 : 714)  (3 : 1229)  (4 : 1380)  (5 : 1482)  (6 : 1427)  (7 : 1379)  (8 : 1108)  (9 : 948)  (10 : 775)  (11 : 670)  (12 : 614)  (13 : 420)  (14 : 350)  (15 : 304)  (16 : 258)  (17 : 188)  (18 : 158)  (19 : 101)  (20 : 71)  (21 : 41)  (22 : 32)  (23 : 19)  (24 : 10)  (25 : 10)  (26 : 18)  (27 : 12)  (28 : 15)  (29 : 16)  (30 : 18)  (31 : 14)  (32 : 11)  (33 : 6)  (34 : 3)  (35 : 1)  (36 : 1)  (37 : 1)  (38 : 1)  (39 : 1)  
real Identify
([ - , - , 0 , - , - , - , - , - , - , - , - , - ] : 1)  
testCase Num: 253
regaular Num: 123
identify Num: 130
0 0 1 0 0 0 0 0 0 0 0 0 
0 0 0 1 1 0 0 0 3 0 0 0 
1 1 1 0 0 0 1 0 0 2 0 1 
0 0 0 1 0 1 0 1 1 1 1 1 
0 0 0 0 0 0 1 1 2 1 0 0 
1 0 0 0 1 1 0 0 0 1 0 0 
0 0 1 1 0 0 1 0 1 0 0 0 
0 0 0 0 0 0 0 0 3 1 0 1 
1 0 1 1 0 0 1 1 3 0 1 0 
1 0 1 0 0 0 0 0 1 0 0 0 
0 1 1 0 0 0 0 1 3 2 1 0 
2 1 0 0 1 0 1 0 0 1 0 0 
2 1 1 0 1 1 1 1 3 0 0 1 
2 1 0 0 0 0 1 0 3 2 1 0 
2 1 1 0 0 1 0 0 1 0 1 0 
2 1 1 1 0 0 0 0 0 0 1 1 
0 0 0 0 0 1 0 0 1 0 0 1 
1 0 0 1 1 1 1 0 1 1 1 1 
0 0 1 0 1 1 1 1 1 0 0 0 
0 0 1 0 0 0 0 0 1 2 0 0 
2 0 1 1 1 1 1 0 0 2 0 0 
0 0 0 1 1 1 1 1 2 2 0 0 
0 1 1 0 0 1 1 0 3 1 1 0 
0 0 0 0 1 1 0 1 0 1 1 0 
0 0 0 0 0 0 1 0 1 2 1 1 
0 1 1 0 1 0 1 0 2 2 1 1 
1 1 1 1 0 1 0 1 0 1 0 1 
2 1 1 0 0 1 1 1 2 2 0 0 
0 0 0 0 1 0 0 0 0 2 1 0 
2 1 1 0 0 1 0 0 2 1 1 1 
0 1 0 1 1 1 0 1 0 2 0 0 
2 0 1 1 1 0 1 1 2 1 0 1 
2 0 1 0 0 1 0 0 2 2 0 0 
1 0 1 0 0 1 0 1 3 2 1 1 
0 1 1 0 0 0 0 0 0 1 1 0 
2 0 1 1 1 0 0 0 2 0 1 1 
2 1 1 0 0 0 0 0 2 0 0 0 
2 1 1 1 1 0 1 0 1 0 0 1 
2 1 1 0 1 0 0 0 0 2 0 1 
2 1 0 1 0 1 0 0 2 2 0 0 
2 1 1 0 1 1 0 1 1 1 1 1 
0 0 1 1 0 1 0 0 2 1 1 1 
2 0 1 1 0 1 0 0 0 1 0 1 
2 1 1 1 0 0 0 1 3 1 0 0 
0 1 1 1 1 0 0 1 3 0 1 0 
0 1 1 1 1 0 1 1 0 1 0 1 
2 0 0 1 1 0 1 0 3 0 0 0 
2 0 1 0 1 0 1 0 3 1 1 1 
1 0 1 0 0 1 0 0 2 2 0 0 
1 1 0 1 0 0 1 1 1 2 0 0 
1 0 0 1 1 1 1 1 2 1 0 0 
1 1 1 0 0 0 0 0 2 0 0 0 
2 0 1 0 1 0 0 1 1 2 1 0 
1 0 1 0 0 0 0 0 1 1 0 0 
2 1 1 0 0 1 0 0 2 2 0 0 
1 1 1 1 1 0 1 0 0 0 1 0 
1 1 0 0 1 0 0 1 2 1 0 1 
0 0 1 1 0 0 1 1 3 0 1 1 
1 0 1 1 1 0 0 1 0 2 0 0 
0 1 1 0 0 0 1 1 0 2 1 0 
0 0 1 0 1 1 0 0 2 2 0 1 
0 0 1 0 1 0 0 0 3 2 0 1 
1 0 1 0 1 0 0 1 0 0 0 1 
2 1 0 1 1 1 1 0 2 1 0 0 
0 0 1 1 1 1 0 0 1 2 1 1 
1 1 1 1 1 1 0 1 2 0 0 1 
1 1 1 0 1 1 1 0 1 0 0 0 
1 0 0 0 0 1 0 0 2 1 0 0 
2 0 1 1 0 1 0 1 1 1 0 0 
0 0 0 1 1 0 0 0 3 2 0 1 
1 1 0 0 1 1 0 1 2 1 0 1 
2 0 0 1 1 1 0 0 1 2 0 0 
1 1 0 0 1 0 1 0 3 1 0 1 
0 0 0 1 0 0 1 1 3 0 1 1 
0 0 0 1 1 0 0 0 3 2 0 0 
0 1 0 1 0 1 0 1 1 2 0 1 
0 1 1 0 0 0 1 0 2 0 0 1 
1 0 1 0 0 1 1 1 0 0 1 0 
2 0 1 1 0 1 1 1 0 2 1 1 
0 1 0 1 1 1 0 1 2 0 1 0 
2 0 1 0 0 0 0 1 2 0 0 0 
1 1 0 0 1 0 1 1 2 1 0 1 
1 0 1 0 0 0 0 0 1 2 0 0 
2 0 0 0 0 0 1 0 1 1 0 1 
1 0 0 0 1 0 1 1 2 2 1 0 
1 0 0 1 1 1 1 0 3 2 1 0 
1 0 0 1 1 1 1 0 3 2 1 1 
1 1 0 0 1 0 1 0 3 2 1 1 
0 0 1 1 1 1 1 0 2 1 1 1 
1 1 0 0 1 0 1 0 3 2 1 0 
1 0 1 0 0 0 0 1 2 1 0 0 
0 0 0 1 1 0 0 1 2 2 0 0 
0 1 1 0 1 0 0 1 3 0 0 0 
0 0 1 1 0 0 0 1 0 0 1 0 
2 0 1 0 0 0 1 0 1 1 0 1 
1 1 1 0 1 0 0 0 3 0 0 1 
0 0 1 1 1 1 1 1 3 1 1 1 
1 0 0 1 0 0 0 1 2 1 0 0 
2 0 1 0 0 0 0 1 2 0 1 0 
1 0 0 1 1 1 1 0 3 1 0 0 
0 1 1 0 1 0 0 0 2 1 1 0 
2 1 0 1 1 0 1 1 2 2 0 0 
0 1 1 1 0 1 0 1 1 2 0 1 
2 0 0 1 1 0 1 1 0 0 1 0 
2 0 0 1 0 1 0 0 3 2 0 1 
0 0 1 0 0 1 0 0 1 0 0 1 
1 1 0 0 1 0 1 0 3 2 0 1 
1 1 0 1 0 1 0 1 2 1 0 1 
0 1 1 0 1 1 1 0 0 0 1 1 
1 0 1 0 1 1 1 1 3 1 0 0 
0 1 0 0 0 0 0 1 3 2 1 0 
2 1 1 1 1 0 1 0 3 1 0 0 
2 1 0 1 1 1 0 0 2 2 0 0 
1 0 1 1 0 1 0 1 2 1 0 1 
2 1 0 1 1 0 1 0 2 2 0 0 
2 1 1 0 1 0 0 1 3 2 0 1 
1 1 1 0 0 0 0 0 2 2 0 0 
0 0 0 0 0 0 0 0 0 0 0 0 
1 0 1 0 0 1 0 0 0 2 1 0 
1 1 1 1 0 0 1 0 3 2 0 1 
2 1 1 1 0 0 0 1 2 2 0 1 
0 0 0 1 1 0 0 0 2 2 0 0 
1 0 0 1 1 1 1 0 2 1 0 0 
0 0 0 0 0 1 1 1 2 2 0 0 
0 0 1 1 1 0 0 0 3 2 0 1 
2 1 0 1 1 0 0 0 2 2 0 0 
0 0 1 1 1 0 0 0 2 1 1 1 
1 1 0 0 1 0 1 0 2 1 0 1 
0 0 1 0 0 0 0 0 3 1 0 1 
2 1 1 0 0 0 1 0 3 2 1 0 
2 0 1 1 1 0 1 0 2 2 1 0 
2 0 1 1 1 1 0 1 3 1 1 1 
0 1 1 0 1 0 1 0 1 1 0 0 
1 0 1 1 0 0 1 1 2 1 1 1 
1 0 0 1 1 0 0 1 0 2 0 0 
0 0 1 1 1 1 0 0 2 1 1 1 
2 1 1 0 0 0 0 0 3 1 1 1 
1 1 1 0 0 1 0 0 1 2 0 1 
1 0 0 1 1 1 1 0 3 2 0 0 
0 0 0 1 1 0 1 1 2 2 0 0 
0 0 1 0 0 1 0 0 2 1 1 1 
0 0 1 1 0 0 0 0 1 1 1 0 
2 1 0 0 0 1 0 0 2 2 0 0 
0 1 0 0 0 0 0 1 2 1 0 0 
1 1 0 1 0 1 0 1 0 1 0 1 
0 0 1 0 0 1 1 1 2 2 0 0 
1 1 0 0 0 0 0 0 2 2 0 0 
1 1 1 0 1 0 0 0 2 1 0 0 
0 0 0 0 0 0 0 0 0 1 0 0 
0 1 0 0 1 0 1 0 1 1 0 0 
0 0 1 1 1 1 1 1 3 2 0 0 
0 0 1 1 1 1 1 1 2 1 1 1 
2 0 1 1 0 1 0 0 3 2 0 1 
0 1 0 0 0 0 0 0 0 1 1 0 
2 1 0 0 1 0 0 0 0 2 0 1 
0 1 1 1 1 1 0 1 0 2 0 0 
2 1 0 1 1 0 1 1 3 2 0 0 
1 0 0 1 1 1 0 1 2 1 0 0 
0 0 1 1 0 0 0 0 2 2 1 0 
0 0 0 0 0 0 0 1 2 2 0 0 
0 0 1 0 0 0 0 0 3 0 0 1 
2 0 1 1 1 0 1 0 3 0 0 0 
2 1 1 0 1 0 1 0 0 1 0 0 
1 1 1 1 0 0 1 1 1 1 1 0 
0 1 1 0 0 1 0 0 2 1 1 1 
2 0 0 1 1 0 0 0 2 0 1 1 
2 1 0 0 0 0 0 0 2 0 0 0 
0 1 1 0 0 1 1 1 2 2 0 0 
0 0 1 1 1 1 1 1 2 2 1 1 
1 0 1 1 0 0 0 0 3 2 1 1 
2 1 0 1 0 0 0 1 2 2 0 1 
0 1 1 1 1 1 0 0 3 0 1 1 
0 0 0 0 0 0 0 0 1 2 0 0 
0 0 0 1 0 0 1 0 1 0 0 0 
0 0 1 1 0 1 0 1 2 1 0 1 
2 1 1 0 0 1 0 1 0 0 0 0 
1 0 0 0 0 0 0 0 1 0 0 0 
2 1 0 0 0 1 0 0 1 0 1 0 
1 1 0 0 0 1 0 1 2 1 0 1 
0 0 1 1 0 1 1 0 2 0 0 1 
1 1 1 0 0 0 1 1 2 0 1 1 
0 0 1 1 1 1 1 1 2 2 0 0 
0 0 1 1 1 1 1 1 2 2 0 1 
0 0 1 0 1 1 0 1 0 1 1 0 
0 0 0 1 0 1 1 0 0 0 0 1 
2 0 1 1 1 1 0 0 1 2 0 0 
0 1 1 1 1 0 1 1 3 1 0 1 
1 1 0 0 1 0 0 0 3 0 0 1 
1 1 0 0 0 0 0 1 2 1 0 0 
1 0 1 0 0 1 1 0 0 1 1 1 
2 1 0 0 0 0 1 1 1 2 0 1 
2 0 1 0 0 1 0 0 3 0 0 0 
1 0 1 1 1 0 0 1 1 0 1 1 
2 1 0 0 0 1 0 0 2 1 1 1 
2 0 0 0 0 0 0 1 2 0 1 0 
0 0 1 0 0 0 1 1 2 1 0 0 
0 0 0 1 0 1 1 1 2 2 0 0 
0 0 1 0 1 0 0 0 0 2 1 0 
2 0 1 0 0 0 0 0 3 0 1 0 
1 1 1 1 0 1 0 1 2 1 0 1 
0 0 1 0 0 0 1 0 1 2 1 1 
1 0 1 1 0 0 0 0 3 1 1 1 
1 0 0 0 1 1 1 1 3 1 0 0 
0 0 1 1 0 1 0 1 1 1 1 1 
2 1 0 0 1 1 1 1 3 0 0 1 
2 0 1 0 1 1 1 0 2 0 1 0 
0 0 0 1 0 0 0 1 0 0 1 0 
2 1 1 0 0 0 1 1 1 2 0 1 
1 0 0 1 1 0 0 1 1 0 1 1 
1 0 0 1 1 0 0 1 2 1 0 0 
2 0 0 1 1 0 1 0 2 2 1 0 
1 0 1 0 0 0 0 0 3 1 0 0 
1 0 0 1 0 0 1 1 2 1 1 1 
1 0 0 1 0 0 0 0 3 1 1 1 
1 0 0 0 0 1 0 1 3 2 1 1 
1 1 1 0 0 1 0 1 3 0 1 0 
2 0 1 1 1 0 1 1 0 0 1 0 
1 0 0 1 0 1 1 0 2 0 0 0 
2 0 0 1 0 1 0 0 0 1 0 1 
2 1 0 1 1 0 1 1 3 0 0 0 
1 1 1 1 1 1 0 0 3 2 1 0 
1 0 1 1 0 0 1 1 0 1 1 0 
1 0 1 0 1 0 1 1 2 2 1 0 
1 0 0 1 0 1 0 0 2 2 1 1 
1 1 1 0 0 0 0 0 3 1 0 0 
2 1 0 1 0 0 0 1 3 1 0 0 
2 0 1 0 0 0 0 1 0 1 1 0 
1 1 0 0 0 0 0 0 2 0 0 0 
2 1 0 1 1 0 1 1 3 0 1 0 
0 0 1 0 0 0 0 0 0 2 0 1 
1 1 1 0 1 1 1 1 1 2 1 1 
2 1 0 1 1 0 1 1 3 0 1 1 
1 0 0 0 0 0 0 0 1 2 0 0 
0 0 1 0 0 0 0 1 2 2 0 0 
1 0 1 0 1 1 0 0 0 1 0 0 
2 0 0 0 0 0 0 0 3 0 1 0 
1 0 0 0 0 0 0 1 2 1 0 0 
2 0 0 1 0 1 0 1 1 1 0 0 
2 0 1 1 0 1 1 1 1 0 1 0 
0 1 0 0 1 0 1 0 2 2 1 1 
0 1 0 1 1 1 0 0 3 0 1 1 
2 0 0 1 0 1 1 1 0 2 1 1 
0 0 0 1 1 0 0 0 3 0 1 0 
0 0 0 1 1 0 0 0 3 0 1 1 
0 1 1 0 0 0 0 1 1 0 1 1 
0 1 1 0 0 0 0 1 2 1 0 0 
1 0 0 0 0 1 1 1 0 0 1 0 
1 0 1 1 1 1 1 0 1 1 1 1 
1 1 1 1 0 0 1 1 1 2 0 0 
0 0 1 0 0 0 0 0 0 1 0 0 
0 0 1 1 0 1 1 0 0 0 0 1 
1 1 0 1 1 0 1 0 0 0 1 0 
1 0 1 1 0 0 1 0 3 0 0 0 
MFS
[ - , - , - , - , - , - , - , - , - , - , - , - ]
[ - , - , - , - , - , 1 , - , - , 2 , - , - , - ]
[ - , - , 0 , - , - , - , - , - , - , - , - , - ]
precise
0.3333333333333333
recall
0.3333333333333333
F-measure
0.3333333333333333
multi
4
time
all 1089 iden 1 gen 1088
t-cover
13988
all-cover
14136
coveredNum
(1 : 304)  (2 : 682)  (3 : 1061)  (4 : 1157)  (5 : 1263)  (6 : 1224)  (7 : 1160)  (8 : 1064)  (9 : 906)  (10 : 852)  (11 : 759)  (12 : 655)  (13 : 527)  (14 : 463)  (15 : 427)  (16 : 298)  (17 : 258)  (18 : 227)  (19 : 191)  (20 : 150)  (21 : 105)  (22 : 79)  (23 : 63)  (24 : 56)  (25 : 36)  (26 : 22)  (27 : 19)  (28 : 12)  (29 : 15)  (30 : 15)  (31 : 11)  (32 : 9)  (33 : 11)  (34 : 10)  (35 : 11)  (36 : 11)  (37 : 5)  (38 : 3)  (39 : 2)  (40 : 4)  (41 : 3)  (42 : 3)  (43 : 1)  (44 : 1)  (47 : 1)  
real Identify
([ - , - , 0 , - , - , - , - , - , - , - , - , - ] : 1)  
testCase Num: 230
regaular Num: 126
identify Num: 104
2 0 1 1 0 1 1 0 3 2 0 0 
2 1 0 1 1 0 1 1 0 2 0 0 
1 1 1 1 1 0 1 1 2 2 1 0 
0 0 1 0 0 0 0 0 0 0 0 0 
0 0 1 1 1 0 1 1 1 2 0 1 
2 1 1 1 0 0 0 0 0 0 0 1 
0 0 0 0 0 1 0 0 1 0 1 0 
2 0 1 1 0 1 0 1 0 0 1 0 
1 0 1 0 0 0 0 0 2 2 1 1 
2 1 1 0 0 1 0 0 2 1 0 0 
0 1 0 0 0 0 0 0 3 1 0 1 
0 0 0 0 0 1 0 0 1 0 0 0 
0 1 0 1 0 0 1 1 0 1 0 1 
0 0 1 1 0 1 1 0 0 1 1 0 
0 0 1 0 0 0 0 0 1 2 0 0 
2 1 1 0 0 0 1 1 2 1 0 0 
2 0 0 0 0 0 0 1 1 1 0 0 
1 0 0 0 0 1 0 1 3 0 1 1 
1 0 0 1 0 0 0 0 2 1 0 1 
1 0 1 1 1 0 1 1 0 0 1 1 
0 1 1 0 1 0 1 0 1 0 0 0 
1 0 0 0 1 0 0 1 3 2 0 1 
0 0 1 1 0 0 0 1 0 2 1 0 
2 0 1 0 0 1 1 1 0 1 1 1 
1 0 0 0 1 0 0 0 1 1 0 0 
2 1 0 1 0 0 1 1 1 0 1 0 
0 1 1 0 0 1 0 0 0 2 0 0 
0 0 0 0 0 0 1 0 1 1 0 1 
2 1 0 0 0 0 0 1 2 2 1 1 
0 0 1 0 1 1 1 0 0 0 0 1 
0 0 1 0 1 0 0 1 0 1 0 0 
0 1 0 1 0 1 0 1 1 1 0 0 
2 1 0 1 0 1 0 1 2 0 1 0 
0 0 0 0 0 0 0 0 2 1 1 0 
1 0 0 1 1 1 1 1 2 1 0 0 
0 0 1 0 0 0 1 0 3 1 0 0 
2 0 1 0 0 0 1 0 0 0 0 0 
0 0 1 1 1 0 0 1 2 1 1 1 
2 0 1 0 1 1 0 1 0 2 0 1 
2 1 0 1 1 1 1 1 3 1 1 0 
2 1 1 0 0 1 0 0 2 2 0 0 
1 0 0 0 1 0 0 0 1 2 1 0 
1 0 1 1 0 0 1 0 1 0 1 1 
0 0 1 0 0 0 0 0 1 1 0 1 
2 1 1 1 0 1 1 0 2 1 1 1 
0 0 1 1 0 0 0 0 3 0 0 0 
1 0 1 0 0 0 1 0 0 1 0 0 
1 1 1 0 1 0 0 1 1 0 0 0 
0 1 1 0 0 0 0 0 2 1 0 1 
2 1 1 1 0 0 1 0 3 1 1 1 
2 0 1 0 0 0 0 0 2 2 0 0 
1 1 0 0 0 0 1 0 3 2 1 0 
2 0 1 1 0 0 1 0 3 2 0 1 
1 0 1 1 1 1 1 1 1 1 1 0 
1 0 1 1 0 1 0 0 3 1 0 0 
0 0 1 1 0 1 0 0 3 2 1 1 
0 1 1 1 1 0 0 1 3 0 0 1 
2 0 0 0 1 0 0 0 2 0 1 1 
2 1 1 1 1 1 1 1 2 1 0 0 
1 1 0 1 1 0 0 0 0 1 1 0 
1 0 1 1 0 0 0 0 1 2 0 0 
1 0 1 0 1 0 0 0 0 2 0 0 
2 1 1 0 0 1 1 1 2 1 0 0 
0 0 1 0 0 0 0 1 2 0 0 0 
2 0 0 0 0 0 0 0 0 2 0 0 
2 1 1 0 0 1 0 0 2 2 1 0 
2 1 1 0 0 1 0 0 2 2 1 1 
0 0 0 0 0 1 0 0 1 0 1 1 
0 0 1 0 0 1 1 1 3 0 1 0 
2 1 0 0 0 0 0 0 1 2 0 0 
2 0 0 0 1 0 0 1 3 0 1 0 
1 0 0 0 0 0 1 0 2 0 0 0 
1 0 1 1 0 1 0 0 2 0 0 1 
2 1 1 0 1 1 0 1 2 1 0 0 
2 1 0 0 1 0 0 0 0 0 1 0 
0 0 1 1 0 0 1 0 2 0 1 0 
2 0 1 0 1 1 0 1 1 0 0 1 
2 1 1 0 1 0 0 1 3 1 0 0 
2 0 1 0 0 0 0 1 3 2 1 0 
0 1 0 0 0 0 1 0 3 2 0 0 
0 1 1 0 1 0 1 0 0 2 1 1 
1 0 0 0 0 1 0 1 0 1 0 0 
0 0 1 1 1 1 0 0 1 0 1 1 
2 0 1 1 1 0 0 0 2 1 0 0 
1 0 1 0 0 0 1 0 3 1 1 1 
0 0 0 0 0 1 0 0 1 2 0 0 
0 1 1 1 1 1 1 0 2 0 0 1 
0 1 0 0 0 1 0 0 1 2 1 0 
2 1 0 1 1 0 0 0 1 1 1 1 
1 1 1 0 0 0 0 1 3 2 0 1 
0 0 1 0 0 0 0 0 2 1 1 0 
0 1 1 0 0 0 1 0 3 2 0 0 
1 0 1 0 0 0 0 0 0 0 0 0 
2 1 1 0 1 1 1 1 2 1 0 0 
2 0 0 0 0 0 1 0 0 0 0 0 
0 0 0 1 0 0 1 0 2 0 1 0 
2 0 1 1 1 0 0 0 1 0 0 0 
1 0 1 0 0 0 1 0 3 0 0 0 
2 0 0 0 0 0 0 1 3 2 1 0 
0 0 1 1 1 0 1 1 3 2 0 0 
0 1 1 0 0 0 0 0 3 1 0 1 
2 0 0 1 1 1 0 0 0 2 1 0 
1 0 1 0 0 1 0 1 0 1 0 0 
0 1 1 1 0 0 1 1 0 1 0 1 
2 0 1 0 0 0 0 0 3 1 0 0 
0 0 0 1 0 0 0 0 3 1 0 0 
0 0 1 0 0 1 1 0 2 1 0 0 
2 0 0 0 0 0 0 0 2 2 0 0 
0 1 1 0 1 0 0 1 3 1 1 0 
0 0 0 0 0 0 0 0 0 0 0 0 
0 0 0 0 1 1 1 0 3 1 0 1 
2 0 1 1 1 1 1 1 2 1 0 0 
1 1 0 0 0 1 0 1 0 2 1 1 
2 1 1 0 1 0 0 0 0 0 1 0 
0 1 1 0 0 1 0 0 3 0 0 0 
2 0 0 0 0 1 1 1 0 1 1 1 
1 1 1 1 0 1 1 1 3 2 0 1 
0 1 0 0 0 1 1 1 2 2 1 1 
0 0 1 0 1 0 1 1 1 1 1 0 
1 1 1 0 0 1 0 1 2 2 0 1 
1 1 1 0 0 1 0 1 1 1 1 1 
0 0 1 0 0 1 1 0 1 0 0 0 
1 0 1 1 0 0 0 0 2 1 0 1 
1 0 1 0 1 1 0 0 2 0 1 0 
2 1 1 1 1 1 1 1 3 1 1 0 
0 0 1 0 1 1 0 1 2 2 0 0 
0 0 0 0 0 0 0 0 1 1 0 1 
0 0 0 0 1 0 1 1 0 2 0 0 
2 0 0 1 0 1 1 0 2 2 0 1 
0 1 0 0 0 0 0 0 2 1 0 1 
2 1 1 0 0 1 0 0 3 1 0 0 
2 0 1 0 0 0 1 1 2 0 0 0 
1 1 1 0 0 1 1 1 0 0 0 0 
0 1 1 1 0 1 0 1 1 1 0 0 
0 0 0 1 0 1 0 0 3 2 1 1 
0 1 0 0 0 1 0 0 1 0 0 0 
0 0 1 1 0 0 0 0 0 2 0 1 
1 0 0 1 0 0 1 0 1 0 1 1 
1 1 1 0 0 1 0 1 0 2 1 1 
0 0 0 1 0 0 0 1 0 2 1 0 
0 0 0 1 0 0 0 0 3 0 0 0 
2 1 1 0 0 0 0 1 2 2 1 1 
0 0 1 0 0 0 1 0 1 1 0 1 
2 0 1 1 1 1 0 0 0 2 1 0 
0 0 1 0 1 0 0 1 3 2 0 0 
2 0 1 0 1 0 0 1 3 0 1 0 
1 0 0 0 1 1 0 0 2 0 1 0 
0 1 1 0 0 1 0 0 3 1 0 0 
0 1 0 0 0 1 0 0 0 2 0 0 
1 1 1 0 0 0 1 0 2 1 1 0 
2 1 1 0 0 0 0 0 1 2 0 0 
0 0 1 1 0 0 0 0 1 1 0 0 
2 0 1 0 0 0 0 0 0 2 0 0 
1 0 0 0 0 0 1 0 3 0 0 0 
1 1 0 0 1 1 1 0 1 2 0 0 
0 0 1 0 1 1 1 0 3 1 0 1 
1 1 1 1 1 0 0 0 0 1 1 0 
2 0 1 0 1 0 1 0 1 2 0 1 
2 0 0 1 0 1 1 0 3 2 0 0 
2 0 1 1 0 1 1 1 1 2 1 1 
1 1 0 1 1 0 1 1 2 2 1 0 
0 0 0 0 0 0 1 1 0 2 0 0 
0 1 0 1 1 1 1 0 2 0 0 1 
2 1 1 1 1 0 0 0 1 1 1 1 
0 0 0 1 1 0 1 1 0 2 0 0 
2 1 1 0 0 0 1 0 3 0 0 1 
2 0 0 1 1 0 0 0 2 1 0 0 
1 0 1 1 0 1 1 0 0 2 0 0 
0 0 0 0 0 1 1 0 1 0 0 0 
0 1 0 1 1 1 0 1 0 0 1 1 
2 1 1 0 1 1 0 0 3 2 1 1 
2 1 1 1 0 0 1 1 1 0 1 0 
0 0 0 1 1 0 1 1 1 2 0 1 
1 1 1 0 1 1 0 0 0 1 0 1 
1 0 1 0 0 0 1 0 2 0 0 0 
2 1 1 0 0 1 1 0 1 1 0 0 
0 1 1 1 0 0 0 0 2 2 0 0 
0 1 1 0 0 1 0 0 1 0 0 0 
1 1 1 1 1 0 0 1 1 2 0 1 
2 1 1 1 1 0 1 1 0 2 0 0 
0 0 0 0 0 1 0 0 0 2 0 0 
0 1 1 0 0 0 1 1 3 2 1 1 
2 1 0 0 0 1 0 0 0 1 0 0 
0 0 0 0 0 1 0 1 0 2 0 0 
0 1 0 0 0 1 0 0 3 0 0 0 
1 1 1 1 1 0 0 0 3 0 1 0 
1 0 0 0 0 0 1 0 0 1 0 0 
2 1 1 0 0 1 0 1 2 1 0 0 
1 1 0 0 1 0 0 1 1 0 0 0 
1 0 0 1 1 1 1 1 1 1 1 0 
1 0 1 0 0 0 1 1 2 1 0 1 
0 0 0 1 0 0 0 0 0 2 0 1 
0 0 0 0 0 1 1 1 0 2 0 0 
0 0 1 1 0 0 0 0 3 1 0 0 
1 0 1 0 0 0 1 0 0 0 0 1 
0 0 1 1 1 0 1 1 0 2 0 0 
2 1 1 1 0 1 0 1 2 0 1 0 
1 0 1 1 1 1 1 1 2 1 0 0 
1 0 0 0 1 0 0 0 0 2 0 0 
2 0 0 0 0 0 0 0 3 1 0 0 
2 0 1 0 1 0 1 0 2 2 1 1 
2 0 0 0 1 1 0 1 1 0 0 1 
1 0 0 0 0 0 1 1 2 1 0 1 
0 1 0 0 1 0 0 1 3 1 1 0 
0 1 1 1 1 1 0 1 0 0 1 1 
0 1 1 0 0 0 1 1 1 0 1 1 
1 0 1 0 0 1 0 1 3 0 1 1 
1 0 1 0 1 0 0 1 3 2 0 1 
1 0 0 0 0 0 1 0 0 0 0 1 
0 1 1 0 0 1 0 0 1 2 1 0 
1 0 0 1 0 1 0 0 3 1 0 0 
2 0 1 0 0 0 0 1 1 2 1 0 
1 0 1 0 1 0 0 0 1 1 0 0 
2 0 0 0 1 0 1 0 1 2 0 1 
1 0 1 0 0 1 1 0 1 0 0 0 
1 1 1 0 1 0 0 1 2 0 1 1 
1 0 0 0 0 0 0 0 0 0 0 0 
0 1 0 1 1 0 1 1 0 2 0 0 
1 1 1 1 1 1 1 1 3 1 0 0 
2 1 1 1 1 0 1 0 0 1 0 0 
2 1 1 0 0 1 0 0 0 1 0 0 
1 0 1 1 1 0 1 1 3 1 0 0 
2 0 1 1 0 0 0 1 3 1 0 1 
1 1 1 0 1 1 1 0 1 2 0 0 
2 0 1 0 0 0 0 1 1 1 0 0 
2 1 0 0 0 0 1 0 3 0 0 1 
1 0 1 0 1 0 0 0 1 2 1 0 
2 0 1 1 1 1 1 0 3 0 0 0 
2 0 1 0 1 0 0 0 2 0 1 1 
1 1 1 0 0 0 1 0 3 2 1 0 
MFS
[ - , - , - , - , - , 1 , - , - , 2 , - , - , - ]
[ - , - , 0 , - , - , - , - , - , - , - , - , - ]
precise
0.5
recall
0.3333333333333333
F-measure
0.4
multi
3
time
all 1097 iden 1 gen 1096
t-cover
14016
all-cover
14136
coveredNum
(1 : 374)  (2 : 841)  (3 : 1360)  (4 : 1434)  (5 : 1530)  (6 : 1396)  (7 : 1223)  (8 : 1016)  (9 : 905)  (10 : 698)  (11 : 593)  (12 : 487)  (13 : 389)  (14 : 324)  (15 : 264)  (16 : 210)  (17 : 188)  (18 : 151)  (19 : 122)  (20 : 82)  (21 : 92)  (22 : 72)  (23 : 56)  (24 : 45)  (25 : 45)  (26 : 34)  (27 : 25)  (28 : 19)  (29 : 15)  (30 : 17)  (31 : 11)  (32 : 9)  (33 : 7)  (34 : 13)  (35 : 9)  (36 : 13)  (37 : 5)  (38 : 11)  (39 : 6)  (40 : 5)  (41 : 4)  (42 : 4)  (43 : 6)  (44 : 9)  (45 : 4)  (46 : 4)  (47 : 1)  (49 : 2)  (51 : 2)  (53 : 1)  (56 : 2)  (57 : 1)  
real Identify
([ - , - , 0 , - , - , - , - , - , - , - , - , - ] : 1)  
testCase Num: 247
regaular Num: 120
identify Num: 127
1 0 0 1 1 0 1 0 2 1 0 1 
2 1 0 0 1 0 0 0 3 2 0 0 
0 0 1 0 0 0 0 0 0 0 0 0 
0 0 0 0 0 0 1 0 1 2 0 0 
0 0 1 1 1 1 1 1 0 2 0 1 
1 0 1 0 1 1 1 1 2 1 1 0 
2 1 1 0 1 0 0 1 2 2 1 1 
0 0 1 0 0 1 0 1 0 0 1 1 
1 1 0 1 0 0 0 0 2 1 1 0 
1 0 1 0 0 1 1 0 3 0 0 1 
0 0 1 1 0 0 1 0 2 2 0 1 
0 1 1 1 1 0 1 1 0 0 1 0 
0 1 1 1 1 0 0 0 1 0 1 1 
2 1 0 1 0 0 1 1 3 2 0 0 
1 1 1 0 1 1 1 1 2 1 1 0 
2 0 1 1 0 1 1 0 2 0 0 1 
0 0 0 1 0 0 0 1 2 1 0 0 
1 1 1 1 0 0 1 1 3 0 1 0 
1 0 1 1 0 1 0 1 1 2 0 1 
1 1 0 0 0 1 1 1 2 0 0 0 
2 0 1 0 1 0 1 0 2 0 1 0 
2 0 1 0 1 0 1 0 3 1 0 1 
2 1 1 0 1 1 0 1 0 1 0 0 
2 0 1 0 0 1 0 0 1 1 1 1 
2 1 0 1 1 0 0 0 0 2 1 0 
0 0 1 1 1 0 0 0 1 2 1 1 
1 0 1 1 0 1 0 1 0 0 0 0 
1 1 1 0 1 1 0 0 2 0 1 0 
0 0 1 0 0 0 0 0 1 1 1 0 
2 0 1 0 0 1 1 0 0 2 1 0 
1 0 0 0 0 1 0 0 2 1 0 1 
2 0 0 0 0 0 0 0 0 1 0 0 
1 1 1 0 0 0 0 0 3 2 1 1 
0 0 1 0 0 0 1 0 3 1 0 0 
2 1 1 0 0 0 0 1 3 0 0 1 
1 1 0 0 0 0 1 1 3 0 1 0 
1 0 0 1 1 0 1 1 3 1 0 1 
1 0 1 0 0 0 0 0 1 1 0 0 
1 1 0 0 0 0 0 0 3 0 0 0 
0 1 1 0 0 1 0 1 1 2 1 0 
0 0 1 0 1 1 1 1 2 1 1 0 
0 1 1 1 0 0 0 0 3 0 1 1 
2 0 1 0 0 0 1 1 1 1 0 0 
1 0 1 0 1 1 0 1 0 1 1 0 
1 1 1 0 1 0 0 1 1 0 0 1 
2 1 0 0 1 1 0 0 0 0 1 0 
0 0 1 1 0 0 1 1 3 0 1 0 
1 1 0 1 1 1 0 1 1 1 0 0 
2 1 1 1 1 1 0 1 2 0 1 0 
1 1 0 0 1 0 1 0 3 1 1 0 
2 1 0 1 0 1 0 0 1 0 0 0 
2 0 1 0 0 1 0 0 1 2 0 1 
1 1 1 0 1 1 0 0 3 2 1 0 
0 1 1 1 1 0 0 1 3 0 0 1 
1 1 0 1 0 0 0 0 3 2 0 1 
0 0 0 0 0 0 0 0 3 2 1 0 
1 1 0 1 0 0 0 0 3 2 0 0 
0 0 0 0 1 1 1 0 1 0 1 1 
1 0 0 1 1 0 1 1 3 2 1 0 
1 1 0 1 0 0 0 0 3 2 1 0 
1 0 0 1 1 0 1 1 3 2 1 1 
0 1 1 1 1 0 0 0 2 1 1 1 
0 0 1 0 0 1 1 1 3 0 1 0 
0 1 0 0 0 0 1 1 1 1 0 1 
1 0 1 0 0 0 1 0 1 2 0 0 
0 0 0 0 1 0 0 1 1 0 0 0 
0 1 1 1 0 1 1 0 0 1 1 0 
0 1 1 1 1 1 1 0 3 0 0 1 
2 0 0 1 1 0 1 1 0 1 1 1 
1 0 1 1 0 1 1 1 1 0 0 0 
0 0 0 1 0 0 1 1 3 0 1 0 
1 1 1 1 1 1 1 0 0 0 0 0 
2 0 1 1 0 0 0 1 1 2 1 0 
1 1 0 1 0 0 1 1 2 1 1 1 
1 0 0 1 1 1 0 0 2 1 0 1 
1 1 1 0 1 1 0 1 3 0 1 0 
2 0 1 1 0 1 0 1 0 2 0 1 
1 0 0 0 1 0 0 0 2 0 0 1 
2 0 1 1 1 0 0 0 2 1 0 0 
1 1 1 1 1 0 0 1 3 1 0 1 
1 0 1 1 0 1 1 1 1 1 1 1 
1 0 0 1 0 1 0 1 0 0 0 0 
1 1 1 1 0 1 1 1 2 2 1 0 
0 1 0 1 1 0 0 0 3 1 0 0 
2 1 1 0 0 0 1 0 1 0 1 1 
2 1 1 0 0 0 1 0 2 1 0 0 
1 1 1 0 0 1 1 1 2 2 1 0 
2 0 1 0 0 0 0 0 3 1 1 1 
0 0 0 1 0 1 0 1 3 1 0 1 
0 1 1 1 1 1 0 0 2 1 1 1 
1 1 1 1 1 1 0 1 2 1 0 1 
1 1 0 1 0 0 1 1 2 1 1 0 
1 1 0 1 1 0 0 0 3 0 1 0 
1 0 1 0 1 0 0 0 2 0 0 1 
1 0 1 0 0 0 0 0 0 0 0 0 
1 1 0 1 0 1 1 1 2 2 1 0 
1 0 0 1 0 1 0 1 1 2 0 1 
0 1 1 1 1 0 0 0 3 1 0 0 
0 0 1 0 0 0 0 0 3 2 1 0 
1 0 0 0 1 1 0 1 3 2 0 0 
0 0 1 1 0 0 1 0 3 0 0 0 
2 0 1 1 1 0 0 1 3 0 1 0 
1 1 1 1 1 1 0 1 1 1 0 0 
1 0 1 0 0 0 1 1 0 1 0 0 
0 1 1 1 1 1 1 1 3 1 1 1 
0 0 0 0 0 0 0 0 0 0 0 0 
2 0 0 0 1 0 1 0 2 0 1 0 
0 0 1 0 1 0 0 1 1 0 0 0 
2 0 0 0 1 0 1 0 3 1 0 1 
2 0 1 0 0 1 0 0 2 1 1 1 
0 1 1 0 1 0 1 1 3 2 0 1 
1 1 0 0 1 0 0 1 3 0 1 0 
1 0 1 0 0 0 0 1 2 2 0 0 
0 0 1 0 0 0 0 0 2 0 1 1 
0 0 1 0 0 0 0 0 2 0 1 0 
0 1 1 0 0 0 1 0 2 0 1 1 
0 0 0 0 0 0 0 0 1 1 1 0 
1 1 1 0 1 0 1 0 3 1 1 0 
0 1 0 1 1 1 0 1 2 0 0 1 
0 1 0 0 1 0 0 0 0 1 0 1 
1 1 1 1 0 0 1 0 1 0 1 0 
2 1 1 0 1 1 0 0 0 0 1 0 
2 1 1 0 0 1 0 0 3 1 0 0 
1 1 0 1 0 0 0 1 2 1 1 0 
1 0 1 1 0 0 0 1 2 0 1 0 
2 0 0 0 0 0 0 1 2 1 0 0 
0 0 1 0 0 1 0 0 2 1 1 1 
1 0 1 1 0 0 0 1 3 1 0 0 
0 1 1 1 1 1 1 0 2 1 1 1 
0 0 0 1 0 1 1 1 2 2 1 0 
0 1 0 1 0 0 0 0 3 0 1 1 
1 1 1 0 0 1 1 1 2 0 0 0 
1 1 0 1 0 0 1 1 3 0 1 0 
1 1 0 0 1 1 1 1 2 1 1 0 
0 1 1 1 1 1 1 1 2 1 1 1 
2 1 1 1 0 0 0 0 3 0 0 0 
0 0 0 1 1 0 0 0 1 2 1 1 
1 0 0 1 1 0 0 0 2 1 0 1 
0 1 0 1 0 1 1 0 0 1 1 0 
2 0 1 1 1 0 0 0 0 0 0 1 
1 0 1 0 1 1 0 1 3 2 0 0 
0 1 1 0 1 0 0 0 2 2 0 0 
0 0 1 1 1 1 1 0 1 1 0 0 
0 0 1 0 1 0 0 0 1 2 0 0 
2 0 0 0 0 1 0 0 1 1 1 1 
0 1 1 0 0 1 0 0 2 1 1 1 
1 1 1 1 1 1 1 0 2 2 1 0 
1 0 0 1 0 0 1 1 3 0 1 0 
2 0 0 1 1 0 0 1 3 0 1 0 
2 1 1 1 1 0 0 0 1 1 1 0 
2 1 1 1 0 0 1 1 3 2 0 0 
2 1 0 0 1 0 0 1 2 2 1 1 
1 0 1 0 0 0 1 0 2 1 1 0 
2 0 1 0 1 0 1 1 2 2 0 1 
2 0 0 1 1 0 0 0 2 1 0 0 
1 1 1 1 0 0 1 1 2 1 1 1 
0 1 1 0 0 1 0 0 2 1 0 1 
0 0 1 0 0 0 0 1 0 1 0 0 
1 0 1 0 1 1 0 0 1 1 1 1 
2 1 0 1 1 1 1 1 1 2 0 1 
0 0 1 1 0 0 0 1 2 1 0 0 
0 1 1 1 1 1 1 1 2 2 1 1 
0 0 1 0 0 0 1 0 1 2 0 0 
2 0 1 0 0 0 0 1 2 1 0 0 
1 0 0 1 0 1 1 1 2 2 1 0 
0 1 0 0 0 0 1 0 2 0 1 1 
1 0 1 0 0 0 0 0 3 0 0 1 
1 1 0 0 1 0 1 1 3 0 1 0 
1 1 0 0 1 0 0 0 3 0 0 0 
1 1 0 0 1 0 0 0 3 0 0 1 
2 1 1 0 1 0 0 0 3 2 0 0 
1 1 0 1 0 0 1 0 1 0 1 0 
1 1 0 0 1 0 1 0 1 2 1 0 
0 1 1 0 1 0 0 0 0 1 0 1 
2 0 1 0 0 1 1 0 3 2 1 1 
0 0 1 1 0 1 0 0 0 1 0 1 
2 0 0 1 0 1 0 1 0 2 0 1 
0 0 1 1 0 0 0 1 1 0 0 0 
1 0 0 1 0 1 1 1 1 1 1 1 
0 0 0 0 0 0 0 0 0 2 1 0 
1 1 0 0 1 0 0 0 3 0 1 0 
0 0 1 0 1 0 0 1 3 1 1 1 
1 1 0 1 0 1 1 1 2 1 1 0 
1 1 1 1 1 0 1 0 3 0 1 0 
2 0 1 0 1 0 1 1 1 0 1 0 
2 1 0 0 0 0 1 1 0 0 0 1 
2 0 0 0 0 1 0 0 2 1 1 1 
1 1 1 1 1 0 0 0 3 0 1 0 
1 1 0 0 1 1 1 0 0 2 0 1 
0 1 0 0 0 0 1 0 0 2 0 0 
1 0 1 1 1 0 1 1 3 2 1 1 
1 0 0 0 0 1 0 0 2 2 0 1 
1 0 1 0 0 1 0 0 2 1 0 1 
1 0 0 1 0 1 0 0 2 1 0 1 
2 0 0 0 0 0 1 0 3 0 0 0 
1 0 0 1 1 0 1 1 3 2 0 1 
0 0 1 1 0 1 0 1 3 1 0 1 
2 1 1 1 1 0 0 0 0 2 1 0 
1 1 1 0 0 1 0 0 2 1 0 1 
2 1 1 0 0 0 1 1 0 0 0 1 
0 0 0 0 0 0 0 1 0 1 0 0 
1 0 1 1 0 0 0 1 0 2 0 0 
2 1 0 0 0 1 0 0 3 1 0 0 
1 0 0 1 1 0 1 0 0 0 1 1 
1 0 1 1 1 1 0 0 3 1 0 1 
2 1 1 1 0 1 1 1 3 1 1 1 
1 1 1 0 1 1 1 0 0 2 0 1 
0 1 1 1 1 1 1 1 2 2 0 1 
2 0 1 0 0 0 1 0 3 0 0 0 
2 1 1 1 0 1 0 0 2 2 0 0 
0 1 1 1 1 1 1 1 2 2 0 0 
2 0 1 1 1 1 0 0 3 0 1 0 
2 1 1 1 0 1 0 0 1 0 0 0 
1 0 0 0 0 0 0 1 2 2 0 0 
1 0 0 1 1 0 1 1 2 1 0 1 
1 1 0 1 0 0 0 0 3 1 1 0 
0 1 1 0 0 0 1 0 0 2 0 0 
1 1 0 0 0 0 0 0 3 2 1 1 
1 0 0 1 0 0 0 1 0 2 0 0 
1 0 0 0 1 1 0 1 0 1 1 0 
1 1 1 0 1 1 0 1 2 2 1 0 
1 0 1 1 1 0 1 0 0 0 1 1 
1 1 1 0 1 1 0 0 2 2 1 0 
1 1 0 1 1 1 1 1 2 1 1 0 
0 0 1 0 1 1 1 0 1 0 1 1 
1 1 1 0 1 0 1 1 2 2 1 0 
2 0 1 1 1 0 1 1 0 1 1 1 
1 1 1 0 1 1 0 0 2 2 0 1 
0 0 1 0 0 0 0 0 0 2 1 0 
1 0 0 0 0 0 0 0 0 0 0 0 
1 1 1 0 0 0 0 1 0 2 1 1 
2 0 1 0 0 0 0 0 0 1 0 0 
0 0 0 0 0 1 1 1 3 0 1 0 
2 0 0 0 1 0 1 1 1 0 1 0 
1 1 1 0 1 1 1 1 2 2 1 0 
0 1 1 0 0 0 1 1 1 1 0 1 
0 0 1 0 0 0 0 0 0 1 1 0 
1 1 1 0 1 1 0 0 2 2 0 0 
0 1 0 1 1 1 1 0 3 0 0 1 
0 1 1 1 0 1 0 0 3 2 0 0 
0 1 1 1 0 1 0 0 2 1 1 1 
1 1 1 0 0 0 0 0 3 0 0 0 
2 1 1 1 1 1 1 1 1 2 0 1 
1 1 1 1 0 0 0 0 0 1 0 1 
0 0 0 0 0 0 1 0 3 1 0 0 
1 1 1 0 1 0 1 0 1 2 1 0 
1 0 0 0 0 0 0 0 1 1 0 0 
MFS
[ - , - , - , - , - , - , - , - , - , - , - , - ]
[ - , - , - , - , - , 1 , - , - , 2 , 2 , - , - ]
[ - , - , - , - , - , 1 , - , - , 2 , - , - , - ]
[ - , - , 0 , - , - , - , - , - , - , - , - , - ]
precise
0.5
recall
0.6666666666666666
F-measure
0.5714285714285715
multi
3
time
all 1044 iden 1 gen 1043
t-cover
14016
all-cover
14136
coveredNum
(1 : 327)  (2 : 720)  (3 : 1161)  (4 : 1260)  (5 : 1297)  (6 : 1195)  (7 : 1106)  (8 : 966)  (9 : 962)  (10 : 842)  (11 : 715)  (12 : 620)  (13 : 559)  (14 : 426)  (15 : 396)  (16 : 309)  (17 : 240)  (18 : 229)  (19 : 202)  (20 : 145)  (21 : 122)  (22 : 66)  (23 : 48)  (24 : 46)  (25 : 26)  (26 : 30)  (27 : 15)  (28 : 16)  (29 : 20)  (30 : 12)  (31 : 12)  (32 : 15)  (33 : 5)  (34 : 4)  (35 : 10)  (37 : 4)  (38 : 3)  (39 : 3)  (41 : 1)  (44 : 1)  
real Identify
([ - , - , - , - , - , 1 , - , - , 2 , 2 , - , - ] : 1)  ([ - , - , 0 , - , - , - , - , - , - , - , - , - ] : 1)  
testCase Num: 222
regaular Num: 122
identify Num: 100
2 0 0 0 0 0 0 1 0 0 0 1 
2 1 0 1 0 1 0 0 2 1 0 1 
0 0 1 0 0 0 0 0 0 0 0 0 
2 0 1 1 1 0 1 0 1 2 1 0 
0 0 1 0 1 1 1 1 2 2 0 1 
1 1 1 1 1 0 0 0 3 2 1 1 
0 1 1 1 1 0 1 1 0 0 0 0 
0 0 0 1 0 1 0 1 1 1 1 1 
0 0 1 0 0 0 1 0 3 0 0 0 
0 1 1 1 0 1 1 1 2 1 1 1 
2 0 1 1 1 1 0 0 3 2 0 0 
0 0 1 0 1 1 1 1 2 2 1 0 
0 0 1 0 1 1 1 1 2 2 1 1 
1 0 1 1 1 0 0 1 3 0 1 1 
2 0 1 0 1 0 0 0 0 1 0 0 
1 1 0 0 0 0 1 0 1 0 1 1 
0 1 1 0 0 1 0 0 0 2 1 1 
0 1 0 1 1 1 1 1 3 2 0 0 
1 1 0 1 0 0 1 1 1 2 1 1 
2 1 1 0 1 0 0 1 2 1 0 0 
0 0 1 0 1 1 0 1 3 0 0 1 
0 0 0 1 1 1 1 0 0 1 1 0 
1 0 0 0 0 1 0 0 2 0 0 0 
0 0 1 0 1 0 1 1 2 0 1 0 
1 0 1 1 0 0 1 0 3 1 0 0 
2 0 1 1 0 0 0 0 1 1 0 0 
1 0 1 1 0 0 0 1 0 0 1 1 
1 0 1 1 0 0 0 1 1 0 0 0 
2 0 1 0 0 0 0 0 1 0 0 0 
1 1 1 1 0 1 0 0 3 0 0 0 
2 0 0 0 1 0 0 0 2 0 0 0 
0 0 0 0 0 0 0 0 2 1 1 0 
1 0 0 0 0 1 1 1 3 2 0 1 
2 1 1 1 1 0 1 1 1 0 1 1 
1 0 0 0 1 1 1 0 3 0 1 0 
1 0 1 1 1 1 1 1 0 0 0 1 
2 1 1 0 0 0 1 1 3 2 1 0 
0 0 1 0 1 1 0 0 2 1 0 1 
2 1 0 0 1 1 0 0 1 1 0 0 
1 1 1 0 1 0 0 1 1 0 0 0 
1 0 0 0 0 0 0 0 0 2 0 1 
1 0 1 0 1 0 0 1 1 2 1 0 
2 1 1 1 1 0 1 0 2 2 0 0 
0 0 1 0 0 0 0 0 1 0 0 1 
2 0 1 0 0 1 1 0 0 1 0 1 
2 1 0 0 0 0 0 1 1 1 1 1 
1 0 0 0 0 1 0 0 1 0 0 1 
0 0 1 1 0 0 1 0 3 2 1 1 
0 0 0 0 0 0 0 0 2 0 0 0 
2 0 1 0 0 0 0 1 0 2 1 0 
0 1 0 1 0 0 0 1 3 0 1 0 
2 0 1 0 0 1 1 1 1 1 0 0 
0 1 1 1 0 0 0 1 0 1 0 1 
0 0 1 0 1 1 1 1 2 1 0 1 
2 0 1 0 0 1 0 0 0 0 0 0 
1 0 0 0 1 0 0 0 0 1 1 1 
1 0 1 1 1 1 1 1 1 1 0 1 
0 1 0 0 0 1 0 0 3 1 0 0 
0 0 1 0 1 0 0 0 2 1 0 1 
1 0 0 0 0 0 1 0 2 0 0 0 
0 1 0 1 1 1 1 1 0 0 0 1 
0 0 1 0 0 1 1 0 2 2 0 0 
1 0 1 0 1 1 0 0 1 0 1 0 
1 1 1 0 0 0 1 1 2 1 1 0 
2 0 1 0 1 1 0 1 2 2 1 0 
0 0 1 0 0 0 1 0 3 2 0 0 
2 0 1 0 1 0 0 1 3 2 1 0 
2 0 0 1 0 0 0 1 3 1 0 0 
0 1 0 1 1 1 1 0 1 0 0 1 
0 0 1 1 1 1 0 0 2 1 0 0 
2 1 1 0 1 0 1 1 0 0 0 0 
2 0 1 1 0 0 1 1 3 0 0 0 
0 0 1 1 0 0 0 0 0 2 1 0 
0 0 1 1 1 0 0 0 3 1 0 0 
0 1 1 0 0 0 0 0 3 2 1 0 
1 0 0 1 0 1 1 0 0 2 0 0 
1 0 1 1 0 0 0 1 2 1 0 1 
0 0 1 0 0 0 0 0 2 1 1 0 
2 0 0 1 1 0 0 0 1 0 0 0 
1 1 1 1 1 0 0 0 2 2 1 0 
2 1 1 1 0 1 1 1 0 1 1 0 
2 0 1 0 0 0 0 1 2 0 1 1 
0 0 0 0 0 0 0 0 1 0 0 1 
1 1 1 1 0 0 1 0 1 1 1 0 
2 1 1 0 1 1 0 0 1 2 0 0 
1 0 0 0 1 1 0 0 1 0 1 0 
0 1 0 1 1 1 1 0 1 1 1 1 
0 1 0 1 1 1 1 0 1 1 1 0 
2 0 1 1 1 0 0 0 1 0 0 0 
2 1 0 0 1 0 1 1 0 0 0 0 
0 0 1 0 0 0 0 0 2 0 0 0 
2 0 1 0 0 1 0 1 3 0 0 0 
2 1 0 1 1 0 1 0 2 2 0 0 
1 0 1 0 0 0 0 0 0 2 0 1 
0 1 1 0 1 0 0 1 3 1 1 1 
0 0 0 0 0 0 0 0 0 0 0 0 
0 0 0 0 1 0 1 1 0 2 1 1 
2 1 1 0 0 1 0 0 3 2 1 1 
0 1 0 1 1 1 1 0 1 1 0 1 
0 0 1 0 0 1 0 0 2 1 0 1 
2 0 1 1 0 0 1 0 3 0 0 1 
2 1 0 1 1 1 0 0 0 0 1 1 
0 1 1 0 0 0 1 0 3 1 0 0 
0 0 1 1 0 0 0 1 1 2 0 0 
0 0 1 0 0 0 1 0 2 1 0 1 
1 1 1 0 0 0 0 0 0 0 1 0 
1 1 0 0 1 1 0 0 2 1 0 1 
1 1 1 1 1 0 1 0 0 1 0 0 
2 1 1 0 1 1 0 0 1 1 0 0 
0 1 0 1 1 1 1 0 0 0 0 1 
1 0 1 0 1 0 0 0 3 1 1 0 
0 1 0 1 0 1 1 0 2 0 0 1 
1 1 0 0 0 1 0 1 0 1 0 1 
0 1 0 0 0 1 0 0 2 2 1 0 
2 1 0 1 1 0 1 1 1 0 1 1 
2 0 0 1 0 1 1 1 2 0 0 0 
0 1 1 0 1 1 1 0 1 2 0 1 
0 1 1 1 0 0 0 0 1 0 0 0 
0 0 1 1 1 0 1 0 1 0 0 0 
1 0 1 0 0 1 1 1 3 2 0 1 
0 1 0 1 0 0 0 1 0 1 0 1 
0 1 1 1 1 1 1 1 3 2 0 0 
2 0 0 0 1 0 1 0 2 1 1 1 
2 1 1 1 0 0 1 1 3 2 1 1 
0 1 1 0 0 1 1 1 1 0 1 0 
0 1 1 0 0 1 0 0 3 1 0 0 
2 0 1 0 1 0 0 0 2 0 0 0 
1 1 1 0 1 1 1 1 0 2 1 0 
0 0 1 0 0 1 0 0 3 2 1 0 
0 1 1 0 1 0 0 0 1 1 1 1 
2 0 0 0 0 0 0 0 1 0 0 0 
2 1 1 0 0 0 0 1 1 1 1 1 
1 1 0 1 1 0 0 0 3 2 1 1 
2 1 1 1 0 1 1 1 2 2 1 1 
2 0 0 1 1 0 1 0 1 2 1 0 
1 0 1 0 1 1 1 0 3 0 1 0 
2 0 1 1 0 1 0 0 1 0 1 1 
0 0 1 1 1 1 0 0 3 1 0 1 
1 0 1 1 0 1 0 1 3 1 1 0 
0 1 0 0 0 1 0 0 0 2 1 1 
0 0 0 0 0 0 1 0 3 0 0 0 
1 1 1 0 0 0 1 0 1 0 1 1 
2 0 0 1 1 1 0 0 3 2 0 0 
2 0 1 0 0 1 0 0 3 0 1 0 
1 0 0 1 1 0 0 1 3 0 1 1 
0 0 0 1 0 0 0 1 1 2 0 0 
2 0 0 0 1 0 0 0 0 1 0 0 
1 1 1 0 0 0 1 1 3 1 0 1 
0 1 0 1 0 0 0 1 0 0 0 1 
1 0 1 1 0 1 1 0 0 2 0 0 
0 1 0 0 1 1 1 0 1 2 0 1 
0 1 0 0 0 0 1 0 3 1 0 0 
2 0 0 1 0 0 1 0 3 0 0 1 
2 1 0 0 0 1 1 0 0 2 0 0 
1 0 1 0 0 0 0 0 3 0 0 0 
1 0 1 0 0 0 1 0 2 0 0 0 
0 0 0 0 0 0 0 1 0 0 0 1 
2 0 0 0 0 0 0 1 2 0 1 1 
1 0 0 0 1 0 0 0 3 1 1 0 
0 1 0 1 1 0 1 1 0 0 0 0 
0 0 1 1 1 1 1 0 0 1 1 0 
0 1 1 1 0 0 1 0 3 0 0 1 
2 1 1 1 1 0 0 1 3 1 1 1 
2 0 1 0 1 1 1 0 3 1 1 0 
1 1 1 0 0 1 0 1 0 1 0 1 
1 1 1 0 1 0 0 0 3 1 0 1 
0 1 1 0 0 0 0 1 0 0 0 1 
0 0 1 0 1 1 0 1 0 1 0 0 
0 0 1 1 0 1 0 1 1 1 1 1 
0 1 1 0 0 1 1 0 0 0 1 1 
2 1 0 0 0 1 0 0 3 2 1 1 
0 0 1 0 1 0 1 1 0 2 1 1 
0 0 1 0 0 0 1 1 1 1 0 0 
0 1 0 0 0 0 0 1 0 0 0 1 
1 1 0 0 1 0 0 1 1 0 0 0 
0 1 0 1 1 0 0 1 2 2 0 1 
0 1 1 1 0 1 0 0 2 1 0 1 
1 0 1 1 1 0 1 1 3 2 1 0 
0 0 1 1 1 1 1 1 1 2 1 1 
1 0 0 1 1 1 1 1 1 1 0 1 
1 0 1 0 1 0 0 0 0 1 1 1 
0 0 0 0 0 0 1 0 2 1 0 1 
0 0 1 0 1 1 1 1 3 1 0 1 
1 0 1 0 0 0 1 0 0 0 0 0 
1 0 0 1 0 0 1 0 3 1 0 0 
2 0 0 0 0 0 0 1 0 2 1 0 
1 0 1 1 1 1 0 0 2 0 1 1 
2 0 0 1 0 0 0 0 1 1 0 0 
0 0 1 1 0 1 0 0 2 1 0 1 
1 0 0 1 1 1 1 1 2 2 1 0 
1 0 1 0 0 1 0 0 1 0 0 1 
2 1 1 1 1 1 0 0 0 0 1 1 
2 1 1 0 1 0 1 1 3 0 0 1 
0 0 0 1 0 0 0 0 0 2 1 0 
0 1 0 1 1 1 0 1 0 0 0 1 
0 1 1 1 0 0 0 1 0 2 0 0 
0 1 1 1 1 0 0 1 2 2 0 1 
2 0 0 0 0 1 0 1 3 0 0 0 
1 1 1 1 0 1 0 0 1 2 0 0 
1 0 1 0 1 0 0 1 3 2 0 0 
1 0 0 0 0 0 1 0 0 0 0 0 
0 0 1 0 1 1 1 0 2 1 0 1 
0 1 0 1 1 0 0 1 0 0 0 1 
2 0 1 0 0 0 0 1 1 2 0 1 
0 1 1 1 0 0 0 1 3 0 1 0 
1 0 1 0 1 0 0 0 1 1 0 1 
1 1 0 1 1 0 0 0 2 2 1 0 
2 0 1 0 0 0 0 1 0 0 0 1 
2 1 1 1 0 0 0 0 2 0 1 0 
2 1 1 1 0 0 0 0 3 1 0 1 
1 1 1 1 0 0 1 1 1 2 1 1 
0 1 0 1 0 0 0 0 1 0 0 0 
1 0 1 0 0 0 1 0 2 2 0 1 
0 0 0 1 1 1 0 0 3 1 0 1 
2 0 1 1 1 0 0 0 0 2 0 1 
2 1 1 1 0 1 0 0 2 1 0 1 
2 0 1 0 1 0 1 0 2 1 1 1 
2 0 1 1 0 0 0 1 3 1 0 0 
1 1 0 0 0 0 1 1 2 1 1 0 
0 1 1 1 0 0 1 1 3 1 1 1 
1 1 1 0 1 0 0 1 2 0 0 0 
2 1 1 0 0 1 1 0 0 2 0 0 
MFS
[ - , - , - , - , - , 1 , - , - , 2 , - , - , - ]
[ - , - , 0 , - , - , - , - , - , - , - , - , - ]
precise
0.5
recall
0.3333333333333333
F-measure
0.4
multi
4
time
all 1057 iden 1 gen 1056
t-cover
13871
all-cover
14136
coveredNum
(1 : 343)  (2 : 752)  (3 : 1234)  (4 : 1491)  (5 : 1551)  (6 : 1458)  (7 : 1261)  (8 : 1100)  (9 : 934)  (10 : 829)  (11 : 605)  (12 : 515)  (13 : 425)  (14 : 344)  (15 : 287)  (16 : 198)  (17 : 179)  (18 : 134)  (19 : 129)  (20 : 81)  (21 : 62)  (22 : 40)  (23 : 19)  (24 : 13)  (25 : 17)  (26 : 17)  (27 : 18)  (28 : 14)  (29 : 21)  (30 : 19)  (31 : 11)  (32 : 13)  (33 : 6)  (34 : 7)  (35 : 4)  (36 : 1)  (37 : 1)  (38 : 2)  (39 : 1)  
real Identify
([ - , - , 0 , - , - , - , - , - , - , - , - , - ] : 1)  
testCase Num: 257
regaular Num: 125
identify Num: 133
2 0 0 0 0 1 0 0 3 0 0 0 
2 0 1 0 0 0 0 0 2 1 1 1 
0 0 1 0 0 0 0 0 0 0 0 0 
0 1 0 1 0 1 1 1 0 2 0 1 
1 0 1 0 1 1 1 1 3 2 0 1 
0 1 1 1 1 0 0 0 2 2 1 1 
0 0 1 1 0 1 0 0 3 1 0 1 
0 0 1 1 0 1 1 1 2 1 0 1 
0 1 0 1 0 0 0 1 2 0 0 1 
0 0 0 0 0 0 0 0 3 1 0 0 
1 1 1 0 0 0 0 0 2 1 0 1 
1 1 0 0 0 1 1 1 2 1 0 0 
2 0 0 1 1 0 0 1 2 2 1 0 
1 1 0 0 1 1 1 0 3 0 0 0 
0 0 0 0 0 1 0 0 1 0 0 1 
0 0 0 0 0 0 1 0 0 0 0 0 
1 0 1 0 0 0 1 0 0 2 0 0 
1 0 1 0 0 0 0 1 3 1 1 0 
1 0 0 0 0 1 0 1 3 0 1 0 
2 1 1 0 0 0 1 0 0 0 0 0 
2 0 0 1 1 1 1 0 2 2 1 0 
0 1 1 0 1 1 1 1 2 1 0 1 
2 0 0 0 0 1 1 0 2 2 1 0 
1 1 0 1 1 0 0 0 0 2 1 1 
2 0 1 0 1 1 0 1 1 2 0 1 
0 1 1 0 1 1 0 0 3 1 1 1 
2 1 1 0 1 0 1 1 0 2 1 0 
0 1 0 1 1 1 0 0 3 0 0 0 
0 1 1 0 0 0 0 0 2 2 1 0 
2 0 1 1 0 0 1 0 2 0 0 0 
2 0 1 1 0 1 0 1 1 0 0 0 
0 0 0 0 0 0 1 1 2 0 0 0 
2 0 0 0 0 1 1 0 1 2 0 1 
1 0 0 0 0 0 0 1 1 2 0 0 
0 0 0 0 0 0 0 0 2 1 0 1 
0 1 1 0 0 1 0 1 1 2 1 0 
2 0 0 1 1 0 0 1 0 0 1 0 
0 1 0 0 1 0 0 0 1 1 0 0 
1 1 1 1 1 0 0 1 3 0 0 1 
2 0 1 1 0 0 1 1 0 1 1 1 
2 0 1 0 0 1 0 0 1 1 0 0 
2 0 0 0 1 1 0 0 0 1 0 1 
2 0 1 1 1 0 0 0 3 0 1 0 
2 1 1 1 1 1 1 0 0 0 1 1 
1 1 0 1 1 0 0 1 2 2 0 0 
1 0 1 0 1 0 1 0 2 2 0 1 
0 1 1 0 0 0 0 0 1 0 1 0 
0 0 1 1 1 1 1 0 2 0 1 1 
0 1 0 1 1 0 0 0 3 0 0 0 
0 0 0 1 1 0 1 1 3 1 0 1 
1 0 1 1 1 1 1 1 1 1 1 0 
0 0 0 0 0 0 0 0 2 0 0 0 
0 0 0 0 0 0 0 0 3 2 1 1 
0 1 1 1 1 1 0 0 2 2 1 0 
1 1 0 0 0 1 0 0 3 2 1 1 
2 1 1 0 0 1 1 1 1 0 1 1 
2 1 0 1 0 1 0 1 3 1 0 0 
0 1 1 1 0 1 0 0 3 0 1 1 
0 0 1 0 0 1 1 1 3 0 1 0 
0 0 1 0 1 1 1 1 2 1 0 1 
0 0 1 1 1 0 1 1 1 0 0 1 
1 1 1 1 1 0 0 1 3 1 1 0 
0 1 0 1 1 0 1 1 3 0 0 0 
1 1 1 1 1 1 1 1 2 1 0 0 
1 1 1 1 1 1 1 1 0 2 0 0 
1 1 1 1 0 1 0 0 3 1 0 0 
0 1 1 0 1 1 1 0 1 0 0 0 
0 0 1 0 0 0 0 0 2 1 0 1 
2 0 1 0 0 1 1 0 0 1 1 0 
0 1 1 0 0 1 1 0 2 2 1 0 
2 0 1 0 0 0 0 0 3 0 0 1 
1 1 1 0 0 1 0 1 0 0 1 0 
1 1 0 0 1 0 1 0 2 0 1 0 
1 0 1 0 0 0 0 1 1 0 0 0 
2 0 1 0 0 1 1 0 1 2 0 1 
1 0 1 0 1 1 0 0 1 0 1 1 
0 1 0 0 0 0 0 0 1 0 1 0 
1 0 1 0 0 0 0 0 0 1 1 0 
2 0 1 1 0 1 0 1 0 2 0 1 
0 1 1 0 1 1 0 0 2 2 1 0 
2 1 0 0 0 1 1 1 1 0 1 1 
2 1 0 0 1 0 1 1 0 2 1 0 
2 0 0 1 1 0 0 0 2 2 1 0 
2 1 1 0 1 1 1 1 2 1 0 1 
1 0 0 1 0 1 1 1 0 0 0 1 
2 0 0 1 1 0 0 1 3 2 1 0 
0 1 1 0 0 1 1 1 2 0 1 0 
1 0 1 1 0 1 0 0 2 1 0 1 
0 0 1 1 1 1 0 0 2 2 1 0 
2 1 0 1 1 0 0 0 1 1 0 1 
0 0 1 0 0 1 0 0 1 0 0 1 
0 1 0 1 0 1 0 0 3 0 0 0 
0 0 1 0 0 0 0 0 3 2 1 1 
2 0 1 0 0 0 0 0 3 1 0 1 
2 1 1 0 1 1 0 1 2 0 0 0 
2 0 0 1 1 0 0 0 1 2 1 0 
0 0 1 0 0 0 0 0 2 0 0 0 
2 1 1 1 0 0 1 1 1 2 0 0 
1 0 1 1 1 0 1 1 1 2 1 1 
1 0 1 1 0 0 1 1 2 1 0 0 
1 0 0 1 0 1 0 0 0 1 0 0 
1 1 1 0 0 0 0 0 1 1 1 0 
2 1 0 0 0 0 1 0 0 0 0 0 
0 0 0 0 0 0 0 0 0 0 0 0 
1 1 1 0 1 0 1 0 2 0 1 0 
0 0 0 0 1 0 1 1 0 2 1 1 
2 0 1 1 1 1 0 0 2 2 1 0 
1 1 0 1 0 1 0 0 1 2 0 1 
0 1 1 0 0 1 0 0 3 0 0 0 
0 1 0 1 1 0 0 0 2 2 1 1 
2 1 1 0 0 1 1 0 3 2 0 1 
0 0 1 0 0 0 0 0 3 1 0 0 
2 0 1 0 0 0 0 0 2 0 0 0 
0 1 1 0 0 0 1 0 3 1 0 1 
2 0 0 0 0 1 0 1 2 2 0 0 
2 0 0 1 0 1 1 0 2 2 1 0 
0 0 1 1 1 0 0 1 3 0 1 0 
0 0 0 0 0 1 1 0 0 2 1 0 
0 0 0 0 0 0 1 1 1 1 1 1 
0 0 0 0 0 0 1 1 2 2 0 0 
1 0 1 0 1 0 0 0 3 1 1 0 
1 1 1 1 0 0 1 0 1 0 1 0 
2 0 1 0 0 0 0 1 3 0 0 0 
0 0 1 1 1 1 0 0 3 2 0 0 
2 0 1 0 1 1 0 0 0 1 0 1 
0 0 1 1 1 0 1 1 3 1 0 1 
0 0 1 1 0 0 0 0 0 2 0 0 
0 1 1 0 0 0 0 0 3 0 0 1 
2 0 0 0 0 1 0 0 1 1 0 0 
2 0 1 0 0 1 1 0 2 2 1 0 
1 1 1 1 1 0 0 1 2 2 0 0 
0 1 1 0 0 1 1 1 2 2 1 0 
0 0 1 1 1 1 1 1 2 1 0 1 
1 0 1 1 0 0 0 0 3 2 0 0 
0 0 0 1 1 1 1 0 2 0 1 1 
0 0 1 0 1 0 0 1 2 1 1 0 
1 1 1 1 1 0 0 0 0 2 1 1 
2 1 1 1 1 0 0 0 1 1 0 1 
0 0 1 0 0 1 1 0 0 2 1 0 
2 0 1 1 1 0 0 0 1 2 1 0 
0 1 0 1 1 0 1 1 0 1 0 0 
0 0 1 0 0 0 0 0 3 0 0 0 
2 1 1 0 0 1 1 0 2 2 1 0 
0 0 1 0 0 0 1 1 2 0 0 0 
0 1 1 1 0 1 1 1 0 2 0 1 
0 1 1 0 0 1 1 1 2 2 0 0 
0 1 1 0 0 1 1 1 2 2 0 1 
1 1 0 0 1 1 1 1 2 1 0 0 
2 1 1 0 0 0 0 1 1 1 1 1 
1 0 1 1 0 0 0 0 2 0 0 0 
0 1 1 0 0 0 0 1 0 1 0 0 
2 0 0 1 1 0 0 1 3 0 1 0 
1 1 1 0 0 1 1 0 2 2 1 0 
1 1 1 0 1 1 1 0 3 0 0 0 
0 0 1 1 1 1 1 1 2 1 0 0 
0 0 1 1 0 1 0 1 2 1 0 1 
1 1 0 0 0 0 0 0 1 1 1 0 
1 1 1 0 1 0 1 0 0 1 0 0 
1 0 1 0 0 0 0 1 1 2 0 0 
0 1 0 1 1 0 1 1 0 1 1 1 
1 1 1 0 0 0 0 1 0 1 0 1 
0 1 0 1 0 0 1 1 3 2 0 0 
0 1 1 0 1 0 0 0 1 1 0 0 
0 1 0 1 1 0 1 1 0 1 1 0 
2 1 1 0 0 0 0 0 0 2 0 0 
2 0 0 0 0 0 0 0 2 0 0 0 
1 0 1 1 0 0 0 0 3 1 0 1 
0 1 0 1 0 0 1 0 2 1 1 0 
0 0 1 0 0 0 1 0 1 2 0 0 
2 1 1 0 1 0 1 1 3 2 1 0 
2 0 0 1 1 0 0 1 3 0 0 1 
2 0 0 1 1 0 0 1 3 0 0 0 
0 1 1 0 0 1 1 1 3 2 1 0 
1 1 0 0 0 0 0 1 2 1 0 0 
2 0 1 0 1 0 0 0 1 0 1 0 
1 0 1 1 0 1 1 1 0 0 0 1 
1 0 0 0 1 0 0 0 3 1 1 0 
2 0 1 0 0 1 0 0 3 0 0 0 
0 1 0 1 1 0 1 1 0 0 0 0 
0 1 1 0 0 1 0 0 2 2 1 0 
2 0 0 0 0 0 0 0 2 1 1 1 
2 0 1 0 1 0 1 0 1 1 0 0 
0 0 1 0 0 0 1 0 0 0 0 0 
0 1 1 1 0 0 0 1 2 0 0 1 
2 0 1 1 1 0 1 1 3 0 1 1 
2 1 1 1 0 0 1 1 2 2 1 1 
2 1 1 1 1 0 0 0 2 1 0 0 
2 1 1 0 1 0 1 1 3 1 0 1 
1 0 1 1 0 1 0 0 0 1 0 0 
1 0 1 1 0 0 1 0 0 2 1 0 
0 1 0 1 1 0 0 0 1 2 1 1 
2 1 0 0 0 1 0 0 0 1 0 0 
2 0 0 1 1 1 0 0 2 2 1 0 
0 0 1 0 1 0 1 1 0 2 1 1 
1 0 0 1 0 0 1 0 3 1 1 1 
0 1 0 0 0 1 0 0 3 0 0 0 
2 1 0 0 1 0 1 1 3 2 1 0 
0 1 1 0 0 1 0 0 2 2 0 1 
0 1 1 1 1 0 0 0 0 1 1 0 
0 0 1 1 0 1 0 0 2 2 1 0 
1 0 0 0 0 1 0 1 2 0 1 1 
0 0 1 1 0 1 0 0 2 2 1 1 
2 0 0 1 1 0 1 0 2 2 1 0 
1 0 0 1 1 1 1 1 1 1 1 0 
2 0 0 1 0 1 0 1 1 0 0 0 
1 1 0 0 0 0 1 1 2 1 0 0 
1 1 0 0 0 0 0 0 3 1 0 0 
2 1 0 0 1 1 1 1 2 1 0 1 
0 0 0 1 1 0 0 1 3 0 1 0 
1 1 1 0 1 1 1 1 1 1 0 1 
0 1 0 0 1 1 0 0 3 1 1 1 
1 1 0 0 1 0 1 0 0 1 0 0 
0 0 1 0 0 0 1 1 1 1 1 1 
0 0 1 0 0 0 1 1 2 2 0 0 
1 0 1 1 1 1 1 1 2 1 0 0 
2 1 1 1 0 1 0 1 3 1 0 0 
1 1 1 0 0 1 0 0 3 2 1 1 
0 0 1 1 0 1 0 0 2 1 0 1 
0 1 1 1 0 0 1 1 3 2 0 0 
2 0 0 0 0 0 0 0 3 1 0 1 
0 1 1 0 1 0 0 1 0 0 0 1 
1 0 0 0 0 0 0 1 1 0 0 0 
1 1 0 0 0 0 0 0 3 2 1 1 
1 1 0 0 0 0 0 0 3 2 1 0 
1 0 0 0 0 0 1 0 0 2 0 0 
1 0 0 0 0 0 0 0 0 1 1 0 
1 0 1 0 0 1 0 1 3 0 1 0 
1 1 1 1 0 1 0 0 1 2 0 1 
0 0 1 1 0 1 0 0 0 0 1 1 
0 0 1 1 0 1 0 0 1 1 0 0 
0 1 0 0 0 0 0 1 0 1 0 0 
1 1 0 0 0 0 0 0 2 1 0 1 
0 0 1 1 1 1 1 1 0 1 0 1 
2 0 1 1 0 0 0 1 3 2 1 1 
0 0 0 0 0 0 0 0 3 0 0 0 
0 1 0 1 1 0 1 0 3 0 0 0 
1 1 0 0 0 0 0 0 3 2 0 0 
1 1 0 1 1 1 1 1 2 1 0 0 
2 0 1 1 1 1 1 0 3 1 1 0 
1 0 1 1 0 0 1 0 3 1 1 1 
2 1 1 0 1 0 0 0 3 0 0 0 
1 0 1 0 0 1 0 1 2 0 1 1 
1 1 0 1 1 1 0 1 2 1 1 0 
0 0 1 1 0 0 1 1 2 1 0 1 
0 1 1 1 1 0 0 0 1 2 1 1 
0 0 1 1 0 1 0 0 2 2 0 1 
2 0 0 1 1 0 1 1 3 0 1 1 
0 0 0 0 0 1 0 0 3 0 0 0 
0 1 1 1 0 0 1 0 2 1 1 0 
2 1 1 0 0 1 0 0 0 1 0 0 
2 0 0 0 0 0 0 0 3 0 0 1 
0 1 0 0 1 1 1 0 1 0 0 0 
2 0 1 1 1 0 0 1 0 0 1 0 
1 0 1 0 1 0 0 0 0 0 0 0 
1 1 0 0 0 0 0 0 2 1 0 0 
2 0 1 0 1 0 0 0 2 0 1 1 
2 0 0 1 0 0 1 1 0 1 1 1 
MFS
[ - , - , - , - , - , - , - , - , - , - , - , - ]
[ - , - , - , - , - , 1 , - , - , 2 , 2 , - , - ]
[ - , - , - , - , - , 1 , - , - , 2 , - , - , - ]
[ - , - , 0 , - , - , - , - , - , - , - , - , - ]
precise
0.5
recall
0.6666666666666666
F-measure
0.5714285714285715
multi
4
time
all 985 iden 0 gen 985
t-cover
14048
all-cover
14136
coveredNum
(1 : 282)  (2 : 643)  (3 : 1108)  (4 : 1219)  (5 : 1313)  (6 : 1216)  (7 : 1173)  (8 : 970)  (9 : 904)  (10 : 782)  (11 : 721)  (12 : 620)  (13 : 541)  (14 : 420)  (15 : 382)  (16 : 339)  (17 : 281)  (18 : 233)  (19 : 200)  (20 : 131)  (21 : 127)  (22 : 91)  (23 : 68)  (24 : 69)  (25 : 44)  (26 : 40)  (27 : 22)  (28 : 30)  (29 : 26)  (30 : 21)  (31 : 8)  (32 : 13)  (33 : 15)  (34 : 12)  (35 : 4)  (36 : 8)  (37 : 7)  (38 : 9)  (39 : 6)  (40 : 7)  (41 : 6)  (42 : 8)  (43 : 2)  (44 : 2)  (45 : 4)  (46 : 2)  (47 : 3)  (48 : 2)  (51 : 1)  (52 : 1)  
real Identify
([ - , - , - , - , - , 1 , - , - , 2 , 2 , - , - ] : 1)  ([ - , - , 0 , - , - , - , - , - , - , - , - , - ] : 1)  
testCase Num: 219
regaular Num: 123
identify Num: 96
1 1 0 0 0 0 1 0 1 0 0 1 
0 0 1 0 0 0 0 0 0 0 0 0 
1 0 0 0 0 0 1 0 2 2 0 0 
1 1 0 0 0 1 1 1 2 1 1 0 
0 0 1 1 1 0 0 1 3 1 0 0 
0 1 1 1 0 1 1 1 3 2 0 0 
0 0 1 1 0 0 0 1 0 1 0 0 
1 1 0 0 1 1 1 1 0 2 0 0 
1 0 0 1 1 0 0 1 1 2 0 0 
2 0 1 1 1 1 0 0 2 1 1 0 
0 0 1 1 0 1 1 0 1 2 0 1 
1 0 1 1 1 1 0 0 1 1 0 1 
2 1 1 0 1 0 0 0 0 1 1 1 
2 0 1 1 1 0 1 1 2 1 1 0 
2 0 1 0 1 1 1 0 1 1 1 0 
0 0 1 0 1 0 0 0 3 1 0 0 
0 1 1 0 0 0 1 1 0 1 1 0 
2 0 1 0 0 0 0 0 2 1 0 0 
2 0 1 1 0 0 1 0 2 0 1 1 
0 0 1 0 0 0 0 0 1 1 0 0 
2 0 1 0 0 1 1 1 0 1 0 1 
2 0 0 1 1 1 1 0 1 0 0 1 
0 1 0 0 0 1 0 1 3 1 1 0 
2 0 1 0 0 1 0 1 2 0 0 1 
2 0 0 0 0 1 1 0 1 0 0 1 
1 0 1 0 0 0 1 1 1 1 0 0 
1 0 1 0 0 0 0 0 2 1 0 0 
1 1 0 1 1 0 0 1 0 0 1 1 
2 0 1 1 0 0 0 0 0 0 1 1 
1 0 1 0 0 1 0 1 3 2 1 1 
0 1 1 1 1 0 1 0 3 0 1 0 
2 1 0 0 1 1 0 0 1 2 1 1 
2 0 1 1 0 0 1 0 3 2 1 0 
2 1 1 0 0 1 1 0 3 0 1 1 
2 1 1 0 1 0 0 0 0 2 0 1 
2 0 1 1 1 0 1 0 0 1 0 0 
0 0 0 0 0 0 1 0 1 1 0 1 
0 0 0 1 1 0 0 1 1 2 0 0 
0 1 1 0 1 1 0 1 3 0 0 1 
0 0 1 0 0 0 1 0 3 1 0 1 
1 0 0 1 1 1 1 1 1 0 1 1 
1 0 1 0 1 0 0 0 0 2 0 1 
2 0 1 0 0 1 0 1 2 1 1 0 
1 1 0 1 0 0 0 0 2 0 1 0 
2 0 0 0 0 0 1 0 1 0 0 1 
0 0 1 1 1 1 1 0 2 0 1 0 
2 0 1 0 0 0 0 0 2 2 0 1 
2 0 0 1 0 0 0 0 2 2 1 0 
1 1 1 1 0 0 0 1 3 2 0 1 
2 1 1 0 0 0 1 0 2 2 0 0 
2 1 1 0 0 1 0 1 3 1 0 0 
1 1 0 1 0 0 0 0 3 2 0 0 
2 0 1 1 1 1 0 0 3 1 1 0 
0 1 1 0 0 0 0 1 3 0 0 0 
1 1 0 1 0 1 0 0 1 0 1 0 
0 0 1 0 1 0 0 1 0 0 0 0 
1 1 1 0 1 0 1 0 2 1 0 1 
0 1 1 0 1 1 0 0 3 2 1 0 
0 0 1 0 1 1 0 0 1 0 0 0 
0 0 1 0 0 1 0 0 0 0 1 0 
0 0 1 0 1 1 1 1 0 1 0 1 
2 0 1 1 1 1 0 1 2 1 1 0 
1 0 1 1 0 0 1 1 2 0 0 0 
0 0 1 0 0 0 1 0 2 1 1 0 
0 0 1 0 0 0 1 0 3 2 0 1 
2 0 0 1 1 1 0 1 1 0 0 1 
2 0 0 1 0 0 1 0 1 0 0 1 
2 1 1 0 0 1 1 1 2 1 1 0 
2 0 1 1 0 1 0 1 0 2 0 1 
2 1 1 0 1 1 0 0 1 2 1 1 
2 0 1 1 1 0 0 0 1 0 1 1 
0 1 1 0 1 0 1 1 2 2 1 1 
2 1 0 1 0 0 1 1 3 0 0 0 
0 0 1 0 0 1 0 0 1 1 1 1 
1 0 1 1 1 0 1 1 0 2 1 0 
2 0 0 1 1 1 0 1 2 1 0 1 
2 1 0 0 0 0 1 0 1 0 0 1 
2 0 0 1 1 1 0 1 2 1 1 1 
2 0 0 1 1 1 0 1 2 1 1 0 
1 0 1 0 0 0 0 0 0 0 0 0 
2 0 1 1 1 1 0 0 2 2 0 1 
2 0 1 1 1 1 0 0 2 2 0 0 
1 0 0 1 0 0 1 0 0 1 0 1 
1 0 1 1 1 0 0 1 1 2 0 0 
2 1 1 1 1 0 1 0 3 1 0 1 
2 0 1 1 0 1 1 0 3 1 0 0 
2 1 0 0 0 0 0 0 1 0 0 0 
2 1 0 0 1 0 0 0 0 1 1 1 
2 0 1 0 1 1 1 0 0 2 1 0 
1 0 1 0 1 1 0 0 2 0 0 1 
2 0 0 0 0 0 0 0 2 2 0 1 
0 0 0 1 1 1 0 1 2 1 0 0 
2 0 0 0 1 0 0 0 3 0 1 0 
1 0 0 0 1 0 0 1 3 1 1 0 
0 0 1 0 1 0 1 0 1 2 0 0 
2 1 1 1 1 0 1 1 3 1 1 1 
0 0 0 0 0 0 0 0 0 0 0 0 
1 0 1 1 1 1 1 0 3 0 0 0 
2 0 1 1 1 1 0 0 2 2 1 0 
2 0 1 0 0 0 0 1 3 1 1 0 
0 0 0 0 0 1 0 0 0 0 1 0 
0 1 0 0 0 1 1 1 1 0 0 0 
1 1 0 0 1 0 1 0 2 1 0 1 
0 1 1 0 0 0 1 0 2 0 1 1 
0 1 0 0 0 1 0 1 2 0 0 0 
1 1 1 1 0 0 0 0 2 0 1 0 
2 0 1 0 0 0 1 0 1 0 0 1 
0 0 0 0 0 0 0 0 1 1 0 0 
2 0 1 1 1 1 1 1 2 1 1 0 
2 1 0 1 1 0 0 1 2 0 1 0 
1 1 0 1 1 1 1 0 3 1 1 1 
2 0 1 0 0 1 1 1 2 1 1 0 
0 1 0 1 1 1 1 0 0 0 0 1 
2 1 1 1 0 0 0 1 1 1 0 1 
2 0 1 1 1 0 0 0 3 2 0 1 
1 0 0 0 0 0 0 0 3 0 0 1 
2 1 1 1 1 1 1 0 2 1 0 1 
0 0 1 1 0 0 0 0 0 2 0 0 
1 0 1 0 1 0 1 0 3 2 0 0 
2 0 1 0 0 1 1 0 1 0 0 1 
2 0 0 0 0 0 0 0 2 1 0 0 
1 1 1 0 0 0 1 1 3 0 0 0 
0 0 0 0 1 0 0 0 3 1 0 0 
0 1 1 0 0 1 1 1 1 0 0 0 
0 1 0 0 1 1 0 1 3 0 0 1 
2 0 0 0 1 1 1 0 1 1 1 0 
0 0 1 0 0 0 1 0 1 1 0 1 
1 0 1 0 1 0 0 0 2 2 1 0 
2 0 0 1 0 0 1 0 2 0 1 1 
0 0 1 1 1 1 0 0 3 1 1 0 
2 0 1 0 1 0 1 1 1 0 0 0 
1 0 1 0 0 1 1 0 0 0 1 1 
1 0 1 1 0 0 0 1 3 0 1 0 
1 1 1 1 0 1 0 0 1 0 1 0 
0 1 1 1 0 0 0 0 2 1 0 1 
1 1 1 1 1 0 0 1 0 0 1 1 
1 0 1 1 0 0 1 0 0 1 0 1 
0 0 1 1 1 0 1 0 2 2 0 0 
1 1 1 1 0 0 0 0 3 2 0 0 
1 1 1 0 0 0 1 1 3 1 1 0 
1 0 0 1 1 1 0 0 1 1 0 1 
0 0 1 1 1 0 0 1 1 2 0 0 
2 0 0 1 0 0 1 0 3 2 1 0 
0 0 1 0 1 0 0 1 2 0 0 0 
0 0 0 0 1 0 1 0 1 2 0 0 
1 1 1 0 1 1 0 0 1 2 0 0 
0 1 1 1 1 1 0 1 0 2 1 0 
1 1 1 0 1 1 1 1 0 2 0 0 
2 1 1 1 1 1 0 1 0 0 0 0 
2 0 0 0 0 1 1 1 0 1 0 1 
0 0 0 0 0 0 0 1 1 1 0 0 
0 1 1 1 1 0 1 0 1 1 1 0 
2 1 1 1 1 0 0 1 2 0 1 0 
2 1 0 1 0 0 0 1 1 1 0 1 
0 1 1 0 1 0 0 1 1 0 1 1 
2 0 0 1 1 1 0 1 2 0 0 1 
2 1 1 1 0 1 1 1 1 2 1 0 
1 0 1 0 0 0 0 0 3 0 0 1 
1 1 1 1 0 0 0 0 1 0 0 1 
1 1 1 0 0 0 1 0 1 0 0 1 
2 0 1 0 1 0 1 1 3 2 0 0 
0 0 1 1 0 0 0 0 0 1 1 1 
0 0 0 1 0 1 0 0 2 2 1 1 
2 0 1 0 1 0 1 1 3 2 0 1 
0 1 1 1 1 1 1 0 0 0 0 1 
1 1 1 0 0 1 1 1 2 1 1 0 
1 0 0 0 1 0 1 0 3 2 0 0 
1 0 1 0 1 0 0 1 3 1 1 0 
0 1 0 1 0 1 1 1 3 2 0 0 
0 0 0 1 0 0 0 1 0 1 0 0 
2 0 0 1 0 1 1 0 3 1 0 0 
2 0 0 1 0 1 0 1 0 2 0 1 
0 1 1 0 0 1 0 1 3 1 1 0 
0 1 1 0 0 0 0 1 1 2 1 1 
2 1 1 0 1 1 0 0 3 2 0 1 
0 1 0 0 1 0 1 1 2 2 1 1 
2 0 0 1 1 1 0 0 1 0 0 1 
1 0 1 1 1 0 0 1 2 1 1 1 
2 0 1 0 0 0 0 0 1 1 0 0 
0 0 1 1 0 1 0 0 1 0 0 0 
2 0 0 0 1 0 1 1 3 2 0 1 
0 1 0 0 0 0 0 1 1 2 1 1 
1 1 1 1 1 1 1 0 3 1 1 1 
2 0 0 1 1 0 1 0 1 0 0 1 
1 0 1 0 0 0 0 0 3 1 0 1 
0 0 0 1 0 0 0 0 0 2 0 0 
1 1 1 0 1 1 0 1 1 1 1 0 
2 0 1 0 1 0 0 0 3 0 1 0 
1 0 1 0 0 0 1 0 1 2 1 1 
1 1 1 1 0 1 0 0 0 1 0 0 
2 1 1 0 0 0 0 0 1 0 0 0 
1 0 1 0 1 1 0 1 0 1 1 1 
1 0 0 0 1 0 0 0 0 2 0 1 
1 0 1 1 1 1 1 1 1 0 1 1 
2 0 0 1 0 0 0 0 0 0 1 1 
1 1 1 1 0 1 0 1 2 2 0 1 
2 0 0 0 1 1 1 0 0 2 1 0 
0 0 1 1 0 0 0 1 3 0 1 1 
2 0 1 1 0 1 1 1 2 1 1 0 
0 1 1 0 0 0 1 0 0 2 0 1 
2 1 1 1 0 0 1 1 3 0 0 0 
0 1 0 0 0 0 1 1 0 1 1 0 
0 0 0 0 0 0 1 0 2 1 1 0 
0 0 1 1 0 0 0 0 3 2 1 1 
2 0 1 0 0 0 0 0 1 2 0 0 
1 0 0 0 0 0 1 0 1 2 1 1 
1 0 0 1 0 0 0 1 3 0 1 0 
1 0 0 0 0 0 0 0 0 0 0 0 
1 1 1 0 0 0 0 1 0 2 1 1 
2 1 0 0 1 1 0 0 3 2 0 1 
1 0 1 0 0 0 1 0 2 2 0 0 
0 0 0 0 1 1 0 0 1 0 0 0 
1 0 0 1 1 0 0 1 2 1 1 1 
0 0 1 0 0 0 0 1 1 1 0 0 
0 1 0 1 1 0 1 0 3 0 1 0 
0 0 0 0 0 0 1 0 3 1 0 1 
2 1 1 0 0 0 1 1 0 0 1 0 
2 0 0 0 1 1 1 1 2 2 0 0 
2 0 1 1 0 0 0 0 2 2 1 0 
MFS
[ - , - , - , - , - , 1 , - , - , 2 , - , - , - ]
[ - , - , 0 , - , - , - , - , - , - , - , - , - ]
precise
0.5
recall
0.3333333333333333
F-measure
0.4
multi
4
time
all 1063 iden 1 gen 1062
t-cover
13991
all-cover
14136
coveredNum
(1 : 370)  (2 : 828)  (3 : 1387)  (4 : 1473)  (5 : 1547)  (6 : 1400)  (7 : 1246)  (8 : 1011)  (9 : 894)  (10 : 762)  (11 : 660)  (12 : 540)  (13 : 399)  (14 : 344)  (15 : 272)  (16 : 231)  (17 : 174)  (18 : 141)  (19 : 95)  (20 : 80)  (21 : 48)  (22 : 44)  (23 : 25)  (24 : 29)  (25 : 22)  (26 : 17)  (27 : 10)  (28 : 15)  (29 : 13)  (30 : 10)  (31 : 6)  (32 : 13)  (33 : 6)  (34 : 7)  (35 : 3)  (36 : 4)  (37 : 2)  (38 : 2)  (40 : 1)  (41 : 1)  (42 : 2)  (43 : 1)  (44 : 1)  
real Identify
([ - , - , 0 , - , - , - , - , - , - , - , - , - ] : 1)  
testCase Num: 242
regaular Num: 124
identify Num: 120
1 1 0 1 0 0 0 1 3 0 0 0 
0 0 1 0 0 0 0 0 0 0 0 0 
1 0 0 0 0 0 1 0 2 2 0 0 
0 1 1 1 0 0 1 0 1 0 1 0 
2 1 1 1 1 1 1 1 2 2 1 0 
0 0 1 0 0 1 0 1 1 1 0 1 
2 0 1 1 0 0 0 1 1 0 1 1 
1 1 0 0 0 1 0 0 3 1 1 1 
1 0 1 0 0 0 0 0 2 2 1 1 
0 0 0 1 1 0 1 0 1 1 1 1 
0 1 1 0 1 1 0 0 3 1 0 0 
0 1 1 1 1 0 0 0 2 1 0 0 
2 0 0 0 1 1 1 1 0 2 1 0 
2 0 1 1 0 1 1 0 3 2 1 1 
2 0 0 0 0 1 1 1 2 0 1 0 
0 0 0 1 1 0 1 1 2 1 1 1 
2 0 1 0 1 1 1 0 2 2 0 1 
2 0 1 1 0 0 0 1 3 2 0 0 
1 1 1 0 1 1 1 0 0 0 1 0 
0 0 0 0 1 1 1 0 2 0 0 0 
2 0 1 1 1 1 1 1 2 2 1 0 
0 0 0 0 0 1 0 0 1 1 1 1 
1 0 0 1 0 1 1 0 3 0 0 1 
0 0 1 1 0 0 1 1 3 1 0 0 
0 0 1 1 0 0 1 1 2 0 1 1 
2 0 1 1 0 1 1 0 1 0 0 1 
1 1 1 1 1 1 0 0 3 2 0 0 
2 0 1 0 0 0 0 0 2 2 1 0 
0 0 1 0 0 0 0 0 1 1 1 0 
2 0 1 0 1 1 1 0 1 1 0 0 
2 0 0 1 1 0 0 1 0 0 0 1 
0 0 0 0 1 0 0 0 1 1 0 0 
0 1 0 0 1 1 0 1 1 0 0 1 
0 0 1 0 0 0 0 1 3 1 0 0 
2 0 0 1 1 0 0 1 1 1 0 0 
2 1 1 0 0 1 0 0 1 1 1 1 
0 0 0 0 0 0 1 0 1 1 1 1 
1 1 1 1 1 1 1 1 2 2 1 0 
2 1 1 0 1 0 1 0 1 0 1 0 
0 0 1 1 1 0 1 1 2 2 0 1 
1 0 1 1 0 1 0 0 2 0 1 0 
1 0 1 1 1 1 1 1 1 1 1 0 
1 1 1 0 0 1 0 0 1 0 1 0 
2 1 0 1 1 1 0 0 0 2 1 1 
1 0 0 1 0 0 1 1 1 0 0 1 
0 1 0 1 0 0 0 1 3 0 0 1 
2 0 1 0 0 0 0 1 0 2 0 1 
2 1 0 1 0 0 1 0 2 2 0 1 
2 0 0 1 0 1 1 0 0 1 0 0 
0 1 0 1 0 0 0 1 3 0 1 0 
1 0 0 1 0 0 0 1 3 2 1 1 
1 0 0 0 1 0 0 0 1 2 0 0 
2 1 1 0 1 0 0 0 0 1 0 1 
0 1 1 0 0 0 0 0 0 2 1 0 
0 1 1 0 0 0 0 0 3 2 0 0 
2 1 1 0 0 0 0 0 2 1 0 0 
2 0 1 1 1 0 0 0 3 0 0 0 
0 0 1 0 0 0 1 1 3 0 0 0 
2 0 1 0 0 0 0 0 3 0 0 0 
0 0 0 0 0 1 0 1 2 1 0 0 
0 1 0 1 0 0 0 1 3 0 1 1 
0 1 1 1 1 0 1 1 0 2 0 1 
0 1 1 1 1 1 0 0 2 1 0 0 
2 1 1 1 1 1 1 1 3 1 0 1 
1 1 1 0 0 1 0 0 0 2 0 1 
1 1 1 1 1 0 0 0 1 1 0 1 
1 0 1 0 1 1 1 0 3 2 0 1 
0 1 1 0 1 1 1 0 2 2 0 1 
1 0 1 0 1 0 1 0 3 1 1 0 
0 1 1 0 0 0 0 0 0 2 0 0 
0 1 1 0 0 0 0 0 3 2 1 1 
1 1 1 1 1 1 0 0 0 1 0 1 
0 0 0 0 0 0 0 1 3 1 1 0 
1 0 1 1 0 0 0 1 3 2 1 1 
1 1 0 1 0 0 1 0 1 2 1 1 
0 0 1 0 0 1 0 0 1 1 1 1 
2 0 0 0 0 1 1 1 2 2 1 0 
0 0 1 0 0 0 0 0 3 2 0 0 
1 1 0 0 0 1 0 0 0 2 0 1 
2 0 0 0 0 0 0 0 1 2 0 0 
1 1 1 0 0 0 1 1 2 1 0 0 
0 0 1 1 0 1 0 1 0 0 0 0 
2 1 1 1 0 0 0 1 0 1 1 0 
0 1 0 1 1 1 1 0 2 2 0 1 
2 0 1 0 1 1 1 1 0 2 1 0 
0 0 1 0 0 0 0 1 3 1 1 0 
1 1 1 1 1 0 0 1 2 0 0 1 
0 0 0 1 1 1 0 0 1 1 1 1 
0 1 1 0 1 0 0 0 3 2 0 1 
0 0 1 0 1 1 0 0 1 2 0 0 
2 0 1 0 0 0 0 0 3 1 0 0 
1 0 1 0 0 0 0 1 1 1 0 0 
2 1 1 0 0 0 1 0 3 2 0 0 
2 0 0 0 0 0 1 1 2 2 1 0 
1 0 0 0 1 1 0 1 2 1 1 1 
2 1 1 0 1 1 0 1 2 0 0 1 
1 0 1 0 1 0 1 1 3 0 1 1 
0 0 0 0 0 0 0 0 0 0 0 0 
1 1 1 0 1 0 1 0 2 0 1 1 
1 0 1 0 0 1 1 1 0 1 0 1 
0 0 1 0 1 0 0 1 2 2 1 0 
0 1 0 0 0 0 0 0 3 2 0 0 
0 0 0 1 1 0 0 0 1 1 1 1 
1 1 1 0 0 1 1 1 1 2 0 1 
2 1 0 0 1 0 0 0 0 1 0 1 
0 0 0 1 1 0 1 1 2 2 1 1 
1 1 1 1 0 0 0 1 3 0 0 0 
1 0 1 0 1 0 0 1 0 2 0 0 
2 0 0 0 0 0 0 1 1 0 0 0 
2 0 0 0 0 0 0 1 2 2 1 0 
0 0 1 0 0 1 0 0 2 1 0 0 
0 1 1 1 1 1 1 0 2 1 0 0 
2 1 1 1 0 1 0 1 1 2 0 0 
0 1 0 0 0 1 0 0 1 1 1 1 
0 0 1 0 1 0 0 0 1 1 0 0 
2 1 0 0 0 0 0 0 2 1 0 0 
0 0 0 0 0 0 1 1 1 0 0 0 
2 0 0 1 0 1 1 0 1 0 0 1 
0 1 0 0 0 0 1 0 1 1 0 0 
0 0 1 1 0 0 0 1 1 2 0 1 
0 1 0 1 0 0 1 0 3 1 1 1 
2 1 1 0 1 0 0 1 3 2 1 0 
0 1 1 1 0 0 0 1 1 1 1 0 
2 0 1 0 0 1 0 0 2 1 0 0 
0 0 0 1 1 0 1 1 2 2 0 1 
0 0 0 1 1 0 1 1 1 1 1 1 
0 0 0 1 1 0 1 1 2 2 0 0 
0 1 0 0 0 1 0 0 2 2 1 1 
2 0 1 1 1 0 0 0 2 1 1 0 
2 1 0 0 0 1 0 0 1 1 1 1 
0 0 1 0 1 1 1 0 2 0 0 0 
0 0 1 1 1 0 1 0 1 0 0 0 
2 1 1 1 1 1 0 0 0 2 1 1 
1 0 1 0 1 0 0 0 1 0 0 0 
0 1 0 1 0 0 1 0 2 2 0 1 
0 0 0 1 1 0 0 0 0 0 0 0 
1 0 1 1 0 1 0 1 3 1 0 0 
1 1 0 0 1 1 1 0 0 0 1 0 
2 1 1 1 0 0 1 0 2 2 0 1 
2 0 1 1 0 1 1 0 0 1 0 0 
0 0 1 1 0 0 1 1 0 1 0 0 
0 0 0 1 0 0 1 1 2 0 1 1 
2 0 0 0 0 0 0 0 2 2 1 0 
0 1 1 0 0 0 1 0 1 1 0 0 
1 0 1 1 0 0 1 1 1 0 0 1 
0 0 1 0 0 0 1 0 1 1 1 1 
0 1 1 1 1 1 1 1 3 1 0 0 
0 1 1 1 1 1 0 0 3 0 1 0 
2 1 1 0 0 1 1 1 3 0 1 1 
2 0 1 0 0 0 0 1 1 0 0 0 
1 0 0 0 1 0 0 1 0 2 0 0 
2 0 1 0 0 1 1 1 2 0 1 0 
0 1 1 0 1 1 0 1 1 0 0 1 
2 1 1 1 0 0 1 1 2 1 1 1 
2 1 1 1 0 1 1 0 0 0 0 0 
0 1 1 0 1 0 0 0 0 1 1 1 
0 0 0 1 0 0 0 1 1 2 0 1 
0 0 1 0 0 0 1 1 1 0 0 0 
0 1 1 0 0 1 0 0 2 1 0 0 
2 0 0 0 0 0 0 0 3 2 1 0 
2 0 0 1 0 1 1 0 3 2 1 1 
1 1 1 1 0 0 1 0 1 2 1 1 
1 0 1 1 0 0 0 0 3 1 0 1 
0 1 1 1 1 1 1 1 2 2 1 1 
0 1 1 1 1 1 1 1 2 2 1 0 
0 1 1 1 0 0 0 1 3 2 0 1 
2 0 0 1 1 1 1 1 2 2 1 0 
1 0 1 0 1 0 0 1 3 1 1 1 
2 0 0 0 0 1 0 0 2 1 0 0 
2 0 0 1 1 0 0 0 2 1 1 0 
0 0 0 1 1 1 0 1 0 1 1 1 
2 0 1 0 1 0 1 0 0 0 1 1 
0 1 0 1 0 0 1 0 1 0 1 0 
0 1 1 1 1 1 1 1 2 1 0 0 
2 1 0 1 0 1 0 1 1 2 0 0 
0 1 1 1 0 0 0 1 2 0 0 0 
2 0 1 0 1 0 0 1 3 1 0 1 
0 1 0 1 0 1 1 0 2 2 0 1 
1 1 0 1 0 0 0 1 0 0 1 1 
1 0 1 1 0 0 1 0 0 2 1 0 
0 0 1 0 0 1 0 0 3 0 0 1 
2 0 1 0 0 1 0 0 3 1 1 0 
0 0 0 1 0 1 0 0 1 1 1 1 
1 1 0 0 1 0 1 0 0 1 1 0 
0 1 1 1 0 0 1 0 3 1 1 1 
0 0 1 0 1 1 1 0 2 2 0 1 
0 0 1 0 1 0 1 0 2 1 1 0 
0 1 1 1 0 1 0 0 2 1 0 0 
0 1 0 1 0 0 0 1 1 1 1 0 
1 0 0 1 1 1 1 1 1 1 1 0 
0 1 0 1 0 0 0 1 2 2 0 1 
2 0 1 1 1 0 0 1 0 0 0 1 
1 0 0 1 0 1 0 0 2 1 0 1 
1 0 1 0 1 0 0 0 1 2 0 0 
1 0 0 0 0 0 0 1 1 1 0 0 
0 0 1 1 1 1 0 1 0 1 1 1 
0 0 0 0 1 1 0 0 1 2 0 0 
1 1 1 0 0 0 1 0 3 0 0 0 
2 0 0 0 1 1 1 1 2 2 1 0 
2 1 1 0 0 0 0 0 1 0 0 0 
0 0 1 1 0 0 0 0 3 1 0 1 
0 0 0 0 1 1 1 1 3 2 1 0 
0 0 1 1 0 1 0 0 2 1 0 1 
0 1 1 0 1 0 1 0 3 1 0 0 
1 0 0 0 0 1 1 1 0 1 0 1 
0 1 1 1 1 1 1 1 2 2 0 0 
0 1 1 0 1 0 0 1 1 2 1 0 
2 0 0 1 0 1 0 1 2 2 0 0 
2 0 1 1 1 0 1 1 1 2 1 1 
0 0 1 1 1 1 1 0 0 2 0 0 
0 0 1 0 1 1 1 1 3 2 1 0 
1 0 1 0 1 1 0 1 0 0 0 0 
1 0 0 1 0 1 0 1 3 1 0 0 
1 0 0 0 1 1 1 0 3 2 0 1 
0 0 1 1 1 0 0 0 0 0 0 0 
0 1 0 0 1 1 0 0 3 1 0 0 
2 0 1 0 0 0 0 0 1 2 0 0 
0 1 1 0 0 1 1 1 0 0 1 1 
0 0 0 1 0 1 0 1 0 0 0 0 
2 1 0 0 1 0 1 0 1 0 1 0 
0 1 0 0 1 1 1 0 2 1 0 0 
2 0 0 0 0 0 0 0 3 0 1 0 
1 0 1 1 0 1 1 0 3 0 0 1 
0 1 0 0 0 0 0 0 0 2 1 0 
2 0 0 0 1 0 0 1 3 1 0 1 
2 1 0 0 0 1 1 1 3 0 1 1 
0 1 0 1 1 0 1 1 0 2 0 1 
1 1 1 0 1 0 1 0 0 1 1 0 
1 1 0 1 1 0 0 1 2 0 0 1 
1 0 1 0 0 0 1 0 2 2 0 0 
2 0 0 1 1 0 0 0 3 0 0 0 
1 1 1 1 0 0 0 1 0 0 1 1 
0 0 0 0 0 1 0 0 3 0 0 1 
1 1 1 0 0 1 0 0 3 1 1 1 
0 1 0 1 0 0 0 1 3 2 0 1 
2 0 0 0 0 0 0 0 3 0 0 1 
2 0 1 1 1 0 0 1 1 1 0 0 
2 0 0 0 0 0 0 0 3 0 0 0 
0 1 0 0 1 1 1 0 2 2 0 1 
2 1 1 1 0 0 0 0 2 0 0 0 
0 1 0 1 0 0 0 0 2 2 0 1 
0 0 1 1 0 1 1 0 1 2 1 0 
MFS
[ - , - , - , - , - , - , - , - , - , - , - , - ]
[ - , - , - , - , - , 1 , - , - , 2 , - , - , - ]
[ - , - , 0 , - , - , - , - , - , - , - , - , - ]
precise
0.3333333333333333
recall
0.3333333333333333
F-measure
0.3333333333333333
multi
7
time
all 1055 iden 1 gen 1054
t-cover
13997
all-cover
14136
coveredNum
(1 : 318)  (2 : 688)  (3 : 1163)  (4 : 1226)  (5 : 1384)  (6 : 1195)  (7 : 1163)  (8 : 1052)  (9 : 952)  (10 : 832)  (11 : 703)  (12 : 675)  (13 : 486)  (14 : 442)  (15 : 398)  (16 : 316)  (17 : 261)  (18 : 196)  (19 : 156)  (20 : 121)  (21 : 86)  (22 : 69)  (23 : 48)  (24 : 47)  (25 : 19)  (26 : 13)  (27 : 8)  (28 : 15)  (29 : 15)  (30 : 11)  (31 : 12)  (32 : 16)  (33 : 8)  (34 : 10)  (35 : 8)  (36 : 8)  (37 : 5)  (38 : 4)  (39 : 3)  (40 : 2)  (41 : 1)  (43 : 1)  
real Identify
([ - , - , 0 , - , - , - , - , - , - , - , - , - ] : 1)  
