testCase Num: 24
regaular Num: 24
identify Num: 0
2 0 0 0 1 0 0 0 0 0 0 0 2 1 
1 1 1 1 0 1 1 1 0 0 1 1 3 0 
0 0 0 0 0 0 1 0 1 1 0 0 0 0 
2 1 0 1 1 1 0 0 1 0 1 0 2 0 
0 0 0 1 0 0 1 1 0 0 1 0 1 2 
1 1 1 0 1 1 1 0 0 0 0 1 1 1 
2 1 0 1 0 1 1 0 1 0 0 1 3 1 
2 0 1 0 1 0 1 0 0 0 0 1 2 0 
1 0 0 0 0 1 1 1 0 1 1 1 3 0 
2 1 1 1 1 0 1 1 1 0 0 0 3 2 
2 1 0 1 1 0 0 1 1 1 0 0 1 0 
2 1 1 0 0 1 0 0 0 0 1 1 3 0 
0 1 1 0 0 1 1 0 0 0 0 1 1 1 
2 0 0 0 1 1 0 1 0 1 1 1 0 2 
0 0 0 0 1 1 0 0 1 1 0 1 3 1 
1 0 1 0 0 0 0 0 1 1 0 0 2 1 
1 1 1 1 1 1 1 1 1 1 0 0 2 0 
1 0 0 1 1 1 1 0 0 1 1 1 1 2 
0 0 1 0 0 0 1 1 1 0 1 1 1 1 
0 1 0 1 0 1 1 1 0 1 1 0 2 2 
2 1 1 1 0 1 0 1 0 0 1 1 0 1 
1 1 0 0 1 1 0 0 1 0 0 0 0 2 
0 1 1 1 1 0 0 0 1 1 1 1 2 2 
1 1 1 0 1 0 0 1 1 1 1 0 0 2 
MFS
[ 2 , 0 , 1 , - , - , - , - , - , - , - , - , - , - , - ]
[ 0 , 0 , 1 , - , - , - , - , - , - , - , - , - , - , - ]
[ 1 , - , - , - , - , 1 , - , - , - , - , - , - , - , - ]
[ - , 0 , 1 , - , - , - , - , - , - , - , - , - , - , - ]
[ 1 , - , 0 , - , - , - , - , - , - , - , - , - , - , - ]
[ 1 , 0 , - , - , - , 0 , - , - , - , - , - , - , - , - ]
[ 1 , 1 , - , - , - , 0 , - , - , - , - , - , - , - , - ]
precise
0.14285714285714285
recall
0.5
F-measure
0.22222222222222224
multi
1
time
all 516 iden 0 gen 501
t-cover
216
all-cover
473
coveredNum
(1 : 47)  (2 : 24)  (3 : 58)  (4 : 54)  (5 : 59)  (6 : 54)  (7 : 45)  (8 : 43)  (9 : 34)  (10 : 28)  (11 : 15)  (12 : 6)  (13 : 3)  (14 : 2)  (16 : 1)  
real Identify
([ - , 0 , 1 , - , - , - , - , - , - , - , - , - , - , - ] : 1)  
testCase Num: 51
regaular Num: 51
identify Num: 0
2 0 0 0 0 1 1 0 1 1 1 1 2 0 
2 1 1 1 1 0 1 0 1 1 1 0 3 0 
2 1 0 0 0 0 1 0 0 0 1 1 3 1 
2 1 0 1 0 1 1 0 1 1 0 0 0 1 
2 0 0 0 0 1 1 0 0 0 0 0 2 0 
2 0 1 0 1 1 0 1 1 1 1 1 3 0 
2 1 1 0 1 1 0 0 1 1 0 1 1 1 
0 1 1 0 1 0 1 0 0 0 0 0 0 1 
2 0 0 0 0 0 0 0 0 0 0 1 2 0 
2 1 1 0 1 0 1 0 1 1 1 0 2 1 
2 1 1 0 0 0 1 1 0 0 0 1 2 0 
0 1 0 0 1 0 0 1 1 1 1 0 0 0 
0 1 1 1 1 1 0 0 0 1 1 0 0 0 
0 1 0 1 1 1 0 0 1 1 0 1 3 1 
0 1 0 0 1 1 1 1 0 0 0 0 0 0 
0 1 1 0 1 1 0 1 0 1 1 1 2 2 
1 0 0 1 1 1 1 0 0 0 1 0 0 0 
2 1 0 1 1 1 1 0 1 1 1 0 3 0 
0 1 0 0 0 0 1 1 0 0 1 1 1 2 
1 1 1 1 0 1 0 1 1 1 0 0 3 0 
2 0 0 1 0 0 0 0 1 1 1 0 0 1 
1 1 0 0 0 1 0 1 1 1 1 1 2 2 
2 0 0 0 0 1 1 1 0 1 0 1 2 1 
2 0 0 0 1 1 0 0 0 1 0 0 1 1 
2 0 0 1 0 0 1 0 1 0 0 1 3 1 
2 0 1 1 0 0 1 1 1 0 0 0 3 2 
0 1 1 1 0 0 1 1 0 0 1 1 0 2 
0 1 1 1 0 1 0 0 1 1 1 1 2 2 
1 0 0 1 1 0 0 1 1 0 1 1 1 1 
0 0 1 0 0 1 1 0 0 1 0 0 1 2 
0 1 0 0 0 0 1 0 1 1 1 1 2 2 
0 1 1 1 1 0 0 1 0 0 0 0 0 2 
0 1 0 0 1 0 0 0 0 0 1 0 0 2 
0 1 0 1 0 1 0 1 1 0 1 0 0 2 
0 1 1 1 1 0 1 1 1 0 1 0 2 1 
2 1 1 1 0 1 0 1 1 1 1 0 3 1 
2 1 1 0 1 1 0 0 1 1 1 0 2 1 
0 1 1 1 1 1 1 0 1 0 1 0 3 2 
0 1 1 0 1 0 0 0 0 0 0 0 2 0 
0 1 0 0 0 0 0 1 1 0 0 0 3 2 
2 0 0 0 0 1 0 0 0 1 0 0 1 0 
2 0 1 1 0 1 0 0 1 0 0 0 1 1 
2 0 0 1 1 1 0 1 1 0 1 1 0 0 
0 1 1 0 1 0 1 1 1 1 0 1 3 2 
0 1 0 1 0 0 1 1 1 0 0 0 0 1 
0 0 1 1 1 0 0 1 1 1 0 1 0 2 
0 1 0 1 0 1 0 1 1 1 0 0 0 2 
2 1 1 1 1 1 0 1 0 1 1 0 1 0 
2 1 0 1 0 1 1 1 0 1 1 1 0 0 
2 1 0 0 0 0 1 1 1 1 1 0 3 0 
0 1 0 1 1 0 1 1 1 0 1 0 3 0 
MFS
[ 2 , 0 , 1 , - , - , - , - , - , - , - , - , - , - , - ]
[ 1 , - , - , - , - , - , - , - , - , - , - , - , - , - ]
[ 0 , 0 , - , - , - , - , - , - , - , - , - , - , - , - ]
[ 2 , - , - , - , - , - , - , - , - , - , - , - , - , 2 ]
precise
0.25
recall
0.5
F-measure
0.3333333333333333
multi
0
time
all 344 iden 0 gen 328
t-cover
319
all-cover
473
coveredNum
(1 : 35)  (2 : 7)  (3 : 8)  (4 : 13)  (5 : 11)  (6 : 22)  (7 : 22)  (8 : 22)  (9 : 28)  (10 : 25)  (11 : 34)  (12 : 21)  (13 : 30)  (14 : 31)  (15 : 29)  (16 : 21)  (17 : 20)  (18 : 27)  (19 : 11)  (20 : 18)  (21 : 10)  (22 : 6)  (23 : 7)  (24 : 2)  (25 : 2)  (26 : 3)  (27 : 2)  (28 : 2)  (30 : 1)  (31 : 2)  (34 : 1)  
real Identify
([ 1 , - , - , - , - , - , - , - , - , - , - , - , - , - ] : 1)  
testCase Num: 31
regaular Num: 31
identify Num: 0
0 1 0 1 0 0 0 0 0 0 1 0 0 0 
2 0 1 1 1 0 1 0 1 1 1 0 3 1 
2 0 0 0 0 1 1 1 1 1 0 0 0 1 
0 0 0 0 1 1 0 1 0 1 0 0 3 0 
2 1 0 1 0 0 1 1 1 0 0 0 3 2 
0 0 1 1 0 0 0 1 1 1 1 1 3 1 
0 0 1 0 1 1 1 1 1 0 0 1 2 2 
0 1 1 0 0 1 0 1 1 0 0 0 2 2 
1 1 0 1 1 0 0 1 1 1 1 1 2 0 
0 1 1 0 1 0 0 0 1 0 0 1 1 1 
1 0 0 1 0 1 1 1 0 1 1 0 1 0 
2 1 0 1 1 1 0 0 0 1 0 1 2 2 
2 0 0 0 1 0 1 1 0 0 1 1 2 1 
0 0 0 0 1 1 0 1 0 1 1 1 1 0 
0 0 0 1 1 1 0 1 0 1 0 1 1 2 
0 1 0 1 1 0 0 1 0 1 1 0 0 2 
2 1 1 0 1 0 0 0 0 1 0 1 3 0 
0 1 1 1 1 0 0 1 0 0 0 1 3 0 
0 0 0 0 1 0 0 1 1 0 1 0 1 0 
2 0 1 1 1 1 1 1 0 0 0 1 3 1 
2 0 0 0 0 0 1 0 0 1 0 1 1 2 
0 1 0 1 1 0 0 0 0 1 1 1 3 0 
1 1 1 1 0 0 1 1 0 0 1 1 3 1 
2 1 0 1 0 1 0 1 1 1 1 0 3 2 
2 1 1 1 1 0 1 1 0 1 1 1 0 2 
1 0 1 0 1 0 0 0 0 0 0 0 3 2 
0 1 1 1 0 1 0 1 1 0 1 0 1 0 
0 1 1 1 0 1 0 0 1 0 1 1 3 1 
2 1 1 1 1 1 1 0 0 1 1 1 2 2 
1 0 0 0 1 1 1 0 1 1 0 0 0 1 
2 1 1 1 0 1 1 0 0 1 0 0 2 0 
MFS
[ 2 , 0 , 1 , - , - , - , - , - , - , - , - , - , - , - ]
[ 0 , - , - , - , - , - , 1 , - , - , - , - , - , - , - ]
[ 1 , - , - , - , - , - , - , - , - , - , - , - , - , 2 ]
[ 1 , - , - , - , - , - , - , - , - , - , - , - , - , 1 ]
[ 2 , - , 1 , - , - , - , - , - , - , 0 , - , - , - , - ]
[ 0 , 0 , - , - , - , - , 0 , - , - , - , - , - , - , 1 ]
[ 1 , - , - , - , - , - , - , - , - , - , - , - , - , 0 ]
[ 0 , 0 , 1 , - , - , - , 0 , - , - , - , - , - , - , - ]
precise
0.0
recall
0.0
F-measure
0.0
multi
1
time
all 406 iden 15 gen 375
t-cover
282
all-cover
473
coveredNum
(1 : 34)  (3 : 2)  (4 : 10)  (5 : 23)  (6 : 25)  (7 : 13)  (8 : 11)  (9 : 33)  (10 : 21)  (11 : 31)  (12 : 20)  (13 : 18)  (14 : 26)  (15 : 19)  (16 : 25)  (17 : 24)  (18 : 13)  (19 : 15)  (20 : 16)  (21 : 22)  (22 : 20)  (23 : 10)  (24 : 7)  (25 : 10)  (26 : 7)  (27 : 8)  (28 : 2)  (29 : 2)  (30 : 2)  (32 : 1)  (33 : 1)  (34 : 1)  (38 : 1)  
real Identify

testCase Num: 25
regaular Num: 25
identify Num: 0
2 0 1 0 0 1 0 0 1 0 1 0 2 0 
2 0 1 1 1 1 0 0 0 0 1 0 2 2 
0 1 1 0 1 0 0 0 1 1 0 1 1 0 
0 1 1 0 0 1 1 0 1 0 1 1 0 1 
2 0 1 0 0 0 1 0 1 1 1 0 3 1 
0 0 1 0 0 0 1 0 1 1 1 0 3 1 
2 0 0 0 0 0 1 0 1 1 0 1 0 2 
1 1 1 0 0 0 1 0 0 1 0 1 2 2 
0 1 1 1 0 1 1 1 0 0 1 0 1 2 
1 0 1 1 1 0 1 1 1 1 0 0 0 1 
0 1 0 1 0 1 0 1 1 0 1 1 3 0 
2 1 1 1 1 0 0 1 0 0 0 0 3 2 
0 1 1 1 1 0 1 1 1 0 0 1 2 1 
0 1 1 1 1 1 0 1 1 1 0 0 0 1 
2 0 0 0 0 1 0 1 0 1 1 0 1 1 
1 0 0 0 0 1 1 0 1 0 1 1 0 2 
0 1 0 0 1 0 0 0 0 1 0 1 0 0 
1 1 0 0 1 1 0 1 0 0 0 0 2 0 
1 0 0 0 1 1 1 0 1 1 1 1 3 0 
1 1 1 0 1 0 1 1 0 1 0 0 1 1 
2 0 0 1 0 0 1 0 0 1 0 1 3 1 
0 1 0 0 0 0 1 1 1 1 0 0 2 0 
1 1 0 1 1 1 1 0 1 0 0 1 1 0 
0 1 1 0 0 0 1 1 0 1 1 0 3 0 
2 0 0 0 1 1 0 0 0 0 1 0 2 2 
MFS
[ 2 , 0 , 1 , - , - , - , - , - , - , - , - , - , - , - ]
[ 1 , 0 , - , 1 , - , - , - , - , - , - , - , - , - , - ]
[ 1 , - , - , 0 , - , - , - , - , - , - , - , - , - , - ]
[ 0 , 0 , - , - , - , - , - , - , - , - , - , - , - , - ]
[ 2 , - , - , - , - , - , - , - , - , - , - , - , - , 0 ]
[ 1 , 1 , - , 1 , - , - , - , - , - , - , - , - , - , - ]
precise
0.0
recall
0.0
F-measure
0.0
multi
1
time
all 422 iden 0 gen 391
t-cover
261
all-cover
473
coveredNum
(1 : 52)  (2 : 23)  (3 : 50)  (4 : 47)  (5 : 43)  (6 : 53)  (7 : 61)  (8 : 37)  (9 : 29)  (10 : 28)  (11 : 19)  (12 : 13)  (13 : 10)  (14 : 3)  (15 : 1)  (16 : 2)  (17 : 1)  (20 : 1)  
real Identify

testCase Num: 20
regaular Num: 20
identify Num: 0
2 1 0 0 0 0 1 0 1 1 0 0 0 0 
1 0 1 1 1 0 1 0 1 1 0 1 3 1 
2 1 1 1 0 0 0 1 1 0 0 1 1 1 
0 1 1 1 1 1 0 1 1 1 0 0 2 0 
0 0 1 0 0 0 1 1 1 1 1 1 3 0 
2 0 0 0 1 0 0 1 0 1 0 1 3 1 
2 0 0 1 1 0 0 0 0 1 1 1 3 0 
0 1 0 1 1 1 0 0 0 0 1 1 0 1 
0 1 1 0 0 1 1 1 1 0 0 1 0 0 
2 0 0 0 0 0 1 0 1 0 1 0 2 1 
2 0 0 1 0 1 1 0 0 1 1 1 1 0 
1 1 1 1 0 1 0 0 0 0 1 1 1 0 
2 1 0 0 1 1 0 1 0 0 1 0 3 2 
2 0 1 1 0 0 0 0 0 0 0 1 2 2 
0 0 0 0 1 0 1 1 0 1 0 0 1 2 
0 1 1 1 0 0 1 0 1 0 0 1 3 1 
2 1 1 0 0 0 1 0 0 0 1 1 2 2 
1 0 0 0 1 1 1 0 0 0 1 0 2 1 
1 0 1 1 0 1 0 1 1 1 0 0 0 2 
2 0 0 1 1 0 0 0 1 1 1 0 0 2 
MFS
[ 2 , 0 , 1 , - , - , - , - , - , - , - , - , - , - , - ]
[ 1 , - , - , - , - , - , - , - , 0 , - , - , - , - , - ]
[ 1 , 0 , 0 , - , - , - , - , - , - , - , - , - , - , - ]
[ 0 , 0 , 1 , - , - , - , - , - , - , - , - , - , - , - ]
[ - , 0 , 1 , - , - , - , - , - , - , - , - , - , - , - ]
[ 1 , 1 , - , - , - , - , - , - , - , - , - , - , - , - ]
[ 1 , - , - , - , - , - , - , - , 1 , - , - , - , - , - ]
precise
0.14285714285714285
recall
0.5
F-measure
0.22222222222222224
multi
2
time
all 297 iden 0 gen 281
t-cover
268
all-cover
473
coveredNum
(1 : 62)  (2 : 68)  (3 : 89)  (4 : 69)  (5 : 81)  (6 : 50)  (7 : 34)  (8 : 14)  (9 : 6)  
real Identify
([ - , 0 , 1 , - , - , - , - , - , - , - , - , - , - , - ] : 1)  
