testCase Num: 24
regaular Num: 24
identify Num: 0
2 0 1 1 0 1 1 0 2 0 0 
0 0 1 1 1 1 1 1 0 0 1 
1 1 0 1 0 0 0 1 1 0 1 
2 0 1 0 1 0 0 0 0 1 1 
0 0 0 1 0 0 1 0 2 0 1 
0 1 0 1 0 0 0 0 1 0 0 
1 1 1 1 1 1 0 0 2 0 0 
1 0 1 0 1 0 0 0 2 0 1 
0 1 1 0 0 2 1 1 1 1 0 
1 0 0 0 0 0 0 1 0 1 0 
2 0 1 0 0 0 1 1 2 0 0 
2 1 0 1 1 0 0 0 0 1 1 
1 1 0 0 0 0 1 1 1 1 1 
0 1 0 0 0 1 0 1 2 1 0 
0 1 0 0 1 0 1 1 2 1 1 
1 1 1 0 1 2 0 1 2 0 0 
1 1 1 1 0 0 1 0 0 1 0 
1 0 1 1 0 2 1 1 2 0 1 
1 0 0 0 0 1 1 0 1 0 0 
2 0 0 0 0 2 0 0 0 1 0 
2 1 0 1 1 2 1 1 0 1 1 
0 1 0 1 1 2 1 0 1 0 1 
2 1 1 1 1 2 0 1 1 1 1 
2 0 1 1 1 1 0 1 1 1 1 
MFS
[ 1 , - , - , - , - , 2 , - , 0 , - , - , - ]
[ 0 , - , - , - , - , 2 , - , 0 , - , - , - ]
[ 2 , - , - , - , - , 2 , - , 0 , - , - , - ]
[ - , - , - , 1 , - , 0 , 1 , - , - , - , - ]
[ - , - , - , - , - , 2 , 0 , - , - , - , - ]
[ - , - , - , - , - , - , 1 , 0 , - , - , - ]
[ - , - , - , - , - , 2 , - , 1 , - , - , - ]
[ - , 0 , - , - , 0 , 1 , - , - , - , - , - ]
precise
0.125
recall
0.5
F-measure
0.2
multi
1
time
all 298 iden 0 gen 283
t-cover
177
all-cover
283
coveredNum
(1 : 29)  (2 : 32)  (3 : 28)  (4 : 31)  (5 : 36)  (6 : 42)  (7 : 29)  (8 : 20)  (9 : 14)  (10 : 12)  (11 : 9)  (12 : 1)  
real Identify
([ - , - , - , - , - , - , 1 , 0 , - , - , - ] : 1)  
testCase Num: 20
regaular Num: 20
identify Num: 0
0 1 0 1 0 1 1 0 2 1 1 
1 0 0 0 1 2 0 1 2 0 1 
1 0 0 1 0 0 0 1 0 1 1 
0 1 1 0 0 1 0 1 2 1 0 
2 1 1 1 0 2 0 1 1 0 0 
1 0 0 1 0 1 0 1 2 0 1 
2 0 0 0 0 0 1 0 1 1 1 
1 0 0 0 0 2 1 1 2 0 0 
0 1 0 1 0 1 0 1 1 1 1 
2 1 1 1 1 0 0 1 2 1 1 
2 0 1 1 0 2 0 0 0 1 0 
2 0 0 0 1 1 0 1 0 0 1 
0 0 1 0 0 0 0 1 0 0 0 
1 1 1 1 1 0 1 0 0 0 1 
0 1 0 0 1 2 1 1 1 0 1 
0 0 0 0 1 0 0 1 1 0 1 
2 0 0 1 0 0 0 1 1 0 0 
0 1 0 1 0 2 0 1 0 1 0 
1 1 1 1 1 1 0 1 1 1 0 
1 1 0 0 0 0 0 1 0 0 0 
MFS
[ - , - , - , - , - , - , 0 , 0 , - , - , - ]
[ - , - , - , - , - , - , 1 , 1 , - , - , - ]
[ - , - , - , - , - , - , 1 , 0 , - , - , - ]
[ - , - , - , - , - , 2 , - , 1 , - , - , - ]
precise
0.25
recall
0.5
F-measure
0.3333333333333333
multi
0
time
all 281 iden 32 gen 249
t-cover
137
all-cover
283
coveredNum
(1 : 76)  (2 : 14)  (3 : 39)  (4 : 28)  (5 : 33)  (6 : 29)  (7 : 16)  (8 : 11)  (9 : 7)  (10 : 7)  (11 : 16)  (12 : 6)  (22 : 1)  
real Identify
([ - , - , - , - , - , - , 1 , 0 , - , - , - ] : 1)  
testCase Num: 22
regaular Num: 22
identify Num: 0
0 1 1 0 0 0 0 1 2 0 0 
2 0 0 1 0 1 1 0 1 1 0 
0 0 0 0 0 0 1 0 0 0 1 
2 1 0 0 1 1 0 0 2 0 1 
1 1 1 0 0 0 0 0 0 0 1 
0 0 1 0 0 0 1 1 2 1 0 
2 0 1 1 0 2 0 0 1 1 1 
2 0 1 0 0 0 1 1 0 1 1 
1 1 1 0 1 1 1 1 1 1 1 
1 0 0 0 0 2 1 1 2 1 1 
0 1 0 1 1 0 1 0 1 1 1 
0 1 0 1 1 2 0 1 0 1 1 
2 1 0 1 1 1 1 1 2 1 0 
0 1 0 1 1 0 1 1 0 0 1 
1 0 1 0 1 0 1 0 2 1 0 
0 0 1 1 0 1 1 0 1 1 1 
1 1 1 1 0 1 0 1 2 1 1 
2 1 0 0 0 1 0 1 1 0 1 
1 0 0 1 1 0 0 0 1 0 0 
2 1 0 0 0 2 1 0 0 0 0 
1 0 0 1 1 1 1 1 0 1 0 
0 1 0 0 0 0 0 0 1 0 1 
MFS
[ 0 , - , - , - , - , 1 , - , - , - , - , - ]
[ - , - , - , - , - , - , 1 , 0 , - , - , - ]
[ - , - , - , - , - , 2 , - , 1 , - , - , - ]
[ - , - , - , - , - , 2 , - , - , - , 0 , - ]
[ - , - , - , - , - , 2 , - , - , - , 1 , - ]
[ - , - , - , - , - , - , 0 , 0 , - , 1 , - ]
precise
0.16666666666666666
recall
0.5
F-measure
0.25
multi
1
time
all 297 iden 0 gen 297
t-cover
190
all-cover
283
coveredNum
(1 : 35)  (2 : 10)  (3 : 31)  (4 : 29)  (5 : 35)  (6 : 40)  (7 : 28)  (8 : 18)  (9 : 21)  (10 : 11)  (11 : 10)  (12 : 6)  (13 : 7)  (14 : 1)  (15 : 1)  
real Identify
([ - , - , - , - , - , - , 1 , 0 , - , - , - ] : 1)  
testCase Num: 24
regaular Num: 24
identify Num: 0
2 0 1 0 1 0 0 0 2 1 1 
0 0 0 0 1 0 1 0 2 0 0 
1 0 1 0 1 1 1 0 2 0 1 
0 0 0 1 0 0 1 1 2 1 0 
0 0 1 0 1 1 1 0 0 0 1 
0 1 0 0 0 0 0 1 1 0 0 
0 1 0 1 1 2 1 1 2 1 0 
0 0 1 1 1 0 1 0 2 0 0 
0 1 1 0 0 1 0 1 1 1 1 
2 1 0 1 0 1 1 0 2 0 0 
1 0 0 1 1 0 1 1 0 0 0 
1 0 1 0 0 1 0 0 2 1 1 
2 1 0 0 1 2 0 1 0 0 1 
2 0 1 0 0 1 0 0 1 0 0 
1 1 0 1 1 0 1 1 1 1 1 
1 0 1 1 0 2 0 0 1 1 0 
2 1 0 1 1 0 1 0 1 1 1 
1 1 1 1 1 0 1 0 1 1 1 
2 1 0 1 0 1 0 0 2 1 1 
0 1 1 1 0 1 1 1 0 1 1 
2 1 0 1 0 1 0 0 0 0 1 
1 1 0 1 1 1 0 1 2 0 1 
0 0 1 0 1 0 0 0 2 1 0 
2 0 0 0 0 1 1 1 0 1 0 
MFS
[ 0 , - , - , - , 1 , 1 , - , - , - , - , - ]
[ - , - , - , 1 , - , 0 , - , 0 , - , - , - ]
[ - , - , - , - , - , 1 , 1 , 0 , - , - , - ]
[ - , - , - , - , - , 0 , 1 , 0 , - , - , - ]
[ - , - , - , - , - , 2 , - , - , - , - , - ]
[ - , 0 , - , - , 1 , 1 , - , - , - , - , - ]
[ 2 , 1 , - , - , - , 0 , - , - , - , - , - ]
precise
0.14285714285714285
recall
0.5
F-measure
0.22222222222222224
multi
0
time
all 265 iden 0 gen 265
t-cover
203
all-cover
283
coveredNum
(1 : 24)  (3 : 2)  (4 : 7)  (5 : 6)  (6 : 30)  (7 : 9)  (8 : 11)  (9 : 9)  (10 : 16)  (11 : 20)  (12 : 25)  (13 : 5)  (14 : 7)  (15 : 10)  (16 : 20)  (17 : 17)  (18 : 17)  (19 : 4)  (20 : 10)  (21 : 8)  (22 : 6)  (23 : 7)  (24 : 2)  (25 : 2)  (26 : 5)  (27 : 1)  (28 : 1)  (29 : 1)  (31 : 1)  
real Identify
([ - , - , - , - , - , 2 , - , - , - , - , - ] : 1)  
testCase Num: 24
regaular Num: 24
identify Num: 0
2 1 0 1 0 1 0 1 1 0 0 
1 1 1 0 0 0 0 0 0 1 0 
1 0 1 1 1 1 1 0 1 0 0 
2 0 1 1 0 1 1 0 0 1 1 
1 1 0 0 0 2 1 1 1 1 0 
2 0 1 1 0 2 0 0 1 0 1 
0 0 0 1 0 1 1 1 0 1 0 
0 1 1 1 1 1 1 0 1 1 0 
1 1 0 1 0 1 0 0 0 1 0 
2 1 0 0 1 1 1 1 0 0 1 
0 1 1 1 0 2 0 1 0 1 0 
0 0 1 1 0 1 0 0 1 1 0 
1 0 0 1 1 1 0 1 2 1 1 
1 0 1 1 1 0 1 0 0 0 1 
2 0 1 1 0 1 0 0 1 0 1 
0 1 0 0 1 1 0 0 2 0 1 
2 0 1 0 1 1 0 1 0 1 1 
0 0 0 0 1 0 0 0 1 0 0 
0 1 0 1 1 2 1 0 2 0 1 
2 1 1 0 0 0 1 1 2 1 0 
1 0 0 0 0 1 1 1 1 0 0 
2 1 1 0 1 0 1 0 1 0 0 
1 1 1 0 1 0 1 0 1 0 1 
2 0 0 0 0 1 1 0 0 0 1 
MFS
[ - , - , - , - , - , 0 , - , - , - , - , 1 ]
[ - , - , - , - , 1 , - , 1 , 0 , - , - , - ]
[ - , - , - , 1 , - , 0 , - , - , - , - , - ]
[ - , - , - , - , - , 2 , 0 , - , - , - , - ]
[ - , - , 1 , - , - , 1 , 1 , - , - , - , - ]
[ - , - , - , - , - , - , 1 , 0 , - , - , - ]
[ - , - , - , - , 1 , 2 , - , - , - , - , - ]
[ - , - , 1 , - , 1 , 0 , - , - , - , - , - ]
[ - , - , - , - , 0 , 2 , - , - , - , - , - ]
[ - , 1 , 1 , - , - , 1 , - , - , - , - , - ]
[ - , - , - , - , - , 2 , 1 , 1 , - , - , - ]
precise
0.09090909090909091
recall
0.5
F-measure
0.15384615384615385
multi
1
time
all 265 iden 15 gen 234
t-cover
198
all-cover
283
coveredNum
(1 : 25)  (2 : 1)  (4 : 4)  (5 : 17)  (6 : 35)  (7 : 5)  (8 : 9)  (9 : 3)  (10 : 10)  (11 : 35)  (12 : 16)  (13 : 12)  (14 : 6)  (15 : 10)  (16 : 13)  (17 : 23)  (18 : 7)  (19 : 8)  (20 : 8)  (21 : 11)  (22 : 6)  (23 : 6)  (24 : 1)  (25 : 2)  (26 : 3)  (28 : 4)  (30 : 1)  (32 : 2)  
real Identify
([ - , - , - , - , - , - , 1 , 0 , - , - , - ] : 1)  
