testCase Num: 61
regaular Num: 61
identify Num: 0
0 1 0 1 1 1 0 0 1 0 0 0 
1 0 0 1 0 0 1 0 1 0 1 1 
0 1 1 1 1 0 1 0 2 1 0 0 
0 0 1 1 0 1 0 0 2 2 1 1 
1 1 0 1 0 1 1 0 2 0 0 1 
1 0 0 1 1 0 0 1 2 1 0 0 
0 0 1 0 0 1 1 0 2 0 0 0 
1 0 1 1 1 0 0 0 0 0 1 0 
2 0 0 1 1 0 0 1 2 2 1 0 
1 0 0 0 1 0 1 1 0 1 1 1 
2 0 1 0 0 0 1 1 3 1 0 0 
2 0 1 0 1 1 0 0 3 1 0 0 
0 1 1 0 1 0 0 0 3 2 1 0 
0 0 0 0 1 1 1 1 3 0 1 1 
2 1 1 1 1 0 0 1 3 0 1 0 
0 0 0 1 1 1 1 1 0 1 0 1 
2 1 1 0 0 0 1 0 0 0 0 0 
0 1 1 1 1 0 1 1 1 2 0 1 
0 0 1 0 0 1 0 1 1 1 1 1 
1 1 1 0 0 0 0 0 2 2 0 1 
0 0 0 1 0 1 1 0 0 2 1 1 
1 0 1 1 0 1 1 0 3 0 1 0 
1 1 0 0 1 0 0 0 3 1 1 1 
1 1 1 0 1 1 1 1 0 2 0 0 
0 0 1 1 0 0 1 1 3 1 0 1 
1 0 0 1 1 1 0 1 1 1 0 0 
1 1 0 0 0 1 0 1 1 0 1 0 
1 0 0 1 1 1 0 1 2 1 1 1 
0 0 1 0 1 0 1 1 2 2 1 1 
1 1 0 0 0 1 1 0 0 1 0 1 
2 0 1 1 0 0 0 0 0 2 1 1 
2 1 1 0 0 0 1 0 2 1 1 1 
2 0 0 0 0 1 0 1 1 2 0 0 
0 0 0 1 1 0 0 0 1 0 0 0 
2 1 0 1 1 0 1 0 1 1 1 0 
2 1 0 1 0 0 1 0 3 2 1 1 
2 0 0 1 0 1 1 0 2 0 0 1 
1 0 1 1 0 0 0 0 0 1 0 0 
1 1 1 0 0 1 1 0 1 2 1 0 
0 0 0 0 0 0 0 0 0 2 0 0 
1 1 0 1 0 1 1 1 3 1 1 1 
1 0 0 1 1 0 0 1 3 2 0 1 
1 0 0 0 0 0 1 1 3 2 0 0 
1 0 0 1 0 1 1 0 3 1 1 0 
1 0 0 0 1 1 0 1 2 1 0 1 
2 1 1 1 1 1 1 0 3 0 0 1 
2 0 0 1 1 1 1 1 2 2 1 0 
0 0 0 0 0 0 0 1 2 0 0 0 
1 1 1 0 1 1 1 1 2 0 1 0 
1 0 1 1 1 1 1 1 3 2 1 1 
0 0 1 1 1 1 1 0 2 2 1 1 
0 0 1 0 1 1 1 0 3 2 0 0 
0 1 0 1 0 0 0 1 0 0 1 0 
2 1 0 0 1 1 0 1 0 1 1 0 
1 1 1 0 0 0 0 0 3 0 0 1 
2 0 1 0 1 1 1 1 3 1 0 0 
2 0 1 0 1 0 0 1 1 0 0 1 
2 1 0 1 1 1 0 0 2 0 0 1 
0 1 1 0 0 1 1 0 0 0 1 1 
0 1 1 1 1 1 0 1 3 1 0 0 
0 1 0 0 1 1 0 0 3 2 0 0 
MFS
[ - , - , - , - , - , 1 , 0 , - , 2 , 0 , - , - ]
[ - , - , - , 1 , - , 1 , - , 1 , 0 , - , 1 , - ]
[ - , - , - , 1 , - , 1 , - , 1 , 3 , - , 1 , - ]
[ - , - , - , 1 , - , 1 , - , 1 , 1 , - , 1 , - ]
[ - , - , - , 1 , - , 1 , - , 1 , 2 , - , 1 , - ]
[ - , - , - , - , 0 , 1 , - , - , 2 , 2 , - , - ]
[ - , - , - , - , 1 , 1 , - , - , 2 , 2 , - , - ]
[ 0 , - , - , 1 , - , 1 , - , - , 1 , - , - , - ]
[ - , - , - , - , - , 1 , 0 , 0 , - , - , - , - ]
[ - , - , - , - , - , 1 , 1 , - , 3 , 1 , - , - ]
[ - , - , - , - , - , 1 , 1 , - , 3 , 2 , - , - ]
[ - , - , - , - , - , 1 , - , - , 2 , 1 , - , - ]
[ - , - , - , 0 , - , 1 , 0 , - , 3 , - , - , - ]
[ - , - , - , 1 , - , 1 , 0 , - , 3 , - , - , - ]
precise
0.14285714285714285
recall
0.4
F-measure
0.21052631578947364
multi
3
time
all 3361 iden 31 gen 3283
t-cover
826
all-cover
2742
coveredNum
(1 : 54)  (2 : 44)  (3 : 234)  (4 : 171)  (5 : 164)  (6 : 314)  (7 : 230)  (8 : 208)  (9 : 230)  (10 : 191)  (11 : 178)  (12 : 143)  (13 : 102)  (14 : 101)  (15 : 90)  (16 : 66)  (17 : 63)  (18 : 48)  (19 : 21)  (20 : 22)  (21 : 16)  (22 : 16)  (23 : 16)  (24 : 3)  (25 : 10)  (26 : 3)  (27 : 2)  (28 : 1)  (29 : 1)  
real Identify
([ - , - , - , - , - , 1 , 0 , 0 , - , - , - , - ] : 1)  ([ - , - , - , - , - , 1 , - , - , 2 , 1 , - , - ] : 1)  
testCase Num: 62
regaular Num: 62
identify Num: 0
0 1 0 1 1 0 1 1 3 1 0 1 
2 0 1 0 0 1 1 0 3 1 0 0 
1 0 0 1 0 1 0 1 3 0 0 0 
0 0 1 1 1 1 1 0 2 1 0 0 
1 1 0 1 0 1 0 1 1 1 1 0 
2 0 1 1 1 0 1 0 0 0 0 1 
1 1 1 0 0 1 0 0 3 2 0 0 
1 0 1 0 0 0 1 1 2 1 0 0 
1 1 1 0 1 0 0 0 3 1 1 1 
2 1 1 1 1 1 0 0 0 2 1 1 
2 1 0 0 0 1 0 1 2 0 1 1 
0 0 0 0 0 1 1 0 3 0 0 0 
1 0 1 1 0 1 0 0 0 2 1 0 
1 0 1 0 1 0 1 0 1 0 1 0 
1 0 0 0 1 0 0 0 2 2 0 0 
2 1 1 1 0 1 0 1 3 2 0 1 
0 1 1 0 1 0 0 0 1 1 1 1 
0 0 0 1 1 1 0 0 3 2 0 0 
0 1 1 1 0 1 1 0 2 0 0 0 
2 0 0 1 0 0 0 1 0 1 1 1 
2 1 0 1 1 1 0 0 2 2 1 1 
2 0 1 1 1 0 1 0 3 2 0 1 
2 1 0 0 0 0 0 0 3 2 1 0 
0 1 0 1 0 1 1 1 1 0 0 1 
0 1 1 1 0 0 1 1 2 1 1 1 
1 1 1 0 1 0 1 1 0 1 0 0 
2 0 0 0 0 1 1 0 2 2 1 1 
1 1 1 1 1 1 1 0 2 0 1 1 
1 1 0 0 1 1 1 1 1 2 0 1 
1 0 1 1 0 0 0 0 0 2 1 0 
2 0 1 1 1 1 0 0 1 1 1 1 
0 0 0 0 0 0 1 1 0 2 0 1 
1 0 0 0 0 0 1 1 2 1 0 1 
2 0 1 1 0 0 1 1 2 2 0 1 
2 1 0 1 1 0 0 0 2 1 1 0 
1 0 1 1 1 0 0 1 1 2 0 0 
1 1 0 1 0 1 1 0 0 0 0 1 
2 0 1 0 1 1 1 0 1 1 0 1 
0 0 0 1 0 0 0 0 2 0 1 1 
2 1 0 1 1 1 1 1 0 1 1 1 
0 1 1 1 0 1 1 1 3 1 1 0 
1 0 0 0 0 0 0 1 2 2 1 1 
1 0 0 1 1 1 1 1 1 0 0 1 
0 1 0 0 1 0 1 0 1 0 0 1 
1 1 0 1 0 0 0 0 2 0 1 0 
0 1 1 0 0 1 1 1 3 0 1 1 
2 0 1 0 0 0 0 1 3 1 1 0 
2 1 0 0 0 0 0 0 0 1 0 0 
2 1 1 0 0 0 1 1 2 0 0 0 
2 1 0 1 1 0 0 0 3 0 1 0 
0 0 0 1 0 1 1 1 1 2 1 0 
1 0 0 1 1 1 0 1 2 2 0 0 
2 1 1 1 0 0 1 0 1 2 1 0 
0 0 1 0 1 0 0 0 3 2 0 1 
2 1 0 0 1 1 1 1 0 2 0 1 
0 1 1 0 0 1 1 1 2 1 0 0 
0 0 0 1 0 1 1 0 0 1 1 0 
0 1 1 0 1 0 0 1 2 2 1 0 
0 1 1 0 1 1 0 1 0 0 1 0 
2 0 0 0 0 1 0 1 1 0 0 0 
1 0 0 0 0 0 1 1 3 2 1 1 
2 1 0 1 0 1 0 0 1 0 1 0 
MFS
[ 2 , - , - , 1 , - , 1 , - , - , 1 , 1 , - , - ]
[ - , - , 0 , - , - , 1 , 0 , 1 , - , 2 , - , - ]
[ 1 , 0 , - , - , - , 1 , - , - , 0 , - , - , - ]
[ - , - , - , - , - , 1 , 1 , 0 , - , 2 , - , - ]
[ - , - , - , - , - , 1 , 0 , 0 , - , 2 , - , - ]
[ - , 1 , - , - , - , 1 , - , - , 2 , 2 , - , - ]
[ 1 , - , - , - , - , 1 , 0 , 1 , - , 2 , - , - ]
[ - , 0 , - , - , - , 1 , - , - , 2 , 2 , - , - ]
[ - , - , - , - , - , 1 , 0 , 0 , - , - , - , - ]
[ - , - , - , - , - , 1 , 1 , - , 3 , 1 , - , - ]
[ - , - , - , - , - , 1 , - , - , 3 , 1 , - , - ]
[ - , - , - , - , - , 1 , 1 , - , 2 , 1 , - , - ]
[ - , - , - , - , - , 1 , - , - , 2 , 1 , - , - ]
[ - , - , - , - , - , 1 , 1 , - , 2 , 2 , - , - ]
[ 0 , - , - , - , - , 1 , 0 , 1 , - , 2 , - , - ]
[ - , - , - , - , - , 1 , - , 1 , 3 , 2 , - , - ]
[ - , - , - , - , 1 , 1 , - , - , 3 , - , - , - ]
[ 2 , - , - , - , - , 1 , 0 , 1 , - , 2 , - , - ]
[ 2 , - , - , - , 0 , 1 , - , - , 3 , - , - , - ]
[ - , 0 , - , - , - , 1 , - , - , 2 , - , - , - ]
[ - , - , - , - , - , 1 , - , 0 , 3 , 2 , - , - ]
[ - , - , 1 , - , - , 1 , - , 1 , - , 2 , - , - ]
precise
0.13636363636363635
recall
0.6
F-measure
0.22222222222222218
multi
3
time
all 3297 iden 31 gen 3218
t-cover
1005
all-cover
2742
coveredNum
(1 : 12)  (4 : 18)  (5 : 40)  (6 : 211)  (7 : 30)  (8 : 14)  (9 : 31)  (10 : 93)  (11 : 96)  (12 : 286)  (13 : 64)  (14 : 47)  (15 : 76)  (16 : 127)  (17 : 110)  (18 : 179)  (19 : 75)  (20 : 55)  (21 : 81)  (22 : 109)  (23 : 82)  (24 : 99)  (25 : 44)  (26 : 49)  (27 : 61)  (28 : 83)  (29 : 61)  (30 : 37)  (31 : 37)  (32 : 35)  (33 : 52)  (34 : 44)  (35 : 32)  (36 : 27)  (37 : 27)  (38 : 22)  (39 : 18)  (40 : 29)  (41 : 23)  (42 : 9)  (43 : 13)  (44 : 12)  (45 : 15)  (46 : 18)  (47 : 10)  (48 : 7)  (49 : 5)  (50 : 8)  (51 : 7)  (52 : 4)  (53 : 3)  (54 : 2)  (55 : 2)  (56 : 1)  (57 : 1)  (58 : 3)  (60 : 1)  (61 : 2)  (62 : 2)  (73 : 1)  
real Identify
([ - , - , - , - , - , 1 , 0 , 0 , - , - , - , - ] : 1)  ([ - , - , - , - , - , 1 , - , - , 3 , 1 , - , - ] : 1)  ([ - , - , - , - , - , 1 , - , - , 2 , 1 , - , - ] : 1)  
testCase Num: 68
regaular Num: 68
identify Num: 0
1 1 1 0 0 0 0 1 2 1 0 1 
2 0 0 1 0 0 0 0 3 2 1 0 
2 0 1 1 0 1 0 0 0 0 0 1 
2 0 0 1 1 1 1 0 0 0 0 0 
2 1 1 1 0 1 1 1 3 1 0 1 
1 0 1 1 1 0 0 0 0 2 1 0 
2 1 0 0 0 1 0 1 1 1 1 1 
0 1 1 0 0 0 0 1 3 2 1 0 
0 0 1 1 0 1 0 1 0 1 1 0 
2 0 0 0 1 0 1 0 2 1 1 0 
2 0 1 0 1 0 0 1 0 1 0 1 
1 1 1 1 1 0 0 1 2 0 1 1 
0 1 0 1 1 0 0 0 0 0 1 1 
1 0 1 0 0 0 0 1 2 2 0 1 
0 1 0 0 1 1 0 0 1 2 1 1 
1 1 0 0 1 0 1 0 0 1 0 1 
0 0 1 1 1 1 1 0 3 0 0 0 
1 1 0 1 0 1 0 1 3 0 0 1 
0 0 1 0 0 1 1 1 1 2 0 0 
0 1 0 0 0 0 0 1 0 0 1 1 
1 0 0 1 1 0 0 1 3 1 0 0 
1 0 0 0 1 0 1 0 2 2 1 1 
2 1 1 1 1 0 0 1 2 2 0 0 
2 1 1 1 1 0 0 0 3 0 1 1 
1 1 1 0 1 1 1 0 3 2 0 1 
1 1 1 0 0 1 1 0 2 0 1 0 
1 0 1 0 0 1 1 1 1 2 0 1 
2 1 0 1 1 1 1 1 2 1 1 0 
1 1 0 1 1 1 1 1 3 2 0 0 
1 0 0 0 0 0 0 0 2 0 1 0 
2 1 0 1 0 1 1 0 1 0 0 1 
2 0 0 0 1 1 1 1 0 2 0 1 
0 1 1 0 1 0 0 0 2 1 1 1 
2 1 1 1 1 0 1 0 1 2 0 0 
2 0 0 0 0 1 0 0 2 0 1 0 
2 1 1 0 1 1 0 1 3 0 1 0 
1 0 0 1 0 0 1 0 1 1 1 0 
1 1 1 0 0 1 1 1 2 1 0 0 
1 0 1 1 0 1 0 0 3 1 1 0 
0 0 0 0 1 0 1 1 2 2 0 0 
0 1 1 1 0 1 0 0 3 2 1 1 
0 1 0 1 0 0 1 0 0 2 0 0 
2 0 1 1 0 0 0 1 1 1 1 0 
0 0 0 1 1 1 1 0 0 2 0 0 
1 0 1 1 1 1 1 0 1 1 0 1 
0 1 1 0 1 1 1 1 3 2 1 0 
1 0 0 0 0 0 1 1 0 0 1 1 
0 0 0 1 1 0 0 1 1 0 1 0 
1 1 1 1 0 1 1 1 0 0 1 0 
1 0 0 1 1 1 0 1 3 1 1 0 
2 1 0 0 0 1 0 0 1 1 0 1 
2 1 0 0 0 0 1 1 0 0 1 0 
0 0 0 0 0 1 0 1 2 2 1 1 
1 0 0 0 1 0 1 0 3 2 0 1 
1 1 1 1 0 1 0 1 1 2 1 1 
0 0 0 1 1 1 1 0 2 0 0 1 
1 0 0 0 0 0 0 1 3 0 0 1 
1 1 1 0 1 0 0 0 1 0 0 1 
2 0 0 0 0 1 1 0 2 1 1 1 
0 1 0 0 1 0 1 0 3 1 1 1 
1 1 1 1 0 1 1 0 2 2 0 0 
0 1 1 0 1 1 0 1 1 1 0 0 
0 0 1 1 0 1 0 1 3 2 1 1 
0 1 0 0 0 0 0 0 1 2 1 1 
2 1 1 1 0 0 1 1 3 1 0 1 
1 1 1 0 0 0 1 0 3 0 1 1 
2 1 0 1 0 0 1 1 2 0 0 1 
0 0 1 1 0 0 0 0 2 1 0 0 
MFS
[ - , 1 , - , - , 0 , 1 , - , - , 3 , 2 , - , - ]
[ - , - , - , - , - , 1 , 0 , - , 2 , 0 , - , - ]
[ - , - , - , 0 , - , 1 , - , 0 , 1 , - , - , - ]
[ 0 , - , 0 , - , - , 1 , - , - , 1 , - , - , - ]
[ - , - , - , - , - , 1 , - , 1 , 2 , - , - , - ]
[ 2 , - , - , - , - , 1 , - , - , 2 , 0 , - , - ]
[ - , - , - , - , 1 , 1 , - , - , 3 , 2 , - , - ]
[ - , - , - , - , - , 1 , 1 , 1 , 3 , - , - , - ]
[ 2 , - , - , - , - , 1 , 0 , - , 0 , - , - , - ]
[ - , 0 , - , - , 0 , 1 , - , - , 3 , 2 , - , - ]
[ 2 , - , 0 , 0 , - , 1 , - , 0 , 1 , - , - , - ]
[ - , - , - , - , - , 1 , 0 , 0 , - , - , - , - ]
[ - , - , - , - , - , 1 , - , - , 2 , 1 , - , - ]
[ - , - , - , - , - , 1 , - , - , 2 , 2 , - , - ]
[ - , - , - , - , - , 1 , - , 0 , 3 , 1 , - , - ]
[ - , - , - , - , - , 1 , - , 1 , 3 , 1 , - , - ]
precise
0.1875
recall
0.6
F-measure
0.2857142857142857
multi
2
time
all 2392 iden 16 gen 2329
t-cover
971
all-cover
2742
coveredNum
(1 : 63)  (2 : 36)  (3 : 189)  (4 : 152)  (5 : 146)  (6 : 284)  (7 : 197)  (8 : 184)  (9 : 274)  (10 : 190)  (11 : 130)  (12 : 166)  (13 : 133)  (14 : 91)  (15 : 96)  (16 : 84)  (17 : 56)  (18 : 56)  (19 : 52)  (20 : 32)  (21 : 27)  (22 : 36)  (23 : 16)  (24 : 17)  (25 : 9)  (26 : 8)  (27 : 5)  (28 : 5)  (29 : 2)  (30 : 2)  (31 : 1)  (32 : 2)  (34 : 1)  
real Identify
([ - , - , - , - , - , 1 , 0 , 0 , - , - , - , - ] : 1)  ([ - , - , - , - , - , 1 , - , - , 2 , 1 , - , - ] : 1)  ([ - , - , - , - , - , 1 , - , - , 2 , 2 , - , - ] : 1)  
testCase Num: 716
regaular Num: 716
identify Num: 0
0 1 0 0 0 0 0 1 0 2 0 0 
0 1 0 0 0 0 0 1 0 2 0 1 
1 0 1 0 1 1 0 1 0 2 0 0 
2 0 0 1 0 0 1 1 1 0 0 1 
0 0 1 0 0 0 0 0 0 0 0 0 
1 1 0 1 1 1 0 1 0 1 0 1 
2 1 0 1 0 1 1 1 0 0 1 1 
0 1 0 0 1 1 0 1 0 0 1 1 
1 1 1 1 0 1 0 1 0 1 1 1 
2 1 1 0 0 0 1 0 0 1 1 0 
2 0 1 1 0 1 1 1 3 0 1 1 
2 1 1 0 1 1 1 1 3 0 0 1 
2 0 1 1 0 1 1 1 3 0 1 0 
2 0 1 1 0 1 0 1 0 0 0 0 
0 1 0 0 1 0 1 1 0 2 0 1 
2 1 1 0 0 0 1 1 1 0 1 0 
0 0 0 1 0 0 1 1 0 2 1 0 
0 0 1 0 0 0 0 0 0 1 1 1 
0 0 1 1 0 1 1 0 0 1 1 1 
0 1 1 0 1 1 1 0 0 1 0 1 
0 1 1 1 1 1 1 0 3 0 1 0 
0 0 0 0 1 0 0 1 1 0 1 1 
0 1 0 1 1 0 1 1 3 1 1 0 
0 0 0 0 1 0 0 1 1 0 1 0 
1 1 1 1 1 1 1 1 0 0 1 0 
2 0 0 0 1 1 1 1 0 2 1 0 
2 1 1 1 1 1 0 1 3 0 0 1 
1 1 1 0 1 0 0 1 0 1 1 1 
2 1 1 1 1 0 1 0 0 0 0 1 
1 0 0 0 0 1 0 1 3 0 1 1 
1 0 0 0 1 1 0 1 1 0 1 0 
1 0 0 0 1 0 1 1 0 2 1 1 
2 1 1 1 0 0 0 1 1 0 1 0 
0 1 1 1 1 1 0 0 0 0 1 1 
2 0 0 0 0 1 0 1 0 2 0 1 
0 0 1 0 1 1 0 1 3 0 0 0 
1 0 1 0 0 0 1 1 1 1 0 0 
2 0 0 1 1 1 0 1 0 0 0 1 
0 0 1 0 1 1 0 1 3 0 0 1 
2 1 0 1 1 0 0 1 2 1 1 0 
2 0 0 1 1 1 0 1 0 0 1 0 
0 1 1 1 0 0 0 1 1 2 1 1 
1 0 1 0 0 0 1 1 0 0 1 1 
2 1 0 1 1 0 0 1 3 2 0 0 
2 1 0 0 0 0 1 0 3 1 0 1 
2 0 1 1 0 1 0 1 0 1 1 0 
2 1 0 0 0 0 0 1 0 0 1 0 
0 0 0 0 0 1 1 1 0 1 1 1 
0 0 0 1 0 1 0 0 0 2 0 1 
2 1 1 0 1 1 0 1 0 1 0 1 
2 1 1 0 1 0 1 1 0 2 1 0 
2 0 1 0 1 0 1 1 3 0 1 0 
0 0 1 1 1 0 0 0 1 0 1 0 
2 0 0 1 1 1 1 1 3 0 1 0 
0 0 0 0 1 0 0 1 2 1 1 0 
1 1 1 0 1 0 0 1 0 0 0 0 
0 0 0 1 0 1 1 1 3 0 0 1 
2 1 0 1 0 0 0 0 2 1 1 1 
0 0 0 1 1 0 0 0 2 0 1 0 
0 1 0 1 0 1 1 1 0 1 0 1 
1 0 0 0 1 1 0 1 0 0 1 0 
2 1 0 0 0 0 0 1 2 2 1 1 
0 0 0 0 1 0 0 0 1 1 0 0 
2 1 0 1 1 0 0 1 1 1 0 0 
2 0 0 0 1 1 1 0 0 2 0 0 
1 1 1 1 0 1 0 1 0 2 1 1 
2 1 0 0 0 0 1 0 1 0 1 0 
0 1 1 1 0 0 0 1 0 2 1 1 
1 1 0 0 1 0 0 0 1 1 0 0 
1 0 0 1 1 0 0 1 1 1 0 0 
2 1 0 0 0 0 0 1 1 0 1 1 
0 1 0 0 0 0 1 1 1 1 1 0 
1 0 0 0 1 1 0 1 1 2 1 0 
2 0 1 1 0 0 1 1 1 2 0 0 
0 1 0 0 1 1 1 1 3 0 0 1 
2 0 1 1 1 0 0 0 3 0 1 1 
0 1 1 0 0 1 1 0 3 0 1 1 
2 0 0 1 0 0 1 1 2 1 0 0 
2 0 0 1 1 1 1 0 0 0 1 0 
2 1 0 1 0 1 1 1 2 1 0 1 
0 0 1 0 1 0 1 0 2 2 0 1 
1 1 1 1 0 1 1 0 2 0 1 0 
2 0 0 0 1 0 0 0 2 0 1 0 
2 1 0 1 1 0 0 1 2 2 0 0 
1 0 0 0 0 0 0 1 0 0 0 1 
2 1 1 0 1 1 0 1 0 0 0 1 
2 1 0 0 0 0 0 0 0 1 1 1 
2 0 1 0 0 1 1 1 0 0 1 0 
1 0 1 1 0 0 1 0 2 1 1 1 
0 1 1 1 1 1 1 0 3 0 0 0 
2 0 1 0 1 1 0 0 3 0 1 1 
1 1 1 1 0 1 1 1 3 0 1 0 
0 0 0 0 0 0 0 1 3 0 0 1 
1 1 0 1 0 1 0 1 1 1 1 1 
2 0 1 0 0 1 1 0 0 1 1 0 
0 0 1 0 0 0 0 0 1 0 1 0 
1 0 0 1 0 0 0 0 1 2 0 1 
1 0 1 1 1 0 1 1 0 1 0 0 
0 1 1 0 1 1 1 1 0 1 1 0 
1 1 1 0 0 1 1 0 0 2 1 0 
0 0 0 0 0 1 1 0 0 0 0 1 
0 0 0 0 0 0 0 0 2 2 1 0 
0 0 1 0 1 0 0 1 1 1 0 0 
2 1 1 1 0 0 0 1 0 0 0 0 
0 1 1 0 0 1 0 1 0 1 0 0 
2 1 1 1 0 0 0 1 1 2 1 1 
2 0 1 0 1 0 0 0 2 2 0 0 
1 1 1 0 0 0 0 1 2 1 1 0 
1 0 1 1 0 0 0 1 3 2 1 1 
1 0 1 1 0 0 0 1 2 0 0 1 
0 1 0 1 0 0 1 1 3 0 1 1 
1 0 0 1 0 1 1 0 0 2 0 1 
0 0 1 0 1 0 1 1 0 0 0 0 
1 0 1 1 1 0 0 1 0 1 0 1 
0 0 1 0 1 0 1 1 1 2 1 0 
2 0 0 1 0 0 1 1 3 2 1 1 
0 0 0 1 1 1 1 1 0 1 0 1 
1 0 0 0 0 0 1 0 3 2 0 0 
0 1 1 1 0 0 0 0 1 2 1 0 
1 0 0 0 0 0 1 0 3 2 0 1 
2 0 1 0 1 1 1 1 0 2 0 1 
2 1 1 0 1 1 0 0 0 1 0 1 
2 1 1 1 1 1 0 0 3 0 0 0 
1 1 0 1 1 0 1 1 0 1 0 0 
0 0 0 0 0 0 0 0 1 0 0 1 
1 1 0 1 1 0 0 0 3 0 1 0 
2 0 1 0 1 0 0 1 2 1 1 0 
2 1 0 0 0 0 0 0 1 1 0 1 
0 1 0 0 1 0 1 1 1 1 0 0 
0 1 1 1 1 1 0 1 3 0 0 1 
2 1 0 1 1 0 0 0 2 1 1 0 
1 1 0 0 0 1 0 1 1 2 1 0 
0 0 1 1 1 0 0 0 3 1 1 0 
1 0 1 1 0 0 0 1 2 1 1 0 
1 0 1 1 1 0 0 1 0 1 1 0 
2 0 0 0 0 1 1 1 0 0 0 0 
0 0 1 0 1 1 0 0 0 1 1 1 
2 1 1 1 1 0 1 0 3 1 0 1 
0 0 1 0 0 0 0 0 3 2 1 1 
1 0 0 1 1 0 1 0 2 0 0 1 
1 1 0 1 0 0 1 0 1 2 0 1 
2 0 0 0 0 1 0 0 0 1 1 0 
2 1 1 0 0 1 0 1 3 0 1 0 
0 0 0 0 1 1 0 0 3 0 1 1 
2 1 0 0 1 0 0 1 1 2 0 1 
0 1 0 0 1 1 0 1 0 1 1 0 
0 0 1 1 1 0 0 1 3 0 0 0 
0 0 1 0 0 0 1 0 1 0 0 1 
2 1 0 0 0 0 1 0 0 0 0 0 
2 1 0 0 1 1 0 1 0 0 1 0 
2 1 0 1 1 0 0 1 3 2 1 1 
0 0 0 0 1 0 0 0 0 2 0 0 
1 1 1 0 1 0 1 0 3 1 0 0 
1 0 0 0 1 0 1 1 2 1 1 0 
1 0 0 1 1 0 0 1 0 2 1 1 
2 1 1 1 1 0 1 1 3 1 1 0 
0 0 0 1 1 0 0 0 2 2 0 1 
0 1 0 0 0 0 1 1 2 0 0 1 
2 1 1 0 1 0 1 1 1 1 1 1 
0 0 1 1 1 0 0 0 2 1 1 0 
0 1 1 0 1 0 0 0 1 0 1 0 
0 1 0 1 1 0 1 1 1 0 1 1 
1 1 0 1 0 0 1 0 0 1 0 0 
0 0 0 0 0 0 0 1 2 1 0 1 
1 1 1 0 1 1 0 0 3 0 1 0 
0 0 0 1 1 1 1 1 0 0 0 1 
2 1 0 0 0 0 1 1 3 2 0 1 
0 0 1 0 0 0 0 0 3 1 0 1 
2 0 1 0 0 0 0 0 2 0 0 1 
0 1 1 0 1 1 1 0 0 0 0 0 
2 1 1 0 1 1 0 1 3 2 0 1 
0 1 0 0 1 1 0 1 0 0 0 0 
0 0 0 1 0 1 0 1 3 0 0 1 
2 0 0 1 0 1 0 1 3 0 0 0 
2 1 1 0 1 1 0 0 1 1 0 1 
1 0 1 1 1 1 1 0 3 0 1 1 
2 0 1 1 0 1 0 1 0 2 1 0 
0 0 0 1 1 0 0 0 1 1 0 0 
2 0 1 1 1 0 0 0 2 1 1 1 
1 1 1 0 0 1 1 1 1 2 1 1 
0 0 1 0 1 1 0 0 0 1 1 0 
1 0 1 1 1 0 0 1 0 0 1 0 
2 0 1 1 0 0 1 0 1 2 1 1 
2 0 0 0 0 1 1 0 3 0 1 1 
2 0 0 0 0 1 1 0 3 0 1 0 
0 0 1 1 1 0 0 1 0 1 0 1 
1 0 1 1 1 0 0 0 0 2 1 0 
1 0 1 1 1 1 1 0 1 0 0 0 
1 0 0 0 1 1 1 1 1 0 1 1 
0 1 1 1 1 0 0 1 1 2 0 0 
1 0 0 1 1 0 0 0 2 1 0 1 
0 0 0 0 1 1 0 1 3 0 0 1 
1 0 0 0 0 1 0 1 1 1 1 1 
0 1 0 1 0 0 1 1 3 2 1 0 
0 0 1 1 0 0 0 0 1 1 0 0 
0 1 1 0 1 0 0 0 1 1 1 0 
1 1 1 1 1 1 1 1 3 0 0 1 
2 1 1 1 0 1 1 0 0 1 1 1 
1 0 0 0 0 0 1 0 3 0 0 1 
1 0 0 0 0 1 0 0 0 2 1 0 
0 1 1 1 0 1 0 0 0 1 1 0 
1 0 1 0 0 1 1 1 1 0 1 1 
0 0 0 1 0 0 1 0 2 2 0 0 
1 1 1 1 0 1 0 1 2 0 0 0 
1 1 0 0 0 1 0 0 0 0 0 1 
2 1 0 1 0 0 0 1 1 1 1 0 
1 1 1 1 1 1 1 0 1 0 0 1 
1 0 1 0 1 0 1 1 0 1 1 1 
0 0 1 1 1 0 0 1 0 1 1 1 
1 0 0 1 1 1 0 0 1 1 0 0 
2 0 1 1 0 0 0 1 0 2 0 0 
2 0 0 0 1 0 1 0 2 0 0 0 
0 0 1 0 1 1 0 1 0 0 0 1 
1 1 1 1 1 0 1 0 3 1 1 1 
2 1 1 1 1 0 1 1 0 1 1 1 
1 0 1 1 0 1 0 0 1 2 1 1 
1 1 0 0 1 0 0 1 1 2 0 0 
0 0 0 1 1 0 0 1 3 1 0 0 
1 0 0 0 0 0 0 0 2 2 1 0 
1 1 1 1 1 0 0 1 1 1 1 0 
1 1 1 0 0 0 1 0 2 1 0 0 
1 0 0 0 0 0 0 0 1 0 0 1 
1 1 1 0 0 0 0 1 0 1 0 1 
2 0 1 0 0 1 0 0 3 0 1 1 
1 1 1 0 0 0 0 1 0 1 0 0 
2 1 1 0 1 1 0 1 3 0 1 0 
0 1 1 1 1 0 0 0 0 2 1 0 
1 0 1 0 0 1 1 0 0 1 0 1 
2 1 0 1 0 0 1 0 3 0 1 1 
2 1 1 0 1 0 0 1 3 0 0 0 
1 1 1 1 1 1 0 1 0 2 1 1 
0 0 0 0 1 0 0 0 3 0 0 1 
1 1 1 1 0 1 0 1 2 1 1 1 
0 1 1 0 0 0 0 1 0 1 1 0 
0 1 0 1 0 0 1 0 2 1 1 0 
1 1 0 1 1 0 0 0 3 1 0 0 
0 1 0 1 0 0 1 0 2 1 0 1 
0 0 0 1 0 1 1 0 0 0 0 1 
2 0 1 0 1 0 0 1 3 1 1 0 
2 0 1 1 0 0 1 1 3 1 0 0 
1 1 0 1 1 1 0 1 3 0 0 0 
0 0 1 0 1 0 0 0 0 2 1 1 
1 1 0 0 0 1 0 1 0 0 1 1 
0 1 1 0 1 0 0 0 1 2 1 0 
1 1 0 0 1 1 0 1 0 2 1 0 
1 1 1 0 0 0 0 1 0 0 1 1 
1 1 1 0 0 0 0 1 1 2 0 0 
1 1 1 0 0 0 0 1 1 2 0 1 
0 1 1 1 0 0 0 0 1 1 1 0 
1 1 1 1 1 0 0 1 1 2 0 0 
2 0 0 1 0 1 0 1 0 2 0 1 
1 1 0 0 0 1 0 0 0 1 0 0 
2 0 0 1 1 1 1 0 3 0 0 0 
2 0 0 0 0 1 1 0 3 0 0 1 
1 1 1 0 0 1 1 0 1 1 0 0 
1 0 0 1 1 0 0 0 3 2 0 0 
2 1 1 1 0 0 1 1 1 0 0 0 
0 0 0 0 1 1 0 1 3 0 1 1 
2 0 0 0 1 0 1 0 2 1 0 1 
2 1 1 0 1 0 0 0 3 2 1 1 
1 0 0 0 0 0 0 0 2 1 1 1 
0 0 0 1 1 0 1 1 0 1 0 0 
1 0 0 0 1 1 1 0 2 2 1 1 
2 1 1 1 0 0 1 0 2 1 1 1 
0 0 1 1 1 0 0 0 0 1 0 0 
0 1 1 0 1 0 0 0 0 2 1 0 
2 0 0 0 0 0 0 1 0 2 0 1 
2 1 0 0 1 0 1 1 3 2 1 0 
2 0 0 0 0 1 1 1 3 0 1 0 
1 0 1 1 1 1 1 1 1 0 0 0 
0 1 1 0 1 0 1 0 2 0 0 1 
2 1 0 1 1 0 0 1 0 1 1 1 
2 1 0 1 1 0 0 1 1 2 0 0 
2 1 0 1 1 0 0 1 0 1 1 0 
1 1 0 0 0 1 0 0 1 0 0 1 
0 0 1 1 1 0 0 1 2 2 0 0 
2 0 0 0 0 0 1 0 3 0 0 1 
2 1 1 1 1 1 1 1 0 1 0 0 
2 0 1 1 1 1 1 1 0 1 0 0 
0 0 1 1 1 1 0 1 0 1 1 0 
1 0 1 1 0 1 0 0 0 2 1 0 
2 0 0 0 1 0 1 0 1 1 0 1 
0 0 1 0 0 0 0 1 0 0 1 0 
0 0 0 0 1 1 0 0 0 1 1 0 
2 0 1 1 1 0 1 1 0 0 1 1 
1 1 1 0 0 0 1 0 3 0 0 0 
1 0 1 0 1 0 1 0 1 2 1 0 
1 0 1 0 0 0 1 0 1 2 1 0 
2 0 0 0 1 1 1 1 0 0 1 1 
2 0 0 1 0 0 0 1 1 2 0 1 
0 1 0 0 1 0 0 0 3 2 0 0 
0 1 1 1 1 0 0 0 0 1 0 1 
2 1 1 0 0 0 1 0 0 2 0 0 
0 0 1 0 0 0 0 1 1 2 0 0 
0 0 1 1 0 1 0 1 3 0 0 0 
0 0 1 0 0 1 1 0 3 0 0 0 
1 0 0 0 1 0 0 1 1 1 0 0 
0 0 1 1 0 0 0 1 3 0 1 1 
0 1 1 0 1 1 1 1 3 0 0 0 
1 1 1 1 0 0 1 0 3 0 1 0 
1 0 0 0 1 1 0 1 0 1 1 0 
2 0 1 1 1 0 1 1 0 0 0 1 
0 0 0 1 0 0 1 1 2 2 0 1 
1 0 0 1 1 1 0 1 0 0 1 1 
1 0 1 1 0 0 0 1 0 2 1 0 
0 0 1 1 0 0 0 0 2 1 0 1 
2 0 1 1 0 1 1 0 0 1 1 1 
0 1 0 1 1 1 0 0 3 0 0 1 
1 0 1 1 0 1 0 1 0 2 0 0 
0 1 0 0 1 0 0 0 2 0 0 1 
2 1 0 0 1 1 1 0 0 0 1 0 
2 0 0 1 1 0 0 1 0 2 0 0 
2 0 1 0 0 0 1 0 0 2 0 1 
2 0 0 0 1 1 1 0 0 0 0 0 
1 0 0 0 0 0 0 1 2 1 0 0 
1 1 1 1 0 1 1 0 3 0 1 1 
1 0 0 0 0 0 0 1 1 0 1 0 
1 0 1 1 0 1 1 0 3 0 0 1 
1 0 0 1 0 1 0 0 2 0 1 1 
2 1 1 0 1 1 0 0 3 0 1 0 
1 1 1 0 0 1 1 0 1 0 1 0 
1 1 0 1 0 1 0 0 2 0 1 1 
2 1 1 0 0 1 1 1 0 1 1 0 
0 1 1 1 1 0 0 1 2 1 1 1 
0 0 1 1 1 1 0 1 0 0 1 1 
1 1 1 0 0 0 1 0 3 1 0 0 
0 0 0 1 0 1 1 1 0 0 0 1 
2 0 0 0 0 1 1 1 3 0 0 1 
2 0 1 1 0 1 1 0 0 0 0 1 
1 0 0 0 0 0 0 0 0 0 0 1 
1 0 0 0 0 0 0 0 1 2 1 1 
0 0 1 0 1 1 1 0 2 1 1 0 
0 0 0 0 0 1 0 0 3 0 0 1 
1 0 0 1 1 0 0 1 3 2 0 0 
2 0 0 1 0 0 0 1 0 0 1 1 
1 1 1 0 1 0 1 1 1 0 1 1 
0 0 0 1 0 0 1 0 0 2 0 0 
1 1 0 1 0 1 0 0 3 0 0 0 
2 0 0 1 1 0 1 0 3 2 1 0 
2 0 0 1 1 0 1 0 2 0 0 1 
0 1 1 0 1 0 0 1 0 1 0 1 
0 0 0 0 0 0 0 0 3 0 1 0 
2 0 1 0 1 1 0 1 3 0 1 0 
2 0 0 0 1 1 1 0 0 1 1 1 
2 1 1 1 0 0 1 1 3 1 0 1 
1 1 0 1 1 1 0 0 1 1 1 1 
1 0 0 1 0 0 0 0 2 0 1 0 
0 1 0 1 0 1 1 0 0 1 0 0 
1 1 0 0 0 0 0 0 1 0 1 1 
1 1 1 1 0 0 0 0 0 1 0 1 
0 1 1 1 0 1 0 1 3 0 0 1 
1 1 1 0 0 0 1 0 3 2 1 1 
1 1 1 0 0 0 0 1 0 2 0 0 
1 1 1 0 1 1 1 1 2 0 0 0 
0 0 0 0 1 1 1 1 3 0 0 1 
0 0 1 1 1 0 1 1 1 2 0 0 
1 1 1 1 1 0 1 1 1 0 0 1 
2 0 0 1 1 0 0 0 0 1 0 0 
0 0 0 0 0 0 1 0 1 2 0 0 
2 1 0 1 1 1 0 0 0 2 0 0 
0 0 1 1 1 1 0 0 0 1 1 1 
2 0 0 0 1 1 1 0 3 0 1 1 
1 1 1 1 1 0 1 0 0 1 0 1 
2 0 0 1 1 0 1 0 3 1 0 0 
2 0 0 0 1 1 1 0 3 0 1 0 
1 0 0 0 0 1 1 1 1 0 0 1 
2 1 0 0 0 1 0 1 0 1 0 0 
1 1 1 1 1 1 0 1 3 1 1 1 
0 0 0 1 1 0 1 0 1 1 1 1 
2 0 1 0 1 1 0 1 0 1 0 1 
2 1 0 1 1 1 1 1 3 0 1 0 
1 1 1 1 0 0 1 0 2 0 1 1 
1 0 0 1 0 1 1 0 3 0 1 0 
2 1 1 0 0 0 0 0 3 1 0 1 
0 0 0 0 0 0 1 0 0 0 0 0 
2 1 1 1 0 1 0 1 0 0 1 0 
2 0 1 1 0 0 0 0 0 0 0 0 
2 1 1 1 1 1 1 0 0 1 1 1 
0 1 1 0 0 0 0 0 0 0 0 0 
0 1 1 0 0 0 0 0 2 2 0 1 
1 1 0 0 0 0 1 0 1 0 1 1 
1 1 1 1 0 0 0 1 2 2 1 1 
2 0 0 1 1 0 0 0 0 1 1 1 
2 0 0 0 1 0 1 1 2 2 0 1 
0 1 1 0 0 0 1 0 3 0 0 1 
2 0 0 0 1 1 1 0 3 0 0 1 
0 0 1 1 0 0 1 0 1 0 1 1 
1 0 1 0 1 0 1 1 2 0 1 0 
2 1 0 1 0 1 0 1 3 0 1 1 
2 0 1 1 0 0 0 1 2 1 1 0 
1 1 0 1 0 0 0 0 1 0 0 0 
1 0 0 0 1 1 1 1 0 2 0 1 
0 1 1 0 0 0 0 1 3 2 1 1 
1 1 1 1 1 0 1 0 1 2 1 1 
1 1 1 1 1 1 0 1 3 0 0 1 
2 1 0 0 0 1 1 1 3 0 0 1 
1 1 0 1 1 0 0 1 0 0 1 1 
1 0 1 1 1 1 1 1 0 1 1 1 
1 1 0 1 1 0 1 0 2 0 1 1 
0 0 1 0 0 0 1 1 0 2 1 1 
1 0 1 0 1 0 1 0 1 0 0 1 
2 1 1 0 1 0 1 0 3 2 0 0 
1 0 1 0 1 0 0 1 1 1 0 1 
1 0 1 1 1 1 1 1 1 1 0 0 
0 0 0 1 1 0 1 1 3 1 1 0 
1 1 1 0 1 1 0 1 1 2 0 0 
0 1 1 0 1 0 1 0 2 1 0 1 
0 1 0 1 0 1 1 0 3 0 1 1 
2 0 0 1 1 0 0 1 0 0 0 1 
0 0 1 1 0 0 0 1 0 2 0 1 
0 0 0 0 1 1 0 1 2 2 0 1 
0 0 0 0 0 0 1 1 3 2 1 0 
2 0 0 1 1 0 1 0 3 0 0 1 
1 1 1 0 0 0 1 1 0 1 1 0 
0 0 1 1 0 0 1 0 2 1 1 1 
2 1 1 1 0 1 0 0 0 1 1 1 
0 1 0 1 0 1 0 1 0 0 1 0 
1 0 1 0 1 0 0 0 0 2 0 1 
2 1 1 0 0 0 0 1 3 0 0 0 
1 1 0 0 0 0 0 1 0 2 0 1 
2 0 0 1 0 1 1 0 0 2 1 0 
1 0 1 0 1 0 1 0 1 1 1 0 
1 0 0 0 0 1 1 0 1 2 1 1 
0 0 1 0 0 1 0 0 0 0 0 1 
2 0 0 0 0 0 0 1 1 2 0 1 
0 1 0 0 1 1 0 0 3 0 1 0 
2 1 0 0 1 0 0 0 2 2 0 1 
2 1 0 0 1 0 0 0 1 1 1 0 
0 0 0 0 0 0 1 0 2 2 0 1 
0 1 1 1 1 0 0 1 3 0 0 0 
0 1 1 0 1 1 0 1 3 0 1 0 
2 0 1 0 0 0 0 1 0 2 0 1 
0 1 1 0 0 0 0 1 3 0 0 1 
1 0 1 0 1 0 0 0 0 2 0 0 
1 0 1 0 0 0 0 0 2 2 0 1 
0 0 1 1 1 1 1 1 3 0 1 1 
2 0 0 0 1 1 0 1 3 0 0 0 
1 1 0 1 0 0 0 1 3 0 0 1 
1 0 0 1 1 1 1 0 0 0 1 1 
2 1 1 0 1 0 1 0 2 2 1 0 
0 1 1 0 0 0 0 0 3 2 0 1 
1 1 0 0 0 0 1 0 3 1 0 0 
0 1 0 0 1 1 1 1 0 1 0 1 
2 1 0 1 0 1 1 0 3 0 0 1 
0 0 0 1 1 0 0 1 1 1 0 0 
0 0 0 1 1 0 0 1 0 0 1 0 
1 0 1 1 0 1 1 1 1 0 0 0 
2 1 0 1 0 1 1 0 3 0 0 0 
1 1 1 1 0 0 1 1 2 0 1 1 
0 0 0 0 1 0 1 1 1 2 1 0 
1 0 1 0 1 1 0 0 1 0 1 1 
1 1 1 0 1 0 1 1 0 2 1 0 
0 1 0 1 0 1 0 1 0 1 1 0 
2 0 1 1 0 1 1 1 0 2 1 0 
2 1 0 1 0 0 0 1 0 1 1 0 
0 0 0 0 1 1 1 0 3 0 0 1 
1 0 1 0 0 0 0 0 0 1 1 0 
1 0 0 0 0 1 0 1 0 1 0 1 
0 0 1 1 1 1 1 1 3 0 0 1 
1 0 0 1 1 1 1 0 3 2 1 0 
1 1 1 0 0 0 1 0 1 1 0 1 
2 0 1 0 0 0 1 1 3 1 0 0 
0 0 1 0 1 1 1 1 0 1 1 0 
2 1 0 1 1 1 1 0 0 0 0 1 
2 0 0 0 0 0 0 1 3 2 0 0 
1 1 0 1 0 0 0 1 1 0 1 0 
1 1 1 1 0 1 0 0 2 0 0 1 
0 0 1 1 0 0 0 0 0 2 1 0 
2 1 1 1 1 1 0 1 0 2 1 1 
2 0 1 1 1 0 1 0 2 1 1 1 
2 0 1 1 0 0 0 0 0 2 0 1 
1 0 0 0 0 1 1 0 1 0 1 0 
1 1 0 1 0 1 1 0 1 2 0 1 
1 0 1 0 0 0 0 1 1 0 1 0 
1 1 1 1 0 0 1 1 2 0 0 1 
1 0 0 1 0 0 1 1 0 2 1 1 
0 1 1 0 0 0 1 0 3 2 0 1 
0 0 1 1 0 0 0 1 0 0 1 0 
2 0 1 0 0 1 0 1 3 0 1 0 
1 1 1 1 0 0 1 0 1 1 1 1 
0 0 0 0 0 1 0 0 0 1 0 1 
0 0 0 0 1 0 1 1 0 1 0 0 
0 1 0 0 0 0 0 0 2 2 0 1 
2 0 0 1 1 0 0 1 2 0 0 1 
1 1 0 1 0 1 1 1 1 0 0 0 
1 0 1 0 0 0 1 0 3 0 0 0 
2 0 1 0 1 0 1 1 0 1 0 1 
2 1 1 1 1 1 0 1 0 2 0 0 
1 1 0 0 1 1 0 1 3 0 1 0 
2 1 1 0 1 0 1 0 1 1 0 1 
2 0 0 0 1 0 0 1 0 1 0 1 
1 1 1 1 1 0 1 1 1 1 0 0 
0 0 0 1 0 0 0 0 2 0 1 0 
1 0 0 1 0 0 1 1 0 1 0 1 
1 1 1 1 1 1 0 1 0 0 1 1 
1 0 1 0 0 1 1 1 0 1 1 0 
1 0 1 0 0 0 0 0 0 2 0 1 
0 1 0 0 0 1 1 0 0 1 1 0 
1 0 0 0 0 1 1 1 3 0 1 0 
1 1 0 0 0 1 0 0 3 0 1 0 
1 1 1 1 0 0 1 0 3 2 0 0 
1 1 0 0 0 0 0 1 0 0 0 1 
0 0 0 0 0 0 1 1 1 1 0 1 
2 1 1 1 0 1 0 1 0 1 1 1 
0 1 0 1 0 0 1 1 0 2 0 0 
0 0 1 1 0 1 0 0 3 0 1 0 
0 1 1 1 1 0 0 0 3 0 1 0 
1 1 1 1 0 0 0 1 3 0 0 1 
2 0 0 0 1 1 1 1 3 0 0 1 
0 1 0 1 1 0 0 0 2 2 1 0 
2 1 1 1 0 1 1 0 3 0 0 0 
1 1 1 1 1 0 1 1 1 1 1 0 
1 0 1 1 0 1 1 1 1 0 1 1 
0 1 1 1 1 0 1 0 2 0 1 1 
0 1 1 0 0 0 1 0 2 0 1 1 
0 1 1 0 1 0 1 0 1 1 0 1 
0 1 0 1 1 0 0 1 3 1 0 0 
0 1 0 1 0 0 0 1 0 2 1 0 
0 0 1 0 0 1 0 1 3 0 0 0 
1 0 0 0 1 1 1 1 1 0 0 1 
1 1 1 0 1 1 1 0 2 0 1 1 
1 0 1 0 0 0 0 0 0 1 0 0 
0 1 1 1 1 0 1 1 3 0 1 1 
1 1 0 0 0 0 0 1 0 1 1 0 
0 1 0 0 0 0 0 0 2 1 0 0 
1 0 1 0 1 1 0 1 3 0 1 0 
0 1 1 0 0 0 1 1 3 0 1 0 
0 0 1 1 1 0 1 1 2 0 1 1 
0 1 1 1 0 1 0 1 0 0 1 0 
2 0 0 0 1 1 1 1 3 0 1 1 
2 1 1 1 0 1 0 1 3 0 1 0 
1 0 0 1 0 1 1 0 1 1 0 1 
0 0 0 0 0 1 1 1 3 0 0 1 
1 1 0 0 1 0 1 0 1 0 0 0 
2 1 0 0 0 0 0 0 2 1 1 1 
2 0 0 1 1 0 0 0 2 0 0 1 
1 1 1 1 0 0 1 1 2 2 1 0 
2 0 1 1 1 1 0 0 0 2 0 1 
0 1 0 1 1 0 0 1 3 2 1 0 
0 0 1 0 0 1 0 1 3 0 1 0 
1 1 0 1 0 0 1 1 3 0 1 1 
0 0 1 0 0 0 1 0 1 1 0 0 
0 0 1 0 0 0 1 0 1 1 0 1 
2 0 1 0 0 0 1 0 2 0 0 1 
1 0 1 1 0 0 0 0 2 1 1 0 
2 1 1 0 0 1 1 1 3 0 0 1 
0 1 1 1 1 1 0 0 3 0 0 1 
0 1 0 0 0 0 0 0 0 1 1 1 
2 0 1 0 1 1 1 1 0 0 0 1 
0 0 0 1 1 0 1 0 3 0 1 0 
2 1 0 0 1 0 0 1 1 1 1 0 
2 0 0 0 0 0 1 0 0 2 1 0 
1 0 0 0 0 0 1 1 0 1 1 0 
0 1 1 0 0 1 1 0 0 1 0 0 
1 1 0 1 0 0 1 0 2 0 0 0 
1 0 0 1 0 0 1 0 1 0 0 1 
2 1 0 0 0 0 1 1 1 0 0 1 
0 1 1 0 1 0 1 1 0 2 1 1 
2 0 1 0 1 1 1 0 3 0 1 1 
2 0 0 0 0 0 1 1 1 2 1 1 
2 1 1 1 1 1 1 1 3 0 1 0 
2 0 0 0 0 0 0 0 2 2 1 0 
0 0 0 0 1 0 1 1 2 2 1 1 
1 1 0 0 1 1 1 1 1 0 1 0 
0 1 0 1 0 0 0 1 1 2 0 0 
2 1 0 0 0 0 1 0 0 1 0 1 
2 0 0 1 1 1 0 1 3 0 0 1 
2 0 1 0 0 0 1 0 2 1 1 1 
0 1 0 1 0 1 0 1 3 0 1 0 
1 0 0 1 0 1 1 1 1 0 1 1 
1 0 1 0 1 0 0 0 2 2 0 0 
2 1 0 1 1 0 1 0 0 1 0 1 
2 0 0 1 1 0 0 1 3 0 1 1 
2 1 1 1 1 0 0 0 2 2 0 1 
0 0 0 0 1 0 1 1 2 2 0 1 
2 1 0 0 1 0 0 1 2 2 1 1 
2 0 0 0 1 0 0 1 0 0 0 1 
2 1 0 1 1 0 0 0 3 0 0 0 
1 0 1 1 0 0 0 1 3 0 0 1 
2 0 1 1 1 0 0 0 0 1 1 0 
0 0 0 0 0 0 0 1 1 1 0 0 
1 0 0 0 1 1 0 1 3 0 0 1 
0 0 0 1 0 0 0 1 1 2 0 0 
2 0 1 0 0 0 1 0 3 1 1 1 
1 0 1 0 0 1 0 0 3 0 1 0 
2 1 0 0 0 1 0 1 3 0 0 1 
0 1 0 1 0 1 0 1 3 0 0 1 
1 1 0 1 1 0 1 1 1 2 0 1 
0 1 0 0 0 0 1 0 3 1 0 1 
0 0 1 1 1 1 0 0 3 0 1 0 
2 0 0 0 1 1 0 1 0 0 0 0 
0 0 1 1 1 1 0 0 3 0 1 1 
2 0 0 1 1 0 0 1 3 0 0 0 
0 0 1 0 1 0 0 1 3 1 0 0 
1 0 1 1 0 1 1 1 0 0 0 1 
1 1 0 0 0 0 1 0 0 2 0 0 
2 1 0 0 1 1 0 0 3 0 0 1 
2 0 1 1 0 0 0 0 2 0 0 0 
1 1 0 1 1 0 1 0 0 2 0 1 
0 0 1 0 1 0 1 1 0 1 0 0 
2 0 1 1 1 0 1 0 2 0 1 0 
0 1 0 1 0 0 0 0 2 0 1 0 
0 1 1 1 1 0 1 0 2 2 1 0 
0 1 0 0 1 0 1 0 0 1 1 1 
1 1 0 1 0 0 1 1 2 0 1 0 
2 0 1 0 0 0 1 0 2 0 1 1 
2 0 1 1 1 0 0 1 2 1 1 0 
2 0 1 0 0 0 0 1 2 1 1 1 
1 0 0 1 1 1 1 1 0 2 0 1 
1 1 0 0 1 1 1 1 1 1 0 1 
2 1 1 1 1 0 0 0 2 1 0 0 
2 0 1 0 0 1 1 1 3 0 0 1 
0 0 1 1 1 1 0 0 3 0 0 0 
1 1 1 1 0 0 1 0 0 0 0 0 
1 1 0 1 0 0 0 1 1 1 0 1 
2 1 1 0 1 1 1 0 3 0 1 1 
1 1 1 1 1 0 1 1 0 2 1 1 
0 0 1 0 0 1 0 0 3 0 0 1 
0 0 1 1 0 0 1 1 0 0 1 0 
2 0 0 1 0 1 0 0 3 0 0 0 
0 1 1 0 0 0 1 1 2 0 0 0 
1 0 1 1 1 0 0 1 2 1 1 1 
0 0 1 0 0 0 1 1 0 0 1 0 
1 1 0 0 1 0 1 0 0 1 1 1 
1 0 1 0 1 0 0 1 2 2 1 1 
2 1 1 1 1 0 0 1 1 1 0 0 
2 1 1 1 1 0 0 0 0 2 0 1 
1 1 0 1 1 1 1 0 0 1 0 1 
0 0 1 1 0 0 1 0 0 1 1 0 
0 0 0 0 1 1 1 0 0 0 0 1 
2 0 0 0 0 0 0 0 3 1 1 0 
0 1 0 1 1 0 1 0 3 1 0 1 
0 1 1 1 1 1 1 1 0 0 1 0 
1 1 0 1 1 0 1 1 2 0 0 0 
0 0 0 0 0 1 1 0 3 0 0 1 
1 1 0 0 1 1 1 1 1 2 1 1 
0 0 0 1 1 0 0 0 0 2 0 1 
1 1 1 0 0 0 1 1 0 2 0 0 
2 0 0 0 1 0 0 1 2 1 1 1 
0 1 0 1 1 1 1 1 3 0 0 0 
2 0 1 1 1 1 0 1 0 2 0 0 
2 1 0 1 0 1 1 0 0 0 0 0 
1 0 0 0 0 0 1 1 1 0 0 1 
1 1 1 0 0 1 0 1 3 0 1 0 
2 0 1 1 1 1 0 1 0 2 0 1 
0 1 1 1 1 0 1 0 1 2 0 1 
1 0 1 1 1 0 0 1 3 2 1 1 
1 0 1 1 1 0 0 1 2 0 0 1 
2 0 1 0 0 0 0 0 1 2 1 1 
1 0 0 1 0 0 1 0 2 0 1 0 
0 0 1 1 1 0 1 1 0 2 0 0 
0 1 0 1 0 1 0 0 1 1 1 0 
0 1 1 1 1 0 1 0 0 0 1 0 
0 0 1 0 0 1 1 1 0 1 1 0 
0 1 1 1 1 0 1 0 1 1 0 0 
1 0 1 1 1 0 0 0 3 1 1 0 
0 0 0 0 1 0 1 1 3 1 0 0 
0 1 0 1 1 0 0 1 0 0 1 0 
0 0 1 1 0 0 1 0 0 0 0 0 
1 1 0 0 0 0 1 1 1 1 1 1 
1 0 0 1 0 0 1 1 3 2 0 1 
1 1 1 0 1 0 0 0 0 0 1 1 
2 1 1 0 0 0 0 1 3 2 1 1 
2 0 1 0 0 0 1 0 3 0 0 1 
2 1 1 1 1 1 0 0 0 0 1 1 
2 1 0 1 0 0 1 0 0 2 0 0 
1 1 0 0 1 1 1 1 0 1 1 1 
0 1 0 1 1 1 0 1 0 0 0 1 
1 1 1 0 0 1 0 1 3 0 0 1 
0 1 0 1 1 1 1 1 3 0 1 0 
0 0 0 0 0 0 1 0 2 1 1 0 
0 1 1 0 0 0 1 1 2 1 0 0 
0 0 0 1 0 1 0 0 0 0 0 0 
0 0 1 0 0 0 1 1 1 1 0 1 
2 0 0 1 1 1 0 0 3 0 0 1 
2 0 1 0 0 1 1 0 3 0 0 0 
2 0 1 0 0 1 1 0 3 0 0 1 
2 1 0 0 1 0 0 0 3 1 0 1 
1 0 1 0 1 0 0 1 3 2 0 1 
1 1 0 1 1 0 1 0 1 2 0 1 
0 1 0 1 0 1 0 0 0 0 1 0 
1 1 0 1 0 1 1 0 1 0 1 1 
0 1 1 0 0 1 1 1 0 0 1 0 
0 0 1 1 1 1 1 1 0 1 0 0 
1 1 0 1 1 1 1 0 0 0 0 1 
0 0 1 1 1 0 1 0 0 2 1 0 
2 0 0 1 1 1 0 1 3 0 1 1 
2 0 0 0 0 0 0 0 3 0 1 1 
0 1 0 0 0 1 0 1 0 1 1 1 
2 1 1 0 0 0 0 1 2 1 1 0 
1 0 1 0 1 0 0 0 1 1 0 1 
1 1 1 1 1 1 0 1 3 0 1 0 
1 1 0 0 0 0 1 1 3 2 1 0 
2 0 1 1 1 1 0 1 0 1 0 0 
1 1 0 1 0 0 0 1 0 1 0 0 
1 0 1 1 0 1 1 1 0 2 0 1 
0 1 1 1 0 0 1 0 3 2 0 1 
1 1 0 0 0 0 1 0 1 2 1 1 
2 1 0 0 0 1 0 0 3 0 0 1 
0 0 1 0 0 0 1 1 0 1 0 1 
2 0 1 0 0 1 1 0 3 0 1 1 
2 1 1 0 1 0 1 0 3 1 1 0 
1 0 0 1 1 1 1 0 0 2 0 0 
2 1 1 1 1 0 0 1 1 0 1 1 
1 1 0 1 1 1 1 0 1 2 0 1 
1 0 0 1 1 0 1 1 1 1 0 1 
2 1 0 1 0 0 1 0 0 1 1 0 
2 1 1 0 0 0 0 1 2 1 0 1 
0 1 0 0 0 1 0 1 0 1 0 0 
2 1 1 0 0 0 0 1 1 0 1 1 
0 0 0 1 1 0 1 0 3 1 0 0 
2 1 1 1 1 1 0 0 0 1 1 0 
1 1 0 1 0 1 1 1 3 0 0 1 
2 1 0 1 1 1 0 0 3 0 1 0 
0 0 1 1 0 1 1 0 0 0 0 0 
1 1 0 1 0 0 1 0 2 0 1 0 
MFS
[ 0 , - , - , - , - , 1 , - , - , 0 , 2 , - , - ]
[ - , 0 , - , - , - , 1 , 1 , 0 , 2 , - , - , - ]
[ - , 0 , - , - , - , 1 , - , - , 2 , 0 , - , - ]
[ 2 , - , - , - , - , 1 , - , - , 2 , - , - , - ]
[ - , - , 0 , - , - , 1 , - , - , 2 , 0 , - , - ]
[ 0 , - , - , - , - , 1 , - , - , 1 , - , - , - ]
[ 2 , - , - , - , - , 1 , - , - , 1 , - , - , - ]
[ 0 , - , - , - , - , 1 , - , - , 2 , - , - , - ]
[ - , - , - , - , - , 1 , 1 , 0 , 3 , 2 , - , - ]
[ - , - , - , - , - , 1 , 0 , 0 , - , - , - , - ]
[ - , - , - , - , - , 1 , - , - , 3 , 1 , - , - ]
[ - , - , - , - , - , 1 , - , - , 3 , 2 , - , - ]
[ - , - , - , - , - , 1 , - , - , 2 , 1 , - , - ]
[ - , - , - , - , - , 1 , - , 1 , 2 , - , - , 1 ]
[ - , - , - , - , - , 1 , - , - , 2 , 2 , - , - ]
[ - , - , - , - , - , 1 , - , 1 , 3 , 2 , - , - ]
[ - , - , - , - , - , 1 , - , 1 , 3 , 1 , - , - ]
precise
0.29411764705882354
recall
1.0
F-measure
0.45454545454545453
multi
0
time
all 3594 iden 46 gen 3516
t-cover
1701
all-cover
2742
coveredNum
(1 : 13)  (2 : 3)  (3 : 2)  (7 : 2)  (8 : 3)  (9 : 1)  (10 : 4)  (12 : 1)  (13 : 1)  (14 : 3)  (15 : 3)  (16 : 1)  (17 : 1)  (18 : 4)  (19 : 8)  (21 : 6)  (22 : 5)  (23 : 3)  (24 : 6)  (25 : 8)  (26 : 14)  (27 : 10)  (28 : 16)  (29 : 11)  (30 : 14)  (31 : 14)  (32 : 15)  (33 : 16)  (34 : 19)  (35 : 12)  (36 : 18)  (37 : 17)  (38 : 14)  (39 : 14)  (40 : 18)  (41 : 10)  (42 : 18)  (43 : 16)  (44 : 17)  (45 : 19)  (46 : 17)  (47 : 14)  (48 : 17)  (49 : 16)  (50 : 17)  (51 : 14)  (52 : 21)  (53 : 24)  (54 : 17)  (55 : 20)  (56 : 16)  (57 : 25)  (58 : 25)  (59 : 25)  (60 : 22)  (61 : 14)  (62 : 15)  (63 : 27)  (64 : 23)  (65 : 21)  (66 : 16)  (67 : 17)  (68 : 23)  (69 : 16)  (70 : 18)  (71 : 19)  (72 : 19)  (73 : 23)  (74 : 23)  (75 : 26)  (76 : 29)  (77 : 28)  (78 : 17)  (79 : 32)  (80 : 25)  (81 : 17)  (82 : 25)  (83 : 29)  (84 : 18)  (85 : 28)  (86 : 25)  (87 : 17)  (88 : 29)  (89 : 27)  (90 : 37)  (91 : 23)  (92 : 37)  (93 : 29)  (94 : 30)  (95 : 32)  (96 : 36)  (97 : 18)  (98 : 41)  (99 : 24)  (100 : 24)  (101 : 19)  (102 : 34)  (103 : 22)  (104 : 24)  (105 : 24)  (106 : 21)  (107 : 14)  (108 : 22)  (109 : 24)  (110 : 26)  (111 : 12)  (112 : 13)  (113 : 14)  (114 : 13)  (115 : 14)  (116 : 17)  (117 : 22)  (118 : 16)  (119 : 17)  (120 : 16)  (121 : 20)  (122 : 18)  (123 : 16)  (124 : 14)  (125 : 9)  (126 : 10)  (127 : 13)  (128 : 6)  (129 : 24)  (130 : 9)  (131 : 10)  (132 : 15)  (133 : 5)  (134 : 12)  (135 : 8)  (136 : 14)  (137 : 15)  (138 : 15)  (139 : 11)  (140 : 15)  (141 : 15)  (142 : 11)  (143 : 10)  (144 : 14)  (145 : 18)  (146 : 14)  (147 : 11)  (148 : 11)  (149 : 5)  (150 : 11)  (151 : 18)  (152 : 7)  (153 : 7)  (154 : 10)  (155 : 13)  (156 : 11)  (157 : 10)  (158 : 11)  (159 : 8)  (160 : 10)  (161 : 4)  (162 : 9)  (163 : 5)  (164 : 5)  (165 : 11)  (166 : 7)  (167 : 2)  (168 : 4)  (169 : 3)  (170 : 2)  (171 : 5)  (172 : 3)  (173 : 6)  (174 : 4)  (175 : 5)  (176 : 2)  (177 : 5)  (178 : 3)  (179 : 6)  (180 : 2)  (181 : 11)  (182 : 11)  (183 : 6)  (184 : 6)  (185 : 7)  (186 : 6)  (187 : 3)  (188 : 2)  (189 : 3)  (190 : 1)  (191 : 5)  (192 : 4)  (193 : 4)  (194 : 7)  (195 : 2)  (196 : 6)  (197 : 6)  (198 : 3)  (199 : 5)  (200 : 5)  (201 : 2)  (202 : 5)  (203 : 2)  (204 : 2)  (205 : 3)  (206 : 1)  (207 : 2)  (209 : 2)  (210 : 1)  (211 : 1)  (213 : 1)  (214 : 2)  (215 : 1)  (218 : 1)  (219 : 1)  (220 : 1)  (223 : 2)  (235 : 1)  
real Identify
([ - , - , - , - , - , 1 , 0 , 0 , - , - , - , - ] : 1)  ([ - , - , - , - , - , 1 , - , - , 3 , 1 , - , - ] : 1)  ([ - , - , - , - , - , 1 , - , - , 2 , 1 , - , - ] : 1)  ([ - , - , - , - , - , 1 , - , - , 3 , 2 , - , - ] : 1)  ([ - , - , - , - , - , 1 , - , - , 2 , 2 , - , - ] : 1)  
testCase Num: 74
regaular Num: 74
identify Num: 0
1 1 0 1 0 0 1 0 1 1 0 0 
0 1 0 1 1 0 1 1 2 0 1 0 
0 1 1 1 1 0 1 0 3 1 1 0 
0 0 1 1 1 0 1 0 1 0 0 1 
2 0 0 1 0 1 1 0 0 0 0 0 
2 0 1 0 1 0 1 0 3 2 1 0 
2 0 0 0 0 1 1 0 3 2 1 1 
0 0 0 1 0 0 0 0 0 2 0 1 
2 0 0 0 1 0 1 0 0 2 1 1 
2 1 0 0 0 0 0 0 1 2 1 1 
1 0 1 0 0 0 0 1 2 2 0 1 
2 0 0 0 1 0 0 1 3 2 0 1 
0 1 0 1 0 0 0 0 3 2 0 0 
0 0 0 0 1 0 0 1 0 0 0 0 
0 1 0 0 0 1 1 1 2 1 1 1 
1 0 0 1 0 1 0 1 3 1 1 0 
1 1 0 0 0 1 1 0 1 1 0 1 
2 1 0 0 0 0 1 1 3 1 0 1 
1 1 1 0 1 1 1 1 0 0 1 1 
1 1 1 0 1 1 0 0 1 2 1 0 
2 1 0 0 1 0 0 0 1 0 1 1 
2 1 1 0 1 0 1 0 2 2 0 0 
1 1 1 1 0 1 0 1 2 0 0 1 
2 0 0 1 1 1 1 0 2 0 1 1 
2 0 1 0 1 0 1 0 2 0 1 0 
1 0 1 1 0 0 0 0 0 2 1 1 
1 0 0 1 0 0 0 0 3 0 0 0 
0 1 0 0 0 0 0 0 1 1 1 0 
1 0 0 1 1 0 0 1 1 1 1 1 
1 1 1 1 0 0 0 0 1 2 1 1 
0 1 0 0 0 1 0 0 2 1 1 0 
2 0 1 1 0 0 0 0 2 1 1 1 
1 0 1 1 1 1 1 1 3 2 0 1 
0 1 0 0 1 1 1 1 0 2 0 1 
2 1 0 1 1 1 1 0 2 2 1 0 
0 0 1 1 0 1 0 0 0 2 1 1 
2 1 0 1 1 1 0 0 2 2 0 0 
2 0 1 0 1 1 0 1 1 1 0 0 
0 1 1 0 0 0 1 0 1 2 1 0 
0 0 0 0 0 1 1 0 0 1 0 1 
1 1 0 1 0 0 0 0 2 0 1 1 
1 1 1 1 0 0 1 0 3 2 0 0 
2 1 1 0 0 1 0 0 2 2 0 0 
0 0 1 1 1 1 1 1 3 1 0 0 
2 1 0 0 0 1 1 0 1 2 1 1 
2 0 1 0 0 1 1 1 2 0 0 1 
1 1 0 1 1 1 0 0 3 1 0 1 
0 1 1 0 0 1 1 1 2 0 0 0 
1 1 0 1 0 1 1 0 3 0 0 1 
0 1 1 1 1 0 0 0 2 0 0 0 
2 0 1 0 0 1 0 0 1 1 0 1 
2 1 1 1 1 1 0 1 0 1 1 0 
1 0 1 0 1 0 0 1 3 1 1 1 
2 0 0 1 0 0 1 1 1 2 1 0 
1 1 1 0 0 1 0 0 3 1 1 1 
2 1 0 1 1 1 0 1 3 0 1 0 
0 1 1 1 1 0 1 1 0 2 1 1 
1 1 0 0 1 1 1 1 2 0 0 0 
1 1 0 0 0 1 1 1 1 0 1 0 
1 0 0 0 0 1 1 1 0 2 0 0 
1 0 1 0 1 0 0 0 2 1 0 0 
0 1 0 0 0 1 1 0 2 1 0 0 
0 0 0 1 1 0 1 0 2 2 1 0 
2 0 1 0 1 1 1 1 1 0 0 1 
1 1 1 1 0 0 0 0 0 1 0 1 
0 0 1 0 0 1 1 1 3 0 1 1 
1 0 0 1 1 1 1 0 3 2 0 1 
2 0 0 1 1 1 1 1 2 1 0 1 
1 0 0 1 0 1 1 0 3 1 0 1 
1 0 0 0 1 1 1 0 3 1 0 0 
1 0 1 0 1 1 0 1 3 2 1 1 
0 1 1 1 1 1 0 1 1 2 0 1 
1 1 0 0 1 0 1 0 1 2 0 1 
0 1 0 1 1 0 1 1 2 1 1 1 
MFS
[ - , 0 , - , - , - , 1 , 1 , - , 3 , 2 , - , - ]
[ - , - , 1 , - , - , 1 , - , 0 , - , - , - , - ]
[ 1 , 0 , - , - , - , 1 , 0 , 1 , - , - , - , - ]
[ - , 0 , - , - , - , 1 , 1 , - , 3 , 1 , - , - ]
[ - , - , - , - , - , 1 , - , 1 , 3 , - , 0 , - ]
[ - , - , - , - , - , 1 , 0 , 0 , - , - , - , - ]
[ - , - , - , - , - , 1 , 1 , - , 3 , 1 , - , - ]
[ - , - , - , - , - , 1 , 1 , - , 2 , 1 , - , - ]
[ - , - , - , - , - , 1 , 1 , - , 3 , 2 , - , - ]
[ - , - , - , - , - , 1 , 1 , - , 2 , 2 , - , - ]
[ - , - , - , - , - , 1 , - , 1 , 2 , 1 , - , - ]
[ - , - , - , - , - , 1 , - , 1 , 3 , 2 , - , - ]
[ - , - , - , - , 1 , 1 , 1 , - , 3 , - , - , - ]
[ - , - , - , - , - , 1 , - , 1 , 2 , 2 , - , - ]
[ - , - , - , - , - , 1 , - , 1 , 3 , 1 , - , - ]
[ 0 , 0 , - , - , - , 1 , 0 , 1 , - , - , - , - ]
precise
0.0625
recall
0.2
F-measure
0.09523809523809523
multi
5
time
all 4188 iden 32 gen 4125
t-cover
1114
all-cover
2742
coveredNum
(1 : 11)  (2 : 12)  (3 : 16)  (4 : 38)  (5 : 168)  (6 : 26)  (7 : 41)  (8 : 101)  (9 : 124)  (10 : 182)  (11 : 57)  (12 : 88)  (13 : 135)  (14 : 118)  (15 : 121)  (16 : 81)  (17 : 123)  (18 : 133)  (19 : 97)  (20 : 100)  (21 : 79)  (22 : 86)  (23 : 85)  (24 : 59)  (25 : 76)  (26 : 65)  (27 : 45)  (28 : 53)  (29 : 54)  (30 : 42)  (31 : 54)  (32 : 35)  (33 : 29)  (34 : 27)  (35 : 21)  (36 : 35)  (37 : 21)  (38 : 15)  (39 : 21)  (40 : 7)  (41 : 8)  (42 : 12)  (43 : 5)  (44 : 7)  (45 : 3)  (46 : 7)  (47 : 5)  (48 : 1)  (49 : 4)  (50 : 1)  (51 : 1)  (53 : 1)  (55 : 2)  (56 : 2)  (58 : 1)  (63 : 1)  
real Identify
([ - , - , - , - , - , 1 , 0 , 0 , - , - , - , - ] : 1)  
