testCase Num: 52
regaular Num: 52
identify Num: 0
0 0 1 1 1 1 1 1 2 0 1 
2 1 0 0 1 1 0 0 2 0 1 
2 0 1 1 0 1 1 1 0 1 1 
1 1 1 1 0 1 0 1 0 1 0 
2 0 1 1 1 1 1 0 0 1 1 
2 0 0 1 0 2 1 1 0 0 0 
0 1 0 0 0 0 1 1 2 1 1 
1 1 1 1 1 1 1 0 2 1 1 
1 1 1 1 0 2 0 1 1 0 1 
0 0 1 1 0 2 1 1 2 0 1 
1 0 0 0 0 1 0 1 0 1 1 
0 0 1 0 0 0 0 1 1 0 0 
1 0 0 1 0 0 0 0 2 0 0 
2 0 0 1 0 1 1 0 0 1 0 
1 1 1 0 1 2 1 1 2 0 0 
2 0 1 1 1 0 0 0 2 1 0 
2 1 0 0 0 0 0 1 0 0 1 
1 0 0 1 1 2 1 1 1 1 0 
2 1 0 1 0 1 1 1 1 1 1 
0 1 0 1 0 0 1 0 1 1 1 
1 1 1 1 1 0 0 0 1 1 1 
1 1 0 0 1 0 1 0 1 0 0 
0 1 0 1 1 1 1 1 0 0 0 
1 0 1 0 0 1 1 0 1 0 0 
2 1 1 0 0 0 1 0 2 0 1 
0 1 1 0 0 0 0 0 0 0 1 
1 0 0 1 1 1 1 0 0 0 1 
0 0 0 0 0 1 0 0 2 1 0 
0 0 0 1 0 1 1 1 1 1 1 
0 1 0 0 1 2 0 0 2 0 0 
1 1 0 0 0 0 1 1 2 0 0 
1 0 1 1 0 1 0 1 1 0 0 
1 0 0 1 1 1 0 0 0 0 1 
2 1 1 1 1 0 0 0 0 0 0 
0 1 1 0 1 1 0 0 1 0 1 
2 1 0 1 1 0 1 1 1 1 0 
2 1 1 1 0 0 1 1 2 0 0 
1 1 1 0 1 0 1 1 0 0 0 
2 1 0 1 1 1 0 1 2 0 1 
1 0 1 1 1 1 1 1 1 0 1 
2 0 0 0 1 2 0 0 1 0 1 
2 0 1 0 1 1 1 1 1 1 0 
2 1 1 0 0 0 0 0 1 1 0 
1 1 0 1 1 2 0 0 0 1 0 
1 1 1 0 1 1 1 1 2 1 1 
2 1 1 0 0 2 0 0 2 1 0 
0 0 0 1 0 2 1 0 1 1 1 
0 1 1 0 0 2 0 0 0 0 1 
1 1 0 0 1 1 0 0 1 0 1 
2 0 1 0 1 0 1 0 2 0 1 
0 0 1 1 1 0 0 0 0 1 0 
2 0 0 1 0 0 0 0 1 0 1 
MFS
[ - , - , - , - , - , 2 , - , - , - , 1 , 1 ]
[ - , - , - , - , - , 2 , - , - , - , 1 , 0 ]
[ - , - , - , - , - , 1 , 1 , 0 , - , - , - ]
[ - , - , - , - , - , 2 , - , - , - , 0 , - ]
[ - , - , - , - , - , 0 , 1 , 0 , - , - , - ]
[ - , - , 1 , - , - , 1 , 1 , 0 , - , - , - ]
[ - , 0 , - , - , - , 0 , 1 , - , - , - , - ]
precise
0.0
recall
0.0
F-measure
0.0
multi
1
time
all 2018 iden 0 gen 1972
t-cover
974
all-cover
1915
coveredNum
(1 : 277)  (2 : 53)  (3 : 166)  (4 : 134)  (5 : 201)  (6 : 243)  (7 : 166)  (8 : 194)  (9 : 124)  (10 : 101)  (11 : 100)  (12 : 37)  (13 : 49)  (14 : 30)  (15 : 21)  (16 : 14)  (17 : 1)  (18 : 2)  (20 : 2)  
real Identify

testCase Num: 52
regaular Num: 52
identify Num: 0
2 1 1 1 0 1 0 1 1 0 1 
1 0 1 0 0 2 1 1 0 1 0 
1 1 1 1 1 0 0 1 2 1 0 
2 0 0 0 1 2 0 1 0 0 1 
0 1 1 0 1 2 0 1 1 0 1 
2 1 1 0 1 0 0 0 1 0 0 
2 0 0 1 0 2 1 0 1 1 0 
0 0 1 0 0 0 0 1 1 0 0 
0 1 0 0 0 1 1 1 1 1 1 
0 1 0 0 0 0 0 0 0 1 1 
2 1 0 1 1 1 0 0 2 1 1 
0 0 0 0 1 0 1 0 1 1 1 
2 0 1 0 0 0 1 1 2 1 1 
0 1 0 0 1 0 1 1 0 0 0 
1 1 1 0 0 0 1 0 2 1 0 
2 0 1 1 1 0 1 0 0 0 0 
2 0 0 0 1 1 0 1 1 1 0 
0 1 1 0 0 1 0 0 2 0 1 
1 0 0 1 0 0 0 0 0 1 1 
1 1 0 1 0 1 1 1 0 0 1 
1 1 0 0 1 2 1 0 2 1 1 
2 0 0 1 0 0 0 0 2 0 0 
0 0 1 0 1 1 1 0 0 1 0 
1 0 1 1 1 1 1 1 1 1 0 
2 1 0 1 0 1 1 0 2 1 0 
1 0 0 1 1 0 1 1 2 0 0 
0 1 0 1 1 2 0 0 0 0 0 
0 1 0 1 1 0 1 1 2 1 1 
2 0 0 0 1 1 0 0 0 1 0 
2 1 0 1 0 0 1 1 1 0 1 
1 0 0 0 0 1 1 1 2 0 1 
0 0 1 0 1 0 0 0 0 0 0 
0 0 1 1 1 1 1 0 1 0 1 
1 1 0 1 1 1 0 0 0 0 0 
1 1 0 0 0 0 0 0 1 0 1 
0 1 1 1 1 1 0 0 1 1 0 
1 0 0 1 0 0 1 0 1 1 1 
0 0 1 1 0 1 1 1 0 0 0 
0 1 0 1 0 2 1 1 0 0 1 
0 0 1 0 0 0 0 1 0 1 0 
1 1 1 0 1 0 0 1 0 0 1 
0 0 0 0 0 2 1 0 2 1 0 
0 0 1 0 1 1 0 0 2 0 0 
2 0 1 0 1 0 1 0 0 0 0 
1 1 0 0 0 2 0 1 1 0 0 
2 1 0 1 0 1 1 1 0 1 1 
1 1 1 1 0 0 1 0 2 1 0 
1 0 1 1 0 2 0 1 2 1 0 
1 1 1 0 0 1 0 0 2 1 0 
0 0 0 1 1 0 0 0 1 1 1 
2 1 1 0 1 2 0 0 2 0 1 
2 1 1 1 1 0 1 1 0 0 0 
MFS
[ - , - , - , - , - , 2 , 0 , - , - , - , - ]
[ - , - , - , 1 , - , 0 , 1 , 0 , - , - , - ]
[ - , - , - , - , - , 2 , 1 , 0 , - , - , - ]
[ - , - , - , - , - , 1 , 1 , 0 , - , - , - ]
[ - , - , - , - , - , 0 , 1 , 0 , - , - , - ]
[ - , - , - , - , - , 2 , 1 , 1 , - , - , - ]
precise
0.0
recall
0.0
F-measure
0.0
multi
3
time
all 1594 iden 0 gen 1547
t-cover
1024
all-cover
1915
coveredNum
(1 : 260)  (2 : 59)  (3 : 164)  (4 : 116)  (5 : 190)  (6 : 219)  (7 : 173)  (8 : 206)  (9 : 118)  (10 : 125)  (11 : 106)  (12 : 45)  (13 : 49)  (14 : 27)  (15 : 21)  (16 : 13)  (17 : 9)  (18 : 7)  (19 : 5)  (20 : 3)  
real Identify

testCase Num: 54
regaular Num: 54
identify Num: 0
2 0 0 0 1 2 0 0 1 1 1 
2 0 1 1 1 0 0 1 0 1 0 
2 1 0 1 0 1 1 0 1 1 0 
1 0 0 1 0 1 0 0 0 0 1 
2 1 1 1 1 1 1 1 2 0 1 
2 0 1 0 1 0 1 1 1 0 1 
0 0 0 0 0 1 1 0 0 0 0 
0 1 0 0 1 1 0 0 1 0 1 
0 0 0 0 0 1 1 0 2 0 1 
1 1 0 0 0 2 1 1 2 0 1 
0 1 1 1 0 2 1 0 2 0 0 
2 1 0 0 0 2 1 0 0 0 1 
0 0 0 1 1 2 0 0 2 1 0 
2 0 0 1 1 2 1 0 2 0 1 
1 0 0 0 1 1 1 1 0 0 0 
1 0 1 1 0 1 1 1 2 1 1 
2 1 1 1 0 2 0 1 1 0 0 
0 1 1 0 0 0 1 1 0 0 1 
0 1 0 1 1 0 1 0 0 1 1 
2 1 1 0 1 1 1 1 0 1 1 
0 1 1 1 1 0 1 1 0 0 0 
0 0 1 1 1 2 1 1 1 0 1 
0 0 1 1 0 0 0 0 2 0 1 
1 1 0 0 0 0 0 1 0 0 1 
1 0 1 0 1 0 0 0 0 1 1 
0 1 0 1 1 0 0 1 2 0 0 
2 1 0 1 0 0 0 0 0 0 0 
1 0 0 1 0 0 1 1 1 1 1 
1 1 1 1 1 2 0 1 0 1 0 
0 1 1 1 0 1 0 0 0 1 0 
0 1 1 1 0 0 1 0 2 0 1 
1 1 0 0 0 0 1 1 2 0 0 
1 0 0 0 0 2 1 0 1 1 0 
0 0 0 1 0 0 0 1 1 0 1 
0 1 0 0 0 0 1 1 1 1 0 
1 0 1 0 1 0 1 0 1 0 0 
0 1 1 0 0 1 0 1 1 0 1 
2 0 0 0 0 0 0 1 2 0 1 
1 0 0 0 0 1 1 0 1 1 1 
2 1 1 1 0 0 1 0 1 1 1 
2 0 0 1 0 0 0 0 1 1 0 
2 0 1 0 0 1 1 0 1 1 0 
1 1 1 1 1 1 0 1 1 1 1 
0 0 1 0 1 1 1 1 2 1 0 
2 1 0 0 1 1 0 0 2 1 0 
2 0 1 0 0 0 0 0 1 0 1 
1 0 1 0 1 0 0 0 1 0 0 
2 1 0 0 0 1 1 1 1 1 0 
2 0 1 1 1 1 1 0 2 0 1 
1 1 1 1 1 0 0 0 2 1 0 
2 1 1 1 1 1 1 0 2 0 1 
1 0 1 0 1 1 0 0 1 1 1 
0 0 0 0 1 0 0 0 0 1 1 
0 0 1 0 0 2 0 1 0 0 1 
MFS
[ - , - , - , - , - , 2 , 0 , - , - , - , - ]
[ - , - , - , - , - , 2 , 1 , 0 , - , - , - ]
[ - , - , - , - , - , - , 1 , 0 , - , - , - ]
[ - , - , - , - , - , 1 , 1 , 0 , - , - , - ]
[ - , - , - , - , - , 0 , 1 , 0 , - , - , - ]
[ 2 , 0 , - , - , - , 1 , - , - , - , - , - ]
[ - , - , - , - , - , 2 , 1 , 1 , - , - , - ]
precise
0.14285714285714285
recall
0.5
F-measure
0.22222222222222224
multi
4
time
all 1938 iden 0 gen 1876
t-cover
1152
all-cover
1915
coveredNum
(1 : 277)  (2 : 52)  (3 : 155)  (4 : 144)  (5 : 182)  (6 : 244)  (7 : 196)  (8 : 180)  (9 : 124)  (10 : 99)  (11 : 78)  (12 : 55)  (13 : 42)  (14 : 31)  (15 : 24)  (16 : 14)  (17 : 7)  (18 : 7)  (19 : 3)  (20 : 1)  
real Identify
([ - , - , - , - , - , - , 1 , 0 , - , - , - ] : 1)  
testCase Num: 46
regaular Num: 46
identify Num: 0
1 1 1 0 1 1 0 1 1 0 0 
1 0 0 1 1 1 1 1 2 1 0 
0 1 0 0 1 0 0 0 1 1 1 
2 0 0 0 1 0 0 1 2 1 1 
1 1 1 1 1 2 0 1 1 1 0 
0 1 1 0 1 1 1 1 2 1 1 
1 0 1 1 0 0 1 1 1 1 1 
0 0 1 0 1 2 1 1 0 1 0 
2 1 0 0 1 1 1 0 1 0 1 
2 1 1 1 0 0 0 1 1 1 0 
1 1 0 0 0 0 1 1 2 0 0 
0 0 1 1 1 0 1 1 0 1 0 
2 1 0 0 1 1 1 1 1 1 0 
1 0 0 0 0 2 1 0 1 1 0 
1 0 0 1 1 0 1 1 0 0 1 
0 1 0 1 1 2 0 1 2 1 0 
2 1 0 0 0 2 0 1 0 0 0 
0 1 0 0 1 0 1 0 1 0 0 
1 0 0 1 1 1 0 0 1 0 0 
2 0 0 0 0 1 0 0 1 0 1 
2 0 0 0 1 2 1 1 2 1 0 
2 1 1 1 0 0 1 1 0 0 0 
0 0 1 1 0 0 0 0 2 1 1 
0 1 0 1 1 0 0 1 0 0 1 
1 0 1 0 0 1 1 1 0 0 0 
0 1 0 1 0 1 1 0 0 1 1 
1 1 1 0 0 2 1 1 2 0 1 
2 0 1 0 1 0 0 0 2 1 0 
2 1 1 1 1 1 0 1 2 0 0 
2 1 1 0 1 1 0 0 0 1 1 
1 1 1 0 1 0 0 0 0 1 1 
2 0 1 1 0 0 1 0 0 0 0 
0 1 0 1 0 1 0 0 2 0 0 
0 1 0 0 0 1 0 0 0 0 0 
2 0 0 1 0 1 0 0 0 1 1 
2 0 1 1 1 2 0 0 1 1 1 
0 0 1 0 0 1 0 1 1 1 0 
0 1 1 1 0 2 0 0 1 0 1 
2 0 1 1 0 0 1 1 2 0 1 
1 0 0 1 1 2 1 0 0 0 1 
0 0 0 1 0 1 1 1 1 0 1 
1 0 1 1 1 2 1 0 2 0 0 
0 0 1 1 0 0 0 0 1 0 0 
1 1 1 1 0 1 0 0 2 1 1 
2 1 0 0 0 2 1 0 2 1 0 
0 0 0 0 1 1 1 0 2 0 1 
MFS
[ - , - , - , - , - , 2 , 1 , 0 , - , - , - ]
[ - , - , - , - , - , 1 , 1 , 0 , - , - , - ]
[ - , - , - , - , - , 2 , - , 1 , - , - , - ]
[ - , - , - , - , - , 0 , 1 , 0 , - , - , - ]
[ - , - , - , - , - , 2 , 0 , 0 , - , - , - ]
precise
0.0
recall
0.0
F-measure
0.0
multi
4
time
all 1579 iden 0 gen 1532
t-cover
978
all-cover
1915
coveredNum
(1 : 357)  (2 : 203)  (3 : 341)  (4 : 304)  (5 : 277)  (6 : 177)  (7 : 115)  (8 : 75)  (9 : 34)  (10 : 21)  (11 : 7)  (12 : 2)  (13 : 2)  
real Identify

testCase Num: 49
regaular Num: 49
identify Num: 0
0 1 1 0 0 0 0 0 1 0 0 
2 1 1 1 0 0 0 1 2 1 0 
1 1 0 1 0 2 0 1 1 1 1 
2 0 1 0 1 2 0 1 1 1 0 
2 1 0 0 0 0 1 0 1 1 0 
0 1 0 0 0 2 1 0 1 0 1 
0 0 1 0 1 2 1 1 2 1 0 
0 0 1 1 1 2 0 1 0 0 1 
0 1 1 1 0 1 0 1 2 0 1 
0 0 1 0 0 1 1 0 1 0 0 
2 1 0 0 0 2 1 0 0 0 1 
2 0 1 1 1 1 0 0 0 1 1 
1 1 0 0 1 1 0 1 2 0 1 
1 1 0 1 0 0 0 0 0 1 0 
1 0 1 1 0 1 1 1 2 1 0 
2 1 0 0 1 1 0 0 1 1 0 
1 0 1 1 1 2 1 1 0 1 0 
0 0 1 1 0 0 1 1 0 1 1 
0 1 0 1 1 1 0 1 0 0 1 
1 1 1 0 0 1 1 1 0 0 1 
2 0 1 0 0 0 1 0 0 0 0 
0 1 0 1 1 0 1 0 2 1 0 
0 0 0 0 1 1 0 0 0 1 0 
1 0 0 0 1 0 1 1 2 0 0 
0 1 1 1 1 0 0 1 1 0 0 
1 1 0 1 1 1 1 0 2 1 0 
1 0 0 1 0 1 0 0 1 0 0 
1 0 0 0 1 0 1 0 1 1 1 
0 0 0 1 1 1 0 1 1 1 1 
0 0 0 0 0 0 0 0 2 1 1 
2 0 0 0 0 1 0 0 0 0 0 
0 1 0 0 1 0 1 1 2 1 0 
1 0 0 0 1 1 0 0 2 0 0 
2 1 1 1 1 1 1 1 1 0 0 
1 1 1 0 1 2 0 0 2 0 1 
2 1 1 0 1 0 0 0 2 0 1 
1 1 1 0 0 1 0 1 1 1 1 
2 0 0 0 0 1 1 1 2 1 1 
1 1 1 0 1 0 1 0 1 1 1 
0 1 1 1 0 2 1 0 0 1 0 
2 0 0 1 1 2 0 0 2 0 0 
1 0 0 1 1 0 1 1 1 1 1 
1 0 0 1 0 2 1 0 2 1 1 
2 1 0 0 1 0 1 1 0 0 0 
1 0 1 1 1 1 0 0 0 1 0 
0 0 1 0 0 1 1 1 1 0 0 
0 0 0 1 1 0 0 0 1 1 1 
2 0 0 1 0 0 0 0 1 0 1 
1 1 0 1 1 1 0 0 2 0 1 
MFS
[ - , - , - , - , - , 1 , 1 , 0 , - , - , - ]
[ - , - , - , - , 0 , 2 , 0 , - , - , - , - ]
[ - , - , - , - , 0 , 2 , 1 , - , - , - , - ]
[ - , - , - , - , 1 , 2 , - , - , - , - , - ]
[ - , - , - , - , - , 0 , 1 , 0 , - , - , - ]
[ 1 , - , 1 , - , - , 0 , - , - , - , - , - ]
precise
0.0
recall
0.0
F-measure
0.0
multi
4
time
all 1750 iden 16 gen 1703
t-cover
1030
all-cover
1915
coveredNum
(1 : 272)  (2 : 65)  (3 : 166)  (4 : 143)  (5 : 201)  (6 : 220)  (7 : 166)  (8 : 191)  (9 : 128)  (10 : 120)  (11 : 86)  (12 : 42)  (13 : 42)  (14 : 30)  (15 : 17)  (16 : 11)  (17 : 8)  (18 : 5)  (20 : 1)  (21 : 1)  
real Identify

