testCase Num: 61
regaular Num: 61
identify Num: 0
0 1 0 1 1 1 1 1 1 1 0 3 2 
1 0 0 0 1 0 0 0 1 0 1 2 0 
2 1 1 0 0 1 1 1 0 1 1 2 2 
1 0 1 0 0 1 0 0 1 0 1 1 2 
2 1 1 0 0 1 0 0 0 0 0 2 0 
1 1 1 1 0 1 0 1 0 1 0 0 1 
1 1 0 1 1 1 0 1 0 0 1 2 1 
2 1 0 1 0 0 0 1 1 1 1 2 2 
1 1 0 0 1 1 0 0 1 1 0 0 2 
0 1 0 1 1 0 0 1 0 0 1 2 0 
2 1 0 1 1 1 1 1 1 1 0 3 2 
2 0 1 0 0 0 0 0 0 0 1 1 0 
0 0 1 1 1 0 1 1 0 1 1 3 1 
2 0 1 0 0 1 0 1 1 0 0 3 1 
0 1 0 0 0 0 1 1 0 1 1 0 2 
2 1 1 1 1 0 1 1 1 1 1 1 2 
1 1 1 0 1 1 1 0 1 0 0 2 2 
2 1 0 1 0 1 0 1 1 0 0 0 0 
0 1 1 0 1 1 1 1 1 1 1 2 0 
0 0 1 1 1 0 1 0 0 0 0 2 2 
1 1 0 1 1 0 1 0 1 0 0 2 0 
1 0 1 1 0 1 1 0 0 0 0 2 1 
2 0 0 0 0 0 1 0 1 1 1 3 0 
2 1 1 1 1 1 0 0 1 1 1 3 0 
1 1 0 1 1 1 1 0 1 1 0 1 0 
0 0 0 1 1 1 1 0 1 0 0 0 1 
1 1 0 1 1 0 0 1 0 0 0 1 1 
1 1 1 0 1 0 0 1 1 0 1 0 1 
0 1 0 0 0 1 0 0 0 0 1 1 1 
1 1 1 0 1 1 1 0 0 0 1 0 0 
1 1 0 1 0 0 0 0 1 0 0 1 2 
2 0 0 1 1 1 1 1 0 0 0 1 2 
2 0 1 1 0 0 0 0 0 0 1 0 2 
1 1 0 1 0 0 1 0 1 0 1 3 1 
2 1 1 1 1 1 1 1 1 1 0 2 1 
0 1 1 1 0 1 0 0 0 1 0 2 1 
1 1 1 0 0 0 0 0 0 1 1 2 1 
2 1 0 0 0 1 0 0 0 1 1 1 1 
0 0 1 1 0 0 0 0 1 0 1 0 0 
0 1 0 0 0 1 0 0 1 0 0 3 0 
1 1 1 0 1 1 1 1 0 0 1 1 2 
1 0 1 1 1 1 1 1 1 0 1 1 1 
1 1 1 0 0 1 0 0 0 0 0 3 2 
2 1 1 0 1 1 0 1 0 1 0 3 1 
1 1 0 0 0 0 0 1 1 1 1 2 0 
1 1 0 1 0 0 0 1 0 1 1 3 0 
2 1 1 0 0 0 0 1 0 0 1 1 0 
2 1 1 0 0 0 1 0 1 1 0 1 1 
0 0 1 0 1 1 1 1 1 1 1 1 0 
1 0 1 0 1 1 0 1 0 0 0 3 0 
2 0 0 1 1 0 1 1 1 0 0 2 1 
1 0 0 0 0 0 1 1 0 1 0 0 0 
2 1 0 0 0 0 1 0 0 0 1 3 2 
1 0 1 1 0 0 0 0 1 1 0 3 2 
1 0 0 0 1 1 1 1 0 1 1 2 2 
2 1 1 1 0 0 1 1 0 0 1 0 2 
0 1 1 1 0 0 0 1 0 1 0 1 2 
1 1 1 0 1 0 1 1 1 0 0 3 0 
2 0 0 0 1 0 1 1 0 1 1 0 1 
2 1 0 0 0 0 1 0 1 1 1 0 0 
2 1 0 1 1 0 1 0 0 0 0 0 1 
MFS
[ 0 , 1 , - , - , - , - , - , - , - , - , - , - , - ]
[ 1 , 0 , - , - , - , - , - , - , - , - , - , - , - ]
[ 0 , 0 , - , - , - , - , - , - , - , - , - , - , - ]
[ 2 , 0 , - , - , - , - , - , - , - , - , - , - , - ]
precise
0.0
recall
0.0
F-measure
0.0
multi
5
time
all 3510 iden 0 gen 3322
t-cover
2215
all-cover
3456
coveredNum
(1 : 912)  (2 : 376)  (3 : 447)  (4 : 424)  (5 : 398)  (6 : 323)  (7 : 178)  (8 : 144)  (9 : 71)  (10 : 52)  (11 : 43)  (12 : 33)  (13 : 22)  (14 : 21)  (15 : 7)  (16 : 5)  
real Identify

testCase Num: 62
regaular Num: 62
identify Num: 0
1 1 1 1 0 1 0 0 1 1 0 0 2 
2 1 0 1 0 0 0 1 1 1 1 2 0 
2 1 0 0 1 1 1 1 0 0 1 2 1 
1 1 1 1 1 1 0 1 0 1 0 3 0 
0 0 0 0 1 0 1 1 0 0 1 0 0 
1 1 0 0 1 1 0 1 1 0 0 0 1 
1 1 1 0 0 0 1 0 0 1 1 2 0 
2 1 0 0 0 0 1 0 0 1 1 1 2 
1 0 1 0 0 1 1 1 0 1 1 0 2 
1 1 0 1 0 0 1 1 1 0 0 0 2 
0 0 0 1 1 1 0 1 1 0 0 2 0 
0 0 1 0 0 0 1 0 0 1 0 1 2 
0 1 0 0 1 0 0 1 0 0 1 1 1 
2 0 0 1 0 1 1 0 0 0 1 1 2 
0 1 1 1 1 1 1 0 1 1 0 0 2 
2 0 1 1 1 0 1 0 0 1 0 2 2 
2 1 0 0 0 1 0 0 0 1 0 0 0 
2 0 1 1 0 1 0 0 1 1 1 1 1 
1 1 1 1 0 0 0 1 0 0 0 2 1 
1 1 1 0 1 1 1 0 0 1 1 1 0 
1 1 1 0 1 0 1 1 1 0 1 3 1 
1 0 0 0 0 1 1 0 0 1 1 1 0 
0 1 0 0 1 1 0 1 0 0 1 0 2 
1 0 0 1 1 0 1 1 0 1 0 1 1 
1 1 1 1 1 1 0 1 1 0 0 1 2 
2 1 1 1 1 0 0 0 0 0 0 2 2 
2 1 0 1 1 1 1 0 0 0 0 3 1 
0 1 1 1 0 0 0 0 1 1 1 0 1 
1 1 1 1 0 1 1 1 1 1 1 2 2 
2 1 1 0 0 0 0 1 0 1 1 3 2 
1 0 1 1 1 1 0 0 0 0 1 2 1 
2 1 1 0 0 0 1 1 0 1 1 0 1 
2 1 1 0 1 1 1 0 1 1 0 0 0 
0 0 1 0 0 1 1 1 0 1 1 2 1 
1 0 0 1 0 0 1 0 1 0 0 3 2 
2 1 1 0 1 0 0 1 1 0 1 1 1 
2 0 1 0 1 1 1 0 1 0 0 1 0 
2 1 1 1 1 0 1 0 1 1 1 0 1 
1 1 0 1 0 0 1 0 0 0 0 1 1 
2 0 1 0 1 0 1 1 0 1 1 0 1 
1 0 0 0 0 1 0 0 1 1 1 3 1 
1 1 1 1 0 1 1 0 0 0 1 0 0 
0 1 0 1 0 1 1 0 1 0 1 3 0 
0 0 0 1 1 1 1 1 0 1 1 3 2 
1 1 0 0 1 1 0 0 1 0 0 2 0 
1 1 0 0 1 0 1 1 0 1 0 2 2 
2 1 1 1 0 1 0 0 1 1 0 1 1 
2 1 0 1 1 0 0 1 0 1 0 0 0 
0 1 0 0 0 0 0 0 1 0 0 2 2 
0 1 1 0 0 0 0 1 1 0 0 3 1 
2 0 1 0 1 0 1 0 1 1 0 3 0 
2 1 0 0 1 1 0 0 0 0 1 0 2 
1 0 1 1 1 0 0 0 1 0 0 0 0 
2 1 1 1 0 0 0 0 1 1 0 3 1 
0 1 1 1 1 1 0 0 1 1 1 1 0 
2 1 0 0 1 1 1 1 1 1 0 3 2 
2 1 0 0 1 1 0 1 0 1 0 1 0 
2 1 0 1 0 0 1 1 1 0 1 1 0 
1 1 0 0 0 0 1 0 1 1 0 2 1 
2 0 0 0 0 0 0 1 1 0 0 0 2 
1 1 0 1 0 1 0 0 1 0 1 3 2 
2 1 0 0 0 0 1 0 1 0 1 3 0 
MFS
[ 0 , 1 , - , - , - , - , - , - , - , - , - , - , - ]
[ 1 , 0 , - , - , - , - , - , - , - , - , - , - , - ]
[ 0 , 0 , - , - , - , - , - , - , - , - , - , - , - ]
[ 2 , 0 , - , - , - , - , - , - , - , - , - , - , - ]
precise
0.0
recall
0.0
F-measure
0.0
multi
5
time
all 3953 iden 0 gen 3828
t-cover
2212
all-cover
3456
coveredNum
(1 : 888)  (2 : 358)  (3 : 453)  (4 : 423)  (5 : 354)  (6 : 295)  (7 : 220)  (8 : 151)  (9 : 107)  (10 : 59)  (11 : 33)  (12 : 43)  (13 : 26)  (14 : 24)  (15 : 13)  (16 : 5)  (17 : 4)  
real Identify

testCase Num: 60
regaular Num: 60
identify Num: 0
2 1 0 0 1 1 1 0 1 0 0 0 2 
1 1 1 0 1 1 0 0 1 1 0 1 2 
0 0 0 1 1 1 1 1 0 1 0 0 1 
2 1 1 1 0 0 1 1 1 0 0 1 2 
1 1 1 1 0 1 0 0 0 1 1 2 1 
1 1 1 0 1 1 1 1 0 1 1 0 0 
0 0 0 0 1 0 1 0 1 1 0 2 1 
2 1 0 1 0 1 1 1 0 0 0 0 0 
0 0 1 0 0 1 0 1 0 0 0 3 1 
1 1 1 0 0 0 0 1 1 0 0 2 0 
2 1 0 0 0 1 0 1 1 0 1 3 1 
0 0 1 1 0 1 0 0 1 1 1 0 2 
1 1 0 1 1 0 1 0 0 0 0 1 0 
1 1 0 1 0 1 0 1 0 1 0 3 0 
1 1 1 1 1 0 1 0 0 1 0 3 1 
2 1 1 1 1 0 1 0 0 0 1 3 0 
1 1 1 0 0 1 0 1 0 0 1 1 1 
2 0 1 1 0 0 0 1 0 1 0 3 2 
1 1 0 1 0 0 1 1 1 1 0 2 2 
1 0 0 1 0 1 1 1 1 0 1 2 2 
0 1 0 0 0 0 1 1 1 0 1 3 2 
1 1 1 0 1 0 0 1 1 0 0 2 2 
0 1 0 0 0 0 0 0 1 0 0 0 0 
2 1 1 0 0 1 0 1 1 1 1 1 0 
2 1 1 0 0 1 1 0 0 0 1 2 2 
0 1 1 1 1 0 0 0 0 1 1 1 2 
2 1 0 1 0 1 1 0 1 1 0 3 2 
1 1 0 0 1 0 1 1 0 1 1 2 0 
2 1 0 1 0 1 1 0 0 1 1 1 2 
2 0 0 0 1 1 0 1 1 1 0 3 1 
0 0 0 1 1 1 0 0 0 0 0 2 2 
2 1 1 0 0 0 0 0 1 1 0 0 0 
1 0 1 0 0 1 0 1 1 0 0 2 0 
2 1 0 1 0 0 0 0 1 1 0 1 1 
2 1 1 1 1 1 1 1 1 1 1 0 1 
2 0 1 0 0 1 0 1 1 0 1 0 1 
1 0 0 0 1 0 1 0 0 1 0 0 2 
0 1 1 0 1 1 1 1 0 0 1 1 1 
2 0 1 1 1 0 0 1 1 1 1 0 0 
2 1 0 1 1 1 0 1 0 0 0 2 1 
1 0 0 0 0 0 1 1 0 1 1 1 1 
1 0 0 1 1 1 1 0 1 0 0 1 0 
2 0 1 0 0 0 1 1 0 1 1 2 2 
2 1 1 1 0 0 0 0 0 1 1 0 2 
2 0 1 1 0 1 1 0 1 1 1 3 1 
2 1 0 0 1 0 1 1 1 0 1 1 1 
0 0 0 1 0 1 0 1 1 0 1 1 2 
1 1 0 0 1 0 0 1 0 0 1 0 1 
1 1 1 0 0 0 1 0 1 0 0 0 1 
2 1 1 0 0 0 0 1 0 0 0 3 2 
0 0 0 1 1 1 1 0 1 1 0 3 0 
1 1 0 1 1 1 0 1 0 1 1 0 2 
2 0 1 0 1 1 1 0 0 0 0 1 2 
0 1 1 1 0 0 1 1 0 1 1 2 0 
1 0 0 0 0 0 0 1 0 0 1 3 0 
2 1 0 1 1 1 0 0 1 1 1 2 0 
2 1 0 0 1 0 1 1 1 1 1 3 0 
1 1 1 0 1 1 0 0 1 0 1 3 2 
0 1 0 1 0 0 0 1 0 0 0 1 0 
2 1 0 0 0 0 1 0 1 1 0 2 1 
MFS
[ 0 , 1 , - , - , - , - , - , - , - , - , - , - , - ]
[ 1 , 0 , - , - , - , - , - , - , - , - , - , - , - ]
[ 0 , 0 , - , - , - , - , - , - , - , - , - , - , - ]
[ 2 , 0 , - , - , - , - , - , - , - , - , - , - , - ]
precise
0.0
recall
0.0
F-measure
0.0
multi
7
time
all 3672 iden 0 gen 3579
t-cover
2225
all-cover
3456
coveredNum
(1 : 874)  (2 : 346)  (3 : 424)  (4 : 412)  (5 : 382)  (6 : 303)  (7 : 245)  (8 : 154)  (9 : 98)  (10 : 58)  (11 : 43)  (12 : 30)  (13 : 39)  (14 : 21)  (15 : 16)  (16 : 7)  (17 : 3)  (18 : 1)  
real Identify

testCase Num: 64
regaular Num: 64
identify Num: 0
2 0 0 0 1 0 1 1 1 0 0 2 2 
1 1 1 1 1 1 1 1 1 0 1 1 2 
2 1 0 1 0 1 0 1 1 0 1 1 0 
1 1 1 0 0 0 1 1 0 0 0 3 2 
2 1 0 1 1 1 0 0 1 1 1 3 2 
1 0 0 1 1 1 1 0 0 0 1 0 0 
1 1 0 1 0 1 0 0 0 1 0 3 1 
1 0 1 0 1 0 1 1 1 1 0 0 1 
1 1 1 0 1 1 1 1 0 1 1 0 0 
2 1 1 1 0 0 1 0 1 1 0 1 0 
1 0 0 0 1 0 0 0 1 0 0 0 2 
1 1 0 0 1 0 0 0 0 0 1 0 2 
1 1 0 0 0 0 1 1 1 1 0 0 1 
1 1 1 1 1 0 0 1 0 0 1 3 1 
0 0 0 1 1 1 1 0 1 1 1 2 1 
1 1 1 1 0 1 0 0 1 1 0 0 0 
1 1 1 0 1 1 1 1 1 0 0 2 0 
2 1 1 1 0 0 0 0 0 1 0 0 2 
2 1 0 0 0 0 1 0 1 0 0 2 2 
2 1 0 0 1 0 0 0 1 0 0 3 0 
2 0 0 0 0 0 1 1 1 0 1 3 1 
2 1 0 1 1 1 1 1 1 1 1 0 2 
1 0 1 0 0 0 1 0 0 0 0 3 2 
1 0 0 1 0 1 0 1 0 0 0 1 0 
0 0 1 0 1 0 0 1 0 0 0 3 2 
0 0 1 1 1 1 1 0 0 1 1 3 1 
1 1 0 0 1 1 1 0 0 0 1 1 0 
2 1 1 1 1 0 1 0 1 0 1 2 1 
2 0 1 1 1 0 1 1 1 1 1 1 0 
2 1 0 1 1 1 0 0 0 0 0 1 1 
1 1 1 1 1 0 0 0 0 0 0 2 1 
0 0 1 0 0 0 0 1 1 0 0 1 1 
0 0 0 1 0 1 0 1 1 0 1 3 0 
2 0 1 0 0 1 0 0 0 1 1 1 2 
0 1 1 0 0 1 1 0 1 0 0 0 2 
2 1 1 1 0 0 1 0 0 1 0 3 0 
2 0 1 1 1 0 0 1 0 1 1 0 2 
1 1 1 0 1 1 1 1 1 1 1 3 0 
1 1 0 1 1 0 0 1 1 1 1 2 0 
2 1 0 1 0 1 0 0 0 0 1 2 0 
1 0 1 0 0 0 0 1 0 1 1 0 1 
2 1 0 0 0 1 0 1 1 1 1 2 1 
2 1 0 0 0 1 1 1 1 0 1 3 1 
2 0 1 1 0 1 0 0 0 0 0 2 0 
0 0 1 1 0 1 1 0 0 1 0 0 0 
0 1 0 1 1 0 1 0 1 0 0 3 0 
0 0 1 0 1 1 1 1 1 1 0 2 0 
0 0 1 0 0 0 0 1 1 0 1 0 1 
1 1 1 0 1 0 0 0 1 1 1 1 1 
0 1 0 0 1 0 0 1 0 1 1 0 1 
1 1 1 1 1 1 0 1 1 0 0 0 1 
1 1 1 0 1 1 0 0 1 1 0 2 2 
1 0 0 0 0 1 0 0 1 1 0 2 2 
0 1 0 0 1 1 0 0 1 1 1 1 0 
1 0 0 0 0 0 1 0 1 1 1 1 1 
1 1 0 0 0 0 0 1 1 1 0 1 2 
2 1 1 0 0 1 1 1 0 1 0 1 1 
2 1 0 0 0 0 0 1 1 0 0 0 0 
2 1 0 0 1 0 1 0 0 0 1 1 2 
1 1 1 1 0 1 1 1 0 0 1 2 2 
2 1 1 0 0 1 1 0 0 0 1 0 1 
0 1 0 1 0 0 1 1 0 1 0 1 2 
0 1 1 1 0 0 0 1 0 0 1 2 2 
1 1 0 0 0 0 1 1 0 1 1 2 0 
MFS
[ 0 , 1 , - , - , - , - , - , - , - , - , - , - , - ]
[ 1 , 0 , - , - , - , - , - , - , - , - , - , - , - ]
[ 0 , 0 , - , - , - , - , - , - , - , - , - , - , - ]
[ 2 , 0 , - , - , - , - , - , - , - , - , - , - , - ]
precise
0.0
recall
0.0
F-measure
0.0
multi
8
time
all 3523 iden 0 gen 3398
t-cover
2289
all-cover
3456
coveredNum
(1 : 857)  (2 : 378)  (3 : 468)  (4 : 452)  (5 : 322)  (6 : 302)  (7 : 222)  (8 : 144)  (9 : 88)  (10 : 75)  (11 : 37)  (12 : 38)  (13 : 25)  (14 : 21)  (15 : 19)  (16 : 6)  (17 : 2)  
real Identify

testCase Num: 59
regaular Num: 59
identify Num: 0
1 1 0 0 0 0 0 1 0 1 0 2 0 
2 1 1 1 1 1 0 0 0 0 1 3 0 
1 1 0 0 1 1 1 0 1 0 0 0 0 
1 1 1 0 0 1 0 0 1 1 0 3 1 
2 1 1 0 0 0 0 1 0 0 1 0 0 
1 0 0 0 0 0 0 0 1 1 1 1 1 
1 0 0 1 1 1 0 1 0 1 0 3 1 
1 1 0 1 0 0 1 0 0 0 0 3 2 
2 0 0 1 1 0 0 1 1 1 0 3 0 
1 1 0 1 0 0 1 0 0 1 0 0 2 
1 1 0 1 0 1 0 1 0 1 1 1 2 
2 1 0 0 1 1 0 0 1 0 1 1 1 
1 0 1 0 0 1 0 0 0 1 0 0 2 
1 1 0 1 1 1 1 1 1 1 1 1 0 
2 1 0 1 0 1 0 0 1 0 1 1 0 
0 0 1 0 0 0 0 0 1 0 1 2 0 
2 0 1 1 1 1 1 1 0 0 0 1 1 
2 1 0 1 0 0 1 0 1 1 1 3 1 
0 1 0 1 0 0 1 0 0 0 1 2 1 
1 1 1 1 0 0 1 1 0 1 1 3 0 
0 0 0 1 0 1 0 1 0 1 1 0 0 
0 0 0 1 1 1 0 0 1 0 1 3 2 
1 1 0 0 0 0 1 1 1 1 0 1 1 
0 0 1 1 1 0 0 0 1 1 1 1 0 
2 1 1 1 1 0 0 1 0 1 0 0 1 
2 1 1 1 1 0 1 0 1 0 0 0 2 
0 0 1 0 0 1 1 0 0 0 0 1 2 
1 1 1 1 0 1 1 0 0 0 0 1 2 
1 1 0 0 0 0 1 0 1 1 0 0 1 
1 1 0 0 1 1 1 0 1 0 0 3 0 
0 0 1 0 0 0 1 1 1 0 0 3 1 
1 1 1 0 0 1 0 1 0 0 1 2 2 
0 1 0 1 1 1 1 1 1 1 0 1 1 
2 1 0 0 1 1 1 0 1 0 0 2 2 
0 0 0 0 1 0 0 0 0 1 0 3 2 
1 1 1 1 1 0 0 0 1 1 1 2 2 
0 1 1 0 1 1 1 0 0 0 0 3 0 
2 1 1 1 0 0 1 0 1 0 0 2 0 
2 1 1 1 1 0 1 1 0 0 1 3 2 
2 1 0 1 1 0 0 1 1 1 1 2 1 
0 1 1 0 1 0 0 0 1 0 1 0 1 
1 1 0 0 1 0 0 1 0 0 1 3 1 
1 1 1 0 1 0 0 1 0 0 0 1 0 
2 0 0 1 0 1 1 0 0 1 1 0 1 
0 1 1 1 1 0 1 0 1 1 0 0 2 
2 0 0 0 0 1 0 0 1 1 0 2 1 
1 0 0 0 1 0 1 0 1 0 0 0 0 
2 1 0 1 1 1 1 1 0 1 1 2 0 
2 0 1 0 0 1 0 0 1 1 1 3 1 
1 1 0 1 0 1 0 0 0 1 1 0 0 
2 1 0 0 0 1 0 1 1 0 1 0 2 
2 1 1 0 1 0 1 0 1 1 1 1 2 
2 1 1 1 0 0 0 1 0 1 0 1 1 
0 0 0 0 1 1 0 1 0 1 0 2 2 
2 0 1 1 0 0 1 1 1 0 0 2 2 
1 1 1 0 0 1 1 0 0 0 0 2 1 
1 1 1 1 1 1 1 1 0 0 1 0 1 
2 1 1 0 1 1 0 1 1 1 0 3 2 
1 0 1 0 1 1 1 1 0 0 0 2 1 
MFS
[ 0 , 1 , - , - , - , - , - , - , - , - , - , - , - ]
[ 1 , 0 , - , - , - , - , - , - , - , - , - , - , - ]
[ 0 , 0 , - , - , - , - , - , - , - , - , - , - , - ]
[ 2 , 0 , - , - , - , - , - , - , - , - , - , - , - ]
precise
0.0
recall
0.0
F-measure
0.0
multi
8
time
all 3469 iden 0 gen 3376
t-cover
2223
all-cover
3456
coveredNum
(1 : 861)  (2 : 323)  (3 : 433)  (4 : 378)  (5 : 378)  (6 : 307)  (7 : 224)  (8 : 187)  (9 : 109)  (10 : 69)  (11 : 44)  (12 : 35)  (13 : 42)  (14 : 24)  (15 : 17)  (16 : 13)  (17 : 7)  (18 : 1)  (19 : 2)  (20 : 1)  (21 : 1)  
real Identify

