testCase Num: 114
regaular Num: 41
identify Num: 73
0 0 1 0 1 1 1 0 3 2 1 0 
1 0 1 1 0 1 1 1 3 1 0 0 
0 0 1 1 0 1 0 0 3 1 0 1 
0 1 0 1 1 1 1 0 3 1 1 1 
0 1 0 0 1 1 1 0 3 2 1 1 
0 1 0 0 1 1 1 0 3 2 1 0 
0 0 0 0 0 0 0 0 0 1 0 0 
0 0 1 1 0 1 0 1 2 2 1 0 
2 0 1 1 0 1 0 0 3 2 0 1 
0 0 1 0 1 1 1 1 2 2 1 0 
0 1 0 0 0 1 1 1 0 0 1 1 
2 0 0 1 0 0 1 1 2 2 0 0 
0 0 1 0 1 1 1 0 2 0 1 0 
2 1 1 0 0 1 1 0 1 0 0 0 
0 1 0 1 1 1 1 0 3 1 0 0 
2 1 0 0 0 0 0 1 1 2 1 1 
0 1 1 0 0 0 1 0 1 1 0 0 
0 1 0 0 1 1 1 0 3 2 0 0 
0 1 0 0 0 1 1 0 3 2 1 1 
2 0 1 1 0 1 0 0 2 1 0 1 
0 0 1 1 0 1 0 1 2 1 0 1 
1 0 1 0 1 1 1 0 2 2 0 1 
0 1 0 1 1 1 1 0 3 2 1 1 
2 0 1 0 1 1 0 0 2 1 0 1 
1 0 0 1 0 1 0 1 2 2 1 0 
2 1 0 0 1 1 1 0 3 2 0 0 
0 0 0 0 0 0 0 0 2 1 1 0 
0 1 0 0 1 1 1 0 3 1 1 1 
0 1 0 0 1 1 1 0 3 1 1 0 
2 1 0 0 1 1 0 1 3 2 0 0 
0 0 1 0 0 1 0 1 2 2 1 0 
0 1 0 0 1 1 1 0 1 2 0 0 
0 0 0 0 0 0 0 0 0 2 0 0 
0 0 1 1 0 1 1 1 3 1 0 0 
1 1 0 0 1 0 0 0 3 0 0 1 
1 0 1 1 0 1 0 1 3 0 0 0 
2 0 1 1 0 1 1 0 2 1 0 1 
1 0 1 1 0 0 0 1 2 2 0 0 
0 1 0 0 0 1 1 1 3 1 0 0 
1 0 1 1 0 0 0 1 1 0 1 0 
2 1 1 1 1 0 1 0 3 0 1 1 
0 1 0 0 1 0 0 1 3 2 0 0 
2 0 1 1 0 1 0 0 0 2 1 1 
0 1 0 0 1 1 1 0 3 1 0 0 
2 1 0 0 1 1 0 1 2 1 0 0 
1 0 0 0 0 0 0 0 3 2 0 0 
0 1 1 1 0 1 0 1 3 2 0 0 
0 0 0 0 0 0 0 1 3 0 0 1 
0 0 1 0 1 1 1 0 2 2 0 0 
0 0 0 1 0 0 0 1 1 1 0 0 
0 0 1 0 1 1 1 0 2 2 0 1 
2 0 1 1 0 1 0 1 3 2 0 0 
1 0 1 1 0 0 1 1 2 0 0 0 
2 0 0 0 0 0 0 0 0 0 0 1 
0 1 0 0 1 1 0 1 3 2 0 0 
0 1 0 0 0 1 0 1 3 2 0 0 
0 1 0 0 1 1 1 0 3 0 1 1 
2 0 0 1 1 1 0 1 1 0 0 1 
1 1 0 0 1 0 1 1 2 1 0 1 
1 0 1 0 0 0 0 0 1 2 0 0 
2 1 0 1 0 0 0 1 3 1 1 0 
1 1 0 0 0 0 0 0 2 0 1 1 
2 0 1 1 0 1 0 0 0 0 1 0 
1 0 1 0 0 0 1 0 3 1 1 1 
0 1 1 1 1 0 1 0 0 1 1 1 
2 0 1 1 0 0 0 0 2 1 0 1 
2 1 1 1 0 1 0 1 3 2 0 0 
0 1 0 0 1 1 1 1 3 1 0 0 
0 1 1 0 0 0 0 0 2 0 0 0 
2 0 0 0 1 1 0 0 2 1 0 1 
0 1 0 1 0 1 1 1 3 1 0 0 
0 0 1 0 1 1 1 0 2 2 1 0 
0 0 0 1 1 0 0 0 1 0 1 1 
1 0 1 0 1 1 1 1 1 1 1 1 
2 0 0 1 1 1 1 0 0 1 1 0 
1 0 1 1 1 0 0 0 0 0 0 0 
2 0 0 0 0 0 0 0 2 0 1 0 
2 1 0 1 0 1 0 1 3 2 0 0 
1 0 0 0 0 1 0 1 0 2 1 1 
2 0 1 1 0 1 0 0 1 2 1 0 
0 0 0 1 0 0 0 0 3 2 0 0 
0 1 0 0 1 0 1 1 3 1 0 0 
1 1 1 1 0 0 1 0 0 2 0 1 
1 1 0 1 1 1 1 0 1 2 1 0 
2 1 0 0 1 1 1 0 3 0 0 0 
0 1 0 0 1 1 0 1 3 1 0 0 
0 1 0 0 0 1 1 0 3 1 1 1 
0 1 1 1 0 1 1 1 3 1 0 0 
0 0 0 0 0 0 0 0 0 0 0 0 
0 1 0 0 1 1 0 1 3 1 1 0 
0 1 0 1 0 1 0 1 3 2 0 0 
0 0 1 1 0 1 0 1 3 2 0 0 
0 0 1 0 1 0 0 1 2 2 1 0 
0 0 1 1 0 1 0 0 3 0 1 0 
0 1 0 1 1 0 0 0 2 2 1 1 
1 0 1 1 0 0 0 1 0 1 0 0 
0 1 0 0 1 1 1 1 3 2 0 0 
1 0 0 0 0 1 1 0 2 0 0 0 
1 1 0 1 0 1 0 1 2 2 1 0 
1 0 1 1 0 1 0 1 3 2 0 0 
0 0 1 1 1 1 0 0 2 1 0 1 
2 0 0 0 0 0 0 0 1 1 0 0 
2 1 0 0 1 1 1 0 3 0 1 1 
0 1 0 0 1 1 0 1 3 1 1 1 
0 0 1 0 1 1 0 1 2 2 1 0 
2 1 0 0 0 1 0 1 3 2 0 0 
1 1 0 0 1 1 0 0 2 1 0 1 
2 1 0 1 0 1 0 1 2 2 1 0 
0 1 0 0 1 1 0 1 3 0 0 0 
2 0 0 0 0 0 1 0 3 2 1 1 
2 1 1 0 1 1 0 1 0 2 0 0 
2 1 0 0 1 1 1 1 3 2 0 0 
0 0 1 1 1 1 1 0 2 2 0 1 
2 1 0 0 1 1 0 0 2 1 0 1 
MFS
[ - , - , - , - , - , 1 , 0 , 0 , - , - , - , - ]
[ - , - , - , - , - , 1 , - , - , 3 , 1 , - , - ]
[ - , - , - , - , - , 1 , - , - , 3 , 2 , - , - ]
[ - , - , - , - , - , 1 , - , - , 2 , 2 , - , - ]
precise
1.0
recall
0.8
F-measure
0.888888888888889
multi
1
time
all 3165 iden 2007 gen 612
t-cover
993
all-cover
2742
coveredNum
(1 : 243)  (2 : 429)  (3 : 479)  (4 : 441)  (5 : 318)  (6 : 238)  (7 : 164)  (8 : 124)  (9 : 96)  (10 : 64)  (11 : 33)  (12 : 33)  (13 : 15)  (14 : 14)  (15 : 16)  (16 : 5)  (17 : 12)  (18 : 5)  (19 : 7)  (20 : 4)  (21 : 2)  
real Identify
([ - , - , - , - , - , 1 , 0 , 0 , - , - , - , - ] : 1)  ([ - , - , - , - , - , 1 , - , - , 3 , 1 , - , - ] : 1)  ([ - , - , - , - , - , 1 , - , - , 3 , 2 , - , - ] : 1)  ([ - , - , - , - , - , 1 , - , - , 2 , 2 , - , - ] : 1)  
multiple f measure
0.6666666666666666
multiple f recall
0.5
multiple f precise
1.0
multiple f found
1.0
multiple f found percent
0.5
multipe helpedInTheNextRun
0.0
multipe helpedInTheNextRun percent
0.0
negative checked
0.0
negtive impoved
0.0
postive checked
2.0
postive impoved
1.0
feedback start times
5.0
testCase Num: 115
regaular Num: 42
identify Num: 73
1 0 0 1 0 1 1 0 1 1 0 0 
1 1 0 1 0 1 0 1 2 0 0 1 
0 1 0 1 0 1 1 1 0 2 0 1 
1 0 0 0 0 0 1 1 0 1 0 1 
0 0 1 0 1 0 1 0 3 0 0 1 
2 1 1 1 1 0 0 1 2 1 1 1 
0 1 0 0 0 1 1 0 3 2 1 0 
0 0 0 1 1 0 0 1 2 0 0 0 
2 0 1 1 1 1 1 0 3 2 1 0 
1 0 0 1 0 1 0 1 2 1 0 0 
2 0 1 1 0 1 1 0 3 2 1 0 
2 0 1 1 0 1 0 1 3 1 1 0 
0 1 0 0 1 0 0 0 3 0 0 0 
2 0 1 0 1 1 1 0 2 2 0 1 
1 0 1 1 1 1 0 1 3 2 0 1 
2 0 0 0 0 0 0 0 1 0 0 0 
1 0 0 0 0 1 0 0 3 2 0 1 
2 0 0 1 0 1 1 0 2 1 1 1 
0 1 0 0 0 1 0 1 3 1 1 0 
0 0 0 0 0 0 0 0 3 1 1 1 
0 1 0 1 0 1 0 1 3 0 1 0 
1 0 0 1 0 1 1 1 2 1 0 0 
2 1 0 0 0 1 0 1 3 1 1 0 
0 0 0 1 0 1 1 0 2 1 1 1 
2 1 1 0 0 1 0 0 3 2 0 1 
2 0 1 1 1 1 1 0 3 1 0 0 
2 0 1 1 1 1 1 0 3 1 0 1 
1 0 1 0 1 1 0 1 2 1 0 0 
1 0 0 1 1 1 0 1 3 2 0 1 
2 0 1 1 1 0 1 0 3 2 1 0 
2 0 0 0 0 0 0 0 2 0 0 0 
0 0 1 1 1 1 1 1 1 1 1 1 
2 0 0 0 0 0 0 0 0 1 0 0 
0 0 0 0 0 0 0 0 3 2 0 0 
1 1 1 1 1 1 0 1 3 2 0 1 
1 0 0 1 1 1 0 0 2 2 0 1 
2 0 1 1 1 1 1 1 3 1 1 0 
1 0 1 0 1 1 1 0 3 1 0 1 
2 0 0 0 0 1 0 1 3 1 1 0 
2 1 0 1 1 1 1 0 2 2 0 1 
2 1 0 1 0 1 1 0 2 2 0 1 
0 0 0 1 1 1 0 0 2 1 1 0 
1 0 0 0 0 0 0 0 0 2 0 0 
1 1 1 0 1 0 0 0 0 1 1 1 
0 1 1 0 1 0 0 1 1 0 0 0 
1 0 0 1 1 1 0 0 1 0 1 0 
1 1 0 0 1 0 1 1 2 2 1 0 
2 1 0 1 0 0 1 0 2 2 0 1 
0 0 0 0 1 0 0 0 1 2 0 0 
0 0 0 0 0 0 0 0 0 2 1 1 
2 0 0 0 0 1 0 1 2 0 1 1 
1 0 0 1 1 0 0 0 3 2 0 1 
1 0 1 0 0 1 1 0 3 2 1 0 
2 1 0 1 0 1 0 1 1 2 0 1 
1 1 0 0 0 0 0 1 1 0 0 0 
2 1 1 0 0 0 1 1 3 2 0 1 
2 1 1 1 0 0 0 0 1 1 1 0 
1 0 1 0 0 0 1 0 1 2 0 0 
2 1 1 1 1 1 1 0 0 0 0 0 
2 1 1 0 1 1 1 0 2 2 0 1 
1 1 0 0 0 0 1 0 3 1 0 1 
2 0 1 1 1 1 0 1 3 2 0 1 
0 1 0 0 0 0 0 1 1 2 1 0 
2 0 1 1 1 1 0 1 3 2 0 0 
0 0 1 0 1 1 1 0 2 2 0 1 
2 0 1 1 1 0 0 1 3 1 1 0 
1 1 1 1 0 1 0 1 2 2 1 0 
2 0 0 0 0 1 1 0 3 2 1 0 
1 0 0 1 1 1 0 0 2 1 0 1 
2 0 0 1 1 1 0 1 2 1 0 0 
0 1 0 0 0 0 1 0 2 1 1 0 
1 0 1 1 1 1 1 0 0 1 1 0 
1 0 1 1 1 1 1 0 3 1 0 1 
0 0 0 0 0 1 1 0 3 0 0 0 
2 0 1 1 1 1 1 0 3 0 1 0 
1 0 0 1 0 1 1 0 2 0 0 0 
2 0 1 1 1 1 0 1 3 2 1 0 
0 0 1 1 0 1 1 0 1 0 0 0 
2 1 0 0 0 1 1 0 3 2 1 0 
0 0 1 0 0 1 0 1 0 1 0 0 
1 0 0 1 1 1 0 0 3 2 0 1 
1 0 1 1 1 1 0 1 3 0 1 0 
1 0 0 1 0 0 0 1 2 1 0 0 
2 0 1 1 1 1 0 1 0 2 1 0 
1 1 1 0 0 1 0 0 3 2 0 1 
1 0 0 1 0 1 1 0 2 1 1 1 
1 0 0 1 0 1 1 0 2 1 1 0 
0 0 1 0 1 0 0 0 2 2 0 1 
2 1 0 0 1 1 1 0 1 1 0 0 
1 0 0 1 1 1 0 0 2 0 1 1 
2 1 0 1 0 1 0 1 2 2 0 1 
0 0 0 0 0 0 0 0 0 0 0 0 
0 0 0 0 1 0 0 0 0 2 0 0 
2 0 0 0 1 1 0 1 2 1 0 0 
0 1 1 0 1 1 0 1 2 1 0 0 
1 1 1 0 1 1 0 1 2 1 0 0 
1 0 0 0 1 0 0 0 1 0 1 1 
2 0 1 1 1 1 1 0 3 1 1 0 
1 0 0 1 0 1 1 0 2 1 0 0 
1 1 0 1 0 1 0 1 2 2 1 1 
1 1 0 1 0 1 0 1 2 2 1 0 
2 0 1 1 1 1 0 1 3 1 1 0 
2 0 0 1 0 0 0 1 0 0 1 1 
2 0 1 0 0 1 0 1 3 1 1 0 
2 1 0 0 1 1 1 0 2 2 0 1 
1 0 1 0 0 1 0 0 3 2 0 1 
1 0 1 0 0 1 1 1 2 0 0 0 
2 0 0 0 0 0 0 0 3 0 0 0 
0 0 0 0 0 1 1 0 0 2 1 0 
1 0 0 1 0 1 0 0 3 2 0 1 
1 0 0 1 1 1 0 0 0 1 1 0 
2 1 0 1 0 1 0 1 2 2 1 0 
0 0 0 0 1 1 0 1 2 0 0 0 
1 0 0 1 1 1 1 0 3 2 0 1 
1 0 0 0 0 0 0 0 0 0 1 0 
MFS
[ - , - , - , - , - , 1 , 0 , 0 , - , - , - , - ]
[ - , - , - , - , - , 1 , - , - , 3 , 1 , - , - ]
[ - , - , - , - , - , 1 , - , - , 2 , 1 , - , - ]
[ - , - , - , - , - , 1 , - , - , 3 , 2 , - , - ]
[ - , - , - , - , - , 1 , - , - , 2 , 2 , - , - ]
precise
1.0
recall
1.0
F-measure
1.0
multi
1
time
all 3001 iden 1751 gen 610
t-cover
943
all-cover
2742
coveredNum
(1 : 274)  (2 : 443)  (3 : 513)  (4 : 412)  (5 : 329)  (6 : 241)  (7 : 175)  (8 : 107)  (9 : 82)  (10 : 33)  (11 : 34)  (12 : 16)  (13 : 1)  (14 : 9)  (15 : 10)  (16 : 16)  (17 : 16)  (18 : 19)  (19 : 8)  (20 : 4)  
real Identify
([ - , - , - , - , - , 1 , 0 , 0 , - , - , - , - ] : 1)  ([ - , - , - , - , - , 1 , - , - , 3 , 1 , - , - ] : 1)  ([ - , - , - , - , - , 1 , - , - , 2 , 1 , - , - ] : 1)  ([ - , - , - , - , - , 1 , - , - , 3 , 2 , - , - ] : 1)  ([ - , - , - , - , - , 1 , - , - , 2 , 2 , - , - ] : 1)  
multiple f measure
0.6666666666666666
multiple f recall
0.5
multiple f precise
1.0
multiple f found
1.0
multiple f found percent
0.5
multipe helpedInTheNextRun
1.0
multipe helpedInTheNextRun percent
0.5
negative checked
0.0
negtive impoved
0.0
postive checked
0.0
postive impoved
0.0
feedback start times
5.0
testCase Num: 143
regaular Num: 35
identify Num: 109
0 0 0 0 0 0 0 1 1 0 0 0 
0 0 1 1 1 1 1 0 3 1 1 0 
2 0 1 1 0 0 1 0 3 1 1 0 
1 1 0 1 1 1 0 1 3 2 1 0 
2 1 0 1 0 1 1 0 2 1 1 0 
2 1 0 0 0 0 0 0 3 2 0 1 
2 1 0 1 0 1 1 0 2 1 1 1 
0 1 0 1 0 1 1 1 2 1 0 0 
0 0 1 1 0 1 1 0 3 1 1 0 
2 0 1 1 0 1 0 1 3 0 0 1 
0 0 1 0 0 1 1 0 3 2 1 0 
0 0 0 1 0 1 0 1 3 0 1 1 
0 1 0 0 0 1 0 1 3 0 0 0 
2 0 0 1 1 1 0 1 1 2 0 1 
0 1 0 1 0 1 1 0 2 0 1 1 
1 0 0 0 0 1 0 1 2 2 0 1 
1 0 0 0 1 1 1 0 3 1 1 0 
2 1 0 1 0 1 1 0 2 1 0 0 
2 0 1 1 0 1 0 1 3 1 1 0 
1 1 0 1 0 1 0 1 0 2 1 1 
0 0 1 0 0 1 1 0 3 2 0 1 
1 0 0 1 0 1 0 0 1 2 0 0 
1 0 0 0 0 0 0 1 3 1 0 1 
1 0 1 0 1 1 1 0 3 0 1 1 
0 1 0 1 1 1 0 1 2 1 0 0 
2 0 1 1 0 1 0 1 0 1 1 0 
1 1 0 0 1 1 1 0 3 1 1 0 
2 1 1 1 1 1 1 0 2 0 0 1 
2 1 0 1 0 1 1 0 2 2 1 1 
0 0 0 1 0 1 0 0 2 1 0 0 
1 0 1 0 1 1 0 1 2 1 0 0 
0 1 1 1 1 1 1 0 2 2 1 0 
1 0 1 0 1 0 0 1 1 1 0 0 
0 0 1 0 1 1 1 0 3 1 1 0 
1 1 0 0 1 0 1 0 0 0 1 0 
2 1 0 1 0 1 1 0 2 2 1 0 
2 0 1 0 0 1 1 0 3 2 0 0 
2 0 1 0 0 1 1 0 0 2 1 0 
2 0 1 0 0 1 1 0 3 2 0 1 
0 0 1 0 0 1 1 0 3 1 1 0 
0 0 1 1 0 1 0 1 3 0 1 0 
1 0 0 1 0 1 0 0 2 2 0 1 
0 1 0 0 1 1 1 0 3 1 1 0 
2 0 0 1 1 1 0 1 3 2 1 0 
0 0 0 1 1 0 1 0 1 0 1 0 
1 0 0 1 0 0 0 0 3 0 1 1 
0 1 0 0 0 0 0 0 1 1 0 1 
0 0 1 1 0 1 0 1 3 0 0 1 
0 1 0 1 1 1 1 0 2 1 1 1 
0 0 0 1 1 0 1 1 0 1 1 1 
0 1 1 1 0 1 1 0 3 1 1 0 
0 0 0 1 0 1 0 0 2 2 1 1 
0 0 1 0 1 0 0 0 2 1 1 1 
1 1 0 1 1 0 0 1 1 0 1 0 
2 1 0 0 0 0 0 0 1 2 1 0 
2 0 1 0 1 1 1 0 3 1 1 0 
2 1 0 1 0 1 1 1 2 1 0 0 
0 1 0 0 1 1 0 1 2 1 0 0 
2 1 0 0 1 1 0 1 2 1 0 0 
1 0 1 0 1 1 1 0 3 1 1 0 
0 1 0 1 0 1 1 0 2 2 0 0 
0 0 1 0 0 0 0 1 3 2 1 0 
1 1 0 1 1 0 1 0 3 2 0 0 
0 1 1 0 1 0 0 0 3 1 0 0 
0 0 0 1 1 1 0 0 3 0 1 1 
0 0 0 1 0 1 0 0 3 0 1 1 
2 1 1 0 0 0 1 0 1 0 0 1 
2 1 1 0 1 1 0 1 2 1 0 0 
2 0 1 1 0 1 0 1 3 2 0 0 
0 0 1 1 0 1 0 1 3 1 1 0 
2 1 0 0 0 1 0 1 2 2 0 1 
0 0 1 0 0 1 1 0 3 0 1 0 
0 0 0 0 1 0 0 0 2 2 1 0 
0 0 1 0 1 1 0 1 3 2 1 0 
0 0 1 0 0 1 0 1 3 2 1 0 
2 1 0 1 0 1 0 1 2 1 0 0 
2 1 0 1 1 1 0 1 2 1 0 0 
0 1 0 1 0 1 1 0 2 2 1 1 
0 0 1 1 0 1 0 1 3 1 0 1 
0 0 1 1 0 1 0 1 3 1 0 0 
0 0 1 1 1 1 0 1 3 1 0 1 
1 0 1 0 0 1 1 0 3 2 0 1 
2 0 0 0 1 0 0 1 2 1 1 1 
2 1 1 1 1 1 1 0 2 2 1 0 
1 0 1 1 0 1 1 1 1 1 1 1 
2 1 1 1 1 1 1 0 2 2 1 1 
0 0 1 0 1 1 0 0 3 0 1 1 
2 0 1 1 1 1 0 1 3 2 1 0 
2 0 1 0 1 1 0 1 2 1 0 0 
0 0 0 1 0 1 1 0 3 0 1 1 
2 1 0 0 1 1 1 0 3 1 1 0 
0 1 1 1 1 1 1 1 2 2 0 1 
1 1 1 0 0 0 0 0 0 1 0 0 
1 0 1 1 1 1 1 0 3 1 1 0 
0 1 1 1 1 0 0 1 2 2 0 1 
0 1 0 1 0 1 1 0 2 1 0 0 
2 1 1 1 1 1 1 0 2 2 0 1 
2 1 0 1 1 0 1 1 2 2 0 0 
1 1 0 0 1 0 1 0 2 1 1 0 
1 0 0 0 0 0 0 0 1 2 0 0 
2 0 0 0 1 1 1 0 3 1 1 0 
0 0 0 1 0 1 0 1 0 0 0 0 
0 1 0 1 0 0 0 1 2 1 0 0 
0 0 0 0 1 1 1 0 0 1 0 0 
0 0 1 0 1 1 0 1 2 1 0 0 
0 0 1 0 0 1 0 1 3 1 1 0 
1 0 0 1 0 1 0 0 0 1 0 0 
2 1 1 0 1 1 0 0 3 0 1 1 
0 0 1 0 0 1 0 1 3 1 0 1 
0 0 0 0 0 0 0 0 0 0 0 0 
2 1 1 0 1 0 1 1 3 0 1 1 
0 0 1 1 0 1 0 1 3 2 0 0 
1 0 1 0 0 1 1 0 1 0 0 0 
0 1 1 0 1 1 0 1 2 1 0 0 
0 1 0 1 0 1 1 0 2 1 1 1 
0 0 1 1 0 1 0 1 3 2 0 1 
1 0 0 1 0 0 0 0 2 0 0 1 
2 1 0 1 0 1 1 0 0 1 0 0 
0 1 1 1 1 1 0 1 2 2 0 1 
2 0 1 1 1 1 1 0 3 1 1 0 
1 0 1 0 1 0 0 1 0 2 0 0 
0 0 0 1 0 1 0 0 2 0 1 1 
0 1 1 1 0 1 0 1 2 2 0 1 
1 0 1 0 0 0 1 0 2 2 0 0 
0 0 1 1 1 1 1 0 2 2 1 0 
0 1 1 1 1 1 1 0 0 2 0 1 
2 1 0 1 0 1 1 0 2 0 0 0 
2 0 1 1 0 1 1 0 3 1 1 0 
2 0 1 1 0 1 0 1 3 2 1 0 
1 0 0 0 1 1 0 1 2 0 0 0 
2 0 0 0 0 1 0 1 2 2 0 1 
2 0 0 0 0 0 0 0 1 1 0 0 
1 0 0 0 1 1 0 0 3 0 1 1 
0 1 0 1 1 1 0 1 3 2 1 0 
0 1 0 1 0 1 0 1 2 1 0 0 
0 0 0 0 1 1 1 0 3 1 1 0 
0 1 1 0 1 1 0 0 3 0 1 1 
0 0 1 1 0 1 0 1 3 2 1 0 
2 0 1 1 0 1 0 1 3 2 0 1 
2 1 1 0 0 1 0 1 2 2 0 1 
0 0 1 0 0 1 1 1 3 2 1 0 
0 1 1 0 1 1 1 0 1 2 0 1 
2 0 1 0 1 0 1 1 0 0 0 1 
MFS
[ - , - , - , - , - , 1 , 0 , 0 , - , - , - , - ]
[ - , - , - , - , - , 1 , - , - , 3 , 1 , - , - ]
[ - , - , - , - , - , 1 , - , - , 2 , 1 , - , - ]
[ - , - , - , - , - , 1 , - , - , 3 , 2 , - , - ]
[ - , - , - , - , - , 1 , - , - , 2 , 2 , - , - ]
precise
1.0
recall
1.0
F-measure
1.0
multi
0
time
all 7642 iden 6486 gen 515
t-cover
990
all-cover
2742
coveredNum
(1 : 203)  (2 : 354)  (3 : 369)  (4 : 355)  (5 : 318)  (6 : 249)  (7 : 228)  (8 : 178)  (9 : 148)  (10 : 99)  (11 : 71)  (12 : 58)  (13 : 34)  (14 : 36)  (15 : 20)  (16 : 7)  (17 : 8)  (18 : 4)  (19 : 2)  (20 : 1)  
real Identify
([ - , - , - , - , - , 1 , 0 , 0 , - , - , - , - ] : 1)  ([ - , - , - , - , - , 1 , - , - , 3 , 1 , - , - ] : 1)  ([ - , - , - , - , - , 1 , - , - , 2 , 1 , - , - ] : 1)  ([ - , - , - , - , - , 1 , - , - , 3 , 2 , - , - ] : 1)  ([ - , - , - , - , - , 1 , - , - , 2 , 2 , - , - ] : 1)  
multiple f measure
NaN
multiple f recall
NaN
multiple f precise
0.0
multiple f found
0.0
multiple f found percent
NaN
multipe helpedInTheNextRun
0.0
multipe helpedInTheNextRun percent
NaN
negative checked
0.0
negtive impoved
0.0
postive checked
5.0
postive impoved
2.0
feedback start times
8.0
testCase Num: 133
regaular Num: 34
identify Num: 100
0 1 1 0 1 1 1 0 3 1 0 0 
0 1 1 0 1 1 1 0 3 1 0 1 
2 0 1 1 1 1 1 0 2 1 1 0 
0 0 1 0 1 1 1 0 3 2 1 1 
2 0 1 1 1 0 1 0 1 2 1 0 
1 1 1 0 0 1 0 1 3 2 0 0 
1 1 0 1 1 1 1 0 2 2 0 0 
1 0 1 0 1 1 0 0 0 0 0 0 
1 0 1 0 1 0 0 0 2 2 1 1 
2 0 0 0 0 0 1 0 3 2 0 0 
1 0 0 1 1 1 1 0 2 2 0 0 
2 1 1 0 1 1 1 0 3 2 0 0 
0 0 1 0 1 1 0 0 3 2 1 1 
1 1 0 1 0 1 0 1 3 2 0 0 
2 1 0 1 0 0 1 1 2 2 1 1 
0 1 1 0 1 1 1 0 3 2 1 1 
0 1 0 0 1 1 1 0 3 2 0 0 
0 1 0 0 1 1 1 0 2 1 1 0 
0 1 1 0 1 0 0 1 3 2 0 0 
1 1 0 0 1 0 1 1 3 0 0 0 
0 1 1 0 1 1 1 1 3 2 0 0 
1 0 1 0 1 1 1 0 2 2 0 0 
1 0 0 1 0 0 0 1 1 2 1 0 
0 1 1 1 1 1 0 1 3 2 0 0 
1 0 0 0 0 0 0 0 1 0 0 0 
1 1 1 1 0 1 1 1 3 1 1 1 
1 0 1 0 0 1 0 1 2 0 0 0 
1 1 1 0 1 1 1 1 3 1 1 1 
1 0 1 0 0 1 0 1 2 2 0 0 
0 1 1 0 1 1 1 0 3 2 0 0 
0 1 1 1 0 0 0 0 1 1 0 1 
2 0 1 1 1 0 1 0 0 1 0 1 
2 0 0 1 1 0 0 0 1 0 1 1 
1 1 1 1 0 1 0 1 3 2 0 0 
0 1 1 0 0 1 1 1 3 2 0 0 
2 0 0 0 0 1 0 1 1 2 0 1 
2 0 0 1 0 1 0 1 3 2 0 0 
1 1 0 1 0 1 0 0 2 2 1 1 
2 1 1 0 1 1 1 1 3 1 0 1 
2 0 1 0 0 1 0 1 0 2 0 0 
1 1 1 0 1 1 0 1 3 1 1 1 
0 1 1 0 1 1 1 0 0 2 0 0 
1 0 1 0 0 1 0 1 2 2 1 0 
1 0 1 0 0 1 0 1 2 2 1 1 
2 1 0 1 0 1 0 0 2 2 1 1 
0 1 0 1 1 1 1 0 2 1 1 0 
0 0 0 1 0 1 0 1 3 2 0 0 
1 1 1 0 1 0 1 1 3 1 1 1 
0 1 0 0 0 1 1 0 2 1 1 0 
0 1 0 0 1 1 0 1 2 1 0 1 
2 1 1 0 1 1 1 0 3 0 1 1 
1 0 1 1 1 1 1 1 1 1 0 1 
0 1 1 1 0 1 0 1 3 2 0 0 
0 0 1 0 1 1 0 0 2 2 1 1 
0 0 1 0 1 1 0 0 1 0 0 0 
1 0 0 1 0 1 0 1 3 2 0 0 
2 1 0 0 0 0 0 0 1 1 0 0 
2 0 1 0 1 1 1 0 3 1 0 0 
0 0 1 1 0 1 0 0 2 2 1 1 
2 0 1 0 0 0 1 0 2 2 0 0 
0 1 0 0 0 1 0 1 2 1 1 0 
0 1 0 1 1 0 1 0 3 1 0 0 
0 1 0 0 0 0 1 0 2 1 1 0 
2 1 1 0 1 1 1 1 3 2 0 0 
1 1 1 0 1 1 0 1 3 0 1 1 
0 0 0 1 0 0 1 1 0 0 1 1 
0 0 0 1 1 0 0 0 2 1 0 1 
2 1 1 1 0 1 0 1 3 2 0 0 
0 0 1 0 1 1 0 0 3 0 1 1 
0 1 1 0 1 0 0 0 2 0 0 1 
0 0 0 1 0 1 1 1 3 1 1 1 
0 1 1 0 1 1 1 0 3 0 1 1 
0 0 1 1 1 1 1 0 2 1 1 0 
2 0 1 1 1 1 0 1 2 0 0 0 
0 1 0 0 1 0 0 1 1 2 0 0 
2 1 0 0 1 0 0 0 0 0 0 1 
0 0 1 0 1 1 1 0 2 2 1 1 
0 1 1 0 1 1 1 0 3 0 1 0 
2 1 1 0 0 1 0 1 3 2 0 0 
1 0 1 1 0 1 0 1 2 2 1 1 
0 1 0 0 0 1 0 1 2 1 0 1 
0 1 0 0 0 1 0 1 2 1 0 0 
1 0 1 0 0 1 0 0 2 2 1 1 
1 0 0 1 0 1 0 0 2 2 1 1 
1 1 1 1 0 1 1 0 0 0 1 0 
1 1 1 0 0 1 1 0 3 1 0 0 
2 0 1 0 0 0 0 1 3 1 0 0 
0 1 0 0 0 1 1 0 1 1 1 0 
2 1 0 1 0 1 0 1 3 2 0 0 
0 1 1 0 0 1 0 1 3 2 0 0 
1 0 0 1 0 0 0 1 0 2 0 0 
1 0 0 1 0 0 0 1 2 1 0 0 
0 1 0 1 1 1 1 0 2 2 0 0 
1 1 0 0 0 1 1 0 2 0 0 0 
0 0 1 0 1 1 0 0 3 0 0 1 
2 0 1 1 0 0 0 0 2 1 1 0 
0 1 1 0 1 1 1 0 3 0 0 1 
0 1 1 0 1 1 1 0 3 0 0 0 
1 1 1 0 0 1 1 1 3 1 1 1 
1 1 1 0 0 1 0 1 2 2 1 1 
0 1 0 0 0 1 0 1 0 1 1 0 
1 1 1 0 0 0 1 1 1 0 0 0 
0 1 0 0 0 1 0 1 2 0 1 0 
1 0 0 1 0 1 1 1 3 1 1 1 
0 0 0 0 0 0 0 0 3 0 0 0 
0 0 0 0 0 0 0 0 0 0 0 0 
0 0 1 0 1 1 0 1 2 2 1 1 
0 1 0 1 0 1 0 1 3 2 0 0 
1 1 1 0 1 1 1 0 3 1 1 1 
1 1 0 1 0 1 1 1 3 1 1 1 
1 0 0 1 0 0 0 0 3 2 1 1 
2 1 1 0 1 1 1 0 3 1 0 0 
2 1 1 0 1 1 1 0 3 1 0 1 
2 1 1 1 0 1 1 0 3 0 0 0 
0 1 1 0 1 1 1 0 3 1 1 1 
0 1 1 0 1 1 1 0 3 1 1 0 
1 1 0 1 0 1 1 0 0 2 1 1 
2 1 1 0 1 1 0 1 3 2 0 0 
0 0 0 0 0 1 0 1 1 0 0 0 
1 0 1 0 1 1 0 0 3 1 0 0 
2 1 0 0 1 1 0 1 0 1 1 0 
1 0 1 1 1 1 1 0 2 2 0 0 
1 1 1 0 1 1 1 0 0 1 1 1 
1 1 1 0 1 1 1 0 3 1 0 1 
1 1 1 0 1 1 1 0 3 1 0 0 
0 1 0 1 0 1 0 1 2 1 0 1 
0 0 0 1 0 0 0 0 1 2 0 0 
0 1 1 0 1 1 0 1 3 2 0 0 
1 0 1 0 0 1 1 0 2 2 0 0 
2 1 1 0 1 1 1 0 3 2 1 0 
2 1 1 0 1 1 1 0 3 2 1 1 
0 1 1 1 1 1 1 0 2 1 1 0 
0 0 0 1 1 1 1 1 3 0 0 0 
MFS
[ - , - , - , - , - , 1 , 0 , 0 , - , - , - , - ]
[ - , - , - , - , - , 1 , - , - , 3 , 1 , - , - ]
[ - , - , - , - , - , 1 , - , - , 3 , 2 , - , - ]
[ - , - , - , - , - , 1 , - , - , 2 , 1 , - , - ]
[ - , - , - , - , - , 1 , - , - , 2 , 2 , - , - ]
precise
1.0
recall
1.0
F-measure
1.0
multi
1
time
all 5704 iden 4689 gen 531
t-cover
981
all-cover
2742
coveredNum
(1 : 249)  (2 : 371)  (3 : 456)  (4 : 409)  (5 : 301)  (6 : 217)  (7 : 163)  (8 : 134)  (9 : 93)  (10 : 82)  (11 : 66)  (12 : 38)  (13 : 48)  (14 : 27)  (15 : 29)  (16 : 26)  (17 : 12)  (18 : 13)  (19 : 5)  (21 : 2)  (22 : 1)  
real Identify
([ - , - , - , - , - , 1 , 0 , 0 , - , - , - , - ] : 1)  ([ - , - , - , - , - , 1 , - , - , 3 , 1 , - , - ] : 1)  ([ - , - , - , - , - , 1 , - , - , 2 , 1 , - , - ] : 1)  ([ - , - , - , - , - , 1 , - , - , 3 , 2 , - , - ] : 1)  ([ - , - , - , - , - , 1 , - , - , 2 , 2 , - , - ] : 1)  
multiple f measure
0.6666666666666666
multiple f recall
0.5
multiple f precise
1.0
multiple f found
1.0
multiple f found percent
0.5
multipe helpedInTheNextRun
1.0
multipe helpedInTheNextRun percent
0.5
negative checked
0.0
negtive impoved
0.0
postive checked
3.0
postive impoved
1.0
feedback start times
7.0
testCase Num: 144
regaular Num: 31
identify Num: 115
0 0 1 1 1 1 1 0 3 1 1 1 
1 1 1 1 0 0 0 0 3 2 1 0 
0 0 1 1 0 0 1 0 1 0 0 0 
2 0 0 1 1 1 0 1 1 2 0 1 
1 0 1 1 0 1 1 0 2 2 0 1 
0 1 1 0 1 0 0 1 0 2 1 0 
1 0 1 1 1 1 1 0 2 2 1 1 
1 0 0 1 0 1 1 1 3 2 0 0 
0 0 1 1 1 1 1 1 2 1 1 1 
2 1 0 0 0 0 0 1 1 1 1 0 
1 0 0 1 0 1 1 0 3 0 1 0 
1 0 0 1 0 1 1 0 3 0 1 1 
2 0 1 1 1 1 1 0 3 2 1 0 
1 1 0 0 0 1 0 1 2 2 1 0 
1 0 1 0 1 1 0 1 3 2 0 0 
1 0 1 0 0 1 0 1 2 1 1 1 
2 0 0 1 1 1 0 0 0 2 0 1 
2 0 1 0 1 0 0 0 0 1 0 0 
2 1 0 0 0 0 0 0 2 0 0 1 
2 0 0 0 0 0 1 1 0 0 0 0 
2 0 0 1 0 1 1 0 3 2 0 0 
2 0 1 1 1 0 0 1 2 2 1 0 
1 0 1 1 1 1 1 0 2 1 0 1 
0 0 0 1 0 1 1 0 3 2 0 0 
1 0 1 1 1 1 1 0 2 1 0 0 
2 0 1 1 1 1 1 1 2 2 1 0 
2 0 0 0 0 1 0 1 2 1 1 1 
0 0 1 1 1 1 1 1 2 1 0 0 
1 1 1 0 0 0 1 1 1 2 0 1 
2 0 0 0 0 0 1 0 2 1 0 0 
1 0 1 0 1 1 1 0 2 2 0 1 
1 0 0 1 0 1 1 0 3 0 0 0 
1 0 0 1 0 1 1 0 3 0 0 1 
1 0 0 1 1 1 0 1 3 2 0 0 
0 0 1 1 1 1 1 0 2 0 0 0 
0 0 1 1 1 1 1 0 2 0 0 1 
1 0 0 1 0 1 1 0 1 2 0 0 
2 0 1 1 1 1 1 0 2 0 1 0 
2 0 1 1 0 1 0 1 2 2 1 0 
2 0 1 1 1 1 0 1 2 2 1 0 
2 0 1 0 1 1 0 1 3 2 0 0 
0 1 1 0 1 1 0 1 3 0 0 0 
0 1 0 0 0 1 0 1 2 2 1 0 
2 0 1 0 0 1 0 1 2 1 1 1 
2 0 0 1 0 1 0 1 3 2 0 0 
0 0 1 1 1 0 0 1 2 1 1 1 
1 0 1 0 0 0 0 0 1 1 0 1 
1 0 1 1 1 1 1 0 2 1 1 1 
0 0 1 1 1 1 0 1 2 1 1 1 
0 0 0 1 0 0 0 0 2 2 0 0 
1 0 0 1 0 0 0 1 3 2 0 0 
1 0 1 1 1 1 0 1 2 1 1 1 
2 0 0 1 1 1 0 0 3 0 1 0 
1 0 0 1 0 1 1 0 3 1 1 0 
1 0 1 0 0 1 0 1 2 2 1 0 
1 1 0 0 1 1 0 1 3 2 0 0 
0 0 1 1 1 1 1 0 2 0 1 1 
1 0 0 0 0 1 1 0 3 0 1 0 
2 0 1 0 0 1 0 0 1 2 0 1 
2 0 0 1 0 1 1 0 3 1 0 0 
0 0 0 1 0 1 0 1 3 2 0 0 
1 0 0 1 1 0 0 0 0 2 0 0 
2 0 0 1 0 1 1 0 3 1 0 1 
0 1 1 0 1 0 0 1 2 2 0 1 
1 0 1 1 1 1 1 0 2 0 0 0 
0 0 0 0 0 0 0 0 3 2 0 1 
1 1 1 0 0 1 0 1 2 0 1 1 
1 0 0 1 0 1 1 0 3 1 0 0 
1 0 0 1 0 1 1 0 3 1 0 1 
1 0 0 1 0 1 0 1 3 2 0 0 
2 0 0 1 1 1 0 0 1 2 0 1 
2 0 0 1 1 1 0 0 0 1 1 1 
0 0 1 1 1 1 1 0 2 1 0 0 
2 0 0 1 0 1 0 0 1 2 0 1 
1 1 0 1 0 1 1 0 0 1 0 1 
2 1 0 0 0 0 0 1 0 2 1 1 
2 0 1 1 0 1 0 1 2 1 1 1 
2 0 1 1 1 1 0 1 2 1 1 1 
2 1 1 0 0 1 0 0 1 2 0 1 
1 1 0 1 0 1 1 0 3 2 1 1 
0 1 0 0 0 1 0 1 2 1 1 1 
2 0 0 1 0 1 1 0 3 1 1 0 
0 0 0 0 0 1 1 0 0 0 0 0 
0 1 1 0 1 0 0 1 1 1 0 0 
1 0 0 1 0 1 1 1 3 0 1 0 
0 0 1 0 0 1 0 1 2 1 1 1 
2 1 0 0 1 1 0 1 1 0 0 0 
2 0 0 1 1 1 1 0 1 2 0 1 
2 1 1 1 1 0 0 1 0 0 0 1 
1 0 0 0 0 0 1 1 2 2 1 1 
1 0 0 1 0 1 1 0 3 2 1 0 
1 0 0 1 0 1 1 0 3 2 1 1 
1 0 0 1 1 1 1 0 3 2 1 1 
2 0 0 1 0 1 1 1 3 2 0 0 
0 1 1 1 1 1 1 0 2 0 0 0 
0 0 1 1 1 1 1 0 2 1 1 1 
1 0 1 1 1 1 1 1 1 0 1 1 
0 0 0 0 0 1 0 1 2 1 1 1 
2 0 0 1 0 1 1 0 3 0 0 1 
0 0 1 0 1 1 0 1 3 2 0 0 
2 0 0 1 1 1 0 1 3 2 0 0 
1 0 0 0 0 1 0 1 2 1 1 1 
1 0 0 0 1 1 0 1 0 1 1 0 
0 1 0 0 0 0 0 1 3 0 1 0 
1 0 0 1 0 1 1 0 3 2 0 0 
0 0 0 1 0 1 1 1 3 2 0 0 
1 0 1 1 1 1 1 1 2 1 1 1 
0 0 1 1 1 1 1 0 2 2 0 0 
2 0 1 1 1 1 1 0 2 2 1 0 
1 0 0 0 1 1 0 1 3 2 0 0 
2 0 1 0 1 1 1 0 0 2 1 0 
2 0 0 1 0 1 1 0 3 0 1 0 
0 0 0 0 0 0 0 0 0 0 0 0 
0 0 1 1 0 1 0 1 2 1 1 1 
2 1 0 0 0 0 0 1 3 1 1 1 
2 0 0 1 1 0 0 0 1 2 0 1 
0 0 0 1 0 0 1 1 0 1 1 1 
1 1 0 0 0 1 0 1 2 1 1 1 
2 1 1 1 0 1 1 0 1 1 0 0 
2 0 0 1 1 1 0 0 0 1 0 1 
2 0 1 1 1 1 1 0 2 2 0 1 
2 0 1 1 1 1 1 0 2 2 0 0 
1 1 0 1 1 1 0 1 3 2 0 0 
0 0 1 1 1 1 1 0 2 2 1 1 
0 0 1 0 1 1 1 0 2 1 1 1 
1 0 1 1 0 1 0 1 2 1 1 1 
2 1 1 0 1 1 0 1 3 2 0 0 
0 0 0 1 1 1 1 0 2 0 0 0 
2 1 0 0 0 1 0 1 2 1 1 1 
1 1 0 0 1 0 1 1 3 1 0 0 
1 0 1 1 1 1 1 0 2 2 0 1 
2 0 1 1 1 1 1 1 2 1 1 1 
0 1 0 0 0 1 1 0 1 2 1 1 
2 0 0 0 1 1 0 1 3 2 0 0 
0 1 1 0 1 1 0 1 3 2 0 0 
1 1 1 0 1 1 0 1 3 2 0 0 
1 1 0 0 0 0 0 0 2 1 0 0 
1 0 0 0 0 1 0 1 2 2 1 0 
1 1 1 0 0 1 0 0 1 2 0 1 
2 0 0 0 0 1 0 0 1 2 0 1 
1 0 1 1 0 0 1 0 0 0 1 0 
0 0 1 1 1 1 1 0 2 2 0 1 
2 0 0 1 1 1 0 0 2 0 1 0 
2 0 0 1 1 1 0 0 0 1 1 0 
MFS
[ - , - , - , - , - , 1 , 0 , 0 , - , - , - , - ]
[ - , - , - , - , - , 1 , - , - , 2 , 1 , - , - ]
[ - , - , - , - , - , 1 , - , - , 3 , 2 , - , - ]
[ - , - , - , - , - , 1 , - , - , 2 , 2 , - , - ]
precise
1.0
recall
0.8
F-measure
0.888888888888889
multi
0
time
all 13135 iden 11931 gen 578
t-cover
873
all-cover
2742
coveredNum
(1 : 209)  (2 : 335)  (3 : 367)  (4 : 344)  (5 : 250)  (6 : 188)  (7 : 188)  (8 : 173)  (9 : 156)  (10 : 102)  (11 : 91)  (12 : 68)  (13 : 47)  (14 : 43)  (15 : 50)  (16 : 24)  (17 : 28)  (18 : 21)  (19 : 14)  (20 : 10)  (21 : 12)  (22 : 7)  (23 : 3)  (24 : 1)  (25 : 1)  (28 : 3)  (30 : 5)  (31 : 1)  (32 : 1)  
real Identify
([ - , - , - , - , - , 1 , 0 , 0 , - , - , - , - ] : 1)  ([ - , - , - , - , - , 1 , - , - , 2 , 1 , - , - ] : 1)  ([ - , - , - , - , - , 1 , - , - , 3 , 2 , - , - ] : 1)  ([ - , - , - , - , - , 1 , - , - , 2 , 2 , - , - ] : 1)  
multiple f measure
NaN
multiple f recall
NaN
multiple f precise
0.0
multiple f found
0.0
multiple f found percent
NaN
multipe helpedInTheNextRun
0.0
multipe helpedInTheNextRun percent
NaN
negative checked
0.0
negtive impoved
0.0
postive checked
6.0
postive impoved
2.0
feedback start times
8.0
