testCase Num: 130
regaular Num: 99
identify Num: 31
0 1 1 1 1 1 1 1 1 1 1 2 2 
1 1 0 0 1 1 0 1 0 0 1 1 2 
1 1 0 1 1 0 0 0 1 1 1 3 2 
2 1 0 0 0 1 1 0 1 0 1 0 1 
2 1 0 1 0 1 0 1 1 1 0 0 1 
1 1 1 1 0 1 1 0 1 0 1 2 1 
1 1 0 0 0 0 0 1 1 0 0 1 2 
1 1 0 1 0 0 0 0 0 1 0 3 1 
1 1 1 0 0 1 1 0 0 1 0 0 0 
1 1 0 0 0 0 0 0 1 0 0 1 1 
1 1 1 0 0 1 1 1 1 0 0 0 2 
2 1 0 1 1 1 0 0 0 0 0 0 1 
1 1 0 0 1 0 1 1 0 1 1 3 1 
1 1 1 0 1 1 1 1 1 1 1 1 1 
2 1 0 1 0 1 1 0 0 1 1 2 2 
2 0 0 1 0 0 0 0 0 0 0 3 0 
2 1 1 0 1 1 1 1 1 1 1 1 1 
1 1 1 1 0 0 0 0 1 0 0 3 0 
0 1 1 1 1 1 1 1 1 1 0 0 0 
2 0 0 1 0 0 0 0 0 0 0 2 1 
2 0 0 1 0 0 0 0 0 1 1 1 1 
2 0 0 1 0 0 0 0 0 0 0 2 2 
0 1 1 1 1 1 0 0 0 0 0 0 0 
2 1 0 1 1 1 0 0 0 0 1 3 0 
2 1 1 1 0 0 0 0 1 1 0 1 0 
1 1 0 0 0 0 0 1 0 1 0 3 0 
2 1 0 1 0 0 0 0 0 1 0 2 0 
0 1 1 1 1 1 1 1 0 0 0 0 0 
0 1 1 1 0 0 0 0 0 0 0 0 0 
1 1 0 0 0 1 1 0 0 1 1 1 2 
2 1 0 0 0 1 1 0 0 0 0 1 1 
2 1 1 1 1 0 0 1 0 0 0 3 2 
2 1 0 0 0 1 1 0 0 0 0 1 0 
2 1 0 0 1 0 0 1 1 0 0 3 1 
1 1 1 0 1 0 0 0 0 0 0 1 0 
2 1 1 1 1 0 0 1 0 1 0 0 0 
2 1 1 0 0 1 1 1 0 0 0 2 0 
1 1 0 0 0 1 0 1 1 0 1 2 0 
2 1 1 1 0 0 0 0 0 0 0 0 1 
0 1 1 1 1 1 1 1 1 1 1 3 1 
1 1 0 0 0 0 1 0 1 0 1 1 2 
1 1 1 0 1 1 0 1 0 0 1 0 1 
1 1 1 1 1 1 1 0 1 0 0 0 0 
2 1 1 0 0 1 0 0 0 1 1 3 1 
1 1 1 1 1 0 0 1 0 0 0 3 1 
1 1 1 0 0 0 1 0 0 0 1 3 2 
0 0 0 0 0 0 0 0 0 0 0 0 0 
2 0 0 1 1 1 1 1 1 1 1 1 1 
1 0 0 0 0 0 0 0 0 0 0 0 0 
2 1 0 0 1 0 0 1 1 0 1 0 2 
2 1 0 0 0 0 0 0 0 1 0 3 2 
1 1 0 0 0 0 0 0 1 1 0 0 2 
1 1 1 1 0 0 1 0 0 0 1 0 1 
1 1 0 1 0 0 1 1 1 0 0 2 2 
1 1 0 0 1 1 0 1 0 1 0 2 1 
1 1 1 1 0 0 1 0 0 1 0 2 1 
1 1 1 1 0 1 0 1 1 0 0 1 1 
2 0 1 0 1 1 1 1 1 1 1 1 1 
2 1 1 1 1 0 0 0 1 0 1 2 0 
1 0 1 0 1 1 1 1 1 1 1 1 1 
1 1 1 0 1 0 1 0 0 0 1 0 2 
1 1 0 0 1 0 1 0 0 1 0 0 1 
1 1 0 1 0 0 1 1 0 0 0 0 0 
2 1 1 0 1 0 0 0 0 0 1 1 1 
2 1 0 0 1 0 0 0 1 0 1 2 2 
2 1 1 0 1 0 1 0 0 1 0 3 0 
2 1 1 0 0 0 0 0 1 1 0 2 1 
2 1 0 0 1 0 0 0 1 0 1 2 1 
2 1 0 0 0 0 0 1 0 1 0 1 2 
2 0 0 1 0 0 0 0 0 0 1 1 1 
1 1 1 0 0 1 0 0 1 1 0 3 2 
2 1 1 1 0 1 0 0 1 0 1 1 2 
1 1 0 1 1 1 0 0 1 0 0 0 2 
2 1 0 1 0 0 1 0 1 0 0 3 1 
2 1 0 0 0 1 0 0 0 0 0 0 2 
2 0 0 0 1 1 1 1 1 1 1 1 1 
1 1 1 0 1 1 0 1 1 0 1 3 0 
2 1 0 1 1 1 0 1 0 1 0 1 0 
2 1 0 1 0 0 0 1 0 1 1 1 1 
1 1 0 0 0 0 0 0 0 0 1 2 0 
0 1 0 0 0 0 0 0 0 0 0 0 0 
1 1 1 0 0 0 0 1 0 0 0 1 2 
0 1 1 1 1 1 1 1 1 0 0 0 0 
1 1 0 0 1 1 1 0 1 1 1 2 0 
1 1 1 1 1 0 0 1 1 1 1 2 0 
1 1 1 0 1 1 1 0 1 1 0 3 1 
1 1 0 0 1 1 1 1 0 1 1 0 0 
0 1 1 0 0 0 0 0 0 0 0 0 0 
2 0 0 1 0 0 1 1 1 1 1 1 1 
1 1 1 0 1 0 1 1 0 0 0 2 1 
2 1 0 0 0 0 1 1 1 1 1 3 0 
1 1 1 0 0 1 0 0 0 1 1 1 0 
2 1 0 1 1 1 1 1 0 0 0 1 2 
1 1 1 0 0 0 1 1 1 1 0 0 1 
1 1 0 1 0 1 1 0 1 0 0 2 0 
1 1 0 0 0 1 0 1 0 0 0 3 2 
0 1 1 1 1 1 1 1 1 1 1 0 0 
2 0 0 1 0 0 0 0 0 0 0 1 1 
2 0 0 1 0 0 0 1 1 1 1 1 1 
1 1 0 1 1 0 1 0 0 0 0 3 0 
1 1 0 1 0 1 0 1 1 0 1 3 1 
2 1 1 1 0 0 0 1 0 1 1 0 2 
1 1 1 1 1 0 1 0 1 1 0 1 2 
1 1 0 0 1 0 0 1 1 0 0 1 0 
1 1 1 1 0 0 1 1 0 0 1 1 0 
2 0 0 1 0 0 0 0 1 1 1 1 1 
2 1 0 1 1 0 1 1 0 0 1 2 1 
2 1 0 0 1 1 1 1 1 0 0 3 2 
1 1 0 1 0 1 1 0 0 1 1 0 2 
0 1 1 1 1 1 1 0 0 0 0 0 0 
2 1 1 0 1 0 1 0 0 1 0 0 2 
2 1 0 1 0 0 1 1 1 0 1 0 0 
2 1 1 0 1 1 0 0 1 1 1 0 0 
0 1 1 1 1 1 1 1 1 1 1 1 1 
2 0 0 1 0 0 0 0 0 0 0 0 2 
1 1 1 0 0 0 0 1 0 1 1 2 2 
1 1 0 1 1 0 0 0 1 1 1 0 1 
2 1 1 1 0 1 1 1 1 1 1 3 2 
2 1 0 1 0 1 0 1 1 0 0 2 1 
2 0 0 1 0 1 1 1 1 1 1 1 1 
2 1 0 1 1 1 1 0 1 1 1 1 0 
2 1 0 0 0 0 1 0 0 0 0 1 0 
0 1 1 1 1 0 0 0 0 0 0 0 0 
1 1 0 1 0 1 1 1 0 1 0 3 0 
1 1 1 0 1 0 1 0 0 0 0 2 0 
1 1 0 0 0 0 0 0 0 1 1 2 1 
1 1 1 1 1 1 0 0 0 0 0 2 2 
1 1 0 1 1 0 1 0 0 1 0 1 1 
2 1 1 0 1 1 1 1 1 1 0 2 2 
0 1 1 1 1 1 1 1 1 1 1 1 0 
MFS
[ 0 , - , - , - , - , - , - , - , - , - , - , - , - ]
[ - , 0 , - , - , - , - , - , - , - , - , - , - , - ]
precise
1.0
recall
1.0
F-measure
1.0
multi
1
time
all 28696 iden 21069 gen 2564
t-cover
7680
all-cover
19620
coveredNum
(1 : 5765)  (2 : 2263)  (3 : 2797)  (4 : 2352)  (5 : 1804)  (6 : 1361)  (7 : 955)  (8 : 677)  (9 : 437)  (10 : 309)  (11 : 257)  (12 : 199)  (13 : 136)  (14 : 101)  (15 : 71)  (16 : 50)  (17 : 34)  (18 : 35)  (19 : 11)  (20 : 5)  (21 : 1)  
real Identify
([ 0 , - , - , - , - , - , - , - , - , - , - , - , - ] : 1)  ([ - , 0 , - , - , - , - , - , - , - , - , - , - , - ] : 1)  
multiple f measure
0.6666666666666666
multiple f recall
0.5
multiple f precise
1.0
multiple f found
1.0
multiple f found percent
0.5
multipe helpedInTheNextRun
1.0
multipe helpedInTheNextRun percent
0.5
negative checked
0.0
negtive impoved
0.0
postive checked
0.0
postive impoved
0.0
feedback start times
2.0
testCase Num: 132
regaular Num: 101
identify Num: 31
0 1 1 1 1 1 1 1 1 1 1 2 2 
1 1 0 0 0 0 0 1 0 1 0 2 2 
2 1 1 1 1 1 1 1 1 1 1 2 2 
2 1 1 0 0 1 0 1 0 0 1 0 2 
2 1 1 0 0 0 0 1 0 0 1 0 0 
1 1 0 1 0 1 0 0 0 1 0 3 1 
2 1 0 1 0 1 0 1 0 0 1 0 1 
2 1 0 0 1 0 0 1 1 1 1 3 0 
1 0 1 1 1 1 1 1 1 1 1 0 1 
1 1 0 1 0 0 0 0 0 0 1 0 0 
2 0 1 1 1 1 1 1 1 1 1 0 1 
1 1 1 0 0 0 1 1 1 0 1 2 0 
2 1 0 1 1 1 0 0 1 1 0 1 0 
1 1 0 0 0 1 0 0 1 0 0 1 2 
2 0 0 0 0 0 0 0 0 0 0 2 0 
1 1 0 0 0 0 0 0 0 1 0 1 0 
1 1 0 0 1 1 0 0 1 0 0 3 2 
1 1 1 0 1 0 0 0 1 1 0 1 2 
0 1 1 1 1 1 1 1 1 1 0 0 0 
2 1 0 1 1 1 1 1 1 0 0 1 2 
1 1 0 1 1 0 1 0 0 1 0 3 0 
1 1 1 1 1 0 1 1 1 1 1 1 1 
2 1 1 1 0 0 0 1 1 1 0 2 0 
2 1 1 0 1 1 0 0 1 0 0 3 0 
1 1 0 0 1 0 0 1 0 0 0 0 2 
0 1 1 1 1 1 0 0 0 0 0 0 0 
2 1 0 0 1 0 1 1 0 1 0 0 1 
1 1 1 1 0 0 1 0 1 0 1 1 0 
1 1 0 0 0 1 0 0 0 1 0 0 2 
2 1 1 0 0 0 1 1 0 1 1 3 1 
0 1 1 1 1 1 1 1 0 0 0 0 0 
1 1 0 0 1 1 1 0 0 0 0 3 1 
1 1 0 0 0 0 1 0 0 0 1 2 1 
0 1 1 1 0 0 0 0 0 0 0 0 0 
2 1 0 0 0 0 1 0 0 1 1 2 0 
2 0 0 1 1 1 1 1 1 1 1 0 1 
1 1 1 0 1 0 0 0 0 0 1 3 2 
1 1 1 1 0 0 0 0 0 0 0 0 1 
1 1 0 0 0 0 0 1 1 0 0 2 1 
2 1 1 0 0 0 1 0 0 0 0 2 1 
1 1 0 0 0 0 0 0 0 1 0 2 1 
2 0 0 0 0 0 0 0 0 1 1 0 1 
2 0 0 0 0 0 0 0 0 0 0 1 1 
2 1 0 0 0 0 1 0 1 0 1 1 1 
1 1 1 1 1 0 0 0 0 0 0 2 1 
2 0 0 0 0 0 0 0 0 0 0 1 2 
1 1 0 1 0 1 0 0 1 1 1 2 0 
0 1 1 1 1 1 1 1 1 1 1 3 1 
1 1 0 0 0 0 0 0 0 0 1 0 2 
1 1 1 0 1 1 1 0 1 1 1 2 0 
2 1 0 1 0 1 0 0 0 1 0 1 1 
1 1 1 0 1 1 1 1 0 0 1 1 0 
2 1 0 0 1 1 0 1 1 1 0 3 1 
1 1 1 0 0 0 1 0 0 0 0 1 2 
0 0 0 0 0 0 0 0 0 0 0 0 0 
1 0 0 0 0 0 0 0 0 0 0 0 0 
2 1 0 0 0 0 0 0 0 1 0 3 2 
2 1 0 0 0 1 0 0 0 0 0 2 0 
1 1 0 0 0 1 0 0 1 1 0 0 1 
1 1 1 1 0 0 1 0 0 0 1 0 1 
1 1 0 0 1 0 0 0 1 0 0 1 1 
2 0 0 0 0 0 0 0 0 0 0 0 1 
2 1 1 0 0 1 0 0 1 0 1 2 1 
2 0 0 0 0 0 0 1 1 1 1 0 1 
1 1 0 1 1 0 1 1 1 0 0 0 0 
2 0 0 0 0 1 1 1 1 1 1 0 1 
2 1 1 0 0 0 0 1 0 0 1 1 2 
2 1 0 1 0 1 1 1 0 0 1 3 0 
1 1 1 0 0 1 0 0 0 1 1 3 0 
2 1 1 1 1 0 0 1 0 0 0 1 1 
1 1 0 1 0 1 1 1 0 0 0 2 1 
1 1 0 0 0 0 0 0 1 0 0 2 2 
2 1 0 0 1 0 1 0 0 0 0 3 0 
2 1 1 1 1 0 1 0 1 0 1 0 2 
2 1 0 1 1 0 0 0 0 1 1 0 2 
2 1 1 1 1 0 1 0 0 0 0 2 0 
1 1 1 1 1 0 0 0 1 0 1 3 0 
2 1 0 0 0 0 0 0 0 0 0 0 2 
1 1 0 1 1 0 1 0 1 1 0 2 1 
2 1 1 1 1 1 0 1 0 1 0 3 2 
2 1 1 0 0 0 0 0 0 0 0 1 0 
1 1 0 0 1 1 1 0 0 0 0 0 2 
2 1 0 1 0 0 0 1 0 1 1 1 0 
2 1 1 0 0 1 1 1 1 1 0 1 0 
0 1 0 0 0 0 0 0 0 0 0 0 0 
2 0 0 0 0 0 0 0 0 0 1 0 1 
0 1 1 1 1 1 1 1 1 0 0 0 0 
2 1 0 0 0 1 1 0 1 1 1 0 0 
2 0 0 0 0 0 0 0 1 1 1 0 1 
1 1 0 0 0 1 0 1 0 0 0 0 0 
1 1 1 0 1 0 0 1 0 1 1 2 1 
2 0 0 0 0 0 1 1 1 1 1 0 1 
0 1 1 0 0 0 0 0 0 0 0 0 0 
1 1 1 0 0 0 1 1 1 0 0 3 0 
2 0 0 0 1 1 1 1 1 1 1 0 1 
2 1 1 1 1 1 0 0 1 0 0 0 0 
2 1 1 1 0 0 1 0 1 0 0 3 2 
1 1 0 1 1 0 1 1 0 0 0 3 2 
2 1 0 1 1 1 0 1 0 1 1 2 1 
2 1 0 1 0 0 0 0 0 0 1 3 2 
1 1 0 1 0 1 0 1 1 0 0 0 2 
1 1 1 0 0 0 1 1 1 1 0 0 2 
2 1 1 0 1 0 0 0 0 1 0 2 2 
2 1 0 0 1 0 1 0 0 0 0 1 0 
1 1 0 0 1 1 0 1 0 0 0 2 0 
0 1 1 1 1 1 1 1 1 1 1 0 0 
2 1 1 1 1 1 1 1 1 1 1 0 1 
1 1 1 1 1 1 1 1 1 1 1 0 1 
2 1 1 0 1 0 0 0 1 0 1 0 1 
1 1 1 1 1 1 0 0 1 0 1 1 2 
1 1 0 0 0 1 0 1 1 0 1 1 1 
1 1 1 0 0 0 0 0 0 0 1 1 1 
1 1 0 1 0 0 0 0 0 0 1 2 2 
2 1 0 0 1 1 0 1 1 0 0 2 2 
1 1 1 0 0 1 1 0 0 1 0 2 2 
2 1 0 0 1 1 1 0 0 1 1 1 2 
2 1 1 1 0 0 0 1 1 0 0 2 2 
0 1 1 1 1 1 1 0 0 0 0 0 0 
2 1 1 1 0 1 1 0 0 1 0 0 0 
0 1 1 1 1 1 1 1 1 1 1 1 1 
1 1 1 0 1 0 0 1 0 1 1 0 0 
1 1 1 1 0 0 0 1 1 0 0 3 1 
2 0 0 0 0 0 0 0 0 0 0 3 0 
2 1 0 1 1 0 0 0 1 0 1 3 1 
1 1 0 0 1 0 0 0 0 0 0 1 0 
1 1 0 0 0 1 1 1 1 1 1 3 2 
1 1 1 1 1 1 1 0 1 1 1 3 1 
1 1 0 1 0 0 1 1 0 1 0 1 2 
1 1 0 0 1 0 1 1 1 0 1 2 2 
0 1 1 1 1 0 0 0 0 0 0 0 0 
1 1 1 0 1 1 1 0 0 1 0 1 1 
0 1 1 1 1 1 1 1 1 1 1 1 0 
MFS
[ 0 , - , - , - , - , - , - , - , - , - , - , - , - ]
[ - , 0 , - , - , - , - , - , - , - , - , - , - , - ]
precise
1.0
recall
1.0
F-measure
1.0
multi
1
time
all 29177 iden 21349 gen 2750
t-cover
7680
all-cover
19620
coveredNum
(1 : 5882)  (2 : 2332)  (3 : 2717)  (4 : 2264)  (5 : 1748)  (6 : 1234)  (7 : 954)  (8 : 650)  (9 : 487)  (10 : 334)  (11 : 243)  (12 : 171)  (13 : 161)  (14 : 150)  (15 : 92)  (16 : 47)  (17 : 30)  (18 : 14)  (19 : 17)  (20 : 27)  (21 : 28)  (22 : 18)  (23 : 11)  (24 : 7)  (25 : 1)  (27 : 1)  
real Identify
([ 0 , - , - , - , - , - , - , - , - , - , - , - , - ] : 1)  ([ - , 0 , - , - , - , - , - , - , - , - , - , - , - ] : 1)  
multiple f measure
0.6666666666666666
multiple f recall
0.5
multiple f precise
1.0
multiple f found
1.0
multiple f found percent
0.5
multipe helpedInTheNextRun
1.0
multipe helpedInTheNextRun percent
0.5
negative checked
0.0
negtive impoved
0.0
postive checked
0.0
postive impoved
0.0
feedback start times
2.0
testCase Num: 131
regaular Num: 100
identify Num: 31
0 1 1 1 1 1 1 1 1 1 1 2 2 
1 1 1 0 1 0 1 0 1 0 0 1 2 
1 1 1 1 1 1 1 0 0 0 1 0 2 
1 0 1 1 1 1 1 1 1 1 1 0 1 
2 1 1 0 0 0 1 0 0 1 0 0 2 
2 0 1 1 1 1 1 1 1 1 1 0 1 
1 1 1 0 0 1 0 0 0 1 0 2 2 
1 1 0 0 1 0 1 1 1 1 1 0 0 
1 1 0 0 0 1 0 0 0 1 0 1 1 
2 0 0 0 0 0 0 0 0 0 0 2 0 
1 1 0 1 0 0 0 1 0 1 0 3 2 
2 1 0 0 0 1 0 1 0 1 0 2 1 
0 1 1 1 1 1 1 1 1 1 0 0 0 
2 1 1 0 1 1 0 0 1 1 0 0 0 
1 1 0 1 1 0 0 0 1 1 1 2 2 
1 1 1 0 1 1 0 1 0 0 0 1 1 
0 1 1 1 1 1 0 0 0 0 0 0 0 
2 1 1 1 0 0 0 0 1 1 0 1 0 
2 1 0 0 1 0 1 1 0 1 0 0 1 
2 1 0 1 0 0 0 0 0 1 0 2 0 
1 1 1 0 0 1 1 1 0 1 1 1 2 
0 1 1 1 1 1 1 1 0 0 0 0 0 
1 1 1 0 0 0 0 1 1 1 1 0 2 
1 1 1 0 0 1 0 0 0 0 1 0 0 
0 1 1 1 0 0 0 0 0 0 0 0 0 
2 1 1 0 1 0 1 0 1 0 1 2 2 
2 0 0 1 1 1 1 1 1 1 1 0 1 
1 1 0 1 1 0 0 1 0 0 0 1 0 
2 1 1 1 1 0 0 0 1 1 0 3 0 
1 1 0 0 0 1 0 0 1 0 0 2 2 
2 1 1 0 1 1 0 1 1 1 1 3 1 
1 1 0 0 1 0 0 0 1 1 1 1 1 
2 1 0 0 1 0 1 1 1 0 0 2 0 
2 0 0 0 0 0 0 0 0 1 1 0 1 
2 0 0 0 0 0 0 0 0 0 0 1 1 
1 1 1 0 0 1 0 0 1 0 1 3 2 
2 0 0 0 0 0 0 0 0 0 0 1 2 
1 1 0 0 0 1 1 1 0 0 0 3 1 
0 1 1 1 1 1 1 1 1 1 1 3 1 
2 1 1 0 0 0 0 1 0 0 1 2 1 
1 1 1 0 1 1 0 1 1 1 1 2 0 
2 1 0 1 1 0 0 1 0 0 1 0 0 
1 1 0 0 1 1 1 0 0 1 0 3 2 
1 1 1 1 0 1 1 1 0 1 0 0 0 
1 1 0 1 0 0 0 0 0 1 0 1 2 
1 1 0 0 0 0 1 0 0 0 1 1 1 
0 0 0 0 0 0 0 0 0 0 0 0 0 
1 1 1 0 0 0 0 0 0 0 0 3 0 
2 1 0 0 0 1 1 0 0 0 1 2 2 
1 0 0 0 0 0 0 0 0 0 0 0 0 
1 1 0 0 0 1 0 0 1 1 0 0 2 
1 1 0 0 0 0 1 0 1 0 0 0 1 
2 1 0 0 1 1 0 1 0 1 0 2 2 
2 0 0 0 0 0 0 0 0 0 0 0 1 
2 1 1 1 1 0 0 0 0 0 0 3 2 
2 0 0 0 0 0 0 1 1 1 1 0 1 
2 0 0 0 0 1 1 1 1 1 1 0 1 
1 1 0 0 0 0 1 1 0 1 1 2 2 
2 1 0 1 0 1 1 0 0 1 1 3 0 
1 1 0 0 0 1 0 0 0 1 1 0 1 
1 1 0 1 1 0 0 0 0 0 1 3 1 
2 1 0 1 0 0 0 0 0 0 0 3 1 
1 1 1 1 1 0 0 0 1 0 0 0 1 
2 1 0 1 0 0 1 0 1 0 1 0 0 
1 1 1 0 0 0 0 0 0 1 1 1 0 
1 1 0 0 1 1 1 1 1 0 1 0 2 
1 1 1 0 1 0 1 1 0 1 1 3 0 
1 1 1 1 0 1 0 1 1 0 0 1 2 
1 1 1 1 1 1 1 1 1 1 0 3 2 
1 1 0 0 0 0 1 0 1 0 1 3 0 
1 1 1 0 0 1 0 1 0 0 0 1 0 
1 1 0 1 1 1 0 1 1 0 1 3 0 
2 1 0 1 1 1 0 0 1 0 1 2 1 
2 1 0 1 1 1 1 1 0 1 1 1 0 
2 1 0 1 0 1 0 0 0 0 0 2 2 
2 1 0 0 0 0 1 1 1 0 0 3 0 
1 1 0 1 0 0 1 1 0 0 1 1 2 
2 1 1 1 0 0 1 1 0 0 1 3 2 
1 1 0 0 0 1 0 0 0 0 0 0 0 
0 1 0 0 0 0 0 0 0 0 0 0 0 
2 0 0 0 0 0 0 0 0 0 1 0 1 
1 1 1 1 1 1 1 0 0 0 0 2 0 
1 1 0 1 0 1 0 0 1 0 1 1 1 
0 1 1 1 1 1 1 1 1 0 0 0 0 
2 0 0 0 0 0 0 0 1 1 1 0 1 
2 0 0 0 0 0 1 1 1 1 1 0 1 
1 1 0 1 0 0 0 1 1 1 0 3 1 
0 1 1 0 0 0 0 0 0 0 0 0 0 
2 0 0 0 1 1 1 1 1 1 1 0 1 
1 1 1 0 0 0 0 0 0 0 0 0 0 
2 1 1 1 0 1 1 0 1 1 0 2 1 
1 1 1 0 0 0 0 0 0 0 0 0 1 
1 1 0 1 0 1 1 1 0 0 1 2 1 
1 1 0 0 1 0 1 0 0 0 0 1 0 
1 1 0 1 1 0 0 0 0 1 0 0 2 
2 1 1 0 0 1 0 1 0 0 0 3 0 
2 1 0 0 0 0 0 0 1 1 1 3 2 
2 1 0 1 0 1 0 1 1 0 0 0 2 
1 1 0 0 0 0 1 0 1 1 1 2 0 
2 1 0 0 0 1 0 1 0 0 1 2 0 
0 1 1 1 1 1 1 1 1 1 1 0 0 
2 1 1 1 1 1 1 1 1 1 1 0 1 
1 1 1 1 1 1 1 1 1 1 1 0 1 
2 1 1 0 1 1 1 0 1 0 1 1 0 
2 1 0 0 1 0 0 1 1 1 1 1 2 
1 1 0 1 1 0 0 1 0 0 0 2 1 
1 1 1 0 1 0 1 0 0 1 1 2 1 
2 1 0 1 0 1 1 0 0 0 0 1 2 
0 1 1 1 1 1 1 0 0 0 0 0 0 
2 1 0 0 0 1 0 1 0 0 0 3 2 
2 1 1 1 0 0 1 1 1 1 1 1 1 
0 1 1 1 1 1 1 1 1 1 1 1 1 
2 1 0 0 1 0 1 0 1 0 0 3 1 
1 1 1 1 0 1 1 0 0 0 0 3 1 
2 1 1 1 0 0 0 1 1 1 1 2 0 
1 1 0 1 1 0 0 0 1 0 0 1 0 
2 1 0 0 0 1 1 1 0 0 0 1 1 
2 0 0 0 0 0 0 0 0 0 0 3 0 
2 1 0 0 1 0 0 1 0 0 1 0 2 
1 1 0 0 1 0 0 0 0 0 1 3 2 
1 1 0 0 0 1 1 1 1 1 0 1 0 
1 1 0 0 1 0 0 1 1 0 0 2 1 
2 1 1 0 0 0 1 0 0 1 1 3 1 
2 1 1 0 0 0 0 1 1 0 1 0 1 
0 1 1 1 1 0 0 0 0 0 0 0 0 
2 1 0 1 0 1 1 0 0 0 0 0 1 
2 1 1 1 1 1 0 0 0 1 1 1 2 
0 1 1 1 1 1 1 1 1 1 1 1 0 
2 1 0 1 1 0 1 0 0 1 0 1 1 
2 1 1 0 0 0 0 0 1 0 0 1 1 
1 1 1 1 0 0 1 1 1 0 0 2 2 
MFS
[ 0 , - , - , - , - , - , - , - , - , - , - , - , - ]
[ - , 0 , - , - , - , - , - , - , - , - , - , - , - ]
precise
1.0
recall
1.0
F-measure
1.0
multi
1
time
all 29192 iden 21457 gen 2657
t-cover
7680
all-cover
19620
coveredNum
(1 : 5809)  (2 : 2284)  (3 : 2735)  (4 : 2316)  (5 : 1800)  (6 : 1332)  (7 : 956)  (8 : 666)  (9 : 425)  (10 : 332)  (11 : 260)  (12 : 187)  (13 : 172)  (14 : 118)  (15 : 72)  (16 : 28)  (17 : 34)  (18 : 32)  (19 : 26)  (20 : 20)  (21 : 9)  (22 : 6)  (23 : 1)  
real Identify
([ 0 , - , - , - , - , - , - , - , - , - , - , - , - ] : 1)  ([ - , 0 , - , - , - , - , - , - , - , - , - , - , - ] : 1)  
multiple f measure
0.6666666666666666
multiple f recall
0.5
multiple f precise
1.0
multiple f found
1.0
multiple f found percent
0.5
multipe helpedInTheNextRun
1.0
multipe helpedInTheNextRun percent
0.5
negative checked
0.0
negtive impoved
0.0
postive checked
0.0
postive impoved
0.0
feedback start times
2.0
testCase Num: 132
regaular Num: 101
identify Num: 31
0 1 1 1 1 1 1 1 1 1 1 2 2 
1 1 1 0 1 0 1 0 1 1 1 0 2 
2 1 0 0 1 0 1 0 1 0 1 2 2 
1 1 0 0 0 0 1 0 0 0 0 1 2 
2 1 1 1 1 0 0 1 0 1 1 1 0 
1 1 0 0 0 1 0 1 1 0 1 3 1 
1 1 0 0 0 0 0 0 1 0 0 1 0 
1 1 0 1 0 0 1 0 0 1 1 2 2 
2 0 0 0 0 0 0 0 0 1 1 1 0 
2 0 0 0 0 0 0 0 0 0 0 2 0 
2 0 0 0 0 0 0 0 0 0 0 2 1 
1 1 0 1 1 0 0 0 1 1 1 3 0 
0 1 1 1 1 1 1 1 1 1 0 0 0 
2 1 1 1 0 1 1 0 0 1 0 1 0 
1 1 0 1 1 0 1 0 0 1 0 3 2 
1 1 1 1 1 0 0 0 0 0 0 2 0 
1 1 0 0 1 0 1 1 0 1 0 0 2 
1 1 0 0 0 1 0 1 0 1 1 3 0 
0 1 1 1 1 1 0 0 0 0 0 0 0 
1 1 0 0 0 1 0 0 0 1 0 0 2 
0 1 1 1 1 1 1 1 0 0 0 0 0 
0 1 1 1 0 0 0 0 0 0 0 0 0 
1 1 0 1 0 0 0 1 1 0 0 2 0 
1 1 1 0 1 0 0 0 0 0 0 1 0 
1 1 0 0 0 1 0 1 1 0 1 2 1 
2 1 1 1 1 0 1 0 1 1 0 1 2 
1 1 0 0 0 1 0 0 0 0 0 3 2 
2 1 1 0 0 0 1 0 0 0 0 2 1 
2 0 0 0 0 0 0 0 0 0 0 1 0 
1 1 0 1 1 1 0 1 1 0 1 0 2 
2 1 1 0 0 1 0 0 1 1 1 0 0 
0 1 1 1 1 1 1 1 1 1 1 3 1 
2 1 0 0 0 0 0 1 0 0 0 3 1 
2 0 0 0 0 1 1 1 1 1 1 1 0 
1 1 1 1 0 0 0 1 1 1 0 3 1 
1 1 1 0 0 0 0 0 0 1 0 0 1 
2 1 0 0 1 1 0 0 0 1 0 2 0 
2 0 0 1 1 1 1 1 1 1 1 1 0 
0 0 0 0 0 0 0 0 0 0 0 0 0 
1 0 0 0 0 0 0 0 0 0 0 0 0 
1 1 1 1 0 1 1 0 1 0 0 2 0 
1 1 0 0 0 1 0 0 0 0 0 2 2 
1 1 1 0 1 1 1 1 1 0 0 0 1 
2 1 0 0 1 0 1 1 1 1 0 0 0 
2 0 0 0 0 0 0 0 0 0 0 0 1 
1 1 1 0 0 0 0 0 1 1 0 1 1 
2 1 0 1 1 1 1 1 1 1 1 2 1 
1 1 0 0 1 0 1 1 0 0 0 1 2 
2 1 1 1 1 0 1 0 0 1 0 0 2 
1 1 0 1 1 1 0 0 0 1 0 0 1 
1 1 1 0 0 0 0 0 0 0 0 2 2 
1 1 1 0 0 0 0 1 1 1 1 2 1 
2 1 0 1 0 0 0 1 0 1 1 0 0 
1 1 1 1 0 1 0 0 0 0 0 0 2 
1 1 0 0 0 1 0 0 0 0 0 1 1 
2 1 1 0 1 0 1 1 1 0 1 1 1 
2 0 0 0 0 0 0 0 0 0 1 1 0 
1 1 0 1 0 0 1 1 1 1 0 0 1 
1 1 0 1 0 0 0 1 0 0 0 1 2 
1 1 1 1 1 0 0 1 1 1 0 2 2 
2 0 0 0 0 0 0 0 1 1 1 1 0 
2 1 0 1 1 1 0 0 1 0 0 0 0 
2 1 0 0 0 0 0 0 0 0 0 0 1 
2 0 0 0 1 1 1 1 1 1 1 1 0 
2 1 1 0 1 1 0 1 0 1 1 3 2 
2 1 1 1 0 1 1 0 1 1 1 3 1 
1 1 0 1 1 0 1 1 0 0 0 2 1 
1 1 1 0 0 1 0 1 1 0 1 1 2 
2 1 0 1 0 1 1 0 0 0 1 1 1 
0 1 0 0 0 0 0 0 0 0 0 0 0 
2 1 0 1 1 0 1 1 1 1 0 3 1 
0 1 1 1 1 1 1 1 1 0 0 0 0 
1 1 0 0 0 0 0 1 0 0 0 2 2 
2 1 0 0 1 0 0 1 0 1 0 1 1 
2 1 0 0 0 1 0 0 1 1 0 3 2 
2 1 0 1 1 1 0 0 1 0 0 1 2 
0 1 1 0 0 0 0 0 0 0 0 0 0 
2 1 1 0 0 0 1 0 0 1 0 3 0 
1 1 0 1 0 0 0 0 0 0 0 1 1 
1 1 0 0 0 1 0 1 1 1 0 1 0 
1 1 1 0 1 1 0 0 0 1 1 2 1 
1 1 0 0 1 0 1 0 0 0 1 3 1 
2 1 0 0 1 1 1 0 0 0 1 1 0 
2 1 0 1 0 0 0 1 0 1 1 2 0 
2 1 0 1 0 1 0 1 0 0 1 3 0 
2 1 1 0 0 0 0 1 1 0 0 0 2 
2 1 0 1 0 1 1 0 0 0 1 0 2 
2 1 1 0 0 1 1 1 1 1 0 2 2 
1 1 1 0 1 1 1 0 0 1 1 1 2 
1 1 1 0 0 1 0 1 0 1 0 0 0 
2 0 0 0 0 0 0 1 1 1 1 1 0 
2 1 0 0 0 0 0 1 0 1 1 1 2 
2 0 0 0 0 0 1 1 1 1 1 1 0 
0 1 1 1 1 1 1 1 1 1 1 0 0 
2 1 1 1 1 1 0 0 0 0 0 3 1 
1 1 0 1 1 1 0 0 1 1 1 1 1 
1 1 1 0 0 0 1 1 0 0 1 3 2 
1 1 0 0 1 1 1 1 1 0 0 3 0 
1 1 1 1 1 0 0 0 1 0 0 3 2 
2 1 0 1 0 0 1 0 1 0 1 3 2 
2 1 1 1 1 1 0 1 0 0 1 2 2 
1 1 1 1 0 1 0 1 0 0 0 1 1 
1 1 0 0 0 0 0 1 1 0 0 3 2 
2 1 1 0 1 0 0 1 1 0 0 3 0 
2 1 0 0 0 1 1 1 0 0 1 2 0 
1 1 0 0 0 1 1 0 1 0 0 0 0 
1 1 0 0 0 0 1 0 1 1 0 1 1 
0 1 1 1 1 1 1 0 0 0 0 0 0 
2 1 1 0 0 0 0 0 1 0 1 2 0 
2 1 0 0 1 0 0 1 0 0 1 0 1 
0 1 1 1 1 1 1 1 1 1 1 1 1 
2 1 1 1 0 0 0 0 1 0 1 0 1 
1 1 0 1 0 0 0 0 1 0 0 3 0 
1 1 1 1 1 1 1 1 1 1 1 1 0 
1 1 1 0 1 0 0 1 0 1 1 0 0 
2 1 1 1 1 1 1 1 1 1 1 1 0 
2 1 0 0 0 1 1 1 0 1 1 0 1 
1 1 1 1 0 0 0 0 0 0 0 2 1 
1 1 1 0 0 1 1 0 0 0 1 0 1 
1 1 0 1 0 1 1 1 0 1 0 3 2 
1 1 1 1 0 0 1 1 0 0 1 0 0 
1 0 1 1 1 1 1 1 1 1 1 1 0 
1 1 1 0 0 0 0 0 0 1 0 3 1 
2 0 1 1 1 1 1 1 1 1 1 1 0 
0 1 1 1 1 0 0 0 0 0 0 0 0 
1 1 1 1 0 0 0 0 0 1 1 1 2 
2 0 0 0 0 0 0 0 0 0 0 3 2 
1 1 1 0 1 0 1 1 1 1 1 2 0 
2 1 0 1 0 0 1 1 1 0 1 1 0 
2 1 0 1 0 1 0 0 1 1 0 2 1 
0 1 1 1 1 1 1 1 1 1 1 1 0 
1 1 1 1 1 1 1 0 0 0 1 3 0 
MFS
[ 0 , - , - , - , - , - , - , - , - , - , - , - , - ]
[ - , 0 , - , - , - , - , - , - , - , - , - , - , - ]
precise
1.0
recall
1.0
F-measure
1.0
multi
1
time
all 29096 iden 21283 gen 2734
t-cover
7680
all-cover
19620
coveredNum
(1 : 5773)  (2 : 2243)  (3 : 2771)  (4 : 2341)  (5 : 1763)  (6 : 1421)  (7 : 938)  (8 : 567)  (9 : 467)  (10 : 355)  (11 : 217)  (12 : 219)  (13 : 147)  (14 : 110)  (15 : 84)  (16 : 57)  (17 : 33)  (18 : 35)  (19 : 19)  (20 : 17)  (21 : 16)  (22 : 9)  (23 : 9)  (24 : 4)  (25 : 1)  (26 : 2)  (27 : 2)  
real Identify
([ 0 , - , - , - , - , - , - , - , - , - , - , - , - ] : 1)  ([ - , 0 , - , - , - , - , - , - , - , - , - , - , - ] : 1)  
multiple f measure
0.6666666666666666
multiple f recall
0.5
multiple f precise
1.0
multiple f found
1.0
multiple f found percent
0.5
multipe helpedInTheNextRun
1.0
multipe helpedInTheNextRun percent
0.5
negative checked
0.0
negtive impoved
0.0
postive checked
0.0
postive impoved
0.0
feedback start times
2.0
testCase Num: 134
regaular Num: 103
identify Num: 31
0 1 1 1 1 1 1 1 1 1 1 2 2 
2 1 1 1 1 0 1 0 0 1 0 3 2 
2 1 0 1 1 1 0 1 0 0 1 2 0 
1 1 1 0 0 0 1 0 0 0 0 3 1 
1 1 0 1 0 1 0 0 0 0 1 0 2 
1 1 1 1 0 0 0 0 0 0 1 1 0 
2 0 0 0 0 0 0 1 1 0 1 1 1 
2 0 0 0 0 0 0 0 0 1 1 1 1 
0 1 1 1 1 1 1 1 1 1 0 0 0 
2 1 0 1 1 0 1 1 1 1 0 0 1 
1 1 0 1 1 0 1 1 1 0 0 3 1 
1 1 1 1 0 0 1 0 0 0 0 3 0 
1 1 0 1 0 1 1 0 0 0 0 2 1 
0 1 1 1 1 1 0 0 0 0 0 0 0 
1 1 1 1 0 0 0 1 0 0 1 0 2 
1 1 1 0 0 1 1 0 0 1 0 1 0 
0 1 1 1 1 1 1 1 0 0 0 0 0 
0 1 1 1 0 0 0 0 0 0 0 0 0 
1 1 0 0 0 1 0 1 1 0 1 2 1 
1 1 0 0 0 0 0 1 1 0 0 2 0 
1 1 1 0 1 1 0 1 0 0 1 3 0 
2 1 1 0 1 1 0 1 1 1 0 1 0 
2 1 1 0 0 1 0 0 1 1 1 0 2 
2 1 0 0 0 0 1 1 0 0 1 3 0 
1 1 1 0 0 1 0 0 1 0 0 1 0 
1 1 0 0 0 0 0 1 0 0 1 0 1 
0 1 1 1 1 1 1 1 1 1 1 3 1 
2 1 1 1 0 0 0 1 1 1 0 3 0 
1 1 0 0 0 0 0 1 0 0 0 3 1 
1 1 0 0 1 0 0 1 0 0 0 1 2 
1 1 1 0 1 0 1 0 1 1 1 2 0 
1 1 1 1 1 1 0 0 1 1 0 0 1 
2 1 0 0 1 1 1 0 0 1 0 3 0 
2 1 1 0 0 1 1 1 0 1 1 0 0 
2 1 0 1 0 1 0 0 0 1 0 1 1 
2 1 0 0 1 0 0 0 0 1 1 3 1 
2 1 1 1 1 1 1 0 1 0 1 3 1 
1 1 0 0 1 0 1 0 0 0 0 2 2 
1 0 1 1 1 1 1 1 1 0 1 1 1 
2 0 1 1 1 1 1 1 1 0 1 1 1 
0 0 0 0 0 0 0 0 0 0 0 0 0 
2 1 0 0 0 0 1 0 0 1 0 1 2 
1 0 0 0 0 0 0 0 0 0 0 0 0 
1 1 0 1 1 1 0 1 0 1 1 1 0 
2 1 0 0 0 0 0 0 1 1 0 0 0 
1 1 1 0 1 0 1 1 1 0 1 2 1 
1 1 0 1 1 0 1 1 1 0 0 0 0 
2 1 1 1 1 0 0 1 1 1 0 2 2 
2 0 0 0 1 1 1 1 1 0 1 1 1 
2 1 0 0 1 0 0 1 0 0 0 2 1 
2 1 1 0 0 1 0 1 0 0 0 1 2 
1 1 0 1 0 1 1 0 1 0 0 0 2 
2 0 0 0 0 0 1 1 1 0 1 1 1 
1 1 0 1 0 0 1 0 1 0 1 0 1 
1 1 0 0 0 0 0 0 0 0 1 1 1 
2 1 0 1 1 0 1 0 1 1 0 1 0 
1 1 0 0 0 1 0 1 1 1 1 1 2 
1 1 1 1 1 1 0 1 0 0 0 3 2 
1 1 1 1 0 1 1 1 0 1 1 3 1 
2 1 1 0 0 0 0 0 0 0 0 2 0 
1 1 0 0 1 0 1 0 0 1 0 0 2 
2 1 0 0 0 1 1 1 1 0 1 2 2 
2 1 0 1 0 1 0 1 0 0 0 3 1 
1 1 0 0 0 1 1 1 0 1 0 2 2 
2 0 0 0 0 0 0 0 0 0 1 1 1 
2 1 1 0 0 0 0 0 1 1 0 2 1 
2 1 1 0 0 1 0 0 1 1 0 3 1 
1 1 1 1 1 1 1 0 0 1 1 1 2 
2 1 1 1 1 1 1 1 1 0 1 1 1 
1 1 1 0 1 0 0 1 0 1 0 1 1 
1 1 1 1 1 1 1 1 1 0 1 1 1 
2 0 0 0 0 0 0 0 0 1 0 3 0 
2 1 1 1 1 0 0 0 1 0 1 3 0 
2 1 0 0 1 0 0 0 1 0 1 1 2 
1 1 1 0 0 0 0 0 1 0 1 0 0 
1 1 0 1 0 0 1 1 1 1 0 1 2 
0 1 0 0 0 0 0 0 0 0 0 0 0 
2 1 1 0 1 0 1 1 1 0 1 0 2 
2 1 1 1 0 0 1 0 0 0 1 2 2 
1 1 1 0 0 1 0 1 0 0 0 2 0 
2 0 0 0 0 1 1 1 1 0 1 1 1 
2 1 0 0 0 1 0 1 0 0 0 0 1 
2 1 1 0 0 0 1 0 1 1 1 1 1 
0 1 1 1 1 1 1 1 1 0 0 0 0 
1 1 0 0 1 0 0 0 1 1 0 3 0 
2 1 1 1 1 0 1 0 0 0 0 1 2 
0 1 1 0 0 0 0 0 0 0 0 0 0 
2 1 0 1 1 1 0 1 0 1 0 0 2 
1 1 1 0 0 0 0 0 0 0 0 0 2 
1 1 0 0 1 1 0 1 1 1 1 0 0 
1 1 0 1 0 0 0 0 0 0 0 1 2 
1 1 1 0 1 1 0 0 0 1 1 2 2 
2 1 0 1 0 0 0 0 0 1 1 0 0 
2 1 0 1 0 1 1 0 1 0 0 2 0 
1 1 1 0 0 0 1 1 1 1 0 0 1 
2 0 0 0 0 0 0 0 0 1 0 2 2 
2 0 0 0 0 0 0 0 0 1 0 2 1 
2 1 1 0 1 1 1 0 0 0 0 2 1 
2 1 1 1 1 0 0 0 0 0 1 0 1 
1 1 0 1 0 0 0 1 0 1 1 2 1 
0 1 1 1 1 1 1 1 1 1 1 0 0 
1 1 0 1 1 0 0 0 1 0 0 2 2 
1 1 1 0 0 0 1 0 1 0 1 3 2 
2 1 1 1 1 1 1 0 0 0 0 0 0 
1 1 1 1 1 0 1 1 0 1 0 2 0 
1 1 0 1 0 0 0 1 1 0 0 1 1 
2 1 0 1 1 1 1 0 1 1 1 2 1 
1 1 0 0 0 1 0 0 0 1 0 3 2 
1 1 0 0 0 0 0 0 1 0 1 1 0 
2 0 0 0 0 0 0 0 0 1 0 1 1 
2 1 0 0 1 1 1 1 1 0 0 3 2 
0 1 1 1 1 1 1 0 0 0 0 0 0 
1 1 0 1 0 0 0 0 1 0 0 3 2 
0 1 1 1 1 1 1 1 1 1 1 1 1 
2 0 0 0 0 0 0 0 1 0 1 1 1 
2 1 0 0 0 0 1 1 0 0 1 1 0 
1 1 1 1 0 1 0 0 1 0 1 2 2 
2 1 0 1 0 1 0 0 0 0 1 3 2 
1 1 1 1 0 0 0 0 0 0 0 2 1 
1 1 0 0 1 0 0 0 0 0 1 3 2 
1 1 0 0 1 0 0 0 0 0 0 1 0 
1 1 0 0 1 1 1 0 0 1 1 0 1 
2 0 0 1 1 1 1 1 1 0 1 1 1 
1 1 0 0 1 1 1 0 0 0 0 1 1 
2 1 0 0 0 0 0 0 0 1 1 2 0 
1 1 0 0 0 0 0 1 1 1 1 3 2 
1 1 0 0 0 1 0 0 0 1 0 2 0 
0 1 1 1 1 0 0 0 0 0 0 0 0 
1 1 0 0 0 0 0 0 0 0 0 3 2 
1 1 1 0 0 0 0 0 1 0 0 1 2 
2 0 0 0 0 0 0 0 0 1 0 0 2 
1 1 0 1 0 1 1 0 1 1 1 3 0 
1 1 0 0 1 0 0 1 0 1 0 3 0 
0 1 1 1 1 1 1 1 1 1 1 1 0 
MFS
[ 0 , - , - , - , - , - , - , - , - , - , - , - , - ]
[ - , 0 , - , - , - , - , - , - , - , - , - , - , - ]
precise
1.0
recall
1.0
F-measure
1.0
multi
1
time
all 28879 iden 21144 gen 2671
t-cover
7680
all-cover
19620
coveredNum
(1 : 5731)  (2 : 2215)  (3 : 2815)  (4 : 2252)  (5 : 1757)  (6 : 1433)  (7 : 905)  (8 : 579)  (9 : 500)  (10 : 371)  (11 : 240)  (12 : 179)  (13 : 165)  (14 : 136)  (15 : 116)  (16 : 66)  (17 : 28)  (18 : 13)  (19 : 19)  (20 : 25)  (21 : 26)  (22 : 17)  (23 : 16)  (24 : 10)  (25 : 3)  (26 : 2)  (27 : 1)  
real Identify
([ 0 , - , - , - , - , - , - , - , - , - , - , - , - ] : 1)  ([ - , 0 , - , - , - , - , - , - , - , - , - , - , - ] : 1)  
multiple f measure
0.6666666666666666
multiple f recall
0.5
multiple f precise
1.0
multiple f found
1.0
multiple f found percent
0.5
multipe helpedInTheNextRun
1.0
multipe helpedInTheNextRun percent
0.5
negative checked
0.0
negtive impoved
0.0
postive checked
0.0
postive impoved
0.0
feedback start times
2.0
