testCase Num: 80
regaular Num: 24
identify Num: 57
1 1 0 0 0 0 0 0 2 1 1 
1 1 0 0 1 0 0 0 1 0 0 
1 0 1 1 1 1 1 1 0 1 1 
0 1 0 0 0 0 1 0 2 0 0 
0 1 1 1 0 1 0 1 2 0 0 
0 1 1 1 0 1 0 0 1 1 0 
0 1 1 1 0 1 0 0 1 1 1 
1 1 1 0 1 0 0 0 0 0 0 
0 0 1 0 0 1 2 0 1 0 1 
2 1 0 0 1 1 1 1 0 1 1 
0 0 0 1 1 1 0 0 0 0 1 
0 1 0 1 0 1 0 0 0 1 1 
2 1 0 0 0 0 1 0 1 1 1 
0 1 1 1 0 1 2 0 2 0 0 
1 0 1 1 0 1 0 0 1 1 1 
1 0 1 1 0 1 0 0 1 1 0 
0 0 0 0 0 0 0 0 1 1 0 
1 0 1 1 0 1 0 1 2 0 0 
0 1 1 1 1 1 1 1 0 1 1 
2 1 1 1 1 0 0 0 1 0 1 
2 0 0 0 1 1 2 0 2 0 0 
2 0 0 1 1 1 0 1 0 0 0 
0 0 0 0 0 1 0 1 0 0 1 
1 1 0 0 1 1 2 0 2 0 0 
0 1 0 1 1 0 2 0 1 0 1 
2 1 1 1 0 1 0 0 0 1 1 
0 1 1 0 1 0 2 0 0 1 0 
2 1 0 0 0 1 1 1 0 1 1 
0 0 0 1 1 1 2 0 1 0 1 
0 1 1 1 0 1 0 0 1 0 0 
1 0 1 1 0 1 2 0 2 0 0 
1 1 0 1 0 1 2 1 1 1 0 
2 1 0 1 1 1 1 1 0 1 1 
2 1 0 0 0 0 1 0 1 0 0 
0 1 0 0 1 1 2 0 2 0 0 
0 0 0 1 1 1 0 0 1 1 0 
0 0 0 0 0 0 0 0 2 0 1 
0 0 0 0 0 0 0 0 0 0 0 
1 0 1 1 0 1 0 0 2 0 0 
1 0 1 0 1 1 2 0 2 0 0 
2 1 0 0 0 0 1 0 1 0 1 
0 1 1 1 1 1 2 0 2 0 0 
0 1 0 0 1 0 2 1 2 0 0 
0 1 1 1 0 0 2 0 2 0 0 
2 0 0 0 0 0 0 0 1 0 0 
0 0 0 0 0 1 2 0 1 0 1 
2 0 0 1 1 0 0 1 2 1 1 
2 0 1 0 0 0 0 0 2 1 0 
0 0 0 1 0 1 2 0 1 0 1 
0 1 1 1 0 1 0 0 0 1 1 
1 0 0 0 0 1 2 1 0 0 0 
0 1 0 0 0 0 1 0 1 0 0 
1 0 0 0 1 1 2 0 2 0 0 
0 0 0 1 1 1 0 0 1 0 1 
0 0 0 1 1 1 0 1 1 1 1 
2 1 0 0 0 0 1 0 0 1 1 
1 0 1 1 0 1 0 0 0 1 1 
2 0 0 1 0 0 2 0 0 0 0 
1 0 1 0 0 0 2 1 1 0 1 
2 1 0 0 0 0 2 1 0 1 1 
2 0 1 0 0 0 0 1 1 1 0 
0 1 0 1 1 1 0 1 1 0 1 
2 0 1 1 1 1 1 1 0 1 1 
0 0 1 0 1 1 2 1 2 1 1 
0 0 0 1 0 0 0 0 0 0 0 
0 0 0 1 1 1 0 0 2 1 0 
0 0 0 1 1 1 0 0 2 1 1 
1 0 1 1 0 1 0 0 1 0 0 
0 0 0 1 1 1 0 0 0 1 0 
1 0 1 1 1 1 2 0 2 0 0 
1 0 0 1 0 1 0 0 0 1 1 
0 1 1 0 1 1 2 0 2 0 0 
2 1 0 0 0 0 1 1 0 1 1 
1 0 1 1 1 1 2 1 0 1 1 
0 1 1 1 0 1 0 0 2 0 0 
2 0 1 0 0 1 2 0 1 0 1 
2 1 0 0 1 1 2 0 2 0 0 
1 0 1 1 0 0 2 0 2 0 0 
1 0 0 0 1 0 2 1 2 0 0 
0 0 1 0 1 0 0 0 1 1 0 
MFS
[ 0 , - , - , - , - , 1 , - , 0 , - , - , - ]
[ 1 , - , - , - , - , 1 , - , 0 , - , - , - ]
[ - , - , - , - , - , - , 1 , - , - , - , - ]
[ - , 1 , - , - , - , 1 , - , 0 , - , - , - ]
precise
0.75
recall
0.75
F-measure
0.75
multi
2
time
all 2002 iden 1344 gen 331
t-cover
806
all-cover
1915
coveredNum
(1 : 390)  (2 : 300)  (3 : 365)  (4 : 330)  (5 : 205)  (6 : 134)  (7 : 85)  (8 : 34)  (9 : 36)  (10 : 14)  (11 : 12)  (12 : 8)  (13 : 2)  
real Identify
([ 0 , - , - , - , - , 1 , - , 0 , - , - , - ] : 1)  ([ 1 , - , - , - , - , 1 , - , 0 , - , - , - ] : 1)  ([ - , - , - , - , - , - , 1 , - , - , - , - ] : 1)  
multiple f measure
0.5714285714285715
multiple f recall
0.5
multiple f precise
0.6666666666666666
multiple f found
2.0
multiple f found percent
0.5
multipe helpedInTheNextRun
0.0
multipe helpedInTheNextRun percent
0.0
negative checked
0.0
negtive impoved
0.0
postive checked
1.0
postive impoved
0.0
feedback start times
4.0
testCase Num: 80
regaular Num: 25
identify Num: 56
1 1 0 0 0 1 1 1 1 1 1 
2 0 1 0 1 0 2 0 0 1 1 
0 0 0 1 0 1 2 0 2 0 0 
1 1 0 0 0 0 1 0 2 1 1 
0 0 0 0 1 1 0 1 0 1 0 
1 1 1 1 1 1 1 1 1 1 1 
1 0 1 0 0 1 0 1 0 0 0 
1 0 1 0 0 1 0 0 1 1 1 
1 1 0 1 1 1 2 0 0 0 0 
2 1 1 1 0 1 2 0 1 0 1 
0 0 0 0 1 0 0 1 2 1 1 
2 1 1 1 0 1 0 0 2 1 1 
2 1 1 0 0 1 0 1 1 0 1 
1 1 0 0 0 0 2 1 1 1 1 
2 1 1 1 0 1 2 0 1 0 0 
1 1 1 0 1 0 2 0 2 0 1 
2 1 1 0 1 1 0 0 2 1 1 
2 1 0 0 0 1 0 1 0 1 0 
1 1 0 0 0 0 1 0 2 0 1 
1 1 0 1 1 1 1 1 1 1 1 
2 1 0 1 1 0 2 1 0 0 0 
2 0 0 1 0 1 2 1 1 0 0 
1 0 0 0 0 1 0 1 1 0 0 
0 0 0 0 0 0 2 0 0 0 0 
1 1 0 0 0 0 1 0 2 0 0 
1 1 0 0 0 0 1 0 0 0 0 
0 0 0 0 1 1 0 0 2 1 1 
0 0 1 0 1 1 0 0 1 0 0 
0 0 0 0 0 0 0 0 0 0 0 
2 1 1 1 1 0 0 0 2 1 0 
1 0 1 0 0 0 2 0 0 0 0 
1 0 1 0 1 1 2 0 0 0 0 
2 1 0 1 1 1 2 0 0 0 0 
1 0 1 1 1 1 1 1 1 1 1 
0 0 0 1 0 1 2 0 1 0 0 
0 1 1 0 1 0 0 1 1 0 0 
1 1 0 0 1 0 0 0 0 0 0 
1 1 0 0 0 0 1 0 1 1 1 
0 0 0 0 1 1 0 0 1 0 0 
0 1 0 0 0 1 2 1 2 0 0 
1 0 0 1 1 1 2 0 0 0 0 
0 0 0 1 1 1 0 0 1 0 0 
1 0 1 0 0 1 0 0 2 1 0 
1 0 1 0 0 1 0 0 2 1 1 
2 0 0 0 1 1 0 0 2 1 1 
0 1 0 1 0 0 2 0 1 1 0 
0 1 1 0 1 1 0 0 1 0 0 
2 1 1 1 0 1 2 0 0 0 0 
2 1 1 1 0 1 2 1 2 1 1 
2 1 1 1 0 1 2 0 0 0 1 
1 0 1 1 0 0 0 0 2 0 0 
0 0 1 1 1 1 1 1 1 1 1 
2 0 0 0 1 0 0 0 1 1 0 
1 1 0 1 1 1 0 1 2 1 0 
2 1 0 0 1 1 0 0 2 1 1 
0 0 0 1 0 1 2 0 0 1 1 
2 1 1 1 1 1 0 0 2 1 1 
0 0 0 1 0 1 2 0 2 1 0 
0 0 0 1 0 1 2 0 2 1 1 
2 1 1 1 0 0 0 0 2 1 1 
1 0 0 1 0 1 2 1 0 1 1 
1 1 0 0 1 1 1 1 1 1 1 
0 0 1 1 1 1 2 1 1 1 1 
1 1 0 0 0 0 1 1 1 1 1 
1 0 1 0 0 1 2 0 0 0 0 
2 1 0 0 0 0 1 0 0 0 0 
1 0 1 0 0 1 0 0 0 0 0 
1 0 1 0 0 1 0 0 2 0 0 
1 0 1 0 1 1 0 0 1 1 1 
1 0 1 1 1 1 2 0 0 0 0 
0 0 0 1 0 1 0 0 1 0 0 
0 0 1 1 0 0 2 0 2 1 0 
2 1 1 1 0 1 2 0 2 1 1 
2 0 0 0 0 0 0 0 2 0 1 
1 0 1 0 0 0 0 0 1 1 0 
0 0 0 1 0 1 2 0 0 1 0 
1 0 0 1 1 0 0 0 1 0 1 
0 1 1 1 0 0 0 1 0 0 1 
2 1 1 1 0 1 2 0 0 1 1 
2 0 0 1 0 0 0 0 1 0 0 
MFS
[ 2 , - , - , - , - , 1 , - , 0 , - , - , - ]
[ 1 , - , - , - , - , 1 , - , 0 , - , - , - ]
[ - , - , - , - , - , 1 , - , 0 , - , - , - ]
[ - , - , - , - , - , - , 1 , - , - , - , - ]
precise
0.75
recall
0.75
F-measure
0.75
multi
2
time
all 2016 iden 1205 gen 342
t-cover
789
all-cover
1915
coveredNum
(1 : 411)  (2 : 384)  (3 : 448)  (4 : 343)  (5 : 183)  (6 : 63)  (7 : 42)  (8 : 27)  (9 : 9)  (10 : 3)  (11 : 2)  
real Identify
([ 1 , - , - , - , - , 1 , - , 0 , - , - , - ] : 1)  ([ - , - , - , - , - , 1 , - , 0 , - , - , - ] : 1)  ([ - , - , - , - , - , - , 1 , - , - , - , - ] : 1)  
multiple f measure
0.6666666666666666
multiple f recall
0.5
multiple f precise
1.0
multiple f found
2.0
multiple f found percent
0.5
multipe helpedInTheNextRun
0.0
multipe helpedInTheNextRun percent
0.0
negative checked
0.0
negtive impoved
0.0
postive checked
0.0
postive impoved
0.0
feedback start times
4.0
testCase Num: 69
regaular Num: 27
identify Num: 42
0 1 0 0 0 0 1 0 2 0 1 
2 1 1 0 1 0 2 0 1 0 0 
0 1 0 0 0 0 1 0 0 0 1 
2 1 0 0 0 0 1 0 1 1 0 
1 0 1 0 0 1 0 0 1 1 1 
1 1 0 1 0 1 2 1 0 0 1 
0 0 1 1 0 0 2 0 1 0 0 
1 1 0 1 1 1 2 0 0 0 0 
2 0 1 1 0 0 2 0 0 0 1 
1 1 0 1 1 1 2 0 2 0 0 
1 0 0 1 0 0 0 0 2 0 0 
1 1 0 1 1 1 2 0 0 0 1 
1 1 0 1 1 1 0 0 1 1 1 
1 0 0 0 1 0 0 0 2 1 0 
2 1 0 0 0 0 2 1 1 1 0 
1 1 1 1 0 0 0 0 0 0 0 
2 0 1 1 1 1 1 1 1 1 0 
1 1 0 1 0 1 0 0 1 1 1 
2 0 0 1 0 1 2 0 0 1 1 
2 0 0 1 0 1 0 0 0 1 0 
1 0 0 0 0 1 0 1 1 0 1 
2 0 0 1 0 1 2 0 0 1 0 
0 0 0 0 0 0 0 0 2 0 0 
1 0 1 0 0 0 2 0 2 0 0 
0 0 0 0 0 0 0 0 0 0 0 
2 1 0 0 0 0 1 1 1 1 0 
1 0 1 1 1 1 2 1 1 1 0 
0 0 1 0 0 0 0 1 1 1 1 
1 1 0 1 1 1 2 0 0 1 1 
2 0 0 1 0 0 0 0 2 0 1 
2 0 1 0 1 1 0 1 0 1 0 
1 1 1 0 0 1 0 0 1 1 1 
2 0 0 1 1 1 0 0 2 0 1 
2 0 1 0 1 1 0 0 2 0 1 
2 0 0 0 0 0 0 0 1 0 0 
2 1 1 0 1 1 0 0 2 0 1 
2 1 0 0 0 0 2 0 0 1 1 
2 1 0 0 0 0 0 0 2 0 0 
1 0 1 1 1 1 1 1 1 1 0 
2 1 1 1 1 0 2 1 2 1 0 
0 0 1 0 0 1 0 0 1 1 1 
2 0 0 1 0 1 2 0 2 0 1 
2 0 0 1 0 1 2 0 0 0 1 
2 1 0 0 1 1 1 1 1 1 0 
0 0 0 0 1 1 2 1 2 0 1 
2 1 0 0 0 0 1 0 2 1 0 
0 0 0 0 0 0 0 0 2 1 1 
2 0 0 1 0 1 0 0 2 0 1 
0 1 1 1 1 1 1 1 1 1 0 
1 0 0 0 1 0 0 1 0 0 1 
1 1 1 0 1 1 0 0 2 0 1 
0 1 1 1 1 0 2 0 0 1 1 
0 1 0 1 1 1 0 1 1 0 0 
2 1 0 0 0 1 1 1 1 1 0 
1 1 0 1 1 0 0 0 1 1 1 
0 1 1 1 0 1 0 1 2 1 0 
2 0 0 1 0 1 2 1 2 0 1 
2 0 0 1 0 1 2 0 1 1 0 
1 1 1 0 1 0 0 1 2 0 1 
2 1 0 1 1 1 1 1 1 1 0 
2 0 0 0 1 1 0 0 2 0 1 
1 1 0 1 0 1 2 0 0 0 0 
0 1 0 0 0 1 2 1 0 1 0 
1 1 0 0 0 1 0 0 1 1 1 
2 1 0 0 0 0 1 0 2 0 1 
2 1 0 0 0 0 1 0 2 0 0 
1 0 0 0 0 0 0 0 0 1 0 
1 1 0 1 1 1 2 0 1 1 1 
2 1 0 1 1 1 2 1 1 1 1 
MFS
[ 2 , - , - , - , - , 1 , - , 0 , - , - , - ]
[ - , - , - , - , - , 1 , - , 0 , - , - , - ]
[ - , - , - , - , - , - , 1 , - , - , - , - ]
precise
0.6666666666666666
recall
0.5
F-measure
0.5714285714285715
multi
1
time
all 1829 iden 1063 gen 344
t-cover
824
all-cover
1915
coveredNum
(1 : 432)  (2 : 433)  (3 : 483)  (4 : 286)  (5 : 132)  (6 : 63)  (7 : 20)  (8 : 24)  (9 : 18)  (10 : 16)  (11 : 7)  (13 : 1)  
real Identify
([ - , - , - , - , - , 1 , - , 0 , - , - , - ] : 1)  ([ - , - , - , - , - , - , 1 , - , - , - , - ] : 1)  
multiple f measure
0.6666666666666666
multiple f recall
0.5
multiple f precise
1.0
multiple f found
1.0
multiple f found percent
0.5
multipe helpedInTheNextRun
0.0
multipe helpedInTheNextRun percent
0.0
negative checked
0.0
negtive impoved
0.0
postive checked
0.0
postive impoved
0.0
feedback start times
3.0
testCase Num: 78
regaular Num: 23
identify Num: 56
0 0 0 0 0 1 2 0 0 0 1 
2 0 1 0 0 0 0 0 1 1 0 
0 0 0 0 0 1 2 1 2 1 0 
0 1 0 1 0 0 1 0 2 0 0 
2 1 1 0 0 0 0 0 0 0 0 
1 1 1 1 1 0 0 1 2 1 0 
2 0 1 0 0 1 0 0 2 0 1 
2 0 0 1 1 1 2 0 2 0 1 
0 1 0 1 0 0 1 0 0 0 0 
2 1 0 1 0 0 1 0 1 1 1 
0 1 0 1 1 1 1 1 1 1 1 
0 0 0 1 1 0 0 0 2 0 1 
1 1 0 0 1 1 0 0 1 1 1 
1 1 0 0 1 1 2 0 0 0 1 
1 1 0 0 1 1 0 0 1 1 0 
1 1 0 0 1 1 0 1 0 0 1 
1 1 0 1 0 0 2 0 1 0 0 
0 0 0 0 0 1 2 0 2 1 0 
2 0 0 0 1 0 0 1 1 0 0 
0 1 1 0 1 0 0 0 1 0 0 
0 1 1 1 1 1 2 1 0 1 0 
2 1 0 1 0 1 1 1 1 1 1 
0 0 0 0 1 1 0 0 2 1 0 
1 0 1 1 0 1 2 0 0 0 1 
2 1 0 1 0 0 1 0 2 0 1 
2 0 0 1 1 1 2 0 1 1 1 
1 0 1 0 0 0 2 0 2 0 0 
0 0 0 0 0 0 0 0 0 0 0 
1 1 0 0 0 1 2 0 0 0 1 
1 1 1 1 0 1 2 0 0 0 1 
0 0 1 1 0 0 2 1 0 0 1 
2 0 0 0 1 0 2 0 2 0 1 
2 1 0 1 0 0 1 0 2 0 0 
2 0 0 1 1 1 2 0 1 1 0 
1 1 0 0 1 1 0 0 0 0 1 
0 1 1 1 1 1 0 0 2 1 0 
2 0 0 1 1 1 0 0 2 0 1 
0 1 1 1 1 1 0 1 1 0 1 
1 0 0 1 1 0 0 0 0 0 0 
0 0 0 0 0 1 2 0 1 0 1 
0 0 0 0 0 1 2 0 1 0 0 
0 1 1 0 0 0 0 0 2 0 0 
1 0 1 0 1 1 1 1 1 1 1 
0 0 0 0 0 1 0 0 2 1 0 
0 0 0 1 1 1 2 1 2 0 1 
0 1 1 0 1 1 1 1 1 1 1 
0 0 1 0 0 1 2 0 0 0 1 
2 1 0 0 1 1 1 1 1 1 1 
2 0 0 1 0 1 0 0 2 0 1 
2 0 0 1 1 1 2 0 1 0 1 
0 0 1 1 1 1 0 0 2 1 0 
0 0 0 0 0 0 0 0 2 1 0 
2 0 0 0 0 1 0 0 2 0 1 
2 1 0 1 0 0 1 0 2 1 1 
1 1 0 0 1 1 0 0 2 1 0 
0 1 0 0 0 0 2 0 1 1 1 
2 1 0 1 0 0 2 1 1 1 1 
0 0 0 0 0 1 2 0 1 1 0 
2 1 1 1 1 1 0 0 2 1 0 
1 1 0 0 1 0 2 0 0 0 1 
1 1 0 0 0 1 0 0 1 1 0 
2 0 1 0 1 1 1 1 1 1 1 
0 0 0 1 1 1 0 0 2 1 0 
2 1 1 0 0 0 0 1 2 0 1 
2 0 0 1 1 1 2 0 2 1 0 
2 0 0 0 0 1 0 1 1 0 0 
1 0 0 1 0 1 0 1 1 0 0 
1 1 0 1 0 1 2 1 2 1 1 
1 1 0 1 0 1 2 0 0 0 1 
0 0 0 0 0 0 0 0 1 0 0 
2 1 0 1 0 0 1 1 1 1 1 
2 0 1 1 0 1 2 0 0 0 1 
2 0 0 1 1 1 2 0 0 1 0 
1 0 1 0 1 1 2 1 1 1 1 
1 1 0 0 1 1 0 0 1 0 1 
2 1 1 0 0 1 0 0 2 0 1 
2 1 0 0 1 1 2 1 0 1 0 
1 0 1 1 0 0 0 0 0 1 1 
MFS
[ 0 , - , - , - , - , 1 , - , 0 , - , - , - ]
[ 1 , - , - , - , - , 1 , - , 0 , - , - , - ]
[ - , - , - , - , - , 1 , - , 0 , - , - , - ]
[ - , - , - , - , - , - , 1 , - , - , - , - ]
precise
1.0
recall
1.0
F-measure
1.0
multi
2
time
all 1985 iden 1220 gen 328
t-cover
835
all-cover
1915
coveredNum
(1 : 426)  (2 : 464)  (3 : 480)  (4 : 285)  (5 : 135)  (6 : 52)  (7 : 32)  (8 : 21)  (9 : 13)  (10 : 5)  (11 : 2)  
real Identify
([ 0 , - , - , - , - , 1 , - , 0 , - , - , - ] : 1)  ([ 1 , - , - , - , - , 1 , - , 0 , - , - , - ] : 1)  ([ - , - , - , - , - , 1 , - , 0 , - , - , - ] : 1)  ([ - , - , - , - , - , - , 1 , - , - , - , - ] : 1)  
multiple f measure
0.6666666666666666
multiple f recall
0.5
multiple f precise
1.0
multiple f found
2.0
multiple f found percent
0.5
multipe helpedInTheNextRun
2.0
multipe helpedInTheNextRun percent
0.5
negative checked
0.0
negtive impoved
0.0
postive checked
0.0
postive impoved
0.0
feedback start times
4.0
testCase Num: 81
regaular Num: 26
identify Num: 56
0 0 0 0 0 1 2 0 2 0 0 
1 0 1 1 1 0 0 0 1 1 0 
1 1 0 0 0 0 0 0 2 1 1 
0 0 0 0 0 1 0 1 2 0 0 
0 0 0 0 0 1 0 0 1 1 1 
0 1 0 0 0 1 0 0 0 1 1 
2 0 0 1 1 1 2 0 0 0 1 
1 0 1 0 0 1 0 0 1 1 0 
1 0 1 1 0 1 0 0 1 1 0 
0 0 0 1 1 0 2 0 2 1 0 
1 0 1 1 1 1 2 0 0 1 0 
2 0 0 0 1 1 2 0 0 0 1 
0 0 0 1 0 1 0 1 0 0 1 
0 0 0 0 0 1 0 0 1 1 0 
2 1 0 0 0 1 0 0 1 1 0 
1 0 0 1 0 0 0 0 2 0 0 
2 1 0 0 1 0 1 0 2 0 0 
0 1 0 1 1 0 2 0 1 0 1 
0 1 1 0 1 1 0 1 2 1 1 
2 1 0 0 1 0 1 0 2 0 1 
2 1 1 0 1 1 2 0 0 0 1 
2 0 1 0 0 0 0 0 2 0 1 
0 0 0 0 0 1 0 0 1 0 0 
1 1 1 0 0 0 0 0 1 0 0 
1 1 0 1 0 1 0 1 0 0 1 
2 1 1 0 1 0 2 1 0 0 1 
2 1 0 1 0 1 1 1 1 1 1 
0 0 0 0 0 0 2 0 2 0 0 
0 0 1 1 1 1 2 0 2 0 0 
0 0 0 0 1 1 2 0 2 0 0 
2 0 0 1 0 1 0 0 0 1 0 
2 0 0 1 0 1 0 0 2 1 1 
0 0 0 0 0 0 0 0 0 0 0 
2 0 0 1 0 1 0 0 2 1 0 
1 0 1 1 1 1 2 1 1 1 0 
1 0 1 0 1 1 2 0 0 0 1 
1 0 0 1 0 0 2 0 0 0 1 
1 0 1 1 1 1 0 0 1 1 0 
0 1 0 0 0 0 2 0 0 0 0 
1 0 0 0 1 0 0 0 1 0 1 
0 1 1 1 0 1 1 1 1 1 1 
0 1 1 1 1 1 2 0 2 0 0 
2 1 0 0 1 0 1 0 2 1 1 
2 0 0 0 1 0 0 0 0 0 0 
0 1 0 0 0 0 0 1 1 1 0 
2 0 1 1 0 1 1 1 1 1 1 
2 1 0 0 1 0 2 1 1 1 1 
2 1 0 0 1 1 1 1 1 1 1 
1 1 1 1 1 0 2 1 2 0 0 
2 0 0 1 0 1 2 0 0 0 1 
1 0 0 0 1 1 2 1 0 1 0 
0 1 0 0 1 0 1 0 0 0 0 
2 0 1 0 1 1 2 0 0 0 1 
2 0 0 1 0 1 0 0 2 0 1 
0 1 0 0 1 0 1 0 2 0 0 
2 0 0 1 0 1 0 0 0 0 1 
1 0 1 1 1 1 2 0 1 1 0 
0 0 0 0 0 1 0 0 0 1 1 
2 1 0 0 1 0 1 1 1 1 1 
2 0 0 1 1 1 0 1 1 0 0 
1 0 1 0 0 0 0 0 0 0 0 
2 0 0 1 0 0 2 1 2 1 1 
1 0 1 1 0 1 1 1 1 1 1 
2 0 1 0 0 0 0 0 1 0 0 
0 0 0 0 0 1 0 0 2 0 0 
2 1 1 1 0 0 2 1 0 1 0 
2 1 1 1 1 1 2 0 2 0 0 
0 0 0 1 1 1 2 0 2 0 0 
2 1 0 0 0 1 1 1 1 1 1 
1 1 0 0 0 1 0 0 1 1 0 
0 0 1 0 0 1 2 1 1 0 0 
1 0 1 1 0 1 2 1 1 1 1 
1 0 0 0 0 1 0 0 1 1 0 
1 0 0 0 0 1 0 1 2 0 0 
1 0 1 1 1 1 2 0 0 0 1 
1 0 1 1 1 1 2 0 2 0 1 
2 0 0 1 0 1 0 0 1 1 0 
1 0 1 1 1 1 2 0 0 0 0 
2 0 1 0 0 1 0 1 0 0 1 
2 1 0 0 1 0 1 0 1 1 1 
0 0 1 1 1 0 0 0 0 1 1 
MFS
[ 0 , - , - , - , - , 1 , - , 0 , - , - , - ]
[ 1 , - , - , - , - , 1 , - , 0 , - , - , - ]
[ - , - , - , - , - , 1 , - , 0 , - , - , - ]
[ - , - , - , - , - , - , 1 , - , - , - , - ]
precise
1.0
recall
1.0
F-measure
1.0
multi
2
time
all 2000 iden 1203 gen 343
t-cover
824
all-cover
1915
coveredNum
(1 : 396)  (2 : 396)  (3 : 448)  (4 : 323)  (5 : 185)  (6 : 76)  (7 : 18)  (8 : 25)  (9 : 28)  (10 : 10)  (11 : 6)  (12 : 4)  
real Identify
([ 0 , - , - , - , - , 1 , - , 0 , - , - , - ] : 1)  ([ 1 , - , - , - , - , 1 , - , 0 , - , - , - ] : 1)  ([ - , - , - , - , - , 1 , - , 0 , - , - , - ] : 1)  ([ - , - , - , - , - , - , 1 , - , - , - , - ] : 1)  
multiple f measure
0.6666666666666666
multiple f recall
0.5
multiple f precise
1.0
multiple f found
2.0
multiple f found percent
0.5
multipe helpedInTheNextRun
2.0
multipe helpedInTheNextRun percent
0.5
negative checked
0.0
negtive impoved
0.0
postive checked
0.0
postive impoved
0.0
feedback start times
4.0
