testCase Num: 88
regaular Num: 37
identify Num: 51
1 0 0 0 0 0 1 0 2 0 0 
0 0 1 0 0 2 0 0 1 0 1 
0 0 1 0 0 0 1 0 0 1 0 
2 1 0 0 0 1 0 1 0 0 0 
1 0 0 0 0 0 1 0 0 0 1 
2 1 1 1 0 0 0 1 2 1 0 
2 0 0 0 1 2 0 1 0 0 0 
0 1 0 1 1 2 0 0 1 0 1 
2 1 0 1 0 0 1 0 1 1 0 
0 1 1 1 1 0 1 0 2 0 0 
0 0 0 1 0 1 0 0 1 1 0 
2 1 1 1 1 1 1 1 2 0 0 
1 0 0 0 1 0 0 0 2 1 0 
0 1 0 1 1 0 0 0 1 0 1 
2 1 1 1 0 2 1 0 2 1 0 
1 0 1 1 1 1 1 0 1 1 1 
1 0 0 1 0 0 0 0 0 1 0 
0 0 0 1 1 0 1 1 1 0 0 
2 1 0 0 0 1 1 0 0 0 0 
0 1 1 0 0 2 0 0 1 0 1 
2 0 1 1 1 0 0 1 1 0 1 
2 0 0 0 1 2 0 1 2 1 0 
0 0 1 0 0 1 0 1 2 1 1 
2 1 0 1 0 2 0 0 1 1 0 
2 1 1 0 1 1 1 1 2 1 0 
2 1 0 1 0 0 1 0 2 0 1 
0 0 0 0 0 0 0 0 0 0 0 
0 1 0 1 1 2 0 1 1 0 1 
2 0 0 0 1 0 1 0 0 0 0 
1 0 0 0 0 0 0 1 2 0 0 
2 1 0 0 1 2 0 1 2 1 0 
1 1 0 0 1 0 1 0 1 0 0 
2 0 0 1 1 1 0 1 0 1 1 
0 1 0 1 0 2 0 0 1 0 1 
2 1 1 1 1 2 0 1 2 1 0 
2 1 1 0 0 0 1 0 2 0 0 
0 0 1 0 0 2 0 0 0 1 0 
2 1 0 1 0 2 1 1 2 0 1 
2 1 1 1 0 2 1 1 2 1 0 
0 1 0 0 1 2 1 0 0 1 1 
2 1 1 1 1 1 0 0 2 0 0 
2 1 0 0 0 0 0 0 2 0 0 
1 0 0 0 0 0 1 0 1 0 0 
1 0 0 0 1 2 0 1 2 1 0 
2 0 1 0 0 2 0 0 1 0 1 
1 0 1 1 0 0 1 0 0 0 0 
2 1 1 1 0 2 0 1 2 1 0 
2 0 0 0 0 0 1 1 2 0 0 
1 1 0 0 1 2 0 0 1 0 0 
0 1 0 1 1 2 0 1 2 1 0 
0 1 0 0 1 2 0 1 0 1 1 
2 1 1 0 1 0 0 1 0 1 0 
0 1 0 1 1 2 0 1 2 1 1 
2 1 1 1 1 1 1 0 0 1 0 
1 1 0 1 0 1 0 0 2 0 0 
2 1 1 1 1 1 1 0 0 1 1 
1 0 1 1 1 1 0 1 1 1 1 
2 1 1 1 1 0 1 0 2 0 0 
0 1 1 1 0 0 0 1 0 1 1 
2 1 1 1 0 2 1 1 0 1 0 
1 0 0 0 0 2 0 0 0 0 1 
1 1 1 0 1 1 0 0 0 0 1 
2 1 1 1 0 2 1 1 0 0 1 
0 0 0 0 0 0 1 0 1 0 1 
1 0 1 1 1 0 0 0 2 0 1 
2 0 1 0 0 0 1 0 1 0 1 
1 0 1 1 0 2 1 1 0 0 0 
0 0 0 0 0 2 1 1 1 0 1 
0 0 0 1 0 0 0 1 2 1 0 
1 1 0 0 0 0 1 1 1 1 1 
2 0 0 0 0 0 1 0 2 0 0 
2 1 1 1 1 1 1 0 2 0 0 
0 1 1 1 1 2 0 0 2 0 0 
0 1 0 1 1 2 0 1 2 0 1 
1 0 0 0 0 1 0 1 0 0 0 
2 1 1 1 1 1 1 0 0 0 0 
1 0 0 0 0 0 0 1 1 0 0 
2 1 0 0 0 0 1 0 2 0 0 
0 0 0 0 0 1 0 0 0 0 0 
0 0 1 0 0 1 1 0 2 1 1 
0 1 0 0 0 2 0 0 1 0 1 
2 1 1 0 1 2 0 1 2 1 0 
0 1 0 1 1 2 1 0 1 0 1 
0 1 1 0 1 1 0 1 1 0 0 
2 1 1 1 0 2 1 1 0 0 0 
2 1 1 0 1 0 1 0 0 1 0 
2 0 0 0 0 1 1 1 1 0 0 
2 1 1 1 0 0 1 0 2 0 0 
MFS
[ - , - , - , - , - , 2 , 0 , - , - , - , - ]
[ - , - , - , - , - , - , 1 , 0 , - , - , - ]
[ - , - , - , - , - , 2 , - , 1 , - , - , - ]
precise
0.3333333333333333
recall
0.5
F-measure
0.4
multi
1
time
all 78 iden 0 gen 78
t-cover
1301
all-cover
1915
coveredNum
(1 : 41)  (2 : 99)  (3 : 188)  (4 : 196)  (5 : 212)  (6 : 171)  (7 : 151)  (8 : 162)  (9 : 146)  (10 : 112)  (11 : 104)  (12 : 81)  (13 : 61)  (14 : 41)  (15 : 43)  (16 : 32)  (17 : 25)  (18 : 9)  (19 : 16)  (20 : 12)  (21 : 5)  (22 : 4)  (23 : 2)  (24 : 1)  (26 : 1)  
real Identify
([ - , - , - , - , - , - , 1 , 0 , - , - , - ] : 1)  
multiple f measure
0.0
multiple f recall
0.0
multiple f precise
0.0
multiple f found
0.0
multiple f found percent
0.0
multipe helpedInTheNextRun
1.0
multipe helpedInTheNextRun percent
0.5
testCase Num: 86
regaular Num: 37
identify Num: 49
2 0 1 0 1 0 0 0 2 0 0 
1 1 1 1 0 2 1 1 1 0 0 
1 0 0 0 0 0 1 0 2 0 0 
2 1 0 0 1 1 0 0 0 0 1 
2 0 0 0 0 2 0 0 1 0 0 
2 0 1 1 0 1 1 1 0 1 0 
0 0 1 1 0 0 1 1 1 0 0 
0 0 1 0 1 0 1 1 1 1 0 
2 1 0 1 1 1 1 0 2 0 0 
0 1 1 1 1 2 0 1 1 0 0 
2 0 1 0 0 2 0 0 2 0 1 
1 1 0 0 1 2 0 0 2 0 0 
1 0 0 0 0 0 0 1 2 1 1 
0 1 0 1 0 0 1 1 0 1 1 
1 0 0 1 0 0 1 1 0 1 0 
2 1 0 0 1 0 1 1 2 1 0 
2 1 1 0 0 2 1 1 2 0 0 
2 1 0 0 1 2 1 1 2 1 0 
2 0 0 1 1 1 1 0 2 0 0 
2 0 0 0 1 0 0 1 1 0 1 
1 0 0 0 0 0 1 0 1 1 0 
0 1 1 1 0 1 0 0 1 0 0 
2 0 1 0 0 0 1 0 2 0 1 
2 0 0 1 0 0 1 0 0 0 0 
1 1 0 0 0 1 0 0 0 1 0 
0 1 1 1 1 2 0 0 1 0 0 
2 0 0 0 0 0 1 0 1 0 0 
1 1 0 0 1 2 0 1 1 0 0 
0 1 0 0 0 1 0 1 1 1 1 
1 1 0 0 1 2 0 0 2 1 0 
1 1 0 0 1 2 0 0 2 1 1 
0 0 0 0 0 0 0 0 0 0 0 
0 0 0 0 0 0 0 0 0 0 1 
0 1 1 0 0 2 0 0 1 0 0 
1 0 1 1 0 2 1 1 1 0 0 
2 1 1 0 1 1 1 0 2 0 0 
1 1 1 0 0 1 0 1 2 0 0 
2 1 1 1 0 0 1 0 1 0 1 
1 1 0 0 1 2 1 1 1 0 1 
0 1 1 1 1 2 1 0 1 0 0 
1 1 0 0 1 2 1 1 1 0 0 
2 1 1 0 0 2 1 0 0 0 0 
1 0 0 1 1 1 1 0 2 0 0 
2 1 1 0 0 2 1 0 2 0 0 
0 0 0 0 0 2 0 0 1 0 0 
1 1 0 1 0 2 1 1 1 0 0 
0 1 1 1 1 0 0 0 2 1 0 
2 1 0 1 0 0 0 1 2 1 1 
1 1 0 0 0 2 1 1 1 0 0 
1 1 1 1 1 2 0 0 0 0 0 
0 1 1 1 1 2 0 1 2 0 0 
0 0 1 1 0 2 1 1 1 0 0 
1 1 0 0 1 2 0 0 1 0 0 
2 1 1 0 0 2 0 0 2 0 0 
1 0 0 0 0 0 0 0 1 0 0 
1 1 0 0 1 0 1 1 1 0 1 
1 1 0 0 1 0 1 1 1 0 0 
1 0 1 1 1 1 0 1 1 1 1 
2 0 0 1 0 2 0 0 0 0 0 
0 0 1 1 0 0 0 1 2 0 0 
1 1 1 0 1 0 1 1 0 0 1 
0 0 1 0 1 0 0 1 0 1 1 
1 0 0 0 0 2 0 0 1 1 0 
0 1 0 0 0 1 1 0 1 1 1 
1 0 0 0 0 2 0 0 2 0 0 
2 1 1 0 0 2 1 0 0 1 1 
1 0 0 0 0 0 1 0 2 1 1 
2 1 0 1 1 1 0 0 1 1 0 
2 1 1 0 0 2 1 0 0 1 0 
0 1 1 1 1 0 0 0 1 0 0 
2 1 1 0 0 1 1 0 2 0 0 
2 1 1 1 0 0 0 1 1 0 1 
0 0 0 0 1 1 0 1 2 0 1 
0 1 1 1 1 2 0 1 2 1 0 
0 1 1 1 1 2 0 1 2 1 1 
2 1 1 1 1 1 1 0 2 0 0 
0 0 1 1 0 2 1 0 2 0 0 
2 0 0 0 0 1 0 0 2 1 0 
0 0 1 0 1 2 1 0 0 1 1 
1 0 0 1 1 1 0 1 2 0 0 
0 1 1 1 0 2 0 0 1 0 0 
0 0 0 0 0 1 0 0 0 0 0 
1 1 1 1 1 0 1 0 0 0 0 
0 1 0 0 0 2 0 0 1 0 0 
0 1 0 1 0 2 0 1 0 1 1 
2 0 0 0 0 0 0 0 0 0 0 
MFS
[ - , - , - , - , - , 2 , 0 , - , - , - , - ]
[ - , - , - , - , - , - , 1 , 0 , - , - , - ]
[ - , - , - , - , - , 2 , - , - , - , - , - ]
precise
0.6666666666666666
recall
1.0
F-measure
0.8
multi
2
time
all 78 iden 0 gen 78
t-cover
1295
all-cover
1915
coveredNum
(1 : 52)  (2 : 107)  (3 : 192)  (4 : 215)  (5 : 221)  (6 : 206)  (7 : 160)  (8 : 148)  (9 : 102)  (10 : 104)  (11 : 90)  (12 : 80)  (13 : 47)  (14 : 47)  (15 : 24)  (16 : 25)  (17 : 18)  (18 : 22)  (19 : 17)  (20 : 6)  (21 : 4)  (22 : 7)  (23 : 9)  (24 : 1)  (25 : 6)  (26 : 2)  (28 : 1)  (29 : 1)  (33 : 1)  
real Identify
([ - , - , - , - , - , - , 1 , 0 , - , - , - ] : 1)  ([ - , - , - , - , - , 2 , - , - , - , - , - ] : 1)  
multiple f measure
0.0
multiple f recall
0.0
multiple f precise
0.0
multiple f found
0.0
multiple f found percent
0.0
multipe helpedInTheNextRun
4.0
multipe helpedInTheNextRun percent
1.0
testCase Num: 88
regaular Num: 39
identify Num: 50
0 0 1 1 1 1 1 1 0 0 1 
1 0 0 0 0 0 1 0 2 0 0 
0 0 0 0 0 2 0 0 0 0 0 
0 1 0 0 0 0 0 0 0 0 0 
2 1 0 0 0 0 0 0 1 0 0 
0 1 1 1 1 2 0 1 1 0 0 
1 0 0 0 0 1 0 0 0 0 0 
2 0 0 1 1 2 0 0 1 1 0 
1 1 0 0 0 0 1 1 1 0 0 
1 1 0 0 1 2 0 1 0 1 1 
0 0 0 1 0 2 1 1 0 1 1 
2 0 1 1 1 0 1 1 1 0 0 
2 0 0 1 1 0 1 0 1 1 0 
2 0 1 1 1 2 0 0 1 0 0 
0 1 1 0 0 1 0 1 2 0 1 
1 1 0 0 1 0 1 1 2 0 0 
2 0 1 1 0 1 0 1 2 1 0 
1 0 1 1 1 2 1 0 2 1 0 
2 0 1 1 0 2 1 1 1 0 0 
2 0 1 0 0 2 1 1 1 0 0 
1 0 1 0 0 1 1 0 1 1 0 
2 1 0 0 1 1 0 1 0 1 0 
1 0 1 1 0 1 1 0 1 1 0 
1 0 1 1 1 1 1 0 1 1 0 
1 0 1 1 1 0 0 0 1 0 1 
0 0 0 0 0 1 0 0 1 0 0 
0 1 1 1 1 0 0 0 0 0 0 
0 1 0 0 0 1 0 1 1 1 0 
0 1 1 1 1 2 0 1 1 1 1 
0 1 0 1 0 1 0 0 0 0 0 
0 1 1 1 1 2 0 1 1 1 0 
0 0 0 0 0 0 0 0 0 0 0 
2 1 1 0 1 0 0 1 0 0 1 
0 1 1 1 0 2 0 0 0 0 0 
0 1 0 0 0 2 0 0 0 0 0 
1 0 1 1 1 2 1 0 2 0 0 
2 1 0 0 0 2 1 1 1 0 0 
2 0 0 0 0 0 0 1 1 1 1 
1 0 1 1 1 2 1 0 2 0 1 
0 1 0 0 0 1 1 0 1 1 0 
0 1 0 1 1 0 0 0 1 1 1 
2 0 0 0 0 2 0 0 0 0 0 
1 0 1 0 1 1 1 1 1 1 1 
1 1 0 0 0 2 1 1 1 0 0 
2 1 0 1 0 0 0 1 2 1 1 
2 0 1 1 0 1 1 0 1 0 0 
1 0 1 1 0 0 1 0 0 0 0 
2 0 0 1 0 0 1 1 0 0 0 
0 1 1 1 1 2 0 1 0 0 0 
1 0 0 1 1 1 0 0 2 0 1 
2 0 0 0 0 1 0 0 0 0 1 
2 0 1 1 1 2 0 0 2 0 0 
2 0 1 0 1 0 1 1 2 0 1 
2 0 0 0 0 2 1 1 1 0 0 
1 1 0 1 1 0 1 0 0 1 0 
1 1 0 1 1 0 0 1 0 1 0 
2 1 1 0 1 0 1 0 0 0 1 
1 0 0 0 0 1 1 0 1 1 0 
1 0 1 1 1 2 1 0 1 1 0 
1 0 1 1 0 0 0 1 2 1 0 
0 0 0 0 0 2 0 0 1 0 1 
0 0 1 0 1 0 0 1 2 1 0 
1 0 0 0 0 2 0 0 2 0 0 
0 1 1 1 1 2 1 0 0 0 0 
2 0 1 1 1 2 1 1 1 0 0 
1 1 0 0 0 1 1 0 1 1 0 
0 0 0 0 0 0 1 0 1 0 1 
2 0 1 1 0 1 1 0 2 1 0 
2 0 0 0 0 0 1 0 0 0 0 
1 0 1 1 1 2 0 0 1 1 0 
0 1 1 0 0 0 1 1 1 0 0 
0 1 1 1 1 2 0 0 0 0 0 
0 0 0 1 0 0 0 0 2 0 1 
2 0 1 1 1 2 0 0 2 1 1 
2 0 1 1 1 2 0 1 1 0 0 
2 0 1 1 1 2 0 0 2 1 0 
2 0 1 0 1 2 0 1 2 0 1 
0 1 1 0 0 2 0 0 0 0 0 
1 1 0 0 1 0 1 1 0 1 1 
0 0 1 0 1 2 1 0 2 1 0 
2 0 1 1 0 1 0 1 1 0 0 
0 1 1 1 1 0 1 1 1 0 0 
2 0 0 0 0 0 0 0 2 0 0 
1 0 1 1 0 2 0 0 0 0 0 
1 1 1 0 0 1 0 0 0 1 1 
1 0 1 1 1 2 1 1 1 1 0 
0 0 0 1 0 0 1 1 0 1 1 
2 1 0 1 0 2 1 0 2 1 1 
MFS
[ - , - , - , - , - , 2 , 0 , - , - , - , - ]
[ - , - , - , - , - , - , 1 , 0 , - , - , - ]
[ - , - , - , - , - , 2 , - , - , - , - , - ]
precise
0.6666666666666666
recall
1.0
F-measure
0.8
multi
2
time
all 94 iden 0 gen 94
t-cover
1323
all-cover
1915
coveredNum
(1 : 38)  (2 : 104)  (3 : 159)  (4 : 193)  (5 : 227)  (6 : 209)  (7 : 163)  (8 : 176)  (9 : 127)  (10 : 100)  (11 : 82)  (12 : 78)  (13 : 57)  (14 : 32)  (15 : 41)  (16 : 26)  (17 : 20)  (18 : 22)  (19 : 14)  (20 : 10)  (21 : 9)  (22 : 11)  (23 : 5)  (24 : 6)  (25 : 3)  (27 : 2)  (30 : 1)  
real Identify
([ - , - , - , - , - , - , 1 , 0 , - , - , - ] : 1)  ([ - , - , - , - , - , 2 , - , - , - , - , - ] : 1)  
multiple f measure
0.0
multiple f recall
0.0
multiple f precise
0.0
multiple f found
0.0
multiple f found percent
0.0
multipe helpedInTheNextRun
4.0
multipe helpedInTheNextRun percent
1.0
testCase Num: 92
regaular Num: 40
identify Num: 52
1 0 0 0 0 0 1 0 2 0 1 
2 0 1 0 1 0 0 1 2 1 0 
0 0 1 0 1 2 0 1 2 0 1 
1 1 1 0 0 0 0 1 0 0 0 
0 0 0 0 0 1 0 1 2 0 0 
0 0 0 0 0 2 1 1 2 1 1 
2 1 1 1 1 2 1 0 1 1 1 
1 0 0 0 0 1 0 0 0 0 0 
1 0 0 1 1 0 1 0 0 1 0 
2 1 0 0 0 2 0 0 1 1 1 
2 1 1 1 1 1 1 1 2 0 1 
0 0 1 0 1 2 1 0 2 0 1 
2 0 1 0 0 1 0 0 2 0 0 
2 0 0 0 0 1 0 0 1 0 0 
2 1 1 1 1 1 1 1 0 0 0 
0 0 0 1 0 2 1 0 0 0 0 
0 0 1 1 1 2 1 1 2 1 1 
2 1 1 1 1 2 0 1 2 0 1 
2 1 1 1 1 2 0 0 1 1 1 
2 1 1 1 1 2 0 1 2 0 0 
2 1 0 0 0 2 1 1 2 1 1 
1 0 0 0 1 0 0 1 1 0 0 
0 0 0 0 1 1 1 1 1 0 1 
0 1 0 1 0 1 1 0 2 1 0 
0 1 1 0 0 0 0 1 1 1 0 
1 0 0 1 1 0 0 1 0 1 0 
0 1 0 0 0 0 0 1 1 0 0 
1 0 0 0 0 0 1 0 1 1 1 
2 0 1 1 0 0 1 0 1 0 1 
0 0 1 1 0 1 0 0 1 0 1 
0 1 0 1 0 1 0 1 2 1 0 
0 0 0 0 0 0 0 0 0 0 0 
2 1 1 0 0 2 0 0 1 1 1 
1 0 0 0 0 0 0 1 2 0 1 
2 1 0 1 1 2 0 0 1 0 0 
2 0 1 0 0 2 1 1 1 1 0 
2 1 1 1 1 2 0 1 2 1 1 
1 1 1 0 0 2 1 0 0 0 0 
2 1 1 0 0 0 1 0 2 0 1 
1 0 0 0 0 2 0 0 1 1 1 
2 0 1 1 0 0 0 1 1 0 1 
2 1 1 1 1 1 0 0 2 0 1 
0 1 0 1 1 0 0 1 2 0 1 
0 0 0 0 0 2 0 0 1 0 0 
0 1 0 0 1 2 1 0 0 1 0 
2 0 1 1 0 0 0 0 2 1 1 
2 0 0 0 0 2 0 0 0 0 0 
1 0 1 1 1 1 1 1 1 1 0 
1 1 1 0 0 0 0 0 2 1 0 
1 0 0 0 1 2 0 0 0 0 0 
0 0 1 1 1 2 0 0 2 1 1 
0 1 0 0 0 0 1 0 1 0 0 
0 1 0 0 0 2 1 1 2 1 1 
0 0 1 1 1 0 1 1 0 1 1 
0 0 1 0 0 2 1 1 2 1 1 
0 0 1 1 1 0 1 1 2 1 1 
0 1 0 0 1 2 0 1 0 1 0 
0 1 0 1 1 0 1 0 2 0 1 
2 1 1 1 1 1 1 0 0 1 0 
2 1 1 1 1 1 1 0 0 1 1 
0 0 1 1 1 2 0 0 0 1 1 
2 1 1 1 1 0 1 0 2 0 1 
2 1 0 1 1 0 1 0 1 0 0 
1 1 0 1 0 0 0 1 0 0 1 
1 0 0 1 0 2 0 1 2 0 0 
0 0 0 1 0 2 0 1 0 0 0 
0 0 0 0 0 0 1 0 1 0 0 
1 1 1 0 1 1 0 0 2 0 1 
2 0 0 0 0 2 0 0 1 1 1 
1 0 0 1 0 0 1 1 2 0 0 
1 1 0 1 0 1 0 1 1 0 1 
1 0 0 0 1 0 1 0 0 0 0 
0 0 1 1 1 2 0 1 2 1 1 
0 0 1 1 1 2 0 0 0 0 1 
2 0 0 0 0 0 1 0 0 0 0 
2 0 0 0 0 0 1 0 2 0 1 
2 0 1 0 0 0 1 1 1 1 0 
0 0 1 1 0 2 1 1 2 1 1 
2 0 0 0 0 1 0 0 0 1 1 
2 1 1 1 1 1 1 0 2 0 1 
2 1 1 1 1 0 0 0 1 1 1 
2 1 1 1 0 2 0 0 1 1 1 
0 0 1 1 1 2 0 1 0 1 1 
0 0 1 0 0 0 0 0 0 0 0 
2 1 0 0 0 0 1 0 2 0 1 
2 1 1 1 1 1 1 0 0 0 1 
0 0 1 1 1 2 0 0 0 0 0 
2 1 0 0 0 0 1 1 2 1 1 
0 0 0 0 0 1 0 0 0 0 0 
2 1 0 0 1 0 1 1 0 0 1 
2 1 1 1 1 2 0 1 1 1 1 
2 1 1 1 0 0 1 0 2 0 1 
MFS
[ - , - , - , - , - , 2 , 0 , - , - , - , - ]
[ - , - , - , - , - , - , 1 , 0 , - , - , - ]
[ - , - , - , - , - , 2 , - , - , - , - , - ]
precise
0.6666666666666666
recall
1.0
F-measure
0.8
multi
4
time
all 94 iden 0 gen 94
t-cover
1330
all-cover
1915
coveredNum
(1 : 47)  (2 : 86)  (3 : 141)  (4 : 159)  (5 : 166)  (6 : 185)  (7 : 192)  (8 : 165)  (9 : 174)  (10 : 140)  (11 : 117)  (12 : 80)  (13 : 73)  (14 : 42)  (15 : 47)  (16 : 23)  (17 : 21)  (18 : 20)  (19 : 13)  (20 : 12)  (21 : 5)  (22 : 2)  (23 : 2)  (24 : 1)  (25 : 1)  (27 : 1)  
real Identify
([ - , - , - , - , - , - , 1 , 0 , - , - , - ] : 1)  ([ - , - , - , - , - , 2 , - , - , - , - , - ] : 1)  
multiple f measure
0.0
multiple f recall
0.0
multiple f precise
0.0
multiple f found
0.0
multiple f found percent
0.0
multipe helpedInTheNextRun
8.0
multipe helpedInTheNextRun percent
1.0
testCase Num: 85
regaular Num: 37
identify Num: 48
0 1 0 0 0 1 1 0 0 1 0 
0 0 1 0 1 1 1 1 0 0 1 
1 0 1 0 0 2 0 0 1 1 1 
1 1 1 1 0 0 0 1 2 0 1 
1 0 1 0 0 2 0 0 1 1 0 
2 1 0 0 0 0 0 1 1 1 0 
0 1 0 1 1 2 1 1 0 0 0 
2 1 0 1 0 0 0 0 1 0 0 
1 1 1 1 0 0 0 0 1 1 1 
1 0 0 1 1 2 1 1 0 0 0 
2 0 1 1 1 0 0 1 0 1 0 
0 0 1 0 0 1 0 1 1 0 0 
0 1 0 0 0 1 0 0 0 1 0 
1 0 0 0 0 1 0 0 2 0 0 
2 0 1 1 1 0 1 1 1 0 0 
1 1 1 0 0 0 1 1 0 1 0 
2 0 1 1 1 0 1 0 0 1 0 
0 0 1 0 0 1 1 0 1 0 0 
0 0 0 1 1 0 0 0 2 0 0 
1 0 1 0 0 2 0 1 0 0 0 
0 1 0 0 0 0 0 1 2 1 1 
0 1 1 0 1 1 0 1 2 1 0 
1 0 0 0 0 2 0 0 1 0 0 
0 0 1 1 0 0 1 1 2 1 1 
0 0 0 0 1 0 1 0 1 1 1 
1 0 1 0 0 2 0 0 0 0 0 
0 1 0 0 0 0 1 0 2 1 1 
0 1 0 1 0 1 0 0 2 0 0 
1 1 1 1 0 2 0 1 1 1 1 
0 1 0 1 1 0 1 0 0 1 0 
0 0 0 0 0 0 0 0 0 0 0 
2 1 1 0 0 2 0 1 0 0 1 
1 1 1 0 1 2 0 0 1 1 1 
1 0 1 0 0 2 1 1 0 0 0 
0 1 0 0 0 0 1 0 0 1 0 
0 1 1 1 0 0 0 1 1 0 0 
1 1 0 1 1 2 1 1 0 0 0 
0 1 0 0 0 1 1 0 1 0 1 
0 1 0 0 0 1 1 0 1 0 0 
0 1 0 0 0 1 1 0 1 1 0 
0 0 0 0 1 2 0 0 1 1 1 
1 0 0 0 0 0 1 0 1 0 0 
1 0 1 1 1 1 1 1 1 1 0 
2 0 0 0 0 2 0 0 2 0 0 
1 0 0 0 1 0 1 1 2 0 0 
0 0 0 0 0 0 0 0 0 1 0 
1 1 1 1 0 2 0 0 1 1 1 
1 1 1 1 0 2 0 1 2 0 0 
1 1 1 1 0 2 0 1 2 0 1 
2 0 0 0 0 1 0 0 0 0 0 
1 0 0 0 1 1 0 0 0 0 0 
1 0 1 1 1 2 1 1 0 0 0 
1 0 1 0 1 2 1 1 0 0 0 
2 1 1 0 0 0 1 1 0 0 1 
0 0 1 1 0 2 0 1 2 1 1 
0 0 1 0 1 0 0 0 0 0 1 
1 1 1 1 0 2 1 0 1 1 1 
2 0 1 1 1 2 1 1 1 0 0 
0 1 0 0 0 1 1 1 0 1 0 
2 0 0 1 0 1 1 1 2 0 1 
1 0 1 0 0 2 0 0 1 0 0 
2 0 1 1 0 0 0 0 2 0 0 
2 1 0 0 0 1 0 1 1 1 0 
1 0 0 0 0 0 1 1 1 0 1 
1 0 0 0 1 2 0 1 2 0 0 
1 0 0 0 1 2 0 0 1 1 1 
1 1 0 1 0 1 0 0 0 1 1 
1 0 1 0 0 0 1 1 0 0 0 
1 1 0 1 1 0 0 0 1 1 1 
0 1 1 0 1 1 1 0 2 1 0 
1 0 1 0 1 2 0 0 0 1 0 
0 1 0 1 1 0 1 1 0 0 0 
0 0 1 1 1 0 1 0 0 1 0 
2 1 0 0 1 0 0 1 2 1 1 
1 1 1 1 0 2 0 1 2 1 1 
2 0 0 0 0 0 1 0 2 0 0 
1 1 0 0 1 2 0 0 1 1 1 
0 1 0 0 1 0 1 0 0 1 0 
1 0 1 0 1 0 1 0 0 1 0 
1 0 0 0 0 0 0 0 2 1 0 
1 1 1 1 1 2 0 0 1 1 1 
0 1 1 1 1 0 1 0 0 1 0 
1 1 1 1 0 2 1 0 2 0 1 
2 1 0 0 0 2 1 0 1 1 0 
2 0 1 0 1 1 0 0 1 0 1 
MFS
[ - , - , - , - , - , 2 , 0 , - , - , - , - ]
[ - , - , - , - , - , - , 1 , 0 , - , - , - ]
[ - , - , - , - , - , 2 , - , - , - , - , - ]
precise
0.6666666666666666
recall
1.0
F-measure
0.8
multi
2
time
all 78 iden 0 gen 78
t-cover
1249
all-cover
1915
coveredNum
(1 : 66)  (2 : 120)  (3 : 171)  (4 : 192)  (5 : 206)  (6 : 175)  (7 : 158)  (8 : 168)  (9 : 140)  (10 : 107)  (11 : 90)  (12 : 98)  (13 : 71)  (14 : 46)  (15 : 39)  (16 : 14)  (17 : 17)  (18 : 9)  (19 : 9)  (20 : 7)  (21 : 1)  (22 : 6)  (23 : 2)  (24 : 2)  (27 : 1)  
real Identify
([ - , - , - , - , - , - , 1 , 0 , - , - , - ] : 1)  ([ - , - , - , - , - , 2 , - , - , - , - , - ] : 1)  
multiple f measure
0.0
multiple f recall
0.0
multiple f precise
0.0
multiple f found
0.0
multiple f found percent
0.0
multipe helpedInTheNextRun
4.0
multipe helpedInTheNextRun percent
1.0
