testCase Num: 251
regaular Num: 129
identify Num: 122
2 1 0 1 1 1 0 1 1 1 0 2 0 
2 0 0 1 1 0 1 1 0 1 1 2 2 
1 1 0 1 1 1 1 0 0 1 0 2 0 
1 1 1 0 1 1 1 0 1 1 1 0 2 
1 0 0 0 0 1 0 0 0 0 0 2 1 
0 0 0 0 0 1 0 0 0 0 0 2 1 
1 1 0 0 0 0 0 0 1 0 1 3 0 
0 1 0 0 0 0 0 0 1 0 1 3 0 
1 1 0 1 0 0 0 0 0 1 0 3 1 
0 0 0 1 1 0 0 0 1 0 0 1 0 
1 1 0 0 1 0 0 1 1 1 0 0 1 
1 1 0 0 1 0 0 1 1 1 1 2 1 
0 1 0 1 0 0 0 0 0 1 0 2 1 
1 1 0 0 1 0 0 0 0 1 0 3 2 
1 1 0 0 0 0 0 0 1 0 0 1 1 
0 1 1 1 1 0 0 0 0 0 0 1 2 
2 1 0 1 0 1 0 1 0 1 0 3 2 
1 1 1 1 1 0 0 0 0 0 0 1 2 
1 0 1 0 0 1 0 0 0 1 1 2 2 
2 0 1 0 0 1 0 0 0 1 1 2 2 
1 1 0 1 1 1 1 1 1 1 1 1 0 
1 1 1 1 0 0 0 1 1 1 0 2 2 
0 0 1 0 1 1 1 1 0 1 1 3 1 
1 1 0 1 1 0 1 0 1 0 0 2 1 
2 0 0 1 0 0 1 0 0 0 0 1 1 
1 1 0 1 0 0 0 0 0 1 0 2 1 
2 1 1 0 1 1 1 0 1 0 0 2 2 
1 0 0 0 0 0 1 1 0 0 1 3 1 
1 1 0 1 0 1 1 1 0 1 0 1 1 
1 1 1 0 0 1 0 1 1 1 1 1 2 
2 0 0 0 0 0 0 1 0 0 0 3 1 
1 1 1 0 1 1 1 1 0 1 1 3 1 
2 0 0 1 0 0 1 0 1 1 0 1 2 
2 1 1 1 1 0 0 0 1 1 0 3 0 
2 1 1 0 1 0 0 1 1 1 0 3 2 
2 0 0 0 0 1 0 0 0 1 1 2 2 
1 1 0 0 0 0 1 1 0 0 1 3 1 
1 1 1 1 0 0 1 1 1 0 0 0 2 
0 0 1 0 1 0 0 1 1 1 0 0 0 
0 0 1 0 1 0 0 1 1 0 0 3 1 
2 1 0 0 0 0 0 1 0 0 0 3 1 
1 1 0 0 0 0 1 1 0 1 0 1 2 
1 1 0 1 0 1 1 0 1 1 1 0 0 
0 0 0 0 1 0 0 0 0 1 0 3 2 
1 1 1 1 0 1 0 0 0 0 1 3 1 
0 0 1 1 0 0 1 1 1 0 0 0 2 
2 0 0 1 1 1 0 0 0 1 1 2 2 
1 1 1 1 0 1 1 1 0 1 0 0 0 
1 1 0 0 1 1 0 0 0 0 0 0 1 
1 1 1 0 0 1 0 0 0 1 1 2 2 
1 1 0 1 1 1 1 1 0 0 0 0 2 
1 0 0 0 0 0 0 1 0 1 0 1 0 
0 1 1 1 1 0 0 0 0 1 1 2 2 
2 1 1 1 1 1 1 1 0 1 1 0 0 
2 0 0 0 0 1 0 0 0 0 0 0 0 
2 1 0 1 0 0 1 0 0 0 0 1 1 
1 1 1 1 1 0 0 0 0 1 1 2 2 
0 1 0 1 0 1 1 0 1 1 1 0 0 
2 1 1 1 1 0 0 0 0 0 0 3 1 
0 1 0 0 0 0 1 1 0 1 0 1 2 
2 0 0 0 0 0 1 0 0 1 0 2 0 
0 0 1 0 0 1 1 0 0 0 0 3 1 
1 1 0 0 0 0 0 1 0 1 0 1 0 
2 1 0 0 1 0 0 1 0 0 0 2 1 
1 0 1 1 0 0 0 1 1 0 0 0 1 
1 0 1 0 1 1 1 1 0 1 0 3 0 
1 0 0 1 0 0 1 0 1 1 0 3 0 
0 1 0 0 1 1 0 0 0 0 1 1 1 
0 0 0 0 0 1 0 0 0 0 1 3 2 
1 1 0 0 1 1 0 0 0 0 1 1 1 
1 1 1 0 1 1 1 1 0 1 0 3 0 
2 1 1 0 0 1 0 0 0 1 1 2 2 
1 1 0 0 0 1 0 0 0 0 1 3 0 
1 1 0 0 0 1 0 0 0 0 1 3 2 
1 1 0 1 0 0 1 0 1 1 0 3 0 
2 1 0 1 0 1 0 1 1 0 1 0 2 
2 1 0 0 0 0 0 0 1 0 0 2 2 
2 1 0 0 0 0 1 1 0 0 0 3 0 
0 0 1 0 1 0 0 1 1 1 1 0 2 
1 1 1 0 1 0 1 1 1 0 1 1 2 
0 0 1 0 1 0 0 1 1 1 1 0 1 
1 1 0 0 0 1 0 1 0 1 1 0 0 
0 0 1 0 1 0 0 1 1 1 0 3 1 
1 1 1 0 0 0 1 0 1 1 1 2 0 
2 1 0 0 0 0 0 1 0 0 0 1 0 
2 0 0 0 0 0 0 0 1 0 0 2 2 
0 1 0 0 0 0 0 1 0 0 0 1 0 
2 1 0 0 1 1 1 0 1 1 1 3 1 
0 1 0 0 0 1 0 0 0 0 0 0 2 
2 0 1 0 1 0 0 1 1 1 0 3 2 
2 1 0 0 0 0 0 0 0 0 1 2 0 
1 1 0 0 1 0 0 0 0 0 0 2 2 
2 1 0 0 0 1 0 0 0 0 0 0 0 
2 0 0 1 1 0 1 1 1 0 0 3 2 
2 0 0 1 1 0 1 1 1 0 0 3 0 
0 1 1 1 0 1 1 1 0 0 1 2 1 
1 1 1 0 1 0 1 0 0 0 0 1 0 
1 1 0 1 1 0 0 1 0 1 1 3 0 
0 0 0 0 1 0 0 0 0 0 1 2 0 
2 0 1 1 0 0 0 1 0 0 0 1 2 
1 0 0 0 1 1 0 0 0 0 0 0 1 
1 1 1 1 0 0 0 1 1 0 0 0 1 
2 0 1 0 0 1 1 1 0 1 0 2 1 
1 0 0 0 0 0 1 0 0 0 0 3 2 
2 1 1 1 1 0 1 0 0 0 1 3 2 
1 0 0 1 0 0 0 0 0 1 0 3 1 
2 1 1 0 0 0 0 1 0 1 1 0 2 
2 0 1 1 1 1 1 1 0 1 1 0 0 
2 1 1 1 1 1 0 0 1 0 1 2 1 
0 0 1 0 1 0 0 1 0 0 0 3 1 
1 1 0 1 0 0 0 0 0 1 1 0 2 
0 0 0 0 0 1 0 1 0 1 0 2 0 
2 0 0 1 1 0 1 1 1 1 1 2 2 
1 0 0 1 1 1 1 0 0 1 0 2 0 
0 1 0 0 0 0 0 0 0 0 1 3 2 
1 1 1 1 1 1 0 1 1 1 0 1 1 
0 1 1 1 0 1 1 1 1 0 0 3 2 
2 0 0 1 0 1 0 1 0 1 0 3 2 
1 0 1 0 1 1 1 0 0 1 0 1 2 
2 1 1 1 1 0 1 0 0 0 0 0 2 
1 1 0 0 1 0 0 0 0 0 1 2 0 
2 1 1 0 0 1 0 1 1 0 1 3 0 
1 1 1 0 0 0 0 0 0 0 1 1 0 
1 1 1 1 1 1 0 1 0 0 0 0 1 
0 1 1 0 0 0 1 0 0 1 1 3 0 
2 1 0 0 1 1 0 0 0 0 0 1 2 
1 1 1 0 1 0 0 0 0 1 1 1 1 
0 0 1 0 1 1 1 0 1 1 1 0 2 
1 1 1 0 1 0 0 1 1 1 0 0 0 
1 1 0 0 1 0 1 0 0 0 1 0 1 
2 0 1 0 1 0 1 1 0 0 0 1 1 
1 1 1 0 1 0 0 1 0 0 0 2 0 
0 0 0 0 1 0 0 1 1 1 0 0 1 
0 0 1 0 1 0 0 0 0 0 0 3 1 
1 1 1 1 0 0 1 0 0 0 0 2 1 
0 0 0 1 0 0 0 0 0 1 1 0 2 
0 0 1 0 1 0 0 1 1 1 1 3 1 
0 0 1 0 1 0 1 0 0 0 0 3 1 
2 1 1 1 0 1 0 0 0 1 0 1 0 
1 1 1 0 0 0 0 0 0 0 1 0 2 
0 0 0 1 1 1 0 0 1 0 0 3 0 
1 0 0 1 1 0 0 0 1 0 0 1 0 
1 0 1 0 0 1 1 0 1 0 0 2 1 
0 0 1 1 1 1 0 1 1 1 0 1 1 
2 1 0 1 0 1 0 0 0 1 1 0 1 
2 1 0 0 0 0 0 0 0 0 0 3 1 
1 0 0 0 0 0 0 0 0 1 0 0 1 
1 1 0 1 1 1 0 0 1 0 0 3 0 
2 0 0 1 0 1 0 0 0 1 1 2 2 
1 1 0 1 0 1 1 0 0 0 0 3 1 
1 1 0 0 0 1 0 1 0 1 0 2 0 
1 1 0 0 0 1 0 0 1 0 0 1 0 
0 1 0 1 0 1 1 0 0 0 0 3 1 
0 0 0 0 0 0 0 0 0 0 0 2 2 
1 1 0 1 0 0 1 1 0 1 0 0 1 
1 0 0 0 0 0 0 0 0 0 0 2 2 
1 1 1 1 0 0 0 0 0 0 1 1 2 
1 1 0 0 1 0 0 0 1 1 0 0 2 
1 1 0 0 0 0 0 0 0 1 0 1 0 
1 1 1 0 0 1 1 0 1 0 0 0 1 
0 0 1 0 1 1 1 0 0 0 0 3 1 
2 0 0 1 1 0 1 1 1 0 1 2 2 
1 1 1 1 1 0 0 0 1 0 1 0 0 
2 0 0 1 1 0 1 0 0 1 1 2 2 
1 1 0 0 0 0 1 0 0 0 0 0 1 
0 1 1 0 1 0 0 1 1 0 1 0 1 
1 0 0 0 0 0 0 0 0 0 0 1 2 
1 1 1 0 1 0 0 1 1 0 1 0 1 
0 0 0 0 0 0 1 0 0 0 0 0 1 
2 0 0 0 0 1 1 1 1 1 1 1 1 
2 0 0 1 0 1 0 1 1 0 1 0 2 
2 0 0 1 1 0 0 0 0 1 1 2 2 
0 1 1 1 0 0 1 0 1 1 1 1 1 
1 1 0 1 1 0 0 1 1 0 0 3 1 
1 1 1 1 0 0 1 0 1 1 1 1 1 
1 0 1 1 0 1 1 1 1 0 1 2 0 
0 0 0 0 0 0 0 0 0 0 0 0 0 
2 0 0 0 0 0 0 0 0 0 1 2 0 
1 0 0 1 1 1 1 1 0 0 0 0 2 
1 1 1 1 1 0 1 1 1 1 1 3 2 
0 0 1 1 1 0 0 1 0 0 0 2 0 
2 1 1 1 0 0 0 0 1 0 0 2 0 
2 1 1 0 1 0 0 0 1 1 0 0 1 
1 0 1 1 0 0 0 0 0 0 1 1 2 
2 1 1 0 1 0 1 0 1 1 1 1 0 
2 0 0 1 1 0 1 1 1 0 0 2 2 
2 1 0 0 0 0 1 0 0 1 0 2 0 
1 1 1 1 1 0 0 1 0 0 0 2 0 
2 0 1 0 1 0 0 0 1 1 0 0 1 
0 0 1 0 0 0 0 0 1 1 0 3 1 
0 0 0 0 1 1 0 1 1 0 1 2 2 
1 0 1 1 0 1 0 0 0 0 1 3 1 
1 1 1 1 0 1 1 1 1 0 1 2 0 
1 1 0 0 0 0 0 1 0 0 0 1 0 
1 1 1 0 0 0 0 0 1 1 0 3 1 
1 0 1 1 0 0 0 1 1 1 0 2 2 
1 1 0 0 0 0 0 0 0 0 0 0 0 
1 1 0 0 0 1 0 0 0 0 0 0 2 
2 1 1 0 1 0 1 1 0 0 0 1 1 
1 1 0 0 1 1 0 1 1 0 1 2 2 
0 1 1 0 1 0 1 0 0 0 0 1 0 
2 1 0 1 0 0 0 1 1 0 1 1 1 
1 0 1 0 0 0 0 0 0 0 1 1 0 
0 1 0 1 1 0 0 1 0 1 1 3 0 
0 1 1 0 0 0 1 0 1 1 1 2 0 
1 0 0 0 0 0 0 0 1 0 0 1 1 
0 0 1 1 0 1 1 1 0 0 1 1 0 
1 0 0 0 1 0 1 0 0 0 1 0 1 
1 1 0 0 0 0 0 0 0 0 0 1 2 
1 1 0 0 0 0 0 0 0 0 1 3 2 
2 1 0 1 0 0 1 0 1 1 0 1 2 
1 0 0 1 1 1 1 1 1 1 1 1 0 
2 1 0 0 1 0 0 0 0 0 0 3 2 
1 0 1 1 1 0 0 0 1 0 1 0 0 
2 1 0 1 1 0 1 1 0 1 1 2 2 
0 0 0 1 1 0 1 0 1 0 0 2 1 
2 1 0 0 0 1 1 1 1 1 1 1 1 
2 0 1 1 1 0 1 0 0 0 1 3 2 
2 0 1 1 1 1 0 0 1 0 1 2 1 
2 0 1 1 1 0 0 0 1 1 0 3 0 
1 0 1 0 1 0 0 0 0 1 1 1 1 
2 0 0 0 1 1 0 0 0 0 0 1 2 
0 0 0 1 0 1 1 0 0 0 0 3 1 
2 0 0 1 0 1 0 0 0 1 1 0 1 
2 1 0 0 0 1 1 1 0 0 0 0 1 
2 1 1 1 0 0 0 1 0 0 0 1 2 
0 0 0 0 0 0 0 0 0 1 0 1 0 
1 1 0 0 0 0 1 0 0 0 0 3 2 
1 1 1 1 0 1 1 1 0 0 1 1 0 
1 1 0 0 1 1 1 0 0 0 0 2 2 
2 1 1 0 0 1 1 1 0 1 0 2 1 
0 0 1 1 0 1 1 0 0 0 0 3 1 
1 0 0 0 1 0 0 0 0 0 0 2 2 
2 1 0 1 1 1 1 0 0 0 1 1 2 
0 0 1 0 0 1 0 1 1 1 1 1 2 
1 1 1 1 0 1 1 1 1 0 0 3 2 
1 1 1 0 0 1 1 0 1 0 0 2 1 
2 0 1 0 0 1 0 1 1 0 1 3 0 
1 1 0 0 1 1 0 0 1 1 0 3 2 
1 1 0 0 0 0 0 0 0 1 0 0 1 
1 0 1 1 0 0 1 0 0 0 0 2 1 
2 0 0 0 0 0 0 1 0 0 0 1 0 
1 1 1 0 0 0 1 0 0 1 1 3 0 
1 1 1 1 0 1 1 1 0 0 1 2 1 
0 1 1 1 1 1 0 1 0 0 0 0 1 
1 1 0 1 0 1 1 0 0 0 1 2 2 
2 0 0 0 0 0 0 0 0 0 0 3 1 
1 1 1 0 1 1 1 0 0 1 0 1 2 
2 1 0 0 1 0 1 1 1 0 0 0 0 
0 0 0 0 1 1 1 0 0 0 0 2 2 
1 0 1 0 0 0 0 0 0 0 1 0 2 
MFS
[ 0 , - , - , - , - , - , - , - , - , - , - , - , - ]
[ - , 0 , - , - , - , - , - , - , - , - , - , - , - ]
precise
1.0
recall
1.0
F-measure
1.0
multi
25
time
all 1565 iden 0 gen 1565
t-cover
13900
all-cover
19620
coveredNum
(1 : 329)  (2 : 900)  (3 : 1312)  (4 : 1695)  (5 : 1718)  (6 : 1758)  (7 : 1582)  (8 : 1547)  (9 : 1338)  (10 : 1229)  (11 : 1027)  (12 : 864)  (13 : 696)  (14 : 632)  (15 : 521)  (16 : 472)  (17 : 389)  (18 : 294)  (19 : 257)  (20 : 179)  (21 : 164)  (22 : 107)  (23 : 76)  (24 : 63)  (25 : 56)  (26 : 35)  (27 : 34)  (28 : 39)  (29 : 28)  (30 : 24)  (31 : 31)  (32 : 16)  (33 : 26)  (34 : 22)  (35 : 25)  (36 : 15)  (37 : 22)  (38 : 7)  (39 : 14)  (40 : 13)  (41 : 7)  (42 : 12)  (43 : 13)  (44 : 7)  (45 : 3)  (46 : 5)  (47 : 4)  (48 : 4)  (49 : 2)  (50 : 4)  (51 : 3)  
real Identify
([ 0 , - , - , - , - , - , - , - , - , - , - , - , - ] : 1)  ([ - , 0 , - , - , - , - , - , - , - , - , - , - , - ] : 1)  
multiple f measure
0.0
multiple f recall
0.0
multiple f precise
0.0
multiple f found
0.0
multiple f found percent
0.0
multipe helpedInTheNextRun
50.0
multipe helpedInTheNextRun percent
1.0
testCase Num: 251
regaular Num: 124
identify Num: 127
1 1 0 0 1 0 0 1 0 0 1 1 0 
0 1 1 1 0 1 0 0 1 1 0 0 2 
1 1 0 0 1 1 1 0 1 0 1 2 2 
0 1 0 0 0 0 0 1 0 1 0 2 2 
2 1 1 1 1 1 1 1 1 1 1 2 2 
0 0 1 1 0 0 0 1 1 1 1 0 1 
2 0 0 0 1 0 1 0 0 0 0 1 2 
1 0 1 1 0 0 1 0 0 0 0 1 2 
2 0 1 1 0 0 1 0 0 0 0 1 2 
0 0 1 0 1 1 0 0 1 0 0 1 0 
1 1 0 1 1 0 0 0 0 0 1 2 0 
0 1 0 1 1 0 0 0 0 0 1 2 0 
0 0 1 0 0 0 0 1 0 1 0 0 1 
1 1 1 0 0 1 0 1 1 1 1 2 0 
1 1 0 1 1 0 1 1 0 1 0 3 2 
0 0 1 1 1 1 1 1 1 1 1 0 1 
1 1 1 1 1 0 0 1 1 0 1 0 2 
1 1 1 1 0 1 0 0 1 1 0 0 0 
0 1 0 0 0 0 1 0 1 0 1 0 2 
1 1 0 0 0 0 1 0 1 0 1 0 2 
1 1 1 1 0 0 1 1 1 0 1 3 1 
2 0 0 0 1 0 0 0 0 1 0 1 1 
1 1 0 1 1 1 1 1 1 1 1 0 1 
2 0 0 0 1 0 1 1 1 0 1 1 1 
2 0 0 1 0 0 1 0 0 0 0 1 2 
2 0 0 0 0 1 1 0 1 1 1 1 0 
1 1 0 1 0 0 0 0 0 1 0 2 0 
0 1 1 0 0 1 0 1 1 1 1 2 0 
0 1 1 0 0 1 0 0 0 1 0 3 0 
0 0 1 0 1 1 1 0 1 0 1 0 1 
0 0 0 0 1 0 0 0 0 1 1 2 2 
1 1 0 1 0 1 0 0 1 0 0 3 2 
0 0 0 1 0 0 0 0 0 1 0 2 0 
0 1 0 0 1 0 0 1 0 0 0 1 0 
2 1 1 0 0 1 0 1 0 0 0 0 1 
1 0 0 0 0 1 0 0 1 1 0 1 1 
0 1 1 1 1 0 0 0 0 0 0 3 2 
0 0 1 1 1 1 0 1 1 1 1 0 1 
2 0 1 1 0 1 0 0 1 1 0 0 2 
1 1 0 0 0 0 1 0 1 0 0 0 1 
1 1 1 1 1 0 0 0 0 0 0 3 2 
1 1 1 0 0 0 0 0 1 1 1 3 2 
1 0 0 1 1 0 1 1 0 1 0 3 2 
2 0 0 0 1 0 1 0 0 1 0 1 1 
1 1 0 1 1 0 1 0 1 1 0 1 2 
1 1 0 1 1 1 0 1 0 1 1 0 2 
1 1 0 1 0 0 0 0 0 0 0 3 0 
2 0 0 0 0 0 0 1 0 1 0 2 2 
2 1 0 1 1 1 0 1 0 0 1 3 2 
0 1 0 0 0 1 1 1 1 0 1 3 0 
1 1 0 0 0 0 0 0 1 0 0 2 1 
2 1 0 0 1 0 1 0 0 1 0 0 1 
1 1 0 0 1 1 1 1 0 0 0 3 1 
2 0 0 1 1 1 0 0 0 1 1 3 1 
0 0 0 1 1 1 0 1 0 1 1 0 2 
0 1 0 0 1 1 1 1 0 0 0 3 1 
1 1 0 0 1 0 1 0 1 1 1 3 0 
2 1 0 1 0 0 0 0 1 0 1 0 1 
0 1 1 1 1 0 1 1 1 0 1 1 1 
0 1 0 0 0 0 0 0 0 0 0 0 1 
0 1 0 0 0 1 1 0 1 1 1 1 0 
0 1 0 1 1 1 0 0 0 1 1 3 1 
0 1 1 1 0 1 1 1 0 0 0 0 2 
0 1 1 0 0 0 0 1 1 1 0 3 1 
2 0 0 0 1 0 0 1 0 0 0 1 0 
1 1 0 1 0 0 1 0 0 0 1 1 0 
0 1 0 0 0 0 0 0 0 0 1 2 0 
0 1 1 0 1 1 0 1 0 1 0 1 2 
1 0 0 0 0 0 1 0 0 0 0 3 1 
0 1 0 1 0 1 1 0 1 1 1 2 1 
0 0 1 1 0 0 0 0 0 1 1 0 1 
2 0 1 0 0 1 0 0 0 1 0 3 0 
1 1 1 0 1 1 1 0 1 0 1 0 1 
1 0 1 1 0 1 0 1 0 0 1 2 0 
0 1 0 0 1 1 1 1 0 0 0 1 2 
1 0 0 1 0 1 1 1 1 0 0 0 0 
0 0 1 1 0 0 1 1 1 0 1 3 1 
2 1 0 0 1 1 1 1 0 0 0 1 1 
1 1 1 1 0 0 0 1 0 1 1 1 2 
1 1 0 0 1 0 0 0 0 1 1 2 2 
0 0 1 1 1 1 1 0 0 0 0 0 1 
0 0 1 1 0 0 0 1 0 1 1 1 2 
1 1 1 0 1 0 1 1 1 1 0 2 0 
2 1 0 0 0 0 0 0 1 1 0 1 2 
1 1 0 0 0 1 0 1 0 0 0 0 2 
2 0 1 0 0 0 0 0 0 0 0 0 0 
2 0 0 0 1 0 1 1 1 0 0 0 2 
2 0 0 0 1 0 1 1 1 0 1 2 1 
2 0 0 0 1 0 1 1 1 0 1 2 2 
0 1 1 1 0 1 1 0 0 0 0 2 2 
0 0 1 0 0 0 0 0 1 0 0 1 2 
1 0 1 1 1 0 0 0 0 0 1 2 1 
0 0 1 1 1 1 1 0 0 0 0 1 1 
0 0 1 1 1 1 1 0 0 0 0 1 2 
0 0 1 1 1 1 1 0 0 1 1 0 1 
1 1 1 0 1 0 1 0 0 1 1 2 1 
1 1 1 0 0 1 1 1 0 1 0 2 1 
1 1 1 1 0 0 0 0 0 1 1 0 1 
2 0 0 0 0 1 0 0 0 1 0 1 1 
1 1 1 0 1 1 0 0 1 0 0 2 2 
2 0 0 0 1 0 0 1 1 0 0 2 0 
0 0 0 1 0 0 1 0 0 0 1 1 0 
2 0 0 0 1 0 1 1 1 0 0 1 1 
0 1 0 0 0 0 0 0 0 1 0 0 2 
2 1 1 1 0 1 0 0 0 1 0 1 1 
1 0 0 1 0 1 1 0 0 0 0 1 1 
1 0 0 0 0 0 0 0 0 1 1 2 0 
0 1 1 1 0 1 0 0 0 1 0 1 1 
0 1 1 1 1 0 1 0 1 1 0 0 0 
2 1 0 0 1 1 0 0 0 0 0 2 1 
2 0 1 0 1 0 1 0 1 1 0 3 2 
1 1 0 1 1 1 0 0 0 0 1 1 1 
0 1 1 0 0 0 0 0 0 1 0 3 2 
1 1 1 1 0 0 1 0 0 0 0 1 2 
1 1 1 0 0 0 0 0 1 0 0 1 2 
0 1 0 0 0 0 0 0 0 0 0 3 1 
1 1 0 0 0 1 1 1 0 0 1 3 2 
2 0 0 0 1 0 0 0 0 0 0 1 1 
1 1 1 0 1 1 0 0 1 0 0 1 0 
2 0 0 0 1 1 1 0 0 0 0 1 2 
2 0 0 0 1 1 0 1 1 0 0 1 2 
0 1 1 1 0 0 1 0 1 0 1 2 2 
1 1 0 1 0 1 1 1 1 0 0 0 0 
1 1 1 0 1 1 0 1 0 0 0 0 0 
0 1 0 0 0 0 0 1 1 1 1 0 1 
2 0 1 1 0 1 0 0 0 1 0 1 1 
1 1 0 0 0 0 0 1 1 1 1 0 1 
2 1 0 0 0 0 1 0 0 0 0 2 0 
2 1 1 1 0 0 0 0 0 0 1 1 0 
2 0 0 1 0 0 1 1 0 1 1 0 0 
0 0 1 1 0 1 0 0 0 1 0 1 1 
2 0 0 0 1 1 0 0 0 1 0 1 1 
0 0 0 1 1 1 1 1 0 0 0 2 0 
2 0 0 0 1 1 0 1 1 1 1 1 2 
1 1 0 1 0 0 1 0 1 0 1 2 0 
1 0 1 0 1 1 1 0 0 0 0 3 0 
1 0 0 0 0 0 0 0 0 0 1 3 0 
0 1 1 0 1 1 0 1 1 1 1 3 2 
1 1 1 1 1 0 0 1 0 0 0 0 1 
1 1 0 0 0 0 1 1 1 0 1 2 2 
1 1 1 0 1 1 0 1 1 1 1 3 2 
1 1 1 1 0 1 0 1 0 0 1 2 0 
0 0 1 0 0 0 0 1 1 1 1 0 1 
2 0 0 1 0 1 0 0 0 1 0 1 1 
1 0 0 1 0 1 0 0 0 1 0 1 0 
1 0 1 1 1 0 0 1 0 0 0 0 1 
2 1 0 1 1 0 0 1 1 0 0 3 0 
2 0 0 0 1 0 1 1 1 1 0 1 1 
1 0 0 0 0 1 0 1 0 0 0 0 2 
2 0 0 0 0 1 0 1 0 0 1 2 1 
1 1 0 1 0 1 0 0 0 1 0 1 0 
0 0 0 0 0 0 0 0 0 0 0 0 0 
0 0 1 0 1 1 0 1 0 0 0 0 0 
1 0 0 0 0 0 0 0 0 0 0 0 0 
1 1 1 0 0 0 1 0 0 1 1 0 2 
0 0 0 0 0 0 0 1 1 1 1 0 1 
0 1 0 1 0 0 1 1 0 1 1 0 0 
2 0 0 0 0 0 0 0 0 0 1 2 0 
1 1 0 0 0 1 1 1 0 1 0 1 0 
1 1 0 0 0 0 0 0 0 1 0 3 1 
1 1 1 0 1 0 0 1 0 1 0 3 1 
2 0 0 0 0 0 0 0 0 0 0 0 1 
1 1 0 0 1 0 0 0 1 0 1 3 1 
0 1 0 0 0 1 1 1 0 1 0 1 0 
2 0 1 1 0 0 1 0 1 0 1 2 2 
2 1 1 1 0 1 1 0 0 1 0 3 1 
2 0 0 1 0 0 1 1 0 0 1 1 2 
2 0 0 0 0 1 1 1 1 0 1 3 0 
1 1 1 1 1 0 1 1 1 1 0 1 0 
1 0 1 0 0 0 1 0 0 1 1 0 2 
0 0 0 0 0 0 1 0 1 1 1 1 1 
1 1 0 1 1 0 0 1 1 0 0 2 1 
1 1 0 0 0 1 0 0 1 1 0 1 1 
0 0 1 1 0 0 0 1 0 1 1 3 0 
1 0 0 0 1 0 0 0 1 0 1 3 1 
0 1 0 1 1 0 0 1 1 0 0 2 1 
0 0 1 1 1 1 1 0 0 0 1 0 1 
0 1 1 0 0 0 1 1 1 0 0 1 1 
1 1 1 1 0 0 0 1 0 1 1 3 0 
0 0 0 1 1 0 1 0 1 1 0 1 2 
1 1 1 0 0 0 1 1 1 0 0 1 1 
0 0 1 1 1 1 1 0 1 1 1 0 1 
2 1 1 1 1 1 0 0 0 1 0 2 0 
0 1 0 0 1 0 1 0 1 1 1 3 0 
1 0 0 0 0 0 0 0 1 0 0 2 1 
1 1 0 0 0 0 0 0 0 0 0 0 0 
0 1 0 1 0 0 1 1 0 0 1 1 2 
1 1 0 1 1 1 1 1 0 0 0 2 0 
2 1 1 0 0 0 0 0 0 0 1 3 2 
0 0 0 0 0 0 0 0 0 1 0 3 1 
2 0 0 0 1 1 0 1 0 0 0 1 2 
0 0 0 0 0 1 0 0 0 0 1 0 0 
0 0 0 1 0 1 0 0 1 0 0 3 2 
1 1 0 1 0 1 0 1 1 0 1 1 2 
0 0 0 0 0 0 1 0 0 0 0 3 2 
2 1 1 0 1 1 1 1 1 0 1 0 0 
1 1 1 1 1 0 0 1 1 1 1 1 1 
0 0 0 0 0 0 1 1 1 0 1 2 2 
1 1 0 0 0 0 1 0 1 1 1 1 1 
2 1 1 0 0 0 1 0 1 0 0 2 1 
1 1 1 0 0 1 0 0 1 1 0 2 1 
0 1 0 0 0 1 0 1 0 0 1 2 1 
1 1 0 0 1 1 1 1 0 0 0 1 2 
0 1 1 0 0 0 0 0 0 0 0 0 0 
1 0 0 0 1 1 1 0 1 0 1 2 2 
1 0 1 0 0 0 0 0 1 1 1 3 2 
1 1 0 0 1 1 0 0 0 1 1 0 0 
1 1 0 0 0 0 0 0 0 0 1 3 0 
1 1 1 0 1 1 1 0 0 1 1 1 2 
1 1 1 1 0 1 1 1 1 1 0 3 0 
2 0 0 0 1 1 0 0 0 0 0 1 2 
2 0 1 0 0 0 0 1 1 1 0 3 1 
2 0 0 0 1 1 0 1 1 1 1 2 0 
2 0 0 0 1 1 0 1 1 1 1 2 2 
1 1 1 0 1 1 1 0 0 0 0 3 0 
1 1 0 1 0 1 1 0 0 0 0 1 1 
1 1 0 0 0 1 0 0 0 0 1 0 0 
1 0 1 0 1 0 1 1 1 1 0 2 0 
0 0 1 1 1 0 0 1 1 1 1 0 1 
1 0 0 1 1 1 1 1 1 1 1 0 1 
1 1 0 0 0 0 1 0 0 0 0 3 2 
2 0 1 1 1 0 1 1 1 0 1 1 1 
1 1 0 0 0 0 1 0 0 0 0 3 1 
0 1 1 0 1 0 1 0 0 1 1 2 1 
0 0 1 0 0 1 0 0 1 1 0 2 1 
2 0 0 1 0 1 1 0 1 1 1 2 1 
2 0 1 0 1 1 0 1 0 1 0 1 2 
2 1 0 1 1 1 0 0 0 0 1 0 2 
2 0 0 0 1 0 1 1 0 1 0 1 1 
2 0 0 0 0 0 1 0 0 0 0 1 2 
1 1 0 1 0 1 0 0 1 1 1 3 1 
1 1 1 1 0 1 1 0 0 0 0 2 2 
1 1 1 0 0 0 0 1 0 1 0 0 1 
2 0 0 0 1 1 0 1 1 1 0 1 2 
0 1 1 0 1 0 1 0 1 1 0 3 2 
0 0 0 0 1 1 0 0 0 0 0 3 0 
1 1 0 0 0 0 0 0 0 1 0 0 2 
0 1 0 0 1 0 0 0 0 0 0 1 1 
0 1 0 1 1 1 0 0 0 0 1 1 1 
1 1 1 1 1 0 1 0 1 1 0 0 0 
1 0 0 0 1 0 0 1 0 0 1 1 0 
1 1 1 1 0 1 1 1 0 0 0 0 2 
1 1 0 0 1 1 0 0 0 0 0 3 0 
0 1 0 0 1 0 1 1 1 0 0 0 2 
1 1 1 0 0 0 0 0 0 1 0 3 2 
0 1 0 0 1 0 0 1 1 0 0 2 0 
1 1 0 0 0 0 0 0 0 1 1 2 0 
2 0 0 0 0 0 0 0 0 0 0 3 1 
1 1 0 1 0 0 0 1 0 1 0 2 2 
1 1 1 1 1 0 0 0 0 0 1 2 1 
2 1 1 1 0 0 1 0 0 0 0 1 2 
MFS
[ 0 , - , - , - , - , - , - , - , - , - , - , - , - ]
[ 2 , 0 , - , - , - , - , - , - , - , - , - , - , - ]
[ - , 0 , - , - , - , - , - , - , - , - , - , - , - ]
precise
0.6666666666666666
recall
1.0
F-measure
0.8
multi
24
time
all 1531 iden 0 gen 1531
t-cover
14840
all-cover
19620
coveredNum
(1 : 323)  (2 : 914)  (3 : 1291)  (4 : 1594)  (5 : 1682)  (6 : 1693)  (7 : 1558)  (8 : 1474)  (9 : 1322)  (10 : 1250)  (11 : 1094)  (12 : 937)  (13 : 760)  (14 : 736)  (15 : 592)  (16 : 435)  (17 : 370)  (18 : 308)  (19 : 251)  (20 : 211)  (21 : 151)  (22 : 103)  (23 : 116)  (24 : 79)  (25 : 67)  (26 : 49)  (27 : 34)  (28 : 25)  (29 : 33)  (30 : 29)  (31 : 21)  (32 : 18)  (33 : 17)  (34 : 16)  (35 : 12)  (36 : 14)  (37 : 5)  (38 : 13)  (39 : 6)  (40 : 4)  (41 : 4)  (42 : 3)  (43 : 3)  (44 : 2)  (45 : 1)  
real Identify
([ 0 , - , - , - , - , - , - , - , - , - , - , - , - ] : 1)  ([ - , 0 , - , - , - , - , - , - , - , - , - , - , - ] : 1)  
multiple f measure
0.0
multiple f recall
0.0
multiple f precise
0.0
multiple f found
0.0
multiple f found percent
0.0
multipe helpedInTheNextRun
48.0
multipe helpedInTheNextRun percent
1.0
testCase Num: 248
regaular Num: 128
identify Num: 120
2 1 1 1 0 0 1 0 0 1 1 3 0 
2 1 0 0 0 0 0 1 0 1 0 2 2 
1 1 0 0 0 1 1 0 1 1 0 3 1 
1 1 1 1 1 1 0 1 1 1 0 3 1 
0 1 0 0 0 1 1 0 1 1 0 3 1 
1 1 0 0 1 1 1 1 0 1 0 1 2 
2 1 1 0 1 0 0 1 0 0 0 0 2 
1 1 1 0 0 1 0 1 1 1 1 2 2 
1 1 0 0 0 1 0 0 0 1 0 1 2 
2 1 1 0 0 1 1 0 0 0 0 3 2 
0 0 1 0 1 1 1 1 0 1 0 0 1 
0 0 0 0 0 0 0 1 0 0 0 2 1 
1 1 1 1 1 0 0 0 0 0 1 3 2 
2 1 0 0 1 0 1 1 1 0 0 1 2 
2 0 1 0 1 1 1 1 0 1 1 2 2 
2 1 0 1 0 0 1 1 1 0 0 0 1 
2 1 1 0 0 1 0 1 0 0 1 1 1 
1 1 1 1 0 0 0 1 0 0 1 0 0 
1 0 1 0 0 0 0 1 0 0 0 2 2 
2 0 1 0 0 0 0 0 1 0 1 2 2 
1 1 0 0 1 0 0 1 1 1 1 3 1 
2 0 0 1 0 1 1 1 1 1 1 3 1 
0 1 0 0 1 0 0 1 1 1 1 3 1 
1 1 0 0 0 0 0 0 1 0 1 2 0 
1 1 0 0 0 1 0 0 0 0 0 3 2 
0 1 1 1 0 0 0 1 0 0 1 0 0 
0 1 0 0 0 1 0 0 0 0 0 3 2 
1 1 0 0 0 0 1 0 1 0 1 1 2 
2 1 0 0 0 0 1 1 0 1 0 1 1 
0 0 1 1 1 1 0 1 1 0 0 1 1 
0 0 1 1 1 0 0 0 1 1 1 0 1 
0 0 1 0 0 1 1 0 1 1 0 3 1 
1 1 0 0 0 1 0 1 1 1 0 0 1 
0 0 0 0 1 1 1 1 0 1 0 1 2 
1 1 0 0 0 0 0 0 1 0 0 3 2 
2 1 1 0 1 1 1 0 0 0 1 1 0 
1 1 1 1 0 1 1 0 0 0 1 0 2 
0 1 0 0 1 0 0 1 0 1 1 1 0 
1 1 0 0 0 0 1 1 0 1 0 0 2 
1 1 0 1 1 1 0 1 1 1 1 3 0 
1 1 0 1 0 0 0 1 0 1 1 0 2 
1 0 0 0 0 1 0 0 0 0 0 1 0 
1 1 0 0 0 0 0 0 1 0 0 2 0 
0 1 0 0 0 0 0 0 1 0 0 2 0 
1 0 0 0 0 0 1 1 0 1 0 0 2 
1 1 1 1 0 1 0 0 0 0 0 0 1 
1 1 0 0 0 1 0 0 0 0 0 1 0 
2 0 1 1 1 0 0 0 1 0 1 2 2 
1 1 0 0 1 0 0 1 0 1 1 1 0 
2 1 0 1 0 1 1 1 1 1 1 3 1 
1 1 0 1 1 0 1 1 1 1 0 3 2 
0 1 0 0 1 1 1 0 1 1 0 1 0 
0 0 0 0 0 0 1 0 1 0 1 1 2 
0 0 1 1 1 0 0 1 0 0 0 3 1 
2 0 1 0 0 0 0 0 1 1 1 2 2 
2 0 1 0 0 0 0 0 1 0 0 3 2 
1 0 1 0 1 1 1 1 1 0 0 3 0 
1 1 1 1 0 0 0 0 0 1 1 2 1 
2 0 1 0 0 0 0 0 1 0 0 3 0 
1 1 0 0 1 0 0 0 0 0 0 2 1 
1 1 1 0 1 0 1 0 0 1 1 0 2 
0 0 0 0 0 1 0 1 0 1 0 3 0 
0 1 0 1 0 1 1 1 0 0 1 1 1 
1 1 0 0 1 0 0 0 0 0 0 2 0 
2 0 0 0 0 0 1 1 0 1 0 1 1 
2 1 1 1 0 1 1 1 0 1 1 0 2 
2 1 0 1 0 1 1 0 1 0 0 3 0 
0 1 1 1 1 1 0 0 1 0 1 3 0 
2 0 1 1 0 0 1 0 1 0 0 2 1 
2 1 0 0 1 0 0 1 0 0 0 3 0 
1 0 0 0 0 0 1 0 0 0 0 3 2 
2 0 0 0 1 0 0 0 0 0 0 0 0 
0 0 0 1 1 0 1 1 0 0 1 2 0 
2 1 1 0 1 0 0 0 1 1 1 0 1 
2 0 1 0 1 1 1 0 0 0 1 1 0 
1 1 1 0 0 0 0 0 0 0 0 0 0 
2 1 1 1 1 1 0 1 0 1 0 2 0 
1 1 0 1 0 0 0 0 0 0 0 1 0 
2 1 0 0 1 1 0 0 0 1 1 3 2 
1 1 0 1 0 0 0 1 1 0 1 0 2 
1 1 1 0 1 0 0 1 1 0 0 2 1 
1 0 1 1 0 1 0 1 1 1 0 1 0 
0 0 0 0 0 1 1 0 1 1 0 3 1 
1 1 1 1 0 0 0 0 0 1 0 1 2 
2 1 1 0 1 1 1 0 0 0 0 2 2 
0 0 1 0 1 0 0 0 0 1 1 1 1 
1 1 1 1 1 1 0 1 1 0 0 1 1 
0 0 0 1 0 0 0 0 0 0 0 1 0 
1 1 1 0 0 0 1 0 1 0 0 1 1 
0 1 1 0 0 0 1 1 0 0 1 3 2 
1 1 0 1 1 0 1 0 0 0 0 3 1 
0 0 1 1 1 1 1 0 1 1 0 3 1 
1 1 0 0 1 0 0 0 1 1 0 2 0 
1 1 0 1 1 1 1 0 1 1 0 0 2 
1 1 0 1 1 0 1 1 0 0 1 2 0 
1 1 1 1 0 0 1 1 0 0 1 1 0 
2 1 0 0 1 1 0 0 0 0 0 1 1 
2 0 1 0 1 0 0 1 0 0 0 0 2 
1 1 1 0 1 0 0 0 0 1 1 1 1 
1 1 0 1 0 1 1 1 0 1 0 2 0 
2 1 0 0 0 0 1 1 1 1 1 0 0 
2 0 1 0 0 1 1 1 0 1 1 2 2 
1 0 0 0 0 0 1 0 0 0 0 1 2 
1 1 0 0 1 0 1 0 1 1 1 2 2 
1 1 0 1 0 0 1 0 1 0 0 2 2 
2 0 0 0 0 1 0 0 0 1 0 2 1 
2 1 0 1 1 0 0 0 1 0 0 1 0 
0 0 1 1 1 0 0 1 0 1 0 3 1 
2 0 0 1 0 0 1 1 1 0 0 0 1 
2 1 0 1 0 1 0 1 0 0 1 1 2 
2 1 0 0 0 0 0 0 0 0 0 3 2 
1 1 0 1 1 1 1 0 1 1 1 1 1 
1 0 0 0 0 0 0 0 0 0 0 3 0 
1 1 0 0 1 0 0 0 0 0 0 1 0 
1 1 0 0 1 0 0 1 1 1 1 1 1 
2 0 1 0 0 0 0 0 1 0 0 2 2 
1 1 1 1 0 0 1 1 0 0 1 0 1 
2 1 0 0 0 0 0 0 0 1 1 2 0 
1 0 0 0 0 0 0 1 0 0 1 3 1 
0 0 0 1 1 0 1 1 1 1 0 3 2 
2 1 0 1 1 1 1 1 0 1 1 2 2 
2 1 0 1 0 1 1 0 0 0 0 0 0 
2 1 0 0 0 0 1 0 1 1 0 2 1 
2 0 1 1 1 0 0 1 0 1 0 3 1 
2 1 1 0 0 1 0 0 1 1 0 0 0 
1 0 0 1 1 1 1 1 0 1 1 2 2 
2 0 0 1 1 1 1 1 0 1 1 2 2 
2 1 0 1 0 1 0 1 1 0 0 3 2 
1 1 1 1 0 1 0 1 1 1 0 1 0 
2 0 0 1 0 1 1 0 0 0 0 0 0 
0 0 1 1 0 1 1 0 1 1 0 3 1 
2 1 1 0 1 0 1 0 1 0 1 3 1 
1 0 1 0 0 0 1 0 1 1 1 3 0 
1 1 1 1 1 0 0 1 0 0 0 1 2 
1 1 0 0 0 0 1 0 0 0 0 1 2 
2 1 0 1 1 1 0 0 0 0 0 0 1 
1 1 1 0 0 1 0 0 1 1 1 1 2 
2 0 0 0 1 0 1 0 1 0 1 0 2 
2 1 1 0 0 0 1 1 1 0 1 2 0 
1 1 1 0 1 1 1 1 1 0 0 2 1 
2 0 1 0 0 0 0 0 0 1 1 2 2 
2 0 0 0 1 1 0 0 0 1 1 3 2 
1 1 1 0 1 1 1 1 1 0 0 3 0 
0 0 1 1 0 1 1 0 1 1 0 2 0 
1 0 0 0 1 0 1 0 1 0 1 0 1 
1 1 0 1 1 1 0 0 0 1 1 0 0 
1 1 1 1 0 1 0 0 0 1 0 3 2 
2 1 0 0 0 0 0 1 1 1 1 1 0 
1 0 0 0 0 0 0 0 0 0 0 1 1 
1 1 1 0 1 1 0 1 1 1 1 3 2 
2 1 1 1 1 1 1 0 1 1 1 1 2 
0 0 1 1 0 1 0 0 0 0 0 3 1 
2 1 0 0 1 0 1 0 1 0 1 0 2 
0 0 1 1 1 0 0 1 0 0 1 3 1 
1 1 0 0 1 0 1 0 1 0 1 0 1 
0 0 1 1 1 1 0 1 0 1 0 2 1 
1 1 0 1 1 1 0 0 0 0 0 2 2 
0 1 0 1 1 1 0 0 0 0 0 2 2 
2 1 1 1 0 0 1 0 1 0 0 2 1 
0 0 0 0 0 0 0 0 0 0 0 0 0 
0 0 0 0 0 0 0 0 0 0 0 0 1 
1 1 1 0 0 0 1 0 0 0 0 1 0 
1 1 1 0 0 1 0 0 1 0 0 0 2 
0 0 1 1 1 0 1 0 1 1 0 3 1 
1 0 1 1 1 0 0 1 0 0 0 1 2 
2 0 1 1 1 1 0 1 0 1 0 2 0 
1 1 1 0 0 0 1 0 1 1 1 3 0 
1 0 0 0 0 0 0 0 1 0 0 3 2 
1 1 0 0 0 1 0 1 0 1 0 3 0 
0 0 1 0 0 1 0 0 1 0 0 0 2 
2 0 1 1 1 1 1 1 0 1 1 2 2 
1 0 1 0 1 1 1 1 1 0 0 2 1 
2 1 1 1 0 0 1 0 1 0 0 1 1 
2 1 1 1 1 0 0 0 1 0 1 2 2 
0 0 0 1 0 0 0 1 0 1 1 0 2 
0 1 0 0 1 1 1 1 1 0 1 0 0 
1 1 1 0 0 0 0 0 0 0 0 2 0 
1 1 0 0 1 1 1 1 1 0 1 0 0 
0 0 1 1 1 0 0 1 1 1 0 3 1 
1 0 1 0 0 0 0 0 0 0 0 2 0 
0 0 1 0 0 0 1 0 0 0 0 1 0 
2 0 1 1 0 0 1 0 1 0 0 1 1 
1 1 1 0 0 0 0 1 0 0 0 2 2 
1 1 0 0 1 1 1 0 1 1 0 1 0 
1 1 0 0 0 0 0 1 0 0 1 3 1 
1 0 0 1 1 1 0 0 0 1 1 0 0 
1 1 0 0 0 0 0 0 0 0 0 0 1 
0 0 0 0 0 0 1 0 0 0 0 3 0 
1 1 0 0 0 0 0 0 0 0 0 0 0 
1 1 1 1 0 1 0 0 0 0 0 3 1 
1 1 1 1 1 0 0 0 1 1 1 0 1 
2 1 1 1 1 0 0 1 0 1 0 3 1 
1 1 0 1 0 1 1 1 0 0 1 1 1 
0 0 0 0 0 1 0 0 0 0 1 0 1 
1 1 0 0 0 1 0 0 0 0 1 2 0 
0 1 0 0 1 0 0 0 0 0 0 2 0 
1 1 1 1 1 1 0 0 1 0 1 3 0 
0 0 0 0 0 0 1 0 0 1 1 2 1 
1 0 0 0 0 1 0 1 1 1 0 0 1 
2 0 0 0 0 0 1 1 1 1 1 0 0 
1 1 0 0 0 0 0 1 0 0 0 2 1 
1 1 0 0 0 0 0 0 0 0 0 1 1 
0 1 1 1 0 0 0 0 0 1 0 1 2 
0 0 1 1 1 0 0 0 1 1 0 3 1 
1 1 1 1 1 1 0 1 0 1 0 2 1 
1 0 1 1 0 1 1 0 0 0 1 0 2 
0 1 1 0 1 0 0 1 1 0 0 2 1 
1 0 1 1 1 1 0 1 1 1 0 3 1 
1 1 1 1 0 1 1 0 1 1 0 2 0 
1 0 1 0 0 0 0 0 0 0 0 0 0 
0 0 1 0 0 1 0 1 1 1 1 2 2 
2 0 0 0 1 1 0 0 0 0 0 1 1 
2 0 0 0 0 0 0 1 1 1 1 1 0 
1 0 0 0 0 0 0 0 1 0 1 2 0 
2 1 0 1 1 1 1 1 1 0 1 2 1 
1 1 1 0 0 0 1 1 0 0 1 3 2 
2 0 0 1 0 1 1 0 1 0 0 3 0 
0 1 0 1 1 1 1 0 1 1 0 0 2 
1 1 0 0 0 1 0 0 0 0 1 0 1 
0 1 1 1 0 0 1 1 0 0 1 0 1 
1 1 1 0 1 1 1 1 0 1 0 0 1 
2 1 0 0 1 0 0 0 0 0 0 0 0 
1 1 0 0 0 0 1 0 0 0 0 3 2 
1 1 0 0 0 0 1 0 0 1 1 2 1 
2 0 0 0 0 0 1 0 1 1 0 2 1 
1 1 0 0 0 0 1 0 0 0 0 3 0 
1 0 0 0 0 1 0 0 0 1 0 1 2 
2 0 1 0 0 0 1 1 0 1 1 2 2 
1 1 1 1 1 0 1 1 1 0 0 0 0 
0 0 1 1 1 0 0 0 0 0 1 3 2 
0 0 1 0 0 0 0 0 0 1 0 3 0 
1 0 0 0 1 0 0 0 1 1 0 2 0 
0 0 0 0 0 0 0 0 0 1 0 0 0 
1 1 0 1 1 1 1 1 0 1 1 2 2 
2 0 1 0 0 0 0 1 0 1 1 2 2 
1 1 1 0 0 0 0 0 0 1 0 3 0 
2 1 0 0 0 1 0 0 0 1 0 2 1 
0 0 1 1 1 0 0 1 0 0 1 0 1 
1 1 0 0 0 0 0 0 0 1 0 0 0 
2 0 0 1 0 1 0 1 1 0 0 3 2 
2 0 0 1 0 1 0 1 0 0 1 1 2 
2 0 0 0 0 0 0 0 0 1 1 2 0 
2 0 0 0 0 0 0 0 0 0 0 3 2 
0 0 1 1 1 0 0 1 0 0 1 0 2 
1 1 0 0 0 0 0 0 0 0 0 3 0 
1 0 0 1 1 1 1 0 1 1 1 1 1 
1 0 0 0 1 0 0 0 0 0 0 1 0 
0 1 0 0 1 0 1 0 1 1 1 2 2 
MFS
[ 0 , - , - , - , - , - , - , - , - , - , - , - , - ]
[ - , 0 , - , - , - , - , - , - , - , - , - , - , - ]
precise
1.0
recall
1.0
F-measure
1.0
multi
26
time
all 1578 iden 0 gen 1578
t-cover
13881
all-cover
19620
coveredNum
(1 : 361)  (2 : 884)  (3 : 1417)  (4 : 1649)  (5 : 1784)  (6 : 1710)  (7 : 1547)  (8 : 1504)  (9 : 1380)  (10 : 1167)  (11 : 1065)  (12 : 943)  (13 : 795)  (14 : 682)  (15 : 548)  (16 : 450)  (17 : 314)  (18 : 284)  (19 : 190)  (20 : 185)  (21 : 109)  (22 : 80)  (23 : 59)  (24 : 47)  (25 : 40)  (26 : 30)  (27 : 30)  (28 : 21)  (29 : 21)  (30 : 21)  (31 : 27)  (32 : 32)  (33 : 26)  (34 : 38)  (35 : 35)  (36 : 22)  (37 : 16)  (38 : 17)  (39 : 5)  (40 : 14)  (41 : 8)  (42 : 11)  (43 : 9)  (44 : 9)  (45 : 15)  (46 : 7)  (47 : 7)  (48 : 2)  (49 : 1)  (51 : 1)  (52 : 1)  
real Identify
([ 0 , - , - , - , - , - , - , - , - , - , - , - , - ] : 1)  ([ - , 0 , - , - , - , - , - , - , - , - , - , - , - ] : 1)  
multiple f measure
0.0
multiple f recall
0.0
multiple f precise
0.0
multiple f found
0.0
multiple f found percent
0.0
multipe helpedInTheNextRun
52.0
multipe helpedInTheNextRun percent
1.0
testCase Num: 245
regaular Num: 128
identify Num: 117
1 1 1 0 1 1 0 0 1 1 1 3 2 
2 1 0 0 1 1 0 0 1 0 0 3 0 
0 1 0 0 1 1 0 0 1 1 1 2 1 
1 0 0 1 1 1 0 1 1 1 1 1 1 
2 0 0 1 0 0 1 0 0 0 1 2 1 
1 1 0 0 0 1 0 1 1 0 0 1 2 
1 1 1 1 1 0 1 0 1 0 0 2 1 
2 0 1 0 0 1 1 0 1 1 0 2 2 
1 1 0 0 1 0 1 1 1 0 1 3 0 
1 1 0 0 1 1 0 0 1 1 1 2 1 
0 1 1 0 1 1 0 0 1 1 1 3 2 
2 1 1 1 1 0 0 0 0 0 0 1 2 
0 0 1 0 0 0 1 1 1 1 0 1 0 
0 0 0 1 0 0 1 0 0 0 0 1 1 
2 1 0 1 0 1 0 0 1 1 0 0 1 
1 0 0 0 0 1 0 0 0 0 0 3 2 
1 1 1 0 1 0 0 1 1 1 0 3 0 
2 0 0 1 1 1 0 1 1 1 1 2 1 
0 1 1 1 0 1 1 1 0 1 0 0 2 
0 1 0 0 0 0 0 0 1 0 0 0 1 
0 1 1 0 1 0 1 1 1 1 1 0 2 
0 1 1 0 1 0 1 1 1 1 1 0 0 
1 1 0 0 0 1 0 0 0 0 0 3 2 
1 1 1 1 1 1 1 1 0 0 1 2 2 
1 1 0 0 0 0 0 0 1 0 0 0 1 
0 0 0 1 1 1 0 1 1 1 1 2 2 
0 0 1 0 1 0 0 1 1 1 0 0 0 
2 0 1 0 1 0 0 1 1 0 0 0 1 
1 1 0 1 0 0 1 0 1 1 0 2 2 
1 1 0 1 1 1 0 1 1 1 1 2 2 
2 1 1 0 0 1 1 0 1 1 0 2 2 
2 0 0 0 0 1 0 0 1 1 0 1 0 
2 1 0 1 1 0 1 0 1 1 0 0 2 
1 1 0 1 0 0 0 0 0 1 0 1 2 
1 1 0 0 1 0 1 0 0 1 1 1 2 
0 1 1 0 1 1 0 0 0 0 0 1 0 
1 1 1 1 0 1 1 1 0 1 0 0 2 
0 0 0 0 0 1 1 1 0 1 0 2 0 
1 1 0 0 0 1 1 1 1 1 1 0 1 
0 1 0 0 0 1 0 1 1 0 0 3 1 
0 0 0 0 0 0 0 1 0 1 1 3 0 
0 1 1 0 0 1 0 0 0 0 0 3 2 
1 1 0 0 0 1 0 1 1 0 0 3 1 
1 1 0 1 0 0 1 0 0 0 0 1 1 
1 1 0 1 1 1 0 1 0 0 0 2 0 
1 0 0 0 0 1 0 1 1 0 0 1 2 
2 1 1 1 1 1 1 1 0 1 1 0 0 
2 0 0 1 1 1 0 1 0 0 1 2 1 
0 0 1 0 0 1 1 0 0 1 1 1 1 
2 1 0 0 1 1 0 0 1 0 0 1 0 
1 1 0 0 0 0 0 1 0 1 1 3 0 
2 1 0 0 1 0 0 1 0 0 0 2 2 
1 1 0 0 0 1 0 1 0 0 1 0 0 
0 0 0 1 0 0 0 0 0 1 0 1 2 
1 1 0 1 1 0 1 0 1 1 1 3 1 
2 0 0 0 1 1 0 0 1 0 0 3 0 
2 0 0 0 0 0 1 1 0 0 0 3 0 
1 1 1 1 1 0 1 0 1 0 1 1 0 
2 1 0 0 0 1 0 1 1 0 0 2 1 
1 1 1 0 1 1 0 0 0 0 0 1 0 
2 1 0 1 0 0 0 0 0 1 1 2 2 
2 0 0 1 1 1 0 1 1 1 0 2 1 
1 1 1 0 0 1 1 0 0 1 1 1 1 
1 1 1 1 0 1 0 0 0 0 0 0 1 
1 0 1 1 1 0 1 0 1 0 1 1 0 
2 1 0 0 0 0 1 1 0 0 0 3 0 
0 0 1 1 0 1 0 0 0 0 0 0 1 
1 0 0 1 1 1 0 1 0 0 0 2 0 
2 1 0 0 1 0 0 1 0 1 1 2 1 
1 1 0 1 0 0 1 0 1 0 0 3 2 
2 1 1 1 0 0 0 0 1 0 1 1 1 
1 1 1 1 0 1 0 1 1 0 0 0 0 
2 1 0 0 0 0 0 0 1 1 0 2 0 
1 1 1 1 0 0 0 0 0 0 0 3 0 
2 1 0 0 1 1 1 1 0 0 0 0 1 
1 1 0 0 1 0 0 0 0 0 0 2 2 
0 0 0 1 0 0 0 0 1 1 0 0 2 
1 1 0 1 1 0 0 0 0 1 0 1 0 
2 1 1 0 0 0 1 1 0 0 1 1 2 
0 1 1 1 0 1 0 0 0 0 0 3 2 
1 1 1 1 0 0 1 1 0 0 1 3 2 
0 1 1 0 1 1 0 0 0 0 0 3 2 
1 1 0 0 1 0 0 0 0 0 0 2 0 
2 1 0 0 0 0 0 1 0 0 0 1 1 
1 1 1 0 1 1 1 0 1 0 1 0 2 
1 1 0 0 0 1 0 1 0 0 0 0 1 
1 1 0 1 1 1 0 1 1 1 1 1 1 
2 0 1 1 1 1 1 1 0 1 1 0 0 
0 0 0 1 1 0 0 1 0 0 0 1 1 
2 1 1 0 0 0 1 0 0 1 0 3 0 
2 1 0 1 0 0 0 1 0 0 0 3 1 
2 1 1 0 1 1 0 0 0 1 0 0 2 
1 1 1 1 0 0 0 1 1 1 1 0 2 
2 0 1 0 0 0 0 1 1 0 1 0 2 
1 1 1 1 1 1 1 1 1 0 0 1 2 
0 0 0 0 1 0 0 0 0 0 0 2 0 
2 0 0 1 1 1 0 1 1 0 1 2 1 
2 0 0 1 1 1 1 0 0 0 1 2 1 
1 1 1 0 0 0 0 1 1 0 1 2 2 
0 1 0 0 0 0 1 1 1 1 0 1 1 
1 0 1 1 0 1 1 1 1 1 1 3 1 
2 0 0 1 0 0 0 0 1 0 0 2 1 
0 1 0 1 0 1 0 0 0 0 0 3 2 
1 1 0 1 1 1 0 0 0 0 1 0 2 
1 1 0 0 1 1 1 1 0 1 0 3 1 
1 1 1 0 1 0 0 1 1 1 0 0 0 
1 1 0 0 0 0 0 0 1 0 1 1 2 
0 1 1 1 1 0 1 0 0 0 0 0 0 
2 1 0 1 0 1 1 1 1 1 1 1 2 
0 0 0 0 1 0 1 1 1 0 1 3 0 
0 1 0 1 1 1 1 0 0 1 0 3 0 
0 0 0 0 0 0 0 0 1 0 1 1 2 
2 0 0 1 1 1 0 0 0 0 1 2 1 
1 0 0 0 0 0 0 0 0 1 1 2 0 
0 1 1 0 0 0 0 0 0 1 0 3 1 
2 0 1 0 0 0 1 0 1 0 0 0 0 
2 1 1 0 1 1 1 0 0 1 0 1 1 
0 0 1 1 0 0 0 0 0 0 0 3 0 
1 1 0 1 0 0 0 0 1 1 0 0 2 
2 1 1 1 1 0 0 1 1 1 0 3 2 
0 0 0 1 0 1 0 0 0 0 0 3 2 
2 1 0 1 0 0 0 0 1 0 0 2 1 
1 0 1 0 0 0 1 0 0 0 1 2 1 
1 0 0 1 0 1 1 0 0 0 1 2 1 
1 1 0 1 1 0 0 1 1 1 0 2 1 
2 0 1 0 0 0 1 0 0 0 1 2 1 
2 1 0 0 1 0 0 0 0 0 1 0 2 
2 1 1 1 0 0 1 1 0 1 0 2 1 
1 0 0 0 1 0 0 0 1 0 0 0 0 
2 1 0 0 1 0 0 0 0 0 1 0 1 
1 0 0 0 1 0 0 0 1 0 0 0 2 
0 0 0 0 0 0 0 0 0 0 0 2 1 
1 1 0 1 0 1 0 1 1 0 0 3 0 
1 1 0 1 0 0 1 1 0 0 0 3 0 
2 1 0 1 0 0 0 0 0 0 1 0 0 
1 1 1 1 0 0 0 0 1 1 1 2 0 
2 0 0 1 0 0 1 1 0 0 0 1 0 
1 0 1 1 0 0 1 0 1 0 1 0 1 
1 0 1 0 0 0 0 1 1 0 1 2 2 
1 0 0 1 0 1 0 0 0 0 0 3 2 
0 1 1 1 0 0 0 0 1 1 1 2 0 
1 1 1 0 0 0 1 0 1 1 0 3 2 
1 1 0 0 1 0 1 1 0 1 0 0 2 
1 0 1 0 1 1 1 0 0 0 0 3 1 
1 0 0 1 1 1 0 0 0 0 1 0 2 
2 0 0 0 0 0 0 0 1 1 0 2 0 
2 0 0 1 0 0 0 1 0 0 0 3 1 
1 1 1 0 0 0 0 1 1 0 0 1 1 
1 1 1 0 1 0 0 0 0 1 1 0 1 
1 0 0 0 0 0 0 0 0 0 1 3 1 
1 1 0 1 1 0 0 1 0 0 0 1 1 
1 1 0 1 1 0 0 1 0 0 1 3 2 
1 0 0 0 1 0 1 1 0 1 0 0 2 
2 1 0 0 1 1 1 0 0 0 0 3 2 
1 0 0 1 1 0 0 0 0 1 0 1 0 
0 0 1 1 0 0 1 1 0 0 1 3 2 
2 0 0 0 0 0 1 0 0 0 1 2 1 
2 1 1 1 1 1 0 0 0 0 1 2 0 
2 1 0 0 0 1 0 1 0 1 1 3 2 
0 1 0 1 1 0 0 1 0 0 1 0 1 
0 1 1 0 1 0 1 1 0 0 0 3 2 
0 1 0 1 1 1 0 0 0 1 1 1 0 
1 1 0 1 1 1 0 0 0 1 1 1 0 
1 1 0 1 1 0 0 1 0 0 1 0 1 
2 0 1 1 1 1 0 0 0 0 1 2 0 
1 0 1 0 0 0 1 0 1 1 0 3 2 
2 0 0 1 1 0 1 0 0 0 1 2 1 
2 1 1 1 1 1 1 0 1 0 1 3 1 
0 1 1 1 0 0 1 1 0 0 0 2 0 
2 1 0 1 0 0 1 1 0 0 0 1 0 
0 0 0 0 0 0 0 0 0 0 0 0 0 
2 0 0 0 1 0 0 1 0 1 1 2 1 
1 0 0 0 0 0 0 0 0 0 0 0 0 
2 1 0 0 0 0 0 0 0 1 0 3 1 
2 0 0 0 1 0 0 0 0 0 1 0 1 
2 0 0 0 1 0 0 0 0 0 1 0 2 
2 1 0 0 1 0 0 0 1 0 1 3 1 
2 1 0 0 0 1 0 0 1 1 0 1 0 
2 0 0 0 1 0 0 0 1 0 1 3 1 
1 1 1 0 0 0 0 0 0 0 0 2 2 
1 1 1 1 0 0 1 1 0 0 0 2 0 
1 1 1 0 0 0 1 0 0 0 1 2 1 
2 1 1 0 1 0 0 1 1 0 0 0 1 
0 0 0 1 1 0 1 0 1 1 1 3 1 
0 0 1 0 0 0 0 0 0 0 0 2 2 
2 1 1 0 0 0 1 0 0 0 1 2 1 
1 1 0 0 1 0 0 0 1 0 0 0 0 
1 1 0 0 0 1 1 1 0 1 0 2 0 
0 0 0 0 0 1 1 1 1 1 1 0 1 
1 1 0 0 1 0 0 0 1 0 0 0 2 
1 1 1 0 1 1 1 0 1 1 0 2 0 
2 0 0 0 0 0 0 0 0 1 0 3 1 
0 0 0 0 0 0 1 0 0 1 1 2 0 
1 1 0 0 0 0 0 0 0 0 0 0 0 
1 1 1 0 0 1 1 1 0 0 1 1 0 
0 1 0 0 1 0 0 0 0 0 0 2 2 
0 0 1 0 1 1 0 1 0 0 0 2 1 
0 1 1 0 1 0 0 0 0 0 0 3 2 
1 1 1 0 0 1 0 0 0 0 1 3 0 
2 0 0 1 1 1 0 1 1 1 0 3 2 
2 0 0 1 1 1 0 1 1 1 0 3 1 
1 1 1 0 0 0 1 1 1 1 0 1 0 
0 0 0 0 0 1 0 1 0 0 1 0 0 
0 1 1 0 1 0 1 1 1 1 0 3 2 
1 0 1 0 1 0 0 1 1 1 0 3 0 
0 1 1 0 1 1 1 0 1 0 1 0 2 
1 1 0 0 0 0 1 1 1 1 0 1 1 
2 0 0 1 0 1 0 0 1 1 0 0 1 
1 0 0 1 1 0 0 1 0 0 1 3 2 
0 0 0 0 0 0 0 1 0 0 1 1 0 
1 1 0 0 0 0 0 0 0 0 1 3 1 
1 1 0 0 0 1 1 0 1 1 1 0 0 
0 1 1 1 1 1 1 1 1 0 0 1 2 
1 1 1 1 1 0 1 0 0 0 0 0 0 
1 1 0 0 0 0 0 1 0 0 1 1 0 
1 1 0 0 0 0 1 1 0 0 1 2 2 
2 0 1 0 0 0 1 0 0 1 0 3 0 
2 0 0 0 1 1 1 0 0 0 0 3 2 
2 1 1 0 1 0 0 1 0 1 1 1 0 
2 1 0 1 0 0 0 1 1 0 1 3 0 
2 0 1 0 1 1 1 0 0 1 0 1 1 
1 1 1 1 0 0 1 0 1 0 1 0 1 
1 1 0 0 0 0 1 0 0 1 1 2 0 
0 1 1 0 1 0 1 0 0 0 0 3 2 
0 1 1 0 1 0 1 1 1 1 1 3 2 
1 1 0 0 0 0 0 0 0 0 0 2 1 
1 1 1 0 1 1 1 0 0 0 0 3 1 
1 1 1 0 1 1 0 1 0 0 0 2 1 
0 0 1 1 1 0 1 0 1 0 0 2 1 
1 1 0 1 1 1 1 0 0 1 0 3 0 
1 1 0 1 0 1 1 0 0 0 1 2 1 
2 1 1 0 0 0 1 0 1 0 0 0 0 
1 1 1 1 0 1 0 0 0 1 0 1 2 
0 0 0 0 0 0 1 1 0 0 1 2 2 
2 0 0 0 0 0 0 1 0 0 0 1 1 
2 0 1 1 1 0 0 0 0 0 0 1 2 
2 0 0 1 0 1 1 1 1 1 1 1 2 
1 1 0 0 1 1 1 0 0 0 0 1 1 
1 1 1 0 0 0 0 0 0 1 0 3 1 
1 1 0 0 0 0 0 0 0 1 1 2 0 
0 1 1 0 1 0 1 1 1 0 0 3 2 
2 1 1 0 0 0 0 1 1 0 1 0 2 
2 1 0 0 1 0 1 1 1 0 1 2 0 
0 0 0 1 0 1 0 1 1 0 0 3 0 
1 1 1 1 0 1 1 1 1 1 1 3 1 
MFS
[ 0 , - , - , - , - , - , - , - , - , - , - , - , - ]
[ - , 0 , - , - , - , - , - , - , - , - , - , - , - ]
precise
1.0
recall
1.0
F-measure
1.0
multi
29
time
all 1594 iden 0 gen 1594
t-cover
14103
all-cover
19620
coveredNum
(1 : 333)  (2 : 898)  (3 : 1441)  (4 : 1677)  (5 : 1897)  (6 : 1787)  (7 : 1551)  (8 : 1489)  (9 : 1313)  (10 : 1120)  (11 : 1001)  (12 : 932)  (13 : 748)  (14 : 594)  (15 : 471)  (16 : 413)  (17 : 347)  (18 : 274)  (19 : 254)  (20 : 234)  (21 : 159)  (22 : 132)  (23 : 99)  (24 : 72)  (25 : 60)  (26 : 42)  (27 : 40)  (28 : 34)  (29 : 30)  (30 : 26)  (31 : 23)  (32 : 22)  (33 : 16)  (34 : 25)  (35 : 19)  (36 : 17)  (37 : 3)  (38 : 10)  (39 : 4)  (40 : 4)  (41 : 4)  (42 : 3)  (43 : 2)  
real Identify
([ 0 , - , - , - , - , - , - , - , - , - , - , - , - ] : 1)  ([ - , 0 , - , - , - , - , - , - , - , - , - , - , - ] : 1)  
multiple f measure
0.03389830508474576
multiple f recall
0.017241379310344827
multiple f precise
1.0
multiple f found
1.0
multiple f found percent
0.017241379310344827
multipe helpedInTheNextRun
29.0
multipe helpedInTheNextRun percent
0.5
testCase Num: 243
regaular Num: 127
identify Num: 116
0 1 0 1 0 1 0 0 1 0 0 2 1 
1 0 1 0 1 1 1 1 0 0 0 3 0 
1 1 1 1 1 0 1 0 0 0 1 0 1 
1 0 1 0 1 0 1 0 0 0 0 2 1 
0 1 0 1 0 0 1 0 0 0 0 3 0 
1 0 0 0 0 1 0 0 0 0 0 2 0 
0 1 0 1 0 0 1 0 0 1 1 2 1 
1 1 0 1 0 0 1 0 0 0 0 3 0 
1 1 0 1 1 0 1 0 1 0 0 1 1 
2 0 0 0 0 0 0 1 0 0 0 2 2 
1 1 0 0 1 1 0 0 0 0 1 0 0 
0 0 1 0 1 1 0 1 0 1 0 3 0 
2 1 0 0 0 1 1 0 0 0 0 2 0 
1 1 0 1 0 0 0 1 1 0 0 3 0 
0 0 0 0 1 1 0 1 0 1 0 1 1 
2 0 0 1 0 0 1 0 1 1 0 2 1 
0 1 1 0 0 0 0 0 1 1 1 1 1 
1 1 1 1 0 1 0 0 0 0 1 1 2 
1 1 1 0 0 0 0 0 1 1 1 1 1 
2 0 0 1 0 0 0 0 0 0 0 3 0 
0 1 1 1 1 0 1 0 0 0 1 0 1 
1 1 0 1 0 1 0 0 1 0 0 2 1 
2 0 1 0 1 1 1 1 0 0 0 3 0 
1 0 0 0 0 0 1 1 1 1 0 1 0 
1 0 1 0 0 1 0 1 1 0 0 0 0 
0 0 0 1 0 0 0 0 0 0 0 2 0 
1 1 0 1 1 1 1 1 1 1 1 0 1 
0 1 0 1 0 0 1 0 0 1 1 3 1 
0 1 0 1 0 0 1 0 0 1 1 3 2 
0 1 0 1 0 0 0 1 1 0 0 2 1 
1 0 0 0 0 0 0 1 0 0 0 3 2 
1 1 0 0 0 1 0 0 0 1 1 2 2 
1 1 1 0 0 0 0 0 1 0 0 3 2 
2 0 1 0 0 0 1 1 0 0 0 0 1 
2 1 0 0 1 1 0 0 1 1 0 1 0 
2 1 1 0 0 0 0 0 1 1 1 2 2 
1 0 1 0 1 0 0 0 0 1 0 3 1 
2 1 0 1 1 1 1 0 0 1 0 0 2 
1 1 0 0 0 0 0 1 0 0 0 3 2 
0 0 0 0 0 0 1 1 1 1 0 3 2 
1 1 1 0 0 1 0 1 0 0 0 0 2 
2 0 0 1 0 1 1 1 0 0 0 3 0 
1 1 0 1 0 0 0 1 0 0 0 0 2 
1 1 1 0 0 0 1 1 0 1 0 2 2 
2 1 0 1 0 0 1 0 1 1 0 2 1 
0 1 0 1 0 0 1 1 1 0 0 2 1 
1 1 0 0 0 0 0 0 1 0 0 3 1 
2 1 1 0 1 1 1 0 1 0 0 3 1 
2 0 0 1 0 0 0 0 1 1 0 3 0 
1 1 1 0 1 0 0 0 0 1 0 3 1 
1 1 0 0 0 1 0 0 0 0 0 2 0 
0 1 0 0 0 0 1 0 1 0 1 2 0 
2 1 1 1 1 1 1 1 0 0 1 3 2 
1 1 0 0 0 0 1 0 1 0 1 2 0 
1 1 1 0 1 1 0 1 0 1 0 3 0 
1 1 0 1 0 1 0 1 0 1 1 3 1 
0 1 0 1 0 1 0 1 0 1 1 3 1 
2 0 0 0 1 1 1 1 0 0 0 3 0 
0 0 0 0 1 0 0 0 0 1 0 2 0 
0 1 0 1 0 0 1 0 0 0 0 2 1 
1 1 1 1 0 1 1 0 1 1 0 0 0 
0 1 0 1 0 1 0 1 1 0 1 0 1 
1 1 0 0 0 0 1 1 1 1 0 3 2 
1 1 0 0 1 0 0 0 0 1 0 2 0 
1 0 1 1 1 0 0 0 1 0 1 2 0 
2 1 1 1 0 1 0 1 0 1 0 3 0 
1 1 0 1 0 1 0 1 1 0 1 0 1 
2 1 0 1 1 1 1 1 0 0 1 1 1 
2 1 1 0 1 1 0 0 0 1 1 0 1 
1 1 0 0 1 1 0 1 0 1 0 1 1 
2 0 0 1 1 1 1 1 0 0 1 1 1 
1 1 0 1 1 0 1 1 1 1 0 3 1 
0 0 1 0 0 0 0 0 1 0 0 3 2 
1 1 1 1 1 1 1 1 1 0 1 1 0 
1 1 1 1 1 0 0 0 0 1 0 2 1 
2 0 1 0 1 1 0 0 0 1 1 0 1 
1 1 0 1 0 0 1 0 1 1 0 0 2 
2 0 1 0 0 0 0 0 1 1 1 2 2 
1 1 1 0 1 0 1 1 0 0 1 3 2 
1 1 0 1 0 0 0 0 0 0 0 2 0 
1 1 0 0 1 0 0 1 1 0 1 1 2 
2 0 0 1 0 0 0 0 1 1 1 3 0 
1 1 1 1 0 0 1 1 0 0 1 3 1 
1 1 1 0 0 0 1 0 0 0 1 1 1 
2 0 1 0 1 1 1 0 1 0 0 3 1 
1 1 0 1 1 0 0 1 0 1 1 3 0 
0 0 0 1 1 1 1 0 1 1 1 2 2 
2 0 1 1 0 0 1 0 1 1 1 1 0 
0 1 0 0 0 0 0 0 0 0 0 0 0 
0 1 0 1 0 1 0 1 0 1 1 1 0 
2 0 0 0 0 1 1 0 0 0 0 2 0 
1 1 1 0 0 0 1 0 1 0 0 2 0 
2 0 1 1 1 0 0 1 0 1 0 1 2 
0 0 1 1 0 1 0 0 0 0 1 1 2 
0 0 0 1 0 0 0 1 1 0 0 3 0 
1 1 0 1 1 0 1 0 0 0 0 2 0 
1 1 1 0 1 0 1 0 1 1 1 3 0 
2 0 1 1 1 1 1 1 0 0 1 3 2 
1 1 1 0 1 0 0 1 0 1 0 0 2 
2 1 0 0 0 0 0 0 0 0 0 1 2 
2 1 1 0 0 0 1 1 0 0 0 0 1 
2 0 0 0 1 0 0 0 1 0 0 3 0 
1 0 0 0 0 0 0 1 0 0 1 1 1 
1 1 0 1 0 0 0 0 0 1 1 0 0 
1 0 0 0 1 1 0 1 0 1 1 1 2 
2 1 0 0 0 0 0 1 0 0 0 2 2 
1 0 1 1 0 1 0 1 0 1 1 2 1 
1 1 0 1 0 0 1 0 1 0 1 3 2 
1 1 0 1 0 0 1 0 1 0 0 1 0 
2 1 0 1 0 1 1 0 0 0 1 3 0 
0 1 0 1 0 0 1 0 0 1 0 2 1 
0 0 1 0 0 1 1 1 0 1 1 2 0 
0 0 1 0 0 0 1 0 1 0 0 2 0 
1 1 0 1 1 1 1 0 1 1 1 2 2 
2 1 1 0 1 1 1 1 0 0 0 3 0 
1 1 1 0 1 0 0 0 0 0 0 2 2 
0 0 0 1 0 0 1 0 1 1 0 0 2 
1 0 1 1 0 1 0 0 0 1 0 3 2 
2 1 1 1 1 0 0 0 0 0 1 1 0 
2 0 0 1 0 0 0 0 0 0 0 0 1 
0 1 1 1 0 1 1 1 1 1 0 1 2 
2 1 1 1 1 0 0 0 1 1 1 3 1 
0 1 0 1 0 1 0 1 1 0 0 2 1 
2 0 0 1 0 0 0 0 1 0 0 3 0 
1 1 0 0 1 0 1 0 0 0 1 1 1 
2 1 0 1 1 1 0 1 0 1 0 2 0 
1 1 1 0 1 0 1 0 0 0 0 2 1 
2 1 0 0 0 0 0 0 0 0 0 3 1 
1 1 1 0 0 0 0 0 1 0 0 1 2 
2 1 0 0 0 1 0 0 1 0 0 0 2 
1 1 0 1 1 1 0 0 1 0 0 3 2 
1 1 0 1 1 0 1 0 0 1 0 1 2 
0 0 1 0 1 1 0 1 1 0 0 2 1 
2 1 1 0 0 1 1 0 1 0 1 1 2 
1 0 1 0 1 1 0 1 1 0 0 2 1 
1 1 1 0 1 0 1 0 1 1 1 0 2 
1 1 0 0 0 1 0 0 1 0 1 3 1 
1 1 0 1 1 0 0 1 0 0 1 2 2 
1 1 0 0 0 0 0 1 1 0 0 1 1 
1 1 0 0 0 0 1 0 0 0 0 1 0 
2 1 1 0 1 0 0 0 0 0 0 0 0 
2 1 1 0 0 0 0 1 1 0 0 3 1 
2 1 0 0 1 1 0 1 1 1 1 3 2 
1 1 1 0 0 1 1 1 0 1 1 2 0 
1 1 0 0 1 0 0 0 1 1 0 0 1 
0 1 0 1 1 0 0 1 0 0 1 2 2 
2 0 0 0 0 0 0 1 1 0 1 1 0 
1 0 1 1 0 1 0 0 0 1 0 1 0 
2 0 0 1 1 1 1 1 0 0 0 3 0 
2 1 0 0 1 0 0 0 1 0 0 3 0 
2 1 0 1 0 0 0 0 1 1 1 0 1 
0 0 1 1 0 0 1 1 0 0 1 3 1 
2 1 0 1 0 0 0 0 1 0 0 1 1 
0 0 0 1 1 0 0 1 1 1 1 0 0 
1 1 1 1 1 1 0 0 1 1 0 1 1 
2 0 0 1 0 0 0 1 0 0 0 3 0 
1 1 1 1 0 1 0 0 0 1 0 3 2 
1 1 0 0 0 0 1 0 0 0 1 2 1 
1 1 0 0 0 0 1 0 0 0 1 2 0 
2 0 0 1 0 0 0 0 1 1 1 0 0 
0 1 0 0 1 1 0 1 1 0 0 2 1 
2 0 0 1 0 0 0 0 1 1 1 0 1 
2 1 0 0 0 0 0 0 0 1 0 2 0 
0 0 0 0 0 0 1 0 0 0 1 2 1 
1 0 1 1 1 1 0 0 1 1 0 1 1 
1 1 1 0 1 1 0 1 0 0 0 1 0 
2 1 0 0 1 0 0 0 1 0 0 2 0 
1 0 0 0 0 0 1 0 0 0 1 2 0 
2 1 0 1 1 0 1 1 1 0 0 0 0 
2 0 0 0 1 0 0 0 1 0 0 2 0 
2 1 1 0 0 1 1 1 0 1 1 0 0 
2 1 0 0 0 0 0 1 1 0 1 1 0 
0 1 0 0 1 1 1 0 0 1 0 3 1 
1 1 0 0 1 1 1 0 0 1 0 3 1 
2 1 1 1 0 0 1 0 1 1 1 1 0 
0 0 0 0 0 0 0 0 0 0 0 0 0 
1 0 1 0 1 0 1 0 1 1 1 0 2 
2 0 1 0 0 1 1 0 1 0 1 1 2 
0 0 0 0 0 0 0 1 1 0 0 1 1 
2 1 1 0 0 1 0 0 1 0 1 2 1 
2 1 1 1 0 0 0 1 1 0 1 0 2 
2 0 1 0 1 0 0 0 0 0 0 0 0 
1 1 1 1 1 0 0 0 1 0 1 2 0 
0 1 1 0 1 1 0 1 1 0 0 2 1 
1 1 1 0 0 0 0 1 1 1 0 0 1 
2 0 1 0 0 1 0 0 1 0 1 2 1 
1 1 0 0 0 0 1 0 0 0 1 0 0 
0 0 1 1 0 1 1 0 1 1 0 0 0 
0 0 1 0 0 0 0 1 1 1 0 0 1 
1 0 0 0 0 0 1 0 0 0 1 0 0 
0 0 0 0 0 0 0 0 1 0 0 3 1 
2 1 1 1 0 1 0 1 1 0 1 2 0 
2 1 1 1 1 1 1 0 0 0 0 2 2 
1 1 0 0 0 0 0 0 0 0 0 0 0 
2 1 0 0 1 0 1 1 0 0 1 2 1 
0 1 1 1 1 0 0 0 0 1 0 2 1 
1 1 0 0 1 1 1 1 1 1 0 2 1 
0 1 0 0 1 0 0 1 1 0 1 1 2 
0 1 0 0 1 0 1 0 0 0 1 1 1 
1 1 1 0 0 1 0 0 0 0 1 3 2 
0 0 0 0 1 1 1 1 0 0 1 0 2 
2 1 0 0 0 0 1 0 0 1 0 3 2 
1 0 0 1 0 0 1 0 1 0 1 3 2 
1 1 1 1 0 1 0 1 0 1 1 2 1 
0 0 1 0 0 0 1 1 0 1 0 2 2 
1 0 0 1 0 0 0 1 0 0 0 0 2 
1 1 0 1 1 0 0 1 1 1 1 0 0 
1 1 0 1 0 1 0 1 0 1 1 1 0 
1 1 1 1 0 1 1 0 0 0 0 0 1 
0 1 1 0 1 0 1 0 1 1 1 3 0 
1 1 0 0 1 1 0 1 0 1 1 1 2 
0 1 1 0 1 0 0 1 0 1 0 0 2 
0 1 0 1 1 1 0 1 1 0 0 2 1 
0 0 1 0 1 1 0 1 0 0 0 1 0 
1 1 0 0 0 0 1 1 1 1 0 1 0 
1 1 1 0 0 0 0 1 1 1 0 2 0 
1 0 1 0 1 0 0 0 0 0 0 2 2 
2 0 0 1 0 0 1 1 0 0 0 3 0 
1 1 0 1 0 1 1 1 1 0 0 2 2 
1 1 0 0 1 1 1 1 0 0 1 0 2 
1 0 0 1 1 1 1 1 1 1 1 0 1 
2 0 0 0 0 1 0 0 1 0 0 0 2 
1 1 1 0 1 1 1 1 0 0 0 3 0 
2 1 0 1 0 0 0 0 0 0 0 0 1 
2 1 1 1 1 0 0 1 0 1 0 1 2 
0 0 0 1 1 0 1 0 1 0 0 1 1 
0 0 1 0 0 1 0 0 0 0 1 3 2 
0 0 0 0 0 0 1 0 0 0 0 1 0 
1 1 0 0 0 0 0 1 0 0 1 1 1 
0 1 0 1 0 0 1 0 1 0 0 1 0 
1 0 0 1 0 0 0 0 0 1 1 0 0 
2 0 0 0 1 1 0 1 1 1 1 3 2 
2 0 0 1 1 1 0 1 0 1 0 2 0 
1 1 1 1 0 1 1 1 1 1 0 1 2 
1 1 1 0 0 1 0 0 1 0 0 3 0 
1 1 1 1 0 1 0 0 0 1 0 1 0 
2 1 1 0 0 1 1 1 0 1 0 1 1 
1 1 1 0 0 1 0 1 1 0 0 0 0 
1 0 0 1 1 0 1 1 1 1 0 3 1 
2 0 0 1 0 1 1 0 0 0 1 3 0 
2 0 0 0 0 0 0 0 0 0 0 3 1 
0 1 0 1 0 0 1 0 1 0 0 2 1 
0 1 0 1 1 1 0 0 1 0 0 3 2 
MFS
[ 0 , - , - , - , - , - , - , - , - , - , - , - , - ]
[ - , 0 , - , - , - , - , - , - , - , - , - , - , - ]
precise
1.0
recall
1.0
F-measure
1.0
multi
27
time
all 1579 iden 0 gen 1579
t-cover
14046
all-cover
19620
coveredNum
(1 : 339)  (2 : 883)  (3 : 1545)  (4 : 1743)  (5 : 1899)  (6 : 1719)  (7 : 1665)  (8 : 1448)  (9 : 1328)  (10 : 1148)  (11 : 989)  (12 : 826)  (13 : 698)  (14 : 583)  (15 : 453)  (16 : 399)  (17 : 372)  (18 : 272)  (19 : 248)  (20 : 193)  (21 : 151)  (22 : 124)  (23 : 112)  (24 : 72)  (25 : 57)  (26 : 48)  (27 : 49)  (28 : 44)  (29 : 32)  (30 : 29)  (31 : 33)  (32 : 25)  (33 : 16)  (34 : 11)  (35 : 11)  (36 : 10)  (37 : 7)  (38 : 11)  (39 : 8)  (40 : 4)  (41 : 3)  (42 : 6)  (44 : 1)  (45 : 2)  (48 : 1)  (49 : 1)  (50 : 1)  (51 : 1)  
real Identify
([ 0 , - , - , - , - , - , - , - , - , - , - , - , - ] : 1)  ([ - , 0 , - , - , - , - , - , - , - , - , - , - , - ] : 1)  
multiple f measure
0.03636363636363636
multiple f recall
0.018518518518518517
multiple f precise
1.0
multiple f found
1.0
multiple f found percent
0.018518518518518517
multipe helpedInTheNextRun
27.0
multipe helpedInTheNextRun percent
0.5
