grep_multi/v1/guaranteed.txt
grep_multi/v2/guaranteed.txt
grep_multi/v3/guaranteed.txt
grep_multi/v4/guaranteed.txt
grep_multi/v5/guaranteed.txt
grep_multi/v6/guaranteed.txt
grep_multi/v7/guaranteed.txt
grep_multi/v8/guaranteed.txt
grep_multi/v9/guaranteed.txt
grep_multi/v10/guaranteed.txt
sg
[0, 0, 0, 0, 0, 0, 0, 0, 0, 0, 0.007722007722007722, 0.007633587786259542, 0.007547169811320755, 0.007462686567164179, 0.007380073800738007, 0.0072992700729927005, 0.007220216606498195, 0.006993006993006993, ]
wg
[0, 0, 0, 0, 0, 0, 0, 0, 0, 0, 0.007722007722007722, 0.007633587786259542, 0.007547169811320755, 0.007462686567164179, 0.007380073800738007, 0.0072992700729927005, 0.007220216606498195, 0.006993006993006993, ]
subject
v12
[[0.007633587786259542,0.007633587786259542,0.007633587786259542,0.007633587786259542,0.007633587786259542,0.007633587786259542,0.007633587786259542,0.007633587786259542,0.007633587786259542,0.007633587786259542,0.007633587786259542,0.007633587786259542,0.007633587786259542,0.007633587786259542,0.007633587786259542,],[0.007633587786259542,0.007633587786259542,0.007633587786259542,0.007633587786259542,0.007633587786259542,0.007633587786259542,0.007633587786259542,0.007633587786259542,0.007633587786259542,0.007633587786259542,0.007633587786259542,0.007633587786259542,0.007633587786259542,0.007633587786259542,0.007633587786259542,]]
degree for this subject
1
size:120
avg wg sg: (214.00,214.00)
v11
[[0.007722007722007722,0.007722007722007722,0.007722007722007722,0.007722007722007722,0.007722007722007722,0.007722007722007722,0.007722007722007722,0.007722007722007722,0.007722007722007722,0.007722007722007722,0.007722007722007722,0.007722007722007722,0.007722007722007722,0.007722007722007722,0.007722007722007722,],[0.007722007722007722,0.007722007722007722,0.007722007722007722,0.007722007722007722,0.007722007722007722,0.007722007722007722,0.007722007722007722,0.007722007722007722,0.007722007722007722,0.007722007722007722,0.007722007722007722,0.007722007722007722,0.007722007722007722,0.007722007722007722,0.007722007722007722,]]
degree for this subject
1
size:120
avg wg sg: (214.00,214.00)
v14
[[0.007462686567164179,0.007462686567164179,0.007462686567164179,0.007462686567164179,0.007462686567164179,0.007462686567164179,0.007462686567164179,0.007462686567164179,0.007462686567164179,0.007462686567164179,0.007462686567164179,0.007462686567164179,0.007462686567164179,0.007462686567164179,0.007462686567164179,],[0.007462686567164179,0.007462686567164179,0.007462686567164179,0.007462686567164179,0.007462686567164179,0.007462686567164179,0.007462686567164179,0.007462686567164179,0.007462686567164179,0.007462686567164179,0.007462686567164179,0.007462686567164179,0.007462686567164179,0.007462686567164179,0.007462686567164179,]]
degree for this subject
1
size:120
avg wg sg: (214.00,214.00)
v13
[[0.007547169811320755,0.007547169811320755,0.007547169811320755,0.007547169811320755,0.007547169811320755,0.007547169811320755,0.007547169811320755,0.007547169811320755,0.007547169811320755,0.007547169811320755,0.007547169811320755,0.007547169811320755,0.007547169811320755,0.007547169811320755,0.007547169811320755,],[0.007547169811320755,0.007547169811320755,0.007547169811320755,0.007547169811320755,0.007547169811320755,0.007547169811320755,0.007547169811320755,0.007547169811320755,0.007547169811320755,0.007547169811320755,0.007547169811320755,0.007547169811320755,0.007547169811320755,0.007547169811320755,0.007547169811320755,]]
degree for this subject
1
size:120
avg wg sg: (214.00,214.00)
v16
[[0.0072992700729927005,0.0072992700729927005,0.0072992700729927005,0.0072992700729927005,0.0072992700729927005,0.0072992700729927005,0.0072992700729927005,0.0072992700729927005,0.0072992700729927005,0.0072992700729927005,0.0072992700729927005,0.0072992700729927005,0.0072992700729927005,0.0072992700729927005,0.0072992700729927005,],[0.0072992700729927005,0.0072992700729927005,0.0072992700729927005,0.0072992700729927005,0.0072992700729927005,0.0072992700729927005,0.0072992700729927005,0.0072992700729927005,0.0072992700729927005,0.0072992700729927005,0.0072992700729927005,0.0072992700729927005,0.0072992700729927005,0.0072992700729927005,0.0072992700729927005,]]
degree for this subject
1
size:120
avg wg sg: (214.00,214.00)
v15
[[0.007380073800738007,0.007380073800738007,0.007380073800738007,0.007380073800738007,0.007380073800738007,0.007380073800738007,0.007380073800738007,0.007380073800738007,0.007380073800738007,0.007380073800738007,0.007380073800738007,0.007380073800738007,0.007380073800738007,0.007380073800738007,0.007380073800738007,],[0.007380073800738007,0.007380073800738007,0.007380073800738007,0.007380073800738007,0.007380073800738007,0.007380073800738007,0.007380073800738007,0.007380073800738007,0.007380073800738007,0.007380073800738007,0.007380073800738007,0.007380073800738007,0.007380073800738007,0.007380073800738007,0.007380073800738007,]]
degree for this subject
1
size:120
avg wg sg: (214.00,214.00)
v18
[[0.006993006993006993,0.006993006993006993,0.006993006993006993,0.006993006993006993,0.006993006993006993,0.006993006993006993,0.006993006993006993,0.006993006993006993,0.006993006993006993,0.006993006993006993,0.006993006993006993,0.006993006993006993,0.006993006993006993,0.006993006993006993,0.006993006993006993,],[0.006993006993006993,0.006993006993006993,0.006993006993006993,0.006993006993006993,0.006993006993006993,0.006993006993006993,0.006993006993006993,0.006993006993006993,0.006993006993006993,0.006993006993006993,0.006993006993006993,0.006993006993006993,0.006993006993006993,0.006993006993006993,0.006993006993006993,]]
degree for this subject
1
size:120
avg wg sg: (214.00,214.00)
v17
[[0.007220216606498195,0.007220216606498195,0.007220216606498195,0.007220216606498195,0.007220216606498195,0.007220216606498195,0.007220216606498195,0.007220216606498195,0.007220216606498195,0.007220216606498195,0.007220216606498195,0.007220216606498195,0.007220216606498195,0.007220216606498195,0.007220216606498195,],[0.007220216606498195,0.007220216606498195,0.007220216606498195,0.007220216606498195,0.007220216606498195,0.007220216606498195,0.007220216606498195,0.007220216606498195,0.007220216606498195,0.007220216606498195,0.007220216606498195,0.007220216606498195,0.007220216606498195,0.007220216606498195,0.007220216606498195,]]
degree for this subject
1
size:120
avg wg sg: (214.00,214.00)
Degree
1
[[0.007722007722007722,0.007722007722007722,0.007722007722007722,0.007722007722007722,0.007722007722007722,0.007722007722007722,0.007722007722007722,0.007722007722007722,0.007722007722007722,0.007722007722007722,0.007722007722007722,0.007722007722007722,0.007722007722007722,0.007722007722007722,0.007722007722007722,0.007633587786259542,0.007633587786259542,0.007633587786259542,0.007633587786259542,0.007633587786259542,0.007633587786259542,0.007633587786259542,0.007633587786259542,0.007633587786259542,0.007633587786259542,0.007633587786259542,0.007633587786259542,0.007633587786259542,0.007633587786259542,0.007633587786259542,0.007547169811320755,0.007547169811320755,0.007547169811320755,0.007547169811320755,0.007547169811320755,0.007547169811320755,0.007547169811320755,0.007547169811320755,0.007547169811320755,0.007547169811320755,0.007547169811320755,0.007547169811320755,0.007547169811320755,0.007547169811320755,0.007547169811320755,0.007462686567164179,0.007462686567164179,0.007462686567164179,0.007462686567164179,0.007462686567164179,0.007462686567164179,0.007462686567164179,0.007462686567164179,0.007462686567164179,0.007462686567164179,0.007462686567164179,0.007462686567164179,0.007462686567164179,0.007462686567164179,0.007462686567164179,0.007380073800738007,0.007380073800738007,0.007380073800738007,0.007380073800738007,0.007380073800738007,0.007380073800738007,0.007380073800738007,0.007380073800738007,0.007380073800738007,0.007380073800738007,0.007380073800738007,0.007380073800738007,0.007380073800738007,0.007380073800738007,0.007380073800738007,0.0072992700729927005,0.0072992700729927005,0.0072992700729927005,0.0072992700729927005,0.0072992700729927005,0.0072992700729927005,0.0072992700729927005,0.0072992700729927005,0.0072992700729927005,0.0072992700729927005,0.0072992700729927005,0.0072992700729927005,0.0072992700729927005,0.0072992700729927005,0.0072992700729927005,0.007220216606498195,0.007220216606498195,0.007220216606498195,0.007220216606498195,0.007220216606498195,0.007220216606498195,0.007220216606498195,0.007220216606498195,0.007220216606498195,0.007220216606498195,0.007220216606498195,0.007220216606498195,0.007220216606498195,0.007220216606498195,0.007220216606498195,0.006993006993006993,0.006993006993006993,0.006993006993006993,0.006993006993006993,0.006993006993006993,0.006993006993006993,0.006993006993006993,0.006993006993006993,0.006993006993006993,0.006993006993006993,0.006993006993006993,0.006993006993006993,0.006993006993006993,0.006993006993006993,0.006993006993006993,],[0.007722007722007722,0.007722007722007722,0.007722007722007722,0.007722007722007722,0.007722007722007722,0.007722007722007722,0.007722007722007722,0.007722007722007722,0.007722007722007722,0.007722007722007722,0.007722007722007722,0.007722007722007722,0.007722007722007722,0.007722007722007722,0.007722007722007722,0.007633587786259542,0.007633587786259542,0.007633587786259542,0.007633587786259542,0.007633587786259542,0.007633587786259542,0.007633587786259542,0.007633587786259542,0.007633587786259542,0.007633587786259542,0.007633587786259542,0.007633587786259542,0.007633587786259542,0.007633587786259542,0.007633587786259542,0.007547169811320755,0.007547169811320755,0.007547169811320755,0.007547169811320755,0.007547169811320755,0.007547169811320755,0.007547169811320755,0.007547169811320755,0.007547169811320755,0.007547169811320755,0.007547169811320755,0.007547169811320755,0.007547169811320755,0.007547169811320755,0.007547169811320755,0.007462686567164179,0.007462686567164179,0.007462686567164179,0.007462686567164179,0.007462686567164179,0.007462686567164179,0.007462686567164179,0.007462686567164179,0.007462686567164179,0.007462686567164179,0.007462686567164179,0.007462686567164179,0.007462686567164179,0.007462686567164179,0.007462686567164179,0.007380073800738007,0.007380073800738007,0.007380073800738007,0.007380073800738007,0.007380073800738007,0.007380073800738007,0.007380073800738007,0.007380073800738007,0.007380073800738007,0.007380073800738007,0.007380073800738007,0.007380073800738007,0.007380073800738007,0.007380073800738007,0.007380073800738007,0.0072992700729927005,0.0072992700729927005,0.0072992700729927005,0.0072992700729927005,0.0072992700729927005,0.0072992700729927005,0.0072992700729927005,0.0072992700729927005,0.0072992700729927005,0.0072992700729927005,0.0072992700729927005,0.0072992700729927005,0.0072992700729927005,0.0072992700729927005,0.0072992700729927005,0.007220216606498195,0.007220216606498195,0.007220216606498195,0.007220216606498195,0.007220216606498195,0.007220216606498195,0.007220216606498195,0.007220216606498195,0.007220216606498195,0.007220216606498195,0.007220216606498195,0.007220216606498195,0.007220216606498195,0.007220216606498195,0.007220216606498195,0.006993006993006993,0.006993006993006993,0.006993006993006993,0.006993006993006993,0.006993006993006993,0.006993006993006993,0.006993006993006993,0.006993006993006993,0.006993006993006993,0.006993006993006993,0.006993006993006993,0.006993006993006993,0.006993006993006993,0.006993006993006993,0.006993006993006993,]]
DegreeDistrui
1 to 3
[[0.007722007722007722,0.007722007722007722,0.007722007722007722,0.007722007722007722,0.007722007722007722,0.007722007722007722,0.007722007722007722,0.007722007722007722,0.007722007722007722,0.007722007722007722,0.007722007722007722,0.007722007722007722,0.007722007722007722,0.007722007722007722,0.007722007722007722,0.007633587786259542,0.007633587786259542,0.007633587786259542,0.007633587786259542,0.007633587786259542,0.007633587786259542,0.007633587786259542,0.007633587786259542,0.007633587786259542,0.007633587786259542,0.007633587786259542,0.007633587786259542,0.007633587786259542,0.007633587786259542,0.007633587786259542,0.007547169811320755,0.007547169811320755,0.007547169811320755,0.007547169811320755,0.007547169811320755,0.007547169811320755,0.007547169811320755,0.007547169811320755,0.007547169811320755,0.007547169811320755,0.007547169811320755,0.007547169811320755,0.007547169811320755,0.007547169811320755,0.007547169811320755,0.007462686567164179,0.007462686567164179,0.007462686567164179,0.007462686567164179,0.007462686567164179,0.007462686567164179,0.007462686567164179,0.007462686567164179,0.007462686567164179,0.007462686567164179,0.007462686567164179,0.007462686567164179,0.007462686567164179,0.007462686567164179,0.007462686567164179,0.007380073800738007,0.007380073800738007,0.007380073800738007,0.007380073800738007,0.007380073800738007,0.007380073800738007,0.007380073800738007,0.007380073800738007,0.007380073800738007,0.007380073800738007,0.007380073800738007,0.007380073800738007,0.007380073800738007,0.007380073800738007,0.007380073800738007,0.0072992700729927005,0.0072992700729927005,0.0072992700729927005,0.0072992700729927005,0.0072992700729927005,0.0072992700729927005,0.0072992700729927005,0.0072992700729927005,0.0072992700729927005,0.0072992700729927005,0.0072992700729927005,0.0072992700729927005,0.0072992700729927005,0.0072992700729927005,0.0072992700729927005,0.007220216606498195,0.007220216606498195,0.007220216606498195,0.007220216606498195,0.007220216606498195,0.007220216606498195,0.007220216606498195,0.007220216606498195,0.007220216606498195,0.007220216606498195,0.007220216606498195,0.007220216606498195,0.007220216606498195,0.007220216606498195,0.007220216606498195,0.006993006993006993,0.006993006993006993,0.006993006993006993,0.006993006993006993,0.006993006993006993,0.006993006993006993,0.006993006993006993,0.006993006993006993,0.006993006993006993,0.006993006993006993,0.006993006993006993,0.006993006993006993,0.006993006993006993,0.006993006993006993,0.006993006993006993,],[0.007722007722007722,0.007722007722007722,0.007722007722007722,0.007722007722007722,0.007722007722007722,0.007722007722007722,0.007722007722007722,0.007722007722007722,0.007722007722007722,0.007722007722007722,0.007722007722007722,0.007722007722007722,0.007722007722007722,0.007722007722007722,0.007722007722007722,0.007633587786259542,0.007633587786259542,0.007633587786259542,0.007633587786259542,0.007633587786259542,0.007633587786259542,0.007633587786259542,0.007633587786259542,0.007633587786259542,0.007633587786259542,0.007633587786259542,0.007633587786259542,0.007633587786259542,0.007633587786259542,0.007633587786259542,0.007547169811320755,0.007547169811320755,0.007547169811320755,0.007547169811320755,0.007547169811320755,0.007547169811320755,0.007547169811320755,0.007547169811320755,0.007547169811320755,0.007547169811320755,0.007547169811320755,0.007547169811320755,0.007547169811320755,0.007547169811320755,0.007547169811320755,0.007462686567164179,0.007462686567164179,0.007462686567164179,0.007462686567164179,0.007462686567164179,0.007462686567164179,0.007462686567164179,0.007462686567164179,0.007462686567164179,0.007462686567164179,0.007462686567164179,0.007462686567164179,0.007462686567164179,0.007462686567164179,0.007462686567164179,0.007380073800738007,0.007380073800738007,0.007380073800738007,0.007380073800738007,0.007380073800738007,0.007380073800738007,0.007380073800738007,0.007380073800738007,0.007380073800738007,0.007380073800738007,0.007380073800738007,0.007380073800738007,0.007380073800738007,0.007380073800738007,0.007380073800738007,0.0072992700729927005,0.0072992700729927005,0.0072992700729927005,0.0072992700729927005,0.0072992700729927005,0.0072992700729927005,0.0072992700729927005,0.0072992700729927005,0.0072992700729927005,0.0072992700729927005,0.0072992700729927005,0.0072992700729927005,0.0072992700729927005,0.0072992700729927005,0.0072992700729927005,0.007220216606498195,0.007220216606498195,0.007220216606498195,0.007220216606498195,0.007220216606498195,0.007220216606498195,0.007220216606498195,0.007220216606498195,0.007220216606498195,0.007220216606498195,0.007220216606498195,0.007220216606498195,0.007220216606498195,0.007220216606498195,0.007220216606498195,0.006993006993006993,0.006993006993006993,0.006993006993006993,0.006993006993006993,0.006993006993006993,0.006993006993006993,0.006993006993006993,0.006993006993006993,0.006993006993006993,0.006993006993006993,0.006993006993006993,0.006993006993006993,0.006993006993006993,0.006993006993006993,0.006993006993006993,]]
4 to 6
[[],[]]
7 to 12
[[],[]]
t-test wg 1, 2
-1.0 & -1.0 & -1.0 & 
t-test sg 1, 2
-1.0 & -1.0 & -1.0 & 
Soc
checking
[[0.007722007722007722,0.007722007722007722,0.007722007722007722,0.007722007722007722,0.007722007722007722,0.007722007722007722,0.007722007722007722,0.007722007722007722,0.007722007722007722,0.007722007722007722,0.007722007722007722,0.007722007722007722,0.007722007722007722,0.007722007722007722,0.007722007722007722,0.0072992700729927005,0.0072992700729927005,0.0072992700729927005,0.0072992700729927005,0.0072992700729927005,0.0072992700729927005,0.0072992700729927005,0.0072992700729927005,0.0072992700729927005,0.0072992700729927005,0.0072992700729927005,0.0072992700729927005,0.0072992700729927005,0.0072992700729927005,0.0072992700729927005,],[0.007722007722007722,0.007722007722007722,0.007722007722007722,0.007722007722007722,0.007722007722007722,0.007722007722007722,0.007722007722007722,0.007722007722007722,0.007722007722007722,0.007722007722007722,0.007722007722007722,0.007722007722007722,0.007722007722007722,0.007722007722007722,0.007722007722007722,0.0072992700729927005,0.0072992700729927005,0.0072992700729927005,0.0072992700729927005,0.0072992700729927005,0.0072992700729927005,0.0072992700729927005,0.0072992700729927005,0.0072992700729927005,0.0072992700729927005,0.0072992700729927005,0.0072992700729927005,0.0072992700729927005,0.0072992700729927005,0.0072992700729927005,]]
function
[[0.007462686567164179,0.007462686567164179,0.007462686567164179,0.007462686567164179,0.007462686567164179,0.007462686567164179,0.007462686567164179,0.007462686567164179,0.007462686567164179,0.007462686567164179,0.007462686567164179,0.007462686567164179,0.007462686567164179,0.007462686567164179,0.007462686567164179,],[0.007462686567164179,0.007462686567164179,0.007462686567164179,0.007462686567164179,0.007462686567164179,0.007462686567164179,0.007462686567164179,0.007462686567164179,0.007462686567164179,0.007462686567164179,0.007462686567164179,0.007462686567164179,0.007462686567164179,0.007462686567164179,0.007462686567164179,]]
assign
[[0.007633587786259542,0.007633587786259542,0.007633587786259542,0.007633587786259542,0.007633587786259542,0.007633587786259542,0.007633587786259542,0.007633587786259542,0.007633587786259542,0.007633587786259542,0.007633587786259542,0.007633587786259542,0.007633587786259542,0.007633587786259542,0.007633587786259542,0.007547169811320755,0.007547169811320755,0.007547169811320755,0.007547169811320755,0.007547169811320755,0.007547169811320755,0.007547169811320755,0.007547169811320755,0.007547169811320755,0.007547169811320755,0.007547169811320755,0.007547169811320755,0.007547169811320755,0.007547169811320755,0.007547169811320755,0.007380073800738007,0.007380073800738007,0.007380073800738007,0.007380073800738007,0.007380073800738007,0.007380073800738007,0.007380073800738007,0.007380073800738007,0.007380073800738007,0.007380073800738007,0.007380073800738007,0.007380073800738007,0.007380073800738007,0.007380073800738007,0.007380073800738007,0.007220216606498195,0.007220216606498195,0.007220216606498195,0.007220216606498195,0.007220216606498195,0.007220216606498195,0.007220216606498195,0.007220216606498195,0.007220216606498195,0.007220216606498195,0.007220216606498195,0.007220216606498195,0.007220216606498195,0.007220216606498195,0.007220216606498195,0.006993006993006993,0.006993006993006993,0.006993006993006993,0.006993006993006993,0.006993006993006993,0.006993006993006993,0.006993006993006993,0.006993006993006993,0.006993006993006993,0.006993006993006993,0.006993006993006993,0.006993006993006993,0.006993006993006993,0.006993006993006993,0.006993006993006993,],[0.007633587786259542,0.007633587786259542,0.007633587786259542,0.007633587786259542,0.007633587786259542,0.007633587786259542,0.007633587786259542,0.007633587786259542,0.007633587786259542,0.007633587786259542,0.007633587786259542,0.007633587786259542,0.007633587786259542,0.007633587786259542,0.007633587786259542,0.007547169811320755,0.007547169811320755,0.007547169811320755,0.007547169811320755,0.007547169811320755,0.007547169811320755,0.007547169811320755,0.007547169811320755,0.007547169811320755,0.007547169811320755,0.007547169811320755,0.007547169811320755,0.007547169811320755,0.007547169811320755,0.007547169811320755,0.007380073800738007,0.007380073800738007,0.007380073800738007,0.007380073800738007,0.007380073800738007,0.007380073800738007,0.007380073800738007,0.007380073800738007,0.007380073800738007,0.007380073800738007,0.007380073800738007,0.007380073800738007,0.007380073800738007,0.007380073800738007,0.007380073800738007,0.007220216606498195,0.007220216606498195,0.007220216606498195,0.007220216606498195,0.007220216606498195,0.007220216606498195,0.007220216606498195,0.007220216606498195,0.007220216606498195,0.007220216606498195,0.007220216606498195,0.007220216606498195,0.007220216606498195,0.007220216606498195,0.007220216606498195,0.006993006993006993,0.006993006993006993,0.006993006993006993,0.006993006993006993,0.006993006993006993,0.006993006993006993,0.006993006993006993,0.006993006993006993,0.006993006993006993,0.006993006993006993,0.006993006993006993,0.006993006993006993,0.006993006993006993,0.006993006993006993,0.006993006993006993,]]
t-test wg soc
checking vs function
0.23165621715634266
checking vs assign
0.001761485225314576
function vs assign
1.3131350462073185E-4
t-test sg soc
checking vs function
0.23165621715634266
checking vs assign
0.001761485225314576
function vs assign
1.3131350462073185E-4
type
extra
[[0.007722007722007722,0.007722007722007722,0.007722007722007722,0.007722007722007722,0.007722007722007722,0.007722007722007722,0.007722007722007722,0.007722007722007722,0.007722007722007722,0.007722007722007722,0.007722007722007722,0.007722007722007722,0.007722007722007722,0.007722007722007722,0.007722007722007722,0.007633587786259542,0.007633587786259542,0.007633587786259542,0.007633587786259542,0.007633587786259542,0.007633587786259542,0.007633587786259542,0.007633587786259542,0.007633587786259542,0.007633587786259542,0.007633587786259542,0.007633587786259542,0.007633587786259542,0.007633587786259542,0.007633587786259542,0.007547169811320755,0.007547169811320755,0.007547169811320755,0.007547169811320755,0.007547169811320755,0.007547169811320755,0.007547169811320755,0.007547169811320755,0.007547169811320755,0.007547169811320755,0.007547169811320755,0.007547169811320755,0.007547169811320755,0.007547169811320755,0.007547169811320755,0.007462686567164179,0.007462686567164179,0.007462686567164179,0.007462686567164179,0.007462686567164179,0.007462686567164179,0.007462686567164179,0.007462686567164179,0.007462686567164179,0.007462686567164179,0.007462686567164179,0.007462686567164179,0.007462686567164179,0.007462686567164179,0.007462686567164179,0.007380073800738007,0.007380073800738007,0.007380073800738007,0.007380073800738007,0.007380073800738007,0.007380073800738007,0.007380073800738007,0.007380073800738007,0.007380073800738007,0.007380073800738007,0.007380073800738007,0.007380073800738007,0.007380073800738007,0.007380073800738007,0.007380073800738007,0.0072992700729927005,0.0072992700729927005,0.0072992700729927005,0.0072992700729927005,0.0072992700729927005,0.0072992700729927005,0.0072992700729927005,0.0072992700729927005,0.0072992700729927005,0.0072992700729927005,0.0072992700729927005,0.0072992700729927005,0.0072992700729927005,0.0072992700729927005,0.0072992700729927005,0.007220216606498195,0.007220216606498195,0.007220216606498195,0.007220216606498195,0.007220216606498195,0.007220216606498195,0.007220216606498195,0.007220216606498195,0.007220216606498195,0.007220216606498195,0.007220216606498195,0.007220216606498195,0.007220216606498195,0.007220216606498195,0.007220216606498195,0.006993006993006993,0.006993006993006993,0.006993006993006993,0.006993006993006993,0.006993006993006993,0.006993006993006993,0.006993006993006993,0.006993006993006993,0.006993006993006993,0.006993006993006993,0.006993006993006993,0.006993006993006993,0.006993006993006993,0.006993006993006993,0.006993006993006993,],[0.007722007722007722,0.007722007722007722,0.007722007722007722,0.007722007722007722,0.007722007722007722,0.007722007722007722,0.007722007722007722,0.007722007722007722,0.007722007722007722,0.007722007722007722,0.007722007722007722,0.007722007722007722,0.007722007722007722,0.007722007722007722,0.007722007722007722,0.007633587786259542,0.007633587786259542,0.007633587786259542,0.007633587786259542,0.007633587786259542,0.007633587786259542,0.007633587786259542,0.007633587786259542,0.007633587786259542,0.007633587786259542,0.007633587786259542,0.007633587786259542,0.007633587786259542,0.007633587786259542,0.007633587786259542,0.007547169811320755,0.007547169811320755,0.007547169811320755,0.007547169811320755,0.007547169811320755,0.007547169811320755,0.007547169811320755,0.007547169811320755,0.007547169811320755,0.007547169811320755,0.007547169811320755,0.007547169811320755,0.007547169811320755,0.007547169811320755,0.007547169811320755,0.007462686567164179,0.007462686567164179,0.007462686567164179,0.007462686567164179,0.007462686567164179,0.007462686567164179,0.007462686567164179,0.007462686567164179,0.007462686567164179,0.007462686567164179,0.007462686567164179,0.007462686567164179,0.007462686567164179,0.007462686567164179,0.007462686567164179,0.007380073800738007,0.007380073800738007,0.007380073800738007,0.007380073800738007,0.007380073800738007,0.007380073800738007,0.007380073800738007,0.007380073800738007,0.007380073800738007,0.007380073800738007,0.007380073800738007,0.007380073800738007,0.007380073800738007,0.007380073800738007,0.007380073800738007,0.0072992700729927005,0.0072992700729927005,0.0072992700729927005,0.0072992700729927005,0.0072992700729927005,0.0072992700729927005,0.0072992700729927005,0.0072992700729927005,0.0072992700729927005,0.0072992700729927005,0.0072992700729927005,0.0072992700729927005,0.0072992700729927005,0.0072992700729927005,0.0072992700729927005,0.007220216606498195,0.007220216606498195,0.007220216606498195,0.007220216606498195,0.007220216606498195,0.007220216606498195,0.007220216606498195,0.007220216606498195,0.007220216606498195,0.007220216606498195,0.007220216606498195,0.007220216606498195,0.007220216606498195,0.007220216606498195,0.007220216606498195,0.006993006993006993,0.006993006993006993,0.006993006993006993,0.006993006993006993,0.006993006993006993,0.006993006993006993,0.006993006993006993,0.006993006993006993,0.006993006993006993,0.006993006993006993,0.006993006993006993,0.006993006993006993,0.006993006993006993,0.006993006993006993,0.006993006993006993,]]
t-test wg type
t-test sg type

