testCase Num: 42
regaular Num: 42
identify Num: 0
1 3 3 3 0 2 3 2 
2 3 2 0 1 2 0 0 
0 0 1 0 0 1 3 0 
0 0 0 0 0 0 0 0 
0 0 1 0 0 0 3 0 
0 1 2 0 2 1 3 3 
0 1 0 2 1 3 3 1 
1 1 1 1 2 0 3 0 
3 0 0 0 0 2 0 2 
2 0 3 1 2 0 3 2 
1 1 1 1 2 0 1 0 
1 1 1 1 2 3 0 1 
2 2 0 2 2 2 1 1 
3 1 3 2 3 1 0 2 
0 0 0 1 0 3 0 0 
0 1 1 1 2 1 0 0 
1 1 1 1 2 2 0 0 
1 1 1 1 2 0 0 3 
1 1 1 1 2 3 0 0 
0 3 3 2 2 3 2 0 
1 1 3 0 1 0 1 0 
1 1 1 0 3 2 2 1 
0 0 3 0 1 0 0 0 
0 2 2 2 0 1 0 0 
0 2 2 2 0 0 0 0 
1 0 2 3 2 3 0 1 
2 3 0 0 3 1 2 0 
3 2 0 1 0 1 0 3 
2 1 2 3 0 0 1 2 
3 0 1 3 1 1 0 3 
0 0 3 1 3 2 1 3 
1 1 1 1 2 0 0 0 
3 3 2 1 3 0 2 1 
1 2 3 0 0 1 2 1 
2 0 3 1 1 1 3 2 
1 1 1 1 2 1 0 0 
1 1 1 1 1 1 1 0 
0 2 1 3 1 0 2 2 
1 3 0 2 1 0 0 3 
3 3 1 0 2 3 1 2 
2 0 1 2 0 3 2 3 
3 2 0 3 3 3 3 0 
MFS
[ 0 , - , - , - , 0 , 0 , - , - ]
[ - , - , - , 1 , 2 , - , - , 2 ]
[ 1 , 3 , - , - , - , 1 , - , - ]
[ 1 , 1 , - , - , - , - , - , 3 ]
[ - , 2 , 2 , - , - , 0 , - , - ]
[ - , 0 , - , - , 1 , 0 , - , - ]
[ 1 , 1 , - , - , - , 1 , - , - ]
[ 0 , - , - , 0 , - , 0 , - , - ]
[ 1 , - , - , 1 , - , 2 , - , - ]
[ 0 , - , - , - , - , 0 , 0 , - ]
[ - , - , - , - , - , 0 , 3 , 0 ]
[ 1 , - , 2 , - , - , - , - , 0 ]
[ - , - , - , - , - , 1 , 1 , - ]
[ 1 , - , 0 , - , - , - , - , 0 ]
[ - , - , 2 , 2 , - , 0 , - , - ]
[ - , - , - , - , 2 , 0 , - , - ]
[ - , - , 1 , - , - , 0 , 1 , 0 ]
[ 2 , - , - , - , - , 0 , 0 , - ]
[ 1 , 0 , - , - , - , 1 , - , - ]
[ 2 , - , - , 1 , 2 , - , - , - ]
[ 3 , - , - , - , - , 0 , 0 , - ]
[ 2 , - , - , 0 , - , 0 , - , - ]
[ 3 , - , - , 0 , - , 0 , - , - ]
[ - , 0 , - , - , - , 0 , - , - ]
[ 0 , - , - , - , - , 0 , - , 0 ]
[ - , - , - , 1 , - , 0 , - , 2 ]
[ 1 , - , - , 1 , - , - , - , - ]
[ - , - , - , - , - , 0 , 0 , 1 ]
[ - , - , - , - , - , 0 , 0 , 0 ]
[ 1 , - , 1 , - , - , - , - , 0 ]
[ - , - , - , - , - , 0 , 2 , 0 ]
[ - , - , - , - , - , 0 , 3 , - ]
[ 3 , - , - , - , 0 , 0 , - , - ]
[ 1 , - , - , - , 0 , 0 , - , - ]
[ - , - , - , - , - , 0 , 0 , 2 ]
precise
0.02857142857142857
recall
0.1111111111111111
F-measure
0.04545454545454545
multi
1
time
all 424 iden 101 gen 312
t-cover
444
all-cover
448
coveredNum
(1 : 194)  (2 : 182)  (3 : 59)  (4 : 11)  (5 : 2)  
real Identify
([ - , 0 , - , - , - , 0 , - , - ] : 1)  
testCase Num: 39
regaular Num: 39
identify Num: 0
2 1 0 1 1 0 3 0 
0 2 1 2 3 2 3 1 
2 3 0 3 1 1 2 1 
3 1 3 0 3 1 3 0 
0 0 0 0 0 0 0 0 
3 3 2 0 0 2 1 1 
2 2 1 0 1 3 0 2 
0 1 0 2 0 0 0 0 
0 3 1 0 0 0 0 0 
0 0 2 2 1 1 1 3 
1 0 3 3 0 3 3 2 
2 3 3 2 0 2 0 3 
0 0 0 1 0 0 0 0 
0 0 0 0 3 0 0 0 
1 3 3 2 1 0 1 1 
0 0 0 1 0 2 0 0 
0 0 0 0 3 1 0 0 
3 2 1 3 2 0 2 3 
0 3 3 1 2 0 3 2 
3 0 0 1 2 3 0 1 
0 1 0 1 0 0 1 1 
1 0 1 0 2 2 2 0 
0 1 2 3 3 0 0 2 
1 2 0 1 3 0 1 3 
0 0 0 2 0 3 0 0 
2 3 2 1 3 3 2 0 
1 2 2 3 1 2 1 0 
0 0 2 0 2 1 3 0 
2 0 0 1 1 0 3 0 
1 1 0 0 0 1 0 1 
3 1 0 2 1 1 2 2 
0 3 1 0 0 1 3 3 
2 1 0 2 2 2 1 2 
0 2 3 2 0 1 2 0 
1 1 1 1 1 1 0 1 
2 0 0 0 3 1 1 0 
2 0 0 0 1 0 3 3 
0 1 1 1 0 3 1 3 
0 1 0 1 0 0 0 0 
MFS
[ - , 0 , - , - , - , 0 , - , 3 ]
[ - , 3 , 1 , - , - , 0 , - , - ]
[ 2 , 3 , - , - , - , - , 3 , - ]
[ 2 , 2 , - , - , - , - , 3 , - ]
[ 3 , - , - , - , - , 0 , - , 0 ]
[ - , 0 , - , 1 , - , 0 , 3 , - ]
[ 1 , - , - , - , - , 0 , - , 0 ]
[ - , 0 , - , - , - , 0 , - , - ]
[ 0 , - , - , - , - , 0 , - , 0 ]
[ 2 , 0 , - , - , - , - , 3 , - ]
[ - , - , - , 0 , - , 0 , - , - ]
[ - , - , - , 1 , - , 1 , - , - ]
[ - , - , - , 1 , - , 0 , 0 , - ]
[ 2 , 0 , - , - , - , 0 , - , 0 ]
[ - , - , - , - , - , 0 , 0 , 1 ]
[ - , - , - , - , - , 0 , 0 , 0 ]
[ - , - , - , - , 1 , 1 , 0 , - ]
[ - , - , - , - , 2 , 1 , 0 , - ]
[ - , - , - , - , 3 , 1 , 0 , - ]
[ - , - , - , - , - , 0 , 0 , 3 ]
precise
0.05
recall
0.1111111111111111
F-measure
0.06896551724137932
multi
3
time
all 279 iden 21 gen 253
t-cover
446
all-cover
448
coveredNum
(1 : 202)  (2 : 154)  (3 : 69)  (4 : 18)  (5 : 4)  (6 : 1)  
real Identify
([ - , 0 , - , - , - , 0 , - , - ] : 1)  
testCase Num: 36
regaular Num: 36
identify Num: 0
0 0 3 0 0 1 0 3 
3 1 3 1 2 1 0 0 
1 0 1 3 0 0 0 1 
0 0 3 0 0 0 0 3 
0 0 0 0 0 0 0 0 
3 3 0 3 2 0 3 3 
3 3 1 0 3 3 2 1 
1 0 0 3 1 1 0 1 
0 3 0 2 2 1 2 2 
0 0 0 1 1 1 1 0 
0 0 0 1 0 1 2 0 
3 2 0 0 0 0 0 2 
2 2 0 0 0 1 2 3 
0 0 1 0 0 1 0 0 
1 1 0 1 3 0 0 3 
0 1 1 2 0 0 0 1 
0 2 2 0 2 0 1 1 
0 0 3 2 0 0 0 1 
2 0 1 3 2 3 1 0 
0 0 0 1 0 0 2 0 
2 3 3 2 1 0 3 0 
1 3 0 1 0 3 1 0 
3 0 3 3 1 2 2 2 
0 0 3 3 0 1 0 1 
2 1 0 0 0 2 0 0 
3 0 2 2 0 2 1 3 
1 1 3 0 0 3 3 2 
0 3 2 1 0 2 0 1 
0 1 1 2 1 3 0 3 
1 2 1 2 3 2 3 0 
2 2 1 1 2 2 0 2 
2 0 2 1 3 1 3 1 
1 1 0 1 1 1 1 1 
0 2 3 3 3 1 1 2 
0 2 2 0 1 3 3 2 
1 1 2 3 2 0 2 0 
MFS
[ - , 1 , - , - , - , - , 1 , - ]
[ - , 0 , - , - , - , 0 , - , - ]
[ 1 , 1 , - , - , - , 1 , - , - ]
precise
0.3333333333333333
recall
0.1111111111111111
F-measure
0.16666666666666666
multi
1
time
all 229 iden 12 gen 215
t-cover
447
all-cover
448
coveredNum
(1 : 195)  (2 : 166)  (3 : 55)  (4 : 19)  (5 : 7)  (6 : 3)  (7 : 3)  
real Identify
([ - , 0 , - , - , - , 0 , - , - ] : 1)  
testCase Num: 52
regaular Num: 52
identify Num: 0
0 0 0 0 0 2 0 0 
0 0 0 0 1 2 1 1 
0 0 0 0 0 0 0 0 
3 1 2 0 0 2 3 2 
1 3 1 2 0 2 1 0 
2 2 1 3 2 0 3 2 
3 1 1 1 3 0 2 0 
1 0 3 3 2 2 2 0 
1 3 0 0 1 1 2 2 
0 1 0 1 0 0 1 1 
2 2 2 2 0 0 0 1 
0 0 0 0 0 2 1 3 
2 2 2 2 2 0 0 1 
0 0 0 0 0 0 1 3 
0 0 0 0 1 1 0 1 
2 2 1 0 0 3 2 3 
1 2 0 0 3 3 3 1 
3 0 3 3 3 0 2 1 
2 0 2 0 3 1 2 1 
3 3 1 2 0 0 0 0 
1 1 1 1 0 1 1 1 
2 0 0 1 3 2 0 2 
0 0 0 0 1 1 1 0 
0 2 2 2 0 0 1 0 
0 0 2 3 1 1 2 3 
0 0 1 2 1 2 3 3 
2 2 2 2 0 0 1 1 
2 2 2 2 1 1 0 1 
3 0 2 1 2 3 2 1 
2 2 2 2 3 0 2 1 
2 2 2 2 2 0 1 1 
0 3 0 3 2 2 1 1 
0 0 0 0 1 1 1 3 
2 0 1 2 3 1 1 0 
0 0 0 0 1 1 1 1 
1 3 2 1 3 0 3 3 
0 0 0 0 1 1 2 1 
3 0 0 2 2 1 0 0 
2 1 3 3 0 3 0 0 
3 2 2 0 2 0 1 0 
0 2 3 1 1 1 3 0 
3 1 0 3 2 1 0 3 
2 3 0 0 3 0 0 0 
0 0 0 2 2 0 0 0 
1 1 3 2 1 0 0 3 
2 2 0 0 2 0 0 0 
0 1 0 2 3 3 2 2 
0 0 3 3 3 1 0 1 
0 3 1 0 3 0 0 1 
3 3 3 0 1 3 1 2 
2 3 0 0 0 0 0 0 
2 2 2 2 1 2 0 1 
MFS
[ 1 , - , - , - , 0 , - , - , 1 ]
[ 2 , - , - , - , 2 , - , - , 1 ]
[ 1 , - , - , - , 0 , - , 1 , 1 ]
[ - , - , - , 0 , 0 , - , - , 1 ]
[ - , - , - , - , 1 , - , 0 , 2 ]
[ - , - , - , - , 1 , - , 0 , 0 ]
[ - , - , - , - , 1 , - , 0 , 1 ]
[ - , - , 2 , - , - , - , 0 , - ]
[ - , - , - , - , - , 1 , 1 , 1 ]
[ - , - , - , - , 0 , 1 , 0 , - ]
[ 1 , - , - , - , - , - , 0 , 0 ]
[ 1 , - , 0 , - , - , - , - , 0 ]
[ 0 , - , - , - , 2 , - , 0 , - ]
[ 2 , 3 , - , - , 0 , - , 0 , 0 ]
[ 1 , - , - , 1 , - , - , - , 1 ]
[ - , - , - , - , 3 , - , 1 , 1 ]
[ - , - , - , - , 1 , - , 1 , 1 ]
[ - , 0 , - , - , - , 0 , - , - ]
[ - , - , - , - , 0 , 2 , 0 , - ]
[ - , - , - , - , - , - , 1 , 3 ]
[ - , - , - , 2 , - , - , - , 1 ]
[ 2 , - , 0 , - , 0 , - , 0 , - ]
[ 3 , - , - , - , 0 , - , - , 1 ]
[ 1 , - , 0 , - , - , - , 0 , - ]
[ - , 0 , - , - , - , 0 , 2 , - ]
[ 3 , - , - , - , 0 , - , 1 , 1 ]
[ - , - , - , 0 , 2 , - , - , 1 ]
[ 2 , - , 0 , - , 0 , - , - , 0 ]
[ 0 , 0 , - , - , 2 , - , - , - ]
[ - , 3 , - , - , 0 , 1 , - , - ]
[ - , 3 , - , - , 0 , 0 , - , - ]
[ 2 , - , - , - , 1 , - , - , - ]
[ - , 3 , - , - , 0 , 3 , - , - ]
[ 0 , - , 0 , - , - , - , - , 0 ]
[ - , - , - , - , 0 , 1 , - , - ]
[ 3 , - , 1 , - , - , - , 0 , - ]
[ 3 , - , 3 , - , 3 , - , - , - ]
[ 3 , - , - , - , 3 , - , - , 1 ]
[ 2 , - , - , - , 0 , - , 1 , 1 ]
[ 0 , - , - , - , - , - , 0 , 0 ]
[ - , - , - , 0 , 1 , - , - , 1 ]
[ - , 3 , - , - , 2 , 0 , - , - ]
[ 3 , 3 , - , - , - , - , 0 , 0 ]
[ 3 , - , - , 3 , - , - , - , 1 ]
[ 1 , 1 , - , - , 0 , - , - , - ]
[ - , 3 , - , - , 1 , 0 , - , - ]
[ - , 2 , - , - , - , 2 , - , - ]
[ - , 0 , - , - , 0 , - , - , - ]
[ - , - , - , - , 0 , 0 , 0 , - ]
[ 1 , - , - , - , - , - , 1 , 1 ]
[ - , - , - , - , 1 , - , - , 1 ]
[ - , - , 1 , - , - , - , 0 , 0 ]
[ 0 , - , 0 , - , - , - , 0 , - ]
[ 2 , - , - , - , 0 , - , - , 1 ]
precise
0.018518518518518517
recall
0.1111111111111111
F-measure
0.031746031746031744
multi
3
time
all 454 iden 15 gen 424
t-cover
440
all-cover
448
coveredNum
(1 : 186)  (2 : 155)  (3 : 78)  (4 : 26)  (5 : 3)  
real Identify
([ - , 0 , - , - , - , 0 , - , - ] : 1)  
testCase Num: 46
regaular Num: 46
identify Num: 0
1 0 2 1 2 3 0 1 
2 0 1 0 3 1 0 2 
0 3 1 2 0 3 1 3 
2 2 0 1 0 0 3 2 
1 3 2 0 0 0 1 2 
0 0 1 3 0 0 2 0 
0 0 0 0 0 0 0 0 
3 2 3 0 1 3 2 2 
3 1 0 0 3 0 3 2 
0 0 0 0 2 2 0 0 
3 0 2 0 0 0 0 1 
1 0 1 3 2 3 2 0 
1 0 0 0 0 1 0 1 
0 0 0 0 2 3 0 0 
3 0 2 0 0 2 0 0 
1 2 0 0 1 0 2 1 
0 0 3 3 2 0 2 1 
0 0 3 3 0 0 1 2 
1 1 1 1 1 2 2 0 
0 0 3 3 0 2 1 0 
3 0 2 0 0 0 0 0 
0 0 3 3 2 0 2 3 
1 0 3 3 0 2 3 3 
0 1 1 1 1 3 1 0 
1 2 0 2 3 0 0 1 
2 2 2 3 3 3 3 0 
0 2 0 2 2 2 1 2 
3 2 1 2 0 1 3 1 
0 2 0 0 2 0 0 3 
1 0 0 2 2 0 2 0 
0 1 0 3 1 3 3 1 
3 3 1 3 2 0 3 1 
0 0 0 2 0 2 0 0 
0 3 2 3 1 1 0 3 
0 3 0 1 3 1 2 3 
2 1 3 2 1 0 0 3 
1 1 1 1 1 1 1 0 
1 1 1 1 1 3 2 0 
0 0 0 3 1 0 1 1 
2 1 3 0 2 1 1 1 
2 1 2 2 0 2 2 1 
0 0 0 3 1 0 1 3 
3 3 3 1 3 2 1 0 
2 3 0 0 0 0 0 0 
2 3 0 0 0 0 0 1 
3 0 1 0 1 2 0 3 
MFS
[ - , 0 , - , - , - , 0 , - , - ]
[ 1 , 1 , - , - , - , - , - , - ]
[ - , - , - , - , - , 1 , - , 0 ]
[ - , - , - , - , 1 , 2 , - , 0 ]
[ - , - , - , - , - , 0 , - , 0 ]
[ - , - , - , - , 2 , 2 , - , 0 ]
[ - , - , - , 3 , - , - , - , 2 ]
[ - , 0 , - , - , - , 0 , - , 1 ]
[ 0 , 0 , - , - , - , 3 , - , - ]
[ - , 0 , - , - , 2 , 2 , - , - ]
[ 2 , 3 , - , - , - , - , - , 0 ]
[ - , 0 , - , - , - , 2 , - , 1 ]
precise
0.08333333333333333
recall
0.1111111111111111
F-measure
0.09523809523809525
multi
2
time
all 229 iden 5 gen 214
t-cover
444
all-cover
448
coveredNum
(1 : 201)  (2 : 145)  (3 : 69)  (4 : 21)  (5 : 9)  (6 : 3)  
real Identify
([ - , 0 , - , - , - , 0 , - , - ] : 1)  
testCase Num: 42
regaular Num: 42
identify Num: 0
2 3 3 0 1 0 1 3 
0 0 0 0 0 1 0 2 
0 1 2 1 0 1 1 1 
3 2 1 1 3 0 1 3 
0 0 0 0 0 0 0 0 
0 1 3 1 1 2 3 0 
3 0 2 2 0 1 3 3 
1 1 1 1 1 1 1 1 
2 1 0 0 0 0 2 1 
0 1 1 1 1 1 1 1 
0 3 2 1 0 0 1 2 
3 0 0 0 3 2 0 2 
2 0 1 1 1 1 1 1 
1 0 1 1 1 1 1 1 
1 0 0 3 0 2 1 1 
3 1 3 2 3 0 0 0 
1 0 0 0 1 0 0 0 
1 3 0 2 2 1 2 0 
0 0 1 2 2 3 3 1 
3 1 2 3 2 3 1 0 
0 3 1 3 3 2 2 3 
2 0 1 0 1 3 3 0 
0 1 1 0 1 0 0 2 
0 1 2 1 1 1 1 1 
2 1 2 0 3 1 1 2 
1 3 0 3 1 0 3 2 
1 2 3 0 3 3 3 1 
2 0 3 1 2 0 0 2 
1 0 1 1 0 2 0 0 
2 0 3 1 2 1 0 2 
2 0 3 1 2 0 2 2 
0 1 0 0 0 0 2 2 
0 1 0 0 2 0 0 2 
1 1 1 1 1 1 0 1 
2 3 1 3 0 3 0 2 
0 2 1 1 1 1 1 1 
2 2 0 2 1 2 1 2 
2 0 0 0 0 0 0 1 
3 3 2 0 1 0 2 1 
1 2 2 0 2 2 0 3 
0 2 3 3 0 1 2 0 
3 1 0 1 0 3 2 3 
MFS
[ 0 , - , - , - , - , - , 0 , 0 ]
[ - , 1 , 0 , - , - , 1 , - , - ]
[ - , 0 , 1 , - , - , 1 , - , - ]
[ - , 0 , 0 , - , - , 1 , - , - ]
[ - , 1 , 1 , - , - , 1 , - , - ]
[ 1 , 0 , - , - , - , 1 , - , - ]
[ - , 1 , 3 , - , - , 1 , - , - ]
[ 0 , 0 , - , - , - , 1 , - , - ]
[ - , 0 , - , - , - , - , 2 , - ]
[ - , 0 , - , - , - , 0 , - , - ]
[ - , - , 1 , - , - , 1 , - , - ]
[ 1 , 1 , - , - , - , - , - , - ]
[ - , - , 0 , - , 0 , 1 , - , - ]
[ - , - , - , - , 1 , 1 , - , - ]
[ - , - , - , - , - , - , 0 , 1 ]
[ 0 , - , 0 , - , - , 1 , - , - ]
precise
0.0625
recall
0.1111111111111111
F-measure
0.08
multi
2
time
all 161 iden 0 gen 161
t-cover
443
all-cover
448
coveredNum
(1 : 195)  (2 : 172)  (3 : 54)  (4 : 19)  (5 : 7)  (6 : 1)  
real Identify
([ - , 0 , - , - , - , 0 , - , - ] : 1)  
testCase Num: 52
regaular Num: 52
identify Num: 0
0 2 1 2 2 0 2 2 
0 0 0 0 0 0 0 0 
0 0 0 0 1 2 1 0 
2 0 3 1 0 1 1 3 
2 0 0 3 2 0 0 0 
0 2 3 0 3 2 0 1 
2 3 1 0 0 0 0 0 
0 0 2 0 0 0 1 3 
2 0 1 1 0 2 2 0 
0 1 0 0 0 0 2 0 
0 3 3 2 1 1 1 0 
0 2 0 0 1 3 1 0 
2 0 1 0 3 3 1 3 
0 0 0 0 1 3 0 0 
2 0 3 1 2 0 0 3 
1 1 1 1 1 0 1 1 
2 3 1 0 2 1 0 0 
0 0 2 0 0 0 0 3 
2 0 0 3 0 1 2 0 
2 1 3 0 2 0 3 1 
3 0 1 3 1 0 1 0 
2 0 0 2 0 0 1 0 
1 3 0 0 0 1 2 0 
3 2 3 3 0 3 2 1 
3 0 0 1 3 1 0 2 
2 0 0 2 0 1 1 0 
0 0 0 0 1 3 1 0 
2 0 2 0 2 1 0 1 
0 1 1 3 0 3 3 3 
0 1 0 0 0 1 1 0 
3 0 2 0 1 1 3 2 
3 1 0 2 3 3 1 1 
3 1 1 3 2 0 0 0 
0 0 3 1 0 0 1 0 
1 2 2 3 3 2 3 0 
0 2 0 0 1 2 1 0 
2 1 2 2 0 2 1 2 
1 3 3 3 2 3 0 2 
1 0 3 2 0 0 0 3 
2 2 0 3 1 1 2 3 
0 0 0 0 1 2 0 0 
0 3 2 1 3 0 2 1 
3 3 0 1 2 2 3 3 
1 2 2 1 2 3 1 0 
0 0 3 1 0 0 0 0 
1 1 1 1 1 1 0 1 
0 0 3 3 2 0 0 3 
1 1 2 2 2 0 0 3 
1 2 1 1 1 0 1 1 
1 0 1 2 2 0 0 3 
0 0 0 2 0 0 3 0 
0 1 0 1 2 0 0 0 
MFS
[ 3 , 0 , - , - , - , 0 , - , - ]
[ 1 , 0 , - , - , - , 2 , - , - ]
[ 0 , 0 , - , - , - , 3 , - , - ]
[ 0 , 0 , - , - , - , 2 , - , - ]
[ 2 , 3 , - , - , 0 , - , - , - ]
[ 3 , 0 , - , - , - , 3 , - , - ]
[ 3 , 0 , - , - , - , 2 , - , - ]
[ - , - , - , 2 , - , - , 3 , - ]
[ - , 0 , - , - , - , 0 , - , - ]
[ 1 , 0 , - , - , - , 3 , - , - ]
[ - , 1 , - , - , 1 , - , - , - ]
[ 1 , 0 , - , - , - , - , - , - ]
[ 0 , 0 , - , - , - , - , - , - ]
[ - , - , - , - , 1 , - , 0 , - ]
[ - , - , - , 3 , - , - , 1 , - ]
[ - , - , - , - , 0 , - , 0 , - ]
precise
0.0625
recall
0.1111111111111111
F-measure
0.08
multi
2
time
all 149 iden 0 gen 149
t-cover
441
all-cover
448
coveredNum
(1 : 182)  (2 : 157)  (3 : 63)  (4 : 24)  (5 : 11)  (6 : 10)  (8 : 1)  
real Identify
([ - , 0 , - , - , - , 0 , - , - ] : 1)  
testCase Num: 40
regaular Num: 40
identify Num: 0
0 0 0 0 0 3 0 3 
0 2 2 2 2 0 3 1 
0 1 3 1 1 0 3 3 
0 0 0 0 0 2 0 0 
0 0 0 0 0 0 0 0 
2 0 1 3 1 0 1 3 
1 2 0 0 2 1 1 0 
1 0 1 1 0 2 1 1 
3 1 3 0 2 3 2 3 
2 1 0 0 2 0 0 0 
1 0 3 3 3 3 3 1 
3 3 0 1 3 0 2 0 
0 3 1 0 3 2 1 2 
1 0 0 3 1 1 2 0 
2 2 1 0 1 1 3 0 
0 1 0 1 1 1 0 0 
0 0 1 0 0 2 0 1 
2 0 2 1 1 2 2 2 
3 0 1 0 2 3 0 2 
3 0 1 2 1 1 2 1 
3 2 0 3 0 2 3 2 
0 2 3 1 2 2 0 3 
1 2 1 2 3 2 0 3 
0 1 2 3 1 3 0 0 
0 3 0 0 2 0 3 1 
0 2 0 1 0 3 2 3 
0 0 0 0 1 1 0 0 
1 1 0 2 1 0 0 2 
3 0 2 0 0 2 1 0 
2 0 1 3 2 0 1 3 
1 0 0 3 1 0 2 0 
2 1 1 3 1 0 1 3 
2 1 0 0 3 2 0 1 
1 1 1 1 0 1 1 1 
1 0 0 3 0 0 2 0 
1 1 1 1 0 2 1 1 
1 3 2 3 3 1 0 3 
2 3 3 2 0 3 1 0 
2 0 0 0 2 0 0 0 
0 3 3 0 1 1 1 2 
MFS
[ - , 0 , 3 , - , - , - , - , 0 ]
[ 0 , 0 , 0 , - , - , 1 , - , 0 ]
[ - , 0 , 0 , - , - , 2 , - , - ]
[ - , 0 , 1 , - , - , - , - , 0 ]
[ - , 0 , - , - , - , 0 , - , - ]
[ - , 1 , - , - , 0 , - , - , - ]
[ - , - , - , 3 , 2 , - , - , - ]
[ - , 0 , - , - , - , 3 , - , 0 ]
[ - , - , - , - , 0 , 0 , - , - ]
[ 0 , 0 , - , - , - , 2 , - , 0 ]
[ - , - , - , - , 0 , 1 , - , - ]
[ - , 0 , 0 , - , - , 0 , - , 0 ]
[ - , 0 , - , - , - , - , - , 3 ]
[ - , 0 , 0 , - , - , 2 , - , 0 ]
[ - , 0 , - , - , - , 0 , - , 0 ]
[ - , 0 , 0 , - , - , 3 , - , 0 ]
precise
0.0625
recall
0.1111111111111111
F-measure
0.08
multi
1
time
all 116 iden 0 gen 116
t-cover
443
all-cover
448
coveredNum
(1 : 212)  (2 : 134)  (3 : 75)  (4 : 22)  (5 : 5)  
real Identify
([ - , 0 , - , - , - , 0 , - , - ] : 1)  
testCase Num: 40
regaular Num: 40
identify Num: 0
0 0 0 0 0 0 0 0 
0 1 3 2 0 0 0 0 
3 1 0 0 1 0 3 1 
0 3 2 3 1 0 1 3 
2 2 1 0 0 2 3 3 
3 0 2 0 1 0 3 1 
2 1 0 3 0 3 0 3 
1 0 1 1 3 1 1 3 
1 2 0 2 1 2 0 1 
0 3 3 2 0 0 0 0 
2 2 1 3 2 0 0 2 
0 0 0 0 1 0 2 0 
1 3 0 2 3 3 3 2 
3 2 3 3 3 2 2 0 
0 0 3 2 0 0 0 0 
1 1 1 0 1 0 2 0 
1 2 2 0 2 3 1 0 
0 1 3 1 2 0 3 1 
0 2 1 2 0 3 1 1 
0 2 0 1 0 1 0 3 
3 1 2 1 0 3 0 2 
2 3 0 1 3 2 0 0 
2 0 2 2 2 1 2 1 
1 0 3 3 0 1 3 0 
0 0 2 0 0 1 3 0 
0 0 2 0 3 2 0 2 
1 1 1 1 1 1 1 0 
3 1 0 2 2 2 1 3 
0 2 3 2 0 0 0 0 
1 2 3 2 0 0 0 0 
1 0 1 1 3 0 2 3 
0 1 0 0 3 1 2 2 
0 1 0 0 3 0 0 1 
3 0 0 0 0 1 0 0 
0 0 0 0 3 0 1 1 
0 0 0 1 1 2 2 0 
0 3 3 2 1 0 0 0 
2 0 3 0 1 3 1 2 
0 3 3 0 0 3 2 3 
3 3 1 3 2 1 0 1 
MFS
[ - , 0 , - , - , - , 0 , - , - ]
[ - , 1 , - , 2 , - , 0 , - , - ]
[ - , 2 , 0 , - , - , 0 , - , - ]
[ - , 0 , - , - , 3 , 0 , - , - ]
[ - , - , - , - , 1 , 1 , - , - ]
[ 0 , 2 , - , - , - , 0 , - , - ]
[ - , - , - , - , 0 , 0 , - , - ]
[ - , 2 , 2 , - , - , 0 , - , - ]
[ - , 2 , 3 , - , - , 0 , - , - ]
[ - , 3 , - , - , 3 , 0 , - , - ]
[ - , 0 , - , - , 1 , 0 , - , - ]
[ - , 2 , - , - , 3 , 0 , - , - ]
precise
0.08333333333333333
recall
0.1111111111111111
F-measure
0.09523809523809525
multi
4
time
all 116 iden 0 gen 100
t-cover
446
all-cover
448
coveredNum
(1 : 199)  (2 : 158)  (3 : 69)  (4 : 18)  (5 : 3)  (6 : 1)  
real Identify
([ - , 0 , - , - , - , 0 , - , - ] : 1)  
testCase Num: 53
regaular Num: 53
identify Num: 0
2 3 3 0 3 2 1 1 
1 0 2 3 3 0 2 1 
0 0 0 0 0 0 0 0 
2 0 1 3 1 1 1 2 
1 0 0 0 0 2 0 0 
2 1 0 0 0 0 1 2 
0 0 0 3 0 0 1 0 
1 0 1 1 1 1 1 1 
1 1 2 2 0 3 1 0 
3 2 2 0 2 3 1 2 
0 3 2 0 0 0 0 0 
2 3 0 3 0 0 0 0 
1 3 0 3 3 3 3 3 
2 0 1 0 0 0 0 0 
1 2 1 0 0 1 0 0 
1 2 0 0 2 1 2 0 
0 3 1 2 0 1 0 2 
0 1 0 0 0 2 0 0 
3 3 0 1 1 2 0 2 
3 1 1 0 3 0 3 0 
3 3 3 1 0 1 2 0 
2 2 1 3 0 2 3 0 
2 0 0 3 1 0 1 2 
0 0 0 1 0 0 1 3 
2 0 0 0 0 1 0 0 
1 0 0 1 0 0 3 3 
0 0 0 0 1 2 3 0 
3 0 3 2 2 3 3 3 
1 1 1 0 0 0 0 0 
2 0 2 3 1 0 2 2 
0 2 0 1 2 1 1 3 
1 0 0 0 0 2 2 3 
2 1 0 2 2 2 2 1 
0 3 0 3 3 3 0 3 
1 2 3 2 1 0 0 2 
2 1 0 0 0 0 0 0 
0 0 0 0 3 0 2 0 
0 1 3 3 0 1 0 1 
2 2 0 0 0 0 0 0 
0 0 0 0 0 0 3 1 
0 1 2 1 3 1 3 2 
2 3 2 0 1 1 3 1 
1 1 2 3 3 0 2 3 
0 1 1 0 1 3 2 3 
1 2 1 0 0 0 0 0 
0 1 0 0 0 0 2 2 
2 2 2 1 3 3 0 1 
0 1 1 1 1 0 1 0 
2 0 2 2 3 2 0 3 
2 2 0 2 0 0 0 0 
1 0 0 1 0 3 3 1 
3 3 1 3 2 0 0 1 
2 3 0 0 0 0 0 0 
MFS
[ - , 3 , - , 0 , - , 0 , - , - ]
[ - , 0 , - , - , 3 , 0 , - , - ]
[ 0 , 3 , - , - , - , 0 , - , - ]
[ 2 , 0 , - , - , - , - , 2 , - ]
[ - , 3 , - , - , 3 , 0 , - , - ]
[ 1 , 3 , - , - , - , 3 , - , - ]
[ - , 2 , - , - , 3 , 0 , - , - ]
[ 1 , 1 , 1 , - , - , - , - , - ]
[ - , 3 , - , - , 0 , 0 , - , - ]
[ - , 2 , - , - , 0 , 0 , - , - ]
[ 0 , 0 , - , - , - , - , - , - ]
[ - , 2 , - , 3 , - , 0 , - , - ]
[ - , 2 , - , 1 , - , 0 , - , - ]
[ - , 3 , - , 1 , - , 0 , - , - ]
[ - , - , - , - , 0 , 0 , - , 0 ]
[ - , - , - , - , 0 , 0 , - , 1 ]
[ - , - , - , - , 0 , 0 , - , 3 ]
[ 1 , - , - , - , 1 , 1 , - , - ]
[ 2 , - , - , - , 1 , 0 , - , - ]
[ - , 2 , 1 , - , - , 0 , - , - ]
[ 0 , 3 , 2 , - , - , - , - , - ]
[ 1 , 0 , - , - , - , 1 , - , - ]
[ 0 , 0 , - , - , - , 2 , - , - ]
[ - , 2 , - , - , 2 , 0 , - , - ]
[ 1 , 0 , 1 , - , - , - , - , - ]
[ - , 0 , - , - , - , 0 , - , - ]
[ - , 3 , - , - , 1 , 0 , - , - ]
[ 1 , 3 , - , - , - , - , - , - ]
[ - , 2 , - , 0 , - , 0 , - , - ]
[ - , 3 , - , 2 , - , 0 , - , - ]
[ - , 0 , - , - , - , 2 , 3 , - ]
[ - , 1 , - , - , - , 0 , 0 , - ]
precise
0.03125
recall
0.1111111111111111
F-measure
0.04878048780487805
multi
4
time
all 184 iden 15 gen 166
t-cover
446
all-cover
448
coveredNum
(1 : 175)  (2 : 160)  (3 : 62)  (4 : 28)  (5 : 14)  (6 : 3)  (7 : 2)  (8 : 4)  
real Identify
([ - , 0 , - , - , - , 0 , - , - ] : 1)  
