testCase Num: 181
regaular Num: 34
identify Num: 148
3 3 3 3 3 3 3 0 0 0 0 0 0 0 0 0 
0 0 2 0 0 0 0 0 3 1 1 1 1 1 1 1 
1 1 1 1 0 0 0 0 0 0 0 0 0 0 0 0 
1 1 2 2 1 3 0 0 0 0 0 0 0 0 0 0 
1 0 0 3 1 2 0 1 1 1 3 3 0 3 3 2 
0 0 0 0 1 1 0 0 3 1 1 1 1 1 1 1 
3 0 1 0 3 3 0 2 1 3 2 0 2 1 3 1 
1 0 0 0 0 0 1 0 0 1 0 0 0 0 0 0 
2 1 1 0 2 0 3 1 1 0 0 2 1 2 3 3 
1 1 1 1 1 3 2 3 3 1 2 2 3 2 2 1 
1 1 1 1 1 1 1 1 1 1 1 1 1 1 1 0 
1 0 0 0 1 3 0 2 2 2 0 3 1 0 0 2 
0 1 1 0 1 1 1 0 1 0 0 0 0 0 0 0 
1 3 2 0 1 2 1 0 3 3 0 2 1 2 3 3 
2 1 0 0 1 2 1 0 3 3 0 2 1 2 3 3 
2 1 0 0 3 0 3 1 0 0 3 1 3 2 3 3 
2 2 0 0 0 0 0 0 0 0 0 0 0 0 0 0 
3 3 3 3 3 3 3 3 3 3 3 3 3 3 3 0 
0 1 1 0 1 1 1 1 1 1 1 0 0 0 0 0 
0 1 2 2 0 2 0 3 2 0 0 3 2 2 0 0 
0 1 0 0 0 0 0 0 1 0 0 0 0 0 0 0 
2 2 3 3 1 3 1 3 0 0 0 1 0 0 0 0 
1 1 1 1 1 1 1 1 1 1 1 1 1 1 0 0 
1 1 1 1 1 1 1 1 0 1 1 1 1 1 0 0 
1 1 1 1 1 1 1 1 1 0 0 0 0 0 0 0 
0 3 2 2 1 0 1 0 2 2 0 0 2 2 2 3 
2 1 0 2 1 2 1 0 3 3 0 2 1 2 3 3 
2 1 1 0 3 0 3 1 1 0 2 1 3 1 3 3 
2 1 1 0 2 0 3 1 3 3 0 2 1 2 3 3 
2 1 1 0 2 0 3 1 1 3 0 2 1 2 3 3 
2 0 0 0 0 0 0 0 3 1 1 1 1 1 1 1 
3 3 3 3 0 0 0 0 0 0 0 0 0 0 0 0 
1 1 2 2 1 3 2 3 0 0 0 0 0 0 0 0 
2 0 0 0 0 0 0 0 0 0 0 0 0 0 0 0 
3 3 3 3 3 0 0 0 0 0 0 0 0 0 0 0 
2 3 1 0 0 0 0 0 0 0 0 0 0 0 0 0 
2 2 3 3 1 3 1 3 0 0 0 0 1 0 0 0 
0 3 0 3 1 2 0 1 1 1 3 3 0 3 3 2 
1 0 0 0 0 0 0 0 0 0 0 0 0 3 0 1 
3 1 3 1 2 2 0 0 0 0 0 0 0 0 0 0 
1 0 0 0 1 1 0 0 0 0 0 1 0 0 0 0 
2 2 2 2 2 2 2 2 2 2 2 0 0 0 0 0 
1 2 1 3 3 1 2 0 0 0 0 0 0 0 0 0 
2 2 2 2 2 2 2 0 0 0 0 0 0 0 0 0 
1 0 2 0 0 3 0 1 0 0 0 2 3 3 1 0 
1 1 1 1 1 1 1 1 1 1 1 1 0 0 0 0 
1 1 1 1 1 1 1 1 0 1 1 1 1 1 1 0 
1 0 0 0 0 0 2 0 0 0 2 3 0 0 2 0 
1 1 1 1 1 1 1 1 0 1 1 1 1 1 1 1 
1 0 0 0 2 0 0 0 3 0 0 0 0 0 0 0 
1 3 0 0 0 0 0 0 0 0 0 0 0 0 0 0 
2 1 1 0 2 0 3 1 1 0 3 1 3 1 0 3 
0 1 1 0 1 1 1 1 1 1 1 1 1 1 1 0 
0 3 2 1 0 2 0 1 1 1 3 3 0 3 3 2 
3 3 3 3 3 3 3 3 3 3 0 0 0 0 0 0 
3 1 2 0 1 2 1 0 3 3 0 2 1 2 3 3 
0 0 0 3 1 2 0 1 1 1 3 3 0 3 3 2 
0 3 2 1 1 0 3 1 1 1 3 3 0 3 3 2 
0 3 2 1 1 0 0 1 1 1 3 3 0 3 3 2 
2 1 1 0 2 0 3 1 1 0 3 2 1 2 3 3 
2 2 2 2 2 0 0 0 0 0 0 0 0 0 0 0 
3 3 3 3 3 3 3 3 3 3 3 3 3 3 0 0 
2 2 2 2 2 2 2 2 2 2 2 2 2 0 0 0 
2 2 3 3 3 1 2 0 3 0 3 3 2 3 0 2 
1 1 1 1 1 1 1 1 0 1 1 1 1 0 0 0 
3 1 1 2 3 2 1 2 0 2 3 3 3 3 3 2 
0 3 2 1 1 1 3 0 3 2 3 3 0 3 3 2 
1 0 0 1 0 0 0 0 1 0 0 0 0 0 0 0 
0 3 2 1 1 1 3 0 3 1 3 3 0 3 3 2 
0 3 0 0 0 0 0 0 3 1 1 1 1 1 1 1 
1 0 0 0 3 0 0 0 0 0 0 1 0 0 0 0 
1 0 0 0 0 0 0 0 1 0 0 0 0 0 0 0 
2 1 1 0 2 0 3 0 3 3 0 2 1 2 3 3 
2 2 2 2 2 2 2 2 0 0 0 0 0 0 0 0 
1 1 1 1 1 1 1 0 0 0 0 0 0 0 0 0 
0 1 1 0 1 1 1 1 1 1 0 0 0 0 0 0 
0 1 1 0 1 1 1 1 1 1 1 1 1 1 0 0 
0 1 1 0 1 1 1 1 1 1 1 1 1 0 0 0 
2 3 1 2 0 3 1 0 1 0 2 1 3 1 0 3 
1 1 1 1 1 1 1 1 0 1 1 0 0 0 0 0 
1 1 1 0 3 0 3 1 0 1 3 0 2 3 2 1 
0 1 0 3 0 0 3 1 0 0 3 1 0 2 2 0 
1 1 1 1 1 0 0 0 0 0 0 0 0 0 0 0 
3 3 3 0 0 0 0 0 0 0 0 0 0 0 0 0 
2 2 3 3 1 3 1 3 0 0 0 0 0 0 1 0 
3 0 3 0 0 3 2 1 0 2 2 1 1 3 1 0 
2 2 2 0 0 0 0 0 0 0 0 0 0 0 0 0 
1 1 1 1 2 1 1 1 2 3 1 1 2 1 1 3 
0 3 2 1 1 0 1 0 2 2 2 2 0 3 3 2 
0 0 0 0 0 0 0 0 0 0 0 0 0 0 0 0 
0 1 1 0 1 1 0 0 1 0 0 0 0 0 0 0 
3 3 3 3 3 3 3 3 3 3 3 0 0 0 0 0 
1 1 1 0 0 0 0 0 0 0 0 0 0 0 0 0 
0 1 1 0 1 1 1 1 1 1 1 1 1 1 1 1 
3 2 1 0 0 0 0 0 0 0 0 0 0 0 0 0 
0 1 3 1 0 2 2 1 2 3 3 2 0 1 2 1 
0 3 3 2 1 0 3 2 3 3 2 2 3 0 0 0 
3 3 3 3 3 3 0 0 0 0 0 0 0 0 0 0 
0 3 2 1 1 0 3 0 1 1 3 3 0 3 3 2 
2 3 3 2 0 0 0 0 3 1 1 1 1 1 1 1 
0 0 0 0 0 0 0 0 1 0 0 0 0 0 0 0 
2 1 2 0 1 2 1 0 3 3 0 2 1 2 3 3 
0 0 0 2 0 0 0 0 3 1 1 1 1 1 1 1 
1 2 3 2 0 0 3 2 1 0 1 2 3 2 2 0 
1 2 1 3 2 2 1 3 0 0 0 0 0 0 0 0 
2 2 3 3 1 3 1 3 0 0 0 0 0 0 0 1 
2 2 2 2 2 2 2 2 2 2 2 2 2 2 2 0 
1 1 1 1 1 1 1 1 1 1 0 0 0 0 0 0 
1 1 1 1 1 1 1 1 0 1 0 0 0 0 0 0 
0 3 2 1 1 2 0 1 1 1 3 3 0 3 3 2 
3 0 0 2 2 2 3 0 0 0 1 0 0 3 3 3 
2 2 2 2 0 0 0 0 0 0 0 0 0 0 0 0 
0 3 2 3 1 2 0 1 1 1 3 3 0 3 3 2 
1 1 0 0 2 1 0 2 0 2 2 0 3 0 0 1 
2 2 2 3 2 2 3 2 0 2 2 2 2 2 2 2 
1 3 3 1 2 2 3 1 0 0 0 0 0 0 0 0 
2 2 3 3 1 3 1 3 0 0 1 0 0 0 0 0 
0 0 0 0 3 1 3 2 2 1 2 2 1 2 2 3 
2 1 3 1 3 2 1 0 0 0 0 0 0 0 0 0 
2 2 2 2 2 2 2 2 2 0 0 0 0 0 0 0 
2 1 0 0 3 0 2 3 1 2 1 3 3 1 1 2 
1 0 0 3 0 2 0 1 1 1 3 3 0 3 3 2 
2 2 2 2 2 2 2 2 2 2 0 0 0 0 0 0 
1 0 0 0 0 0 0 0 0 0 0 0 0 1 0 2 
1 0 0 0 0 0 0 0 0 0 0 1 0 0 3 0 
3 3 3 3 3 3 3 3 3 3 3 3 0 0 0 0 
2 3 3 3 1 3 3 3 0 3 0 0 0 0 0 0 
0 3 3 2 1 0 1 0 2 2 0 2 2 2 2 2 
3 3 2 2 3 1 2 1 1 0 0 0 0 0 0 0 
0 1 1 0 0 0 0 0 1 0 0 0 0 0 0 0 
2 3 1 1 2 0 0 0 0 0 0 0 0 0 0 0 
2 2 2 2 2 2 2 2 2 2 2 2 2 2 0 0 
3 3 3 3 3 3 3 3 3 3 3 3 3 0 0 0 
0 3 2 1 1 0 1 0 2 2 0 2 2 0 3 2 
0 2 3 0 2 3 2 3 2 3 3 3 3 3 3 3 
3 0 0 0 0 0 0 0 0 0 0 0 0 0 0 0 
2 1 0 0 0 2 1 0 3 3 0 2 1 2 3 3 
1 3 2 1 0 0 0 0 0 0 0 0 0 0 0 0 
1 1 1 1 1 1 0 0 0 0 0 0 0 0 0 0 
3 2 0 1 2 1 0 2 0 1 0 2 3 0 0 0 
0 1 1 0 1 1 1 1 1 1 1 1 0 0 0 0 
3 3 0 3 2 0 0 0 2 2 2 0 2 0 2 3 
0 3 0 1 3 2 2 2 3 2 1 1 0 2 1 2 
1 1 0 0 0 0 0 0 0 0 0 0 0 0 0 0 
0 3 2 1 1 0 1 0 2 2 2 3 0 3 3 2 
0 1 1 0 1 1 1 1 1 0 0 0 0 0 0 0 
2 1 3 1 0 0 0 0 0 0 0 0 0 0 0 0 
2 2 3 3 1 3 1 3 0 0 0 0 0 1 0 0 
3 3 3 3 3 3 3 3 0 0 0 0 0 0 0 0 
0 3 3 0 1 2 2 2 2 2 2 2 1 1 1 2 
0 1 1 1 0 0 0 0 1 0 0 0 0 0 0 0 
1 0 0 0 0 0 0 0 0 0 0 0 0 0 0 0 
2 0 0 1 0 2 0 0 2 0 0 0 0 0 0 0 
2 2 1 0 1 0 3 1 3 1 3 0 2 0 3 0 
1 1 1 1 1 1 1 1 1 1 1 0 0 0 0 0 
0 1 1 0 1 0 0 0 1 0 0 0 0 0 0 0 
0 1 1 0 3 3 3 1 3 3 2 1 2 2 2 3 
2 1 1 0 2 0 3 1 1 0 3 1 1 2 3 3 
3 3 0 0 0 0 0 0 0 0 0 0 0 0 0 0 
0 0 0 0 1 1 1 0 3 1 1 1 1 1 1 1 
1 2 0 0 0 0 0 0 0 0 0 0 0 0 0 0 
0 3 2 1 1 0 1 0 2 2 2 0 2 3 3 2 
1 0 0 0 0 0 0 0 0 0 1 3 0 0 0 0 
1 1 1 1 1 1 1 1 0 0 0 0 0 0 0 0 
0 2 3 1 1 1 3 0 0 2 2 0 3 1 1 1 
3 0 1 1 2 1 3 3 1 2 3 3 1 1 1 1 
0 0 0 0 1 0 0 0 3 1 1 1 1 1 1 1 
1 1 1 1 1 1 1 1 1 1 1 1 1 0 0 0 
3 3 3 3 3 3 3 3 3 0 0 0 0 0 0 0 
2 2 2 2 2 2 2 2 2 2 2 2 0 0 0 0 
3 2 2 1 1 0 0 0 0 0 0 0 0 0 0 0 
1 1 1 1 1 1 1 1 0 1 1 1 0 0 0 0 
2 1 0 0 0 0 1 0 3 3 0 2 1 2 3 3 
0 0 0 0 1 2 1 1 3 1 1 1 1 1 1 1 
3 3 2 2 1 2 1 0 3 3 0 2 1 2 3 3 
2 1 3 1 3 3 1 2 0 0 0 0 0 0 0 0 
0 0 0 3 3 0 1 3 0 3 0 0 3 3 2 2 
0 0 0 1 0 1 0 0 0 0 0 0 0 2 3 0 
0 0 0 0 0 0 0 0 3 1 1 1 1 1 1 1 
0 0 1 3 0 0 0 0 0 0 0 0 0 0 0 1 
2 2 2 2 2 2 0 0 0 0 0 0 0 0 0 0 
MFS
[ 0 , - , - , - , 1 , - , - , - , - , - , - , - , - , - , - , - ]
[ 0 , - , - , 0 , - , - , - , - , - , - , - , - , - , - , - , - ]
[ - , 1 , - , 0 , - , - , - , - , - , - , - , - , - , - , - , - ]
[ - , - , - , - , - , - , - , - , 0 , 0 , 0 , 0 , 0 , 0 , 0 , 0 ]
precise
0.5
recall
1.0
F-measure
0.6666666666666666
multi
0
time
all 13557 iden 12436 gen 863
t-cover
1920
all-cover
1920
coveredNum
(1 : 474)  (2 : 475)  (3 : 329)  (4 : 197)  (5 : 98)  (6 : 81)  (7 : 60)  (8 : 54)  (9 : 25)  (10 : 10)  (11 : 9)  (12 : 6)  (13 : 8)  (14 : 16)  (15 : 13)  (16 : 7)  (17 : 11)  (18 : 6)  (19 : 11)  (20 : 5)  (21 : 8)  (22 : 7)  (23 : 5)  (24 : 3)  (25 : 1)  (26 : 1)  
real Identify
([ 0 , - , - , - , 1 , - , - , - , - , - , - , - , - , - , - , - ] : 1)  ([ - , 1 , - , 0 , - , - , - , - , - , - , - , - , - , - , - , - ] : 1)  
wrong Checked
4
wrong identified
2
testCase Num: 175
regaular Num: 28
identify Num: 148
0 0 2 0 0 0 0 0 2 1 1 1 1 1 1 1 
0 0 1 2 1 3 1 1 0 3 3 1 0 2 1 2 
3 3 3 3 3 3 3 0 0 0 0 0 0 0 0 0 
1 3 1 1 1 0 3 1 2 1 2 2 1 2 3 2 
0 3 0 1 0 0 1 0 2 0 0 3 3 0 0 0 
1 1 1 1 0 0 0 0 0 0 0 0 0 0 0 0 
0 1 0 2 1 3 1 1 0 0 3 0 1 1 3 3 
0 0 0 0 1 1 0 0 2 1 1 1 1 1 1 1 
0 1 0 2 1 3 2 1 0 0 1 0 1 1 3 3 
2 1 2 1 3 2 3 1 0 0 0 0 0 0 0 0 
0 0 0 1 0 0 3 0 0 0 0 0 0 1 2 0 
3 1 2 0 0 2 3 2 3 1 0 2 0 2 2 1 
1 1 1 1 1 1 1 1 1 1 1 1 1 1 1 0 
0 1 1 0 1 1 1 0 1 0 0 0 0 0 0 0 
2 2 0 0 0 0 0 0 0 0 0 0 0 0 0 0 
3 3 3 3 3 3 3 3 3 3 3 3 3 3 3 0 
0 1 1 0 1 1 1 1 1 1 1 0 0 0 0 0 
0 1 0 0 0 0 0 0 1 0 0 0 0 0 0 0 
1 1 1 1 1 1 1 1 1 1 1 1 1 1 0 0 
1 1 1 1 1 1 1 1 0 1 1 1 1 1 0 0 
3 1 0 0 2 1 2 1 2 2 2 1 3 3 2 1 
1 1 1 1 1 1 1 1 1 0 0 0 0 0 0 0 
2 0 0 0 0 0 0 0 2 1 1 1 1 1 1 1 
3 3 3 3 0 0 0 0 0 0 0 0 0 0 0 0 
2 3 3 2 1 1 2 3 0 0 0 0 0 0 1 0 
3 2 0 1 0 3 0 2 2 3 1 2 3 2 1 1 
2 0 0 0 0 0 0 0 0 0 0 0 0 0 0 0 
3 3 3 3 3 0 0 0 0 0 0 0 0 0 0 0 
2 3 1 0 0 0 0 0 0 0 0 0 0 0 0 0 
3 0 1 0 3 3 1 0 0 0 3 2 0 1 1 2 
2 2 2 2 2 2 2 2 2 2 2 0 0 0 0 0 
0 0 0 0 1 0 0 0 2 1 1 1 1 1 1 1 
2 2 2 2 2 2 2 0 0 0 0 0 0 0 0 0 
1 1 1 1 1 1 1 1 1 1 1 1 0 0 0 0 
1 1 1 1 1 1 1 1 0 1 1 1 1 1 1 0 
1 1 1 1 1 1 1 1 0 1 1 1 1 1 1 1 
0 2 2 3 1 0 0 2 3 2 1 0 1 1 3 3 
2 1 3 2 1 1 2 3 0 0 0 0 0 0 0 0 
1 3 0 0 0 0 0 0 0 0 0 0 0 0 0 0 
1 3 2 3 1 1 3 2 0 0 0 0 0 0 0 0 
0 1 1 0 3 1 3 1 2 3 2 2 2 2 3 3 
0 0 1 2 1 3 2 2 3 2 1 0 1 1 3 3 
3 1 0 0 0 3 3 2 2 2 2 1 3 3 2 1 
3 1 1 3 1 3 2 2 0 1 3 3 3 3 2 3 
3 1 0 0 0 3 3 2 3 1 0 2 3 3 2 1 
2 3 3 2 1 1 2 3 0 0 0 0 0 1 0 0 
0 1 1 0 1 1 1 1 1 1 1 1 1 1 1 0 
3 3 3 3 3 3 3 3 3 3 0 0 0 0 0 0 
2 2 2 2 2 0 0 0 0 0 0 0 0 0 0 0 
1 1 1 1 2 2 1 1 3 2 1 1 2 1 1 1 
3 3 3 3 3 3 3 3 3 3 3 3 3 3 0 0 
2 2 2 2 2 2 2 2 2 2 2 2 2 0 0 0 
0 1 0 2 1 3 2 1 2 2 1 0 1 1 3 3 
1 1 1 1 1 1 1 1 0 1 1 1 1 0 0 0 
0 3 0 1 1 3 1 0 2 0 0 2 3 3 1 2 
2 1 0 0 0 3 3 3 3 1 0 0 0 2 0 2 
1 0 0 1 0 0 0 0 1 0 0 0 0 0 0 0 
1 0 0 0 0 0 0 0 1 0 0 0 0 0 0 0 
1 0 0 0 0 0 2 0 0 0 0 2 1 3 1 0 
0 1 0 3 1 0 0 2 3 2 1 0 1 1 3 3 
2 2 2 2 2 2 2 2 0 0 0 0 0 0 0 0 
1 1 1 1 1 1 1 0 0 0 0 0 0 0 0 0 
0 1 1 0 1 1 1 1 1 1 0 0 0 0 0 0 
0 0 0 2 1 3 1 1 0 3 2 1 3 3 1 3 
0 1 1 0 1 1 1 1 1 1 1 1 1 1 0 0 
0 1 1 0 1 1 1 1 1 1 1 1 1 0 0 0 
1 1 1 1 1 1 1 1 0 1 1 0 0 0 0 0 
1 2 3 2 0 0 1 3 2 0 3 0 2 3 2 3 
1 0 0 0 3 3 2 0 3 1 0 1 0 2 2 0 
1 1 1 1 1 0 0 0 0 0 0 0 0 0 0 0 
3 3 3 0 0 0 0 0 0 0 0 0 0 0 0 0 
3 1 0 0 0 3 2 1 2 2 2 1 3 3 2 1 
3 1 2 2 3 1 2 0 0 0 0 0 0 0 0 0 
2 3 2 2 1 1 3 3 0 0 0 0 0 0 0 1 
2 2 2 0 0 0 0 0 0 0 0 0 0 0 0 0 
1 3 3 1 2 3 1 1 0 0 0 0 0 0 0 0 
0 0 0 0 0 0 0 0 0 0 0 0 0 0 0 0 
0 2 0 0 0 0 0 0 2 1 1 1 1 1 1 1 
1 1 2 1 3 3 0 1 1 3 1 3 1 3 2 1 
0 1 1 0 1 1 0 0 1 0 0 0 0 0 0 0 
2 1 2 3 0 0 0 0 0 0 0 0 0 0 0 0 
3 1 0 0 3 1 2 1 2 2 2 1 3 3 2 1 
0 0 2 3 1 0 0 2 3 2 1 0 1 1 3 3 
3 3 3 3 3 3 3 3 3 3 3 0 0 0 0 0 
1 1 1 0 0 0 0 0 0 0 0 0 0 0 0 0 
0 1 1 0 1 1 1 1 1 1 1 1 1 1 1 1 
0 0 0 1 0 0 2 3 1 0 1 1 2 0 0 2 
3 3 3 3 3 3 0 0 0 0 0 0 0 0 0 0 
3 1 1 0 3 1 2 1 2 2 2 1 3 3 2 1 
1 1 2 3 3 2 0 0 0 0 0 0 0 0 0 0 
0 0 0 0 0 0 0 0 1 0 0 0 0 0 0 0 
2 3 3 2 0 0 0 0 2 1 1 1 1 1 1 1 
0 0 0 2 0 0 0 0 2 1 1 1 1 1 1 1 
2 2 2 2 2 2 2 2 2 2 2 2 2 2 2 0 
2 3 2 2 1 1 3 3 0 0 0 0 1 0 0 0 
1 1 1 1 1 1 1 1 1 1 0 0 0 0 0 0 
1 1 1 1 1 1 1 1 0 1 0 0 0 0 0 0 
2 2 2 2 2 3 2 2 0 2 2 2 2 2 2 2 
0 1 0 2 1 3 1 1 0 0 3 1 1 1 3 3 
2 2 2 2 0 0 0 0 0 0 0 0 0 0 0 0 
3 1 1 2 0 0 0 0 0 0 0 0 0 0 0 0 
1 2 3 2 1 1 0 0 0 0 0 0 0 0 0 0 
0 1 0 2 0 3 3 1 1 3 0 0 3 2 0 2 
0 0 0 2 1 3 1 1 0 0 2 1 3 3 3 3 
2 1 3 3 2 2 0 3 3 0 2 2 3 2 0 0 
1 2 2 3 1 0 0 2 3 2 1 0 1 1 3 3 
2 2 2 2 2 2 2 2 2 0 0 0 0 0 0 0 
2 3 3 2 3 3 3 3 0 2 0 0 0 0 0 0 
0 3 3 0 2 2 3 3 3 3 3 3 3 3 3 2 
2 2 2 2 2 2 2 2 2 2 0 0 0 0 0 0 
3 3 3 3 3 3 3 3 3 3 3 3 0 0 0 0 
0 1 1 0 0 0 0 0 1 0 0 0 0 0 0 0 
2 2 2 2 2 2 2 2 2 2 2 2 2 2 0 0 
3 3 3 3 3 3 3 3 3 3 3 3 3 0 0 0 
0 3 0 3 2 2 0 3 0 1 0 0 2 0 2 0 
2 3 3 2 1 1 3 2 0 0 0 1 0 0 0 0 
3 0 0 0 0 0 0 0 0 0 0 0 0 0 0 0 
0 0 0 0 1 1 2 0 2 1 1 1 1 1 1 1 
0 0 2 1 0 2 3 1 0 0 0 2 1 0 0 3 
1 2 2 3 3 0 0 2 3 2 1 0 1 1 3 3 
1 1 1 1 1 1 0 0 0 0 0 0 0 0 0 0 
0 1 0 2 3 0 0 2 3 2 1 0 1 1 3 3 
0 1 1 0 1 1 1 1 1 1 1 1 0 0 0 0 
0 0 0 0 0 0 0 0 2 1 1 1 1 1 1 1 
2 3 3 2 1 1 3 3 0 0 1 0 0 0 0 0 
2 1 2 0 1 0 1 0 0 3 3 0 1 2 0 0 
1 1 0 0 0 0 0 0 0 0 0 0 0 0 0 0 
3 1 0 0 0 3 3 1 2 2 2 1 3 3 2 1 
3 1 0 0 0 2 3 2 3 1 2 1 3 3 2 1 
3 1 2 0 0 2 3 2 3 1 3 0 0 2 1 1 
2 0 1 0 1 0 1 3 0 3 2 3 0 1 1 0 
3 2 1 3 3 2 1 1 2 0 0 0 0 0 0 0 
1 2 1 2 3 1 2 1 2 2 2 1 3 3 2 1 
1 1 2 2 3 0 0 0 0 0 0 0 0 0 0 0 
0 1 1 0 1 1 1 1 1 0 0 0 0 0 0 0 
3 3 3 3 3 3 3 3 0 0 0 0 0 0 0 0 
3 1 0 0 0 3 3 2 3 1 0 1 3 3 2 1 
3 3 2 2 1 0 0 0 0 0 0 0 0 0 0 0 
0 1 0 2 3 1 2 1 2 2 2 1 3 3 2 1 
0 1 0 1 1 1 2 1 2 3 2 1 3 3 2 0 
3 3 2 3 2 0 3 3 1 3 0 1 3 1 1 3 
0 1 1 1 0 0 0 0 1 0 0 0 0 0 0 0 
0 1 0 2 1 3 2 1 3 2 1 0 1 1 3 3 
1 0 0 0 0 0 0 0 0 0 0 0 0 0 0 0 
1 0 0 0 0 2 0 2 0 0 0 0 0 0 1 0 
1 1 1 1 1 1 1 1 1 1 1 0 0 0 0 0 
0 1 1 0 1 0 0 0 1 0 0 0 0 0 0 0 
0 0 0 0 3 1 1 2 1 3 2 2 2 2 3 3 
3 3 0 0 0 0 0 0 0 0 0 0 0 0 0 0 
3 1 2 0 0 0 0 0 0 0 0 0 0 0 0 0 
0 1 0 2 1 3 2 1 2 3 2 1 3 1 3 3 
1 2 0 0 0 0 0 0 0 0 0 0 0 0 0 0 
1 1 1 0 3 1 2 1 2 2 2 1 3 3 2 1 
3 2 1 0 3 1 2 1 2 2 2 1 3 3 2 1 
2 0 3 1 2 1 1 1 1 1 3 3 0 3 0 0 
0 0 1 2 1 3 0 2 3 2 1 0 1 1 3 3 
2 1 0 0 2 2 0 0 0 1 0 2 2 0 0 0 
1 1 1 1 1 1 1 1 0 0 0 0 0 0 0 0 
2 3 1 1 3 2 1 0 0 0 0 0 0 0 0 0 
1 1 1 1 1 1 1 1 1 1 1 1 1 0 0 0 
0 1 2 0 3 2 1 2 3 2 1 3 1 1 2 3 
3 3 3 3 3 3 3 3 3 0 0 0 0 0 0 0 
3 0 2 3 2 3 1 0 2 0 3 1 1 0 3 1 
3 0 0 3 0 1 0 0 3 2 3 3 3 0 2 2 
2 2 2 2 2 2 2 2 2 2 2 2 0 0 0 0 
1 1 1 1 1 1 1 1 0 1 1 1 0 0 0 0 
0 0 0 0 1 1 2 1 2 1 1 1 1 1 1 1 
2 0 0 1 0 2 2 0 0 3 2 0 0 0 3 3 
0 0 0 1 0 0 0 0 0 0 3 0 0 2 0 0 
3 2 0 2 1 2 3 0 1 2 0 3 2 2 3 0 
0 0 1 2 1 0 0 2 3 2 1 0 1 1 3 3 
3 1 0 0 0 2 3 2 3 1 0 2 0 3 2 1 
3 1 0 0 0 3 3 2 3 2 2 1 3 3 2 1 
2 2 2 2 2 2 0 0 0 0 0 0 0 0 0 0 
3 0 3 0 0 0 0 0 1 0 0 0 0 0 0 0 
MFS
[ 0 , - , - , - , 1 , - , - , - , - , - , - , - , - , - , - , - ]
[ 0 , - , - , 0 , - , - , - , - , - , - , - , - , - , - , - , - ]
[ - , 1 , - , 0 , - , - , - , - , - , - , - , - , - , - , - , - ]
[ - , - , - , - , - , - , - , - , 0 , 0 , 0 , 0 , 0 , 0 , 0 , 0 ]
precise
0.5
recall
1.0
F-measure
0.6666666666666666
multi
0
time
all 13220 iden 12316 gen 741
t-cover
1920
all-cover
1920
coveredNum
(1 : 464)  (2 : 477)  (3 : 362)  (4 : 210)  (5 : 102)  (6 : 72)  (7 : 67)  (8 : 49)  (9 : 29)  (10 : 17)  (11 : 14)  (12 : 11)  (13 : 13)  (14 : 1)  (15 : 3)  (16 : 8)  (17 : 6)  (18 : 9)  (19 : 3)  (20 : 2)  (21 : 1)  
real Identify
([ 0 , - , - , - , 1 , - , - , - , - , - , - , - , - , - , - , - ] : 1)  ([ - , 1 , - , 0 , - , - , - , - , - , - , - , - , - , - , - , - ] : 1)  
wrong Checked
4
wrong identified
2
testCase Num: 178
regaular Num: 31
identify Num: 148
3 3 3 3 3 3 3 0 0 0 0 0 0 0 0 0 
2 1 1 0 2 2 0 2 1 3 2 2 1 1 2 1 
1 1 1 1 0 0 0 0 0 0 0 0 0 0 0 0 
0 0 0 0 3 3 1 2 2 2 3 3 2 1 2 2 
0 0 2 2 1 1 1 0 0 1 0 2 0 0 3 0 
0 0 0 0 1 1 0 0 3 1 1 1 1 1 1 1 
2 3 1 2 3 1 0 0 0 0 0 0 0 0 0 0 
2 3 3 2 3 3 3 3 0 3 0 0 0 0 0 0 
3 2 2 3 3 2 1 1 1 0 0 0 0 0 0 0 
1 1 1 1 1 1 1 1 1 1 1 1 1 1 1 0 
1 0 2 3 0 0 3 3 3 2 2 2 0 3 2 0 
0 1 1 0 1 1 1 0 1 0 0 0 0 0 0 0 
2 2 0 0 0 0 0 0 0 0 0 0 0 0 0 0 
3 3 3 3 3 3 3 3 3 3 3 3 3 3 3 0 
0 1 1 0 1 1 1 1 1 1 1 0 0 0 0 0 
0 1 0 0 0 0 0 0 1 0 0 0 0 0 0 0 
1 1 1 1 1 1 1 1 1 1 1 1 1 1 0 0 
1 1 1 1 1 1 1 1 0 1 1 1 1 1 0 0 
2 2 3 1 1 2 2 3 1 1 0 2 0 0 3 0 
1 1 1 1 1 1 1 1 1 0 0 0 0 0 0 0 
0 0 0 1 0 0 0 0 0 0 0 0 0 0 3 2 
0 3 2 0 2 2 3 3 2 3 3 3 3 3 3 3 
2 0 0 0 0 0 0 0 3 1 1 1 1 1 1 1 
2 3 1 1 3 0 0 0 0 0 0 0 0 0 0 0 
3 3 3 3 0 0 0 0 0 0 0 0 0 0 0 0 
0 0 2 1 0 1 0 0 1 0 0 0 0 0 0 0 
2 0 0 0 0 0 0 0 0 0 0 0 0 0 0 0 
3 3 3 3 3 0 0 0 0 0 0 0 0 0 0 0 
2 3 1 0 0 0 0 0 0 0 0 0 0 0 0 0 
0 2 1 1 3 3 0 1 0 2 3 1 1 3 1 1 
2 1 1 0 2 3 2 1 2 2 3 1 1 1 2 1 
2 2 2 2 2 2 2 2 2 2 2 0 0 0 0 0 
1 3 1 2 3 2 1 2 0 0 0 0 0 0 0 0 
2 1 2 0 1 2 0 2 1 3 2 2 1 1 2 1 
2 2 2 2 2 2 2 0 0 0 0 0 0 0 0 0 
1 1 1 1 1 1 1 1 1 1 1 1 0 0 0 0 
1 1 1 1 1 1 1 1 0 1 1 1 1 1 1 0 
1 1 1 1 1 1 1 1 0 1 1 1 1 1 1 1 
2 3 3 2 1 1 3 3 0 0 0 0 1 0 0 0 
0 3 2 0 1 2 2 2 3 3 2 2 1 1 1 2 
1 0 0 3 2 2 0 0 2 3 1 1 1 1 3 3 
1 1 0 0 3 1 2 0 2 3 2 2 1 1 2 1 
2 1 1 0 0 1 2 0 2 1 3 3 0 2 0 2 
1 3 1 2 0 0 0 0 0 0 0 0 0 0 0 0 
0 0 1 2 1 0 0 3 1 1 0 2 0 0 3 0 
0 0 0 1 0 3 0 0 0 0 1 0 0 0 0 0 
1 2 2 1 3 3 0 0 0 0 0 0 0 0 0 0 
0 1 1 0 1 1 1 1 1 1 1 1 1 1 1 0 
3 3 3 3 3 3 3 3 3 3 0 0 0 0 0 0 
1 1 1 0 3 3 0 2 1 3 2 2 1 1 2 1 
3 0 1 2 0 0 3 1 3 3 2 1 0 0 0 0 
0 0 3 0 0 0 0 0 3 1 1 1 1 1 1 1 
2 2 2 2 2 0 0 0 0 0 0 0 0 0 0 0 
2 1 0 0 2 3 2 0 1 3 2 2 1 1 2 1 
3 3 3 3 3 3 3 3 3 3 3 3 3 3 0 0 
2 2 2 2 2 2 2 2 2 2 2 2 2 0 0 0 
2 1 3 1 2 3 1 1 0 0 0 0 0 0 0 0 
2 1 1 0 0 3 2 1 2 2 3 1 3 1 2 1 
3 1 0 1 0 1 1 2 1 2 1 1 3 0 0 3 
1 1 1 1 1 1 1 1 0 1 1 1 1 0 0 0 
1 0 0 1 0 0 0 0 1 0 0 0 0 0 0 0 
0 0 1 1 1 2 2 3 1 1 0 2 0 0 3 0 
1 0 0 0 0 0 0 0 1 0 0 0 0 0 0 0 
0 0 0 2 1 0 1 1 0 3 2 0 3 1 1 2 
3 3 2 2 1 2 0 2 1 3 2 2 1 1 2 1 
1 2 2 1 3 0 3 0 0 1 1 2 0 2 0 1 
2 2 2 2 2 2 2 2 0 0 0 0 0 0 0 0 
0 0 1 2 1 2 2 3 1 1 0 2 0 0 3 0 
1 1 1 1 1 1 1 0 0 0 0 0 0 0 0 0 
0 1 1 0 1 1 1 1 1 1 0 0 0 0 0 0 
1 1 2 1 0 2 2 1 3 3 1 1 2 2 1 2 
0 1 1 0 1 1 1 1 1 1 1 1 1 1 0 0 
0 1 1 0 1 1 1 1 1 1 1 1 1 0 0 0 
2 2 3 0 0 2 1 1 2 2 2 0 3 1 2 1 
2 1 1 0 0 1 2 0 2 2 3 3 0 2 0 1 
0 0 0 2 1 0 3 2 2 0 2 0 1 1 0 1 
1 1 1 1 1 1 1 1 0 1 1 0 0 0 0 0 
0 0 0 1 0 0 3 2 0 1 0 0 0 0 0 0 
3 2 1 2 1 0 0 0 0 0 0 0 0 0 0 0 
1 1 1 1 1 0 0 0 0 0 0 0 0 0 0 0 
3 3 3 0 0 0 0 0 0 0 0 0 0 0 0 0 
1 1 2 2 3 3 1 0 0 0 0 0 0 0 0 0 
3 1 1 3 2 1 2 2 0 0 0 0 0 0 0 0 
0 0 2 2 1 0 1 1 0 3 2 0 3 1 3 0 
2 0 2 0 0 3 1 3 0 3 3 2 0 3 1 3 
2 2 2 0 0 0 0 0 0 0 0 0 0 0 0 0 
0 0 0 0 0 0 0 0 0 0 0 0 0 0 0 0 
2 3 3 2 1 1 3 3 0 0 0 1 0 0 0 0 
0 1 1 0 1 1 0 0 1 0 0 0 0 0 0 0 
2 1 1 0 2 3 2 0 2 0 2 2 1 1 2 1 
0 0 2 2 1 1 3 0 0 2 1 2 0 0 3 0 
3 3 3 3 3 3 3 3 3 3 3 0 0 0 0 0 
0 0 0 3 0 0 0 0 0 0 3 0 0 0 0 0 
1 1 1 0 0 0 0 0 0 0 0 0 0 0 0 0 
3 2 1 0 0 0 0 0 0 0 0 0 0 0 0 0 
0 1 1 0 1 1 1 1 1 1 1 1 1 1 1 1 
3 3 3 3 3 3 0 0 0 0 0 0 0 0 0 0 
2 3 3 3 0 0 0 0 3 1 1 1 1 1 1 1 
0 0 1 2 0 2 2 3 1 1 0 2 0 0 3 0 
1 0 0 0 0 0 0 3 0 0 0 1 2 0 2 3 
0 0 0 0 0 0 0 0 1 0 0 0 0 0 0 0 
0 0 0 2 0 0 0 0 3 1 1 1 1 1 1 1 
0 2 3 1 1 2 2 3 1 1 0 2 0 0 3 0 
2 1 0 0 0 0 0 0 0 0 0 0 0 0 0 0 
2 2 2 2 2 2 2 2 2 2 2 2 2 2 2 0 
1 1 1 1 1 1 1 1 1 1 0 0 0 0 0 0 
1 1 1 1 1 1 1 1 0 1 0 0 0 0 0 0 
2 1 1 0 0 1 2 0 2 2 3 2 1 1 2 1 
0 0 1 2 1 0 2 3 1 1 0 2 0 0 3 0 
0 3 0 1 0 0 0 0 0 2 0 0 0 0 0 0 
2 2 2 2 0 0 0 0 0 0 0 0 0 0 0 0 
2 2 3 1 0 2 2 3 1 1 0 2 0 0 3 0 
3 1 2 0 1 2 0 2 1 3 2 2 1 1 2 1 
2 2 2 2 2 2 2 2 2 0 0 0 0 0 0 0 
2 3 1 1 3 1 2 0 0 0 0 0 0 0 0 0 
2 2 2 2 2 2 2 2 2 2 0 0 0 0 0 0 
2 1 3 2 2 0 1 2 2 0 3 3 0 0 1 2 
2 3 3 2 1 1 3 3 0 0 0 0 0 1 0 0 
3 3 3 3 3 3 3 3 3 3 3 3 0 0 0 0 
0 0 0 0 1 1 2 1 3 1 1 1 1 1 1 1 
2 1 1 0 0 3 1 2 1 3 2 2 1 1 2 1 
0 0 3 1 1 2 2 3 1 1 0 2 0 0 3 0 
0 1 1 0 0 0 0 0 1 0 0 0 0 0 0 0 
3 1 1 3 3 1 2 2 0 1 2 2 3 3 3 3 
2 2 2 2 2 2 2 2 2 2 2 2 2 2 0 0 
3 3 3 3 3 3 3 3 3 3 3 3 3 0 0 0 
2 1 1 0 0 3 3 1 2 2 1 1 0 0 1 3 
0 0 2 2 1 1 3 0 1 1 0 2 0 0 3 0 
2 1 1 0 1 2 0 2 1 3 2 2 1 1 2 1 
3 0 0 0 0 0 0 0 0 0 0 0 0 0 0 0 
2 1 1 1 1 2 0 2 1 3 2 2 1 1 2 1 
3 0 1 0 2 1 2 0 2 1 3 0 2 2 0 0 
1 1 1 1 1 1 0 0 0 0 0 0 0 0 0 0 
0 2 0 0 0 0 0 0 3 1 1 1 1 1 1 1 
0 1 1 0 1 1 1 1 1 1 1 1 0 0 0 0 
1 2 2 1 1 3 2 3 0 0 0 0 0 0 0 0 
2 3 3 2 1 1 3 3 0 0 1 0 0 0 0 0 
1 1 0 0 0 0 0 0 0 0 0 0 0 0 0 0 
2 1 0 0 2 0 1 3 0 1 0 3 2 3 1 0 
3 1 0 3 1 3 3 3 1 1 0 3 2 2 0 2 
0 0 2 2 1 3 3 0 0 2 1 0 3 2 2 1 
0 1 1 0 1 1 1 1 1 0 0 0 0 0 0 0 
3 3 3 3 3 3 3 3 0 0 0 0 0 0 0 0 
0 3 1 2 3 1 1 0 3 0 0 2 1 2 2 2 
0 0 2 2 1 1 1 1 0 2 2 0 3 1 2 0 
2 2 3 2 2 3 2 2 0 2 2 2 2 2 2 2 
0 1 1 1 0 0 0 0 1 0 0 0 0 0 0 0 
1 0 0 0 0 0 0 0 0 0 0 0 0 0 0 0 
1 2 0 0 2 1 0 2 3 3 0 3 2 3 0 0 
0 1 1 0 3 3 1 1 2 2 3 3 2 2 2 2 
0 3 0 3 0 0 2 0 0 0 2 3 2 0 3 1 
0 3 0 2 1 0 1 1 3 2 2 0 0 0 3 0 
1 1 1 1 1 1 1 1 1 1 1 0 0 0 0 0 
2 1 1 0 3 1 2 0 2 2 3 0 2 2 2 1 
0 1 1 0 1 0 0 0 1 0 0 0 0 0 0 0 
3 3 0 0 0 0 0 0 0 0 0 0 0 0 0 0 
0 0 0 0 1 1 1 0 3 1 1 1 1 1 1 1 
1 0 0 0 0 0 0 0 1 0 3 0 3 0 1 0 
1 2 0 0 0 0 0 0 0 0 0 0 0 0 0 0 
0 0 2 2 1 0 1 0 0 3 0 2 0 0 3 0 
2 3 2 0 1 2 0 2 1 3 2 2 1 1 2 1 
1 1 1 1 1 1 1 1 0 0 0 0 0 0 0 0 
0 0 0 0 1 0 0 0 3 1 1 1 1 1 1 1 
2 3 3 2 1 1 3 3 0 0 0 0 0 0 0 1 
1 1 1 1 1 1 1 1 1 1 1 1 1 0 0 0 
3 3 3 3 3 3 3 3 3 0 0 0 0 0 0 0 
3 0 0 1 1 0 0 1 2 2 0 2 3 2 3 3 
2 2 2 2 2 2 2 2 2 2 2 2 0 0 0 0 
1 1 1 1 1 1 1 1 0 1 1 1 0 0 0 0 
1 2 3 2 1 3 1 0 3 0 3 0 3 3 3 3 
2 3 3 2 1 1 3 3 0 0 0 0 0 0 1 0 
0 0 0 1 0 0 2 2 0 0 0 0 1 1 0 0 
3 0 3 0 0 2 0 0 0 2 2 0 3 3 1 2 
1 3 1 1 2 1 1 1 1 1 1 3 1 3 2 1 
2 1 1 3 0 0 0 0 0 0 0 0 0 0 0 0 
0 0 0 0 0 0 0 0 3 1 1 1 1 1 1 1 
2 2 2 2 2 2 0 0 0 0 0 0 0 0 0 0 
0 0 2 2 1 3 1 0 0 2 1 0 3 0 3 0 
MFS
[ 0 , - , - , - , 1 , - , - , - , - , - , - , - , - , - , - , - ]
[ 0 , - , - , 0 , - , - , - , - , - , - , - , - , - , - , - , - ]
[ - , 1 , - , 0 , - , - , - , - , - , - , - , - , - , - , - , - ]
[ - , - , - , - , - , - , - , - , 0 , 0 , 0 , 0 , 0 , 0 , 0 , 0 ]
precise
0.5
recall
1.0
F-measure
0.6666666666666666
multi
0
time
all 13763 iden 12797 gen 766
t-cover
1920
all-cover
1920
coveredNum
(1 : 476)  (2 : 468)  (3 : 351)  (4 : 210)  (5 : 90)  (6 : 65)  (7 : 48)  (8 : 51)  (9 : 33)  (10 : 24)  (11 : 20)  (12 : 18)  (13 : 16)  (14 : 9)  (15 : 3)  (16 : 6)  (17 : 6)  (18 : 4)  (19 : 6)  (20 : 7)  (21 : 5)  (22 : 1)  (23 : 2)  (24 : 1)  
real Identify
([ 0 , - , - , - , 1 , - , - , - , - , - , - , - , - , - , - , - ] : 1)  ([ - , 1 , - , 0 , - , - , - , - , - , - , - , - , - , - , - , - ] : 1)  
wrong Checked
4
wrong identified
2
testCase Num: 178
regaular Num: 31
identify Num: 148
3 3 3 3 3 3 3 0 0 0 0 0 0 0 0 0 
1 1 1 1 0 0 0 0 0 0 0 0 0 0 0 0 
0 2 0 2 1 3 2 3 0 2 1 1 1 1 3 0 
3 3 3 3 1 1 3 1 0 0 0 0 1 0 0 0 
0 0 0 0 1 1 0 0 3 1 1 1 1 1 1 1 
2 3 1 2 3 1 0 0 0 0 0 0 0 0 0 0 
0 2 2 0 2 2 3 1 2 3 3 3 3 3 3 3 
1 1 1 1 1 1 1 1 1 1 1 1 1 1 1 0 
2 3 1 3 0 0 3 1 1 2 3 3 1 2 0 3 
2 1 1 0 0 3 0 0 3 2 3 0 3 2 1 2 
3 1 1 0 1 1 3 3 1 1 2 2 0 0 1 2 
0 1 1 0 1 1 1 0 1 0 0 0 0 0 0 0 
3 1 2 3 1 0 0 2 2 0 2 0 2 0 0 2 
2 2 0 0 0 0 0 0 0 0 0 0 0 0 0 0 
3 3 3 3 3 3 3 3 3 3 3 3 3 3 3 0 
0 1 1 0 1 1 1 1 1 1 1 0 0 0 0 0 
3 3 2 3 0 0 0 0 3 1 1 1 1 1 1 1 
0 1 0 0 0 0 0 0 1 0 0 0 0 0 0 0 
1 1 1 1 1 1 1 1 1 1 1 1 1 1 0 0 
1 1 1 1 1 1 1 1 0 1 1 1 1 1 0 0 
1 1 1 3 2 2 2 3 0 0 0 0 0 0 0 0 
1 1 1 1 1 1 1 1 1 0 0 0 0 0 0 0 
3 3 3 3 1 1 3 1 0 0 0 1 0 0 0 0 
2 0 0 0 0 0 0 0 3 1 1 1 1 1 1 1 
1 0 0 0 0 0 0 0 0 0 2 3 0 1 1 0 
0 0 0 1 2 0 0 0 0 0 0 0 0 0 0 1 
3 3 3 3 0 0 0 0 0 0 0 0 0 0 0 0 
0 2 3 2 1 3 0 2 2 0 2 0 2 0 0 2 
2 1 1 0 2 0 1 1 0 0 1 0 3 2 1 2 
1 3 2 1 2 0 0 0 0 0 0 0 0 0 0 0 
1 1 2 2 3 1 3 1 0 0 0 0 0 0 0 0 
0 0 2 2 3 1 0 1 3 2 0 2 0 2 3 2 
2 0 0 0 0 0 0 0 0 0 0 0 0 0 0 0 
3 3 3 3 3 0 0 0 0 0 0 0 0 0 0 0 
3 1 1 0 1 0 3 3 3 2 3 0 3 2 1 2 
0 2 3 2 1 3 3 0 2 0 2 0 2 0 0 2 
2 2 2 1 3 3 1 3 1 0 0 0 0 0 0 0 
0 2 3 2 1 3 3 3 1 1 1 2 3 0 0 2 
2 2 2 2 2 2 2 2 2 2 2 0 0 0 0 0 
3 3 0 0 0 3 1 2 0 2 1 1 1 1 3 0 
2 1 1 0 1 0 0 0 3 2 3 0 3 2 1 2 
3 2 1 2 1 1 1 2 0 0 0 0 0 0 0 0 
2 2 2 2 2 2 2 0 0 0 0 0 0 0 0 0 
1 1 1 1 1 1 1 1 1 1 1 1 0 0 0 0 
1 1 1 1 1 1 1 1 0 1 1 1 1 1 1 0 
1 1 1 1 1 1 1 1 0 1 1 1 1 1 1 1 
0 0 0 1 3 0 0 0 0 0 0 0 1 0 2 0 
0 2 3 2 1 3 1 3 1 3 1 1 2 0 0 2 
1 1 1 1 2 1 1 2 1 3 3 1 1 1 1 2 
1 1 0 0 0 3 0 0 3 2 3 0 3 2 1 2 
0 1 1 0 1 1 1 1 1 1 1 1 1 1 1 0 
3 3 3 3 3 3 3 3 3 3 0 0 0 0 0 0 
0 2 3 2 1 3 1 3 1 2 1 0 2 0 0 2 
0 0 3 3 3 2 1 0 0 0 3 2 0 1 0 1 
2 3 3 2 2 2 2 2 0 2 2 2 2 2 2 2 
0 0 3 0 0 0 0 0 3 1 1 1 1 1 1 1 
0 2 3 3 1 0 0 2 2 0 2 0 2 0 0 2 
0 0 0 0 3 3 3 3 2 1 3 3 2 2 2 2 
2 2 2 2 2 0 0 0 0 0 0 0 0 0 0 0 
3 3 3 3 3 3 3 3 3 3 3 3 3 3 0 0 
0 2 3 2 1 0 0 2 2 0 2 0 2 0 0 2 
2 1 0 0 0 3 0 0 3 2 3 0 3 2 1 2 
2 2 2 2 2 2 2 2 2 2 2 2 2 0 0 0 
0 2 3 2 1 3 2 3 1 1 1 1 1 3 1 2 
1 1 1 1 1 1 1 1 0 1 1 1 1 0 0 0 
1 0 0 1 0 0 0 0 1 0 0 0 0 0 0 0 
0 0 0 0 1 1 1 2 3 1 1 1 1 1 1 1 
0 3 0 0 0 0 0 0 3 1 1 1 1 1 1 1 
0 3 0 1 2 0 2 3 3 0 0 0 1 3 1 3 
1 0 0 0 0 0 0 0 1 0 0 0 0 0 0 0 
2 2 2 2 2 2 2 2 0 0 0 0 0 0 0 0 
2 3 1 2 1 3 1 0 0 0 0 0 0 0 0 0 
2 1 1 0 1 2 2 1 0 1 0 1 0 3 0 0 
1 1 1 1 1 1 1 0 0 0 0 0 0 0 0 0 
0 1 1 0 1 1 1 1 1 1 0 0 0 0 0 0 
1 3 3 2 3 3 3 3 1 3 1 1 2 1 1 1 
3 1 1 0 1 0 3 1 1 1 2 2 3 2 1 2 
0 1 1 0 1 1 1 1 1 1 1 1 1 1 0 0 
0 1 1 0 1 1 1 1 1 1 1 1 1 0 0 0 
1 1 1 1 1 1 1 1 0 1 1 0 0 0 0 0 
2 3 3 1 1 2 2 1 0 0 0 0 0 0 0 0 
0 2 0 2 1 3 3 0 1 2 2 0 2 0 0 2 
1 2 3 0 0 0 0 0 0 0 0 0 0 0 0 0 
3 0 1 2 1 2 2 2 3 1 3 0 3 0 0 0 
2 1 1 0 1 0 3 0 3 2 3 0 3 2 1 2 
3 3 3 3 1 1 3 1 0 0 0 0 0 1 0 0 
1 1 1 1 1 0 0 0 0 0 0 0 0 0 0 0 
3 3 3 0 0 0 0 0 0 0 0 0 0 0 0 0 
3 1 2 3 3 0 0 2 2 0 2 0 2 0 0 2 
1 1 0 2 1 1 1 1 3 1 2 3 2 3 2 3 
2 2 2 0 0 0 0 0 0 0 0 0 0 0 0 0 
2 2 3 0 1 0 3 0 1 1 2 2 3 0 3 1 
0 0 0 0 0 0 0 0 0 0 0 0 0 0 0 0 
0 2 0 2 1 3 1 3 0 2 1 1 3 3 0 2 
0 1 1 0 1 1 0 0 1 0 0 0 0 0 0 0 
1 0 0 0 0 3 0 1 0 0 0 0 1 0 0 0 
3 3 3 3 3 3 3 3 3 3 3 0 0 0 0 0 
1 1 1 0 0 0 0 0 0 0 0 0 0 0 0 0 
0 1 1 0 1 1 1 1 1 1 1 1 1 1 1 1 
0 1 1 0 3 3 3 3 2 1 3 2 2 2 2 2 
1 0 0 0 0 0 0 0 0 0 1 0 0 3 0 2 
2 1 3 0 1 1 3 3 1 1 2 2 0 0 3 1 
2 2 1 0 1 1 2 0 2 3 0 1 3 1 2 3 
3 3 3 3 3 3 0 0 0 0 0 0 0 0 0 0 
3 1 1 0 1 0 1 3 1 2 3 0 3 2 1 2 
2 1 3 1 0 2 2 2 1 0 1 3 3 3 2 1 
0 0 0 0 0 0 0 0 1 0 0 0 0 0 0 0 
3 1 2 3 1 1 2 0 0 0 0 0 0 0 0 0 
0 0 0 2 0 0 0 0 3 1 1 1 1 1 1 1 
2 1 0 0 0 0 0 0 0 0 0 0 0 0 0 0 
2 1 2 0 1 0 2 1 0 3 0 3 2 0 2 0 
0 2 3 2 1 3 1 3 1 0 2 0 2 0 0 2 
3 1 1 0 1 1 3 3 1 1 2 2 0 3 3 2 
2 2 2 2 2 2 2 2 2 2 2 2 2 2 2 0 
1 1 1 1 1 1 1 1 1 1 0 0 0 0 0 0 
1 1 1 1 1 1 1 1 0 1 0 0 0 0 0 0 
0 1 1 1 0 3 0 0 3 2 3 0 3 2 1 2 
3 3 3 3 1 1 3 1 0 0 1 0 0 0 0 0 
2 2 2 2 0 0 0 0 0 0 0 0 0 0 0 0 
3 1 1 2 0 0 0 0 0 0 0 0 0 0 0 0 
1 0 2 1 0 2 2 1 2 0 2 1 0 2 3 0 
3 1 1 0 1 2 3 3 1 0 2 1 0 2 1 2 
1 2 0 1 0 3 0 0 3 2 3 0 3 2 1 2 
0 2 3 2 1 3 3 2 2 0 2 0 2 0 0 2 
2 2 2 2 2 2 2 2 2 0 0 0 0 0 0 0 
3 2 1 1 1 0 1 0 2 2 1 2 2 2 3 1 
1 1 1 3 3 3 2 3 0 2 2 2 3 3 3 3 
0 3 0 1 0 0 1 0 2 0 0 0 3 0 0 0 
2 2 1 3 1 0 0 0 0 0 0 0 0 0 0 0 
3 3 3 3 1 1 3 1 0 0 0 0 0 0 0 1 
2 2 2 2 2 2 2 2 2 2 0 0 0 0 0 0 
0 2 3 2 3 0 0 2 2 0 2 0 2 0 0 2 
3 3 3 3 3 3 3 3 3 3 3 3 0 0 0 0 
0 0 0 1 0 0 0 0 3 3 0 0 0 0 0 0 
0 1 1 0 0 0 0 0 1 0 0 0 0 0 0 0 
2 2 2 2 2 2 2 2 2 2 2 2 2 2 0 0 
3 3 3 3 3 3 3 3 3 3 3 3 3 0 0 0 
2 2 0 0 0 3 0 0 3 2 3 0 3 2 1 2 
1 3 2 0 0 0 0 0 0 0 0 0 0 0 0 0 
3 0 0 0 0 0 0 0 0 0 0 0 0 0 0 0 
0 2 2 3 1 0 0 2 2 0 2 0 2 0 0 2 
1 1 1 1 1 1 0 0 0 0 0 0 0 0 0 0 
0 1 0 1 0 0 3 0 3 2 0 0 0 0 3 0 
0 3 3 1 1 2 3 1 1 1 3 2 0 1 3 1 
0 1 1 0 1 1 1 1 1 1 1 1 0 0 0 0 
1 3 2 3 0 0 0 0 0 0 0 0 0 0 0 0 
2 1 1 0 1 3 0 0 3 2 3 0 3 2 1 2 
1 1 0 0 0 0 0 0 0 0 0 0 0 0 0 0 
0 3 3 1 1 1 1 3 3 1 0 3 3 3 1 0 
3 0 0 0 0 1 0 3 1 0 0 1 0 3 0 0 
3 3 3 3 1 1 3 1 0 0 0 0 0 0 1 0 
0 1 1 0 1 1 1 1 1 0 0 0 0 0 0 0 
3 3 3 3 3 3 3 3 0 0 0 0 0 0 0 0 
0 1 1 1 0 0 0 0 1 0 0 0 0 0 0 0 
3 1 1 0 1 0 1 3 1 0 3 0 3 2 1 2 
1 0 0 0 0 0 0 0 0 0 0 0 0 0 0 0 
0 2 0 3 0 2 0 0 0 1 0 3 2 0 2 0 
1 1 1 1 1 1 1 1 1 1 1 0 0 0 0 0 
0 1 1 0 1 0 0 0 1 0 0 0 0 0 0 0 
0 2 2 0 1 1 2 2 2 2 2 3 1 1 1 1 
3 3 0 0 0 0 0 0 0 0 0 0 0 0 0 0 
0 0 0 0 1 1 1 0 3 1 1 1 1 1 1 1 
1 0 0 0 1 3 0 3 0 1 0 0 0 0 0 0 
1 2 0 0 0 0 0 0 0 0 0 0 0 0 0 0 
0 1 2 3 1 0 0 2 2 0 2 0 2 0 0 2 
3 2 1 3 1 2 0 0 0 0 0 0 0 0 0 0 
3 0 2 1 2 0 0 0 0 1 2 3 0 3 2 3 
1 1 1 1 1 1 1 1 0 0 0 0 0 0 0 0 
0 0 0 0 1 0 0 0 3 1 1 1 1 1 1 1 
3 3 3 3 2 3 3 2 0 3 0 0 0 0 0 0 
1 0 3 0 2 0 0 2 0 3 1 0 0 0 2 3 
1 1 1 1 1 1 1 1 1 1 1 1 1 0 0 0 
3 3 3 3 3 3 3 3 3 0 0 0 0 0 0 0 
2 2 2 2 2 2 2 2 2 2 2 2 0 0 0 0 
1 1 1 1 1 1 1 1 0 1 1 1 0 0 0 0 
1 2 0 3 0 2 0 3 2 3 2 2 1 2 1 0 
0 0 0 0 0 0 0 0 3 1 1 1 1 1 1 1 
2 2 2 2 2 2 0 0 0 0 0 0 0 0 0 0 
MFS
[ 0 , - , - , - , 1 , - , - , - , - , - , - , - , - , - , - , - ]
[ 0 , - , - , 0 , - , - , - , - , - , - , - , - , - , - , - , - ]
[ - , 1 , - , 0 , - , - , - , - , - , - , - , - , - , - , - , - ]
[ - , - , - , - , - , - , - , - , 0 , 0 , 0 , 0 , 0 , 0 , 0 , 0 ]
precise
0.5
recall
1.0
F-measure
0.6666666666666666
multi
0
time
all 13661 iden 12649 gen 865
t-cover
1920
all-cover
1920
coveredNum
(1 : 488)  (2 : 478)  (3 : 345)  (4 : 170)  (5 : 108)  (6 : 62)  (7 : 62)  (8 : 46)  (9 : 38)  (10 : 20)  (11 : 17)  (12 : 23)  (13 : 9)  (14 : 8)  (15 : 10)  (16 : 3)  (17 : 3)  (18 : 2)  (19 : 12)  (20 : 3)  (21 : 8)  (22 : 3)  (23 : 1)  (25 : 1)  
real Identify
([ 0 , - , - , - , 1 , - , - , - , - , - , - , - , - , - , - , - ] : 1)  ([ - , 1 , - , 0 , - , - , - , - , - , - , - , - , - , - , - , - ] : 1)  
wrong Checked
4
wrong identified
2
testCase Num: 208
regaular Num: 29
identify Num: 180
1 1 1 1 1 1 1 1 0 1 1 0 1 0 2 3 
0 0 0 0 1 1 0 0 3 1 1 1 1 1 1 1 
1 1 2 3 2 3 1 2 0 0 0 0 0 0 0 0 
1 1 1 1 1 1 1 1 0 1 0 2 1 0 2 3 
3 1 1 0 2 1 3 3 1 3 3 1 1 1 1 1 
1 1 1 1 1 1 1 1 1 1 1 1 1 1 1 0 
0 1 1 0 1 1 1 0 1 0 0 0 0 0 0 0 
2 2 0 0 0 0 0 0 0 0 0 0 0 0 0 0 
0 1 1 0 1 1 1 1 1 1 1 0 0 0 0 0 
0 1 0 0 0 0 0 0 1 0 0 0 0 0 0 0 
1 1 1 1 1 1 1 1 1 1 1 1 1 1 0 0 
0 0 0 0 0 1 0 0 0 0 0 2 1 0 2 3 
1 1 1 0 1 2 1 3 1 3 3 1 1 1 1 1 
1 1 1 3 1 2 1 3 1 3 3 1 1 1 1 1 
0 2 1 3 1 1 0 2 0 1 0 2 3 2 0 2 
2 3 1 1 3 1 2 2 0 0 0 0 0 0 0 0 
3 3 3 3 0 0 0 0 0 0 0 0 0 0 0 0 
0 3 2 0 3 3 2 2 2 3 3 3 3 3 3 3 
1 0 1 1 0 3 2 2 0 2 1 1 1 3 1 1 
2 3 1 0 0 0 0 0 0 0 0 0 0 0 0 0 
1 2 3 1 2 3 0 0 0 0 0 0 0 0 0 0 
2 2 2 2 2 2 2 2 2 2 2 0 0 0 0 0 
3 1 1 0 2 3 1 3 1 3 3 1 1 1 1 1 
2 2 2 2 2 2 2 0 0 0 0 0 0 0 0 0 
0 0 0 0 0 0 0 0 0 0 0 2 1 0 2 3 
0 0 1 0 0 0 0 0 0 0 0 2 1 0 2 3 
1 1 1 1 1 1 1 1 1 1 1 1 0 0 0 0 
0 3 0 2 0 0 0 0 1 2 3 2 2 0 0 0 
0 0 0 1 0 0 0 0 0 0 0 2 1 0 2 3 
3 3 2 3 3 1 1 1 0 0 0 1 0 0 0 0 
1 3 1 2 0 0 0 0 0 0 0 0 0 0 0 0 
0 0 1 3 1 0 3 2 0 1 2 2 3 1 1 1 
0 2 3 0 3 1 0 2 0 2 2 0 0 0 2 3 
0 1 1 0 1 1 1 1 1 1 1 1 1 1 1 0 
0 0 3 0 0 0 0 0 3 1 1 1 1 1 1 1 
3 3 0 1 1 3 0 0 3 2 2 3 2 1 0 0 
2 2 2 2 2 2 2 2 2 2 2 2 2 0 0 0 
3 1 1 0 2 1 3 2 2 3 3 1 1 1 1 1 
1 1 2 0 1 2 1 3 1 3 3 1 1 1 1 1 
1 0 0 1 0 0 0 0 1 0 0 0 0 0 0 0 
1 0 0 0 0 0 0 0 1 0 0 0 0 0 0 0 
2 2 2 2 2 2 2 2 0 0 0 0 0 0 0 0 
3 1 0 0 2 1 3 2 0 1 3 1 1 1 1 1 
0 1 1 0 1 1 1 1 1 1 1 1 1 1 0 0 
0 1 1 0 1 1 1 1 1 1 1 1 1 0 0 0 
3 3 3 0 0 0 0 0 0 0 0 0 0 0 0 0 
3 3 2 3 3 1 1 1 0 0 0 0 0 1 0 0 
3 2 2 2 0 0 0 0 3 1 1 1 1 1 1 1 
0 0 0 0 0 0 0 0 1 1 1 2 1 0 2 3 
2 0 0 0 3 0 0 0 0 0 0 0 0 0 0 1 
1 3 0 3 2 0 2 0 3 0 0 3 3 0 2 3 
1 1 1 1 2 1 1 1 1 0 0 2 1 0 2 3 
0 0 1 3 0 2 1 3 1 3 3 1 1 1 1 1 
3 3 3 3 3 3 3 3 3 3 3 0 0 0 0 0 
3 2 1 1 2 1 3 0 0 0 0 0 0 0 0 0 
0 1 1 0 1 1 1 1 1 1 1 1 1 1 1 1 
1 0 1 2 3 1 1 1 2 1 0 0 2 0 3 2 
1 1 1 1 1 1 1 1 0 1 0 0 0 0 0 0 
2 1 1 0 0 1 0 2 0 1 2 2 3 2 1 1 
0 0 0 0 2 0 0 0 0 0 0 2 1 0 2 3 
0 0 0 0 1 1 1 1 3 1 1 1 1 1 1 1 
3 1 2 1 1 2 2 3 0 0 0 0 0 0 0 0 
0 0 0 0 0 2 0 0 0 0 0 2 3 0 3 1 
1 0 0 0 0 0 0 0 0 0 0 2 1 0 2 3 
1 3 3 1 2 0 0 0 0 0 0 0 0 0 0 0 
1 1 1 1 1 1 1 1 0 0 0 2 1 0 2 3 
0 0 0 0 0 0 0 0 1 1 1 0 1 0 2 3 
3 3 3 3 3 3 3 3 3 3 3 3 3 0 0 0 
2 2 2 3 2 2 2 3 0 2 2 2 2 2 2 2 
2 1 0 0 0 1 3 0 2 2 0 3 3 3 0 2 
0 2 1 3 1 0 3 2 0 1 2 2 3 2 1 1 
0 1 1 0 1 1 1 1 1 1 1 1 0 0 0 0 
1 2 1 1 1 1 1 1 0 1 1 0 0 1 0 0 
0 3 0 2 1 0 2 1 0 1 2 2 0 2 3 0 
1 1 0 0 0 0 0 0 0 0 0 0 0 0 0 0 
2 2 0 3 1 3 1 2 1 1 0 2 0 3 2 0 
0 2 0 0 0 0 0 0 0 3 2 0 0 0 0 0 
0 1 1 0 1 1 1 1 1 0 0 0 0 0 0 0 
0 0 0 0 0 0 0 0 1 1 1 0 2 1 0 0 
0 1 1 1 0 0 0 0 1 0 0 0 0 0 0 0 
1 0 0 0 0 0 0 0 0 0 0 0 0 0 0 0 
0 0 1 3 1 0 3 3 1 3 3 1 1 1 1 1 
0 1 1 0 1 0 0 0 1 0 0 0 0 0 0 0 
3 1 2 0 0 0 0 0 0 0 0 0 0 0 0 0 
3 3 2 3 3 2 3 3 0 3 0 0 0 0 0 0 
0 3 1 0 2 3 3 1 3 2 3 2 2 2 1 2 
2 1 0 1 2 0 3 0 0 2 2 1 1 0 3 0 
1 1 1 1 1 1 1 1 0 0 0 0 0 0 0 0 
0 0 0 0 1 0 0 0 3 1 1 1 1 1 1 1 
1 1 1 1 1 1 1 1 0 1 1 1 0 0 0 0 
0 0 0 0 0 0 0 0 1 1 1 0 0 0 2 3 
2 2 2 2 2 2 0 0 0 0 0 0 0 0 0 0 
3 3 3 3 3 3 3 0 0 0 0 0 0 0 0 0 
1 1 1 1 0 0 0 0 0 0 0 0 0 0 0 0 
2 1 3 2 1 3 3 2 1 0 0 0 0 0 0 0 
2 3 1 2 3 1 0 0 0 0 0 0 0 0 0 0 
0 0 2 3 1 2 1 3 1 3 3 1 1 1 1 1 
1 1 1 1 1 1 1 1 1 1 0 2 1 0 2 3 
1 0 2 2 2 2 1 3 1 3 3 1 1 1 1 1 
3 3 3 3 3 3 3 3 3 3 3 3 3 3 3 0 
1 1 1 1 1 1 1 1 0 1 1 1 1 1 0 0 
1 1 1 1 1 1 1 1 1 0 0 0 0 0 0 0 
1 2 1 1 3 0 3 2 3 2 0 2 0 1 3 2 
0 0 0 0 0 0 0 0 1 2 1 0 0 1 0 0 
2 0 0 0 0 0 0 0 3 1 1 1 1 1 1 1 
3 1 1 1 1 2 2 1 1 1 1 3 3 1 2 3 
0 0 0 0 0 0 1 0 0 0 0 2 1 0 2 3 
1 1 1 1 1 1 1 1 0 1 1 2 1 0 2 3 
1 1 1 1 1 1 1 1 0 1 1 0 0 1 0 0 
0 2 1 3 1 0 3 2 2 0 3 1 1 1 1 1 
2 0 0 0 0 0 0 0 0 0 0 0 0 0 0 0 
1 1 0 1 3 1 1 0 1 3 3 2 1 2 3 2 
1 1 1 1 1 1 1 1 0 1 1 0 0 1 0 3 
3 3 3 3 3 0 0 0 0 0 0 0 0 0 0 0 
1 1 1 1 1 1 1 1 0 1 1 1 1 1 1 0 
0 0 1 3 1 3 1 3 1 3 3 1 1 1 1 1 
1 1 1 1 1 1 1 1 0 1 1 1 1 1 1 1 
0 0 0 0 0 0 0 0 1 1 1 0 0 1 2 3 
0 0 1 3 1 0 3 2 2 2 2 3 1 1 1 1 
2 1 1 0 3 0 0 2 3 2 2 0 0 2 3 3 
1 1 1 1 1 1 1 1 1 1 1 0 1 0 2 3 
3 3 3 3 3 3 3 3 3 3 0 0 0 0 0 0 
3 2 0 0 1 0 0 1 0 0 3 3 0 2 0 1 
0 0 0 0 0 3 0 3 0 0 1 0 0 0 0 0 
0 0 1 3 1 2 1 3 1 3 3 1 1 1 1 1 
2 2 2 2 2 0 0 0 0 0 0 0 0 0 0 0 
3 3 3 3 3 3 3 3 3 3 3 3 3 3 0 0 
3 0 3 3 0 0 0 3 2 0 1 2 2 2 3 2 
1 1 1 1 1 1 1 1 0 1 1 1 1 0 0 0 
1 1 1 1 1 1 1 0 0 0 0 0 0 0 0 0 
0 1 1 0 1 1 1 1 1 1 0 0 0 0 0 0 
0 0 0 0 0 1 0 0 3 0 0 0 0 3 0 0 
1 1 1 1 1 1 1 1 0 1 1 0 0 1 2 3 
1 1 1 1 1 1 1 1 0 1 1 0 0 0 0 0 
1 1 1 1 1 1 1 1 1 1 1 0 0 0 2 3 
1 1 1 1 1 1 1 1 1 0 0 2 1 0 2 3 
0 0 1 3 1 0 3 2 2 3 3 1 1 1 1 1 
1 1 1 1 1 0 0 0 0 0 0 0 0 0 0 0 
3 1 1 0 2 0 3 2 2 2 2 1 1 1 1 1 
0 2 0 0 0 0 0 0 0 0 0 2 1 0 2 3 
0 0 0 0 0 0 0 0 1 1 1 0 0 1 0 3 
2 2 2 0 0 0 0 0 0 0 0 0 0 0 0 0 
0 0 0 0 0 0 0 0 1 1 1 0 0 1 0 0 
2 1 2 3 1 0 0 0 0 0 0 0 0 0 0 0 
0 0 0 0 0 0 0 1 0 0 0 2 1 0 2 3 
1 2 3 1 2 2 3 1 0 0 0 0 0 0 0 0 
0 0 0 0 0 0 0 0 0 0 0 0 0 0 0 0 
1 0 2 0 1 2 1 3 1 3 3 1 1 1 1 1 
0 1 1 0 1 1 0 0 1 0 0 0 0 0 0 0 
1 1 1 0 0 1 3 2 2 2 2 2 3 1 1 1 
1 1 1 0 0 0 0 0 0 0 0 0 0 0 0 0 
1 0 2 2 1 2 1 3 1 3 3 1 1 1 1 1 
3 3 2 3 3 1 1 1 0 0 1 0 0 0 0 0 
3 3 3 3 3 3 0 0 0 0 0 0 0 0 0 0 
0 0 0 0 2 0 3 0 0 3 1 0 3 0 0 0 
0 0 0 0 0 0 0 0 1 0 0 0 0 0 0 0 
0 0 0 2 0 0 0 0 3 1 1 1 1 1 1 1 
2 1 0 0 0 0 0 0 0 0 0 0 0 0 0 0 
3 1 2 1 1 2 0 0 2 0 0 1 3 3 0 2 
2 2 2 2 2 2 2 2 2 2 2 2 2 2 2 0 
1 1 1 1 1 1 1 1 1 1 0 0 0 0 0 0 
2 2 2 2 0 0 0 0 0 0 0 0 0 0 0 0 
2 2 3 1 2 0 0 1 2 3 3 0 0 3 2 0 
0 0 0 0 0 0 0 0 1 1 0 2 1 0 2 3 
3 1 0 0 2 1 0 2 0 1 0 2 3 2 0 1 
3 1 0 0 2 1 0 2 0 1 0 2 3 2 0 0 
0 1 2 0 1 2 1 3 1 3 3 1 1 1 1 1 
2 1 1 0 2 1 3 2 2 2 2 3 1 1 1 1 
1 1 1 1 1 1 1 1 0 1 1 0 0 0 2 3 
2 2 2 2 2 2 2 2 2 0 0 0 0 0 0 0 
1 1 1 1 1 1 1 1 1 1 1 0 0 1 2 3 
2 0 1 0 0 1 3 1 1 0 2 3 3 0 1 3 
2 2 2 2 2 2 2 2 2 2 0 0 0 0 0 0 
3 3 2 3 3 1 1 1 0 0 0 0 0 0 0 1 
3 3 3 3 3 3 3 3 3 3 3 3 0 0 0 0 
0 1 1 0 0 0 0 0 1 0 0 0 0 0 0 0 
2 2 2 2 2 2 2 2 2 2 2 2 2 2 0 0 
3 3 2 3 3 1 1 1 0 0 0 0 0 0 1 0 
0 0 0 0 2 2 3 2 2 1 2 1 2 3 2 1 
3 0 0 0 0 0 0 0 0 0 0 0 0 0 0 0 
1 1 1 1 1 1 0 0 0 0 0 0 0 0 0 0 
0 2 0 0 0 0 0 0 3 1 1 1 1 1 1 1 
0 1 0 2 0 0 1 0 3 3 0 1 2 2 2 3 
3 1 1 0 2 1 3 2 1 3 3 1 1 1 1 1 
0 2 1 3 1 0 3 2 1 3 3 1 1 1 1 1 
2 1 3 1 0 0 0 0 0 0 0 0 0 0 0 0 
3 3 3 3 3 3 3 3 0 0 0 0 0 0 0 0 
3 1 0 0 0 0 0 0 0 0 0 0 0 0 0 0 
1 1 1 1 1 1 1 1 1 1 1 0 0 0 0 0 
3 3 0 0 0 0 0 0 0 0 0 0 0 0 0 0 
0 0 0 0 1 1 1 0 3 1 1 1 1 1 1 1 
1 1 1 1 1 1 1 1 1 1 1 2 1 0 2 3 
1 1 1 1 1 1 1 1 1 1 1 0 0 1 0 3 
1 2 3 2 1 1 1 3 0 2 2 3 3 3 3 3 
1 1 1 1 1 1 1 1 1 1 1 1 1 0 0 0 
3 3 3 3 3 3 3 3 3 0 0 0 0 0 0 0 
2 2 2 2 2 2 2 2 2 2 2 2 0 0 0 0 
3 2 0 2 2 1 2 2 0 1 3 2 3 2 0 0 
3 3 2 3 3 1 1 1 0 0 0 0 1 0 0 0 
0 0 0 0 0 0 0 0 1 0 0 2 1 0 2 3 
3 1 1 0 2 2 1 3 1 3 3 1 1 1 1 1 
0 2 1 3 1 0 3 2 2 0 2 1 1 1 1 1 
0 0 0 3 1 0 0 2 0 1 0 2 3 2 0 1 
0 0 0 0 0 0 0 3 2 2 0 3 1 1 1 2 
0 0 0 0 0 0 0 0 3 1 1 1 1 1 1 1 
2 3 1 1 1 3 2 0 0 0 0 0 0 0 0 0 
2 3 3 1 0 2 2 3 3 1 0 0 0 2 0 3 
0 0 0 3 1 0 3 0 2 2 0 0 3 3 0 3 
MFS
[ 0 , - , - , - , 1 , - , - , - , - , - , - , - , - , - , - , - ]
[ - , 1 , - , 0 , - , - , - , - , - , - , - , - , - , - , - , - ]
[ 0 , 0 , 0 , 0 , 0 , 0 , 0 , 0 , - , - , - , - , - , - , - , - ]
[ - , - , - , - , - , - , - , - , 0 , 0 , 0 , 0 , 0 , 0 , 0 , 0 ]
precise
0.5
recall
1.0
F-measure
0.6666666666666666
multi
1
time
all 13985 iden 13065 gen 772
t-cover
1920
all-cover
1920
coveredNum
(1 : 421)  (2 : 445)  (3 : 352)  (4 : 168)  (5 : 104)  (6 : 84)  (7 : 75)  (8 : 56)  (9 : 44)  (10 : 35)  (11 : 24)  (12 : 21)  (13 : 11)  (14 : 4)  (15 : 7)  (16 : 8)  (17 : 13)  (18 : 14)  (19 : 13)  (20 : 5)  (21 : 4)  (22 : 4)  (24 : 5)  (26 : 1)  (27 : 2)  
real Identify
([ 0 , - , - , - , 1 , - , - , - , - , - , - , - , - , - , - , - ] : 1)  ([ - , 1 , - , 0 , - , - , - , - , - , - , - , - , - , - , - , - ] : 1)  
wrong Checked
6
wrong identified
2
testCase Num: 176
regaular Num: 28
identify Num: 149
0 0 2 0 0 0 0 0 2 1 1 1 1 1 1 1 
0 0 1 2 1 2 0 2 3 1 0 0 0 2 0 3 
3 3 3 3 3 3 3 0 0 0 0 0 0 0 0 0 
0 0 3 1 0 1 3 1 0 0 2 2 2 2 1 0 
1 1 1 1 0 0 0 0 0 0 0 0 0 0 0 0 
3 2 2 3 3 1 1 3 0 0 0 0 1 0 0 0 
0 0 0 0 0 0 0 2 2 1 1 1 1 1 1 1 
1 1 1 1 1 1 1 1 1 1 1 1 1 1 1 0 
0 1 1 0 1 1 1 0 1 0 0 0 0 0 0 0 
1 2 3 1 3 0 2 0 2 1 3 1 3 2 2 3 
0 2 0 0 1 0 1 1 1 0 1 3 2 3 1 0 
2 2 0 0 0 0 0 0 0 0 0 0 0 0 0 0 
3 3 3 3 3 3 3 3 3 3 3 3 3 3 3 0 
0 1 1 0 1 1 1 1 1 1 1 0 0 0 0 0 
0 1 0 0 0 0 0 0 1 0 0 0 0 0 0 0 
3 2 0 1 0 0 0 0 2 1 1 3 1 2 3 0 
1 1 1 1 1 1 1 1 1 1 1 1 1 1 0 0 
1 1 1 1 1 1 1 1 0 1 1 1 1 1 0 0 
3 2 1 1 2 3 0 0 0 0 0 0 0 0 0 0 
1 1 1 1 1 1 1 1 1 0 0 0 0 0 0 0 
2 0 0 0 0 0 0 0 2 1 1 1 1 1 1 1 
1 3 1 1 2 2 1 3 0 0 0 0 0 0 0 0 
0 0 0 1 1 3 2 0 0 0 1 2 2 1 1 3 
3 3 3 3 0 0 0 0 0 0 0 0 0 0 0 0 
0 0 0 0 1 0 2 0 0 2 0 0 0 2 0 3 
3 2 2 3 3 1 1 3 0 0 0 1 0 0 0 0 
3 1 1 0 3 0 0 3 2 3 0 2 2 2 1 0 
0 0 0 0 0 1 0 0 0 0 3 0 2 0 0 0 
2 0 0 0 0 0 0 0 0 0 0 0 0 0 0 0 
3 3 3 3 3 0 0 0 0 0 0 0 0 0 0 0 
2 3 1 0 0 0 0 0 0 0 0 0 0 0 0 0 
2 2 2 2 2 2 2 2 2 2 2 0 0 0 0 0 
2 2 2 2 2 2 2 0 0 0 0 0 0 0 0 0 
1 1 1 1 1 1 1 1 1 1 1 1 0 0 0 0 
1 1 1 1 1 1 1 1 0 1 1 1 1 1 1 0 
0 0 0 0 0 3 2 2 3 2 0 0 0 1 1 0 
1 1 1 1 1 1 1 1 0 1 1 1 1 1 1 1 
3 0 0 0 2 0 0 0 0 0 0 0 1 0 0 0 
3 1 2 1 3 2 1 0 0 0 0 0 0 0 0 0 
0 0 0 1 1 0 3 0 0 2 2 1 1 1 3 1 
0 0 0 1 1 3 2 2 3 1 0 0 0 2 0 3 
2 2 3 3 1 1 1 2 0 0 0 0 0 0 0 0 
1 3 1 1 1 3 1 3 1 1 2 2 2 2 3 1 
0 0 2 1 1 0 2 0 3 1 0 0 0 2 0 3 
0 0 0 0 0 0 1 0 0 0 0 0 0 3 1 0 
0 1 0 2 0 1 2 3 2 0 0 0 3 0 2 1 
0 1 1 0 1 1 1 1 1 1 1 1 1 1 1 0 
3 3 3 3 3 3 3 3 3 3 0 0 0 0 0 0 
0 0 2 2 1 2 0 2 3 1 0 0 0 2 0 3 
3 1 1 0 3 2 0 3 2 1 0 0 2 2 1 0 
0 0 2 1 1 2 0 2 3 1 0 0 0 2 0 3 
0 3 0 0 1 1 2 0 0 0 2 3 1 0 2 2 
3 1 2 0 3 0 3 1 0 0 2 2 2 2 1 0 
0 0 0 1 0 0 0 0 0 3 3 0 1 0 0 0 
2 2 2 2 2 0 0 0 0 0 0 0 0 0 0 0 
1 3 2 2 1 0 0 0 0 0 0 0 0 0 0 0 
3 3 3 3 3 3 3 3 3 3 3 3 3 3 0 0 
0 2 3 0 3 3 3 3 3 3 3 3 3 3 3 2 
3 1 1 0 3 2 0 3 2 3 3 1 0 3 2 0 
2 2 2 2 2 2 2 2 2 2 2 2 2 0 0 0 
3 0 0 2 0 3 0 0 3 3 2 3 2 2 2 3 
3 1 1 0 1 2 0 3 2 3 3 3 0 3 1 0 
0 3 0 0 1 1 2 0 2 2 3 3 0 2 0 3 
0 0 0 0 0 0 3 0 0 0 2 1 1 1 3 1 
1 1 1 1 1 1 1 1 0 1 1 1 1 0 0 0 
1 1 1 2 1 2 0 2 3 1 0 0 0 2 0 3 
1 0 0 1 0 0 0 0 1 0 0 0 0 0 0 0 
0 0 0 0 0 0 1 0 2 1 1 1 1 1 1 1 
3 1 3 0 0 1 3 1 0 0 2 2 2 2 1 0 
0 3 0 0 0 0 0 0 2 1 1 1 1 1 1 1 
1 0 0 0 0 0 0 0 1 0 0 0 0 0 0 0 
0 0 0 0 1 0 2 0 2 2 3 0 0 2 0 3 
0 0 0 0 2 0 0 0 2 1 1 1 1 1 1 1 
3 1 1 0 1 2 2 2 2 3 0 3 0 2 1 0 
2 2 2 2 2 2 2 2 0 0 0 0 0 0 0 0 
1 1 1 1 1 1 1 0 0 0 0 0 0 0 0 0 
0 1 1 0 1 1 1 1 1 1 0 0 0 0 0 0 
3 2 1 0 1 0 2 1 2 3 2 2 0 1 2 3 
3 3 2 3 3 3 2 3 0 3 0 0 0 0 0 0 
0 1 1 0 1 1 1 1 1 1 1 1 1 1 0 0 
0 1 1 0 1 1 1 1 1 1 1 1 1 0 0 0 
1 1 1 1 1 1 1 1 0 1 1 0 0 0 0 0 
0 0 2 1 3 2 0 2 3 1 0 0 0 2 0 3 
3 0 3 0 0 1 3 1 0 0 2 2 2 2 1 0 
1 1 1 1 1 0 0 0 0 0 0 0 0 0 0 0 
3 3 3 0 0 0 0 0 0 0 0 0 0 0 0 0 
0 0 0 0 0 1 0 0 0 0 1 0 3 0 0 0 
2 1 0 0 1 0 2 0 1 3 1 1 3 0 0 2 
2 2 2 0 0 0 0 0 0 0 0 0 0 0 0 0 
0 0 0 0 0 0 0 0 0 0 0 0 0 0 0 0 
0 1 1 0 1 1 0 0 1 0 0 0 0 0 0 0 
2 3 2 1 3 1 0 0 0 0 0 0 0 0 0 0 
3 1 2 0 3 0 0 1 0 0 2 2 2 2 1 0 
3 3 3 3 3 3 3 3 3 3 3 0 0 0 0 0 
1 0 0 3 0 2 0 2 3 0 3 0 3 0 3 0 
1 1 1 2 3 2 0 2 3 1 0 0 0 2 0 3 
1 1 1 0 0 0 0 0 0 0 0 0 0 0 0 0 
0 1 1 0 1 1 1 1 1 1 1 1 1 1 1 1 
0 2 0 1 1 0 2 1 1 0 1 3 1 2 0 3 
3 3 3 3 3 3 0 0 0 0 0 0 0 0 0 0 
0 0 0 0 0 0 0 0 1 0 0 0 0 0 0 0 
0 0 0 3 0 0 0 0 2 1 1 1 1 1 1 1 
2 1 0 1 2 3 3 1 2 0 2 0 2 3 0 2 
3 1 2 1 0 1 3 1 0 0 2 2 2 2 1 0 
2 1 0 0 0 0 0 0 0 0 0 0 0 0 0 0 
1 2 2 2 0 3 0 1 0 2 1 1 1 3 3 2 
2 2 2 2 2 2 2 2 2 2 2 2 2 2 2 0 
1 1 1 1 1 1 1 1 1 1 0 0 0 0 0 0 
1 1 1 1 1 1 1 1 0 1 0 0 0 0 0 0 
2 2 2 2 0 0 0 0 0 0 0 0 0 0 0 0 
3 2 2 3 3 1 1 3 0 0 1 0 0 0 0 0 
1 1 1 1 3 3 3 2 0 0 0 0 0 0 0 0 
3 1 1 2 0 0 0 0 0 0 0 0 0 0 0 0 
3 1 2 0 3 1 3 1 0 0 2 2 2 2 1 0 
3 1 2 0 0 1 3 1 0 0 2 2 2 2 1 0 
3 2 2 3 3 1 1 3 0 0 0 0 0 1 0 0 
2 0 3 3 3 2 1 3 1 3 0 1 2 0 0 3 
1 1 3 2 2 1 2 2 1 3 1 3 1 1 1 1 
3 1 1 0 3 2 0 3 2 1 3 1 0 3 2 1 
0 2 0 0 0 0 0 1 1 1 0 0 0 0 0 0 
2 0 1 3 1 0 3 0 0 1 0 3 0 3 3 2 
0 0 0 0 0 0 0 0 2 2 3 2 3 3 3 2 
3 1 1 3 1 1 1 1 3 1 1 1 1 1 1 1 
2 2 2 2 2 2 2 2 2 0 0 0 0 0 0 0 
2 2 2 2 2 2 2 2 2 2 0 0 0 0 0 0 
0 1 3 0 0 1 3 1 0 0 2 2 2 2 1 0 
3 3 3 3 3 3 3 3 3 3 3 3 0 0 0 0 
0 3 0 0 3 1 2 1 0 0 2 3 3 0 0 2 
0 1 1 0 0 0 0 0 1 0 0 0 0 0 0 0 
2 2 2 2 2 2 2 2 2 2 2 2 2 2 0 0 
3 3 3 3 3 3 3 3 3 3 3 3 3 0 0 0 
3 1 2 1 2 1 2 3 0 0 0 0 0 0 0 0 
3 0 2 1 1 2 1 2 1 2 3 3 3 1 1 2 
3 1 1 0 3 2 0 3 2 3 2 2 2 2 1 0 
3 0 0 0 0 0 0 0 0 0 0 0 0 0 0 0 
1 1 1 1 1 1 0 0 0 0 0 0 0 0 0 0 
0 1 1 0 1 1 1 1 1 1 1 1 0 0 0 0 
0 0 0 0 0 0 0 0 2 1 1 1 1 1 1 1 
1 0 0 0 1 0 0 3 0 0 1 0 2 1 1 3 
1 1 0 0 0 0 0 0 0 0 0 0 0 0 0 0 
0 0 0 0 0 0 0 0 3 3 2 3 2 2 2 3 
0 0 0 0 1 0 2 0 0 1 0 0 0 2 0 3 
1 1 2 0 1 3 1 2 3 2 0 0 0 3 0 3 
3 2 2 3 3 1 1 3 0 0 0 0 0 0 1 0 
0 1 1 0 1 3 1 3 2 3 2 3 2 2 2 3 
3 3 3 0 0 2 0 0 2 2 3 2 0 3 0 1 
0 1 1 0 1 1 1 1 1 0 0 0 0 0 0 0 
2 1 3 1 0 0 0 0 0 0 0 0 0 0 0 0 
3 3 3 3 3 3 3 3 0 0 0 0 0 0 0 0 
0 1 1 1 0 0 0 0 1 0 0 0 0 0 0 0 
3 2 2 3 3 1 1 3 0 0 0 0 0 0 0 1 
1 0 0 0 0 0 0 0 0 0 0 0 0 0 0 0 
3 1 0 0 0 0 0 0 0 0 0 0 0 0 0 0 
1 1 1 1 1 1 1 1 1 1 1 0 0 0 0 0 
0 1 1 0 1 0 0 0 1 0 0 0 0 0 0 0 
3 3 0 0 0 0 0 0 0 0 0 0 0 0 0 0 
3 1 2 0 0 0 0 0 0 0 0 0 0 0 0 0 
1 2 1 2 1 3 3 0 0 0 0 0 0 0 0 0 
0 0 2 1 1 3 0 2 3 1 0 0 0 2 0 3 
0 0 0 0 0 1 0 0 2 1 1 1 1 1 1 1 
0 3 3 0 3 2 3 2 1 2 1 2 1 3 2 3 
1 1 1 1 1 1 1 1 0 0 0 0 0 0 0 0 
1 3 3 2 1 2 3 1 2 0 0 0 0 0 0 0 
3 1 1 0 3 0 0 3 2 0 2 2 2 2 1 0 
0 1 1 2 1 2 0 2 3 1 0 0 0 2 0 3 
0 0 0 0 1 0 2 1 0 0 2 3 3 0 0 3 
1 1 1 1 1 1 1 1 1 1 1 1 1 0 0 0 
3 3 3 3 3 3 3 3 3 0 0 0 0 0 0 0 
3 1 0 0 3 0 0 3 0 0 2 2 2 2 1 0 
2 1 3 1 2 0 0 0 0 0 0 0 0 0 0 0 
2 2 2 2 2 2 2 2 2 2 2 2 0 0 0 0 
1 1 1 1 1 1 1 1 0 1 1 1 0 0 0 0 
2 2 2 3 2 2 2 2 0 2 2 2 2 2 2 2 
2 3 0 2 2 0 1 3 3 2 0 2 0 0 2 0 
2 1 1 2 2 1 2 1 0 2 3 2 3 3 3 3 
2 2 2 2 2 2 0 0 0 0 0 0 0 0 0 0 
MFS
[ 0 , - , - , - , 1 , - , - , - , - , - , - , - , - , - , - , - ]
[ - , 1 , - , 0 , - , - , - , - , - , - , - , - , - , - , - , - ]
[ 0 , 0 , 0 , 0 , 0 , 0 , 0 , 0 , - , - , - , - , - , - , - , - ]
[ - , - , - , - , - , - , - , - , 0 , 0 , 0 , 0 , 0 , 0 , 0 , 0 ]
precise
0.5
recall
1.0
F-measure
0.6666666666666666
multi
0
time
all 13763 iden 12893 gen 722
t-cover
1920
all-cover
1920
coveredNum
(1 : 512)  (2 : 485)  (3 : 326)  (4 : 160)  (5 : 64)  (6 : 54)  (7 : 64)  (8 : 56)  (9 : 48)  (10 : 46)  (11 : 29)  (12 : 8)  (13 : 12)  (14 : 9)  (15 : 6)  (16 : 6)  (17 : 6)  (18 : 9)  (19 : 6)  (20 : 6)  (21 : 7)  (22 : 1)  
real Identify
([ 0 , - , - , - , 1 , - , - , - , - , - , - , - , - , - , - , - ] : 1)  ([ - , 1 , - , 0 , - , - , - , - , - , - , - , - , - , - , - , - ] : 1)  
wrong Checked
4
wrong identified
2
testCase Num: 179
regaular Num: 30
identify Num: 150
3 3 3 3 3 3 3 0 0 0 0 0 0 0 0 0 
1 1 1 1 0 0 0 0 0 0 0 0 0 0 0 0 
3 3 3 3 1 1 3 1 0 0 0 0 1 0 0 0 
3 3 3 3 2 2 3 2 0 3 0 0 0 0 0 0 
2 0 0 0 0 0 0 0 3 1 3 1 1 1 2 1 
2 1 0 0 1 2 0 3 2 1 2 2 0 2 2 3 
2 1 0 0 1 2 0 3 0 1 2 0 0 2 1 3 
1 1 1 1 1 1 1 1 1 1 1 1 1 1 1 0 
3 3 3 3 1 1 3 1 0 0 0 0 0 0 3 0 
0 1 1 0 1 1 1 0 1 0 0 0 0 0 0 0 
0 3 3 2 1 0 1 1 2 1 1 3 0 0 1 0 
2 2 0 0 0 0 0 0 0 0 0 0 0 0 0 0 
3 3 3 3 3 3 3 3 3 3 3 3 3 3 3 0 
0 1 1 0 1 1 1 1 1 1 1 0 0 0 0 0 
3 0 2 0 0 3 1 0 0 3 2 1 3 0 2 0 
0 1 0 0 0 0 0 0 1 0 0 0 0 0 0 0 
1 1 1 1 1 1 1 1 1 1 1 1 1 1 0 0 
1 1 1 1 1 1 1 1 0 1 1 1 1 1 0 0 
1 1 3 0 0 3 1 3 2 2 0 0 1 2 2 2 
2 2 1 2 0 3 0 1 1 3 3 2 1 2 3 1 
0 0 1 2 1 0 2 1 3 3 0 2 1 3 0 3 
2 1 1 2 3 3 1 3 2 0 0 0 0 0 0 0 
1 1 1 1 1 1 1 1 1 0 0 0 0 0 0 0 
1 2 1 0 2 0 2 2 3 0 1 1 2 0 1 3 
1 0 3 0 0 0 0 0 1 0 0 0 0 0 0 0 
3 3 3 3 1 1 3 1 0 0 0 1 0 0 0 0 
2 1 3 0 3 1 2 2 3 0 1 1 2 0 1 3 
2 1 0 0 0 1 3 0 0 3 2 3 0 2 2 0 
3 2 2 2 2 2 2 2 0 2 2 2 2 2 2 2 
3 3 3 3 0 0 0 0 0 0 0 0 0 0 0 0 
1 2 0 1 1 3 3 0 0 1 1 3 0 0 1 0 
0 0 0 0 1 0 0 0 3 1 3 1 1 1 2 1 
2 0 0 0 0 0 0 0 0 0 0 0 0 0 0 0 
1 2 3 0 0 2 0 3 3 0 2 3 3 1 0 1 
3 3 3 3 3 0 0 0 0 0 0 0 0 0 0 0 
0 0 2 1 0 3 1 2 3 0 3 0 1 1 1 2 
1 1 3 3 1 0 1 0 0 2 2 2 3 3 3 2 
2 2 2 2 2 2 2 2 2 2 2 0 0 0 0 0 
2 3 1 1 0 0 0 0 0 0 0 0 0 0 0 0 
2 2 2 2 2 2 2 0 0 0 0 0 0 0 0 0 
1 1 1 1 1 1 1 1 1 1 1 1 0 0 0 0 
1 1 1 1 1 1 1 1 0 1 1 1 1 1 1 0 
1 1 1 1 1 1 1 1 0 1 1 1 1 1 1 1 
0 2 2 0 3 1 3 3 2 3 1 2 3 2 1 2 
1 0 1 1 1 2 2 3 2 2 2 1 1 1 2 1 
0 2 0 1 1 3 3 0 0 1 1 3 0 0 1 0 
1 2 0 1 2 3 3 0 0 1 1 3 0 0 1 0 
0 3 3 0 2 3 3 2 3 3 3 3 3 3 3 3 
0 2 0 1 2 1 1 3 0 2 0 0 2 0 0 1 
3 0 0 3 3 0 2 3 1 1 2 0 0 2 0 3 
1 3 0 0 0 0 1 0 0 0 0 2 0 0 0 0 
0 0 1 3 0 0 0 0 0 0 0 0 0 1 0 0 
2 1 3 0 3 2 0 1 0 2 1 1 2 0 1 3 
2 3 1 2 0 1 3 2 3 1 0 2 3 0 0 2 
0 1 1 0 1 1 1 1 1 1 1 1 1 1 1 0 
3 3 3 3 3 3 3 3 3 3 0 0 0 0 0 0 
2 2 2 2 2 0 0 0 0 0 0 0 0 0 0 0 
0 0 0 0 1 2 1 0 3 1 3 1 1 1 3 1 
0 0 3 1 1 3 3 0 0 1 1 3 0 0 1 0 
3 3 3 3 3 3 3 3 3 3 3 3 3 3 0 0 
3 2 1 1 2 2 3 1 0 0 0 0 0 0 0 0 
2 2 2 2 2 2 2 2 2 2 2 2 2 0 0 0 
0 0 1 3 1 0 3 0 0 1 1 3 0 0 1 0 
1 1 1 1 1 1 1 1 0 1 1 1 1 0 0 0 
1 3 2 3 1 3 2 1 0 0 0 0 0 0 0 0 
1 0 0 1 0 0 0 0 1 0 0 0 0 0 0 0 
1 3 1 3 2 2 1 0 0 0 0 0 0 0 0 0 
0 0 0 1 3 2 0 0 1 2 0 1 0 1 0 3 
1 0 0 0 0 0 0 0 1 0 0 0 0 0 0 0 
0 1 3 2 3 1 0 0 0 0 0 3 0 2 2 2 
2 2 2 2 2 2 2 2 0 0 0 0 0 0 0 0 
1 1 1 1 1 1 1 0 0 0 0 0 0 0 0 0 
0 1 1 0 1 1 1 1 1 1 0 0 0 0 0 0 
0 1 3 0 3 2 1 2 1 3 3 3 2 3 2 3 
0 1 1 0 1 1 1 1 1 1 1 1 1 1 0 0 
0 1 1 0 1 1 1 1 1 1 1 1 1 0 0 0 
1 1 2 3 1 2 0 0 0 0 0 0 0 0 0 0 
3 2 2 3 0 3 0 0 2 1 0 3 2 3 1 3 
1 0 0 0 0 0 0 0 3 3 0 0 0 0 0 0 
1 1 1 1 1 1 1 1 0 1 1 0 0 0 0 0 
1 2 3 1 0 0 0 0 0 0 0 0 0 0 0 0 
1 2 3 0 0 0 0 0 0 0 0 0 0 0 0 0 
3 3 3 3 1 1 3 1 0 0 0 0 0 1 0 0 
1 1 1 1 1 0 0 0 0 0 0 0 0 0 0 0 
3 3 3 0 0 0 0 0 0 0 0 0 0 0 0 0 
0 0 0 0 1 3 0 0 3 1 2 1 1 1 3 1 
0 0 3 2 1 2 0 3 1 2 0 0 3 0 1 0 
0 1 3 1 2 0 2 2 3 0 1 1 2 0 1 3 
0 3 3 2 1 0 1 3 1 2 0 3 0 0 1 0 
2 2 2 0 0 0 0 0 0 0 0 0 0 0 0 0 
0 0 0 0 0 0 0 0 0 0 0 0 0 0 0 0 
0 0 3 2 1 3 3 0 0 1 1 3 0 0 1 0 
0 0 3 2 2 3 3 0 0 1 1 3 0 0 1 0 
0 1 1 0 1 1 0 0 1 0 0 0 0 0 0 0 
3 3 3 3 3 3 3 3 3 3 3 0 0 0 0 0 
2 1 2 0 1 2 0 3 1 1 0 2 3 1 0 2 
1 1 1 0 0 0 0 0 0 0 0 0 0 0 0 0 
0 1 1 0 1 1 1 1 1 1 1 1 1 1 1 1 
3 3 3 3 3 3 0 0 0 0 0 0 0 0 0 0 
2 3 2 1 1 0 0 0 0 0 0 0 0 0 0 0 
0 0 3 2 1 2 0 1 2 0 2 2 3 1 0 0 
1 1 0 1 2 0 3 0 2 3 0 2 2 1 0 0 
0 0 0 0 0 0 0 0 1 0 0 0 0 0 0 0 
0 3 2 2 3 2 0 2 2 0 3 0 2 3 3 1 
2 2 2 2 2 2 2 2 2 2 2 2 2 2 2 0 
0 0 0 0 1 2 1 1 3 1 3 1 1 1 3 1 
1 1 1 1 1 1 1 1 1 1 0 0 0 0 0 0 
1 1 1 1 1 1 1 1 0 1 0 0 0 0 0 0 
2 3 1 1 2 3 2 3 0 2 3 3 3 3 3 3 
2 2 2 2 0 0 0 0 0 0 0 0 0 0 0 0 
0 3 1 3 1 0 1 1 0 1 1 3 0 0 1 0 
0 2 1 0 1 3 2 1 3 3 2 1 2 2 1 3 
1 0 0 0 2 0 0 1 0 0 1 3 0 0 3 0 
0 3 1 3 1 1 1 1 2 0 3 0 1 1 0 2 
0 0 0 0 2 1 3 1 1 2 2 1 3 3 2 2 
0 0 0 3 0 0 0 0 3 1 2 1 1 1 3 1 
2 2 2 0 1 2 2 0 3 2 1 0 0 3 0 0 
2 2 2 2 2 2 2 2 2 0 0 0 0 0 0 0 
2 3 3 3 0 0 0 0 3 1 1 1 1 1 2 1 
2 1 2 0 1 2 3 3 3 0 1 1 2 0 1 3 
3 3 3 3 1 1 3 1 0 0 0 0 0 0 0 1 
2 2 2 2 2 2 2 2 2 2 0 0 0 0 0 0 
2 3 2 2 1 0 0 1 1 2 2 1 2 2 1 0 
3 3 3 3 3 3 3 3 3 3 3 3 0 0 0 0 
0 0 0 0 1 3 2 2 1 3 1 3 2 3 1 3 
3 3 3 3 1 1 3 1 0 0 3 0 0 0 0 0 
0 1 1 0 0 0 0 0 1 0 0 0 0 0 0 0 
2 2 2 2 2 2 2 2 2 2 2 2 2 2 0 0 
3 3 3 3 3 3 3 3 3 3 3 3 3 0 0 0 
0 0 3 2 1 1 2 1 2 2 0 2 0 0 1 0 
2 1 3 0 0 3 3 1 0 3 2 2 0 0 1 3 
1 0 3 1 2 1 2 1 2 3 0 2 1 3 2 3 
1 3 2 0 0 0 0 0 0 0 0 0 0 0 0 0 
3 0 0 0 0 0 0 0 0 0 0 0 0 0 0 0 
0 0 0 0 0 0 0 0 3 1 3 1 1 1 2 1 
0 3 3 2 1 0 1 1 1 2 1 3 0 0 1 0 
0 3 1 3 1 1 1 1 2 0 0 0 3 1 1 0 
1 1 1 1 1 1 0 0 0 0 0 0 0 0 0 0 
1 1 2 1 3 2 1 1 3 1 3 3 1 2 1 1 
0 1 1 0 1 1 1 1 1 1 1 1 0 0 0 0 
1 0 0 2 1 3 1 2 1 3 1 3 2 1 1 3 
1 1 0 0 0 0 0 0 0 0 0 0 0 0 0 0 
2 1 2 0 0 2 3 1 0 0 1 1 2 0 1 3 
0 0 0 1 0 0 2 0 0 2 0 0 3 0 2 0 
0 3 1 3 1 0 1 0 0 1 1 3 0 0 1 0 
0 1 1 0 1 1 1 1 1 0 0 0 0 0 0 0 
3 3 3 3 3 3 3 3 0 0 0 0 0 0 0 0 
2 1 2 0 2 0 2 2 3 0 1 1 2 0 1 3 
2 1 3 0 3 1 3 3 0 1 2 3 2 0 1 3 
2 1 1 2 3 0 0 0 0 0 0 0 0 0 0 0 
0 1 1 1 0 0 0 0 1 0 0 0 0 0 0 0 
3 1 1 0 2 0 2 2 3 0 1 1 2 0 1 3 
0 3 0 0 0 0 0 0 3 1 2 1 1 1 3 1 
1 0 0 0 0 0 0 0 0 0 0 0 0 0 0 0 
3 1 0 0 0 0 0 0 0 0 0 0 0 0 0 0 
1 1 1 1 1 1 1 1 1 1 1 0 0 0 0 0 
1 0 0 0 0 0 3 0 0 0 0 0 0 0 0 3 
0 1 1 0 1 0 0 0 1 0 0 0 0 0 0 0 
0 0 3 2 1 2 0 1 1 0 2 0 3 1 2 3 
3 3 0 0 0 0 0 0 0 0 0 0 0 0 0 0 
1 2 0 0 0 0 0 0 0 0 0 0 0 0 0 0 
2 1 2 0 3 1 3 2 3 0 1 1 2 0 1 3 
2 1 3 0 3 3 3 1 0 3 2 1 2 0 1 3 
1 1 1 1 1 1 1 1 0 0 0 0 0 0 0 0 
0 0 3 0 0 0 0 0 3 1 2 1 1 1 3 1 
3 1 0 1 0 0 0 0 0 0 0 0 0 0 0 1 
1 1 1 1 1 1 1 1 1 1 1 1 1 0 0 0 
3 3 3 3 3 3 3 3 3 0 0 0 0 0 0 0 
3 2 1 2 1 3 1 0 0 0 0 0 0 0 0 0 
2 2 2 2 2 2 2 2 2 2 2 2 0 0 0 0 
1 1 1 1 1 1 1 1 0 1 1 1 0 0 0 0 
2 2 1 3 3 1 0 0 0 0 0 0 0 0 0 0 
3 2 1 1 2 0 2 2 3 0 1 1 2 0 1 3 
1 2 3 1 3 2 1 2 0 0 0 0 0 0 0 0 
2 1 3 2 1 1 2 2 0 0 0 0 0 0 0 0 
0 0 0 1 1 3 3 0 0 1 1 3 0 0 1 0 
1 1 1 0 2 0 2 2 3 0 1 1 2 0 1 3 
2 2 2 2 2 2 0 0 0 0 0 0 0 0 0 0 
2 1 2 0 3 0 2 2 3 0 1 1 2 0 1 3 
MFS
[ 0 , - , - , - , 1 , - , - , - , - , - , - , - , - , - , - , - ]
[ 0 , - , - , 0 , - , - , - , - , - , - , - , - , - , - , - , - ]
[ - , 1 , - , 0 , - , - , - , - , - , - , - , - , - , - , - , - ]
[ - , - , - , - , - , - , - , - , 0 , 0 , 0 , 0 , 0 , 0 , 0 , 0 ]
precise
0.5
recall
1.0
F-measure
0.6666666666666666
multi
0
time
all 14170 iden 13217 gen 759
t-cover
1920
all-cover
1920
coveredNum
(1 : 511)  (2 : 457)  (3 : 315)  (4 : 208)  (5 : 97)  (6 : 74)  (7 : 62)  (8 : 56)  (9 : 30)  (10 : 16)  (11 : 20)  (12 : 14)  (13 : 10)  (14 : 10)  (15 : 6)  (16 : 4)  (17 : 4)  (18 : 5)  (19 : 6)  (20 : 6)  (21 : 4)  (22 : 4)  (23 : 1)  
real Identify
([ 0 , - , - , - , 1 , - , - , - , - , - , - , - , - , - , - , - ] : 1)  ([ - , 1 , - , 0 , - , - , - , - , - , - , - , - , - , - , - , - ] : 1)  
wrong Checked
4
wrong identified
2
testCase Num: 180
regaular Num: 32
identify Num: 149
0 1 0 2 1 3 0 0 0 1 0 3 3 0 0 3 
3 3 3 3 3 3 3 0 0 0 0 0 0 0 0 0 
0 0 2 0 0 0 0 0 3 1 1 1 1 1 1 1 
1 3 1 1 1 3 3 2 0 0 0 0 0 0 0 0 
1 1 1 1 0 0 0 0 0 0 0 0 0 0 0 0 
2 3 3 3 3 3 3 3 0 3 0 0 0 0 0 0 
1 1 1 1 1 1 1 1 1 1 1 1 1 1 1 0 
0 1 0 2 1 2 0 0 2 3 0 0 3 2 0 0 
0 1 1 0 1 1 1 0 1 0 0 0 0 0 0 0 
2 2 0 0 0 0 0 0 0 0 0 0 0 0 0 0 
3 3 3 3 3 3 3 3 3 3 3 3 3 3 3 0 
0 1 1 0 1 1 1 1 1 1 1 0 0 0 0 0 
0 1 0 0 0 0 0 0 1 0 0 0 0 0 0 0 
1 1 1 1 1 1 1 1 1 1 1 1 1 1 0 0 
1 1 1 1 1 1 1 1 0 1 1 1 1 1 0 0 
1 1 1 1 1 1 1 1 1 0 0 0 0 0 0 0 
0 0 0 1 0 0 0 0 0 0 0 0 1 0 0 3 
2 0 0 0 0 0 0 0 3 1 1 1 1 1 1 1 
0 0 0 1 0 0 0 0 0 0 0 0 1 0 0 2 
2 2 1 2 3 2 3 2 3 0 2 0 2 1 3 2 
3 3 3 3 0 0 0 0 0 0 0 0 0 0 0 0 
3 1 2 0 2 1 2 3 2 3 1 3 1 2 2 1 
0 0 0 0 0 0 0 0 1 2 3 2 3 1 3 3 
0 3 1 2 1 3 3 1 3 2 1 2 0 3 1 2 
1 0 0 0 3 0 0 0 0 0 0 0 0 0 2 0 
2 0 0 0 0 0 0 0 0 0 0 0 0 0 0 0 
3 3 3 3 3 0 0 0 0 0 0 0 0 0 0 0 
0 0 1 2 1 3 3 0 2 1 0 3 3 0 0 2 
2 2 2 2 2 2 2 2 2 2 2 0 0 0 0 0 
2 3 1 1 0 0 0 0 0 0 0 0 0 0 0 0 
2 2 2 2 2 2 2 0 0 0 0 0 0 0 0 0 
3 3 2 2 2 1 1 0 0 0 0 0 0 0 0 0 
1 1 1 1 1 1 1 1 1 1 1 1 0 0 0 0 
1 1 1 1 1 1 1 1 0 1 1 1 1 1 1 0 
1 1 1 1 1 1 1 1 0 1 1 1 1 1 1 1 
0 1 3 0 3 2 2 3 1 1 2 1 2 2 2 2 
0 0 1 2 1 2 3 0 2 2 1 2 0 3 1 2 
0 0 1 1 1 1 3 3 2 3 2 0 1 1 2 3 
1 3 0 0 0 0 0 0 0 0 0 0 0 0 0 0 
0 0 0 0 0 0 0 1 3 1 1 1 1 1 1 1 
1 1 2 3 1 1 1 1 2 1 1 1 1 1 1 1 
1 1 3 0 1 0 2 1 0 2 1 2 2 1 3 2 
3 2 1 1 1 2 2 3 3 0 0 0 0 0 0 0 
0 0 3 3 1 0 2 1 3 2 1 2 0 3 1 2 
0 1 1 0 1 1 1 1 1 1 1 1 1 1 1 0 
0 0 0 0 0 0 0 0 2 3 2 3 2 2 2 2 
3 3 3 3 3 3 3 3 3 3 0 0 0 0 0 0 
0 0 1 3 1 0 2 1 3 2 1 2 0 3 1 2 
1 3 1 2 0 1 0 2 2 2 2 2 2 0 0 0 
3 1 3 0 1 3 0 1 3 0 2 0 2 1 3 2 
2 2 2 2 2 0 0 0 0 0 0 0 0 0 0 0 
3 3 3 3 3 3 3 3 3 3 3 3 3 3 0 0 
3 0 0 1 1 0 3 2 1 1 1 1 3 1 1 3 
2 2 2 2 2 2 2 2 2 2 2 2 2 0 0 0 
0 0 0 0 0 0 1 0 3 1 1 1 1 1 1 1 
1 1 1 1 1 1 1 1 0 1 1 1 1 0 0 0 
1 0 0 1 0 0 0 0 1 0 0 0 0 0 0 0 
1 0 0 0 0 0 0 0 1 0 0 0 0 0 0 0 
0 0 0 0 0 1 0 0 3 1 1 1 1 1 1 1 
1 2 1 0 3 2 3 2 3 0 2 0 2 1 3 2 
2 2 2 2 2 2 2 2 0 0 0 0 0 0 0 0 
1 1 1 1 1 1 1 0 0 0 0 0 0 0 0 0 
0 1 1 0 1 1 1 1 1 1 0 0 0 0 0 0 
0 1 1 2 1 0 2 1 3 2 1 2 0 3 1 2 
0 1 1 0 1 1 1 1 1 1 1 1 1 1 0 0 
3 1 3 0 1 3 1 1 2 2 2 0 2 1 3 2 
0 0 1 2 1 3 3 0 2 1 0 2 0 3 1 2 
0 1 1 0 1 1 1 1 1 1 1 1 1 0 0 0 
0 3 1 0 1 3 3 1 3 2 3 3 2 2 1 2 
1 1 3 2 3 2 3 2 3 0 2 0 2 1 3 2 
3 0 1 0 0 3 3 2 2 1 2 3 1 0 2 0 
1 1 1 1 1 1 1 1 0 1 1 0 0 0 0 0 
1 1 1 0 3 2 3 2 3 0 2 0 2 1 3 2 
0 1 2 1 0 0 1 1 0 0 2 0 0 2 0 3 
2 3 2 3 1 1 0 0 0 0 0 0 0 0 0 0 
2 3 3 3 2 1 1 1 0 0 0 0 0 1 0 0 
1 2 3 0 0 0 0 0 0 0 0 0 0 0 0 0 
1 2 1 3 0 1 3 1 3 0 3 3 3 2 2 3 
1 1 1 1 1 0 0 0 0 0 0 0 0 0 0 0 
3 3 3 0 0 0 0 0 0 0 0 0 0 0 0 0 
2 2 2 0 0 0 0 0 0 0 0 0 0 0 0 0 
2 3 2 3 3 1 1 1 0 0 1 0 0 0 0 0 
0 0 1 2 1 3 2 1 3 2 1 2 0 3 1 2 
0 0 0 0 0 0 0 0 0 0 0 0 0 0 0 0 
0 1 1 0 1 1 0 0 1 0 0 0 0 0 0 0 
1 1 3 0 3 2 3 2 3 0 2 0 2 1 3 2 
0 3 3 0 3 2 2 2 2 3 3 3 3 3 3 3 
3 3 3 3 3 3 3 3 3 3 3 0 0 0 0 0 
3 2 1 1 0 0 0 0 0 0 0 0 0 0 0 0 
1 1 1 0 0 0 0 0 0 0 0 0 0 0 0 0 
3 2 1 0 0 0 0 0 0 0 0 0 0 0 0 0 
0 1 1 0 1 1 1 1 1 1 1 1 1 1 1 1 
3 1 3 0 1 0 0 1 2 2 0 2 0 2 3 2 
0 0 1 2 1 3 3 3 2 3 1 2 0 3 1 2 
3 3 3 3 3 3 0 0 0 0 0 0 0 0 0 0 
3 1 3 0 1 0 2 1 2 2 3 0 2 1 3 2 
2 3 3 2 1 1 2 1 0 0 0 0 0 0 0 0 
0 0 0 0 0 0 0 0 1 0 0 0 0 0 0 0 
0 0 0 2 0 0 0 0 3 1 1 1 1 1 1 1 
0 3 0 2 0 3 0 0 3 3 0 1 0 1 0 0 
2 0 3 0 3 2 0 0 2 1 0 2 3 0 0 3 
2 2 2 2 2 2 2 2 2 2 2 2 2 2 2 0 
3 2 3 3 1 0 2 1 3 2 1 2 0 3 1 2 
1 1 1 1 1 1 1 1 1 1 0 0 0 0 0 0 
1 1 1 1 1 1 1 1 0 1 0 0 0 0 0 0 
1 2 3 2 1 0 0 0 0 0 0 0 0 0 0 0 
2 2 2 2 0 0 0 0 0 0 0 0 0 0 0 0 
1 1 3 0 1 0 0 0 0 2 0 2 0 2 1 3 
0 0 1 2 1 3 3 3 2 1 0 3 1 0 1 2 
1 1 0 0 1 3 0 3 0 1 3 3 0 3 0 0 
2 1 2 1 0 1 2 3 2 3 3 2 3 1 2 2 
1 1 3 0 1 2 3 2 3 0 2 0 2 1 3 2 
2 2 2 2 2 2 2 2 2 0 0 0 0 0 0 0 
3 2 2 0 0 1 2 3 1 2 1 0 0 3 2 0 
0 0 1 2 3 0 2 1 3 2 1 2 0 3 1 2 
0 0 0 3 0 0 0 2 0 1 0 0 0 0 0 0 
2 2 2 2 2 2 2 2 2 2 0 0 0 0 0 0 
1 0 0 0 2 0 2 0 2 0 3 0 0 0 0 0 
3 3 3 3 3 3 3 3 3 3 3 3 0 0 0 0 
0 1 1 0 0 0 0 0 1 0 0 0 0 0 0 0 
2 2 2 2 2 2 2 2 2 2 2 2 2 2 0 0 
3 3 3 3 3 3 3 3 3 3 3 3 3 0 0 0 
2 0 2 1 2 2 1 1 1 3 0 3 1 3 2 1 
1 0 0 1 3 3 2 0 1 2 3 2 1 2 3 1 
3 1 3 0 1 0 1 1 2 2 0 2 0 2 2 2 
3 0 0 0 0 0 0 0 0 0 0 0 0 0 0 0 
2 3 2 3 3 1 1 1 0 0 0 0 0 0 0 1 
1 1 1 1 1 1 0 0 0 0 0 0 0 0 0 0 
0 2 0 0 0 0 0 0 3 1 1 1 1 1 1 1 
0 0 3 1 0 2 2 3 0 1 2 1 2 2 2 2 
2 3 3 3 2 1 1 1 0 0 0 0 0 0 1 0 
0 3 1 2 1 3 3 3 3 2 1 2 0 3 1 2 
0 1 1 0 1 1 1 1 1 1 1 1 0 0 0 0 
0 2 3 3 1 0 2 1 3 2 1 2 0 3 1 2 
1 0 0 0 2 0 0 0 0 1 2 0 3 3 0 0 
1 1 0 0 0 0 0 0 0 0 0 0 0 0 0 0 
1 1 3 0 1 3 1 2 3 0 2 0 2 1 3 2 
0 0 0 1 0 2 0 0 0 0 1 0 2 0 3 0 
2 3 2 3 3 1 1 1 0 0 0 1 0 0 0 0 
3 3 0 3 1 0 0 0 1 3 2 3 2 3 2 2 
1 0 0 0 0 0 0 0 0 2 0 1 0 3 0 0 
3 0 3 2 1 0 1 2 1 0 0 0 3 0 0 1 
0 1 1 0 1 1 1 1 1 0 0 0 0 0 0 0 
3 3 3 3 3 3 3 3 0 0 0 0 0 0 0 0 
3 2 3 3 3 0 2 1 3 2 1 2 0 3 1 2 
3 1 3 2 2 1 0 0 0 0 0 0 0 0 0 0 
0 1 1 1 0 0 0 0 1 0 0 0 0 0 0 0 
1 2 1 3 3 2 1 1 0 0 0 0 0 0 0 0 
3 1 3 0 1 0 2 1 2 2 1 2 0 1 3 2 
1 0 0 0 0 0 0 0 0 0 0 0 0 0 0 0 
1 2 1 0 1 3 0 3 0 3 1 3 1 2 1 1 
3 1 1 2 2 3 1 3 0 2 3 2 3 3 3 3 
0 0 0 0 2 0 0 0 3 1 1 1 1 1 1 1 
1 1 1 1 1 1 1 1 1 1 1 0 0 0 0 0 
0 1 1 0 1 0 0 0 1 0 0 0 0 0 0 0 
3 3 0 0 0 0 0 0 0 0 0 0 0 0 0 0 
0 0 1 2 1 3 3 3 2 1 0 3 1 3 1 2 
1 2 0 0 0 0 0 0 0 0 0 0 0 0 0 0 
1 3 1 3 2 0 0 0 0 0 0 0 0 0 0 0 
1 1 1 1 1 1 1 1 0 0 0 0 0 0 0 0 
0 0 0 3 0 2 3 0 0 0 2 2 2 3 1 1 
3 1 2 3 2 1 1 3 0 0 0 0 0 0 0 0 
2 3 0 1 1 0 0 3 2 1 3 0 0 2 3 0 
1 1 1 1 1 1 1 1 1 1 1 1 1 0 0 0 
3 1 3 0 1 3 1 1 2 0 2 0 2 1 3 2 
3 3 3 3 3 3 3 3 3 0 0 0 0 0 0 0 
0 0 1 2 1 3 3 0 2 1 0 3 0 3 1 2 
2 2 2 2 2 2 2 2 2 2 2 2 0 0 0 0 
1 1 1 1 1 1 1 1 0 1 1 1 0 0 0 0 
2 1 1 0 3 2 3 2 3 0 2 0 2 1 3 2 
3 0 2 0 0 1 0 0 0 0 0 0 2 2 3 3 
1 3 1 1 3 2 2 0 0 0 0 0 0 0 0 0 
1 1 3 0 1 3 3 2 3 0 2 0 2 1 3 2 
2 3 3 3 2 1 1 1 0 0 0 0 1 0 0 0 
0 0 0 0 0 0 0 0 3 1 1 1 1 1 1 1 
1 0 0 0 0 0 0 0 0 0 3 0 0 0 1 0 
2 2 2 2 2 3 3 2 0 2 2 2 2 2 2 2 
0 1 0 2 0 2 2 2 0 2 0 3 0 1 0 2 
2 2 2 2 2 2 0 0 0 0 0 0 0 0 0 0 
0 2 1 3 0 3 1 1 2 0 3 1 2 0 3 2 
MFS
[ 0 , - , - , - , 1 , - , - , - , - , - , - , - , - , - , - , - ]
[ 0 , - , - , 0 , - , - , - , - , - , - , - , - , - , - , - , - ]
[ - , 1 , - , 0 , - , - , - , - , - , - , - , - , - , - , - , - ]
[ 0 , 0 , 0 , 0 , 0 , 0 , 0 , 0 , - , - , - , - , - , - , - , - ]
[ - , - , - , - , - , - , - , - , 0 , 0 , 0 , 0 , 0 , 0 , 0 , 0 ]
precise
0.4
recall
1.0
F-measure
0.5714285714285715
multi
0
time
all 13390 iden 12399 gen 791
t-cover
1920
all-cover
1920
coveredNum
(1 : 423)  (2 : 480)  (3 : 367)  (4 : 178)  (5 : 105)  (6 : 55)  (7 : 55)  (8 : 54)  (9 : 47)  (10 : 38)  (11 : 20)  (12 : 14)  (13 : 24)  (14 : 14)  (15 : 6)  (16 : 3)  (17 : 4)  (18 : 5)  (19 : 5)  (20 : 8)  (21 : 10)  (22 : 3)  (23 : 1)  (25 : 1)  
real Identify
([ 0 , - , - , - , 1 , - , - , - , - , - , - , - , - , - , - , - ] : 1)  ([ - , 1 , - , 0 , - , - , - , - , - , - , - , - , - , - , - , - ] : 1)  
wrong Checked
3
wrong identified
3
testCase Num: 200
regaular Num: 32
identify Num: 169
3 0 2 0 1 2 0 2 1 3 0 2 3 0 1 0 
2 3 1 3 1 1 3 0 3 3 3 3 3 3 3 3 
2 0 1 0 1 1 1 1 0 0 0 0 0 0 0 0 
2 1 2 0 3 3 3 0 3 3 3 3 3 3 3 3 
1 1 1 1 1 1 1 1 1 1 1 1 1 1 1 0 
0 1 1 0 1 1 1 0 1 0 0 0 0 0 0 0 
1 0 1 0 1 1 1 1 0 1 0 0 0 0 0 0 
2 2 0 0 0 0 0 0 0 0 0 0 0 0 0 0 
0 1 1 0 1 1 1 1 1 1 1 0 0 0 0 0 
0 1 0 0 0 0 0 0 1 0 0 0 0 0 0 0 
0 1 2 2 1 2 1 2 1 1 2 0 1 0 2 2 
1 1 1 1 1 1 1 1 1 1 1 1 1 1 0 0 
1 0 1 0 1 1 1 1 0 0 0 0 1 0 0 0 
1 3 1 0 0 0 3 3 2 3 2 2 0 2 1 2 
3 3 3 3 0 0 0 0 0 0 0 0 0 0 0 0 
3 1 1 0 3 0 1 2 2 3 3 2 2 2 0 1 
2 1 3 0 2 0 1 1 2 1 3 3 3 3 3 3 
2 2 0 3 1 1 3 0 3 3 3 3 3 3 3 3 
2 2 2 2 2 2 2 2 2 2 2 0 0 0 0 0 
2 2 2 2 2 2 2 0 0 0 0 0 0 0 0 0 
2 2 0 3 1 1 3 0 2 3 3 1 3 3 3 3 
1 1 1 1 1 1 1 1 1 1 1 1 0 0 0 0 
2 1 3 0 2 2 0 1 3 1 1 3 3 3 3 3 
2 1 2 2 0 2 2 0 1 1 1 1 1 2 2 0 
3 1 2 2 2 2 1 3 2 1 2 0 3 2 0 3 
0 1 1 0 1 1 1 1 1 1 1 1 1 1 1 0 
2 2 1 3 1 3 1 0 0 0 0 0 0 0 0 0 
1 0 1 0 1 0 0 0 0 0 0 0 0 0 0 0 
2 2 2 2 2 2 2 2 2 2 2 2 2 0 0 0 
1 0 0 1 0 0 0 0 1 0 0 0 0 0 0 0 
3 1 2 0 3 1 1 1 3 2 2 3 1 1 0 1 
3 3 3 1 1 1 3 0 3 3 3 3 3 3 3 3 
1 0 0 0 0 0 0 0 1 0 0 0 0 0 0 0 
2 1 1 0 3 0 1 2 2 3 3 2 2 1 0 1 
2 2 2 2 2 2 2 2 0 0 0 0 0 0 0 0 
0 1 1 0 1 1 1 1 1 1 1 1 1 1 0 0 
0 0 1 3 0 1 0 1 2 2 3 3 2 0 2 1 
0 3 3 1 1 2 0 1 1 1 2 1 2 2 1 3 
0 1 1 0 1 1 1 1 1 1 1 1 1 0 0 0 
3 0 3 1 0 3 1 2 3 0 0 3 2 2 2 2 
3 3 3 0 0 0 0 0 0 0 0 0 0 0 0 0 
0 3 2 1 1 0 0 1 2 1 2 2 2 1 3 3 
3 3 3 3 3 3 3 3 3 3 3 0 0 0 0 0 
0 1 1 0 1 1 1 1 1 1 1 1 1 1 1 1 
0 0 1 1 0 3 2 0 0 0 2 2 3 1 3 3 
3 3 1 1 3 2 0 2 3 3 3 3 3 3 3 3 
3 0 1 2 1 3 1 3 0 1 1 1 1 1 1 1 
1 1 1 1 1 1 1 1 0 1 0 0 0 0 0 0 
1 2 0 1 2 0 3 0 0 2 1 3 3 0 0 1 
1 0 1 0 1 2 1 1 0 0 0 0 0 0 0 0 
1 1 3 1 2 3 2 2 0 0 0 0 0 0 0 0 
3 1 1 0 3 2 3 1 3 2 2 3 1 1 0 1 
2 1 3 0 2 2 0 1 1 1 1 1 1 2 3 3 
2 1 3 0 0 2 1 1 3 1 2 3 1 3 3 3 
0 0 0 1 0 0 0 0 0 0 0 0 2 0 1 3 
3 3 3 3 0 0 0 0 2 1 3 2 0 1 0 0 
2 1 2 0 2 0 0 1 2 1 1 1 3 3 3 3 
0 3 2 1 1 2 0 1 2 2 1 1 1 3 3 3 
3 2 0 3 3 1 3 0 1 3 3 1 3 3 3 3 
2 1 3 0 3 2 0 2 2 1 1 3 3 3 3 3 
1 2 0 2 0 0 0 0 0 0 0 0 0 0 0 0 
1 0 1 3 1 1 1 1 0 0 1 0 0 0 0 0 
2 1 3 0 3 2 0 1 3 2 2 3 1 1 1 1 
3 3 3 3 3 3 3 3 3 3 3 3 3 0 0 0 
3 1 3 3 1 2 3 1 3 2 2 3 1 1 0 1 
0 3 3 1 1 0 0 1 2 2 1 2 2 2 1 1 
3 3 0 3 1 1 3 0 3 3 3 3 3 3 3 3 
0 1 1 0 1 1 1 1 1 1 1 1 0 0 0 0 
2 0 2 0 3 0 2 0 3 0 3 3 1 2 1 1 
1 1 0 0 0 0 0 0 0 0 0 0 0 0 0 0 
0 3 0 3 1 1 3 0 2 3 3 1 3 3 3 3 
3 1 1 0 3 0 1 2 2 1 3 2 2 0 1 2 
2 1 2 0 2 3 1 2 0 0 0 0 3 3 1 0 
0 1 1 0 1 1 1 1 1 0 0 0 0 0 0 0 
0 2 0 3 1 1 3 0 3 3 3 3 3 3 3 3 
2 1 1 0 3 1 1 2 2 3 3 2 1 1 0 1 
1 1 2 2 1 0 0 2 0 3 3 0 0 1 2 1 
0 1 1 1 0 0 0 0 1 0 0 0 0 0 0 0 
1 0 0 0 0 0 0 0 0 0 0 0 0 0 0 0 
2 3 3 1 0 1 3 0 3 3 3 3 3 3 3 3 
0 1 1 0 1 0 0 0 1 0 0 0 0 0 0 0 
1 2 0 0 0 0 0 0 0 0 0 0 0 0 0 0 
0 1 0 2 3 1 1 2 3 1 1 2 2 0 1 2 
3 2 0 3 1 1 3 0 3 3 3 3 3 3 3 3 
1 0 1 0 1 1 0 0 0 0 0 0 0 0 0 0 
1 1 0 0 1 2 3 1 3 2 2 3 1 1 0 1 
0 0 3 2 2 2 3 1 0 2 2 1 0 3 2 3 
1 1 1 1 1 1 1 1 0 0 0 0 0 0 0 0 
0 2 0 3 1 1 3 0 2 3 3 1 3 3 3 3 
2 0 0 0 2 1 1 1 1 3 3 1 2 1 0 2 
1 0 0 2 0 0 0 0 0 0 0 0 0 0 0 0 
1 1 1 1 1 1 1 1 0 1 1 1 0 0 0 0 
0 3 2 1 2 1 3 0 2 3 3 1 3 3 3 3 
1 3 0 0 2 3 3 2 0 0 0 1 1 0 0 3 
2 2 2 2 2 2 0 0 0 0 0 0 0 0 0 0 
3 3 3 3 3 3 3 0 0 0 0 0 0 0 0 0 
1 1 1 1 0 0 0 0 0 0 0 0 0 0 0 0 
3 3 3 3 3 3 3 3 3 3 3 3 3 3 3 0 
1 1 1 1 1 1 1 1 0 1 1 1 1 1 0 0 
0 3 0 1 0 0 0 0 0 0 0 0 3 0 2 0 
1 1 1 1 1 1 1 1 1 0 0 0 0 0 0 0 
0 3 2 1 1 2 3 0 2 3 3 1 3 3 3 3 
1 1 2 0 2 0 1 1 3 2 1 3 1 1 3 3 
3 1 1 0 3 0 2 2 2 3 2 3 1 1 0 1 
2 0 0 0 0 0 0 0 0 0 0 0 0 0 0 0 
1 0 1 0 1 1 1 1 0 0 0 1 0 0 0 0 
3 3 3 3 3 0 0 0 0 0 0 0 0 0 0 0 
0 2 0 2 0 0 0 0 1 1 2 3 1 1 1 1 
1 0 0 0 0 3 0 0 0 0 3 0 0 0 0 0 
1 1 1 1 1 1 1 1 0 1 1 1 1 1 1 0 
1 1 1 1 1 1 1 1 0 1 1 1 1 1 1 1 
2 1 3 0 2 3 1 1 3 3 3 3 3 3 3 3 
1 1 1 1 1 0 2 2 0 0 0 0 0 3 0 0 
3 1 3 0 2 2 1 1 3 1 3 3 3 3 3 3 
2 1 1 0 0 1 2 3 0 3 1 0 0 2 2 3 
0 0 1 3 3 2 2 3 0 0 0 0 0 1 3 0 
0 3 3 0 1 2 1 2 2 1 3 3 2 2 3 2 
3 3 3 3 3 3 3 3 3 3 0 0 0 0 0 0 
1 3 3 0 1 0 1 0 1 2 0 2 2 3 3 1 
2 2 1 3 2 3 1 3 3 2 0 0 0 3 1 0 
2 2 2 2 2 0 0 0 0 0 0 0 0 0 0 0 
3 3 3 3 3 3 3 3 3 3 3 3 3 3 0 0 
1 1 1 1 1 1 1 1 0 1 1 1 1 0 0 0 
3 3 3 1 2 2 3 0 3 3 3 3 3 3 3 3 
1 1 1 1 1 1 1 0 0 0 0 0 0 0 0 0 
0 1 1 0 1 1 1 1 1 1 0 0 0 0 0 0 
1 1 1 1 1 1 1 1 0 1 1 0 0 0 0 0 
0 0 0 1 0 1 0 1 2 1 0 2 1 2 3 2 
1 2 3 0 0 0 0 0 0 0 0 0 0 0 0 0 
1 1 1 1 1 0 0 0 0 0 0 0 0 0 0 0 
2 0 2 0 3 3 0 0 0 2 2 0 3 0 0 2 
1 0 1 2 0 0 0 0 0 0 0 0 0 0 0 0 
2 1 0 3 1 1 3 0 3 3 3 3 3 3 3 3 
3 1 1 0 3 0 0 2 2 3 3 2 2 2 1 1 
2 2 2 0 0 0 0 0 0 0 0 0 0 0 0 0 
0 3 2 1 1 1 3 0 2 3 3 2 3 3 3 3 
1 0 1 0 1 1 1 1 0 0 0 0 0 1 0 0 
0 0 0 0 0 0 0 0 0 0 0 0 0 0 0 0 
1 0 1 0 1 1 1 1 1 0 0 0 0 0 0 0 
1 0 1 0 1 1 1 0 0 0 0 0 0 0 0 0 
0 1 1 0 1 1 0 0 1 0 0 0 0 0 0 0 
1 1 1 0 0 0 0 0 0 0 0 0 0 0 0 0 
2 1 2 0 1 1 3 0 3 3 3 3 3 3 3 3 
3 3 3 3 3 3 0 0 0 0 0 0 0 0 0 0 
2 1 3 0 0 0 1 1 3 1 2 3 2 1 1 3 
0 0 0 0 0 0 0 0 1 0 0 0 0 0 0 0 
2 2 2 2 2 2 2 2 2 2 2 2 2 2 2 0 
1 1 1 1 1 1 1 1 1 1 0 0 0 0 0 0 
1 3 3 2 3 1 2 1 2 0 0 0 0 0 0 0 
2 3 3 1 3 2 0 3 1 3 3 3 3 3 3 3 
2 2 2 2 0 0 0 0 0 0 0 0 0 0 0 0 
3 1 0 2 1 3 2 2 2 3 1 3 0 2 3 0 
2 3 3 1 2 3 0 0 3 3 3 3 3 3 3 3 
1 0 1 0 0 0 0 0 0 0 0 0 0 0 0 0 
2 2 2 2 2 2 2 2 2 0 0 0 0 0 0 0 
1 0 0 0 0 0 0 0 3 3 0 0 1 0 3 0 
1 2 1 3 0 0 0 0 0 0 0 0 0 0 0 0 
1 2 0 0 3 1 3 3 0 1 2 0 2 0 2 0 
2 2 2 2 2 2 2 2 2 2 0 0 0 0 0 0 
3 3 3 3 3 3 3 3 3 3 3 3 0 0 0 0 
0 1 1 0 0 0 0 0 1 0 0 0 0 0 0 0 
2 2 2 2 2 2 2 2 2 2 2 2 2 2 0 0 
0 1 2 3 1 1 3 0 2 3 3 1 3 3 3 3 
1 0 1 0 1 1 1 1 0 0 0 0 0 0 0 0 
3 0 0 0 0 0 0 0 0 0 0 0 0 0 0 0 
0 3 2 1 1 0 1 1 2 1 2 2 3 3 3 3 
0 2 3 1 0 3 0 1 1 0 1 0 1 3 1 2 
0 2 0 2 0 0 0 0 0 0 0 0 0 0 0 0 
3 1 0 0 1 2 3 1 3 2 2 3 1 1 0 1 
3 1 1 0 3 1 3 1 3 2 2 3 1 1 0 1 
1 1 1 1 1 1 0 0 0 0 0 0 0 0 0 0 
2 1 3 0 3 0 0 2 2 1 1 2 1 3 3 3 
3 1 3 0 1 2 3 1 3 2 2 3 1 1 0 1 
3 1 2 3 1 1 3 0 3 3 3 3 3 3 3 3 
0 3 2 1 1 3 1 0 2 3 3 2 3 3 3 3 
3 1 2 0 0 0 2 2 2 3 3 3 1 1 0 1 
1 0 1 0 1 1 1 1 0 0 0 0 0 0 0 2 
1 2 0 3 1 2 3 1 3 2 2 3 1 1 0 1 
3 3 3 3 3 3 3 3 0 0 0 0 0 0 0 0 
2 3 3 1 2 1 0 0 0 0 0 0 0 0 0 0 
3 1 3 0 3 0 2 2 2 2 2 3 1 1 0 1 
3 1 2 0 3 2 1 0 3 3 3 3 3 3 3 3 
2 1 1 0 3 1 2 2 3 2 2 3 1 1 0 1 
1 0 1 0 1 1 1 1 0 0 0 0 0 0 1 0 
0 3 2 1 1 3 0 1 2 3 3 2 3 3 3 3 
1 1 1 1 1 1 1 1 1 1 1 0 0 0 0 0 
3 2 0 0 1 2 3 1 3 2 2 3 1 1 0 1 
3 3 0 0 0 0 0 0 0 0 0 0 0 0 0 0 
2 3 2 0 2 0 0 1 3 1 1 1 3 3 3 3 
0 0 2 1 1 3 2 3 0 2 2 2 0 1 0 0 
3 1 2 0 2 0 1 1 2 3 3 3 3 3 3 3 
1 1 1 1 1 1 1 1 1 1 1 1 1 0 0 0 
3 3 3 3 3 3 3 3 3 0 0 0 0 0 0 0 
2 1 3 1 2 0 0 0 0 0 0 0 0 0 0 0 
2 2 2 2 2 2 2 2 2 2 2 2 0 0 0 0 
2 2 2 3 2 2 2 2 0 2 2 2 2 2 2 2 
0 3 2 1 1 0 1 1 2 1 3 2 3 3 3 3 
0 2 2 0 3 3 3 3 3 3 3 3 3 3 3 3 
2 1 3 0 3 0 0 1 2 2 2 1 2 1 1 3 
3 1 2 0 2 1 3 0 3 3 3 3 3 3 3 3 
MFS
[ 0 , - , - , - , 1 , - , - , - , - , - , - , - , - , - , - , - ]
[ 0 , - , - , 0 , - , - , - , - , - , - , - , - , - , - , - , - ]
[ - , 1 , - , 0 , - , - , - , - , - , - , - , - , - , - , - , - ]
[ - , - , - , - , - , - , - , - , 0 , 0 , 0 , 0 , 0 , 0 , 0 , 0 ]
precise
0.5
recall
1.0
F-measure
0.6666666666666666
multi
0
time
all 13439 iden 12297 gen 742
t-cover
1919
all-cover
1920
coveredNum
(1 : 454)  (2 : 536)  (3 : 407)  (4 : 221)  (5 : 82)  (6 : 41)  (7 : 25)  (8 : 33)  (9 : 27)  (10 : 23)  (11 : 19)  (12 : 13)  (13 : 11)  (14 : 12)  (15 : 9)  (16 : 6)  (17 : 1)  
real Identify
([ 0 , - , - , - , 1 , - , - , - , - , - , - , - , - , - , - , - ] : 1)  ([ - , 1 , - , 0 , - , - , - , - , - , - , - , - , - , - , - , - ] : 1)  
wrong Checked
2
wrong identified
2
testCase Num: 177
regaular Num: 30
identify Num: 148
3 3 3 3 3 3 3 0 0 0 0 0 0 0 0 0 
3 2 0 0 0 3 3 0 0 2 0 3 3 2 0 3 
1 1 1 1 0 0 0 0 0 0 0 0 0 0 0 0 
3 3 2 3 1 2 1 3 0 0 0 1 0 0 0 0 
2 3 1 2 3 1 0 0 0 0 0 0 0 0 0 0 
1 1 1 1 1 1 1 1 1 1 1 1 1 1 1 0 
0 1 1 0 1 1 1 0 1 0 0 0 0 0 0 0 
0 2 0 1 0 0 0 1 2 2 2 2 0 2 0 0 
2 2 0 0 0 0 0 0 0 0 0 0 0 0 0 0 
3 3 3 3 3 3 3 3 3 3 3 3 3 3 3 0 
0 1 1 0 1 1 1 1 1 1 1 0 0 0 0 0 
0 1 0 0 0 0 0 0 1 0 0 0 0 0 0 0 
1 1 1 1 1 1 1 1 1 1 1 1 1 1 0 0 
1 1 1 1 1 1 1 1 0 1 1 1 1 1 0 0 
2 1 0 0 1 1 1 3 0 1 0 3 2 0 3 0 
1 1 1 1 1 1 1 1 1 0 0 0 0 0 0 0 
0 1 0 1 0 0 0 3 0 1 0 3 2 0 3 0 
0 1 0 3 1 2 0 1 3 3 2 0 1 3 3 2 
2 1 0 0 1 2 1 0 1 3 1 0 0 0 3 0 
3 3 3 3 0 0 0 0 0 0 0 0 0 0 0 0 
0 0 0 0 1 2 0 0 3 1 1 1 1 1 1 1 
2 2 2 1 1 3 2 1 0 0 0 0 0 0 0 0 
1 0 3 0 0 3 1 2 3 0 0 0 2 3 1 3 
2 0 0 0 0 0 0 0 0 0 0 0 0 0 0 0 
3 3 3 3 3 0 0 0 0 0 0 0 0 0 0 0 
2 3 1 0 0 0 0 0 0 0 0 0 0 0 0 0 
2 2 2 2 2 2 2 2 2 2 2 0 0 0 0 0 
0 0 3 2 1 0 1 0 3 3 2 0 1 3 3 2 
0 2 0 3 1 1 3 1 1 0 0 0 1 3 3 2 
2 2 2 2 2 2 2 0 0 0 0 0 0 0 0 0 
1 1 1 1 1 1 1 1 1 1 1 1 0 0 0 0 
1 1 1 1 1 1 1 1 0 1 1 1 1 1 1 0 
1 1 1 1 1 1 1 1 0 1 1 1 1 1 1 1 
3 1 2 1 2 0 1 0 2 2 2 0 3 2 2 0 
0 3 2 0 2 3 3 3 2 3 3 3 3 3 3 3 
1 1 1 0 0 0 0 3 0 1 0 3 2 0 3 0 
0 1 1 0 1 1 1 1 1 1 1 1 1 1 1 0 
3 3 3 3 3 3 3 3 3 3 0 0 0 0 0 0 
2 1 1 1 3 3 1 1 3 2 1 1 1 1 1 1 
2 3 0 0 0 0 2 1 0 1 0 2 2 3 2 0 
2 1 0 0 1 0 0 3 0 1 0 3 2 0 3 0 
0 0 3 0 0 0 0 0 3 1 1 1 1 1 1 1 
2 2 2 2 2 0 0 0 0 0 0 0 0 0 0 0 
1 0 0 0 2 0 3 0 0 0 0 1 1 3 0 0 
3 3 3 3 3 3 3 3 3 3 3 3 3 3 0 0 
2 2 2 2 2 2 2 2 2 2 2 2 2 0 0 0 
2 1 0 1 2 0 1 2 1 1 3 2 0 1 3 3 
1 1 1 1 1 1 1 1 0 1 1 1 1 0 0 0 
1 2 3 1 1 3 2 0 0 0 0 0 0 0 0 0 
1 0 0 1 0 0 0 0 1 0 0 0 0 0 0 0 
1 0 0 0 0 0 0 0 1 0 0 0 0 0 0 0 
2 2 2 2 2 2 2 2 0 0 0 0 0 0 0 0 
1 1 1 1 1 1 1 0 0 0 0 0 0 0 0 0 
0 1 1 0 1 1 1 1 1 1 0 0 0 0 0 0 
3 2 1 1 2 0 0 0 0 0 0 0 0 0 0 0 
0 1 1 0 1 1 1 1 1 1 1 1 1 1 0 0 
0 1 1 0 1 1 1 1 1 1 1 1 1 0 0 0 
1 1 1 1 1 1 1 1 0 1 1 0 0 0 0 0 
3 2 1 2 3 1 1 1 0 2 3 3 2 3 3 3 
0 1 0 3 0 0 1 0 3 3 2 0 1 3 3 2 
1 2 2 0 3 1 0 0 2 1 3 0 2 0 2 0 
2 0 1 0 0 0 0 3 0 1 0 3 2 0 3 0 
1 1 1 1 1 0 0 0 0 0 0 0 0 0 0 0 
3 3 3 0 0 0 0 0 0 0 0 0 0 0 0 0 
3 3 2 3 1 3 1 2 0 0 1 0 0 0 0 0 
2 1 0 0 1 1 1 0 1 3 0 3 2 0 3 0 
2 1 1 3 1 2 3 0 0 0 0 0 0 0 0 0 
1 1 3 1 1 2 2 3 1 2 1 3 1 3 2 2 
0 0 2 2 0 0 2 1 3 3 3 1 2 1 2 2 
1 0 3 2 3 0 3 3 0 0 1 1 3 2 3 3 
1 1 2 3 2 1 2 3 0 0 0 0 0 0 0 0 
3 3 2 3 1 2 1 3 0 0 0 0 0 1 0 0 
2 2 2 0 0 0 0 0 0 0 0 0 0 0 0 0 
0 1 0 2 1 0 1 0 3 3 2 0 1 3 3 2 
2 1 0 0 1 2 1 0 1 3 1 3 2 0 3 0 
0 0 0 0 0 0 0 0 0 0 0 0 0 0 0 0 
3 3 2 3 1 3 1 2 0 0 0 0 1 0 0 0 
1 3 1 2 1 3 0 1 1 1 2 2 3 2 1 2 
0 1 0 3 1 0 1 0 3 3 2 0 1 3 3 2 
2 1 3 2 2 1 3 1 3 0 0 0 0 0 0 0 
0 1 1 0 1 1 0 0 1 0 0 0 0 0 0 0 
0 0 1 3 2 0 0 2 0 0 2 3 0 3 2 2 
2 1 0 0 1 1 1 0 0 1 0 3 2 0 3 0 
3 3 3 3 3 3 3 3 3 3 3 0 0 0 0 0 
3 2 1 1 0 0 0 0 0 0 0 0 0 0 0 0 
1 3 1 1 0 0 0 3 0 1 0 3 2 0 3 0 
1 1 1 0 0 0 0 0 0 0 0 0 0 0 0 0 
0 1 1 0 1 1 1 1 1 1 1 1 1 1 1 1 
3 3 3 3 3 3 0 0 0 0 0 0 0 0 0 0 
2 3 1 2 1 2 1 3 0 0 0 0 0 0 0 0 
0 0 0 0 0 0 0 0 1 0 0 0 0 0 0 0 
2 1 0 0 0 0 0 0 0 0 0 0 0 0 0 0 
0 0 0 3 0 0 0 0 3 1 1 1 1 1 1 1 
2 2 2 2 2 2 2 2 2 2 2 2 2 2 2 0 
1 1 1 1 1 1 1 1 1 1 0 0 0 0 0 0 
1 1 1 1 1 1 1 1 0 1 0 0 0 0 0 0 
0 2 0 3 1 1 3 1 1 2 3 2 0 0 0 2 
0 1 3 2 1 0 1 0 3 3 2 0 1 3 3 2 
0 3 0 1 0 0 0 0 0 2 0 0 0 0 0 0 
2 2 2 2 0 0 0 0 0 0 0 0 0 0 0 0 
3 3 3 3 3 3 2 3 0 3 0 0 0 0 0 0 
0 0 1 2 2 2 2 2 2 0 3 3 3 1 1 1 
2 1 0 0 1 1 1 0 1 0 1 0 0 1 0 1 
0 1 0 3 1 2 3 1 0 3 2 0 1 3 3 2 
2 1 0 0 1 2 1 0 1 3 2 0 0 1 0 0 
2 0 0 2 0 2 0 3 3 2 2 3 3 0 3 3 
2 1 0 0 1 2 1 1 1 3 1 0 0 1 3 0 
2 0 0 0 0 2 0 1 0 3 3 0 0 0 0 0 
0 0 0 0 3 1 3 2 1 3 2 1 3 2 2 1 
0 0 0 3 0 0 0 0 0 0 0 0 3 0 0 0 
0 2 2 3 1 1 3 1 1 2 0 1 0 3 3 2 
0 0 0 1 0 3 0 0 0 0 0 0 0 0 2 3 
2 2 2 2 2 2 2 2 2 0 0 0 0 0 0 0 
3 0 0 0 0 0 0 0 3 1 1 1 1 1 1 1 
1 2 3 1 3 2 3 2 0 0 0 0 0 0 0 0 
0 1 0 1 1 1 0 1 0 1 0 3 2 0 0 0 
2 2 2 2 2 2 2 2 2 2 0 0 0 0 0 0 
0 2 2 3 1 1 3 1 1 0 2 0 1 3 3 2 
0 2 0 3 1 1 0 1 1 0 0 2 2 0 3 2 
3 3 3 3 3 3 3 3 3 3 3 3 0 0 0 0 
0 1 3 0 2 2 2 2 1 1 3 2 3 2 3 2 
0 1 1 0 0 0 0 0 1 0 0 0 0 0 0 0 
3 2 3 3 0 0 0 0 2 1 1 1 1 1 1 1 
2 2 2 2 2 2 2 2 2 2 2 2 2 2 0 0 
3 3 3 3 3 3 3 3 3 3 3 3 3 0 0 0 
3 3 2 3 1 2 1 3 0 0 0 0 0 0 0 1 
2 1 1 0 0 0 0 3 0 1 0 3 2 0 3 0 
1 3 2 0 0 0 0 0 0 0 0 0 0 0 0 0 
2 1 0 0 0 0 0 3 0 1 0 3 2 0 3 0 
3 0 0 0 0 0 0 0 0 0 0 0 0 0 0 0 
2 0 0 0 1 2 3 0 2 1 0 2 2 3 0 2 
0 2 0 3 1 1 3 1 1 0 0 1 1 3 3 2 
0 0 0 0 1 2 1 0 3 1 1 1 1 1 1 1 
1 0 3 2 1 0 1 0 3 3 2 0 1 3 3 2 
1 1 1 1 1 1 0 0 0 0 0 0 0 0 0 0 
0 2 0 0 0 0 0 0 3 1 1 1 1 1 1 1 
2 1 0 0 1 1 1 0 1 1 0 3 2 0 3 0 
0 1 1 0 3 3 3 3 1 2 2 1 2 1 2 1 
0 1 1 0 1 1 1 1 1 1 1 1 0 0 0 0 
3 1 2 1 1 2 0 0 0 0 0 0 0 0 0 0 
2 2 2 3 3 2 2 2 0 2 2 2 2 2 2 2 
1 1 0 0 0 0 0 0 0 0 0 0 0 0 0 0 
1 1 2 3 0 0 0 0 0 0 0 0 0 0 0 0 
0 1 1 0 1 1 1 1 1 0 0 0 0 0 0 0 
3 3 3 3 3 3 3 3 0 0 0 0 0 0 0 0 
1 0 3 2 0 0 1 0 3 3 2 0 1 3 3 2 
0 3 0 1 1 1 0 1 2 2 1 1 0 2 1 3 
2 1 1 2 3 0 0 0 0 0 0 0 0 0 0 0 
0 1 1 1 0 0 0 0 1 0 0 0 0 0 0 0 
1 0 0 0 0 0 0 0 0 0 0 0 0 0 0 0 
3 3 2 3 1 2 1 3 0 0 0 0 0 0 1 0 
3 2 2 3 0 1 3 1 1 0 0 2 2 0 3 2 
0 1 0 3 1 1 1 0 3 3 2 0 1 3 3 2 
2 1 0 0 1 2 1 0 1 3 1 0 2 0 3 0 
1 3 3 3 1 1 2 0 3 0 3 2 1 2 3 3 
2 1 0 0 1 2 1 1 1 3 2 0 0 1 0 1 
1 1 1 1 1 1 1 1 1 1 1 0 0 0 0 0 
0 0 0 1 0 0 0 0 0 0 0 0 0 3 3 1 
0 1 1 0 1 0 0 0 1 0 0 0 0 0 0 0 
2 1 0 0 1 1 1 0 1 0 3 1 0 3 0 1 
3 3 0 0 0 0 0 0 0 0 0 0 0 0 0 0 
1 2 0 0 0 0 0 0 0 0 0 0 0 0 0 0 
0 0 0 1 0 0 0 0 0 0 2 0 0 1 0 0 
1 1 1 1 1 1 1 1 0 0 0 0 0 0 0 0 
0 0 0 0 1 0 0 0 3 1 1 1 1 1 1 1 
2 1 0 0 1 1 0 3 0 1 0 3 2 0 3 0 
1 1 1 1 1 1 1 1 1 1 1 1 1 0 0 0 
3 3 3 3 3 3 3 3 3 0 0 0 0 0 0 0 
0 1 0 3 1 1 3 0 3 3 2 0 1 3 3 2 
2 2 2 2 2 2 2 2 2 2 2 2 0 0 0 0 
1 1 1 1 1 1 1 1 0 1 1 1 0 0 0 0 
0 2 0 3 1 2 0 1 1 0 3 2 2 0 0 0 
1 2 0 0 1 0 0 0 0 0 0 0 0 1 0 0 
0 0 0 0 1 2 1 1 3 1 1 1 1 1 1 1 
1 2 1 1 2 1 3 3 0 3 1 2 2 1 1 1 
0 0 0 0 0 0 0 0 3 1 1 1 1 1 1 1 
2 2 2 2 2 2 0 0 0 0 0 0 0 0 0 0 
MFS
[ 0 , - , - , - , 1 , - , - , - , - , - , - , - , - , - , - , - ]
[ 0 , - , - , 0 , - , - , - , - , - , - , - , - , - , - , - , - ]
[ - , 1 , - , 0 , - , - , - , - , - , - , - , - , - , - , - , - ]
[ - , - , - , - , - , - , - , - , 0 , 0 , 0 , 0 , 0 , 0 , 0 , 0 ]
precise
0.5
recall
1.0
F-measure
0.6666666666666666
multi
0
time
all 13039 iden 12191 gen 749
t-cover
1920
all-cover
1920
coveredNum
(1 : 470)  (2 : 501)  (3 : 306)  (4 : 196)  (5 : 135)  (6 : 76)  (7 : 70)  (8 : 31)  (9 : 25)  (10 : 19)  (11 : 11)  (12 : 11)  (13 : 13)  (14 : 8)  (15 : 9)  (16 : 5)  (17 : 11)  (18 : 7)  (19 : 6)  (20 : 5)  (21 : 3)  (22 : 1)  (23 : 1)  
real Identify
([ 0 , - , - , - , 1 , - , - , - , - , - , - , - , - , - , - , - ] : 1)  ([ - , 1 , - , 0 , - , - , - , - , - , - , - , - , - , - , - , - ] : 1)  
wrong Checked
4
wrong identified
2
