testCase Num: 88
regaular Num: 30
identify Num: 58
3 2 2 2 2 1 1 0 
2 2 2 2 2 1 1 0 
0 0 0 0 0 0 0 0 
0 3 2 1 3 1 3 2 
1 1 1 1 3 1 0 1 
1 1 1 1 1 0 0 0 
1 1 1 1 1 1 1 1 
1 3 0 2 0 0 0 0 
1 1 1 1 0 1 0 1 
1 1 1 1 2 2 0 1 
0 2 1 3 3 0 3 3 
0 2 0 0 0 3 0 0 
0 0 0 0 3 0 0 1 
2 0 1 3 1 0 0 0 
3 3 3 3 3 1 1 0 
2 3 0 2 0 0 0 0 
3 2 2 0 0 1 3 1 
2 2 2 2 2 1 0 1 
2 1 0 1 3 1 2 3 
0 0 1 0 2 2 2 1 
2 2 2 2 3 2 1 0 
2 0 0 2 0 0 0 0 
3 0 0 1 0 0 0 0 
2 0 1 3 1 1 0 0 
3 3 0 3 2 3 2 1 
3 1 1 3 0 2 2 0 
3 2 3 2 0 0 0 3 
1 1 1 1 0 1 1 1 
0 1 0 0 2 0 3 0 
1 1 1 1 2 2 1 1 
1 1 1 1 0 1 1 2 
2 1 1 1 1 1 0 1 
1 1 1 1 2 2 1 2 
2 3 1 0 0 3 1 3 
0 3 3 2 1 0 2 1 
2 2 2 3 2 1 1 0 
2 0 0 0 0 1 0 0 
1 0 0 0 0 0 0 0 
1 0 0 3 0 1 0 2 
0 1 2 1 2 0 1 2 
3 3 3 3 3 2 2 1 
3 3 3 3 3 2 2 0 
3 0 2 3 1 3 0 3 
1 1 1 0 0 0 0 0 
2 2 2 2 1 1 0 1 
2 2 2 2 3 2 2 0 
2 2 2 2 3 2 2 1 
0 0 1 0 3 1 0 1 
2 0 1 2 0 0 0 0 
0 0 0 0 0 1 0 1 
1 1 2 1 1 1 0 1 
2 0 1 3 0 0 0 0 
3 1 3 0 3 2 1 2 
1 2 2 1 0 2 2 2 
0 1 0 0 3 1 0 1 
1 1 1 1 0 0 0 0 
1 3 0 2 0 1 0 0 
1 1 1 1 2 1 0 1 
0 0 0 0 3 1 0 1 
1 0 0 0 3 1 0 1 
3 3 3 3 3 2 1 0 
1 2 1 1 1 1 0 1 
2 3 2 2 2 1 1 0 
2 2 2 2 2 2 0 1 
2 2 2 2 3 1 1 0 
0 0 0 0 0 1 1 2 
2 0 0 2 1 2 3 2 
0 0 0 0 0 1 1 1 
3 0 0 1 0 1 0 0 
1 2 0 0 1 0 1 0 
1 0 3 1 3 3 3 0 
2 2 3 2 2 1 1 0 
2 0 3 3 0 1 1 1 
1 1 0 0 0 0 0 0 
1 1 1 1 1 1 1 0 
1 1 1 1 1 1 0 1 
1 1 1 1 1 1 0 0 
1 0 0 3 0 0 0 2 
2 0 1 3 1 0 1 1 
0 0 0 1 3 1 0 1 
2 0 0 0 0 0 0 0 
2 0 1 3 1 0 1 0 
1 3 3 0 2 2 0 3 
3 3 3 3 2 1 1 0 
0 1 1 2 3 3 0 2 
2 2 2 2 2 2 1 1 
1 1 1 2 1 1 0 1 
2 2 2 2 2 2 1 2 
MFS
[ 2 , 2 , 2 , 2 , - , - , - , - ]
[ - , - , - , - , - , - , - , - ]
[ 0 , 0 , 0 , 0 , - , - , - , - ]
[ 1 , 1 , 1 , 1 , - , - , - , - ]
[ - , - , - , - , - , 0 , - , - ]
precise
0.6
recall
0.3333333333333333
F-measure
0.42857142857142855
multi
4
time
all 84 iden 16 gen 68
t-cover
446
all-cover
448
coveredNum
(1 : 75)  (2 : 82)  (3 : 49)  (4 : 30)  (5 : 43)  (6 : 25)  (7 : 27)  (8 : 26)  (9 : 19)  (10 : 6)  (11 : 7)  (12 : 19)  (13 : 3)  (14 : 9)  (15 : 5)  (16 : 4)  (17 : 6)  (18 : 4)  (19 : 2)  (20 : 4)  (21 : 2)  (22 : 1)  
real Identify
([ 2 , 2 , 2 , 2 , - , - , - , - ] : 1)  ([ 0 , 0 , 0 , 0 , - , - , - , - ] : 1)  ([ 1 , 1 , 1 , 1 , - , - , - , - ] : 1)  
testCase Num: 72
regaular Num: 27
identify Num: 47
2 2 2 2 2 1 1 0 
0 0 1 0 3 2 0 0 
2 2 2 2 3 3 2 0 
0 0 0 0 0 2 0 0 
0 0 0 0 0 0 0 0 
1 2 2 3 0 0 1 1 
1 1 1 1 2 2 1 0 
0 3 2 3 3 1 3 2 
2 1 0 0 1 2 3 1 
1 1 1 1 1 0 0 0 
0 1 0 0 3 2 0 0 
0 0 3 3 1 3 2 0 
1 0 0 3 2 1 1 3 
1 1 1 1 1 1 1 1 
1 1 1 1 0 3 0 0 
2 3 3 1 0 0 3 3 
3 2 0 0 0 1 0 0 
0 0 0 0 3 2 0 0 
1 0 0 0 3 2 0 0 
3 3 3 3 2 2 2 0 
2 0 0 1 2 3 0 2 
0 3 1 1 2 0 2 1 
3 2 2 2 2 2 2 0 
2 2 2 2 3 3 3 0 
1 1 1 2 1 1 1 0 
3 3 3 0 2 3 1 1 
2 2 2 2 3 3 3 1 
2 2 2 2 1 1 1 0 
3 0 1 3 1 2 0 3 
1 1 1 1 2 2 2 0 
2 1 1 1 1 1 1 0 
1 1 1 1 2 2 2 1 
2 2 1 0 3 1 2 1 
1 1 1 1 0 3 1 1 
1 1 1 1 0 3 1 0 
1 2 0 0 3 3 2 3 
1 2 0 0 0 3 3 0 
0 0 0 1 3 2 0 0 
1 0 0 0 0 0 0 0 
1 2 1 1 1 1 1 0 
1 0 3 2 3 1 0 1 
3 0 2 1 3 3 3 0 
3 3 3 3 3 2 2 0 
1 1 1 0 0 0 0 0 
2 3 2 2 2 2 2 0 
2 2 2 2 3 2 2 0 
2 2 2 2 2 2 1 0 
0 0 0 0 0 3 0 0 
2 2 3 2 2 2 2 0 
1 1 1 1 2 1 1 0 
1 1 1 1 3 2 0 0 
1 1 1 1 0 0 0 0 
1 1 1 1 0 2 0 0 
2 2 2 3 2 2 2 0 
2 1 3 0 3 0 1 0 
3 3 0 2 1 1 1 0 
1 1 2 1 1 1 1 0 
3 3 3 3 3 3 3 1 
3 3 3 3 3 3 3 0 
3 1 1 2 0 0 2 2 
1 3 2 0 0 2 0 2 
2 2 2 2 2 2 2 0 
0 2 3 1 1 2 1 2 
2 2 2 2 2 2 2 1 
0 0 0 0 0 3 1 1 
0 0 0 0 0 3 1 0 
2 1 2 3 1 0 0 3 
1 1 1 1 1 1 1 0 
1 1 0 0 0 0 0 0 
1 1 1 1 1 1 0 0 
3 3 3 3 3 3 2 0 
0 1 1 2 2 3 3 3 
MFS
[ - , - , - , - , - , - , - , - ]
[ 2 , 2 , 2 , 2 , - , - , - , - ]
[ 0 , 0 , 0 , 0 , - , - , - , - ]
[ 1 , 1 , 1 , 1 , - , - , - , - ]
precise
0.75
recall
0.3333333333333333
F-measure
0.46153846153846156
multi
1
time
all 53 iden 0 gen 53
t-cover
444
all-cover
448
coveredNum
(1 : 90)  (2 : 97)  (3 : 57)  (4 : 38)  (5 : 34)  (6 : 27)  (7 : 18)  (8 : 15)  (9 : 15)  (10 : 8)  (11 : 12)  (12 : 11)  (13 : 9)  (14 : 4)  (15 : 1)  (17 : 4)  (18 : 3)  (19 : 2)  (20 : 3)  
real Identify
([ 2 , 2 , 2 , 2 , - , - , - , - ] : 1)  ([ 0 , 0 , 0 , 0 , - , - , - , - ] : 1)  ([ 1 , 1 , 1 , 1 , - , - , - , - ] : 1)  
testCase Num: 67
regaular Num: 28
identify Num: 39
2 2 2 2 2 1 1 0 
2 2 0 3 1 0 1 2 
0 0 1 3 2 0 0 3 
0 0 0 0 0 0 0 0 
0 2 2 1 0 1 2 3 
2 0 3 1 3 3 0 3 
1 0 1 3 2 0 0 3 
1 0 2 0 3 0 1 0 
1 0 2 0 2 0 0 3 
0 0 0 0 2 3 0 3 
1 1 1 1 2 2 1 0 
3 3 1 2 1 1 0 0 
1 0 2 0 3 0 1 3 
0 2 3 2 2 0 0 0 
1 1 1 1 2 2 0 3 
0 1 2 0 0 1 0 1 
1 3 0 2 3 0 3 3 
1 0 2 3 2 0 0 3 
1 1 1 2 1 1 1 0 
2 2 2 2 1 1 1 0 
1 3 2 0 2 3 2 2 
0 1 1 3 2 1 0 3 
0 0 0 0 2 3 1 0 
1 0 3 1 0 1 2 2 
1 0 0 0 1 2 0 3 
0 0 0 0 2 3 1 3 
1 1 1 1 2 2 2 0 
1 1 1 3 2 0 0 3 
1 0 2 0 3 1 0 3 
2 1 1 1 1 1 1 0 
1 1 1 1 2 2 2 1 
0 0 0 3 3 3 1 0 
0 1 0 0 3 1 2 0 
1 2 1 0 3 1 0 1 
1 1 1 1 1 2 0 3 
1 2 1 1 1 1 1 0 
0 1 1 2 0 3 3 2 
0 0 1 0 1 2 0 3 
3 1 0 1 2 0 2 1 
2 2 2 2 2 2 1 0 
2 0 1 2 2 2 2 1 
0 3 3 3 0 2 1 1 
0 1 0 0 1 2 0 3 
0 0 0 0 2 2 0 3 
1 1 1 1 2 1 1 0 
0 0 2 0 0 0 0 1 
0 0 0 0 3 0 2 0 
1 1 1 1 2 3 0 3 
1 1 2 1 1 1 1 0 
1 2 0 3 1 2 2 0 
2 2 2 2 2 2 2 0 
0 0 0 0 1 2 0 3 
2 2 2 2 2 2 2 1 
3 1 2 3 3 2 0 2 
2 0 3 3 2 1 3 0 
3 2 3 0 1 3 3 1 
2 3 2 1 0 2 3 0 
1 1 1 1 1 1 1 0 
3 0 2 2 1 0 1 3 
1 0 2 0 3 0 0 3 
0 1 0 0 0 1 0 0 
0 0 0 1 1 2 0 3 
1 1 1 1 2 3 1 3 
1 1 1 1 2 3 1 0 
2 1 3 0 2 0 1 3 
3 0 0 0 0 1 0 0 
3 1 2 2 1 1 1 3 
MFS
[ - , - , - , - , - , - , - , - ]
[ - , 0 , - , - , - , 0 , - , - ]
[ 0 , 0 , 0 , 0 , - , - , - , - ]
[ 1 , 1 , 1 , 1 , - , - , - , - ]
precise
0.75
recall
0.3333333333333333
F-measure
0.46153846153846156
multi
2
time
all 47 iden 0 gen 47
t-cover
446
all-cover
448
coveredNum
(1 : 116)  (2 : 81)  (3 : 50)  (4 : 38)  (5 : 38)  (6 : 22)  (7 : 32)  (8 : 19)  (9 : 14)  (10 : 10)  (11 : 4)  (12 : 6)  (13 : 10)  (14 : 1)  (15 : 3)  (16 : 3)  (19 : 1)  
real Identify
([ - , 0 , - , - , - , 0 , - , - ] : 1)  ([ 0 , 0 , 0 , 0 , - , - , - , - ] : 1)  ([ 1 , 1 , 1 , 1 , - , - , - , - ] : 1)  
testCase Num: 86
regaular Num: 28
identify Num: 60
2 1 3 1 0 1 2 2 
2 2 2 2 2 1 1 0 
0 2 3 3 3 0 1 0 
2 2 2 2 3 3 2 0 
0 1 3 1 0 0 0 0 
0 0 0 0 0 0 0 0 
1 1 1 1 2 2 1 0 
1 1 1 1 1 0 0 0 
3 0 2 0 1 1 1 1 
0 0 2 0 1 1 1 1 
1 1 1 1 1 1 1 1 
0 1 3 0 0 0 0 0 
0 0 3 0 1 2 0 1 
0 3 0 0 0 0 3 0 
3 3 3 3 2 2 2 0 
3 0 0 2 0 0 2 2 
3 0 0 2 1 0 3 3 
3 3 3 2 0 1 0 2 
3 0 0 2 1 0 3 2 
0 1 1 2 1 1 1 1 
1 3 0 2 2 3 0 1 
0 3 1 1 2 0 2 3 
3 2 2 2 2 2 2 0 
2 2 2 2 3 3 3 0 
1 1 1 2 1 1 1 0 
1 1 1 2 1 1 1 1 
2 2 2 2 3 3 3 1 
2 2 2 2 1 1 1 0 
1 3 0 3 2 1 2 0 
0 1 3 1 0 0 1 0 
2 1 1 3 0 2 0 3 
0 1 2 0 0 0 0 0 
2 0 3 1 0 0 2 2 
1 1 1 1 2 2 2 0 
2 1 1 1 1 1 1 0 
1 1 1 1 2 2 2 1 
3 1 0 0 2 2 1 2 
0 0 2 2 0 1 1 3 
1 0 0 0 0 0 0 0 
3 0 0 2 1 1 2 2 
1 2 1 1 1 1 1 0 
2 3 0 0 1 3 1 3 
1 3 2 0 3 2 2 2 
0 1 3 1 0 0 0 1 
3 3 3 3 3 2 2 0 
1 1 1 0 0 0 0 0 
2 3 2 2 2 2 2 0 
2 2 2 2 3 2 2 0 
3 1 3 1 0 0 2 2 
1 1 2 0 1 0 2 0 
2 2 2 2 2 2 1 0 
1 1 2 3 1 1 1 1 
0 1 3 1 1 1 1 1 
3 2 0 1 3 0 0 3 
1 0 3 1 2 2 3 3 
1 2 2 1 0 3 0 1 
0 2 1 0 0 3 3 2 
2 2 3 2 2 2 2 0 
1 1 1 1 2 1 1 0 
0 0 2 0 0 0 0 0 
3 0 2 0 0 0 0 0 
1 1 1 1 0 0 0 0 
0 1 3 0 1 1 1 1 
3 0 1 3 3 3 2 1 
2 2 2 3 2 2 2 0 
1 1 2 1 1 1 1 0 
3 3 3 3 3 3 3 1 
3 3 3 3 3 3 3 0 
2 2 2 2 2 2 2 0 
2 2 2 2 2 2 2 1 
0 1 3 1 1 0 0 0 
0 2 2 3 1 0 3 2 
3 0 0 1 0 0 2 2 
0 1 2 0 1 1 1 1 
2 2 0 0 3 1 3 1 
3 0 3 1 0 0 2 2 
1 1 1 1 1 1 1 0 
1 1 0 0 0 0 0 0 
3 1 3 2 1 3 3 0 
1 1 1 1 1 1 0 0 
0 1 3 2 3 0 1 1 
1 1 2 2 1 1 1 1 
0 0 1 2 0 0 0 0 
0 1 3 1 0 1 0 0 
3 3 3 3 3 3 2 0 
3 0 0 2 1 0 2 2 
MFS
[ - , - , - , - , - , - , - , - ]
[ 2 , 2 , 2 , 2 , - , - , - , - ]
[ - , 0 , - , - , - , 0 , - , - ]
[ 1 , 1 , 1 , 1 , - , - , - , - ]
[ - , - , - , - , 0 , 0 , 0 , 0 ]
precise
0.8
recall
0.4444444444444444
F-measure
0.5714285714285714
multi
3
time
all 53 iden 0 gen 53
t-cover
445
all-cover
448
coveredNum
(1 : 62)  (2 : 75)  (3 : 59)  (4 : 35)  (5 : 48)  (6 : 30)  (7 : 21)  (8 : 20)  (9 : 14)  (10 : 19)  (11 : 12)  (12 : 18)  (13 : 8)  (14 : 9)  (15 : 3)  (16 : 4)  (17 : 2)  (18 : 4)  (19 : 2)  (20 : 2)  (21 : 1)  
real Identify
([ 2 , 2 , 2 , 2 , - , - , - , - ] : 1)  ([ - , 0 , - , - , - , 0 , - , - ] : 1)  ([ 1 , 1 , 1 , 1 , - , - , - , - ] : 1)  ([ - , - , - , - , 0 , 0 , 0 , 0 ] : 1)  
testCase Num: 81
regaular Num: 29
identify Num: 52
1 2 0 1 3 3 0 3 
0 0 0 2 1 0 2 2 
0 0 0 2 2 0 3 3 
0 0 0 0 0 0 0 0 
2 2 1 2 2 1 0 0 
0 0 0 0 1 2 1 0 
0 1 0 0 1 1 0 3 
3 3 1 2 0 3 3 2 
1 1 1 1 1 0 0 0 
2 2 2 1 1 2 1 1 
0 1 0 0 0 2 1 0 
1 1 1 1 1 3 1 0 
2 2 2 1 2 1 1 1 
1 1 1 1 1 1 1 1 
1 1 1 1 0 1 0 2 
2 2 1 0 2 2 2 2 
1 3 3 1 2 0 1 0 
1 0 1 3 3 2 2 0 
3 2 2 3 1 0 3 0 
3 0 2 3 0 3 0 3 
3 1 3 1 1 1 2 2 
0 1 3 1 1 0 2 2 
0 0 0 2 2 0 2 2 
0 0 0 0 0 2 1 0 
1 1 0 2 0 3 3 0 
1 0 2 2 2 3 1 2 
1 1 1 1 1 3 2 1 
1 1 1 1 1 3 2 0 
2 2 2 1 1 1 1 1 
2 1 0 0 0 1 3 0 
1 1 1 1 3 1 0 2 
0 1 1 1 0 0 1 3 
0 0 0 1 1 0 2 2 
2 1 3 2 3 1 1 3 
1 0 0 0 0 0 0 0 
0 0 0 1 0 2 1 0 
2 1 1 0 1 1 1 1 
0 0 0 2 2 0 3 2 
1 1 1 0 2 2 2 2 
1 1 1 0 0 0 0 0 
2 2 2 0 1 1 1 1 
3 0 0 1 2 1 3 1 
0 0 0 0 1 3 1 0 
0 0 3 1 1 0 2 2 
0 1 0 2 0 1 2 0 
2 2 2 1 0 2 2 1 
3 0 3 1 1 0 2 2 
2 2 2 1 1 1 1 2 
2 2 2 1 1 1 2 1 
2 1 0 0 1 3 2 2 
1 1 1 1 0 0 0 0 
1 1 1 1 1 2 1 0 
2 0 0 0 0 0 3 0 
0 1 3 3 2 2 0 2 
2 2 1 0 1 1 1 1 
1 1 1 1 0 2 0 2 
2 0 3 2 3 0 1 3 
3 2 3 3 0 1 1 2 
3 1 2 0 3 2 3 3 
0 0 0 2 0 0 2 0 
0 3 2 0 2 1 2 3 
0 0 0 0 1 0 0 3 
0 0 0 2 2 1 2 2 
2 3 0 3 3 0 1 1 
0 0 0 0 1 3 2 1 
0 0 0 0 1 3 2 0 
0 0 0 0 3 1 0 2 
1 0 0 0 0 2 1 0 
0 2 3 0 3 3 3 1 
1 1 0 0 0 0 0 0 
1 1 1 1 1 1 1 0 
1 1 1 1 0 2 1 0 
0 3 0 2 1 2 0 1 
1 1 1 1 1 1 0 0 
2 2 2 1 2 2 2 2 
1 1 1 1 0 2 1 2 
1 1 1 1 0 2 1 3 
0 0 1 0 0 2 1 0 
2 1 1 0 2 2 2 2 
1 1 1 0 1 1 1 1 
2 2 2 0 2 2 2 2 
MFS
[ - , - , - , - , - , - , - , - ]
[ - , 0 , - , - , - , 0 , - , - ]
[ 0 , 0 , 0 , 0 , - , - , - , - ]
[ - , - , - , - , 1 , 1 , 1 , 1 ]
precise
0.75
recall
0.3333333333333333
F-measure
0.46153846153846156
multi
2
time
all 87 iden 1 gen 86
t-cover
435
all-cover
448
coveredNum
(1 : 85)  (2 : 74)  (3 : 50)  (4 : 43)  (5 : 35)  (6 : 32)  (7 : 18)  (8 : 25)  (9 : 16)  (10 : 22)  (11 : 13)  (12 : 12)  (13 : 5)  (14 : 4)  (15 : 2)  (16 : 3)  (17 : 2)  (18 : 2)  (19 : 1)  (20 : 3)  (21 : 1)  
real Identify
([ - , 0 , - , - , - , 0 , - , - ] : 1)  ([ 0 , 0 , 0 , 0 , - , - , - , - ] : 1)  ([ - , - , - , - , 1 , 1 , 1 , 1 ] : 1)  
testCase Num: 90
regaular Num: 29
identify Num: 61
3 2 1 1 0 0 0 0 
2 2 1 2 1 2 1 1 
2 2 1 2 2 2 2 2 
0 0 0 0 0 0 0 0 
1 3 3 0 3 1 3 3 
1 0 0 0 0 0 0 2 
1 1 1 1 1 0 0 0 
2 1 0 0 1 1 1 1 
3 1 0 0 1 1 1 1 
1 1 1 1 1 3 1 0 
2 2 0 2 2 0 1 3 
1 1 1 1 1 1 1 1 
2 2 2 1 0 3 3 0 
1 1 3 0 0 0 0 2 
1 2 0 0 1 1 1 1 
1 0 0 1 0 0 0 2 
3 2 1 0 0 0 0 0 
1 1 1 1 1 3 1 3 
2 2 0 0 1 1 1 1 
1 0 0 1 1 0 1 2 
1 0 0 1 1 0 1 3 
0 2 2 0 0 1 1 1 
2 2 2 2 0 2 0 3 
2 2 3 3 3 1 0 1 
1 0 2 3 2 1 2 0 
1 1 2 1 0 2 0 3 
3 2 1 1 1 0 0 0 
2 2 0 1 1 1 1 1 
3 3 2 2 1 3 0 3 
3 1 0 3 1 0 3 0 
2 2 1 2 1 1 2 1 
3 2 0 0 1 1 1 1 
0 0 1 1 2 3 2 2 
2 3 1 2 2 0 0 0 
2 0 2 0 0 2 0 2 
1 1 1 1 1 2 0 3 
1 0 0 0 0 0 0 0 
1 0 0 1 1 0 0 2 
0 1 2 1 3 0 2 3 
1 0 3 0 0 0 0 2 
2 2 2 2 1 3 0 3 
2 2 1 1 2 2 2 2 
3 2 1 1 0 1 0 0 
1 1 0 1 1 1 1 1 
1 1 1 0 0 0 0 0 
0 0 1 0 3 3 0 1 
2 3 0 0 1 1 1 1 
2 1 0 1 2 2 2 2 
0 0 3 2 2 2 3 1 
3 0 1 2 3 1 1 2 
3 2 1 1 1 1 1 1 
2 2 1 2 1 1 1 2 
2 2 1 2 1 1 1 1 
2 2 1 0 1 2 2 2 
3 1 0 0 0 0 0 0 
1 1 0 2 0 3 2 2 
2 1 0 0 0 0 0 0 
1 1 1 1 0 0 0 0 
2 3 1 0 1 1 1 1 
3 2 1 0 1 1 1 1 
1 1 1 1 0 2 0 3 
0 0 3 3 1 3 0 3 
1 2 0 0 0 0 0 0 
3 2 0 0 0 2 0 0 
2 1 1 1 0 2 0 3 
2 2 2 2 1 3 1 3 
1 3 1 3 0 0 3 2 
1 1 1 2 0 2 0 3 
2 2 2 2 1 3 1 0 
2 3 1 1 1 1 1 1 
0 3 0 3 3 2 1 0 
3 2 1 1 0 0 1 0 
2 2 0 1 2 2 2 2 
2 2 1 2 2 1 1 1 
3 2 0 0 0 0 0 0 
0 1 3 0 0 1 0 2 
3 1 3 0 2 3 1 0 
1 1 0 0 0 0 0 0 
1 1 1 1 1 1 1 0 
1 1 1 1 1 1 0 0 
1 2 1 1 0 2 0 3 
3 3 3 1 0 0 2 1 
1 1 1 1 1 3 0 3 
1 0 0 1 1 1 0 2 
2 2 2 2 1 2 0 3 
2 2 1 1 1 1 1 1 
0 0 3 0 0 0 0 2 
3 2 1 1 0 0 0 1 
1 1 0 1 2 2 2 2 
2 1 0 1 1 1 1 1 
MFS
[ - , - , - , - , - , - , - , - ]
[ 1 , 1 , 1 , 1 , - , - , - , - ]
[ - , 0 , - , - , - , 0 , - , - ]
[ - , - , - , - , 0 , 0 , 0 , 0 ]
[ - , - , - , - , 1 , 1 , 1 , 1 ]
precise
0.8
recall
0.4444444444444444
F-measure
0.5714285714285714
multi
1
time
all 19 iden 0 gen 19
t-cover
444
all-cover
448
coveredNum
(1 : 92)  (2 : 91)  (3 : 37)  (4 : 27)  (5 : 29)  (6 : 23)  (7 : 20)  (8 : 14)  (9 : 28)  (10 : 14)  (11 : 10)  (12 : 11)  (13 : 11)  (14 : 8)  (15 : 6)  (16 : 3)  (17 : 7)  (18 : 3)  (19 : 5)  (20 : 3)  (21 : 3)  (22 : 1)  (25 : 1)  (27 : 1)  
real Identify
([ - , 0 , - , - , - , 0 , - , - ] : 1)  ([ 1 , 1 , 1 , 1 , - , - , - , - ] : 1)  ([ - , - , - , - , 0 , 0 , 0 , 0 ] : 1)  ([ - , - , - , - , 1 , 1 , 1 , 1 ] : 1)  
testCase Num: 78
regaular Num: 29
identify Num: 49
1 1 0 1 2 0 0 0 
1 2 2 0 2 0 2 1 
1 1 2 3 0 0 0 0 
2 2 2 2 2 1 1 1 
1 0 1 2 2 0 0 0 
1 0 1 2 3 0 1 0 
0 0 0 0 0 0 0 0 
1 3 3 3 0 3 1 0 
1 0 1 2 3 0 1 1 
2 2 1 0 1 3 2 3 
1 1 1 1 2 0 1 1 
1 1 1 1 1 0 0 0 
2 1 0 0 1 1 1 1 
3 1 0 0 1 1 1 1 
3 1 3 2 0 1 3 0 
1 1 3 0 0 0 0 0 
1 1 1 1 1 1 1 1 
1 0 1 1 2 0 0 0 
1 1 3 0 0 0 0 1 
1 1 3 3 0 0 0 0 
1 1 2 1 1 0 1 1 
0 0 2 3 1 1 1 1 
1 0 2 3 1 1 1 1 
2 0 2 1 0 2 3 2 
2 2 2 2 2 1 2 1 
0 0 1 0 3 1 1 2 
2 2 2 2 2 1 2 2 
1 0 1 2 3 0 0 0 
0 0 0 1 2 0 0 0 
1 0 2 2 1 1 0 3 
1 1 1 1 1 0 1 1 
3 1 0 0 0 1 0 1 
1 1 3 0 1 0 0 0 
3 0 0 0 0 0 0 1 
2 1 3 0 2 0 3 3 
1 0 0 0 0 0 0 0 
3 1 0 3 1 0 2 2 
1 1 1 0 0 0 0 0 
0 1 0 1 2 1 0 0 
0 2 3 1 1 2 0 0 
2 2 2 2 2 0 1 1 
1 1 2 3 1 1 1 1 
3 0 1 3 2 3 0 2 
0 1 2 2 3 3 3 0 
1 1 1 1 2 1 1 1 
1 1 3 0 1 1 1 1 
2 2 0 2 2 1 1 2 
1 1 1 1 0 0 0 0 
1 1 3 0 0 1 0 0 
1 1 3 3 1 1 1 1 
0 0 2 3 0 0 0 0 
1 0 2 3 0 0 0 0 
0 1 0 3 0 2 0 3 
1 1 1 2 1 0 1 1 
2 2 2 2 1 0 1 1 
1 0 1 2 3 1 0 0 
2 3 0 1 3 3 0 1 
0 3 1 2 2 2 2 0 
1 0 0 1 2 0 0 0 
3 1 1 1 1 1 1 1 
0 1 3 0 0 1 0 2 
1 1 1 1 2 1 2 1 
2 1 1 1 1 0 1 1 
1 1 1 1 2 1 2 2 
1 1 0 0 0 0 0 0 
1 1 1 1 1 1 1 0 
2 0 3 3 3 2 2 1 
0 2 1 3 0 1 3 1 
1 1 1 1 1 1 0 0 
1 1 3 0 0 0 1 0 
3 3 2 1 0 1 2 3 
2 0 0 0 0 0 0 0 
1 2 1 1 1 0 1 1 
1 3 0 0 1 2 3 2 
1 3 0 2 3 0 0 1 
0 0 3 0 0 0 0 2 
3 1 1 0 1 1 1 1 
3 2 2 0 3 2 1 3 
MFS
[ - , - , - , - , - , - , - , - ]
[ - , 0 , - , - , - , 0 , - , - ]
[ 1 , 1 , 1 , 1 , - , - , - , - ]
[ - , - , - , - , 0 , 0 , 0 , 0 ]
precise
0.75
recall
0.3333333333333333
F-measure
0.46153846153846156
multi
3
time
all 16 iden 0 gen 16
t-cover
444
all-cover
448
coveredNum
(1 : 104)  (2 : 97)  (3 : 38)  (4 : 39)  (5 : 30)  (6 : 28)  (7 : 24)  (8 : 16)  (9 : 13)  (10 : 5)  (11 : 8)  (12 : 3)  (13 : 10)  (14 : 3)  (15 : 8)  (16 : 7)  (17 : 3)  (18 : 3)  (19 : 1)  (21 : 3)  (22 : 1)  (23 : 1)  (24 : 1)  (25 : 1)  (26 : 1)  
real Identify
([ - , 0 , - , - , - , 0 , - , - ] : 1)  ([ 1 , 1 , 1 , 1 , - , - , - , - ] : 1)  ([ - , - , - , - , 0 , 0 , 0 , 0 ] : 1)  
testCase Num: 63
regaular Num: 29
identify Num: 34
3 0 0 1 2 0 3 0 
3 0 0 1 1 0 2 0 
1 0 3 2 0 3 1 0 
3 0 0 1 2 0 3 1 
2 2 2 2 2 1 1 1 
0 0 0 0 0 0 0 0 
1 3 3 0 2 1 2 1 
3 1 3 0 3 2 3 2 
0 2 1 0 1 1 2 3 
1 1 1 1 2 0 1 1 
1 1 1 1 1 0 0 0 
1 1 1 1 1 1 1 1 
3 0 0 0 1 0 2 0 
0 0 0 0 2 0 3 0 
2 2 2 3 3 0 1 2 
2 3 1 0 0 2 0 3 
0 2 3 3 2 3 1 3 
1 1 2 1 1 0 1 1 
3 0 1 0 2 3 2 0 
3 2 2 2 0 2 0 1 
0 1 2 1 0 1 0 3 
2 2 2 2 2 1 2 1 
3 0 0 1 2 0 2 0 
2 2 2 2 2 1 2 2 
3 0 0 1 2 2 2 3 
3 0 0 3 0 0 3 0 
0 0 3 1 2 0 0 2 
2 3 0 1 1 3 0 2 
1 1 1 1 1 0 1 1 
3 0 0 0 3 1 1 0 
0 1 0 0 3 1 2 0 
1 0 0 0 0 0 0 0 
0 1 3 1 2 1 0 2 
0 1 0 3 3 3 0 1 
1 1 1 0 0 0 0 0 
3 3 1 3 1 2 1 0 
2 2 2 2 2 0 1 1 
3 1 0 3 0 1 3 0 
1 0 1 3 0 1 2 2 
0 0 0 2 1 2 0 2 
2 1 2 2 2 1 2 0 
1 1 1 1 2 1 1 1 
2 0 2 0 1 3 3 1 
2 0 3 0 1 0 2 0 
1 1 1 1 0 0 0 0 
0 0 0 0 3 0 2 0 
1 2 0 1 3 1 3 0 
3 0 3 0 1 0 2 0 
1 1 1 2 1 0 1 1 
1 3 2 0 0 2 0 3 
3 0 0 1 2 1 2 0 
2 2 2 2 1 0 1 1 
1 1 1 1 2 1 2 1 
0 3 1 2 3 0 3 3 
2 1 1 1 1 0 1 1 
1 1 1 1 2 1 2 2 
1 1 0 0 0 0 0 0 
1 1 1 1 1 1 1 0 
1 1 1 1 1 1 0 0 
0 1 0 0 2 1 3 0 
2 1 3 0 1 1 2 0 
3 1 3 0 1 0 2 0 
1 2 1 1 1 0 1 1 
MFS
[ - , - , - , - , - , - , - , - ]
[ - , 0 , - , - , - , 0 , - , - ]
[ 1 , 1 , 1 , 1 , - , - , - , - ]
precise
0.6666666666666666
recall
0.2222222222222222
F-measure
0.3333333333333333
multi
3
time
all 17 iden 0 gen 17
t-cover
443
all-cover
448
coveredNum
(1 : 119)  (2 : 93)  (3 : 57)  (4 : 30)  (5 : 37)  (6 : 25)  (7 : 21)  (8 : 14)  (9 : 14)  (10 : 14)  (11 : 6)  (12 : 6)  (13 : 4)  (14 : 4)  (15 : 2)  (16 : 2)  
real Identify
([ - , 0 , - , - , - , 0 , - , - ] : 1)  ([ 1 , 1 , 1 , 1 , - , - , - , - ] : 1)  
testCase Num: 101
regaular Num: 30
identify Num: 71
0 0 0 0 1 2 1 3 
3 3 3 3 1 2 0 1 
3 3 3 3 1 2 0 2 
2 2 1 2 2 2 2 2 
0 0 0 0 0 0 0 0 
0 0 0 0 1 2 1 0 
1 1 1 1 1 0 0 0 
1 1 1 1 0 0 3 2 
1 1 1 1 1 1 1 1 
0 2 1 3 3 1 1 1 
1 2 1 1 0 2 3 0 
0 0 0 0 0 1 3 1 
0 0 0 0 1 1 0 3 
1 3 3 0 3 0 0 0 
3 3 3 0 0 1 3 1 
2 2 1 2 1 1 2 1 
1 1 1 1 1 1 3 2 
0 0 0 0 1 2 3 1 
1 1 0 1 1 1 1 1 
1 2 3 3 2 3 0 0 
2 2 2 2 1 3 0 0 
1 1 1 2 0 2 3 0 
2 2 2 2 1 3 0 1 
0 0 3 2 0 0 1 3 
0 3 3 3 0 1 3 1 
2 1 1 2 1 1 0 0 
2 2 2 2 0 2 3 0 
2 0 3 2 0 2 1 3 
2 2 1 2 1 1 1 2 
0 1 2 1 3 0 0 3 
2 2 1 2 1 1 1 1 
1 0 0 0 0 1 0 3 
0 0 3 1 3 0 0 3 
0 0 0 1 0 1 0 3 
0 0 0 0 0 0 3 2 
0 0 1 0 0 3 0 0 
3 3 3 3 1 2 3 1 
3 0 2 1 3 0 0 3 
0 0 2 1 3 0 0 3 
3 3 0 0 3 2 2 0 
2 2 2 2 1 3 3 0 
1 1 1 1 1 0 3 2 
1 1 1 1 1 3 0 1 
1 1 1 1 1 3 0 0 
3 1 2 1 3 1 0 3 
3 3 3 3 0 1 3 1 
0 0 0 0 1 1 3 1 
2 2 1 1 0 2 2 2 
2 1 0 1 1 1 1 1 
0 0 1 0 2 2 3 1 
3 3 0 3 0 1 3 1 
2 2 1 2 1 2 1 1 
2 1 1 1 0 2 3 0 
1 1 1 1 0 2 3 0 
0 1 3 0 3 3 1 2 
0 1 0 3 0 1 0 0 
1 2 0 0 1 0 3 3 
1 1 1 1 0 1 0 3 
3 3 3 3 1 1 3 1 
2 2 2 2 1 2 3 0 
3 1 3 1 1 3 2 2 
0 0 3 2 0 0 0 3 
0 1 2 3 1 2 2 3 
2 2 0 1 1 1 1 1 
2 0 0 0 1 3 0 3 
1 1 1 1 1 3 3 0 
1 0 2 2 2 1 2 2 
0 0 0 3 0 0 0 0 
1 1 1 1 1 2 0 3 
2 2 1 1 2 2 2 2 
0 0 3 2 3 0 0 3 
2 1 0 1 2 2 2 2 
0 0 3 2 0 0 1 0 
2 3 0 3 1 0 0 2 
2 1 0 1 2 0 2 1 
0 0 0 0 0 1 0 3 
3 3 1 2 2 0 1 3 
1 1 1 1 1 2 1 0 
1 1 1 1 0 0 0 0 
1 1 1 1 1 2 1 3 
0 3 2 1 0 3 1 0 
0 0 1 0 0 1 0 3 
0 0 3 2 0 1 0 3 
0 0 0 0 1 2 0 3 
0 0 0 0 1 2 0 2 
0 0 0 0 1 2 0 1 
2 2 0 1 2 2 2 2 
2 2 1 2 2 1 1 1 
0 1 0 0 0 1 0 3 
0 2 0 2 0 2 0 0 
2 0 2 2 3 3 3 1 
1 1 1 1 1 1 1 0 
1 1 1 1 1 2 3 0 
3 0 3 3 0 1 3 1 
1 1 1 1 1 1 0 0 
1 1 1 1 1 1 0 3 
1 1 1 1 1 1 0 2 
1 1 2 1 0 2 3 0 
2 2 1 1 1 1 1 1 
1 1 0 1 2 2 2 2 
3 2 2 0 0 1 0 1 
MFS
[ - , - , - , - , - , - , - , - ]
[ 3 , 3 , 3 , 3 , - , - , - , - ]
[ 0 , 0 , 0 , 0 , - , - , - , - ]
[ 1 , 1 , 1 , 1 , - , - , - , - ]
[ - , 0 , - , - , - , 0 , - , - ]
[ - , - , - , - , 1 , 1 , 1 , 1 ]
precise
0.8333333333333334
recall
0.5555555555555556
F-measure
0.6666666666666667
multi
3
time
all 15 iden 0 gen 15
t-cover
443
all-cover
448
coveredNum
(1 : 67)  (2 : 45)  (3 : 42)  (4 : 34)  (5 : 45)  (6 : 40)  (7 : 31)  (8 : 30)  (9 : 26)  (10 : 18)  (11 : 10)  (12 : 8)  (13 : 8)  (14 : 10)  (15 : 7)  (16 : 5)  (17 : 7)  (18 : 3)  (19 : 2)  (20 : 2)  (21 : 2)  (22 : 1)  (23 : 2)  (24 : 2)  (29 : 1)  
real Identify
([ 3 , 3 , 3 , 3 , - , - , - , - ] : 1)  ([ - , 0 , - , - , - , 0 , - , - ] : 1)  ([ 0 , 0 , 0 , 0 , - , - , - , - ] : 1)  ([ 1 , 1 , 1 , 1 , - , - , - , - ] : 1)  ([ - , - , - , - , 1 , 1 , 1 , 1 ] : 1)  
testCase Num: 63
regaular Num: 30
identify Num: 33
3 3 0 3 0 2 1 3 
2 1 0 3 2 1 3 0 
2 2 1 2 1 2 1 1 
0 0 0 2 3 3 2 2 
2 2 1 2 2 2 2 2 
0 0 0 0 0 0 0 0 
2 0 0 0 0 0 0 3 
3 0 0 0 0 0 0 3 
0 0 2 0 2 0 0 0 
1 1 1 1 1 0 0 0 
3 0 1 1 1 1 0 3 
1 1 1 1 1 1 1 1 
0 0 0 1 0 0 0 0 
1 3 3 3 2 0 2 0 
1 0 2 1 1 2 2 3 
3 2 2 2 0 1 2 0 
2 2 0 1 1 1 1 1 
0 0 0 0 0 0 1 2 
2 2 1 2 1 1 2 1 
0 2 2 3 3 2 3 1 
0 1 1 3 1 0 1 3 
1 0 0 1 3 3 1 0 
0 1 2 0 2 1 0 0 
1 2 1 0 2 2 0 0 
3 1 3 0 3 1 0 3 
3 0 1 1 0 0 0 3 
0 3 1 0 2 1 3 2 
1 0 0 0 0 0 0 0 
2 2 1 1 2 2 2 2 
1 1 0 1 1 1 1 1 
0 0 3 2 2 1 1 1 
1 1 1 0 0 0 0 0 
1 2 3 1 0 1 3 2 
2 1 0 1 2 2 2 2 
2 2 2 0 1 3 1 0 
0 3 0 0 0 3 0 0 
2 2 1 2 1 1 1 2 
2 2 1 2 1 1 1 1 
0 1 0 0 0 1 1 2 
2 0 3 3 1 3 0 2 
3 0 1 1 1 0 1 3 
1 1 1 1 0 0 0 0 
3 0 1 1 1 0 1 0 
3 0 1 0 0 0 0 3 
2 1 1 2 0 2 2 2 
3 3 2 2 1 0 0 2 
3 1 2 0 0 3 2 1 
2 2 0 1 2 2 2 2 
2 2 1 2 2 1 1 1 
2 1 0 0 0 1 0 3 
1 1 0 0 0 0 0 0 
1 1 1 1 1 1 1 0 
3 0 1 1 2 3 3 3 
1 1 1 1 1 1 0 0 
3 1 0 0 0 0 0 3 
3 0 1 1 1 0 0 3 
1 2 0 2 1 0 3 3 
0 1 0 1 0 1 0 0 
2 2 1 1 1 1 1 1 
0 0 3 0 0 2 0 0 
1 1 0 1 2 2 2 2 
2 1 0 1 1 1 1 1 
2 3 1 1 3 0 0 1 
MFS
[ - , - , - , - , - , - , - , - ]
[ - , 0 , - , - , - , 0 , - , - ]
[ - , - , - , - , 1 , 1 , 1 , 1 ]
precise
0.6666666666666666
recall
0.2222222222222222
F-measure
0.3333333333333333
multi
3
time
all 16 iden 0 gen 16
t-cover
445
all-cover
448
coveredNum
(1 : 119)  (2 : 104)  (3 : 46)  (4 : 26)  (5 : 29)  (6 : 25)  (7 : 30)  (8 : 17)  (9 : 17)  (10 : 18)  (11 : 4)  (12 : 3)  (13 : 3)  (14 : 4)  (15 : 2)  (16 : 1)  
real Identify
([ - , 0 , - , - , - , 0 , - , - ] : 1)  ([ - , - , - , - , 1 , 1 , 1 , 1 ] : 1)  
