testCase Num: 15
regaular Num: 15
identify Num: 0
0 0 0 1 0 0 0 0 0 0 0 1 0 1 0 0 0 0 0 0 0 0 1 1 0 0 0 0 1 0 
0 0 1 1 0 0 0 0 0 0 0 0 1 0 0 0 0 0 0 0 1 0 0 0 0 0 0 0 0 0 
1 1 1 0 0 1 0 0 0 1 0 0 0 0 1 0 1 0 0 0 1 1 0 1 0 0 0 0 1 0 
1 0 0 0 0 0 1 1 0 0 1 1 1 1 0 0 0 1 1 1 0 0 0 0 0 1 1 0 0 0 
0 1 0 0 0 0 0 0 0 0 0 0 0 0 0 0 0 0 0 0 0 0 0 0 0 0 0 0 0 0 
1 0 1 0 0 0 0 1 1 0 1 0 1 0 1 1 1 0 0 1 0 0 0 0 0 0 0 1 0 1 
0 0 0 0 1 0 1 1 1 0 0 0 1 0 0 0 0 0 1 1 1 0 0 0 1 0 1 0 0 0 
1 1 1 0 1 0 1 0 1 0 1 1 1 0 0 1 0 0 0 0 1 1 1 0 1 1 0 0 0 0 
0 0 0 1 0 1 1 0 0 1 1 1 0 1 0 1 0 0 1 0 0 0 1 0 1 0 1 1 0 1 
1 0 0 1 0 0 1 1 0 1 0 0 1 0 0 1 1 1 0 0 1 0 1 1 0 1 1 1 0 0 
0 0 0 1 1 0 0 1 0 0 0 0 0 1 1 0 1 0 1 1 0 1 0 1 0 0 1 1 1 1 
1 1 1 1 1 1 1 1 1 1 1 1 1 1 1 1 1 1 1 1 1 1 1 1 1 0 1 1 1 1 
0 1 1 0 0 1 0 0 1 0 1 1 0 1 1 0 0 1 1 1 0 0 0 0 1 1 0 0 1 1 
0 1 0 1 1 1 0 0 1 0 0 0 0 0 1 0 0 1 1 1 0 0 0 0 1 1 0 0 1 1 
0 0 0 0 0 0 0 0 0 0 0 0 0 0 0 0 0 0 0 0 0 0 0 0 0 0 0 0 0 0 
MFS
[ 0 , - , - , 0 , - , - , - , - , - , - , - , - , - , - , - , - , - , - , - , - , - , - , - , - , - , - , - , - , - , - ]
precise
1.0
recall
1.0
F-measure
1.0
multi
0
time
all 266 iden 0 gen 266
t-cover
1740
all-cover
1740
coveredNum
(1 : 219)  (2 : 562)  (3 : 522)  (4 : 320)  (5 : 105)  (6 : 12)  
real Identify
([ 0 , - , - , 0 , - , - , - , - , - , - , - , - , - , - , - , - , - , - , - , - , - , - , - , - , - , - , - , - , - , - ] : 1)  
testCase Num: 16
regaular Num: 16
identify Num: 0
0 0 1 0 0 1 0 1 0 1 1 1 0 1 0 0 1 0 1 1 1 1 0 0 1 1 0 0 1 0 
1 0 0 0 1 0 1 0 1 0 0 0 0 0 0 0 0 0 1 0 1 0 0 0 1 0 1 0 0 0 
0 0 1 1 0 0 0 0 0 0 0 0 0 0 0 0 0 0 0 0 0 1 0 0 0 0 0 0 0 0 
1 1 0 1 1 0 1 0 1 0 0 0 1 1 1 0 1 1 0 0 0 0 1 1 0 0 1 1 0 0 
1 1 0 1 0 1 1 0 0 1 0 0 0 0 1 0 0 0 0 0 1 1 0 0 0 1 0 0 0 0 
0 1 1 0 0 0 1 0 1 1 0 1 0 0 0 0 0 1 1 1 0 1 1 0 0 0 1 0 1 1 
1 0 1 0 0 0 0 1 1 1 0 1 0 1 0 0 1 0 0 1 0 1 0 0 0 0 0 0 1 0 
0 1 0 1 0 1 0 0 0 0 1 0 0 1 0 0 0 1 1 1 0 0 1 0 0 1 0 0 0 1 
0 0 0 1 1 0 1 0 1 1 0 1 0 1 0 1 0 0 1 0 1 0 0 1 1 0 1 1 1 1 
1 1 1 1 1 1 1 1 1 1 1 1 1 1 1 1 1 1 1 1 1 1 1 0 1 1 1 1 1 1 
1 1 1 0 0 1 0 1 0 0 1 0 1 0 1 1 0 1 0 1 0 1 1 1 0 1 0 0 0 0 
0 0 0 0 1 0 0 1 1 0 0 0 0 0 0 0 0 0 0 1 0 0 0 0 0 0 0 0 1 0 
0 0 0 0 0 0 0 0 0 0 0 0 0 0 0 0 0 0 1 0 0 0 0 0 0 0 0 0 0 0 
0 0 0 1 1 1 0 1 0 0 1 1 1 0 1 0 1 1 0 0 1 0 0 0 1 0 0 1 0 1 
1 0 1 0 0 0 0 0 0 0 1 0 1 0 0 0 0 0 1 0 0 0 1 0 1 1 1 1 1 1 
0 0 0 0 0 0 0 0 0 0 0 0 0 0 0 0 0 0 0 0 0 0 0 0 0 0 0 0 0 0 
MFS
[ 0 , - , - , 0 , - , - , - , - , - , - , - , - , - , - , - , - , - , - , - , - , - , - , - , - , - , - , - , - , - , - ]
precise
1.0
recall
1.0
F-measure
1.0
multi
0
time
all 281 iden 0 gen 281
t-cover
1740
all-cover
1740
coveredNum
(1 : 270)  (2 : 501)  (3 : 530)  (4 : 285)  (5 : 141)  (6 : 12)  (7 : 1)  
real Identify
([ 0 , - , - , 0 , - , - , - , - , - , - , - , - , - , - , - , - , - , - , - , - , - , - , - , - , - , - , - , - , - , - ] : 1)  
testCase Num: 16
regaular Num: 16
identify Num: 0
1 1 1 1 0 1 0 0 0 0 0 0 1 1 0 0 0 0 0 1 0 0 1 0 1 0 1 1 1 1 
1 0 0 0 0 0 0 0 1 1 0 0 0 0 0 0 0 1 0 0 0 1 0 1 0 1 1 1 1 1 
0 0 0 0 0 0 1 0 0 0 0 0 0 0 0 0 0 0 0 0 0 0 0 0 0 0 0 0 0 0 
1 0 0 1 0 0 0 0 0 0 1 0 0 0 1 0 1 1 0 1 0 0 1 1 0 0 0 0 1 0 
0 0 0 1 0 1 1 0 0 0 0 0 0 0 0 0 0 0 0 0 0 0 0 0 0 1 0 0 0 0 
0 0 0 1 0 0 0 1 1 1 1 0 1 1 0 1 1 1 1 0 1 0 1 0 0 0 0 1 1 0 
1 1 1 0 1 1 1 1 1 0 0 1 1 0 1 1 1 0 1 0 0 0 0 0 0 1 0 0 0 0 
0 0 1 1 0 0 0 0 0 0 0 1 0 0 1 0 0 0 1 1 0 1 1 1 1 0 1 0 0 0 
0 1 0 1 1 0 1 0 0 1 1 0 0 1 0 1 0 0 0 0 0 1 0 0 1 0 0 0 0 1 
0 0 1 0 1 1 0 0 1 0 0 1 1 0 1 1 1 0 1 1 0 0 1 0 0 1 1 1 0 0 
1 1 1 1 1 1 1 0 1 1 1 1 1 1 1 1 1 1 1 1 1 1 1 1 1 1 1 1 1 1 
0 1 1 0 0 0 1 1 1 1 1 1 0 0 1 0 1 1 1 0 0 1 0 1 0 1 0 0 0 0 
0 0 0 0 0 1 0 0 0 0 0 1 1 1 0 0 0 0 1 0 0 0 0 0 1 0 0 0 0 0 
0 0 0 0 0 0 0 0 0 0 0 0 0 0 0 0 0 0 0 0 0 0 0 0 0 0 0 0 0 0 
1 0 0 0 1 0 0 0 0 0 1 1 0 1 0 0 0 1 0 0 0 0 1 0 0 0 0 1 0 0 
1 0 0 0 1 1 1 1 0 0 0 1 0 0 1 0 0 0 0 1 1 1 0 1 1 1 1 0 0 1 
MFS
[ 0 , - , - , 0 , - , - , - , - , - , - , - , - , - , - , - , - , - , - , - , - , - , - , - , - , - , - , - , - , - , - ]
precise
1.0
recall
1.0
F-measure
1.0
multi
0
time
all 281 iden 0 gen 281
t-cover
1740
all-cover
1740
coveredNum
(1 : 262)  (2 : 528)  (3 : 507)  (4 : 299)  (5 : 114)  (6 : 29)  (7 : 1)  
real Identify
([ 0 , - , - , 0 , - , - , - , - , - , - , - , - , - , - , - , - , - , - , - , - , - , - , - , - , - , - , - , - , - , - ] : 1)  
testCase Num: 15
regaular Num: 15
identify Num: 0
0 0 0 1 0 1 1 0 1 0 0 1 0 1 1 0 0 0 1 1 0 0 0 0 0 0 1 0 0 0 
1 0 0 0 0 0 0 0 0 0 0 0 0 0 0 0 0 0 0 0 0 0 0 0 1 0 0 0 0 0 
1 1 0 0 0 1 1 1 0 0 1 1 1 1 0 1 1 1 0 0 0 0 0 1 0 0 1 0 1 0 
0 0 1 1 1 1 0 1 0 0 0 0 0 0 0 1 0 1 0 0 1 0 1 1 0 0 1 0 1 1 
0 0 0 1 0 1 1 1 1 1 0 0 1 1 0 0 1 1 1 0 1 0 0 0 1 1 0 0 0 1 
1 0 0 0 0 0 0 1 1 0 0 0 0 0 1 0 1 0 0 0 1 0 0 0 0 0 0 1 1 1 
1 1 0 0 1 0 1 0 0 1 0 0 1 0 0 0 1 0 1 0 0 1 0 1 1 0 0 1 0 0 
0 0 1 0 0 0 0 0 0 0 0 0 0 0 0 0 1 1 0 1 0 1 0 0 0 0 0 0 1 1 
0 1 0 1 0 0 0 0 1 1 0 1 1 1 0 1 0 1 0 1 1 1 1 0 0 0 0 0 0 0 
1 1 1 1 1 1 1 1 1 1 0 1 1 1 1 1 1 1 1 1 1 1 1 1 1 1 1 1 1 1 
0 0 0 0 0 0 0 0 0 0 0 0 0 0 0 0 0 0 0 0 0 0 0 0 0 0 0 0 0 0 
1 1 1 0 0 0 0 0 0 0 1 1 0 0 1 1 0 0 0 1 0 1 1 0 0 1 1 1 1 0 
0 1 0 0 0 0 0 1 1 1 0 1 1 1 1 1 0 0 0 0 1 0 1 0 0 0 0 1 0 0 
0 0 1 1 0 0 0 0 0 0 0 0 0 0 0 0 0 0 0 0 0 0 0 0 0 0 0 0 0 1 
0 0 1 1 1 0 0 0 1 1 1 0 0 0 1 0 0 0 1 1 1 1 1 0 1 0 0 1 0 1 
MFS
[ 0 , - , - , 0 , - , - , - , - , - , - , - , - , - , - , - , - , - , - , - , - , - , - , - , - , - , - , - , - , - , - ]
precise
1.0
recall
1.0
F-measure
1.0
multi
0
time
all 297 iden 0 gen 297
t-cover
1740
all-cover
1740
coveredNum
(1 : 224)  (2 : 465)  (3 : 489)  (4 : 310)  (5 : 154)  (6 : 96)  (7 : 2)  
real Identify
([ 0 , - , - , 0 , - , - , - , - , - , - , - , - , - , - , - , - , - , - , - , - , - , - , - , - , - , - , - , - , - , - ] : 1)  
testCase Num: 16
regaular Num: 16
identify Num: 0
0 0 0 1 0 0 0 1 0 0 0 1 0 0 0 1 0 0 0 0 0 0 0 0 0 0 1 0 0 0 
1 1 1 1 0 1 0 1 0 0 1 0 0 0 1 0 0 1 0 1 1 0 0 0 0 0 1 1 1 1 
0 0 1 0 0 0 0 1 1 0 1 1 0 0 0 1 0 0 1 0 0 1 1 0 0 0 0 1 1 1 
1 1 0 0 0 0 0 0 0 0 1 0 1 0 0 0 0 0 1 0 0 0 0 0 0 0 0 1 0 1 
0 1 1 0 0 0 1 1 0 1 0 0 1 1 1 1 0 0 0 0 1 1 0 0 1 0 1 0 0 0 
0 0 1 1 1 1 0 0 1 0 1 0 1 0 1 1 1 0 0 1 0 0 1 0 1 1 0 1 0 0 
0 0 0 0 1 0 0 0 1 1 0 1 1 1 0 1 1 1 1 0 1 1 1 1 1 0 0 0 0 0 
0 0 1 1 0 0 1 1 0 1 0 1 1 1 0 1 0 0 0 0 0 0 1 0 0 0 0 1 0 1 
1 0 0 0 1 1 1 0 0 0 1 1 0 0 0 0 1 1 0 1 0 0 1 1 0 0 0 0 1 0 
1 1 1 0 1 1 1 1 1 1 1 1 1 1 1 1 1 1 1 1 1 1 1 1 1 1 1 1 1 1 
1 1 0 1 0 0 1 1 0 1 0 1 0 1 0 0 0 0 1 0 0 1 0 1 0 1 1 0 1 1 
0 1 1 1 0 1 1 0 1 0 0 0 0 0 1 0 1 0 0 0 1 1 0 1 0 0 0 0 1 0 
0 1 0 0 1 1 0 0 1 1 0 0 1 0 0 0 0 0 1 0 0 0 0 0 0 0 0 1 0 1 
0 0 0 1 1 0 0 0 1 1 0 0 1 0 0 1 0 1 1 0 1 1 0 0 1 0 0 0 0 0 
0 0 0 0 0 0 0 0 0 0 0 0 0 0 0 0 0 0 0 0 0 0 0 0 0 0 0 0 0 0 
1 0 0 0 0 0 0 0 0 0 0 0 0 1 1 0 1 0 0 1 0 0 0 1 1 0 1 0 0 0 
MFS
[ 0 , - , - , 0 , - , - , - , - , - , - , - , - , - , - , - , - , - , - , - , - , - , - , - , - , - , - , - , - , - , - ]
precise
1.0
recall
1.0
F-measure
1.0
multi
0
time
all 313 iden 0 gen 313
t-cover
1740
all-cover
1740
coveredNum
(1 : 236)  (2 : 569)  (3 : 509)  (4 : 266)  (5 : 139)  (6 : 21)  
real Identify
([ 0 , - , - , 0 , - , - , - , - , - , - , - , - , - , - , - , - , - , - , - , - , - , - , - , - , - , - , - , - , - , - ] : 1)  
