testCase Num: 18
regaular Num: 18
identify Num: 0
0 0 1 1 0 1 1 1 0 1 0 0 1 1 1 1 0 0 1 1 0 0 1 1 1 0 0 0 0 0 0 0 0 0 1 1 0 1 0 1 0 0 0 0 0 1 1 1 0 1 1 0 0 0 1 0 1 0 1 1 
1 1 1 0 0 1 0 0 1 1 1 0 0 0 1 1 0 1 0 0 0 0 0 0 0 0 0 1 1 1 0 1 1 1 1 0 0 1 0 1 0 0 1 1 0 0 1 0 0 0 1 0 0 1 1 0 0 1 0 0 
0 0 0 1 1 0 0 1 1 0 0 0 0 1 0 1 0 0 1 0 0 1 0 0 0 0 0 1 0 0 0 0 0 1 0 0 0 0 0 0 0 1 0 0 0 0 0 0 0 0 0 0 1 1 0 1 0 1 0 0 
0 0 0 0 0 0 0 0 0 0 0 1 0 0 0 0 0 0 0 0 0 0 0 0 0 0 0 0 0 0 0 0 0 0 0 0 1 0 0 0 0 0 0 0 1 0 0 0 0 0 0 0 0 0 0 0 0 0 1 0 
0 0 1 0 0 0 1 0 0 0 0 0 0 0 0 1 0 1 1 0 0 0 0 0 0 0 0 0 0 0 0 0 0 0 0 0 0 0 0 0 0 0 1 0 0 0 0 0 1 0 0 0 0 1 0 0 0 0 0 0 
1 0 0 0 0 0 1 1 0 0 0 1 0 1 0 0 0 1 0 0 0 0 0 0 0 1 1 0 0 1 1 0 1 0 0 0 1 0 0 0 0 0 1 0 1 1 0 0 1 0 0 0 0 1 0 0 0 0 0 0 
1 0 1 0 0 0 0 0 0 0 0 0 0 0 0 0 0 1 0 0 0 0 0 0 0 0 0 0 0 0 0 0 0 0 0 0 0 0 0 0 0 0 0 0 0 0 0 0 0 0 0 1 0 0 0 0 0 0 1 0 
0 0 1 1 1 1 0 0 0 0 0 1 0 0 0 0 1 1 0 0 0 0 1 1 1 1 0 1 1 1 0 1 1 0 0 1 1 1 1 1 0 0 0 1 0 0 1 0 1 0 1 1 1 0 0 0 1 0 1 1 
0 0 0 0 1 0 0 1 1 0 0 1 0 1 0 0 1 1 0 0 0 1 0 0 0 1 1 1 0 1 1 0 1 1 0 0 1 0 0 0 0 1 1 0 1 1 0 0 1 0 0 1 1 1 0 1 0 1 0 0 
1 0 0 0 0 0 0 0 0 0 0 0 0 0 0 0 1 0 0 0 0 0 0 0 0 0 0 0 0 0 0 0 0 0 0 0 0 0 0 0 0 0 0 0 0 0 0 0 0 0 0 0 0 0 0 0 0 0 0 0 
0 1 0 1 1 0 0 0 1 0 0 0 1 0 1 0 1 0 0 1 0 0 0 0 1 0 0 0 0 0 1 0 1 0 1 1 0 0 0 1 0 0 0 1 0 0 0 1 0 0 1 1 1 0 0 1 1 1 0 0 
1 1 0 1 1 0 1 1 0 0 1 0 0 0 0 0 1 0 0 1 1 1 1 1 1 0 0 0 1 0 1 1 0 0 0 0 1 1 0 0 0 0 0 1 1 0 0 1 1 1 0 0 0 0 0 1 0 0 1 0 
1 1 1 0 1 1 1 1 0 1 0 1 1 1 0 0 0 0 0 1 1 1 0 0 1 0 0 0 1 1 1 0 0 1 1 0 1 0 0 0 1 1 0 1 0 0 0 0 0 0 1 1 0 1 0 0 1 1 1 0 
1 0 0 0 0 1 0 0 0 1 0 1 1 0 0 0 0 0 1 0 0 1 0 1 0 0 1 1 1 0 0 1 0 1 0 1 0 0 0 0 0 0 0 0 0 0 1 0 0 1 0 1 1 0 1 0 1 0 0 1 
0 0 0 0 0 0 0 0 0 0 0 0 0 0 0 0 0 0 0 0 0 0 0 0 0 0 0 0 0 0 0 0 0 0 0 0 0 0 0 0 0 0 0 0 0 0 0 0 0 0 0 0 0 0 0 0 0 0 0 0 
0 0 0 1 0 0 0 0 1 0 1 0 0 0 1 1 1 1 1 0 1 0 0 1 0 0 1 1 0 0 0 1 1 0 0 1 0 1 1 1 1 1 1 0 1 1 1 1 1 1 0 0 1 0 1 1 0 0 0 0 
1 1 0 0 0 0 1 0 1 1 1 0 1 1 1 1 0 0 1 1 0 1 1 0 0 1 1 0 0 0 1 0 0 1 1 0 0 0 1 0 1 0 1 0 1 0 0 1 0 1 0 0 0 1 1 1 0 1 0 1 
1 1 1 1 1 1 1 1 1 1 1 1 1 1 1 1 1 1 1 1 1 1 1 1 1 1 1 1 1 1 1 1 1 1 1 1 1 1 1 1 0 1 1 1 1 1 1 1 1 1 1 1 1 1 1 1 1 1 1 1 
MFS
[ 0 , - , - , 0 , - , - , - , - , - , - , - , - , - , - , - , - , - , - , - , - , - , - , - , - , - , - , - , - , - , - , - , - , - , - , - , - , - , - , - , - , - , - , - , - , - , - , - , - , - , - , - , - , - , - , - , - , - , - , - , - ]
precise
1.0
recall
1.0
F-measure
1.0
multi
0
time
all 3925 iden 16 gen 3909
t-cover
7080
all-cover
7080
coveredNum
(1 : 531)  (2 : 1626)  (3 : 1857)  (4 : 1331)  (5 : 715)  (6 : 669)  (7 : 299)  (8 : 47)  (9 : 5)  
real Identify
([ 0 , - , - , 0 , - , - , - , - , - , - , - , - , - , - , - , - , - , - , - , - , - , - , - , - , - , - , - , - , - , - , - , - , - , - , - , - , - , - , - , - , - , - , - , - , - , - , - , - , - , - , - , - , - , - , - , - , - , - , - , - ] : 1)  
testCase Num: 19
regaular Num: 19
identify Num: 0
0 1 0 0 1 0 1 0 1 1 0 0 1 0 1 1 1 0 1 1 1 0 0 0 0 1 0 0 0 1 0 0 1 1 0 1 1 0 0 1 0 0 0 1 1 1 0 1 0 0 1 1 0 1 1 0 0 1 0 0 
1 0 1 1 0 1 1 1 0 0 1 1 0 0 0 0 0 0 0 0 0 1 1 1 1 0 1 1 0 0 1 1 0 0 1 0 0 1 1 0 1 1 1 0 0 0 0 1 1 1 0 0 1 0 0 0 1 0 1 1 
0 1 0 0 0 0 0 0 1 1 1 0 1 0 0 1 0 0 0 1 0 1 0 1 0 0 1 0 0 0 0 0 0 0 1 0 1 1 0 0 1 0 1 0 1 0 1 0 1 1 1 0 0 1 0 1 0 0 1 0 
1 0 0 1 0 0 0 1 0 0 0 0 1 0 0 0 0 0 1 0 1 0 0 0 1 1 1 0 0 0 1 0 0 0 0 0 0 0 0 0 1 0 0 1 0 0 0 0 0 0 1 1 1 0 1 0 1 1 0 1 
0 1 1 1 0 0 1 0 1 0 0 1 0 1 1 0 0 0 1 1 0 0 0 1 1 0 0 0 1 1 0 1 1 0 1 1 0 0 0 0 0 1 0 1 1 1 1 0 1 0 0 1 1 0 1 1 0 0 1 1 
1 0 0 0 1 0 0 1 0 1 0 0 0 1 1 0 1 0 0 0 1 1 1 0 0 1 0 1 1 0 1 0 0 1 0 0 1 1 1 1 0 0 0 0 0 0 1 1 0 1 0 0 0 0 0 1 1 1 0 0 
0 0 1 0 1 0 0 0 0 0 1 1 1 1 0 1 1 0 0 0 0 0 1 1 0 1 0 1 1 1 0 1 1 0 0 1 0 0 1 1 1 1 1 1 0 1 0 0 0 0 1 1 0 1 0 0 1 0 0 1 
1 1 1 1 1 0 1 1 1 1 1 1 1 1 1 1 1 1 1 1 1 1 1 1 1 1 1 1 1 1 1 1 1 1 1 1 1 1 1 1 1 1 1 1 1 1 1 1 1 1 1 1 1 1 1 1 1 1 1 1 
1 1 0 0 1 1 0 0 1 0 0 0 1 1 0 0 0 1 0 0 1 0 1 1 0 0 0 0 1 1 0 0 1 1 1 0 1 0 0 0 1 1 1 0 1 0 0 1 0 0 1 1 0 1 1 0 0 1 1 1 
0 1 1 0 0 1 0 0 0 0 0 0 1 0 0 0 1 1 0 1 1 0 0 0 0 0 0 0 1 0 1 0 0 0 1 1 1 1 1 1 1 1 1 1 0 1 0 0 0 1 0 0 1 1 1 1 1 1 1 1 
1 0 1 0 0 0 0 0 1 0 0 1 0 0 0 0 0 0 1 0 0 0 0 0 1 0 0 0 0 0 0 0 1 0 1 0 0 1 1 1 0 0 0 0 0 1 0 0 0 0 0 0 0 0 0 0 0 0 0 0 
1 0 1 0 0 0 1 0 1 1 0 0 1 0 0 1 1 1 0 1 0 1 0 0 0 0 1 1 1 1 0 0 0 0 0 0 1 1 0 0 0 0 0 1 0 0 1 0 1 0 0 0 1 1 0 0 0 0 1 0 
0 0 0 1 0 0 0 0 0 0 0 1 0 0 1 0 0 0 1 0 0 1 1 0 0 0 0 0 0 0 1 1 1 0 0 0 0 1 1 0 0 1 0 0 0 0 0 0 0 0 0 0 0 0 0 0 0 0 0 0 
0 1 0 0 1 0 0 0 0 0 0 0 0 0 0 0 0 0 0 0 0 0 1 0 0 0 0 0 0 0 0 0 0 0 0 0 0 0 0 0 0 0 0 0 0 0 0 0 0 0 0 0 0 0 0 0 0 1 0 0 
0 1 0 1 1 1 1 0 0 1 1 0 1 0 0 1 1 1 0 1 0 0 0 0 0 1 1 0 0 0 0 0 0 0 0 1 1 0 0 1 1 0 1 1 0 1 0 1 0 1 1 0 0 1 0 1 1 1 0 0 
0 0 0 0 0 0 0 0 0 0 0 0 0 0 0 0 0 0 0 0 0 0 0 0 0 0 0 0 0 0 0 0 0 0 0 0 0 0 0 0 0 0 0 0 0 0 0 0 0 0 0 0 0 0 0 0 0 0 0 0 
1 0 0 1 1 1 0 1 1 1 1 1 0 1 1 1 0 1 1 0 0 1 1 1 1 1 1 1 0 1 0 1 1 1 0 0 0 0 0 0 0 0 0 0 1 0 1 0 1 0 1 1 0 0 0 0 0 0 0 0 
0 0 0 1 0 0 0 1 0 0 1 0 0 0 0 1 1 0 0 1 1 0 0 0 0 0 0 1 0 1 1 1 0 1 0 1 0 0 0 0 0 1 1 0 1 0 0 0 1 1 0 0 1 1 1 0 0 0 1 0 
1 0 0 0 0 0 0 0 0 0 1 0 0 0 0 0 0 0 0 0 0 0 0 0 0 0 0 0 0 0 0 1 0 0 0 1 0 0 1 0 0 0 0 0 1 0 0 0 0 0 0 0 0 0 0 0 0 0 0 0 
MFS
[ 0 , - , - , 0 , - , - , - , - , - , - , - , - , - , - , - , - , - , - , - , - , - , - , - , - , - , - , - , - , - , - , - , - , - , - , - , - , - , - , - , - , - , - , - , - , - , - , - , - , - , - , - , - , - , - , - , - , - , - , - , - ]
precise
1.0
recall
1.0
F-measure
1.0
multi
0
time
all 4137 iden 1 gen 4099
t-cover
7080
all-cover
7080
coveredNum
(1 : 593)  (2 : 1835)  (3 : 2018)  (4 : 1252)  (5 : 764)  (6 : 465)  (7 : 148)  (8 : 5)  
real Identify
([ 0 , - , - , 0 , - , - , - , - , - , - , - , - , - , - , - , - , - , - , - , - , - , - , - , - , - , - , - , - , - , - , - , - , - , - , - , - , - , - , - , - , - , - , - , - , - , - , - , - , - , - , - , - , - , - , - , - , - , - , - , - ] : 1)  
testCase Num: 20
regaular Num: 20
identify Num: 0
0 0 0 1 0 1 0 0 1 0 0 1 0 0 0 0 1 0 0 0 0 1 1 1 1 0 1 1 1 0 0 1 1 0 0 1 1 0 0 1 0 0 0 1 1 1 0 0 0 0 0 0 1 1 1 1 1 0 0 0 
0 0 1 1 1 0 0 0 0 0 1 1 1 0 1 0 0 1 0 1 1 1 0 0 0 0 0 1 1 1 1 1 1 0 0 0 0 0 1 1 0 0 0 0 0 0 0 1 1 1 1 0 0 0 1 0 1 0 1 1 
0 1 0 0 1 1 0 0 0 0 0 1 0 1 0 1 1 0 0 0 1 0 0 1 0 0 0 1 1 1 0 0 0 1 0 0 0 0 0 1 0 0 0 0 1 0 0 0 0 1 0 0 0 1 0 0 1 1 0 1 
1 0 0 0 0 1 1 0 0 0 1 0 0 1 0 0 0 0 0 0 0 0 0 0 0 1 1 0 1 1 1 1 1 1 1 1 0 1 1 1 1 1 1 0 1 0 1 1 0 1 0 0 1 1 0 0 0 0 1 1 
0 1 0 0 0 0 0 1 1 1 0 1 1 0 1 1 1 1 1 0 1 1 1 1 1 0 0 1 0 0 0 1 0 0 0 1 1 0 0 0 0 0 0 1 0 1 0 0 1 0 1 0 1 0 1 1 1 1 0 0 
1 0 0 0 0 1 0 0 0 1 1 1 0 1 0 0 0 0 1 1 1 0 1 1 1 1 1 1 1 0 1 0 0 0 1 0 1 0 1 0 1 0 0 0 1 0 0 0 1 1 1 1 0 0 1 1 0 1 1 0 
1 0 0 0 1 0 0 0 0 0 0 0 0 0 0 0 0 0 0 0 0 0 0 0 0 0 0 0 0 0 0 0 0 0 0 0 0 0 0 0 0 0 0 0 0 0 0 0 0 0 0 0 0 0 0 0 0 0 0 0 
1 1 1 1 1 1 1 1 1 0 1 1 1 1 1 1 1 1 1 1 1 1 1 1 1 1 1 1 1 1 1 1 1 1 1 1 1 1 1 1 1 1 1 1 1 1 1 1 1 1 1 1 1 1 1 1 1 1 1 1 
1 1 1 0 0 0 0 1 0 0 0 1 0 1 0 0 0 1 0 0 0 1 0 0 0 0 0 0 0 0 1 0 1 1 0 0 0 1 0 0 0 0 0 1 1 1 0 1 0 1 1 0 0 0 0 0 0 0 0 0 
0 0 0 0 0 0 0 0 0 0 0 0 1 0 0 1 0 0 0 0 1 1 0 1 1 1 1 0 0 0 1 0 1 0 0 0 1 1 0 0 0 0 0 1 1 1 1 1 0 0 1 0 0 1 1 0 0 0 1 1 
0 0 0 1 0 0 0 0 0 0 0 0 0 1 0 0 1 0 0 0 0 0 0 0 0 0 1 0 0 0 0 0 0 0 0 0 1 0 0 1 0 0 0 0 0 0 0 0 0 0 0 0 0 0 0 0 0 0 1 0 
0 1 0 1 1 1 0 0 0 0 0 0 1 0 0 1 0 0 1 0 1 0 0 1 0 1 0 0 0 1 1 0 0 0 1 1 0 0 1 0 1 0 1 0 0 0 0 0 0 0 0 0 0 0 1 0 0 1 0 0 
0 0 1 0 0 1 1 0 1 0 1 0 1 0 0 0 1 1 0 0 0 0 1 0 0 0 1 1 0 0 1 0 1 0 1 1 1 0 0 1 1 0 1 0 0 1 1 0 0 0 1 0 0 0 0 1 0 0 0 0 
1 1 0 1 0 0 1 1 1 0 0 1 0 1 1 0 0 0 1 0 0 1 0 0 1 1 0 0 0 1 0 0 0 0 1 0 0 1 1 0 0 1 0 1 0 0 0 1 1 1 0 0 0 0 1 1 0 1 1 0 
1 0 0 0 0 0 0 1 0 0 1 0 0 0 1 0 0 1 1 0 0 0 1 0 0 0 0 0 0 0 0 0 0 1 0 0 0 0 0 0 1 1 0 0 0 0 0 0 1 0 0 0 0 0 0 0 0 0 0 0 
0 0 0 0 0 0 0 0 0 0 0 0 0 0 0 0 0 0 0 0 0 0 0 0 0 0 0 0 1 0 0 0 0 0 0 0 0 0 1 0 0 0 1 0 0 0 0 0 0 0 0 0 0 0 0 0 0 0 0 0 
1 1 1 1 1 1 0 1 0 0 0 0 0 1 0 1 1 0 1 1 0 0 1 1 1 1 1 0 0 0 0 0 0 1 0 0 1 1 0 0 1 1 1 1 1 1 1 0 0 0 0 0 1 1 0 0 0 1 0 0 
0 0 0 0 0 0 0 0 0 0 0 0 0 0 0 0 0 0 0 0 0 0 0 0 0 0 0 0 0 0 0 0 0 0 0 0 0 0 0 0 0 0 0 0 0 0 0 0 0 0 0 0 0 0 0 0 0 0 0 0 
0 1 1 1 1 0 1 1 1 1 0 0 1 0 1 1 1 1 0 0 0 1 0 0 0 0 0 0 0 1 0 0 1 1 0 0 0 1 0 1 0 1 1 1 0 1 1 1 0 0 0 1 0 1 0 0 1 0 0 1 
1 0 0 0 0 0 1 0 1 1 0 0 1 0 0 1 1 0 0 0 1 0 0 1 0 0 0 1 0 0 0 1 0 0 1 1 1 0 0 0 0 0 0 0 0 1 1 0 0 0 1 0 1 0 0 1 1 1 0 1 
MFS
[ 0 , - , - , 0 , - , - , - , - , - , - , - , - , - , - , - , - , - , - , - , - , - , - , - , - , - , - , - , - , - , - , - , - , - , - , - , - , - , - , - , - , - , - , - , - , - , - , - , - , - , - , - , - , - , - , - , - , - , - , - , - ]
precise
1.0
recall
1.0
F-measure
1.0
multi
0
time
all 4237 iden 0 gen 4192
t-cover
7080
all-cover
7080
coveredNum
(1 : 611)  (2 : 1603)  (3 : 1877)  (4 : 1226)  (5 : 706)  (6 : 585)  (7 : 390)  (8 : 80)  (9 : 1)  (10 : 1)  
real Identify
([ 0 , - , - , 0 , - , - , - , - , - , - , - , - , - , - , - , - , - , - , - , - , - , - , - , - , - , - , - , - , - , - , - , - , - , - , - , - , - , - , - , - , - , - , - , - , - , - , - , - , - , - , - , - , - , - , - , - , - , - , - , - ] : 1)  
testCase Num: 20
regaular Num: 20
identify Num: 0
0 1 1 0 1 1 1 0 1 0 0 0 1 1 1 0 0 0 1 0 0 0 1 0 0 0 1 1 0 0 1 1 1 0 1 0 0 0 1 0 1 1 1 0 0 0 0 1 0 0 0 0 1 0 0 0 0 0 0 1 
1 1 1 1 0 1 1 0 0 0 0 0 0 1 0 1 1 1 0 0 0 1 1 0 0 1 1 1 1 0 0 0 1 0 1 1 1 0 0 0 0 0 0 1 0 0 0 0 1 1 0 0 0 0 1 1 1 1 0 1 
0 0 0 1 0 1 0 0 0 1 1 0 0 0 1 0 0 0 1 0 0 0 0 0 1 1 1 0 0 1 1 1 0 1 1 0 0 1 1 1 1 1 0 0 1 0 1 1 0 0 1 1 1 1 0 0 0 0 0 0 
0 0 0 1 0 0 0 0 0 0 0 0 0 0 0 0 0 0 0 0 0 0 0 0 0 0 0 0 0 0 0 0 0 0 0 1 0 0 0 0 0 0 0 0 0 0 0 0 0 0 0 0 0 0 0 0 0 0 0 0 
1 0 1 0 1 1 0 1 0 0 1 0 0 0 0 1 0 0 0 0 0 0 0 0 1 0 0 0 1 1 1 0 0 0 0 1 0 0 0 0 1 0 1 0 1 1 1 0 1 0 1 1 0 0 0 1 1 1 1 1 
1 0 0 0 0 0 0 1 1 0 0 0 0 1 0 1 1 0 1 1 1 1 0 1 1 0 1 1 0 1 0 0 0 0 0 1 1 0 1 1 0 1 0 1 0 0 1 0 1 1 0 0 0 1 0 0 0 1 1 0 
0 1 1 1 0 0 0 0 0 1 0 1 1 0 1 1 1 1 0 1 1 1 1 1 0 0 0 0 1 0 0 0 1 1 1 0 1 1 0 1 0 0 1 1 0 0 0 0 0 1 0 1 1 1 1 0 0 0 0 0 
1 1 0 1 1 0 1 1 1 0 1 1 1 1 1 0 0 1 0 1 1 1 0 1 0 0 0 0 0 0 0 1 1 1 0 0 0 0 1 0 1 0 0 1 0 1 1 0 1 0 0 0 0 0 0 0 1 0 1 1 
0 0 0 1 1 0 1 0 1 1 0 1 1 0 0 0 0 1 0 0 1 0 0 0 0 0 0 1 1 0 0 0 0 0 0 0 0 1 0 0 0 0 0 0 1 1 0 1 0 1 1 0 0 0 1 1 1 0 1 0 
1 1 0 0 0 0 0 0 0 1 1 0 1 0 0 0 0 1 0 0 0 1 0 0 0 0 0 0 0 1 0 0 0 1 0 0 0 0 0 0 0 0 0 0 0 1 0 0 0 0 1 0 0 1 0 1 0 1 0 0 
0 0 0 0 0 0 0 1 0 0 0 0 0 0 0 0 0 0 0 0 0 0 0 1 1 0 0 0 0 0 0 0 1 0 0 0 0 1 0 1 0 1 0 1 0 0 0 0 0 0 1 0 0 0 1 0 0 1 0 0 
0 1 0 0 0 0 0 0 0 1 0 1 0 0 1 0 1 1 1 1 0 1 0 0 0 0 1 0 0 1 0 0 0 0 1 1 0 0 1 0 1 0 0 0 1 1 1 0 1 0 0 1 0 1 0 0 0 0 0 0 
1 0 0 1 0 0 0 0 0 0 0 0 0 0 0 0 0 0 0 0 0 0 1 0 0 0 0 0 0 0 0 0 0 0 0 0 1 0 0 0 0 0 0 0 0 0 0 0 0 0 0 0 0 0 0 0 0 0 0 0 
0 0 1 1 1 0 0 1 0 0 0 1 0 1 0 0 0 0 1 0 1 0 0 1 1 1 0 0 0 0 0 1 1 1 0 0 0 0 1 1 1 0 0 1 1 0 0 0 1 0 0 0 1 0 0 0 0 1 1 1 
1 1 1 1 1 1 1 1 1 1 1 1 1 1 1 1 1 1 1 1 1 1 1 1 1 0 1 1 1 1 1 1 1 1 1 1 1 1 1 1 1 1 1 1 1 1 1 1 1 1 1 1 1 1 1 1 1 1 1 1 
0 0 0 0 1 0 0 1 1 1 0 1 1 0 1 0 0 0 1 1 1 0 0 1 1 1 0 0 0 1 1 0 0 0 0 0 0 1 1 1 1 1 1 0 1 1 1 1 0 0 1 1 1 1 0 0 0 0 1 0 
1 1 0 0 1 0 1 1 1 0 0 1 1 1 1 0 1 0 1 1 0 0 1 1 0 1 0 1 0 0 1 1 1 0 1 1 0 0 0 0 0 1 1 0 0 1 0 1 0 0 0 0 1 0 1 0 0 0 0 1 
0 0 0 0 0 0 0 0 0 0 0 0 0 0 0 0 0 0 0 0 0 0 0 0 0 0 0 0 0 0 0 0 0 0 0 0 0 0 0 0 0 0 0 0 0 0 0 0 0 0 0 0 0 0 0 0 0 0 0 0 
1 0 0 0 0 0 0 0 0 0 0 0 0 0 0 0 0 0 0 1 0 0 0 0 0 0 0 0 0 0 0 0 0 0 0 0 0 1 0 0 0 1 0 0 0 0 0 0 0 0 0 0 0 0 0 0 0 0 0 0 
0 0 0 0 0 1 0 0 0 1 1 0 0 0 0 0 1 0 1 0 0 0 1 0 1 1 1 1 0 1 1 1 0 1 1 1 1 1 0 1 0 1 0 0 1 0 0 1 0 1 1 0 1 1 1 1 0 1 0 0 
MFS
[ 0 , - , - , 0 , - , - , - , - , - , - , - , - , - , - , - , - , - , - , - , - , - , - , - , - , - , - , - , - , - , - , - , - , - , - , - , - , - , - , - , - , - , - , - , - , - , - , - , - , - , - , - , - , - , - , - , - , - , - , - , - ]
precise
1.0
recall
1.0
F-measure
1.0
multi
0
time
all 4293 iden 0 gen 4247
t-cover
7080
all-cover
7080
coveredNum
(1 : 667)  (2 : 1830)  (3 : 1878)  (4 : 881)  (5 : 479)  (6 : 691)  (7 : 484)  (8 : 163)  (9 : 7)  
real Identify
([ 0 , - , - , 0 , - , - , - , - , - , - , - , - , - , - , - , - , - , - , - , - , - , - , - , - , - , - , - , - , - , - , - , - , - , - , - , - , - , - , - , - , - , - , - , - , - , - , - , - , - , - , - , - , - , - , - , - , - , - , - , - ] : 1)  
testCase Num: 21
regaular Num: 21
identify Num: 0
0 0 0 1 0 0 0 0 0 0 0 0 0 0 0 0 0 0 0 0 0 0 0 0 0 0 0 0 0 0 0 0 0 0 0 0 0 0 0 0 0 0 1 0 0 0 0 0 0 0 0 0 0 0 0 0 0 0 0 0 
1 1 0 0 0 0 0 0 1 0 0 0 1 0 0 1 0 0 1 1 0 1 0 0 0 1 0 1 0 0 1 1 0 1 1 0 0 1 1 1 0 1 1 0 1 0 0 0 1 0 0 1 0 1 1 0 0 0 1 1 
1 0 1 0 0 1 0 0 0 1 0 1 0 0 0 0 0 1 0 0 1 0 0 0 0 0 0 1 1 1 0 1 0 0 1 1 0 0 0 0 1 0 1 1 0 0 1 1 0 1 0 0 0 0 1 1 1 1 0 0 
0 0 0 0 0 1 1 0 0 0 0 0 0 1 1 0 0 0 0 0 0 1 1 1 0 0 1 0 0 1 0 0 0 0 0 0 0 1 0 0 0 1 0 1 0 1 0 0 0 0 0 0 0 0 0 0 0 1 1 0 
0 0 1 1 1 1 1 1 0 1 0 0 1 1 1 0 0 1 0 0 0 0 1 1 0 0 1 0 0 1 1 0 1 0 1 0 1 0 0 0 0 0 0 1 0 1 0 1 0 1 1 0 1 0 0 1 1 1 0 0 
1 0 0 1 1 0 0 0 0 1 0 1 0 0 1 0 0 1 1 1 1 1 1 0 1 0 0 0 0 1 0 1 0 1 0 1 1 0 0 1 0 0 1 1 1 1 0 1 1 0 0 0 1 1 0 0 1 0 1 0 
0 1 0 1 0 1 0 0 1 0 1 1 0 1 0 1 1 0 0 0 1 1 0 0 1 0 1 1 1 0 0 1 0 0 0 1 0 1 1 0 1 0 0 0 0 1 1 0 0 0 0 0 0 0 1 1 1 1 0 1 
0 1 0 0 0 1 0 0 0 1 1 1 1 1 1 1 1 1 1 1 1 1 0 1 0 0 0 0 1 0 0 1 1 1 0 0 1 1 1 0 0 0 0 0 1 1 0 0 0 0 1 0 1 0 1 1 0 0 0 1 
0 0 0 0 0 0 0 1 1 0 0 1 0 1 0 0 0 1 0 0 1 0 1 0 1 0 1 0 1 0 1 1 0 0 0 1 0 0 1 0 1 0 0 0 1 1 1 1 1 0 1 0 0 1 1 0 0 0 0 0 
1 1 1 1 1 1 1 1 1 1 0 1 1 1 1 1 1 1 1 1 1 1 1 1 1 1 1 1 1 1 1 1 1 1 1 1 1 1 1 1 1 1 1 1 1 1 1 1 1 1 1 1 1 1 1 1 1 1 1 1 
0 1 1 0 0 1 1 1 1 0 1 0 0 1 0 1 0 0 0 0 0 0 0 1 1 1 1 1 1 0 0 0 1 0 0 0 0 1 1 0 1 1 0 0 0 0 1 0 0 1 1 1 0 0 1 1 1 1 0 1 
0 0 0 0 0 0 0 0 0 0 0 0 0 0 0 0 0 0 0 0 0 0 0 0 0 0 0 1 0 0 0 0 0 1 0 0 0 0 0 0 0 0 0 0 0 0 0 0 1 0 0 0 0 0 0 0 0 0 0 0 
0 0 0 1 0 0 0 0 0 0 0 0 1 1 0 0 1 0 1 0 0 0 0 0 0 0 1 0 0 0 0 0 0 0 0 0 0 0 0 1 0 0 0 0 1 0 0 0 1 0 0 0 1 1 0 0 0 0 0 0 
1 1 0 1 0 0 1 0 0 1 0 0 0 0 0 0 0 0 0 1 1 0 0 1 0 0 0 0 0 0 0 0 1 1 0 0 1 0 0 0 1 0 1 1 0 0 0 0 0 1 0 1 0 1 1 0 0 0 0 1 
1 1 1 1 1 0 0 1 0 1 0 1 0 0 0 1 0 1 1 1 0 0 0 0 0 1 0 0 0 0 0 0 1 0 0 0 0 0 1 1 0 0 0 0 1 0 0 1 0 0 1 0 1 0 0 1 0 0 0 0 
1 0 1 0 0 1 1 1 0 0 1 0 0 1 1 0 1 1 0 0 0 0 1 1 1 0 0 0 1 1 0 0 1 1 0 0 1 1 1 0 0 1 0 0 1 1 1 0 1 0 1 0 1 0 0 0 0 0 0 0 
0 0 0 1 1 0 0 0 1 1 1 0 1 0 1 1 0 0 1 1 0 1 0 1 1 1 0 0 1 0 1 0 0 1 0 0 0 1 0 0 0 1 0 0 0 0 0 0 0 1 1 1 0 0 0 0 0 0 1 1 
0 0 0 0 0 0 0 0 0 0 0 0 0 0 0 0 0 0 0 0 0 0 0 0 0 0 0 0 0 0 0 0 0 0 0 0 0 0 0 0 0 0 0 0 0 0 0 0 0 0 0 0 0 0 0 0 0 0 0 0 
0 0 1 0 1 1 0 0 0 0 0 1 0 0 1 1 0 0 1 0 1 1 0 0 0 0 0 1 1 1 0 1 0 0 1 1 1 1 0 1 0 1 1 0 0 0 1 0 0 1 0 0 1 0 0 1 0 1 1 1 
1 0 0 0 1 0 0 1 0 0 0 0 0 0 0 0 0 0 0 0 0 0 1 0 0 0 1 0 0 0 0 0 0 0 0 0 0 0 0 0 0 0 0 0 0 0 0 0 0 0 0 0 0 0 0 0 0 0 0 0 
1 0 1 1 1 0 1 1 1 0 1 0 0 0 0 0 1 0 0 0 0 0 1 0 0 1 1 1 0 1 1 0 0 0 1 1 0 0 0 1 1 1 1 1 0 0 1 1 1 1 0 1 0 1 0 0 0 1 1 0 
MFS
[ 0 , - , - , 0 , - , - , - , - , - , - , - , - , - , - , - , - , - , - , - , - , - , - , - , - , - , - , - , - , - , - , - , - , - , - , - , - , - , - , - , - , - , - , - , - , - , - , - , - , - , - , - , - , - , - , - , - , - , - , - , - ]
precise
1.0
recall
1.0
F-measure
1.0
multi
0
time
all 4583 iden 1 gen 4508
t-cover
7080
all-cover
7080
coveredNum
(1 : 592)  (2 : 1689)  (3 : 1975)  (4 : 1035)  (5 : 610)  (6 : 667)  (7 : 402)  (8 : 110)  
real Identify
([ 0 , - , - , 0 , - , - , - , - , - , - , - , - , - , - , - , - , - , - , - , - , - , - , - , - , - , - , - , - , - , - , - , - , - , - , - , - , - , - , - , - , - , - , - , - , - , - , - , - , - , - , - , - , - , - , - , - , - , - , - , - ] : 1)  
