testCase Num: 22
regaular Num: 22
identify Num: 0
1 0 0 0 1 0 1 1 1 1 0 1 1 0 1 0 1 0 0 0 0 0 1 1 0 1 0 0 1 0 1 1 1 0 1 1 1 1 0 1 1 0 0 0 0 0 1 1 1 1 1 1 1 0 0 1 1 0 1 1 0 0 0 1 0 0 0 0 0 1 
1 0 0 0 0 0 0 0 0 0 1 0 1 0 0 0 0 0 0 0 0 0 0 0 0 0 0 0 0 0 0 0 0 0 0 0 0 0 0 0 0 0 0 0 0 0 0 0 0 0 0 0 0 0 0 0 0 0 0 0 0 0 0 0 0 0 0 0 0 0 
0 0 0 0 0 0 1 0 0 0 0 0 0 0 0 0 0 0 0 0 1 0 1 0 0 0 0 0 0 0 1 1 1 1 0 0 0 0 0 0 0 1 0 1 0 1 1 0 0 1 0 0 1 0 0 0 1 0 0 0 0 0 0 1 0 0 0 0 0 0 
1 0 1 1 0 0 0 1 1 0 1 1 0 0 0 0 0 0 0 0 1 1 1 0 1 0 0 1 0 1 1 1 0 0 1 0 1 1 0 0 0 1 1 1 1 0 0 1 0 1 1 0 0 1 0 1 0 1 0 1 1 0 1 1 1 0 1 0 1 0 
0 1 1 1 0 0 0 1 1 0 1 0 0 1 0 0 1 0 0 0 0 1 1 0 1 0 1 0 1 0 1 1 1 0 1 0 1 0 0 0 0 1 0 1 0 0 0 0 0 0 0 1 1 0 0 0 0 0 0 1 1 1 1 0 0 1 0 0 0 0 
0 0 0 0 1 0 0 1 1 1 1 1 1 1 0 1 1 1 1 1 1 0 0 0 0 1 0 1 1 1 0 1 0 0 1 0 1 0 0 0 1 0 0 0 0 1 1 1 0 0 1 0 1 1 0 0 0 1 1 0 0 0 1 1 1 0 1 0 0 1 
0 1 0 0 0 1 0 1 1 1 0 1 0 0 0 1 0 1 1 1 1 0 1 1 1 0 0 0 1 0 0 0 0 1 0 1 0 1 0 0 0 0 0 0 0 0 1 0 1 0 0 1 1 0 1 1 0 1 1 0 1 0 0 1 0 0 0 1 0 0 
1 0 1 1 1 0 0 0 1 0 0 0 0 0 0 0 1 1 0 0 0 0 0 0 0 0 0 0 0 1 0 0 0 0 0 0 1 1 1 1 0 0 0 0 0 0 0 1 0 0 0 0 0 0 0 1 0 1 1 1 0 1 1 0 0 1 0 1 1 1 
1 1 1 1 0 1 1 0 0 1 0 0 1 0 0 0 0 0 0 0 0 1 1 1 1 0 1 1 0 0 1 0 1 1 0 1 0 1 1 1 0 1 0 1 1 0 0 0 0 1 0 1 0 0 1 1 1 0 0 1 1 1 0 0 0 1 0 1 1 0 
0 0 0 0 1 0 1 0 0 0 0 0 0 1 1 0 1 1 0 1 0 0 0 1 1 1 1 0 1 0 0 0 1 1 1 0 0 0 1 1 1 0 0 0 0 1 1 0 0 0 0 1 1 0 0 0 1 0 1 1 0 1 0 0 1 1 0 1 0 1 
0 0 0 1 0 0 1 0 0 0 0 1 0 0 1 0 0 0 0 0 0 0 0 1 0 0 0 0 0 0 0 0 0 0 0 0 0 1 0 0 0 0 0 0 0 0 0 0 0 0 0 0 0 0 0 1 0 0 0 0 0 0 0 0 0 0 0 0 0 0 
0 0 0 0 0 0 0 0 0 0 0 0 0 0 0 0 0 0 0 0 0 0 0 0 0 0 0 0 0 0 0 0 0 0 0 0 0 0 0 0 0 0 0 0 0 0 0 0 0 0 0 0 0 0 0 0 0 0 0 0 0 0 0 0 0 0 0 0 0 0 
0 1 0 0 0 1 0 0 0 0 0 1 0 0 0 0 0 0 0 0 0 0 0 0 0 1 0 0 1 0 0 0 0 0 0 0 0 0 0 0 0 0 0 0 0 0 0 0 0 0 0 0 0 1 0 0 0 0 0 0 1 0 0 0 0 0 1 0 0 0 
0 0 0 0 0 0 0 0 0 0 1 0 0 0 0 0 0 0 0 0 0 0 0 0 0 0 0 0 0 0 0 0 0 0 0 0 0 0 0 0 0 0 0 0 0 0 0 0 0 0 0 0 0 0 0 0 0 0 0 0 0 0 0 0 0 0 0 0 0 0 
1 0 0 0 0 0 0 0 0 0 0 0 0 0 0 0 0 0 0 0 0 0 0 0 1 0 0 1 0 0 0 0 0 0 0 0 0 0 1 0 0 0 1 0 0 1 1 0 1 0 0 0 0 1 0 0 0 0 0 0 0 0 0 1 0 0 0 0 0 0 
0 0 1 0 1 1 1 0 0 0 0 1 1 1 1 0 0 0 1 0 0 1 0 0 0 1 0 0 1 0 1 0 0 0 1 1 1 1 0 1 0 1 1 0 0 0 1 1 1 0 1 1 0 1 0 0 1 1 1 0 1 1 0 1 0 0 0 1 1 0 
0 0 0 1 0 1 0 0 0 1 0 1 1 1 1 1 0 1 1 1 1 0 0 0 1 1 0 1 1 0 0 0 0 1 1 0 0 0 0 0 0 0 1 0 0 1 1 0 1 0 0 0 1 1 0 0 0 1 1 0 1 0 0 1 1 0 0 1 0 0 
0 1 0 1 1 1 0 0 0 0 1 0 0 0 0 1 0 0 0 0 0 1 0 0 0 1 1 0 0 1 1 1 1 0 0 1 0 0 1 1 1 0 0 0 1 1 0 1 0 1 1 0 0 1 1 0 1 0 0 0 0 0 0 0 1 0 1 0 1 1 
1 1 0 1 0 0 0 1 1 0 1 0 0 0 1 1 1 1 0 1 1 0 1 1 0 0 1 0 0 1 0 1 1 1 0 0 0 0 1 0 1 0 1 1 1 1 0 0 1 1 0 0 1 0 1 1 0 0 0 0 0 0 1 0 0 1 1 0 0 1 
1 1 1 1 1 1 1 1 1 1 1 1 0 1 1 1 1 1 1 1 1 1 1 1 1 1 1 1 1 1 1 1 1 1 1 1 1 1 1 1 1 1 1 1 1 1 1 1 1 1 1 1 1 1 1 1 1 1 1 1 1 1 1 1 1 1 1 1 1 1 
1 0 1 0 0 0 1 1 0 0 1 0 0 1 0 0 1 0 1 1 0 1 0 1 0 0 1 0 0 0 0 0 0 0 0 1 1 0 0 0 1 1 0 1 1 0 0 0 0 0 1 1 0 0 1 0 0 0 0 0 0 1 1 0 0 1 1 0 0 0 
1 1 0 0 1 1 1 0 1 0 0 0 1 0 0 1 0 1 1 0 1 0 1 0 0 0 0 1 1 1 0 0 0 1 0 0 0 1 0 0 0 1 0 0 0 0 1 0 0 0 0 0 0 0 1 0 1 1 0 0 1 1 1 0 1 0 1 1 1 0 
MFS
[ 0 , - , - , 0 , - , - , - , - , - , - , - , - , - , - , - , - , - , - , - , - , - , - , - , - , - , - , - , - , - , - , - , - , - , - , - , - , - , - , - , - , - , - , - , - , - , - , - , - , - , - , - , - , - , - , - , - , - , - , - , - , - , - , - , - , - , - , - , - , - , - ]
precise
1.0
recall
1.0
F-measure
1.0
multi
0
time
all 5836 iden 1 gen 5766
t-cover
9660
all-cover
9660
coveredNum
(1 : 820)  (2 : 2294)  (3 : 2519)  (4 : 1531)  (5 : 1034)  (6 : 840)  (7 : 470)  (8 : 146)  (9 : 6)  
real Identify
([ 0 , - , - , 0 , - , - , - , - , - , - , - , - , - , - , - , - , - , - , - , - , - , - , - , - , - , - , - , - , - , - , - , - , - , - , - , - , - , - , - , - , - , - , - , - , - , - , - , - , - , - , - , - , - , - , - , - , - , - , - , - , - , - , - , - , - , - , - , - , - , - ] : 1)  
testCase Num: 20
regaular Num: 20
identify Num: 0
1 0 0 0 0 1 0 0 0 0 0 1 0 0 0 0 0 0 0 0 0 0 0 0 0 0 0 0 0 0 0 0 0 0 0 0 0 0 0 0 0 0 0 0 0 0 0 0 0 0 0 0 0 0 0 0 0 0 0 0 0 0 0 0 0 0 0 0 0 0 
0 1 0 0 1 1 0 1 1 1 1 1 0 0 0 1 0 0 0 1 1 0 0 1 1 1 1 1 0 0 1 0 1 1 0 0 1 1 0 1 1 1 0 0 0 1 0 0 0 0 1 1 1 1 0 0 1 0 1 1 0 0 1 0 0 1 0 1 0 0 
0 0 1 0 1 1 0 1 1 0 0 0 0 0 1 0 0 1 0 1 0 1 1 0 1 1 0 0 0 1 1 0 1 0 1 1 0 0 1 1 1 1 0 1 1 1 1 1 0 0 1 0 0 0 0 0 0 1 1 1 0 0 1 0 1 0 0 0 1 1 
0 1 0 1 1 0 1 0 0 0 0 1 1 0 0 0 0 0 0 0 1 0 1 0 0 1 0 1 1 0 1 0 0 1 1 1 1 1 0 1 1 1 0 1 1 0 0 0 0 0 0 0 1 0 0 1 0 1 1 0 0 0 1 1 0 0 1 0 1 0 
1 0 0 0 0 1 0 1 1 1 0 0 0 0 0 0 0 1 0 0 0 0 0 1 0 0 0 0 0 0 0 0 1 0 0 0 0 0 0 0 0 0 0 0 0 0 1 1 0 0 0 0 0 0 0 0 0 0 0 0 1 0 0 0 0 1 0 0 0 0 
0 1 1 0 0 0 1 0 0 1 0 0 0 0 1 0 0 0 0 0 0 0 0 0 0 0 0 0 0 1 1 0 1 0 0 1 0 0 0 1 0 0 0 0 0 0 0 0 0 0 0 0 1 0 0 0 0 1 0 0 0 0 0 1 1 0 1 0 0 0 
1 1 0 1 0 0 1 0 0 1 1 0 1 1 0 1 1 0 1 0 0 0 1 1 0 1 1 1 0 1 0 1 0 1 0 0 1 1 0 0 0 1 0 0 0 1 1 0 1 1 0 0 1 1 1 0 1 0 0 0 1 1 0 1 0 1 1 1 1 0 
1 0 0 0 0 1 0 0 1 0 0 0 1 1 0 1 0 1 1 0 0 1 0 0 0 0 0 0 1 0 0 1 1 0 1 0 1 1 0 1 0 0 0 0 0 0 0 1 1 0 1 0 1 1 0 0 0 1 1 0 0 0 1 1 0 0 0 1 0 0 
0 0 1 1 1 0 0 0 0 0 1 1 0 0 1 1 0 0 0 1 1 0 0 1 1 1 1 0 0 1 1 0 1 0 0 0 0 0 0 0 0 1 0 0 0 1 1 0 0 0 1 1 0 1 0 0 1 0 1 1 0 0 0 0 1 0 0 0 0 0 
0 0 0 0 0 0 0 0 1 0 0 0 0 1 0 0 0 1 0 0 0 0 0 0 0 0 1 0 0 0 0 0 0 1 0 0 0 0 0 0 0 0 0 0 0 0 0 0 0 0 0 0 0 0 0 0 0 0 1 0 0 0 0 0 1 0 0 0 0 0 
0 0 0 0 0 0 0 0 0 0 0 0 0 0 0 0 0 0 0 0 0 0 0 0 0 0 0 0 0 0 0 0 0 0 0 0 0 0 0 0 0 0 0 0 0 0 0 0 0 0 0 0 0 0 0 0 0 0 0 0 0 0 0 0 0 0 0 0 0 0 
1 1 1 1 1 1 1 1 1 1 1 0 1 1 1 1 1 1 1 1 1 1 1 1 1 1 1 1 1 1 1 1 1 1 1 1 1 1 1 1 1 1 1 1 1 1 1 1 1 1 1 1 1 1 1 1 1 1 1 1 1 1 1 1 1 1 1 1 1 1 
0 1 1 0 1 0 0 0 0 1 0 0 1 1 0 1 1 1 0 1 1 0 0 1 1 1 1 0 1 0 1 0 1 1 1 0 0 0 0 0 0 0 0 1 1 0 0 0 0 0 1 0 0 1 1 1 1 1 1 1 1 0 0 1 1 0 1 0 0 0 
0 1 0 1 1 1 0 1 0 1 0 0 0 0 0 0 1 0 0 1 0 0 0 0 0 0 1 1 0 0 0 1 0 1 0 0 1 0 1 0 1 0 0 1 1 0 0 0 1 0 0 0 0 0 0 1 0 0 0 0 1 1 0 0 0 1 0 0 1 1 
0 0 0 1 0 0 0 0 1 1 0 1 0 1 0 1 0 1 1 1 0 0 1 1 1 0 0 0 0 0 0 1 1 1 0 1 0 0 0 1 1 0 1 1 0 1 1 1 0 1 0 1 1 0 1 0 0 1 1 0 1 0 0 1 1 1 0 1 0 1 
1 1 1 0 1 1 1 1 0 0 0 0 1 0 1 0 1 0 0 0 0 1 1 0 0 0 1 1 1 1 1 0 0 0 1 0 1 1 1 0 0 1 1 0 1 0 0 0 1 1 1 1 0 1 0 1 1 0 0 1 0 1 1 0 0 0 1 0 1 0 
1 0 1 1 0 0 1 0 0 0 1 1 1 1 1 0 1 1 1 0 1 1 0 0 0 0 0 0 1 1 0 1 0 0 1 1 0 0 1 0 0 0 1 1 1 0 1 1 1 0 0 0 0 0 1 1 0 1 0 0 1 1 0 1 1 0 1 0 1 1 
1 0 0 1 0 0 1 1 1 0 0 0 0 0 1 0 0 0 1 0 0 1 0 1 1 0 0 1 1 0 0 0 0 0 0 1 0 1 1 1 1 0 0 0 0 0 0 1 0 1 0 0 0 0 1 1 1 0 0 1 0 1 1 0 0 1 0 1 0 1 
0 0 0 1 0 0 0 0 0 0 0 0 0 0 0 0 0 0 0 0 0 1 0 0 0 0 0 0 0 0 0 0 0 0 0 0 0 0 0 0 0 0 0 0 0 0 0 0 0 0 1 0 0 0 0 0 0 0 0 0 0 0 0 0 0 0 0 1 0 0 
1 1 1 0 0 0 0 1 1 1 1 1 0 1 0 0 1 1 0 1 1 0 0 0 1 1 0 0 0 0 1 0 0 1 1 1 0 0 1 1 1 0 0 1 1 1 0 0 0 0 0 0 1 0 1 0 0 1 0 1 0 0 1 0 1 0 1 0 0 1 
MFS
[ 0 , - , - , 0 , - , - , - , - , - , - , - , - , - , - , - , - , - , - , - , - , - , - , - , - , - , - , - , - , - , - , - , - , - , - , - , - , - , - , - , - , - , - , - , - , - , - , - , - , - , - , - , - , - , - , - , - , - , - , - , - , - , - , - , - , - , - , - , - , - , - ]
precise
1.0
recall
1.0
F-measure
1.0
multi
0
time
all 5331 iden 1 gen 5294
t-cover
9660
all-cover
9660
coveredNum
(1 : 715)  (2 : 2211)  (3 : 2638)  (4 : 1690)  (5 : 1023)  (6 : 877)  (7 : 426)  (8 : 79)  (9 : 1)  
real Identify
([ 0 , - , - , 0 , - , - , - , - , - , - , - , - , - , - , - , - , - , - , - , - , - , - , - , - , - , - , - , - , - , - , - , - , - , - , - , - , - , - , - , - , - , - , - , - , - , - , - , - , - , - , - , - , - , - , - , - , - , - , - , - , - , - , - , - , - , - , - , - , - , - ] : 1)  
testCase Num: 21
regaular Num: 21
identify Num: 0
0 0 0 0 1 0 1 1 1 0 0 1 1 1 0 0 0 1 1 1 0 0 0 0 0 0 1 0 0 1 0 1 0 0 1 0 0 0 1 1 1 1 1 0 0 1 0 1 1 0 0 1 1 1 1 0 0 0 0 0 0 1 0 1 1 1 1 1 1 0 
1 1 1 0 0 1 1 0 0 0 0 0 1 1 1 0 0 0 0 1 0 0 0 1 1 1 1 1 1 0 1 1 0 1 1 1 1 1 1 0 0 1 0 0 0 0 0 0 0 0 0 1 1 0 1 1 0 0 1 0 1 1 1 0 0 1 0 1 0 1 
0 0 0 1 0 0 0 0 0 0 0 0 0 0 0 0 0 0 0 0 0 0 0 0 0 0 0 0 0 0 0 0 0 0 0 0 0 0 0 1 0 0 0 0 0 0 0 0 0 0 0 0 0 0 0 0 0 0 0 0 0 0 0 0 0 1 0 0 0 0 
0 1 1 0 0 0 0 0 0 0 0 0 0 0 0 1 0 1 1 0 0 0 1 0 0 0 1 0 0 1 0 1 1 1 1 0 0 0 1 0 1 0 0 1 1 0 0 0 1 1 1 0 0 0 0 0 0 0 0 0 1 0 0 0 0 0 0 0 1 1 
0 0 0 0 0 0 0 0 0 0 0 0 0 0 0 0 0 0 0 0 0 0 0 0 0 0 0 0 0 0 0 0 0 0 0 0 0 0 0 0 0 0 0 0 0 0 0 0 0 0 0 0 0 0 0 0 0 0 0 0 0 0 0 0 0 0 0 0 0 0 
0 0 0 1 0 0 0 0 0 0 0 0 0 0 0 0 0 0 0 0 0 0 0 0 0 0 0 0 0 0 0 0 0 0 1 0 0 0 0 0 0 0 0 0 0 0 0 0 0 0 0 0 0 0 0 0 0 0 0 0 0 0 0 0 0 0 0 0 0 0 
0 0 0 1 0 0 0 1 0 1 1 1 0 0 1 1 1 1 1 0 1 1 1 0 0 0 0 0 0 1 0 0 1 0 0 0 0 0 0 1 1 0 1 1 1 1 1 1 1 1 1 0 0 1 0 1 1 1 1 1 0 0 0 1 0 0 1 0 1 0 
1 1 1 0 1 1 0 0 1 1 0 0 0 0 0 1 1 0 0 0 1 1 1 1 1 0 0 1 1 0 1 0 1 1 0 0 1 1 0 0 0 0 0 1 1 0 1 0 0 1 1 0 0 0 0 1 1 1 0 1 1 0 1 0 1 0 0 0 0 1 
0 1 0 1 0 1 0 1 1 0 1 1 1 0 0 1 0 1 0 1 1 0 0 1 0 1 0 0 1 0 1 1 0 0 1 1 1 1 0 1 0 0 0 1 0 0 1 1 1 0 1 0 1 0 1 0 1 1 1 0 0 0 0 0 0 0 0 0 1 1 
0 0 1 1 1 0 1 0 0 1 1 0 0 0 0 0 1 0 1 0 0 0 0 0 1 1 0 1 1 1 0 0 1 1 0 1 0 0 1 0 1 1 1 0 1 1 0 0 0 1 0 1 0 1 0 0 0 0 0 1 0 0 1 0 0 1 0 1 0 0 
0 0 0 1 0 0 1 0 1 0 0 0 1 1 0 1 0 1 0 0 0 0 1 1 0 0 1 0 0 0 0 0 1 1 0 0 0 0 1 0 0 0 1 1 0 1 0 0 1 0 1 1 1 0 1 0 0 0 0 0 1 0 1 0 1 1 0 0 1 1 
1 1 1 1 1 1 1 1 1 1 1 1 1 1 1 1 1 1 1 1 1 1 1 1 1 1 1 1 1 1 1 1 1 1 1 1 1 1 1 1 1 1 1 1 1 1 1 1 1 1 1 1 1 1 1 0 1 1 1 1 1 1 1 1 1 1 1 1 1 1 
1 0 0 0 0 1 0 0 0 0 1 0 0 1 1 1 1 1 0 1 0 1 1 0 1 0 1 0 0 0 0 0 0 0 1 1 0 1 0 1 1 0 1 0 1 0 1 0 0 0 0 1 0 0 0 0 1 0 0 0 1 1 1 1 1 0 1 1 0 1 
1 0 1 0 1 1 1 0 0 0 0 1 0 0 0 0 0 0 0 1 0 0 0 0 0 0 0 0 0 1 1 1 0 0 0 0 0 0 0 0 0 0 0 0 1 0 0 1 0 0 0 0 0 1 1 0 1 1 0 1 0 0 0 0 0 0 0 0 1 0 
0 0 0 1 0 0 0 1 0 0 0 0 0 0 0 0 0 0 1 0 0 0 0 0 0 0 0 1 0 0 0 0 0 0 0 0 1 0 0 0 0 0 0 0 0 0 0 0 0 0 0 0 0 0 0 0 0 0 0 0 0 1 0 0 0 0 0 0 0 0 
0 0 0 0 0 0 0 0 0 0 0 0 0 0 0 0 0 0 0 0 0 0 0 0 0 0 0 0 0 0 0 0 0 0 0 0 1 0 0 0 0 0 0 0 0 0 0 0 0 0 0 0 0 0 0 0 0 0 0 0 0 0 0 0 0 1 0 0 0 0 
1 0 0 0 0 0 0 0 0 1 0 0 1 1 0 0 1 0 0 0 1 1 0 0 1 0 0 0 0 1 1 0 0 1 0 0 1 1 0 0 0 1 0 0 0 1 1 1 1 1 1 1 0 0 1 0 0 0 0 0 0 0 0 1 0 0 0 0 0 0 
0 0 0 0 0 0 0 1 0 0 0 0 0 0 0 0 0 0 0 0 0 0 0 0 0 0 0 0 0 0 1 0 0 0 0 0 0 0 0 0 0 0 0 0 0 0 0 1 0 0 0 0 1 0 0 0 0 0 0 0 0 0 0 0 0 0 0 1 0 0 
1 1 0 0 1 0 0 1 1 0 0 1 0 0 0 0 0 1 1 1 0 0 0 0 0 0 1 0 0 1 0 1 0 0 1 0 0 0 1 1 1 1 0 0 0 0 0 1 1 1 0 0 1 1 0 0 0 0 0 0 0 1 0 1 1 0 1 1 0 0 
1 1 1 1 0 0 1 1 0 1 0 1 1 1 0 0 0 0 1 0 1 1 1 1 0 1 1 1 0 0 1 1 1 0 0 0 1 0 0 0 0 0 0 1 0 1 0 0 0 0 0 0 1 1 0 0 0 1 0 1 1 1 0 0 0 1 1 0 1 0 
0 0 0 0 0 1 1 0 0 0 0 1 0 0 0 0 0 0 0 1 0 0 0 1 0 0 0 1 0 0 0 0 0 0 0 0 0 0 0 1 0 1 1 0 0 0 0 0 0 0 0 0 0 1 1 0 1 1 0 1 0 1 1 0 0 0 0 0 0 0 
MFS
[ 0 , - , - , 0 , - , - , - , - , - , - , - , - , - , - , - , - , - , - , - , - , - , - , - , - , - , - , - , - , - , - , - , - , - , - , - , - , - , - , - , - , - , - , - , - , - , - , - , - , - , - , - , - , - , - , - , - , - , - , - , - , - , - , - , - , - , - , - , - , - , - ]
precise
1.0
recall
1.0
F-measure
1.0
multi
0
time
all 5509 iden 0 gen 5491
t-cover
9660
all-cover
9660
coveredNum
(1 : 612)  (2 : 2089)  (3 : 2639)  (4 : 1638)  (5 : 723)  (6 : 773)  (7 : 808)  (8 : 347)  (9 : 28)  (10 : 3)  
real Identify
([ 0 , - , - , 0 , - , - , - , - , - , - , - , - , - , - , - , - , - , - , - , - , - , - , - , - , - , - , - , - , - , - , - , - , - , - , - , - , - , - , - , - , - , - , - , - , - , - , - , - , - , - , - , - , - , - , - , - , - , - , - , - , - , - , - , - , - , - , - , - , - , - ] : 1)  
testCase Num: 18
regaular Num: 18
identify Num: 0
0 1 1 1 0 0 0 1 0 0 1 0 0 0 1 0 0 0 0 0 1 1 1 1 1 0 0 0 1 1 1 0 1 0 1 0 0 0 1 1 0 0 1 1 1 1 0 0 0 1 0 0 1 1 0 1 0 1 1 1 0 1 0 1 0 1 1 0 0 1 
0 0 0 0 0 0 0 0 0 0 1 0 0 0 0 0 0 0 0 0 0 0 0 0 0 0 0 1 0 0 0 0 1 0 0 0 0 0 0 0 0 0 0 0 1 0 0 0 0 0 0 0 0 0 0 0 0 0 0 0 0 0 0 0 0 0 0 0 0 0 
1 1 1 1 1 1 1 1 1 1 1 1 1 1 1 1 1 1 1 1 1 1 1 1 1 1 1 1 1 1 1 1 1 1 1 1 1 1 1 1 1 1 1 1 1 1 1 1 1 1 1 0 1 1 1 1 1 1 1 1 1 1 1 1 1 1 1 1 1 1 
1 0 1 0 0 1 0 0 0 0 0 1 1 0 1 0 1 0 0 0 0 0 0 0 0 0 0 0 0 0 0 0 0 0 1 1 0 0 1 0 1 0 0 1 0 0 1 0 0 1 0 0 1 0 0 1 0 0 1 0 0 0 0 0 0 1 1 0 1 0 
0 1 1 0 0 1 1 1 1 0 1 1 0 1 0 0 1 1 0 1 0 1 0 1 0 1 0 0 0 0 0 0 1 0 0 1 0 1 1 0 0 1 0 1 0 1 1 1 0 1 0 1 1 0 0 0 1 0 1 0 1 1 0 0 1 0 1 0 1 1 
0 0 1 1 1 1 1 0 1 1 0 0 1 1 0 0 0 1 1 0 1 0 0 0 0 0 1 1 0 1 1 0 0 0 1 1 0 0 0 0 0 0 1 1 0 0 0 0 1 0 0 0 1 1 0 1 1 0 0 0 1 1 1 1 0 0 1 1 1 1 
1 0 0 0 1 0 0 0 0 0 0 0 0 0 0 0 0 0 0 0 0 0 0 0 0 1 1 0 0 0 0 0 0 1 0 0 0 0 0 0 0 1 0 0 0 0 0 0 0 0 0 0 0 0 0 0 0 1 0 0 0 0 0 1 0 0 0 0 1 0 
0 0 0 0 0 0 0 0 0 0 0 0 0 0 0 0 0 0 0 0 0 0 0 0 0 0 0 0 0 0 0 0 0 0 0 0 0 0 0 0 0 0 0 0 0 0 0 0 0 0 0 0 0 0 0 0 0 0 0 0 0 0 0 0 0 0 0 0 0 0 
0 0 0 1 0 0 0 0 0 0 0 0 0 0 0 0 0 0 0 0 0 0 0 0 0 0 0 1 0 0 0 0 0 0 0 0 0 0 0 0 0 0 0 0 1 0 0 0 0 1 1 0 0 0 0 0 0 0 0 0 1 0 0 0 0 0 0 1 0 0 
0 0 0 0 0 0 0 1 0 0 0 0 1 1 1 0 0 1 0 0 0 1 0 0 0 1 0 0 0 0 0 0 0 0 1 0 0 0 0 0 1 0 0 0 0 0 1 0 0 0 1 0 0 0 0 1 0 0 0 0 0 0 0 0 0 1 1 1 0 0 
0 1 1 1 0 1 1 1 1 0 0 0 0 1 0 1 0 0 0 1 0 0 0 0 1 0 1 0 1 0 1 0 1 0 0 0 1 0 1 1 1 0 0 1 0 0 1 1 1 0 0 0 0 0 0 0 0 0 0 0 0 0 0 0 1 0 0 1 1 0 
1 1 0 0 1 0 0 0 0 1 0 0 0 0 1 0 1 0 0 0 1 1 1 0 0 0 0 1 1 0 0 1 0 0 1 1 1 0 0 0 0 0 0 0 1 0 0 1 0 1 1 0 1 0 0 0 1 0 0 1 0 1 0 1 1 0 0 0 0 0 
1 0 0 0 1 1 0 0 0 1 0 0 1 1 0 1 1 1 1 1 0 0 1 1 0 1 1 1 0 0 0 1 0 1 0 1 1 0 0 0 1 1 1 0 0 1 1 1 1 0 1 0 0 1 0 0 1 0 1 0 1 0 0 0 1 1 0 1 1 0 
0 1 1 1 1 1 0 1 1 0 0 1 1 0 0 0 1 1 0 1 1 1 1 1 1 0 0 1 0 0 0 1 0 1 0 1 0 0 0 0 1 1 0 0 0 0 0 1 1 0 0 1 1 1 1 1 0 1 0 1 0 0 1 0 0 1 0 0 0 1 
1 0 0 0 0 0 1 0 0 1 1 0 0 1 1 1 0 0 1 0 0 0 0 0 0 1 1 0 1 1 1 0 1 0 1 0 1 1 0 1 0 0 1 1 1 0 1 0 0 1 1 1 0 0 1 0 1 0 1 0 1 1 0 1 1 0 1 1 1 0 
1 1 0 0 0 0 1 1 1 0 1 0 0 0 1 1 1 0 1 1 0 1 0 0 1 1 0 0 0 1 0 1 0 1 0 0 0 0 0 1 0 1 0 0 1 0 1 0 0 1 1 0 0 0 0 0 0 1 0 1 1 0 1 0 1 0 0 0 0 1 
0 0 0 1 0 0 0 1 0 0 1 1 0 1 0 0 0 1 0 0 0 1 0 1 0 1 0 0 0 0 0 0 1 0 0 0 0 1 1 0 0 1 0 0 0 1 0 0 0 0 0 1 0 0 0 0 1 0 0 0 0 1 0 0 0 0 1 0 0 0 
1 0 0 1 1 0 0 0 0 1 0 1 1 0 1 1 0 0 1 0 1 0 1 0 1 0 1 1 1 1 1 1 0 1 1 0 1 1 1 1 1 0 0 0 1 1 0 0 1 0 1 0 0 0 0 1 0 1 0 1 0 0 1 1 0 1 0 1 0 0 
MFS
[ 0 , - , - , 0 , - , - , - , - , - , - , - , - , - , - , - , - , - , - , - , - , - , - , - , - , - , - , - , - , - , - , - , - , - , - , - , - , - , - , - , - , - , - , - , - , - , - , - , - , - , - , - , - , - , - , - , - , - , - , - , - , - , - , - , - , - , - , - , - , - , - ]
precise
1.0
recall
1.0
F-measure
1.0
multi
0
time
all 4794 iden 1 gen 4785
t-cover
9660
all-cover
9660
coveredNum
(1 : 665)  (2 : 2001)  (3 : 2649)  (4 : 2022)  (5 : 1221)  (6 : 754)  (7 : 308)  (8 : 37)  (9 : 2)  (10 : 1)  
real Identify
([ 0 , - , - , 0 , - , - , - , - , - , - , - , - , - , - , - , - , - , - , - , - , - , - , - , - , - , - , - , - , - , - , - , - , - , - , - , - , - , - , - , - , - , - , - , - , - , - , - , - , - , - , - , - , - , - , - , - , - , - , - , - , - , - , - , - , - , - , - , - , - , - ] : 1)  
testCase Num: 21
regaular Num: 21
identify Num: 0
1 0 0 0 0 1 0 0 1 0 0 0 0 0 1 1 0 0 0 0 0 1 0 1 1 1 0 1 1 1 1 0 1 0 1 0 0 1 1 1 0 0 0 1 1 1 0 0 0 1 0 1 0 0 1 0 0 1 0 0 0 1 1 1 0 1 1 1 0 0 
0 0 0 0 0 0 0 0 0 0 0 0 0 0 0 0 0 0 0 1 0 0 0 0 0 0 0 0 0 0 0 0 1 0 0 0 0 1 0 1 0 0 0 1 1 0 0 0 0 0 0 0 0 0 0 0 0 1 0 0 1 0 0 0 0 0 0 0 0 0 
1 1 1 0 0 0 0 0 1 0 1 0 0 0 0 0 0 0 1 1 0 0 1 0 0 0 0 0 0 0 0 0 0 0 0 0 0 0 0 0 0 0 0 0 0 0 0 0 0 1 0 0 0 0 0 0 0 0 0 0 1 0 0 0 0 0 0 0 0 0 
1 0 0 0 0 0 1 1 0 0 0 1 1 0 0 0 0 1 0 0 1 0 0 1 1 1 0 0 0 0 0 1 1 0 0 0 1 1 0 0 0 1 0 1 1 0 0 1 1 0 1 0 0 1 0 1 0 0 0 1 0 0 0 1 0 0 1 0 1 0 
0 0 1 1 1 0 0 1 0 1 1 0 0 0 0 0 0 1 1 0 1 0 1 0 0 0 1 0 1 1 0 1 0 0 0 0 0 0 1 0 0 0 0 0 1 0 0 1 1 0 1 0 0 1 0 0 1 1 0 0 1 0 0 0 0 1 0 0 1 0 
0 1 0 0 0 0 0 0 0 1 0 1 0 0 1 0 0 0 1 0 0 1 1 1 0 0 0 0 1 0 1 0 0 0 0 1 0 0 1 0 0 1 0 1 0 1 0 0 0 1 0 1 0 1 0 1 0 0 0 1 0 0 1 0 0 1 0 0 0 1 
1 0 1 1 0 1 1 0 0 0 1 0 1 1 0 0 1 0 0 0 0 0 0 0 0 0 0 0 0 0 0 0 0 0 0 0 0 0 0 0 1 1 0 0 0 0 0 1 0 0 0 0 1 0 0 0 1 0 0 0 0 0 0 0 1 0 1 0 0 0 
1 1 0 1 1 1 0 1 0 1 1 1 0 1 0 1 1 1 1 1 0 0 0 0 0 1 1 0 0 0 0 0 0 1 0 1 1 0 0 0 0 1 0 0 0 0 0 0 1 1 1 0 1 1 0 1 0 0 0 0 1 1 1 0 0 1 0 1 0 1 
0 0 0 0 0 0 0 0 0 0 0 0 0 0 0 0 0 0 0 0 0 0 0 0 0 0 0 0 0 0 0 0 0 0 0 0 0 0 0 0 0 0 0 0 0 0 0 0 0 0 0 0 0 0 0 0 0 0 0 0 0 0 0 0 0 0 0 0 0 0 
0 0 0 0 0 0 0 0 0 0 0 0 0 0 0 0 0 0 0 0 0 0 0 0 0 0 0 0 0 0 0 1 0 0 0 0 0 0 0 0 0 0 0 0 0 0 0 0 0 0 0 0 0 0 0 0 0 0 0 0 0 0 0 0 0 0 0 0 0 0 
0 0 0 1 0 0 1 0 0 0 0 1 1 0 0 0 0 0 1 1 1 0 1 0 0 0 1 1 1 0 1 0 1 0 1 1 0 0 0 1 1 0 0 1 0 0 1 0 0 0 0 1 1 1 1 0 0 0 0 1 0 0 1 1 0 0 0 0 0 1 
0 0 0 1 0 0 0 0 1 1 0 0 0 1 1 1 1 0 0 1 0 1 0 1 0 0 1 0 0 0 1 0 0 0 0 0 0 0 0 0 0 0 0 0 0 1 1 0 1 0 0 0 0 0 1 1 0 0 0 0 0 0 0 0 1 0 0 0 0 0 
0 0 0 0 0 1 1 1 1 0 0 1 1 0 1 0 1 1 0 1 0 0 0 0 0 1 1 1 1 1 1 0 1 0 1 1 0 0 1 1 1 0 0 1 1 0 0 0 1 1 0 1 1 1 1 0 1 0 0 0 0 0 1 1 0 1 1 0 0 0 
1 1 1 1 1 0 0 1 1 0 0 1 1 0 1 0 1 1 0 1 0 0 0 0 1 0 0 0 0 1 0 1 0 0 0 1 1 0 0 1 1 0 0 0 0 1 1 0 0 0 0 1 0 0 1 1 0 0 1 1 1 1 0 0 1 0 0 0 1 0 
0 0 1 0 0 0 0 0 0 0 0 0 1 0 1 1 0 0 0 0 1 1 1 1 1 1 0 0 1 1 1 1 1 0 0 0 0 1 1 1 1 0 0 1 1 1 0 1 0 0 0 1 0 0 0 0 1 1 0 1 0 1 0 1 1 0 1 1 1 0 
0 1 0 1 0 0 0 0 0 0 0 0 0 0 1 0 0 0 0 0 0 0 0 0 0 0 0 0 0 0 0 0 0 0 0 0 0 1 0 0 0 0 0 0 0 0 0 0 0 1 0 1 0 0 0 0 0 0 0 0 0 0 0 0 0 0 0 0 0 0 
1 1 1 1 1 1 1 1 1 1 1 1 1 1 1 1 1 1 1 1 1 1 1 1 1 1 1 1 1 1 1 1 1 1 1 1 1 1 1 1 1 1 0 1 1 1 1 1 1 1 1 1 1 1 1 1 1 1 1 1 1 1 1 1 1 1 1 1 1 1 
0 0 0 0 0 1 0 0 1 0 1 0 0 1 0 0 0 0 1 0 1 1 0 1 1 0 1 0 1 0 1 0 1 0 1 0 1 1 0 0 0 1 0 1 1 0 1 1 1 1 1 0 1 0 1 0 0 1 0 0 0 0 1 0 0 0 1 0 0 1 
0 1 1 1 0 1 1 0 0 0 1 1 1 0 0 0 0 1 1 1 0 0 0 1 1 1 0 0 1 1 0 1 0 1 1 0 1 0 0 0 0 1 1 1 1 1 0 1 1 0 0 1 0 0 1 0 0 1 1 0 1 1 1 0 0 1 1 1 0 0 
1 0 0 0 1 0 0 1 1 1 0 0 0 1 1 1 1 0 0 0 1 1 1 0 0 0 1 1 0 0 1 0 1 1 0 1 0 1 1 1 1 0 1 0 0 0 1 0 0 1 1 0 1 1 0 1 1 0 1 1 0 0 0 0 1 0 0 0 1 1 
1 1 1 1 1 0 1 0 0 1 1 0 0 1 0 0 0 0 1 0 1 1 1 1 1 0 0 1 0 0 0 1 0 0 1 0 1 1 0 0 0 1 1 0 0 1 1 1 0 0 1 0 0 0 0 1 0 1 0 1 1 0 0 1 1 0 0 1 1 1 
MFS
[ 0 , - , - , 0 , - , - , - , - , - , - , - , - , - , - , - , - , - , - , - , - , - , - , - , - , - , - , - , - , - , - , - , - , - , - , - , - , - , - , - , - , - , - , - , - , - , - , - , - , - , - , - , - , - , - , - , - , - , - , - , - , - , - , - , - , - , - , - , - , - , - ]
precise
1.0
recall
1.0
F-measure
1.0
multi
0
time
all 5558 iden 1 gen 5513
t-cover
9660
all-cover
9660
coveredNum
(1 : 804)  (2 : 2122)  (3 : 2567)  (4 : 1801)  (5 : 1026)  (6 : 769)  (7 : 458)  (8 : 109)  (9 : 4)  
real Identify
([ 0 , - , - , 0 , - , - , - , - , - , - , - , - , - , - , - , - , - , - , - , - , - , - , - , - , - , - , - , - , - , - , - , - , - , - , - , - , - , - , - , - , - , - , - , - , - , - , - , - , - , - , - , - , - , - , - , - , - , - , - , - , - , - , - , - , - , - , - , - , - , - ] : 1)  
