testCase Num: 18
regaular Num: 18
identify Num: 0
1 1 1 0 0 1 1 0 1 0 
0 0 0 0 0 0 0 0 0 0 
1 1 1 1 0 1 0 1 1 0 
0 1 0 0 0 0 1 0 1 1 
0 0 0 1 0 0 1 1 1 0 
0 0 1 0 1 0 0 1 0 0 
1 1 1 0 0 0 0 0 0 1 
1 0 0 1 0 0 0 0 0 0 
0 0 1 0 0 1 0 1 1 1 
1 1 1 1 1 0 1 1 1 1 
1 1 0 1 0 0 0 1 0 1 
1 1 0 1 1 1 1 0 0 0 
1 1 0 0 1 0 1 0 1 0 
1 1 1 0 1 0 0 0 0 0 
1 1 0 0 0 1 0 1 1 0 
1 1 0 0 1 0 0 0 0 0 
1 1 0 0 0 1 0 0 0 1 
1 1 0 0 0 1 1 1 0 1 
MFS
[ 0 , - , - , - , - , - , - , - , - , - ]
[ 1 , 0 , - , - , - , - , - , - , - , - ]
[ 1 , - , 0 , - , - , - , 0 , - , - , - ]
precise
0.0
recall
0.0
F-measure
0.0
multi
3
time
all 63 iden 0 gen 63
t-cover
144
all-cover
180
coveredNum
(1 : 64)  (2 : 55)  (3 : 36)  (4 : 14)  (5 : 10)  (8 : 1)  
real Identify

testCase Num: 19
regaular Num: 19
identify Num: 0
0 0 0 0 0 0 0 0 0 0 
0 0 0 1 0 0 0 0 0 1 
1 0 1 0 0 1 0 1 1 0 
0 1 0 0 0 0 1 0 0 1 
0 0 1 0 1 0 0 0 1 1 
0 1 0 1 0 0 1 0 1 0 
0 1 1 1 0 0 1 1 0 0 
0 1 0 1 1 1 1 0 0 1 
1 1 1 0 1 1 1 0 1 0 
1 1 0 0 0 0 1 0 0 1 
1 0 1 0 0 0 1 0 0 0 
1 1 1 1 1 0 1 1 1 1 
0 1 1 0 1 1 1 0 1 0 
0 1 1 0 0 1 1 0 0 0 
1 1 0 1 0 0 0 1 0 0 
0 1 1 0 0 0 1 0 0 0 
0 1 0 0 1 0 0 1 1 0 
0 1 0 0 1 0 1 1 0 0 
1 1 0 0 0 1 1 1 1 0 
MFS
[ - , - , - , 0 , - , - , 1 , - , 0 , 0 ]
[ 0 , - , - , 0 , - , - , 1 , - , - , 0 ]
[ - , 0 , - , - , - , - , 1 , - , - , - ]
[ 1 , 0 , - , 0 , - , - , 1 , - , - , 0 ]
[ 1 , 0 , - , 0 , - , - , 1 , - , - , - ]
[ - , - , - , - , - , - , 0 , - , - , - ]
[ 0 , - , - , 0 , - , - , 1 , - , - , - ]
precise
0.0
recall
0.0
F-measure
0.0
multi
3
time
all 85 iden 1 gen 68
t-cover
144
all-cover
180
coveredNum
(1 : 71)  (2 : 67)  (3 : 25)  (4 : 16)  (7 : 1)  
real Identify

testCase Num: 30
regaular Num: 30
identify Num: 0
1 1 0 1 0 1 0 1 0 0 
0 0 1 1 1 0 0 0 1 1 
0 0 1 1 1 0 1 1 0 0 
0 0 1 1 1 0 1 0 0 0 
1 1 1 1 0 1 1 1 1 1 
0 0 1 0 1 1 0 0 0 1 
1 0 0 1 1 0 0 1 0 0 
1 1 1 1 0 1 0 0 0 0 
0 0 0 0 1 0 1 1 1 0 
0 1 0 0 1 1 1 0 1 1 
0 1 1 0 1 1 0 0 0 0 
1 1 0 0 0 0 0 0 0 0 
1 1 0 0 1 1 1 1 0 0 
1 0 0 0 0 0 1 0 0 1 
1 0 0 0 0 0 0 1 1 0 
1 0 1 1 1 0 0 1 1 0 
1 1 0 0 0 1 0 0 0 0 
1 1 0 0 0 1 1 1 1 1 
1 1 0 0 0 1 0 1 0 0 
0 0 0 0 0 0 0 0 0 0 
1 1 0 1 0 1 1 1 0 0 
0 1 1 0 1 0 1 0 0 0 
0 1 1 0 0 0 0 0 0 0 
0 0 1 1 1 1 0 0 0 1 
0 1 0 0 1 1 0 1 1 1 
0 1 0 1 1 1 0 0 0 0 
0 1 1 1 1 1 0 0 0 0 
0 0 0 1 0 1 1 0 0 0 
0 0 0 0 1 0 0 0 0 1 
0 0 0 1 0 1 0 1 1 0 
MFS
[ - , - , 0 , 1 , - , - , 0 , - , - , - ]
[ 0 , - , 0 , 1 , - , - , 1 , - , - , - ]
[ 1 , 0 , - , 0 , - , - , 1 , - , - , - ]
[ - , 0 , 1 , 0 , - , - , - , - , - , - ]
[ 1 , 0 , 0 , - , - , - , 1 , - , - , - ]
[ - , 1 , 0 , - , - , - , - , 0 , - , - ]
[ 0 , - , - , 0 , - , - , 1 , - , - , - ]
[ 0 , 1 , - , - , 0 , - , - , - , - , - ]
[ - , - , 0 , - , - , - , 0 , - , - , - ]
[ - , 0 , - , - , 0 , - , - , - , - , - ]
[ - , 1 , - , - , - , 0 , - , - , - , - ]
[ - , - , - , 0 , - , - , 0 , - , - , - ]
[ - , 0 , 0 , - , - , - , - , - , - , - ]
[ - , - , 1 , 0 , - , - , - , - , - , - ]
[ 0 , - , 0 , - , - , - , 1 , - , - , - ]
precise
0.13333333333333333
recall
0.6666666666666666
F-measure
0.2222222222222222
multi
5
time
all 125 iden 0 gen 93
t-cover
167
all-cover
180
coveredNum
(1 : 40)  (2 : 44)  (3 : 38)  (4 : 31)  (5 : 20)  (6 : 6)  (8 : 1)  
real Identify
([ - , - , 0 , - , - , - , 0 , - , - , - ] : 1)  ([ - , 0 , - , - , 0 , - , - , - , - , - ] : 1)  
testCase Num: 19
regaular Num: 19
identify Num: 0
1 0 0 0 1 0 0 1 1 1 
0 0 0 0 0 0 0 0 0 0 
0 1 0 1 1 0 0 0 1 1 
0 1 0 1 1 0 1 0 1 1 
1 1 1 1 0 1 0 0 1 1 
1 1 1 1 1 1 1 1 1 0 
0 1 0 0 0 0 0 1 0 0 
0 1 1 0 1 1 0 1 0 0 
0 0 1 0 1 0 0 0 0 0 
0 1 0 1 1 1 0 1 0 1 
0 1 1 1 0 0 1 0 0 1 
0 1 0 1 0 0 1 1 1 0 
1 1 1 1 0 0 0 1 0 1 
1 1 1 1 1 0 0 0 0 0 
1 0 0 0 0 0 1 0 0 0 
1 1 0 1 0 0 0 0 1 0 
1 1 0 1 0 0 1 0 0 0 
0 0 0 1 0 1 0 0 1 1 
0 1 0 1 0 1 1 0 0 0 
MFS
[ 0 , - , - , - , - , - , 0 , - , - , - ]
[ - , 0 , - , - , - , - , 1 , - , - , - ]
[ - , 0 , - , 1 , - , - , - , - , - , - ]
[ - , 1 , 0 , 1 , - , - , 0 , - , - , - ]
[ - , - , - , 0 , - , - , - , - , - , - ]
[ 1 , - , 0 , - , - , - , 0 , - , - , - ]
precise
0.0
recall
0.0
F-measure
0.0
multi
3
time
all 63 iden 0 gen 48
t-cover
143
all-cover
180
coveredNum
(1 : 60)  (2 : 45)  (3 : 37)  (4 : 21)  (5 : 8)  (6 : 8)  (9 : 1)  
real Identify

testCase Num: 19
regaular Num: 19
identify Num: 0
0 0 0 0 0 0 0 0 0 0 
1 1 1 0 0 1 1 0 0 0 
0 0 0 1 0 0 0 1 1 1 
0 0 0 0 1 1 0 1 0 1 
1 0 1 0 0 1 0 1 1 0 
1 0 1 1 0 0 0 0 0 0 
1 1 1 0 0 0 1 1 1 1 
1 0 0 1 0 0 0 0 0 0 
1 1 0 0 1 1 0 0 0 0 
1 0 1 0 0 0 1 0 1 1 
1 0 1 0 1 1 0 0 1 0 
0 1 0 0 0 1 1 0 1 1 
1 1 1 1 0 0 0 0 0 0 
1 1 1 1 1 1 0 1 1 1 
1 0 1 1 1 0 1 1 0 0 
0 1 1 0 0 0 0 0 1 0 
1 1 1 0 1 0 0 0 0 1 
1 1 1 0 0 1 0 0 0 0 
1 0 1 0 1 0 0 0 0 1 
MFS
[ 0 , - , 1 , - , - , - , - , - , - , - ]
[ - , 0 , 1 , - , 0 , - , - , - , - , - ]
[ 0 , 1 , 1 , - , 0 , - , - , - , - , - ]
[ - , - , 0 , - , - , - , - , - , - , - ]
[ 1 , 0 , 1 , - , 0 , - , - , - , - , - ]
precise
0.0
recall
0.0
F-measure
0.0
multi
4
time
all 47 iden 0 gen 47
t-cover
144
all-cover
180
coveredNum
(1 : 65)  (2 : 41)  (3 : 36)  (4 : 18)  (5 : 9)  (6 : 10)  (9 : 1)  
real Identify

testCase Num: 22
regaular Num: 22
identify Num: 0
0 0 0 0 0 0 0 0 0 0 
1 0 1 1 0 1 0 1 0 0 
1 1 1 1 1 1 1 1 1 0 
0 0 0 0 1 1 0 1 0 1 
1 1 1 1 0 1 0 1 0 0 
0 0 0 1 0 0 0 0 1 0 
0 0 1 1 0 0 0 0 0 0 
1 0 1 1 1 1 1 0 0 0 
0 1 0 1 1 1 0 1 1 0 
0 1 0 1 0 0 1 0 0 0 
0 1 1 1 0 0 0 1 1 0 
1 1 0 0 0 0 0 1 1 1 
0 1 0 1 1 1 1 1 1 0 
1 1 0 1 0 0 0 0 0 0 
1 0 0 0 0 0 0 0 0 0 
0 0 1 1 0 1 1 0 0 1 
0 0 0 1 0 1 0 1 0 0 
1 0 1 1 1 0 0 1 0 0 
1 0 1 1 1 0 0 0 1 0 
0 0 0 1 1 0 0 0 0 0 
0 0 1 0 0 0 1 0 1 0 
1 0 0 1 0 1 1 0 0 0 
MFS
[ - , - , 0 , 1 , - , - , 0 , - , - , - ]
[ 1 , 0 , 0 , - , - , - , - , - , - , - ]
[ - , 0 , 1 , 1 , 0 , - , - , - , - , 0 ]
[ - , - , 1 , 1 , - , - , - , - , - , 1 ]
[ 1 , - , 0 , 1 , - , - , 1 , - , - , - ]
[ - , 1 , - , 0 , - , - , - , - , - , - ]
[ 0 , 0 , - , - , - , - , - , - , - , - ]
[ - , 0 , 1 , 1 , 0 , - , - , - , - , - ]
[ - , - , - , 0 , - , - , - , - , - , - ]
[ - , - , - , 1 , - , - , - , - , - , 1 ]
precise
0.0
recall
0.0
F-measure
0.0
multi
6
time
all 78 iden 0 gen 78
t-cover
140
all-cover
180
coveredNum
(1 : 69)  (2 : 48)  (3 : 34)  (4 : 17)  (5 : 9)  (6 : 2)  (8 : 1)  
real Identify

testCase Num: 15
regaular Num: 15
identify Num: 0
0 0 0 0 0 0 0 0 0 0 
1 0 1 0 0 1 1 0 0 0 
1 1 1 1 0 1 0 0 0 0 
1 0 0 0 0 1 1 0 0 0 
0 0 1 1 0 0 0 0 1 1 
1 0 1 1 1 1 1 1 1 1 
1 1 1 0 0 0 1 1 1 0 
1 0 0 1 0 0 0 1 0 1 
1 0 1 0 1 1 1 0 0 0 
1 1 1 1 0 0 0 1 0 1 
0 0 0 0 1 0 0 1 0 0 
1 1 1 0 1 0 0 0 1 0 
0 1 0 0 1 0 1 1 1 1 
0 0 1 0 1 1 0 0 1 0 
1 0 1 0 1 0 0 0 0 1 
MFS
[ 0 , - , - , - , - , - , - , - , - , - ]
[ 1 , - , 0 , - , - , - , - , - , - , - ]
[ 1 , 0 , 1 , - , 0 , - , - , - , - , - ]
precise
0.0
recall
0.0
F-measure
0.0
multi
3
time
all 47 iden 0 gen 47
t-cover
144
all-cover
180
coveredNum
(1 : 77)  (2 : 55)  (3 : 31)  (4 : 16)  (7 : 1)  
real Identify

testCase Num: 16
regaular Num: 16
identify Num: 0
0 1 0 1 1 0 0 0 1 0 
0 0 0 0 0 0 0 0 0 0 
0 0 0 1 0 0 0 1 0 0 
0 0 0 0 1 0 1 0 1 1 
1 0 0 0 0 0 1 1 0 1 
1 0 1 1 1 1 0 0 0 0 
1 0 0 0 1 1 0 1 0 0 
1 1 0 0 1 1 0 1 0 0 
1 1 0 0 1 1 1 1 0 0 
0 0 1 1 0 1 1 1 1 0 
1 1 0 1 1 1 1 1 1 1 
1 1 1 0 1 0 0 0 0 1 
1 1 0 0 1 0 1 0 0 0 
1 0 1 1 1 0 1 0 1 0 
1 1 0 0 0 1 0 0 0 0 
1 0 1 0 1 0 0 1 1 1 
MFS
[ 0 , - , - , - , - , - , - , - , - , - ]
[ 1 , - , - , - , 0 , - , - , - , - , - ]
[ 1 , - , 0 , - , 1 , - , 0 , - , - , - ]
[ 1 , 0 , 0 , - , 1 , - , - , - , - , - ]
precise
0.0
recall
0.0
F-measure
0.0
multi
2
time
all 47 iden 0 gen 31
t-cover
143
all-cover
180
coveredNum
(1 : 77)  (2 : 54)  (3 : 32)  (4 : 16)  (7 : 1)  
real Identify

testCase Num: 19
regaular Num: 19
identify Num: 0
0 0 0 0 0 0 0 0 0 0 
0 1 1 1 1 0 1 0 0 1 
0 1 0 0 0 0 1 1 0 1 
1 0 1 0 0 1 0 0 1 1 
0 0 0 1 0 0 0 0 0 0 
0 1 0 0 1 1 1 0 1 1 
0 1 1 0 0 1 1 0 1 0 
0 0 1 0 1 0 1 0 1 0 
1 0 0 0 0 0 0 1 0 1 
0 1 0 1 0 0 1 1 1 0 
1 1 1 0 0 0 1 0 0 0 
0 1 0 0 0 1 0 0 0 1 
1 1 0 0 1 1 1 1 0 0 
0 1 1 1 0 0 1 0 1 0 
1 1 0 1 1 0 1 0 1 0 
1 1 1 1 1 1 1 1 0 1 
0 1 0 1 0 1 1 0 0 0 
1 1 0 1 1 1 0 0 0 0 
1 1 0 0 0 1 1 0 1 1 
MFS
[ - , 0 , - , - , - , - , 1 , - , - , - ]
[ 0 , 1 , - , 0 , - , - , 1 , - , - , - ]
[ - , - , - , - , - , - , 0 , - , - , - ]
[ 0 , - , - , 0 , - , - , 1 , - , - , - ]
precise
0.0
recall
0.0
F-measure
0.0
multi
4
time
all 62 iden 0 gen 62
t-cover
144
all-cover
180
coveredNum
(1 : 59)  (2 : 45)  (3 : 39)  (4 : 20)  (5 : 10)  (6 : 6)  (9 : 1)  
real Identify

testCase Num: 16
regaular Num: 16
identify Num: 0
0 0 0 0 0 0 0 0 0 0 
1 1 0 1 0 1 0 0 0 0 
1 1 0 1 0 1 1 0 1 1 
0 0 0 0 1 0 0 0 0 0 
1 1 0 0 0 0 0 0 1 1 
1 1 1 0 0 0 0 0 0 0 
0 1 0 0 0 1 0 1 0 0 
1 1 1 0 0 0 1 1 0 1 
1 0 1 0 0 0 1 0 0 1 
0 0 0 1 0 1 0 0 1 0 
1 1 1 1 1 0 1 0 0 0 
0 0 1 1 0 1 1 1 0 0 
1 1 1 1 1 1 0 1 1 1 
1 1 0 0 1 0 1 0 1 0 
1 1 0 0 0 1 1 1 0 0 
0 0 0 1 1 0 0 1 1 1 
MFS
[ 0 , - , - , - , - , - , - , - , - , - ]
[ 1 , 0 , - , - , - , - , - , - , - , - ]
[ 1 , 1 , 0 , - , - , - , 0 , - , - , - ]
precise
0.0
recall
0.0
F-measure
0.0
multi
4
time
all 63 iden 0 gen 63
t-cover
144
all-cover
180
coveredNum
(1 : 81)  (2 : 49)  (3 : 33)  (4 : 14)  (5 : 2)  (7 : 1)  
real Identify

