testCase Num: 15
regaular Num: 15
identify Num: 0
0 0 0 0 0 0 1 0 0 0 0 0 0 0 0 0 
1 0 0 0 1 0 1 0 0 1 1 0 0 1 1 0 
0 1 0 1 0 0 0 0 1 0 0 1 1 0 0 1 
0 1 1 0 0 0 1 1 0 1 1 1 0 0 0 0 
0 0 1 1 0 0 1 1 0 1 0 0 0 0 1 1 
1 0 0 1 0 0 0 0 0 0 0 0 1 1 0 0 
0 0 0 1 1 0 1 0 0 0 0 0 0 0 0 0 
0 0 0 1 0 1 1 1 1 0 1 1 0 1 1 0 
1 1 1 1 1 0 1 1 1 1 1 1 1 1 1 1 
0 0 0 0 0 0 0 0 0 0 1 0 0 0 0 0 
0 0 1 0 1 0 0 1 1 0 0 0 0 0 1 1 
0 0 0 0 0 0 0 0 0 0 0 0 0 0 0 0 
1 1 0 0 1 0 0 0 0 0 0 1 0 0 1 0 
1 0 1 0 0 0 0 1 1 0 1 0 0 0 0 0 
1 1 1 0 1 1 0 0 0 1 0 0 1 0 0 1 
MFS
[ 0 , - , - , 0 , - , - , - , - , - , - , - , - , - , - , - , - ]
precise
1.0
recall
1.0
F-measure
1.0
multi
0
time
all 94 iden 0 gen 78
t-cover
480
all-cover
480
coveredNum
(1 : 102)  (2 : 144)  (3 : 150)  (4 : 59)  (5 : 25)  
real Identify
([ 0 , - , - , 0 , - , - , - , - , - , - , - , - , - , - , - , - ] : 1)  
testCase Num: 12
regaular Num: 12
identify Num: 0
1 1 1 1 1 0 1 1 1 1 1 1 1 1 1 1 
1 1 0 0 1 0 1 0 0 1 0 1 0 1 1 0 
0 0 0 0 0 0 0 0 0 0 0 0 0 0 0 0 
1 0 0 1 1 0 0 1 0 1 0 1 0 0 0 1 
0 0 1 1 0 0 0 0 0 0 0 0 1 1 1 1 
0 1 0 0 1 0 1 0 0 0 0 1 0 0 0 0 
0 0 0 1 1 0 0 0 0 0 0 0 0 0 0 0 
0 0 0 1 0 1 1 1 1 0 0 1 1 0 1 0 
1 1 1 0 1 1 0 0 0 0 1 0 0 1 0 1 
0 1 0 0 0 1 1 0 1 1 1 0 0 1 1 0 
1 0 1 0 0 0 0 1 1 0 1 0 1 0 0 0 
0 1 0 1 0 1 1 0 1 1 1 0 0 0 0 0 
MFS
[ 0 , - , - , 0 , - , - , - , - , - , - , - , - , - , - , - , - ]
precise
1.0
recall
1.0
F-measure
1.0
multi
0
time
all 68 iden 0 gen 68
t-cover
480
all-cover
480
coveredNum
(1 : 104)  (2 : 188)  (3 : 151)  (4 : 37)  
real Identify
([ 0 , - , - , 0 , - , - , - , - , - , - , - , - , - , - , - , - ] : 1)  
testCase Num: 14
regaular Num: 14
identify Num: 0
1 0 0 0 1 0 1 0 1 1 1 0 0 0 0 0 
1 1 0 1 1 0 0 0 0 0 0 1 0 0 0 1 
0 0 0 0 0 0 1 1 0 0 1 0 1 0 0 0 
1 1 1 0 0 0 0 0 0 0 1 0 1 1 1 1 
0 0 1 1 1 1 1 1 1 0 0 1 0 0 0 0 
0 0 1 0 0 0 0 1 1 1 0 1 1 1 0 1 
0 0 0 1 0 0 1 1 0 1 0 0 1 0 0 0 
1 0 0 1 0 1 0 0 1 0 0 0 0 1 1 0 
0 1 0 0 1 1 1 0 0 1 1 0 0 0 1 0 
0 1 1 1 0 1 0 0 0 1 1 0 0 0 1 0 
1 1 0 1 1 1 1 1 1 1 1 1 1 1 1 1 
0 0 0 0 0 0 0 0 0 0 0 0 0 0 0 0 
0 0 0 1 0 0 0 0 0 0 0 0 0 1 0 1 
1 0 0 0 0 1 0 1 0 0 0 1 0 1 0 1 
MFS
[ 0 , - , - , 0 , - , - , - , - , - , - , - , - , - , - , - , - ]
precise
1.0
recall
1.0
F-measure
1.0
multi
0
time
all 100 iden 0 gen 84
t-cover
480
all-cover
480
coveredNum
(1 : 97)  (2 : 158)  (3 : 137)  (4 : 63)  (5 : 25)  
real Identify
([ 0 , - , - , 0 , - , - , - , - , - , - , - , - , - , - , - , - ] : 1)  
testCase Num: 13
regaular Num: 13
identify Num: 0
1 1 0 0 1 0 0 1 0 1 0 0 1 0 1 1 
0 1 0 0 1 0 0 0 1 0 1 0 1 0 1 0 
1 0 0 1 1 1 0 1 0 0 0 0 1 1 0 0 
0 1 0 1 0 1 0 0 1 1 0 1 0 0 0 0 
0 0 1 0 0 0 1 1 0 1 1 1 0 0 1 1 
1 0 1 0 0 1 1 0 1 1 1 0 1 0 0 0 
0 0 0 1 0 0 1 0 1 0 0 1 1 0 0 0 
0 0 1 1 0 0 0 1 0 0 1 0 0 0 1 0 
0 1 1 1 1 0 0 0 0 0 0 1 0 1 1 1 
1 0 0 0 0 0 1 0 0 0 0 0 0 1 0 1 
1 1 0 1 1 1 1 1 1 1 1 1 1 1 1 1 
0 0 0 0 0 0 0 0 0 0 0 0 0 0 0 0 
1 0 0 0 0 0 0 0 0 0 0 1 0 0 0 0 
MFS
[ 0 , - , - , 0 , - , - , - , - , - , - , - , - , - , - , - , - ]
precise
1.0
recall
1.0
F-measure
1.0
multi
0
time
all 101 iden 0 gen 86
t-cover
480
all-cover
480
coveredNum
(1 : 99)  (2 : 148)  (3 : 151)  (4 : 58)  (5 : 23)  (6 : 1)  
real Identify
([ 0 , - , - , 0 , - , - , - , - , - , - , - , - , - , - , - , - ] : 1)  
testCase Num: 14
regaular Num: 14
identify Num: 0
1 0 1 0 1 0 0 1 1 1 0 0 0 1 0 1 
1 1 0 1 1 0 1 0 0 1 0 0 0 0 0 0 
0 0 1 1 1 0 0 0 1 0 0 1 0 0 0 0 
1 1 1 1 1 1 1 1 1 1 1 1 1 1 1 0 
1 0 0 0 0 1 1 1 0 1 0 1 0 0 1 1 
0 0 0 0 0 1 0 0 1 0 1 0 0 1 0 0 
1 0 0 0 0 1 0 0 1 0 1 1 0 1 0 0 
1 0 1 1 0 0 0 1 0 0 0 0 1 0 1 0 
0 0 0 0 0 0 0 0 0 0 0 0 0 0 0 0 
0 1 0 1 0 0 0 1 0 1 1 0 1 1 0 0 
0 1 0 1 0 1 1 0 0 0 1 0 1 0 1 1 
0 0 0 0 0 1 1 1 1 1 0 1 1 0 0 1 
0 1 1 0 1 0 0 0 0 0 1 1 0 1 1 0 
1 1 0 0 0 0 0 0 0 0 0 0 1 0 0 0 
MFS
[ 0 , - , - , 0 , - , - , - , - , - , - , - , - , - , - , - , - ]
precise
1.0
recall
1.0
F-measure
1.0
multi
0
time
all 100 iden 0 gen 84
t-cover
480
all-cover
480
coveredNum
(1 : 88)  (2 : 161)  (3 : 150)  (4 : 64)  (5 : 17)  
real Identify
([ 0 , - , - , 0 , - , - , - , - , - , - , - , - , - , - , - , - ] : 1)  
