testCase Num: 32
regaular Num: 6
identify Num: 26
1 0 1 0 1 0 1 1 1 
0 1 1 1 1 1 0 1 1 
1 0 1 1 0 0 1 1 1 
1 1 0 1 1 1 0 0 0 
0 1 0 0 0 0 1 1 1 
0 0 0 1 1 0 1 0 0 
1 0 0 0 0 0 0 0 0 
1 1 0 0 0 0 0 0 0 
0 1 1 0 0 0 0 1 1 
1 1 0 1 1 1 1 0 0 
1 0 1 0 0 0 1 1 1 
1 0 1 0 0 1 0 0 1 
1 0 1 0 0 1 0 0 0 
1 1 0 1 0 0 0 0 0 
1 0 0 0 1 0 1 0 1 
0 1 0 1 0 1 1 1 0 
0 0 0 1 0 0 1 1 1 
0 0 1 0 1 1 0 1 1 
0 1 1 0 1 1 0 1 1 
1 0 0 1 0 0 1 1 1 
1 1 0 1 0 0 1 1 1 
1 0 1 0 1 1 0 1 1 
1 1 0 1 1 1 0 1 0 
0 0 0 0 0 0 0 0 0 
1 1 0 1 1 1 0 1 1 
0 1 1 0 0 1 0 1 1 
0 1 0 0 0 0 1 0 1 
0 1 0 0 0 0 1 0 0 
1 1 0 1 1 0 0 0 0 
1 0 1 0 0 1 1 1 1 
1 1 1 0 0 0 0 0 0 
1 0 1 0 0 1 0 1 1 
MFS
[ - , - , 0 , - , - , - , 0 , - , - ]
[ - , 0 , - , - , 0 , - , - , - , - ]
[ 0 , - , - , 0 , - , - , - , - , - ]
precise
1.0
recall
1.0
F-measure
1.0
multi
1
time
all 63 iden 31 gen 16
t-cover
144
all-cover
144
coveredNum
(1 : 35)  (2 : 50)  (3 : 45)  (4 : 13)  (5 : 1)  
real Identify
([ - , - , 0 , - , - , - , 0 , - , - ] : 1)  ([ - , 0 , - , - , 0 , - , - , - , - ] : 1)  ([ 0 , - , - , 0 , - , - , - , - , - ] : 1)  
testCase Num: 32
regaular Num: 6
identify Num: 26
1 0 1 1 0 0 1 1 1 
0 1 1 1 1 1 0 1 1 
0 0 0 0 0 0 1 1 1 
1 0 1 1 0 1 0 0 1 
1 1 0 1 1 1 0 0 0 
1 0 1 1 0 1 0 0 0 
0 1 0 0 0 0 1 1 1 
0 0 0 1 1 0 1 0 0 
1 0 0 0 0 0 0 0 0 
1 1 0 0 0 0 0 0 0 
0 1 1 0 0 0 0 1 1 
1 1 0 1 1 1 1 0 0 
1 0 1 0 0 0 1 1 1 
0 1 1 1 0 1 0 0 1 
1 1 0 1 0 0 0 0 0 
0 0 1 0 1 1 0 1 1 
0 1 1 0 1 1 0 1 1 
1 0 1 0 1 1 0 1 1 
1 1 0 1 1 1 0 1 0 
1 0 1 1 0 1 1 1 1 
0 0 0 0 0 0 0 0 0 
1 1 0 1 1 1 0 1 1 
1 0 1 1 0 1 0 1 1 
0 1 1 0 0 1 0 1 1 
0 1 0 0 0 0 1 0 1 
0 1 0 0 0 0 1 0 0 
0 0 0 1 1 0 1 1 0 
1 1 0 0 0 0 1 1 1 
1 0 0 0 0 0 1 1 1 
1 1 0 1 1 0 0 0 0 
1 1 1 0 0 0 0 0 0 
1 0 1 1 1 0 1 1 1 
MFS
[ - , - , 0 , - , - , - , 0 , - , - ]
[ - , 0 , - , - , 0 , - , - , - , - ]
[ 0 , - , - , 0 , - , - , - , - , - ]
precise
1.0
recall
1.0
F-measure
1.0
multi
2
time
all 62 iden 31 gen 15
t-cover
144
all-cover
144
coveredNum
(1 : 30)  (2 : 57)  (3 : 46)  (4 : 10)  (5 : 1)  
real Identify
([ - , - , 0 , - , - , - , 0 , - , - ] : 1)  ([ - , 0 , - , - , 0 , - , - , - , - ] : 1)  ([ 0 , - , - , 0 , - , - , - , - , - ] : 1)  
testCase Num: 32
regaular Num: 6
identify Num: 26
0 1 0 1 0 0 1 0 1 
0 1 1 0 1 0 1 1 1 
1 1 0 1 1 1 0 0 0 
0 1 1 0 0 1 0 0 0 
1 0 0 0 0 0 0 0 0 
1 1 0 0 0 0 0 0 0 
1 0 0 0 0 0 1 0 0 
0 1 1 0 0 0 1 1 1 
1 0 0 0 0 0 1 0 1 
0 1 1 0 0 1 0 0 1 
1 1 0 1 1 1 1 0 0 
1 0 1 0 0 0 0 1 1 
1 1 0 1 0 0 0 0 0 
1 0 1 0 1 1 0 1 1 
1 1 0 1 1 1 0 1 0 
0 0 0 0 0 0 0 0 0 
1 1 0 1 1 1 0 1 1 
1 0 1 1 0 1 0 1 1 
0 1 1 0 0 1 0 1 1 
1 1 1 1 0 1 0 1 1 
1 0 0 0 0 0 1 1 1 
0 1 1 0 0 1 1 1 1 
1 1 0 1 1 0 0 0 0 
0 0 1 1 1 1 0 0 0 
1 1 1 0 0 0 0 0 0 
1 0 1 0 0 1 0 1 1 
0 1 1 1 1 0 1 1 1 
0 0 1 1 0 1 0 1 1 
0 0 0 0 1 0 1 1 1 
0 1 0 0 1 0 1 1 1 
1 0 0 0 1 0 1 1 1 
0 1 0 1 0 0 1 1 0 
MFS
[ - , - , 0 , - , - , - , 0 , - , - ]
[ - , 0 , - , - , 0 , - , - , - , - ]
[ 0 , - , - , 0 , - , - , - , - , - ]
precise
1.0
recall
1.0
F-measure
1.0
multi
1
time
all 47 iden 0 gen 31
t-cover
144
all-cover
144
coveredNum
(1 : 26)  (2 : 64)  (3 : 44)  (4 : 9)  (5 : 1)  
real Identify
([ - , - , 0 , - , - , - , 0 , - , - ] : 1)  ([ - , 0 , - , - , 0 , - , - , - , - ] : 1)  ([ 0 , - , - , 0 , - , - , - , - , - ] : 1)  
testCase Num: 32
regaular Num: 6
identify Num: 26
0 1 1 0 1 0 1 1 1 
1 0 1 0 1 1 0 0 1 
0 0 1 1 0 1 0 0 1 
1 0 1 1 0 1 0 0 1 
1 1 0 1 1 1 0 0 0 
0 1 1 0 0 1 0 0 0 
1 1 1 1 0 1 0 0 1 
1 0 0 0 0 0 0 0 0 
1 1 0 0 0 0 0 0 0 
0 1 1 0 0 0 1 1 1 
0 1 1 0 0 1 0 0 1 
1 0 0 0 0 0 1 0 1 
1 1 0 1 1 1 1 0 0 
0 0 1 1 1 0 0 0 0 
1 0 1 0 0 1 0 0 1 
0 1 1 1 0 0 0 1 0 
1 1 0 1 0 0 0 0 0 
0 1 0 1 0 1 1 1 0 
1 1 0 1 1 1 0 1 0 
0 0 0 0 0 0 0 0 0 
1 1 0 1 1 1 0 1 1 
0 1 1 0 0 1 0 1 1 
1 0 0 0 0 0 1 1 0 
1 0 0 0 0 0 1 1 1 
0 1 1 0 0 1 1 1 1 
1 1 0 1 1 0 0 0 0 
1 0 1 0 0 0 0 0 1 
1 1 1 0 0 0 0 0 0 
0 1 1 1 1 0 1 1 1 
0 0 0 0 1 0 1 1 1 
0 1 0 0 1 0 1 1 1 
1 0 0 0 1 0 1 1 1 
MFS
[ - , - , 0 , - , - , - , 0 , - , - ]
[ - , 0 , - , - , 0 , - , - , - , - ]
[ 0 , - , - , 0 , - , - , - , - , - ]
precise
1.0
recall
1.0
F-measure
1.0
multi
1
time
all 47 iden 31 gen 0
t-cover
144
all-cover
144
coveredNum
(1 : 32)  (2 : 55)  (3 : 45)  (4 : 10)  (5 : 2)  
real Identify
([ - , - , 0 , - , - , - , 0 , - , - ] : 1)  ([ - , 0 , - , - , 0 , - , - , - , - ] : 1)  ([ 0 , - , - , 0 , - , - , - , - , - ] : 1)  
testCase Num: 31
regaular Num: 5
identify Num: 26
0 1 1 0 1 1 0 0 1 
0 0 1 0 1 1 0 0 1 
1 0 1 0 1 1 0 0 1 
1 0 1 1 0 0 1 1 1 
0 0 0 0 0 0 1 1 1 
1 0 1 1 0 1 0 0 1 
1 1 0 1 1 1 0 0 0 
1 0 1 1 0 1 0 0 0 
0 1 0 0 0 0 1 1 1 
1 0 0 0 0 0 0 0 0 
1 1 0 0 0 0 0 0 0 
0 1 0 0 0 0 1 1 0 
0 1 1 0 0 1 0 0 1 
1 1 0 1 1 1 1 0 0 
1 0 1 0 0 0 1 1 1 
1 1 0 1 0 0 0 0 0 
1 1 0 1 1 1 0 1 0 
1 0 1 1 0 1 1 1 1 
0 0 0 0 0 0 0 0 0 
1 1 0 1 1 1 0 1 1 
1 0 1 1 0 1 0 1 1 
0 1 0 0 0 0 1 0 1 
0 0 0 1 1 0 1 1 0 
1 1 0 0 0 0 1 1 1 
1 0 0 0 0 0 1 1 1 
0 1 1 0 0 0 0 0 1 
1 1 0 1 1 0 0 0 0 
0 1 1 1 0 1 0 1 0 
1 1 1 0 0 0 0 0 0 
0 1 1 1 1 1 0 0 1 
1 0 1 1 1 0 1 1 1 
MFS
[ - , - , 0 , - , - , - , 0 , - , - ]
[ - , 0 , - , - , 0 , - , - , - , - ]
[ 0 , - , - , 0 , - , - , - , - , - ]
precise
1.0
recall
1.0
F-measure
1.0
multi
2
time
all 47 iden 47 gen 0
t-cover
144
all-cover
144
coveredNum
(1 : 38)  (2 : 67)  (3 : 37)  (4 : 2)  
real Identify
([ - , - , 0 , - , - , - , 0 , - , - ] : 1)  ([ - , 0 , - , - , 0 , - , - , - , - ] : 1)  ([ 0 , - , - , 0 , - , - , - , - , - ] : 1)  
testCase Num: 32
regaular Num: 6
identify Num: 27
1 0 1 0 1 0 1 1 1 
0 0 1 0 1 0 0 1 0 
0 0 1 0 1 0 1 1 0 
1 0 1 0 1 0 0 1 0 
1 0 1 1 0 0 1 1 1 
1 1 0 1 1 1 0 0 0 
1 1 0 0 0 1 1 1 0 
0 0 0 1 1 0 1 0 0 
1 0 0 0 0 0 0 0 0 
1 1 0 0 0 0 0 0 0 
1 1 0 1 1 1 1 0 0 
1 0 1 0 0 0 1 1 1 
1 0 1 0 0 1 0 0 1 
1 0 1 0 0 1 0 0 0 
1 1 0 1 0 0 0 0 0 
0 0 0 1 0 0 1 1 1 
0 0 1 0 1 1 1 1 0 
0 0 1 0 1 0 0 0 0 
0 0 1 0 1 0 0 0 1 
1 0 0 1 0 0 1 1 1 
1 1 0 1 0 0 1 1 1 
1 1 0 1 1 1 0 1 0 
0 0 0 0 0 0 0 0 0 
1 1 0 1 1 1 0 1 1 
0 1 1 0 0 1 1 1 0 
0 1 0 0 0 1 1 1 0 
1 1 0 1 1 0 0 0 0 
0 0 1 1 1 1 0 0 1 
1 0 1 0 0 1 1 1 1 
1 1 1 0 0 0 0 0 0 
1 0 1 0 0 1 0 1 1 
0 1 1 1 0 1 1 1 0 
MFS
[ - , - , 0 , - , - , - , 0 , - , - ]
[ - , 0 , - , - , 0 , - , - , - , - ]
[ 0 , - , - , 0 , - , - , - , - , - ]
precise
1.0
recall
1.0
F-measure
1.0
multi
1
time
all 47 iden 47 gen 0
t-cover
144
all-cover
144
coveredNum
(1 : 29)  (2 : 61)  (3 : 40)  (4 : 14)  
real Identify
([ - , - , 0 , - , - , - , 0 , - , - ] : 1)  ([ - , 0 , - , - , 0 , - , - , - , - ] : 1)  ([ 0 , - , - , 0 , - , - , - , - , - ] : 1)  
testCase Num: 33
regaular Num: 6
identify Num: 27
0 1 1 0 1 0 1 1 0 
1 0 1 1 0 0 1 1 1 
1 0 1 1 0 0 0 1 1 
1 1 0 1 1 1 0 0 0 
0 1 1 0 0 1 0 0 0 
1 0 0 0 0 0 0 0 0 
1 1 0 0 0 0 0 0 0 
1 0 0 0 0 1 1 1 1 
1 1 0 0 0 1 1 1 1 
0 1 1 0 0 0 1 1 0 
0 1 1 0 0 1 0 0 1 
1 1 0 1 1 1 1 0 0 
0 0 1 1 1 0 0 0 1 
1 1 0 1 0 0 0 0 0 
1 0 1 1 1 1 1 1 1 
0 1 0 1 0 0 1 0 0 
1 0 1 1 0 0 0 0 1 
1 1 0 1 1 1 0 1 0 
1 0 1 1 0 1 1 1 1 
1 0 1 1 0 0 0 0 0 
0 0 0 0 0 0 0 0 0 
1 1 0 1 1 1 0 1 1 
0 0 0 0 0 1 1 1 1 
0 1 1 0 0 1 1 1 0 
0 1 1 0 0 1 0 1 0 
1 1 0 1 1 0 0 0 0 
1 0 1 0 0 1 1 1 1 
0 1 1 1 0 1 0 1 0 
1 1 1 0 0 0 0 0 0 
0 1 1 1 1 0 1 1 0 
0 0 0 0 1 0 1 1 0 
0 1 0 0 1 0 1 1 0 
1 0 0 0 1 0 1 1 0 
MFS
[ - , - , 0 , - , - , - , 0 , - , - ]
[ - , 0 , - , - , 0 , - , - , - , - ]
[ 0 , - , - , 0 , - , - , - , - , - ]
precise
1.0
recall
1.0
F-measure
1.0
multi
2
time
all 62 iden 31 gen 31
t-cover
144
all-cover
144
coveredNum
(1 : 30)  (2 : 61)  (3 : 38)  (4 : 14)  (5 : 1)  
real Identify
([ - , - , 0 , - , - , - , 0 , - , - ] : 1)  ([ - , 0 , - , - , 0 , - , - , - , - ] : 1)  ([ 0 , - , - , 0 , - , - , - , - , - ] : 1)  
testCase Num: 30
regaular Num: 5
identify Num: 26
0 0 1 0 1 1 0 0 0 
0 0 1 0 1 0 1 1 0 
0 0 1 0 1 1 0 0 1 
1 1 0 1 1 1 0 0 0 
0 0 0 1 1 0 1 0 1 
1 0 0 0 0 0 0 0 0 
1 1 0 0 0 0 0 0 0 
1 0 0 0 0 0 1 0 0 
0 1 0 0 0 0 1 1 0 
1 0 0 0 0 0 1 0 1 
0 1 1 0 0 0 1 1 0 
1 1 0 1 1 1 1 0 0 
1 0 1 0 0 0 0 1 1 
0 1 1 1 0 0 1 1 0 
1 1 0 1 0 0 0 0 0 
0 0 1 0 1 1 0 1 0 
0 0 1 0 1 1 1 1 0 
1 0 1 0 1 1 0 1 1 
1 1 0 1 1 1 0 1 0 
0 0 0 0 0 0 0 0 0 
1 1 0 1 1 1 0 1 1 
1 0 1 1 0 1 0 1 1 
1 1 0 0 0 0 1 1 0 
1 1 1 1 0 1 0 1 1 
1 0 0 0 0 0 1 1 1 
1 1 0 1 1 0 0 0 0 
0 0 1 1 1 1 0 0 0 
1 1 1 0 0 0 0 0 0 
1 0 1 0 0 1 0 1 1 
0 0 1 1 0 1 0 1 1 
MFS
[ - , - , 0 , - , - , - , 0 , - , - ]
[ - , 0 , - , - , 0 , - , - , - , - ]
[ 0 , - , - , 0 , - , - , - , - , - ]
precise
1.0
recall
1.0
F-measure
1.0
multi
1
time
all 47 iden 16 gen 31
t-cover
144
all-cover
144
coveredNum
(1 : 40)  (2 : 65)  (3 : 35)  (4 : 4)  
real Identify
([ - , - , 0 , - , - , - , 0 , - , - ] : 1)  ([ - , 0 , - , - , 0 , - , - , - , - ] : 1)  ([ 0 , - , - , 0 , - , - , - , - , - ] : 1)  
testCase Num: 31
regaular Num: 5
identify Num: 26
0 1 1 0 1 1 0 0 1 
0 0 1 0 1 1 0 0 1 
1 0 1 0 1 1 0 0 1 
1 0 1 1 0 0 1 1 1 
0 0 0 0 0 0 1 1 1 
1 0 1 1 0 1 0 0 1 
1 1 0 1 1 1 0 0 0 
1 0 1 1 0 1 0 0 0 
0 1 0 0 0 0 1 1 1 
1 0 0 0 0 0 0 0 0 
1 1 0 0 0 0 0 0 0 
0 1 0 0 0 0 1 1 0 
0 1 1 0 0 1 0 0 1 
1 1 0 1 1 1 1 0 0 
1 0 1 0 0 0 1 1 1 
1 1 0 1 0 0 0 0 0 
1 1 0 1 1 1 0 1 0 
1 0 1 1 0 1 1 1 1 
0 0 0 0 0 0 0 0 0 
1 1 0 1 1 1 0 1 1 
1 0 1 1 0 1 0 1 1 
0 1 0 0 0 0 1 0 1 
0 0 0 1 1 0 1 1 0 
1 1 0 0 0 0 1 1 1 
1 0 0 0 0 0 1 1 1 
0 1 1 0 0 0 0 0 1 
1 1 0 1 1 0 0 0 0 
0 1 1 1 0 1 0 1 0 
1 1 1 0 0 0 0 0 0 
0 1 1 1 1 1 0 0 1 
1 0 1 1 1 0 1 1 1 
MFS
[ - , - , 0 , - , - , - , 0 , - , - ]
[ - , 0 , - , - , 0 , - , - , - , - ]
[ 0 , - , - , 0 , - , - , - , - , - ]
precise
1.0
recall
1.0
F-measure
1.0
multi
2
time
all 47 iden 15 gen 16
t-cover
144
all-cover
144
coveredNum
(1 : 38)  (2 : 67)  (3 : 37)  (4 : 2)  
real Identify
([ - , - , 0 , - , - , - , 0 , - , - ] : 1)  ([ - , 0 , - , - , 0 , - , - , - , - ] : 1)  ([ 0 , - , - , 0 , - , - , - , - , - ] : 1)  
testCase Num: 31
regaular Num: 5
identify Num: 26
0 1 1 0 1 1 0 0 1 
0 0 1 0 1 1 0 0 1 
1 0 1 0 1 1 0 0 1 
1 0 1 1 0 0 1 1 1 
0 0 0 0 0 0 1 1 1 
1 0 1 1 0 1 0 0 1 
1 1 0 1 1 1 0 0 0 
1 0 1 1 0 1 0 0 0 
0 1 0 0 0 0 1 1 1 
1 0 0 0 0 0 0 0 0 
1 1 0 0 0 0 0 0 0 
0 1 0 0 0 0 1 1 0 
0 1 1 0 0 1 0 0 1 
1 1 0 1 1 1 1 0 0 
1 0 1 0 0 0 1 1 1 
1 1 0 1 0 0 0 0 0 
1 1 0 1 1 1 0 1 0 
1 0 1 1 0 1 1 1 1 
0 0 0 0 0 0 0 0 0 
1 1 0 1 1 1 0 1 1 
1 0 1 1 0 1 0 1 1 
0 1 0 0 0 0 1 0 1 
0 0 0 1 1 0 1 1 0 
1 1 0 0 0 0 1 1 1 
1 0 0 0 0 0 1 1 1 
0 1 1 0 0 0 0 0 1 
1 1 0 1 1 0 0 0 0 
0 1 1 1 0 1 0 1 0 
1 1 1 0 0 0 0 0 0 
0 1 1 1 1 1 0 0 1 
1 0 1 1 1 0 1 1 1 
MFS
[ - , - , 0 , - , - , - , 0 , - , - ]
[ - , 0 , - , - , 0 , - , - , - , - ]
[ 0 , - , - , 0 , - , - , - , - , - ]
precise
1.0
recall
1.0
F-measure
1.0
multi
2
time
all 47 iden 31 gen 0
t-cover
144
all-cover
144
coveredNum
(1 : 38)  (2 : 67)  (3 : 37)  (4 : 2)  
real Identify
([ - , - , 0 , - , - , - , 0 , - , - ] : 1)  ([ - , 0 , - , - , 0 , - , - , - , - ] : 1)  ([ 0 , - , - , 0 , - , - , - , - , - ] : 1)  
