testCase Num: 89
regaular Num: 11
identify Num: 78
0 1 1 0 0 1 0 1 0 1 1 1 1 0 0 0 1 0 1 1 
0 1 0 0 0 0 1 0 1 0 1 1 0 0 0 0 1 0 0 1 
0 1 1 0 0 0 1 0 1 0 1 1 0 0 0 1 1 0 0 1 
0 0 0 0 0 0 0 0 0 0 0 0 0 0 0 1 0 0 0 0 
0 1 1 0 0 1 0 1 0 1 0 1 1 1 0 0 1 0 1 1 
0 1 1 1 0 1 0 1 0 1 0 1 1 0 0 0 1 0 1 1 
0 0 0 0 0 0 0 0 0 0 0 0 1 0 0 0 0 0 0 0 
0 1 0 0 0 1 0 0 0 0 0 0 0 0 0 1 0 0 0 0 
0 1 1 0 1 1 0 1 0 1 0 1 1 0 0 0 1 0 1 1 
0 1 1 0 0 0 1 1 1 0 1 1 0 0 0 0 1 0 0 1 
0 1 1 0 0 0 1 0 1 0 1 1 0 0 0 0 1 0 0 1 
0 0 0 0 0 1 0 0 0 0 0 0 0 0 0 0 0 0 0 0 
0 0 1 0 0 1 0 0 0 0 0 0 0 0 0 1 0 0 0 0 
0 1 1 0 0 0 1 0 1 0 1 1 1 0 0 0 1 0 0 1 
0 1 1 0 0 0 1 0 1 0 1 1 0 0 0 0 1 0 0 0 
0 1 1 0 0 1 0 1 0 1 0 0 1 0 0 0 1 0 1 1 
1 0 1 0 1 1 0 0 1 0 0 0 1 0 1 1 0 0 0 1 
0 1 1 0 0 1 1 1 0 1 0 1 1 0 0 0 1 0 1 1 
0 0 0 0 0 0 0 0 0 1 0 0 0 0 0 0 0 0 0 0 
0 0 1 0 0 0 0 0 0 0 0 0 0 0 0 0 0 0 0 0 
0 1 1 0 0 1 0 1 0 1 0 1 1 0 0 0 1 1 1 1 
0 0 0 0 0 0 0 0 0 0 0 0 0 1 0 0 0 0 0 0 
0 0 0 0 0 1 0 0 0 0 0 0 0 0 0 1 0 0 0 0 
1 1 1 0 0 1 0 1 0 1 0 1 1 0 0 0 1 0 1 1 
0 0 0 0 0 1 0 0 0 0 0 0 0 0 0 1 0 0 0 1 
0 0 0 0 0 1 0 0 0 0 0 0 1 0 0 1 0 0 0 0 
0 0 0 1 0 0 0 0 0 0 0 0 0 0 0 0 0 0 0 0 
0 0 0 0 0 0 0 0 0 0 1 0 0 0 0 0 0 0 0 0 
1 0 0 0 0 1 0 0 0 0 0 0 0 0 0 1 0 0 0 0 
0 0 0 0 0 1 0 1 0 0 0 0 0 0 0 1 0 0 0 0 
1 0 0 1 1 0 1 0 1 1 1 0 0 1 1 1 0 0 1 0 
0 1 1 1 0 0 1 0 1 0 1 1 0 0 0 0 1 0 0 1 
0 1 0 1 1 0 0 1 0 0 0 1 1 1 0 0 0 0 0 0 
0 0 0 0 0 0 0 0 0 0 0 0 0 0 0 0 1 0 0 0 
0 1 1 0 0 0 1 0 1 0 1 1 0 1 0 0 1 0 0 1 
0 1 0 0 0 1 0 1 0 1 0 1 1 0 0 0 1 0 1 1 
0 1 1 0 0 0 1 0 1 1 1 1 0 0 0 0 1 0 0 1 
0 1 1 0 0 1 0 1 0 1 0 1 1 0 1 0 1 0 1 1 
0 0 0 0 0 1 0 0 1 0 0 0 0 0 0 1 0 0 0 0 
0 1 1 0 0 0 1 0 1 0 1 1 0 0 0 0 0 0 0 1 
0 1 1 0 0 0 1 0 1 0 1 1 0 0 0 0 1 0 1 1 
0 1 1 0 0 1 0 1 0 0 0 1 1 0 0 0 1 0 1 1 
0 1 1 0 0 1 1 0 1 0 1 1 0 0 0 0 1 0 0 1 
0 0 0 0 0 0 0 0 0 0 0 0 0 0 0 0 0 1 0 0 
0 0 0 0 0 0 0 0 0 0 0 0 0 0 1 0 0 0 0 0 
0 0 0 0 0 0 0 0 0 0 0 1 0 0 0 0 0 0 0 0 
0 0 1 0 0 0 1 0 1 0 1 1 0 0 0 0 1 0 0 1 
0 1 1 0 0 1 0 1 0 1 0 1 1 0 0 0 1 0 0 1 
0 1 1 0 0 0 1 0 1 0 0 1 0 0 0 0 1 0 0 1 
0 1 1 0 0 0 0 1 0 1 0 1 1 0 0 0 1 0 1 1 
0 0 0 0 0 1 0 0 0 0 0 0 0 0 0 1 0 0 1 0 
0 0 0 0 0 1 0 0 0 1 0 0 0 0 0 1 0 0 0 0 
0 0 0 0 0 1 0 0 0 0 1 0 0 0 0 1 0 0 0 0 
0 0 0 0 0 1 0 0 0 0 0 0 0 1 0 1 0 0 0 0 
1 0 0 0 0 0 0 0 0 0 0 0 0 0 0 0 0 0 0 0 
0 0 0 1 0 1 0 0 0 0 0 0 0 0 0 1 0 0 0 0 
1 1 1 0 0 0 1 0 1 0 1 1 0 0 0 0 1 0 0 1 
0 0 0 0 0 0 1 0 0 0 0 0 0 0 0 0 0 0 0 0 
0 1 1 0 0 0 0 0 1 0 1 1 0 0 0 0 1 0 0 1 
0 1 1 0 0 0 1 0 1 0 1 1 0 0 0 0 1 1 0 1 
0 0 0 0 1 1 0 0 0 0 0 0 0 0 0 1 0 0 0 0 
0 1 1 0 0 1 0 0 0 1 0 1 1 0 0 0 1 0 1 1 
0 1 1 0 0 0 1 0 1 0 1 0 0 0 0 0 1 0 0 1 
1 1 1 1 1 1 1 1 1 1 1 1 1 1 1 1 1 1 0 1 
0 1 1 0 0 1 0 1 0 1 0 1 1 0 0 0 1 0 1 1 
0 0 0 0 1 0 0 0 0 0 0 0 0 0 0 0 0 0 0 0 
0 1 1 0 0 1 0 1 0 1 0 1 0 0 0 0 1 0 1 1 
0 1 1 0 0 1 0 1 0 1 0 1 1 0 0 0 1 0 1 0 
0 1 1 0 1 0 1 0 1 0 1 1 0 0 0 0 1 0 0 1 
0 0 0 0 0 1 1 0 0 0 0 0 0 0 0 1 0 0 0 0 
0 0 0 0 0 1 0 0 0 0 0 0 0 0 0 1 0 1 0 0 
0 1 0 0 0 0 0 0 0 0 0 0 0 0 0 0 0 0 0 0 
0 0 0 0 0 1 0 0 0 0 0 1 0 0 0 1 0 0 0 0 
0 1 1 0 0 0 1 0 0 0 1 1 0 0 0 0 1 0 0 1 
0 0 1 1 0 1 0 1 1 0 1 1 0 0 1 0 0 1 1 0 
1 0 0 0 0 0 0 1 0 0 1 0 0 0 1 0 1 0 0 0 
0 1 1 0 0 1 0 1 1 1 0 1 1 0 0 0 1 0 1 1 
0 0 0 0 0 0 0 0 0 0 0 0 0 0 0 0 0 0 1 0 
0 1 1 0 0 1 0 1 0 1 0 1 1 0 0 1 1 0 1 1 
0 0 1 0 0 1 0 1 0 1 0 1 1 0 0 0 1 0 1 1 
0 0 0 0 0 1 0 0 0 0 0 0 0 0 1 1 0 0 0 0 
0 0 0 0 0 0 0 0 0 0 0 0 0 0 0 0 0 0 0 0 
1 1 0 0 0 0 1 0 0 0 0 0 1 1 0 1 1 1 0 1 
0 0 0 0 0 0 0 0 0 0 0 0 0 0 0 0 0 0 0 1 
0 0 0 0 0 0 0 1 0 0 0 0 0 0 0 0 0 0 0 0 
0 0 0 0 0 0 0 0 1 0 0 0 0 0 0 0 0 0 0 0 
0 1 1 0 0 1 0 1 0 1 0 1 1 0 0 0 0 0 1 1 
0 1 1 0 0 0 1 0 1 0 1 1 0 0 1 0 1 0 0 1 
0 0 0 0 0 1 0 0 0 0 0 0 0 0 0 1 1 0 0 0 
MFS
[ 0 , - , - , 0 , - , - , - , - , - , - , - , - , - , - , - , - , - , - , - , - ]
precise
1.0
recall
1.0
F-measure
1.0
multi
0
time
all 32 iden 0 gen 32
t-cover
760
all-cover
760
coveredNum
(1 : 1)  (2 : 11)  (3 : 52)  (4 : 101)  (5 : 104)  (6 : 39)  (7 : 9)  (8 : 1)  (74 : 2)  (75 : 8)  (76 : 5)  (19 : 1)  (20 : 9)  (21 : 37)  (22 : 61)  (23 : 66)  (24 : 34)  (25 : 3)  (38 : 13)  (39 : 42)  (40 : 52)  (41 : 42)  (42 : 10)  (56 : 4)  (57 : 18)  (58 : 22)  (59 : 13)  
real Identify
([ 0 , - , - , 0 , - , - , - , - , - , - , - , - , - , - , - , - , - , - , - , - ] : 1)  
testCase Num: 89
regaular Num: 11
identify Num: 80
1 0 1 1 1 1 1 0 0 0 0 0 1 0 0 0 0 1 1 1 
0 0 0 0 0 0 0 0 0 0 1 0 0 0 0 0 0 0 1 0 
0 0 0 0 0 0 0 0 0 0 0 0 0 0 0 1 0 0 0 0 
0 1 0 0 0 0 1 1 1 0 0 1 1 0 0 1 1 1 1 1 
0 1 1 0 1 0 0 0 1 0 0 0 1 0 1 1 0 0 0 0 
0 1 0 0 1 0 0 0 1 0 0 0 1 0 1 0 0 0 0 0 
1 1 1 1 1 1 1 1 1 1 1 1 1 1 1 1 1 0 1 1 
0 0 0 0 0 0 0 0 0 0 0 0 1 0 0 0 0 0 0 0 
0 0 0 0 0 0 0 0 0 0 0 0 0 0 0 0 1 0 1 0 
0 1 0 0 1 0 0 0 1 0 0 0 1 0 0 1 0 0 0 0 
0 1 0 0 0 0 1 1 0 0 0 1 1 0 0 1 0 1 1 1 
0 0 0 0 0 1 0 0 0 0 0 0 0 0 0 0 0 0 0 0 
0 0 0 0 0 0 0 0 0 0 0 0 0 0 0 0 0 1 1 0 
1 0 0 0 0 0 0 1 0 0 1 0 0 1 0 1 0 0 0 1 
0 0 0 0 0 0 0 0 0 0 0 0 0 0 1 0 0 0 1 0 
0 0 0 0 0 0 0 0 0 1 0 0 0 0 0 0 0 0 0 0 
0 0 1 0 0 0 0 0 0 0 0 0 0 0 0 0 0 0 0 0 
0 0 0 0 0 0 0 0 0 0 0 1 0 0 0 0 0 0 1 0 
0 0 0 0 0 0 0 0 0 0 0 0 0 1 0 0 0 0 0 0 
0 1 0 0 1 0 0 0 1 0 0 0 1 0 1 1 0 0 1 0 
0 0 0 1 0 0 0 0 0 0 0 0 0 0 0 0 0 0 0 0 
0 0 0 0 0 0 0 0 0 0 1 0 0 0 0 0 0 0 0 0 
0 0 0 0 0 0 0 0 0 0 0 0 0 0 0 1 0 0 1 0 
0 1 0 0 1 0 1 1 0 0 0 1 1 0 0 1 1 1 1 1 
0 1 0 0 0 0 1 1 0 0 0 1 1 0 0 0 1 1 1 1 
0 0 0 0 0 0 0 0 0 0 0 0 0 0 0 0 1 0 0 0 
0 0 0 0 0 0 0 0 0 0 0 0 1 0 0 0 0 0 1 0 
1 1 0 0 1 0 1 1 1 1 1 0 0 0 0 0 1 0 0 0 
0 1 0 0 0 0 1 0 0 0 0 1 1 0 0 1 1 1 1 1 
0 0 0 0 0 1 0 0 0 0 0 0 0 0 0 0 0 0 1 0 
0 0 1 1 0 0 0 0 0 1 0 1 0 1 1 0 1 0 1 1 
1 1 0 0 0 0 1 1 0 0 0 1 1 0 0 1 1 1 1 1 
0 1 0 0 1 0 0 0 1 0 0 1 1 0 1 1 0 0 0 0 
0 0 0 0 0 0 0 0 0 0 0 0 0 0 0 0 0 1 0 0 
0 1 0 0 0 0 0 1 0 0 0 1 1 0 0 1 1 1 1 1 
0 1 0 0 0 0 1 1 0 0 0 1 1 0 0 1 1 1 1 0 
0 1 0 0 0 0 1 1 0 0 0 1 1 0 0 1 1 1 1 1 
0 0 0 0 0 0 0 0 0 0 0 0 0 0 1 0 0 0 0 0 
0 0 0 0 0 0 0 0 0 0 0 1 0 0 0 0 0 0 0 0 
0 0 1 0 0 0 0 0 0 0 0 0 0 0 0 0 0 0 1 0 
0 1 0 0 1 0 0 0 1 0 0 0 1 0 1 1 0 1 0 0 
0 0 0 0 0 0 0 0 0 1 0 0 0 0 0 0 0 0 1 0 
0 1 0 0 1 0 0 0 1 0 0 0 0 0 1 1 0 0 0 0 
0 0 0 0 0 0 0 0 0 0 0 0 0 1 0 0 0 0 1 0 
0 0 0 1 0 0 0 0 0 0 0 0 0 0 0 0 0 0 1 0 
0 0 0 0 0 0 1 1 0 0 0 1 1 0 0 1 1 1 1 1 
1 0 0 0 0 0 0 0 0 0 0 0 0 0 0 0 0 0 0 0 
0 1 0 0 0 0 1 1 0 0 0 1 1 0 1 1 1 1 1 1 
0 1 0 0 1 0 0 0 0 0 0 0 1 0 1 1 0 0 0 0 
0 1 0 0 0 1 1 1 0 0 0 1 1 0 0 1 1 1 1 1 
0 0 0 0 0 0 1 0 0 0 0 0 0 0 0 0 0 0 0 0 
0 1 0 0 1 0 0 0 1 0 1 0 1 0 1 1 0 0 0 0 
0 1 0 1 1 0 0 0 1 0 0 0 1 0 1 1 0 0 0 0 
0 1 0 0 1 0 0 0 1 0 0 0 1 1 1 1 0 0 0 0 
0 1 0 0 1 0 0 0 1 1 0 0 1 0 1 1 0 0 0 0 
0 0 0 0 0 0 0 0 0 0 0 0 0 0 0 0 0 0 1 1 
0 1 0 0 0 0 1 1 0 0 0 1 1 0 0 1 1 1 0 1 
0 0 0 0 0 0 0 1 0 0 0 0 0 0 0 0 0 0 1 0 
0 0 0 0 0 0 0 0 1 0 0 0 0 0 0 0 0 0 1 0 
0 0 0 0 1 0 0 0 0 0 0 0 0 0 0 0 0 0 0 0 
0 1 0 0 0 0 1 1 0 0 0 1 1 1 0 1 1 1 1 1 
0 1 0 0 1 0 0 0 1 0 0 0 1 0 1 1 1 0 0 0 
0 1 0 0 0 0 1 1 0 1 0 1 1 0 0 1 1 1 1 1 
0 1 0 0 0 0 1 1 0 0 1 1 1 0 0 1 1 1 1 1 
0 1 0 0 1 1 0 0 1 0 0 0 1 0 1 1 0 0 0 0 
0 1 0 0 0 0 0 0 0 0 0 0 0 0 0 0 0 0 0 0 
0 1 0 1 0 0 1 1 0 0 0 1 1 0 0 1 1 1 1 1 
0 0 0 0 1 0 0 0 1 0 0 0 1 0 1 1 0 0 0 0 
0 1 1 0 0 0 1 1 0 0 0 1 1 0 0 1 1 1 1 1 
1 0 0 0 0 0 0 0 0 0 0 0 0 0 0 0 0 0 1 0 
0 0 0 0 0 0 0 0 0 0 0 0 0 0 0 0 0 0 1 0 
0 1 0 0 0 0 0 0 1 0 0 0 1 0 1 1 0 0 0 0 
0 0 0 0 0 0 1 0 0 0 0 0 0 0 0 0 0 0 1 0 
1 0 1 0 1 1 0 0 1 1 1 0 0 1 1 0 0 1 0 0 
0 1 0 0 0 0 1 1 0 0 0 0 1 0 0 1 1 1 1 1 
0 1 0 0 0 0 1 1 0 0 0 1 0 0 0 1 1 1 1 1 
0 0 0 0 0 0 0 0 0 0 0 0 0 0 0 0 0 0 0 0 
0 1 0 1 0 1 0 1 1 0 1 1 0 1 1 1 0 0 0 0 
0 0 0 0 0 0 0 0 0 0 0 0 0 0 0 0 0 0 0 1 
0 1 0 0 0 0 1 1 0 0 0 1 1 0 0 1 1 0 1 1 
1 1 0 0 1 0 0 0 1 0 0 0 1 0 1 1 0 0 0 0 
0 0 0 0 0 0 0 1 0 0 0 0 0 0 0 0 0 0 0 0 
0 1 0 0 1 0 0 1 1 0 0 0 1 0 1 1 0 0 0 0 
0 1 0 0 1 0 0 0 1 0 0 0 1 0 1 1 0 0 0 0 
0 0 0 0 1 0 0 0 0 0 0 0 0 0 0 0 0 0 1 0 
0 0 0 0 0 0 0 0 1 0 0 0 0 0 0 0 0 0 0 0 
0 1 0 0 1 0 1 0 1 0 0 0 1 0 1 1 0 0 0 0 
0 1 0 0 1 0 0 0 1 0 0 0 1 0 1 1 0 0 0 1 
0 1 0 0 0 0 0 0 0 0 0 0 0 0 0 0 0 0 1 0 
MFS
[ 0 , - , - , 0 , - , - , - , - , - , - , - , - , - , - , - , - , - , - , - , - ]
precise
1.0
recall
1.0
F-measure
1.0
multi
0
time
all 31 iden 0 gen 31
t-cover
760
all-cover
760
coveredNum
(2 : 13)  (3 : 56)  (4 : 96)  (5 : 107)  (6 : 58)  (7 : 10)  (8 : 1)  (76 : 4)  (77 : 13)  (78 : 4)  (19 : 3)  (20 : 5)  (21 : 26)  (22 : 51)  (23 : 84)  (24 : 28)  (25 : 4)  (39 : 2)  (40 : 17)  (41 : 47)  (42 : 40)  (43 : 10)  (58 : 9)  (59 : 36)  (60 : 32)  (61 : 4)  
real Identify
([ 0 , - , - , 0 , - , - , - , - , - , - , - , - , - , - , - , - , - , - , - , - ] : 1)  
testCase Num: 110
regaular Num: 12
identify Num: 100
0 1 0 0 1 1 1 1 0 0 1 1 0 0 1 1 1 0 1 0 
0 0 0 0 0 0 0 0 0 0 1 1 0 0 1 1 0 0 0 1 
0 1 0 0 1 1 1 1 0 0 1 0 0 0 1 1 1 1 1 0 
1 1 0 0 1 1 1 1 0 0 1 0 0 0 1 1 1 0 1 0 
0 0 0 0 1 0 0 0 1 0 0 0 0 0 0 0 0 0 0 0 
0 0 0 0 0 0 0 0 0 0 0 0 1 0 0 0 0 0 0 0 
0 1 0 1 0 0 0 0 0 0 0 0 0 1 0 0 0 0 1 0 
1 0 0 0 1 0 0 1 0 0 0 0 0 0 0 0 0 0 0 0 
1 0 1 0 1 0 1 1 1 0 1 1 0 0 0 1 0 0 0 1 
0 0 0 0 0 0 0 0 0 1 1 1 0 0 0 1 0 0 0 1 
0 0 0 0 0 0 0 0 0 1 0 0 0 0 0 0 0 0 0 0 
0 0 0 0 0 0 0 0 1 0 0 0 0 0 0 0 1 0 0 0 
0 0 1 0 0 0 1 0 0 1 1 0 0 0 1 0 1 1 0 0 
0 0 0 0 0 0 0 0 0 0 1 0 0 0 0 0 0 0 0 0 
0 1 0 0 1 1 1 1 0 1 1 0 0 0 1 1 1 0 1 0 
0 0 0 0 0 1 0 0 1 0 0 0 0 0 0 0 0 0 0 0 
0 0 1 0 0 0 1 0 0 1 0 0 0 0 1 0 0 1 0 0 
0 1 0 0 1 1 1 1 0 0 1 0 0 0 1 1 0 0 1 0 
0 0 0 0 0 0 0 0 1 0 0 0 0 1 0 0 0 0 0 0 
0 0 1 0 0 0 1 0 1 1 0 0 0 0 1 0 1 1 0 0 
0 0 0 0 0 0 1 0 0 0 1 1 0 0 0 1 0 0 0 1 
0 0 0 0 0 0 0 1 0 0 1 1 0 0 0 1 0 0 0 1 
0 0 0 1 0 0 0 0 1 0 0 0 0 0 0 0 0 0 0 0 
0 0 0 0 0 0 0 0 0 0 1 1 0 0 0 1 0 0 0 0 
0 0 0 0 0 0 0 0 0 0 1 1 0 0 0 1 0 0 0 1 
0 0 0 0 1 1 1 1 0 0 1 0 0 0 1 1 1 0 1 0 
1 0 0 0 0 0 0 0 0 0 1 1 0 0 0 1 0 0 0 1 
0 0 0 0 0 0 0 0 0 0 0 0 0 0 0 0 0 1 0 0 
0 0 0 0 0 0 0 0 0 0 0 0 0 0 1 0 0 0 0 0 
0 1 0 0 1 1 1 1 1 0 1 0 0 0 1 1 1 0 1 0 
0 1 0 0 0 1 1 1 0 0 1 0 0 0 1 1 1 0 1 0 
0 0 0 0 0 0 0 0 0 0 0 1 0 0 0 0 0 0 0 0 
1 0 1 0 0 0 1 0 0 1 0 0 0 0 1 0 1 1 0 0 
0 0 1 0 0 0 1 1 0 1 0 0 0 0 1 0 1 1 0 0 
0 0 0 0 0 0 0 0 1 0 1 1 0 0 0 1 0 0 0 1 
0 0 1 0 0 0 0 0 1 0 0 0 0 0 0 0 0 0 0 0 
0 0 0 0 0 0 1 0 0 0 0 0 0 0 0 0 0 0 0 0 
0 0 0 0 0 0 0 0 0 0 1 1 0 0 0 1 0 0 1 1 
0 0 0 0 0 0 0 0 1 0 0 0 0 0 0 1 0 0 0 0 
0 1 0 0 1 1 1 1 0 0 1 0 0 0 1 0 1 0 1 0 
0 1 1 0 0 0 1 0 0 1 0 0 0 0 1 0 1 1 0 0 
0 1 0 0 0 0 0 0 0 0 1 1 0 0 0 1 0 0 0 1 
0 0 0 0 1 0 0 0 0 0 0 0 0 0 0 0 0 0 0 0 
0 1 0 0 0 0 0 0 0 0 0 0 0 0 0 0 0 0 0 0 
0 0 1 0 0 0 1 0 0 0 0 0 0 0 1 0 1 1 0 0 
0 1 0 1 0 0 0 1 1 1 0 0 1 0 1 1 0 0 0 1 
0 1 0 0 0 0 0 0 1 0 0 0 0 0 0 0 0 0 0 0 
0 0 0 0 0 0 1 0 0 1 0 0 0 0 1 0 1 1 0 0 
0 0 0 0 0 0 1 0 1 0 0 0 0 0 0 0 0 0 0 0 
0 0 1 0 0 0 1 0 0 1 0 1 0 0 1 0 1 1 0 0 
0 0 1 0 0 0 1 0 0 1 0 0 0 0 1 0 1 0 0 0 
0 0 0 0 0 0 0 0 0 0 0 0 0 0 0 1 0 0 0 0 
0 1 0 0 1 1 0 1 0 0 1 0 0 0 1 1 1 0 1 0 
0 0 0 0 0 0 0 0 1 0 0 0 0 0 0 0 0 1 0 0 
1 0 1 1 0 1 0 0 1 1 0 1 0 1 0 0 0 1 0 1 
0 0 0 0 0 0 0 0 1 0 0 1 0 0 0 0 0 0 0 0 
0 0 1 0 1 0 1 0 0 1 0 0 0 0 1 0 1 1 0 0 
0 0 0 0 0 1 0 0 0 0 1 1 0 0 0 1 0 0 0 1 
0 0 0 0 0 0 0 0 0 0 1 1 0 0 0 1 1 0 0 1 
0 0 0 0 0 1 0 0 0 0 0 0 0 0 0 0 0 0 0 0 
0 0 0 0 0 0 0 0 1 0 1 0 0 0 0 0 0 0 0 0 
0 0 0 0 0 0 0 0 0 0 1 1 0 1 0 1 0 0 0 1 
0 0 1 1 0 0 1 0 0 1 0 0 0 0 1 0 1 1 0 0 
0 0 0 1 0 0 0 0 0 0 1 1 0 0 0 1 0 0 0 1 
0 0 1 0 0 0 0 0 0 0 0 0 0 0 0 0 0 0 0 0 
0 0 1 0 0 0 1 0 0 1 0 0 0 1 1 0 1 1 0 0 
0 0 0 0 0 0 0 0 0 0 0 0 0 1 0 0 0 0 0 0 
0 1 0 1 1 1 1 1 0 0 1 0 0 0 1 1 1 0 1 0 
0 0 0 1 0 0 0 0 0 0 0 0 0 0 0 0 0 0 0 0 
0 1 0 0 1 1 1 1 0 0 1 0 0 1 1 1 1 0 1 0 
0 0 1 0 0 0 1 0 0 1 0 0 0 0 1 0 1 1 1 0 
0 0 0 0 1 0 0 0 0 0 1 1 0 0 0 1 0 0 0 1 
0 0 0 0 0 0 0 0 0 0 1 1 0 0 0 0 0 0 0 1 
0 0 0 0 0 0 0 0 1 0 0 0 0 0 1 0 0 0 0 0 
0 0 1 0 0 1 1 0 0 1 0 0 0 0 1 0 1 1 0 0 
1 0 0 0 1 1 0 0 0 0 1 1 1 1 0 0 1 1 1 0 
0 0 0 0 0 0 0 0 0 0 0 0 0 0 0 0 1 0 0 0 
0 0 0 0 0 0 0 0 1 1 0 0 0 0 0 0 0 0 0 0 
0 1 0 0 1 1 1 1 0 0 0 0 0 0 1 1 1 0 1 0 
0 0 1 0 0 0 1 0 0 1 0 0 0 0 1 1 1 1 0 0 
0 0 0 0 0 0 0 0 1 0 0 0 1 0 0 0 0 0 0 0 
0 0 1 0 0 0 0 0 0 1 0 0 0 0 1 0 1 1 0 0 
0 0 1 0 0 0 1 0 0 1 0 0 0 0 1 0 1 1 0 0 
0 0 1 0 0 0 1 0 0 1 0 0 0 0 1 0 1 1 0 1 
0 0 1 0 0 0 1 0 0 1 0 0 1 0 1 0 1 1 0 0 
0 1 0 0 1 1 1 1 0 0 1 0 0 0 1 1 1 0 1 0 
0 0 0 0 0 0 0 0 0 0 0 1 0 0 0 1 0 0 0 1 
0 1 0 0 1 1 1 1 0 0 1 0 0 0 1 1 1 0 1 1 
0 1 0 0 1 1 1 1 0 0 1 0 1 0 1 1 1 0 1 0 
0 0 0 0 0 0 0 0 1 0 0 0 0 0 0 0 0 0 0 1 
1 0 0 0 0 0 0 0 0 0 0 0 0 0 0 0 0 0 0 0 
0 0 0 0 0 0 0 1 1 0 0 0 0 0 0 0 0 0 0 0 
0 1 0 0 1 1 1 0 0 0 1 0 0 0 1 1 1 0 1 0 
0 0 1 0 0 0 1 0 0 1 0 0 0 0 0 0 1 1 0 0 
0 1 1 0 1 1 1 1 0 0 1 0 0 0 1 1 1 0 1 0 
0 0 0 0 0 0 0 0 1 0 0 0 0 0 0 0 0 0 1 0 
0 1 0 0 1 1 1 1 0 0 1 0 0 0 0 1 1 0 1 0 
1 1 1 1 1 0 1 1 1 1 1 1 1 1 1 1 1 1 1 1 
0 0 1 0 0 0 0 0 0 0 1 1 0 0 0 1 0 0 0 1 
0 1 0 0 1 0 1 1 0 0 1 0 0 0 1 1 1 0 1 0 
0 1 0 0 1 1 1 1 0 0 1 0 0 0 1 1 1 0 0 0 
0 0 0 0 0 0 0 0 0 0 0 0 0 0 0 0 0 0 1 0 
0 0 0 0 0 0 0 0 0 0 1 0 0 0 0 1 0 0 0 1 
0 0 0 0 0 0 0 0 0 0 1 1 1 0 0 1 0 0 0 1 
0 0 0 0 0 0 0 0 0 0 1 1 0 0 0 1 0 1 0 1 
0 0 0 0 0 0 0 0 0 0 0 0 0 0 0 0 0 0 0 0 
0 0 0 0 0 0 0 0 0 0 0 0 0 0 0 0 0 0 0 1 
0 0 0 0 0 0 0 1 0 0 0 0 0 0 0 0 0 0 0 0 
1 0 0 0 0 0 0 0 1 0 0 0 0 0 0 0 0 0 0 0 
0 0 0 0 0 0 0 0 1 0 0 0 0 0 0 0 0 0 0 0 
MFS
[ 0 , - , - , 0 , - , - , - , - , - , - , - , - , - , - , - , - , - , - , - , - ]
precise
1.0
recall
1.0
F-measure
1.0
multi
0
time
all 47 iden 0 gen 47
t-cover
760
all-cover
760
coveredNum
(2 : 10)  (3 : 47)  (4 : 49)  (5 : 61)  (6 : 83)  (7 : 20)  (8 : 7)  (9 : 1)  (77 : 6)  (78 : 16)  (79 : 26)  (80 : 10)  (19 : 2)  (20 : 7)  (21 : 22)  (22 : 38)  (23 : 79)  (24 : 76)  (25 : 24)  (26 : 3)  (95 : 1)  (96 : 2)  (97 : 3)  (39 : 3)  (40 : 8)  (41 : 15)  (42 : 13)  (43 : 10)  (44 : 15)  (60 : 22)  (61 : 55)  (62 : 23)  (63 : 3)  
real Identify
([ 0 , - , - , 0 , - , - , - , - , - , - , - , - , - , - , - , - , - , - , - , - ] : 1)  
testCase Num: 91
regaular Num: 11
identify Num: 80
0 1 0 0 0 0 0 0 1 0 0 1 0 0 0 1 0 0 0 0 
0 1 0 0 0 0 0 0 1 0 0 1 0 0 0 1 1 0 1 0 
0 0 0 0 0 0 0 0 0 0 0 0 0 0 0 1 0 0 0 0 
0 1 0 0 0 0 0 0 1 1 0 1 0 0 0 1 0 0 1 0 
1 1 1 1 1 1 1 1 1 1 1 1 1 1 1 1 1 0 1 1 
0 0 1 0 0 1 1 0 1 0 0 1 0 0 0 0 1 0 0 0 
0 1 1 1 1 0 0 0 0 0 1 1 1 0 0 1 0 0 1 1 
0 0 0 0 0 0 0 0 0 0 0 0 1 0 0 0 0 0 0 0 
0 0 1 0 0 1 0 0 1 0 0 0 0 0 0 0 1 0 0 0 
0 1 0 0 0 0 0 0 1 0 0 1 0 1 0 1 0 0 1 0 
0 1 0 0 0 0 0 0 1 0 1 1 0 0 0 1 0 0 1 0 
0 0 1 0 1 1 0 1 1 1 0 0 1 0 1 1 0 1 1 0 
0 1 0 1 0 0 0 0 1 0 0 1 0 0 0 1 0 0 1 0 
1 0 1 0 0 1 1 0 1 0 0 0 0 0 0 0 1 0 0 0 
0 0 1 0 0 1 1 0 1 0 0 0 0 0 0 0 1 1 0 0 
0 0 1 0 1 1 0 1 1 1 0 0 0 0 1 1 0 1 0 0 
0 0 0 0 0 1 0 0 0 0 0 0 0 0 0 0 0 0 0 0 
0 0 1 0 1 1 0 0 1 1 0 0 0 0 1 1 0 1 1 0 
0 1 0 0 0 0 0 0 0 0 0 1 0 0 0 1 0 0 1 0 
1 1 0 1 0 0 1 1 0 0 0 1 0 1 0 0 1 0 0 1 
0 1 0 0 1 0 0 0 1 0 0 1 0 0 0 1 0 0 1 0 
0 0 1 1 0 0 1 0 1 0 1 1 0 1 1 1 0 1 0 0 
0 0 1 0 1 1 0 1 1 1 0 0 0 1 1 1 0 1 1 0 
0 0 0 0 0 0 0 0 0 1 0 0 0 0 0 0 0 0 0 0 
0 0 1 0 0 0 0 0 0 0 0 0 0 0 0 0 0 0 0 0 
0 0 1 1 1 1 0 1 1 1 0 0 0 0 1 1 0 1 1 0 
0 0 0 0 0 0 0 0 0 0 0 0 0 1 0 0 0 0 0 0 
0 0 1 0 1 1 0 1 1 1 0 0 0 0 1 0 0 1 1 0 
0 1 0 0 0 0 0 0 1 0 0 0 0 0 0 1 0 0 1 0 
0 0 1 0 0 1 1 0 0 0 0 0 0 0 0 0 1 0 0 0 
0 0 1 0 1 1 0 1 0 1 0 0 0 0 1 1 0 1 1 0 
0 0 0 1 0 0 0 0 0 0 0 0 0 0 0 0 0 0 0 0 
0 0 1 0 1 1 1 0 1 0 0 0 0 0 0 0 1 0 0 0 
0 1 0 0 0 0 0 0 1 0 0 1 0 0 0 1 0 1 1 0 
0 0 0 0 0 0 0 0 0 0 1 0 0 0 0 0 0 0 0 0 
0 1 0 0 0 0 0 0 1 0 0 1 1 0 0 1 0 0 1 0 
0 0 1 1 0 1 1 0 1 0 0 0 0 0 0 0 1 0 0 0 
0 0 1 0 0 1 1 0 1 0 0 0 0 1 0 0 1 0 0 0 
0 0 1 0 0 1 1 0 1 1 0 0 0 0 0 0 1 0 0 0 
0 0 0 0 0 0 0 0 0 0 0 0 0 0 0 0 1 0 0 0 
0 0 1 0 0 1 1 0 1 0 0 0 0 0 0 0 1 0 1 0 
0 0 1 0 0 1 1 0 1 0 0 0 0 0 0 0 0 0 0 0 
0 0 1 0 1 1 0 1 1 1 0 0 0 0 1 1 0 1 1 0 
0 0 1 0 1 1 0 1 1 1 0 0 0 0 1 1 0 1 1 1 
0 0 0 0 0 0 0 0 0 0 0 0 0 0 0 0 0 1 0 0 
0 0 0 0 0 0 0 0 0 0 0 0 0 0 1 0 0 0 0 0 
0 1 0 0 0 0 0 0 1 0 0 1 0 0 1 1 0 0 1 0 
0 0 0 0 0 0 0 0 0 0 0 1 0 0 0 0 0 0 0 0 
1 0 0 0 0 0 0 0 0 1 1 0 1 1 1 0 0 0 0 0 
0 0 1 0 0 1 1 0 1 0 0 0 0 0 0 1 1 0 0 0 
0 0 1 0 0 1 0 1 1 1 0 0 0 0 1 1 0 1 1 0 
1 0 0 0 0 0 0 0 0 0 0 0 0 0 0 0 0 0 0 0 
0 0 1 0 0 1 1 1 1 0 0 0 0 0 0 0 1 0 0 0 
0 0 1 0 0 1 1 0 1 0 0 0 0 0 0 0 1 0 0 0 
1 0 1 0 1 1 0 1 1 1 0 0 0 0 1 1 0 1 1 0 
0 0 0 0 0 0 1 0 0 0 0 0 0 0 0 0 0 0 0 0 
0 0 1 0 1 1 0 1 1 1 0 0 0 0 1 1 0 0 1 0 
0 0 1 0 0 1 1 0 1 0 0 0 1 0 0 0 1 0 0 0 
0 0 1 0 0 1 1 0 1 0 0 0 0 0 0 0 1 0 0 1 
0 0 0 1 1 0 0 0 0 0 0 0 0 0 0 0 0 0 0 1 
0 0 1 0 1 1 1 1 1 1 0 0 0 0 1 1 0 1 1 0 
1 1 0 0 1 1 0 0 0 1 0 0 1 0 0 0 1 1 1 1 
0 1 1 0 0 0 0 0 1 0 0 1 0 0 0 1 0 0 1 0 
0 1 0 0 0 0 0 0 1 0 0 1 0 0 0 0 0 0 1 0 
0 0 0 0 1 0 0 0 0 0 0 0 0 0 0 0 0 0 0 0 
0 0 1 0 1 1 0 1 1 1 0 0 0 0 0 1 0 1 1 0 
0 1 1 0 1 1 0 1 1 1 0 0 0 0 1 1 0 1 1 0 
0 1 0 0 0 0 0 0 0 0 0 0 0 0 0 0 0 0 0 0 
0 1 0 0 0 0 1 0 1 0 0 1 0 0 0 1 0 0 1 0 
0 1 0 0 0 0 0 0 1 0 0 1 0 0 0 1 0 0 1 1 
0 1 0 0 0 0 0 0 1 0 0 1 0 0 0 1 0 0 1 0 
0 1 1 0 0 1 1 0 1 0 0 0 0 0 0 0 1 0 0 0 
0 1 0 0 0 0 0 1 1 0 0 1 0 0 0 1 0 0 1 0 
1 1 0 0 0 0 0 0 1 0 0 1 0 0 0 1 0 0 1 0 
0 0 1 0 1 1 0 1 1 1 1 0 0 0 1 1 0 1 1 0 
0 0 1 0 0 1 1 0 1 0 1 0 0 0 0 0 1 0 0 0 
0 0 1 0 0 0 1 0 1 0 0 0 0 0 0 0 1 0 0 0 
0 0 1 0 1 0 0 1 1 1 0 0 0 0 1 1 0 1 1 0 
0 0 0 0 0 0 0 0 0 0 0 0 0 0 0 0 0 0 1 0 
0 0 1 0 1 1 0 1 1 1 0 0 0 0 1 1 1 1 1 0 
0 0 0 0 0 0 0 0 0 0 0 0 0 0 0 0 0 0 0 0 
0 0 1 0 1 1 0 1 1 0 0 0 0 0 1 1 0 1 1 0 
0 0 1 0 1 1 0 1 1 1 0 1 0 0 1 1 0 1 1 0 
0 0 0 0 0 0 0 0 0 0 0 0 0 0 0 0 0 0 0 1 
0 0 0 0 0 0 0 1 0 0 0 0 0 0 0 0 0 0 0 0 
0 0 0 0 0 0 0 0 1 0 0 1 0 0 0 1 0 0 1 0 
0 0 0 0 0 0 0 0 1 0 0 0 0 0 0 0 0 0 0 0 
0 0 1 0 0 1 1 0 1 0 0 0 0 0 1 0 1 0 0 0 
0 1 0 0 0 1 0 0 1 0 0 1 0 0 0 1 0 0 1 0 
0 0 0 0 0 1 1 0 1 0 0 0 0 0 0 0 1 0 0 0 
0 0 0 0 1 1 0 1 1 1 0 0 0 0 1 1 0 1 1 0 
MFS
[ 0 , - , - , 0 , - , - , - , - , - , - , - , - , - , - , - , - , - , - , - , - ]
precise
1.0
recall
1.0
F-measure
1.0
multi
0
time
all 31 iden 0 gen 31
t-cover
760
all-cover
760
coveredNum
(2 : 19)  (3 : 54)  (4 : 98)  (5 : 94)  (6 : 38)  (7 : 11)  (76 : 4)  (77 : 7)  (78 : 4)  (19 : 1)  (20 : 7)  (21 : 29)  (22 : 69)  (23 : 74)  (24 : 41)  (25 : 13)  (39 : 3)  (40 : 19)  (41 : 43)  (42 : 41)  (43 : 17)  (44 : 2)  (58 : 7)  (59 : 24)  (60 : 33)  (61 : 8)  
real Identify
([ 0 , - , - , 0 , - , - , - , - , - , - , - , - , - , - , - , - , - , - , - , - ] : 1)  
testCase Num: 111
regaular Num: 11
identify Num: 100
0 0 0 0 0 0 0 0 0 0 0 0 1 0 0 0 0 0 0 0 
0 0 0 0 1 0 0 0 1 0 1 1 0 0 0 1 0 0 0 0 
0 0 0 0 1 0 0 0 1 0 0 1 0 0 0 1 0 1 0 0 
0 0 1 0 0 1 1 1 1 1 0 1 1 0 1 0 0 0 1 0 
0 0 1 0 0 0 0 0 0 0 0 0 0 1 0 0 0 0 1 0 
0 0 0 0 0 0 0 1 0 1 1 0 0 0 0 1 0 1 0 0 
0 0 0 0 0 0 0 0 0 1 0 0 0 0 0 0 0 0 0 0 
0 0 0 0 0 0 0 0 1 0 0 1 0 0 0 1 0 0 0 0 
0 0 1 0 0 0 0 0 0 0 0 0 0 0 0 0 1 0 1 0 
0 0 1 0 0 1 1 1 1 1 0 1 1 0 0 0 0 1 1 0 
0 0 0 0 0 0 0 0 0 0 1 0 0 0 0 0 0 0 0 0 
0 0 1 0 0 0 0 0 1 0 0 0 0 1 0 0 1 0 1 0 
0 0 1 0 0 0 0 0 0 0 0 0 0 1 0 1 1 0 1 0 
0 0 0 0 0 0 0 1 0 1 1 0 0 0 0 0 1 1 0 0 
1 0 1 1 1 1 1 1 1 1 1 1 1 1 1 1 1 1 1 1 
1 0 1 0 0 0 0 0 0 0 0 0 0 1 0 0 1 0 1 0 
1 0 0 0 1 0 0 0 1 0 0 1 0 0 0 1 0 0 0 0 
0 0 0 0 0 0 0 0 0 0 0 0 0 0 0 0 0 1 0 0 
0 1 0 1 1 1 0 0 1 1 1 0 0 0 0 0 1 0 1 1 
0 0 1 0 0 0 1 0 0 0 0 0 0 1 0 0 1 0 1 0 
0 0 0 0 0 0 0 0 0 0 0 0 0 0 1 0 0 0 0 0 
0 0 0 0 1 0 0 1 0 1 1 0 0 0 0 0 0 1 0 0 
0 0 0 0 1 0 1 0 1 0 0 1 0 0 0 1 0 0 0 0 
0 0 0 0 0 0 0 0 0 0 0 1 0 0 0 0 0 0 0 0 
0 0 1 0 1 0 0 0 0 0 0 0 0 1 0 0 1 0 1 0 
0 0 0 0 0 0 1 1 0 1 1 0 0 0 0 0 0 1 0 0 
0 0 0 0 1 0 0 0 1 0 0 1 0 0 0 0 0 0 0 0 
0 0 1 0 0 1 1 1 1 0 0 1 1 0 0 0 0 0 1 0 
0 1 1 0 0 1 1 1 1 1 0 1 1 0 0 0 0 0 1 0 
0 0 0 0 1 0 0 0 1 0 0 1 0 0 0 1 0 0 0 0 
0 1 0 1 1 0 1 0 0 0 1 0 0 1 1 1 1 1 0 0 
0 0 1 0 0 0 0 0 0 0 1 0 0 1 0 0 1 0 1 0 
0 0 0 0 1 0 0 0 1 0 0 1 0 0 0 1 0 0 0 1 
0 0 0 0 1 0 0 1 1 0 0 1 0 0 0 1 0 0 0 0 
0 0 0 0 0 0 1 0 0 0 0 0 0 0 0 0 0 0 0 0 
0 0 0 0 1 0 0 0 1 0 0 1 0 0 0 1 0 0 1 0 
0 0 1 0 0 1 0 0 0 0 0 0 0 1 0 0 1 0 1 0 
0 0 0 0 1 0 0 0 0 0 0 0 0 0 0 0 0 0 0 0 
0 0 1 0 0 1 1 1 1 1 0 1 0 0 0 0 0 0 1 0 
0 1 0 0 0 0 0 0 0 0 0 0 0 0 0 0 0 0 0 0 
0 0 1 0 0 0 0 0 0 0 0 0 0 1 1 0 1 0 1 0 
0 0 0 0 0 0 0 1 0 1 0 0 0 0 0 0 0 1 0 0 
0 0 0 0 1 0 0 0 1 0 0 1 0 0 1 1 0 0 0 0 
0 0 0 0 0 0 0 0 0 0 0 0 0 1 0 0 1 0 1 0 
0 0 0 0 1 1 0 0 1 0 0 1 0 0 0 1 0 0 0 0 
0 0 0 0 0 1 1 1 1 1 0 1 1 0 0 0 0 0 1 0 
0 0 0 1 0 0 0 1 0 1 1 0 0 0 0 0 0 1 0 0 
0 0 1 0 1 1 1 1 1 1 0 1 1 0 0 0 0 0 1 0 
0 0 1 0 0 0 0 0 0 0 0 1 0 1 0 0 1 0 1 0 
0 0 0 0 1 0 0 0 1 0 0 1 0 1 0 1 0 0 0 0 
0 0 1 0 0 1 1 1 1 1 1 1 1 0 0 0 0 0 1 0 
0 0 1 0 0 0 0 1 0 1 1 0 0 0 0 0 0 1 0 0 
0 0 1 0 0 1 1 1 1 1 0 1 1 0 0 0 1 0 1 0 
0 0 0 0 0 0 0 0 0 0 0 0 0 0 0 1 0 0 0 0 
0 0 0 0 0 0 0 0 0 1 1 0 0 0 0 0 0 1 0 0 
0 0 1 0 0 1 1 1 1 1 0 1 1 1 0 0 0 0 1 0 
0 0 0 0 0 0 0 1 0 1 1 0 1 0 0 0 0 1 0 0 
0 0 0 0 0 0 0 1 0 1 1 0 0 0 0 0 0 1 0 1 
0 0 0 0 0 0 0 1 0 1 1 0 0 0 0 0 0 1 0 0 
0 0 1 1 0 1 1 1 1 1 0 1 1 0 0 0 0 0 1 0 
0 1 1 0 0 0 0 0 0 0 0 0 0 1 0 0 1 0 1 0 
0 0 1 0 0 1 1 1 0 1 0 1 1 0 0 0 0 0 1 0 
1 0 0 1 0 1 0 0 0 0 0 0 1 0 1 0 0 0 0 1 
0 0 0 0 0 1 0 0 0 0 0 0 0 0 0 0 0 0 0 0 
0 0 0 0 1 0 0 0 1 0 0 1 0 0 0 1 1 0 0 0 
0 0 1 0 0 0 0 0 0 0 0 0 0 0 0 0 0 0 0 0 
0 0 0 0 0 0 0 0 0 0 0 0 0 1 0 0 0 0 0 0 
0 0 0 0 0 0 0 1 0 1 1 0 0 0 1 0 0 1 0 0 
0 0 0 1 0 0 0 0 0 0 0 0 0 0 0 0 0 0 0 0 
1 0 1 0 0 0 0 1 0 1 1 0 0 1 0 0 1 1 1 1 
0 0 0 0 0 0 0 1 0 0 1 0 0 0 0 0 0 1 0 0 
0 0 1 0 0 1 0 1 1 1 0 1 1 0 0 0 0 0 1 0 
0 0 1 0 0 1 1 1 1 1 0 0 1 0 0 0 0 0 1 0 
0 0 0 0 0 0 0 0 0 0 0 0 0 0 0 0 1 0 0 0 
0 0 1 0 0 1 1 1 1 1 0 1 1 0 0 1 0 0 1 0 
0 0 1 0 0 0 0 1 0 0 0 0 0 1 0 0 1 0 1 0 
0 0 1 0 0 0 0 0 0 0 0 0 0 1 0 0 1 0 1 1 
0 0 1 0 0 0 0 0 0 0 0 0 0 1 0 0 1 0 1 0 
0 1 0 0 0 0 0 1 0 1 1 0 0 0 0 0 0 1 0 0 
0 1 0 0 1 0 0 0 1 0 0 1 0 0 0 1 0 0 0 0 
0 0 0 0 1 0 0 0 0 0 0 1 0 0 0 1 0 0 0 0 
0 0 1 0 1 0 0 0 1 0 0 1 0 0 0 1 0 0 0 0 
0 0 0 0 0 0 0 1 0 1 1 0 0 0 0 0 0 0 0 0 
1 0 0 0 0 0 0 1 0 1 1 0 0 0 0 0 0 1 0 0 
0 0 1 1 0 0 0 0 0 0 0 0 0 1 0 0 1 0 1 0 
1 0 0 0 0 0 0 0 0 0 0 0 0 0 0 0 0 0 0 0 
0 0 0 0 0 0 0 1 0 1 1 1 0 0 0 0 0 1 0 0 
0 0 1 0 0 0 0 0 0 1 0 0 0 1 0 0 1 0 1 0 
0 0 1 0 0 0 0 0 0 0 0 0 0 1 0 0 1 0 0 0 
0 0 0 0 0 0 0 1 1 1 1 0 0 0 0 0 0 1 0 0 
1 0 1 0 0 1 1 1 1 1 0 1 1 0 0 0 0 0 1 0 
0 0 1 0 0 1 1 1 1 1 0 1 1 0 0 0 0 0 1 1 
0 0 1 0 0 1 1 1 1 1 0 1 1 0 0 0 0 0 1 0 
0 0 0 0 0 1 0 1 0 1 1 0 0 0 0 0 0 1 0 0 
0 0 0 0 0 0 0 1 0 1 1 0 0 0 0 0 0 1 1 0 
0 0 1 0 0 1 1 0 1 1 0 1 1 0 0 0 0 0 1 0 
1 1 1 0 0 0 0 1 0 0 0 1 1 1 1 1 0 1 0 0 
0 0 0 0 0 0 0 0 0 0 0 0 0 0 0 0 0 0 1 0 
0 0 0 0 1 0 0 0 1 1 0 1 0 0 0 1 0 0 0 0 
0 0 0 0 0 0 0 1 0 1 1 0 0 1 0 0 0 1 0 0 
0 0 1 0 0 0 0 0 0 0 0 0 0 1 0 0 1 1 1 0 
0 0 1 0 0 0 0 0 0 0 0 0 1 1 0 0 1 0 1 0 
0 0 0 0 0 0 0 0 0 0 0 0 0 0 0 0 0 0 0 0 
0 0 0 0 1 0 0 0 1 0 0 1 1 0 0 1 0 0 0 0 
0 0 0 0 0 0 0 0 0 0 0 0 0 0 0 0 0 0 0 1 
0 0 0 1 1 0 0 0 1 0 0 1 0 0 0 1 0 0 0 0 
0 0 0 0 0 0 0 1 0 0 0 0 0 0 0 0 0 0 0 0 
0 0 0 0 0 0 0 0 1 0 0 0 0 0 0 0 0 0 0 0 
0 0 0 0 1 0 0 0 1 0 0 0 0 0 0 1 0 0 0 0 
0 0 1 0 0 0 1 1 1 1 0 1 1 0 0 0 0 0 1 0 
0 0 1 0 0 1 1 1 1 1 0 1 1 0 0 0 0 0 0 0 
MFS
[ 0 , - , - , 0 , - , - , - , - , - , - , - , - , - , - , - , - , - , - , - , - ]
precise
1.0
recall
1.0
F-measure
1.0
multi
0
time
all 31 iden 0 gen 31
t-cover
760
all-cover
760
coveredNum
(1 : 2)  (2 : 11)  (3 : 48)  (4 : 54)  (5 : 78)  (6 : 73)  (7 : 14)  (8 : 2)  (77 : 12)  (78 : 28)  (79 : 11)  (20 : 2)  (21 : 16)  (22 : 48)  (23 : 72)  (24 : 65)  (25 : 28)  (95 : 4)  (96 : 6)  (39 : 1)  (40 : 10)  (41 : 20)  (42 : 36)  (43 : 26)  (59 : 18)  (60 : 45)  (61 : 28)  (62 : 2)  
real Identify
([ 0 , - , - , 0 , - , - , - , - , - , - , - , - , - , - , - , - , - , - , - , - ] : 1)  
