testCase Num: 171
regaular Num: 13
identify Num: 158
0 0 0 0 1 1 0 1 0 0 0 0 0 0 0 0 0 0 0 0 0 0 0 0 0 0 0 0 0 0 0 0 0 0 0 0 0 0 0 0 
0 0 0 0 0 1 0 1 0 0 0 0 0 0 0 0 0 0 0 0 0 0 0 0 0 0 0 0 0 0 0 0 0 0 0 0 0 0 1 0 
0 1 1 0 1 0 0 0 0 1 0 0 1 0 1 0 0 1 0 1 0 0 0 0 1 1 0 0 1 0 0 0 0 0 0 0 0 0 0 1 
0 0 0 0 0 0 0 0 0 0 0 1 0 0 0 0 0 0 0 0 0 0 0 0 0 0 0 0 0 0 0 0 0 0 0 0 0 0 0 0 
0 1 1 0 0 0 0 0 0 1 0 0 1 0 1 0 0 1 0 1 0 0 0 0 1 1 0 0 1 0 0 0 0 0 0 0 0 0 1 1 
0 0 0 0 0 1 0 1 0 0 0 0 0 0 0 0 0 0 1 0 0 0 0 0 0 0 0 0 0 0 0 0 0 0 0 0 0 0 0 0 
0 1 1 0 0 0 0 0 0 1 0 0 1 0 1 0 0 1 1 1 0 0 0 0 1 1 0 0 1 0 0 0 0 0 0 0 0 0 0 1 
0 0 0 0 0 0 0 1 0 0 0 0 0 0 0 0 0 0 0 0 0 0 0 0 0 0 0 0 0 0 0 0 0 0 0 0 0 0 0 0 
0 1 1 0 0 0 0 0 0 1 0 0 1 0 1 0 0 1 0 0 0 0 0 0 1 1 0 0 1 0 0 0 0 0 0 0 0 0 0 1 
1 0 1 0 0 1 0 1 1 1 0 1 1 1 0 0 0 0 0 0 0 1 1 0 1 1 1 1 0 1 0 0 0 0 0 0 0 1 1 0 
0 1 1 0 0 0 0 0 0 1 0 0 1 0 1 0 0 1 0 1 0 1 0 0 1 1 0 0 1 0 0 0 0 0 0 0 0 0 0 1 
0 0 0 0 0 1 0 1 0 0 0 0 0 0 0 0 0 0 0 0 0 1 0 0 0 0 0 0 0 0 0 0 0 0 0 0 0 0 0 0 
0 0 0 0 0 0 0 0 0 0 0 0 0 0 1 0 0 0 0 0 0 0 0 0 0 0 0 0 0 0 0 0 0 0 0 0 0 0 0 0 
0 0 1 0 0 1 0 1 0 1 1 1 0 0 0 1 0 0 1 0 0 1 0 1 0 1 0 0 1 1 1 0 1 0 1 0 1 1 1 1 
0 0 0 0 0 1 0 1 0 0 0 0 0 0 0 0 0 1 0 0 0 0 0 0 0 0 0 0 0 0 0 0 0 0 0 0 0 0 0 0 
0 0 1 0 0 1 0 1 0 1 1 1 0 0 0 1 0 0 1 0 0 1 0 0 0 1 0 0 1 1 1 0 1 1 1 0 1 1 1 1 
0 0 1 0 0 0 0 0 0 0 0 0 0 0 0 0 0 0 0 0 0 0 0 0 0 0 0 0 0 0 0 0 0 0 0 0 0 0 0 0 
0 0 0 0 0 0 0 0 0 0 0 0 0 0 0 0 0 0 0 0 0 0 0 0 1 0 0 0 0 0 0 0 0 0 0 0 0 0 0 0 
0 0 0 1 1 0 0 1 0 0 0 1 1 1 0 1 0 1 0 1 1 0 0 1 0 1 1 0 0 0 0 1 0 0 1 0 1 1 0 1 
0 0 0 0 0 0 0 0 0 0 0 0 0 0 0 0 0 0 0 0 0 1 0 0 0 0 0 0 0 0 0 0 0 0 0 0 0 0 0 0 
0 0 1 0 0 1 0 1 0 1 1 1 0 0 0 1 0 0 1 0 0 1 0 0 0 1 0 0 0 1 1 0 1 0 1 0 1 1 1 1 
0 0 1 0 0 1 0 1 0 1 1 1 0 0 0 1 0 0 1 0 0 1 0 0 1 1 0 0 1 1 1 0 1 0 1 0 1 1 1 1 
0 0 0 0 0 1 0 1 0 0 0 0 0 0 0 0 0 0 0 0 0 0 0 0 0 0 0 0 0 0 0 0 0 0 0 0 0 0 0 1 
0 0 0 0 0 1 0 1 0 0 0 0 0 0 0 0 0 0 0 0 0 0 0 0 0 0 0 0 0 0 0 0 0 0 0 0 0 0 0 0 
0 1 1 0 0 0 1 0 0 1 0 0 1 0 1 0 0 1 0 1 0 0 0 0 1 1 0 0 1 0 0 0 0 0 0 0 0 0 0 1 
0 1 1 0 0 0 0 0 0 1 0 0 1 0 1 0 0 1 0 1 0 0 0 0 1 1 0 0 1 0 0 0 1 0 0 0 0 0 0 1 
0 0 0 0 0 0 0 0 0 0 0 0 0 0 0 0 0 1 0 0 0 0 0 0 0 0 0 0 0 0 0 0 0 0 0 0 0 0 0 0 
0 0 0 0 0 1 0 1 0 0 0 0 0 0 0 0 0 0 0 0 0 0 0 0 0 0 0 1 0 0 0 0 0 0 0 0 0 0 0 0 
0 0 0 0 0 0 0 0 0 0 0 0 0 0 0 0 0 0 1 0 0 0 0 0 0 0 0 0 0 0 0 0 0 0 0 0 0 0 0 0 
0 0 1 0 0 1 0 1 0 1 1 1 0 0 1 1 0 0 1 0 0 1 0 0 0 1 0 0 1 1 1 0 1 0 1 0 1 1 1 1 
1 1 0 1 1 0 1 0 1 0 0 0 1 1 1 0 1 1 1 1 1 0 1 0 1 0 1 1 0 0 1 1 0 1 0 0 0 0 0 0 
0 0 0 0 0 0 0 0 0 0 0 0 0 0 0 0 0 0 0 0 0 0 0 0 0 0 0 0 0 0 0 0 0 0 0 0 0 0 1 0 
0 0 0 0 1 0 0 0 0 0 0 0 0 0 0 0 0 0 0 0 0 0 0 0 0 0 0 0 0 0 0 0 0 0 0 0 0 0 0 0 
0 1 1 0 0 0 0 0 0 1 1 0 1 0 1 0 0 1 0 1 0 0 0 0 1 1 0 0 1 0 0 0 0 0 0 0 0 0 0 1 
0 1 1 0 0 0 0 0 0 1 0 1 1 0 1 0 0 1 0 1 0 0 0 0 1 1 0 0 1 0 0 0 0 0 0 0 0 0 0 1 
0 0 0 0 0 0 0 0 0 0 0 0 0 0 0 0 0 0 0 0 0 0 0 0 0 0 0 0 0 0 0 0 0 0 0 0 0 0 0 1 
0 0 0 0 0 0 0 0 0 0 0 0 0 0 0 0 0 0 0 0 0 0 0 0 0 0 0 0 0 0 0 0 0 0 0 0 0 0 0 0 
1 1 1 0 1 1 0 0 0 1 1 0 0 0 1 0 1 0 1 0 1 0 1 0 1 0 0 0 1 0 0 0 1 1 0 1 1 0 1 0 
0 0 0 0 0 0 0 0 0 0 0 0 0 0 0 0 0 0 0 0 0 0 0 0 0 0 0 1 0 0 0 0 0 0 0 0 0 0 0 0 
0 1 1 0 0 0 0 0 0 1 0 0 1 0 1 0 0 1 0 1 0 0 0 0 1 1 0 0 1 0 0 0 0 0 1 0 0 0 0 1 
0 1 1 0 0 0 0 1 0 1 0 0 1 0 1 0 0 1 0 1 0 0 0 0 1 1 0 0 1 0 0 0 0 0 0 0 0 0 0 1 
0 0 1 0 0 1 0 1 0 1 1 1 0 1 0 1 0 0 1 0 0 1 0 0 0 1 0 0 1 1 1 0 1 0 1 0 1 1 1 1 
0 0 1 0 0 1 0 1 0 1 1 1 0 0 0 1 0 0 1 0 0 1 0 0 0 1 0 0 1 1 1 0 1 0 1 1 1 1 1 1 
0 0 0 0 0 1 0 1 0 0 0 0 0 0 0 0 0 0 0 1 0 0 0 0 0 0 0 0 0 0 0 0 0 0 0 0 0 0 0 0 
0 0 0 0 0 1 0 1 0 0 0 0 0 0 0 0 1 0 0 0 0 0 0 0 0 0 0 0 0 0 0 0 0 0 0 0 0 0 0 0 
0 1 1 0 0 0 0 0 0 1 0 0 1 0 1 0 0 1 0 1 0 0 0 0 1 1 0 0 1 0 0 0 0 0 0 0 1 0 0 1 
0 0 0 0 0 0 0 0 0 0 0 0 0 1 0 0 0 0 0 0 0 0 0 0 0 0 0 0 0 0 0 0 0 0 0 0 0 0 0 0 
0 0 1 0 0 1 0 1 0 1 1 1 0 0 0 1 0 0 1 0 0 1 0 0 0 1 0 0 1 0 1 0 1 0 1 0 1 1 1 1 
0 1 1 0 0 0 0 0 0 1 0 0 1 0 1 0 0 1 0 1 0 0 0 0 1 1 0 0 1 1 0 0 0 0 0 0 0 0 0 1 
0 0 0 0 0 1 0 1 0 0 0 0 0 0 0 0 0 0 0 0 0 0 0 0 0 0 0 0 0 1 0 0 0 0 0 0 0 0 0 0 
0 0 0 0 0 0 1 0 0 0 0 0 0 0 0 0 0 0 0 0 0 0 0 0 0 0 0 0 0 0 0 0 0 0 0 0 0 0 0 0 
0 1 1 0 0 0 0 0 0 1 0 0 1 0 1 0 0 1 0 1 0 0 0 0 1 1 0 0 1 0 1 0 0 0 0 0 0 0 0 1 
0 0 0 0 0 0 0 0 0 0 0 0 0 0 0 0 0 0 0 1 0 0 0 0 0 0 0 0 0 0 0 0 0 0 0 0 0 0 0 0 
0 0 0 0 0 1 0 1 0 0 0 0 0 0 0 0 0 0 0 0 0 0 0 1 0 0 0 0 0 0 0 0 0 0 0 0 0 0 0 0 
0 1 1 0 0 0 0 0 0 1 0 0 1 0 1 0 0 1 0 1 0 0 0 1 1 1 0 0 1 0 0 0 0 0 0 0 0 0 0 1 
0 0 0 0 0 0 0 0 0 0 0 0 0 0 0 0 0 0 0 0 0 0 0 0 0 1 0 0 0 0 0 0 0 0 0 0 0 0 0 0 
0 0 1 0 0 0 0 1 0 1 1 1 0 0 0 1 0 0 1 0 0 1 0 0 0 1 0 0 1 1 1 0 1 0 1 0 1 1 1 1 
0 0 1 0 0 1 0 1 0 0 0 0 0 0 0 0 0 0 0 0 0 0 0 0 0 0 0 0 0 0 0 0 0 0 0 0 0 0 0 0 
0 0 0 0 0 0 0 0 0 0 0 0 0 0 0 0 0 0 0 0 0 0 0 0 0 0 0 0 0 0 0 0 0 1 0 0 0 0 0 0 
0 0 0 1 0 0 0 0 0 0 0 0 0 0 0 0 0 0 0 0 0 0 0 0 0 0 0 0 0 0 0 0 0 0 0 0 0 0 0 0 
0 0 0 0 0 0 0 0 0 0 0 0 1 0 0 0 0 0 0 0 0 0 0 0 0 0 0 0 0 0 0 0 0 0 0 0 0 0 0 0 
0 0 0 0 0 1 0 1 0 0 0 0 0 0 1 0 0 0 0 0 0 0 0 0 0 0 0 0 0 0 0 0 0 0 0 0 0 0 0 0 
0 0 1 0 0 1 0 1 0 1 1 1 0 0 0 1 0 1 1 0 0 1 0 0 0 1 0 0 1 1 1 0 1 0 1 0 1 1 1 1 
0 0 0 0 0 0 0 0 0 1 0 0 0 0 0 0 0 0 0 0 0 0 0 0 0 0 0 0 0 0 0 0 0 0 0 0 0 0 0 0 
0 1 0 1 1 1 1 0 0 1 0 0 0 1 0 0 1 0 0 1 0 1 1 1 0 1 0 1 0 0 1 0 1 0 1 1 1 1 0 0 
0 0 1 0 0 1 0 1 0 1 1 1 1 0 0 1 0 0 1 0 0 1 0 0 0 1 0 0 1 1 1 0 1 0 1 0 1 1 1 1 
0 0 0 0 0 1 0 1 0 0 0 0 0 0 0 0 0 0 0 0 0 0 0 0 0 0 0 0 0 0 0 0 0 0 0 0 0 1 0 0 
1 0 1 0 0 0 1 1 1 0 1 1 1 0 1 1 0 1 0 0 1 0 0 1 1 0 1 0 1 1 0 1 0 1 0 1 0 0 1 1 
0 1 1 0 0 0 0 0 0 1 0 0 1 0 1 0 0 1 0 1 0 0 0 0 1 1 1 0 1 0 0 0 0 0 0 0 0 0 0 1 
0 0 0 0 0 0 0 0 0 0 0 0 0 0 0 1 0 0 0 0 0 0 0 0 0 0 0 0 0 0 0 0 0 0 0 0 0 0 0 0 
0 0 0 0 0 0 0 0 0 0 0 0 0 0 0 0 0 0 0 0 0 0 0 0 0 0 0 0 0 0 1 0 0 0 0 0 0 0 0 0 
0 0 0 0 0 1 0 1 0 0 0 0 0 0 0 0 0 0 0 0 0 0 0 0 0 0 0 0 0 0 0 0 1 0 0 0 0 0 0 0 
0 1 1 0 0 1 0 1 0 1 1 1 0 0 0 1 0 0 1 0 0 1 0 0 0 1 0 0 1 1 1 0 1 0 1 0 1 1 1 1 
0 0 0 0 0 0 0 0 0 0 0 0 0 0 0 0 0 0 0 0 0 0 0 0 0 0 0 0 0 0 0 0 0 0 0 0 1 0 0 0 
0 0 1 0 0 1 1 1 0 1 1 1 0 0 0 1 0 0 1 0 0 1 0 0 0 1 0 0 1 1 1 0 1 0 1 0 1 1 1 1 
0 0 1 0 0 1 0 1 0 1 1 1 0 0 0 1 0 0 1 0 0 1 0 0 0 1 0 0 1 1 1 0 1 0 1 0 1 0 1 1 
0 0 1 0 0 1 0 1 0 1 1 1 0 0 0 1 0 0 1 0 0 1 0 0 0 1 0 0 1 1 1 0 0 0 1 0 1 1 1 1 
0 0 0 0 0 1 0 1 0 0 0 1 0 0 0 0 0 0 0 0 0 0 0 0 0 0 0 0 0 0 0 0 0 0 0 0 0 0 0 0 
0 0 1 0 0 1 0 1 0 1 1 1 0 0 0 1 0 0 1 0 0 1 0 0 0 1 0 0 1 1 1 1 1 0 1 0 1 1 1 1 
0 1 1 0 0 0 0 0 0 1 0 0 1 0 1 0 0 0 0 1 0 0 0 0 1 1 0 0 1 0 0 0 0 0 0 0 0 0 0 1 
0 1 1 0 0 0 0 0 0 1 0 0 1 0 1 0 0 1 0 1 0 0 0 0 0 1 0 0 1 0 0 0 0 0 0 0 0 0 0 1 
0 1 1 0 0 0 0 0 0 1 0 0 1 0 1 0 0 1 0 1 0 0 0 0 1 1 0 0 1 0 0 0 0 0 0 1 0 0 0 1 
0 1 0 0 0 0 0 0 0 0 0 0 0 0 0 0 0 0 0 0 0 0 0 0 0 0 0 0 0 0 0 0 0 0 0 0 0 0 0 0 
0 0 0 0 0 0 0 0 0 0 0 0 0 0 0 0 0 0 0 0 0 0 0 0 0 0 0 0 0 0 0 1 0 0 0 0 0 0 0 0 
0 0 0 0 0 0 0 0 0 0 0 0 0 0 0 0 0 0 0 0 0 0 0 0 0 0 0 0 0 0 0 0 0 0 1 0 0 0 0 0 
0 1 1 0 0 1 0 0 0 1 0 0 1 0 1 0 0 1 0 1 0 0 0 0 1 1 0 0 1 0 0 0 0 0 0 0 0 0 0 1 
0 0 0 0 0 0 0 0 0 0 1 0 0 0 0 0 0 0 0 0 0 0 0 0 0 0 0 0 0 0 0 0 0 0 0 0 0 0 0 0 
0 0 1 0 0 1 0 1 0 1 1 1 0 0 0 1 0 0 1 0 0 0 0 0 0 1 0 0 1 1 1 0 1 0 1 0 1 1 1 1 
0 0 1 0 0 1 0 1 0 1 1 1 0 0 0 1 0 0 1 1 0 1 0 0 0 1 0 0 1 1 1 0 1 0 1 0 1 1 1 1 
0 1 1 0 0 0 0 0 0 1 0 0 1 0 1 0 0 1 0 1 0 0 0 0 1 0 0 0 1 0 0 0 0 0 0 0 0 0 0 1 
0 0 1 0 0 1 0 1 0 1 1 1 0 0 0 1 0 0 0 0 0 1 0 0 0 1 0 0 1 1 1 0 1 0 1 0 1 1 1 1 
0 0 0 0 0 0 0 0 0 0 0 0 0 0 0 0 0 0 0 0 1 0 0 0 0 0 0 0 0 0 0 0 0 0 0 0 0 0 0 0 
0 0 1 0 0 1 0 1 0 1 1 1 0 0 0 1 0 0 1 0 0 1 0 0 0 1 0 0 1 1 1 0 1 0 1 0 1 1 0 1 
1 0 0 0 0 0 0 0 0 0 0 0 0 0 0 0 0 0 0 0 0 0 0 0 0 0 0 0 0 0 0 0 0 0 0 0 0 0 0 0 
0 0 0 0 0 0 0 0 0 0 0 0 0 0 0 0 0 0 0 0 0 0 0 0 0 0 1 0 0 0 0 0 0 0 0 0 0 0 0 0 
0 0 1 0 0 1 0 1 0 1 1 1 0 0 0 1 1 0 1 0 0 1 0 0 0 1 0 0 1 1 1 0 1 0 1 0 1 1 1 1 
0 0 0 0 0 1 0 1 0 0 0 0 0 0 0 0 0 0 0 0 0 0 1 0 0 0 0 0 0 0 0 0 0 0 0 0 0 0 0 0 
0 0 0 0 0 1 0 1 0 0 0 0 1 0 0 0 0 0 0 0 0 0 0 0 0 0 0 0 0 0 0 0 0 0 0 0 0 0 0 0 
0 1 1 0 0 0 0 0 0 1 0 0 1 0 1 0 0 1 0 1 0 0 1 0 1 1 0 0 1 0 0 0 0 0 0 0 0 0 0 1 
0 0 1 0 0 1 0 0 0 1 1 1 0 0 0 1 0 0 1 0 0 1 0 0 0 1 0 0 1 1 1 0 1 0 1 0 1 1 1 1 
0 0 1 1 0 1 0 1 0 1 1 1 0 0 0 1 0 0 1 0 0 1 0 0 0 1 0 0 1 1 1 0 1 0 1 0 1 1 1 1 
0 0 1 0 0 1 0 1 0 1 1 0 0 0 0 1 0 0 1 0 0 1 0 0 0 1 0 0 1 1 1 0 1 0 1 0 1 1 1 1 
1 0 0 0 0 1 0 1 0 0 0 0 0 0 0 0 0 0 0 0 0 0 0 0 0 0 0 0 0 0 0 0 0 0 0 0 0 0 0 0 
0 0 0 0 0 1 0 1 0 0 0 0 0 0 0 0 0 0 0 0 0 0 0 0 0 0 1 0 0 0 0 0 0 0 0 0 0 0 0 0 
0 1 1 0 0 0 0 0 0 1 0 0 1 0 1 0 0 1 0 1 0 0 0 0 1 1 0 0 1 0 0 0 0 0 0 0 0 1 0 1 
0 0 1 0 0 0 0 0 0 1 0 0 1 0 1 0 0 1 0 1 0 0 0 0 1 1 0 0 1 0 0 0 0 0 0 0 0 0 0 1 
0 0 0 0 0 1 0 1 0 0 0 0 0 0 0 0 0 0 0 0 1 0 0 0 0 0 0 0 0 0 0 0 0 0 0 0 0 0 0 0 
0 1 1 0 0 0 0 0 0 1 0 0 1 0 1 0 0 1 0 1 0 0 0 0 1 1 0 0 1 0 0 1 0 0 0 0 0 0 0 1 
1 0 1 0 0 1 0 1 0 1 1 1 0 0 0 1 0 0 1 0 0 1 0 0 0 1 0 0 1 1 1 0 1 0 1 0 1 1 1 1 
0 0 1 0 0 1 0 1 0 1 1 1 0 0 0 1 0 0 1 0 0 1 0 0 0 1 1 0 1 1 1 0 1 0 1 0 1 1 1 1 
0 0 1 0 0 1 0 1 0 1 1 1 0 0 0 1 0 0 1 0 0 1 0 0 0 1 0 0 1 1 1 0 1 0 1 0 1 1 1 0 
0 0 1 0 0 1 0 1 0 1 1 1 0 0 0 1 0 0 1 0 0 1 0 0 0 1 0 0 1 1 1 0 1 0 1 0 1 1 1 1 
0 0 1 0 0 1 0 1 0 1 1 1 0 0 0 1 0 0 1 0 1 1 0 0 0 1 0 0 1 1 1 0 1 0 1 0 1 1 1 1 
0 1 1 0 0 0 0 0 0 1 0 0 0 0 1 0 0 1 0 1 0 0 0 0 1 1 0 0 1 0 0 0 0 0 0 0 0 0 0 1 
0 0 0 0 0 1 0 1 0 0 0 0 0 0 0 0 0 0 0 0 0 0 0 0 0 0 0 0 0 0 0 0 0 0 0 1 0 0 0 0 
0 0 1 0 0 1 0 1 0 1 1 1 0 0 0 1 0 0 1 0 0 1 0 0 0 1 0 1 1 1 1 0 1 0 1 0 1 1 1 1 
0 0 0 0 0 1 0 1 0 0 0 0 0 0 0 0 0 0 0 0 0 0 0 0 0 0 0 0 1 0 0 0 0 0 0 0 0 0 0 0 
1 1 1 1 1 1 0 1 1 1 1 1 1 1 1 1 1 1 1 1 1 1 1 1 1 1 1 1 1 1 1 1 1 1 1 1 1 1 1 1 
0 0 0 0 0 1 0 1 1 0 0 0 0 0 0 0 0 0 0 0 0 0 0 0 0 0 0 0 0 0 0 0 0 0 0 0 0 0 0 0 
0 0 0 0 0 1 0 1 0 0 0 0 0 1 0 0 0 0 0 0 0 0 0 0 0 0 0 0 0 0 0 0 0 0 0 0 0 0 0 0 
0 0 0 0 0 1 0 1 0 1 1 1 0 0 0 1 0 0 1 0 0 1 0 0 0 1 0 0 1 1 1 0 1 0 1 0 1 1 1 1 
0 1 1 0 0 0 0 0 0 0 0 0 1 0 1 0 0 1 0 1 0 0 0 0 1 1 0 0 1 0 0 0 0 0 0 0 0 0 0 1 
0 0 0 0 0 0 0 0 0 0 0 0 0 0 0 0 0 0 0 0 0 0 0 0 0 0 0 0 1 0 0 0 0 0 0 0 0 0 0 0 
0 0 0 0 0 1 0 1 0 0 0 0 0 0 0 0 0 0 0 0 0 0 0 0 0 1 0 0 0 0 0 0 0 0 0 0 0 0 0 0 
0 0 0 0 0 0 0 0 1 0 0 0 0 0 0 0 0 0 0 0 0 0 0 0 0 0 0 0 0 0 0 0 0 0 0 0 0 0 0 0 
0 0 1 0 0 1 0 1 1 1 1 1 0 0 0 1 0 0 1 0 0 1 0 0 0 1 0 0 1 1 1 0 1 0 1 0 1 1 1 1 
0 0 0 0 0 0 0 0 0 0 0 0 0 0 0 0 0 0 0 0 0 0 0 0 0 0 0 0 0 0 0 0 0 0 0 1 0 0 0 0 
0 0 0 1 0 0 0 0 1 0 1 0 0 0 1 1 1 1 0 0 0 1 0 0 0 0 0 1 0 1 0 1 1 1 1 0 0 0 0 0 
0 0 0 0 0 1 0 1 0 0 0 0 0 0 0 0 0 0 0 0 0 0 0 0 0 0 0 0 0 0 0 0 0 0 0 0 1 0 0 0 
0 1 1 0 0 0 0 0 0 1 0 0 1 0 1 0 1 1 0 1 0 0 0 0 1 1 0 0 1 0 0 0 0 0 0 0 0 0 0 1 
0 0 1 0 0 1 0 1 0 0 1 1 0 0 0 1 0 0 1 0 0 1 0 0 0 1 0 0 1 1 1 0 1 0 1 0 1 1 1 1 
0 0 1 0 0 1 0 1 0 1 1 1 0 0 0 1 0 0 1 0 0 1 0 0 0 1 0 0 1 1 0 0 1 0 1 0 1 1 1 1 
0 0 0 1 0 1 0 1 0 0 0 0 0 0 0 0 0 0 0 0 0 0 0 0 0 0 0 0 0 0 0 0 0 0 0 0 0 0 0 0 
0 0 0 0 0 1 0 1 0 0 0 0 0 0 0 0 0 0 0 0 0 0 0 0 0 0 0 0 0 0 0 0 0 1 0 0 0 0 0 0 
0 1 1 1 0 0 0 0 0 1 0 0 1 0 1 0 0 1 0 1 0 0 0 0 1 1 0 0 1 0 0 0 0 0 0 0 0 0 0 1 
0 1 1 0 0 0 0 0 0 1 0 0 1 0 1 0 0 1 0 1 0 0 0 0 1 1 0 0 1 0 0 0 0 1 0 0 0 0 0 1 
0 0 0 0 0 0 0 0 0 0 0 0 0 0 0 0 0 0 0 0 0 0 0 0 0 0 0 0 0 0 0 0 1 0 0 0 0 0 0 0 
0 0 0 0 0 1 0 1 0 0 0 0 0 0 0 0 0 0 0 0 0 0 0 0 0 0 0 0 0 0 1 0 0 0 0 0 0 0 0 0 
0 0 0 0 0 1 0 0 0 0 0 0 0 0 0 0 0 0 0 0 0 0 0 0 0 0 0 0 0 0 0 0 0 0 0 0 0 0 0 0 
0 0 1 0 1 1 0 1 0 1 1 1 0 0 0 1 0 0 1 0 0 1 0 0 0 1 0 0 1 1 1 0 1 0 1 0 1 1 1 1 
0 0 0 0 0 1 0 1 0 1 0 0 0 0 0 0 0 0 0 0 0 0 0 0 0 0 0 0 0 0 0 0 0 0 0 0 0 0 0 0 
0 0 1 0 0 1 0 1 0 1 1 1 0 0 0 1 0 0 1 0 0 1 0 0 0 1 0 0 1 1 1 0 1 0 1 0 0 1 1 1 
0 1 1 0 0 0 0 0 0 1 0 0 1 0 1 0 0 1 0 1 0 0 0 0 1 1 0 0 0 0 0 0 0 0 0 0 0 0 0 1 
0 1 1 0 0 0 0 0 0 1 0 0 1 0 1 1 0 1 0 1 0 0 0 0 1 1 0 0 1 0 0 0 0 0 0 0 0 0 0 1 
0 0 1 0 0 1 0 1 0 1 1 1 0 0 0 1 0 0 1 0 0 1 0 0 0 0 0 0 1 1 1 0 1 0 1 0 1 1 1 1 
0 0 0 0 0 1 0 1 0 0 0 0 0 0 0 0 0 0 0 0 0 0 0 0 1 0 0 0 0 0 0 0 0 0 0 0 0 0 0 0 
0 0 0 0 0 1 0 1 0 0 0 0 0 0 0 1 0 0 0 0 0 0 0 0 0 0 0 0 0 0 0 0 0 0 0 0 0 0 0 0 
0 0 0 0 0 0 0 0 0 0 0 0 0 0 0 0 0 0 0 0 0 0 0 0 0 0 0 0 0 1 0 0 0 0 0 0 0 0 0 0 
0 0 0 0 0 0 0 0 0 0 0 0 0 0 0 0 0 0 0 0 0 0 1 0 0 0 0 0 0 0 0 0 0 0 0 0 0 0 0 0 
1 0 0 0 0 0 0 0 0 0 0 1 0 0 0 0 0 0 0 0 0 0 0 0 0 0 1 0 1 0 0 1 0 1 0 0 0 1 1 0 
0 0 1 0 0 1 0 1 0 1 1 1 0 0 0 1 0 0 1 0 0 1 0 0 0 1 0 0 1 1 1 0 1 0 0 0 1 1 1 1 
0 0 0 0 0 0 0 0 0 0 0 0 0 0 0 0 0 0 0 0 0 0 0 1 0 0 0 0 0 0 0 0 0 0 0 0 0 0 0 0 
0 0 1 0 0 1 0 1 0 1 1 1 0 0 0 1 0 0 1 0 0 1 1 0 0 1 0 0 1 1 1 0 1 0 1 0 1 1 1 1 
1 1 1 0 0 0 0 0 0 1 0 0 1 0 1 0 0 1 0 1 0 0 0 0 1 1 0 0 1 0 0 0 0 0 0 0 0 0 0 1 
0 1 1 0 0 0 0 0 0 1 0 0 1 0 1 0 0 1 0 1 0 0 0 0 1 1 0 0 1 0 0 0 0 0 0 0 0 0 0 1 
0 0 0 0 0 1 1 1 0 0 0 0 0 0 0 0 0 0 0 0 0 0 0 0 0 0 0 0 0 0 0 0 0 0 0 0 0 0 0 0 
0 1 1 0 0 0 0 0 0 1 0 0 1 0 1 0 0 1 0 1 0 0 0 0 1 1 0 0 1 0 0 0 0 0 0 0 0 0 0 0 
0 0 1 0 0 1 0 1 0 1 0 1 0 0 0 1 0 0 1 0 0 1 0 0 0 1 0 0 1 1 1 0 1 0 1 0 1 1 1 1 
0 1 1 0 0 0 0 0 0 1 0 0 1 0 1 0 0 1 0 1 0 0 0 0 1 1 0 1 1 0 0 0 0 0 0 0 0 0 0 1 
0 1 1 0 0 0 0 0 0 1 0 0 1 0 1 0 0 1 0 1 1 0 0 0 1 1 0 0 1 0 0 0 0 0 0 0 0 0 0 1 
0 1 0 0 0 1 0 1 0 0 0 0 0 0 0 0 0 0 0 0 0 0 0 0 0 0 0 0 0 0 0 0 0 0 0 0 0 0 0 0 
0 1 1 0 0 0 0 0 0 1 0 0 1 0 0 0 0 1 0 1 0 0 0 0 1 1 0 0 1 0 0 0 0 0 0 0 0 0 0 1 
0 0 0 0 0 0 0 0 0 0 0 0 0 0 0 0 1 0 0 0 0 0 0 0 0 0 0 0 0 0 0 0 0 0 0 0 0 0 0 0 
0 0 0 0 0 1 0 1 0 0 0 0 0 0 0 0 0 0 0 0 0 0 0 0 0 0 0 0 0 0 0 1 0 0 0 0 0 0 0 0 
0 0 0 0 0 1 0 1 0 0 1 0 0 0 0 0 0 0 0 0 0 0 0 0 0 0 0 0 0 0 0 0 0 0 0 0 0 0 0 0 
0 0 0 0 0 0 0 0 0 0 0 0 0 0 0 0 0 0 0 0 0 0 0 0 0 0 0 0 0 0 0 0 0 0 0 0 0 1 0 0 
0 1 0 0 0 0 0 0 0 1 0 0 1 0 1 0 0 1 0 1 0 0 0 0 1 1 0 0 1 0 0 0 0 0 0 0 0 0 0 1 
0 1 1 0 0 0 0 0 1 1 0 0 1 0 1 0 0 1 0 1 0 0 0 0 1 1 0 0 1 0 0 0 0 0 0 0 0 0 0 1 
0 1 1 0 0 0 0 0 0 1 0 0 1 1 1 0 0 1 0 1 0 0 0 0 1 1 0 0 1 0 0 0 0 0 0 0 0 0 0 1 
0 0 0 0 0 1 0 1 0 0 0 0 0 0 0 0 0 0 0 0 0 0 0 0 0 0 0 0 0 0 0 0 0 0 1 0 0 0 0 0 
0 0 1 0 0 1 0 1 0 1 1 1 0 0 0 0 0 0 1 0 0 1 0 0 0 1 0 0 1 1 1 0 1 0 1 0 1 1 1 1 
MFS
[ 0 , - , - , 0 , - , - , - , - , - , - , - , - , - , - , - , - , - , - , - , - , - , - , - , - , - , - , - , - , - , - , - , - , - , - , - , - , - , - , - , - ]
precise
1.0
recall
1.0
F-measure
1.0
multi
0
time
all 406 iden 0 gen 406
t-cover
3120
all-cover
3120
coveredNum
(2 : 53)  (3 : 174)  (4 : 333)  (5 : 462)  (6 : 290)  (7 : 114)  (8 : 21)  (78 : 7)  (79 : 47)  (80 : 135)  (81 : 154)  (82 : 70)  (83 : 17)  (154 : 4)  (155 : 24)  (156 : 44)  (157 : 30)  (158 : 3)  (40 : 16)  (41 : 72)  (42 : 176)  (43 : 252)  (44 : 202)  (45 : 64)  (46 : 5)  (116 : 8)  (117 : 69)  (118 : 127)  (119 : 110)  (120 : 36)  (121 : 1)  
real Identify
([ 0 , - , - , 0 , - , - , - , - , - , - , - , - , - , - , - , - , - , - , - , - , - , - , - , - , - , - , - , - , - , - , - , - , - , - , - , - , - , - , - , - ] : 1)  
testCase Num: 253
regaular Num: 13
identify Num: 240
0 0 0 0 0 1 0 1 1 0 1 0 0 1 0 1 1 0 0 1 0 1 0 1 0 0 0 1 1 1 0 1 0 0 1 0 0 1 1 1 
0 0 0 0 1 0 0 0 0 0 0 1 1 0 0 0 0 0 0 0 0 0 0 0 0 0 0 0 0 0 0 1 0 0 0 1 0 0 1 0 
0 0 0 0 1 0 0 0 0 0 0 1 1 0 0 0 0 0 0 0 0 0 0 0 0 0 0 0 0 0 0 1 0 0 0 1 0 0 1 1 
0 1 1 0 1 0 0 0 1 0 0 0 1 0 1 0 1 0 0 1 1 0 1 0 1 1 0 0 0 0 0 1 0 1 1 0 1 1 1 1 
0 0 0 0 0 0 0 0 0 0 1 0 0 0 0 0 1 0 0 0 0 0 0 0 0 0 0 0 0 0 0 0 0 1 0 0 0 0 0 1 
0 0 0 0 1 0 0 0 0 0 0 1 1 0 0 0 0 0 0 0 0 0 0 0 0 0 0 1 0 0 0 1 0 0 0 1 0 0 1 0 
0 0 0 0 0 0 0 1 0 0 0 0 0 0 0 0 0 0 0 0 0 0 0 0 0 0 0 0 0 0 0 0 0 0 0 0 0 0 0 0 
0 1 0 0 0 1 1 1 0 1 0 0 0 0 0 0 0 0 1 1 0 0 1 0 1 1 0 0 0 1 1 0 1 0 0 1 1 1 0 0 
0 0 0 0 0 1 0 1 1 0 1 0 0 1 0 1 0 0 0 1 0 1 0 1 0 0 0 1 1 1 1 1 0 0 1 0 0 1 1 1 
0 0 0 0 0 0 0 1 1 0 1 0 0 1 0 1 1 0 0 1 0 1 0 1 0 0 0 1 1 1 1 1 0 0 1 0 0 1 1 1 
0 0 0 0 0 1 0 1 1 0 1 0 0 1 0 1 1 0 0 0 0 1 0 1 0 0 0 1 1 1 1 1 0 0 1 0 0 1 1 1 
0 0 0 0 0 0 0 0 0 0 0 0 0 0 0 0 1 0 0 0 0 0 0 0 0 0 0 0 0 0 0 0 0 1 1 0 0 0 0 1 
0 0 0 0 1 0 0 0 0 0 0 1 1 0 0 0 0 0 1 0 0 0 0 0 0 0 0 0 0 0 0 1 0 0 0 1 0 0 1 0 
0 1 1 0 1 0 0 0 1 0 0 0 1 0 1 0 1 0 0 1 1 1 1 0 1 1 0 1 0 0 0 1 0 1 1 0 1 1 1 1 
0 1 0 0 0 1 1 1 0 1 0 0 0 0 0 0 0 0 1 1 0 0 1 0 1 0 0 0 0 1 1 0 1 1 0 1 1 1 0 0 
0 0 0 0 0 1 0 0 0 0 0 0 0 0 0 0 1 0 0 0 0 0 0 0 0 0 0 0 0 0 0 0 0 1 0 0 0 0 0 1 
0 0 0 0 0 0 0 0 0 0 0 0 0 0 0 0 1 0 0 1 0 0 0 0 0 0 0 0 0 0 0 0 0 1 0 0 0 0 0 1 
0 0 0 0 0 1 0 1 1 0 1 0 0 1 0 1 1 1 0 1 0 1 0 1 0 0 0 1 1 1 1 1 0 0 1 0 0 1 1 1 
0 1 1 0 1 0 0 0 1 0 0 0 1 0 1 0 1 0 0 1 1 1 1 0 1 1 0 0 0 0 0 1 0 1 1 0 1 1 1 1 
0 0 0 0 0 0 0 0 0 0 0 0 0 0 0 0 0 0 0 0 0 0 0 0 1 0 0 0 0 0 0 0 0 0 0 0 0 0 0 0 
0 0 0 0 0 0 0 0 0 0 0 0 0 0 0 0 0 0 0 0 0 1 0 0 0 0 0 0 0 0 0 0 0 0 0 0 0 0 0 0 
0 1 1 0 1 0 0 0 1 0 0 0 1 0 1 0 1 0 0 1 1 1 1 0 1 1 0 0 0 0 0 1 0 1 1 0 1 1 1 0 
0 0 0 0 0 1 0 1 1 0 1 0 0 1 0 1 1 0 0 1 0 1 0 1 0 0 0 1 1 1 1 1 0 0 0 0 0 1 1 1 
0 0 0 0 0 0 0 0 0 0 0 0 0 0 0 0 1 0 0 0 0 0 0 0 0 0 0 0 0 0 1 0 0 1 0 0 0 0 0 1 
0 0 0 0 0 1 0 1 1 0 0 0 0 1 0 1 1 0 0 1 0 1 0 1 0 0 0 1 1 1 1 1 0 0 1 0 0 1 1 1 
0 0 0 0 0 0 0 0 0 0 0 0 0 0 0 0 0 0 1 0 0 0 0 0 0 0 0 0 0 0 0 0 0 0 0 0 0 0 0 0 
0 0 0 0 0 0 0 0 0 0 0 1 1 0 0 0 0 0 0 0 0 0 0 0 0 0 0 0 0 0 0 1 0 0 0 1 0 0 1 0 
0 0 0 0 1 0 0 0 0 0 0 1 1 0 0 0 0 0 0 0 0 0 0 0 0 0 0 0 0 0 0 1 0 0 0 1 0 0 0 0 
0 0 0 0 0 1 1 1 1 0 1 0 0 1 0 1 1 0 0 1 0 1 0 1 0 0 0 1 1 1 1 1 0 0 1 0 0 1 1 1 
0 0 0 0 0 1 0 1 1 0 1 0 0 1 0 1 1 0 0 1 0 1 0 1 0 0 0 1 1 1 1 1 1 0 1 0 0 1 1 1 
0 0 0 0 0 1 0 1 1 0 1 0 0 1 0 1 1 0 0 1 0 1 0 1 0 0 0 1 1 1 1 0 0 0 1 0 0 1 1 1 
0 0 0 0 0 0 0 0 0 0 0 0 0 0 0 0 0 0 0 0 0 0 0 0 0 0 0 0 0 0 0 0 0 0 0 0 0 0 1 0 
0 0 0 0 1 0 0 0 0 0 0 0 0 0 0 0 0 0 0 0 0 0 0 0 0 0 0 0 0 0 0 0 0 0 0 0 0 0 0 0 
0 0 0 0 0 0 0 0 0 0 0 0 0 0 0 0 1 1 0 0 0 0 0 0 0 0 0 0 0 0 0 0 0 1 0 0 0 0 0 1 
0 0 0 0 1 0 0 0 0 0 0 1 1 0 0 0 0 0 0 0 0 1 0 0 0 0 0 0 0 0 0 1 0 0 0 1 0 0 1 0 
0 0 0 0 0 0 0 0 0 0 0 0 0 0 0 0 0 0 0 0 0 0 0 0 0 0 0 0 0 0 0 0 0 0 0 0 0 0 0 1 
0 0 0 0 0 0 0 0 0 0 0 0 0 0 0 0 0 0 0 0 0 0 0 0 0 0 0 0 0 0 0 0 0 0 0 0 0 0 0 0 
0 0 0 0 0 0 0 0 0 0 0 0 0 0 0 0 0 0 0 0 0 0 0 0 0 0 0 1 0 0 0 0 0 0 0 0 0 0 0 0 
0 0 0 0 0 1 0 1 1 0 1 0 0 1 0 0 1 0 0 1 0 1 0 1 0 0 0 1 1 1 1 1 0 0 1 0 0 1 1 1 
0 1 1 0 0 0 0 0 1 0 0 0 1 0 1 0 1 0 0 1 1 1 1 0 1 1 0 0 0 0 0 1 0 1 1 0 1 1 1 1 
0 0 0 0 0 1 0 1 1 0 1 1 0 1 0 1 1 0 0 1 0 1 0 1 0 0 0 1 1 1 1 1 0 0 1 0 0 1 1 1 
0 1 1 0 1 0 0 0 1 0 0 0 1 0 1 0 1 0 0 1 1 1 1 0 1 1 0 0 0 0 0 1 0 1 1 0 1 1 0 1 
0 0 0 0 0 0 0 0 0 0 0 0 0 0 0 0 1 0 0 0 1 0 0 0 0 0 0 0 0 0 0 0 0 1 0 0 0 0 0 1 
0 1 1 0 1 0 0 1 1 0 0 0 1 0 1 0 1 0 0 1 1 1 1 0 1 1 0 0 0 0 0 1 0 1 1 0 1 1 1 1 
0 0 0 0 1 0 0 0 0 0 0 1 1 0 0 0 0 0 0 0 0 0 0 0 0 0 0 0 0 0 0 1 0 0 0 1 0 1 1 0 
0 1 0 0 0 1 1 1 0 1 0 0 0 0 0 0 0 0 1 1 0 0 1 0 1 0 0 0 0 0 1 0 1 0 0 1 1 1 0 0 
0 1 1 0 1 0 0 0 1 0 0 0 1 0 1 0 1 0 0 1 1 1 1 0 0 1 0 0 0 0 0 1 0 1 1 0 1 1 1 1 
0 1 0 0 0 1 1 1 0 1 0 0 0 0 0 0 0 0 1 1 0 0 1 0 1 0 0 0 0 1 1 0 1 0 0 1 1 1 1 0 
0 0 0 1 0 1 0 0 0 1 1 1 0 1 1 1 0 1 1 0 1 0 0 0 1 1 0 0 0 0 1 1 0 0 1 1 1 1 0 1 
0 0 0 0 0 0 0 0 0 0 0 0 0 0 0 0 0 0 0 0 0 0 0 0 0 1 0 0 0 0 0 0 0 0 0 0 0 0 0 0 
0 0 0 0 0 0 0 0 0 0 0 0 0 0 0 0 0 0 0 0 0 0 0 0 0 0 0 0 0 0 0 0 0 1 0 0 0 0 0 0 
0 1 0 0 0 1 1 1 0 1 0 0 0 0 0 0 0 0 1 1 0 1 1 0 1 0 0 0 0 1 1 0 1 0 0 1 1 1 0 0 
0 0 0 1 0 0 0 0 0 0 0 0 0 0 0 0 0 0 0 0 0 0 0 0 0 0 0 0 0 0 0 0 0 0 0 0 0 0 0 0 
0 0 0 0 0 0 0 0 0 0 0 0 1 0 0 0 0 0 0 0 0 0 0 0 0 0 0 0 0 0 0 0 0 0 0 0 0 0 0 0 
0 0 0 0 0 0 0 0 0 0 0 0 0 0 0 0 0 0 0 0 0 0 0 0 0 0 0 0 0 0 0 0 0 1 0 0 0 0 0 1 
0 0 0 0 1 0 0 1 0 0 0 1 1 0 0 0 0 0 0 0 0 0 0 0 0 0 0 0 0 0 0 1 0 0 0 1 0 0 1 0 
0 1 0 0 0 1 1 1 0 1 0 0 1 0 0 0 0 0 1 1 0 0 1 0 1 0 0 0 0 1 1 0 1 0 0 1 1 1 0 0 
0 0 1 0 1 0 0 0 1 0 0 0 1 0 1 0 1 0 0 1 1 1 1 0 1 1 0 0 0 0 0 1 0 1 1 0 1 1 1 1 
0 1 0 0 0 1 1 1 0 1 0 0 0 0 0 0 0 0 1 1 0 0 1 0 1 0 0 0 0 1 1 0 1 0 0 0 1 1 0 0 
0 1 1 0 1 0 0 0 1 0 0 0 1 0 1 0 1 0 0 1 1 1 1 0 1 1 1 0 0 0 0 1 0 1 1 0 1 1 1 1 
0 0 0 0 0 0 0 0 0 1 0 0 0 0 0 0 1 0 0 0 0 0 0 0 0 0 0 0 0 0 0 0 0 1 0 0 0 0 0 1 
0 0 0 0 0 0 0 0 0 0 0 0 0 0 0 1 1 0 0 0 0 0 0 0 0 0 0 0 0 0 0 0 0 1 0 0 0 0 0 1 
0 0 0 0 1 0 0 0 0 0 0 1 1 0 0 0 0 0 0 0 0 0 0 0 0 0 0 0 0 1 0 1 0 0 0 1 0 0 1 0 
0 0 0 0 0 0 0 0 0 0 0 0 0 0 0 0 0 0 0 0 0 0 0 0 0 0 0 0 0 0 0 0 0 0 0 0 1 0 0 0 
0 0 0 0 0 0 0 0 0 0 0 0 1 0 0 0 1 0 0 0 0 0 0 0 0 0 0 0 0 0 0 0 0 1 0 0 0 0 0 1 
0 1 0 0 0 1 1 1 0 1 0 0 0 0 0 0 0 0 1 1 0 0 1 0 1 0 0 0 0 1 1 0 1 0 0 1 1 0 0 0 
0 1 0 0 0 1 1 1 0 1 0 0 0 0 0 0 0 0 1 1 0 0 1 0 1 0 0 0 0 1 1 1 1 0 0 1 1 1 0 0 
0 1 0 0 0 0 0 0 0 0 0 0 0 0 0 0 0 0 0 0 0 0 0 0 0 0 0 0 0 0 0 0 0 0 0 0 0 0 0 0 
0 1 1 0 1 0 0 0 1 0 0 0 1 0 1 0 1 0 0 1 1 1 1 0 1 1 0 0 0 1 0 1 0 1 1 0 1 1 1 1 
0 1 0 0 0 1 1 1 0 1 0 0 0 0 0 0 0 0 1 1 0 0 0 0 1 0 0 0 0 1 1 0 1 0 0 1 1 1 0 0 
0 1 1 0 1 0 0 0 1 0 0 0 1 0 1 0 1 0 0 1 1 1 1 0 1 1 0 0 0 0 0 1 0 1 1 0 0 1 1 1 
0 0 0 0 0 0 1 0 0 0 0 0 0 0 0 0 1 0 0 0 0 0 0 0 0 0 0 0 0 0 0 0 0 1 0 0 0 0 0 1 
0 0 0 0 0 1 0 1 1 0 1 0 0 1 0 1 1 0 0 1 0 1 0 1 0 0 0 1 1 1 1 1 0 0 1 1 0 1 1 1 
0 0 0 0 0 0 0 0 0 0 0 0 0 0 0 0 1 0 0 0 0 0 0 0 0 0 0 0 0 0 0 1 0 1 0 0 0 0 0 1 
0 1 0 0 0 1 1 1 0 1 0 0 0 0 0 0 0 0 1 1 0 0 1 0 1 0 0 0 0 1 1 0 1 0 1 1 1 1 0 0 
0 0 0 0 0 1 0 1 1 0 1 0 0 1 0 1 1 0 0 1 0 1 0 0 0 0 0 1 1 1 1 1 0 0 1 0 0 1 1 1 
0 1 1 0 1 0 0 0 1 0 0 0 0 0 1 0 1 0 0 1 1 1 1 0 1 1 0 0 0 0 0 1 0 1 1 0 1 1 1 1 
0 1 0 0 0 1 1 1 0 1 0 0 0 0 0 0 0 0 0 1 0 0 1 0 1 0 0 0 0 1 1 0 1 0 0 1 1 1 0 0 
0 1 1 0 1 0 0 0 1 0 0 0 1 1 1 0 1 0 0 1 1 1 1 0 1 1 0 0 0 0 0 1 0 1 1 0 1 1 1 1 
0 0 0 0 0 0 0 0 0 0 0 0 0 0 0 0 1 0 0 0 0 0 0 0 0 0 0 0 0 0 0 0 0 1 0 1 0 0 0 1 
0 0 0 0 0 0 0 0 0 0 0 0 0 1 0 0 1 0 0 0 0 0 0 0 0 0 0 0 0 0 0 0 0 1 0 0 0 0 0 1 
0 1 0 0 0 1 1 1 0 1 0 0 0 0 0 0 1 0 1 1 0 0 1 0 1 0 0 0 0 1 1 0 1 0 0 1 1 1 0 0 
0 0 0 0 0 0 0 0 0 0 0 0 0 0 0 0 1 0 0 0 0 0 0 0 0 1 0 0 0 0 0 0 0 1 0 0 0 0 0 1 
0 1 0 1 0 1 1 1 0 1 0 0 0 0 0 0 0 0 1 1 0 0 1 0 1 0 0 0 0 1 1 0 1 0 0 1 1 1 0 0 
0 0 0 0 0 1 0 1 1 0 1 0 0 1 0 1 1 0 0 1 0 1 1 1 0 0 0 1 1 1 1 1 0 0 1 0 0 1 1 1 
0 1 0 0 0 1 1 1 0 1 0 0 0 0 0 1 0 0 1 1 0 0 1 0 1 0 0 0 0 1 1 0 1 0 0 1 1 1 0 0 
0 0 0 0 1 0 0 0 0 0 0 1 1 0 0 0 0 0 0 0 0 0 0 0 0 0 0 0 1 0 0 1 0 0 0 1 0 0 1 0 
0 1 1 0 1 0 0 0 0 0 0 0 1 0 1 0 1 0 0 1 1 1 1 0 1 1 0 0 0 0 0 1 0 1 1 0 1 1 1 1 
0 0 1 0 0 0 0 0 0 0 0 0 0 0 0 0 1 0 0 0 0 0 0 0 0 0 0 0 0 0 0 0 0 1 0 0 0 0 0 1 
0 0 0 0 0 0 0 0 0 0 0 0 0 0 0 0 1 0 0 0 0 0 0 0 1 0 0 0 0 0 0 0 0 1 0 0 0 0 0 1 
0 1 1 0 1 0 0 0 1 0 0 0 1 0 1 0 1 0 0 1 1 1 1 0 1 0 0 0 0 0 0 1 0 1 1 0 1 1 1 1 
0 1 0 0 0 1 1 1 0 1 0 0 0 0 0 0 0 0 1 1 0 0 1 0 1 0 0 1 0 1 1 0 1 0 0 1 1 1 0 0 
0 1 0 0 0 1 1 1 0 1 0 0 0 0 0 0 0 0 1 1 0 0 1 0 0 0 0 0 0 1 1 0 1 0 0 1 1 1 0 0 
0 0 0 0 0 0 0 0 0 0 0 0 0 0 0 0 0 0 0 0 0 0 0 0 0 0 0 0 1 0 0 0 0 0 0 0 0 0 0 0 
0 1 1 0 1 0 0 0 1 0 0 0 1 0 1 0 1 0 0 1 1 1 1 0 1 1 0 0 0 0 0 1 0 0 1 0 1 1 1 1 
0 0 0 0 1 0 0 0 0 0 0 1 1 0 0 0 0 0 0 0 0 0 0 0 0 0 1 0 0 0 0 1 0 0 0 1 0 0 1 0 
0 1 0 0 0 1 1 1 0 1 0 0 0 0 0 0 0 0 1 1 0 0 1 0 1 0 0 0 1 1 1 0 1 0 0 1 1 1 0 0 
0 1 0 0 0 1 1 1 0 0 0 0 0 0 0 0 0 0 1 1 0 0 1 0 1 0 0 0 0 1 1 0 1 0 0 1 1 1 0 0 
0 1 0 0 0 1 1 1 0 1 0 0 0 0 0 0 0 0 1 1 0 0 1 0 1 0 0 0 0 1 0 0 1 0 0 1 1 1 0 0 
0 0 0 0 1 0 0 0 0 0 0 1 1 0 0 0 0 0 0 0 0 0 0 0 1 0 0 0 0 0 0 1 0 0 0 1 0 0 1 0 
0 1 0 0 1 0 0 0 1 0 0 0 1 0 1 0 1 0 0 1 1 1 1 0 1 1 0 0 0 0 0 1 0 1 1 0 1 1 1 1 
0 0 0 0 0 0 0 0 0 0 0 1 0 0 0 0 1 0 0 0 0 0 0 0 0 0 0 0 0 0 0 0 0 1 0 0 0 0 0 1 
0 0 0 0 0 0 0 0 0 0 0 0 0 0 0 0 0 0 0 0 0 0 0 0 0 0 0 0 0 0 0 0 1 0 0 0 0 0 0 0 
0 1 0 0 1 1 1 1 0 1 0 0 0 0 0 0 0 0 1 1 0 0 1 0 1 0 0 0 0 1 1 0 1 0 0 1 1 1 0 0 
0 0 0 0 0 1 0 0 0 0 0 0 0 0 0 0 0 0 0 0 0 0 0 0 0 0 0 0 0 0 0 0 0 0 0 0 0 0 0 0 
0 0 0 0 1 0 0 0 0 0 0 1 1 0 0 0 0 0 0 0 0 0 0 0 0 0 0 0 0 0 1 1 0 0 0 1 0 0 1 0 
0 0 0 0 0 0 0 1 0 0 0 0 0 0 0 0 1 0 0 0 0 0 0 0 0 0 0 0 0 0 0 0 0 1 0 0 0 0 0 1 
0 0 0 1 0 1 0 1 1 0 1 0 0 1 0 1 1 0 0 1 0 1 0 1 0 0 0 1 1 1 1 1 0 0 1 0 0 1 1 1 
0 0 0 0 0 1 0 1 1 1 1 0 0 1 0 1 1 0 0 1 0 1 0 1 0 0 0 1 1 1 1 1 0 0 1 0 0 1 1 1 
0 0 0 0 0 0 0 0 0 0 0 0 0 0 0 0 1 0 0 0 0 0 0 0 0 0 0 0 0 0 0 0 0 0 0 0 0 0 0 1 
0 1 1 0 1 0 0 0 1 0 0 0 1 0 1 0 1 0 0 1 0 1 1 0 1 1 0 0 0 0 0 1 0 1 1 0 1 1 1 1 
0 0 0 0 0 0 0 0 0 0 0 0 0 0 0 0 0 0 0 0 0 0 1 0 0 0 0 0 0 0 0 0 0 0 0 0 0 0 0 0 
0 0 0 0 0 0 0 0 0 0 0 0 0 0 0 0 0 0 0 0 0 0 0 1 0 0 0 0 0 0 0 0 0 0 0 0 0 0 0 0 
0 0 0 0 0 1 0 1 1 0 1 0 0 1 0 1 1 0 0 1 0 1 0 1 0 0 0 1 0 1 1 1 0 0 1 0 0 1 1 1 
0 1 1 0 1 0 0 0 1 0 0 0 1 0 1 0 1 0 0 1 1 1 1 0 1 1 0 0 0 0 0 1 0 1 1 0 1 0 1 1 
1 1 1 0 1 0 0 0 1 0 0 0 1 0 1 0 1 0 0 1 1 1 1 0 1 1 0 0 0 0 0 1 0 1 1 0 1 1 1 1 
0 0 0 0 0 1 0 1 1 0 1 0 0 1 1 1 1 0 0 1 0 1 0 1 0 0 0 1 1 1 1 1 0 0 1 0 0 1 1 1 
0 0 0 0 0 0 0 0 0 0 0 0 0 0 0 0 1 0 0 0 0 0 0 0 0 0 0 0 0 0 0 0 0 0 0 0 0 0 0 0 
0 0 0 1 1 0 0 0 0 0 0 1 1 0 0 0 0 0 0 0 0 0 0 0 0 0 0 0 0 0 0 1 0 0 0 1 0 0 1 0 
0 1 0 0 0 1 0 1 0 1 0 0 0 0 0 0 0 0 1 1 0 0 1 0 1 0 0 0 0 1 1 0 1 0 0 1 1 1 0 0 
0 0 0 0 0 1 0 1 1 0 1 0 0 1 0 1 1 0 0 1 0 1 0 1 0 0 0 0 1 1 1 1 0 0 1 0 0 1 1 1 
0 0 0 0 1 0 0 0 0 1 0 1 1 0 0 0 0 0 0 0 0 0 0 0 0 0 0 0 0 0 0 1 0 0 0 1 0 0 1 0 
0 0 0 0 1 0 0 0 0 0 0 1 1 0 0 1 0 0 0 0 0 0 0 0 0 0 0 0 0 0 0 1 0 0 0 1 0 0 1 0 
0 0 0 0 0 0 0 0 0 0 0 0 0 0 0 0 1 0 0 0 0 0 0 0 0 0 0 0 0 0 0 0 0 1 0 0 0 1 0 1 
0 0 0 0 1 0 1 0 0 0 0 1 1 0 0 0 0 0 0 0 0 0 0 0 0 0 0 0 0 0 0 1 0 0 0 1 0 0 1 0 
1 1 1 1 0 0 1 0 0 1 0 1 1 0 1 0 0 0 1 0 1 1 0 0 0 1 1 0 1 0 0 0 1 1 0 1 1 0 0 0 
0 0 0 0 0 0 0 0 0 0 0 1 0 0 0 0 0 0 0 0 0 0 0 0 0 0 0 0 0 0 0 0 0 0 0 0 0 0 0 0 
0 1 1 0 1 1 0 0 1 0 0 0 1 0 1 0 1 0 0 1 1 1 1 0 1 1 0 0 0 0 0 1 0 1 1 0 1 1 1 1 
0 0 0 0 1 1 0 1 1 0 1 0 0 1 0 1 1 0 0 1 0 1 0 1 0 0 0 1 1 1 1 1 0 0 1 0 0 1 1 1 
0 1 1 0 1 0 0 0 1 0 1 0 1 0 1 0 1 0 0 1 1 1 1 0 1 1 0 0 0 0 0 1 0 1 1 0 1 1 1 1 
0 0 0 0 0 1 0 1 1 0 1 0 0 1 0 1 1 0 0 1 0 1 0 1 0 0 0 1 1 0 1 1 0 0 1 0 0 1 1 1 
0 0 0 0 0 0 0 0 0 0 0 0 0 0 1 0 0 0 0 0 0 0 0 0 0 0 0 0 0 0 0 0 0 0 0 0 0 0 0 0 
0 1 0 0 0 1 1 1 0 1 0 0 0 0 0 0 0 0 1 1 0 0 1 1 1 0 0 0 0 1 1 0 1 0 0 1 1 1 0 0 
0 0 0 0 0 1 0 1 1 0 1 0 0 1 0 1 1 0 1 1 0 1 0 1 0 0 0 1 1 1 1 1 0 0 1 0 0 1 1 1 
1 0 0 1 0 0 1 1 0 1 0 1 1 0 0 1 1 0 0 0 1 0 0 1 0 0 0 0 0 0 1 1 0 1 0 1 0 0 1 1 
0 0 1 0 0 0 0 0 0 0 0 0 0 0 0 0 0 0 0 0 0 0 0 0 0 0 0 0 0 0 0 0 0 0 0 0 0 0 0 0 
1 1 1 1 1 1 1 1 1 1 1 1 1 0 1 1 1 1 1 1 1 1 1 1 1 1 1 1 1 1 1 1 1 1 1 1 1 1 1 1 
0 1 1 0 1 0 0 0 1 0 0 0 1 0 1 0 1 0 0 1 1 1 1 0 1 1 0 0 0 0 0 1 1 1 1 0 1 1 1 1 
0 1 1 0 1 0 1 0 1 0 0 0 1 0 1 0 1 0 0 1 1 1 1 0 1 1 0 0 0 0 0 1 0 1 1 0 1 1 1 1 
0 0 0 0 0 0 0 0 0 0 0 0 0 0 0 0 1 0 0 0 0 0 0 0 0 0 0 0 0 1 0 0 0 1 0 0 0 0 0 1 
0 0 0 0 1 0 0 0 0 0 0 1 1 0 0 0 0 0 0 1 0 0 0 0 0 0 0 0 0 0 0 1 0 0 0 1 0 0 1 0 
0 0 0 0 1 1 0 0 0 0 0 1 1 0 0 0 0 0 0 0 0 0 0 0 0 0 0 0 0 0 0 1 0 0 0 1 0 0 1 0 
0 1 1 0 0 1 1 1 0 1 0 0 0 0 0 0 0 0 1 1 0 0 1 0 1 0 0 0 0 1 1 0 1 0 0 1 1 1 0 0 
0 0 0 0 0 0 0 0 0 0 0 0 0 0 0 0 0 1 0 0 0 0 0 0 0 0 0 0 0 0 0 0 0 0 0 0 0 0 0 0 
0 1 1 0 1 0 0 0 1 0 0 0 1 0 1 0 1 1 0 1 1 1 1 0 1 1 0 0 0 0 0 1 0 1 1 0 1 1 1 1 
0 1 0 0 0 1 1 1 0 1 0 0 0 0 1 0 0 0 1 1 0 0 1 0 1 0 0 0 0 1 1 0 1 0 0 1 1 1 0 0 
0 0 0 0 0 0 0 0 0 0 0 0 0 0 0 0 1 0 0 0 0 1 0 0 0 0 0 0 0 0 0 0 0 1 0 0 0 0 0 1 
0 1 0 0 0 1 0 1 1 0 1 0 0 1 0 1 1 0 0 1 0 1 0 1 0 0 0 1 1 1 1 1 0 0 1 0 0 1 1 1 
0 0 0 0 0 1 0 1 1 0 1 0 0 1 0 1 1 0 0 1 0 1 0 1 0 0 0 1 1 1 1 1 0 0 1 0 0 0 1 1 
0 1 1 0 1 0 0 0 1 0 0 0 1 0 1 0 1 0 0 1 1 1 1 0 1 1 0 0 0 0 1 1 0 1 1 0 1 1 1 1 
0 0 0 0 1 0 0 0 0 0 0 1 1 0 0 0 0 1 0 0 0 0 0 0 0 0 0 0 0 0 0 1 0 0 0 1 0 0 1 0 
0 1 1 0 1 0 0 0 1 0 0 0 1 0 1 0 1 0 0 0 1 1 1 0 1 1 0 0 0 0 0 1 0 1 1 0 1 1 1 1 
1 0 0 0 0 0 0 0 0 0 0 0 0 0 0 0 1 0 0 0 0 0 0 0 0 0 0 0 0 0 0 0 0 1 0 0 0 0 0 1 
0 0 0 0 0 0 0 0 0 0 0 0 0 0 0 0 1 0 0 0 0 0 0 0 0 0 1 0 0 0 0 0 0 1 0 0 0 0 0 1 
0 0 0 0 0 0 0 0 0 0 0 0 0 0 0 0 1 0 0 0 0 0 0 0 0 0 0 0 0 0 0 0 0 1 0 0 0 0 0 1 
0 0 0 0 0 0 0 0 0 0 0 0 0 0 0 0 1 0 0 0 0 0 0 0 0 0 0 0 0 0 0 0 0 1 0 0 0 0 0 0 
0 1 0 0 0 1 1 1 0 1 0 0 0 1 0 0 0 0 1 1 0 0 1 0 1 0 0 0 0 1 1 0 1 0 0 1 1 1 0 0 
0 0 0 0 0 0 0 0 0 0 0 0 0 0 0 0 1 0 0 0 0 0 0 0 0 0 0 1 0 0 0 0 0 1 0 0 0 0 0 1 
0 0 0 0 1 0 0 0 0 0 0 1 1 0 1 0 0 0 0 0 0 0 0 0 0 0 0 0 0 0 0 1 0 0 0 1 0 0 1 0 
0 0 0 0 0 0 0 0 0 0 0 0 0 1 0 0 0 0 0 0 0 0 0 0 0 0 0 0 0 0 0 0 0 0 0 0 0 0 0 0 
0 0 0 0 0 1 0 1 1 0 1 0 0 1 0 1 1 0 0 1 0 0 0 1 0 0 0 1 1 1 1 1 0 0 1 0 0 1 1 1 
0 0 1 0 1 0 0 0 0 0 0 1 1 0 0 0 0 0 0 0 0 0 0 0 0 0 0 0 0 0 0 1 0 0 0 1 0 0 1 0 
0 0 0 0 0 1 0 1 1 0 1 0 0 1 0 1 1 0 0 1 0 1 0 1 0 0 0 1 1 1 1 1 0 0 1 0 1 1 1 1 
0 1 1 0 1 0 0 0 1 0 0 1 1 0 1 0 1 0 0 1 1 1 1 0 1 1 0 0 0 0 0 1 0 1 1 0 1 1 1 1 
0 0 0 0 0 0 0 0 1 0 0 0 0 0 0 0 1 0 0 0 0 0 0 0 0 0 0 0 0 0 0 0 0 1 0 0 0 0 0 1 
0 0 0 0 0 0 1 0 0 0 0 0 0 0 0 0 0 0 0 0 0 0 0 0 0 0 0 0 0 0 0 0 0 0 0 0 0 0 0 0 
0 0 0 0 0 0 0 0 0 0 0 0 0 0 0 0 1 0 0 0 0 0 0 0 0 0 0 0 1 0 0 0 0 1 0 0 0 0 0 1 
0 0 0 0 0 0 0 0 0 0 0 0 0 0 0 0 0 0 0 1 0 0 0 0 0 0 0 0 0 0 0 0 0 0 0 0 0 0 0 0 
0 1 0 0 0 0 1 1 0 1 0 0 0 0 0 0 0 0 1 1 0 0 1 0 1 0 0 0 0 1 1 0 1 0 0 1 1 1 0 0 
0 0 0 0 1 0 0 0 0 0 0 1 1 0 0 0 1 0 0 0 0 0 0 0 0 0 0 0 0 0 0 1 0 0 0 1 0 0 1 0 
0 1 1 0 1 0 0 0 1 0 0 0 1 0 1 0 1 0 0 1 1 1 1 0 1 1 0 0 0 0 0 0 0 1 1 0 1 1 1 1 
0 0 0 0 0 1 0 1 1 0 1 0 0 1 0 1 1 0 0 1 0 1 0 1 1 0 0 1 1 1 1 1 0 0 1 0 0 1 1 1 
0 0 0 0 0 0 0 0 0 0 0 0 0 0 0 0 1 0 0 0 0 0 0 0 0 0 0 0 0 0 0 0 0 1 0 0 0 0 1 1 
1 1 1 0 1 0 1 1 1 0 0 0 1 1 0 0 1 1 0 1 0 0 1 1 0 0 1 1 0 1 0 0 1 1 0 0 0 0 1 0 
0 1 0 0 0 1 1 1 0 1 0 0 0 0 0 0 0 1 1 1 0 0 1 0 1 0 0 0 0 1 1 0 1 0 0 1 1 1 0 0 
0 0 0 0 0 0 0 0 0 1 0 0 0 0 0 0 0 0 0 0 0 0 0 0 0 0 0 0 0 0 0 0 0 0 0 0 0 0 0 0 
0 0 1 1 0 0 0 0 1 1 1 0 0 0 1 0 0 0 0 0 0 0 0 0 0 0 1 1 0 0 0 0 0 0 1 0 0 0 0 0 
0 0 0 0 0 0 0 0 0 0 0 0 0 0 0 0 1 0 1 0 0 0 0 0 0 0 0 0 0 0 0 0 0 1 0 0 0 0 0 1 
0 0 0 1 0 0 0 0 0 0 0 0 0 0 0 0 1 0 0 0 0 0 0 0 0 0 0 0 0 0 0 0 0 1 0 0 0 0 0 1 
0 0 0 0 0 0 0 0 0 0 0 0 0 0 0 1 0 0 0 0 0 0 0 0 0 0 0 0 0 0 0 0 0 0 0 0 0 0 0 0 
0 0 0 0 0 0 0 0 0 0 0 0 0 0 0 0 0 0 0 0 0 0 0 0 0 0 0 0 0 0 1 0 0 0 0 0 0 0 0 0 
0 1 1 0 1 0 0 0 1 0 0 0 1 0 1 0 1 0 0 1 1 1 1 0 1 1 0 0 0 0 0 1 0 1 0 0 1 1 1 1 
0 1 1 0 1 0 0 0 1 0 0 0 1 0 1 0 1 0 0 1 1 1 1 1 1 1 0 0 0 0 0 1 0 1 1 0 1 1 1 1 
0 0 0 0 0 1 0 1 1 0 1 0 0 1 0 1 1 0 0 1 0 1 0 1 0 0 1 1 1 1 1 1 0 0 1 0 0 1 1 1 
0 1 0 0 0 1 1 1 0 1 0 0 0 0 0 0 0 0 1 1 0 0 1 0 1 0 0 0 0 1 1 0 0 0 0 1 1 1 0 0 
0 0 0 0 1 0 0 0 0 0 0 1 1 0 0 0 0 0 0 0 0 0 0 1 0 0 0 0 0 0 0 1 0 0 0 1 0 0 1 0 
0 0 0 0 0 0 0 0 0 0 0 0 0 0 0 0 0 0 0 0 0 0 0 0 0 0 0 0 0 0 0 1 0 0 0 0 0 0 0 0 
0 0 0 0 0 0 0 0 0 0 0 0 0 0 0 0 0 0 0 0 0 0 0 0 0 0 0 0 0 0 0 0 0 0 1 0 0 0 0 0 
0 0 0 0 1 0 0 0 0 0 0 1 1 0 0 0 0 0 0 0 0 0 0 0 0 0 0 0 0 0 0 1 1 0 0 1 0 0 1 0 
0 1 0 0 0 1 1 1 0 1 1 0 0 0 0 0 0 0 1 1 0 0 1 0 1 0 0 0 0 1 1 0 1 0 0 1 1 1 0 0 
0 0 0 0 1 0 0 0 0 0 0 1 1 0 0 0 0 0 0 0 0 0 0 0 0 0 0 0 0 0 0 0 0 0 0 1 0 0 1 0 
0 1 0 0 0 0 0 0 0 0 0 0 0 0 0 0 1 0 0 0 0 0 0 0 0 0 0 0 0 0 0 0 0 1 0 0 0 0 0 1 
0 0 0 0 0 0 0 0 0 0 1 0 0 0 0 0 0 0 0 0 0 0 0 0 0 0 0 0 0 0 0 0 0 0 0 0 0 0 0 0 
0 0 0 0 1 0 0 0 0 0 0 1 1 0 0 0 0 0 0 0 0 0 1 0 0 0 0 0 0 0 0 1 0 0 0 1 0 0 1 0 
0 0 0 0 1 0 0 0 0 0 0 1 1 0 0 0 0 0 0 0 0 0 0 0 0 0 0 0 0 0 0 1 0 0 0 0 0 0 1 0 
0 1 1 0 1 0 0 0 1 0 0 0 1 0 1 0 1 0 0 1 1 1 0 0 1 1 0 0 0 0 0 1 0 1 1 0 1 1 1 1 
0 1 1 0 1 0 0 0 1 0 0 0 1 0 1 0 1 0 0 1 1 1 1 0 1 1 0 0 0 0 0 1 0 1 1 1 1 1 1 1 
0 0 0 0 0 0 0 0 0 0 0 0 0 0 0 0 0 0 0 0 1 0 0 0 0 0 0 0 0 0 0 0 0 0 0 0 0 0 0 0 
1 0 0 0 0 0 0 0 0 0 0 0 0 0 0 0 0 0 0 0 0 0 0 0 0 0 0 0 0 0 0 0 0 0 0 0 0 0 0 0 
0 0 0 0 0 0 0 0 0 0 0 0 0 0 0 0 0 0 0 0 0 0 0 0 0 0 1 0 0 0 0 0 0 0 0 0 0 0 0 0 
0 0 0 0 1 0 0 0 0 0 0 1 0 0 0 0 0 0 0 0 0 0 0 0 0 0 0 0 0 0 0 1 0 0 0 1 0 0 1 0 
0 0 0 0 1 0 0 0 0 0 0 1 1 1 0 0 0 0 0 0 0 0 0 0 0 0 0 0 0 0 0 1 0 0 0 1 0 0 1 0 
0 1 0 0 0 1 1 0 0 1 0 0 0 0 0 0 0 0 1 1 0 0 1 0 1 0 0 0 0 1 1 0 1 0 0 1 1 1 0 0 
0 0 0 0 0 1 0 1 1 0 1 0 0 0 0 1 1 0 0 1 0 1 0 1 0 0 0 1 1 1 1 1 0 0 1 0 0 1 1 1 
0 0 0 0 0 1 0 1 1 0 1 0 1 1 0 1 1 0 0 1 0 1 0 1 0 0 0 1 1 1 1 1 0 0 1 0 0 1 1 1 
0 0 0 0 0 0 0 0 0 0 0 0 0 0 0 0 1 0 0 0 0 0 0 0 0 0 0 0 0 0 0 0 0 1 0 0 1 0 0 1 
0 0 0 0 1 0 0 0 1 0 0 1 1 0 0 0 0 0 0 0 0 0 0 0 0 0 0 0 0 0 0 1 0 0 0 1 0 0 1 0 
1 1 0 0 0 1 1 1 0 1 0 0 0 0 0 0 0 0 1 1 0 0 1 0 1 0 0 0 0 1 1 0 1 0 0 1 1 1 0 0 
0 1 0 0 0 1 1 1 0 1 0 0 0 0 0 0 0 0 1 1 0 0 1 0 1 0 1 0 0 1 1 0 1 0 0 1 1 1 0 0 
0 1 0 0 0 1 1 1 0 1 0 0 0 0 0 0 0 0 1 1 0 0 1 0 1 0 0 0 0 1 1 0 1 0 0 1 1 1 0 0 
0 1 0 0 0 1 1 1 0 1 0 0 0 0 0 0 0 0 1 1 1 0 1 0 1 0 0 0 0 1 1 0 1 0 0 1 1 1 0 0 
0 1 0 0 0 1 1 1 0 1 0 0 0 0 0 0 0 0 1 1 0 0 1 0 1 0 0 0 0 1 1 0 1 0 0 1 1 1 0 1 
0 0 0 0 0 0 0 0 0 0 0 0 0 0 1 0 1 0 0 0 0 0 0 0 0 0 0 0 0 0 0 0 0 1 0 0 0 0 0 1 
0 0 0 0 1 0 0 0 0 0 0 1 1 0 0 0 0 0 0 0 1 0 0 0 0 0 0 0 0 0 0 1 0 0 0 1 0 0 1 0 
1 0 0 0 1 0 0 0 0 0 0 1 1 0 0 0 0 0 0 0 0 0 0 0 0 0 0 0 0 0 0 1 0 0 0 1 0 0 1 0 
0 0 0 0 0 0 0 0 1 0 0 0 0 0 0 0 0 0 0 0 0 0 0 0 0 0 0 0 0 0 0 0 0 0 0 0 0 0 0 0 
0 1 0 0 0 1 1 1 1 1 0 0 0 0 0 0 0 0 1 1 0 0 1 0 1 0 0 0 0 1 1 0 1 0 0 1 1 1 0 0 
0 0 0 0 0 0 0 0 0 0 0 0 0 0 0 0 0 0 0 0 0 0 0 0 0 0 0 0 0 0 0 0 0 0 0 1 0 0 0 0 
0 1 1 0 1 0 0 0 1 0 0 0 1 0 1 0 1 0 0 1 1 1 1 0 1 1 0 0 1 0 0 1 0 1 1 0 1 1 1 1 
0 1 0 0 1 0 0 0 0 0 0 1 1 0 0 0 0 0 0 0 0 0 0 0 0 0 0 0 0 0 0 1 0 0 0 1 0 0 1 0 
0 0 0 0 1 0 0 0 0 0 0 0 1 0 0 0 0 0 0 0 0 0 0 0 0 0 0 0 0 0 0 1 0 0 0 1 0 0 1 0 
0 0 0 0 0 1 0 1 1 0 1 0 0 1 0 1 1 0 0 1 0 1 0 1 0 0 0 1 1 1 1 1 0 0 1 0 0 1 0 1 
0 0 0 0 0 1 0 1 1 0 1 0 0 1 0 1 1 0 0 1 0 1 0 1 0 1 0 1 1 1 1 1 0 0 1 0 0 1 1 1 
0 1 0 0 0 1 1 1 0 1 0 0 0 0 0 0 0 0 1 1 0 0 1 0 1 0 0 0 0 1 1 0 1 0 0 1 0 1 0 0 
0 1 1 0 1 0 0 0 1 0 0 0 1 0 0 0 1 0 0 1 1 1 1 0 1 1 0 0 0 0 0 1 0 1 1 0 1 1 1 1 
0 0 0 0 0 1 0 0 1 0 1 0 0 1 0 1 1 0 0 1 0 1 0 1 0 0 0 1 1 1 1 1 0 0 1 0 0 1 1 1 
0 1 0 0 0 1 1 1 0 1 0 0 0 0 0 0 0 0 1 0 0 0 1 0 1 0 0 0 0 1 1 0 1 0 0 1 1 1 0 0 
0 0 0 0 0 1 0 1 1 0 1 0 0 1 0 1 1 0 0 1 0 1 0 1 0 0 0 1 1 1 1 1 0 1 1 0 0 1 1 1 
0 0 0 0 1 0 0 0 0 0 0 1 1 0 0 0 0 0 0 0 0 0 0 0 0 0 0 0 0 0 0 1 0 0 0 1 1 0 1 0 
0 0 0 0 0 0 0 0 0 0 0 0 0 0 0 0 0 0 0 0 0 0 0 0 0 0 0 0 0 1 0 0 0 0 0 0 0 0 0 0 
1 0 0 1 1 1 0 0 0 0 1 1 0 0 0 1 0 0 1 0 0 0 1 1 1 1 1 1 1 1 0 0 1 0 0 0 0 0 0 0 
0 0 0 0 0 1 0 1 0 0 1 0 0 1 0 1 1 0 0 1 0 1 0 1 0 0 0 1 1 1 1 1 0 0 1 0 0 1 1 1 
0 0 0 0 1 0 0 0 0 0 0 0 0 0 0 0 1 0 0 0 0 0 0 0 0 0 0 0 0 0 0 0 0 1 0 0 0 0 0 1 
0 0 1 0 0 1 0 1 1 0 1 0 0 1 0 1 1 0 0 1 0 1 0 1 0 0 0 1 1 1 1 1 0 0 1 0 0 1 1 1 
0 0 0 0 1 0 0 0 0 0 0 1 1 0 0 0 0 0 0 0 0 0 0 0 0 1 0 0 0 0 0 1 0 0 0 1 0 0 1 0 
0 0 0 0 1 0 0 0 0 0 0 1 1 0 0 0 0 0 0 0 0 0 0 0 0 0 0 0 0 0 0 1 0 0 1 1 0 0 1 0 
0 0 0 0 0 0 0 0 0 0 0 0 0 0 0 0 1 0 0 0 0 0 0 1 0 0 0 0 0 0 0 0 0 1 0 0 0 0 0 1 
0 0 0 0 0 1 0 1 1 0 1 0 0 1 0 1 1 0 0 1 0 1 0 1 0 0 0 1 1 1 1 1 0 0 1 0 0 1 1 1 
0 0 0 0 0 1 0 1 1 0 1 0 0 1 0 1 1 0 0 1 0 1 0 1 0 0 0 1 1 1 1 1 0 0 1 0 0 1 1 0 
0 0 0 0 0 1 0 1 1 0 1 0 0 1 0 1 1 0 0 1 1 1 0 1 0 0 0 1 1 1 1 1 0 0 1 0 0 1 1 1 
0 1 1 0 1 0 0 0 1 0 0 0 1 0 1 1 1 0 0 1 1 1 1 0 1 1 0 0 0 0 0 1 0 1 1 0 1 1 1 1 
0 0 0 0 0 1 1 1 0 1 0 0 0 0 0 0 0 0 1 1 0 0 1 0 1 0 0 0 0 1 1 0 1 0 0 1 1 1 0 0 
0 0 0 0 1 0 0 0 0 0 1 1 1 0 0 0 0 0 0 0 0 0 0 0 0 0 0 0 0 0 0 1 0 0 0 1 0 0 1 0 
0 0 0 0 1 0 0 0 0 0 0 1 1 0 0 0 0 0 0 0 0 0 0 0 0 0 0 0 0 0 0 1 0 1 0 1 0 0 1 0 
0 0 0 0 0 0 0 0 0 0 0 0 0 0 0 0 1 0 0 0 0 0 1 0 0 0 0 0 0 0 0 0 0 1 0 0 0 0 0 1 
1 0 0 0 0 1 0 1 1 0 1 0 0 1 0 1 1 0 0 1 0 1 0 1 0 0 0 1 1 1 1 1 0 0 1 0 0 1 1 1 
0 0 0 0 0 0 0 0 0 0 0 0 0 0 0 0 0 0 0 0 0 0 0 0 0 0 0 0 0 0 0 0 0 0 0 0 0 1 0 0 
0 1 1 0 1 0 0 0 1 1 0 0 1 0 1 0 1 0 0 1 1 1 1 0 1 1 0 0 0 0 0 1 0 1 1 0 1 1 1 1 
0 1 1 1 1 0 0 0 1 0 0 0 1 0 1 0 1 0 0 1 1 1 1 0 1 1 0 0 0 0 0 1 0 1 1 0 1 1 1 1 
0 1 1 0 1 0 0 0 1 0 0 0 1 0 1 0 1 0 1 1 1 1 1 0 1 1 0 0 0 0 0 1 0 1 1 0 1 1 1 1 
0 1 1 0 1 0 0 0 1 0 0 0 1 0 1 0 0 0 0 1 1 1 1 0 1 1 0 0 0 0 0 1 0 1 1 0 1 1 1 1 
0 0 0 0 0 0 0 0 0 0 0 0 0 0 0 0 1 0 0 0 0 0 0 0 0 0 0 0 0 0 0 0 1 1 0 0 0 0 0 1 
0 1 0 0 0 1 1 1 0 1 0 1 0 0 0 0 0 0 1 1 0 0 1 0 1 0 0 0 0 1 1 0 1 0 0 1 1 1 0 0 
MFS
[ 0 , - , - , 0 , - , - , - , - , - , - , - , - , - , - , - , - , - , - , - , - , - , - , - , - , - , - , - , - , - , - , - , - , - , - , - , - , - , - , - , - ]
precise
1.0
recall
1.0
F-measure
1.0
multi
0
time
all 406 iden 0 gen 406
t-cover
3120
all-cover
3120
coveredNum
(2 : 7)  (3 : 34)  (195 : 1)  (4 : 125)  (196 : 20)  (5 : 167)  (197 : 45)  (6 : 202)  (198 : 20)  (7 : 223)  (8 : 77)  (200 : 1)  (9 : 12)  (10 : 2)  (79 : 6)  (80 : 37)  (81 : 68)  (82 : 127)  (83 : 152)  (84 : 77)  (85 : 12)  (86 : 1)  (157 : 2)  (158 : 50)  (159 : 119)  (160 : 87)  (161 : 17)  (39 : 1)  (40 : 5)  (41 : 41)  (234 : 3)  (42 : 140)  (235 : 3)  (43 : 210)  (44 : 316)  (45 : 251)  (46 : 91)  (47 : 5)  (118 : 2)  (119 : 9)  (120 : 57)  (121 : 140)  (122 : 117)  (123 : 36)  (124 : 2)  
real Identify
([ 0 , - , - , 0 , - , - , - , - , - , - , - , - , - , - , - , - , - , - , - , - , - , - , - , - , - , - , - , - , - , - , - , - , - , - , - , - , - , - , - , - ] : 1)  
testCase Num: 293
regaular Num: 13
identify Num: 280
0 0 0 0 1 0 0 1 1 1 1 0 0 1 0 1 1 1 1 1 1 0 0 1 0 0 0 1 1 1 0 0 0 1 1 0 0 1 1 1 
0 0 1 0 0 1 1 1 1 0 1 1 0 1 1 0 0 0 1 0 0 1 0 0 1 1 1 1 0 0 0 1 1 1 0 1 0 0 1 1 
0 0 0 0 0 0 0 1 0 0 0 0 0 0 0 0 0 0 0 0 0 0 0 0 0 0 0 0 0 0 0 0 0 0 0 0 0 0 0 0 
0 0 0 0 0 0 0 0 0 0 0 0 0 0 0 0 1 0 1 0 0 1 1 0 0 0 0 0 0 0 1 0 1 1 0 1 0 0 0 0 
0 0 1 0 1 0 0 1 1 0 1 0 0 1 0 1 1 1 1 1 1 0 0 1 0 0 0 1 1 1 0 0 0 1 1 0 0 1 1 1 
0 0 0 0 0 0 0 0 0 0 0 0 0 0 0 0 0 0 0 0 0 0 0 0 0 1 0 0 0 0 0 0 0 0 0 0 0 1 0 0 
0 0 0 0 0 1 1 1 1 0 1 1 0 1 1 0 0 0 1 0 0 1 0 0 1 1 1 1 0 0 0 0 1 1 0 1 0 0 1 1 
0 0 0 0 0 0 0 0 0 0 1 0 0 0 0 0 0 1 0 0 0 0 0 0 0 1 0 0 0 0 0 0 0 0 0 0 0 1 0 0 
0 0 0 0 0 0 0 0 0 0 0 0 0 0 0 0 1 0 1 0 0 1 1 0 0 0 0 0 0 0 0 1 1 1 0 1 0 0 0 0 
0 0 0 0 1 1 0 0 0 1 0 0 1 0 0 0 0 0 0 1 0 0 1 0 0 0 0 1 0 1 0 1 0 1 0 1 1 0 0 1 
0 0 0 0 1 0 0 1 1 0 1 0 0 1 1 1 1 1 1 1 1 0 0 1 0 0 0 1 1 1 0 0 0 1 1 0 0 1 1 1 
0 0 0 0 0 0 0 0 0 0 0 0 0 0 0 0 0 0 0 0 0 0 0 0 1 0 0 0 0 0 0 0 0 0 0 0 0 0 0 0 
0 0 0 0 1 0 0 1 1 0 1 0 0 1 0 1 1 1 1 1 0 0 0 1 0 0 0 1 1 1 0 0 0 1 1 0 0 1 1 1 
0 0 0 0 0 0 1 0 0 0 1 0 0 0 0 0 0 0 0 0 0 0 0 0 0 1 0 0 0 0 0 0 0 0 0 0 0 1 0 0 
0 0 0 0 0 0 0 0 0 0 0 0 0 0 0 0 0 0 0 0 0 1 0 0 0 0 0 0 0 0 0 0 0 0 0 0 0 0 0 0 
0 0 0 0 0 0 0 0 0 0 1 0 0 0 0 0 0 0 0 0 0 0 0 0 0 1 0 0 0 0 0 0 1 0 0 0 0 1 0 0 
0 0 0 0 0 0 0 0 0 0 0 0 0 0 0 0 1 0 1 0 0 1 1 0 0 0 0 0 0 0 0 0 1 1 1 1 0 0 0 0 
0 0 0 0 0 0 0 0 0 0 0 0 0 0 0 0 0 0 1 0 0 0 0 0 0 0 0 0 0 0 0 0 0 0 0 0 0 0 0 0 
0 0 0 0 1 1 0 0 0 1 0 0 0 0 0 0 0 0 0 1 0 0 0 0 0 0 0 1 0 1 0 1 0 1 0 1 1 0 0 1 
0 0 0 0 0 0 0 0 0 0 1 1 0 0 0 0 0 0 0 0 0 0 0 0 0 1 0 0 0 0 0 0 0 0 0 0 0 1 0 0 
0 1 1 0 0 0 0 1 0 0 1 0 0 1 1 1 0 1 0 1 1 1 0 0 0 1 0 0 0 0 1 1 1 1 0 0 0 1 0 1 
0 0 0 0 1 0 0 1 1 0 1 0 0 1 0 1 1 1 1 1 1 0 0 1 0 0 0 1 1 1 0 0 0 1 1 1 0 1 1 1 
0 0 0 0 0 0 0 0 0 0 0 0 0 0 0 0 0 0 0 0 0 0 0 0 0 0 0 0 0 0 0 0 0 0 0 0 0 0 1 0 
0 0 0 0 1 0 0 0 0 0 0 0 0 0 0 0 0 0 0 0 0 0 0 0 0 0 0 0 0 0 0 0 0 0 0 0 0 0 0 0 
0 0 0 0 0 0 0 0 0 0 0 0 0 0 0 0 1 0 1 0 1 1 1 0 0 0 0 0 0 0 0 0 1 1 0 1 0 0 0 0 
0 0 0 0 0 0 0 0 0 0 1 0 0 0 0 0 0 0 0 0 0 0 0 0 0 1 0 0 0 0 0 0 0 0 1 0 0 1 0 0 
0 0 0 0 0 0 0 0 0 0 0 0 0 0 0 0 0 0 0 0 0 0 0 0 0 0 0 0 0 0 0 0 0 0 0 0 0 0 0 1 
0 0 0 0 0 0 0 0 0 0 0 0 0 0 0 0 0 0 0 0 0 0 0 0 0 0 0 0 0 0 0 0 0 0 0 0 0 0 0 0 
0 0 0 0 0 0 0 0 0 0 0 0 0 0 0 0 0 0 0 0 0 0 0 0 0 0 0 1 0 0 0 0 0 0 0 0 0 0 0 0 
0 0 0 0 0 1 1 1 1 1 1 1 0 1 1 0 0 0 1 0 0 1 0 0 1 1 1 1 0 0 0 1 1 1 0 1 0 0 1 1 
0 0 0 0 1 0 0 1 1 0 1 0 0 1 0 1 0 1 1 1 1 0 0 1 0 0 0 1 1 1 0 0 0 1 1 0 0 1 1 1 
0 1 1 0 0 0 0 1 0 0 1 0 1 1 1 1 0 1 0 1 1 1 0 0 0 1 0 0 0 0 1 1 1 0 0 0 0 1 0 1 
0 0 0 0 1 1 0 0 0 1 0 0 1 0 0 0 0 0 0 1 0 0 0 0 0 0 0 1 0 1 0 1 0 0 0 1 1 0 0 1 
0 0 0 0 0 0 0 0 0 0 1 0 0 0 0 0 1 0 0 0 0 0 0 0 0 1 0 0 0 0 0 0 0 0 0 0 0 1 0 0 
0 0 0 0 0 1 1 1 1 0 1 1 0 1 1 0 0 0 1 0 0 1 0 1 1 1 1 1 0 0 0 1 1 1 0 1 0 0 1 1 
0 0 0 0 1 0 0 1 1 0 1 0 0 1 0 1 1 1 1 0 1 0 0 1 0 0 0 1 1 1 0 0 0 1 1 0 0 1 1 1 
0 1 1 0 0 0 0 1 0 0 1 0 0 1 1 1 0 1 0 1 1 1 0 0 0 1 0 0 0 0 1 1 1 0 0 0 0 0 0 1 
0 0 0 0 0 1 1 1 1 0 0 1 0 1 1 0 0 0 1 0 0 1 0 0 1 1 1 1 0 0 0 1 1 1 0 1 0 0 1 1 
0 0 0 0 0 1 1 1 1 0 1 1 0 1 1 0 0 0 1 0 0 1 1 0 1 1 1 1 0 0 0 1 1 1 0 1 0 0 1 1 
0 0 0 0 1 0 0 1 1 0 1 0 0 1 0 1 1 1 1 1 1 0 0 1 0 0 0 1 1 1 0 0 0 1 0 0 0 1 1 1 
0 0 0 0 0 0 0 0 0 1 1 0 0 0 0 0 0 0 0 0 0 0 0 0 0 1 0 0 0 0 0 0 0 0 0 0 0 1 0 0 
0 0 0 0 0 0 0 0 0 0 1 0 0 0 0 1 0 0 0 0 0 0 0 0 0 1 0 0 0 0 0 0 0 0 0 0 0 1 0 0 
0 0 0 0 1 0 0 1 1 0 0 0 0 1 0 1 1 1 1 1 1 0 0 1 0 0 0 1 1 1 0 0 0 1 1 0 0 1 1 1 
0 0 0 0 1 0 0 1 1 0 1 0 0 1 0 1 1 1 1 1 1 0 1 1 0 0 0 1 1 1 0 0 0 1 1 0 0 1 1 1 
0 0 0 0 1 1 0 0 0 1 0 0 1 0 0 0 0 0 0 1 0 0 0 1 0 0 0 1 0 1 0 1 0 1 0 1 1 0 0 1 
0 0 1 0 0 0 0 0 0 0 1 0 0 0 0 0 0 0 0 0 0 0 0 0 0 1 0 0 0 0 0 0 0 0 0 0 0 1 0 0 
0 0 0 0 0 0 0 0 0 0 0 0 0 0 0 0 0 0 0 0 0 0 0 0 0 1 0 0 0 0 0 0 0 0 0 0 0 0 0 0 
0 0 0 0 0 1 0 1 1 0 1 1 0 1 1 0 0 0 1 0 0 1 0 0 1 1 1 1 0 0 0 1 1 1 0 1 0 0 1 1 
0 0 0 0 0 0 0 0 0 0 1 0 0 0 1 0 0 0 0 0 0 0 0 0 0 1 0 0 0 0 0 0 0 0 0 0 0 1 0 0 
0 0 0 0 0 0 0 0 0 0 0 0 0 0 0 0 0 0 0 0 0 0 0 0 0 0 0 0 0 0 0 0 0 1 0 0 0 0 0 0 
0 0 0 0 1 1 0 0 0 1 0 0 1 0 0 0 0 0 0 1 0 0 0 0 0 0 0 1 0 1 0 1 0 1 0 1 1 1 0 1 
0 0 0 0 1 1 0 0 0 1 0 0 1 0 0 0 0 0 0 1 0 0 0 0 0 0 1 1 0 1 0 1 0 1 0 1 1 0 0 1 
0 0 0 1 0 0 0 0 0 0 0 0 0 0 0 0 0 0 0 0 0 0 0 0 0 0 0 0 0 0 0 0 0 0 0 0 0 0 0 0 
0 0 0 0 1 0 0 1 1 0 1 0 0 1 0 1 1 1 1 1 1 0 0 1 0 0 0 1 1 1 0 0 1 1 1 0 0 1 1 1 
0 0 0 0 0 0 0 0 0 0 0 0 1 0 0 0 0 0 0 0 0 0 0 0 0 0 0 0 0 0 0 0 0 0 0 0 0 0 0 0 
0 0 0 0 0 0 0 0 0 0 1 0 0 0 0 0 0 0 0 0 1 0 0 0 0 1 0 0 0 0 0 0 0 0 0 0 0 1 0 0 
0 0 0 0 1 1 0 0 0 1 0 0 1 0 0 0 0 0 0 1 0 0 0 0 0 0 0 1 0 1 0 0 0 1 0 1 1 0 0 1 
0 1 1 0 0 0 0 1 0 0 1 0 0 1 1 1 0 1 0 1 1 1 0 0 0 1 0 0 0 0 1 1 1 0 0 0 1 1 0 1 
0 0 0 0 0 1 0 0 0 0 0 0 0 0 0 0 1 0 1 0 0 1 1 0 0 0 0 0 0 0 0 0 1 1 0 1 0 0 0 0 
0 0 0 0 1 0 0 1 1 0 1 1 0 1 0 1 1 1 1 1 1 0 0 1 0 0 0 1 1 1 0 0 0 1 1 0 0 1 1 1 
0 0 0 0 1 0 0 1 1 0 1 0 0 1 0 0 1 1 1 1 1 0 0 1 0 0 0 1 1 1 0 0 0 1 1 0 0 1 1 1 
0 0 0 0 0 0 0 0 0 0 0 0 0 0 0 0 0 0 0 0 0 0 0 0 0 0 0 0 0 0 0 0 0 0 0 0 1 0 0 0 
0 0 0 0 0 1 1 1 1 0 1 1 0 1 1 0 0 0 1 0 0 1 0 0 1 1 1 1 0 0 0 1 1 0 0 1 0 0 1 1 
0 0 0 0 0 0 0 0 0 0 1 0 0 1 0 0 0 0 0 0 0 0 0 0 0 1 0 0 0 0 0 0 0 0 0 0 0 1 0 0 
0 0 0 0 0 1 1 1 1 0 1 1 0 1 1 0 1 0 1 0 0 1 0 0 1 1 1 1 0 0 0 1 1 1 0 1 0 0 1 1 
0 1 0 0 0 0 0 0 0 0 0 0 0 0 0 0 0 0 0 0 0 0 0 0 0 0 0 0 0 0 0 0 0 0 0 0 0 0 0 0 
0 0 0 0 1 0 0 1 1 0 1 0 0 1 0 1 1 1 1 1 1 0 0 1 0 0 0 1 1 1 0 0 0 0 1 0 0 1 1 1 
0 0 0 0 0 1 1 1 1 0 1 1 0 1 1 0 0 0 1 0 0 1 0 0 1 0 1 1 0 0 0 1 1 1 0 1 0 0 1 1 
0 0 0 0 0 0 0 0 0 0 1 0 0 0 0 0 0 0 0 1 0 0 0 0 0 1 0 0 0 0 0 0 0 0 0 0 0 1 0 0 
0 0 0 0 1 1 0 0 0 1 0 0 1 0 0 0 0 0 0 1 0 0 0 0 0 0 0 1 0 1 0 1 0 1 0 1 0 0 0 1 
0 1 1 0 0 0 0 1 0 0 1 0 0 1 1 1 0 1 0 1 1 1 0 0 1 1 0 0 0 0 1 1 1 0 0 0 0 1 0 1 
0 0 0 0 0 1 1 1 1 0 1 1 0 1 1 1 0 0 1 0 0 1 0 0 1 1 1 1 0 0 0 1 1 1 0 1 0 0 1 1 
0 0 1 0 0 0 0 0 0 0 0 0 0 0 0 0 1 0 1 0 0 1 1 0 0 0 0 0 0 0 0 0 1 1 0 1 0 0 0 0 
0 1 1 0 0 0 0 1 0 0 1 0 0 1 1 1 0 1 0 1 1 1 0 0 0 1 0 0 0 0 1 1 1 0 0 0 0 1 0 1 
0 1 1 0 0 0 0 1 0 0 1 0 0 1 1 1 0 1 0 1 1 1 0 0 0 1 0 0 0 0 1 1 1 0 0 0 0 1 0 0 
0 0 0 0 1 0 0 0 1 0 1 0 0 1 0 1 1 1 1 1 1 0 0 1 0 0 0 1 1 1 0 0 0 1 1 0 0 1 1 1 
0 0 0 0 1 1 0 0 0 1 0 0 1 0 0 0 0 0 0 0 0 0 0 0 0 0 0 1 0 1 0 1 0 1 0 1 1 0 0 1 
0 0 0 0 0 0 0 0 0 0 1 0 1 0 0 0 0 0 0 0 0 0 0 0 0 1 0 0 0 0 0 0 0 0 0 0 0 1 0 0 
0 1 0 0 0 0 0 0 0 0 0 0 0 0 0 0 1 0 1 0 0 1 1 0 0 0 0 0 0 0 0 0 1 1 0 1 0 0 0 0 
0 0 0 0 0 0 0 0 0 0 1 0 0 0 0 0 0 0 0 0 0 0 1 0 0 1 0 0 0 0 0 0 0 0 0 0 0 1 0 0 
0 0 0 0 0 1 1 1 1 0 1 1 0 1 1 0 0 0 1 0 0 1 0 0 1 1 1 1 0 0 0 1 1 1 0 1 0 1 1 1 
0 0 0 0 0 0 0 0 0 0 0 0 0 0 0 0 1 0 1 0 0 1 1 0 0 0 0 0 0 0 0 0 1 1 0 1 1 0 0 0 
0 1 1 0 0 0 0 1 0 0 1 0 0 1 1 1 0 1 0 1 1 1 0 0 0 1 0 0 0 0 1 1 1 0 1 0 0 1 0 1 
0 0 0 0 1 1 0 0 0 1 0 0 1 0 0 0 0 0 0 1 0 0 0 0 0 0 0 1 0 1 0 1 0 1 0 1 1 0 0 1 
1 0 0 0 1 0 0 1 1 0 1 0 0 1 0 1 1 1 1 1 1 0 0 1 0 0 0 1 1 1 0 0 0 1 1 0 0 1 1 1 
0 0 0 0 0 1 1 1 1 0 1 1 0 1 0 0 0 0 1 0 0 1 0 0 1 1 1 1 0 0 0 1 1 1 0 1 0 0 1 1 
0 0 0 0 1 1 0 0 0 1 0 0 1 0 0 0 0 0 0 1 0 0 0 0 0 0 0 1 0 1 0 1 0 1 0 1 1 0 0 0 
0 0 0 0 0 0 0 0 0 0 0 1 0 0 0 0 1 0 1 0 0 1 1 0 0 0 0 0 0 0 0 0 1 1 0 1 0 0 0 0 
0 1 1 0 0 0 0 1 0 0 1 0 0 1 1 1 0 1 0 1 1 1 0 0 0 1 0 0 0 0 1 1 1 0 0 0 0 1 1 1 
0 0 0 0 0 0 0 1 0 0 0 0 0 0 0 0 1 0 1 0 0 1 1 0 0 0 0 0 0 0 0 0 1 1 0 1 0 0 0 0 
0 0 0 0 0 1 1 1 1 0 1 1 0 1 1 0 0 0 1 0 0 1 0 0 1 1 1 1 1 0 0 1 1 1 0 1 0 0 1 1 
0 1 0 0 1 1 0 0 0 1 0 0 1 0 0 0 0 0 0 1 0 0 0 0 0 0 0 1 0 1 0 1 0 1 0 1 1 0 0 1 
0 0 0 0 1 0 0 1 1 0 1 0 0 1 0 1 1 0 1 1 1 0 0 1 0 0 0 1 1 1 0 0 0 1 1 0 0 1 1 1 
0 0 0 0 1 1 0 0 0 1 0 1 1 0 0 0 0 0 0 1 0 0 0 0 0 0 0 1 0 1 0 1 0 1 0 1 1 0 0 1 
0 1 1 0 0 0 0 1 0 0 1 0 0 1 1 1 0 1 0 1 1 1 0 0 0 1 0 0 0 1 1 1 1 0 0 0 0 1 0 1 
0 1 1 0 0 0 0 0 0 0 1 0 0 1 1 1 0 1 0 1 1 1 0 0 0 1 0 0 0 0 1 1 1 0 0 0 0 1 0 1 
0 0 0 0 1 1 0 0 0 1 1 0 1 0 0 0 0 0 0 1 0 0 0 0 0 0 0 1 0 1 0 1 0 1 0 1 1 0 0 1 
0 0 0 0 1 1 0 1 1 0 1 0 0 1 0 1 1 1 1 1 1 0 0 1 0 0 0 1 1 1 0 0 0 1 1 0 0 1 1 1 
0 0 0 0 1 1 0 1 0 1 0 0 1 0 0 0 0 0 0 1 0 0 0 0 0 0 0 1 0 1 0 1 0 1 0 1 1 0 0 1 
0 0 0 0 0 1 1 1 1 0 1 1 0 1 1 0 0 0 1 0 0 1 0 0 1 1 1 1 0 1 0 1 1 1 0 1 0 0 1 1 
0 0 0 0 1 1 0 0 0 1 0 0 1 0 0 0 0 0 0 1 0 0 0 0 0 0 0 1 0 1 0 1 0 1 1 1 1 0 0 1 
0 0 0 1 0 1 1 1 1 0 1 1 0 1 1 0 0 0 1 0 0 1 0 0 1 1 1 1 0 0 0 1 1 1 0 1 0 0 1 1 
0 0 0 0 0 0 0 0 0 0 0 0 0 0 0 0 0 0 0 0 0 0 0 0 0 0 0 0 1 0 0 0 0 0 0 0 0 0 0 0 
0 1 1 0 0 0 0 1 0 0 0 0 0 1 1 1 0 1 0 1 1 1 0 0 0 1 0 0 0 0 1 1 1 0 0 0 0 1 0 1 
0 0 0 0 0 0 0 0 0 0 1 0 0 0 0 0 0 0 0 0 0 0 0 0 0 1 0 0 0 0 0 0 0 0 0 0 1 1 0 0 
0 0 0 0 1 1 0 0 0 1 0 0 1 0 0 0 0 0 0 1 0 0 0 0 0 0 0 1 0 0 0 1 0 1 0 1 1 0 0 1 
0 0 0 0 0 0 0 0 0 0 0 0 0 0 0 0 1 0 1 0 0 1 1 0 0 0 0 0 0 0 0 0 1 1 0 0 0 0 0 0 
1 1 1 0 0 0 0 1 0 0 1 0 0 1 1 1 0 1 0 1 1 1 0 0 0 1 0 0 0 0 1 1 1 0 0 0 0 1 0 1 
0 0 1 0 0 0 0 1 0 0 1 0 0 1 1 1 0 1 0 1 1 1 0 0 0 1 0 0 0 0 1 1 1 0 0 0 0 1 0 1 
0 1 1 0 0 0 0 1 0 0 1 0 0 1 1 1 0 1 0 1 0 1 0 0 0 1 0 0 0 0 1 1 1 0 0 0 0 1 0 1 
0 0 0 0 0 0 0 0 0 0 0 0 1 0 0 0 1 0 1 0 0 1 1 0 0 0 0 0 0 0 0 0 1 1 0 1 0 0 0 0 
0 0 0 0 0 1 1 1 1 0 1 1 0 1 1 0 0 1 1 0 0 1 0 0 1 1 1 1 0 0 0 1 1 1 0 1 0 0 1 1 
0 0 0 0 0 0 0 0 0 0 1 0 0 0 0 0 0 0 0 0 0 0 0 1 0 1 0 0 0 0 0 0 0 0 0 0 0 1 0 0 
0 0 0 0 1 0 0 1 1 0 1 0 1 1 0 1 1 1 1 1 1 0 0 1 0 0 0 1 1 1 0 0 0 1 1 0 0 1 1 1 
0 0 0 0 0 0 0 0 0 0 0 0 0 0 0 0 0 0 0 0 0 0 0 0 0 0 0 0 0 0 0 0 1 0 0 0 0 0 0 0 
0 0 0 0 0 0 0 0 0 0 0 0 0 0 0 0 1 0 1 0 0 1 1 0 0 0 0 0 0 0 0 0 1 1 0 1 0 0 0 1 
0 0 0 0 0 1 0 0 0 0 0 0 0 0 0 0 0 0 0 0 0 0 0 0 0 0 0 0 0 0 0 0 0 0 0 0 0 0 0 0 
0 1 1 0 0 0 0 1 0 0 1 1 0 1 1 1 0 1 0 1 1 1 0 0 0 1 0 0 0 0 1 1 1 0 0 0 0 1 0 1 
0 1 0 0 0 0 0 1 0 0 1 0 0 1 1 1 0 1 0 1 1 1 0 0 0 1 0 0 0 0 1 1 1 0 0 0 0 1 0 1 
0 0 0 0 0 1 1 1 1 0 1 1 0 1 1 0 0 0 1 0 0 1 0 0 1 1 1 1 0 0 0 1 0 1 0 1 0 0 1 1 
0 0 0 0 0 0 0 0 0 0 0 0 0 0 0 0 1 0 1 0 0 1 1 0 0 0 0 0 0 0 0 0 1 1 0 1 0 0 1 0 
0 1 1 0 0 0 0 1 1 0 1 0 0 1 1 1 0 1 0 1 1 1 0 0 0 1 0 0 0 0 1 1 1 0 0 0 0 1 0 1 
0 0 1 0 1 1 0 0 0 1 0 0 1 0 0 0 0 0 0 1 0 0 0 0 0 0 0 1 0 1 0 1 0 1 0 1 1 0 0 1 
1 0 0 0 1 1 0 0 0 1 0 0 1 0 0 0 0 0 0 1 0 0 0 0 0 0 0 1 0 1 0 1 0 1 0 1 1 0 0 1 
0 0 0 0 0 0 0 0 0 0 0 0 0 0 0 0 0 0 0 0 0 0 1 0 0 0 0 0 0 0 0 0 0 0 0 0 0 0 0 0 
0 0 0 0 0 0 0 0 0 0 0 0 0 0 0 0 0 0 0 0 0 0 0 1 0 0 0 0 0 0 0 0 0 0 0 0 0 0 0 0 
0 0 0 0 0 0 0 0 0 0 0 0 0 1 0 0 1 0 1 0 0 1 1 0 0 0 0 0 0 0 0 0 1 1 0 1 0 0 0 0 
0 0 0 0 0 0 0 0 0 0 0 0 0 0 0 0 1 0 1 1 0 1 1 0 0 0 0 0 0 0 0 0 1 1 0 1 0 0 0 0 
0 0 0 0 1 1 0 0 0 1 0 0 1 0 0 0 0 0 0 1 1 0 0 0 0 0 0 1 0 1 0 1 0 1 0 1 1 0 0 1 
0 0 0 0 0 0 0 0 0 0 1 0 0 0 0 0 1 0 1 0 0 1 1 0 0 0 0 0 0 0 0 0 1 1 0 1 0 0 0 0 
0 0 0 0 0 0 0 0 0 0 0 0 0 0 0 0 1 0 1 0 0 1 1 0 0 1 0 0 0 0 0 0 1 1 0 1 0 0 0 0 
0 1 1 0 0 0 0 1 0 0 1 0 0 1 1 1 0 1 0 0 1 1 0 0 0 1 0 0 0 0 1 1 1 0 0 0 0 1 0 1 
0 0 0 0 0 0 0 0 0 0 0 0 0 0 0 0 1 0 0 0 0 0 0 0 0 0 0 0 0 0 0 0 0 0 0 0 0 0 0 0 
0 0 0 0 1 1 0 0 1 1 0 0 1 0 0 0 0 0 0 1 0 0 0 0 0 0 0 1 0 1 0 1 0 1 0 1 1 0 0 1 
0 1 1 0 0 0 0 1 0 0 1 0 0 1 1 1 0 1 0 1 1 1 0 0 0 0 0 0 0 0 1 1 1 0 0 0 0 1 0 1 
0 1 1 0 0 0 0 1 0 0 1 0 0 0 1 1 0 1 0 1 1 1 0 0 0 1 0 0 0 0 1 1 1 0 0 0 0 1 0 1 
0 0 0 0 0 1 0 0 0 0 1 0 0 0 0 0 0 0 0 0 0 0 0 0 0 1 0 0 0 0 0 0 0 0 0 0 0 1 0 0 
0 0 0 0 1 0 0 1 1 0 1 0 0 1 0 1 1 1 1 1 1 0 0 1 0 0 0 1 1 0 0 0 0 1 1 0 0 1 1 1 
0 0 0 0 1 1 0 0 0 1 0 0 1 1 0 0 0 0 0 1 0 0 0 0 0 0 0 1 0 1 0 1 0 1 0 1 1 0 0 1 
1 0 0 1 0 1 1 0 1 0 1 1 0 0 0 0 1 1 0 1 0 1 0 0 0 1 0 0 0 1 1 0 0 1 1 0 1 1 0 1 
0 0 0 0 1 0 0 1 1 0 1 0 0 1 0 1 1 1 1 1 1 0 0 1 0 0 0 1 1 1 0 0 0 1 1 0 1 1 1 1 
0 0 0 0 1 1 0 0 0 1 0 0 1 0 0 0 0 0 0 1 0 0 0 0 0 0 0 1 0 1 0 1 0 1 0 1 1 0 1 1 
0 0 0 0 1 0 0 0 0 0 1 0 0 0 0 0 0 0 0 0 0 0 0 0 0 1 0 0 0 0 0 0 0 0 0 0 0 1 0 0 
0 0 0 0 0 0 1 1 1 0 1 1 0 1 1 0 0 0 1 0 0 1 0 0 1 1 1 1 0 0 0 1 1 1 0 1 0 0 1 1 
0 0 0 0 0 1 1 1 1 0 1 1 0 1 1 0 0 0 1 0 0 1 0 0 1 1 1 1 0 0 1 1 1 1 0 1 0 0 1 1 
0 0 0 0 1 1 0 0 0 1 0 0 1 0 0 0 0 0 0 1 0 0 0 0 0 1 0 1 0 1 0 1 0 1 0 1 1 0 0 1 
0 0 0 0 0 1 1 1 0 0 1 1 0 1 1 0 0 0 1 0 0 1 0 0 1 1 1 1 0 0 0 1 1 1 0 1 0 0 1 1 
0 0 0 0 0 0 0 0 0 0 1 0 0 0 0 0 0 0 1 0 0 0 0 0 0 1 0 0 0 0 0 0 0 0 0 0 0 1 0 0 
0 0 0 0 0 0 0 0 0 0 0 1 0 0 0 0 0 0 0 0 0 0 0 0 0 0 0 0 0 0 0 0 0 0 0 0 0 0 0 0 
0 0 0 0 0 0 0 0 0 0 1 0 0 0 0 0 0 0 0 0 0 1 0 0 0 1 0 0 0 0 0 0 0 0 0 0 0 1 0 0 
0 0 0 0 1 0 0 1 0 0 1 0 0 1 0 1 1 1 1 1 1 0 0 1 0 0 0 1 1 1 0 0 0 1 1 0 0 1 1 1 
0 0 0 0 1 0 0 1 1 0 1 0 0 1 0 1 1 1 1 1 1 0 0 1 0 0 0 1 0 1 0 0 0 1 1 0 0 1 1 1 
0 0 0 0 0 0 0 0 0 0 0 0 0 0 0 0 1 0 1 0 0 1 1 0 0 0 0 0 0 0 0 0 1 1 0 1 0 1 0 0 
0 0 0 0 1 0 0 1 1 0 1 0 0 1 0 1 1 1 1 1 1 0 0 1 1 0 0 1 1 1 0 0 0 1 1 0 0 1 1 1 
0 1 1 0 0 0 0 1 0 0 1 0 0 1 1 1 0 1 0 1 1 1 0 0 0 1 0 0 0 0 1 1 1 0 0 1 0 1 0 1 
0 0 0 0 0 0 0 0 0 0 0 0 0 0 1 0 0 0 0 0 0 0 0 0 0 0 0 0 0 0 0 0 0 0 0 0 0 0 0 0 
0 0 0 0 1 1 0 0 0 1 0 0 1 0 0 0 0 0 0 1 0 0 0 0 0 0 0 1 0 1 0 1 0 1 0 0 1 0 0 1 
0 0 0 0 0 1 1 1 1 0 1 1 0 1 1 0 0 0 1 0 0 1 0 0 1 1 0 1 0 0 0 1 1 1 0 1 0 0 1 1 
0 1 0 0 0 1 1 1 1 0 1 1 0 1 1 0 0 0 1 0 0 1 0 0 1 1 1 1 0 0 0 1 1 1 0 1 0 0 1 1 
0 1 0 0 1 0 0 1 1 0 1 0 0 1 0 1 1 1 1 1 1 0 0 1 0 0 0 1 1 1 0 0 0 1 1 0 0 1 1 1 
0 0 1 0 0 0 0 0 0 0 0 0 0 0 0 0 0 0 0 0 0 0 0 0 0 0 0 0 0 0 0 0 0 0 0 0 0 0 0 0 
0 0 0 0 0 0 0 0 0 0 1 0 0 0 0 0 0 0 0 0 0 0 0 0 0 1 0 0 0 0 0 0 0 0 0 0 0 1 0 1 
0 0 0 0 0 0 0 0 0 0 1 0 0 0 0 0 0 0 0 0 0 0 0 0 0 1 0 0 0 0 0 0 0 0 0 0 0 1 0 0 
0 0 0 0 1 0 0 1 1 0 1 0 0 1 0 1 1 1 1 1 1 0 0 1 0 0 0 1 1 1 0 0 0 1 1 0 0 0 1 1 
0 0 0 0 0 0 0 0 0 0 0 0 0 0 0 0 1 0 1 0 0 0 1 0 0 0 0 0 0 0 0 0 1 1 0 1 0 0 0 0 
0 0 0 0 0 0 0 0 0 0 1 0 0 0 0 0 0 0 0 0 0 0 0 0 0 1 0 1 0 0 0 0 0 0 0 0 0 1 0 0 
0 0 0 0 0 0 0 0 0 0 0 0 0 0 0 0 1 0 1 0 0 1 1 0 0 0 0 0 1 0 0 0 1 1 0 1 0 0 0 0 
0 0 0 0 0 0 0 0 1 0 0 0 0 0 0 0 1 0 1 0 0 1 1 0 0 0 0 0 0 0 0 0 1 1 0 1 0 0 0 0 
0 0 0 0 0 0 0 0 0 0 0 0 0 0 0 0 0 1 0 0 0 0 0 0 0 0 0 0 0 0 0 0 0 0 0 0 0 0 0 0 
0 0 0 0 0 0 0 0 0 0 0 0 0 0 0 0 1 0 0 0 0 1 1 0 0 0 0 0 0 0 0 0 1 1 0 1 0 0 0 0 
0 0 0 0 0 0 0 1 0 0 1 0 0 0 0 0 0 0 0 0 0 0 0 0 0 1 0 0 0 0 0 0 0 0 0 0 0 1 0 0 
0 0 0 0 0 0 0 0 0 0 0 0 0 0 0 0 1 0 1 0 0 1 1 0 0 0 0 0 0 0 0 0 1 1 0 1 0 0 0 0 
0 0 0 0 1 1 1 1 1 0 1 1 0 1 1 0 0 0 1 0 0 1 0 0 1 1 1 1 0 0 0 1 1 1 0 1 0 0 1 1 
0 0 0 0 1 1 0 0 0 0 0 0 1 0 0 0 0 0 0 1 0 0 0 0 0 0 0 1 0 1 0 1 0 1 0 1 1 0 0 1 
1 0 0 0 0 0 0 0 0 0 0 0 0 0 0 0 1 0 1 0 0 1 1 0 0 0 0 0 0 0 0 0 1 1 0 1 0 0 0 0 
0 0 0 0 0 0 0 0 0 0 0 0 0 0 0 0 1 0 1 0 0 1 1 0 0 0 1 0 0 0 0 0 1 1 0 1 0 0 0 0 
1 1 1 1 1 1 1 1 1 1 1 1 1 1 1 1 1 1 1 1 1 1 1 0 1 1 1 1 1 1 1 1 1 1 1 1 1 1 1 1 
0 0 0 0 1 0 0 1 1 0 1 0 0 1 0 1 1 1 1 1 1 0 0 1 0 1 0 1 1 1 0 0 0 1 1 0 0 1 1 1 
1 0 1 0 1 0 0 1 0 0 0 0 1 0 0 1 0 1 1 0 0 0 1 0 1 0 1 0 1 0 0 1 1 0 1 1 0 0 1 0 
0 1 1 0 0 0 0 1 0 1 1 0 0 1 1 1 0 1 0 1 1 1 0 0 0 1 0 0 0 0 1 1 1 0 0 0 0 1 0 1 
0 1 1 0 0 0 0 1 0 0 1 0 0 1 1 1 0 1 0 1 1 1 0 1 0 1 0 0 0 0 1 1 1 0 0 0 0 1 0 1 
0 1 1 0 0 0 0 1 0 0 1 0 0 1 1 1 0 1 0 1 1 1 1 0 0 1 0 0 0 0 1 1 1 0 0 0 0 1 0 1 
0 0 0 0 0 1 1 1 1 0 1 1 0 0 1 0 0 0 1 0 0 1 0 0 1 1 1 1 0 0 0 1 1 1 0 1 0 0 1 1 
0 1 1 0 0 0 0 1 0 0 1 0 0 1 1 1 0 1 0 1 1 1 0 0 0 1 1 0 0 0 1 1 1 0 0 0 0 1 0 1 
0 0 0 1 0 0 0 0 0 0 1 0 0 0 0 0 0 0 0 0 0 0 0 0 0 1 0 0 0 0 0 0 0 0 0 0 0 1 0 0 
0 0 0 0 0 0 0 0 0 0 1 0 0 0 0 0 0 0 0 0 0 0 0 0 0 1 0 0 0 0 0 0 0 1 0 0 0 1 0 0 
0 0 0 0 0 0 0 0 0 0 0 0 0 1 0 0 0 0 0 0 0 0 0 0 0 0 0 0 0 0 0 0 0 0 0 0 0 0 0 0 
0 0 0 0 1 0 0 1 1 0 1 0 0 0 0 1 1 1 1 1 1 0 0 1 0 0 0 1 1 1 0 0 0 1 1 0 0 1 1 1 
0 0 0 0 0 0 1 0 0 0 0 0 0 0 0 0 0 0 0 0 0 0 0 0 0 0 0 0 0 0 0 0 0 0 0 0 0 0 0 0 
0 0 0 0 0 0 0 0 0 0 0 0 0 0 0 0 0 0 0 1 0 0 0 0 0 0 0 0 0 0 0 0 0 0 0 0 0 0 0 0 
0 0 0 0 1 1 0 0 0 1 0 0 1 0 0 0 0 0 0 1 0 0 0 0 0 0 0 1 0 1 1 1 0 1 0 1 1 0 0 1 
0 0 0 0 0 1 1 1 1 0 1 1 0 1 1 0 0 0 1 0 0 1 0 0 1 1 1 1 0 0 0 1 1 1 0 1 0 0 1 1 
0 0 0 0 0 1 1 1 1 0 1 1 0 1 1 0 0 0 1 0 0 1 0 0 1 1 1 0 0 0 0 1 1 1 0 1 0 0 1 1 
0 0 0 0 0 1 1 1 1 0 1 1 0 1 1 0 0 0 1 0 0 1 0 0 1 1 1 1 0 0 0 1 1 1 0 1 0 0 1 0 
0 0 0 0 1 1 0 0 0 1 0 0 1 0 0 0 0 0 0 1 0 0 0 0 1 0 0 1 0 1 0 1 0 1 0 1 1 0 0 1 
0 0 0 0 1 0 0 0 0 0 0 0 0 0 0 0 1 0 1 0 0 1 1 0 0 0 0 0 0 0 0 0 1 1 0 1 0 0 0 0 
0 0 0 0 1 0 0 1 1 0 1 0 0 1 0 1 1 1 1 1 1 0 0 1 0 0 0 0 1 1 0 0 0 1 1 0 0 1 1 1 
0 0 0 0 1 0 0 1 1 0 1 0 0 1 0 1 1 1 1 1 1 0 0 1 0 0 0 1 1 1 0 0 0 1 1 0 0 1 1 1 
0 0 0 0 0 0 0 0 0 0 0 0 0 0 0 0 1 0 1 0 0 1 1 0 0 0 0 0 0 0 0 0 1 0 0 1 0 0 0 0 
1 0 0 0 0 0 0 0 0 0 1 0 0 0 0 0 0 0 0 0 0 0 0 0 0 1 0 0 0 0 0 0 0 0 0 0 0 1 0 0 
0 1 1 0 0 0 0 1 0 0 1 0 0 1 1 1 0 1 0 1 1 1 0 0 0 1 0 0 0 0 0 1 1 0 0 0 0 1 0 1 
0 0 0 0 1 0 0 1 1 0 1 0 0 1 0 1 1 1 1 1 1 0 0 1 0 0 0 1 1 1 0 0 0 1 1 0 0 1 1 0 
0 0 0 0 0 0 0 0 0 0 1 0 0 0 0 0 0 0 0 0 0 0 0 0 0 1 0 0 0 0 0 0 0 0 0 0 0 0 0 0 
0 0 0 0 0 0 0 0 0 1 0 0 0 0 0 0 0 0 0 0 0 0 0 0 0 0 0 0 0 0 0 0 0 0 0 0 0 0 0 0 
0 1 0 0 0 0 0 0 0 0 1 0 0 0 0 0 0 0 0 0 0 0 0 0 0 1 0 0 0 0 0 0 0 0 0 0 0 1 0 0 
0 0 0 0 0 0 0 0 0 0 0 0 0 0 0 1 0 0 0 0 0 0 0 0 0 0 0 0 0 0 0 0 0 0 0 0 0 0 0 0 
0 0 0 0 0 0 0 0 0 0 0 0 0 0 0 0 0 0 0 0 0 0 0 0 0 0 0 0 0 0 1 0 0 0 0 0 0 0 0 0 
0 0 0 0 0 0 0 0 1 0 1 0 0 0 0 0 0 0 0 0 0 0 0 0 0 1 0 0 0 0 0 0 0 0 0 0 0 1 0 0 
0 0 0 0 0 0 0 0 0 0 1 0 0 0 0 0 0 0 0 0 0 0 0 0 0 1 0 0 1 0 0 0 0 0 0 0 0 1 0 0 
0 0 0 0 0 1 1 1 1 0 1 1 0 1 1 0 0 0 0 0 0 1 0 0 1 1 1 1 0 0 0 1 1 1 0 1 0 0 1 1 
0 0 0 0 0 1 1 1 1 0 1 1 0 1 1 0 0 0 1 0 0 1 0 0 1 1 1 1 0 0 0 1 1 1 0 1 0 0 0 1 
0 0 0 0 0 0 0 0 0 0 0 0 0 0 0 0 1 0 1 0 0 1 1 0 0 0 0 0 0 1 0 0 1 1 0 1 0 0 0 0 
0 0 0 0 0 0 0 0 0 0 0 0 0 0 0 0 0 0 0 0 0 0 0 0 0 0 0 0 0 0 0 1 0 0 0 0 0 0 0 0 
0 0 0 0 0 0 0 0 0 0 0 0 0 0 0 0 1 0 1 0 0 1 1 1 0 0 0 0 0 0 0 0 1 1 0 1 0 0 0 0 
0 0 0 0 0 0 0 0 0 0 0 0 0 0 0 0 0 0 0 0 0 0 0 0 0 0 0 0 0 0 0 0 0 0 1 0 0 0 0 0 
0 0 0 0 1 0 0 1 1 0 1 0 0 1 0 1 1 1 0 1 1 0 0 1 0 0 0 1 1 1 0 0 0 1 1 0 0 1 1 1 
0 0 0 0 1 0 0 1 1 0 1 0 0 1 0 1 1 1 1 1 1 0 0 1 0 0 0 1 1 1 0 0 0 1 1 0 0 1 0 1 
0 0 0 0 0 0 0 0 0 0 1 0 0 0 0 0 0 0 0 0 0 0 0 0 0 1 0 0 0 0 0 0 0 0 0 0 0 1 1 0 
0 0 0 0 0 0 0 0 0 0 1 0 0 0 0 0 0 0 0 0 0 0 0 0 0 0 0 0 0 0 0 0 0 0 0 0 0 0 0 0 
0 1 1 0 0 0 0 1 0 0 1 0 0 1 1 1 0 1 0 1 1 1 0 0 0 1 0 0 0 0 1 1 0 0 0 0 0 1 0 1 
0 0 0 0 0 0 0 0 0 0 0 0 0 0 0 0 1 0 1 0 0 1 1 0 1 0 0 0 0 0 0 0 1 1 0 1 0 0 0 0 
0 0 0 0 0 0 0 0 0 0 1 0 0 0 0 0 0 0 0 0 0 0 0 0 0 0 0 0 0 0 0 0 0 0 0 0 0 1 0 0 
0 0 0 1 1 0 0 1 1 0 1 0 0 1 0 1 1 1 1 1 1 0 0 1 0 0 0 1 1 1 0 0 0 1 1 0 0 1 1 1 
0 0 0 0 1 1 0 0 0 1 0 0 1 0 0 0 0 0 1 1 0 0 0 0 0 0 0 1 0 1 0 1 0 1 0 1 1 0 0 1 
0 0 0 0 0 1 1 1 1 0 1 0 0 1 1 0 0 0 1 0 0 1 0 0 1 1 1 1 0 0 0 1 1 1 0 1 0 0 1 1 
0 1 1 0 0 0 1 1 0 0 1 0 0 1 1 1 0 1 0 1 1 1 0 0 0 1 0 0 0 0 1 1 1 0 0 0 0 1 0 1 
0 0 0 0 1 0 0 0 0 1 0 0 1 0 0 0 0 0 0 1 0 0 0 0 0 0 0 1 0 1 0 1 0 1 0 1 1 0 0 1 
0 0 0 0 1 0 0 1 1 0 1 0 0 1 0 1 1 1 1 1 1 0 0 1 0 0 0 1 1 1 1 0 0 1 1 0 0 1 1 1 
0 0 0 0 0 0 0 0 0 0 0 0 0 0 0 0 0 0 0 0 1 0 0 0 0 0 0 0 0 0 0 0 0 0 0 0 0 0 0 0 
0 1 1 0 0 0 0 1 0 0 1 0 0 1 1 1 0 1 0 1 1 1 0 0 0 1 0 1 0 0 1 1 1 0 0 0 0 1 0 1 
1 0 0 0 0 0 0 0 0 0 0 0 0 0 0 0 0 0 0 0 0 0 0 0 0 0 0 0 0 0 0 0 0 0 0 0 0 0 0 0 
0 0 0 0 0 0 0 0 0 0 0 0 0 0 0 0 0 0 0 0 0 0 0 0 0 0 1 0 0 0 0 0 0 0 0 0 0 0 0 0 
0 0 0 0 1 1 0 0 0 1 0 0 1 0 0 0 0 0 0 1 0 1 0 0 0 0 0 1 0 1 0 1 0 1 0 1 1 0 0 1 
1 0 0 0 0 1 1 1 1 0 1 1 0 1 1 0 0 0 1 0 0 1 0 0 1 1 1 1 0 0 0 1 1 1 0 1 0 0 1 1 
0 1 1 0 0 0 0 1 0 0 1 0 0 1 1 1 0 0 0 1 1 1 0 0 0 1 0 0 0 0 1 1 1 0 0 0 0 1 0 1 
0 0 0 0 0 1 1 1 1 0 1 1 0 1 1 0 0 0 1 0 1 1 0 0 1 1 1 1 0 0 0 1 1 1 0 1 0 0 1 1 
0 0 0 0 1 1 0 0 0 1 0 0 1 0 0 0 0 1 0 1 0 0 0 0 0 0 0 1 0 1 0 1 0 1 0 1 1 0 0 1 
0 1 1 0 0 0 0 1 0 0 1 0 0 1 1 1 0 1 0 1 1 0 0 0 0 1 0 0 0 0 1 1 1 0 0 0 0 1 0 1 
0 0 0 0 1 0 0 1 1 0 1 0 0 1 0 1 1 1 1 1 1 0 0 1 0 0 1 1 1 1 0 0 0 1 1 0 0 1 1 1 
0 0 0 0 1 1 0 0 0 1 0 0 1 0 0 0 0 0 0 1 0 0 0 0 0 0 0 0 0 1 0 1 0 1 0 1 1 0 0 1 
0 0 0 0 1 1 1 0 0 1 0 0 1 0 0 0 0 0 0 1 0 0 0 0 0 0 0 1 0 1 0 1 0 1 0 1 1 0 0 1 
0 0 0 0 1 0 0 1 1 0 1 0 0 1 0 1 1 1 1 1 1 0 0 1 0 0 0 1 1 1 0 1 0 1 1 0 0 1 1 1 
0 1 1 0 1 0 0 1 0 0 1 0 0 1 1 1 0 1 0 1 1 1 0 0 0 1 0 0 0 0 1 1 1 0 0 0 0 1 0 1 
0 0 0 0 0 1 1 1 1 0 1 1 0 1 1 0 0 0 1 0 0 1 0 0 0 1 1 1 0 0 0 1 1 1 0 1 0 0 1 1 
0 0 0 0 0 0 0 0 0 0 1 0 0 0 0 0 0 0 0 0 0 0 0 0 0 1 0 0 0 0 0 1 0 0 0 0 0 1 0 0 
0 0 0 0 1 1 0 0 0 1 0 0 1 0 0 0 0 0 0 1 0 0 0 0 0 0 0 1 0 1 0 1 1 1 0 1 1 0 0 1 
0 1 1 0 0 1 0 1 0 0 1 0 0 1 1 1 0 1 0 1 1 1 0 0 0 1 0 0 0 0 1 1 1 0 0 0 0 1 0 1 
0 1 1 1 0 0 0 1 0 0 1 0 0 1 1 1 0 1 0 1 1 1 0 0 0 1 0 0 0 0 1 1 1 0 0 0 0 1 0 1 
0 1 1 0 0 0 0 1 0 0 1 0 0 1 1 1 0 1 1 1 1 1 0 0 0 1 0 0 0 0 1 1 1 0 0 0 0 1 0 1 
0 0 0 0 0 1 1 1 1 0 1 1 0 1 1 0 0 0 1 0 0 0 0 0 1 1 1 1 0 0 0 1 1 1 0 1 0 0 1 1 
0 0 0 0 0 1 1 1 1 0 1 1 0 1 1 0 0 0 1 1 0 1 0 0 1 1 1 1 0 0 0 1 1 1 0 1 0 0 1 1 
0 0 0 0 0 1 0 0 0 1 0 0 1 0 0 0 0 0 0 1 0 0 0 0 0 0 0 1 0 1 0 1 0 1 0 1 1 0 0 1 
0 0 0 0 0 1 1 0 1 0 1 1 0 1 1 0 0 0 1 0 0 1 0 0 1 1 1 1 0 0 0 1 1 1 0 1 0 0 1 1 
0 0 0 0 0 0 0 0 0 0 0 0 0 0 1 0 1 0 1 0 0 1 1 0 0 0 0 0 0 0 0 0 1 1 0 1 0 0 0 0 
0 0 0 0 0 0 0 0 1 0 0 0 0 0 0 0 0 0 0 0 0 0 0 0 0 0 0 0 0 0 0 0 0 0 0 0 0 0 0 0 
0 0 0 0 0 0 0 0 0 0 0 0 0 0 0 0 1 1 1 0 0 1 1 0 0 0 0 0 0 0 0 0 1 1 0 1 0 0 0 0 
0 0 0 0 0 0 0 0 0 0 0 0 0 0 0 0 0 0 0 0 0 0 0 0 0 0 0 0 0 0 0 0 0 0 0 1 0 0 0 0 
0 0 0 1 1 1 0 0 0 1 0 0 1 0 0 0 0 0 0 1 0 0 0 0 0 0 0 1 0 1 0 1 0 1 0 1 1 0 0 1 
0 0 0 0 0 0 0 0 0 0 1 0 0 0 0 0 0 0 0 0 0 0 0 0 0 1 0 0 0 1 0 0 0 0 0 0 0 1 0 0 
0 0 0 0 0 1 1 1 1 0 1 1 1 1 1 0 0 0 1 0 0 1 0 0 1 1 1 1 0 0 0 1 1 1 0 1 0 0 1 1 
0 0 0 0 0 1 1 1 1 0 1 1 0 1 1 0 0 0 1 0 0 1 0 0 1 1 1 1 0 0 0 1 1 1 0 0 0 0 1 1 
0 0 0 0 1 1 0 0 0 1 0 0 1 0 0 0 1 0 0 1 0 0 0 0 0 0 0 1 0 1 0 1 0 1 0 1 1 0 0 1 
0 0 0 0 0 0 0 0 0 0 1 0 0 0 0 0 0 0 0 0 0 0 0 0 0 1 0 0 0 0 1 0 0 0 0 0 0 1 0 0 
0 1 1 0 0 0 0 1 0 0 1 0 0 1 1 1 0 1 0 1 1 1 0 0 0 1 0 0 0 0 1 0 1 0 0 0 0 1 0 1 
0 0 0 0 1 0 0 1 1 0 1 0 0 1 0 1 1 1 1 1 1 1 0 1 0 0 0 1 1 1 0 0 0 1 1 0 0 1 1 1 
0 1 1 0 0 0 0 1 0 0 1 0 0 1 0 1 0 1 0 1 1 1 0 0 0 1 0 0 0 0 1 1 1 0 0 0 0 1 0 1 
0 0 0 0 1 1 0 0 0 1 0 0 1 0 0 1 0 0 0 1 0 0 0 0 0 0 0 1 0 1 0 1 0 1 0 1 1 0 0 1 
0 0 0 0 0 0 0 0 0 0 0 0 0 0 0 0 1 0 1 0 0 1 1 0 0 0 0 0 0 0 0 0 0 1 0 1 0 0 0 0 
0 1 0 1 0 0 0 0 1 1 0 1 0 1 1 0 1 0 0 0 1 0 0 0 1 0 0 1 1 1 0 0 0 0 1 0 0 0 1 0 
0 0 0 0 0 0 0 0 0 0 1 0 0 0 0 0 0 0 0 0 0 0 0 0 1 1 0 0 0 0 0 0 0 0 0 0 0 1 0 0 
0 0 0 0 0 0 0 0 0 0 0 0 0 0 0 0 1 0 1 0 0 1 1 0 0 0 0 1 0 0 0 0 1 1 0 1 0 0 0 0 
0 1 1 0 0 0 0 1 0 0 1 0 0 1 1 0 0 1 0 1 1 1 0 0 0 1 0 0 0 0 1 1 1 0 0 0 0 1 0 1 
0 0 0 0 0 0 0 0 0 0 0 0 0 0 0 0 0 0 0 0 0 0 0 0 0 0 0 0 0 1 0 0 0 0 0 0 0 0 0 0 
0 0 0 0 0 0 0 0 0 0 1 0 0 0 0 0 0 0 0 0 0 0 0 0 0 1 1 0 0 0 0 0 0 0 0 0 0 1 0 0 
0 0 0 0 0 0 0 0 0 0 0 0 0 0 0 0 1 0 1 0 0 1 0 0 0 0 0 0 0 0 0 0 1 1 0 1 0 0 0 0 
0 0 0 0 1 0 1 1 1 0 1 0 0 1 0 1 1 1 1 1 1 0 0 1 0 0 0 1 1 1 0 0 0 1 1 0 0 1 1 1 
0 1 1 0 0 0 0 1 0 0 1 0 0 1 1 1 0 1 0 1 1 1 0 0 0 1 0 0 1 0 1 1 1 0 0 0 0 1 0 1 
0 0 0 0 1 1 0 0 0 1 0 0 1 0 1 0 0 0 0 1 0 0 0 0 0 0 0 1 0 1 0 1 0 1 0 1 1 0 0 1 
0 0 0 0 0 1 1 1 1 0 1 1 0 1 1 0 0 0 1 0 0 1 0 0 1 1 1 1 0 0 0 1 1 1 1 1 0 0 1 1 
0 0 0 0 0 0 0 0 0 0 0 0 0 0 0 0 0 0 1 0 0 1 1 0 0 0 0 0 0 0 0 0 1 1 0 1 0 0 0 0 
0 0 0 0 0 0 0 0 0 0 1 0 0 0 0 0 0 0 0 0 0 0 0 0 0 1 0 0 0 0 0 0 0 0 0 1 0 1 0 0 
0 1 1 0 0 0 0 1 0 0 1 0 0 1 1 1 1 1 0 1 1 1 0 0 0 1 0 0 0 0 1 1 1 0 0 0 0 1 0 1 
0 0 0 0 1 0 0 1 1 0 1 0 0 1 0 1 1 1 1 1 1 0 0 0 0 0 0 1 1 1 0 0 0 1 1 0 0 1 1 1 
0 0 0 0 0 1 1 1 1 0 1 1 0 1 1 0 0 0 1 0 0 1 0 0 1 1 1 1 0 0 0 1 1 1 0 1 1 0 1 1 
0 0 0 0 0 0 0 0 0 0 0 0 0 0 0 0 0 0 0 0 0 0 0 0 0 0 0 0 0 0 0 0 0 0 0 0 0 1 0 0 
0 0 0 0 0 0 1 0 0 0 0 0 0 0 0 0 1 0 1 0 0 1 1 0 0 0 0 0 0 0 0 0 1 1 0 1 0 0 0 0 
0 1 1 1 1 0 1 0 0 1 0 0 1 0 0 1 1 0 0 1 1 0 1 1 0 0 1 0 1 1 1 0 0 0 0 0 1 1 0 0 
0 0 0 1 0 0 0 0 0 0 0 0 0 0 0 0 1 0 1 0 0 1 1 0 0 0 0 0 0 0 0 0 1 1 0 1 0 0 0 0 
0 0 0 0 0 0 0 0 0 1 0 0 0 0 0 0 1 0 1 0 0 1 1 0 0 0 0 0 0 0 0 0 1 1 0 1 0 0 0 0 
0 0 0 0 1 1 0 0 0 1 0 0 1 0 0 0 0 0 0 1 0 0 0 0 0 0 0 1 1 1 0 1 0 1 0 1 1 0 0 1 
1 1 1 1 0 1 0 0 0 1 0 1 1 0 1 0 0 0 0 0 0 1 1 1 1 1 0 0 0 0 1 1 1 0 0 1 1 0 0 0 
0 0 0 0 0 0 0 1 1 0 1 0 0 1 0 1 1 1 1 1 1 0 0 1 0 0 0 1 1 1 0 0 0 1 1 0 0 1 1 1 
0 0 0 0 0 0 0 0 0 0 0 0 0 0 0 1 1 0 1 0 0 1 1 0 0 0 0 0 0 0 0 0 1 1 0 1 0 0 0 0 
MFS
[ 0 , - , - , 0 , - , - , - , - , - , - , - , - , - , - , - , - , - , - , - , - , - , - , - , - , - , - , - , - , - , - , - , - , - , - , - , - , - , - , - , - ]
precise
1.0
recall
1.0
F-measure
1.0
multi
0
time
all 406 iden 0 gen 406
t-cover
3120
all-cover
3120
coveredNum
(2 : 1)  (3 : 13)  (4 : 75)  (196 : 5)  (5 : 136)  (197 : 61)  (198 : 75)  (6 : 150)  (7 : 204)  (199 : 22)  (8 : 101)  (9 : 14)  (10 : 3)  (11 : 1)  (79 : 1)  (80 : 13)  (273 : 1)  (81 : 63)  (82 : 93)  (83 : 197)  (84 : 151)  (85 : 24)  (158 : 4)  (159 : 111)  (160 : 133)  (161 : 27)  (162 : 2)  (39 : 1)  (40 : 6)  (41 : 18)  (42 : 65)  (234 : 3)  (235 : 21)  (43 : 168)  (236 : 19)  (44 : 239)  (45 : 294)  (46 : 185)  (47 : 19)  (48 : 5)  (118 : 1)  (119 : 12)  (120 : 39)  (121 : 155)  (122 : 148)  (123 : 39)  (124 : 2)  
real Identify
([ 0 , - , - , 0 , - , - , - , - , - , - , - , - , - , - , - , - , - , - , - , - , - , - , - , - , - , - , - , - , - , - , - , - , - , - , - , - , - , - , - , - ] : 1)  
testCase Num: 293
regaular Num: 13
identify Num: 280
0 1 1 0 1 0 1 0 0 0 1 0 1 1 1 1 1 0 1 1 0 0 0 0 1 0 0 0 0 0 0 1 1 1 0 0 1 1 1 1 
0 1 0 0 0 1 0 1 0 0 0 0 0 0 1 0 1 0 1 1 0 0 0 0 1 1 0 1 0 1 0 0 0 0 0 1 0 1 0 0 
0 0 1 0 1 0 1 0 0 0 0 1 0 0 0 0 0 0 0 0 0 1 0 0 0 0 0 0 0 0 0 0 0 1 0 0 0 0 1 1 
0 0 1 0 0 1 0 0 1 0 0 1 0 0 1 0 1 0 0 1 1 0 1 1 0 0 0 0 0 0 1 0 0 1 1 0 1 0 0 1 
0 0 0 0 0 0 0 1 0 0 0 0 0 0 0 0 0 0 0 0 0 0 0 0 0 0 0 0 0 0 0 0 0 0 0 0 0 0 0 0 
0 0 1 0 1 0 1 0 0 0 0 1 0 0 0 0 0 0 1 0 0 1 0 0 0 0 0 0 0 0 0 0 0 1 0 0 0 0 0 1 
0 1 0 0 0 0 0 1 0 0 0 0 0 0 1 0 1 0 1 1 0 0 0 0 1 1 0 1 0 1 1 0 0 0 0 1 0 1 0 0 
0 1 1 0 1 0 1 0 0 0 1 0 1 1 1 1 1 0 1 1 0 1 0 0 1 0 0 1 0 0 0 1 1 1 0 0 1 1 1 1 
0 0 0 0 0 0 0 0 0 0 1 0 0 0 0 0 0 0 0 0 0 0 0 0 0 0 0 0 1 0 0 1 0 0 1 0 0 0 0 0 
0 0 0 0 0 0 0 0 1 0 1 0 0 0 0 0 0 0 0 0 0 0 0 0 0 0 0 0 0 0 0 1 0 0 1 0 0 0 0 0 
0 1 1 0 1 0 1 0 0 0 1 0 1 1 1 1 1 0 1 1 0 1 0 0 1 0 0 0 0 0 0 1 1 1 0 0 1 1 1 1 
0 0 0 0 0 1 0 0 0 1 1 0 1 0 1 0 0 1 1 0 0 1 0 1 0 1 1 0 0 1 1 1 1 1 0 1 1 1 0 0 
0 0 0 0 0 0 0 0 0 0 0 0 0 0 0 0 0 0 0 0 0 0 0 0 1 0 0 0 0 0 0 0 0 0 0 0 0 0 0 0 
0 1 1 0 1 0 1 0 0 0 1 0 1 1 1 1 1 0 1 1 0 1 0 0 1 0 0 0 0 0 0 1 1 1 0 0 1 1 1 0 
0 1 0 0 0 0 0 1 0 0 0 0 0 0 1 1 1 0 1 1 0 0 0 0 1 1 0 1 0 1 0 0 0 0 0 1 0 1 0 0 
0 0 0 0 0 0 0 0 0 0 0 0 0 0 0 0 0 0 0 0 0 1 0 0 0 0 0 0 0 0 0 0 0 0 0 0 0 0 0 0 
0 0 1 0 0 1 0 0 1 0 0 1 0 0 1 0 1 0 0 1 1 0 0 1 0 0 0 0 0 0 1 0 0 1 1 0 0 0 0 1 
0 0 0 0 0 1 0 0 0 1 1 0 1 0 1 0 0 1 1 0 0 1 0 1 1 1 1 0 1 1 1 1 1 1 0 1 1 1 0 0 
0 0 1 0 0 1 0 0 1 0 0 1 0 0 1 0 1 0 0 1 1 0 0 1 0 0 0 0 0 0 1 0 0 0 1 0 1 0 0 1 
0 1 1 0 1 0 1 0 0 0 0 1 0 0 0 0 0 0 0 0 0 1 0 0 0 0 0 0 0 0 0 0 0 1 0 0 0 0 0 1 
0 0 0 0 0 0 0 0 0 0 0 0 0 0 0 0 0 0 1 0 0 0 0 0 0 0 0 0 0 0 0 0 0 0 0 0 0 0 0 0 
0 0 0 0 0 0 0 0 0 0 1 0 0 0 0 0 0 0 0 0 0 0 0 0 0 0 0 0 0 0 0 1 0 0 1 1 0 0 0 0 
0 1 0 0 0 0 0 1 0 0 0 0 0 0 1 0 1 0 1 1 0 0 0 0 1 1 0 1 0 1 0 1 0 0 0 1 0 1 0 0 
0 1 0 0 0 0 0 1 0 0 0 0 0 0 1 0 1 0 1 1 0 0 0 0 1 1 0 1 0 1 0 0 1 0 0 1 0 1 0 0 
0 0 0 0 0 0 0 0 0 0 1 0 0 1 0 0 0 0 0 0 0 0 0 0 0 0 0 0 0 0 0 1 0 0 1 0 0 0 0 0 
0 1 0 0 0 0 1 1 0 0 0 0 0 0 1 0 1 0 1 1 0 0 0 0 1 1 0 1 0 1 0 0 0 0 0 1 0 1 0 0 
0 0 0 0 0 0 0 0 0 0 0 0 0 0 0 0 0 0 0 0 0 0 0 0 0 0 0 0 0 0 0 0 0 0 0 0 0 0 1 0 
0 0 0 0 1 0 0 0 0 0 0 0 0 0 0 0 0 0 0 0 0 0 0 0 0 0 0 0 0 0 0 0 0 0 0 0 0 0 0 0 
0 0 0 0 0 1 0 0 0 1 1 0 1 0 1 0 0 1 1 0 0 1 0 1 0 1 0 0 1 1 1 1 1 1 0 1 1 1 0 0 
0 0 0 0 0 0 0 0 0 0 0 0 0 0 0 0 0 0 0 0 0 0 0 0 0 0 0 0 0 0 0 0 0 0 0 0 0 0 0 1 
0 0 0 0 0 0 0 0 0 0 0 0 0 0 0 0 0 0 0 0 0 0 0 0 0 0 0 0 0 0 0 0 0 0 0 0 0 0 0 0 
0 0 0 0 0 0 0 0 0 0 1 0 0 0 0 0 0 0 0 0 0 0 1 0 0 0 0 0 0 0 0 1 0 0 1 0 0 0 0 0 
0 1 0 0 0 0 0 1 0 0 1 0 0 0 1 0 1 0 1 1 0 0 0 0 1 1 0 1 0 1 0 0 0 0 0 1 0 1 0 0 
0 1 1 0 0 0 1 0 0 0 1 0 1 1 1 1 1 0 1 1 0 1 0 0 1 0 0 0 0 0 0 1 1 1 0 0 1 1 1 1 
0 0 0 0 0 0 0 0 0 0 0 0 0 0 0 0 0 0 0 0 0 0 0 0 0 0 0 1 0 0 0 0 0 0 0 0 0 0 0 0 
0 1 1 0 1 0 1 0 0 0 1 0 1 1 1 1 1 0 1 1 0 1 0 0 1 0 0 0 0 0 0 1 1 1 0 0 1 1 0 1 
0 0 1 0 0 1 0 0 1 0 0 1 0 0 1 0 1 0 0 1 1 0 0 1 0 0 0 0 0 0 1 0 0 1 1 0 1 1 0 1 
0 1 0 0 0 0 0 1 0 0 0 0 0 0 1 0 1 0 1 1 0 0 0 0 1 1 0 1 0 1 0 0 0 0 1 1 0 1 0 0 
0 0 1 0 1 0 1 1 0 0 0 1 0 0 0 0 0 0 0 0 0 1 0 0 0 0 0 0 0 0 0 0 0 1 0 0 0 0 0 1 
0 1 1 0 1 0 1 0 0 0 1 0 1 1 1 1 1 0 0 1 0 1 0 0 1 0 0 0 0 0 0 1 1 1 0 0 1 1 1 1 
0 0 0 1 0 0 0 0 0 0 1 0 0 0 0 0 0 0 0 0 0 0 0 0 0 0 0 0 0 0 0 1 0 0 1 0 0 0 0 0 
0 0 0 0 0 1 0 1 0 1 1 0 1 0 1 0 0 1 1 0 0 1 0 1 0 1 1 0 1 1 1 1 1 1 0 1 1 1 0 0 
0 0 1 0 1 0 1 0 0 0 0 1 0 0 0 0 0 0 0 0 0 1 0 0 0 1 0 0 0 0 0 0 0 1 0 0 0 0 0 1 
0 0 0 0 0 0 0 0 0 1 1 0 0 0 0 0 0 0 0 0 0 0 0 0 0 0 0 0 0 0 0 1 0 0 1 0 0 0 0 0 
0 0 0 0 0 1 0 0 0 0 1 0 1 0 1 0 0 1 1 0 0 1 0 1 0 1 1 0 1 1 1 1 1 1 0 1 1 1 0 0 
0 1 1 0 1 0 1 0 0 0 1 0 1 1 1 1 1 0 1 1 0 1 0 0 1 0 0 0 1 0 0 1 1 1 0 0 1 1 1 1 
1 1 1 1 1 0 1 1 1 1 0 1 1 0 0 0 1 1 0 1 1 0 0 0 1 0 0 1 0 0 0 0 0 0 1 0 0 0 0 1 
0 0 0 0 1 1 0 0 0 1 1 0 1 0 1 0 0 1 1 0 0 1 0 1 0 1 1 0 1 1 1 1 1 1 0 1 1 1 0 0 
0 1 1 0 1 0 1 0 1 0 1 0 1 1 1 1 1 0 1 1 0 1 0 0 1 0 0 0 0 0 0 1 1 1 0 0 1 1 1 1 
0 0 1 1 1 0 1 0 0 0 0 1 0 0 0 0 0 0 0 0 0 1 0 0 0 0 0 0 0 0 0 0 0 1 0 0 0 0 0 1 
0 0 0 0 0 0 0 0 0 0 0 0 0 0 0 0 0 0 0 0 0 0 0 0 0 1 0 0 0 0 0 0 0 0 0 0 0 0 0 0 
0 0 1 0 0 1 0 0 1 1 0 1 0 0 1 0 1 0 0 1 1 0 0 1 0 0 0 0 0 0 1 0 0 1 1 0 1 0 0 1 
0 0 1 1 0 1 0 0 1 0 0 1 0 0 1 0 1 0 0 1 1 0 0 1 0 0 0 0 0 0 1 0 0 1 1 0 1 0 0 1 
0 0 0 0 0 0 0 0 0 0 0 0 0 0 0 0 0 0 0 0 0 0 0 0 0 0 0 0 0 0 0 0 0 1 0 0 0 0 0 0 
0 1 0 0 0 0 0 1 0 0 0 0 0 0 1 0 1 0 1 1 0 0 0 0 1 1 0 1 0 1 0 0 0 0 0 0 0 1 0 0 
1 1 1 0 1 0 1 0 0 0 1 0 1 1 1 1 1 0 1 1 0 1 0 0 1 0 0 0 0 0 0 1 1 1 0 0 1 1 1 1 
0 0 0 1 0 0 0 0 0 0 0 0 0 0 0 0 0 0 0 0 0 0 0 0 0 0 0 0 0 0 0 0 0 0 0 0 0 0 0 0 
0 0 0 0 0 0 0 0 0 0 0 0 1 0 0 0 0 0 0 0 0 0 0 0 0 0 0 0 0 0 0 0 0 0 0 0 0 0 0 0 
0 1 1 0 1 0 1 0 0 0 1 0 1 1 1 1 1 0 1 1 0 1 0 0 1 0 0 0 0 0 0 1 1 1 0 0 1 0 1 1 
0 1 0 0 0 0 0 1 0 0 0 0 0 0 1 0 1 1 1 1 0 0 0 0 1 1 0 1 0 1 0 0 0 0 0 1 0 1 0 0 
1 0 1 0 1 0 1 0 0 0 0 1 0 0 0 0 0 0 0 0 0 1 0 0 0 0 0 0 0 0 0 0 0 1 0 0 0 0 0 1 
0 0 1 0 1 0 1 0 0 0 0 1 0 0 0 0 0 0 0 0 0 1 0 0 0 0 0 0 0 0 0 0 0 1 0 0 0 0 0 1 
0 0 1 0 1 0 1 0 0 0 0 1 0 0 0 0 0 0 0 0 0 1 0 0 0 0 0 0 0 0 0 0 0 1 0 0 0 0 0 0 
0 0 1 0 0 1 0 0 1 0 0 1 0 0 1 0 1 0 0 1 1 0 0 1 0 0 0 0 1 0 1 0 0 1 1 0 1 0 0 1 
0 0 0 0 0 0 0 0 0 0 1 0 0 0 0 0 0 0 0 0 0 0 0 0 0 0 1 0 0 0 0 1 0 0 1 0 0 0 0 0 
0 0 1 0 1 0 1 0 0 0 0 1 0 0 0 0 0 0 0 0 0 1 0 0 0 0 0 1 0 0 0 0 0 1 0 0 0 0 0 1 
0 0 1 0 0 1 0 0 1 0 0 1 0 1 1 0 1 0 0 1 1 0 0 1 0 0 0 0 0 0 1 0 0 1 1 0 1 0 0 1 
0 0 0 0 0 0 0 0 0 0 0 0 0 0 0 0 0 0 0 0 0 0 0 0 0 0 0 0 0 0 0 0 0 0 0 0 1 0 0 0 
0 1 1 1 1 0 1 0 0 0 1 0 1 1 1 1 1 0 1 1 0 1 0 0 1 0 0 0 0 0 0 1 1 1 0 0 1 1 1 1 
0 0 1 0 1 0 1 0 1 0 0 1 0 0 0 0 0 0 0 0 0 1 0 0 0 0 0 0 0 0 0 0 0 1 0 0 0 0 0 1 
0 1 0 0 0 0 0 0 0 0 0 0 0 0 0 0 0 0 0 0 0 0 0 0 0 0 0 0 0 0 0 0 0 0 0 0 0 0 0 0 
0 0 1 0 1 0 1 0 0 0 0 1 0 0 0 0 0 0 0 0 0 1 0 0 0 0 0 0 1 0 0 0 0 1 0 0 0 0 0 1 
0 0 1 0 0 1 0 0 1 0 0 1 0 0 1 0 1 0 0 1 1 0 0 1 0 0 0 1 0 0 1 0 0 1 1 0 1 0 0 1 
0 1 1 0 1 0 1 0 0 0 1 0 1 1 1 1 1 0 1 1 0 1 0 0 1 1 0 0 0 0 0 1 1 1 0 0 1 1 1 1 
1 0 1 0 0 1 0 0 1 0 0 1 0 0 1 0 1 0 0 1 1 0 0 1 0 0 0 0 0 0 1 0 0 1 1 0 1 0 0 1 
0 0 1 0 0 1 0 0 1 0 0 1 0 0 1 0 1 0 0 1 1 0 0 1 0 0 0 0 0 0 1 0 0 1 1 0 1 0 0 1 
0 0 1 0 0 1 0 0 1 0 0 1 0 0 1 0 1 0 0 1 0 0 0 1 0 0 0 0 0 0 1 0 0 1 1 0 1 0 0 1 
0 0 1 0 0 1 0 0 1 0 0 1 0 0 1 0 1 0 0 1 1 0 0 1 0 0 0 0 0 0 1 0 0 1 1 0 1 0 0 0 
0 0 0 0 0 0 0 0 0 0 1 0 0 0 0 0 0 0 1 0 0 0 0 0 0 0 0 0 0 0 0 1 0 0 1 0 0 0 0 0 
0 0 0 0 1 0 0 0 0 0 1 0 0 0 0 0 0 0 0 0 0 0 0 0 0 0 0 0 0 0 0 1 0 0 1 0 0 0 0 0 
0 0 0 0 0 1 0 0 0 1 1 0 1 0 1 0 0 1 0 0 0 1 0 1 0 1 1 0 1 1 1 1 1 1 0 1 1 1 0 0 
0 1 0 0 0 0 0 1 0 0 0 0 0 0 1 0 1 0 1 1 0 0 0 0 1 1 0 1 0 1 0 0 0 1 0 1 0 1 0 0 
0 1 0 0 0 0 0 1 0 0 0 0 0 0 1 0 1 0 1 1 0 0 0 0 1 1 0 1 0 1 0 0 0 0 0 1 1 1 0 0 
0 0 1 0 0 1 0 0 1 0 0 1 0 0 1 0 1 1 0 1 1 0 0 1 0 0 0 0 0 0 1 0 0 1 1 0 1 0 0 1 
0 0 0 0 0 1 0 0 0 1 1 0 1 0 1 0 1 1 1 0 0 1 0 1 0 1 1 0 1 1 1 1 1 1 0 1 1 1 0 0 
0 0 0 1 0 1 0 0 0 1 1 0 1 0 1 0 0 1 1 0 0 1 0 1 0 1 1 0 1 1 1 1 1 1 0 1 1 1 0 0 
0 0 1 0 0 1 0 0 1 0 0 1 0 0 1 0 1 0 0 1 1 0 0 1 0 0 0 0 0 0 1 0 0 1 0 0 1 0 0 1 
0 0 1 0 0 1 0 0 1 0 0 1 0 0 1 0 1 0 0 1 1 1 0 1 0 0 0 0 0 0 1 0 0 1 1 0 1 0 0 1 
0 0 1 0 0 1 0 0 1 0 0 1 0 0 1 0 1 0 1 1 1 0 0 1 0 0 0 0 0 0 1 0 0 1 1 0 1 0 0 1 
0 0 1 0 0 0 0 0 1 0 0 1 0 0 1 0 1 0 0 1 1 0 0 1 0 0 0 0 0 0 1 0 0 1 1 0 1 0 0 1 
0 0 1 0 0 1 0 0 1 0 0 1 0 0 1 0 1 0 0 0 1 0 0 1 0 0 0 0 0 0 1 0 0 1 1 0 1 0 0 1 
0 0 0 0 0 1 0 0 0 1 1 0 1 0 1 1 0 1 1 0 0 1 0 1 0 1 1 0 1 1 1 1 1 1 0 1 1 1 0 0 
0 1 1 0 0 0 0 1 0 0 0 0 0 0 1 0 1 0 1 1 0 0 0 0 1 1 0 1 0 1 0 0 0 0 0 1 0 1 0 0 
0 0 0 0 0 0 0 0 0 0 1 0 0 0 0 0 0 0 0 0 0 0 0 0 0 0 0 1 0 0 0 1 0 0 1 0 0 0 0 0 
0 0 1 0 0 1 0 0 1 0 0 1 0 0 1 0 0 0 0 1 1 0 0 1 0 0 0 0 0 0 1 0 0 1 1 0 1 0 0 1 
0 0 0 0 0 0 0 0 0 0 1 0 0 0 0 0 0 0 0 0 0 0 0 0 0 0 0 0 0 0 0 1 1 0 1 0 0 0 0 0 
0 0 1 0 0 1 0 1 1 0 0 1 0 0 1 0 1 0 0 1 1 0 0 1 0 0 0 0 0 0 1 0 0 1 1 0 1 0 0 1 
1 1 0 1 1 0 1 0 1 0 1 0 0 1 0 0 0 0 0 0 0 1 0 1 1 0 1 0 1 1 0 1 0 0 0 0 0 1 0 0 
0 0 1 0 1 0 1 0 0 0 0 1 0 0 0 0 0 0 0 0 0 1 0 0 0 0 0 0 0 0 0 0 0 1 0 0 0 1 0 1 
0 0 0 0 0 0 1 0 0 0 1 0 0 0 0 0 0 0 0 0 0 0 0 0 0 0 0 0 0 0 0 1 0 0 1 0 0 0 0 0 
0 0 1 0 1 0 1 0 0 0 0 1 0 0 0 0 0 0 0 0 0 1 0 0 0 0 0 0 0 0 0 1 0 1 0 0 0 0 0 1 
0 0 0 0 0 0 0 0 0 0 1 0 0 0 0 0 0 0 0 0 0 0 0 0 0 0 0 0 0 0 0 0 0 0 1 0 0 0 0 0 
0 1 0 0 0 0 0 1 0 0 0 0 0 0 1 0 1 0 1 1 0 0 0 0 1 1 0 1 0 1 0 0 0 0 0 1 0 0 0 0 
0 0 0 0 0 1 0 0 0 1 1 0 1 0 1 0 0 1 1 0 0 1 0 1 0 1 1 1 1 1 1 1 1 1 0 1 1 1 0 0 
0 0 0 0 0 1 0 0 0 0 1 0 0 0 0 0 0 0 0 0 0 0 0 0 0 0 0 0 0 0 0 1 0 0 1 0 0 0 0 0 
0 0 0 0 0 1 0 0 0 1 1 0 1 0 0 0 0 1 1 0 0 1 0 1 0 1 1 0 1 1 1 1 1 1 0 1 1 1 0 0 
0 0 0 0 0 0 0 0 0 0 0 0 0 0 0 0 0 0 0 0 0 0 0 0 0 0 0 0 1 0 0 0 0 0 0 0 0 0 0 0 
0 1 0 0 0 0 0 1 0 0 0 1 0 0 1 0 1 0 1 1 0 0 0 0 1 1 0 1 0 1 0 0 0 0 0 1 0 1 0 0 
0 0 1 0 0 1 1 0 1 0 0 1 0 0 1 0 1 0 0 1 1 0 0 1 0 0 0 0 0 0 1 0 0 1 1 0 1 0 0 1 
0 0 1 0 1 0 1 0 0 0 0 1 0 0 0 0 0 0 0 0 0 1 0 0 0 0 0 0 0 0 0 0 0 0 0 0 0 0 0 1 
0 0 0 0 0 1 0 0 0 1 1 0 1 0 1 0 0 1 1 0 0 1 0 0 0 1 1 0 1 1 1 1 1 1 0 1 1 1 0 0 
0 0 0 0 0 0 0 0 0 0 1 0 0 0 0 0 0 0 0 0 0 0 0 1 0 0 0 0 0 0 0 1 0 0 1 0 0 0 0 0 
0 0 1 0 0 0 1 0 0 0 0 1 0 0 0 0 0 0 0 0 0 1 0 0 0 0 0 0 0 0 0 0 0 1 0 0 0 0 0 1 
0 0 0 0 0 0 0 0 0 0 1 0 0 0 0 0 1 0 0 0 0 0 0 0 0 0 0 0 0 0 0 1 0 0 1 0 0 0 0 0 
0 0 1 0 1 0 1 0 0 0 0 1 0 0 0 0 0 0 0 0 0 1 0 0 0 0 0 0 0 1 0 0 0 1 0 0 0 0 0 1 
0 0 1 0 0 1 0 0 1 0 0 1 0 0 1 0 1 0 0 1 1 0 0 1 1 0 0 0 0 0 1 0 0 1 1 0 1 0 0 1 
0 1 1 0 1 0 1 0 0 0 1 0 1 1 1 0 1 0 1 1 0 1 0 0 1 0 0 0 0 0 0 1 1 1 0 0 1 1 1 1 
0 1 0 0 0 0 0 1 0 0 0 0 0 0 1 0 1 0 1 1 0 0 0 0 1 1 0 1 0 1 0 0 0 0 0 1 0 1 1 0 
0 0 0 0 0 0 0 0 0 0 0 0 0 0 0 0 0 0 0 0 0 0 0 0 0 0 0 0 0 0 0 0 1 0 0 0 0 0 0 0 
0 1 1 0 1 0 1 0 0 0 1 0 1 1 1 1 1 0 1 1 0 1 0 0 0 0 0 0 0 0 0 1 1 1 0 0 1 1 1 1 
0 1 0 0 0 0 0 1 0 0 0 0 0 0 1 0 1 0 1 0 0 0 0 0 1 1 0 1 0 1 0 0 0 0 0 1 0 1 0 0 
0 0 0 0 0 1 0 0 0 0 0 0 0 0 0 0 0 0 0 0 0 0 0 0 0 0 0 0 0 0 0 0 0 0 0 0 0 0 0 0 
0 1 0 0 0 0 0 1 0 0 0 0 0 0 1 0 1 0 1 1 0 0 0 0 1 0 0 1 0 1 0 0 0 0 0 1 0 1 0 0 
0 0 1 0 1 0 1 0 0 0 0 1 0 0 0 0 0 0 0 0 0 1 0 0 0 0 0 0 0 0 1 0 0 1 0 0 0 0 0 1 
0 0 0 0 0 0 0 0 0 1 1 0 1 0 1 0 0 1 1 0 0 1 0 1 0 1 1 0 1 1 1 1 1 1 0 1 1 1 0 0 
0 0 1 0 1 0 1 0 0 0 0 1 0 0 0 0 0 0 0 0 0 1 0 0 1 0 0 0 0 0 0 0 0 1 0 0 0 0 0 1 
0 0 1 0 0 1 0 0 1 0 0 1 0 0 1 0 1 0 0 1 1 0 0 1 0 0 0 0 0 1 1 0 0 1 1 0 1 0 0 1 
0 1 0 0 0 0 0 1 0 0 0 0 1 0 1 0 1 0 1 1 0 0 0 0 1 1 0 1 0 1 0 0 0 0 0 1 0 1 0 0 
0 0 0 0 0 0 0 0 0 0 0 0 0 0 0 0 0 0 0 0 0 0 1 0 0 0 0 0 0 0 0 0 0 0 0 0 0 0 0 0 
0 0 0 0 0 0 0 0 0 0 0 0 0 0 0 0 0 0 0 0 0 0 0 1 0 0 0 0 0 0 0 0 0 0 0 0 0 0 0 0 
0 1 1 0 1 0 1 0 0 0 1 0 1 1 1 1 1 0 1 1 0 1 0 0 1 0 0 0 0 0 0 0 1 1 0 0 1 1 1 1 
0 0 1 0 1 0 1 0 0 0 0 1 0 0 0 0 0 0 0 0 0 1 0 0 0 0 1 0 0 0 0 0 0 1 0 0 0 0 0 1 
1 1 0 0 0 0 0 1 0 0 0 0 0 0 1 0 1 0 1 1 0 0 0 0 1 1 0 1 0 1 0 0 0 0 0 1 0 1 0 0 
0 1 1 0 1 0 1 0 0 0 1 0 1 1 1 1 1 0 1 1 0 1 1 0 1 0 0 0 0 0 0 1 1 1 0 0 1 1 1 1 
0 1 0 0 0 0 0 1 0 0 0 0 0 0 1 0 1 0 1 1 1 0 0 0 1 1 0 1 0 1 0 0 0 0 0 1 0 1 0 0 
0 0 0 0 0 1 0 0 0 1 1 0 1 0 1 0 0 1 1 0 0 1 0 1 0 1 1 0 1 1 1 1 0 1 0 1 1 1 0 0 
0 0 0 0 0 0 0 0 0 0 0 0 0 0 0 0 1 0 0 0 0 0 0 0 0 0 0 0 0 0 0 0 0 0 0 0 0 0 0 0 
0 0 0 0 0 1 1 0 0 1 1 0 1 0 1 0 0 1 1 0 0 1 0 1 0 1 1 0 1 1 1 1 1 1 0 1 1 1 0 0 
0 1 0 0 0 0 0 1 0 0 0 0 0 0 1 0 1 0 1 1 0 0 0 0 1 1 0 1 0 1 0 0 0 0 0 1 0 1 0 0 
0 0 0 0 0 0 0 0 0 0 1 0 0 0 1 0 0 0 0 0 0 0 0 0 0 0 0 0 0 0 0 1 0 0 1 0 0 0 0 0 
0 1 0 0 0 0 0 1 0 0 0 0 0 0 1 0 1 0 1 1 0 0 0 0 1 1 0 1 0 1 0 0 0 0 0 1 0 1 0 1 
0 0 1 0 0 1 0 0 1 0 0 1 0 0 1 0 1 0 0 1 1 0 0 1 0 0 0 0 0 0 1 0 0 1 1 1 1 0 0 1 
0 1 1 0 1 0 1 0 0 0 1 0 1 1 1 1 1 0 1 1 0 1 0 1 1 0 0 0 0 0 0 1 1 1 0 0 1 1 1 1 
0 0 1 0 1 0 1 0 0 0 0 1 0 0 0 0 0 0 0 0 0 1 0 0 0 0 0 0 0 0 0 0 0 1 0 1 0 0 0 1 
0 1 0 0 0 0 0 1 1 0 0 0 0 0 1 0 1 0 1 1 0 0 0 0 1 1 0 1 0 1 0 0 0 0 0