testCase Num: 57
regaular Num: 9
identify Num: 48
0 0 0 0 0 0 0 0 0 0 0 1 0 0 0 0 
0 0 0 0 0 0 0 0 1 0 0 0 0 0 0 0 
1 0 1 0 1 0 0 0 0 1 1 0 0 0 0 0 
0 1 0 0 0 0 0 0 0 0 0 0 0 0 0 0 
0 0 1 0 0 0 0 0 0 1 1 0 0 0 0 0 
0 1 0 0 1 0 0 1 0 1 1 1 0 1 1 1 
0 0 1 0 1 0 1 0 0 1 1 0 0 0 0 0 
0 0 1 0 1 1 0 0 0 1 1 0 0 0 0 0 
0 0 0 0 0 1 0 0 0 0 0 0 0 0 0 0 
0 1 0 0 0 0 0 1 0 0 1 1 0 1 1 1 
0 0 1 0 1 0 0 0 0 1 1 0 1 0 0 0 
0 0 0 0 0 0 0 0 0 1 0 0 0 0 0 0 
0 0 0 0 0 0 1 0 0 0 0 0 0 0 0 0 
0 0 0 0 0 0 0 1 0 1 1 1 0 1 1 1 
0 0 1 0 1 0 0 0 0 0 1 0 0 0 0 0 
0 0 0 0 0 0 0 0 0 0 0 0 1 0 0 0 
0 1 0 0 0 0 1 1 0 1 1 1 0 1 1 1 
1 1 0 0 1 1 1 1 0 1 0 0 0 0 1 0 
1 1 0 0 0 0 0 1 0 1 1 1 0 1 1 1 
0 1 0 0 0 0 0 1 0 1 1 0 0 1 1 1 
0 0 0 0 0 0 0 0 0 0 1 0 0 0 0 0 
0 0 0 0 0 0 0 0 0 0 0 0 0 1 0 0 
0 0 1 0 1 0 0 1 0 1 1 0 0 0 0 0 
0 1 0 0 0 0 0 1 0 1 1 1 0 1 1 1 
0 0 0 0 0 0 0 1 0 0 0 0 0 0 0 0 
0 1 0 0 0 0 0 1 0 1 1 1 0 1 1 0 
0 0 1 0 1 0 0 0 1 1 1 0 0 0 0 0 
0 1 1 0 0 0 0 1 0 1 1 1 0 1 1 1 
0 0 1 0 1 0 0 0 0 1 1 0 0 1 0 0 
0 1 0 0 0 0 0 1 1 1 1 1 0 1 1 1 
0 1 0 1 0 0 0 1 0 1 1 1 0 1 1 1 
1 1 0 1 0 1 0 0 0 0 0 0 1 1 0 0 
0 0 1 0 0 0 0 0 0 0 0 0 0 0 0 0 
1 1 1 1 1 1 1 0 1 1 1 1 1 1 1 1 
0 0 1 0 1 0 0 0 0 1 0 0 0 0 0 0 
1 0 0 0 0 0 0 0 0 0 0 0 0 0 0 0 
0 1 0 0 0 0 0 1 0 1 1 1 0 1 0 1 
0 1 0 0 0 0 0 1 0 1 1 1 1 1 1 1 
0 0 1 0 1 0 0 0 0 1 1 0 0 0 1 0 
0 1 1 0 1 0 0 0 0 1 1 0 0 0 0 0 
0 1 0 0 0 1 0 1 0 1 1 1 0 1 1 1 
0 0 0 1 0 1 1 0 1 0 0 0 0 0 1 1 
0 0 0 0 0 0 0 0 0 0 0 0 0 0 1 0 
1 0 1 0 1 0 1 0 1 0 0 1 1 0 0 0 
0 1 0 0 0 0 0 1 0 1 0 1 0 1 1 1 
0 0 1 1 0 0 0 1 1 0 1 0 1 1 0 1 
0 0 1 0 1 0 0 0 0 1 1 1 0 0 0 0 
0 0 0 0 0 0 0 0 0 0 0 0 0 0 0 0 
0 0 0 0 0 0 0 0 0 0 0 0 0 0 0 1 
0 0 0 1 0 0 0 0 0 0 0 0 0 0 0 0 
0 0 0 0 1 0 0 0 0 0 0 0 0 0 0 0 
0 1 0 0 0 0 0 0 0 1 1 1 0 1 1 1 
0 1 0 0 0 0 0 1 0 1 1 1 0 0 1 1 
0 0 1 1 1 0 0 0 0 1 1 0 0 0 0 0 
0 0 0 0 1 0 0 0 0 1 1 0 0 0 0 0 
0 0 1 0 1 0 0 0 0 1 1 0 0 0 0 0 
0 0 1 0 1 0 0 0 0 1 1 0 0 0 0 1 
MFS
[ 0 , - , - , 0 , - , - , - , - , - , - , - , - , - , - , - , - ]
precise
1.0
recall
1.0
F-measure
1.0
multi
0
time
all 23 iden 0 gen 23
t-cover
480
all-cover
480
coveredNum
(32 : 46)  (33 : 16)  (2 : 20)  (3 : 71)  (4 : 96)  (5 : 40)  (45 : 6)  (46 : 9)  (15 : 1)  (16 : 12)  (17 : 49)  (18 : 69)  (19 : 28)  (20 : 2)  (31 : 15)  
real Identify
([ 0 , - , - , 0 , - , - , - , - , - , - , - , - , - , - , - , - ] : 1)  
testCase Num: 41
regaular Num: 9
identify Num: 32
0 0 0 0 0 0 0 0 0 0 0 1 0 0 0 0 
0 1 1 0 0 0 0 1 1 0 1 1 1 0 1 1 
0 0 0 0 0 0 0 0 1 0 0 0 0 0 0 0 
0 1 1 0 0 0 0 1 0 0 1 1 1 0 1 0 
1 0 0 0 0 0 1 0 0 0 1 1 0 0 0 0 
0 0 1 0 0 0 0 0 0 0 0 0 0 0 0 0 
0 1 1 0 0 0 0 0 0 0 1 1 1 0 1 1 
0 1 0 0 0 0 0 0 0 0 0 0 0 0 0 0 
1 1 1 1 1 1 1 1 1 1 1 1 0 1 1 1 
1 1 1 0 0 0 0 1 0 0 1 1 1 0 1 1 
0 1 1 0 0 0 0 1 0 0 1 0 1 0 1 1 
0 1 1 0 0 0 0 1 0 0 1 1 1 0 0 1 
1 0 0 0 1 0 1 0 1 1 0 0 0 1 1 0 
1 0 0 0 0 0 0 0 0 0 0 0 0 0 0 0 
0 1 1 0 0 0 0 1 0 0 1 1 0 0 1 1 
0 1 1 0 0 1 0 1 0 0 1 1 1 0 1 1 
0 0 0 0 0 1 0 0 0 0 0 0 0 0 0 0 
0 1 1 0 0 0 0 1 0 1 1 1 1 0 1 1 
0 0 0 0 0 0 0 0 0 1 0 0 0 0 0 0 
0 0 1 1 0 1 0 0 1 0 0 0 0 1 0 1 
0 1 1 0 0 0 1 1 0 0 1 1 1 0 1 1 
0 0 0 0 0 0 1 0 0 0 0 0 0 0 0 0 
0 1 1 0 0 0 0 1 0 0 0 1 1 0 1 1 
0 0 1 0 0 0 0 1 0 0 1 1 1 0 1 1 
0 0 0 0 0 0 0 0 0 0 0 0 1 0 0 0 
0 0 0 0 0 0 0 0 0 0 0 0 0 0 1 0 
1 0 1 0 0 1 0 1 0 1 1 0 1 1 0 0 
0 1 0 1 1 1 0 1 0 1 0 0 0 0 0 0 
0 0 0 0 0 0 0 0 0 0 1 0 0 0 0 0 
0 0 0 0 0 0 0 0 0 0 0 0 0 0 0 0 
0 1 1 0 0 0 0 1 0 0 1 1 1 1 1 1 
0 1 1 0 0 0 0 1 0 0 1 1 1 0 1 1 
0 0 0 0 0 0 0 0 0 0 0 0 0 1 0 0 
0 0 0 0 0 0 0 0 0 0 0 0 0 0 0 1 
0 1 1 0 1 0 0 1 0 0 1 1 1 0 1 1 
0 0 0 1 0 0 0 0 0 0 0 0 0 0 0 0 
0 0 0 0 1 0 0 0 0 0 0 0 0 0 0 0 
0 1 0 0 0 0 0 1 0 0 1 1 1 0 1 1 
0 0 0 0 0 0 0 1 0 0 0 0 0 0 0 0 
0 1 1 1 0 0 0 1 0 0 1 1 1 0 1 1 
0 1 0 1 1 0 1 0 1 0 0 1 1 0 0 1 
MFS
[ 0 , - , - , 0 , - , - , - , - , - , - , - , - , - , - , - , - ]
precise
1.0
recall
1.0
F-measure
1.0
multi
0
time
all 31 iden 0 gen 31
t-cover
480
all-cover
480
coveredNum
(32 : 14)  (1 : 2)  (2 : 46)  (3 : 132)  (4 : 84)  (5 : 4)  (15 : 1)  (16 : 34)  (17 : 63)  (18 : 70)  (19 : 16)  (30 : 2)  (31 : 12)  
real Identify
([ 0 , - , - , 0 , - , - , - , - , - , - , - , - , - , - , - , - ] : 1)  
testCase Num: 58
regaular Num: 10
identify Num: 48
0 0 1 0 0 1 0 1 0 0 1 1 1 1 1 0 
0 0 1 0 0 1 0 1 0 0 1 1 1 1 1 1 
0 0 1 1 0 1 0 1 0 0 1 1 1 1 1 0 
0 0 0 0 1 1 1 0 0 1 0 0 1 1 1 0 
0 0 0 0 0 0 0 0 0 0 0 1 0 0 0 0 
1 0 1 0 0 0 0 0 1 0 1 0 0 0 0 0 
0 0 0 0 0 0 0 0 1 0 0 0 0 0 0 0 
0 0 0 0 1 0 1 0 0 1 0 0 1 1 0 0 
0 0 0 0 1 1 1 0 0 0 0 0 1 1 0 0 
0 0 1 0 0 1 0 1 0 0 1 0 1 1 1 0 
0 1 0 0 0 0 0 0 0 0 0 0 0 0 0 0 
0 1 0 1 0 0 0 0 0 0 0 0 0 0 0 0 
0 1 1 0 0 1 0 1 0 0 1 1 1 1 1 0 
0 0 0 0 0 1 0 0 0 0 0 0 0 0 0 0 
0 0 0 1 1 0 0 0 1 0 1 0 1 0 1 1 
0 0 0 0 1 1 1 0 0 1 0 0 1 1 0 0 
0 0 0 0 0 0 0 0 0 1 0 0 0 0 0 0 
0 0 0 0 1 1 1 0 0 1 0 0 1 1 0 1 
0 0 0 1 1 1 1 0 0 1 0 0 1 1 0 0 
1 1 0 1 0 0 1 0 1 0 0 1 0 1 1 0 
0 0 0 0 0 0 1 0 0 0 0 0 0 0 0 0 
0 0 0 0 1 1 1 1 0 1 0 0 1 1 0 0 
0 0 1 0 0 1 0 1 0 0 1 1 0 1 1 0 
0 0 1 0 0 0 0 1 0 0 1 1 1 1 1 0 
0 0 1 0 1 1 1 0 0 1 0 0 1 1 0 0 
0 0 1 0 0 1 0 1 0 1 1 1 1 1 1 0 
0 0 0 0 0 0 0 0 0 0 0 0 1 0 0 0 
0 0 1 0 0 1 0 1 0 0 0 1 1 1 1 0 
1 1 0 1 1 0 1 1 1 1 0 0 0 0 0 1 
1 0 0 0 1 1 1 0 0 1 0 0 1 1 0 0 
0 0 0 0 0 0 0 0 0 0 1 0 0 0 0 0 
0 0 0 0 0 0 0 0 0 0 0 0 0 1 0 0 
0 0 0 0 0 0 0 1 0 0 0 0 0 0 0 0 
0 0 1 0 0 1 0 1 1 0 1 1 1 1 1 0 
0 0 1 0 0 1 0 1 0 0 1 1 1 0 1 0 
0 0 0 0 0 1 0 1 0 0 1 1 1 1 1 0 
0 0 1 0 0 1 0 0 0 0 1 1 1 1 1 0 
0 0 0 0 0 1 1 0 0 1 0 0 1 1 0 0 
0 0 1 0 0 0 0 0 0 0 0 0 0 0 0 0 
1 0 1 0 0 1 0 1 0 0 1 1 1 1 1 0 
0 0 0 0 1 1 1 0 0 1 1 0 1 1 0 0 
1 1 1 1 1 1 1 0 1 1 1 1 1 1 1 1 
0 0 1 0 0 1 1 1 0 0 1 1 1 1 1 0 
1 0 0 0 0 0 0 0 0 0 0 0 0 0 0 0 
1 1 1 0 0 1 0 0 0 1 0 1 0 0 0 1 
0 0 1 0 0 1 0 1 0 0 1 1 1 1 0 0 
0 0 0 0 1 1 1 0 1 1 0 0 1 1 0 0 
0 0 0 0 1 1 1 0 0 1 0 0 1 0 0 0 
0 0 0 0 0 0 0 0 0 0 0 0 0 0 1 0 
0 0 0 0 1 1 1 0 0 1 0 1 1 1 0 0 
0 0 1 0 1 1 0 1 0 0 1 1 1 1 1 0 
0 0 0 0 1 1 0 0 0 1 0 0 1 1 0 0 
0 0 0 0 0 0 0 0 0 0 0 0 0 0 0 0 
0 0 0 0 0 0 0 0 0 0 0 0 0 0 0 1 
0 0 0 1 0 0 0 0 0 0 0 0 0 0 0 0 
0 0 0 0 1 0 0 0 0 0 0 0 0 0 0 0 
0 1 0 0 1 1 1 0 0 1 0 0 1 1 0 0 
0 0 0 0 1 1 1 0 0 1 0 0 0 1 0 0 
MFS
[ 0 , - , - , 0 , - , - , - , - , - , - , - , - , - , - , - , - ]
precise
1.0
recall
1.0
F-measure
1.0
multi
0
time
all 16 iden 0 gen 16
t-cover
480
all-cover
480
coveredNum
(32 : 19)  (33 : 34)  (2 : 7)  (34 : 3)  (3 : 53)  (4 : 112)  (5 : 29)  (6 : 10)  (45 : 2)  (46 : 8)  (15 : 4)  (16 : 8)  (17 : 61)  (18 : 57)  (19 : 35)  (20 : 20)  (21 : 3)  (31 : 15)  
real Identify
([ 0 , - , - , 0 , - , - , - , - , - , - , - , - , - , - , - , - ] : 1)  
testCase Num: 57
regaular Num: 9
identify Num: 48
0 0 0 0 0 0 0 0 0 0 0 1 0 0 0 0 
1 1 0 0 0 0 1 1 0 0 1 0 0 1 0 1 
0 0 0 0 0 0 0 0 1 0 0 0 0 0 0 0 
0 0 0 0 1 1 1 0 0 1 0 1 1 1 1 1 
0 0 0 0 0 1 0 0 0 1 0 1 1 1 1 1 
0 1 0 0 0 0 1 0 0 0 1 0 0 1 0 1 
0 1 0 0 0 0 0 0 0 0 0 0 0 0 0 0 
1 1 1 1 1 1 1 1 1 1 1 1 1 1 0 1 
0 1 1 0 0 0 1 1 0 0 1 0 0 1 0 1 
0 0 0 0 0 1 1 0 0 0 0 1 1 1 1 1 
0 1 0 0 0 0 1 1 0 0 1 0 0 0 0 1 
0 0 0 0 0 0 1 0 0 1 0 1 1 1 1 1 
0 0 1 1 1 1 0 1 0 1 0 0 0 0 0 1 
0 0 0 0 0 1 0 0 0 0 0 0 0 0 0 0 
0 0 0 0 0 1 1 0 0 1 0 1 0 1 1 1 
0 0 0 0 0 0 0 0 0 1 0 0 0 0 0 0 
0 0 0 0 0 0 1 0 0 0 0 0 0 0 0 0 
0 0 0 0 0 0 0 0 0 0 0 0 1 0 0 0 
0 0 0 0 0 0 0 0 0 0 1 0 0 0 0 0 
0 1 0 0 0 0 1 1 0 0 1 0 1 1 0 1 
0 0 0 0 0 0 0 0 0 0 0 0 0 1 0 0 
0 0 0 0 0 1 1 0 0 1 0 1 1 0 1 1 
0 0 0 0 0 0 1 1 0 0 1 0 0 1 0 1 
0 0 0 0 0 0 0 1 0 0 0 0 0 0 0 0 
0 0 0 0 0 1 1 0 1 1 0 1 1 1 1 1 
0 0 0 0 0 1 1 1 0 1 0 1 1 1 1 1 
1 1 1 1 0 0 0 1 1 0 1 0 0 0 1 0 
0 0 0 1 0 0 0 0 1 1 0 0 1 0 0 0 
0 0 1 0 0 0 0 0 0 0 0 0 0 0 0 0 
0 0 0 0 0 1 1 0 0 1 1 1 1 1 1 1 
0 1 0 1 0 0 1 1 0 0 1 0 0 1 0 1 
0 1 0 0 0 0 1 1 1 0 1 0 0 1 0 1 
0 1 0 0 0 0 1 1 0 0 1 0 0 1 0 0 
0 1 0 0 0 0 1 1 0 0 1 0 0 1 0 1 
1 0 0 0 0 0 0 0 0 0 0 0 0 0 0 0 
0 1 0 0 0 1 1 0 0 1 0 1 1 1 1 1 
0 0 0 0 0 1 1 0 0 1 0 1 1 1 0 1 
0 1 0 0 0 0 1 1 0 0 1 1 0 1 0 1 
0 1 0 0 1 0 1 1 0 0 1 0 0 1 0 1 
0 0 0 0 0 0 0 0 0 0 0 0 0 0 1 0 
0 1 0 0 0 0 0 1 0 0 1 0 0 1 0 1 
0 0 0 0 0 1 1 0 0 1 0 0 1 1 1 1 
1 0 0 0 0 1 1 0 0 1 0 1 1 1 1 1 
0 1 0 0 0 0 1 1 0 0 1 0 0 1 1 1 
0 0 0 0 0 0 0 0 0 0 0 0 0 0 0 0 
1 1 1 0 0 1 0 0 0 0 0 1 0 1 0 0 
0 0 0 0 0 0 0 0 0 0 0 0 0 0 0 1 
0 0 1 0 0 1 1 0 0 1 0 1 1 1 1 1 
0 0 0 1 0 0 0 0 0 0 0 0 0 0 0 0 
0 0 0 0 1 0 0 0 0 0 0 0 0 0 0 0 
0 0 0 0 0 1 1 0 0 1 0 1 1 1 1 0 
0 1 0 0 0 0 1 1 0 1 1 0 0 1 0 1 
0 1 0 0 0 1 1 1 0 0 1 0 0 1 0 1 
0 0 0 0 0 1 1 0 0 1 0 1 1 1 1 1 
0 1 0 0 0 0 1 1 0 0 0 0 0 1 0 1 
1 0 0 0 1 0 1 0 1 0 1 1 1 0 1 0 
0 0 0 1 0 1 1 0 0 1 0 1 1 1 1 1 
MFS
[ 0 , - , - , 0 , - , - , - , - , - , - , - , - , - , - , - , - ]
precise
1.0
recall
1.0
F-measure
1.0
multi
0
time
all 16 iden 0 gen 16
t-cover
480
all-cover
480
coveredNum
(32 : 33)  (33 : 19)  (2 : 16)  (3 : 74)  (4 : 97)  (5 : 22)  (6 : 2)  (45 : 2)  (46 : 8)  (15 : 2)  (16 : 7)  (17 : 56)  (18 : 88)  (19 : 32)  (20 : 3)  (31 : 19)  
real Identify
([ 0 , - , - , 0 , - , - , - , - , - , - , - , - , - , - , - , - ] : 1)  
testCase Num: 86
regaular Num: 11
identify Num: 78
0 1 0 0 0 0 1 1 0 0 0 0 1 0 1 0 
0 1 1 0 0 0 1 0 0 0 0 0 1 0 1 0 
0 1 0 0 0 0 1 0 0 0 0 0 1 1 1 0 
1 0 0 0 0 1 1 0 1 0 1 1 1 1 0 1 
0 0 0 0 0 0 0 0 0 0 0 1 0 0 0 0 
0 0 0 0 0 0 0 0 1 0 0 1 0 0 0 0 
0 0 0 0 0 0 0 0 0 0 0 1 0 0 0 1 
0 0 0 0 0 0 0 0 1 0 0 0 0 0 0 0 
0 0 0 0 0 0 0 0 0 0 1 0 0 0 0 1 
1 1 0 0 0 0 1 0 0 0 0 0 1 0 1 0 
0 1 0 0 0 0 0 0 0 0 0 0 0 0 0 0 
0 1 1 1 1 1 0 1 0 1 0 0 0 0 1 0 
0 1 0 0 0 0 0 0 1 0 0 0 0 0 0 0 
0 1 0 0 0 0 0 0 0 0 0 0 0 0 0 1 
0 0 1 0 1 0 0 1 0 0 1 1 0 0 0 0 
0 0 0 0 0 0 0 0 0 0 0 0 1 0 0 1 
0 0 1 0 1 0 0 0 0 0 1 1 0 1 0 0 
0 0 0 0 0 1 0 0 0 0 0 0 0 0 0 1 
0 0 1 0 1 0 0 1 0 0 0 1 0 1 0 0 
0 0 0 0 0 1 0 0 0 0 0 0 0 0 0 0 
0 0 0 0 0 1 0 0 1 0 0 0 0 0 0 0 
0 0 0 0 0 0 0 0 0 1 0 0 0 0 0 0 
0 0 0 0 0 0 0 0 1 1 0 0 0 0 0 0 
0 1 0 0 0 0 1 0 0 1 0 0 1 0 1 0 
0 0 0 0 0 0 0 0 0 1 0 0 0 0 0 1 
0 1 0 0 0 1 1 0 0 0 0 0 1 0 1 0 
0 0 0 0 0 0 1 0 0 0 0 0 0 0 0 1 
0 0 0 0 0 0 1 0 0 0 0 0 0 0 0 0 
1 0 1 0 1 0 0 1 0 0 1 1 0 1 0 0 
0 0 1 0 1 0 0 1 0 0 1 0 0 1 0 0 
0 1 0 0 0 0 1 0 0 0 0 0 1 0 0 0 
0 0 0 0 0 0 0 0 0 0 0 0 1 0 0 0 
0 0 0 0 0 0 0 0 1 0 0 0 0 0 1 0 
0 0 1 0 1 0 1 1 0 0 1 1 0 1 0 0 
0 1 0 0 0 0 1 0 0 0 1 0 1 0 1 0 
1 1 1 1 1 0 1 1 1 1 1 1 1 1 1 1 
0 0 1 0 1 0 0 1 0 0 1 1 1 1 0 0 
0 0 0 0 0 0 0 0 0 0 1 0 0 0 0 0 
0 0 0 0 0 0 0 0 0 0 0 0 0 1 0 1 
0 0 0 0 0 0 0 0 0 0 0 0 0 1 0 0 
0 0 0 0 0 0 0 0 1 0 0 0 0 0 0 1 
0 0 0 0 1 0 0 0 1 0 0 0 0 0 0 0 
0 0 0 0 0 0 0 1 0 0 0 0 0 0 0 1 
0 1 0 1 0 0 0 1 1 0 0 0 1 1 0 1 
0 0 0 1 0 0 0 0 1 0 0 0 0 0 0 0 
0 0 0 0 0 0 0 1 0 0 0 0 0 0 0 0 
0 1 0 1 0 0 1 0 0 0 0 0 1 0 1 0 
0 1 0 0 0 0 1 0 1 0 0 0 1 0 1 0 
0 1 0 0 0 0 1 0 0 0 0 0 1 0 1 1 
0 1 0 0 0 0 1 0 0 0 0 0 1 0 1 0 
0 0 0 0 1 0 0 0 0 0 0 0 0 0 0 1 
0 1 1 0 1 0 0 1 0 0 1 1 0 1 0 0 
0 0 1 0 0 0 0 0 1 0 0 0 0 0 0 0 
0 0 1 0 0 0 0 0 0 0 0 0 0 0 0 0 
0 0 1 0 1 1 0 1 0 0 1 1 0 1 0 0 
0 0 1 0 1 0 0 1 1 0 1 1 0 1 0 0 
0 0 1 0 1 0 0 1 0 1 1 1 0 1 0 0 
1 0 1 0 0 0 1 0 0 1 1 0 0 0 1 0 
0 0 0 0 0 0 0 0 0 0 0 0 0 0 1 1 
1 0 0 0 0 0 0 0 0 0 0 0 0 0 0 0 
1 0 0 0 0 0 0 0 1 0 0 0 0 0 0 0 
0 0 1 0 0 0 0 1 0 0 1 1 0 1 0 0 
0 0 0 0 0 0 1 0 0 0 0 0 1 0 1 0 
0 0 0 0 0 0 1 0 1 0 0 0 0 0 0 0 
0 1 0 0 0 0 1 0 0 0 0 0 0 0 1 0 
1 0 0 0 0 0 0 0 0 0 0 0 0 0 0 1 
0 0 0 0 0 0 0 0 0 0 0 0 0 0 1 0 
0 0 0 0 0 0 0 0 1 0 0 0 1 0 0 0 
0 0 1 0 1 0 0 1 0 0 1 1 0 1 0 1 
0 0 1 0 1 0 0 1 0 0 1 1 0 1 0 0 
0 1 0 0 0 0 0 0 0 0 0 0 1 0 1 0 
0 0 0 0 1 0 0 1 0 0 1 1 0 1 0 0 
0 1 0 0 1 0 1 0 0 0 0 0 1 0 1 0 
0 0 1 1 1 0 0 1 0 0 1 1 0 1 0 0 
0 0 0 0 0 0 0 0 1 0 1 0 0 0 0 0 
0 0 1 0 1 0 0 1 0 0 1 1 0 1 1 0 
1 0 0 1 1 0 0 0 1 1 0 1 0 0 0 1 
0 0 1 0 0 0 0 0 0 0 0 0 0 0 0 1 
0 0 0 0 0 0 0 0 0 0 0 0 0 0 0 0 
0 1 0 0 0 0 1 0 0 0 0 1 1 0 1 0 
0 0 0 0 0 0 0 0 0 0 0 0 0 0 0 1 
0 0 0 0 0 0 0 0 1 0 0 0 0 1 0 0 
0 0 0 1 0 0 0 0 0 0 0 0 0 0 0 0 
0 0 0 0 1 0 0 0 0 0 0 0 0 0 0 0 
0 0 0 1 0 0 0 0 0 0 0 0 0 0 0 1 
0 0 0 0 0 0 0 1 1 0 0 0 0 0 0 0 
MFS
[ 0 , - , - , 0 , - , - , - , - , - , - , - , - , - , - , - , - ]
precise
1.0
recall
1.0
F-measure
1.0
multi
0
time
all 69 iden 0 gen 69
t-cover
480
all-cover
480
coveredNum
(1 : 3)  (2 : 19)  (3 : 31)  (4 : 35)  (5 : 36)  (6 : 50)  (7 : 24)  (8 : 3)  (73 : 1)  (74 : 5)  (46 : 12)  (47 : 22)  (16 : 8)  (48 : 11)  (17 : 13)  (18 : 22)  (19 : 57)  (20 : 41)  (21 : 18)  (59 : 14)  (60 : 30)  (61 : 25)  
real Identify
([ 0 , - , - , 0 , - , - , - , - , - , - , - , - , - , - , - , - ] : 1)  
