testCase Num: 62
regaular Num: 13
identify Num: 49
0 0 1 0 1 1 1 1 0 0 0 0 3 2 
1 1 0 0 0 1 0 1 0 0 0 0 1 1 
0 0 1 0 1 1 1 0 1 1 0 0 3 0 
1 1 0 0 0 0 0 0 0 0 0 0 2 0 
0 0 1 1 0 0 0 0 1 1 1 0 2 2 
1 0 1 1 0 0 0 0 1 1 1 1 2 2 
0 0 1 1 0 0 0 0 1 1 0 1 2 2 
2 0 0 0 1 1 1 1 1 1 0 0 2 2 
0 0 1 0 1 1 1 1 0 1 0 1 2 0 
0 0 1 0 1 1 1 0 1 0 0 0 3 0 
1 0 1 1 0 1 1 1 0 0 0 0 0 1 
2 1 0 0 0 0 0 0 0 1 0 0 1 0 
0 0 1 0 1 1 1 0 0 1 0 0 3 0 
0 0 1 0 1 1 0 0 0 1 0 0 3 0 
0 0 1 1 0 0 0 0 0 1 1 1 2 2 
1 0 0 1 0 0 0 0 1 1 1 1 2 2 
1 0 0 1 0 0 1 1 0 0 0 0 1 1 
1 0 1 1 1 0 0 1 0 0 0 0 1 1 
0 0 1 1 1 0 0 0 1 1 1 1 2 2 
2 1 1 1 0 0 0 1 0 0 1 1 3 0 
1 1 0 1 0 1 0 1 0 0 0 0 1 1 
0 1 0 0 1 0 0 0 0 1 0 0 3 1 
0 0 1 0 0 1 1 0 1 1 0 0 3 0 
0 0 1 1 0 0 0 0 1 1 1 1 0 2 
1 0 1 0 0 0 0 0 1 1 0 0 3 0 
1 0 1 0 0 0 0 1 0 0 0 0 1 1 
0 0 1 0 0 0 0 0 1 1 1 1 2 2 
0 0 1 1 0 1 0 0 1 1 1 1 2 2 
0 1 0 0 0 0 0 0 0 0 0 0 2 1 
0 0 1 0 1 1 1 0 0 1 1 0 3 0 
1 1 1 1 1 1 1 0 1 1 1 1 1 1 
1 1 0 0 0 0 0 1 0 0 0 0 1 1 
1 1 0 0 0 0 1 1 0 0 0 0 1 1 
1 1 0 0 0 1 0 0 1 1 1 1 2 2 
0 0 1 0 1 1 1 0 1 1 0 1 3 0 
1 0 1 0 1 1 0 1 0 0 0 0 3 1 
0 0 1 1 0 0 0 1 0 1 0 0 3 1 
0 1 1 1 1 1 1 1 1 0 1 0 0 0 
2 1 0 0 0 0 0 0 0 1 0 1 0 1 
0 0 1 0 1 0 0 0 1 1 1 1 2 2 
0 0 1 1 0 0 1 0 1 1 1 1 2 2 
0 0 1 1 0 0 0 0 1 1 1 1 2 1 
1 1 0 0 0 1 1 0 1 0 0 0 3 2 
0 0 1 0 1 1 1 1 0 1 1 0 3 0 
0 0 1 0 1 0 1 0 0 1 0 0 3 0 
0 0 1 1 0 0 0 1 1 1 1 1 2 2 
0 0 1 1 1 1 1 1 1 0 0 1 0 0 
0 1 0 0 0 0 0 0 0 0 0 0 1 2 
0 0 1 1 0 0 0 0 1 0 1 1 2 2 
0 0 1 0 1 1 1 1 0 0 0 1 2 2 
1 0 0 1 0 0 0 1 0 0 0 0 1 1 
0 0 0 1 0 0 0 0 1 1 1 1 2 2 
0 0 1 0 1 1 1 0 1 1 1 0 3 0 
0 0 1 0 1 0 1 1 0 0 0 0 2 0 
0 0 1 0 1 1 1 1 0 1 0 0 3 0 
1 0 1 0 0 0 1 1 0 0 0 0 1 1 
0 0 1 1 0 0 0 0 1 1 1 1 2 2 
1 0 1 1 0 0 0 1 0 0 0 0 1 1 
0 1 1 1 0 0 0 0 1 1 1 1 2 2 
0 0 0 0 0 0 0 0 0 0 0 0 0 0 
0 0 1 0 0 0 1 0 1 0 0 0 3 1 
1 1 0 0 0 0 0 0 0 0 0 0 0 2 
MFS
[ - , 0 , - , - , - , - , - , - , - , - , - , - , - , - ]
[ - , - , 1 , - , - , - , - , - , - , - , - , - , - , - ]
precise
0.0
recall
0.0
F-measure
0.0
multi
0
time
all 593 iden 261 gen 116
t-cover
469
all-cover
473
(1 : 98)  (2 : 71)  (3 : 77)  (4 : 50)  (5 : 42)  (6 : 32)  (7 : 15)  (8 : 15)  (9 : 13)  (10 : 11)  (11 : 5)  (12 : 10)  (13 : 11)  (14 : 10)  (15 : 7)  (16 : 3)  (17 : 2)  (18 : 1)  
testCase Num: 60
regaular Num: 10
identify Num: 50
0 0 1 0 1 0 1 1 1 1 0 0 2 2 
2 0 1 0 1 0 0 0 0 1 0 1 2 1 
0 0 1 0 1 0 1 1 1 1 1 0 3 2 
1 0 1 1 0 0 0 1 0 1 0 1 1 2 
0 1 0 1 0 1 0 0 0 0 1 1 2 0 
0 1 0 1 0 1 0 0 0 0 1 1 2 1 
1 0 1 0 1 0 0 1 0 0 0 1 1 1 
1 0 1 1 0 0 0 1 1 1 0 1 2 0 
2 0 1 0 1 0 1 0 0 0 0 1 2 1 
1 0 1 0 0 1 0 1 1 0 0 0 1 1 
0 1 1 0 1 0 1 1 1 1 0 0 3 2 
0 0 1 0 1 0 1 1 1 1 0 1 3 2 
2 1 0 1 0 1 0 0 0 0 1 1 1 0 
0 0 1 0 1 0 0 1 1 1 0 0 3 2 
1 0 1 0 0 0 0 1 0 1 1 0 2 1 
0 1 0 1 0 1 0 0 0 0 1 1 1 0 
2 0 1 0 1 0 1 0 0 0 1 0 2 1 
1 0 1 1 0 1 0 0 0 0 0 0 3 2 
1 0 1 0 0 0 1 1 0 0 0 1 1 1 
1 0 1 0 0 0 0 1 0 0 0 0 1 1 
1 0 1 1 0 0 0 1 0 0 0 1 1 1 
2 0 1 1 1 0 1 0 1 0 1 0 2 0 
0 0 1 0 1 0 1 1 0 1 0 0 3 2 
1 0 1 1 0 0 0 1 1 0 0 0 1 1 
0 0 1 1 1 0 1 1 1 1 0 0 3 2 
1 1 1 1 1 1 1 0 1 1 1 1 1 1 
0 1 0 1 0 1 0 0 0 0 1 1 0 1 
2 1 0 1 0 1 0 0 0 0 1 1 0 1 
1 0 1 0 0 0 0 1 0 1 1 0 1 1 
2 0 1 1 0 0 1 0 0 1 0 0 2 1 
1 0 1 1 0 1 0 1 0 0 0 0 3 1 
0 0 1 0 0 0 1 1 1 1 0 0 3 2 
0 0 1 0 1 0 1 0 1 1 0 0 3 2 
2 0 1 1 1 0 1 1 1 0 1 1 0 0 
2 0 1 0 1 1 0 0 1 1 1 0 2 0 
1 0 1 0 0 0 0 1 0 0 0 1 1 1 
1 0 1 0 0 0 0 1 0 0 1 0 1 1 
2 0 1 1 1 0 1 0 1 0 0 1 2 0 
1 0 1 0 0 1 0 1 0 0 0 0 1 1 
1 0 1 0 0 1 1 1 0 0 0 0 1 2 
2 0 1 0 1 1 1 0 0 1 1 0 2 0 
1 0 1 1 0 1 0 1 1 1 0 0 3 2 
0 0 1 0 1 1 1 1 1 1 0 0 3 2 
2 0 1 0 1 0 1 0 1 0 1 1 2 0 
1 0 1 0 0 0 0 1 0 1 0 1 1 1 
2 0 1 0 0 0 1 0 1 0 0 1 2 1 
2 0 1 0 1 0 1 1 1 1 0 0 3 2 
0 0 1 0 1 0 1 1 1 1 0 0 3 1 
0 0 1 0 1 0 1 1 1 1 0 0 3 2 
2 1 0 1 0 1 0 1 0 0 1 1 2 2 
2 0 1 0 1 0 1 0 0 1 1 1 2 0 
0 0 1 0 1 0 1 1 1 0 0 0 3 2 
1 0 1 1 0 0 0 1 0 0 1 0 3 1 
1 0 1 0 0 1 0 0 0 0 1 0 3 2 
0 0 0 0 1 0 1 1 1 1 0 0 3 2 
1 0 1 1 0 1 0 1 1 0 0 1 3 0 
1 0 1 1 0 0 0 1 0 0 0 0 1 1 
0 0 0 0 0 0 0 0 0 0 0 0 0 0 
2 0 1 1 0 1 1 1 1 1 0 1 0 0 
1 0 1 0 0 0 0 1 1 0 0 1 2 1 
MFS
[ 1 , - , - , - , - , - , - , - , - , - , - , - , - , - ]
[ - , - , - , - , - , - , - , - , - , - , - , 0 , - , - ]
[ - , - , - , - , - , - , - , - , - , - , - , - , - , 2 ]
[ - , - , - , - , - , - , - , - , - , - , 0 , - , - , - ]
[ - , - , - , - , - , - , - , - , - , - , - , - , 3 , - ]
[ - , - , - , - , - , - , - , - , - , 1 , - , - , - , - ]
[ - , - , - , - , - , - , - , - , 1 , - , - , - , - , - ]
[ - , - , - , - , - , - , - , 1 , - , - , - , - , - , - ]
[ - , - , - , - , - , 0 , - , - , - , - , - , - , - , - ]
[ - , - , - , - , - , - , 1 , - , - , - , - , - , - , - ]
[ - , - , - , 0 , - , - , - , - , - , - , - , - , - , - ]
[ - , - , - , - , 1 , - , - , - , - , - , - , - , - , - ]
[ - , 0 , - , - , - , - , - , - , - , - , - , - , - , - ]
[ - , - , 1 , - , - , - , - , - , - , - , - , - , - , - ]
precise
0.0
recall
0.0
F-measure
0.0
multi
0
time
all 324 iden 238 gen 58
t-cover
365
all-cover
473
(1 : 246)  (2 : 89)  (3 : 60)  (4 : 16)  (5 : 6)  (6 : 1)  (7 : 35)  (8 : 20)  
