testCase Num: 31
regaular Num: 7
identify Num: 24
0 0 0 1 0 0 0 0 0 0 
0 0 0 0 1 0 0 0 0 0 
1 1 1 1 1 0 0 1 0 1 
1 1 1 1 1 0 0 0 0 1 
1 1 1 0 1 1 1 1 0 1 
0 1 1 2 1 1 1 1 1 1 
0 1 1 2 1 1 1 1 1 2 
1 1 1 1 1 1 0 1 0 1 
0 0 1 0 0 0 0 0 0 0 
0 0 0 0 0 0 0 1 0 0 
0 0 0 0 0 0 0 0 0 1 
0 0 0 0 0 0 0 0 0 0 
0 1 0 0 0 0 0 0 0 0 
1 1 1 1 0 1 1 1 0 1 
1 1 1 1 1 0 1 1 0 1 
0 0 0 0 0 1 0 0 0 0 
0 1 1 1 1 1 1 1 1 1 
0 1 1 1 1 1 1 1 1 2 
1 1 1 1 1 0 0 0 0 0 
1 0 0 0 0 0 0 0 0 0 
1 0 0 1 1 1 1 1 0 1 
1 0 1 1 1 1 1 1 0 1 
1 0 0 0 0 1 1 1 0 1 
0 1 1 3 1 1 1 1 1 2 
1 1 1 1 1 1 1 1 0 0 
1 1 1 1 1 1 1 0 0 1 
1 1 0 1 1 1 1 1 0 1 
0 0 0 0 0 0 1 0 0 0 
0 0 0 0 0 0 0 0 1 0 
1 1 1 0 0 1 1 1 0 1 
0 1 1 3 1 1 1 1 1 1 
MFS
[ 1 , - , - , - , - , - , - , - , - , - ]
[ - , - , - , - , - , - , - , - , - , 0 ]
[ - , - , - , - , - , - , - , - , 0 , - ]
[ - , - , - , - , - , - , - , 0 , - , - ]
[ - , - , - , - , - , - , 0 , - , - , - ]
[ - , - , - , - , - , 0 , - , - , - , - ]
[ - , - , - , - , 0 , - , - , - , - , - ]
[ - , - , - , 0 , - , - , - , - , - , - ]
[ - , - , 0 , - , - , - , - , - , - , - ]
[ - , 0 , - , - , - , - , - , - , - , - ]
precise
0.1
recall
0.3333333333333333
F-measure
0.15384615384615383
multi
0
time
all 47 iden 16 gen 16
t-cover
139
all-cover
236
(1 : 168)  (2 : 24)  (3 : 16)  (6 : 27)  (7 : 1)  
testCase Num: 31
regaular Num: 7
identify Num: 24
0 0 0 1 0 0 0 0 0 0 
0 0 0 0 1 0 0 0 0 0 
1 1 1 1 1 0 0 1 0 1 
1 1 1 1 1 0 0 0 0 1 
1 1 1 0 1 1 1 1 0 1 
0 1 1 2 1 1 1 1 1 1 
0 1 1 2 1 1 1 1 1 2 
1 1 1 1 1 1 0 1 0 1 
0 0 1 0 0 0 0 0 0 0 
0 0 0 0 0 0 0 1 0 0 
0 0 0 0 0 0 0 0 0 1 
0 0 0 0 0 0 0 0 0 0 
0 1 0 0 0 0 0 0 0 0 
1 1 1 1 0 1 1 1 0 1 
1 1 1 1 1 0 1 1 0 1 
0 0 0 0 0 1 0 0 0 0 
0 1 1 1 1 1 1 1 1 1 
0 1 1 1 1 1 1 1 1 2 
1 1 1 1 1 0 0 0 0 0 
1 0 0 0 0 0 0 0 0 0 
1 0 0 1 1 1 1 1 0 1 
1 0 1 1 1 1 1 1 0 1 
1 0 0 0 0 1 1 1 0 1 
0 1 1 3 1 1 1 1 1 2 
1 1 1 1 1 1 1 0 0 1 
1 1 1 1 1 1 1 1 0 0 
1 1 0 1 1 1 1 1 0 1 
0 0 0 0 0 0 1 0 0 0 
0 0 0 0 0 0 0 0 1 0 
1 1 1 0 0 1 1 1 0 1 
0 1 1 3 1 1 1 1 1 1 
MFS
[ 1 , - , - , - , - , - , - , - , - , - ]
[ - , - , - , - , - , - , - , - , - , 0 ]
[ - , - , - , - , - , - , - , - , 0 , - ]
[ - , - , - , - , - , - , - , 0 , - , - ]
[ - , - , - , - , - , - , 0 , - , - , - ]
[ - , - , - , - , - , 0 , - , - , - , - ]
[ - , - , - , - , 0 , - , - , - , - , - ]
[ - , - , - , 0 , - , - , - , - , - , - ]
[ - , - , 0 , - , - , - , - , - , - , - ]
[ - , 0 , - , - , - , - , - , - , - , - ]
precise
0.1
recall
0.3333333333333333
F-measure
0.15384615384615383
multi
0
time
all 31 iden 15 gen 0
t-cover
139
all-cover
236
(1 : 168)  (2 : 24)  (3 : 16)  (6 : 27)  (7 : 1)  
