testCase Num: 64
regaular Num: 8
identify Num: 56
3 0 0 0 0 0 0 0 1 0 
2 1 1 0 1 1 0 1 1 0 
2 0 1 0 1 1 0 0 1 0 
2 0 0 1 0 0 1 1 0 0 
3 1 1 1 0 1 1 1 0 0 
5 0 0 1 0 0 1 1 0 0 
3 0 1 1 0 1 1 0 0 0 
2 0 0 1 1 0 0 1 0 0 
3 0 1 0 0 1 0 1 0 0 
3 1 0 1 0 0 0 0 1 0 
1 1 0 1 1 1 1 1 1 1 
3 1 1 0 1 1 0 0 1 0 
3 0 1 0 1 1 1 0 0 0 
2 1 1 1 1 1 0 0 1 0 
2 1 0 1 0 0 0 1 0 0 
0 0 0 0 0 0 0 0 0 0 
2 1 1 0 1 1 1 0 1 0 
2 1 1 0 1 1 0 0 0 0 
3 1 1 0 1 0 1 1 0 0 
0 1 0 0 0 0 0 1 0 0 
2 0 0 0 0 0 1 0 0 0 
0 0 1 1 1 1 1 1 1 1 
3 0 1 1 0 1 0 0 0 1 
3 0 1 0 0 1 1 1 0 0 
4 1 1 0 1 1 0 0 1 0 
3 0 1 1 1 1 1 1 0 0 
1 0 1 0 0 0 0 0 0 0 
3 1 1 0 1 1 0 0 0 0 
3 0 1 0 1 1 0 1 0 0 
3 0 0 1 0 0 0 1 0 0 
3 1 0 0 0 0 0 0 1 0 
2 1 1 0 1 1 0 0 1 0 
2 1 1 0 1 1 0 0 1 1 
5 1 1 0 1 1 0 0 1 1 
2 0 0 1 0 0 1 0 0 0 
2 1 0 0 1 1 0 0 1 0 
2 0 0 1 0 0 0 1 1 0 
0 0 0 1 0 0 0 0 0 0 
3 1 1 1 0 1 1 0 0 0 
2 0 0 0 0 0 0 1 0 0 
3 0 1 1 0 1 1 1 0 0 
3 0 1 1 0 1 0 0 1 0 
2 1 1 0 1 0 0 0 1 0 
4 0 0 1 0 0 0 1 0 0 
3 1 1 1 0 1 0 1 0 0 
2 1 1 0 0 1 0 0 1 0 
3 0 1 1 1 1 0 1 0 0 
2 0 0 1 0 0 0 1 0 0 
2 0 0 1 0 0 0 1 0 1 
3 0 0 1 0 0 0 0 1 0 
3 0 0 0 0 0 0 1 0 0 
2 0 1 1 0 0 0 1 0 0 
2 0 0 1 0 0 0 0 0 0 
4 0 0 1 0 1 0 0 1 0 
3 1 1 1 0 1 0 0 0 0 
2 0 0 1 0 1 0 1 0 0 
3 0 1 1 0 1 0 1 0 0 
3 0 1 1 0 1 1 1 1 0 
3 0 1 0 0 1 1 0 0 0 
3 0 1 1 1 1 1 0 0 0 
3 0 1 1 0 0 1 1 1 0 
4 1 1 0 1 0 1 0 0 1 
4 0 0 0 0 0 0 1 0 0 
3 0 1 0 1 1 0 0 0 0 
MFS
precise
0.0
recall
0.0
F-measure
0.0
multi
0
time
all 166 iden 153 gen 6
t-cover
252
all-cover
252
(1 : 56)  (2 : 35)  (3 : 31)  (4 : 30)  (5 : 32)  (6 : 16)  (7 : 7)  (8 : 7)  (9 : 4)  (10 : 1)  (11 : 4)  (12 : 4)  (13 : 5)  (14 : 4)  (15 : 6)  (16 : 5)  (17 : 4)  (18 : 1)  
testCase Num: 43
regaular Num: 11
identify Num: 32
2 1 0 1 0 0 0 0 1 0 
5 1 0 1 1 1 0 0 0 1 
2 0 0 1 0 0 0 0 1 0 
2 0 0 1 0 0 0 1 1 0 
2 0 0 1 0 0 0 0 1 1 
2 1 0 0 0 1 0 0 0 0 
2 0 1 1 0 0 0 0 1 0 
0 0 0 1 0 0 0 0 0 0 
2 1 0 0 0 0 0 0 0 0 
2 1 0 0 0 1 0 1 0 0 
2 1 0 0 0 1 0 0 0 1 
3 0 1 0 1 0 0 0 0 0 
5 1 0 0 0 0 0 1 0 0 
1 0 0 0 0 0 0 0 0 1 
5 1 0 0 0 0 0 1 0 1 
2 0 1 0 1 0 1 1 0 1 
2 1 0 0 0 1 1 0 0 0 
2 1 0 0 0 1 0 0 1 0 
3 0 1 0 1 1 1 0 0 0 
0 0 0 1 1 0 1 1 1 1 
0 0 0 0 0 0 0 0 0 0 
2 1 0 0 1 1 0 0 0 0 
2 0 0 1 0 0 0 0 0 0 
1 1 1 1 1 1 1 1 1 0 
4 1 0 0 0 1 0 0 0 0 
0 0 0 1 0 0 0 0 1 0 
2 0 0 1 0 0 1 0 1 0 
3 0 1 0 1 0 1 0 0 0 
2 0 0 0 0 0 0 0 1 0 
2 1 0 1 0 1 0 0 0 0 
0 1 0 0 0 1 0 0 0 0 
2 0 0 1 1 0 0 0 1 0 
0 1 1 0 0 1 0 0 0 0 
3 1 0 1 0 1 0 1 1 1 
2 0 0 1 0 1 0 0 1 0 
2 1 1 0 0 1 0 0 0 0 
5 0 1 0 0 1 1 0 1 0 
4 1 1 1 1 0 0 0 0 1 
5 1 0 0 0 1 0 0 0 1 
4 0 0 0 0 0 1 1 1 0 
2 0 0 0 0 1 0 0 0 0 
3 0 1 0 1 1 0 0 0 0 
0 0 0 0 0 0 0 0 1 0 
MFS
precise
0.0
recall
0.0
F-measure
0.0
multi
0
time
all 64 iden 55 gen 8
t-cover
252
all-cover
252
(1 : 54)  (2 : 31)  (3 : 23)  (4 : 36)  (5 : 12)  (6 : 15)  (7 : 15)  (8 : 9)  (9 : 10)  (10 : 5)  (11 : 6)  (12 : 2)  (13 : 7)  (14 : 2)  (15 : 3)  (16 : 7)  (17 : 7)  (18 : 2)  (19 : 2)  (21 : 3)  (22 : 1)  
