testCase Num: 128
regaular Num: 41
identify Num: 87
3 0 0 0 0 0 0 0 1 1 
3 1 1 1 1 0 0 0 1 0 
4 1 1 0 0 1 0 0 1 0 
0 1 0 0 0 0 0 1 1 1 
5 0 0 0 0 0 1 0 1 1 
4 0 0 0 0 1 0 1 1 1 
2 0 1 1 1 0 0 1 0 0 
0 1 1 1 1 1 0 0 1 0 
1 1 0 0 0 0 0 0 0 1 
2 0 0 1 1 0 0 1 0 0 
4 1 1 1 1 0 1 0 0 1 
3 0 0 0 0 1 0 1 0 0 
3 1 1 0 1 1 0 0 1 0 
3 1 0 0 0 0 1 0 1 1 
5 0 0 0 0 1 0 0 1 1 
3 0 1 1 1 0 0 1 0 0 
3 0 0 0 0 1 0 1 0 1 
3 1 0 0 0 1 1 1 0 0 
3 1 1 1 1 1 0 1 1 0 
4 0 0 0 1 1 0 0 1 0 
0 1 0 0 0 1 1 1 1 0 
3 0 0 0 0 1 0 1 1 0 
2 0 1 1 0 1 1 0 0 1 
2 0 1 1 0 1 1 0 0 0 
1 0 0 0 0 1 1 1 0 1 
3 1 0 -1 0 1 1 1 1 0 
4 0 0 0 0 0 1 0 1 0 
5 1 0 0 0 1 1 1 1 1 
0 0 0 0 0 0 0 1 1 1 
5 0 0 0 0 1 1 1 1 1 
3 0 0 0 0 0 0 1 1 1 
2 1 1 1 1 0 0 1 0 0 
1 1 0 0 0 0 1 1 1 1 
3 1 1 1 1 1 1 0 1 0 
3 1 0 1 0 1 0 1 0 1 
3 0 0 0 0 1 0 0 0 0 
5 1 0 1 0 1 0 1 0 0 
3 0 1 0 0 1 1 0 1 0 
3 1 0 1 0 1 0 1 0 0 
3 1 1 1 0 1 0 1 0 0 
2 1 0 0 0 0 0 1 1 1 
4 0 0 0 0 0 0 0 1 1 
2 0 1 0 0 1 0 1 1 1 
2 0 1 0 0 1 0 1 1 0 
3 1 0 0 0 0 1 1 1 0 
5 0 1 1 1 1 0 0 1 0 
1 1 0 1 0 1 1 0 0 0 
3 0 0 0 0 0 0 1 0 0 
4 1 0 0 0 1 1 0 1 1 
2 1 0 0 0 1 0 0 1 1 
0 1 0 0 0 0 1 0 1 1 
2 0 0 0 0 0 0 0 1 1 
2 0 0 0 0 0 1 1 0 1 
5 0 0 0 0 0 0 1 1 1 
3 1 0 0 0 1 0 1 0 0 
3 1 0 0 0 1 0 1 1 0 
0 1 0 0 0 1 0 0 0 1 
2 1 0 0 1 0 1 0 1 0 
3 0 0 0 0 1 1 1 0 0 
1 0 0 0 0 0 1 0 1 1 
2 1 0 0 0 0 0 1 0 0 
2 1 0 0 0 1 1 1 1 0 
4 0 0 0 0 0 1 1 1 0 
2 0 0 0 0 1 1 0 1 1 
4 1 1 0 1 0 0 1 1 1 
2 0 1 1 1 1 0 1 0 0 
5 0 0 0 0 1 1 0 1 0 
2 1 0 0 0 1 1 1 1 1 
3 1 1 1 0 1 0 0 1 0 
5 1 0 0 0 0 1 1 1 1 
2 1 0 1 0 1 0 1 1 0 
3 1 0 0 0 1 1 0 1 0 
1 0 1 0 1 1 0 0 0 1 
3 0 0 1 0 1 0 1 0 0 
3 0 0 0 0 1 1 1 1 0 
3 1 0 1 0 1 0 0 0 0 
2 0 0 0 0 1 0 0 1 0 
2 0 0 0 0 1 1 1 0 0 
3 1 0 0 0 0 0 0 0 0 
0 0 0 0 0 0 0 0 0 0 
3 0 0 0 0 0 1 0 1 1 
5 1 1 0 1 1 0 1 0 0 
3 1 0 0 -1 1 1 1 1 0 
5 0 0 0 0 0 1 1 0 0 
0 0 0 0 0 1 1 0 1 1 
3 1 -1 0 0 1 1 1 1 0 
3 1 0 1 1 1 0 0 1 0 
3 1 0 1 0 1 0 1 1 0 
2 0 1 1 0 1 0 1 1 0 
3 0 0 0 0 1 1 0 0 0 
4 1 0 0 0 0 1 1 1 0 
3 0 1 1 1 1 0 0 1 0 
1 1 0 0 0 1 0 1 1 0 
2 0 0 0 0 1 1 1 1 0 
2 0 1 1 1 1 0 0 0 0 
2 0 0 0 0 1 0 1 0 0 
3 0 -1 0 0 1 0 1 0 0 
0 1 1 0 0 0 1 1 0 1 
5 1 0 1 0 0 0 0 1 1 
3 1 0 1 0 0 0 1 0 0 
4 0 0 0 0 1 1 1 0 1 
1 0 1 1 0 0 1 1 1 0 
0 0 0 0 0 1 0 1 1 1 
3 1 0 0 0 1 1 1 1 0 
3 1 0 0 0 1 1 1 1 1 
3 0 0 0 -1 1 0 1 0 0 
3 1 1 1 1 1 0 0 0 0 
3 0 0 0 0 1 1 0 1 1 
3 0 0 -1 0 1 0 1 0 0 
2 0 0 0 0 1 0 1 1 0 
0 0 0 0 0 0 1 0 1 1 
2 0 1 1 1 1 0 1 1 0 
3 0 0 0 0 0 1 1 1 1 
3 0 1 1 1 0 0 0 0 0 
1 0 0 0 0 1 1 0 1 1 
1 0 0 0 0 0 0 1 1 1 
0 0 0 1 1 1 1 1 1 1 
3 1 0 1 1 1 0 1 0 0 
2 1 1 1 1 0 1 1 0 0 
3 1 1 1 1 1 0 0 1 0 
3 1 1 1 1 1 0 0 1 1 
3 0 1 1 1 1 1 0 0 0 
3 1 0 1 0 1 1 1 0 0 
2 0 1 1 0 1 0 0 1 0 
5 1 0 0 0 1 1 0 1 0 
1 1 0 0 0 1 0 0 1 1 
2 0 0 0 0 1 0 0 0 0 
4 1 0 1 0 1 0 1 0 0 
MFS
[ - , - , - , - , - , - , - , - , - , 0 ]
[ - , - , - , - , - , - , - , - , 0 , - ]
[ - , - , - , - , 1 , - , - , - , - , - ]
[ - , - , - , 1 , - , - , - , - , - , - ]
[ - , - , 1 , - , - , - , - , - , - , - ]
precise
0.0
recall
0.0
F-measure
0.0
multi
2
time
all 2027 iden 921 gen 299
t-cover
4683
all-cover
6048
(1 : 3094)  (2 : 1073)  (3 : 611)  (4 : 384)  (5 : 202)  (6 : 144)  (7 : 94)  (8 : 79)  (9 : 64)  (10 : 41)  (11 : 46)  (12 : 34)  (13 : 28)  (14 : 32)  (15 : 19)  (16 : 18)  (17 : 14)  (18 : 10)  (19 : 11)  (20 : 7)  (21 : 8)  (22 : 11)  (23 : 4)  (24 : 2)  (25 : 5)  (26 : 3)  (27 : 1)  (28 : 1)  (29 : 1)  (30 : 1)  (31 : 1)  (33 : 1)  (34 : 2)  (39 : 1)  (42 : 1)  
testCase Num: 116
regaular Num: 63
identify Num: 53
5 1 1 0 1 1 1 0 0 1 
3 1 1 1 1 0 1 1 0 0 
3 0 1 1 0 1 1 0 0 0 
1 1 1 0 0 0 1 1 0 0 
5 0 1 0 1 1 1 1 0 1 
2 1 1 0 1 0 1 0 0 0 
2 1 0 0 1 0 1 0 0 1 
0 0 1 1 0 1 0 1 0 0 
4 0 1 0 1 1 0 0 0 1 
2 0 0 0 1 0 1 1 0 1 
4 0 1 1 1 0 1 1 0 0 
3 1 0 0 1 1 0 0 1 1 
3 1 0 0 1 1 1 1 0 1 
0 0 1 0 1 1 1 0 0 1 
1 0 0 0 1 0 0 1 0 1 
3 1 0 0 0 0 1 0 1 1 
1 1 0 0 1 0 0 0 0 1 
3 0 1 1 1 0 0 1 0 0 
5 1 0 1 0 0 1 1 1 0 
3 0 1 1 0 1 1 0 1 0 
4 0 0 1 0 0 0 1 1 1 
2 0 0 0 1 0 0 0 0 1 
5 1 1 0 1 0 0 1 0 1 
0 0 0 0 1 1 1 1 1 0 
0 1 0 0 1 0 0 0 0 1 
1 0 1 0 1 0 1 1 0 1 
5 0 1 1 1 1 0 0 0 0 
2 0 0 1 1 1 0 0 0 0 
2 1 1 0 1 1 1 1 0 1 
5 1 0 1 1 1 0 1 0 0 
3 0 0 1 1 0 1 1 0 0 
2 0 1 0 1 1 1 0 0 1 
0 0 0 0 1 1 0 0 0 1 
3 1 1 1 0 1 0 1 1 0 
0 1 0 0 1 1 0 1 0 1 
5 1 0 0 1 0 0 0 1 1 
5 1 0 1 0 1 0 1 0 0 
2 0 0 1 0 1 1 0 1 0 
3 1 0 1 0 1 0 1 0 0 
0 1 0 0 1 0 1 1 0 1 
2 0 1 0 0 1 0 1 1 1 
5 0 0 0 1 0 1 0 0 1 
0 1 1 1 1 0 1 1 1 1 
5 0 0 0 0 1 1 0 0 1 
2 0 0 1 1 1 1 1 0 0 
2 0 0 1 1 1 0 0 1 0 
3 1 1 0 1 0 1 0 0 1 
2 1 0 0 0 0 0 1 1 0 
1 0 0 1 1 1 1 0 1 1 
1 0 1 0 1 1 0 1 0 1 
3 0 0 0 1 0 1 0 0 1 
3 1 0 0 0 1 0 1 1 0 
4 1 0 0 1 1 1 1 0 1 
2 1 1 0 1 0 0 1 0 1 
4 0 0 0 1 1 1 0 0 1 
0 0 1 0 1 0 0 1 0 1 
2 0 1 0 1 0 0 0 0 1 
3 1 1 0 1 1 0 1 0 1 
5 0 1 0 1 0 0 1 0 1 
3 0 0 0 1 1 0 1 0 1 
2 1 0 1 1 1 0 0 0 1 
3 0 1 1 1 0 1 0 0 0 
2 1 0 1 1 1 0 0 0 0 
1 0 0 0 1 0 1 0 0 1 
0 1 1 0 1 1 0 0 0 1 
2 0 0 0 1 1 1 1 0 1 
3 1 0 1 0 1 0 0 1 0 
3 1 1 0 1 0 0 0 0 1 
3 0 1 1 0 1 0 1 1 0 
3 0 0 1 0 1 0 1 1 0 
4 1 1 0 1 1 0 1 0 1 
1 0 1 0 1 1 0 0 0 1 
1 1 0 0 1 1 1 1 0 1 
2 1 1 1 0 0 1 0 1 0 
3 0 1 0 1 1 1 0 0 1 
4 1 1 0 0 1 1 0 1 0 
0 0 0 0 0 0 0 0 0 0 
3 0 1 1 1 0 1 1 1 0 
4 0 1 0 1 0 0 0 0 1 
2 1 1 1 1 0 1 0 0 0 
1 1 1 1 0 0 0 0 1 0 
1 1 1 0 1 1 1 0 0 1 
2 0 1 1 1 0 1 1 0 0 
5 0 0 0 1 1 0 1 0 1 
3 0 1 1 1 1 1 1 0 0 
3 1 0 1 0 1 0 1 1 0 
3 1 0 1 0 1 0 1 1 1 
4 1 0 0 1 0 1 0 0 1 
5 0 1 0 1 0 0 0 0 1 
2 0 0 1 1 1 0 1 0 0 
4 1 1 0 1 0 1 1 0 1 
2 0 0 1 1 1 1 0 1 0 
0 0 1 1 1 0 0 0 1 1 
5 1 0 1 0 0 1 1 0 1 
3 0 1 1 1 0 1 1 0 0 
3 0 1 1 1 0 1 1 0 1 
3 1 0 1 0 1 1 0 0 0 
3 1 0 0 1 0 0 1 0 1 
3 0 0 0 1 0 0 0 0 1 
3 0 1 0 1 0 0 0 0 1 
1 0 1 0 0 0 1 1 0 0 
3 1 0 1 0 0 0 1 1 0 
4 0 0 0 1 1 0 1 0 1 
3 0 1 1 0 0 1 1 0 0 
1 1 0 1 0 1 0 1 1 0 
3 0 1 0 1 0 1 1 0 0 
3 1 0 1 0 1 1 1 1 0 
0 0 1 0 1 0 1 0 0 1 
2 1 1 1 1 0 1 1 0 0 
3 1 0 1 1 1 0 1 1 0 
5 0 1 1 1 0 1 1 0 0 
0 1 0 1 0 1 1 0 0 1 
4 1 0 0 1 0 0 0 1 0 
2 1 1 1 0 0 1 0 0 0 
2 1 0 1 0 0 1 1 0 0 
2 1 1 1 0 0 1 0 0 1 
MFS
[ - , - , - , - , - , - , - , - , - , 0 ]
[ - , - , - , - , - , - , - , - , 1 , - ]
[ - , - , - , - , 0 , - , - , - , - , - ]
[ - , - , - , 1 , - , - , - , - , - , - ]
precise
0.0
recall
0.0
F-measure
0.0
multi
1
time
all 1647 iden 536 gen 527
t-cover
5096
all-cover
6048
(1 : 2546)  (2 : 1256)  (3 : 812)  (4 : 494)  (5 : 204)  (6 : 112)  (7 : 123)  (8 : 106)  (9 : 55)  (10 : 34)  (11 : 34)  (12 : 52)  (13 : 64)  (14 : 40)  (15 : 25)  (16 : 22)  (17 : 15)  (18 : 8)  (19 : 4)  (20 : 1)  (21 : 1)  (22 : 2)  (23 : 6)  (24 : 9)  (25 : 2)  (26 : 5)  (27 : 7)  (28 : 5)  (29 : 3)  (49 : 1)  
