testCase Num: 166
regaular Num: 116
identify Num: 50
0 1 0 1 0 0 0 0 1 1 0 1 0 0 
1 0 1 0 0 1 1 0 0 1 1 0 0 1 
1 1 0 1 0 1 0 0 0 0 1 0 2 1 
2 1 0 1 0 1 0 0 1 1 1 0 1 1 
1 0 1 0 1 1 0 1 0 1 0 0 1 1 
1 0 1 0 1 0 1 0 1 1 1 0 0 0 
0 1 0 1 1 1 1 0 0 0 1 0 1 2 
0 1 0 1 0 1 0 1 0 0 0 0 0 1 
1 1 0 1 0 1 0 1 0 1 0 1 0 0 
1 0 1 0 1 1 0 1 0 1 0 0 2 1 
1 1 0 1 0 0 1 1 1 1 1 0 3 1 
1 0 1 0 1 0 1 1 0 1 0 0 0 1 
1 1 1 0 0 1 1 0 1 0 0 1 2 2 
1 0 1 0 0 1 1 0 1 0 0 1 2 2 
0 1 0 1 1 0 1 0 0 1 0 1 0 2 
1 0 1 0 0 1 0 0 1 0 0 1 2 2 
2 0 1 1 1 0 0 0 0 1 1 0 3 2 
1 0 1 0 0 1 1 0 1 0 0 1 2 1 
2 1 0 1 1 1 1 0 1 0 0 0 0 2 
1 1 0 1 0 0 0 0 0 0 0 0 2 0 
1 0 1 0 1 1 0 1 0 0 1 0 1 1 
0 1 0 1 0 0 0 0 0 0 0 1 2 2 
1 0 1 0 1 0 1 1 0 0 1 0 1 2 
2 1 0 1 1 0 0 0 1 0 0 1 2 2 
2 1 0 1 0 1 0 1 1 1 0 0 2 1 
0 1 0 1 1 0 0 0 0 0 0 0 1 0 
2 1 1 1 1 0 0 1 0 1 1 1 2 2 
0 1 0 1 0 0 0 1 1 1 1 1 3 1 
2 1 1 1 1 0 0 0 1 0 0 0 3 1 
1 1 0 1 1 0 1 1 0 0 1 1 2 1 
1 0 1 0 1 1 1 0 1 0 0 1 2 2 
1 1 0 1 1 0 1 1 1 1 0 1 1 0 
1 1 0 1 1 0 0 0 1 1 1 0 0 0 
1 0 1 1 1 0 1 0 1 0 0 0 1 0 
1 1 0 1 0 1 1 0 1 0 0 1 0 1 
1 1 0 1 1 1 1 0 0 1 0 1 3 1 
1 1 0 1 0 0 1 0 0 0 1 0 0 2 
1 1 0 1 0 0 0 0 0 0 0 0 1 0 
2 0 1 1 1 0 0 0 0 1 1 0 2 2 
1 0 1 0 0 1 0 1 0 1 0 1 0 1 
2 1 0 1 1 1 0 0 1 1 1 0 0 1 
2 1 0 1 1 1 1 1 0 0 1 0 1 1 
0 1 0 1 1 1 1 0 0 0 0 0 2 1 
2 1 0 1 1 1 1 0 1 1 1 1 3 2 
2 1 0 1 1 1 0 1 0 0 0 1 1 0 
2 1 0 1 0 0 0 1 0 1 0 0 0 0 
2 0 1 1 1 0 0 0 1 0 0 1 2 2 
2 0 1 1 1 0 0 1 0 1 1 0 2 2 
0 1 0 1 0 1 0 0 0 1 1 1 0 1 
0 1 0 1 1 1 1 1 0 0 1 0 0 0 
1 1 0 1 1 0 0 0 0 1 1 1 1 1 
2 1 0 1 1 0 0 0 0 0 1 0 2 0 
1 1 0 1 0 1 1 0 0 0 1 1 3 0 
2 0 1 0 0 1 1 0 1 0 0 1 2 2 
1 1 0 1 0 0 0 0 1 1 1 1 2 0 
1 1 0 1 0 1 0 1 1 0 1 1 3 2 
2 1 0 1 0 1 0 0 0 0 1 0 3 2 
2 1 0 1 0 0 0 0 1 1 0 1 3 0 
1 0 1 0 0 0 1 0 1 0 0 1 2 2 
2 1 0 1 0 0 1 0 0 0 0 0 2 1 
1 1 0 1 1 1 0 1 1 0 1 1 0 2 
0 1 0 1 1 1 0 1 1 0 1 0 2 2 
1 0 1 0 0 1 1 0 0 0 0 1 2 2 
2 1 0 1 0 1 1 1 0 1 1 1 0 2 
2 1 0 1 1 0 0 1 0 0 0 0 3 2 
1 0 1 0 1 0 1 1 1 0 1 0 0 0 
1 0 1 1 0 1 1 0 1 0 0 1 2 2 
2 0 1 0 0 1 1 1 0 1 1 0 3 0 
1 1 0 1 0 0 0 0 0 0 1 0 0 1 
0 1 0 1 0 0 0 0 0 0 1 0 2 1 
0 1 0 1 1 1 0 0 1 0 0 1 3 2 
1 0 1 0 1 1 0 1 0 0 0 0 1 1 
0 1 0 1 0 0 0 1 0 0 1 1 1 2 
2 1 0 1 0 0 1 0 0 0 0 0 1 0 
0 1 0 1 0 0 1 0 1 1 0 0 2 2 
0 1 0 1 0 0 1 1 0 0 0 0 2 0 
0 1 0 1 1 0 1 1 1 1 0 1 3 0 
1 1 0 1 1 1 1 0 0 0 1 1 1 2 
2 1 0 1 0 0 0 0 1 0 0 0 2 0 
1 0 1 0 0 0 0 1 1 1 1 0 0 1 
0 1 0 1 0 1 0 1 1 1 0 0 1 0 
1 0 1 0 0 1 1 0 1 1 0 1 2 2 
2 1 0 1 1 0 0 1 1 1 1 0 1 2 
1 1 0 1 0 1 0 0 0 1 1 0 2 1 
2 1 0 1 1 1 0 0 1 1 1 1 1 0 
0 1 0 1 0 1 1 0 0 1 0 0 3 1 
1 1 0 1 0 0 0 1 0 1 0 1 2 2 
2 1 0 1 0 0 1 0 0 1 1 0 3 1 
0 0 0 1 1 1 1 1 1 1 1 1 1 1 
0 1 0 1 0 1 1 0 0 1 1 1 2 2 
2 0 1 0 1 0 0 1 0 1 1 0 3 2 
2 0 1 0 1 0 1 1 0 1 1 0 3 2 
1 1 0 1 0 0 1 0 0 0 0 1 0 0 
0 1 0 1 1 0 0 0 1 0 0 1 0 0 
0 1 0 1 0 0 0 0 1 1 0 0 1 2 
0 1 0 1 0 0 1 1 0 0 0 1 3 2 
0 1 0 1 0 0 1 1 0 0 0 0 1 1 
2 1 0 1 0 1 0 1 0 0 0 1 3 1 
1 1 0 1 1 0 0 0 0 1 1 0 3 2 
0 1 0 1 0 0 0 1 1 1 0 1 2 1 
0 0 1 0 0 0 1 1 0 0 1 1 2 2 
0 1 0 1 0 0 0 0 0 1 0 0 0 0 
1 0 0 0 0 1 1 0 1 0 0 1 2 2 
1 1 0 1 1 1 0 0 1 1 0 1 3 0 
0 1 0 1 0 0 1 0 0 1 1 1 1 0 
0 1 0 1 1 0 1 0 1 1 1 0 2 0 
1 1 0 1 0 1 0 1 0 1 0 0 1 2 
0 1 0 1 1 1 1 1 1 0 1 0 3 1 
0 1 0 1 1 0 0 0 0 0 1 0 3 1 
2 1 0 1 1 1 0 0 0 1 0 1 1 2 
1 1 0 1 1 1 1 1 1 0 0 0 2 0 
2 0 1 0 1 0 0 1 0 1 1 0 2 2 
2 1 0 1 0 0 1 1 1 1 0 0 3 2 
1 1 0 1 1 0 1 1 0 1 0 0 2 2 
0 1 0 1 0 0 1 1 1 0 1 0 0 1 
2 1 0 1 1 0 1 0 0 0 1 1 3 0 
1 0 1 0 0 1 1 0 1 0 1 1 2 2 
1 1 0 1 0 1 0 1 1 0 0 1 1 1 
1 1 0 1 0 0 0 0 0 0 1 0 2 2 
0 1 0 1 1 0 0 0 1 0 0 1 1 1 
0 1 0 1 0 0 0 1 1 0 1 1 0 2 
0 1 0 1 1 1 0 1 0 1 0 1 2 0 
1 1 0 1 0 1 0 0 0 0 0 0 3 1 
0 1 0 1 0 1 0 0 1 0 1 0 3 0 
2 1 0 1 0 0 1 1 1 0 1 1 0 0 
2 1 0 1 0 0 1 0 0 1 0 1 1 1 
0 1 0 1 1 0 0 0 0 0 0 0 0 1 
2 1 0 1 1 1 1 0 1 1 0 0 0 0 
0 0 1 0 1 0 1 1 0 1 0 1 2 0 
2 1 0 1 0 1 1 1 0 0 1 1 2 0 
2 1 1 1 0 1 1 1 0 1 1 0 3 0 
1 0 1 0 1 1 0 0 0 1 1 0 0 1 
2 1 0 1 0 0 0 0 0 0 0 0 2 2 
2 1 0 1 0 0 1 0 0 0 0 1 0 1 
1 0 1 0 0 1 1 0 1 0 0 0 2 2 
0 1 0 1 0 0 0 0 0 0 0 0 2 0 
1 1 0 1 1 0 0 0 1 0 0 0 2 1 
1 1 0 1 0 0 1 0 1 1 0 0 1 2 
1 0 1 0 1 1 0 0 0 1 1 1 0 1 
1 1 0 1 0 0 0 1 1 0 1 0 1 0 
0 1 0 1 0 1 0 0 0 0 0 1 2 1 
2 1 0 1 1 1 0 0 0 1 0 0 2 0 
2 1 0 1 1 0 0 1 0 0 0 1 0 1 
1 0 1 0 1 1 0 1 0 1 0 0 0 1 
1 0 1 0 0 1 1 1 0 0 1 0 0 1 
0 1 0 1 0 1 0 1 1 1 0 0 0 2 
1 0 1 0 1 0 1 0 1 1 1 0 1 0 
2 0 1 0 1 0 1 1 0 0 1 0 3 2 
1 0 1 0 0 0 0 1 1 1 1 0 1 1 
0 1 0 1 0 0 0 0 0 1 1 0 3 2 
0 0 1 0 1 1 0 0 1 0 0 1 2 2 
1 1 0 1 1 0 0 1 0 0 0 0 3 0 
2 1 0 1 1 0 1 0 1 1 1 1 2 1 
1 1 0 1 0 1 0 0 0 1 0 0 0 2 
2 1 0 1 0 1 1 0 1 0 0 1 2 2 
1 0 1 0 0 1 1 1 1 0 0 1 2 2 
0 0 0 0 0 0 0 0 0 0 0 0 0 0 
1 0 1 0 1 1 0 0 0 1 1 1 1 0 
1 1 0 1 1 1 1 0 1 0 0 0 1 0 
2 1 0 1 0 0 0 0 0 0 1 0 0 2 
2 1 0 1 0 1 1 1 1 0 0 1 1 2 
1 0 1 0 0 1 1 0 1 0 0 1 3 2 
1 1 0 1 1 0 1 1 0 1 0 0 0 1 
0 1 0 1 0 0 0 0 0 0 0 0 3 0 
1 1 0 1 0 0 1 0 0 0 0 0 1 1 
1 1 0 1 0 0 1 0 0 0 0 1 3 2 
MFS
[ - , - , - , 0 , - , - , - , - , - , - , - , - , - , - ]
[ - , 0 , - , - , - , - , - , - , - , - , - , - , - , - ]
[ - , - , 1 , - , - , - , - , - , - , - , - , - , - , - ]
precise
0.0
recall
0.0
F-measure
0.0
multi
0
time
all 6366 iden 1856 gen 3350
t-cover
19584
all-cover
26532
(1 : 9884)  (2 : 2279)  (3 : 2247)  (4 : 2263)  (5 : 1778)  (6 : 1415)  (7 : 1288)  (8 : 983)  (9 : 697)  (10 : 617)  (11 : 485)  (12 : 394)  (13 : 338)  (14 : 332)  (15 : 273)  (16 : 228)  (17 : 161)  (18 : 108)  (19 : 50)  (20 : 51)  (21 : 63)  (22 : 61)  (23 : 46)  (24 : 57)  (25 : 66)  (26 : 70)  (27 : 61)  (28 : 55)  (29 : 41)  (30 : 24)  (31 : 7)  (32 : 3)  (33 : 1)  (36 : 1)  (38 : 7)  (39 : 13)  (40 : 15)  (41 : 15)  (42 : 13)  (43 : 13)  (44 : 9)  (45 : 2)  (46 : 4)  (47 : 2)  (48 : 2)  (49 : 1)  (50 : 1)  (65 : 1)  (66 : 1)  (67 : 2)  (68 : 2)  (69 : 1)  (72 : 1)  
testCase Num: 144
regaular Num: 96
identify Num: 48
0 1 0 1 1 0 0 0 1 0 0 0 3 1 
0 1 0 1 0 0 0 0 0 0 0 0 1 2 
1 1 0 1 1 1 0 0 0 1 0 0 3 0 
1 1 0 1 0 0 0 1 0 0 0 0 0 1 
0 1 0 1 1 1 0 1 1 0 0 0 2 1 
2 0 1 0 1 0 1 0 0 0 0 1 2 1 
1 0 1 0 1 0 1 0 1 1 1 0 0 2 
0 1 0 1 1 1 1 1 1 0 1 1 1 1 
0 1 0 1 1 0 0 0 0 0 1 1 1 1 
2 0 1 0 0 1 0 1 1 1 0 0 3 2 
1 1 0 1 1 1 1 0 0 0 0 1 0 2 
0 1 0 1 0 1 1 1 0 0 0 1 2 0 
0 1 0 1 1 1 1 0 1 1 0 1 3 1 
0 1 0 1 1 0 1 0 0 0 1 1 2 1 
1 1 0 1 0 0 0 0 1 1 0 0 1 0 
1 1 0 1 1 0 0 1 0 1 1 0 2 0 
2 0 1 0 0 1 0 1 1 0 0 1 1 2 
0 1 0 1 0 0 1 0 1 1 0 1 1 2 
0 1 0 1 0 1 0 1 1 1 0 1 0 2 
1 0 0 1 1 1 1 1 1 1 1 1 1 0 
2 0 1 0 1 1 1 0 0 0 1 1 2 1 
0 1 0 1 1 1 1 0 0 0 1 0 2 2 
2 0 1 0 0 1 0 1 1 1 1 0 0 2 
1 1 0 1 1 0 1 0 0 0 1 1 3 0 
2 0 1 0 1 1 0 1 0 1 0 0 3 2 
0 1 0 1 0 0 1 1 0 0 1 0 3 0 
0 1 0 1 0 1 1 0 0 1 0 0 0 0 
2 0 1 1 0 1 0 1 1 1 0 0 2 2 
1 0 1 0 0 1 1 0 0 1 0 0 1 2 
1 1 0 1 1 0 0 0 1 0 1 0 0 2 
1 1 0 1 0 0 1 0 1 1 0 1 2 0 
1 1 0 1 1 0 1 1 0 1 0 1 0 1 
1 1 0 1 0 0 0 0 0 0 0 1 3 2 
0 1 0 1 1 1 0 0 1 0 0 1 1 0 
0 1 0 1 0 0 1 1 0 0 0 0 0 2 
2 0 0 0 1 0 1 0 0 0 1 1 2 1 
0 1 0 1 1 0 1 1 1 0 1 1 1 2 
1 1 0 1 0 0 1 1 1 1 1 0 0 2 
2 0 1 0 1 0 1 1 0 0 1 1 2 1 
1 1 0 1 1 0 0 1 0 0 0 1 1 2 
0 0 1 0 0 1 0 0 0 0 1 1 2 1 
0 1 0 1 0 0 0 1 0 1 0 1 2 1 
0 0 1 0 0 1 0 1 1 1 0 1 2 1 
0 1 0 1 1 1 1 1 0 0 1 0 0 0 
1 1 0 1 0 1 0 1 1 0 1 0 1 2 
0 1 0 1 1 0 1 1 0 1 0 0 1 0 
1 1 0 1 0 1 0 1 1 0 1 0 3 0 
0 0 1 0 1 0 1 1 1 1 0 0 3 2 
0 1 0 1 0 1 1 0 0 0 0 1 0 0 
1 0 1 0 1 0 0 1 0 1 0 1 0 2 
2 1 1 0 1 0 1 0 0 0 1 1 2 1 
1 0 1 0 1 0 1 0 1 1 0 0 0 1 
0 1 0 1 1 0 0 0 0 0 0 0 3 2 
2 0 1 0 1 0 1 0 0 0 1 1 2 1 
2 0 1 0 1 0 1 0 0 0 1 1 2 2 
1 1 0 1 0 0 0 0 1 0 0 1 3 1 
1 1 0 1 1 0 1 1 0 0 0 1 2 2 
0 1 0 1 1 0 0 1 0 0 0 0 3 0 
1 1 0 1 0 1 0 0 0 1 1 1 3 1 
0 1 0 1 0 0 0 1 0 1 0 0 1 2 
1 1 0 1 0 1 0 1 0 1 1 0 0 1 
0 1 0 1 1 0 0 0 0 1 0 1 1 1 
0 1 0 1 1 0 1 0 0 0 1 0 3 1 
2 0 1 0 0 1 0 1 1 0 1 0 3 2 
0 1 0 1 0 0 0 1 1 0 1 1 2 2 
1 1 0 1 0 0 1 1 1 0 0 0 1 1 
0 1 0 1 0 1 1 0 1 0 1 1 3 2 
1 1 0 1 0 1 1 0 0 0 0 0 3 0 
0 1 0 1 1 1 0 0 1 0 1 1 0 1 
2 0 1 0 1 0 1 0 0 0 1 1 3 1 
2 0 1 0 1 1 0 0 1 1 1 0 0 2 
0 1 0 1 0 1 0 1 0 0 1 0 1 0 
1 1 0 1 0 0 1 0 1 0 0 1 2 1 
0 1 0 1 0 0 1 0 0 1 0 0 1 1 
1 1 0 1 0 0 0 0 0 1 1 1 2 2 
2 0 1 0 0 1 0 1 1 1 0 1 0 2 
2 0 1 0 0 1 0 1 1 1 0 1 0 1 
0 1 0 1 1 0 0 0 0 1 0 0 2 2 
0 1 0 1 0 1 1 0 1 1 1 0 2 0 
2 0 1 0 0 1 1 1 1 0 1 0 0 2 
1 1 0 1 0 1 1 1 0 1 0 0 2 2 
0 1 0 1 0 0 0 1 1 0 0 0 2 0 
2 0 1 0 0 0 1 0 0 0 1 1 2 1 
0 1 0 1 1 1 0 0 1 0 0 1 2 0 
2 0 1 0 1 0 1 0 0 0 1 0 2 1 
0 1 0 1 0 0 0 0 0 1 0 0 0 1 
2 0 1 0 0 1 0 1 1 1 0 1 2 1 
0 1 0 1 0 1 1 1 0 0 0 0 3 1 
1 1 0 1 1 1 0 0 1 1 0 1 2 2 
1 1 0 1 1 0 1 0 1 1 1 0 2 1 
2 0 1 0 0 1 0 0 1 1 0 1 3 2 
2 0 1 0 0 1 0 0 1 1 0 0 1 1 
2 0 1 0 1 0 0 0 0 0 1 1 2 1 
2 0 1 1 0 1 0 1 1 0 0 0 3 2 
0 1 0 1 1 1 0 1 0 0 1 0 3 2 
0 1 0 1 0 1 1 0 0 1 1 0 1 2 
1 1 0 1 0 0 1 1 1 1 0 0 3 1 
0 1 1 1 1 0 1 1 1 1 0 0 3 2 
2 0 1 0 0 1 0 1 1 0 1 0 1 2 
1 1 0 1 0 1 1 0 0 0 0 1 1 2 
1 1 0 1 0 1 0 0 0 0 1 1 2 1 
0 1 0 1 0 0 0 0 1 1 1 0 1 1 
0 1 0 1 0 0 1 1 1 0 0 1 3 0 
1 1 0 1 0 1 0 0 0 0 1 1 2 0 
1 1 0 1 0 1 1 0 1 1 0 0 0 1 
1 1 0 1 1 1 0 1 1 0 0 1 0 0 
0 1 0 1 0 1 1 0 0 0 0 1 3 0 
1 0 1 0 0 1 0 1 1 1 0 0 3 1 
0 1 0 1 1 0 0 0 0 0 0 0 0 1 
1 1 0 1 1 1 0 0 1 1 0 0 1 2 
2 0 1 0 0 1 0 1 1 1 1 0 2 2 
1 1 0 1 0 1 1 1 1 1 1 0 2 1 
2 0 1 1 1 0 1 0 0 0 1 1 2 1 
2 0 1 1 0 1 1 0 0 0 1 0 1 2 
1 1 0 1 0 0 0 0 0 1 1 1 0 0 
1 1 0 1 1 1 0 1 0 0 0 1 3 2 
1 1 0 1 0 0 1 0 0 1 1 0 3 2 
0 1 0 1 0 0 0 1 0 1 1 1 3 0 
1 0 1 0 0 0 0 0 1 1 1 0 1 2 
2 0 1 1 0 1 0 1 1 0 1 0 3 2 
2 0 1 0 1 0 1 0 1 0 1 1 2 1 
2 0 1 0 0 1 0 1 0 1 0 1 1 2 
1 1 0 1 0 0 1 0 0 0 1 1 1 0 
0 1 0 1 0 0 0 0 0 0 0 0 2 0 
2 0 1 0 0 1 1 1 0 1 0 0 3 2 
0 1 0 1 0 1 0 0 0 0 0 0 0 2 
0 1 0 1 0 0 0 0 0 0 0 0 2 1 
2 0 1 0 1 0 1 0 0 1 1 1 2 1 
1 0 1 0 1 0 1 0 0 0 1 1 2 1 
1 1 0 1 0 0 1 1 1 1 0 0 0 0 
1 0 1 0 0 1 0 1 1 1 0 0 2 1 
2 0 1 0 0 1 0 0 1 1 0 1 0 2 
1 1 0 1 1 0 0 1 1 1 1 1 3 1 
1 1 0 1 0 1 0 1 1 1 1 1 3 2 
0 1 0 1 1 0 1 0 1 1 0 0 3 0 
0 1 0 1 1 0 1 0 1 1 1 0 0 0 
1 1 0 1 1 1 1 0 0 0 1 0 1 1 
1 1 0 1 0 1 0 1 0 1 0 1 1 1 
0 1 0 1 1 0 1 0 0 0 0 0 2 0 
0 1 0 1 1 0 0 1 0 0 0 1 0 2 
0 0 0 0 0 0 0 0 0 0 0 0 0 0 
0 1 0 1 1 1 0 0 0 1 1 1 0 2 
1 1 0 1 1 0 1 1 1 0 0 0 2 2 
0 1 0 1 0 0 1 1 1 0 1 1 0 1 
MFS
[ 2 , - , - , - , - , - , - , - , - , - , - , - , - , - ]
[ - , - , - , 0 , - , - , - , - , - , - , - , - , - , - ]
[ - , 0 , - , - , - , - , - , - , - , - , - , - , - , - ]
[ - , - , 1 , - , - , - , - , - , - , - , - , - , - , - ]
precise
0.0
recall
0.0
F-measure
0.0
multi
0
time
all 5728 iden 1602 gen 2892
t-cover
17098
all-cover
26532
(1 : 11969)  (2 : 2053)  (3 : 2133)  (4 : 1931)  (5 : 1660)  (6 : 1306)  (7 : 1083)  (8 : 845)  (9 : 646)  (10 : 486)  (11 : 456)  (12 : 382)  (13 : 323)  (14 : 247)  (15 : 164)  (16 : 106)  (17 : 95)  (18 : 86)  (19 : 97)  (20 : 87)  (21 : 50)  (22 : 54)  (23 : 36)  (24 : 37)  (25 : 39)  (26 : 20)  (27 : 24)  (28 : 15)  (29 : 6)  (30 : 20)  (31 : 17)  (32 : 19)  (33 : 7)  (34 : 11)  (35 : 4)  (39 : 2)  (40 : 1)  (41 : 3)  (43 : 1)  (44 : 1)  (45 : 1)  (50 : 1)  (51 : 1)  (52 : 1)  (54 : 3)  (55 : 1)  (56 : 2)  
