testCase Num: 1553
regaular Num: 1553
identify Num: 0
2 0 0 0 0 0 1 9 0 2 0 0 
0 0 0 1 0 1 1 1 5 2 0 1 
0 0 0 0 1 0 0 3 4 0 0 1 
2 0 0 0 0 0 3 6 0 0 0 0 
1 0 0 0 0 0 3 8 9 2 0 0 
2 0 0 0 0 0 0 0 4 0 0 0 
0 0 0 0 0 0 3 0 1 1 0 0 
0 1 0 1 0 0 2 1 9 2 1 0 
1 0 1 1 0 1 2 3 3 0 0 0 
0 0 0 0 0 0 2 9 1 2 0 0 
1 0 0 0 0 0 3 5 4 1 0 0 
0 1 1 0 1 0 0 8 4 0 0 1 
2 1 0 1 0 1 3 2 9 2 1 1 
0 0 0 0 0 0 0 5 0 2 0 0 
2 1 0 0 0 1 0 7 4 2 0 1 
1 0 0 0 0 0 2 3 9 1 0 0 
2 0 0 1 1 0 2 4 5 0 1 0 
1 1 0 0 1 0 1 5 2 2 0 0 
1 1 1 1 1 1 2 3 6 0 1 0 
0 1 1 0 0 0 2 7 2 2 0 1 
0 0 0 0 0 0 1 1 7 0 0 1 
0 0 1 1 0 0 2 9 1 0 1 1 
1 0 0 0 0 1 2 2 1 2 0 0 
2 1 0 1 0 0 1 9 9 2 1 1 
0 1 0 0 0 0 1 4 6 0 0 0 
0 1 0 0 0 1 2 8 9 2 1 1 
2 0 0 0 0 0 0 7 5 2 0 1 
2 0 0 0 0 0 3 1 4 1 0 0 
2 1 1 1 0 0 0 2 5 2 0 0 
1 1 0 0 0 0 2 1 1 2 1 0 
0 1 0 1 0 0 1 6 3 1 0 0 
1 1 0 0 1 0 3 3 4 0 0 0 
2 1 0 0 0 0 1 5 0 2 1 0 
0 0 0 0 0 0 0 0 2 1 0 1 
1 0 1 1 0 1 2 8 0 2 0 0 
0 1 0 0 0 0 1 4 8 2 1 0 
0 0 0 0 1 0 3 8 9 0 0 0 
2 0 0 1 1 0 1 0 9 1 1 0 
1 1 0 1 0 0 2 0 4 2 1 0 
1 0 1 0 0 0 3 9 6 0 0 0 
0 1 0 0 0 1 0 5 8 0 1 0 
0 0 0 0 0 0 2 5 6 0 0 0 
0 1 0 1 1 0 1 7 0 1 0 0 
0 0 0 0 0 0 2 7 9 1 0 1 
2 1 0 1 1 0 1 1 5 0 1 0 
1 0 0 0 0 0 1 7 1 0 0 0 
0 0 1 0 0 0 0 9 3 0 1 0 
0 0 0 0 0 1 0 5 6 2 0 0 
2 0 1 0 0 0 1 5 4 2 0 0 
1 0 0 0 0 0 0 8 8 0 1 0 
2 0 1 0 1 1 0 1 7 1 0 1 
2 0 1 0 0 0 3 8 3 2 1 0 
1 0 1 0 0 1 3 6 9 1 0 0 
1 0 0 0 0 1 2 6 9 2 0 0 
0 1 1 0 1 0 1 8 9 1 1 0 
1 0 1 0 0 1 1 4 8 1 1 1 
1 0 0 0 1 0 3 6 1 1 0 0 
1 0 0 0 0 0 2 2 8 0 0 0 
0 0 1 0 0 0 2 0 6 2 0 0 
0 0 0 0 0 0 2 7 8 2 0 0 
2 1 1 1 0 1 0 4 0 2 0 1 
2 0 0 0 0 0 2 7 0 0 1 1 
0 0 0 0 0 0 3 3 7 1 0 0 
2 1 0 0 0 0 2 4 9 0 0 0 
0 0 0 1 0 0 2 1 2 1 0 0 
0 0 0 0 1 0 3 1 9 1 0 0 
2 0 1 0 0 0 0 9 3 1 0 0 
0 1 1 1 0 1 2 5 5 2 1 0 
1 0 0 0 0 0 3 9 1 1 0 0 
2 1 1 1 1 1 1 5 3 2 1 0 
0 1 1 1 0 0 2 7 7 2 0 1 
2 0 1 0 0 0 3 1 1 1 1 0 
1 1 0 0 0 0 0 0 4 0 1 0 
1 1 1 1 1 0 3 3 8 2 0 0 
0 1 1 0 0 1 3 2 4 2 0 0 
2 1 0 1 0 0 2 0 6 0 1 0 
2 0 0 0 0 1 1 1 1 2 0 1 
1 0 0 0 0 0 2 1 4 2 0 0 
0 0 0 0 0 0 0 8 4 0 1 1 
0 0 1 0 0 0 0 0 3 1 0 0 
2 0 0 0 0 0 2 6 7 2 0 0 
2 0 0 0 0 0 0 2 8 0 0 0 
0 0 0 0 0 0 1 9 0 1 0 0 
1 1 0 1 0 1 1 7 3 2 1 0 
2 0 1 0 0 0 3 4 4 0 0 0 
0 0 0 0 0 0 1 7 3 1 0 0 
2 1 0 0 1 1 3 5 7 0 1 0 
0 0 0 0 0 0 0 2 3 0 0 0 
2 1 0 0 1 1 2 7 5 0 1 0 
0 0 0 1 1 0 2 3 2 0 1 0 
1 0 1 1 0 0 0 4 6 0 0 1 
0 1 1 0 1 0 0 6 3 1 1 0 
2 0 0 0 0 0 3 7 1 1 0 0 
2 0 0 0 0 0 0 9 6 1 0 0 
2 0 0 0 0 0 3 4 9 2 0 0 
2 0 0 0 0 0 1 4 5 2 1 1 
2 0 1 0 1 0 1 7 3 2 0 1 
0 0 0 0 0 0 0 3 9 0 1 1 
2 1 0 0 0 0 3 2 3 1 1 1 
0 1 0 0 0 0 3 0 9 1 1 0 
1 1 0 0 0 0 1 3 8 0 1 1 
0 0 1 1 0 1 2 0 0 0 1 1 
0 1 1 1 0 0 0 1 3 1 0 0 
0 1 0 1 1 1 2 2 3 0 1 1 
1 0 1 0 0 0 2 9 7 1 0 1 
0 0 0 1 0 1 2 2 6 1 1 1 
1 0 0 0 1 0 1 7 0 0 0 1 
2 0 0 0 0 0 0 1 9 1 0 1 
2 0 1 1 1 0 2 3 4 0 1 0 
2 0 0 0 0 1 1 5 6 1 1 1 
0 0 0 0 1 0 3 2 8 0 1 1 
1 0 0 1 0 1 3 1 8 0 0 0 
2 0 0 0 0 0 1 7 0 2 0 0 
1 1 0 0 0 0 0 9 3 0 0 0 
0 0 0 0 0 0 1 5 6 2 0 0 
2 1 0 0 0 0 2 3 2 2 1 0 
1 0 0 0 0 0 0 8 1 0 0 0 
0 1 0 0 0 0 0 7 1 2 0 1 
0 1 0 1 1 0 1 4 5 1 1 0 
2 0 1 1 1 1 1 7 7 1 1 0 
0 1 0 0 1 0 0 1 4 0 0 0 
1 0 0 0 0 0 2 6 5 0 0 0 
0 1 0 0 1 0 0 7 3 2 0 0 
0 0 0 1 1 1 1 1 0 2 1 1 
1 0 0 0 1 0 2 6 3 1 0 0 
2 0 0 0 0 1 1 3 7 0 0 1 
1 1 0 0 1 1 0 4 2 0 1 0 
1 0 0 0 0 1 0 0 0 2 0 1 
0 0 1 0 0 1 0 3 1 0 1 1 
1 0 0 0 1 0 2 5 1 1 1 0 
2 0 0 0 1 1 0 1 6 1 0 0 
0 0 0 0 0 0 3 7 3 2 0 0 
1 0 0 0 1 0 3 2 5 0 0 1 
1 0 0 0 1 1 2 7 3 1 1 1 
0 0 0 1 0 0 3 3 0 2 1 0 
0 0 1 1 0 1 2 3 5 1 0 0 
1 1 0 1 1 1 1 7 4 0 0 1 
2 0 0 0 0 0 1 7 9 0 0 0 
0 0 0 0 0 0 1 5 4 0 0 0 
2 1 1 0 0 1 2 6 9 0 0 1 
2 0 0 0 0 0 1 4 6 1 0 0 
2 0 0 0 0 0 1 2 3 0 0 0 
2 0 0 0 0 1 3 9 1 0 0 1 
0 0 0 0 0 0 1 0 9 0 0 1 
0 0 1 0 1 1 1 7 1 1 0 0 
0 0 0 1 1 1 0 0 4 1 0 1 
1 1 1 1 0 1 0 7 7 0 1 0 
1 0 0 0 1 1 3 1 4 2 1 0 
1 1 1 0 1 0 1 6 6 0 1 1 
1 0 0 0 1 0 0 6 6 1 0 0 
0 1 0 0 0 1 0 2 6 0 0 0 
2 0 0 0 0 0 0 6 4 1 0 1 
2 0 0 0 0 0 3 2 5 2 0 0 
1 0 0 1 0 0 0 5 7 0 1 1 
0 0 0 0 0 0 0 4 7 0 0 0 
2 0 0 0 0 0 3 6 7 0 0 0 
0 1 1 1 1 0 0 3 5 2 1 1 
2 0 0 0 1 1 3 3 2 1 1 0 
1 1 0 0 0 1 3 8 4 2 0 0 
0 1 0 0 0 0 1 1 0 0 0 1 
1 0 1 0 0 1 1 4 5 0 0 0 
1 1 0 0 0 1 0 3 5 0 1 0 
2 0 1 0 1 1 3 3 9 2 0 0 
0 1 0 1 0 1 2 1 6 0 0 0 
0 0 0 0 0 0 1 9 7 1 1 1 
1 0 0 1 0 0 0 5 9 2 0 0 
2 1 0 1 1 1 0 0 9 2 1 1 
2 1 0 1 1 0 2 9 7 1 1 0 
0 1 0 0 1 1 0 4 7 2 0 0 
2 0 0 0 0 0 3 7 9 0 0 0 
2 0 0 1 0 1 0 7 8 2 0 0 
0 1 1 0 0 1 2 4 3 1 0 0 
0 1 0 1 0 0 0 5 2 2 0 1 
0 0 0 1 0 0 0 2 8 0 0 0 
1 0 0 0 0 1 0 7 8 0 0 0 
1 1 1 0 1 1 3 6 5 0 1 0 
0 0 0 0 0 0 1 0 8 1 0 0 
1 0 0 0 0 0 2 4 4 1 1 1 
0 1 0 0 0 1 1 5 3 0 0 0 
0 1 0 0 0 0 0 1 5 0 0 0 
2 0 0 0 0 0 0 5 5 2 0 0 
0 0 1 0 0 0 2 0 8 0 0 1 
0 0 0 0 0 0 1 4 2 0 0 0 
0 0 1 1 1 0 2 4 3 2 1 1 
0 0 0 0 0 0 3 2 9 1 0 0 
1 0 0 1 0 0 3 3 9 1 1 1 
1 0 0 0 1 0 0 3 3 2 1 0 
1 1 1 1 1 0 3 9 1 2 1 0 
0 0 0 0 0 0 0 4 9 2 1 0 
0 0 0 0 0 0 0 9 4 2 1 1 
0 0 0 0 0 0 3 5 1 0 0 0 
0 1 1 1 1 0 1 7 2 0 1 1 
2 1 0 1 0 0 0 0 1 1 0 0 
2 0 1 0 0 1 2 0 7 1 1 0 
1 1 0 0 0 0 2 4 0 2 1 0 
0 0 1 0 0 0 3 2 6 0 1 0 
0 1 1 0 0 0 0 1 2 0 0 0 
1 0 1 1 1 0 1 9 8 1 0 0 
2 0 1 0 0 1 0 0 2 2 1 1 
2 1 0 1 0 1 3 0 1 2 0 0 
1 0 0 0 0 0 0 6 1 0 0 0 
0 1 0 1 0 1 0 4 6 1 0 1 
2 0 0 0 0 0 3 7 8 2 0 1 
0 1 1 0 0 0 2 2 0 2 0 1 
0 0 0 0 0 0 2 5 1 2 0 0 
1 0 0 0 0 0 2 5 6 1 0 1 
2 0 1 0 0 0 3 8 7 1 1 0 
1 0 0 1 1 0 2 0 0 1 0 0 
0 0 0 0 0 0 1 5 9 2 0 0 
1 1 0 1 1 1 0 2 8 2 0 1 
2 1 0 0 0 0 3 6 2 2 0 0 
0 0 0 0 0 1 3 6 8 0 0 1 
2 0 0 0 1 1 0 3 6 2 0 0 
0 1 1 1 0 0 2 8 1 2 1 0 
2 0 1 0 1 0 2 2 3 1 0 0 
1 1 1 0 1 0 1 4 4 2 0 0 
1 0 0 0 0 0 1 7 7 1 0 0 
0 0 0 0 0 0 0 8 8 0 0 0 
0 0 1 0 0 1 3 5 5 2 0 1 
2 1 1 0 0 1 1 6 7 0 0 0 
1 0 0 1 1 0 3 9 4 1 1 0 
0 1 1 0 1 0 3 3 2 2 0 1 
1 0 1 1 0 0 1 5 5 1 0 1 
0 0 0 1 0 0 1 0 4 2 0 1 
1 0 0 0 0 1 3 0 7 1 0 0 
2 0 0 0 0 0 3 8 8 0 0 0 
0 0 1 1 1 1 0 8 2 1 0 0 
2 0 1 0 0 1 2 8 8 1 0 0 
2 1 1 0 0 1 3 4 1 2 1 1 
2 0 0 1 0 0 0 2 6 0 0 1 
0 1 1 0 0 0 0 9 5 2 1 0 
1 1 0 1 1 1 0 0 2 0 1 0 
1 0 1 0 0 1 0 0 6 1 1 1 
1 1 0 0 1 0 0 7 6 0 0 1 
2 0 0 0 0 0 0 4 4 1 1 1 
1 1 0 0 0 1 3 0 0 1 1 0 
0 0 0 0 0 0 3 7 6 2 0 0 
2 1 1 0 1 1 3 6 1 1 1 0 
1 0 0 1 1 1 2 7 2 0 1 1 
0 0 1 0 1 0 0 2 7 0 0 0 
1 1 0 1 0 1 2 4 8 0 1 0 
0 1 0 1 1 0 0 7 5 1 0 0 
0 1 1 0 1 1 1 0 7 1 0 1 
2 0 1 1 1 0 1 0 2 1 0 1 
1 0 0 0 0 0 2 1 9 0 0 1 
0 0 0 0 1 0 3 0 3 2 0 0 
1 0 0 0 0 0 2 5 7 0 0 0 
2 0 0 0 0 0 2 6 1 0 0 0 
2 0 0 0 1 1 0 6 1 2 0 1 
2 1 0 0 1 1 3 7 6 1 0 1 
0 1 0 0 0 0 0 3 6 0 0 0 
2 0 1 1 1 1 0 8 1 0 0 0 
1 1 1 1 0 1 1 3 0 2 0 0 
2 1 1 0 0 0 3 6 8 0 0 0 
0 0 0 0 0 0 0 5 6 0 0 0 
0 0 0 0 1 0 0 8 7 0 0 0 
1 1 0 0 1 0 2 5 8 2 1 0 
0 1 0 0 1 0 2 8 8 0 0 1 
0 0 1 0 1 0 1 7 7 0 0 0 
2 0 0 0 0 0 3 2 2 2 0 0 
2 0 1 1 0 0 3 8 1 1 0 0 
0 0 0 0 0 1 2 0 9 1 0 0 
2 0 0 0 0 0 3 6 4 0 0 0 
2 0 0 0 0 0 0 8 9 0 0 0 
0 0 1 0 1 0 0 9 6 0 0 1 
0 0 1 0 0 0 2 6 8 1 0 0 
1 1 0 0 0 1 2 0 9 2 0 0 
1 0 0 0 0 0 0 9 9 2 0 0 
1 0 0 1 0 1 0 4 4 0 0 0 
0 0 0 0 0 1 0 8 5 1 0 0 
1 1 1 1 1 0 3 4 3 1 1 1 
1 1 1 0 0 1 3 9 4 2 0 1 
2 0 1 0 0 1 3 0 9 0 0 1 
0 0 1 0 1 0 1 6 7 2 1 0 
2 0 0 0 0 0 1 0 1 2 0 1 
2 0 1 1 0 1 2 4 6 0 0 0 
1 1 0 0 0 0 1 3 7 1 0 0 
2 0 1 0 0 0 1 6 9 2 0 1 
1 0 0 0 0 0 0 4 8 0 0 1 
1 0 1 0 0 1 3 3 6 1 0 0 
2 0 1 1 0 0 3 9 2 2 0 1 
2 1 1 0 0 0 3 4 6 2 1 1 
2 1 0 0 1 0 1 0 4 1 1 1 
1 0 0 0 0 0 0 3 8 2 0 0 
1 0 0 0 0 0 0 6 0 1 0 0 
0 0 0 0 0 1 1 7 2 0 0 0 
2 0 0 0 1 1 2 8 6 1 0 1 
1 0 0 0 0 0 1 5 3 1 1 1 
0 1 0 0 0 1 3 7 7 1 1 0 
0 0 1 1 0 0 0 2 9 0 0 0 
0 0 1 0 0 0 1 4 1 1 1 0 
0 0 1 1 0 0 0 1 9 2 0 0 
0 0 1 0 0 0 1 0 1 1 0 0 
2 1 0 1 0 1 1 8 8 0 1 0 
0 0 0 0 1 0 3 4 1 0 0 0 
2 1 0 0 1 1 2 2 2 1 1 0 
0 1 0 1 1 0 1 1 6 1 0 1 
0 0 1 0 0 0 2 9 2 2 0 0 
2 0 0 0 0 0 0 8 2 0 0 0 
1 0 0 1 0 1 1 6 9 0 0 0 
2 0 1 1 1 0 0 8 8 2 0 0 
1 0 1 1 0 1 3 6 2 1 1 0 
2 0 0 0 1 0 0 4 6 2 1 0 
1 0 0 1 0 1 0 2 2 2 0 1 
0 1 0 1 0 0 0 2 1 0 0 0 
2 1 1 1 1 1 1 5 9 0 1 0 
1 0 0 0 0 0 1 3 3 1 0 0 
1 0 0 0 1 0 0 0 3 0 0 0 
0 1 1 0 1 0 1 3 3 0 0 0 
0 1 0 0 1 0 0 3 1 0 0 1 
1 1 1 1 0 0 2 9 5 1 0 1 
0 1 1 1 0 0 0 9 8 0 1 0 
0 0 0 0 1 1 1 0 9 0 0 0 
0 0 0 1 0 0 2 6 6 0 1 1 
0 0 0 1 0 1 3 4 5 0 1 1 
0 0 0 0 0 0 1 3 9 2 0 0 
1 0 0 0 1 1 0 9 4 0 0 0 
1 0 1 0 0 0 1 3 1 0 0 0 
1 1 0 1 0 0 3 2 6 2 0 1 
0 0 0 0 1 0 1 4 7 1 1 0 
0 0 0 0 1 1 1 6 9 1 1 0 
0 0 0 1 0 1 0 9 9 0 0 0 
0 1 1 1 0 0 1 9 0 0 1 1 
0 0 0 0 0 0 2 7 6 1 0 0 
1 1 1 0 0 1 2 6 7 1 1 0 
1 0 1 1 0 0 1 1 1 1 0 0 
2 1 0 0 0 1 3 8 6 0 1 0 
2 0 0 0 0 0 1 7 4 1 0 0 
1 0 1 1 1 0 0 4 5 0 1 1 
2 0 0 0 0 0 1 5 1 0 0 0 
1 1 0 0 1 0 0 2 6 1 1 0 
0 0 0 0 0 0 2 1 8 2 0 1 
1 0 0 0 0 1 0 3 0 1 0 0 
0 0 1 1 0 0 0 4 2 0 0 1 
2 1 0 0 1 0 0 7 9 1 1 1 
2 0 0 0 0 0 1 2 9 1 0 0 
0 1 0 0 0 0 3 1 4 0 0 0 
2 1 0 0 0 1 3 7 3 1 0 1 
0 1 1 0 1 1 1 3 1 2 1 0 
0 0 0 0 0 0 3 5 7 1 0 1 
0 0 1 0 0 1 1 8 8 2 1 1 
0 0 0 1 0 1 2 5 4 2 1 0 
2 0 0 0 0 1 3 0 5 0 0 0 
2 0 0 0 0 0 0 6 9 0 0 0 
2 0 0 1 1 0 1 3 0 1 1 1 
1 0 0 1 0 1 3 6 6 0 0 1 
1 0 1 0 1 1 1 8 3 1 0 1 
2 1 1 1 0 0 0 7 0 2 0 1 
1 0 0 0 0 0 1 2 4 2 0 0 
0 1 0 1 1 1 0 3 3 1 0 1 
1 0 0 0 0 0 0 5 2 1 0 0 
0 1 0 0 0 0 0 6 6 2 1 0 
0 0 0 1 1 0 3 2 2 0 1 1 
0 0 1 0 0 0 2 8 2 0 1 0 
0 1 1 1 0 1 1 8 0 0 1 0 
1 1 1 1 1 0 0 3 6 1 1 1 
2 0 0 0 0 1 2 0 0 0 0 0 
2 0 0 0 0 0 1 6 3 0 0 0 
1 1 0 0 1 1 0 3 9 2 0 1 
1 1 1 1 0 0 3 7 6 1 1 0 
0 0 0 0 0 1 2 5 3 2 0 0 
1 0 1 0 0 0 2 2 2 0 1 1 
0 1 1 0 1 0 2 2 6 2 0 0 
1 0 0 0 0 0 3 3 1 0 0 1 
0 0 0 0 1 1 0 4 0 1 1 1 
2 1 0 0 0 0 1 7 7 2 1 1 
0 0 0 1 0 1 2 8 7 1 1 0 
1 0 1 1 0 1 0 1 5 1 0 1 
2 0 1 0 0 0 1 3 8 1 0 0 
0 0 0 0 0 1 0 9 8 0 1 0 
1 0 1 0 1 1 3 5 9 1 0 1 
1 0 0 0 0 0 0 7 3 0 0 0 
0 0 1 0 1 0 1 8 7 2 0 0 
2 1 1 0 0 0 2 3 3 2 1 1 
0 0 1 0 1 1 1 8 5 0 1 1 
0 1 1 0 0 0 1 2 2 0 0 0 
1 0 0 0 0 0 1 6 8 2 0 0 
0 0 0 0 0 0 2 8 5 0 1 0 
2 0 1 1 1 1 2 1 9 1 1 0 
0 0 0 1 0 0 1 8 3 0 0 0 
0 1 1 0 1 1 3 6 2 0 1 1 
1 0 0 0 0 0 0 2 8 0 0 0 
1 1 1 0 1 1 0 5 7 1 0 1 
1 0 0 0 1 1 3 8 6 2 0 1 
0 0 0 0 0 0 3 5 9 2 0 0 
2 1 0 0 1 0 1 8 1 1 0 0 
0 0 1 0 0 0 0 2 3 0 0 1 
0 0 0 1 0 1 0 6 8 0 1 0 
2 0 0 0 0 0 1 3 1 1 1 0 
0 1 0 1 0 0 3 6 9 2 0 1 
2 0 0 0 0 0 0 9 7 1 0 0 
2 0 0 0 0 0 2 9 2 1 0 0 
2 0 0 0 0 0 1 0 7 0 0 1 
0 1 0 1 0 0 2 4 1 0 1 0 
0 0 0 0 0 0 3 6 0 2 0 1 
2 1 0 1 0 1 3 9 7 0 0 1 
0 0 1 0 1 0 2 7 3 0 0 0 
2 0 1 0 0 0 0 3 6 0 0 0 
2 1 0 1 0 1 2 7 3 2 0 1 
0 0 0 0 0 0 3 9 3 1 0 0 
2 0 1 1 0 1 2 7 4 1 1 0 
1 0 0 0 0 1 3 4 8 2 0 1 
0 0 1 0 0 0 3 5 6 0 0 0 
2 1 0 1 0 0 3 5 9 1 0 0 
1 0 0 0 1 1 2 7 7 2 0 0 
0 0 0 0 0 0 2 3 1 0 0 0 
0 0 1 1 1 1 2 8 3 2 1 1 
2 0 0 1 0 0 2 3 8 1 1 0 
2 1 0 0 1 0 1 9 3 1 0 1 
2 0 0 1 0 0 1 9 4 2 0 0 
1 0 0 1 0 0 0 7 2 1 0 1 
0 0 0 0 0 0 1 5 1 0 0 0 
2 0 0 0 0 0 1 7 6 0 0 0 
0 0 0 0 0 1 0 4 1 0 0 0 
1 0 1 0 0 1 2 0 8 2 0 0 
1 0 0 0 0 0 3 2 9 0 0 0 
0 0 0 0 0 0 1 8 6 1 0 0 
0 1 1 0 1 1 3 4 2 2 1 1 
1 0 0 0 0 0 0 2 1 0 0 1 
0 0 0 1 1 0 1 8 8 1 0 0 
0 1 0 1 0 1 3 4 9 0 1 1 
2 0 1 1 1 0 0 1 4 0 1 1 
1 0 0 1 0 0 2 7 8 1 1 0 
2 0 0 0 0 0 2 8 1 0 0 0 
1 0 1 1 0 1 1 7 8 2 1 0 
2 1 1 0 1 1 3 1 8 0 1 1 
2 0 0 0 1 1 1 4 3 0 0 1 
1 1 0 1 1 0 2 1 2 0 0 1 
1 0 0 0 0 0 1 5 9 0 1 0 
2 0 0 0 1 0 0 7 1 2 0 0 
0 0 0 0 0 0 0 5 1 2 0 0 
0 1 0 0 0 0 1 6 9 0 0 0 
0 0 0 0 0 1 0 7 7 0 0 1 
1 1 1 1 0 0 2 2 4 0 0 1 
2 0 0 1 1 1 0 2 3 1 1 1 
2 1 1 1 1 1 3 1 0 0 0 1 
0 0 0 0 1 1 0 8 7 1 0 0 
1 0 0 0 0 0 2 7 5 1 0 0 
0 0 1 0 0 1 1 1 9 2 0 1 
0 0 0 0 0 0 3 9 4 0 0 0 
0 0 0 1 0 0 3 5 2 1 0 1 
1 1 1 0 0 0 1 8 4 1 1 0 
0 0 0 0 0 0 0 3 9 1 0 0 
2 0 1 0 1 0 2 0 5 2 0 0 
0 0 0 0 0 0 0 1 4 2 0 0 
0 0 0 0 0 0 2 9 9 0 0 0 
0 0 0 0 1 0 2 7 4 0 0 0 
2 0 0 1 0 1 0 4 7 2 1 1 
2 0 0 0 0 0 3 5 8 0 1 0 
2 1 1 1 1 1 3 9 5 2 1 1 
1 1 0 0 0 0 3 3 5 1 0 0 
0 0 0 0 0 0 1 0 5 1 0 0 
2 1 0 1 0 1 1 1 2 0 1 1 
2 0 1 1 1 1 1 7 9 2 1 0 
0 0 1 0 1 1 3 0 2 1 1 0 
1 0 1 0 1 1 3 8 8 0 1 0 
0 0 0 0 0 0 1 2 8 2 0 0 
2 1 1 0 0 0 2 8 5 1 0 1 
1 1 0 0 1 0 0 6 9 1 0 1 
1 0 0 0 0 0 0 4 3 2 0 0 
1 1 0 1 1 0 3 3 6 2 0 1 
1 1 1 1 0 1 3 2 1 0 1 0 
0 0 1 1 0 0 2 7 0 0 0 0 
0 1 0 0 1 0 2 5 9 1 1 1 
0 0 0 0 1 0 2 8 6 0 0 0 
0 0 0 0 0 0 0 0 0 0 0 0 
1 1 0 0 0 0 1 2 1 1 0 0 
1 0 0 0 0 1 1 0 7 0 1 1 
2 1 0 0 1 0 3 5 4 2 0 1 
2 1 0 1 0 0 3 0 2 2 0 0 
0 0 0 0 0 0 0 3 5 1 0 0 
0 1 0 0 1 0 0 0 5 0 0 0 
2 0 0 0 0 1 1 3 4 2 0 0 
2 1 1 1 0 1 0 3 8 0 0 1 
0 1 0 1 0 0 0 0 9 0 0 0 
2 1 0 1 0 1 1 1 4 2 0 1 
2 0 0 0 0 0 2 0 9 0 0 0 
1 0 1 0 1 0 0 0 4 2 0 0 
0 0 1 0 0 0 1 7 4 0 0 0 
0 0 0 0 0 0 3 2 7 2 0 0 
0 0 0 0 0 0 3 7 2 2 0 0 
1 0 1 1 1 1 3 5 8 1 0 1 
0 0 0 0 1 1 3 0 6 2 0 1 
1 1 0 0 0 1 1 9 6 1 0 0 
2 0 0 0 0 0 2 7 2 1 0 0 
0 0 0 0 1 0 3 8 1 0 1 1 
0 0 0 1 0 1 2 1 4 0 0 0 
0 1 0 1 1 0 2 7 1 1 1 0 
2 0 0 0 0 1 2 3 1 2 0 1 
1 1 1 0 1 0 1 3 4 1 0 0 
2 0 0 1 0 0 2 3 0 2 0 0 
0 0 1 0 1 0 3 1 0 1 1 0 
2 0 0 0 0 0 2 5 4 0 0 0 
1 1 1 0 1 1 2 9 3 0 0 0 
0 0 0 0 0 0 1 2 1 2 0 0 
1 0 0 0 0 0 2 6 6 2 0 1 
0 1 0 0 0 1 0 5 1 1 1 0 
0 0 0 0 0 1 1 6 6 1 0 0 
2 0 0 0 0 0 2 4 4 2 0 0 
0 0 0 0 0 1 1 1 8 0 0 0 
1 0 1 0 0 0 3 7 7 0 0 0 
0 0 1 1 1 0 0 1 1 2 0 0 
2 0 1 0 1 0 3 0 6 1 1 0 
0 1 1 0 0 0 2 3 4 2 0 1 
0 0 0 0 1 0 2 3 3 1 0 0 
0 0 0 0 0 0 0 1 6 0 1 0 
0 0 0 1 0 1 1 3 4 0 0 0 
0 0 1 0 0 0 2 4 5 1 0 1 
2 0 1 0 0 0 0 7 3 0 1 0 
2 1 0 1 0 0 3 0 3 1 0 0 
0 0 0 0 0 0 1 9 7 2 0 0 
0 1 0 1 0 1 1 8 7 0 0 1 
0 0 0 0 0 1 1 0 6 0 1 0 
0 0 0 0 0 0 2 1 1 0 0 0 
0 0 0 1 0 0 2 0 5 1 0 0 
2 0 1 0 0 1 3 9 6 2 1 0 
2 0 0 0 0 0 0 5 3 1 0 0 
0 1 1 0 1 0 2 6 6 1 0 0 
2 0 0 0 0 0 0 1 9 2 0 0 
1 1 0 0 1 1 0 6 7 0 0 1 
2 0 0 1 1 1 0 1 8 1 1 0 
2 0 0 0 0 0 2 6 5 1 0 0 
0 0 1 0 0 1 0 1 0 2 0 0 
2 0 0 0 1 0 3 2 0 1 0 0 
1 1 0 1 0 0 0 5 0 1 1 0 
1 1 1 1 0 0 1 5 1 1 0 0 
0 0 0 0 0 0 2 9 4 2 0 0 
0 1 0 0 0 0 3 3 9 0 0 0 
0 0 0 0 0 0 1 8 9 2 0 0 
1 1 1 0 1 1 3 3 3 1 1 1 
1 0 0 0 0 0 3 7 0 1 0 0 
0 0 0 0 0 0 0 5 9 1 0 0 
0 1 1 0 1 0 2 2 1 2 0 1 
2 1 1 0 0 1 2 2 7 2 1 0 
2 1 0 0 1 0 0 2 9 1 1 0 
2 1 1 1 1 0 0 9 4 0 0 1 
0 0 0 0 0 1 0 6 9 0 0 0 
1 0 0 0 0 0 2 2 0 0 0 0 
1 0 0 0 1 0 3 9 0 0 0 1 
0 0 0 0 0 0 3 6 4 2 0 0 
2 1 1 0 0 0 1 2 1 0 0 0 
1 1 1 0 1 1 1 0 0 2 0 1 
0 1 1 1 1 1 0 3 4 2 0 0 
1 1 1 1 0 1 3 7 0 0 0 0 
2 0 0 0 0 0 2 1 7 0 0 0 
1 1 1 0 0 1 2 0 5 0 1 1 
0 0 1 0 1 0 3 0 1 2 1 0 
2 0 0 0 1 1 1 1 1 0 1 1 
2 0 0 1 1 1 0 5 2 0 1 0 
2 0 0 0 1 0 1 5 7 2 0 1 
1 0 0 0 0 1 3 9 3 2 1 0 
0 0 0 0 1 1 1 5 0 0 0 0 
1 1 1 0 0 1 1 8 2 2 0 1 
2 0 0 0 1 0 2 0 4 0 0 0 
0 1 1 0 0 0 0 6 8 2 1 1 
1 0 0 0 0 0 3 0 4 1 0 0 
1 0 0 1 0 1 2 3 4 1 0 0 
2 1 0 0 0 0 0 5 5 1 1 0 
0 0 0 0 0 0 1 6 5 2 0 0 
0 1 1 1 0 0 1 0 8 2 1 0 
2 0 0 0 0 0 2 2 9 0 0 1 
2 0 1 0 1 0 3 2 9 2 0 0 
0 0 0 0 0 0 1 7 5 0 0 0 
2 1 1 1 1 1 0 5 0 0 0 0 
1 0 0 0 1 0 1 1 4 0 0 0 
2 1 0 1 0 1 3 3 6 0 1 0 
2 1 0 0 0 1 0 8 8 1 0 1 
0 1 0 0 0 0 3 9 8 2 0 0 
0 0 0 0 0 0 3 1 7 0 0 0 
0 0 0 0 1 0 2 9 0 1 0 0 
1 0 0 0 0 1 3 8 2 1 0 0 
1 0 1 1 1 0 1 3 9 0 0 0 
1 0 0 0 0 0 1 0 6 0 0 0 
2 0 1 1 1 0 0 4 3 0 0 0 
2 0 1 0 0 0 3 9 9 2 0 0 
0 0 0 0 0 0 0 6 7 2 0 0 
1 1 1 1 0 0 0 2 3 2 1 0 
2 0 0 1 0 0 2 0 8 0 0 0 
0 0 1 1 0 0 0 9 1 1 0 0 
0 1 1 0 1 1 0 4 8 0 1 0 
1 0 0 0 0 1 1 9 2 0 0 0 
0 1 0 0 0 0 0 3 8 1 0 0 
1 1 1 1 0 1 2 6 8 0 0 0 
2 1 1 0 1 0 2 1 6 0 1 1 
0 0 1 0 0 1 2 5 1 0 0 0 
0 0 0 0 1 0 0 3 0 2 0 0 
1 1 1 0 1 1 3 1 9 2 0 1 
1 0 0 0 1 0 3 9 2 1 1 0 
1 0 1 1 0 0 3 8 4 0 0 1 
1 1 1 1 0 1 3 2 5 0 1 0 
0 0 0 1 0 0 1 6 2 0 0 0 
0 0 0 1 0 0 2 7 5 0 0 1 
2 1 0 0 0 1 2 3 9 0 0 1 
1 0 0 1 1 1 2 8 5 2 0 1 
1 1 0 1 1 1 0 9 6 2 1 0 
0 0 0 1 0 0 2 6 3 0 1 0 
1 0 1 0 1 1 0 9 7 2 0 0 
1 1 0 0 0 0 0 3 4 2 1 0 
1 0 0 0 0 1 1 3 4 1 1 1 
0 1 1 1 0 0 2 4 4 0 1 1 
0 1 1 1 0 1 2 9 6 0 1 0 
1 0 0 0 0 0 3 0 2 0 0 1 
0 0 0 0 0 0 3 3 1 2 0 0 
0 0 0 0 0 0 2 7 4 2 0 0 
2 0 0 1 0 0 1 8 7 0 0 0 
0 1 1 0 0 1 1 5 4 1 0 0 
0 0 0 0 0 0 3 8 7 2 0 0 
2 0 0 0 0 0 3 5 5 0 0 0 
2 1 1 0 0 0 2 7 8 0 0 0 
0 1 0 0 0 0 0 0 3 0 0 1 
1 1 0 1 1 0 0 7 8 0 1 1 
2 1 1 1 0 0 1 9 1 2 0 0 
2 0 0 1 0 1 3 8 5 1 0 1 
2 1 0 1 0 0 0 0 7 0 0 0 
0 0 0 0 0 1 0 0 1 0 1 1 
1 0 0 1 0 1 2 5 2 0 0 1 
1 0 0 0 0 0 1 5 1 0 1 1 
0 0 0 0 1 0 2 9 4 1 0 0 
0 0 0 0 0 0 2 2 7 0 0 0 
0 0 0 0 0 0 2 0 5 2 1 0 
2 1 0 0 1 1 2 7 0 1 0 0 
0 1 0 1 0 0 1 4 3 1 1 0 
2 0 1 1 0 1 3 5 1 2 1 1 
0 0 1 1 1 0 1 4 6 1 1 1 
0 0 0 1 0 1 0 6 4 0 0 1 
1 0 1 1 0 0 3 1 5 0 1 1 
1 0 1 0 1 0 3 4 5 2 0 0 
0 1 1 0 0 0 0 0 3 2 1 0 
1 0 0 0 0 1 3 2 8 1 0 0 
0 1 0 0 0 0 2 0 0 2 0 0 
1 0 1 0 1 0 2 7 6 2 0 0 
0 0 1 1 1 0 3 7 3 1 1 0 
0 0 1 0 0 0 0 0 7 0 0 0 
0 1 0 1 0 0 0 4 2 0 0 0 
2 1 0 0 0 1 0 9 2 1 0 0 
1 1 1 0 0 0 0 9 0 1 0 0 
2 0 0 0 1 1 2 4 0 0 0 1 
0 0 0 0 0 1 1 3 8 0 0 0 
0 0 1 0 0 1 1 5 7 0 1 0 
1 1 0 1 0 0 0 9 7 2 1 1 
2 0 1 1 0 1 3 7 5 2 0 0 
0 1 1 0 0 0 2 7 5 2 0 0 
2 0 1 0 1 1 1 8 4 2 0 1 
1 1 1 0 0 0 0 4 1 2 0 1 
1 0 0 0 0 0 0 8 2 0 0 0 
1 0 0 0 0 0 2 4 7 1 0 1 
1 0 1 1 0 0 2 1 0 0 1 0 
0 0 0 1 0 1 0 0 3 1 0 1 
1 0 0 0 0 0 0 2 7 2 0 0 
2 0 0 0 1 0 3 7 4 0 0 0 
1 1 0 1 1 0 3 4 1 1 0 0 
2 0 0 0 0 0 1 7 2 0 0 0 
0 0 1 1 0 0 3 8 6 1 0 0 
0 0 1 1 0 0 1 9 3 0 0 0 
0 0 0 0 0 0 1 7 8 0 0 1 
0 0 0 0 0 0 1 1 2 2 0 0 
0 0 0 0 0 0 3 8 8 1 0 0 
0 0 1 0 1 1 3 7 5 0 1 1 
0 1 1 0 0 1 2 3 8 2 1 0 
1 0 0 0 0 0 1 1 0 1 0 0 
1 0 1 1 0 0 1 9 7 0 0 0 
2 1 1 0 0 0 2 7 6 2 1 0 
1 0 0 0 0 1 0 7 4 0 1 0 
1 0 0 1 0 1 1 5 8 0 0 0 
1 0 0 0 0 1 3 7 8 0 0 0 
0 0 0 0 0 0 0 0 0 1 0 1 
2 0 1 0 0 0 0 3 5 2 0 0 
0 1 1 1 1 0 3 7 8 2 1 0 
2 0 0 0 0 0 2 7 7 0 0 0 
1 0 0 0 1 1 2 3 8 1 0 0 
1 1 0 0 0 0 0 6 4 0 0 0 
1 0 1 1 0 1 2 9 4 1 0 1 
2 0 1 0 1 0 2 8 3 0 0 0 
0 0 1 0 1 0 2 6 9 0 0 0 
2 0 0 1 0 1 3 4 2 0 0 0 
0 0 0 1 0 0 3 2 4 0 1 0 
1 0 1 0 1 1 1 5 1 2 0 0 
1 1 0 0 0 1 3 7 9 1 1 1 
1 0 1 0 1 1 0 7 0 2 1 0 
2 0 0 0 0 0 0 9 4 1 0 0 
2 0 0 0 0 0 2 1 3 0 0 0 
0 0 0 0 0 0 0 9 9 2 0 0 
1 1 1 0 1 0 2 3 1 1 1 0 
0 1 1 0 1 0 3 0 4 0 1 1 
2 0 0 0 1 1 2 4 4 0 0 0 
1 0 0 0 0 0 3 9 7 1 0 0 
2 0 0 1 0 0 3 3 3 1 0 0 
1 0 1 1 1 0 0 1 2 2 1 1 
2 0 0 1 0 0 3 5 6 2 0 1 
0 0 0 0 0 0 2 2 9 2 0 0 
1 0 1 0 0 0 1 9 4 0 1 0 
1 0 0 1 0 1 3 4 3 2 1 0 
2 0 0 0 0 0 2 8 9 0 0 0 
2 0 0 0 0 0 1 9 6 0 0 0 
2 0 0 0 1 1 1 0 8 2 0 1 
0 0 1 0 1 1 1 2 0 0 1 0 
2 0 0 1 1 1 1 2 8 1 1 1 
1 0 1 1 0 0 0 7 1 1 0 1 
1 0 0 0 1 0 0 8 4 1 0 0 
1 0 0 0 0 0 2 7 1 2 0 0 
1 0 1 0 1 1 3 5 0 2 1 0 
0 0 0 1 0 0 1 8 2 0 0 1 
1 1 0 1 0 0 2 1 7 0 0 1 
0 0 0 0 0 1 2 0 6 1 0 0 
0 0 0 0 0 0 2 7 6 0 0 0 
1 1 0 1 1 0 2 0 7 1 0 1 
2 0 0 1 1 1 0 9 3 0 1 0 
2 1 1 0 0 1 1 7 1 2 1 0 
2 1 0 0 0 0 2 9 1 1 0 0 
0 0 0 0 0 0 3 3 3 0 0 0 
0 0 1 0 1 1 3 1 6 2 1 0 
0 0 1 0 0 1 2 7 1 0 1 1 
1 1 0 0 0 1 0 5 4 2 0 1 
1 0 0 0 1 1 1 6 4 2 0 1 
2 0 1 0 1 0 1 1 2 1 0 0 
0 0 0 1 0 0 0 5 5 1 0 0 
1 0 1 1 1 0 1 4 2 2 1 0 
1 1 1 1 1 0 1 6 5 1 0 0 
0 0 0 0 0 0 1 9 1 0 0 0 
0 0 0 1 0 1 3 8 0 1 1 1 
1 0 0 0 0 1 3 2 0 2 1 0 
0 1 1 0 1 1 1 2 9 0 1 1 
1 1 0 1 1 0 3 0 9 0 0 0 
0 0 0 0 0 0 3 1 3 0 0 0 
0 0 0 1 0 0 2 3 1 0 0 0 
2 1 0 0 0 0 3 4 3 2 0 0 
2 0 0 0 1 1 2 5 5 1 0 1 
2 0 0 0 0 0 2 9 0 0 0 0 
0 0 0 1 1 0 3 7 0 2 1 1 
2 1 0 0 0 1 2 1 4 1 1 0 
0 0 0 1 1 0 1 3 8 2 0 1 
0 0 1 1 0 1 3 9 0 2 0 0 
1 0 0 0 0 1 2 2 7 1 1 0 
0 0 0 0 0 0 2 8 6 2 0 0 
1 1 1 0 1 1 3 3 7 0 1 0 
2 0 0 0 0 0 3 3 8 0 1 0 
2 1 0 1 1 0 2 0 1 0 1 1 
2 1 1 0 1 1 3 4 5 1 0 0 
1 0 0 0 1 1 2 3 7 2 0 1 
2 1 0 0 1 0 1 8 5 0 0 0 
0 1 0 0 0 1 1 8 1 0 0 0 
0 1 1 1 1 0 0 7 4 2 0 0 
2 0 1 0 0 1 1 1 6 2 0 0 
1 1 0 0 1 0 3 3 0 1 1 1 
2 1 0 1 0 1 0 8 4 0 1 0 
2 0 0 0 0 0 3 9 5 0 0 1 
1 0 1 0 0 0 0 4 7 1 0 0 
2 0 0 0 0 1 1 7 5 1 1 0 
2 1 1 1 1 0 0 0 0 1 1 0 
0 0 0 1 0 1 1 9 4 0 0 1 
0 1 0 0 1 1 2 8 4 1 1 0 
0 0 0 0 0 0 1 0 2 0 0 0 
1 1 1 0 0 0 1 0 9 2 0 0 
0 0 0 1 1 0 1 3 6 0 0 1 
2 0 0 1 1 0 1 2 0 2 0 1 
0 0 0 0 0 0 2 0 7 0 0 0 
2 0 0 0 0 0 3 9 7 2 0 0 
0 1 1 0 0 0 0 1 7 0 0 0 
2 0 1 1 0 1 0 5 8 2 0 1 
1 1 1 0 1 0 0 0 1 0 0 0 
1 1 1 1 1 1 2 7 9 0 0 0 
0 0 0 0 0 0 2 4 2 2 0 0 
2 1 0 0 1 0 0 5 8 1 1 1 
2 1 1 0 1 1 2 5 2 1 1 1 
1 1 1 0 1 0 1 6 2 1 1 1 
0 1 1 1 0 0 2 4 0 1 0 0 
0 0 0 1 0 1 2 7 6 2 0 1 
2 0 0 0 1 0 1 9 8 2 1 0 
0 0 0 0 1 1 2 8 0 0 0 0 
2 0 0 1 0 0 2 8 4 1 0 1 
0 0 0 0 0 0 3 7 1 2 0 0 
0 0 1 0 0 1 2 8 1 1 0 0 
2 0 0 0 0 0 3 1 5 2 0 0 
1 0 0 0 0 0 1 9 3 0 0 0 
1 0 1 0 1 0 1 1 8 1 1 0 
0 1 1 1 1 1 0 5 9 2 1 1 
0 1 0 0 0 0 3 6 4 1 1 1 
0 0 0 0 0 0 3 0 0 0 0 0 
2 0 0 1 0 0 1 0 0 2 1 1 
2 0 0 0 1 1 3 2 6 0 1 1 
2 0 0 1 1 0 0 4 1 2 1 0 
0 0 1 1 1 0 1 9 6 1 1 0 
0 0 1 1 0 0 3 6 1 2 0 0 
0 0 1 0 0 1 3 3 8 1 0 1 
2 0 0 0 0 0 3 3 7 0 0 0 
0 0 0 0 0 0 2 2 1 1 0 0 
1 0 0 0 1 1 3 6 8 2 1 0 
0 1 1 1 0 1 1 4 1 0 0 1 
0 0 0 0 0 0 0 8 4 2 0 0 
1 0 0 1 1 0 1 4 8 0 0 0 
0 0 1 0 1 0 0 5 5 2 1 1 
1 0 0 0 0 0 0 9 1 0 0 0 
0 1 0 1 0 0 0 8 2 2 1 1 
1 0 1 1 1 0 0 9 9 0 0 1 
1 0 1 1 1 1 2 8 9 1 0 0 
1 1 1 1 0 0 0 8 5 0 0 1 
2 1 0 1 0 1 1 6 8 1 0 0 
2 0 0 0 1 0 3 0 0 0 0 1 
1 1 0 1 0 1 2 6 5 2 0 0 
1 1 0 0 0 0 2 4 6 1 0 1 
0 0 0 0 0 0 0 7 3 1 0 1 
0 0 0 1 0 0 1 3 2 1 0 0 
2 0 0 0 0 1 0 2 1 0 0 1 
1 1 1 0 1 1 0 7 2 1 1 0 
1 1 0 1 1 0 2 1 3 2 0 0 
2 1 0 1 0 1 0 6 6 1 0 1 
0 0 1 0 0 1 0 7 3 0 0 0 
2 1 1 0 0 1 1 2 8 0 0 0 
2 1 0 0 0 0 1 3 6 1 0 0 
0 0 0 1 0 0 0 8 9 2 0 0 
1 0 1 1 0 0 1 5 0 1 0 1 
2 0 1 1 0 0 1 2 2 1 0 0 
2 0 0 1 0 1 1 0 6 2 1 1 
0 0 1 0 1 0 2 1 5 2 0 0 
1 1 0 1 1 0 1 1 9 1 0 1 
2 0 0 0 0 0 2 1 1 0 0 0 
2 0 0 0 0 0 3 9 4 0 0 0 
2 0 0 1 0 1 3 3 5 2 1 1 
2 0 0 0 0 1 1 6 0 0 0 0 
0 0 1 0 0 0 1 1 4 2 1 0 
0 0 1 0 0 0 0 2 5 1 0 0 
0 0 1 0 0 1 0 7 6 1 0 0 
2 0 0 0 0 0 0 8 5 2 0 0 
1 0 1 1 0 0 3 5 7 2 0 0 
0 0 0 1 0 1 3 3 4 2 1 1 
0 0 0 0 0 0 3 3 6 0 0 0 
2 0 1 1 0 0 0 3 9 1 0 0 
0 1 1 0 0 1 1 8 6 2 0 0 
1 1 0 1 0 0 2 6 1 0 1 1 
1 0 1 1 1 1 1 2 6 1 0 1 
2 0 0 0 0 0 3 7 0 0 0 0 
2 0 1 1 1 0 0 8 6 2 0 0 
1 0 0 0 1 1 0 2 5 2 1 1 
2 0 1 1 1 0 2 8 0 1 1 1 
1 0 0 0 0 1 0 8 3 2 0 0 
2 0 0 1 1 0 3 7 2 2 0 0 
0 0 0 0 0 0 0 5 0 0 0 1 
0 0 0 0 0 0 1 2 7 0 0 0 
0 0 0 0 0 0 2 7 7 1 1 0 
2 1 1 0 1 0 3 4 8 1 1 0 
0 0 0 1 1 1 1 2 1 1 1 1 
0 0 0 0 0 0 1 7 4 2 1 1 
0 0 0 0 0 0 0 2 4 1 0 1 
1 0 1 1 0 1 2 1 1 0 0 1 
0 1 0 1 0 1 3 8 5 0 0 0 
1 1 1 1 1 1 3 6 4 1 0 0 
2 0 1 0 0 1 2 0 1 1 0 1 
0 0 0 1 0 0 2 5 8 1 0 0 
0 1 1 1 1 1 3 1 1 1 0 1 
2 1 0 0 1 0 2 4 8 2 0 1 
2 0 0 0 0 0 1 8 0 2 0 0 
2 1 0 0 1 0 3 5 3 0 0 1 
2 0 1 0 1 0 0 2 4 2 0 0 
1 0 0 0 0 0 1 0 3 1 1 0 
1 1 1 0 1 1 1 6 3 0 1 0 
2 1 1 0 1 0 2 6 0 0 0 0 
0 1 0 0 0 0 3 7 9 2 0 0 
0 0 0 0 0 1 2 9 5 2 0 0 
2 0 0 0 0 0 0 6 2 1 0 1 
0 0 0 0 1 1 1 7 6 1 1 0 
0 1 1 0 1 0 0 6 4 2 1 0 
1 0 0 0 0 0 3 4 0 1 0 0 
1 0 0 0 0 0 1 3 6 0 0 0 
2 0 1 0 0 1 2 1 2 2 1 0 
2 1 1 0 1 1 1 9 5 1 0 0 
2 1 1 1 0 0 1 0 5 2 1 1 
1 0 1 0 0 0 2 4 9 2 0 1 
0 1 0 0 0 1 3 8 3 1 0 1 
2 0 1 1 0 1 2 9 8 2 0 1 
2 1 1 0 1 0 3 8 2 0 0 1 
0 0 0 0 0 1 3 8 7 0 0 0 
0 0 0 0 0 0 2 1 0 0 0 0 
1 0 1 1 0 1 2 9 0 2 1 0 
1 0 0 0 0 0 3 6 3 2 1 0 
2 0 0 0 0 1 0 3 3 0 1 1 
2 0 0 0 0 0 0 0 8 2 0 0 
2 0 0 1 0 0 1 3 7 1 1 0 
0 0 0 0 0 0 3 6 1 0 0 1 
1 1 1 0 1 1 3 2 2 1 0 0 
0 0 0 0 0 0 1 1 9 0 1 1 
1 0 0 1 0 0 0 7 9 0 0 0 
1 1 1 1 0 1 0 8 7 0 1 0 
1 0 0 0 0 0 0 5 8 0 0 0 
0 0 1 1 0 1 3 2 7 1 0 0 
1 0 1 1 0 1 0 7 5 0 1 1 
0 0 1 0 0 0 0 7 8 0 0 1 
0 0 1 0 1 0 2 1 7 0 0 0 
0 0 1 0 1 1 3 4 4 2 0 1 
2 0 0 0 0 0 0 9 9 0 0 0 
2 1 0 1 0 0 0 1 1 1 1 0 
1 0 1 0 0 0 1 1 3 0 0 1 
2 0 0 1 0 0 3 5 0 1 0 1 
0 1 1 1 0 0 3 0 5 1 0 1 
2 0 0 1 1 0 2 2 1 2 1 0 
1 0 0 0 1 0 0 6 8 1 0 1 
0 0 0 0 0 0 3 0 9 2 0 0 
2 0 0 1 0 0 1 8 5 2 1 0 
1 0 0 0 0 0 1 0 4 0 0 0 
1 0 1 0 0 1 2 0 4 1 1 1 
2 1 1 0 0 0 0 5 2 0 0 0 
2 0 0 0 0 0 3 2 3 2 0 0 
0 0 1 0 0 0 3 4 7 2 1 1 
2 0 0 0 0 0 1 9 2 2 0 0 
2 0 1 0 0 0 1 4 2 0 0 1 
0 1 0 1 0 1 0 0 8 1 0 0 
1 0 1 0 1 0 2 5 8 0 1 1 
0 0 1 1 1 1 3 2 3 0 0 0 
0 0 1 1 0 0 0 0 1 2 0 0 
0 0 0 0 0 1 1 6 5 1 1 0 
1 0 0 1 0 0 1 0 7 2 0 0 
1 0 1 0 0 0 0 0 9 1 1 1 
1 1 1 0 1 0 2 0 6 0 0 1 
0 0 0 0 0 0 0 8 1 1 0 0 
1 1 1 1 0 0 1 9 2 0 1 0 
0 1 0 1 0 0 1 0 1 0 1 0 
2 1 0 1 0 0 1 7 1 0 0 1 
2 0 0 1 0 0 3 1 6 2 0 1 
1 1 0 0 1 1 0 1 9 0 1 0 
2 0 0 0 0 0 1 1 5 1 0 0 
0 0 0 0 1 0 2 2 3 2 0 0 
1 1 1 1 0 0 2 5 3 0 0 0 
2 1 1 1 1 0 3 3 1 0 1 0 
2 1 0 0 0 0 0 4 3 0 1 1 
0 1 0 1 0 0 3 4 4 2 1 0 
1 0 0 0 1 0 0 7 7 0 0 1 
1 0 1 1 1 1 0 2 0 1 0 1 
1 0 0 0 0 0 2 4 3 0 0 0 
0 0 0 1 0 0 3 5 4 0 0 1 
2 0 0 0 0 0 2 9 6 0 0 0 
1 1 0 0 1 0 2 0 8 1 1 1 
0 0 1 0 0 1 0 7 9 2 0 1 
2 1 1 1 0 1 1 1 3 1 1 0 
1 0 0 0 0 0 1 2 8 0 0 0 
1 0 0 1 0 0 0 8 0 0 1 1 
0 0 0 0 0 0 0 4 8 1 0 0 
0 0 0 0 0 0 0 7 0 0 0 0 
0 1 1 0 1 0 0 8 9 1 0 1 
0 1 0 1 0 0 0 3 9 0 0 0 
2 0 0 0 0 0 0 9 8 1 0 0 
0 1 1 1 0 0 3 2 8 2 0 0 
1 0 1 1 0 1 1 8 1 1 1 1 
2 0 1 0 0 0 1 1 0 0 0 0 
0 0 0 1 1 1 2 4 6 2 1 0 
1 1 0 0 1 1 3 1 3 1 1 1 
0 0 0 0 0 1 2 2 4 0 0 0 
1 1 0 0 0 1 0 4 5 0 0 0 
1 0 0 0 0 0 2 5 5 0 0 0 
0 0 1 0 0 1 1 4 9 1 1 1 
2 0 0 1 1 0 1 0 3 2 0 1 
2 0 0 0 0 1 0 8 7 2 1 1 
0 1 0 1 0 1 0 1 7 0 1 0 
1 1 0 1 0 0 0 0 5 2 0 0 
0 0 0 0 0 0 2 1 3 1 0 0 
0 0 0 0 0 0 3 1 8 2 0 0 
1 1 1 1 1 1 0 5 3 1 1 0 
2 0 1 1 1 1 1 6 6 2 1 0 
1 0 1 0 0 0 2 8 4 0 0 0 
0 0 0 0 0 1 0 4 9 2 0 0 
2 0 0 0 0 0 2 6 3 0 0 0 
0 0 0 0 0 0 1 1 9 0 0 0 
0 1 1 1 0 0 1 1 8 0 0 1 
2 1 1 0 1 0 3 0 7 2 1 0 
0 0 0 1 1 0 1 3 1 1 0 1 
0 0 0 0 1 1 2 7 8 1 0 1 
2 0 0 0 0 0 0 7 7 2 0 0 
1 0 0 1 0 1 0 1 3 0 0 1 
0 0 0 0 0 0 1 6 4 0 0 0 
2 0 0 0 0 0 3 1 2 1 0 1 
0 0 0 1 0 1 1 3 3 2 1 1 
0 0 0 0 0 0 0 4 4 2 0 0 
1 0 0 1 1 1 2 4 9 0 1 0 
0 0 0 0 1 1 2 1 7 2 1 1 
0 0 0 1 1 1 1 0 5 0 0 0 
2 0 1 0 0 0 3 6 3 0 1 1 
0 1 0 1 1 0 2 5 7 2 1 1 
0 0 0 1 0 0 3 6 8 1 0 0 
1 0 1 0 0 0 1 6 3 2 0 1 
0 0 0 0 0 0 3 1 8 1 0 0 
1 0 0 1 1 1 1 0 1 1 1 1 
0 1 1 0 1 0 0 4 4 1 0 0 
0 0 0 0 0 1 0 3 6 0 0 1 
2 1 0 0 0 1 1 8 3 2 0 0 
1 0 0 0 0 0 3 2 4 1 1 0 
2 1 1 1 0 1 3 5 4 0 1 0 
0 0 0 0 0 0 1 1 3 2 0 0 
0 0 0 0 0 0 2 4 9 1 0 0 
1 0 1 1 0 1 1 0 2 2 0 0 
0 0 0 0 1 1 1 2 4 0 1 1 
0 0 0 0 0 0 2 1 6 2 0 0 
0 1 1 0 1 0 0 8 0 2 1 0 
0 0 0 0 0 0 0 9 0 1 1 0 
2 1 1 1 0 0 1 5 5 0 0 1 
0 1 1 0 1 1 0 6 0 0 1 1 
1 0 0 0 0 0 3 0 1 0 0 1 
2 0 1 1 0 0 3 1 9 0 1 0 
1 0 1 1 1 1 3 0 3 0 1 1 
1 1 0 1 0 1 3 0 6 2 0 0 
2 0 0 1 0 0 3 8 2 1 1 0 
2 1 1 0 1 0 1 6 0 1 1 1 
1 0 0 1 1 0 2 6 7 0 1 0 
1 0 0 0 0 0 1 8 8 0 0 0 
1 1 1 1 0 1 0 1 6 2 0 1 
0 0 0 0 0 0 3 7 5 1 0 0 
2 1 0 0 0 0 2 5 6 0 1 0 
1 0 0 0 1 0 3 2 3 1 0 0 
0 0 0 0 0 0 2 9 7 2 0 0 
1 0 1 1 0 0 3 1 4 0 0 1 
0 0 0 0 1 0 2 2 4 1 0 0 
1 1 1 0 1 0 0 8 6 0 0 1 
0 0 0 0 0 0 0 2 0 2 0 0 
0 0 0 1 1 0 3 0 7 0 1 1 
2 0 0 0 0 0 0 4 5 2 0 0 
1 1 0 1 1 1 3 4 7 0 0 1 
0 0 0 0 0 0 2 6 2 1 1 0 
2 0 0 0 0 0 3 8 9 1 0 1 
0 0 0 0 0 0 1 2 3 0 1 0 
2 0 0 0 0 0 1 4 8 0 0 0 
0 0 1 0 1 0 3 3 5 0 0 0 
2 0 1 0 1 0 1 3 2 0 1 1 
2 0 0 1 1 0 3 7 7 1 0 1 
1 0 1 0 1 0 2 9 5 0 1 0 
1 0 0 0 0 0 2 9 2 0 0 0 
1 0 1 0 1 0 0 5 4 0 1 0 
1 1 1 1 1 1 2 5 6 2 1 0 
2 1 0 0 0 0 0 1 8 1 0 1 
0 0 1 0 1 0 2 5 4 0 0 0 
2 0 1 0 1 0 0 0 6 0 0 0 
2 0 0 0 1 1 2 9 9 2 0 0 
1 0 0 0 1 1 2 1 1 1 0 0 
2 0 0 0 0 1 2 6 6 0 0 0 
0 1 0 1 1 1 1 7 9 0 1 1 
2 1 0 0 1 0 2 4 2 1 1 0 
2 0 0 0 0 0 2 5 0 1 0 0 
0 0 0 0 0 0 0 4 5 1 0 0 
1 0 0 0 1 0 1 4 1 2 1 0 
1 1 0 1 0 0 2 8 8 1 1 0 
1 0 0 0 0 0 2 2 3 0 0 0 
1 0 0 0 1 1 1 9 0 0 1 0 
0 0 1 1 1 1 0 2 6 2 0 0 
0 0 0 0 0 1 1 9 6 2 0 1 
2 0 0 0 0 0 3 9 8 0 0 0 
0 0 1 1 0 1 2 4 2 1 0 1 
0 0 0 0 0 0 3 7 6 0 0 0 
0 0 1 1 1 0 1 6 8 0 0 1 
0 0 1 1 1 0 1 9 2 1 0 1 
0 0 0 0 0 0 2 3 8 0 0 1 
0 0 1 0 1 1 3 5 3 1 1 0 
1 0 1 0 1 0 2 2 9 1 1 1 
0 1 1 0 0 1 2 5 7 0 0 0 
0 0 0 0 0 0 0 5 7 1 1 0 
0 1 0 0 1 0 1 6 1 2 1 1 
0 1 0 0 0 0 2 6 7 0 0 1 
1 0 0 0 0 0 2 7 0 2 0 0 
1 1 0 0 0 0 3 7 5 2 1 1 
0 0 0 0 1 0 0 2 7 1 0 1 
0 0 0 1 0 0 0 9 2 0 1 0 
2 1 0 1 0 1 1 3 2 2 0 1 
0 0 1 1 0 0 3 0 0 2 0 0 
1 0 0 0 0 0 1 7 9 1 0 0 
1 1 0 0 0 0 1 8 0 1 0 0 
1 1 0 0 0 0 2 8 3 1 0 0 
1 1 0 1 0 0 2 8 7 2 0 0 
1 0 0 0 0 0 3 8 5 0 0 0 
2 0 0 1 1 1 0 6 0 2 1 0 
1 0 0 0 0 0 1 2 2 2 0 0 
0 0 0 1 0 1 3 1 3 2 0 0 
1 0 1 1 1 0 0 6 9 2 1 0 
0 0 0 1 0 0 2 2 2 2 0 0 
0 0 0 0 0 0 0 4 1 1 0 0 
1 0 0 0 0 0 3 1 1 2 0 0 
0 0 0 0 0 0 0 2 2 0 0 0 
0 0 1 1 0 1 0 0 7 2 0 0 
2 0 0 0 0 0 2 3 7 1 1 0 
0 0 0 0 0 0 1 0 3 0 0 0 
0 1 0 0 1 0 0 7 7 0 0 0 
0 0 0 0 0 0 1 6 2 2 0 0 
0 0 1 1 1 1 2 6 1 1 0 1 
2 0 0 1 1 0 1 4 0 1 0 1 
0 0 1 1 1 1 2 3 9 2 1 0 
2 1 0 0 1 1 0 9 1 2 1 1 
0 0 0 1 0 1 3 4 6 1 0 0 
2 1 0 1 1 1 3 1 7 2 0 1 
2 0 0 0 0 0 1 5 2 1 0 1 
0 0 0 0 0 0 2 1 7 1 0 0 
0 0 0 0 0 0 2 4 1 2 0 0 
2 1 0 1 0 1 2 8 2 2 0 0 
2 1 0 1 1 1 3 2 7 0 1 1 
1 0 0 0 0 0 1 3 2 0 0 0 
2 0 0 0 1 0 2 6 8 1 1 1 
0 0 0 0 0 1 2 9 7 0 1 0 
1 1 1 0 1 1 0 2 4 0 1 0 
2 1 1 0 1 0 3 6 9 0 1 0 
0 0 0 0 1 0 0 0 8 0 0 1 
0 1 0 0 0 1 1 2 5 2 1 0 
0 1 1 0 0 0 0 8 3 0 0 0 
2 0 0 0 0 1 2 5 8 0 0 0 
1 0 1 0 0 0 1 4 3 2 0 0 
0 0 0 1 1 0 0 7 6 2 0 0 
0 1 0 0 0 0 3 5 8 2 0 0 
0 0 0 1 0 0 0 3 4 1 0 0 
1 0 0 0 0 1 2 8 2 0 1 0 
1 0 0 0 0 0 0 5 1 0 0 0 
1 1 1 0 0 1 3 4 0 0 0 1 
2 0 0 1 1 0 3 4 0 2 1 0 
1 0 1 0 0 0 3 4 9 0 0 0 
1 0 0 0 0 0 3 0 8 0 0 0 
2 1 0 0 0 0 2 0 2 2 1 1 
2 0 0 0 0 0 2 2 4 2 1 1 
2 0 0 0 1 1 3 4 9 1 1 0 
1 0 0 0 0 0 3 4 4 1 0 0 
0 0 0 1 1 0 0 3 0 0 1 0 
1 1 0 0 0 0 1 0 0 0 0 0 
1 1 0 1 0 1 2 2 9 1 0 0 
0 0 0 0 1 0 1 1 3 1 0 0 
1 0 1 1 0 0 2 6 0 2 1 1 
0 0 1 1 1 0 2 5 0 2 0 1 
0 1 0 0 1 1 3 5 6 1 1 0 
1 1 0 0 0 1 2 5 0 0 1 1 
1 0 0 0 0 1 2 1 6 1 0 0 
0 0 0 0 1 0 1 8 1 2 0 0 
2 1 0 0 1 0 3 5 1 2 0 0 
1 1 0 0 1 1 2 0 3 1 0 0 
2 0 1 1 1 0 0 6 7 1 1 1 
1 0 0 0 0 0 0 9 5 0 0 0 
1 1 0 1 1 0 2 6 2 2 0 0 
0 1 1 1 1 0 1 2 3 1 0 0 
0 0 0 0 0 0 1 1 4 1 0 0 
0 0 1 1 0 0 1 2 4 1 0 0 
0 0 0 0 0 0 0 2 1 1 0 0 
0 1 0 1 1 0 1 4 9 2 0 0 
2 1 0 1 0 1 3 0 8 0 1 1 
1 1 0 0 0 1 3 9 9 0 1 1 
1 0 0 0 0 0 1 6 7 1 0 0 
0 0 0 0 0 1 0 4 3 1 0 0 
2 1 0 1 1 0 0 8 3 1 1 1 
0 0 0 0 0 0 0 7 7 1 0 0 
2 1 0 1 0 1 2 1 5 0 0 1 
1 1 0 0 0 0 3 6 7 2 1 0 
2 0 0 0 0 0 0 5 9 0 0 1 
1 0 1 0 0 1 3 6 0 0 1 0 
0 0 0 1 0 0 3 4 8 1 0 0 
0 0 0 0 0 1 0 6 4 0 1 0 
2 0 0 0 0 0 0 0 3 0 0 0 
2 0 0 1 0 0 3 6 5 2 0 1 
0 0 0 0 0 0 1 3 7 2 1 0 
0 0 1 1 0 1 3 3 2 0 0 0 
2 0 0 0 0 0 2 3 6 2 0 1 
2 0 0 0 0 0 3 5 2 2 0 0 
2 1 0 1 1 1 3 6 3 1 0 1 
0 0 1 1 1 0 3 9 7 0 1 0 
0 0 1 0 0 0 2 0 3 0 0 1 
1 1 0 1 0 0 0 1 0 2 1 1 
1 0 0 0 0 1 1 7 6 2 0 0 
2 1 0 0 0 0 0 8 1 2 1 1 
1 0 0 0 0 0 2 1 5 0 0 0 
1 0 0 0 0 0 1 6 0 2 0 0 
2 0 0 0 0 0 0 2 7 0 0 0 
0 1 0 0 1 0 2 8 2 1 0 1 
2 1 0 1 0 0 0 6 1 1 0 0 
1 0 1 0 0 0 1 5 6 0 0 0 
2 0 0 0 0 0 3 4 8 0 0 0 
2 0 0 0 0 0 0 5 1 1 0 0 
0 0 0 0 0 0 3 1 1 0 1 1 
1 1 1 0 0 0 2 5 4 1 0 1 
2 0 1 0 1 0 3 2 1 1 0 1 
2 0 0 0 0 0 3 8 4 1 0 0 
0 1 0 1 0 1 1 6 7 2 0 1 
0 0 1 0 0 1 0 0 5 0 0 0 
0 1 0 0 0 0 1 1 1 0 0 0 
2 1 0 0 0 0 0 3 4 0 0 1 
2 0 0 0 0 0 2 9 3 2 0 0 
0 0 0 0 0 0 1 6 4 1 0 0 
2 0 0 1 0 0 0 5 4 1 0 0 
2 0 0 0 0 1 0 8 0 1 0 0 
0 0 0 0 0 0 3 8 2 2 0 0 
2 1 1 0 0 1 1 0 3 0 1 0 
1 1 1 1 1 0 0 4 9 1 1 0 
0 1 0 1 1 1 0 9 5 1 0 1 
2 1 0 1 1 1 2 9 2 0 1 1 
0 0 0 0 0 0 3 9 2 0 0 0 
0 0 0 1 0 0 0 2 9 0 1 1 
1 0 0 0 0 0 1 4 7 2 1 0 
1 0 0 1 0 0 1 1 6 0 1 0 
0 1 0 0 0 0 0 2 0 1 0 0 
1 0 0 0 0 0 1 7 2 2 0 0 
0 1 0 1 1 0 3 9 9 1 0 0 
0 0 0 0 0 0 2 8 0 2 0 0 
0 1 0 0 0 1 0 2 5 0 0 0 
0 0 0 0 0 0 0 8 3 0 0 0 
0 0 0 1 1 0 3 8 4 2 1 0 
0 1 0 0 0 0 3 6 5 1 0 0 
2 1 0 1 1 0 2 5 1 0 0 1 
2 1 0 0 0 0 1 2 4 0 0 0 
2 0 1 0 0 0 3 1 3 2 0 0 
0 0 0 0 0 1 0 9 0 2 0 0 
1 0 1 0 1 1 0 9 2 2 0 1 
1 0 1 0 0 1 1 6 1 0 0 0 
1 0 0 1 0 1 2 0 3 2 1 0 
1 0 0 1 0 0 0 2 4 2 0 0 
0 1 0 0 0 1 0 1 2 1 1 1 
1 0 0 1 1 0 1 8 2 2 1 0 
2 1 0 1 1 1 1 4 4 1 1 0 
1 0 0 0 0 0 1 2 5 0 0 0 
0 1 1 1 1 1 1 3 7 1 0 0 
2 0 0 0 0 0 3 9 3 0 0 1 
0 1 0 0 0 0 1 0 2 1 1 0 
0 1 1 0 0 0 0 8 8 0 0 0 
0 1 1 1 0 1 0 2 7 0 1 0 
0 0 1 0 0 1 0 2 9 0 0 0 
2 0 0 0 0 0 0 7 2 0 0 0 
1 0 0 1 1 1 3 8 3 0 0 1 
0 0 0 1 1 1 2 4 7 0 1 1 
0 1 1 1 0 0 3 2 0 0 1 1 
1 1 0 0 0 1 0 6 5 1 0 1 
0 0 0 0 0 1 3 0 5 2 0 0 
2 0 1 0 0 1 3 7 2 0 0 0 
2 0 0 0 0 0 2 1 0 2 0 1 
0 1 0 0 0 1 1 4 0 2 0 0 
0 0 0 0 0 0 1 7 3 0 0 1 
2 0 1 0 0 0 3 3 4 1 0 0 
2 0 0 0 0 0 0 9 5 1 1 0 
2 1 0 0 1 1 2 2 0 0 0 0 
0 1 1 0 0 1 2 3 0 1 1 0 
0 0 1 1 1 0 3 7 9 1 0 0 
1 1 0 1 0 0 3 8 8 2 0 1 
1 1 0 0 1 0 3 8 0 2 0 1 
0 0 0 0 0 1 3 3 1 1 0 0 
0 0 0 0 0 0 2 2 1 0 0 0 
1 1 1 0 1 0 1 1 5 2 0 0 
1 0 1 0 1 1 1 9 1 1 1 1 
1 0 0 1 0 0 3 3 7 2 0 1 
0 0 0 0 0 0 3 2 6 1 0 0 
1 0 0 0 1 0 0 8 5 1 1 0 
0 1 1 1 1 1 2 1 8 2 1 0 
0 0 0 0 0 0 3 5 9 0 1 0 
2 0 0 0 0 0 2 7 1 0 0 0 
0 1 1 1 0 0 2 3 7 0 0 1 
2 0 1 1 1 1 2 6 2 2 1 1 
1 1 0 1 1 0 2 2 5 1 1 0 
1 0 0 0 0 0 2 0 2 1 0 0 
0 0 0 0 0 0 0 7 4 1 0 0 
1 1 1 0 0 1 0 8 9 0 1 1 
1 1 0 0 0 0 1 2 0 0 0 1 
0 0 0 1 0 0 3 1 7 1 0 0 
0 0 1 1 0 0 0 0 4 0 0 0 
0 0 1 0 1 0 2 6 5 2 1 1 
2 0 0 0 0 0 2 4 3 1 0 0 
2 0 0 1 0 0 1 6 1 1 0 0 
1 0 0 0 0 0 3 5 1 1 0 0 
1 0 0 0 0 0 1 8 5 1 0 0 
0 1 0 0 0 0 0 2 8 0 1 0 
2 0 0 0 1 0 3 6 6 1 1 0 
0 0 1 1 0 0 2 9 9 0 1 1 
1 0 0 1 1 0 1 8 6 2 1 1 
2 1 1 0 1 1 1 3 9 1 1 1 
1 0 0 0 0 0 3 2 7 0 0 0 
0 0 1 1 1 0 2 0 9 0 1 1 
2 0 1 1 1 1 3 0 8 1 1 0 
0 0 0 0 0 0 2 4 7 2 0 0 
1 0 0 0 0 0 1 4 9 0 0 0 
0 0 1 1 1 1 3 1 2 0 1 0 
0 0 1 0 1 0 0 4 0 0 0 0 
0 1 0 0 0 0 3 5 0 0 0 0 
0 0 0 1 0 0 2 0 4 0 0 0 
1 1 1 0 0 0 2 7 4 1 0 1 
2 0 0 0 0 0 0 3 1 1 0 0 
2 0 0 0 1 0 0 0 5 1 1 1 
2 1 0 0 0 0 0 3 0 0 0 0 
1 1 1 0 0 0 0 3 2 0 1 0 
0 1 0 0 0 0 0 6 0 2 0 0 
0 0 0 0 0 1 2 9 3 1 0 0 
2 1 0 0 1 0 1 7 8 1 1 0 
1 1 0 0 1 1 1 1 7 1 0 0 
0 0 0 0 1 0 1 5 2 0 1 0 
2 0 0 0 0 0 0 4 2 2 1 0 
2 0 0 0 1 1 0 3 8 0 1 0 
1 1 0 0 0 0 2 9 9 1 0 1 
0 1 0 0 0 1 1 3 0 0 0 0 
1 1 1 0 1 1 3 9 8 1 0 1 
1 0 1 0 1 0 0 0 7 1 1 1 
1 1 0 0 1 1 2 1 0 1 0 0 
2 1 1 0 1 0 0 3 7 2 0 0 
1 1 0 1 1 1 1 7 5 2 1 0 
2 1 0 0 0 1 1 2 7 1 0 0 
2 1 1 0 0 0 2 4 7 0 0 0 
1 0 0 0 0 0 2 9 8 0 0 0 
2 0 0 0 0 0 3 4 7 1 0 0 
0 0 0 1 0 1 0 7 1 0 0 0 
0 0 0 0 0 0 0 9 3 2 0 1 
1 0 0 0 0 0 2 4 2 0 0 0 
0 0 0 0 0 0 2 3 5 2 0 0 
0 0 0 0 0 0 0 7 0 1 0 0 
0 0 1 0 0 1 1 7 0 1 1 1 
2 0 0 0 0 0 2 9 5 0 0 0 
0 1 0 0 0 0 0 7 0 0 1 0 
0 0 1 0 0 0 1 5 9 0 0 1 
1 0 1 1 0 0 0 0 8 0 1 0 
0 1 0 1 0 1 0 7 3 0 1 0 
1 0 0 1 0 0 2 7 9 2 1 0 
0 1 1 1 1 0 1 0 6 1 0 0 
2 0 0 0 0 0 2 1 8 1 0 0 
0 0 0 0 0 0 2 4 8 1 0 0 
2 0 0 0 0 0 0 2 0 0 1 0 
1 0 0 0 0 0 2 0 1 2 0 0 
0 0 0 0 1 1 3 5 0 1 1 0 
2 1 0 0 0 0 0 9 8 0 0 1 
2 0 0 0 0 0 0 3 2 0 0 0 
0 1 0 1 1 1 2 9 1 0 0 0 
1 1 0 1 1 0 3 6 0 1 0 0 
0 0 0 0 0 0 3 0 8 2 0 0 
0 0 1 1 0 1 1 5 2 2 1 0 
2 0 0 1 0 0 0 1 0 1 1 1 
2 1 0 0 1 0 1 3 5 0 1 0 
0 0 0 0 0 0 2 0 1 0 0 0 
2 0 1 0 1 1 0 1 5 2 1 1 
0 1 1 0 1 0 0 1 0 0 0 0 
1 0 0 0 0 1 0 5 5 0 0 0 
2 1 1 0 0 1 0 4 9 0 0 1 
2 0 0 0 0 0 1 8 2 1 0 0 
0 0 0 0 0 0 1 2 0 1 0 0 
2 0 1 0 0 1 2 5 9 2 1 0 
1 0 0 0 1 0 3 4 6 0 1 0 
1 0 0 1 1 0 1 2 9 2 0 0 
0 0 0 0 0 0 3 4 0 0 0 0 
1 0 0 0 1 1 2 4 1 0 0 1 
1 0 0 0 1 1 0 9 8 0 0 0 
0 0 0 0 0 0 3 9 6 0 0 0 
1 1 1 1 0 0 3 7 1 2 1 0 
2 0 0 1 0 0 1 4 9 0 0 0 
2 0 1 0 0 0 1 6 5 0 0 1 
0 0 0 0 0 0 2 3 6 1 0 0 
1 1 1 1 0 0 1 2 7 2 1 1 
1 1 1 0 1 1 1 4 6 2 0 0 
0 0 0 0 0 1 0 3 7 1 1 1 
2 1 0 1 1 1 0 6 5 0 1 0 
2 1 0 1 1 1 3 2 4 1 0 1 
2 1 1 0 1 1 1 9 7 0 0 1 
1 0 0 0 0 0 1 0 5 0 0 0 
0 0 0 0 0 0 3 0 6 0 0 0 
0 1 0 1 1 1 3 7 4 1 1 1 
0 1 0 0 0 1 0 7 2 2 1 0 
2 0 0 0 0 0 0 9 9 1 0 0 
2 0 0 0 1 0 2 2 8 2 1 0 
2 0 0 0 0 0 1 5 8 0 0 0 
0 0 0 1 0 0 2 1 5 1 1 0 
0 1 0 0 0 1 1 9 8 0 0 1 
0 0 0 1 0 1 2 6 0 1 0 1 
0 1 1 0 1 0 1 9 4 2 0 0 
0 0 1 0 1 1 1 3 6 2 1 0 
2 1 0 1 0 1 3 0 4 2 0 0 
1 0 0 0 1 0 2 3 0 0 0 1 
1 0 0 0 0 1 0 1 1 0 0 1 
0 0 1 0 0 0 0 3 3 0 0 0 
0 1 1 1 1 0 3 9 3 2 0 1 
0 1 1 1 1 1 2 0 2 2 0 0 
0 0 0 0 0 0 1 3 5 1 0 1 
0 0 0 0 0 0 0 2 1 2 0 0 
1 0 0 0 0 1 1 1 2 1 0 0 
2 1 0 0 0 0 1 1 9 0 0 0 
1 0 1 0 1 0 0 2 1 0 1 0 
0 0 0 1 0 1 3 9 5 0 0 0 
0 0 0 1 0 0 1 8 4 0 0 0 
1 0 0 0 0 0 2 4 5 1 0 0 
2 0 1 0 0 1 1 0 4 0 0 0 
2 0 0 1 0 1 0 7 6 0 1 0 
0 0 0 0 0 0 3 7 7 2 0 0 
2 0 0 0 1 0 1 3 3 0 0 0 
1 1 0 0 0 0 0 5 6 2 1 0 
2 0 1 0 0 0 2 0 2 0 0 0 
2 0 0 0 0 0 0 6 8 0 0 0 
2 0 0 0 0 0 1 2 5 0 0 0 
2 0 0 0 1 1 2 5 3 1 1 1 
0 1 0 0 0 1 1 9 3 2 1 1 
1 1 0 1 0 1 2 5 9 0 0 0 
0 1 1 1 0 0 1 7 6 0 1 1 
2 1 0 1 1 0 3 9 6 1 1 1 
1 0 0 0 1 0 1 2 7 0 0 0 
1 1 1 0 1 1 3 5 2 0 1 0 
1 1 0 0 1 0 2 3 5 0 0 1 
1 0 0 0 0 0 3 9 5 1 0 0 
0 0 0 0 0 0 3 6 3 0 0 0 
2 0 0 1 0 0 2 6 8 2 0 0 
1 0 0 1 0 0 3 5 3 2 0 1 
0 0 0 0 0 0 1 5 8 2 0 1 
0 0 0 1 0 0 2 6 4 1 0 0 
1 0 0 1 0 0 2 9 6 2 0 1 
0 0 0 0 0 1 0 7 1 0 1 0 
1 0 0 0 0 0 1 5 5 2 0 0 
0 0 1 0 0 0 3 7 4 0 0 0 
0 0 0 0 0 0 1 6 8 0 1 0 
1 0 1 1 0 1 1 3 5 0 0 0 
2 0 1 1 1 0 0 9 0 0 0 1 
1 0 0 1 1 0 1 5 4 1 1 1 
1 0 0 1 1 0 2 8 1 0 0 1 
1 0 0 0 0 0 0 9 8 2 0 0 
1 0 1 1 0 0 0 2 8 1 1 0 
0 1 0 0 1 0 2 9 0 2 0 1 
2 1 0 0 1 1 2 3 5 1 1 0 
1 0 0 0 0 0 0 1 7 2 0 0 
1 1 0 1 0 1 1 5 7 1 0 0 
0 1 0 0 1 0 0 6 8 0 0 0 
1 1 1 1 0 0 2 8 6 1 1 0 
0 1 0 0 1 1 3 1 5 1 0 0 
0 0 0 0 0 0 0 5 5 0 0 0 
1 1 0 1 0 1 0 3 1 2 0 0 
2 1 1 0 1 0 2 8 7 0 0 1 
0 1 0 1 1 1 1 5 6 0 0 1 
0 1 0 1 0 0 0 0 6 2 0 0 
1 0 0 0 0 0 3 7 2 0 0 0 
2 0 0 0 0 0 2 0 3 0 0 0 
0 1 1 0 0 1 0 9 9 1 1 0 
0 1 1 1 0 1 2 2 5 0 0 1 
1 0 0 0 1 1 3 7 1 0 0 1 
2 1 0 1 0 0 1 4 7 0 1 1 
1 0 0 1 0 0 2 9 3 1 1 1 
0 0 0 0 1 0 1 9 9 0 1 0 
1 1 1 0 0 0 0 1 8 2 1 1 
0 0 0 0 0 0 0 1 8 0 0 0 
2 0 0 0 1 1 2 6 4 2 0 0 
2 1 1 1 1 1 3 8 9 2 1 0 
1 0 0 1 0 1 1 9 5 2 1 0 
2 1 0 0 0 0 2 8 0 2 0 0 
0 0 0 0 1 0 3 2 5 1 0 0 
2 0 1 1 0 0 2 2 0 1 1 0 
0 0 1 1 0 0 0 6 5 0 0 0 
1 1 0 0 0 1 1 4 2 1 0 1 
0 0 0 0 1 1 0 5 4 0 0 0 
0 1 0 0 1 0 2 9 8 1 1 1 
1 0 0 0 0 0 3 7 4 2 0 0 
2 1 0 0 0 1 2 9 4 0 1 0 
0 0 0 1 0 1 0 8 6 0 1 1 
0 0 0 0 0 0 3 2 1 2 0 0 
1 0 0 0 0 0 1 0 8 0 0 0 
2 0 1 0 1 1 3 3 0 0 0 1 
1 1 1 1 0 1 0 1 4 1 0 0 
0 0 1 0 1 0 0 6 1 0 1 0 
0 0 0 0 1 0 0 4 9 0 0 1 
2 0 0 0 0 1 0 6 3 2 0 0 
1 1 0 1 0 0 1 8 3 0 1 0 
0 0 0 0 0 0 3 4 3 0 0 0 
0 1 0 0 0 0 0 9 7 0 0 0 
0 0 1 0 0 0 3 1 6 1 1 0 
0 0 0 0 0 0 1 4 4 0 0 1 
2 1 1 1 1 1 1 4 7 1 0 0 
0 0 1 1 1 1 3 6 7 1 0 1 
0 0 0 0 0 0 3 3 3 2 0 0 
0 0 1 0 1 0 0 2 8 0 0 0 
2 1 0 1 1 1 1 2 2 0 1 1 
1 0 0 0 0 0 2 1 8 0 0 0 
2 1 0 1 0 1 3 9 0 1 1 1 
1 0 0 0 0 0 2 9 1 0 0 0 
0 0 0 0 0 0 2 8 4 2 0 0 
1 1 0 0 1 0 3 1 6 0 0 0 
2 0 0 1 0 0 2 5 7 1 0 0 
0 1 1 1 0 1 0 7 8 1 0 0 
1 0 1 0 0 1 0 6 6 0 0 0 
1 0 0 1 0 0 3 9 8 1 1 0 
0 1 1 1 1 1 1 5 8 1 1 0 
1 0 0 1 1 1 0 3 2 2 0 0 
1 1 0 0 0 1 3 8 1 2 0 0 
2 0 0 1 0 0 2 6 9 1 1 1 
0 0 0 0 0 0 2 9 8 0 0 0 
2 0 1 1 1 1 1 2 5 1 1 1 
0 1 1 0 0 0 3 6 6 2 0 0 
2 0 1 0 0 1 0 5 7 2 0 0 
1 0 0 0 0 0 3 5 6 0 0 0 
2 0 0 0 0 1 0 1 2 0 0 0 
1 0 1 0 0 1 1 9 9 1 0 0 
0 0 0 0 0 0 2 4 1 1 0 0 
0 0 0 0 0 1 0 2 2 1 0 1 
2 0 0 1 1 0 2 2 7 2 0 1 
0 0 1 1 1 0 0 5 1 1 0 1 
1 0 0 0 1 0 3 4 2 1 0 0 
0 1 0 1 0 1 2 4 5 2 0 0 
0 1 0 0 0 0 1 9 5 0 0 1 
1 1 0 0 0 0 3 1 2 2 0 0 
0 1 1 1 1 1 2 6 3 2 0 1 
2 0 0 0 0 0 0 2 6 2 0 0 
0 0 0 0 0 0 0 5 3 2 0 0 
0 0 0 0 1 0 2 9 6 1 0 0 
2 0 0 0 0 0 2 2 6 1 0 0 
0 0 1 1 0 0 0 5 3 0 1 1 
0 0 0 0 0 0 0 8 6 1 0 0 
1 0 1 0 0 1 2 3 2 1 0 1 
2 0 0 0 0 1 1 6 2 0 0 0 
0 0 0 0 0 0 0 6 5 2 0 0 
0 0 0 0 0 0 3 7 8 1 0 0 
0 1 0 0 1 0 1 0 0 1 0 0 
2 1 1 0 0 0 1 2 6 0 0 0 
0 0 0 0 0 0 1 7 2 1 0 0 
1 0 1 0 1 0 2 6 4 0 1 1 
0 1 0 0 0 0 0 4 5 0 0 1 
0 1 1 0 1 0 3 8 5 2 1 0 
0 1 1 0 0 1 0 6 2 2 0 0 
0 0 0 0 1 0 1 8 0 0 0 1 
1 1 0 1 1 0 3 8 7 1 0 1 
0 0 0 0 0 0 2 0 7 2 0 1 
0 0 0 0 0 0 2 8 8 2 0 0 
2 0 0 1 0 1 1 8 9 0 0 1 
2 0 1 0 1 1 2 4 1 0 0 0 
2 0 1 1 0 1 0 4 8 2 0 1 
1 0 0 0 1 1 3 0 5 1 1 0 
0 0 0 0 0 0 2 5 2 2 0 0 
0 0 0 0 0 0 0 4 2 1 0 0 
2 1 1 1 0 0 3 7 2 1 1 1 
0 0 1 0 1 0 2 1 4 1 0 1 
1 0 0 0 0 0 3 1 0 2 0 0 
0 0 0 0 0 0 2 6 2 0 0 0 
0 0 1 0 0 0 2 4 8 0 0 1 
1 0 0 0 0 0 0 6 3 1 0 1 
1 0 0 1 0 0 0 6 3 0 0 0 
1 0 1 1 0 0 0 3 7 0 0 0 
1 0 1 0 0 0 1 7 5 1 0 1 
0 0 0 0 1 1 1 5 5 0 1 0 
1 0 1 0 0 0 3 1 7 1 1 1 
0 1 1 1 0 1 2 2 8 1 0 1 
2 0 1 1 0 0 1 1 7 2 1 0 
1 0 0 0 0 0 3 3 2 0 0 0 
0 0 0 1 0 0 1 6 0 0 0 0 
1 0 0 0 0 0 1 3 5 2 0 0 
0 1 1 0 1 1 2 1 3 0 1 1 
2 1 1 0 1 0 0 2 2 2 1 0 
1 1 0 1 1 0 0 4 0 0 0 0 
0 0 0 0 0 1 2 9 7 1 0 0 
2 0 0 0 0 0 1 8 6 0 0 0 
0 1 0 0 0 1 0 3 2 1 0 1 
1 0 0 0 0 0 2 6 1 2 0 0 
2 0 0 0 0 1 1 4 1 1 0 1 
0 1 1 0 0 0 0 3 0 2 0 1 
0 1 0 0 0 0 1 9 4 1 0 0 
2 0 1 0 0 0 3 8 0 0 0 0 
1 0 0 0 0 0 1 8 9 0 1 0 
1 0 0 0 0 0 2 2 6 0 0 0 
2 1 1 1 0 0 1 6 4 2 1 0 
2 0 1 1 1 0 0 5 6 1 0 1 
1 0 0 0 1 0 1 8 7 1 1 0 
0 0 0 0 0 0 1 2 6 2 1 0 
2 0 0 0 0 0 0 3 8 2 0 0 
1 0 0 0 0 1 1 2 3 2 0 1 
1 0 0 1 1 0 0 6 2 0 1 0 
2 0 0 0 0 0 2 7 9 0 0 0 
2 0 0 0 0 0 2 2 5 2 0 0 
2 0 0 0 0 0 3 2 8 0 0 0 
1 1 0 1 1 0 3 5 5 1 1 0 
0 0 0 0 0 0 3 9 1 1 0 0 
2 0 0 0 1 0 1 1 8 2 0 0 
0 0 0 0 0 0 1 5 9 1 0 0 
1 0 0 0 0 1 0 2 9 2 0 0 
1 1 1 0 0 0 3 7 3 0 0 0 
0 1 0 0 0 0 2 6 4 0 0 0 
2 0 0 0 1 0 0 1 3 2 1 1 
1 0 1 0 0 0 1 4 0 0 1 0 
0 1 0 0 0 1 3 9 2 2 1 0 
MFS
precise
0.0
recall
0.0
F-measure
0.0
multi
0
time
all 40643 iden 0 gen 40599
t-cover
64696
all-cover
64696
(1 : 7657)  (2 : 7340)  (3 : 7141)  (4 : 4751)  (5 : 3231)  (6 : 3370)  (7 : 3679)  (8 : 3583)  (9 : 3050)  (10 : 2324)  (11 : 1800)  (12 : 1304)  (13 : 969)  (14 : 814)  (15 : 706)  (16 : 683)  (17 : 760)  (18 : 770)  (19 : 740)  (20 : 729)  (21 : 765)  (22 : 677)  (23 : 571)  (24 : 457)  (25 : 420)  (26 : 316)  (27 : 283)  (28 : 249)  (29 : 213)  (30 : 168)  (31 : 218)  (32 : 195)  (33 : 194)  (34 : 189)  (35 : 195)  (36 : 166)  (37 : 131)  (38 : 129)  (39 : 149)  (40 : 91)  (41 : 110)  (42 : 86)  (43 : 79)  (44 : 77)  (45 : 77)  (46 : 74)  (47 : 71)  (48 : 83)  (49 : 88)  (50 : 96)  (51 : 106)  (52 : 112)  (53 : 120)  (54 : 116)  (55 : 112)  (56 : 125)  (57 : 115)  (58 : 108)  (59 : 104)  (60 : 103)  (61 : 91)  (62 : 71)  (63 : 54)  (64 : 71)  (65 : 64)  (66 : 54)  (67 : 63)  (68 : 52)  (69 : 36)  (70 : 43)  (71 : 30)  (72 : 40)  (73 : 29)  (74 : 28)  (75 : 22)  (76 : 22)  (77 : 19)  (78 : 19)  (79 : 13)  (80 : 10)  (81 : 13)  (82 : 9)  (83 : 7)  (84 : 13)  (85 : 7)  (86 : 7)  (87 : 12)  (88 : 7)  (89 : 4)  (90 : 5)  (91 : 8)  (92 : 8)  (93 : 10)  (94 : 5)  (95 : 9)  (96 : 10)  (97 : 17)  (98 : 11)  (99 : 10)  (100 : 4)  (101 : 8)  (102 : 5)  (103 : 4)  (104 : 10)  (105 : 12)  (106 : 7)  (107 : 6)  (108 : 3)  (109 : 10)  (110 : 5)  (111 : 6)  (112 : 3)  (113 : 7)  (114 : 5)  (115 : 4)  (116 : 5)  (117 : 6)  (118 : 10)  (119 : 2)  (120 : 5)  (121 : 3)  (122 : 2)  (123 : 2)  (124 : 5)  (125 : 4)  (126 : 1)  (127 : 5)  (128 : 1)  (130 : 4)  (131 : 2)  (132 : 1)  (133 : 3)  (134 : 2)  (135 : 1)  (136 : 3)  (137 : 1)  (138 : 4)  (139 : 6)  (140 : 5)  (141 : 9)  (142 : 6)  (143 : 14)  (144 : 12)  (145 : 9)  (146 : 4)  (147 : 6)  (148 : 4)  (149 : 8)  (150 : 8)  (151 : 5)  (152 : 11)  (153 : 1)  (154 : 7)  (155 : 6)  (156 : 6)  (157 : 6)  (158 : 7)  (159 : 5)  (160 : 5)  (161 : 7)  (162 : 3)  (163 : 2)  (164 : 7)  (165 : 5)  (166 : 5)  (167 : 7)  (168 : 7)  (169 : 11)  (170 : 8)  (171 : 10)  (172 : 7)  (173 : 8)  (174 : 5)  (175 : 8)  (176 : 5)  (177 : 7)  (178 : 1)  (179 : 7)  (180 : 3)  (181 : 2)  (184 : 1)  (185 : 1)  (186 : 1)  (226 : 1)  (234 : 1)  (236 : 2)  (240 : 1)  (242 : 2)  (243 : 1)  (244 : 1)  (245 : 1)  (246 : 1)  (247 : 1)  (249 : 3)  (250 : 2)  (251 : 4)  (252 : 4)  (253 : 4)  (254 : 3)  (255 : 1)  (256 : 1)  (257 : 2)  (258 : 3)  (259 : 4)  (260 : 1)  (261 : 4)  (262 : 3)  (263 : 4)  (265 : 1)  (266 : 2)  (267 : 1)  (268 : 3)  (269 : 1)  (270 : 2)  (271 : 1)  (273 : 2)  (274 : 1)  (276 : 1)  (462 : 1)  (466 : 1)  (468 : 2)  (469 : 1)  (470 : 1)  (473 : 1)  (474 : 2)  (475 : 1)  (476 : 1)  (477 : 2)  (479 : 1)  (481 : 1)  (482 : 2)  (484 : 1)  (485 : 1)  (486 : 1)  (487 : 2)  (488 : 2)  (489 : 1)  (491 : 1)  (492 : 1)  (493 : 1)  (495 : 1)  (497 : 1)  (498 : 1)  (503 : 1)  (504 : 2)  (506 : 1)  
testCase Num: 1587
regaular Num: 1553
identify Num: 34
2 0 0 0 0 0 1 9 0 2 0 0 
1 1 0 0 0 1 0 4 3 0 0 1 
0 0 0 0 0 0 3 8 2 1 0 0 
0 0 0 0 0 0 2 1 0 2 0 0 
1 1 1 0 1 0 2 0 4 0 1 0 
2 0 0 0 0 0 3 6 0 0 0 0 
0 0 0 0 0 1 3 8 7 2 0 0 
0 1 0 1 0 0 2 1 9 2 1 1 
2 1 1 0 0 0 0 3 2 2 1 0 
2 0 1 1 0 0 1 4 4 1 0 0 
2 1 0 0 1 0 0 8 8 0 1 0 
0 0 0 0 0 0 2 2 0 0 0 0 
0 0 0 1 0 0 0 9 9 2 1 1 
2 0 1 1 0 0 0 2 9 1 0 0 
1 1 1 1 0 0 0 1 7 1 0 0 
0 1 1 0 0 1 2 3 0 2 0 0 
2 0 0 0 0 0 1 6 6 1 0 1 
2 0 0 0 0 0 2 0 0 1 0 1 
2 0 0 1 0 0 3 2 8 0 0 1 
2 0 0 0 0 0 2 2 3 2 0 0 
0 0 0 0 1 0 0 3 4 0 1 0 
1 1 0 0 0 1 1 6 9 0 1 1 
2 0 0 0 1 1 1 7 9 1 1 0 
0 1 0 0 0 0 3 2 9 1 1 1 
0 0 0 1 1 1 2 7 3 2 0 0 
0 0 0 0 0 0 1 1 7 0 0 0 
0 0 0 0 0 0 1 0 7 2 0 0 
0 0 1 0 1 0 0 0 9 1 1 0 
2 0 0 0 0 0 1 0 8 2 0 0 
0 0 1 0 0 0 1 8 3 0 1 0 
1 1 1 0 0 0 0 5 9 2 1 1 
0 0 0 0 0 0 0 6 2 2 1 0 
2 1 1 1 1 1 2 7 9 2 1 0 
2 0 0 1 1 0 0 0 4 0 0 0 
2 1 1 0 0 0 3 4 1 0 1 0 
2 0 0 0 1 0 1 7 6 2 0 0 
0 1 0 1 1 0 3 8 7 0 1 0 
2 0 1 0 1 0 0 3 5 1 0 1 
2 0 0 0 0 0 3 7 2 0 0 0 
2 1 0 0 1 1 3 9 0 0 1 1 
2 0 0 0 0 0 1 4 3 0 0 0 
0 0 0 0 0 0 3 5 8 0 0 0 
1 1 0 0 1 1 3 4 0 1 0 0 
1 0 1 1 0 1 2 6 8 1 1 0 
1 1 0 1 0 1 1 1 6 2 0 0 
0 1 1 1 0 1 0 3 8 2 1 1 
1 1 1 0 0 1 3 2 6 0 1 1 
2 1 0 0 0 0 3 9 1 2 0 0 
1 0 0 0 0 1 1 4 0 1 1 1 
1 1 0 0 0 0 2 4 7 2 0 1 
0 0 1 0 0 1 2 2 5 2 0 0 
2 0 0 0 0 0 3 3 8 1 1 1 
0 0 0 0 0 0 3 4 8 2 0 0 
0 0 0 0 0 0 0 9 5 1 0 0 
2 0 1 0 0 1 3 6 2 1 1 1 
0 0 0 0 0 0 3 6 1 2 0 0 
0 0 0 0 0 0 0 8 6 2 0 0 
0 1 0 1 0 1 0 0 5 2 0 1 
1 1 1 0 1 0 3 0 6 0 0 1 
0 0 0 0 0 0 1 1 6 1 0 0 
0 0 0 0 0 0 3 7 1 0 0 0 
2 1 0 0 0 0 1 2 5 2 0 1 
0 1 0 0 0 1 0 4 6 0 0 0 
1 0 1 0 0 0 0 6 7 2 1 1 
0 0 0 0 1 0 0 1 0 0 0 1 
1 1 1 1 1 1 3 5 3 2 1 0 
0 0 1 0 1 1 3 9 2 1 0 0 
0 1 1 1 1 0 3 7 2 0 1 1 
1 1 1 0 0 0 0 5 7 0 0 0 
2 1 0 1 0 0 0 7 1 0 0 0 
1 1 1 0 1 1 1 1 9 1 0 0 
2 0 1 0 0 1 0 7 5 1 1 0 
1 1 1 0 0 1 1 5 4 0 1 0 
0 0 1 0 0 0 1 4 1 2 0 0 
0 0 0 0 0 0 0 2 5 2 0 0 
0 0 0 0 0 0 3 0 0 2 0 0 
1 0 0 0 0 0 1 1 4 0 0 0 
2 0 0 0 0 0 2 7 2 2 0 0 
1 0 0 1 0 0 0 2 3 2 1 1 
1 0 0 0 0 1 0 1 4 0 1 1 
2 1 0 1 0 0 1 8 7 2 0 0 
2 0 0 1 0 0 2 9 7 2 0 0 
0 0 1 1 0 0 0 9 4 0 0 0 
0 0 0 1 1 0 0 3 0 2 0 1 
1 1 1 0 1 1 2 0 8 2 1 0 
2 0 0 0 1 0 2 3 1 1 0 1 
0 0 0 1 0 1 3 1 2 2 1 0 
0 0 0 1 0 1 0 3 7 2 1 0 
1 0 1 0 0 0 3 8 7 1 0 1 
2 1 1 1 1 0 3 6 3 2 1 0 
0 0 1 0 0 1 3 9 4 0 0 0 
1 1 1 0 1 0 2 9 7 0 1 0 
1 1 0 1 1 1 1 1 5 2 1 1 
2 0 0 0 0 0 0 6 3 2 0 0 
2 1 0 0 1 0 1 2 1 1 0 1 
1 0 0 1 1 1 3 9 6 2 1 1 
0 0 0 0 0 0 1 7 3 1 0 0 
0 0 0 1 1 1 0 6 8 2 1 1 
2 0 0 1 1 0 0 4 0 1 0 1 
1 1 0 1 0 0 3 6 5 0 0 0 
2 0 1 0 1 1 0 9 4 1 0 1 
1 1 0 0 1 0 2 3 4 2 1 0 
0 0 0 0 0 0 2 0 0 0 0 0 
0 1 0 0 1 1 0 4 8 1 1 1 
2 1 0 1 1 0 0 3 2 1 0 1 
1 0 0 0 1 1 3 7 1 2 0 0 
1 0 1 1 0 0 1 5 8 2 0 1 
0 1 1 0 1 0 3 1 0 0 0 0 
1 1 0 0 1 0 2 4 6 2 0 1 
2 0 0 0 0 0 2 8 4 2 0 0 
2 0 0 0 0 0 0 6 5 0 0 0 
1 0 1 0 0 0 0 5 1 2 1 1 
2 0 0 1 0 0 2 7 5 0 0 0 
2 1 1 0 0 1 1 5 4 1 1 0 
1 1 0 1 0 0 1 6 6 2 1 0 
0 0 0 1 0 0 3 5 4 2 0 0 
1 1 1 1 1 0 3 3 2 0 0 1 
0 1 0 1 0 0 3 7 6 0 0 0 
2 0 0 0 0 1 0 5 3 2 1 1 
2 0 0 0 0 0 0 0 7 1 0 0 
2 0 0 0 0 0 2 1 9 1 0 0 
2 0 0 0 0 1 0 3 0 1 1 1 
0 0 1 1 1 0 2 1 1 2 0 0 
2 0 0 0 1 0 1 7 7 1 0 1 
1 0 1 0 1 0 0 7 1 1 1 0 
0 0 1 1 0 1 2 9 9 2 0 0 
2 0 0 0 0 0 3 4 6 1 1 0 
0 0 0 0 0 0 2 7 1 2 0 0 
0 1 0 0 1 1 1 3 9 0 0 0 
1 1 0 1 0 1 0 3 9 1 0 0 
2 0 0 0 0 0 0 7 7 0 0 0 
2 1 0 0 1 0 3 0 9 1 0 1 
0 0 0 0 1 0 0 2 5 1 1 0 
1 0 0 0 0 0 2 7 6 1 0 0 
1 0 0 1 0 0 1 4 3 1 0 0 
1 0 1 1 0 0 0 5 3 1 1 0 
1 0 0 0 0 0 1 7 4 1 0 0 
0 1 0 1 0 1 0 0 7 0 1 0 
1 0 0 0 0 0 0 4 7 1 1 0 
0 1 1 0 0 1 0 9 9 0 0 0 
1 0 0 0 0 0 2 2 0 1 0 0 
2 0 0 1 0 0 0 0 9 0 0 0 
1 0 1 1 1 1 3 4 2 0 1 0 
1 0 0 0 0 0 1 2 6 0 0 0 
1 1 0 0 0 0 2 0 1 0 0 0 
0 0 0 0 1 1 1 2 6 0 1 0 
1 0 0 0 0 0 3 3 8 0 0 0 
2 1 1 1 0 1 0 3 2 2 1 0 
0 0 0 0 0 0 1 0 9 0 0 0 
1 0 0 0 0 0 3 0 5 1 0 0 
0 0 0 0 0 0 2 5 9 1 1 0 
0 0 1 1 0 0 0 2 5 0 0 0 
1 0 0 0 0 0 0 6 8 0 0 0 
2 0 0 0 0 0 0 6 4 1 0 0 
2 0 1 0 1 0 2 0 2 2 1 1 
0 0 0 0 0 0 0 4 7 0 0 0 
1 0 1 1 1 1 1 4 7 2 0 1 
2 0 0 0 0 0 0 9 9 2 0 0 
0 1 0 1 0 0 0 7 4 0 0 0 
2 1 1 1 0 0 3 6 6 0 0 0 
1 0 0 0 0 0 0 4 6 2 0 0 
1 0 0 0 0 0 3 9 2 0 0 0 
1 0 0 1 0 0 1 7 5 1 1 1 
2 0 0 0 0 0 1 1 4 0 0 0 
2 0 0 0 0 1 2 3 9 0 0 0 
2 0 0 0 1 0 2 1 5 0 0 0 
2 0 0 0 0 0 1 5 8 1 0 0 
0 0 0 0 0 0 2 6 8 0 0 0 
0 1 0 1 1 0 1 5 4 0 1 0 
0 0 1 0 0 0 0 5 6 0 0 0 
2 1 1 0 0 1 1 5 5 0 1 0 
2 0 1 0 0 1 1 5 4 0 1 0 
2 1 1 0 0 0 2 8 2 1 1 1 
2 0 0 0 0 0 3 7 9 0 0 0 
0 0 1 1 0 0 0 6 9 0 0 0 
1 1 1 0 1 1 1 3 3 0 0 1 
1 1 0 0 0 1 0 9 1 1 0 0 
1 0 0 0 0 0 0 9 1 2 0 0 
0 1 0 0 0 1 1 0 8 0 0 0 
0 0 0 0 0 0 0 0 3 0 0 0 
1 0 0 0 0 0 0 5 6 0 0 0 
0 1 0 0 0 0 0 1 5 0 0 0 
0 0 0 1 0 0 0 7 3 0 0 1 
0 1 0 0 0 0 3 5 3 2 0 1 
1 0 0 0 0 1 0 9 0 1 1 0 
1 0 0 0 0 0 3 9 4 2 0 0 
1 0 0 1 1 0 1 7 3 2 1 0 
2 0 0 0 0 1 1 1 3 0 0 0 
1 0 0 1 1 0 2 7 7 0 0 0 
0 0 0 0 0 0 2 2 4 0 0 0 
1 1 1 1 0 1 0 1 1 2 1 1 
2 0 0 0 1 0 1 3 5 2 0 0 
0 0 0 0 0 1 1 9 8 2 1 1 
2 1 1 1 1 0 0 5 0 0 1 0 
0 0 0 0 0 0 3 9 7 2 0 0 
1 0 1 0 0 0 0 3 1 2 1 1 
2 0 0 1 0 0 1 7 2 1 0 0 
0 0 0 0 0 0 3 5 1 0 0 0 
0 1 1 0 0 0 1 3 8 0 1 0 
0 0 1 1 0 0 3 9 5 2 1 0 
0 0 0 0 0 0 1 9 3 1 0 0 
0 1 1 0 0 1 1 5 4 0 1 0 
0 1 1 1 0 0 0 1 6 1 0 1 
2 0 1 0 1 1 2 9 8 2 0 0 
1 1 0 1 1 1 0 9 7 2 0 0 
1 0 0 0 0 1 2 7 2 0 0 1 
2 1 0 0 1 0 1 7 4 0 0 0 
1 1 0 1 1 1 3 9 4 1 1 1 
0 0 0 0 0 0 3 1 7 0 1 0 
1 1 1 0 0 0 0 3 0 0 0 0 
2 0 1 1 1 0 1 9 2 0 1 0 
1 0 1 0 0 0 3 6 9 2 1 0 
0 1 0 0 0 0 2 8 0 2 0 1 
1 1 0 1 0 1 0 5 2 0 1 0 
0 0 0 0 0 0 1 4 7 2 1 0 
2 0 0 0 0 0 3 5 5 1 0 1 
2 0 1 1 0 0 3 9 0 0 0 0 
1 0 0 0 0 1 1 2 3 1 0 0 
2 1 0 1 0 1 2 4 2 0 0 1 
0 0 0 0 0 0 2 5 1 2 0 0 
1 1 0 0 0 1 0 9 5 0 1 1 
1 0 0 0 1 0 2 1 8 0 0 0 
1 1 0 1 0 0 1 5 1 1 1 0 
2 1 1 1 0 0 3 3 9 2 0 1 
0 0 0 0 0 0 2 4 8 0 1 0 
1 0 0 0 0 0 1 2 9 0 1 0 
1 1 0 0 1 1 0 2 4 1 0 0 
0 0 0 1 0 0 2 2 9 0 0 0 
2 0 0 1 0 0 0 3 7 1 0 0 
0 0 0 0 0 0 0 9 1 2 0 0 
0 0 1 0 0 1 3 2 0 1 0 1 
1 0 0 1 0 0 1 7 9 0 0 1 
0 0 0 0 0 1 3 5 8 2 0 1 
0 0 1 0 0 0 0 5 2 1 0 0 
2 0 1 0 1 1 0 6 9 2 0 0 
1 0 0 0 1 0 3 7 8 0 1 1 
1 1 0 1 0 0 0 4 8 2 1 0 
2 1 0 1 0 0 1 6 8 0 1 1 
1 0 0 1 1 0 1 5 4 0 1 0 
1 0 0 1 0 0 1 5 7 2 0 0 
2 1 1 0 1 1 1 5 4 0 1 0 
0 0 1 0 0 0 2 3 6 1 0 0 
0 1 1 0 1 0 0 1 9 0 0 1 
0 0 0 0 0 0 2 6 3 2 0 0 
0 0 1 0 0 1 3 3 2 1 0 0 
1 0 0 0 0 0 3 3 5 0 1 1 
0 0 0 1 0 0 0 2 4 1 0 0 
1 0 0 1 1 0 2 9 3 1 0 0 
0 1 0 1 0 0 0 4 1 0 1 0 
1 0 0 0 0 0 0 2 7 1 1 1 
0 1 1 1 0 0 0 0 4 1 1 0 
0 1 0 1 0 1 3 2 2 1 0 0 
1 1 0 0 0 1 1 6 4 2 1 1 
2 0 0 0 1 0 0 5 4 2 0 1 
0 1 1 1 1 1 2 8 0 0 1 0 
0 0 0 0 0 0 1 6 8 1 0 0 
1 1 1 0 0 1 3 8 2 2 0 1 
0 1 1 1 0 1 3 4 0 0 0 0 
0 0 0 0 0 0 1 2 1 0 1 1 
0 1 0 1 0 1 1 1 3 1 1 0 
2 1 1 1 0 0 1 5 5 2 0 0 
2 0 0 0 0 0 3 3 2 0 1 0 
0 0 0 0 0 0 0 7 9 1 1 0 
0 0 0 0 0 0 2 6 0 1 0 0 
0 0 1 1 0 0 1 6 0 0 1 0 
1 1 0 1 1 1 3 9 5 0 0 0 
2 0 1 0 0 0 1 6 7 0 0 0 
1 0 1 1 0 1 3 4 3 0 1 0 
2 1 0 0 0 0 2 0 9 0 0 0 
2 0 0 0 0 0 0 8 9 0 1 0 
2 0 1 0 0 1 3 5 6 2 1 0 
1 0 1 0 1 0 2 2 8 0 0 1 
1 1 0 0 0 0 1 0 4 2 0 0 
1 1 1 1 0 0 1 1 2 0 0 1 
2 0 0 0 0 0 0 4 7 2 0 0 
1 1 0 1 0 0 3 5 9 1 1 1 
0 0 0 1 1 1 1 7 4 2 0 1 
0 1 0 0 0 1 1 5 6 1 0 1 
0 0 0 0 0 0 3 3 2 2 0 1 
0 0 1 0 0 1 2 8 6 2 0 1 
2 0 1 1 1 1 2 3 3 0 0 0 
1 1 1 1 0 0 1 6 2 0 1 1 
0 0 0 1 0 1 0 7 5 0 0 0 
1 0 1 1 1 1 0 2 7 0 0 0 
1 1 1 1 0 0 2 8 4 0 0 1 
2 0 0 0 0 0 1 0 1 2 0 0 
0 0 0 0 0 1 0 2 2 0 0 1 
2 0 0 1 1 0 3 1 9 0 0 0 
1 1 0 0 0 0 1 7 1 0 0 0 
2 0 1 0 1 0 0 3 9 1 0 0 
2 0 1 1 0 1 1 2 1 2 0 0 
0 0 0 0 0 0 0 5 8 2 0 0 
2 0 0 0 0 0 3 7 6 0 0 1 
0 1 1 0 1 0 1 4 5 0 0 1 
0 0 0 1 0 1 1 6 9 1 0 0 
1 1 1 0 0 1 1 2 8 2 0 0 
0 1 0 0 0 0 0 7 5 1 0 0 
1 1 1 0 0 1 1 8 7 0 0 0 
0 0 0 1 0 0 2 3 3 1 0 0 
0 0 0 0 0 0 0 2 3 1 0 0 
0 0 0 0 0 0 2 6 4 1 0 0 
0 0 0 0 1 0 3 2 4 1 0 0 
1 1 0 0 1 0 1 4 1 0 1 0 
2 1 0 1 1 1 1 2 3 2 0 1 
1 0 0 0 1 0 3 2 0 2 1 0 
2 0 0 0 0 0 0 8 2 0 0 0 
0 0 1 0 0 1 0 7 1 0 0 0 
1 0 0 0 0 0 3 6 7 0 0 1 
2 1 1 0 0 1 0 2 2 2 1 0 
0 0 0 1 1 1 0 7 6 2 0 1 
2 1 1 0 0 0 3 5 1 2 0 0 
1 0 0 1 1 1 2 2 5 2 1 1 
0 1 1 1 1 0 0 7 5 2 0 1 
0 0 1 1 0 1 0 3 9 0 1 1 
1 0 0 0 0 1 3 7 9 2 0 0 
0 0 1 0 1 1 2 2 2 0 1 0 
0 1 0 1 0 0 0 9 0 0 0 1 
1 0 1 0 0 0 0 8 0 2 0 0 
0 0 0 1 0 0 0 7 7 0 1 1 
2 0 0 0 0 0 0 1 3 0 1 0 
0 0 1 1 1 0 0 9 6 1 0 1 
2 0 1 1 0 1 0 1 5 2 0 1 
2 1 1 0 0 1 0 3 2 0 1 0 
1 0 0 0 0 0 3 8 6 1 1 0 
0 1 0 1 1 1 1 4 9 0 1 1 
2 0 1 1 1 0 3 5 6 0 0 1 
1 1 1 1 1 1 3 6 0 0 1 1 
2 0 0 0 0 0 3 4 2 2 0 0 
0 0 1 0 1 1 3 5 9 0 1 0 
1 0 1 0 0 1 0 1 4 1 1 0 
0 0 1 1 0 1 3 4 5 1 1 1 
1 0 1 0 1 0 0 7 8 2 1 0 
2 0 0 0 0 0 1 5 1 0 0 0 
2 0 1 1 1 1 1 8 4 2 1 1 
1 0 0 0 0 0 2 4 8 1 0 1 
0 0 0 1 0 1 2 0 7 0 0 1 
0 1 1 0 0 0 3 7 8 1 0 0 
0 1 1 0 0 1 3 6 3 0 0 0 
2 0 0 0 0 0 1 2 9 1 0 0 
2 0 0 1 0 0 0 7 4 1 1 1 
1 0 0 0 0 0 0 4 1 0 0 1 
2 0 0 0 0 0 2 7 8 0 0 0 
2 0 0 0 0 0 2 4 7 1 0 1 
0 0 0 0 1 0 2 2 7 0 0 0 
0 0 0 1 0 0 3 2 6 1 0 0 
2 0 0 1 0 0 2 1 6 1 0 0 
1 0 1 0 0 1 0 0 2 1 0 1 
1 1 0 0 0 1 1 1 0 0 0 0 
2 0 0 0 0 0 2 1 2 0 0 0 
0 1 1 0 0 1 2 1 7 2 0 0 
1 0 1 0 1 0 1 2 7 2 0 0 
2 0 0 1 0 1 2 6 9 0 1 0 
2 0 1 0 0 0 1 1 5 0 0 0 
1 0 1 0 0 1 1 6 3 2 1 0 
2 0 0 0 1 1 1 8 3 1 1 0 
0 1 1 1 1 0 1 2 4 2 0 0 
0 0 0 0 0 0 2 3 1 2 1 0 
2 0 0 0 0 0 3 9 6 0 1 0 
2 1 0 1 0 0 3 6 7 2 0 0 
0 1 0 0 1 0 0 8 6 1 0 1 
1 0 0 1 0 0 0 3 2 2 1 0 
1 0 0 0 0 0 0 8 5 0 0 0 
1 0 0 0 0 0 2 2 7 2 0 0 
1 1 1 1 0 1 0 7 2 1 0 1 
2 1 0 1 0 0 3 2 0 1 0 0 
0 0 0 0 0 0 0 3 2 0 0 0 
0 0 0 0 0 0 3 1 3 1 0 0 
1 0 0 0 0 1 2 6 0 0 0 0 
0 1 0 1 0 0 0 1 2 1 0 0 
1 0 1 1 0 0 3 9 7 0 0 1 
2 1 1 1 0 1 0 0 1 0 0 1 
0 1 1 0 1 0 1 4 3 2 0 0 
0 0 0 0 0 0 1 7 0 0 0 0 
1 0 0 1 0 0 3 4 6 2 0 0 
1 1 0 1 0 1 0 5 4 2 1 0 
0 1 1 1 1 0 2 3 9 2 0 1 
0 0 0 0 0 0 0 4 3 1 0 0 
0 0 0 1 0 1 3 8 1 1 1 1 
1 0 1 0 0 0 3 9 5 1 0 0 
0 0 1 0 0 1 1 4 3 1 1 1 
0 0 1 0 0 1 0 8 3 0 0 0 
0 0 1 1 1 1 2 4 7 0 1 0 
0 1 1 0 0 1 1 0 0 2 1 1 
2 0 0 0 0 1 1 3 1 2 0 0 
0 0 0 1 0 1 2 6 6 2 0 1 
2 0 1 1 0 1 2 1 0 0 0 1 
0 0 0 0 1 0 3 1 0 2 1 0 
1 0 1 0 1 0 0 3 8 0 0 0 
0 0 0 0 1 0 0 8 2 2 0 0 
2 0 0 0 0 0 2 2 2 0 0 0 
2 1 0 1 1 0 0 6 9 1 1 1 
2 1 0 1 0 1 3 1 6 0 1 0 
2 1 0 0 1 1 1 0 4 1 1 1 
0 0 0 0 0 1 2 1 4 1 0 1 
2 0 0 1 0 1 1 9 6 0 1 0 
0 1 1 0 0 1 2 1 8 2 1 0 
0 0 0 0 1 1 0 5 1 1 0 0 
2 0 0 0 0 0 1 0 7 0 0 0 
0 0 1 0 0 0 0 9 2 0 1 0 
0 0 0 0 0 0 3 6 0 2 0 0 
1 0 0 0 0 0 3 1 9 2 0 0 
2 0 0 0 1 0 2 2 0 1 1 0 
1 0 1 0 1 1 3 9 9 1 0 1 
1 0 0 0 1 0 0 5 2 0 0 1 
0 0 0 0 0 0 2 4 3 0 0 0 
1 0 0 1 0 0 2 0 8 2 0 1 
1 1 1 0 0 0 3 7 9 0 1 1 
0 0 0 0 0 0 3 7 0 0 0 0 
2 0 1 0 0 0 1 8 6 1 1 1 
0 1 1 0 0 0 0 4 1 1 0 0 
2 0 1 1 0 0 2 3 4 0 0 0 
0 0 0 0 0 0 0 3 6 0 0 0 
0 0 0 1 0 1 0 5 6 0 0 0 
1 0 0 0 0 0 1 2 3 0 0 0 
0 0 1 0 0 0 2 7 6 2 0 0 
0 0 1 0 0 0 1 9 6 2 0 0 
0 1 0 0 0 0 1 8 1 1 0 0 
1 0 0 0 0 0 1 5 9 0 0 0 
2 0 0 0 0 0 1 2 0 0 0 0 
0 0 0 1 0 1 2 8 6 1 0 0 
1 0 1 1 0 0 1 6 1 1 0 1 
1 0 0 1 1 0 1 0 1 0 0 0 
2 0 0 0 0 0 0 4 9 0 0 0 
0 0 0 0 1 1 1 4 4 2 1 1 
0 1 0 0 0 0 0 6 7 0 0 1 
1 0 0 0 0 0 2 5 1 1 0 0 
0 1 0 1 1 0 1 9 4 0 1 0 
1 0 1 1 1 0 3 7 4 1 0 1 
0 0 0 0 0 0 1 9 9 0 0 0 
1 0 0 1 0 0 2 9 0 2 1 0 
2 1 0 1 0 0 3 9 2 1 1 1 
0 0 0 0 0 0 2 2 1 2 0 0 
1 0 0 0 1 0 0 6 4 0 0 0 
1 1 0 0 0 0 3 0 3 1 1 0 
2 0 0 0 1 1 3 3 9 2 1 0 
0 0 0 0 0 0 3 8 4 2 0 0 
2 1 1 1 1 0 0 4 3 2 1 0 
1 0 0 0 0 0 2 4 0 0 0 0 
1 1 1 0 1 0 3 2 9 0 0 0 
1 0 0 0 0 1 0 3 6 1 0 0 
1 1 1 1 0 1 0 3 4 0 0 1 
0 0 0 0 0 0 2 8 9 2 0 1 
0 1 0 1 1 0 2 0 6 1 0 0 
0 0 0 0 1 0 3 6 8 0 0 0 
1 0 0 1 0 1 1 2 2 1 1 0 
0 1 1 1 0 0 2 8 7 1 0 1 
0 0 0 0 0 0 3 8 2 0 1 0 
2 0 0 0 0 0 3 2 6 0 0 0 
1 0 0 0 0 0 3 9 0 1 0 0 
0 0 1 0 0 0 0 4 9 2 0 0 
0 0 0 0 0 0 2 6 6 1 0 0 
1 0 1 1 1 1 0 4 9 1 0 0 
1 0 0 0 0 0 1 8 0 0 0 0 
2 0 0 0 1 0 1 7 5 0 0 0 
1 1 1 0 1 0 1 0 3 0 1 1 
2 0 0 1 0 0 2 2 7 0 1 0 
2 0 0 0 0 0 0 9 6 2 0 0 
1 0 0 0 0 1 0 0 4 1 0 0 
0 0 0 1 0 1 3 2 1 0 0 0 
2 0 0 0 0 0 2 9 3 0 0 0 
1 1 0 0 1 1 3 6 2 2 0 0 
0 0 0 0 0 1 1 4 5 2 1 0 
2 1 1 1 0 0 3 5 8 1 1 0 
0 0 1 0 0 1 2 5 7 1 0 0 
2 0 0 0 0 0 2 6 6 0 0 0 
0 0 0 0 0 0 0 0 0 0 0 0 
0 0 0 1 0 0 1 4 6 0 0 0 
0 0 1 0 0 0 0 3 5 0 1 0 
2 1 0 0 1 0 1 1 1 2 0 0 
1 0 0 1 0 0 1 0 5 1 0 0 
1 0 1 0 0 0 1 9 4 1 0 1 
2 0 1 0 0 1 3 4 9 0 0 0 
2 1 1 0 1 1 2 2 7 1 0 1 
2 1 0 1 1 1 2 9 4 0 0 0 
1 1 1 0 1 1 3 0 1 1 1 0 
2 1 0 1 0 1 0 3 1 1 1 0 
1 1 0 0 0 0 1 8 8 2 1 0 
1 1 0 0 0 1 0 7 6 0 1 0 
2 0 1 0 0 1 2 0 1 2 0 0 
2 0 0 0 1 0 0 9 3 0 1 1 
0 1 1 0 1 1 3 6 7 1 0 0 
0 0 1 1 0 1 0 4 6 1 1 1 
2 0 0 1 0 1 3 2 5 1 1 0 
1 0 0 0 1 0 3 1 4 2 0 0 
0 0 0 0 0 0 2 8 2 2 1 0 
1 1 1 0 0 1 3 4 7 0 0 1 
0 0 0 0 0 0 0 2 8 0 0 0 
0 0 0 0 1 0 0 2 6 1 0 1 
0 0 0 0 0 1 2 3 4 1 0 1 
2 0 0 0 0 0 1 5 6 0 1 1 
2 0 0 0 0 0 3 9 3 2 0 0 
0 1 0 0 0 0 1 7 9 2 0 0 
0 1 1 0 0 1 0 3 2 2 1 0 
2 0 0 0 0 0 0 2 0 2 0 0 
2 0 0 0 0 0 3 6 9 1 0 0 
2 0 0 0 0 0 2 0 8 1 0 0 
0 0 0 0 0 0 0 1 8 2 0 0 
2 0 1 1 1 1 0 4 1 2 0 0 
2 0 0 1 1 0 2 4 3 1 1 1 
1 0 0 0 0 0 1 8 4 0 0 0 
0 0 1 1 0 0 1 0 4 0 0 1 
2 0 0 0 0 0 3 2 2 0 0 0 
0 1 1 1 0 0 0 7 0 0 1 1 
1 1 1 0 0 0 2 7 3 0 1 1 
2 0 1 0 1 0 2 3 7 2 1 0 
2 1 1 0 0 0 2 6 0 2 0 1 
0 0 1 1 0 0 1 8 5 0 1 1 
2 0 1 1 0 1 2 0 4 2 0 1 
2 1 1 0 0 1 1 6 4 0 1 0 
0 0 0 0 0 0 2 4 6 1 0 0 
0 0 0 0 0 0 3 4 0 2 0 0 
2 0 0 1 1 0 3 4 7 1 1 0 
1 0 0 0 1 1 2 0 9 1 1 1 
0 0 0 1 1 1 1 5 3 0 1 1 
1 0 0 0 0 0 2 6 4 0 0 0 
2 0 0 0 0 1 2 4 3 2 0 0 
1 0 0 0 0 0 0 6 9 0 0 0 
0 0 0 0 0 0 0 0 6 2 0 0 
0 1 1 1 1 1 3 3 5 0 0 0 
1 1 1 0 0 1 0 6 6 1 0 1 
2 1 1 1 1 1 3 7 7 1 1 0 
0 0 0 1 1 0 2 6 0 2 1 0 
0 1 0 0 0 0 2 8 2 0 1 0 
1 1 0 0 0 0 0 1 1 0 0 0 
0 0 0 0 0 0 1 1 0 1 0 1 
2 0 0 0 0 0 2 3 2 2 0 0 
0 0 0 1 0 0 2 0 5 1 1 0 
0 0 0 0 1 0 2 5 4 0 0 0 
0 0 0 0 0 0 2 7 1 1 0 0 
0 0 0 0 0 0 0 5 9 1 0 0 
2 0 0 1 0 0 3 0 1 0 1 0 
2 0 0 0 0 0 0 9 8 0 0 0 
2 0 0 0 0 0 1 7 1 2 0 0 
0 0 0 0 0 0 2 6 9 2 0 0 
0 0 1 0 0 1 0 1 0 2 1 1 
0 1 1 0 1 1 3 1 3 0 0 0 
2 0 0 0 0 0 1 0 3 0 0 0 
0 0 0 1 1 0 2 3 5 2 1 1 
1 0 0 0 1 0 2 1 9 0 1 0 
0 0 0 1 0 0 0 1 7 2 1 1 
2 1 0 0 1 1 0 2 9 2 1 1 
2 0 0 1 0 1 2 2 0 0 0 0 
1 0 0 1 0 0 2 5 8 1 0 1 
0 0 0 0 1 0 0 7 9 0 0 1 
1 0 1 0 0 0 2 8 3 0 1 1 
1 1 1 1 1 0 2 3 0 1 1 1 
0 0 0 1 1 1 1 0 7 1 1 0 
0 0 0 0 0 0 1 5 4 1 0 0 
1 0 0 1 0 0 1 6 5 2 0 0 
0 0 0 0 1 1 2 7 8 0 0 0 
2 0 0 1 0 0 1 2 7 0 0 0 
2 1 1 0 1 1 1 0 9 2 1 1 
2 0 0 0 0 0 2 3 0 0 0 0 
1 0 0 1 1 1 2 0 0 2 0 0 
1 1 0 0 0 0 3 6 1 0 0 0 
2 1 0 1 0 1 3 2 4 0 1 0 
0 0 0 0 0 0 2 7 9 0 0 0 
0 1 0 0 1 0 2 2 3 1 1 1 
2 1 0 1 1 1 1 8 2 2 0 1 
1 0 0 0 0 0 1 0 6 1 0 0 
0 0 0 0 1 0 0 8 0 0 0 0 
2 1 1 0 0 1 0 7 4 2 0 1 
0 1 0 0 0 0 0 6 0 0 0 0 
2 0 0 0 0 1 0 8 6 0 0 0 
2 0 0 0 1 1 3 8 8 2 1 1 
1 0 0 0 0 0 1 7 2 0 0 0 
1 0 1 1 1 0 0 8 6 0 1 0 
2 0 0 0 0 0 1 2 4 0 0 0 
0 1 0 0 0 1 3 7 4 1 1 0 
2 0 1 0 1 0 1 3 0 0 0 1 
0 1 0 0 0 0 2 2 5 0 0 1 
1 1 0 0 1 0 0 0 0 2 1 1 
0 0 0 0 0 0 1 9 8 1 0 0 
1 0 0 0 0 1 1 1 7 2 0 0 
0 0 0 0 0 0 0 9 3 0 0 0 
1 1 1 0 1 1 1 6 8 2 0 1 
1 1 0 0 1 0 1 9 5 2 0 0 
0 1 0 0 0 0 0 5 0 1 0 0 
0 0 1 0 0 1 2 8 8 2 0 0 
0 0 1 0 0 0 0 5 2 0 0 1 
1 1 0 0 0 1 2 3 3 2 1 1 
2 0 0 0 1 1 2 6 4 0 1 1 
1 0 0 0 0 0 3 7 2 2 0 0 
2 0 0 0 0 0 2 2 8 1 0 0 
1 0 0 0 0 0 0 3 9 2 0 0 
2 0 1 1 1 1 3 1 1 0 0 1 
1 0 1 1 0 0 1 1 9 1 1 1 
1 1 1 1 0 0 0 4 5 0 0 1 
2 0 0 0 0 0 0 9 1 0 0 0 
0 0 0 0 0 0 2 3 8 1 0 0 
1 0 1 1 1 1 2 8 2 0 0 1 
2 1 0 0 1 0 3 7 0 2 1 1 
0 0 1 0 1 0 1 6 4 0 0 0 
0 0 0 1 0 1 2 2 3 0 0 0 
2 0 0 0 0 0 1 4 9 2 0 1 
1 1 0 1 0 1 1 6 7 1 1 0 
0 0 1 0 1 0 0 9 5 0 0 0 
0 0 1 0 0 0 2 1 3 1 0 0 
2 0 1 1 0 1 3 3 6 0 1 0 
1 1 0 1 0 1 0 0 6 0 1 0 
0 0 0 0 0 0 0 2 0 1 0 0 
2 0 0 0 0 0 3 4 3 0 0 0 
1 1 0 1 1 0 1 8 3 1 0 1 
2 0 0 0 0 0 2 6 2 0 0 0 
2 0 0 1 0 1 3 6 4 2 0 0 
0 1 1 1 0 0 1 2 0 2 1 0 
0 1 1 0 0 0 1 9 5 0 1 0 
1 0 0 0 0 0 2 8 0 1 0 0 
1 1 1 1 1 0 3 5 2 1 0 0 
0 1 0 1 1 0 2 2 2 2 0 1 
0 1 0 1 1 1 3 9 9 2 0 0 
0 0 0 0 0 0 0 4 4 1 0 0 
0 0 1 1 0 1 0 5 0 1 1 1 
2 0 0 0 0 0 3 9 9 0 1 0 
0 1 0 1 0 1 2 2 8 0 0 0 
1 0 0 0 0 0 3 0 2 0 0 0 
0 0 0 0 0 0 2 7 4 2 0 0 
2 0 0 0 0 0 1 6 0 0 0 0 
1 1 1 1 1 0 0 5 5 1 0 1 
2 1 1 0 1 0 1 0 2 1 0 0 
1 1 0 1 0 1 0 8 9 2 1 0 
1 1 0 1 0 1 1 2 0 0 0 1 
1 0 0 1 0 0 3 7 5 2 0 0 
1 0 0 0 0 0 2 7 9 1 0 0 
0 1 1 1 1 0 0 5 8 1 1 1 
2 1 0 1 1 1 1 3 8 1 0 0 
2 0 0 0 0 0 0 0 0 2 0 0 
0 0 0 0 0 0 3 1 9 1 0 1 
1 1 0 1 1 1 1 3 0 1 0 0 
0 1 0 1 1 0 1 1 8 0 1 0 
0 0 0 0 0 0 0 1 9 1 0 0 
2 0 0 0 0 0 0 1 0 0 0 0 
2 1 0 0 0 1 1 3 6 2 0 1 
1 0 0 0 0 1 2 8 5 0 0 0 
0 1 0 0 0 0 1 8 5 0 0 0 
1 0 1 0 0 0 3 8 1 0 0 0 
0 1 1 0 0 0 3 4 6 0 0 1 
1 1 0 1 0 0 1 9 6 1 0 0 
0 0 0 0 0 0 2 0 5 2 0 0 
0 0 0 0 0 1 1 6 2 1 0 0 
2 0 0 0 1 0 1 3 3 2 0 1 
0 0 0 0 0 1 2 3 2 0 1 1 
0 0 0 0 0 0 1 3 3 1 1 0 
0 1 0 0 0 0 2 1 0 0 0 0 
0 0 0 0 0 0 1 5 7 1 0 0 
1 1 0 1 0 1 3 9 8 1 0 0 
2 0 0 0 0 0 3 8 9 2 0 0 
1 0 0 0 0 0 3 3 6 2 0 0 
2 0 0 0 0 0 0 9 0 1 0 1 
2 1 0 1 0 1 3 8 0 1 0 1 
2 0 0 0 0 0 3 1 0 1 0 0 
0 0 0 0 1 1 3 5 2 0 0 0 
0 0 1 1 0 1 0 8 2 1 1 1 
0 0 0 0 1 0 1 2 0 1 0 1 
2 0 1 0 1 0 0 7 2 0 0 0 
0 1 0 0 0 0 0 3 5 0 0 1 
0 1 0 0 0 0 3 8 3 1 0 1 
2 1 0 1 0 0 3 3 0 2 0 0 
2 0 1 0 1 0 0 0 6 1 0 0 
1 0 0 1 0 0 0 0 6 2 0 1 
2 1 0 1 0 1 1 9 7 0 1 1 
0 0 0 0 1 1 2 4 2 1 0 0 
0 1 0 0 1 0 0 5 6 2 1 0 
2 1 1 0 0 1 1 4 7 1 0 0 
0 0 1 1 1 1 2 6 1 0 1 1 
0 1 1 0 1 1 1 0 5 0 1 0 
1 0 1 1 1 1 1 7 6 0 1 1 
0 1 1 1 0 1 2 2 6 1 0 0 
1 1 0 0 0 1 2 7 0 1 0 1 
0 0 0 0 0 0 1 1 2 2 0 0 
1 0 0 0 0 0 3 3 4 0 0 0 
0 0 0 0 0 0 3 8 8 1 0 0 
1 0 0 1 1 1 1 0 3 2 0 0 
2 0 1 1 0 1 0 6 0 1 1 1 
2 0 0 0 0 0 3 8 7 0 0 0 
1 1 0 1 0 0 3 4 9 2 1 1 
0 0 1 1 0 0 1 3 4 2 0 0 
0 0 0 0 0 0 2 5 2 0 0 0 
0 0 1 0 1 0 0 4 6 0 0 0 
0 0 0 0 0 0 2 4 0 0 1 1 
0 0 0 0 0 0 0 9 7 0 1 0 
2 1 1 1 0 0 2 2 1 0 0 1 
2 0 0 0 0 1 2 7 0 0 0 1 
2 0 1 1 0 0 0 6 7 1 0 0 
2 0 0 1 1 0 0 0 3 1 0 0 
2 0 1 0 1 0 1 5 7 0 0 0 
0 0 0 0 0 0 1 5 0 1 0 0 
1 1 1 1 1 0 1 5 6 2 0 0 
0 1 1 0 1 1 1 6 6 0 1 0 
1 0 0 0 0 0 1 4 5 2 0 0 
0 0 0 0 1 1 3 4 6 2 1 1 
2 0 0 0 0 0 1 3 9 0 0 0 
1 1 1 0 0 1 3 1 8 0 1 0 
2 1 0 1 1 0 0 8 3 0 0 1 
2 1 0 0 0 1 2 8 3 1 0 0 
2 0 0 0 1 1 2 9 1 2 1 1 
2 0 0 0 0 0 1 4 0 0 0 0 
1 0 1 0 1 0 0 9 0 2 0 1 
2 0 0 0 0 0 3 7 5 0 0 0 
0 1 0 0 0 0 0 8 7 0 0 1 
1 0 1 0 1 1 2 2 9 0 1 1 
2 0 0 1 1 0 3 0 6 2 0 0 
2 0 0 0 0 0 0 4 8 2 0 0 
0 1 1 0 1 0 2 5 9 0 0 1 
1 0 0 0 0 0 3 3 3 1 0 0 
1 0 1 0 0 1 0 4 8 0 0 1 
0 0 0 1 1 0 1 8 0 1 0 0 
2 0 0 0 0 0 3 6 5 2 0 0 
0 1 1 1 0 1 1 9 0 1 0 0 
1 1 0 1 1 1 2 3 6 0 1 1 
2 1 0 1 0 1 2 2 8 2 1 0 
2 0 0 0 0 0 0 1 3 1 0 0 
0 0 0 0 0 0 3 8 9 0 0 0 
0 1 1 0 0 1 1 0 1 2 1 1 
1 0 0 0 0 0 2 8 1 0 0 0 
0 0 0 0 1 1 3 7 5 1 1 1 
0 1 0 1 0 0 0 0 2 0 1 0 
1 0 0 0 0 0 3 6 6 0 1 1 
1 1 1 0 1 1 0 8 1 1 0 0 
1 1 1 0 1 0 2 6 6 2 1 0 
0 0 0 0 1 0 1 5 9 2 0 0 
0 1 1 0 1 0 2 9 4 2 1 1 
1 0 0 0 0 0 1 9 1 1 1 0 
2 1 1 0 0 1 1 5 9 1 1 0 
0 0 1 1 0 1 2 5 2 2 1 0 
1 0 0 1 1 1 0 1 8 1 1 0 
0 0 1 0 0 1 3 0 6 1 1 1 
2 0 0 0 0 0 0 7 3 2 0 0 
0 0 0 0 0 0 1 6 1 2 1 0 
0 0 0 1 0 1 3 9 3 0 1 0 
1 0 1 0 1 0 3 8 0 0 0 0 
0 1 1 0 0 0 2 1 6 0 1 0 
2 1 0 0 0 1 1 5 4 0 1 0 
0 0 1 0 1 0 1 3 1 1 1 0 
0 0 1 0 0 0 3 0 7 0 1 0 
2 1 0 0 0 0 0 8 1 0 1 1 
2 0 0 1 1 1 1 4 1 1 0 1 
0 0 0 0 0 0 3 0 3 2 0 0 
0 0 1 0 0 1 2 5 8 0 1 0 
0 0 1 0 0 0 1 2 3 2 1 0 
1 0 0 1 0 0 0 0 8 0 0 0 
0 0 0 0 0 1 1 0 4 2 1 0 
0 1 0 0 0 0 1 2 6 2 0 0 
2 1 0 0 0 0 2 3 5 0 1 0 
1 1 0 0 0 0 0 0 9 2 0 0 
0 0 1 0 1 1 3 2 8 2 1 0 
1 0 0 0 0 0 2 0 6 2 1 0 
2 0 0 1 1 0 1 6 5 1 1 0 
1 1 1 1 0 1 3 1 7 0 1 0 
0 0 0 0 0 0 3 3 5 2 0 0 
2 0 0 0 0 1 0 0 2 0 0 1 
2 0 0 1 0 1 3 2 9 0 0 0 
1 0 0 0 1 0 1 0 8 1 1 0 
0 0 1 0 0 0 0 8 3 1 1 0 
0 1 1 1 1 1 1 8 8 1 1 0 
0 0 0 1 0 0 1 2 8 1 0 1 
0 0 0 0 0 0 0 5 3 0 0 0 
1 0 1 0 0 1 2 7 8 1 0 1 
1 0 0 0 0 1 3 0 8 1 0 1 
0 1 0 0 1 0 0 0 8 1 0 1 
1 0 1 1 0 1 2 4 6 0 1 0 
2 0 0 0 1 1 1 8 5 2 0 1 
0 0 0 0 0 0 3 9 2 2 0 0 
1 0 1 1 1 0 2 8 9 0 1 0 
0 0 0 0 0 0 3 0 1 0 0 0 
0 0 0 0 0 0 1 5 8 0 0 0 
1 1 0 0 0 0 1 9 0 0 0 1 
2 0 0 0 0 0 3 9 5 0 0 1 
1 0 0 0 0 1 0 0 7 2 0 0 
0 0 0 0 0 0 3 4 7 2 0 0 
0 0 0 0 0 0 1 0 2 0 0 0 
2 0 1 0 0 0 0 7 9 2 0 1 
1 0 0 0 0 0 1 5 5 0 0 0 
0 1 0 0 0 1 3 0 2 1 0 1 
0 0 0 1 1 0 0 3 1 0 0 0 
2 0 0 1 1 1 3 5 1 2 1 1 
1 1 0 1 0 0 3 1 3 2 1 0 
2 0 0 0 1 1 0 4 5 0 1 0 
0 0 0 0 1 0 0 6 3 1 1 0 
1 0 1 0 0 0 3 1 6 0 0 0 
0 0 1 0 0 0 1 7 7 0 0 0 
2 0 0 0 1 1 2 5 5 1 1 0 
2 0 0 0 0 0 2 5 7 0 0 0 
1 0 0 0 1 0 3 0 7 1 0 0 
2 1 1 0 1 1 0 3 2 2 1 0 
0 0 0 0 0 0 0 6 1 1 0 0 
0 1 0 1 0 0 1 3 9 2 1 0 
0 0 0 0 0 0 2 5 6 2 0 1 
0 1 0 0 0 0 1 3 5 1 1 0 
0 0 1 0 0 1 0 1 6 0 0 0 
2 0 0 0 0 0 2 8 0 0 0 0 
2 1 1 1 0 1 1 5 4 0 1 0 
2 1 0 1 1 0 0 4 6 1 0 0 
0 0 0 1 0 0 3 6 2 0 0 1 
2 0 1 0 0 1 1 4 6 2 0 1 
1 0 0 0 0 0 1 2 4 0 0 0 
0 0 0 0 0 0 2 9 0 1 0 0 
1 0 0 1 0 1 3 0 4 0 0 1 
0 0 1 0 1 0 2 4 9 0 0 0 
0 0 0 0 0 0 2 4 4 2 0 0 
2 0 0 0 0 0 3 3 7 0 0 0 
1 0 0 0 0 0 3 4 3 2 0 1 
2 1 0 0 0 0 2 2 9 2 0 0 
0 1 1 0 1 0 3 9 3 0 0 1 
0 0 0 1 1 0 2 2 1 1 0 0 
2 1 1 0 0 1 1 7 3 0 0 1 
0 0 0 0 1 0 0 1 1 1 0 0 
1 0 0 0 1 0 1 7 8 1 1 1 
2 0 0 0 1 1 1 8 1 2 0 0 
2 0 1 1 0 0 0 7 6 1 0 0 
2 1 1 0 0 1 0 3 6 2 1 0 
1 1 1 1 0 1 3 4 4 2 1 0 
1 0 1 0 1 1 1 9 3 2 1 1 
0 0 0 0 0 0 0 7 3 1 0 0 
0 0 0 0 0 1 0 4 2 2 1 1 
2 0 0 0 1 0 1 0 5 2 0 0 
2 0 0 0 0 0 0 3 8 0 0 0 
1 0 0 0 0 0 3 7 7 0 0 0 
0 0 0 0 0 0 1 4 2 2 0 0 
2 0 0 0 0 0 2 9 2 0 0 0 
2 1 0 0 0 0 0 9 2 0 0 1 
0 0 0 0 0 0 1 6 3 1 0 0 
2 1 0 0 0 0 1 8 4 2 0 0 
1 0 0 0 0 0 0 1 0 0 0 0 
0 1 1 0 1 1 1 9 1 0 0 1 
0 0 0 0 0 0 1 3 0 2 1 0 
2 0 0 0 0 0 3 9 4 0 0 0 
2 0 0 1 0 0 1 4 5 1 1 0 
2 0 0 0 0 1 1 9 4 2 0 0 
1 0 1 0 1 0 2 1 2 2 0 0 
1 1 0 0 0 0 3 2 5 0 0 0 
0 1 1 1 1 0 0 2 1 2 1 0 
2 0 1 1 1 1 1 0 0 0 1 1 
0 0 0 0 0 1 3 6 5 2 1 1 
1 0 0 0 0 0 1 4 8 0 0 0 
1 0 1 0 0 1 3 6 8 0 1 0 
2 1 0 1 1 0 3 1 2 2 0 1 
1 0 0 0 1 1 2 8 8 0 0 1 
1 0 0 0 0 1 0 8 3 2 0 0 
0 1 1 0 0 0 3 9 6 2 0 0 
1 0 1 0 1 0 0 3 7 0 0 0 
0 0 1 0 1 0 0 0 7 1 0 1 
1 0 0 0 0 0 0 7 7 1 0 0 
0 1 0 0 1 1 3 8 1 2 0 0 
2 0 0 1 1 0 3 8 2 0 0 0 
1 0 0 0 0 0 2 7 5 0 0 0 
0 0 0 0 0 0 0 4 0 2 1 0 
1 0 0 0 0 0 1 9 2 1 0 0 
1 1 0 0 0 1 2 1 5 2 0 0 
2 1 0 0 1 0 0 4 4 2 1 1 
2 1 1 0 1 0 3 2 5 0 0 1 
2 0 1 0 0 0 2 4 4 0 0 0 
1 0 0 0 1 1 0 6 7 0 0 0 
0 0 0 1 1 1 2 8 3 2 0 1 
0 0 0 0 0 0 2 7 7 1 0 0 
2 1 0 1 0 1 3 0 7 2 1 1 
0 1 0 0 1 0 0 7 3 0 0 0 
2 0 0 0 0 0 1 1 6 0 1 1 
1 0 0 0 1 1 0 1 3 2 0 0 
0 0 0 1 0 0 1 5 7 0 1 1 
2 1 1 1 0 0 3 7 1 2 0 1 
2 0 1 0 1 0 2 1 4 0 1 0 
2 1 0 0 1 1 2 7 6 1 1 1 
2 1 0 0 1 1 1 6 1 2 0 0 
0 1 0 0 1 0 3 3 7 2 1 1 
2 0 1 1 0 0 2 8 1 1 0 0 
0 1 0 1 0 0 0 5 9 0 0 0 
1 1 0 0 1 1 2 5 6 0 0 1 
0 0 1 0 0 1 1 5 3 2 0 0 
1 0 0 0 0 0 1 3 6 0 0 0 
2 0 1 0 1 0 2 2 6 0 0 0 
2 1 1 1 0 0 1 5 0 2 0 1 
1 1 1 1 1 1 0 2 8 1 1 1 
2 1 1 1 0 0 2 9 8 0 1 1 
0 0 0 1 0 0 1 3 1 2 0 1 
1 0 0 0 0 0 2 5 3 2 0 0 
2 1 0 0 0 1 3 1 5 1 1 0 
0 0 1 0 0 0 3 3 3 0 0 0 
2 1 0 1 1 1 3 4 8 0 0 1 
0 0 1 1 0 0 2 0 9 2 0 0 
1 0 0 0 1 1 1 0 5 0 0 1 
0 1 0 1 1 0 2 8 5 2 0 1 
0 1 1 1 0 1 2 5 4 1 0 1 
0 1 0 0 1 0 2 4 4 1 1 0 
2 1 0 0 0 0 2 9 5 1 1 0 
2 1 0 1 0 1 1 4 8 1 1 0 
2 1 1 0 0 1 3 1 9 1 1 0 
0 0 0 0 0 0 3 9 6 1 0 0 
1 0 0 0 0 0 0 5 8 0 0 0 
2 1 0 0 1 0 0 6 2 0 1 1 
0 0 0 1 1 0 1 3 2 0 0 0 
1 0 1 1 1 1 0 7 3 1 1 1 
1 1 0 0 0 1 0 3 5 2 1 0 
1 1 0 0 1 0 3 2 6 2 0 0 
1 1 0 0 0 0 3 2 8 1 0 0 
1 0 0 0 0 0 0 7 0 1 1 0 
2 0 0 0 0 0 2 1 8 0 1 0 
2 0 0 0 0 0 3 5 7 0 0 0 
1 1 0 0 0 0 1 2 7 1 0 0 
2 0 1 0 0 1 2 3 8 0 0 0 
1 1 1 0 1 0 1 3 4 2 1 1 
2 0 0 0 0 1 3 4 4 0 0 1 
2 0 0 0 0 0 0 4 2 1 0 0 
0 0 0 0 0 0 3 2 7 1 0 0 
1 1 1 0 1 0 3 6 4 1 0 1 
2 0 0 0 0 0 2 5 4 1 1 0 
2 1 1 0 0 0 1 5 4 0 1 0 
0 0 0 1 1 0 2 0 1 1 1 1 
0 0 0 0 0 0 1 2 2 2 0 1 
0 0 0 0 0 0 3 0 9 2 0 0 
1 0 1 0 1 0 0 8 4 2 0 0 
1 1 0 1 1 0 2 9 9 0 1 1 
0 0 1 1 0 0 2 1 2 0 0 0 
2 0 1 0 0 0 3 2 1 1 1 1 
0 1 1 1 1 0 2 5 7 2 0 1 
1 0 0 0 1 0 0 8 9 0 0 1 
0 0 0 0 0 0 1 7 8 2 0 0 
2 1 0 0 1 1 2 7 5 2 1 1 
1 1 0 0 0 0 3 5 0 0 0 1 
1 0 0 0 1 0 2 5 2 2 0 0 
0 0 1 1 0 1 3 8 4 1 0 0 
1 1 0 0 1 1 1 5 8 0 1 0 
0 0 1 1 0 0 0 5 9 0 0 0 
0 0 0 0 0 0 0 6 9 0 1 1 
2 1 1 1 1 0 3 4 5 2 0 0 
2 0 1 0 0 1 1 5 2 0 0 0 
2 0 0 0 1 0 0 0 5 0 0 0 
2 0 0 0 0 0 0 7 8 1 0 0 
0 0 0 0 0 0 1 8 8 0 0 0 
2 0 0 0 0 0 3 5 9 2 0 0 
0 0 0 0 0 0 3 3 9 1 0 1 
2 1 0 1 1 1 3 3 4 2 1 0 
2 1 0 1 0 0 2 5 3 0 0 1 
0 0 0 0 0 1 3 1 8 0 0 1 
1 1 1 1 1 0 0 4 2 2 0 0 
1 0 0 0 0 1 1 3 7 1 1 1 
1 1 0 0 0 1 2 1 2 1 1 1 
0 1 0 0 1 0 0 9 2 2 0 0 
0 0 0 1 0 0 0 7 1 0 1 0 
1 0 0 0 0 0 3 9 3 1 0 0 
0 1 0 1 0 1 3 9 7 0 0 0 
0 0 0 0 0 0 2 8 1 2 0 1 
2 1 1 1 1 0 1 2 2 0 0 0 
2 1 0 0 0 1 0 3 2 2 1 0 
1 1 1 0 1 0 2 8 5 2 1 0 
1 0 0 0 0 1 0 1 2 0 0 1 
2 0 1 1 1 0 1 1 0 0 1 0 
0 0 0 1 1 0 0 7 2 2 1 0 
0 1 1 1 1 0 1 3 7 0 1 0 
1 1 1 0 0 1 0 3 2 2 1 0 
0 0 0 0 0 0 3 8 5 0 0 0 
2 0 0 0 0 0 2 6 5 2 0 0 
0 0 0 0 1 0 0 0 2 2 0 0 
0 0 0 0 1 0 0 2 4 0 1 1 
2 1 1 0 0 0 0 1 8 1 0 1 
0 0 1 0 0 0 0 8 9 1 0 0 
0 0 0 0 1 1 3 1 6 1 0 0 
1 0 0 0 0 1 0 8 0 1 0 0 
2 1 1 0 1 0 3 9 7 1 1 0 
0 1 1 1 0 1 3 6 1 1 0 1 
0 0 0 1 0 0 0 5 1 0 0 0 
0 1 1 0 0 1 2 8 9 1 0 0 
1 0 0 0 0 0 0 2 2 0 0 0 
0 1 1 0 0 1 1 2 7 0 1 1 
2 0 0 1 0 0 3 0 2 0 0 0 
0 1 0 0 1 0 2 6 8 1 0 1 
1 0 1 0 0 0 2 9 6 0 0 0 
0 0 0 0 0 1 3 8 5 2 0 0 
2 1 1 0 0 0 2 4 8 0 0 0 
0 0 0 0 0 1 0 7 1 2 1 1 
0 0 1 1 1 0 3 1 5 2 0 1 
2 0 0 0 0 0 2 6 3 0 0 1 
0 0 0 0 0 0 2 9 3 2 0 0 
0 0 0 0 0 0 0 2 7 2 0 0 
0 0 0 0 0 0 1 5 4 2 0 1 
0 0 0 0 0 0 1 1 9 0 0 0 
2 0 0 0 0 0 3 6 8 1 0 0 
0 1 0 0 0 0 1 7 6 0 0 1 
0 1 0 1 0 1 0 8 5 1 0 0 
1 1 0 1 1 1 1 2 9 2 0 0 
1 0 0 0 0 0 3 6 0 1 0 0 
1 1 0 1 0 0 2 1 4 2 0 0 
0 1 0 0 0 1 1 3 1 0 0 1 
2 0 0 0 0 0 1 6 9 0 0 0 
1 1 1 0 0 1 2 4 1 2 1 1 
1 0 0 0 0 0 0 0 1 1 0 0 
0 0 0 0 1 0 1 9 0 1 1 0 
1 1 0 1 1 1 0 6 1 0 1 0 
1 0 0 1 0 0 1 3 3 0 1 0 
1 0 1 0 0 0 1 3 9 1 0 1 
0 0 0 0 0 0 3 1 8 1 0 0 
0 0 0 0 0 0 0 5 4 0 0 1 
0 0 0 0 0 1 0 5 9 0 0 1 
0 0 0 1 0 0 0 3 5 0 0 0 
0 1 1 0 0 1 2 9 3 1 1 1 
0 0 0 0 0 1 0 2 6 2 0 0 
0 0 0 0 0 0 1 1 3 2 0 0 
1 0 0 1 0 0 2 2 6 2 1 1 
1 0 0 0 1 0 3 1 1 1 0 0 
2 0 0 0 0 0 2 4 1 2 0 0 
0 0 0 0 1 0 0 9 7 0 0 1 
0 0 0 0 0 0 2 1 6 2 0 0 
0 0 0 0 0 0 3 6 4 0 1 0 
0 0 0 0 0 0 1 7 0 2 0 1 
1 0 1 0 0 0 2 5 4 2 0 0 
2 0 1 0 0 1 2 0 6 0 0 1 
0 0 0 0 0 0 0 7 8 0 0 0 
2 1 0 1 0 0 2 9 6 2 0 1 
2 0 0 0 0 1 3 2 3 0 1 0 
0 0 0 0 0 0 1 3 5 0 0 0 
1 1 1 1 0 0 0 8 0 1 1 1 
2 0 0 0 0 0 0 7 0 2 0 0 
2 1 0 0 0 1 2 5 1 0 0 0 
2 0 1 0 1 1 3 3 1 0 1 1 
1 0 0 1 0 1 3 1 0 2 0 1 
0 1 0 0 0 0 3 3 6 0 0 0 
2 0 0 1 0 0 0 9 5 2 0 0 
1 0 0 0 0 1 0 6 5 0 1 0 
0 0 0 1 0 1 2 9 1 0 1 0 
1 1 1 0 1 1 3 7 5 0 0 0 
2 0 0 0 0 0 0 5 5 0 0 1 
2 0 0 0 0 0 0 8 0 0 0 0 
2 0 0 0 0 1 3 5 0 2 0 0 
0 0 0 1 0 0 1 6 3 2 0 1 
1 1 1 0 0 0 3 7 6 2 0 0 
1 1 0 0 1 1 3 5 7 1 0 1 
2 0 0 0 0 0 1 9 3 0 0 0 
2 0 0 0 0 0 2 1 7 1 0 1 
1 0 0 0 0 0 2 6 7 0 0 0 
0 1 0 1 1 1 0 0 9 2 0 1 
1 0 1 0 0 0 1 9 9 2 0 0 
1 0 0 1 0 0 3 4 1 1 0 1 
1 0 0 0 0 1 2 1 3 0 1 1 
0 0 1 1 1 1 3 6 6 1 0 0 
0 0 1 0 0 0 0 5 4 1 0 0 
2 0 0 0 0 0 1 1 2 1 1 0 
1 0 1 0 1 1 3 8 3 0 0 0 
0 0 1 0 0 1 2 1 9 2 0 0 
1 0 1 0 1 0 2 9 5 0 1 0 
1 1 0 0 1 1 0 7 9 0 0 0 
0 1 1 1 1 0 0 1 4 0 0 0 
1 0 0 0 0 0 3 1 2 1 0 0 
2 0 0 0 1 0 0 6 6 0 1 1 
0 0 1 0 1 0 0 6 2 0 0 0 
0 0 0 0 1 1 0 4 3 0 0 0 
1 1 1 1 0 1 0 6 3 0 0 1 
1 0 1 1 0 0 2 5 6 1 1 0 
0 0 0 0 0 0 3 3 1 1 0 0 
2 1 0 1 0 1 2 6 7 0 0 0 
1 0 0 0 0 0 1 1 9 0 0 0 
2 0 1 0 0 1 0 2 4 2 0 0 
0 0 1 0 1 0 0 0 1 0 0 0 
0 0 0 0 0 0 1 6 9 2 0 0 
2 0 0 0 1 0 3 7 3 0 1 0 
1 0 0 1 1 1 0 9 2 1 1 1 
0 1 0 1 0 0 1 9 3 2 0 0 
1 0 1 0 0 1 0 8 8 1 0 1 
1 0 1 1 0 1 1 3 5 1 0 1 
2 1 0 0 1 1 0 1 6 0 0 0 
0 0 0 0 0 0 0 4 5 1 0 0 
2 1 0 1 0 1 0 5 8 0 0 1 
2 1 1 0 0 1 0 3 2 2 1 0 
2 1 1 0 0 1 0 3 2 2 1 1 
2 0 1 0 0 1 2 4 5 2 0 1 
0 0 1 0 1 0 1 8 9 2 1 0 
0 0 0 0 0 0 0 9 1 0 0 0 
0 0 0 0 0 0 3 8 8 0 0 1 
2 0 0 0 0 0 2 9 9 1 0 0 
2 0 0 0 0 1 3 0 3 0 0 0 
1 0 0 0 0 0 1 3 1 1 0 0 
0 1 0 0 0 0 1 4 0 0 0 0 
1 0 0 0 0 0 3 4 5 0 0 0 
2 0 0 0 0 0 3 9 8 0 0 0 
1 0 0 0 1 0 2 3 9 1 1 0 
1 1 1 1 1 1 1 0 6 2 0 0 
1 0 0 1 0 0 3 3 0 0 1 0 
2 1 0 0 0 1 2 7 1 0 1 0 
0 0 0 0 0 0 3 2 0 0 0 0 
2 0 0 0 0 0 0 9 1 1 0 0 
2 1 1 0 0 1 0 3 2 2 0 0 
2 0 0 0 0 1 2 7 7 1 1 0 
1 0 1 1 1 1 2 0 2 0 0 0 
0 0 0 0 0 0 3 6 6 2 0 0 
0 1 0 0 0 1 2 8 4 1 1 0 
1 0 0 0 1 0 3 2 2 2 1 0 
2 0 0 0 0 0 0 1 1 0 0 0 
0 0 0 1 0 0 2 1 8 1 0 1 
0 0 1 0 1 1 1 6 7 2 0 1 
1 0 1 1 0 1 2 6 2 2 0 1 
0 1 1 0 1 1 1 1 7 1 0 1 
2 1 1 0 0 0 0 2 6 2 1 0 
1 0 0 1 0 0 1 2 1 0 0 0 
2 1 1 0 1 0 0 2 3 0 0 1 
2 1 0 0 0 1 1 5 7 2 0 0 
2 0 1 1 1 1 1 9 5 1 0 1 
0 0 1 1 1 0 2 1 5 0 1 1 
0 0 0 0 0 0 2 2 9 1 0 0 
2 1 1 0 0 1 1 7 2 2 1 1 
2 0 0 0 0 1 3 0 5 2 0 0 
1 0 1 0 0 1 2 2 1 1 1 1 
1 1 1 0 0 0 0 0 5 2 1 0 
1 1 0 0 0 0 1 4 4 0 1 0 
1 1 0 1 0 1 1 7 0 0 1 0 
1 1 0 1 1 1 3 6 9 2 0 1 
0 0 0 1 1 0 0 9 8 0 0 0 
2 0 0 0 0 0 3 5 2 2 1 1 
2 0 0 0 0 0 3 8 6 0 0 0 
0 0 0 1 1 0 1 6 7 0 0 1 
0 0 0 0 1 0 1 4 6 0 0 0 
0 0 1 0 0 0 3 5 3 0 0 0 
0 0 0 0 0 0 0 1 2 2 0 0 
2 0 0 0 0 0 2 2 5 1 0 0 
2 0 0 0 0 0 3 7 4 0 0 0 
1 0 0 0 0 0 0 7 5 0 0 0 
1 0 0 1 1 1 3 5 5 0 1 0 
0 0 1 0 0 1 2 0 3 2 1 0 
2 1 1 0 1 1 2 2 0 2 0 1 
0 1 1 0 1 0 3 8 4 0 1 1 
1 1 0 1 0 1 2 3 8 0 0 1 
0 0 1 1 0 0 3 5 7 1 1 0 
0 1 0 0 1 0 0 7 7 0 0 1 
0 0 0 1 0 0 0 7 8 1 0 0 
1 0 1 0 0 0 0 3 8 1 0 0 
0 1 1 0 0 0 0 7 3 2 1 0 
1 0 1 0 1 0 0 3 6 2 0 1 
1 0 0 0 0 0 2 1 7 0 0 0 
1 1 1 0 1 0 2 4 3 0 0 0 
0 0 0 1 0 0 0 6 6 1 1 0 
0 0 1 0 1 0 1 9 7 2 1 0 
2 0 1 0 0 0 3 1 6 2 0 1 
0 0 0 0 0 0 0 7 6 2 1 0 
1 0 1 1 1 0 0 9 1 1 1 1 
1 0 1 0 1 1 1 2 5 0 1 0 
0 0 0 0 1 0 1 4 8 2 0 1 
2 0 0 0 0 0 3 5 3 1 0 0 
1 1 1 1 0 1 1 7 8 0 0 0 
2 0 1 0 1 1 2 5 3 1 0 0 
1 1 1 1 0 1 2 5 0 2 1 0 
0 0 0 0 1 1 3 0 0 1 1 1 
1 1 0 0 1 0 1 4 2 1 1 1 
0 0 0 0 0 1 1 8 2 0 0 0 
0 1 0 1 1 0 3 7 9 1 0 0 
0 0 0 1 1 0 1 1 4 1 0 0 
0 0 0 0 0 1 2 9 6 1 1 0 
0 0 0 0 1 1 3 7 6 1 1 0 
0 0 0 0 0 0 0 0 9 0 0 0 
0 1 1 1 0 0 3 6 8 2 0 1 
0 0 0 1 1 0 2 5 1 0 1 0 
1 1 1 0 0 0 2 0 0 0 1 0 
0 0 0 0 0 0 0 6 5 1 0 0 
2 1 1 1 1 1 0 7 8 0 1 1 
1 0 0 1 0 1 1 3 4 1 0 0 
0 0 0 0 0 0 1 3 7 2 0 0 
2 0 1 0 0 1 0 3 2 2 1 0 
1 0 0 0 1 0 2 0 3 1 0 0 
1 0 0 0 0 0 2 0 5 0 0 0 
0 1 0 0 0 1 0 2 0 0 1 1 
0 0 0 1 1 1 2 4 1 0 1 1 
0 0 0 0 1 1 1 1 2 0 0 1 
0 0 0 1 0 0 0 7 9 0 0 0 
0 1 1 0 0 0 2 7 2 0 0 0 
0 0 0 0 0 1 1 2 4 1 1 1 
2 0 1 0 1 1 0 8 5 0 1 1 
2 0 0 1 0 0 3 1 8 0 0 0 
0 0 1 1 0 1 0 6 2 0 0 0 
1 1 1 0 0 0 2 2 4 0 0 1 
2 1 0 0 0 1 0 9 3 1 1 0 
0 0 0 0 0 0 0 4 2 0 0 0 
2 0 1 0 0 1 3 1 2 0 1 0 
0 0 0 1 0 0 2 8 8 0 0 0 
0 0 0 0 0 0 0 2 1 1 0 0 
1 0 0 0 1 1 0 5 9 0 0 0 
2 0 0 0 0 0 1 5 3 0 0 0 
0 1 0 1 0 0 0 6 7 0 1 0 
1 0 1 0 1 0 2 1 0 1 1 0 
2 0 1 0 1 0 2 0 7 2 0 0 
0 1 0 0 1 0 3 3 4 1 0 0 
0 0 0 1 1 0 0 3 2 2 1 0 
2 0 0 0 0 0 1 6 4 1 0 0 
2 0 0 0 0 0 2 4 6 0 0 0 
2 0 0 0 0 0 0 5 9 0 0 0 
0 1 0 1 0 0 2 7 8 2 1 1 
2 1 0 0 0 1 0 3 7 0 0 1 
2 0 0 0 0 0 2 3 6 2 0 0 
2 0 0 1 1 1 0 6 0 2 0 0 
0 1 1 1 1 0 3 0 8 0 1 1 
0 1 0 1 1 1 1 7 1 1 0 0 
1 0 1 1 1 1 1 5 1 0 0 0 
0 1 1 0 0 0 3 5 5 2 0 0 
0 0 0 1 0 0 2 7 6 0 1 0 
2 1 1 0 0 0 2 8 8 1 1 1 
0 0 0 0 0 0 1 4 7 0 0 0 
2 0 1 1 0 0 1 1 7 1 1 0 
0 0 0 1 1 1 0 5 5 2 1 0 
0 0 0 1 0 1 3 3 3 2 0 1 
1 0 0 1 0 1 3 1 5 0 0 0 
2 0 0 0 1 1 1 8 0 2 1 0 
0 0 0 1 0 0 0 8 8 2 0 0 
1 0 0 0 0 0 1 6 0 2 0 0 
0 0 1 1 0 1 0 7 7 0 1 0 
2 0 0 0 0 0 0 2 7 0 0 0 
0 0 1 1 0 0 1 4 2 1 0 0 
2 1 1 0 1 1 2 0 5 1 0 1 
2 0 1 1 0 0 1 9 1 2 0 0 
2 0 0 1 1 0 2 2 4 2 1 0 
1 1 1 0 1 0 2 7 4 0 1 0 
1 0 1 0 1 0 3 4 8 1 1 0 
0 0 0 0 0 0 0 8 5 2 0 0 
0 0 0 0 0 0 0 3 7 1 0 0 
2 0 0 0 0 0 1 8 9 1 0 0 
2 0 0 1 0 0 2 7 3 1 0 0 
2 0 0 0 0 0 3 8 4 1 0 0 
1 0 1 0 1 0 0 1 5 1 1 0 
1 0 0 0 1 1 2 8 7 2 1 1 
0 0 0 0 0 0 0 0 4 2 0 1 
0 0 1 1 1 1 2 4 8 2 0 0 
0 0 0 0 0 0 0 4 9 1 1 1 
0 0 0 0 0 0 3 2 5 2 0 0 
1 1 1 1 1 0 2 3 2 1 0 0 
2 1 1 0 0 1 0 0 3 2 0 1 
1 0 1 1 0 1 3 3 7 1 0 0 
0 0 0 1 0 0 3 3 8 0 0 0 
1 0 1 1 1 0 2 7 1 0 0 1 
2 0 1 0 0 1 1 9 2 2 1 1 
2 1 1 0 1 1 3 8 9 0 0 1 
2 0 0 0 0 0 1 1 9 2 0 0 
0 0 0 1 0 0 0 2 9 0 1 1 
2 0 1 0 0 0 3 3 4 1 1 1 
2 0 0 1 1 1 0 5 7 1 1 1 
0 1 0 1 1 0 3 4 3 1 0 0 
0 0 1 0 0 0 1 7 4 2 1 0 
2 0 0 1 0 1 3 3 5 1 0 0 
0 1 0 0 1 0 0 9 9 1 0 0 
2 0 0 0 0 0 2 5 6 0 0 0 
1 0 0 1 0 1 2 5 9 2 0 0 
2 0 1 0 1 0 2 4 2 2 1 0 
2 0 1 1 0 1 0 9 3 2 0 1 
1 0 0 0 1 0 3 1 7 1 0 1 
1 0 0 1 1 0 3 8 9 1 1 0 
0 0 1 0 0 0 2 7 5 1 0 0 
1 0 1 1 1 0 0 2 0 0 0 0 
0 1 0 0 0 0 3 4 2 0 0 0 
2 0 1 0 0 1 2 2 4 1 0 1 
0 1 1 0 1 1 3 3 0 0 0 1 
1 0 1 1 1 0 3 1 8 2 1 1 
2 0 1 0 0 0 3 1 3 2 0 1 
0 0 0 0 1 1 1 5 5 1 0 1 
2 0 0 0 0 0 3 1 4 2 0 0 
2 0 1 0 0 0 1 6 1 0 1 0 
2 1 1 1 1 0 2 6 4 2 0 0 
0 0 1 0 0 1 2 7 9 1 1 1 
2 0 0 0 0 0 1 7 8 0 0 0 
2 1 0 0 1 0 0 5 6 1 0 1 
1 1 1 0 0 1 2 9 2 0 1 0 
2 1 1 0 1 0 0 5 1 1 0 1 
0 0 0 1 0 1 0 3 6 2 0 1 
0 1 0 0 0 0 3 0 5 0 0 0 
2 0 1 0 1 0 0 1 2 1 1 0 
0 0 0 1 0 0 2 9 2 1 0 1 
1 0 0 0 1 1 2 1 6 0 0 1 
1 1 0 1 0 1 0 3 3 0 0 0 
1 0 0 0 0 0 2 8 6 0 0 0 
2 0 0 1 1 0 0 5 2 2 0 0 
1 1 1 0 0 0 2 2 2 1 0 0 
1 0 0 0 0 0 3 3 9 0 0 0 
2 0 0 0 0 0 3 8 1 0 0 0 
0 0 0 0 0 0 1 5 1 2 0 1 
0 0 0 0 0 0 2 6 7 2 0 0 
2 1 1 0 0 0 1 8 0 0 0 1 
1 1 0 0 0 0 0 9 4 0 0 1 
1 1 1 1 1 1 3 8 6 0 0 1 
0 1 0 1 0 0 1 2 5 1 1 0 
0 0 0 0 0 1 1 7 7 0 0 0 
0 0 1 0 0 1 0 6 4 2 1 0 
0 0 0 0 0 1 2 3 7 0 0 0 
1 1 0 0 1 0 3 2 1 0 1 0 
2 0 1 1 1 1 0 8 7 2 0 1 
1 0 0 0 0 0 0 2 1 2 0 1 
1 1 0 0 0 0 0 4 9 0 0 0 
0 1 0 0 1 1 1 6 0 1 1 1 
0 0 0 0 1 1 1 8 7 1 0 1 
0 0 1 0 0 1 3 7 3 2 0 1 
2 0 0 0 0 1 0 2 3 1 0 0 
1 0 0 1 1 0 2 6 3 1 1 1 
2 1 1 0 0 0 3 8 5 1 0 0 
1 0 1 0 0 1 3 7 0 2 1 0 
0 0 0 0 0 0 1 0 6 2 1 1 
1 0 1 1 1 0 0 4 4 0 0 1 
0 1 1 0 0 1 1 1 4 2 1 1 
2 0 0 1 0 0 2 8 5 1 0 0 
1 0 0 1 0 0 0 6 2 1 0 0 
0 0 0 0 1 1 0 3 7 0 0 0 
0 1 0 0 0 1 3 7 2 1 0 0 
1 1 0 0 1 0 3 2 3 2 0 1 
1 0 1 0 0 0 3 4 2 1 0 1 
2 1 0 0 1 1 0 2 1 0 0 0 
1 0 1 1 0 1 3 0 9 0 1 0 
1 0 0 0 0 0 3 5 1 1 0 0 
1 0 0 0 0 0 1 8 5 1 0 0 
0 0 1 0 0 1 1 2 9 2 0 1 
2 0 1 0 0 1 3 0 7 0 0 0 
0 0 0 0 1 1 3 4 1 2 0 0 
0 1 0 1 0 1 2 0 3 0 0 1 
0 1 1 0 1 0 0 6 5 2 0 0 
0 0 1 1 1 0 1 3 6 1 1 0 
1 0 0 1 0 1 1 6 4 1 1 0 
2 0 1 0 0 1 0 9 7 2 0 1 
1 0 0 0 1 1 3 5 8 1 0 0 
1 0 0 0 0 0 1 4 9 0 0 0 
1 0 1 1 0 0 3 2 4 2 1 1 
1 0 0 1 1 1 3 5 0 1 1 0 
0 0 0 0 0 0 3 7 4 2 0 0 
0 0 1 0 1 0 1 1 6 2 1 0 
2 1 1 0 0 1 1 5 4 0 0 0 
1 0 0 0 0 0 0 9 9 0 0 0 
0 1 1 0 0 1 1 7 5 2 1 0 
1 1 0 0 0 0 0 8 2 0 0 0 
0 1 1 0 1 0 0 9 8 1 1 1 
2 1 1 0 1 0 0 4 7 0 1 0 
1 1 0 1 0 0 1 7 7 2 1 0 
2 1 1 0 0 1 1 3 2 2 1 0 
2 0 0 0 0 0 1 3 4 0 0 0 
1 1 0 1 0 0 3 7 3 1 0 1 
1 1 0 0 0 0 2 0 2 2 0 0 
1 0 0 0 0 0 0 3 7 2 0 0 
0 0 0 0 0 0 0 0 5 1 0 0 
0 0 0 0 0 0 2 7 0 0 0 0 
2 0 1 0 1 0 2 6 7 1 1 1 
0 0 1 1 1 0 3 0 2 2 1 0 
1 0 0 0 0 0 1 9 7 1 0 0 
0 0 0 0 1 1 0 7 0 0 0 0 
0 0 0 0 0 0 1 6 5 0 0 0 
0 0 1 0 0 0 0 9 0 0 1 0 
0 1 0 1 0 1 0 2 7 1 0 0 
0 0 1 1 0 1 0 0 0 1 0 0 
0 0 0 0 0 0 2 4 5 0 0 0 
2 1 1 0 0 1 3 5 4 0 1 0 
1 0 0 1 0 1 2 4 4 1 0 1 
1 0 0 0 0 0 2 9 8 0 0 0 
2 1 1 0 0 1 1 6 5 1 0 1 
0 0 0 0 0 0 3 2 7 0 0 0 
1 0 0 0 0 0 2 4 2 0 0 0 
0 0 0 1 0 0 0 9 7 1 0 0 
0 0 0 1 0 1 2 9 5 2 0 1 
0 1 1 0 0 1 0 4 4 0 0 0 
2 0 0 1 1 0 1 5 9 1 0 1 
1 0 0 0 0 0 2 1 1 0 0 1 
1 0 0 0 0 1 1 5 0 0 1 0 
0 0 0 0 0 0 3 6 3 1 0 0 
2 1 0 0 0 1 2 5 2 1 1 1 
0 0 0 0 1 1 1 7 2 0 1 0 
0 0 0 0 0 0 3 9 8 2 0 0 
0 0 0 0 0 0 0 9 4 1 0 0 
1 0 1 0 1 0 3 9 8 0 1 1 
2 0 0 0 0 0 0 8 7 1 1 0 
0 0 0 1 0 0 3 3 1 0 0 0 
0 0 0 0 0 0 3 8 6 2 1 0 
0 0 0 0 0 0 3 0 8 2 0 0 
0 1 1 0 0 1 2 9 0 2 0 1 
2 1 1 0 0 0 1 9 9 0 1 0 
0 0 0 0 0 0 3 2 9 2 0 0 
0 0 0 0 1 0 1 9 6 0 0 1 
2 0 0 0 0 1 0 6 6 2 0 0 
0 0 1 0 0 0 1 7 1 1 1 1 
0 1 0 0 1 0 1 5 2 2 1 1 
0 0 1 0 0 0 0 3 5 2 0 0 
1 0 1 1 1 1 1 8 1 2 1 1 
1 0 0 0 1 0 1 3 8 2 1 1 
1 0 0 1 1 0 3 2 7 2 1 1 
2 1 0 1 1 1 2 8 6 2 1 0 
2 0 0 0 0 0 2 7 4 1 0 0 
2 0 1 0 0 0 0 2 8 2 0 1 
0 1 0 1 0 0 1 8 9 0 1 1 
1 0 0 1 0 0 1 5 2 1 0 1 
0 0 0 0 0 0 1 7 6 1 0 0 
1 0 0 0 1 0 1 8 1 0 0 0 
1 1 1 1 0 1 2 3 1 0 0 0 
0 0 0 0 1 0 3 4 9 1 0 0 
2 1 0 0 1 1 3 3 3 1 1 0 
2 1 1 0 0 1 1 5 4 0 1 0 
2 1 1 0 0 1 1 5 4 0 1 1 
2 0 0 0 0 1 0 1 9 0 1 1 
0 0 1 1 1 0 3 0 3 1 0 1 
0 0 0 1 1 0 2 0 2 1 1 0 
0 0 0 0 0 0 0 1 6 2 0 0 
2 0 0 0 1 0 2 5 0 1 0 1 
0 0 0 0 0 0 3 0 6 0 0 0 
2 1 1 0 0 1 0 4 0 2 0 1 
1 0 1 1 1 0 1 1 3 1 0 1 
0 0 0 1 0 1 2 1 5 1 0 0 
2 1 1 1 0 0 3 0 0 1 0 0 
1 0 1 0 1 0 3 6 5 1 0 0 
0 0 1 0 0 0 3 5 0 0 0 0 
2 1 0 0 0 1 2 4 0 2 1 0 
1 0 0 0 0 0 0 7 4 2 0 0 
0 1 0 1 0 0 1 9 2 2 0 1 
1 0 0 0 1 1 2 5 7 0 1 1 
2 1 0 1 1 0 2 1 3 2 0 0 
1 1 1 0 0 1 2 7 7 2 0 1 
2 0 1 1 0 0 1 2 6 1 1 1 
0 1 0 1 0 0 0 6 4 0 0 1 
1 0 1 0 0 0 3 2 2 0 0 1 
1 0 0 0 0 0 2 4 5 1 0 1 
2 0 1 1 1 0 1 7 0 1 0 0 
1 1 1 1 1 1 3 9 1 0 1 0 
0 1 1 1 1 1 2 8 1 0 1 0 
0 0 0 1 0 0 1 3 8 1 0 0 
2 1 0 0 1 0 1 6 3 0 0 0 
1 1 0 1 1 1 2 4 5 1 1 0 
0 0 0 0 1 0 3 6 1 1 1 0 
0 1 1 0 1 0 0 3 3 1 0 1 
1 0 0 0 1 0 1 8 6 2 0 0 
0 1 0 0 0 0 0 8 4 1 0 1 
1 1 0 0 1 0 0 5 3 0 0 0 
1 0 0 1 0 0 0 8 7 0 0 0 
0 0 0 0 0 0 3 3 0 1 0 0 
0 0 0 0 0 0 2 5 0 0 0 0 
2 0 0 1 1 1 0 2 6 0 0 1 
2 0 0 0 1 0 0 7 7 2 0 0 
0 0 0 0 0 0 2 0 4 1 0 0 
2 0 0 1 1 1 1 9 9 1 1 1 
1 0 0 1 1 1 2 8 4 1 1 1 
2 0 0 1 0 0 2 8 9 1 0 1 
0 1 1 1 1 0 0 1 3 0 1 1 
2 1 0 0 1 1 0 1 7 0 0 0 
2 0 1 1 1 0 3 0 5 0 1 1 
0 1 1 0 0 0 3 1 1 1 1 1 
0 0 0 0 1 1 1 5 0 2 0 0 
2 0 0 0 1 0 3 1 7 2 0 0 
2 0 0 0 0 0 0 3 4 2 0 0 
1 0 0 1 1 0 0 1 6 1 1 0 
0 1 1 0 0 1 0 9 6 0 1 0 
0 0 0 0 1 0 3 0 4 2 0 0 
2 0 0 0 0 1 1 4 2 0 0 0 
0 0 0 0 0 0 0 4 5 2 0 0 
2 0 0 0 0 0 1 3 7 0 0 0 
1 0 1 0 1 0 1 8 2 1 1 0 
2 0 0 0 0 0 2 9 8 1 1 0 
1 0 1 1 1 0 1 4 0 2 1 0 
2 0 0 1 0 0 0 0 3 0 1 0 
2 0 0 0 0 0 2 0 3 0 0 0 
0 0 0 0 0 0 3 9 0 2 0 0 
2 0 0 0 0 0 2 8 7 0 0 0 
1 1 1 1 0 0 3 8 8 0 0 0 
2 0 0 0 0 0 1 0 1 1 0 0 
0 0 0 0 0 0 0 1 8 0 0 0 
0 1 0 1 0 1 0 4 7 1 1 1 
1 0 0 0 0 0 3 0 0 0 0 0 
0 0 1 1 1 1 3 2 3 1 0 0 
2 0 0 1 0 0 0 9 4 2 1 0 
2 0 0 0 0 0 3 1 1 2 0 0 
1 0 1 0 1 0 1 6 9 1 0 0 
0 0 0 0 0 0 0 5 7 2 1 0 
0 0 0 0 0 1 2 9 8 0 0 0 
0 0 1 0 0 0 1 7 9 0 0 0 
0 0 0 0 0 0 0 0 8 2 0 0 
1 0 0 0 0 0 0 5 0 2 0 0 
0 0 0 1 1 0 3 4 4 1 0 0 
1 0 0 0 0 0 0 6 0 0 0 0 
0 1 1 0 0 0 2 5 1 0 0 1 
0 0 1 1 0 0 0 6 5 0 0 1 
1 0 1 0 0 0 2 5 5 2 1 1 
2 0 0 0 0 0 3 0 8 0 0 0 
0 0 0 0 0 0 3 2 1 2 0 0 
2 0 1 1 0 0 0 6 1 2 0 1 
1 0 1 0 1 1 2 3 5 1 0 0 
1 0 0 0 0 0 3 8 4 0 0 0 
0 0 0 0 0 0 3 7 7 2 0 1 
1 0 0 1 1 0 3 8 5 1 1 1 
2 0 0 1 1 0 1 6 2 2 0 1 
1 1 1 1 1 1 2 6 5 0 1 1 
0 1 0 1 0 1 1 8 6 0 0 0 
2 1 1 0 1 1 3 3 8 2 0 0 
2 0 0 0 1 0 3 4 0 0 1 1 
1 0 0 0 1 1 0 2 9 1 0 0 
1 0 0 0 0 0 0 0 3 0 0 0 
2 1 0 1 0 1 0 2 5 0 0 0 
2 1 0 0 1 0 3 3 6 1 0 1 
1 0 0 0 0 0 0 2 6 1 0 0 
1 0 0 0 0 0 2 6 9 1 0 0 
0 1 0 0 0 0 3 5 6 1 0 0 
0 1 0 0 0 0 0 5 7 0 1 0 
1 1 0 0 0 0 2 0 7 1 1 0 
0 1 1 1 1 0 2 4 0 1 0 0 
2 0 0 0 1 1 2 6 8 2 1 0 
1 0 0 0 1 0 2 9 2 2 0 0 
2 1 1 0 0 1 2 6 3 1 0 0 
1 0 0 0 0 1 1 8 9 0 0 0 
1 0 0 0 0 0 2 9 4 1 0 0 
1 0 0 0 0 0 3 5 6 0 0 0 
2 1 0 1 1 1 2 4 9 2 1 0 
2 1 0 0 1 0 2 5 8 2 1 0 
2 0 1 0 0 0 1 4 8 0 0 1 
0 0 0 0 0 0 1 8 4 1 0 0 
1 0 0 0 1 1 3 6 3 0 1 1 
2 0 0 1 1 0 2 9 0 0 0 0 
0 0 0 0 0 0 1 1 5 1 0 1 
2 0 0 0 1 0 0 2 2 1 0 1 
0 1 1 0 0 0 0 1 5 0 0 0 
0 0 1 0 0 0 0 4 9 0 0 1 
2 0 0 0 0 0 2 5 9 0 0 0 
2 0 1 0 1 0 2 9 6 1 0 0 
1 0 0 0 1 0 3 5 4 1 1 1 
1 1 0 1 1 0 2 3 7 1 0 1 
2 0 0 1 0 1 3 7 8 2 0 0 
2 1 0 0 0 0 2 6 1 1 0 0 
0 0 0 0 0 0 0 3 4 1 0 0 
0 0 1 0 0 0 1 8 7 0 1 0 
0 0 1 0 0 0 1 1 1 0 0 0 
0 0 0 0 0 0 2 5 3 1 1 0 
1 0 0 0 0 0 1 3 2 1 1 1 
0 0 0 0 0 0 3 5 7 2 0 0 
1 0 0 0 0 1 0 9 8 2 0 1 
2 1 1 0 0 0 3 0 4 1 1 0 
2 1 1 0 0 1 3 2 7 2 0 0 
0 1 0 1 1 1 2 1 7 0 1 1 
0 0 0 1 0 0 0 8 1 2 0 0 
1 0 0 1 0 1 1 1 1 1 1 1 
2 0 0 1 0 1 0 8 4 0 1 0 
0 0 0 0 0 0 2 6 5 1 0 0 
0 0 0 0 1 0 2 3 8 2 1 0 
0 0 1 0 0 0 0 3 7 0 0 1 
2 0 0 0 0 0 0 1 4 2 0 0 
2 1 1 1 0 0 3 8 3 2 1 0 
1 0 1 1 1 0 2 7 0 2 1 0 
0 1 0 0 1 0 0 9 6 0 0 0 
1 0 0 1 1 1 0 1 9 2 0 0 
2 0 0 1 0 0 1 8 8 1 0 1 
2 1 1 0 0 1 1 4 9 1 1 0 
1 0 0 0 0 0 1 0 0 1 0 0 
1 0 0 0 0 1 0 9 6 0 0 0 
1 1 0 0 0 0 1 4 6 1 1 0 
2 0 0 0 1 0 0 0 1 2 1 0 
1 0 0 0 0 0 2 4 9 1 0 1 
2 1 1 1 0 0 1 0 8 1 0 1 
2 0 1 0 1 1 0 0 8 1 1 0 
2 1 0 0 0 0 1 1 0 2 1 1 
1 0 0 1 0 1 2 7 4 0 0 0 
1 1 1 0 0 0 2 2 3 0 0 0 
0 0 0 0 0 0 2 3 0 0 0 0 
2 0 0 0 0 0 3 6 1 0 0 0 
1 0 0 1 0 1 3 0 1 2 0 1 
0 0 0 1 0 0 3 7 0 1 0 0 
2 0 0 0 0 0 1 9 8 0 0 0 
2 0 1 0 0 0 0 3 3 2 1 0 
0 0 0 0 0 0 0 7 5 0 1 1 
2 0 0 0 1 1 1 1 8 2 0 0 
1 1 1 0 0 0 2 9 1 1 0 0 
0 0 0 0 0 0 1 8 3 2 0 0 
2 0 0 0 1 0 1 2 8 0 1 0 
0 0 0 1 0 0 3 1 4 0 1 1 
0 0 0 0 0 1 2 9 7 1 0 1 
0 0 0 0 1 0 3 0 9 0 0 1 
1 0 0 1 0 1 1 0 2 2 1 1 
2 1 0 0 1 1 2 1 1 1 1 0 
2 1 1 1 1 1 3 1 4 1 0 1 
1 0 0 0 0 0 2 6 1 2 0 1 
1 0 0 0 0 0 0 3 0 2 0 0 
1 0 1 0 0 0 1 1 8 1 0 1 
0 1 0 1 0 0 2 5 5 0 0 0 
1 1 1 1 1 0 1 9 8 2 0 0 
0 0 0 0 0 1 1 0 3 1 0 0 
1 1 0 0 1 0 3 3 1 2 0 0 
0 0 0 1 0 0 0 2 2 0 1 1 
0 1 0 0 1 0 2 6 2 1 1 0 
1 0 0 1 1 0 2 7 2 1 1 0 
1 1 1 0 0 0 0 9 3 0 0 0 
0 1 0 0 0 0 3 6 9 0 0 0 
1 1 1 1 1 0 1 0 7 0 0 1 
2 0 0 0 1 0 3 7 1 1 1 0 
1 0 0 0 0 0 0 4 0 0 0 0 
0 0 0 0 0 0 3 6 7 0 1 0 
0 0 0 0 0 0 2 7 4 0 0 1 
0 0 0 1 1 0 3 8 0 2 1 1 
2 1 0 0 1 0 1 0 6 0 1 0 
2 1 1 0 0 0 0 6 8 1 0 0 
0 0 0 0 0 0 3 9 1 1 0 1 
0 0 0 0 1 0 0 2 9 0 0 0 
1 1 1 0 0 0 1 5 3 1 0 1 
0 1 0 1 1 1 0 1 0 1 0 0 
0 0 0 0 1 0 0 7 4 0 0 0 
0 0 0 0 0 0 2 4 1 1 1 0 
1 0 1 0 0 0 0 2 5 1 0 1 
0 1 1 0 1 0 2 6 9 0 0 1 
0 0 0 0 0 1 3 1 1 0 1 0 
1 0 1 1 0 0 1 0 9 1 0 1 
0 0 0 1 0 1 2 0 8 0 1 0 
MFS
precise
0.0
recall
0.0
F-measure
0.0
multi
0
time
all 47363 iden 239 gen 37530
t-cover
64696
all-cover
64696
(1 : 7715)  (513 : 2)  (2 : 7106)  (3 : 6997)  (4 : 4889)  (5 : 3252)  (6 : 3275)  (7 : 3470)  (8 : 3711)  (9 : 3091)  (10 : 2351)  (11 : 1695)  (12 : 1360)  (13 : 1020)  (14 : 831)  (15 : 740)  (16 : 690)  (17 : 707)  (18 : 753)  (19 : 795)  (20 : 803)  (21 : 752)  (22 : 613)  (23 : 548)  (24 : 523)  (25 : 382)  (26 : 332)  (27 : 296)  (28 : 251)  (29 : 250)  (30 : 194)  (31 : 239)  (32 : 203)  (33 : 209)  (34 : 202)  (35 : 188)  (36 : 172)  (37 : 165)  (38 : 146)  (39 : 132)  (40 : 126)  (41 : 101)  (42 : 84)  (43 : 81)  (44 : 88)  (45 : 83)  (46 : 73)  (47 : 64)  (48 : 70)  (49 : 60)  (50 : 70)  (51 : 90)  (52 : 74)  (53 : 78)  (54 : 89)  (55 : 88)  (56 : 110)  (57 : 110)  (58 : 132)  (59 : 104)  (60 : 125)  (61 : 102)  (62 : 115)  (63 : 88)  (64 : 102)  (65 : 85)  (66 : 75)  (67 : 61)  (68 : 58)  (69 : 49)  (70 : 38)  (71 : 37)  (72 : 32)  (73 : 27)  (74 : 33)  (75 : 26)  (76 : 22)  (77 : 21)  (78 : 11)  (79 : 28)  (80 : 10)  (81 : 11)  (82 : 14)  (83 : 11)  (84 : 7)  (85 : 6)  (86 : 2)  (87 : 1)  (88 : 4)  (89 : 3)  (91 : 9)  (93 : 5)  (94 : 7)  (95 : 1)  (96 : 5)  (97 : 7)  (98 : 8)  (99 : 4)  (100 : 8)  (101 : 11)  (102 : 10)  (103 : 7)  (104 : 13)  (105 : 11)  (106 : 9)  (107 : 19)  (108 : 11)  (109 : 11)  (110 : 14)  (111 : 11)  (112 : 11)  (113 : 13)  (114 : 9)  (115 : 5)  (116 : 8)  (117 : 6)  (118 : 5)  (119 : 8)  (120 : 9)  (121 : 3)  (122 : 3)  (123 : 3)  (124 : 2)  (125 : 1)  (126 : 1)  (127 : 2)  (128 : 5)  (129 : 3)  (131 : 3)  (132 : 2)  (134 : 2)  (135 : 2)  (136 : 3)  (137 : 1)  (138 : 3)  (139 : 5)  (140 : 6)  (141 : 5)  (142 : 3)  (143 : 7)  (144 : 11)  (145 : 3)  (146 : 12)  (147 : 1)  (148 : 5)  (149 : 3)  (150 : 8)  (151 : 3)  (152 : 5)  (153 : 4)  (154 : 7)  (155 : 5)  (156 : 4)  (157 : 7)  (158 : 3)  (159 : 7)  (160 : 3)  (161 : 3)  (162 : 3)  (164 : 7)  (165 : 3)  (166 : 1)  (167 : 6)  (168 : 11)  (169 : 5)  (170 : 9)  (171 : 7)  (172 : 7)  (173 : 4)  (174 : 4)  (175 : 5)  (176 : 10)  (177 : 3)  (178 : 3)  (179 : 9)  (180 : 8)  (181 : 2)  (182 : 5)  (183 : 3)  (184 : 5)  (185 : 5)  (186 : 5)  (187 : 1)  (188 : 2)  (189 : 4)  (190 : 3)  (191 : 4)  (192 : 2)  (194 : 2)  (196 : 1)  (197 : 1)  (247 : 1)  (251 : 1)  (252 : 1)  (253 : 2)  (254 : 3)  (255 : 4)  (256 : 4)  (257 : 1)  (258 : 3)  (259 : 5)  (260 : 4)  (261 : 1)  (262 : 3)  (263 : 5)  (264 : 5)  (265 : 6)  (266 : 5)  (267 : 6)  (268 : 2)  (269 : 2)  (271 : 2)  (272 : 2)  (274 : 2)  (482 : 1)  (489 : 1)  (491 : 2)  (492 : 2)  (493 : 3)  (495 : 1)  (496 : 2)  (497 : 1)  (498 : 2)  (499 : 3)  (500 : 2)  (501 : 3)  (502 : 2)  (503 : 1)  (504 : 3)  (507 : 1)  (508 : 2)  (509 : 1)  
