testCase Num: 113
regaular Num: 113
identify Num: 0
0 0 0 0 0 0 0 3 4 0 0 0 
0 0 0 0 0 0 0 6 3 0 0 0 
2 0 0 0 0 0 0 7 7 1 0 0 
0 0 0 0 0 0 0 5 7 0 0 0 
1 0 0 1 1 1 0 6 6 0 1 1 
0 0 0 0 0 0 0 0 5 0 0 0 
2 1 0 0 0 1 2 3 3 0 0 1 
0 0 0 0 0 0 0 2 8 0 0 0 
0 0 0 0 0 0 0 4 0 0 0 0 
0 0 0 1 1 1 2 5 5 1 1 0 
0 0 0 0 0 0 0 9 2 0 0 0 
0 1 1 0 1 0 1 9 9 1 0 1 
0 0 0 0 0 0 0 5 4 0 0 0 
1 0 0 0 0 0 3 0 2 1 0 0 
0 0 0 0 0 0 0 8 9 0 0 0 
0 0 0 0 0 0 0 1 4 0 0 0 
1 0 0 0 0 0 1 3 0 1 0 0 
0 0 0 0 0 0 0 8 1 0 0 0 
0 0 0 0 0 0 0 4 3 0 0 0 
0 0 1 1 1 0 0 3 3 2 1 0 
0 0 0 0 0 0 0 0 8 0 0 0 
0 0 0 0 0 0 0 2 5 0 0 0 
0 0 0 0 0 0 0 4 6 0 0 0 
0 0 0 0 0 0 0 9 5 0 0 0 
0 1 0 1 0 1 0 2 2 0 0 1 
0 0 0 0 0 0 0 1 9 0 0 0 
0 0 0 0 0 0 0 6 1 0 0 0 
0 0 0 0 0 0 0 3 6 0 0 0 
0 0 0 0 0 0 0 7 8 0 0 0 
0 0 0 0 0 0 0 8 0 0 0 0 
0 0 0 0 0 0 0 0 7 0 0 0 
0 0 0 0 0 0 1 0 6 0 0 0 
0 0 0 0 0 0 0 7 5 0 0 0 
0 0 0 0 0 0 0 4 9 0 0 0 
0 0 0 0 0 0 2 1 1 0 0 0 
0 0 0 0 0 0 0 9 4 0 0 0 
0 0 0 0 0 0 0 1 6 0 0 0 
1 1 1 0 0 0 0 5 5 0 0 1 
0 0 0 0 0 0 0 5 2 0 0 0 
1 0 0 1 0 0 3 4 4 2 0 1 
0 0 0 0 0 0 3 5 8 0 0 0 
1 1 1 1 1 1 2 0 0 2 1 1 
0 0 0 0 0 0 0 8 3 0 0 0 
1 0 1 0 1 0 3 7 7 0 0 0 
0 0 0 0 0 0 0 4 1 0 0 0 
0 0 0 0 0 0 0 2 7 0 0 0 
0 0 0 0 0 0 0 7 2 0 0 0 
0 0 0 0 0 0 2 4 2 0 0 0 
0 0 0 0 0 0 0 6 9 0 0 0 
2 1 1 0 1 1 0 4 4 1 1 0 
2 0 0 0 0 0 3 1 0 0 0 0 
0 0 0 0 0 0 1 6 0 0 0 0 
0 0 0 0 0 0 0 1 3 0 0 0 
0 0 0 0 0 0 0 0 9 0 0 0 
0 0 0 0 0 0 0 3 8 0 0 0 
0 0 0 0 0 0 0 8 2 0 0 0 
2 0 0 0 0 0 2 6 8 2 0 0 
2 0 1 0 1 0 1 2 2 2 1 0 
0 0 0 0 0 0 0 0 1 0 0 0 
0 0 0 0 0 0 0 2 1 0 0 0 
0 0 0 0 0 0 0 4 7 0 0 0 
0 0 0 0 0 0 0 9 6 0 0 0 
2 0 0 0 0 0 1 0 3 0 0 0 
0 0 0 0 0 0 0 7 3 0 0 0 
0 0 0 0 0 0 0 2 4 0 0 0 
0 0 0 0 0 0 0 1 8 0 0 0 
0 0 0 0 0 0 0 5 0 0 0 0 
0 1 0 1 0 1 1 7 7 2 1 1 
0 0 0 0 0 0 0 3 5 0 0 0 
1 0 0 0 0 0 3 2 3 1 0 0 
0 0 0 0 0 0 3 8 5 0 0 0 
0 0 0 0 0 0 3 3 1 0 0 0 
0 0 0 0 0 0 0 5 6 0 0 0 
0 0 0 0 0 0 0 6 4 0 0 0 
0 0 0 0 0 0 0 0 4 0 0 0 
0 0 0 0 0 0 0 7 0 0 0 0 
0 0 0 0 0 0 0 6 7 0 0 0 
0 0 0 0 0 0 0 9 1 0 0 0 
0 0 0 0 0 0 0 5 3 0 0 0 
0 0 0 0 0 0 0 3 2 0 0 0 
0 0 0 0 0 0 0 5 9 0 0 0 
0 0 0 0 0 0 0 8 4 0 0 0 
2 0 0 0 0 0 1 1 5 2 0 0 
1 0 0 0 0 0 0 9 9 2 0 0 
0 0 0 0 0 0 0 6 5 0 0 0 
0 1 1 0 0 0 3 6 6 1 0 0 
0 0 0 0 0 0 2 2 9 0 0 0 
0 0 0 0 0 0 0 2 6 0 0 0 
0 0 0 0 0 0 0 0 0 0 0 0 
2 0 0 0 0 0 2 8 6 2 0 0 
0 0 0 0 0 0 0 7 1 0 0 0 
0 0 0 0 0 0 0 4 5 0 0 0 
0 0 0 0 0 0 0 9 8 0 0 0 
0 0 0 0 0 0 0 9 0 0 0 0 
0 0 0 0 0 0 0 3 9 0 0 0 
2 0 0 1 0 1 3 9 9 0 1 0 
0 0 0 0 0 0 2 9 7 0 0 0 
0 0 0 0 0 0 2 7 4 0 0 0 
0 0 0 0 0 0 1 4 4 0 0 0 
0 0 0 0 0 0 0 1 2 0 0 0 
0 0 0 0 0 0 0 6 2 0 0 0 
0 0 0 0 0 0 0 3 7 0 0 0 
0 0 0 0 0 0 0 8 7 0 0 0 
1 0 1 1 1 0 1 8 8 0 0 0 
0 0 0 0 0 0 0 7 9 0 0 0 
1 1 1 1 1 1 0 1 1 1 1 1 
0 0 0 0 0 0 0 2 0 0 0 0 
0 0 0 0 0 0 0 4 8 0 0 0 
0 1 0 0 0 1 0 8 8 1 1 1 
2 0 0 0 0 0 1 5 1 2 0 0 
0 0 0 0 0 0 0 7 6 0 0 0 
0 0 0 0 0 0 0 9 3 0 0 0 
0 0 0 0 0 0 0 1 7 0 0 0 
MFS
precise
0.0
recall
0.0
F-measure
0.0
multi
0
time
all 164 iden 0 gen 163
t-cover
837
all-cover
837
(1 : 376)  (2 : 44)  (3 : 35)  (4 : 37)  (5 : 26)  (6 : 26)  (7 : 14)  (8 : 36)  (9 : 43)  (10 : 113)  (11 : 42)  (76 : 2)  (77 : 4)  (78 : 3)  (85 : 1)  (86 : 1)  (87 : 4)  (88 : 2)  (89 : 3)  (90 : 3)  (91 : 1)  (96 : 1)  (97 : 5)  (98 : 4)  (99 : 3)  (100 : 5)  (101 : 3)  
testCase Num: 109
regaular Num: 109
identify Num: 0
0 0 0 0 0 0 0 3 4 0 0 0 
0 0 0 0 0 0 1 9 5 0 0 0 
0 0 0 0 0 0 0 6 3 0 0 0 
0 0 0 0 0 0 0 5 7 0 0 0 
0 0 0 0 0 0 0 8 6 0 0 0 
1 1 0 0 0 0 2 7 7 1 0 0 
0 0 0 0 0 0 0 0 5 0 0 0 
0 0 0 0 0 0 0 2 8 0 0 0 
0 0 1 1 1 1 0 7 7 0 1 1 
0 0 0 0 0 0 0 9 2 0 0 0 
0 0 0 0 0 0 0 5 4 0 0 0 
0 0 0 0 0 0 0 8 9 0 0 0 
0 0 0 0 0 0 0 3 1 0 0 0 
0 0 0 0 0 0 0 6 0 0 0 0 
2 0 0 0 0 0 3 7 8 2 0 0 
0 0 0 0 0 0 0 8 1 0 0 0 
1 0 0 0 0 0 0 9 4 1 0 0 
0 0 0 0 0 0 0 4 3 0 0 0 
0 0 0 0 0 0 0 0 8 0 0 0 
0 0 0 0 0 0 0 2 5 0 0 0 
0 0 0 0 0 0 0 4 6 0 0 0 
0 0 0 0 0 0 0 7 4 0 0 0 
0 1 0 0 0 1 0 2 2 1 0 1 
0 1 0 0 1 0 3 3 3 1 0 1 
0 1 1 1 1 0 3 4 4 0 1 0 
0 0 0 0 0 0 0 6 1 0 0 0 
0 0 0 0 0 0 0 3 6 0 0 0 
1 0 0 0 0 0 2 4 0 1 0 0 
0 0 0 0 0 0 0 8 0 0 0 0 
0 0 0 0 0 0 0 0 7 0 0 0 
1 0 0 0 0 0 1 6 2 0 0 0 
0 0 0 0 0 0 0 7 5 0 0 0 
0 0 0 0 0 0 0 4 9 0 0 0 
2 0 0 0 1 0 0 1 1 0 0 0 
0 0 0 0 0 0 0 1 6 0 0 0 
0 0 0 0 0 0 0 5 2 0 0 0 
1 0 1 1 0 1 0 3 3 0 1 0 
0 0 0 0 0 0 0 1 0 0 0 0 
0 0 0 1 1 0 1 8 8 0 0 0 
0 0 0 0 0 0 0 5 8 0 0 0 
0 0 0 0 0 0 0 4 1 0 0 0 
0 0 0 0 0 0 0 0 2 0 0 0 
1 1 1 0 0 1 0 8 8 1 1 1 
1 0 0 0 0 0 1 2 6 0 0 0 
0 0 0 0 0 0 2 1 4 0 0 0 
0 0 0 0 0 0 0 7 2 0 0 0 
0 0 0 0 0 0 0 9 7 0 0 0 
2 0 0 0 0 0 0 6 6 0 0 0 
0 0 0 0 0 0 3 5 1 2 0 0 
2 0 1 1 1 0 2 2 2 2 1 0 
0 0 0 0 0 0 3 2 7 0 0 0 
0 0 0 0 0 0 0 6 9 0 0 0 
0 0 0 0 0 0 0 3 0 0 0 0 
1 1 1 1 0 1 1 1 1 1 1 1 
0 0 0 0 0 0 0 1 3 0 0 0 
0 0 0 0 0 0 0 2 1 0 0 0 
0 0 0 0 0 0 0 4 7 0 0 0 
0 0 0 0 0 0 0 9 6 0 0 0 
0 0 0 0 0 0 0 2 4 0 0 0 
0 0 0 0 0 0 0 7 3 0 0 0 
1 1 1 1 1 1 0 0 9 2 1 1 
0 0 0 0 0 0 0 1 8 0 0 0 
0 0 0 0 0 0 0 5 0 0 0 0 
0 0 0 0 0 0 2 9 9 0 0 0 
0 0 0 0 0 0 0 3 5 0 0 0 
1 0 0 0 0 0 3 6 6 1 1 0 
0 0 0 0 0 0 0 5 6 0 0 0 
0 0 0 0 0 0 2 0 1 0 0 0 
0 0 0 0 0 0 0 8 5 0 0 0 
0 0 0 0 0 0 0 2 9 0 0 0 
0 0 0 0 0 0 0 6 4 0 0 0 
2 0 0 0 0 1 1 4 4 2 0 1 
0 0 0 0 0 0 0 0 4 0 0 0 
2 0 0 0 0 0 2 8 3 2 0 0 
0 0 0 0 0 0 0 6 7 0 0 0 
0 0 0 0 0 0 3 1 9 0 0 0 
0 0 0 0 0 0 0 9 1 0 0 0 
0 0 0 0 0 0 3 1 5 2 0 0 
0 0 0 0 0 0 0 5 3 0 0 0 
0 0 0 0 0 0 0 3 2 0 0 0 
0 0 0 0 0 0 0 8 4 0 0 0 
2 0 0 1 0 0 0 5 5 1 1 1 
0 0 0 0 0 0 3 8 2 0 0 0 
0 0 0 0 0 0 0 4 2 0 0 0 
0 0 0 0 0 0 0 6 5 0 0 0 
2 1 1 1 1 1 3 9 0 2 1 1 
0 1 1 1 1 1 2 6 6 2 0 1 
2 0 0 0 0 0 1 5 9 1 0 0 
0 0 0 0 0 0 1 7 0 0 0 0 
2 0 0 0 0 0 1 0 3 1 0 0 
0 0 0 0 0 0 2 3 8 0 0 0 
0 0 0 0 0 0 0 0 0 0 0 0 
0 0 0 0 0 0 0 7 1 0 0 0 
0 0 0 0 0 0 0 4 5 0 0 0 
0 0 0 0 0 0 0 9 8 0 0 0 
1 1 1 0 1 1 2 5 5 0 0 0 
0 0 0 0 0 0 0 6 8 0 0 0 
0 0 0 0 0 0 0 3 9 0 0 0 
0 0 0 0 0 0 0 1 2 0 0 0 
0 0 0 0 0 0 0 8 7 0 0 0 
0 0 0 0 0 0 3 0 6 0 0 0 
0 0 0 0 0 0 0 7 9 0 0 0 
2 0 0 0 0 0 1 3 7 2 0 0 
0 0 0 0 0 0 0 2 0 0 0 0 
0 0 0 0 0 0 0 2 3 0 0 0 
0 0 0 0 0 0 0 4 8 0 0 0 
0 0 0 0 0 0 0 7 6 0 0 0 
0 0 0 0 0 0 0 9 3 0 0 0 
0 0 0 0 0 0 0 1 7 0 0 0 
MFS
precise
0.0
recall
0.0
F-measure
0.0
multi
0
time
all 181 iden 0 gen 180
t-cover
837
all-cover
837
(1 : 377)  (2 : 47)  (3 : 40)  (4 : 30)  (5 : 30)  (6 : 19)  (71 : 1)  (7 : 16)  (8 : 47)  (9 : 69)  (73 : 4)  (10 : 103)  (74 : 2)  (75 : 2)  (11 : 14)  (82 : 2)  (83 : 4)  (84 : 4)  (85 : 3)  (86 : 1)  (87 : 1)  (94 : 5)  (95 : 6)  (96 : 5)  (97 : 5)  
