testCase Num: 76
regaular Num: 48
identify Num: 28
2 0 1 0 0 0 1 0 1 0 1 1 2 2 
2 0 0 1 1 1 1 0 1 0 0 1 3 0 
1 1 0 0 1 1 0 0 0 0 1 1 0 0 
0 1 0 1 1 1 1 1 1 0 0 0 2 1 
1 0 1 1 1 1 0 1 0 1 1 1 1 1 
1 0 1 1 1 1 1 1 0 1 1 1 2 1 
2 0 0 0 1 0 0 1 0 1 1 1 2 0 
1 0 1 1 1 1 1 1 0 1 1 1 1 1 
2 1 1 0 0 0 0 1 0 0 0 0 0 0 
1 0 1 1 1 1 1 1 0 1 1 1 1 2 
2 0 1 0 1 1 1 0 1 0 1 1 2 2 
1 1 1 1 1 1 1 1 0 1 1 1 1 1 
2 0 0 0 0 1 1 0 1 0 1 1 2 2 
1 0 1 0 1 1 1 1 0 1 1 1 1 1 
2 1 1 0 0 0 0 0 0 0 1 1 2 1 
0 0 0 0 0 1 0 0 0 1 0 0 3 0 
1 0 1 1 1 1 1 0 0 1 1 1 1 1 
1 0 0 0 1 1 1 1 0 0 0 0 3 2 
2 0 1 1 0 1 1 0 1 0 1 1 2 2 
2 0 1 0 0 1 1 1 1 0 1 1 2 2 
1 0 1 1 0 1 1 1 0 1 1 1 1 1 
1 0 0 1 0 0 0 0 0 0 1 0 3 0 
0 0 0 0 0 0 0 0 0 1 0 0 1 1 
2 1 1 1 1 1 0 1 1 0 1 0 1 0 
1 0 0 0 0 0 0 0 0 0 0 0 3 1 
0 1 1 0 1 0 1 1 1 0 1 1 0 1 
0 0 0 1 1 1 1 0 1 1 0 1 0 0 
1 0 1 1 1 1 1 1 0 1 1 0 1 1 
0 1 1 1 0 1 0 1 0 1 0 1 2 2 
1 0 1 1 1 1 1 1 0 1 0 1 1 1 
1 0 1 1 1 0 1 1 0 1 1 1 1 1 
2 0 1 0 0 1 1 0 1 1 1 1 2 2 
1 0 0 1 0 1 0 1 1 0 1 0 0 2 
2 0 1 0 0 1 1 0 1 0 1 1 2 0 
0 0 1 0 0 1 1 0 1 0 1 1 2 2 
2 0 1 0 0 1 1 0 1 0 1 1 2 2 
2 0 0 1 0 1 1 0 1 1 0 0 2 0 
0 1 1 1 1 0 1 0 0 0 0 1 1 2 
2 1 1 0 0 1 1 0 1 0 1 1 2 2 
1 1 1 1 1 0 1 0 0 0 1 0 2 0 
2 0 1 0 0 1 0 0 1 0 1 1 2 2 
0 0 0 0 1 0 0 1 1 0 0 1 3 1 
2 1 1 0 1 1 0 0 0 1 0 0 0 1 
2 0 0 0 0 0 0 1 0 0 0 0 3 0 
0 0 0 0 0 0 0 0 0 0 0 0 2 0 
1 1 1 0 0 0 0 1 1 1 0 1 3 0 
2 0 0 1 0 0 1 1 1 0 0 0 1 1 
1 1 1 0 0 0 0 0 1 1 1 0 1 2 
0 0 0 0 0 0 0 0 1 0 0 1 1 0 
0 1 0 1 1 0 0 1 1 1 1 0 3 2 
2 0 0 1 1 0 0 1 0 1 1 1 0 2 
2 0 1 0 0 1 1 0 0 0 1 1 2 2 
2 1 1 0 0 0 0 0 0 0 0 1 3 2 
1 0 1 1 1 1 1 1 1 1 1 1 1 1 
1 0 0 1 0 0 0 0 0 0 0 0 0 1 
2 0 1 0 0 1 1 0 1 0 1 1 3 2 
2 1 0 0 0 1 0 0 0 0 0 1 1 0 
2 0 1 0 0 1 1 0 1 0 0 1 2 2 
1 0 0 0 1 1 0 1 1 0 0 1 2 2 
2 1 1 0 0 0 1 0 1 0 0 0 0 2 
1 1 1 1 0 0 1 1 0 1 0 1 0 2 
0 0 0 0 0 0 0 0 0 0 1 0 2 2 
1 0 0 0 0 0 0 0 1 1 0 0 2 1 
1 0 0 0 0 0 0 0 0 0 0 0 1 0 
0 1 1 0 1 0 1 0 0 0 0 0 3 0 
2 0 1 1 1 1 1 1 0 1 1 1 1 1 
1 0 0 0 0 0 1 0 1 0 0 0 0 0 
0 1 1 1 0 1 0 0 0 0 1 1 3 1 
2 0 0 0 1 1 0 1 0 1 0 0 1 2 
0 0 0 0 0 0 0 0 0 0 0 0 0 0 
2 0 0 0 0 0 1 0 0 1 1 0 3 1 
0 0 0 0 0 1 1 1 1 1 1 0 1 0 
0 0 0 0 0 0 0 0 0 0 0 0 0 2 
2 0 1 0 0 1 1 0 1 0 1 0 2 2 
1 0 1 1 1 1 1 1 0 0 1 1 1 1 
1 0 0 1 1 1 1 1 0 1 1 1 1 1 
MFS
[ - , 0 , 1 , - , - , - , - , - , - , - , - , - , - , - ]
precise
1.0
recall
1.0
F-measure
1.0
multi
0
time
all 1020 iden 0 gen 470
t-cover
4282
all-cover
4282
(1 : 399)  (2 : 766)  (3 : 892)  (4 : 705)  (5 : 556)  (6 : 378)  (7 : 230)  (8 : 94)  (9 : 52)  (10 : 28)  (11 : 17)  (12 : 10)  (13 : 25)  (14 : 40)  (15 : 38)  (16 : 26)  (17 : 13)  (18 : 7)  (19 : 2)  (20 : 4)  
testCase Num: 79
regaular Num: 51
identify Num: 28
1 1 0 0 1 0 0 1 1 0 1 0 2 2 
0 0 0 0 1 0 1 0 1 0 1 0 3 2 
1 0 0 0 0 0 0 0 0 1 1 1 1 2 
1 1 0 1 0 0 1 0 1 0 1 1 3 0 
1 0 1 1 1 1 1 1 1 0 0 1 1 1 
1 0 1 1 1 1 1 1 1 0 1 1 2 1 
1 1 1 1 0 1 0 1 0 1 0 0 1 0 
1 0 0 0 0 1 0 0 0 1 0 1 2 2 
2 0 0 0 0 0 0 0 0 0 0 0 0 0 
1 0 0 0 0 0 0 0 0 0 0 0 2 0 
1 0 1 1 1 1 1 0 1 0 1 1 1 1 
0 0 0 0 0 1 0 0 1 0 0 0 3 0 
2 0 1 1 0 1 0 0 1 1 1 1 2 2 
1 1 1 1 0 0 1 0 0 0 0 0 2 1 
1 0 1 0 1 1 1 1 1 0 1 1 1 1 
2 1 1 0 1 0 0 0 0 0 0 1 2 1 
2 0 1 1 0 0 0 0 1 1 1 0 2 2 
1 0 1 1 0 1 1 1 1 0 1 1 1 1 
2 1 1 1 1 0 0 0 1 0 1 0 3 1 
0 1 1 0 0 0 0 0 0 1 1 1 1 1 
0 1 1 0 1 0 1 1 1 1 1 0 0 0 
1 0 0 0 0 0 0 1 1 1 0 0 3 1 
2 0 0 1 0 0 1 1 0 0 1 1 0 2 
2 0 1 1 0 0 0 0 1 0 1 1 2 2 
0 0 0 0 0 0 0 1 0 0 1 0 3 0 
2 0 0 1 0 0 0 0 1 1 1 1 2 2 
2 1 1 1 1 0 0 0 1 1 0 1 1 0 
1 1 1 1 1 1 1 1 1 0 1 1 1 1 
2 0 1 1 1 1 1 1 1 0 1 1 1 1 
1 0 1 1 1 1 1 1 1 0 1 1 1 2 
1 1 1 1 0 0 0 1 1 0 0 0 0 2 
1 0 1 1 1 1 1 1 1 0 1 1 1 1 
2 0 1 1 1 0 0 0 1 1 1 1 2 2 
0 1 1 0 0 0 0 0 0 0 0 0 1 2 
0 0 0 1 1 1 0 0 1 1 1 0 2 1 
2 0 1 0 0 0 0 0 1 1 1 1 2 2 
2 0 0 1 0 0 0 0 0 1 0 1 3 0 
1 0 0 1 1 1 1 1 1 0 1 1 1 1 
1 1 0 0 1 0 0 0 0 0 1 0 0 1 
0 1 1 1 0 1 0 1 0 0 0 1 3 2 
2 0 0 0 1 0 0 0 0 0 0 0 3 2 
2 1 0 0 1 1 1 1 0 1 0 0 3 1 
1 1 1 0 0 0 0 0 0 1 0 0 3 2 
0 0 0 0 0 0 1 0 0 0 0 0 2 2 
2 0 0 1 0 1 0 1 1 1 1 0 0 1 
1 0 0 0 0 0 0 0 0 0 0 0 0 0 
1 1 1 0 1 1 1 0 0 1 0 1 0 2 
0 1 1 0 0 0 0 0 0 0 0 0 0 1 
0 0 0 0 0 1 1 0 1 0 0 0 1 0 
2 1 1 1 0 0 0 0 1 1 1 1 2 2 
0 1 1 0 0 1 1 1 1 0 0 1 2 1 
0 0 0 1 1 1 1 0 0 0 0 1 0 1 
1 0 0 0 1 1 0 0 0 1 1 1 3 0 
2 1 1 1 1 1 0 0 1 0 0 1 0 0 
2 0 0 0 0 1 1 0 1 0 0 0 1 2 
2 0 1 1 0 0 0 0 1 1 1 1 2 0 
2 0 1 1 0 0 1 0 1 1 1 1 2 2 
2 0 1 1 0 0 0 0 1 1 1 1 2 2 
1 0 1 1 1 1 1 1 1 1 1 1 1 1 
0 1 0 1 1 0 1 1 0 1 0 0 1 2 
0 1 1 0 0 0 1 1 0 1 0 0 3 0 
0 0 0 0 0 1 0 0 0 0 1 0 0 2 
2 0 1 1 0 0 0 0 0 1 1 1 2 2 
0 0 0 0 0 0 0 0 0 0 0 1 3 1 
2 1 1 0 0 1 1 1 0 0 1 1 2 0 
1 0 1 1 1 1 0 1 1 0 1 1 1 1 
1 0 1 1 1 1 1 1 1 0 1 0 1 1 
2 0 0 0 0 0 0 0 0 0 0 0 1 1 
2 0 1 1 0 0 0 1 1 1 1 1 2 2 
1 0 1 1 1 0 1 1 1 0 1 1 1 1 
2 0 1 1 0 0 0 0 1 1 1 1 3 2 
0 0 1 1 0 0 0 0 1 1 1 1 2 2 
2 0 1 1 0 0 0 0 1 1 0 1 2 2 
2 0 0 0 0 0 0 0 1 0 0 0 2 0 
0 0 0 0 0 0 0 0 0 0 0 0 0 0 
2 0 0 0 1 0 0 1 0 0 1 0 1 0 
0 0 0 0 0 0 0 0 0 0 0 0 0 2 
0 0 0 1 1 0 1 1 0 1 0 1 2 0 
1 0 1 1 1 1 1 1 0 0 1 1 1 1 
MFS
[ - , 0 , 1 , - , - , - , - , - , - , - , - , - , - , - ]
precise
1.0
recall
1.0
F-measure
1.0
multi
0
time
all 1020 iden 10 gen 460
t-cover
4282
all-cover
4282
(1 : 384)  (2 : 730)  (3 : 856)  (4 : 711)  (5 : 515)  (6 : 347)  (7 : 250)  (8 : 153)  (9 : 95)  (10 : 45)  (11 : 22)  (12 : 8)  (13 : 9)  (14 : 10)  (15 : 26)  (16 : 27)  (17 : 32)  (18 : 30)  (19 : 19)  (20 : 8)  (21 : 4)  (22 : 1)  
